,V,fitness,V_O,s,tau,AF3,AF3_O,AH3,AH3_O,A3N3,A3N3_O,AF5,AF5_O,AD5,AD5_O,lambda1,lambda1_O,lambda2,lambda2_O,taquiónico,taquiónico_O
0,0.30997829518486797,0.08075500745876452,0.0015493,1.600149459561681,3.485910062937601,99.15558003985043,1.01338506043586,36.119108598322654,0.32696719194081925,-92.32587135427335,-0.8125632746084135,-10.9149971573097,-0.8604110866485712,-7.571231414837044,-0.01912858174625246,0.32795340292590575,-0.001441,1.0654369865945081,0.0078843,0,1.0
1,0.05611118457558406,0.04230038898203,0.0015493,1.600149459561681,3.485910062937601,67.80947814700822,1.01338506043586,25.068710269090843,0.32696719194081925,-86.41044668025782,-0.8125632746084135,59.52480424316646,-0.8604110866485712,-7.303125818887355,-0.01912858174625246,0.3863679336097251,-0.001441,0.709388948249701,0.0078843,0,1.0
2,-0.0004298818798579296,0.04473263171555962,0.0015493,1.600149459561681,3.485910062937601,77.03143719330113,1.01338506043586,17.83571778807614,0.32696719194081925,-49.86703653735237,-0.8125632746084135,40.557677568742854,-0.8604110866485712,-26.061409890569116,-0.01912858174625246,0.41339710033402743,-0.001441,0.6315909363088045,0.0078843,0,1.0
3,0.4314427217083979,0.034896708237192056,0.0015493,1.600149459561681,3.485910062937601,-28.031301226658293,1.01338506043586,7.225307341446594,0.32696719194081925,-27.10518265350684,-0.8125632746084135,-30.809184101923734,-0.8604110866485712,40.77000483469175,-0.01912858174625246,-0.10435444483643569,-0.001441,0.10618816966695155,0.0078843,1,1.0
4,0.4451996584594947,0.02601445793168748,0.0015493,1.600149459561681,3.485910062937601,-43.30012701730616,1.01338506043586,5.1273399925534155,0.32696719194081925,-41.53788926718196,-0.8125632746084135,2.487642029061154,-0.8604110866485712,53.21116753210352,-0.01912858174625246,-0.055585373830622196,-0.001441,0.05453964339257119,0.0078843,1,1.0
5,0.42868147485439034,0.13475868941906405,0.0015493,1.600149459561681,3.485910062937601,13.279346916683409,1.01338506043586,18.828277210677573,0.32696719194081925,-99.92978049427693,-0.8125632746084135,87.1523393462223,-0.8604110866485712,37.0334028238678,-0.01912858174625246,0.4646115828944941,-0.001441,0.5331772499814967,0.0078843,0,1.0
6,0.0020875391067959326,0.055233215101829526,0.0015493,1.600149459561681,3.485910062937601,90.90165936537402,1.01338506043586,15.53346502827316,0.32696719194081925,-19.78454160380115,-0.8125632746084135,8.228935639673336,-0.8604110866485712,-43.46410401531148,-0.01912858174625246,0.41990984895648864,-0.001441,0.6278265427518529,0.0078843,0,1.0
7,0.0010887716723388952,0.03616976091918856,0.0015493,1.600149459561681,3.485910062937601,99.488952926371,1.01338506043586,25.575315974945596,0.32696719194081925,-61.62351874359243,-0.8125632746084135,16.17294562457569,-0.8604110866485712,-31.212671099624167,-0.01912858174625246,0.3625981129507121,-0.001441,0.8293979968988185,0.0078843,0,1.0
8,0.6330819796728616,0.09201967427986985,0.0015493,1.600149459561681,3.485910062937601,-67.14556690108859,1.01338506043586,-0.5997846179415199,0.32696719194081925,-37.24437378336679,-0.8125632746084135,20.398769684827098,-0.8604110866485712,68.51848577587076,-0.01912858174625246,-0.07581285349492965,-0.001441,0.07894978061333068,0.0078843,1,1.0
9,0.1272834419297178,0.002699163719521029,0.0015493,1.600149459561681,3.485910062937601,-14.406398671006082,1.01338506043586,2.4372771745521136,0.32696719194081925,-17.67281299627478,-0.8125632746084135,5.4814829331596595,-0.8604110866485712,18.018734974897633,-0.01912858174625246,-0.02915919535644977,-0.001441,0.029260658532232878,0.0078843,1,1.0
10,0.08209554281832732,0.07166594774941733,0.0015493,1.600149459561681,3.485910062937601,99.1523668999744,1.01338506043586,17.001484511362545,0.32696719194081925,-3.7153114057836625,-0.8125632746084135,-28.54598170285853,-0.8604110866485712,-49.992566786265876,-0.01912858174625246,0.40810511897026175,-0.001441,0.6439678481457733,0.0078843,0,1.0
11,0.03902032992914739,0.025431197278151352,0.0015493,1.600149459561681,3.485910062937601,-14.17864088455089,1.01338506043586,6.012021742187663,0.32696719194081925,-43.84173873989915,-0.8125632746084135,23.7524750362767,-0.8604110866485712,25.692544183376125,-0.01912858174625246,-0.10080132588436208,-0.001441,0.10463462205747628,0.0078843,1,1.0
12,0.009244573188194598,0.007369763442942768,0.0015493,1.600149459561681,3.485910062937601,-14.620433698078097,1.01338506043586,0.92679682108895,0.32696719194081925,-24.35064229648148,-0.8125632746084135,35.408529194226226,-0.8604110866485712,15.067048253336417,-0.01912858174625246,-0.020924839100451485,-0.001441,0.032805832067665144,0.0078843,1,1.0
13,0.4350832127402806,0.03563016984490014,0.0015493,1.600149459561681,3.485910062937601,-68.73759922665005,1.01338506043586,3.5612388275722764,0.32696719194081925,-71.63557521961441,-0.8125632746084135,67.32655567735212,-0.8604110866485712,73.17891040793918,-0.01912858174625246,-0.06438576988813127,-0.001441,0.06701092485035398,0.0078843,1,1.0
14,-0.0001893590335984019,0.04454065901498966,0.0015493,1.600149459561681,3.485910062937601,62.15587503799272,1.01338506043586,17.203447107542537,0.32696719194081925,-64.8221096436401,-0.8125632746084135,70.32282915755077,-0.8604110866485712,-14.723352328242507,-0.01912858174625246,0.44381603031500405,-0.001441,0.5727519886986061,0.0078843,0,1.0
15,0.24936277334130252,0.0861317413320406,0.0015493,1.600149459561681,3.485910062937601,99.13290111350808,1.01338506043586,24.704159033404313,0.32696719194081925,-34.848706058761486,-0.8125632746084135,-38.088246798715005,-0.8604110866485712,-30.58647410532912,-0.01912858174625246,0.3570330485307766,-0.001441,0.8346668393768166,0.0078843,0,1.0
16,0.00013334188013636172,0.047656744314767116,0.0015493,1.600149459561681,3.485910062937601,94.51876125894357,1.01338506043586,26.984232253173282,0.32696719194081925,-93.21959032347453,-0.8125632746084135,63.50201588460229,-0.8604110866485712,-18.45499879996695,-0.01912858174625246,0.44790788361249106,-0.001441,0.9082045662082603,0.0078843,0,1.0
17,0.5849728234200497,0.04252722793275676,0.0015493,1.600149459561681,3.485910062937601,-54.07929013500583,1.01338506043586,6.746328907364826,0.32696719194081925,-49.85797608607537,-0.8125632746084135,-3.0916478826792373,-0.8604110866485712,66.7527797647311,-0.01912858174625246,-0.07353502848250845,-0.001441,0.07343808838320279,0.0078843,1,1.0
18,0.42802354040584123,0.11659097738507959,0.0015493,1.600149459561681,3.485910062937601,99.937928163398,1.01338506043586,35.22712718110257,0.32696719194081925,-70.78868303236666,-0.8125632746084135,-44.98549260659661,-0.8604110866485712,-11.517597622844496,-0.01912858174625246,0.32922309436293107,-0.001441,1.0343503070369848,0.0078843,0,1.0
19,0.2398108321632575,0.08279237761711392,0.0015493,1.600149459561681,3.485910062937601,72.92624142570635,1.01338506043586,21.980897588774162,0.32696719194081925,-51.81111435811567,-0.8125632746084135,5.338896884104514,-0.8604110866485712,-13.760163675028219,-0.01912858174625246,0.3869201301338444,-0.001441,0.7018920363643258,0.0078843,0,1.0
20,0.6262401714016164,0.050904137167903436,0.0015493,1.600149459561681,3.485910062937601,-60.09482494991067,1.01338506043586,7.52214282117996,0.32696719194081925,-59.74994090597873,-0.8125632746084135,1.8143954715598691,-0.8604110866485712,75.39154542376042,-0.01912858174625246,-0.08635602682714429,-0.001441,0.08722639626897057,0.0078843,1,1.0
21,0.16079049352331767,0.01408454969457706,0.0015493,1.600149459561681,3.485910062937601,-13.92476827271738,1.01338506043586,4.692665867195807,0.32696719194081925,-24.82455471147295,-0.8125632746084135,-3.1847853941309765,-0.8604110866485712,22.86111423099934,-0.01912858174625246,-0.07356072143474059,-0.001441,0.07795826429631426,0.0078843,1,1.0
22,0.1472894852913244,0.008003122191500303,0.0015493,1.600149459561681,3.485910062937601,-4.35221778097907,1.01338506043586,3.5020056122859544,0.32696719194081925,-4.07807085312297,-0.8125632746084135,-23.227108227303123,-0.8604110866485712,9.550619416398872,-0.01912858174625246,-0.05643792687443911,-0.001441,0.05664889488834574,0.0078843,1,1.0
23,0.02206989028712636,0.1269542692953315,0.0015493,1.600149459561681,3.485910062937601,24.056298637626593,1.01338506043586,7.64274924826077,0.32696719194081925,-24.67736264215877,-0.8125632746084135,10.055568052666178,-0.8604110866485712,-3.07304707355142,-0.01912858174625246,0.0943764993328524,-0.001441,0.246747807912579,0.0078843,0,1.0
24,0.009423869363279547,0.12520126310963714,0.0015493,1.600149459561681,3.485910062937601,24.3597598956975,1.01338506043586,8.918253932624825,0.32696719194081925,-24.35865986699592,-0.8125632746084135,11.226148553229436,-0.8604110866485712,-5.390725583916734,-0.01912858174625246,0.10230514379063084,-0.001441,0.232991030607424,0.0078843,0,1.0
25,0.041440532406687075,0.0019521758928852393,0.0015493,1.600149459561681,3.485910062937601,-27.023685140588007,1.01338506043586,1.8218047371705897,0.32696719194081925,-44.45360446418842,-0.8125632746084135,54.68521754758472,-0.8604110866485712,30.145959008873742,-0.01912858174625246,-0.016453827719630994,-0.001441,0.01651755242713426,0.0078843,1,1.0
26,0.001502649623378538,0.05455716343758279,0.0015493,1.600149459561681,3.485910062937601,98.4644327876466,1.01338506043586,19.42400007863215,0.32696719194081925,-35.410531354924935,-0.8125632746084135,13.311457275830918,-0.8604110866485712,-41.30182149267976,-0.01912858174625246,0.43113902145501193,-0.001441,0.7277512676417863,0.0078843,0,1.0
27,0.8390455585454607,0.2292426357488,0.0015493,1.600149459561681,3.485910062937601,50.03652425874793,1.01338506043586,34.54581663959971,0.32696719194081925,-92.6351732241641,-0.8125632746084135,-35.687377745895176,-0.8604110866485712,35.14009957970221,-0.01912858174625246,0.34042919912249014,-0.001441,0.9368258832617005,0.0078843,0,1.0
28,0.3474642007293536,0.029229946470951573,0.0015493,1.600149459561681,3.485910062937601,-28.631594766154773,1.01338506043586,6.493328803023427,0.32696719194081925,-36.93857263626629,-0.8125632746084135,-10.55566414040427,-0.8604110866485712,42.13346955782627,-0.01912858174625246,-0.1010923406536371,-0.001441,0.1045879955943337,0.0078843,1,1.0
29,0.24717926772837967,0.00869810365631843,0.0015493,1.600149459561681,3.485910062937601,-41.12787977448163,1.01338506043586,3.3487149010150716,0.32696719194081925,-52.33909753099085,-0.8125632746084135,41.94570435695635,-0.8604110866485712,48.18562550118754,-0.01912858174625246,-0.025515482435344898,-0.001441,0.02541942787825186,0.0078843,1,1.0
30,0.006757171500584802,0.08453330725775489,0.0015493,1.600149459561681,3.485910062937601,64.73536007202411,1.01338506043586,11.520222629718717,0.32696719194081925,-33.25669726272872,-0.8125632746084135,66.70211875227977,-0.8604110866485712,-30.137281077573938,-0.01912858174625246,0.4260691786823081,-0.001441,0.5972678306316777,0.0078843,0,1.0
31,0.16212520921899332,0.0718303401860577,0.0015493,1.600149459561681,3.485910062937601,98.81126728479707,1.01338506043586,22.362050063322656,0.32696719194081925,-30.42720808532123,-0.8125632746084135,-25.93163461410647,-0.8604110866485712,-35.77319409611228,-0.01912858174625246,0.37154910136334984,-0.001441,0.7798945569447269,0.0078843,0,1.0
32,0.00045630152692066606,0.032846144745936286,0.0015493,1.600149459561681,3.485910062937601,91.48982932850492,1.01338506043586,24.68759683636225,0.32696719194081925,-76.44241380810195,-0.8125632746084135,37.58431896622966,-0.8604110866485712,-21.002910273514495,-0.01912858174625246,0.3562166831217908,-0.001441,0.847494178552753,0.0078843,0,1.0
33,0.09391390737616676,0.04006151586950056,0.0015493,1.600149459561681,3.485910062937601,-18.727732842728674,1.01338506043586,8.56515001529096,0.32696719194081925,-52.83969744038121,-0.8125632746084135,21.251874635413632,-0.8604110866485712,33.008464573170606,-0.01912858174625246,-0.13646049250678902,-0.001441,0.13742019840944866,0.0078843,1,1.0
34,0.24762721914542546,0.02890038537123496,0.0015493,1.600149459561681,3.485910062937601,-27.60965916961212,1.01338506043586,7.811974600184771,0.32696719194081925,-48.3053247157502,-0.8125632746084135,8.754309475260174,-0.8604110866485712,41.35405985909328,-0.01912858174625246,-0.11554398629578652,-0.001441,0.11762757155084239,0.0078843,1,1.0
35,0.2912571557714331,0.08639835198144474,0.0015493,1.600149459561681,3.485910062937601,95.38826348002999,1.01338506043586,28.180796793603538,0.32696719194081925,-59.73401731202375,-0.8125632746084135,-23.37637039291932,-0.8604110866485712,-17.56685239415912,-0.01912858174625246,0.3432509402560622,-0.001441,0.9238110236954578,0.0078843,0,1.0
36,0.012310301203948049,0.0873845735939988,0.0015493,1.600149459561681,3.485910062937601,-11.949138942426574,1.01338506043586,11.105994669743907,0.32696719194081925,-63.24783926602019,-0.8125632746084135,38.650860843301146,-0.8604110866485712,28.711824045342734,-0.01912858174625246,-0.1170993960502554,-0.001441,0.18935186294497566,0.0078843,1,1.0
37,0.6748194838131788,0.06315228474674171,0.0015493,1.600149459561681,3.485910062937601,-54.1538882478449,1.01338506043586,4.54033227007944,0.32696719194081925,-28.369363211897753,-0.8125632746084135,-21.666432569353972,-0.8604110866485712,60.805713488298814,-0.01912858174625246,-0.04742582188029753,-0.001441,0.04710314888809455,0.0078843,1,1.0
38,0.565353453197404,0.05184465992501057,0.0015493,1.600149459561681,3.485910062937601,-55.06439046559419,1.01338506043586,9.765211868134138,0.32696719194081925,-65.1036644804944,-0.8125632746084135,3.1099297785196733,-0.8604110866485712,72.45787241946842,-0.01912858174625246,-0.12418815298656755,-0.001441,0.12607528561249665,0.0078843,1,1.0
39,0.005069764476154315,0.07904918110533007,0.0015493,1.600149459561681,3.485910062937601,-32.49510909057275,1.01338506043586,11.33306215832743,0.32696719194081925,-96.38703531252108,-0.8125632746084135,73.69396569169915,-0.8604110866485712,52.59874177195496,-0.01912858174625246,-0.17438698693236737,-0.001441,0.18015038174068476,0.0078843,1,1.0
40,0.014391066463183541,0.031874375371119694,0.0015493,1.600149459561681,3.485910062937601,-40.355552769013634,1.01338506043586,-2.8702417489205896,0.32696719194081925,-49.19287454558268,-0.8125632746084135,95.04359605499236,-0.8604110866485712,35.46822890056289,-0.01912858174625246,-0.10412432186977616,-0.001441,0.10850163237164084,0.0078843,1,1.0
41,0.1999043805650551,0.015917375024011565,0.0015493,1.600149459561681,3.485910062937601,-25.971720171845835,1.01338506043586,5.96376633003487,0.32696719194081925,-43.69067132033539,-0.8125632746084135,15.717457976131024,-0.8604110866485712,36.8147581811655,-0.01912858174625246,-0.08537653961942354,-0.001441,0.0862267241177943,0.0078843,1,1.0
42,0.017178012935150366,0.13863798297490154,0.0015493,1.600149459561681,3.485910062937601,14.486366178836615,1.01338506043586,11.971798772951816,0.32696719194081925,-39.85112587473412,-0.8125632746084135,-0.1537279789612344,-0.8604110866485712,8.410106736793225,-0.01912858174625246,-0.0740914336470021,-0.001441,0.2647698701378602,0.0078843,1,1.0
43,0.0011869910932718053,0.032725296556361784,0.0015493,1.600149459561681,3.485910062937601,95.56111888299432,1.01338506043586,25.33418040187299,0.32696719194081925,-74.13689033675564,-0.8125632746084135,30.663995765246714,-0.8604110866485712,-23.623756890415887,-0.01912858174625246,0.3511854235172963,-0.001441,0.8669846988993929,0.0078843,0,1.0
44,0.26016228508563405,0.10115053095327557,0.0015493,1.600149459561681,3.485910062937601,37.57674704886002,1.01338506043586,17.5558885622331,0.32696719194081925,-72.14209384177731,-0.8125632746084135,66.6575004696872,-0.8604110866485712,8.445343451300298,-0.01912858174625246,0.4741835190081155,-0.001441,0.5204518071094792,0.0078843,0,1.0
45,0.03291892997830287,0.006172796741153579,0.0015493,1.600149459561681,3.485910062937601,-45.41603580804298,1.01338506043586,3.363522734709647,0.32696719194081925,-79.48551384380278,-0.8125632746084135,99.96156658238763,-0.8604110866485712,50.952411442971346,-0.01912858174625246,-0.0310161355490833,-0.001441,0.031036518703207498,0.0078843,1,1.0
46,0.252766252260885,0.013384118604893056,0.0015493,1.600149459561681,3.485910062937601,-35.37154608243014,1.01338506043586,5.364120333345477,0.32696719194081925,-50.22805850078212,-0.8125632746084135,27.288575392679267,-0.8604110866485712,45.142189651133805,-0.01912858174625246,-0.061461128121048716,-0.001441,0.06516859781664651,0.0078843,1,1.0
47,0.3550183018995898,0.17016663782561717,0.0015493,1.600149459561681,3.485910062937601,-23.817544856822217,1.01338506043586,16.736931639186736,0.32696719194081925,-71.71327691851712,-0.8125632746084135,-13.774791072919742,-0.8604110866485712,53.392744555833595,-0.01912858174625246,-0.23335430949063735,-0.001441,0.295421898269487,0.0078843,1,1.0
48,-8.450669829984658e-05,0.08805299328465954,0.0015493,1.600149459561681,3.485910062937601,85.79875645977692,1.01338506043586,14.290412110207214,0.32696719194081925,-27.884285816305287,-0.8125632746084135,45.27573682512434,-0.8604110866485712,-41.730844284925396,-0.01912858174625246,0.510657009263987,-0.001441,0.6428413403713891,0.0078843,0,1.0
49,0.8367946293375571,0.09133896292183435,0.0015493,1.600149459561681,3.485910062937601,-78.3163247498211,1.01338506043586,10.705710802997443,0.32696719194081925,-78.08624647981716,-0.8125632746084135,-2.4569126657955076,-0.8604110866485712,98.9514503450382,-0.01912858174625246,-0.12559965603316847,-0.001441,0.12627125722759053,0.0078843,1,1.0
50,0.04547674180880823,0.035310320268076324,0.0015493,1.600149459561681,3.485910062937601,68.11662332726132,1.01338506043586,26.735471133932908,0.32696719194081925,-99.71608585223592,-0.8125632746084135,68.63690432499433,-0.8604110866485712,-2.3015522920872438,-0.01912858174625246,0.37128474666271316,-0.001441,0.7625733868636737,0.0078843,0,1.0
51,0.9583917285149706,0.27573875668150893,0.0015493,1.600149459561681,3.485910062937601,58.032567616721906,1.01338506043586,39.738754113360734,0.32696719194081925,-95.5379414335998,-0.8125632746084135,-61.392439331072396,-0.8604110866485712,36.51251002635645,-0.01912858174625246,0.3271037934783471,-0.001441,1.0467648457579692,0.0078843,0,1.0
52,0.02184961671678748,0.0628685518941348,0.0015493,1.600149459561681,3.485910062937601,-36.844647050858306,1.01338506043586,-5.7834592025753775,0.32696719194081925,-29.762909744905997,-0.8125632746084135,85.56726947896321,-0.8604110866485712,26.031669158941558,-0.01912858174625246,-0.16141456833947662,-0.001441,0.16299506411096945,0.0078843,1,1.0
53,0.013045663282234332,0.03076553836329699,0.0015493,1.600149459561681,3.485910062937601,61.48279254508042,1.01338506043586,23.09636370624798,0.32696719194081925,-99.98400056447944,-0.8125632746084135,84.81115805581554,-0.8604110866485712,0.5597074400867079,-0.01912858174625246,0.3842012611938942,-0.001441,0.7158344480286739,0.0078843,0,1.0
54,0.18337219329537943,0.007952574916084677,0.0015493,1.600149459561681,3.485910062937601,-30.80146419405905,1.01338506043586,4.658567292660695,0.32696719194081925,-44.848387247384885,-0.8125632746084135,31.390233009771,-0.8604110866485712,37.53849236276433,-0.01912858174625246,-0.05435595347591816,-0.001441,0.05374238294005743,0.0078843,1,1.0
55,0.0029847375973447443,0.035957082566947324,0.0015493,1.600149459561681,3.485910062937601,91.68853882225514,1.01338506043586,22.91909340860708,0.32696719194081925,-62.00098270658314,-0.8125632746084135,27.0505135419586,-0.8604110866485712,-26.834201654587567,-0.01912858174625246,0.3670342937896212,-0.001441,0.7893250716822575,0.0078843,0,1.0
56,0.011368069524820168,0.04505118168828575,0.0015493,1.600149459561681,3.485910062937601,74.96565822728444,1.01338506043586,17.942819378442394,0.32696719194081925,-52.264348761422845,-0.8125632746084135,42.78145889736283,-0.8604110866485712,-23.772243319686325,-0.01912858174625246,0.4138858578275276,-0.001441,0.6308926457515408,0.0078843,0,1.0
57,0.00317718577893783,0.08405457436925048,0.0015493,1.600149459561681,3.485910062937601,-34.43934858811476,1.01338506043586,-7.8154628462657225,0.32696719194081925,-21.111235665551874,-0.8125632746084135,84.09427275550772,-0.8604110866485712,21.10492655201321,-0.01912858174625246,-0.18831895923728606,-0.001441,0.1882404828617397,0.0078843,1,1.0
58,0.04104974843084622,0.014366520150737682,0.0015493,1.600149459561681,3.485910062937601,-13.448329274972451,1.01338506043586,4.870481185361049,0.32696719194081925,-36.8747670576338,-0.8125632746084135,21.43644264084174,-0.8604110866485712,22.409027430242013,-0.01912858174625246,-0.0788905409483046,-0.001441,0.07990508029371436,0.0078843,1,1.0
59,0.3630307134175668,0.017095021805202913,0.0015493,1.600149459561681,3.485910062937601,-38.74746293604616,1.01338506043586,5.011167558651302,0.32696719194081925,-40.92128924939554,-0.8125632746084135,10.294158194546359,-0.8604110866485712,47.11624978348415,-0.01912858174625246,-0.054039956007462905,-0.001441,0.05371361573587717,0.0078843,1,1.0
60,0.00043665685300431356,0.030291466582841327,0.0015493,1.600149459561681,3.485910062937601,77.3564410351657,1.01338506043586,25.57609667962333,0.32696719194081925,-99.61024212184117,-0.8125632746084135,70.25357811084673,-0.8604110866485712,-6.635416147021738,-0.01912858174625246,0.3715269666592098,-0.001441,0.8276951712663663,0.0078843,0,1.0
61,0.3539963740275652,0.022038978816121234,0.0015493,1.600149459561681,3.485910062937601,-65.49835454762322,1.01338506043586,6.8429369386947885,0.32696719194081925,-88.52522787362184,-0.8125632746084135,77.18095746983877,-0.8604110866485712,75.45023072243977,-0.01912858174625246,-0.06777021561995951,-0.001441,0.07359984196301518,0.0078843,1,1.0
62,0.3000422093419757,0.0837031610582384,0.0015493,1.600149459561681,3.485910062937601,85.45581362946794,1.01338506043586,29.443537092117975,0.32696719194081925,-74.21571954757728,-0.8125632746084135,-5.8772634809284865,-0.8604110866485712,-8.06767825341762,-0.01912858174625246,0.34476947059235896,-0.001441,0.9029544654022885,0.0078843,0,1.0
63,0.49031419765356765,0.03032566373978584,0.0015493,1.600149459561681,3.485910062937601,-48.9535596934763,1.01338506043586,4.6711417795578285,0.32696719194081925,-44.525948155504445,-0.8125632746084135,6.625023259653131,-0.8604110866485712,58.61455422520503,-0.01912858174625246,-0.04124062870124507,-0.001441,0.042837056698858685,0.0078843,1,1.0
64,-6.458345419146916e-05,0.03718211336897568,0.0015493,1.600149459561681,3.485910062937601,96.13139620454622,1.01338506043586,23.08645481229705,0.32696719194081925,-54.34148983850904,-0.8125632746084135,16.22483605577459,-0.8604110866485712,-32.0696955232011,-0.01912858174625246,0.3666052529169944,-0.001441,0.7850308075197047,0.0078843,0,1.0
65,0.008177253875410961,0.08129898209044016,0.0015493,1.600149459561681,3.485910062937601,22.347450066146536,1.01338506043586,5.336608654669442,0.32696719194081925,-1.190348110940331,-0.8125632746084135,-19.170165845570395,-0.8604110866485712,-10.480669325530618,-0.01912858174625246,0.019003664249652163,-0.001441,0.15183326485295692,0.0078843,0,1.0
66,0.06709541204939506,0.0037738727184826425,0.0015493,1.600149459561681,3.485910062937601,-31.099053284589115,1.01338506043586,3.402704151487795,0.32696719194081925,-54.22241163487757,-0.8125632746084135,58.15829283596306,-0.8604110866485712,36.837420616225046,-0.01912858174625246,-0.033394782014347646,-0.001441,0.03325000467724604,0.0078843,1,1.0
67,0.7523045725234339,0.0869755346615844,0.0015493,1.600149459561681,3.485910062937601,-57.79767793840357,1.01338506043586,4.004346861754556,0.32696719194081925,-29.54408284688621,-0.8125632746084135,-26.902856962162264,-0.8604110866485712,66.96702240283403,-0.01912858174625246,-0.011255896336020012,-0.001441,0.027579943745975256,0.0078843,1,1.0
68,0.5936178040533827,0.19699325639270826,0.0015493,1.600149459561681,3.485910062937601,-26.195653221016602,1.01338506043586,16.018684924635593,0.32696719194081925,-49.61369858344167,-0.8125632746084135,-75.54614572905766,-0.8604110866485712,59.05891289201471,-0.01912858174625246,-0.3095240834161948,-0.001441,0.309426161213128,0.0078843,1,1.0
69,0.7707555094906241,0.12197882728123893,0.0015493,1.600149459561681,3.485910062937601,-55.53577344301254,1.01338506043586,13.698379173166154,0.32696719194081925,-63.16667134583451,-0.8125632746084135,-43.41733390084592,-0.8604110866485712,82.01893888312651,-0.01912858174625246,-0.21187053474813705,-0.001441,0.21220327532447997,0.0078843,1,1.0
70,0.3742374851711651,0.05938169632312855,0.0015493,1.600149459561681,3.485910062937601,-13.796109248603484,1.01338506043586,9.421248093417583,0.32696719194081925,-20.388868028544966,-0.8125632746084135,-52.674358959330405,-0.8604110866485712,30.419502672450392,-0.01912858174625246,-0.16158721551453667,-0.001441,0.1643056429921598,0.0078843,1,1.0
71,0.16004166777337908,0.19250668157229534,0.0015493,1.600149459561681,3.485910062937601,53.69848733982841,1.01338506043586,13.740204417101383,0.32696719194081925,-0.5334657372778105,-0.8125632746084135,-57.959577944467604,-0.8604110866485712,-21.4132068379463,-0.01912858174625246,0.09782576030023685,-0.001441,0.4016254443057531,0.0078843,0,1.0
72,0.33668559110065466,0.09800056055483591,0.0015493,1.600149459561681,3.485910062937601,49.551496382538886,1.01338506043586,22.010949082757126,0.32696719194081925,-79.3835434973151,-0.8125632746084135,37.71261296924959,-0.8604110866485712,11.27333564849268,-0.01912858174625246,0.39164115222084794,-0.001441,0.6900155812599594,0.0078843,0,1.0
73,0.39889652946816234,0.10333604256843781,0.0015493,1.600149459561681,3.485910062937601,98.58781919002712,1.01338506043586,34.610192309516066,0.32696719194081925,-80.98468447474878,-0.8125632746084135,-29.804158681251632,-0.8604110866485712,-7.155673396116426,-0.01912858174625246,0.32699027518317775,-0.001441,1.063816936002883,0.0078843,0,1.0
74,0.19640359409888977,0.04247544812134239,0.0015493,1.600149459561681,3.485910062937601,-23.60775879004649,1.01338506043586,9.462677694896055,0.32696719194081925,-51.686515425272006,-0.8125632746084135,10.323643767857574,-0.8604110866485712,38.38576004663848,-0.01912858174625246,-0.14209234739423296,-0.001441,0.14407255779931463,0.0078843,1,1.0
75,0.08747328080557826,0.07673892323565702,0.0015493,1.600149459561681,3.485910062937601,57.76480299268857,1.01338506043586,15.71818288839281,0.32696719194081925,-49.60368296180683,-0.8125632746084135,56.89778669740513,-0.8604110866485712,-16.439552720418863,-0.01912858174625246,0.4846894337702164,-0.001441,0.5064669284231756,0.0078843,0,1.0
76,0.014756918782653089,0.0646015678238893,0.0015493,1.600149459561681,3.485910062937601,17.23728453343758,1.01338506043586,4.2389356376981775,0.32696719194081925,-1.4719382688709717,-0.8125632746084135,-17.243436234409856,-0.8604110866485712,-7.121811401074045,-0.01912858174625246,0.0038607879798574288,-0.001441,0.12615467261730087,0.0078843,0,1.0
77,0.5115016853766821,0.15470030778238703,0.0015493,1.600149459561681,3.485910062937601,64.23360735635369,1.01338506043586,24.69143936513556,0.32696719194081925,-51.7402287396869,-0.8125632746084135,-29.031145702504414,-0.8604110866485712,1.4112483058025418,-0.01912858174625246,0.3616101467543883,-0.001441,0.7555490165209123,0.0078843,0,1.0
78,0.13955383632353702,0.07230436115936961,0.0015493,1.600149459561681,3.485910062937601,69.66196900461253,1.01338506043586,18.255310810320942,0.32696719194081925,-43.13726669185511,-0.8125632746084135,23.415206022169297,-0.8604110866485712,-20.60631545038796,-0.01912858174625246,0.4315163476537146,-0.001441,0.5951930069913315,0.0078843,0,1.0
79,0.12847947668387055,0.0037523465483890956,0.0015493,1.600149459561681,3.485910062937601,-28.11010801958818,1.01338506043586,2.4927456982823033,0.32696719194081925,-39.57775947863587,-0.8125632746084135,38.27495327015698,-0.8604110866485712,32.26253525308845,-0.01912858174625246,-0.021077869590147402,-0.001441,0.02328677924053489,0.0078843,1,1.0
80,0.001590959595519803,0.05997520462151511,0.0015493,1.600149459561681,3.485910062937601,94.92523808972115,1.01338506043586,15.746069154721702,0.32696719194081925,-8.870960602662445,-0.8125632746084135,-5.768818221815617,-0.8604110866485712,-50.086044858350476,-0.01912858174625246,0.43088051229499236,-0.001441,0.5944490041513619,0.0078843,0,1.0
81,0.35286485773954623,0.01951871080533337,0.0015493,1.600149459561681,3.485910062937601,-32.6365504116075,1.01338506043586,1.4001417760072044,0.32696719194081925,-21.633787760085486,-0.8125632746084135,-0.8025612619864019,-0.8604110866485712,37.240990406966404,-0.01912858174625246,-0.003665915687807506,-0.001441,0.005486671884081586,0.0078843,1,1.0
82,0.03796884334244799,0.06724763607522678,0.0015493,1.600149459561681,3.485910062937601,99.78091557325762,1.01338506043586,16.97876211567475,0.32696719194081925,-2.9905010675954515,-0.8125632746084135,-23.18371187409614,-0.8604110866485712,-53.03375269551987,-0.01912858174625246,0.42262207669049634,-0.001441,0.614328030241181,0.0078843,0,1.0
83,0.002255811350646633,0.010135143921744673,0.0015493,1.600149459561681,3.485910062937601,-20.80331087848891,1.01338506043586,-1.9235392053634033,0.32696719194081925,-24.178220363516907,-0.8125632746084135,49.65367175206017,-0.8604110866485712,17.689016101760306,-0.01912858174625246,-0.060430729476121506,-0.001441,0.059997717959869815,0.0078843,1,1.0
84,0.47501365927283457,0.12195658967911431,0.0015493,1.600149459561681,3.485910062937601,96.85866438949527,1.01338506043586,37.957245935214495,0.32696719194081925,-97.91750391055375,-0.8125632746084135,-27.518572082300604,-0.8604110866485712,3.1604214657602254,-0.01912858174625246,0.31635848434025005,-0.001441,1.1490315075825066,0.0078843,0,1.0
85,1.0771540779365678,0.31896827949751044,0.0015493,1.600149459561681,3.485910062937601,34.46333284274757,1.01338506043586,36.79443447065669,0.32696719194081925,-99.96415860680739,-0.8125632746084135,-49.2620117315169,-0.8604110866485712,53.733584844946066,-0.01912858174625246,0.33843109889260653,-0.001441,0.9504695143490638,0.0078843,0,1.0
86,0.00041378864900926127,0.06372066813622411,0.0015493,1.600149459561681,3.485910062937601,64.27024683113189,1.01338506043586,12.634912288234414,0.32696719194081925,-44.74486009159027,-0.8125632746084135,67.44746982662441,-0.8604110866485712,-23.69227484565906,-0.01912858174625246,0.4411374263266495,-0.001441,0.5796158847583055,0.0078843,0,1.0
87,0.19641073706574946,0.010272017285500975,0.0015493,1.600149459561681,3.485910062937601,-24.687974547213038,1.01338506043586,4.450885988614748,0.32696719194081925,-37.08819862734847,-0.8125632746084135,13.576169242523775,-0.8604110866485712,33.75397800449558,-0.01912858174625246,-0.06423884810625043,-0.001441,0.06417051679071505,0.0078843,1,1.0
88,0.00096671512233093,0.05491590827953365,0.0015493,1.600149459561681,3.485910062937601,72.83884482390648,1.01338506043586,17.073131444589432,0.32696719194081925,-55.9294188624904,-0.8125632746084135,60.33086842249128,-0.8604110866485712,-23.15511922723393,-0.01912858174625246,0.4671291757973329,-0.001441,0.6216607425094354,0.0078843,0,1.0
89,0.305413839661435,0.06212976401639113,0.0015493,1.600149459561681,3.485910062937601,-35.6213705962333,1.01338506043586,11.123505583748308,0.32696719194081925,-68.96482052913613,-0.8125632746084135,13.820143172957856,-0.8604110866485712,55.827224880921186,-0.01912858174625246,-0.17296151379460797,-0.001441,0.17520994937673431,0.0078843,1,1.0
90,0.04980436735878363,0.007359796915604515,0.0015493,1.600149459561681,3.485910062937601,-21.257955074553564,1.01338506043586,3.861345617986562,0.32696719194081925,-44.016229733601314,-0.8125632746084135,38.60457818061532,-0.8604110866485712,28.56268627211948,-0.01912858174625246,-0.050842337279589006,-0.001441,0.052508598848938576,0.0078843,1,1.0
91,0.09929493679430096,0.00992969935431605,0.0015493,1.600149459561681,3.485910062937601,-32.51411884005349,1.01338506043586,5.6700865506975155,0.32696719194081925,-60.62301568133053,-0.8125632746084135,53.86724874091615,-0.8604110866485712,41.07307532149152,-0.01912858174625246,-0.06883703678304935,-0.001441,0.06880867387151281,0.0078843,1,1.0
92,0.21991015074401976,0.07812423145310102,0.0015493,1.600149459561681,3.485910062937601,97.94925908110558,1.01338506043586,27.493592210713206,0.32696719194081925,-47.48589351319204,-0.8125632746084135,-26.880945606500017,-0.8604110866485712,-27.570991979161498,-0.01912858174625246,0.3542353001427996,-0.001441,0.8473823866706012,0.0078843,0,1.0
93,0.0013272689332965992,0.03306326349855263,0.0015493,1.600149459561681,3.485910062937601,97.57763694194067,1.01338506043586,27.332737819596698,0.32696719194081925,-73.83788917596006,-0.8125632746084135,25.50173613379845,-0.8604110866485712,-25.839493419391577,-0.01912858174625246,0.35523192980369567,-0.001441,0.8613331772559243,0.0078843,0,1.0
94,0.9976081506686136,0.13878514207961712,0.0015493,1.600149459561681,3.485910062937601,-65.64877347533388,1.01338506043586,10.013896494994974,0.32696719194081925,-42.19137771048379,-0.8125632746084135,-69.09907708004368,-0.8604110866485712,87.58617384483793,-0.01912858174625246,-0.14494792510313922,-0.001441,0.14319793486433433,0.0078843,1,1.0
95,0.03461727038705571,0.0012250516842239143,0.0015493,1.600149459561681,3.485910062937601,-0.20143384891368865,1.01338506043586,0.46055442445995737,0.32696719194081925,-0.0006986680886198193,-0.8125632746084135,-7.349988536879631,-0.8604110866485712,2.008491084077627,-0.01912858174625246,-0.01792152665603647,-0.001441,0.018797180547649013,0.0078843,1,1.0
96,0.011962503597494234,0.016046389250793346,0.0015493,1.600149459561681,3.485910062937601,-23.652996936556313,1.01338506043586,5.991535866755961,0.32696719194081925,-56.08457896690792,-0.8125632746084135,52.70824475791988,-0.8604110866485712,31.61669432866404,-0.01912858174625246,-0.07828448147105195,-0.001441,0.08057162467227684,0.0078843,1,1.0
97,0.46646100993716627,0.028729561059168542,0.0015493,1.600149459561681,3.485910062937601,-57.189315681826365,1.01338506043586,6.487872118572577,0.32696719194081925,-67.41097830141375,-0.8125632746084135,30.5133061644738,-0.8604110866485712,70.30966367579107,-0.01912858174625246,-0.06903831398968323,-0.001441,0.06905252861496546,0.0078843,1,1.0
98,0.12577416159249533,0.06338111716551632,0.0015493,1.600149459561681,3.485910062937601,57.10710068807187,1.01338506043586,18.972509193704912,0.32696719194081925,-66.25576087173206,-0.8125632746084135,55.09388530435611,-0.8604110866485712,-6.957268493500745,-0.01912858174625246,0.4335203862995291,-0.001441,0.5882486961389729,0.0078843,0,1.0
99,0.07225063716396407,0.052957769921315664,0.0015493,1.600149459561681,3.485910062937601,92.72972165451887,1.01338506043586,21.981236601327762,0.32696719194081925,-43.40139720701247,-0.8125632746084135,3.242945682555845,-0.8604110866485712,-32.244770932599835,-0.01912858174625246,0.3823837659692795,-0.001441,0.7434293065822208,0.0078843,0,1.0
100,0.0004129428318091488,0.14222745618994292,0.0015493,2.459242111292193,3.0947272010640288,72.07108082397755,1.01338506043586,8.785409956886964,0.32696719194081925,-33.27596765034276,-0.8125632746084135,5.783505433129681,-0.8604110866485712,-17.376096019591472,-0.01912858174625246,0.24444104066042546,-0.001441,0.2773370092948899,0.0078843,0,1.0
101,0.012636976281787282,0.09509238489641295,0.0015493,2.459242111292193,3.0947272010640288,44.45062932695678,1.01338506043586,8.679822013154169,0.32696719194081925,-32.9203722879853,-0.8125632746084135,-22.437413351365784,-0.8604110866485712,1.0023432054104897,-0.01912858174625246,-0.20474686524212068,-0.001441,0.20975112823226702,0.0078843,1,1.0
102,0.3320644213123961,0.14293549986832801,0.0015493,2.459242111292193,3.0947272010640288,25.9487710539902,1.01338506043586,11.75657446492386,0.32696719194081925,-54.77865255615625,-0.8125632746084135,-27.849466299182115,-0.8604110866485712,30.447839377287305,-0.01912858174625246,-0.23469443210057472,-0.001441,0.2667235327069929,0.0078843,1,1.0
103,0.28734172961884047,0.014515545067351698,0.0015493,2.459242111292193,3.0947272010640288,-21.71552458792685,1.01338506043586,3.1437484383298484,0.32696719194081925,-24.475429218613524,-0.8125632746084135,-1.0110067267977092,-0.8604110866485712,30.68107175940726,-0.01912858174625246,-0.05216380801471737,-0.001441,0.054415216133585576,0.0078843,1,1.0
104,0.19016012621362463,0.005671965840012862,0.0015493,2.459242111292193,3.0947272010640288,-50.45676857690628,1.01338506043586,1.353113217922674,0.32696719194081925,-41.04177583378368,-0.8125632746084135,39.724728932937616,-0.8604110866485712,45.49105076097396,-0.01912858174625246,-0.037528210850234514,-0.001441,0.037882787347108524,0.0078843,1,1.0
105,0.05155172034501443,0.1450449800246911,0.0015493,2.459242111292193,3.0947272010640288,88.09292925431282,1.01338506043586,12.149146456452053,0.32696719194081925,-48.58366158255128,-0.8125632746084135,0.15413585606977642,-0.8604110866485712,-13.93940893335288,-0.01912858174625246,0.2443821274906439,-0.001441,0.33488713035703,0.0078843,0,1.0
106,0.118416431523374,0.12475876215910094,0.0015493,2.459242111292193,3.0947272010640288,27.37463546004237,1.01338506043586,11.367982978000036,0.32696719194081925,-56.416836645832795,-0.8125632746084135,-9.697969869418312,-0.8604110866485712,21.369794313938634,-0.01912858174625246,-0.23249750047435785,-0.001441,0.2425870623724315,0.0078843,1,1.0
107,0.06793063518041531,0.08864852875721439,0.0015493,2.459242111292193,3.0947272010640288,62.93935601312587,1.01338506043586,7.905419535674737,0.32696719194081925,-5.839690259356795,-0.8125632746084135,-55.356290277072475,-0.8604110866485712,-17.199279380056588,-0.01912858174625246,-0.19965240875269696,-0.001441,0.2063815327445213,0.0078843,1,1.0
108,0.09875901636824846,0.0013061841106832804,0.0015493,2.459242111292193,3.0947272010640288,-21.780576007662685,1.01338506043586,1.2234636983843372,0.32696719194081925,-23.58568955611197,-0.8125632746084135,18.3401575440308,-0.8604110866485712,23.564537274809854,-0.01912858174625246,-0.016433167948931238,-0.001441,0.016325403760936608,0.0078843,1,1.0
109,0.06777370609187924,0.00553305860410215,0.0015493,2.459242111292193,3.0947272010640288,7.601472822741735,1.01338506043586,1.7231675346618056,0.32696719194081925,-2.10582207589165,-0.8125632746084135,-12.057054891349784,-0.8604110866485712,0.6078822904548806,-0.01912858174625246,-0.034519682839493256,-0.001441,0.039171565294801015,0.0078843,1,1.0
110,0.25072063121771704,0.15157129099398073,0.0015493,2.459242111292193,3.0947272010640288,35.840623007194125,1.01338506043586,12.184259484250479,0.32696719194081925,-59.07062027817515,-0.8125632746084135,-12.520548913683385,-0.8604110866485712,23.18591411237341,-0.01912858174625246,-0.10734377659743605,-0.001441,0.28110899328852595,0.0078843,1,1.0
111,0.14606408357765732,0.02826408029306999,0.0015493,2.459242111292193,3.0947272010640288,-36.60731491223346,1.01338506043586,6.349697142310168,0.32696719194081925,-76.32890847487242,-0.8125632746084135,49.49927394386982,-0.8604110866485712,56.992610380849946,-0.01912858174625246,-0.11064138490306386,-0.001441,0.11385520557620488,0.0078843,1,1.0
112,0.0036542619103738794,0.016675532165308878,0.0015493,2.459242111292193,3.0947272010640288,-27.729704731284066,1.01338506043586,3.510516244874618,0.32696719194081925,-58.64005117765167,-0.8125632746084135,50.10333679568744,-0.8604110866485712,40.293695874192274,-0.01912858174625246,-0.05834205084582321,-0.001441,0.06499464805630688,0.0078843,1,1.0
113,0.40348648117039065,0.10477644542687307,0.0015493,2.459242111292193,3.0947272010640288,-26.273075962968406,1.01338506043586,11.241071593750332,0.32696719194081925,-92.70565249359389,-0.8125632746084135,22.37538902541598,-0.8604110866485712,71.73677570040093,-0.01912858174625246,-0.22130979559144326,-0.001441,0.22677884988180452,0.0078843,1,1.0
114,0.07637155828791295,0.02353110910148009,0.0015493,2.459242111292193,3.0947272010640288,-81.00471006599598,1.01338506043586,-2.0931978461618534,0.32696719194081925,-50.28740363785172,-0.8125632746084135,81.2470170087626,-0.8604110866485712,57.394300996550136,-0.01912858174625246,-0.09896016380404535,-0.001441,0.09926564507048755,0.0078843,1,1.0
115,0.011107651106067526,0.0007842496238871442,0.0015493,2.459242111292193,3.0947272010640288,-18.32970543118049,1.01338506043586,0.6542912595577761,0.32696719194081925,-20.736958869321207,-0.8125632746084135,23.145342236920193,-0.8604110866485712,17.32196041105825,-0.01912858174625246,-0.012827445383057173,-0.001441,0.013187692190485472,0.0078843,1,1.0
116,0.006496894411445325,0.019101523856864575,0.0015493,2.459242111292193,3.0947272010640288,-4.866909313768678,1.01338506043586,2.5183322252980807,0.32696719194081925,-31.715373969929583,-0.8125632746084135,20.68945700842768,-0.8604110866485712,18.727601697695174,-0.01912858174625246,-0.044518119306980374,-0.001441,0.06636003659023718,0.0078843,1,1.0
117,0.0005940589028514687,0.13368410163868227,0.0015493,2.459242111292193,3.0947272010640288,99.80601805249711,1.01338506043586,11.602598975011526,0.32696719194081925,-45.04080051791857,-0.8125632746084135,4.80081164777807,-0.8604110866485712,-22.830115410184003,-0.01912858174625246,0.3228947555361542,-0.001441,0.3604415472694511,0.0078843,0,1.0
118,0.1337542054710239,0.10056754761677356,0.0015493,2.459242111292193,3.0947272010640288,97.64935083070887,1.01338506043586,15.869595563893583,0.32696719194081925,-85.30932107221385,-0.8125632746084135,33.51940338901319,-0.8604110866485712,-0.2600384415541598,-0.01912858174625246,0.4402688704889949,-0.001441,0.4777114049050236,0.0078843,0,1.0
119,0.1031251938504564,0.004574455290085912,0.0015493,2.459242111292193,3.0947272010640288,-42.33509173181913,1.01338506043586,0.576356347019582,0.32696719194081925,-33.110806156909035,-0.8125632746084135,38.39356427972028,-0.8604110866485712,35.26383751210791,-0.01912858174625246,-0.039117732107601805,-0.001441,0.038496841973570534,0.0078843,1,1.0
120,0.03178196427583169,0.010384870426927076,0.0015493,2.459242111292193,3.0947272010640288,-76.11797999179669,1.01338506043586,2.1607119976755365,0.32696719194081925,-85.71221802652592,-0.8125632746084135,97.86573096623644,-0.8604110866485712,71.91106390710908,-0.01912858174625246,-0.03628837491890995,-0.001441,0.03592516021085251,0.0078843,1,1.0
121,4.532146880964483e-05,0.06169405459154658,0.0015493,2.459242111292193,3.0947272010640288,97.9169595178713,1.01338506043586,14.009507740816268,0.32696719194081925,-89.90162017472247,-0.8125632746084135,62.00315960332351,-0.8604110866485712,-3.923037304544552,-0.01912858174625246,0.4148237024900393,-0.001441,0.6260820316456427,0.0078843,0,1.0
122,0.9501208163834011,0.31697612195246044,0.0015493,2.459242111292193,3.0947272010640288,26.661012637379844,1.01338506043586,15.25668394630263,0.32696719194081925,-40.819049640748084,-0.8125632746084135,-98.37188450532662,-0.8604110866485712,46.71635339442918,-0.01912858174625246,-0.311733590355875,-0.001441,0.34658722789289775,0.0078843,1,1.0
123,1.0019214452387843,0.17040164249746945,0.0015493,2.459242111292193,3.0947272010640288,-42.72552298981554,1.01338506043586,7.391053382642565,0.32696719194081925,-29.26966698057319,-0.8125632746084135,-56.00315245754193,-0.8604110866485712,67.9801164653511,-0.01912858174625246,-0.1373328727595346,-0.001441,0.1348279235709537,0.0078843,1,1.0
124,0.8937600787175922,0.20236262634108693,0.0015493,2.459242111292193,3.0947272010640288,-15.953257742714005,1.01338506043586,11.999636513103429,0.32696719194081925,-57.733849224587374,-0.8125632746084135,-52.70770324798834,-0.8604110866485712,69.73935495629334,-0.01912858174625246,-0.2598105304352174,-0.001441,0.25891965266242023,0.0078843,1,1.0
125,0.12228056760546246,0.09355406941875904,0.0015493,2.459242111292193,3.0947272010640288,2.580130775256708,1.01338506043586,10.3613980717821,0.32696719194081925,-70.93388197564497,-0.8125632746084135,16.42229674330362,-0.8604110866485712,38.08324345036192,-0.01912858174625246,-0.20597790040790318,-0.001441,0.21007247678747906,0.0078843,1,1.0
126,0.29291177740881136,0.03559306693473348,0.0015493,2.459242111292193,3.0947272010640288,-61.34069541568137,1.01338506043586,-2.7515333611169495,0.32696719194081925,-20.394809457327636,-0.8125632746084135,30.769401608980644,-0.8604110866485712,45.32372475285329,-0.01912858174625246,-0.07684601498276672,-0.001441,0.07637602727281301,0.0078843,1,1.0
127,0.022914420154401774,0.00863237418606996,0.0015493,2.459242111292193,3.0947272010640288,-28.5591836214323,1.01338506043586,-0.6430840763201392,0.32696719194081925,-13.426242945051134,-0.8125632746084135,26.337168706581597,-0.8604110866485712,16.749675578125103,-0.01912858174625246,-0.058612615588707784,-0.001441,0.06108686712441082,0.0078843,1,1.0
128,0.2750592459856489,0.13181449611378948,0.0015493,2.459242111292193,3.0947272010640288,98.2195870493663,1.01338506043586,18.274509490080934,0.32696719194081925,-92.52386700971773,-0.8125632746084135,18.34376731481863,-0.8604110866485712,8.79719257808614,-0.01912858174625246,0.3971376830712487,-0.001441,0.4884651321397869,0.0078843,0,1.0
129,0.24478377804349738,0.03013603249354798,0.0015493,2.459242111292193,3.0947272010640288,-35.7198172727344,1.01338506043586,6.607481773611588,0.32696719194081925,-71.66686653178674,-0.8125632746084135,36.338514547616334,-0.8604110866485712,58.3491395828376,-0.01912858174625246,-0.12109000685208667,-0.001441,0.12111672846949424,0.0078843,1,1.0
130,0.28492975252904595,0.08686579261232819,0.0015493,2.459242111292193,3.0947272010640288,-9.524344715489567,1.01338506043586,9.874297984113431,0.32696719194081925,-74.11015994954299,-0.8125632746084135,13.842690611617543,-0.8604110866485712,51.410686823021635,-0.01912858174625246,-0.18508548302299319,-0.001441,0.2059470965278983,0.0078843,1,1.0
131,0.04850738530477394,0.03398079775402131,0.0015493,2.459242111292193,3.0947272010640288,-3.468862221177918,1.01338506043586,6.132128758838426,0.32696719194081925,-49.90001505835101,-0.8125632746084135,20.113634880902335,-0.8604110866485712,27.784735502661704,-0.01912858174625246,-0.12208062742250145,-0.001441,0.12384418386605275,0.0078843,1,1.0
132,0.099199489348201,0.08428559857512531,0.0015493,2.459242111292193,3.0947272010640288,56.52325053344182,1.01338506043586,7.600386317419043,0.32696719194081925,-9.314174768009236,-0.8125632746084135,-51.3153564752601,-0.8604110866485712,-11.445382325476935,-0.01912858174625246,-0.1965116424973979,-0.001441,0.20321553233161488,0.0078843,1,1.0
133,0.1703740791610586,0.01598489182393627,0.0015493,2.459242111292193,3.0947272010640288,11.055608797780645,1.01338506043586,3.2030912033494765,0.32696719194081925,-4.264451336933647,-0.8125632746084135,-24.364668556868896,-0.8604110866485712,4.291776045043731,-0.01912858174625246,-0.06598458438824188,-0.001441,0.0727577239794349,0.0078843,1,1.0
134,0.00613219995146097,0.12741618870121166,0.0015493,2.459242111292193,3.0947272010640288,94.43864913223209,1.01338506043586,12.642466505399698,0.32696719194081925,-57.231169446610366,-0.8125632746084135,17.468290155220277,-0.8604110866485712,-15.799805050745544,-0.01912858174625246,0.35423789982817766,-0.001441,0.36974743342704763,0.0078843,0,1.0
135,0.012743840581667665,0.2605015549605395,0.0015493,2.459242111292193,3.0947272010640288,78.47080409035817,1.01338506043586,7.9448520332390045,0.32696719194081925,-45.811173429328434,-0.8125632746084135,61.74891936371466,-0.8604110866485712,-22.473866250254186,-0.01912858174625246,0.2495344913976995,-0.001441,0.8679289232338219,0.0078843,0,1.0
136,0.43326051978455926,0.04675393703459982,0.0015493,2.459242111292193,3.0947272010640288,-19.57194070646785,1.01338506043586,6.69777486751575,0.32696719194081925,-43.440668226334736,-0.8125632746084135,-9.33060719524593,-0.8604110866485712,45.27084272109815,-0.01912858174625246,-0.13097318963823093,-0.001441,0.1311115272435304,0.0078843,1,1.0
137,0.005410270775006276,0.44257858340211,0.0015493,2.459242111292193,3.0947272010640288,6.172062552269652,1.01338506043586,-3.0619556627702,0.32696719194081925,-8.574069505521832,-0.8125632746084135,64.95878753139111,-0.8604110866485712,-6.449863521995371,-0.01912858174625246,-0.014812770140430587,-0.001441,0.6937123962072765,0.0078843,1,1.0
138,0.003828955460317307,0.059823417318679274,0.0015493,2.459242111292193,3.0947272010640288,26.188966174526506,1.01338506043586,6.024069989892499,0.32696719194081925,-27.79500939393325,-0.8125632746084135,-1.6502994224962726,-0.8604110866485712,2.654611606686823,-0.01912858174625246,-0.05255526191706211,-0.001441,0.13950602508179194,0.0078843,1,1.0
139,0.5858541080746376,0.08392963116317641,0.0015493,2.459242111292193,3.0947272010640288,-32.71163010949995,1.01338506043586,8.912834915631388,0.32696719194081925,-63.38269646637586,-0.8125632746084135,-4.2999744452015065,-0.8604110866485712,65.53747453155194,-0.01912858174625246,-0.15854960010313143,-0.001441,0.17090868315430693,0.0078843,1,1.0
140,0.005192028549511174,0.12903001677951845,0.0015493,2.459242111292193,3.0947272010640288,20.102659134969315,1.01338506043586,10.492543905833088,0.32696719194081925,-97.50509608057418,-0.8125632746084135,73.45393850841947,-0.8604110866485712,35.60902740244418,-0.01912858174625246,0.21418770167570386,-0.001441,0.2622261446505694,0.0078843,0,1.0
141,-0.0008375155486973762,0.2688321375971927,0.0015493,2.459242111292193,3.0947272010640288,90.82353045836251,1.01338506043586,6.41246211054197,0.32696719194081925,-28.872196850709404,-0.8125632746084135,44.79220845465058,-0.8604110866485712,-34.16659424686743,-0.01912858174625246,0.2437731725809555,-0.001441,0.8535932286946106,0.0078843,0,1.0
142,0.6821415497595334,0.15736540265986737,0.0015493,2.459242111292193,3.0947272010640288,4.577624572678324,1.01338506043586,11.730589452902448,0.32696719194081925,-43.52980669127709,-0.8125632746084135,-55.493951870522004,-0.8604110866485712,45.436405333330725,-0.01912858174625246,-0.24639665761390803,-0.001441,0.24619663642278297,0.0078843,1,1.0
143,0.003877311140547457,0.11300958436918601,0.0015493,2.459242111292193,3.0947272010640288,99.51987719905483,1.01338506043586,12.41358574976961,0.32696719194081925,-60.999416235492355,-0.8125632746084135,28.698816488258906,-0.8604110866485712,-17.07528074643316,-0.01912858174625246,0.3657049567703842,-0.001441,0.4911749040530003,0.0078843,0,1.0
144,0.14123800519504465,0.012898178651716014,0.0015493,2.459242111292193,3.0947272010640288,-53.51769429300854,1.01338506043586,-1.1234865925106847,0.32696719194081925,-27.60131995104492,-0.8125632746084135,41.40466305515818,-0.8604110866485712,38.272136001058286,-0.01912858174625246,-0.0648833219941031,-0.001441,0.06418535429035249,0.0078843,1,1.0
145,0.06920036265899535,0.005253158700765492,0.0015493,2.459242111292193,3.0947272010640288,-41.87412997921163,1.01338506043586,2.8698437942352277,0.32696719194081925,-57.258049369099545,-0.8125632746084135,52.9577471940761,-0.8604110866485712,46.502979295478475,-0.01912858174625246,-0.04214488156255116,-0.001441,0.04214105894091832,0.0078843,1,1.0
146,0.09940314692589236,0.13764772420668478,0.0015493,2.459242111292193,3.0947272010640288,20.727977219722337,1.01338506043586,11.788268163159426,0.32696719194081925,-86.69843036946229,-0.8125632746084135,35.14174388508653,-0.8604110866485712,36.43337042664983,-0.01912858174625246,-0.030819935157374412,-0.001441,0.2725016172151173,0.0078843,1,1.0
147,0.05998983718308061,0.00927830272636739,0.0015493,2.459242111292193,3.0947272010640288,0.12117550140491964,1.01338506043586,1.3723135377452058,0.32696719194081925,-0.5322732319005685,-0.8125632746084135,-7.580919126304753,-0.8604110866485712,1.1908016411428581,-0.01912858174625246,-0.03912569833404576,-0.001441,0.03609896828749177,0.0078843,1,1.0
148,0.12276996969368631,0.024879125643323438,0.0015493,2.459242111292193,3.0947272010640288,9.071816257902915,1.01338506043586,3.9443389158912274,0.32696719194081925,-23.134784693571603,-0.8125632746084135,-8.546546464651174,-0.8604110866485712,14.393361013641995,-0.01912858174625246,-0.10928125403056742,-0.001441,0.10913038633746401,0.0078843,1,1.0
149,0.11007818044024942,0.04093724347570618,0.0015493,2.459242111292193,3.0947272010640288,35.308716074729254,1.01338506043586,5.9241776175973895,0.32696719194081925,-7.151953119847341,-0.8125632746084135,-37.73516034051319,-0.8604110866485712,-5.632607405217896,-0.01912858174625246,-0.13862596775607874,-0.001441,0.13900793894983768,0.0078843,1,1.0
150,0.3366047538410254,0.013805972827614942,0.0015493,2.459242111292193,3.0947272010640288,-96.49613095622828,1.01338506043586,3.093068072124694,0.32696719194081925,-91.63414547769355,-0.8125632746084135,86.13516297724327,-0.8604110866485712,93.96569875132946,-0.01912858174625246,-0.03766632712301525,-0.001441,0.04021106262777911,0.0078843,1,1.0
151,0.20449355712479828,0.008487660244961538,0.0015493,2.459242111292193,3.0947272010640288,-21.387915680102616,1.01338506043586,3.206022341300482,0.32696719194081925,-30.236977860426563,-0.8125632746084135,9.660918709782607,-0.8604110866485712,30.29883127094254,-0.01912858174625246,-0.055250704029328836,-0.001441,0.05548322825704869,0.0078843,1,1.0
152,0.6629929659544176,0.07225438288769497,0.0015493,2.459242111292193,3.0947272010640288,-45.09120196710706,1.01338506043586,5.6026725660176275,0.32696719194081925,-49.07315209003685,-0.8125632746084135,-8.191770406401155,-0.8604110866485712,67.68470665362035,-0.01912858174625246,-0.11338038690907859,-0.001441,0.11328564013977638,0.0078843,1,1.0
153,0.016606495480649824,0.005053063963970407,0.0015493,2.459242111292193,3.0947272010640288,1.4473006330811984,1.01338506043586,2.1197776367766634,0.32696719194081925,-15.465516168533291,-0.8125632746084135,4.19160134081757,-0.8604110866485712,7.846162187927567,-0.01912858174625246,-0.04365492731346007,-0.001441,0.04525415536798987,0.0078843,1,1.0
154,0.0005582873265423949,0.07990719352615973,0.0015493,2.459242111292193,3.0947272010640288,85.47722294512276,1.01338506043586,12.629231255896027,0.32696719194081925,-91.68335160054025,-0.8125632746084135,78.84836972340042,-0.8604110866485712,0.3616732929525199,-0.01912858174625246,0.38154049098745435,-0.001441,0.7220525873282689,0.0078843,0,1.0
155,0.0061467711953663295,0.06290019412672454,0.0015493,2.459242111292193,3.0947272010640288,-72.96518050323378,1.01338506043586,-6.337739528791322,0.32696719194081925,-19.684647327768534,-0.8125632746084135,69.67349891817757,-0.8604110866485712,37.983166846098406,-0.01912858174625246,-0.16032987954008332,-0.001441,0.16192476286977303,0.0078843,1,1.0
156,0.7069813803105354,0.07419302147249018,0.0015493,2.459242111292193,3.0947272010640288,-53.304935469411305,1.01338506043586,5.59007481822292,0.32696719194081925,-47.42381336866628,-0.8125632746084135,-7.90103553754718,-0.8604110866485712,70.29788044470696,-0.01912858174625246,-0.09534321131671715,-0.001441,0.09444971767038753,0.0078843,1,1.0
157,0.7209141086374806,0.09471947897901084,0.0015493,2.459242111292193,3.0947272010640288,-60.53873108150396,1.01338506043586,9.008593035847024,0.32696719194081925,-84.33058121259049,-0.8125632746084135,14.210423724002657,-0.8604110866485712,92.32464975309638,-0.01912858174625246,-0.16034009640541894,-0.001441,0.16592868035946165,0.0078843,1,1.0
158,0.22311542678677135,0.005817380498528268,0.0015493,2.459242111292193,3.0947272010640288,-46.451060661897245,1.01338506043586,1.7400501747930261,0.32696719194081925,-42.44982500602459,-0.8125632746084135,34.49066658861561,-0.8604110866485712,46.82436337797637,-0.01912858174625246,-0.01834748637503761,-0.001441,0.019636332671958332,0.0078843,1,1.0
159,0.4752942844656075,0.18967852258234202,0.0015493,2.459242111292193,3.0947272010640288,13.4554802753879,1.01338506043586,13.013038815900947,0.32696719194081925,-76.38714659484019,-0.8125632746084135,-17.78700855289864,-0.8604110866485712,52.37037450837809,-0.01912858174625246,-0.24043328242335338,-0.001441,0.3082107317828001,0.0078843,1,1.0
160,0.6922165993735432,0.20344040332069627,0.0015493,2.459242111292193,3.0947272010640288,18.285543049006034,1.01338506043586,13.672788613022291,0.32696719194081925,-43.40146711497464,-0.8125632746084135,-68.36206304668008,-0.8604110866485712,40.068162945261484,-0.01912858174625246,-0.2874699476849578,-0.001441,0.2886510185291893,0.0078843,1,1.0
161,0.40326727780642646,0.04370874848178713,0.0015493,2.459242111292193,3.0947272010640288,-16.660175547124854,1.01338506043586,6.608739677900866,0.32696719194081925,-37.10572164030668,-0.8125632746084135,-12.421604167356652,-0.8604110866485712,38.86126881024306,-0.01912858174625246,-0.124997450652514,-0.001441,0.12485486355301023,0.0078843,1,1.0
162,0.003774090288101384,0.012133450338380699,0.0015493,2.459242111292193,3.0947272010640288,-65.41744807011503,1.01338506043586,2.8883995499043285,0.32696719194081925,-80.34846093784901,-0.8125632746084135,89.01596583620666,-0.8604110866485712,63.464746142294246,-0.01912858174625246,-0.05305967414750313,-0.001441,0.05439648580982071,0.0078843,1,1.0
163,0.45815362154277217,0.03831608126815998,0.0015493,2.459242111292193,3.0947272010640288,-13.419073993264833,1.01338506043586,3.944473911527125,0.32696719194081925,-13.370478928896395,-0.8125632746084135,-30.334858793338736,-0.8604110866485712,28.978833681245113,-0.01912858174625246,-0.07740142003718009,-0.001441,0.07814589486645873,0.0078843,1,1.0
164,0.003055939992899548,0.11586302525445813,0.0015493,2.459242111292193,3.0947272010640288,54.26755606883661,1.01338506043586,12.983486160331454,0.32696719194081925,-99.11387430393918,-0.8125632746084135,73.97420836326626,-0.8604110866485712,18.991859985191446,-0.01912858174625246,0.33362596852121107,-0.001441,0.4352802879164217,0.0078843,0,1.0
165,0.5389144482799295,0.26241624722433965,0.0015493,2.459242111292193,3.0947272010640288,56.10769323532983,1.01338506043586,15.34306046539671,0.32696719194081925,-39.09344043861741,-0.8125632746084135,-83.17938897704016,-0.8604110866485712,19.073935484924977,-0.01912858174625246,-0.33657940451624885,-0.001441,0.3534401760712313,0.0078843,1,1.0
166,0.020991644784185935,0.006661740730301526,0.0015493,2.459242111292193,3.0947272010640288,-46.983655376549436,1.01338506043586,0.46005435331439615,0.32696719194081925,-40.82900485123075,-0.8125632746084135,54.11316465233519,-0.8604110866485712,37.38598749412348,-0.01912858174625246,-0.05245032545474075,-0.001441,0.05368612072715297,0.0078843,1,1.0
167,0.10775438170398169,0.002622421650612143,0.0015493,2.459242111292193,3.0947272010640288,-42.445812971974,1.01338506043586,1.756444506745051,0.32696719194081925,-47.067089869271825,-0.8125632746084135,45.09158975674898,-0.8604110866485712,43.350980368479085,-0.01912858174625246,-0.02080396465812414,-0.001441,0.020567659538873455,0.0078843,1,1.0
168,0.0022906973705670852,0.14142266847231538,0.0015493,2.459242111292193,3.0947272010640288,95.45131521295254,1.01338506043586,10.630687990626964,0.32696719194081925,-33.8837067602435,-0.8125632746084135,-5.955046799353249,-0.8604110866485712,-25.92370436438695,-0.01912858174625246,0.279874185556268,-0.001441,0.3130943547391598,0.0078843,0,1.0
169,0.02936717709142546,0.00047796170984565735,0.0015493,2.459242111292193,3.0947272010640288,-11.442262512784453,1.01338506043586,0.8372946193415478,0.32696719194081925,-14.015813898872999,-0.8125632746084135,12.40627074145745,-0.8604110866485712,12.00855286354137,-0.01912858174625246,-0.015281758529918128,-0.001441,0.015275491612138202,0.0078843,1,1.0
170,0.008963014838336614,0.11137137897958677,0.0015493,2.459242111292193,3.0947272010640288,6.2292905002231524,1.01338506043586,9.332397782623964,0.32696719194081925,-87.26775156811004,-0.8125632746084135,58.677774736584645,-0.8604110866485712,38.41120662726131,-0.01912858174625246,0.045660456892927234,-0.001441,0.21513827324635587,0.0078843,0,1.0
171,-0.0006053928865505931,0.09728957294156024,0.0015493,2.459242111292193,3.0947272010640288,77.2552078218257,1.01338506043586,11.886103782389636,0.32696719194081925,-95.31695288937902,-0.8125632746084135,93.35426313722728,-0.8604110866485712,4.001097941496393,-0.01912858174625246,0.36260321642854587,-0.001441,0.8046676323617344,0.0078843,0,1.0
172,0.1871425930277204,0.05197961544498633,0.0015493,2.459242111292193,3.0947272010640288,-28.120140382419574,1.01338506043586,8.432029153267106,0.32696719194081925,-81.69266553777064,-0.8125632746084135,40.09427073784334,-0.8604110866485712,57.92704894201461,-0.01912858174625246,-0.15949394465232833,-0.001441,0.1594197705886,0.0078843,1,1.0
173,0.00810437697479488,0.11994952148757135,0.0015493,2.459242111292193,3.0947272010640288,9.132728912069668,1.01338506043586,3.6002218113857776,0.32696719194081925,-43.022645027144485,-0.8125632746084135,42.563188977088295,-0.8604110866485712,15.102635612537501,-0.01912858174625246,0.1056806264477285,-0.001441,0.21042854683041018,0.0078843,0,1.0
174,0.3919199741048277,0.03394345563523128,0.0015493,2.459242111292193,3.0947272010640288,-97.8367441117051,1.01338506043586,-0.4627900603605567,0.32696719194081925,-57.43177354470029,-0.8125632746084135,65.63859365972746,-0.8604110866485712,79.12334914341776,-0.01912858174625246,-0.07579804490060292,-0.001441,0.07587806968528947,0.0078843,1,1.0
175,0.36903740914328526,0.014609850329890782,0.0015493,2.459242111292193,3.0947272010640288,-77.9583859591168,1.01338506043586,3.6382212919274144,0.32696719194081925,-77.76370519031616,-0.8125632746084135,61.241035877293086,-0.8604110866485712,81.71402747648295,-0.01912858174625246,-0.04385206349642829,-0.001441,0.044286750232333034,0.0078843,1,1.0
176,0.0002514145153352798,0.10923974648443817,0.0015493,2.459242111292193,3.0947272010640288,14.724113134705455,1.01338506043586,4.233833481643351,0.32696719194081925,-41.47123211713391,-0.8125632746084135,35.73298095235899,-0.8604110866485712,12.063782263262835,-0.01912858174625246,0.11844325682933854,-0.001441,0.17576048472445455,0.0078843,0,1.0
177,0.1148823004653432,0.0758617931751754,0.0015493,2.459242111292193,3.0947272010640288,-18.761159053049806,1.01338506043586,8.932821378090555,0.32696719194081925,-88.74001287302364,-0.8125632746084135,44.69785691862527,-0.8604110866485712,56.48367663231461,-0.01912858174625246,-0.17948297404060495,-0.001441,0.18501674794405318,0.0078843,1,1.0
178,0.09109273937163653,0.027603147667299616,0.0015493,2.459242111292193,3.0947272010640288,-58.695246214706486,1.01338506043586,5.820358304981438,0.32696719194081925,-99.66026221335059,-0.8125632746084135,84.26660485771484,-0.8604110866485712,75.49080539756952,-0.01912858174625246,-0.0961006793660684,-0.001441,0.09608033637127282,0.0078843,1,1.0
179,0.0013811781728506611,0.06040280133052962,0.0015493,2.459242111292193,3.0947272010640288,0.33217097300789616,1.01338506043586,6.980940055542038,0.32696719194081925,-62.15978120249911,-0.8125632746084135,32.559117462637175,-0.8604110866485712,30.64483627543472,-0.01912858174625246,-0.10062979953840956,-0.001441,0.15061745500574064,0.0078843,1,1.0
180,0.19134543388902772,0.00558903967307342,0.0015493,2.459242111292193,3.0947272010640288,-42.0953617163787,1.01338506043586,2.8767544946670305,0.32696719194081925,-49.07766616952459,-0.8125632746084135,36.92013088702121,-0.8604110866485712,47.122622267635414,-0.01912858174625246,-0.040924004074628643,-0.001441,0.041861099397742955,0.0078843,1,1.0
181,0.4978134405077195,0.13264181081625193,0.0015493,2.459242111292193,3.0947272010640288,42.72908367684152,1.01338506043586,9.879190869116174,0.32696719194081925,-8.780617299425634,-0.8125632746084135,-82.04152618551095,-0.8604110866485712,7.466040017372701,-0.01912858174625246,-0.22386681185468943,-0.001441,0.23349763164826404,0.0078843,1,1.0
182,0.03172165444097219,0.11264033833244161,0.0015493,2.459242111292193,3.0947272010640288,98.83809296753213,1.01338506043586,12.987847424820853,0.32696719194081925,-66.32030748682584,-0.8125632746084135,27.759201387511055,-0.8604110866485712,-12.337502661792906,-0.01912858174625246,0.3759704144946862,-0.001441,0.4655349320734182,0.0078843,0,1.0
183,0.010218893726840095,0.02983373032133352,0.0015493,2.459242111292193,3.0947272010640288,2.8091107480707236,1.01338506043586,4.816689429812257,0.32696719194081925,-41.733995645922114,-0.8125632746084135,16.263347818711857,-0.8604110866485712,21.2108146636825,-0.01912858174625246,-0.11200361749100061,-0.001441,0.11278966019526541,0.0078843,1,1.0
184,1.89789934994522e-05,0.13482204093272387,0.0015493,2.459242111292193,3.0947272010640288,64.99455861855049,1.01338506043586,10.53551345344915,0.32696719194081925,-59.23803674219009,-0.8125632746084135,23.70734644437298,-0.8604110866485712,-0.677521119798538,-0.01912858174625246,0.22451046357058901,-0.001441,0.2918018017957057,0.0078843,0,1.0
185,0.29564360377564597,0.010290026371939341,0.0015493,2.459242111292193,3.0947272010640288,-63.74173425230965,1.01338506043586,3.6851649352372533,0.32696719194081925,-66.89807758153299,-0.8125632746084135,51.59335259899983,-0.8604110866485712,67.61165821333196,-0.01912858174625246,-0.0529942712656385,-0.001441,0.05304455487902727,0.0078843,1,1.0
186,0.5442618657193592,0.11675055682399901,0.0015493,2.459242111292193,3.0947272010640288,-7.6421203346589195,1.01338506043586,10.906533663293045,0.32696719194081925,-56.6816650870051,-0.8125632746084135,-23.637371072807948,-0.8604110866485712,50.57716853847593,-0.01912858174625246,-0.20026395552946635,-0.001441,0.22007482807106188,0.0078843,1,1.0
187,0.06891930791127807,0.003146316865491143,0.0015493,2.459242111292193,3.0947272010640288,-25.501392923252567,1.01338506043586,1.5518639442576945,0.32696719194081925,-31.073137839512896,-0.8125632746084135,27.616328173089702,-0.8604110866485712,27.407500968498955,-0.01912858174625246,-0.023376998285838255,-0.001441,0.02215486244100046,0.0078843,1,1.0
188,0.13236667909167965,0.019725670008987964,0.0015493,2.459242111292193,3.0947272010640288,-12.107178639975254,1.01338506043586,5.107123488884318,0.32696719194081925,-43.31192743364325,-0.8125632746084135,15.493806372420991,-0.8604110866485712,30.836627467404504,-0.01912858174625246,-0.09797725854859597,-0.001441,0.09867831993473776,0.0078843,1,1.0
189,0.010943202528226559,0.10951538102117128,0.0015493,2.459242111292193,3.0947272010640288,59.83420503252287,1.01338506043586,13.3096703478493,0.32696719194081925,-99.72974097502511,-0.8125632746084135,72.38959766336923,-0.8604110866485712,17.472807516662087,-0.01912858174625246,0.35336920577465264,-0.001441,0.44862450904730494,0.0078843,0,1.0
190,0.3032594375901585,0.016624518901796843,0.0015493,2.459242111292193,3.0947272010640288,-38.24206270916772,1.01338506043586,4.604578803733817,0.32696719194081925,-50.795413021142366,-0.8125632746084135,22.61807986615356,-0.8604110866485712,50.54592342734538,-0.01912858174625246,-0.07654380642211303,-0.001441,0.07704399088962269,0.0078843,1,1.0
191,0.18898899417340442,0.19144150518498315,0.0015493,2.459242111292193,3.0947272010640288,79.17853905453455,1.01338506043586,13.633164628511715,0.32696719194081925,-49.34187260245837,-0.8125632746084135,-30.14791584323518,-0.8604110866485712,-0.9257569747034649,-0.01912858174625246,-0.0272990173018699,-0.001441,0.35631938054976153,0.0078843,1,1.0
192,0.3193528961717801,0.08205300899876672,0.0015493,2.459242111292193,3.0947272010640288,17.26707425978078,1.01338506043586,8.065743939686621,0.32696719194081925,-36.473379901298586,-0.8125632746084135,-29.16134752647657,-0.8604110866485712,25.410123836311993,-0.01912858174625246,-0.192177262452876,-0.001441,0.19800151238883942,0.0078843,1,1.0
193,0.0005539070878551322,0.05596694117077533,0.0015493,2.459242111292193,3.0947272010640288,44.01510555903,1.01338506043586,5.862335431474039,0.32696719194081925,-13.754683924768221,-0.8125632746084135,-28.391520525799965,-0.8604110866485712,-8.352273521995713,-0.01912858174625246,-0.15068551605741481,-0.001441,0.16059188367215788,0.0078843,1,1.0
194,0.006124291678451632,0.10837066510879936,0.0015493,2.459242111292193,3.0947272010640288,99.55692124117468,1.01338506043586,13.00373600110673,0.32696719194081925,-66.39249937295956,-0.8125632746084135,29.699298163024437,-0.8604110866485712,-13.80370663019339,-0.01912858174625246,0.3773561414786292,-0.001441,0.4649551207971256,0.0078843,0,1.0
195,0.0005861328160227108,0.11969724139368373,0.0015493,2.459242111292193,3.0947272010640288,93.30002404291862,1.01338506043586,11.791736758518187,0.32696719194081925,-60.86850205827046,-0.8125632746084135,34.640586524771884,-0.8604110866485712,-15.372619275644803,-0.01912858174625246,0.3478562227549774,-0.001441,0.516913824544838,0.0078843,0,1.0
196,0.5277649681384424,0.04769558647150692,0.0015493,2.459242111292193,3.0947272010640288,-31.88208089797543,1.01338506043586,3.0780994117428664,0.32696719194081925,-25.801203406015116,-0.8125632746084135,-15.227679163965385,-0.8604110866485712,46.1394747620471,-0.01912858174625246,-0.07131099371867153,-0.001441,0.07322810221533374,0.0078843,1,1.0
197,0.0020938176944576004,0.05727918945657188,0.0015493,2.459242111292193,3.0947272010640288,-78.51224265076158,1.01338506043586,-5.182678242014415,0.32696719194081925,-26.723145351661245,-0.8125632746084135,76.41610197827234,-0.8604110866485712,41.686770125193995,-0.01912858174625246,-0.16059361123627686,-0.001441,0.16316196892328722,0.0078843,1,1.0
198,0.4170029780238004,0.09882793070113771,0.0015493,2.459242111292193,3.0947272010640288,-23.67554356617157,1.01338506043586,11.085984369747763,0.32696719194081925,-84.92398445650014,-0.8125632746084135,14.48314161968698,-0.8604110866485712,66.82883913662836,-0.01912858174625246,-0.2172831016340597,-0.001441,0.21960024829475053,0.0078843,1,1.0
199,-0.00035590959076775563,0.28933150165812116,0.0015493,2.459242111292193,3.0947272010640288,74.57626655139259,1.01338506043586,5.208307641701131,0.32696719194081925,-27.054472408472712,-0.8125632746084135,46.562350422345986,-0.8604110866485712,-27.7549645457895,-0.01912858174625246,0.20176170010376787,-0.001441,0.7863617497881203,0.0078843,0,1.0
200,0.09371500022424151,0.629017884860848,0.0015493,1.053781742958659,1.4533862399266007,63.29450706822827,1.01338506043586,43.46619221376516,0.32696719194081925,-66.62398224671541,-0.8125632746084135,-16.321670322398038,-0.8604110866485712,-23.60890492453841,-0.01912858174625246,0.46983651285619565,-0.001441,29.24157738973095,0.0078843,0,1.0
201,-2.782535835530151,5.854731352317918,0.0015493,1.053781742958659,1.4533862399266007,94.47840013016615,1.01338506043586,49.81808356672489,0.32696719194081925,-69.66982829386544,-0.8125632746084135,-12.457453230168447,-0.8604110866485712,-61.69564565500731,-0.01912858174625246,9.21016008659001,-0.001441,37.37826121709108,0.0078843,0,1.0
202,5.123992680283885,23.69764046847948,0.0015493,1.053781742958659,1.4533862399266007,-24.66210413416738,1.01338506043586,3.300620866867207,0.32696719194081925,-13.310053612458319,-0.8125632746084135,-7.553632126228523,-0.8604110866485712,46.12018670581638,-0.01912858174625246,-6.1814237182422875,-0.001441,-0.07973754403104394,0.0078843,1,1.0
203,0.219281873001127,0.0005787040305004765,0.0015493,1.053781742958659,1.4533862399266007,-19.775771819957136,1.01338506043586,11.692288802406075,0.32696719194081925,-84.37283273969926,-0.8125632746084135,42.43369029114124,-0.8604110866485712,53.044180150598585,-0.01912858174625246,0.692112594324203,-0.001441,8.046510845046534,0.0078843,0,1.0
204,-3.8766933577163183,8.148241733832544,0.0015493,1.053781742958659,1.4533862399266007,94.58492342278655,1.01338506043586,46.61317796449421,0.32696719194081925,-68.33450630081299,-0.8125632746084135,-2.6660863444566787,-0.8604110866485712,-68.63977704870098,-0.01912858174625246,15.092427220068357,-0.001441,35.94329865949137,0.0078843,0,1.0
205,-5.5190076519204965,12.294289106316473,0.0015493,1.053781742958659,1.4533862399266007,78.41240930498007,1.01338506043586,42.896579762587486,0.32696719194081925,-99.92676258882211,-0.8125632746084135,35.93394179806199,-0.8604110866485712,-52.243956907257164,-0.01912858174625246,27.69854632370861,-0.001441,32.35347945972309,0.0078843,0,1.0
206,-5.680459947572248,17.229194777250086,0.0015493,1.053781742958659,1.4533862399266007,47.18306744784287,1.01338506043586,11.63207966756605,0.32696719194081925,-46.708455624366884,-0.8125632746084135,47.21437011731041,-0.8604110866485712,-51.30219604933927,-0.01912858174625246,12.147549615647051,-0.001441,38.86517947859669,0.0078843,0,1.0
207,0.18203729608057273,0.09149871897695458,0.0015493,1.053781742958659,1.4533862399266007,44.98287954387372,1.01338506043586,39.52337081677966,0.32696719194081925,-81.3823666576446,-0.8125632746084135,-1.582455028618792,-0.8604110866485712,-1.1121164690195582,-0.01912858174625246,0.3414414906484371,-0.001441,24.759491649052002,0.0078843,0,1.0
208,-0.10206350234081718,0.5811768488898816,0.0015493,1.053781742958659,1.4533862399266007,-18.59678024869644,1.01338506043586,12.527999026182304,0.32696719194081925,-88.59841583750149,-0.8125632746084135,48.10326519663694,-0.8604110866485712,50.77801821304666,-0.01912858174625246,1.1707912534152412,-0.001441,11.959260472986031,0.0078843,0,1.0
209,0.5702626234660517,0.056314835156659554,0.0015493,1.053781742958659,1.4533862399266007,-23.113596399529122,1.01338506043586,11.722752176414282,0.32696719194081925,-88.72922354613642,-0.8125632746084135,44.03844516760766,-0.8604110866485712,59.40074514062464,-0.01912858174625246,0.3780728768512276,-0.001441,7.7593971716863805,0.0078843,0,1.0
210,-5.158426515640718,10.43692216332245,0.0015493,1.053781742958659,1.4533862399266007,96.50937759888323,1.01338506043586,37.9825323151691,0.32696719194081925,-40.506635356302425,-0.8125632746084135,-4.377768763418623,-0.8604110866485712,-88.4938129112467,-0.01912858174625246,17.05467394394729,-0.001441,32.87392004729002,0.0078843,0,1.0
211,-0.03294319596263939,0.4018760798165397,0.0015493,1.053781742958659,1.4533862399266007,52.20819123921104,1.01338506043586,34.620205600076716,0.32696719194081925,-50.61448501598719,-0.8125632746084135,-14.430533576395833,-0.8604110866485712,-21.78438815382679,-0.01912858174625246,0.28433572989486144,-0.001441,23.538332767089926,0.0078843,0,1.0
212,-2.595776777557342,5.337330595522337,0.0015493,1.053781742958659,1.4533862399266007,38.37471146481054,1.01338506043586,21.55652620241572,0.32696719194081925,-51.23121667481396,-0.8125632746084135,14.281209405833538,-0.8604110866485712,-21.88026034840949,-0.01912858174625246,9.651289580023452,-0.001441,16.312862085568852,0.0078843,0,1.0
213,0.9016224873256866,1.9344081213761188,0.0015493,1.053781742958659,1.4533862399266007,-28.863424862294465,1.01338506043586,5.859711060379295,0.32696719194081925,-82.29826484725895,-0.8125632746084135,43.8533686743936,-0.8604110866485712,64.80641790349112,-0.01912858174625246,0.31512972820577057,-0.001441,4.561698462038665,0.0078843,0,1.0
214,-0.014587944997696667,0.2717160089719346,0.0015493,1.053781742958659,1.4533862399266007,58.07695681422355,1.01338506043586,42.473658316973356,0.32696719194081925,-70.94864665372184,-0.8125632746084135,-11.77657881344557,-0.8604110866485712,-17.765820493297674,-0.01912858174625246,0.3365105259248953,-0.001441,27.78341630440157,0.0078843,0,1.0
215,7.141828010761021,52.23874629970006,0.0015493,1.053781742958659,1.4533862399266007,-51.62067346857913,1.01338506043586,-2.9958765129500895,0.32696719194081925,-12.395361597488456,-0.8125632746084135,-8.543836260826026,-0.8604110866485712,78.62983896161504,-0.01912858174625246,-15.901534528262811,-0.001441,-5.4799129845820636,0.0078843,1,1.0
216,-0.5517526318281529,1.7261984636945744,0.0015493,1.053781742958659,1.4533862399266007,67.19381212640194,1.01338506043586,32.65087645988055,0.32696719194081925,-19.823949671418813,-0.8125632746084135,-30.450840459832936,-0.8604110866485712,-50.314851709421006,-0.01912858174625246,0.2542773203749924,-0.001441,24.786590374670876,0.0078843,0,1.0
217,0.17260143380022797,0.0009867882148547164,0.0015493,1.053781742958659,1.4533862399266007,13.674386470687216,1.01338506043586,27.231509240747908,0.32696719194081925,-87.03731847958183,-0.8125632746084135,20.719148193738782,-0.8604110866485712,26.940515804636277,-0.01912858174625246,2.493812957937232,-0.001441,14.790093932498491,0.0078843,0,1.0
218,-3.524460340435737,7.254285263352125,0.0015493,1.053781742958659,1.4533862399266007,12.038890634090844,1.01338506043586,-1.064242924417272,0.32696719194081925,-14.615833424597412,-0.8125632746084135,29.786009408338778,-0.8604110866485712,-22.991850646159214,-0.01912858174625246,0.7241927228026697,-0.001441,18.83003523638487,0.0078843,0,1.0
219,-11.420463016050885,23.55645876527493,0.0015493,1.053781742958659,1.4533862399266007,56.17656929946357,1.01338506043586,4.0231997190785425,0.32696719194081925,-51.477356971651176,-0.8125632746084135,85.4450516412931,-0.8604110866485712,-85.08467151509493,-0.01912858174625246,8.831369107924523,-0.001441,58.18470132824255,0.0078843,0,1.0
220,-6.180697323734984,12.581184174413325,0.0015493,1.053781742958659,1.4533862399266007,83.57715744159916,1.01338506043586,42.8231224310565,0.32696719194081925,-99.7570166315883,-0.8125632746084135,36.03245766317203,-0.8604110866485712,-58.283381812980664,-0.01912858174625246,26.91028302830965,-0.001441,34.33587313508998,0.0078843,0,1.0
221,-0.44618468729798266,0.9700505452247581,0.0015493,1.053781742958659,1.4533862399266007,69.37640393449192,1.01338506043586,48.47295588722059,0.32696719194081925,-80.01632114151776,-0.8125632746084135,-13.39260489671143,-0.8604110866485712,-24.739732970076574,-0.01912858174625246,0.5682878929523483,-0.001441,32.3214740851502,0.0078843,0,1.0
222,0.04706428344996949,0.21528878422137537,0.0015493,1.053781742958659,1.4533862399266007,-9.129746724455023,1.01338506043586,6.5995248647281315,0.32696719194081925,-48.11546946643972,-0.8125632746084135,23.115420236022842,-0.8604110866485712,29.00615876080422,-0.01912858174625246,1.6824275555938477,-0.001441,3.5447262833711397,0.0078843,0,1.0
223,0.5196342211499383,0.00039908278937718074,0.0015493,1.053781742958659,1.4533862399266007,-2.508281307905522,1.01338506043586,17.24385209433689,0.32696719194081925,-71.02296473013746,-0.8125632746084135,22.96347596934071,-0.8604110866485712,34.93474822419389,-0.01912858174625246,1.133184646387979,-0.001441,8.378302528289113,0.0078843,0,1.0
224,3.6682787624536184,17.027657719906923,0.0015493,1.053781742958659,1.4533862399266007,41.763062242761585,1.01338506043586,32.299893111073466,0.32696719194081925,-28.927769218352715,-0.8125632746084135,-31.124406342530737,-0.8604110866485712,-10.27253247839852,-0.01912858174625246,0.4604433285354883,-0.001441,20.60269405893409,0.0078843,0,1.0
225,-1.4423651096273407,3.1583432601886403,0.0015493,1.053781742958659,1.4533862399266007,77.12145382883398,1.01338506043586,39.98416605142133,0.32696719194081925,-37.97770830938403,-0.8125632746084135,-25.132787352519635,-0.8604110866485712,-54.902890123392496,-0.01912858174625246,2.5154533271749404,-0.001441,29.021716501851728,0.0078843,0,1.0
226,1.906552601808507,15.733818963486012,0.0015493,1.053781742958659,1.4533862399266007,-27.998050827612904,1.01338506043586,-8.697724590743945,0.32696719194081925,-4.120379990843668,-0.8125632746084135,10.172926713537496,-0.8604110866485712,32.96048381902244,-0.01912858174625246,-7.162742920906394,-0.001441,0.15793530233235176,0.0078843,1,1.0
227,-3.900394318557751,7.945924977020051,0.0015493,1.053781742958659,1.4533862399266007,77.54613159876277,1.01338506043586,44.72475916812904,0.32696719194081925,-88.5850280543065,-0.8125632746084135,14.80407819569057,-0.8604110866485712,-46.23117764223066,-0.01912858174625246,17.191024492923383,-0.001441,31.653575531914832,0.0078843,0,1.0
228,0.15697539815445083,0.5344414410972566,0.0015493,1.053781742958659,1.4533862399266007,57.34631204236407,1.01338506043586,40.92936347026996,0.32696719194081925,-66.48579130513079,-0.8125632746084135,-13.132301800531494,-0.8604110866485712,-18.34709080171896,-0.01912858174625246,0.462173214743812,-0.001441,27.266831489198708,0.0078843,0,1.0
229,-9.788548570515383,20.890604119387408,0.0015493,1.053781742958659,1.4533862399266007,91.1794085474348,1.01338506043586,31.138223339727006,0.32696719194081925,-74.0116663849346,-0.8125632746084135,54.293449828205326,-0.8604110866485712,-95.99372763371565,-0.01912858174625246,25.113846416963433,-0.001441,47.82048783126243,0.0078843,0,1.0
230,-7.771396233871791,16.12588890645926,0.0015493,1.053781742958659,1.4533862399266007,83.06871970435596,1.01338506043586,22.2251851304313,0.32696719194081925,-34.733403386773446,-0.8125632746084135,28.384287514270426,-0.8604110866485712,-94.43517529833836,-0.01912858174625246,19.674090521896847,-0.001441,37.69792864423516,0.0078843,0,1.0
231,-5.4659115531341165,11.36125191633285,0.0015493,1.053781742958659,1.4533862399266007,90.9343581799809,1.01338506043586,42.95597022541457,0.32696719194081925,-81.05915387025674,-0.8125632746084135,18.716312866888735,-0.8604110866485712,-68.25513704780609,-0.01912858174625246,22.70459944029047,-0.001441,35.29286508461715,0.0078843,0,1.0
232,-0.2815127406933531,0.7348912188394319,0.0015493,1.053781742958659,1.4533862399266007,12.210907964383772,1.01338506043586,6.881679772843906,0.32696719194081925,-8.049906922241465,-0.8125632746084135,-1.7796706628035612,-0.8604110866485712,-8.88058365772633,-0.01912858174625246,2.116939688174124,-0.001441,4.50361870337983,0.0078843,0,1.0
233,-7.116428857527962,14.986421520457425,0.0015493,1.053781742958659,1.4533862399266007,28.523978953044487,1.01338506043586,8.090714486199603,0.32696719194081925,-72.83567411201112,-0.8125632746084135,74.64135254933163,-0.8604110866485712,-30.62243090843334,-0.01912858174625246,7.812564126375474,-0.001441,41.10617663686068,0.0078843,0,1.0
234,0.04487067147185719,0.12078578654908066,0.0015493,1.053781742958659,1.4533862399266007,16.762875114272425,1.01338506043586,23.656727439736038,0.32696719194081925,-70.2143768047246,-0.8125632746084135,15.251652679411945,-0.8604110866485712,16.197136202485787,-0.01912858174625246,3.6180270120289597,-0.001441,13.5663325857154,0.0078843,0,1.0
235,-1.1035519099263489,2.516724872649386,0.0015493,1.053781742958659,1.4533862399266007,78.1214169467495,1.01338506043586,50.78754699419161,0.32696719194081925,-84.75065928544186,-0.8125632746084135,-10.74655298533117,-0.8604110866485712,-33.120353680458194,-0.01912858174625246,3.848085819771695,-0.001441,35.18896017835536,0.0078843,0,1.0
236,-5.433863568707499,10.894131308721153,0.0015493,1.053781742958659,1.4533862399266007,71.73439190520106,1.01338506043586,31.309351615786454,0.32696719194081925,-63.10390343910487,-0.8125632746084135,22.71621497065448,-0.8604110866485712,-59.83885199720113,-0.01912858174625246,20.32932216582994,-0.001441,27.7772986421074,0.0078843,0,1.0
237,0.057466099680448135,0.030748646422494114,0.0015493,1.053781742958659,1.4533862399266007,-3.071069596183576,1.01338506043586,6.777199098138711,0.32696719194081925,-32.0180026172255,-0.8125632746084135,12.442843038653324,-0.8604110866485712,16.524037120757605,-0.01912858174625246,0.422837285414267,-0.001441,3.2991213136931536,0.0078843,0,1.0
238,2.8082168721382774,16.668566873750372,0.0015493,1.053781742958659,1.4533862399266007,-47.942459960147104,1.01338506043586,-4.648063648628315,0.32696719194081925,-61.61473788717422,-0.8125632746084135,37.413179486889966,-0.8604110866485712,80.79686584375622,-0.01912858174625246,-5.891203680728628,-0.001441,0.23117190576212066,0.0078843,1,1.0
239,0.027657439374172865,0.9715222476487199,0.0015493,1.053781742958659,1.4533862399266007,-10.432078932417932,1.01338506043586,5.493947912881568,0.32696719194081925,-49.31045996234967,-0.8125632746084135,29.79488157224052,-0.8604110866485712,28.104011658403046,-0.01912858174625246,1.2537656400032322,-0.001441,9.105502043509565,0.0078843,0,1.0
240,0.01510758979958382,0.008095660276066547,0.0015493,1.053781742958659,1.4533862399266007,-4.209520360114354,1.01338506043586,16.684694929574754,0.32696719194081925,-78.67408021106506,-0.8125632746084135,31.219520295525825,-0.8604110866485712,37.170180777136316,-0.01912858174625246,3.4736082511091078,-0.001441,8.494155862886243,0.0078843,0,1.0
241,3.102544253148671,11.386182109524682,0.0015493,1.053781742958659,1.4533862399266007,-16.123947152844476,1.01338506043586,-2.333116287091706,0.32696719194081925,-1.8137222526630619,-0.8125632746084135,-2.406129908737595,-0.8604110866485712,26.18686828130336,-0.01912858174625246,-2.2108768700205177,-0.001441,0.1705125664648277,0.0078843,1,1.0
242,3.4356041812216014,19.36843244012472,0.0015493,1.053781742958659,1.4533862399266007,-26.033619316502147,1.01338506043586,-6.350468162293511,0.32696719194081925,-1.1637547869030334,-0.8125632746084135,0.937063527408281,-0.8604110866485712,36.15758306194288,-0.01912858174625246,-5.161486131594345,-0.001441,-0.958310283476103,0.0078843,1,1.0
243,-7.002305140813644,14.019309184173617,0.0015493,1.053781742958659,1.4533862399266007,84.85975452746943,1.01338506043586,22.427497059790458,0.32696719194081925,-18.53591763659956,-0.8125632746084135,10.10180878440027,-0.8604110866485712,-97.13437982836419,-0.01912858174625246,17.78355407002982,-0.001441,30.327882319464894,0.0078843,0,1.0
244,0.025355491883026104,0.18603459894731234,0.0015493,1.053781742958659,1.4533862399266007,53.15855699654505,1.01338506043586,41.23737104753133,0.32696719194081925,-72.89653840282585,-0.8125632746084135,-8.626101961196024,-0.8604110866485712,-12.764962555090172,-0.01912858174625246,0.3265489050002426,-0.001441,26.304968257619613,0.0078843,0,1.0
245,-0.09435329831473105,0.34936243300677144,0.0015493,1.053781742958659,1.4533862399266007,16.611688722904766,1.01338506043586,26.01021370359067,0.32696719194081925,-82.46091459339557,-0.8125632746084135,21.323743820747406,-0.8604110866485712,20.714032615465932,-0.01912858174625246,5.272581148818533,-0.001441,14.699183614603774,0.0078843,0,1.0
246,7.208161672787985,47.40013255127225,0.0015493,1.053781742958659,1.4533862399266007,-47.87711164871503,1.01338506043586,1.0321152869819932,0.32696719194081925,-20.77453153430207,-0.8125632746084135,-7.396584356101652,-0.8604110866485712,78.62671007836137,-0.01912858174625246,-14.742762862694601,-0.001441,-3.202924846475919,0.0078843,1,1.0
247,-6.143788489048685,13.133450763016842,0.0015493,1.053781742958659,1.4533862399266007,82.16760653466645,1.01338506043586,31.335182050094822,0.32696719194081925,-57.74054691971531,-0.8125632746084135,23.744910563185208,-0.8604110866485712,-75.31793361424948,-0.01912858174625246,22.509670678721175,-0.001441,33.35661059860323,0.0078843,0,1.0
248,-0.06687822220094297,0.7577456903088086,0.0015493,1.053781742958659,1.4533862399266007,35.61953371463675,1.01338506043586,16.548673511705406,0.32696719194081925,-3.879236025143859,-0.8125632746084135,-19.209125040871204,-0.8604110866485712,-29.248685970659707,-0.01912858174625246,0.38612906368389854,-0.001441,12.417216016109794,0.0078843,0,1.0
249,-4.540625658395797,9.373777853584418,0.0015493,1.053781742958659,1.4533862399266007,62.921734424258545,1.01338506043586,30.71966390306152,0.32696719194081925,-69.61475330485708,-0.8125632746084135,25.12647331683468,-0.8604110866485712,-45.72179846267315,-0.01912858174625246,19.637930834611538,-0.001441,26.02132361222504,0.0078843,0,1.0
250,-3.9744544284680963,8.816087187210211,0.0015493,1.053781742958659,1.4533862399266007,50.55756655131966,1.01338506043586,24.955913884132784,0.32696719194081925,-64.89943759711774,-0.8125632746084135,28.8236300927848,-0.8604110866485712,-35.26035062738766,-0.01912858174625246,17.48870426168508,-0.001441,24.187348681044526,0.0078843,0,1.0
251,3.138834424661506,9.359407418473683,0.0015493,1.053781742958659,1.4533862399266007,18.72008717390521,1.01338506043586,23.63195818113047,0.32696719194081925,-36.65373560012415,-0.8125632746084135,-13.07580706055318,-0.8604110866485712,10.745297089271949,-0.01912858174625246,0.29693919034619665,-0.001441,13.30955281460827,0.0078843,0,1.0
252,0.7367926611960982,38.2417739524144,0.0015493,1.053781742958659,1.4533862399266007,-59.163596366014794,1.01338506043586,-24.81920599582199,0.32696719194081925,-15.663345009945257,-0.8125632746084135,38.683977647063664,-0.8604110866485712,62.67636063776247,-0.01912858174625246,-16.75522522429923,-0.001441,0.1426137988392142,0.0078843,1,1.0
253,-5.594042858254808,11.248941150690477,0.0015493,1.053781742958659,1.4533862399266007,83.57524053622164,1.01338506043586,31.0162645695425,0.32696719194081925,-43.443886738322696,-0.8125632746084135,8.892965365421242,-0.8604110866485712,-78.20434051449432,-0.01912858174625246,18.267273563852715,-0.001441,29.85253352600439,0.0078843,0,1.0
254,3.8294914009773535,21.615595619715116,0.0015493,1.053781742958659,1.4533862399266007,-41.595636719440854,1.01338506043586,-5.5622820771651424,0.32696719194081925,-33.05789347102904,-0.8125632746084135,18.593845904390374,-0.8604110866485712,65.8680214338125,-0.01912858174625246,-6.2922285488842515,-0.001441,-1.0769229707016823,0.0078843,1,1.0
255,-3.5847254888169897,7.657588177014401,0.0015493,1.053781742958659,1.4533862399266007,17.093790645702196,1.01338506043586,8.153939133315541,0.32696719194081925,-42.999516960636434,-0.8125632746084135,37.491015403814075,-0.8604110866485712,-15.850840944225316,-0.01912858174625246,5.420695322787086,-0.001441,20.78734825294364,0.0078843,0,1.0
256,1.633218748225312,12.27575128207268,0.0015493,1.053781742958659,1.4533862399266007,-33.30797115344363,1.01338506043586,-3.5813683264807645,0.32696719194081925,-45.42329380744821,-0.8125632746084135,27.5896611854989,-0.8604110866485712,56.911152605692216,-0.01912858174625246,-3.839365098989388,-0.001441,-0.799588564665634,0.0078843,1,1.0
257,-0.48855664448012703,1.5181933326551933,0.0015493,1.053781742958659,1.4533862399266007,94.39644623518411,1.01338506043586,59.15698852304598,0.32696719194081925,-81.245307761515,-0.8125632746084135,-27.53721407507967,-0.8604110866485712,-45.321055388100966,-0.01912858174625246,0.2681630399358035,-0.001441,41.100025717851565,0.0078843,0,1.0
258,-0.4100607041942803,0.9600109836703499,0.0015493,1.053781742958659,1.4533862399266007,24.307806075972085,1.01338506043586,18.307145308431377,0.32696719194081925,-39.762863436513584,-0.8125632746084135,2.975374666010226,-0.8604110866485712,-5.025712451830415,-0.01912858174625246,3.07689638432302,-0.001441,12.3111356069581,0.0078843,0,1.0
259,-1.5651939369982095,3.4113706284839242,0.0015493,1.053781742958659,1.4533862399266007,83.60840623720262,1.01338506043586,50.15515409506838,0.32696719194081925,-76.54243488247589,-0.8125632746084135,-13.327438499433839,-0.8604110866485712,-43.670658240368596,-0.01912858174625246,5.144700855373287,-0.001441,35.61755175550164,0.0078843,0,1.0
260,-6.463686369108934,13.041323206933598,0.0015493,1.053781742958659,1.4533862399266007,51.391794207487926,1.01338506043586,15.90389594658841,0.32696719194081925,-49.84209130559011,-0.8125632746084135,41.90933806011844,-0.8604110866485712,-54.80719756493401,-0.01912858174625246,13.816260512107249,-0.001441,31.74454439560361,0.0078843,0,1.0
261,-1.7867618179552283,3.695484510640629,0.0015493,1.053781742958659,1.4533862399266007,29.73649748214318,1.01338506043586,10.033931505598437,0.32696719194081925,-10.210249809228575,-0.8125632746084135,0.8946637484233771,-0.8604110866485712,-29.532716494365967,-0.01912858174625246,6.367053403707688,-0.001441,10.548388474216717,0.0078843,0,1.0
262,-3.602195900643231,7.342543594173492,0.0015493,1.053781742958659,1.4533862399266007,75.00035453369864,1.01338506043586,42.55698891732841,0.32696719194081925,-84.98943025769628,-0.8125632746084135,12.89804906446766,-0.8604110866485712,-43.39438152171843,-0.01912858174625246,15.330348336997261,-0.001441,31.236476267621427,0.0078843,0,1.0
263,-0.010993951256422996,0.16011395688054256,0.0015493,1.053781742958659,1.4533862399266007,-1.5198677508602365,1.01338506043586,20.461022425474628,0.32696719194081925,-92.41290825510875,-0.8125632746084135,36.52717303434435,-0.8604110866485712,40.12911683948571,-0.01912858174625246,6.009107213864676,-0.001441,10.835831862888963,0.0078843,0,1.0
264,-0.322217198266431,1.4369548593226833,0.0015493,1.053781742958659,1.4533862399266007,70.80606594227567,1.01338506043586,39.657704769480205,0.32696719194081925,-38.803043392563495,-0.8125632746084135,-27.840418682281268,-0.8604110866485712,-44.28953715975616,-0.01912858174625246,0.40052037517567385,-0.001441,28.181487679322494,0.0078843,0,1.0
265,0.06050931371292956,0.11629335218107115,0.0015493,1.053781742958659,1.4533862399266007,-21.84577207287197,1.01338506043586,8.602958877730803,0.32696719194081925,-80.2444367701387,-0.8125632746084135,45.22372216599873,-0.8604110866485712,51.923881166544305,-0.01912858174625246,0.26183924102743816,-0.001441,9.160495918638517,0.0078843,0,1.0
266,-2.085224832793357,4.41382019636122,0.0015493,1.053781742958659,1.4533862399266007,40.52029289586167,1.01338506043586,22.4119834960904,0.32696719194081925,-44.6762383874261,-0.8125632746084135,9.192013922051558,-0.8604110866485712,-25.64686944878516,-0.01912858174625246,10.648631733672525,-0.001441,16.334450366915764,0.0078843,0,1.0
267,-1.7824477863708896,4.05187564740254,0.0015493,1.053781742958659,1.4533862399266007,61.36836438800382,1.01338506043586,41.722396078204305,0.32696719194081925,-86.18885930990578,-0.8125632746084135,8.390198229321816,-0.8604110866485712,-23.210868727997312,-0.01912858174625246,10.461702869759598,-0.001441,28.36297419667813,0.0078843,0,1.0
268,-4.931677782081723,10.161345366966808,0.0015493,1.053781742958659,1.4533862399266007,-0.5646720344391409,1.01338506043586,4.980360849511306,0.32696719194081925,-85.39516948702067,-0.8125632746084135,78.11775115433285,-0.8604110866485712,10.042256580000954,-0.01912858174625246,2.269959420122049,-0.001441,32.38932679804796,0.0078843,0,1.0
269,-0.017394292346107676,0.9425694760122376,0.0015493,1.053781742958659,1.4533862399266007,92.19542711504546,1.01338506043586,62.92251145953995,0.32696719194081925,-94.02108597253617,-0.8125632746084135,-24.721625953850754,-0.8604110866485712,-36.46064254133241,-0.01912858174625246,0.26774943205830226,-0.001441,42.015890232685955,0.0078843,0,1.0
270,2.5165089035065984,3.299175537690092,0.0015493,1.053781742958659,1.4533862399266007,-11.881060358360026,1.01338506043586,19.267133361193846,0.32696719194081925,-79.79575806607869,-0.8125632746084135,23.40566410818483,-0.8604110866485712,53.123939060287306,-0.01912858174625246,0.8646482622138691,-0.001441,9.142212875458767,0.0078843,0,1.0
271,-3.364143805548558,6.823505339334153,0.0015493,1.053781742958659,1.4533862399266007,-12.88868809163964,1.01338506043586,6.896349254720032,0.32696719194081925,-96.2837011462732,-0.8125632746084135,75.40194945791875,-0.8604110866485712,33.2418250584856,-0.01912858174625246,1.2366135073038045,-0.001441,25.501072675826716,0.0078843,0,1.0
272,0.085505806869417,0.00583706119932954,0.0015493,1.053781742958659,1.4533862399266007,20.117599149228795,1.01338506043586,26.779602961807967,0.32696719194081925,-73.19401895990254,-0.8125632746084135,11.577447346400298,-0.8604110866485712,15.480245935946943,-0.01912858174625246,1.131660314890607,-0.001441,15.269241156778055,0.0078843,0,1.0
273,4.739215824975046,18.520454683988547,0.0015493,1.053781742958659,1.4533862399266007,-29.27257662043161,1.01338506043586,5.105057466538327,0.32696719194081925,-37.10501177083559,-0.8125632746084135,3.9377770091377213,-0.8604110866485712,60.749576199145324,-0.01912858174625246,-6.326680313846513,-0.001441,0.23615320958860986,0.0078843,1,1.0
274,-2.5291265240096195,5.1227517323914045,0.0015493,1.053781742958659,1.4533862399266007,60.30241649765191,1.01338506043586,19.35331337838351,0.32696719194081925,-0.8908384567553593,-0.8125632746084135,-17.833932054971033,-0.8604110866485712,-61.497051104926925,-0.01912858174625246,5.208125665708752,-0.001441,19.164414259065847,0.0078843,0,1.0
275,-3.3932954919826397,6.812380903803983,0.0015493,1.053781742958659,1.4533862399266007,74.32074534270926,1.01338506043586,40.92008796361368,0.32696719194081925,-74.5143431127602,-0.8125632746084135,6.870905527862638,-0.8604110866485712,-46.21874788788133,-0.01912858174625246,13.18276116980506,-0.001441,30.009245348685184,0.0078843,0,1.0
276,-2.368171994776496,5.27692817198964,0.0015493,1.053781742958659,1.4533862399266007,92.05443436922934,1.01338506043586,54.18483178497475,0.32696719194081925,-90.10074098302697,-0.8125632746084135,-6.449927748747578,-0.8604110866485712,-48.69475988187566,-0.01912858174625246,9.161547825441472,-0.001441,39.23766192796615,0.0078843,0,1.0
277,5.012977095842066,17.62118262154114,0.0015493,1.053781742958659,1.4533862399266007,8.891535856970584,1.01338506043586,38.70909611101403,0.32696719194081925,-99.61189085758555,-0.8125632746084135,5.199778243872264,-0.8604110866485712,52.959506572644166,-0.01912858174625246,0.7768100743336426,-0.001441,19.577968531657536,0.0078843,0,1.0
278,-0.04777328436227535,0.2716469351465842,0.0015493,1.053781742958659,1.4533862399266007,48.545913923555425,1.01338506043586,34.449035217046934,0.32696719194081925,-55.62899665425436,-0.8125632746084135,-10.786064135358048,-0.8604110866485712,-16.57562969069218,-0.01912858174625246,0.27957015172925637,-0.001441,22.793480326871805,0.0078843,0,1.0
279,0.012660477740283227,0.04534045422846333,0.0015493,1.053781742958659,1.4533862399266007,56.294037444568126,1.01338506043586,48.416976367548,0.32696719194081925,-98.58319676711339,-0.8125632746084135,-2.0496487692332797,-0.8604110866485712,-3.7547487817303096,-0.01912858174625246,0.5377749723679273,-0.001441,30.37410356284643,0.0078843,0,1.0
280,-0.06762936565281308,0.7399190188827983,0.0015493,1.053781742958659,1.4533862399266007,57.570960458878396,1.01338506043586,37.522721864964176,0.32696719194081925,-52.53937799750081,-0.8125632746084135,-16.31775170128872,-0.8604110866485712,-26.068104204403863,-0.01912858174625246,1.0166611668522005,-0.001441,25.407121389893355,0.0078843,0,1.0
281,-0.20628401975435384,0.6316543530989163,0.0015493,1.053781742958659,1.4533862399266007,22.636337221494603,1.01338506043586,13.924900569742649,0.32696719194081925,-19.09521703924962,-0.8125632746084135,-4.777419899225722,-0.8604110866485712,-12.266578092373136,-0.01912858174625246,1.9574438766252094,-0.001441,9.468075808931577,0.0078843,0,1.0
282,-8.127037243339306,16.759417908851997,0.0015493,1.053781742958659,1.4533862399266007,66.65076981686849,1.01338506043586,16.194308387898868,0.32696719194081925,-49.00926517031479,-0.8125632746084135,47.07887075529145,-0.8604110866485712,-75.48374881660025,-0.01912858174625246,16.034185033715154,-0.001441,39.78745433991071,0.0078843,0,1.0
283,0.7925075678020974,2.3518862677177017,0.0015493,1.053781742958659,1.4533862399266007,66.05337094271374,1.01338506043586,52.50665860470823,0.32696719194081925,-86.51306202707687,-0.8125632746084135,-15.082290214324546,-0.8604110866485712,-15.913977850880087,-0.01912858174625246,1.0643199784183288,-0.001441,32.66391140444732,0.0078843,0,1.0
284,-0.5232303508480474,1.365200702958937,0.0015493,1.053781742958659,1.4533862399266007,43.97766032051165,1.01338506043586,35.519989105059224,0.32696719194081925,-73.65634792733773,-0.8125632746084135,3.576480414818733,-0.8604110866485712,-8.152495297351914,-0.01912858174625246,4.859247980075223,-0.001441,22.37910595966079,0.0078843,0,1.0
285,-8.294110529790784,17.15273004469662,0.0015493,1.053781742958659,1.4533862399266007,99.99332942108842,1.01338506043586,37.43343973394426,0.32696719194081925,-73.71097978419029,-0.8125632746084135,35.549313287641326,-0.8604110866485712,-94.13210038513424,-0.01912858174625246,27.94111999849091,-0.001441,41.865199329157214,0.0078843,0,1.0
286,4.077340352608871,20.818602640040474,0.0015493,1.053781742958659,1.4533862399266007,-55.56244823751827,1.01338506043586,-1.6757565574674793,0.32696719194081925,-67.38403335516725,-0.8125632746084135,35.685026087671474,-0.8604110866485712,93.52979721534425,-0.01912858174625246,-8.385228196407104,-0.001441,0.021553994746188465,0.0078843,1,1.0
287,-7.658775871683401,15.905659545746115,0.0015493,1.053781742958659,1.4533862399266007,38.89061604805582,1.01338506043586,0.14620036385115126,0.32696719194081925,-28.647084505971346,-0.8125632746084135,55.12672504195239,-0.8604110866485712,-59.48180163422299,-0.01912858174625246,5.5562344294194155,-0.001441,39.01815819645698,0.0078843,0,1.0
288,0.03881611918144401,1.261869084511619,0.0015493,1.053781742958659,1.4533862399266007,48.29212642050954,1.01338506043586,24.922590296485506,0.32696719194081925,-12.36986758659195,-0.8125632746084135,-24.90620283224087,-0.8604110866485712,-36.15871483222097,-0.01912858174625246,0.27937169336022016,-0.001441,17.62549586540765,0.0078843,0,1.0
289,-0.9327632208447407,2.1706591263611816,0.0015493,1.053781742958659,1.4533862399266007,6.046934001280585,1.01338506043586,6.479729779181123,0.32696719194081925,-31.224186124952517,-0.8125632746084135,18.257836279345355,-0.8604110866485712,2.7518441148511465,-0.01912858174625246,4.071461230273897,-0.001441,8.58454845395496,0.0078843,0,1.0
290,-0.13372862612622782,0.5388703599268749,0.0015493,1.053781742958659,1.4533862399266007,62.832809001924446,1.01338506043586,43.385830289056,0.32696719194081925,-68.89865212402248,-0.8125632746084135,-14.497944214346203,-0.8604110866485712,-22.889883647783982,-0.01912858174625246,0.30299848716593836,-0.001441,29.169841914185113,0.0078843,0,1.0
291,-0.07365377450983068,3.9251429872735653,0.0015493,1.053781742958659,1.4533862399266007,43.100815740779225,1.01338506043586,31.36680561414978,0.32696719194081925,-64.76559706936662,-0.8125632746084135,4.186180817491009,-0.8604110866485712,-10.469765621468959,-0.01912858174625246,9.05010332390853,-0.001441,21.53678060256086,0.0078843,0,1.0
292,0.46296416993524847,6.073636252618584e-05,0.0015493,1.053781742958659,1.4533862399266007,-0.8597283272332674,1.01338506043586,19.062509978970787,0.32696719194081925,-76.22288494455024,-0.8125632746084135,24.148845277397864,-0.8604110866485712,35.55588825868473,-0.01912858174625246,1.5062029114482787,-0.001441,9.402161638949385,0.0078843,0,1.0
293,2.722151522740476,5.111497770557954,0.0015493,1.053781742958659,1.4533862399266007,-26.589810614302632,1.01338506043586,3.5403464255290293,0.32696719194081925,-52.50534991240568,-0.8125632746084135,21.210747856063346,-0.8604110866485712,57.70653701476357,-0.01912858174625246,-0.7472683865454631,-0.001441,0.3575423402505268,0.0078843,1,1.0
294,-1.2980798879428974,2.905719628070712,0.0015493,1.053781742958659,1.4533862399266007,94.2461602960166,1.01338506043586,51.53480611459739,0.32696719194081925,-59.22116811905575,-0.8125632746084135,-29.239018497789143,-0.8604110866485712,-58.232990756758845,-0.01912858174625246,1.581601637738352,-0.001441,37.923107087855044,0.0078843,0,1.0
295,2.407470282612266,4.878696914340328,0.0015493,1.053781742958659,1.4533862399266007,-21.190709153223235,1.01338506043586,4.272639837234984,0.32696719194081925,-48.45074224058143,-0.8125632746084135,18.23621926230307,-0.8604110866485712,50.15432891584201,-0.01912858174625246,-0.36479068819953686,-0.001441,1.1621229936677342,0.0078843,1,1.0
296,-0.22776838645259934,0.5088357445356695,0.0015493,1.053781742958659,1.4533862399266007,1.5426581606406895,1.01338506043586,2.7492908531104217,0.32696719194081925,-13.854106035957164,-0.8125632746084135,6.912143633067962,-0.8604110866485712,3.438257996029167,-0.01912858174625246,1.7167794633349445,-0.001441,2.579803984781914,0.0078843,0,1.0
297,-0.12123051353496272,0.8724135404826493,0.0015493,1.053781742958659,1.4533862399266007,48.98972155101598,1.01338506043586,27.296619850186467,0.32696719194081925,-23.738393418778763,-0.8125632746084135,-20.910109875045862,-0.8604110866485712,-31.9318918868191,-0.01912858174625246,0.2611748966746461,-0.001441,19.11901886810044,0.0078843,0,1.0
298,1.3736100093919097,1.4376669161257618,0.0015493,1.053781742958659,1.4533862399266007,-7.974606943629587,1.01338506043586,0.7684694729954372,0.32696719194081925,-11.798841411829226,-0.8125632746084135,3.015840048813027,-0.8604110866485712,17.624894456568054,-0.01912858174625246,-0.11746327108061308,-0.001441,0.22134122238294487,0.0078843,1,1.0
299,0.20084101446053748,0.006938775710640708,0.0015493,1.053781742958659,1.4533862399266007,-2.5540351240370702,1.01338506043586,3.680764612542102,0.32696719194081925,-18.567790071668057,-0.8125632746084135,7.125018095688958,-0.8604110866485712,10.922181241110486,-0.01912858174625246,0.3903524414881687,-0.001441,1.76992803253769,0.0078843,0,1.0
300,0.1502966572505276,0.004856080248546653,0.0015493,1.1211449964209517,4.787338469101568,-25.287088865461524,1.01338506043586,9.613761155580146,0.32696719194081925,-29.30561642542738,-0.8125632746084135,-48.33438090457524,-0.8604110866485712,32.74696741085087,-0.01912858174625246,-0.048542764001066954,-0.001441,0.04856857677972165,0.0078843,1,1.0
301,0.29790442540540213,0.009723916921763227,0.0015493,1.1211449964209517,4.787338469101568,-62.84448914383785,1.01338506043586,14.358458627211984,0.32696719194081925,-86.49124142969035,-0.8125632746084135,15.146444954021307,-0.8604110866485712,75.47836637841515,-0.01912858174625246,-0.05097549439876142,-0.001441,0.050745517033373114,0.0078843,1,1.0
302,0.589923462809021,0.14362777871657068,0.0015493,1.1211449964209517,4.787338469101568,99.86189638850408,1.01338506043586,69.62425267893761,0.32696719194081925,-74.32948246058602,-0.8125632746084135,-29.201978450602276,-0.8604110866485712,-10.634401113766886,-0.01912858174625246,0.31777001472208827,-0.001441,1.1723012583682126,0.0078843,0,1.0
303,0.3535612855094251,0.12340735140468986,0.0015493,1.1211449964209517,4.787338469101568,99.54747418715147,1.01338506043586,36.04260079298102,0.32696719194081925,-16.741274812414847,-0.8125632746084135,99.24619130623914,-0.8604110866485712,-45.681743080942084,-0.01912858174625246,0.36784942286923067,-0.001441,0.7795128833062948,0.0078843,0,1.0
304,0.14969795859215287,0.003717569271032199,0.0015493,1.1211449964209517,4.787338469101568,-37.12330474929209,1.01338506043586,10.814052885714773,0.32696719194081925,-61.05510450105159,-0.8125632746084135,31.254424411879437,-0.8604110866485712,44.4922254777649,-0.01912858174625246,-0.0403763893384195,-0.001441,0.0404987330382532,0.0078843,1,1.0
305,0.03462470876281728,0.0010735706208593728,0.0015493,1.1211449964209517,4.787338469101568,-17.37828802461179,1.01338506043586,4.110393940875742,0.32696719194081925,-38.336450696065995,-0.8125632746084135,64.23986305638022,-0.8604110866485712,19.16798061571162,-0.01912858174625246,-0.020558773825735368,-0.001441,0.020801051917312036,0.0078843,1,1.0
306,0.14330587004258616,0.008532571549384959,0.0015493,1.1211449964209517,4.787338469101568,-24.55437892397267,1.01338506043586,12.611079054797736,0.32696719194081925,-32.34361325560578,-0.8125632746084135,-55.74170514447568,-0.8604110866485712,32.652253557687764,-0.01912858174625246,-0.06364683152961687,-0.001441,0.06375592993806053,0.0078843,1,1.0
307,0.015049339311522976,0.0007638472829562387,0.0015493,1.1211449964209517,4.787338469101568,-7.99866259373605,1.01338506043586,3.0953230765695547,0.32696719194081925,-18.049633083844473,-0.8125632746084135,6.502054323456571,-0.8604110866485712,10.64974329658471,-0.01912858174625246,-0.0178128226537068,-0.001441,0.017786209787971085,0.0078843,1,1.0
308,0.328854050107599,0.009119131994846973,0.0015493,1.1211449964209517,4.787338469101568,-47.95990072078619,1.01338506043586,11.308991252714867,0.32696719194081925,-38.3540030858558,-0.8125632746084135,-75.09646320108861,-0.8604110866485712,58.17855064018329,-0.01912858174625246,-0.04288551740542671,-0.001441,0.043215775157347515,0.0078843,1,1.0
309,0.13852400592960834,0.0075528534453544035,0.0015493,1.1211449964209517,4.787338469101568,-25.527872275302368,1.01338506043586,11.563337792926845,0.32696719194081925,-34.72307893328496,-0.8125632746084135,-49.52396865847326,-0.8604110866485712,33.90998581509813,-0.01912858174625246,-0.060870208348521415,-0.001441,0.060790288336262086,0.0078843,1,1.0
310,0.15142349021773133,0.020463484024780907,0.0015493,1.1211449964209517,4.787338469101568,-37.180183903692345,1.01338506043586,16.957495736216682,0.32696719194081925,-64.02711690790623,-0.8125632746084135,-47.83170532080395,-0.8604110866485712,50.70795323671982,-0.01912858174625246,-0.0979958084150405,-0.001441,0.09897855104999463,0.0078843,1,1.0
311,0.003538096577338938,0.00806434910919308,0.0015493,1.1211449964209517,4.787338469101568,-8.500675020316558,1.01338506043586,-6.007458286302095,0.32696719194081925,-16.006961122322785,-0.8125632746084135,91.22711310658933,-0.8604110866485712,5.641000990036404,-0.01912858174625246,-0.05081270026708096,-0.001441,0.051660134961135085,0.0078843,1,1.0
312,0.00014242450647238003,0.008192555740853853,0.0015493,1.1211449964209517,4.787338469101568,-3.9251564421571516,1.01338506043586,6.223699694312985,0.32696719194081925,-17.979223207039958,-0.8125632746084135,-3.565339219705068,-0.8604110866485712,7.386220386675854,-0.01912858174625246,-0.029190246271712253,-0.001441,0.039400516533222824,0.0078843,1,1.0
313,0.39691011997003034,0.013468417450183384,0.0015493,1.1211449964209517,4.787338469101568,-60.150880733344295,1.01338506043586,11.196034894746237,0.32696719194081925,-49.63010731914844,-0.8125632746084135,-66.67471390412702,-0.8604110866485712,71.72103958214409,-0.01912858174625246,-0.03607252643148731,-0.001441,0.035960331665439105,0.0078843,1,1.0
314,0.012590787351171057,0.0205899541213473,0.0015493,1.1211449964209517,4.787338469101568,-10.182092068817024,1.01338506043586,10.932775218619707,0.32696719194081925,-36.36319965286278,-0.8125632746084135,68.78927800521575,-0.8604110866485712,9.775555347098244,-0.01912858174625246,-0.06790303301712852,-0.001441,0.07225047948162852,0.0078843,1,1.0
315,0.04724305558157283,0.0006619158695316285,0.0015493,1.1211449964209517,4.787338469101568,-23.472678516106388,1.01338506043586,4.405480214914731,0.32696719194081925,-49.616344598204144,-0.8125632746084135,72.57929065855915,-0.8604110866485712,26.92415316109984,-0.01912858174625246,-0.01376005654256938,-0.001441,0.013766707943884378,0.0078843,1,1.0
316,0.35349570499208216,0.017907725277878823,0.0015493,1.1211449964209517,4.787338469101568,-51.552314600713196,1.01338506043586,5.415894391605071,0.32696719194081925,-38.012635873497516,-0.8125632746084135,-10.078324324967316,-0.8604110866485712,57.49730884452675,-0.01912858174625246,-0.024136196373553787,-0.001441,0.028272681445357866,0.0078843,1,1.0
317,0.21401673341700256,0.004264630824869643,0.0015493,1.1211449964209517,4.787338469101568,-33.14336993934823,1.01338506043586,9.265590476094175,0.32696719194081925,-31.641829239740453,-0.8125632746084135,-43.27088285525353,-0.8604110866485712,40.32899310257659,-0.01912858174625246,-0.036105060476936665,-0.001441,0.03619297507241505,0.0078843,1,1.0
318,0.21017363321462454,0.004145564857681666,0.0015493,1.1211449964209517,4.787338469101568,-39.92948511273129,1.01338506043586,8.901568324119495,0.32696719194081925,-49.15426381965477,-0.8125632746084135,-4.269516223813059,-0.8604110866485712,47.78393908011852,-0.01912858174625246,-0.030500368398116134,-0.001441,0.030581923114264938,0.0078843,1,1.0
319,0.28735201386763676,0.007469744546853325,0.0015493,1.1211449964209517,4.787338469101568,-41.73455615324835,1.01338506043586,11.774066802597972,0.32696719194081925,-34.84452780575856,-0.8125632746084135,-72.38710144186902,-0.8604110866485712,51.06327293382262,-0.01912858174625246,-0.047339582665053094,-0.001441,0.047308937333975586,0.0078843,1,1.0
320,0.4988397726479598,0.03271686339136452,0.0015493,1.1211449964209517,4.787338469101568,-77.15166314974647,1.01338506043586,8.98537902219803,0.32696719194081925,-64.78658394735967,-0.8125632746084135,10.444976337019547,-0.8604110866485712,85.20978078172749,-0.01912858174625246,-0.049216376438478045,-0.001441,0.049375979838049124,0.0078843,1,1.0
321,0.0072604029759459655,0.0006608142179665976,0.0015493,1.1211449964209517,4.787338469101568,-1.6063656323119035,1.01338506043586,-1.00801107702403,0.32696719194081925,-0.44268279301297525,-0.8125632746084135,-6.388621302686956,-0.8604110866485712,2.48580460150043,-0.01912858174625246,-0.011724470928495778,-0.001441,0.011797733458339257,0.0078843,1,1.0
322,0.1113015953751904,0.001569824588886235,0.0015493,1.1211449964209517,4.787338469101568,-21.737261748689118,1.01338506043586,5.95372751461391,0.32696719194081925,-28.388847510540476,-0.8125632746084135,-9.242975073059704,-0.8604110866485712,26.734758723170604,-0.01912858174625246,-0.0247347529752555,-0.001441,0.024732155855410956,0.0078843,1,1.0
323,0.07137824982748955,0.0004985143312303828,0.0015493,1.1211449964209517,4.787338469101568,-10.597558266416915,1.01338506043586,1.9373699779437499,0.32696719194081925,-8.347200906727066,-0.8125632746084135,-12.808701838102152,-0.8604110866485712,12.647387060896632,-0.01912858174625246,-0.006166954020948612,-0.001441,0.006297884974094261,0.0078843,1,1.0
324,0.17227629009507606,0.003992581830864764,0.0015493,1.1211449964209517,4.787338469101568,-49.15684035233148,1.01338506043586,10.409800990005337,0.32696719194081925,-84.63088412081211,-0.8125632746084135,82.34148698886315,-0.8604110866485712,57.34943569465726,-0.01912858174625246,-0.032193315222740694,-0.001441,0.03258036248590491,0.0078843,1,1.0
325,0.135065226118526,0.0034349420601722737,0.0015493,1.1211449964209517,4.787338469101568,-19.419680392937472,1.01338506043586,8.19813912814436,0.32696719194081925,-18.02312602329629,-0.8125632746084135,-52.74254252620974,-0.8604110866485712,25.159327303475997,-0.01912858174625246,-0.040052492468218376,-0.001441,0.04006605326641395,0.0078843,1,1.0
326,0.268342705543692,0.007295772315452028,0.0015493,1.1211449964209517,4.787338469101568,-57.952057216045766,1.01338506043586,12.416995036885234,0.32696719194081925,-81.25503632681819,-0.8125632746084135,30.517206487822783,-0.8604110866485712,68.76259722835253,-0.01912858174625246,-0.039793711042825336,-0.001441,0.04005022978493014,0.0078843,1,1.0
327,0.06978069490445983,0.0020200349480477406,0.0015493,1.1211449964209517,4.787338469101568,-18.624644137923717,1.01338506043586,0.6934968421144005,0.32696719194081925,-28.05962158336016,-0.8125632746084135,42.2940641352305,-0.8604110866485712,20.67160763020281,-0.01912858174625246,-0.00884637989035175,-0.001441,0.009671897570459389,0.0078843,1,1.0
328,0.1253404792529657,0.0029359539288312335,0.0015493,1.1211449964209517,4.787338469101568,-22.820933286191043,1.01338506043586,1.1631157845519566,0.32696719194081925,-23.522340030153444,-0.8125632746084135,19.188736056356134,-0.8604110866485712,25.318017490649407,-0.01912858174625246,-0.010697202096884859,-0.001441,0.010785310758745918,0.0078843,1,1.0
329,0.07364478675864951,0.005673549418641469,0.0015493,1.1211449964209517,4.787338469101568,-7.70281169652494,1.01338506043586,6.6276257331034705,0.32696719194081925,-3.3302502288759617,-0.8125632746084135,-79.22511228293524,-0.8604110866485712,13.259399174014067,-0.01912858174625246,-0.051639038662375195,-0.001441,0.05150612137749029,0.0078843,1,1.0
330,0.021845488826119558,0.0010707850910867363,0.0015493,1.1211449964209517,4.787338469101568,-20.30051475790213,1.01338506043586,5.980440647828622,0.32696719194081925,-50.05515848603214,-0.8125632746084135,67.11216985801191,-0.8604110866485712,24.116893586403677,-0.01912858174625246,-0.02223443279994471,-0.001441,0.02229221560208029,0.0078843,1,1.0
331,0.3629583979647566,0.013911918541550728,0.0015493,1.1211449964209517,4.787338469101568,-59.549075239823225,1.01338506043586,17.21939635307772,0.32696719194081925,-62.84286127407237,-0.8125632746084135,-71.5894419040341,-0.8604110866485712,73.28141389213751,-0.01912858174625246,-0.07135569343115239,-0.001441,0.07135231462377606,0.0078843,1,1.0
332,0.0036596437200534515,0.020318887300362645,0.0015493,1.1211449964209517,4.787338469101568,-16.31839218374006,1.01338506043586,15.482145729983085,0.32696719194081925,-54.908714501509316,-0.8125632746084135,15.135029423939649,-0.8604110866485712,23.880157427437684,-0.01912858174625246,-0.0767546488781963,-0.001441,0.08222943970139268,0.0078843,1,1.0
333,0.08990062958728673,0.0009169239650951911,0.0015493,1.1211449964209517,4.787338469101568,-21.749081167409653,1.01338506043586,4.670904805801823,0.32696719194081925,-33.73922875388354,-0.8125632746084135,25.518778822646315,-0.8604110866485712,25.37484968456947,-0.01912858174625246,-0.014653082539798959,-0.001441,0.014742921172076021,0.0078843,1,1.0
334,0.08621760546936769,0.0022969006213029667,0.0015493,1.1211449964209517,4.787338469101568,-24.326095126531357,1.01338506043586,4.4460000518134635,0.32696719194081925,-42.063520245507895,-0.8125632746084135,62.438013514843014,-0.8604110866485712,26.710040615743758,-0.01912858174625246,-0.023565441977839267,-0.001441,0.024366405897875372,0.0078843,1,1.0
335,0.10218013206582331,0.0010501987615710595,0.0015493,1.1211449964209517,4.787338469101568,-16.647476371216218,1.01338506043586,2.9804627138603688,0.32696719194081925,-15.840403405769967,-0.8125632746084135,-11.06152878951148,-0.8604110866485712,19.777893641748104,-0.01912858174625246,-0.008885658349322562,-0.001441,0.009136133453764805,0.0078843,1,1.0
336,0.008447554917878852,0.11488291023493599,0.0015493,1.1211449964209517,4.787338469101568,20.055966860866842,1.01338506043586,18.740655453486564,0.32696719194081925,-39.48633524285833,-0.8125632746084135,85.0525090197036,-0.8604110866485712,-7.865221372236367,-0.01912858174625246,0.05922797571647133,-0.001441,0.19375789274108413,0.0078843,0,1.0
337,0.16015734177142296,0.004327894944635903,0.0015493,1.1211449964209517,4.787338469101568,-40.687052305083654,1.01338506043586,11.100181777503282,0.32696719194081925,-66.83750455987506,-0.8125632746084135,32.71827038066757,-0.8604110866485712,49.080909701409894,-0.01912858174625246,-0.04173024276930273,-0.001441,0.04151564229640274,0.0078843,1,1.0
338,0.30671068530310686,0.007839806849050389,0.0015493,1.1211449964209517,4.787338469101568,-42.6658587920704,1.01338506043586,9.820215675450067,0.32696719194081925,-29.849227387347177,-0.8125632746084135,-80.03101042044027,-0.8604110866485712,51.90852238522499,-0.01912858174625246,-0.038335170415405115,-0.001441,0.038555657896427786,0.0078843,1,1.0
339,0.10418067395810436,0.0028722610976142306,0.0015493,1.1211449964209517,4.787338469101568,-38.38790983994683,1.01338506043586,10.212286111074828,0.32696719194081925,-76.38452899302231,-0.8125632746084135,81.2819330119716,-0.8604110866485712,45.30908755779191,-0.01912858174625246,-0.036166990532007226,-0.001441,0.036342844043571285,0.0078843,1,1.0
340,0.012465836942554964,0.0004385653180883392,0.0015493,1.1211449964209517,4.787338469101568,-13.373502453037371,1.01338506043586,1.2251779435197578,0.32696719194081925,-30.87304985140329,-0.8125632746084135,54.07799158063556,-0.8604110866485712,15.24363471231603,-0.01912858174625246,-0.0019062732402130532,-0.001441,0.0019755375534469648,0.0078843,1,1.0
341,0.1378893395053062,0.013594109541695078,0.0015493,1.1211449964209517,4.787338469101568,-26.926495236179377,1.01338506043586,-2.4527175696591184,0.32696719194081925,-28.878575988657524,-0.8125632746084135,81.89813695067565,-0.8604110866485712,25.971269220147633,-0.01912858174625246,-0.05671017997653409,-0.001441,0.05753342568399311,0.0078843,1,1.0
342,0.19751574886285445,0.0037885618976608707,0.0015493,1.1211449964209517,4.787338469101568,-32.44078220586547,1.01338506043586,5.168337582704707,0.32696719194081925,-31.213948476176633,-0.8125632746084135,-4.639166062561718,-0.8604110866485712,37.26039834186276,-0.01912858174625246,-0.013559617660181633,-0.001441,0.013480087994778138,0.0078843,1,1.0
343,0.1150931873441073,0.0030309165773519534,0.0015493,1.1211449964209517,4.787338469101568,-43.33887238698113,1.01338506043586,10.623968782060638,0.32696719194081925,-85.87483276453654,-0.8125632746084135,93.91257124820424,-0.8604110866485712,51.11805747767058,-0.01912858174625246,-0.036145070384283426,-0.001441,0.03615260270098769,0.0078843,1,1.0
344,0.18436860742596245,0.003824316975240072,0.0015493,1.1211449964209517,4.787338469101568,-44.646064121546786,1.01338506043586,8.842807586529956,0.32696719194081925,-68.76591297059079,-0.8125632746084135,58.276691989290924,-0.8604110866485712,51.64969493277282,-0.01912858174625246,-0.026847177531813784,-0.001441,0.027091156836915504,0.0078843,1,1.0
345,0.011178351007162649,0.004374888410509818,0.0015493,1.1211449964209517,4.787338469101568,-19.663516208609042,1.01338506043586,7.458104293029439,0.32696719194081925,-51.654224358561144,-0.8125632746084135,41.037833673751145,-0.8604110866485712,25.883414558892856,-0.01912858174625246,-0.040410606292348356,-0.001441,0.04092852864646929,0.0078843,1,1.0
346,0.013984179146514834,0.0003553117837202925,0.0015493,1.1211449964209517,4.787338469101568,-11.59034096051565,1.01338506043586,2.8403673360838617,0.32696719194081925,-27.598454845045254,-0.8125632746084135,37.653784461218294,-0.8604110866485712,13.753809105740956,-0.01912858174625246,-0.00955147126229082,-0.001441,0.009802982631761329,0.0078843,1,1.0
347,0.5497607433663987,0.13928096795254244,0.0015493,1.1211449964209517,4.787338469101568,69.91877232696677,1.01338506043586,60.10572876307469,0.32696719194081925,-99.87259764329444,-0.8125632746084135,96.67906966124276,-0.8604110866485712,4.958445933314787,-0.01912858174625246,0.3388316194961088,-0.001441,0.9601351284303707,0.0078843,0,1.0
348,0.2865411467145087,0.007431927154961452,0.0015493,1.1211449964209517,4.787338469101568,-47.29929613384198,1.01338506043586,11.946169179001952,0.32696719194081925,-49.01278265433358,-0.8125632746084135,-44.16253612876726,-0.8604110866485712,57.33217366212654,-0.01912858174625246,-0.045335445195531815,-0.001441,0.04536210695802066,0.0078843,1,1.0
349,0.20737969878332804,0.006470160633687355,0.0015493,1.1211449964209517,4.787338469101568,-55.970276437043466,1.01338506043586,14.49307396824733,0.32696719194081925,-95.62472412289206,-0.8125632746084135,74.84989551089677,-0.8604110866485712,66.01640705672989,-0.01912858174625246,-0.050854358515287974,-0.001441,0.050760220039990984,0.0078843,1,1.0
350,0.04959577343313316,0.0033267791917919883,0.0015493,1.1211449964209517,4.787338469101568,-14.721186751455427,1.01338506043586,-0.3524623324069659,0.32696719194081925,-24.037778105120015,-0.8125632746084135,63.67250757366508,-0.8604110866485712,14.375109969121867,-0.01912858174625246,-0.02893240252918301,-0.001441,0.02994597702409082,0.0078843,1,1.0
351,0.26378567018675836,0.008112384334349135,0.0015493,1.1211449964209517,4.787338469101568,-61.62704853128135,1.01338506043586,13.448657121698167,0.32696719194081925,-92.38571704624933,-0.8125632746084135,43.95280062753028,-0.8604110866485712,73.57551302555102,-0.01912858174625246,-0.04480408538285955,-0.001441,0.04529899159145028,0.0078843,1,1.0
352,0.16765666918192246,0.0049825279909277344,0.0015493,1.1211449964209517,4.787338469101568,-42.32942427146644,1.01338506043586,11.49203248948825,0.32696719194081925,-68.85236665619581,-0.8125632746084135,24.74705226820842,-0.8604110866485712,51.75624178926399,-0.01912858174625246,-0.045970442448396535,-0.001441,0.04606040561991268,0.0078843,1,1.0
353,0.1522925560560014,0.003535301808585662,0.0015493,1.1211449964209517,4.787338469101568,-36.06622528378622,1.01338506043586,9.4070852685451,0.32696719194081925,-55.67221417415079,-0.8125632746084135,14.772994167016673,-0.8604110866485712,43.998159021511334,-0.01912858174625246,-0.03725253819430764,-0.001441,0.03722133166793423,0.0078843,1,1.0
354,0.4671158166989397,0.021351063497391833,0.0015493,1.1211449964209517,4.787338469101568,-64.0141423547977,1.01338506043586,7.9816247969709515,0.32696719194081925,-37.53405754101762,-0.8125632746084135,-80.18508486824003,-0.8604110866485712,74.37230707173745,-0.01912858174625246,-0.012515283183276424,-0.001441,0.012926092720517403,0.0078843,1,1.0
355,0.11202599348398207,0.008304095965422162,0.0015493,1.1211449964209517,4.787338469101568,-28.441981036101392,1.01338506043586,11.844637762916165,0.32696719194081925,-49.30513598059858,-0.8125632746084135,-19.596719798231305,-0.8604110866485712,37.63975758201431,-0.01912858174625246,-0.06342018698631871,-0.001441,0.06361281982962938,0.0078843,1,1.0
356,0.2768686927106533,0.006540728184841724,0.0015493,1.1211449964209517,4.787338469101568,-34.72022331030265,1.01338506043586,7.220668504280301,0.32696719194081925,-15.747133507670762,-0.8125632746084135,-89.02308130311182,-0.8604110866485712,42.38928550254751,-0.01912858174625246,-0.030370758831706493,-0.001441,0.03021676241674607,0.0078843,1,1.0
357,0.20743409745309505,0.005875687591587117,0.0015493,1.1211449964209517,4.787338469101568,-49.907930558105576,1.01338506043586,7.7411856471192335,0.32696719194081925,-73.34081827079945,-0.8125632746084135,50.376027835481985,-0.8604110866485712,58.75590412737869,-0.01912858174625246,-0.019917533516850484,-0.001441,0.019804109124663332,0.0078843,1,1.0
358,0.09124389477912562,0.016148878094311567,0.0015493,1.1211449964209517,4.787338469101568,-40.41363703551731,1.01338506043586,15.07048593146064,0.32696719194081925,-86.6919904010959,-0.8125632746084135,27.322122677442596,-0.8604110866485712,53.3033924775119,-0.01912858174625246,-0.0844502325947985,-0.001441,0.08427696827105735,0.0078843,1,1.0
359,0.37954731943602205,0.012378930157310937,0.0015493,1.1211449964209517,4.787338469101568,-58.388220916428885,1.01338506043586,14.851267211347718,0.32696719194081925,-53.58798550427851,-0.8125632746084135,-73.33569456200313,-0.8604110866485712,70.64379834286567,-0.01912858174625246,-0.055844428240107935,-0.001441,0.05578593137873049,0.0078843,1,1.0
360,0.2617753890254102,0.007875183710832772,0.0015493,1.1211449964209517,4.787338469101568,-50.38810509054411,1.01338506043586,12.661688854811144,0.32696719194081925,-64.14926470266157,-0.8125632746084135,-15.221397914080997,-0.8604110866485712,61.36172610759562,-0.01912858174625246,-0.04884505858525895,-0.001441,0.04970439443702422,0.0078843,1,1.0
361,0.13945293022329233,0.003149511944615363,0.0015493,1.1211449964209517,4.787338469101568,-42.87093988753058,1.01338506043586,8.38670140209272,0.32696719194081925,-75.37307280441529,-0.8125632746084135,69.15719292895525,-0.8604110866485712,50.84362564196678,-0.01912858174625246,-0.025888806821179118,-0.001441,0.02590145177722241,0.0078843,1,1.0
362,0.18093739244946974,0.00670239759625093,0.0015493,1.1211449964209517,4.787338469101568,-41.80147694789454,1.01338506043586,5.663433059320222,0.32696719194081925,-57.819852288221895,-0.8125632746084135,22.71281687614833,-0.8604110866485712,50.26251971848167,-0.01912858174625246,-0.02447460440625098,-0.001441,0.024198885049438797,0.0078843,1,1.0
363,0.17565948110843677,0.003465247210186221,0.0015493,1.1211449964209517,4.787338469101568,-29.703577333528475,1.01338506043586,7.803043309141977,0.32696719194081925,-31.79243023578494,-0.8125632746084135,-34.51426053614127,-0.8604110866485712,36.788829357025605,-0.01912858174625246,-0.03440612648065158,-0.001441,0.034395005507751555,0.0078843,1,1.0
364,0.2333947114624589,0.012421297374212359,0.0015493,1.1211449964209517,4.787338469101568,-48.207016196229205,1.01338506043586,16.743584823108236,0.32696719194081925,-69.8268210776899,-0.8125632746084135,-29.350820620178848,-0.8604110866485712,60.87453231598202,-0.01912858174625246,-0.07646558541057641,-0.001441,0.07711378208744196,0.0078843,1,1.0
365,0.11831121588049529,0.0017615870932793111,0.0015493,1.1211449964209517,4.787338469101568,-28.68636709374062,1.01338506043586,7.105250151886511,0.32696719194081925,-45.218482251025236,-0.8125632746084135,25.282273113060533,-0.8604110866485712,34.1360731124404,-0.01912858174625246,-0.024537313062870054,-0.001441,0.024668456103852376,0.0078843,1,1.0
366,0.1586059267730409,0.002702742706770974,0.0015493,1.1211449964209517,4.787338469101568,-34.45062384441021,1.01338506043586,8.076268945854105,0.32696719194081925,-49.22297700739114,-0.8125632746084135,16.435721495172004,-0.8604110866485712,41.06899601493076,-0.01912858174625246,-0.027429480274890245,-0.001441,0.02761284643342907,0.0078843,1,1.0
367,0.27650600568514916,0.007391405042637404,0.0015493,1.1211449964209517,4.787338469101568,-54.73484483277337,1.01338506043586,10.657729197674046,0.32696719194081925,-69.79799397768319,-0.8125632746084135,20.11315192887709,-0.8604110866485712,64.26914227486299,-0.01912858174625246,-0.030592081250735675,-0.001441,0.031328472932804975,0.0078843,1,1.0
368,0.2531141379287374,0.006499085949686796,0.0015493,1.1211449964209517,4.787338469101568,-55.42731611225942,1.01338506043586,12.500770103910067,0.32696719194081925,-79.62563716224388,-0.8125632746084135,37.05574110393907,-0.8604110866485712,65.36931028973689,-0.01912858174625246,-0.0404106414669273,-0.001441,0.04062628697401159,0.0078843,1,1.0
369,0.0022975028578684567,0.007127493129608792,0.0015493,1.1211449964209517,4.787338469101568,-6.420203715428773,1.01338506043586,-4.117740788105825,0.32696719194081925,-13.955411475935566,-0.8125632746084135,83.51011501763881,-0.8604110866485712,3.4391031189651127,-0.01912858174625246,-0.04535508358383976,-0.001441,0.04847201997891101,0.0078843,1,1.0
370,0.08713747627315507,0.0025219481758896154,0.0015493,1.1211449964209517,4.787338469101568,-16.002594263907305,1.01338506043586,7.221109060108823,0.32696719194081925,-22.554166911301138,-0.8125632746084135,-15.457815772484123,-0.8604110866485712,20.093432758415677,-0.01912858174625246,-0.03155187798586863,-0.001441,0.032049240696509884,0.0078843,1,1.0
371,0.10693051000714274,0.0025623171943484624,0.0015493,1.1211449964209517,4.787338469101568,-13.99492063095979,1.01338506043586,6.789057447014794,0.32696719194081925,-11.286680014516943,-0.8125632746084135,-46.11838622106147,-0.8604110866485712,18.158848179450963,-0.01912858174625246,-0.032456665086737786,-0.001441,0.032337900655122924,0.0078843,1,1.0
372,0.002329892725054905,0.01810270750225409,0.0015493,1.1211449964209517,4.787338469101568,-19.124391182912927,1.01338506043586,7.203942426218554,0.32696719194081925,-63.058879453236635,-0.8125632746084135,95.71568221635418,-0.8604110866485712,25.310704092993607,-0.01912858174625246,-0.009055884961746447,-0.001441,0.04334398863504984,0.0078843,1,1.0
373,0.09182377272465907,0.0010087340882968985,0.0015493,1.1211449964209517,4.787338469101568,-14.527462067342746,1.01338506043586,4.362986772458859,0.32696719194081925,-14.858698973793572,-0.8125632746084135,-16.60158662261736,-0.8604110866485712,17.64776750470128,-0.01912858174625246,-0.016806196440072772,-0.001441,0.017126248418779466,0.0078843,1,1.0
374,0.19258506981047666,0.0037286765961494603,0.0015493,1.1211449964209517,4.787338469101568,-21.739684616783837,1.01338506043586,7.501641509098776,0.32696719194081925,-7.248965600779936,-0.8125632746084135,-85.13130199573062,-0.8604110866485712,27.652814703669403,-0.01912858174625246,-0.03590834198340322,-0.001441,0.03586730268750576,0.0078843,1,1.0
375,0.09394895605400892,0.0022817613208486144,0.0015493,1.1211449964209517,4.787338469101568,-20.228131618092466,1.01338506043586,6.167020371042112,0.32696719194081925,-29.179743186086665,-0.8125632746084135,-13.37136774860619,-0.8604110866485712,25.846329249597932,-0.01912858174625246,-0.031849014355986055,-0.001441,0.031926599240974435,0.0078843,1,1.0
376,0.005289498520243796,0.11572634305158219,0.0015493,1.1211449964209517,4.787338469101568,-12.58393699177519,1.01338506043586,30.362585974025652,0.32696719194081925,-78.7214005183902,-0.8125632746084135,-40.094162839751704,-0.8604110866485712,31.387852323393155,-0.01912858174625246,-0.1343285377959705,-0.001441,0.21657615951539808,0.0078843,1,1.0
377,0.030178546153623247,0.0019801234504975116,0.0015493,1.1211449964209517,4.787338469101568,-17.471739995440057,1.01338506043586,5.3881509208333505,0.32696719194081925,-39.23784994308468,-0.8125632746084135,29.325422151569864,-0.8604110866485712,22.244551896556555,-0.01912858174625246,-0.02721749613077099,-0.001441,0.027077190556251022,0.0078843,1,1.0
378,0.20571870702086975,0.005574314545120392,0.0015493,1.1211449964209517,4.787338469101568,-42.859712952411265,1.01338506043586,11.6870201130775,0.32696719194081925,-59.85339874655929,-0.8125632746084135,-4.067235969026834,-0.8604110866485712,52.45813527948374,-0.01912858174625246,-0.047089019017509656,-0.001441,0.04711331264041345,0.0078843,1,1.0
379,0.047403678611982046,0.0011461407956963392,0.0015493,1.1211449964209517,4.787338469101568,-17.178909846157904,1.01338506043586,3.2264794091073856,0.32696719194081925,-33.542950486757476,-0.8125632746084135,57.620432462942695,-0.8604110866485712,18.589418655208434,-0.01912858174625246,-0.019987848801548136,-0.001441,0.020144669600439258,0.0078843,1,1.0
380,0.027559077516608993,0.00864194503836,0.0015493,1.1211449964209517,4.787338469101568,-30.59283516941508,1.01338506043586,12.623694440540135,0.32696719194081925,-79.31244423756621,-0.8125632746084135,68.32310687367574,-0.8604110866485712,39.294611987531056,-0.01912858174625246,-0.059381954630225636,-0.001441,0.06013099012416297,0.0078843,1,1.0
381,0.305744797666917,0.013965948964645286,0.0015493,1.1211449964209517,4.787338469101568,-53.905569208461834,1.01338506043586,15.31793942998053,0.32696719194081925,-61.78229969455617,-0.8125632746084135,-68.65343992956673,-0.8604110866485712,68.02922715379839,-0.01912858174625246,-0.07535015721087304,-0.001441,0.07534480030109658,0.0078843,1,1.0
382,0.04976993890974489,0.011517156705769308,0.0015493,1.1211449964209517,4.787338469101568,-8.759236357610794,1.01338506043586,-5.828890467275555,0.32696719194081925,-4.796030863125595,-0.8125632746084135,72.55257013666751,-0.8604110866485712,4.572881767603606,-0.01912858174625246,-0.06337504182385476,-0.001441,0.06352415471220788,0.0078843,1,1.0
383,0.10843355215069209,0.005308804315536193,0.0015493,1.1211449964209517,4.787338469101568,-23.346723457618868,1.01338506043586,3.031100569519742,0.32696719194081925,-33.232777437100935,-0.8125632746084135,57.64611134683494,-0.8604110866485712,24.445477028236176,-0.01912858174625246,-0.03154377889959609,-0.001441,0.034060329622198904,0.0078843,1,1.0
384,0.1864424026274158,0.005198282321492318,0.0015493,1.1211449964209517,4.787338469101568,-47.969550490751224,1.01338506043586,12.68775529843425,0.32696719194081925,-79.39639767273292,-0.8125632746084135,46.096890041464704,-0.8604110866485712,57.48388201525566,-0.01912858174625246,-0.045830127263982175,-0.001441,0.046057451850455296,0.0078843,1,1.0
385,0.060273688524694016,0.0011949640232561973,0.0015493,1.1211449964209517,4.787338469101568,-19.284064775573132,1.01338506043586,2.1165193578273453,0.32696719194081925,-33.87770749456351,-0.8125632746084135,55.411451278284595,-0.8604110866485712,21.168954232613107,-0.01912858174625246,-0.013413242138522965,-0.001441,0.01370923391275772,0.0078843,1,1.0
386,0.2559241858316298,0.010305525206868123,0.0015493,1.1211449964209517,4.787338469101568,-43.24371947950376,1.01338506043586,13.517984472710337,0.32696719194081925,-47.81665446672929,-0.8125632746084135,-65.42820474080438,-0.8604110866485712,54.67397937706601,-0.01912858174625246,-0.06506050183217088,-0.001441,0.06461044859022158,0.0078843,1,1.0
387,0.04674879630144022,0.0003457921147056828,0.0015493,1.1211449964209517,4.787338469101568,-14.265519128829716,1.01338506043586,2.382680955944127,0.32696719194081925,-24.687583640141874,-0.8125632746084135,26.05965739500974,-0.8604110866485712,16.659871182371784,-0.01912858174625246,-0.005998129913144547,-0.001441,0.0059927208485485136,0.0078843,1,1.0
388,0.1926010617287008,0.01191129553110032,0.0015493,1.1211449964209517,4.787338469101568,-38.51448309656058,1.01338506043586,0.022694718403730923,0.32696719194081925,-43.89619663788892,-0.8125632746084135,67.78239854395106,-0.8604110866485712,41.22946035279668,-0.01912858174625246,-0.03532034230265721,-0.001441,0.036234684735282505,0.0078843,1,1.0
389,0.07722885424890646,0.0012353838091095663,0.0015493,1.1211449964209517,4.787338469101568,-9.16901522707152,1.01338506043586,0.8591351654441521,0.32696719194081925,-2.7134113034879714,-0.8125632746084135,-8.26566521445817,-0.8604110866485712,9.74081741946205,-0.01912858174625246,-0.009921146465623743,-0.001441,0.009712424287560213,0.0078843,1,1.0
390,0.5083586693607085,0.021903354007402696,0.0015493,1.1211449964209517,4.787338469101568,-77.6801885602414,1.01338506043586,15.44771344573676,0.32696719194081925,-66.00510634185613,-0.8125632746084135,-90.7291538039438,-0.8604110866485712,93.25408577335764,-0.01912858174625246,-0.05384093292716703,-0.001441,0.053827392937587135,0.0078843,1,1.0
391,0.3919942646461496,0.014577451214826436,0.0015493,1.1211449964209517,4.787338469101568,-62.71558925757742,1.01338506043586,15.85612975232648,0.32696719194081925,-61.20643794444886,-0.8125632746084135,-77.2986135675794,-0.8604110866485712,76.71476233804053,-0.01912858174625246,-0.06424959542190511,-0.001441,0.06410957801973427,0.0078843,1,1.0
392,0.08652252197393341,0.0013167079269354978,0.0015493,1.1211449964209517,4.787338469101568,-16.27207552443515,1.01338506043586,1.835314407651554,0.32696719194081925,-18.6825034874039,-0.8125632746084135,13.048131401406089,-0.8604110866485712,18.3440389699187,-0.01912858174625246,-0.0057904094483415625,-0.001441,0.0064368534597089,0.0078843,1,1.0
393,4.2811594976481515e-05,0.008219634414566435,0.0015493,1.1211449964209517,4.787338469101568,-3.530794639491157,1.01338506043586,-3.091908613443112,0.32696719194081925,-8.518031665245655,-0.8125632746084135,83.21570617961805,-0.8604110866485712,-1.08592991724404,-0.01912858174625246,-0.057958827394812326,-0.001441,0.05830856808567529,0.0078843,1,1.0
394,0.3481188477705056,0.030842045130385243,0.0015493,1.1211449964209517,4.787338469101568,-67.82904537025021,1.01338506043586,25.01289730892168,0.32696719194081925,-93.21318178610933,-0.8125632746084135,-77.39002396168675,-0.8604110866485712,87.12254190072899,-0.01912858174625246,-0.12298316295917544,-0.001441,0.12282926705491046,0.0078843,1,1.0
395,0.2063371361464147,0.014374952142830367,0.0015493,1.1211449964209517,4.787338469101568,-41.86959455987339,1.01338506043586,16.109885588129544,0.32696719194081925,-60.08458837005242,-0.8125632746084135,-52.80349456384441,-0.8604110866485712,54.702357119928934,-0.01912858174625246,-0.08451074496971822,-0.001441,0.08450425546407223,0.0078843,1,1.0
396,0.24026184361761782,0.0072393618247063515,0.0015493,1.1211449964209517,4.787338469101568,-48.77055861438241,1.01338506043586,13.162990173216027,0.32696719194081925,-66.64739483498361,-0.8125632746084135,-4.667848919778594,-0.8604110866485712,59.391359113981224,-0.01912858174625246,-0.05095970782460156,-0.001441,0.051611022473191534,0.0078843,1,1.0
397,0.22758260984795892,0.005037379785921977,0.0015493,1.1211449964209517,4.787338469101568,-44.281013602735825,1.01338506043586,10.188236664658971,0.32696719194081925,-57.102111028478056,-0.8125632746084135,12.704214357168011,-0.8604110866485712,52.01891123543882,-0.01912858174625246,-0.033065123850865186,-0.001441,0.03353548409577062,0.0078843,1,1.0
398,0.3590537872210896,0.011853600249518044,0.0015493,1.1211449964209517,4.787338469101568,-52.41323070665283,1.01338506043586,7.897678609371323,0.32696719194081925,-38.704090962208035,-0.8125632746084135,-47.468659984906004,-0.8604110866485712,60.93176460702524,-0.01912858174625246,-0.017039872822505943,-0.001441,0.017525450019552087,0.0078843,1,1.0
399,0.10771219245876643,0.0017395853711833966,0.0015493,1.1211449964209517,4.787338469101568,-31.393277993452692,1.01338506043586,7.191974337198257,0.32696719194081925,-54.89786384895827,-0.8125632746084135,47.859129314218364,-0.8604110866485712,37.096620563412564,-0.01912858174625246,-0.023673624594552273,-0.001441,0.023607498165627544,0.0078843,1,1.0
400,0.8183225911613736,0.11828699914986646,0.0015493,2.1555968919717063,3.134572259162862,-55.836237651271865,1.01338506043586,4.746769888891366,0.32696719194081925,-23.22418073245536,-0.8125632746084135,-28.47324507709,-0.8604110866485712,60.68745263031456,-0.01912858174625246,-0.08740546196089952,-0.001441,0.08226648518247484,0.0078843,1,1.0
401,0.009951275839381546,0.08336356793442774,0.0015493,2.1555968919717063,3.134572259162862,46.64382040531179,1.01338506043586,6.659408371757468,0.32696719194081925,-0.014762560168639945,-0.8125632746084135,-47.99807040346578,-0.8604110866485712,-16.883671484766804,-0.01912858174625246,-0.17479971363862257,-0.001441,0.19651093741212955,0.0078843,1,1.0
402,0.2869516516869033,0.1409173121713241,0.0015493,2.1555968919717063,3.134572259162862,55.59057951975381,1.01338506043586,16.482151452127727,0.32696719194081925,-82.81835963623098,-0.8125632746084135,29.215585062006745,-0.8604110866485712,17.42944939005839,-0.01912858174625246,0.3691488127606315,-0.001441,0.4725344559323176,0.0078843,0,1.0
403,0.0003432166169519135,0.04746445354414778,0.0015493,2.1555968919717063,3.134572259162862,56.71011648297675,1.01338506043586,14.125118552370216,0.32696719194081925,-99.05948486866797,-0.8125632746084135,87.05618092108696,-0.8604110866485712,12.058192096752224,-0.01912858174625246,0.4384062242570871,-0.001441,0.5839285874084462,0.0078843,0,1.0
404,0.45303324292945646,0.0350449823356626,0.0015493,2.1555968919717063,3.134572259162862,-20.114049712035357,1.01338506043586,2.1107824934674757,0.32696719194081925,-0.7739280757956597,-0.8125632746084135,-31.023739860937546,-0.8604110866485712,24.38478226784556,-0.01912858174625246,-0.033754045494711095,-0.001441,0.03329760779646224,0.0078843,1,1.0
405,0.30840285212781887,0.034515204731685026,0.0015493,2.1555968919717063,3.134572259162862,-87.70989881333395,1.01338506043586,-0.31400264824931967,0.32696719194081925,-66.65506818009227,-0.8125632746084135,82.23482013898048,-0.8604110866485712,75.6996723669942,-0.01912858174625246,-0.09464886770545293,-0.001441,0.09423218556515738,0.0078843,1,1.0
406,0.05074152032390084,0.00283500899957799,0.0015493,2.1555968919717063,3.134572259162862,-10.946031556097717,1.01338506043586,-0.5713861253978307,0.32696719194081925,-2.032405082308367,-0.8125632746084135,6.216372053681075,-0.8604110866485712,6.569174240568853,-0.01912858174625246,-0.030484916986836155,-0.001441,0.030356357220200025,0.0078843,1,1.0
407,0.9816234032824773,0.3611687937344287,0.0015493,2.1555968919717063,3.134572259162862,55.244787732712524,1.01338506043586,23.542489667504256,0.32696719194081925,-96.34291779591128,-0.8125632746084135,-28.897897742702725,-0.8604110866485712,49.273623184189844,-0.01912858174625246,0.3169345731280574,-0.001441,0.6696374329586431,0.0078843,0,1.0
408,0.14019991562697412,0.005280289469690537,0.0015493,2.1555968919717063,3.134572259162862,-20.765745912952507,1.01338506043586,-0.3653111116226718,0.32696719194081925,-11.120439837695137,-0.8125632746084135,10.32354972947688,-0.8604110866485712,18.71313711845146,-0.01912858174625246,-0.01825019386821771,-0.001441,0.017824957210956158,0.0078843,1,1.0
409,0.5671700939162698,0.0703203892541908,0.0015493,2.1555968919717063,3.134572259162862,-25.544286226034327,1.01338506043586,7.297491520904443,0.32696719194081925,-35.77763142563205,-0.8125632746084135,-24.665073782865605,-0.8604110866485712,47.462558258495584,-0.01912858174625246,-0.14054490349038037,-0.001441,0.14487487881693747,0.0078843,1,1.0
410,0.24744351123683872,0.14292884084332574,0.0015493,2.1555968919717063,3.134572259162862,26.53131796088594,1.01338506043586,10.490403439188608,0.32696719194081925,-31.27734610991785,-0.8125632746084135,-42.41076785979387,-0.8604110866485712,14.518102763291212,-0.01912858174625246,-0.24718426346617117,-0.001441,0.2674450011097437,0.0078843,1,1.0
411,0.031459354373231774,0.07249917003765546,0.0015493,2.1555968919717063,3.134572259162862,65.6864719088871,1.01338506043586,13.207167824632311,0.32696719194081925,-77.08758273489318,-0.8125632746084135,63.70772569156619,-0.8604110866485712,-1.0030589302318584,-0.01912858174625246,0.4168053031879078,-0.001441,0.5914236347955614,0.0078843,0,1.0
412,0.06835897016461423,0.029241685223178306,0.0015493,2.1555968919717063,3.134572259162862,-31.61577967769156,1.01338506043586,5.815873046250513,0.32696719194081925,-71.11142309288107,-0.8125632746084135,52.64343661590672,-0.8604110866485712,48.555684935843075,-0.01912858174625246,-0.10912560148907717,-0.001441,0.10964263668759659,0.0078843,1,1.0
413,0.005063597280110799,0.04920921242229524,0.0015493,2.1555968919717063,3.134572259162862,19.723917369137897,1.01338506043586,6.289894647905959,0.32696719194081925,-17.92055836718351,-0.8125632746084135,-15.742873915538064,-0.8604110866485712,0.32364174980736765,-0.01912858174625246,-0.14443327042738885,-0.001441,0.1435750489831351,0.0078843,1,1.0
414,0.005351600910503684,0.13113031739503112,0.0015493,2.1555968919717063,3.134572259162862,69.55246420120707,1.01338506043586,8.970946208844808,0.32696719194081925,-48.986502876810306,-0.8125632746084135,48.81581820816221,-0.8604110866485712,-14.948180325946279,-0.01912858174625246,0.33446709050733114,-0.001441,0.6338177059549942,0.0078843,0,1.0
415,0.032831757584643365,0.0034055575567540387,0.0015493,2.1555968919717063,3.134572259162862,-39.95591901602425,1.01338506043586,1.5991660891278754,0.32696719194081925,-50.55849456958094,-0.8125632746084135,57.470046033311604,-0.8604110866485712,40.073653510326075,-0.01912858174625246,-0.02725921484416362,-0.001441,0.027267184953182883,0.0078843,1,1.0
416,0.0021734952373005934,0.06943852414086851,0.0015493,2.1555968919717063,3.134572259162862,88.62667288546798,1.01338506043586,12.04321504903953,0.32696719194081925,-56.25005015559716,-0.8125632746084135,40.54239185861087,-0.8604110866485712,-19.64696439594183,-0.01912858174625246,0.4183293739924545,-0.001441,0.6311190199691155,0.0078843,0,1.0
417,0.18885728170363625,0.011750899982484894,0.0015493,2.1555968919717063,3.134572259162862,-62.55831730183612,1.01338506043586,3.9280628733529945,0.32696719194081925,-82.82384715344025,-0.8125632746084135,76.40292145831648,-0.8604110866485712,70.33862359187316,-0.01912858174625246,-0.04706550073481458,-0.001441,0.050075943253549415,0.0078843,1,1.0
418,0.41851189257858334,0.07065112067972315,0.0015493,2.1555968919717063,3.134572259162862,-7.513212290734658,1.01338506043586,8.054441712410267,0.32696719194081925,-31.949549696547095,-0.8125632746084135,-28.766159255173065,-0.8604110866485712,33.28648150857608,-0.01912858174625246,-0.1731137513728218,-0.001441,0.17220212444367167,0.0078843,1,1.0
419,5.785539540148488e-05,0.13303078849707103,0.0015493,2.1555968919717063,3.134572259162862,68.70823109443388,1.01338506043586,9.845949533655892,0.32696719194081925,-44.09651734269145,-0.8125632746084135,39.46566606444584,-0.8604110866485712,-17.90420599169652,-0.01912858174625246,0.32988154405023995,-0.001441,0.5672095865602895,0.0078843,0,1.0
420,0.025598513671401125,0.0005772989605720071,0.0015493,2.1555968919717063,3.134572259162862,-16.01334862867599,1.01338506043586,0.2735418118611223,0.32696719194081925,-17.239370422287188,-0.8125632746084135,20.56089377859485,-0.8604110866485712,15.181786753760377,-0.01912858174625246,-0.009660998212639773,-0.001441,0.009839193827369181,0.0078843,1,1.0
421,1.2044753221655276,0.22444274099795308,0.0015493,2.1555968919717063,3.134572259162862,-77.28127268595013,1.01338506043586,9.98106768397606,0.32696719194081925,-57.23692178536834,-0.8125632746084135,-36.510440280307584,-0.8604110866485712,99.77527361513836,-0.01912858174625246,-0.16587753290580148,-0.001441,0.16633639521016724,0.0078843,1,1.0
422,0.7826865809529719,0.2564811074981962,0.0015493,2.1555968919717063,3.134572259162862,97.27148111219562,1.01338506043586,26.558392810956942,0.32696719194081925,-96.29410482355975,-0.8125632746084135,-35.16613853325555,-0.8604110866485712,24.25151471024907,-0.01912858174625246,0.34523931456008283,-0.001441,0.7838990700733092,0.0078843,0,1.0
423,0.03208743422693354,0.0010599326971555616,0.0015493,2.1555968919717063,3.134572259162862,-16.8655095398626,1.01338506043586,0.35146642155658936,0.32696719194081925,-17.346612264751744,-0.8125632746084135,20.679027414219373,-0.8604110866485712,15.593730951482693,-0.01912858174625246,-0.015123752200148695,-0.001441,0.01596679805173687,0.0078843,1,1.0
424,0.005991441467932068,0.018667276477669255,0.0015493,2.1555968919717063,3.134572259162862,-2.6028505949507297,1.01338506043586,4.272603687472998,0.32696719194081925,-30.73636778072762,-0.8125632746084135,13.374420551039004,-0.8604110866485712,15.467186817597922,-0.01912858174625246,-0.08877539660604365,-0.001441,0.08944952603763666,0.0078843,1,1.0
425,0.33072815140715106,0.10043116285048355,0.0015493,2.1555968919717063,3.134572259162862,15.705769431159446,1.01338506043586,9.220924282000809,0.32696719194081925,-21.814638275361176,-0.8125632746084135,-44.10347853092037,-0.8604110866485712,15.679847954406853,-0.01912858174625246,-0.18311964621124938,-0.001441,0.21293221174596683,0.0078843,1,1.0
426,-0.0011321949527109965,0.05258991258229551,0.0015493,2.1555968919717063,3.134572259162862,99.05267435257835,1.01338506043586,14.54222118849974,0.32696719194081925,-61.08639774142855,-0.8125632746084135,28.090783463111762,-0.8604110866485712,-20.90469693720154,-0.01912858174625246,0.44902122093950053,-0.001441,0.5673107724584076,0.0078843,0,1.0
427,0.0013051467514211268,0.104359459682097,0.0015493,2.1555968919717063,3.134572259162862,10.877467275714523,1.01338506043586,7.303492644881929,0.32696719194081925,-55.38698653442376,-0.8125632746084135,37.36561947501623,-0.8604110866485712,18.83860377692052,-0.01912858174625246,0.07011126777848783,-0.001441,0.1922149751518504,0.0078843,0,1.0
428,0.4898696069792237,0.03784762145313927,0.0015493,2.1555968919717063,3.134572259162862,-57.05917773093269,1.01338506043586,4.739055877229017,0.32696719194081925,-63.3020511873257,-0.8125632746084135,28.534773691983595,-0.8604110866485712,70.93636211160087,-0.01912858174625246,-0.08116715422400789,-0.001441,0.07978693848548774,0.0078843,1,1.0
429,0.13237332613850294,0.07802740148248077,0.0015493,2.1555968919717063,3.134572259162862,90.32779593706185,1.01338506043586,15.321108354409098,0.32696719194081925,-59.46683744397423,-0.8125632746084135,18.89555436964357,-0.8604110866485712,-14.44111515112117,-0.01912858174625246,0.4768416566546589,-0.001441,0.5255650121785864,0.0078843,0,1.0
430,0.12884004114343423,0.008978047465546746,0.0015493,2.1555968919717063,3.134572259162862,-72.5248176109341,1.01338506043586,1.7310455727952119,0.32696719194081925,-81.26665412414499,-0.8125632746084135,92.85911524193314,-0.8604110866485712,70.92232150558142,-0.01912858174625246,-0.03336865512231545,-0.001441,0.03338108921800125,0.0078843,1,1.0
431,0.3688847346393653,0.04460259484981625,0.0015493,2.1555968919717063,3.134572259162862,-1.3290387645363522,1.01338506043586,5.85756952821431,0.32696719194081925,-14.13348900565684,-0.8125632746084135,-35.997275445465085,-0.8604110866485712,20.705705245824408,-0.01912858174625246,-0.12792423806863054,-0.001441,0.12893540466788292,0.0078843,1,1.0
432,0.0002976897992982286,0.14207257913422372,0.0015493,2.1555968919717063,3.134572259162862,64.74213729779386,1.01338506043586,8.38863766016002,0.32696719194081925,-26.425588022480557,-0.8125632746084135,5.81485512166019,-0.8604110866485712,-19.51869429896327,-0.01912858174625246,0.26823355237217056,-0.001441,0.3303409584531943,0.0078843,0,1.0
433,0.02667477463441445,0.015585818355847178,0.0015493,2.1555968919717063,3.134572259162862,17.72823508719032,1.01338506043586,3.1394386096787037,0.32696719194081925,-0.09572661616578282,-0.8125632746084135,-21.63860491121618,-0.8604110866485712,-5.946807650395396,-0.01912858174625246,-0.07607538634468354,-0.001441,0.08052955714269412,0.0078843,1,1.0
434,0.1512862942950319,0.006274979568187042,0.0015493,2.1555968919717063,3.134572259162862,-52.16138373252119,1.01338506043586,3.0912103179669184,0.32696719194081925,-65.19481930922535,-0.8125632746084135,62.38951050117041,-0.8604110866485712,55.96336736545644,-0.01912858174625246,-0.04133411151765269,-0.001441,0.043003275406333294,0.0078843,1,1.0
435,0.0011731043238227823,0.05908385071997783,0.0015493,2.1555968919717063,3.134572259162862,58.442155051043784,1.01338506043586,13.406161151549346,0.32696719194081925,-89.85528472968367,-0.8125632746084135,81.58972153364739,-0.8604110866485712,6.511685787035542,-0.01912858174625246,0.4176028279636134,-0.001441,0.6076515959788581,0.0078843,0,1.0
436,0.3987354737313611,0.247894543110599,0.0015493,2.1555968919717063,3.134572259162862,99.0681781956005,1.01338506043586,15.24712765070409,0.32696719194081925,-21.09282750246054,-0.8125632746084135,-67.14187469070345,-0.8604110866485712,-19.928975554195514,-0.01912858174625246,0.17307963295766984,-0.001441,0.5220761449437461,0.0078843,0,1.0
437,0.11847579738658864,0.02555194937429648,0.0015493,2.1555968919717063,3.134572259162862,-44.03954074057928,1.01338506043586,6.29004192912662,0.32696719194081925,-79.8396247267141,-0.8125632746084135,62.70976887934049,-0.8604110866485712,58.34247335500906,-0.01912858174625246,-0.1060141460647746,-0.001441,0.10719238534431036,0.0078843,1,1.0
438,0.14380822814380492,0.032240765294743415,0.0015493,2.1555968919717063,3.134572259162862,-62.05850362685867,1.01338506043586,-2.685680205641343,0.32696719194081925,-37.63749464992645,-0.8125632746084135,63.623826099507966,-0.8604110866485712,46.727476411751894,-0.01912858174625246,-0.10725836389380015,-0.001441,0.10728323510484518,0.0078843,1,1.0
439,0.01187434687873401,0.12743541124797633,0.0015493,2.1555968919717063,3.134572259162862,98.19287909202006,1.01338506043586,11.419148113302434,0.32696719194081925,-18.52294547307818,-0.8125632746084135,-12.954583300847696,-0.8604110866485712,-39.09675609877547,-0.01912858174625246,0.37889552415645505,-0.001441,0.4222148655354932,0.0078843,0,1.0
440,0.745886229210801,0.09415601448099305,0.0015493,2.1555968919717063,3.134572259162862,-34.53473389827215,1.01338506043586,2.744991779431092,0.32696719194081925,-1.075043859357006,-0.8125632746084135,-48.66555616265661,-0.8604110866485712,41.19534436030471,-0.01912858174625246,-0.037318251386296596,-0.001441,0.040772900624870344,0.0078843,1,1.0
441,0.0022949669316199017,0.1068017552105148,0.0015493,2.1555968919717063,3.134572259162862,4.747017742320228,1.01338506043586,8.373023893476724,0.32696719194081925,-67.79010303757966,-0.8125632746084135,43.436262995015284,-0.8604110866485712,27.989917316638298,-0.01912858174625246,0.0034057877699412847,-0.001441,0.210898915249911,0.0078843,0,1.0
442,0.12807386069230953,0.13841231522288697,0.0015493,2.1555968919717063,3.134572259162862,98.72785406872471,1.01338506043586,13.172724271853328,0.32696719194081925,-25.17851011281288,-0.8125632746084135,-22.134194993272963,-0.8604110866485712,-31.52164524577754,-0.01912858174625246,0.3706976607372936,-0.001441,0.44814640404647244,0.0078843,0,1.0
443,0.6197545683455314,0.33178329586803845,0.0015493,2.1555968919717063,3.134572259162862,43.99353801237066,1.01338506043586,18.815984066597068,0.32696719194081925,-68.55328586857074,-0.8125632746084135,-43.180471733438246,-0.8604110866485712,33.542149057844725,-0.01912858174625246,-0.04582208982797148,-0.001441,0.5013584371682014,0.0078843,1,1.0
444,0.03853782990192531,0.0006175484451709334,0.0015493,2.1555968919717063,3.134572259162862,-10.272813411659719,1.01338506043586,0.13339723175659468,0.32696719194081925,-8.397904706387488,-0.8125632746084135,9.494270293349297,-0.8604110866485712,9.150165518860984,-0.01912858174625246,-0.010975190653828619,-0.001441,0.010836911187054429,0.0078843,1,1.0
445,0.39749666472547696,0.14817104090467312,0.0015493,2.1555968919717063,3.134572259162862,1.2251702469322696,1.01338506043586,11.728117493079408,0.32696719194081925,-55.59933636692855,-0.8125632746084135,-20.056735037193164,-0.8604110866485712,40.128984104574805,-0.01912858174625246,-0.21246716572354837,-0.001441,0.2706221755569578,0.0078843,1,1.0
446,0.05561900400574027,0.05574679525660696,0.0015493,2.1555968919717063,3.134572259162862,91.51610914064658,1.01338506043586,16.123727554007942,0.32696719194081925,-81.22033673700352,-0.8125632746084135,38.17517101966775,-0.8604110866485712,-5.354397629800397,-0.01912858174625246,0.4214607711931429,-0.001441,0.5972536736592776,0.0078843,0,1.0
447,0.005314358347183523,0.12412396059055622,0.0015493,2.1555968919717063,3.134572259162862,-8.335357750489022,1.01338506043586,9.464954128815744,0.32696719194081925,-98.18811191386312,-0.8125632746084135,85.543257378489,-0.8604110866485712,45.21643750214948,-0.01912858174625246,0.13707197207438312,-0.001441,0.23699248580312818,0.0078843,0,1.0
448,0.00067288167268309,0.13857456415941152,0.0015493,2.1555968919717063,3.134572259162862,89.76442326059309,1.01338506043586,10.52974173185532,0.32696719194081925,-17.253652950097067,-0.8125632746084135,-15.204025621099557,-0.8604110866485712,-35.00799199537487,-0.01912858174625246,0.3172111691025943,-0.001441,0.3694907554825291,0.0078843,0,1.0
449,-2.6880141305807292e-05,0.2777444407620599,0.0015493,2.1555968919717063,3.134572259162862,99.0418874876047,1.01338506043586,5.283358496178024,0.32696719194081925,-10.699000004905344,-0.8125632746084135,47.734006009425606,-0.8604110866485712,-51.3028323557348,-0.01912858174625246,0.297083319992273,-0.001441,1.0877681428715618,0.0078843,0,1.0
450,0.21600143000662764,0.1340985073759416,0.0015493,2.1555968919717063,3.134572259162862,-66.90887832611662,1.01338506043586,-7.545222133768589,0.32696719194081925,-0.29249941795900924,-0.8125632746084135,45.829696575882096,-0.8604110866485712,32.86258139344297,-0.01912858174625246,-0.22749103396580153,-0.001441,0.22610843041670473,0.0078843,1,1.0
451,0.008589541602415651,0.0705863646460409,0.0015493,2.1555968919717063,3.134572259162862,84.74077041573953,1.01338506043586,13.944549949303912,0.32696719194081925,-58.70751468388114,-0.8125632746084135,40.397351543114084,-0.8604110866485712,-19.310667581340933,-0.01912858174625246,0.4271164425072859,-0.001441,0.6015213932444097,0.0078843,0,1.0
452,0.0025266978539804086,0.055052260805524826,0.0015493,2.1555968919717063,3.134572259162862,92.88814258084957,1.01338506043586,15.376504419841702,0.32696719194081925,-77.06112851454516,-0.8125632746084135,46.95867463456742,-0.8604110866485712,-11.675336106825712,-0.01912858174625246,0.47955638182734445,-0.001441,0.599203998466378,0.0078843,0,1.0
453,0.11149458703831439,0.05563204086092628,0.0015493,2.1555968919717063,3.134572259162862,75.14619737791011,1.01338506043586,16.959624524239555,0.32696719194081925,-99.70600453610342,-0.8125632746084135,56.562852748338486,-0.8604110866485712,11.341053468488644,-0.01912858174625246,0.4386527919298212,-0.001441,0.5865401494083903,0.0078843,0,1.0
454,0.7549319784720596,0.2786688406569798,0.0015493,2.1555968919717063,3.134572259162862,99.87253827235384,1.01338506043586,23.067333848194842,0.32696719194081925,-65.02191074549043,-0.8125632746084135,-55.94133589258602,-0.8604110866485712,8.345683483778858,-0.01912858174625246,0.34175305219550395,-0.001441,0.7006125515284083,0.0078843,0,1.0
455,0.23253883105969145,0.007751845699629544,0.0015493,2.1555968919717063,3.134572259162862,-56.70116109698815,1.01338506043586,1.7914374446524217,0.32696719194081925,-56.02634372783463,-0.8125632746084135,54.489697545478656,-0.8604110866485712,56.595318794251114,-0.01912858174625246,-0.026635069505715217,-0.001441,0.027290470444756035,0.0078843,1,1.0
456,0.19442396374285797,0.08349295863112172,0.0015493,2.1555968919717063,3.134572259162862,99.07858585379023,1.01338506043586,17.37251687207855,0.32696719194081925,-61.89423773630792,-0.8125632746084135,4.528337818711518,-0.8604110866485712,-14.075919915405738,-0.01912858174625246,0.45360177370562754,-0.001441,0.5577302263551963,0.0078843,0,1.0
457,0.5122365397031736,0.03197891668496171,0.0015493,2.1555968919717063,3.134572259162862,-91.6903666466052,1.01338506043586,4.737203793045539,0.32696719194081925,-91.6929296709034,-0.8125632746084135,72.65871048694572,-0.8604110866485712,96.70411817477894,-0.01912858174625246,-0.06054311381506284,-0.001441,0.06321810411467327,0.0078843,1,1.0
458,0.10179232776302904,0.05334945762304063,0.0015493,2.1555968919717063,3.134572259162862,71.1064099558765,1.01338506043586,17.87436105863614,0.32696719194081925,-99.43251003645015,-0.8125632746084135,56.76297626959324,-0.8604110866485712,10.732480504862803,-0.01912858174625246,0.46397687883169303,-0.001441,0.5288990039547022,0.0078843,0,1.0
459,0.18070520222049402,0.0957823036523659,0.0015493,2.1555968919717063,3.134572259162862,22.608735959358913,1.01338506043586,9.120348168083911,0.32696719194081925,-24.09405040291868,-0.8125632746084135,-36.33108513804512,-0.8604110866485712,9.206386353479077,-0.01912858174625246,-0.21516663060585875,-0.001441,0.2149854614966418,0.0078843,1,1.0
460,0.2118248640865752,0.1293282252151206,0.0015493,2.1555968919717063,3.134572259162862,8.233814894701572,1.01338506043586,11.063540343654212,0.32696719194081925,-53.028873284796205,-0.8125632746084135,-12.829835780775152,-0.8604110866485712,29.8350368414769,-0.01912858174625246,-0.24668443933986145,-0.001441,0.2527262115199776,0.0078843,1,1.0
461,0.18470045525423304,0.013021322575764617,0.0015493,2.1555968919717063,3.134572259162862,-31.051489333182783,1.01338506043586,0.03607970107259807,0.32696719194081925,-14.941320859539564,-0.8125632746084135,16.619566578667698,-0.8604110866485712,24.592048966142045,-0.01912858174625246,-0.05508303245057888,-0.001441,0.05643681084666972,0.0078843,1,1.0
462,0.9659059639445655,0.14352736092450658,0.0015493,2.1555968919717063,3.134572259162862,-68.3351248569447,1.01338506043586,7.597021573160885,0.32696719194081925,-59.947238990901305,-0.8125632746084135,-14.904893658905548,-0.8604110866485712,91.0338280556187,-0.01912858174625246,-0.129339156567685,-0.001441,0.13661292844250347,0.0078843,1,1.0
463,0.00047598871051091063,0.1457202314802129,0.0015493,2.1555968919717063,3.134572259162862,78.53044317219072,1.01338506043586,8.637967690396879,0.32696719194081925,-13.900742946064135,-0.8125632746084135,-8.254809347641814,-0.8604110866485712,-31.928498877338164,-0.01912858174625246,0.29437710453515853,-0.001441,0.3574391084258568,0.0078843,0,1.0
464,0.1984370252628439,0.04518044513494272,0.0015493,2.1555968919717063,3.134572259162862,-50.39576628042801,1.01338506043586,7.784154060831666,0.32696719194081925,-96.04294685918201,-0.8125632746084135,67.25268070150375,-0.8604110866485712,72.39420338866996,-0.01912858174625246,-0.13904789021203964,-0.001441,0.14180938986204414,0.0078843,1,1.0
465,0.02419427566942356,0.0641266998560119,0.0015493,2.1555968919717063,3.134572259162862,-14.150588621084108,1.01338506043586,6.265328414796404,0.32696719194081925,-66.57561995988016,-0.8125632746084135,39.05862243653537,-0.8604110866485712,39.73786983656471,-0.01912858174625246,-0.15568619727638763,-0.001441,0.15939689472059734,0.0078843,1,1.0
466,0.14185558602198992,0.007658427447411308,0.0015493,2.1555968919717063,3.134572259162862,-36.856870348483376,1.01338506043586,3.471658656088992,0.32696719194081925,-54.09479914256422,-0.8125632746084135,43.29815239232643,-0.8604110866485712,45.00054585219997,-0.01912858174625246,-0.052614241837053315,-0.001441,0.05367273081727641,0.0078843,1,1.0
467,0.12755714759491504,0.01842030402802148,0.0015493,2.1555968919717063,3.134572259162862,-38.57563283759377,1.01338506043586,5.054997913733582,0.32696719194081925,-66.16740702019382,-0.8125632746084135,50.705610156338054,-0.8604110866485712,50.51798722243485,-0.01912858174625246,-0.08635668113666793,-0.001441,0.08469501226005198,0.0078843,1,1.0
468,-9.638077471074702e-05,0.05479120218358893,0.0015493,2.1555968919717063,3.134572259162862,76.97737538231097,1.01338506043586,16.339709317081823,0.32696719194081925,-97.43844905635396,-0.8125632746084135,74.51263630297127,-0.8604110866485712,2.2655221502967198,-0.01912858174625246,0.507374527766519,-0.001441,0.604968362399806,0.0078843,0,1.0
469,0.5348899924199226,0.08257333911287607,0.0015493,2.1555968919717063,3.134572259162862,5.767926256108211,1.01338506043586,6.4944125980191645,0.32696719194081925,-3.0011993504499137,-0.8125632746084135,-66.22367560107979,-0.8604110866485712,19.841837372979114,-0.01912858174625246,-0.16338483751879904,-0.001441,0.16395744847292879,0.0078843,1,1.0
470,0.0036044713108518422,0.07634964430086452,0.0015493,2.1555968919717063,3.134572259162862,84.69675362135456,1.01338506043586,12.428986043739956,0.32696719194081925,-53.44214638345447,-0.8125632746084135,41.89429060006449,-0.8604110866485712,-21.47430596706172,-0.01912858174625246,0.41069989853609035,-0.001441,0.6385364045121831,0.0078843,0,1.0
471,0.04799247839329293,0.010459280255951135,0.0015493,2.1555968919717063,3.134572259162862,-37.452608949847374,1.01338506043586,-0.7599788966692604,0.32696719194081925,-27.792783931190012,-0.8125632746084135,44.257910176381394,-0.8604110866485712,28.331436270044943,-0.01912858174625246,-0.06730908852714881,-0.001441,0.06849881189974086,0.0078843,1,1.0
472,0.2689837104809826,0.0715408680649424,0.0015493,2.1555968919717063,3.134572259162862,-19.25046311556958,1.01338506043586,9.242581306285444,0.32696719194081925,-63.23257289509243,-0.8125632746084135,13.513551182148918,-0.8604110866485712,46.615624298682995,-0.01912858174625246,-0.17881684591232622,-0.001441,0.18737901353702996,0.0078843,1,1.0
473,0.4334899126246361,0.23463589455807338,0.0015493,2.1555968919717063,3.134572259162862,49.71579932454466,1.01338506043586,16.463321509509182,0.32696719194081925,-64.87737613867864,-0.8125632746084135,-17.45094166832693,-0.8604110866485712,20.933823329308662,-0.01912858174625246,0.10895195682995434,-0.001441,0.4568004726114116,0.0078843,0,1.0
474,0.0006081015132701761,0.24739024580758434,0.0015493,2.1555968919717063,3.134572259162862,62.59660121718404,1.01338506043586,5.215513694087597,0.32696719194081925,-19.48414231668284,-0.8125632746084135,40.93250373488026,-0.8604110866485712,-28.060072066441865,-0.01912858174625246,0.22265944903769758,-0.001441,0.7151961759650682,0.0078843,0,1.0
475,0.03280600636262089,0.00428494951732152,0.0015493,2.1555968919717063,3.134572259162862,2.8073592335482185,1.01338506043586,0.9823791867875787,0.32696719194081925,-4.7073584793885415,-0.8125632746084135,-4.234529061978994,-0.8604110866485712,3.025736766562,-0.01912858174625246,-0.036236805519841986,-0.001441,0.038726855493450715,0.0078843,1,1.0
476,0.8527234687879571,0.1098369339488023,0.0015493,2.1555968919717063,3.134572259162862,-60.83154105843642,1.01338506043586,5.344093125235561,0.32696719194081925,-39.295555349137324,-0.8125632746084135,-19.473419659938656,-0.8604110866485712,73.3665457591501,-0.01912858174625246,-0.08416390045234871,-0.001441,0.08047879728996914,0.0078843,1,1.0
477,0.34249861600383974,0.016853369738155797,0.0015493,2.1555968919717063,3.134572259162862,-79.96240214924593,1.01338506043586,4.507979517012409,0.32696719194081925,-91.83195329937105,-0.8125632746084135,80.16710668988631,-0.8604110866485712,86.39578291575327,-0.01912858174625246,-0.053993385416922904,-0.001441,0.057081277638606945,0.0078843,1,1.0
478,0.14226032907847255,0.015930612684181132,0.0015493,2.1555968919717063,3.134572259162862,-77.72350194511444,1.01338506043586,0.33559882833256877,0.32696719194081925,-74.6766415657718,-0.8125632746084135,94.2182920635554,-0.8604110866485712,69.935032154957,-0.01912858174625246,-0.06627334702425972,-0.001441,0.06698149516707905,0.0078843,1,1.0
479,0.7808124824734647,0.09229339471251448,0.0015493,2.1555968919717063,3.134572259162862,-95.88605381394825,1.01338506043586,1.8415627261957228,0.32696719194081925,-60.77624256468219,-0.8125632746084135,35.070721230275744,-0.8604110866485712,94.65982921313757,-0.01912858174625246,-0.02671186472928271,-0.001441,0.026747278487251853,0.0078843,1,1.0
480,0.01133793213811285,0.09558095090657712,0.0015493,2.1555968919717063,3.134572259162862,84.48472642250837,1.01338506043586,11.245533519356057,0.32696719194081925,-46.02738512025842,-0.8125632746084135,33.20993803266111,-0.8604110866485712,-22.93105121110822,-0.01912858174625246,0.3906070124689887,-0.001441,0.6031178592198781,0.0078843,0,1.0
481,0.22815278253316063,0.007555794038605955,0.0015493,2.1555968919717063,3.134572259162862,-34.872291993586444,1.01338506043586,1.0814748479143996,0.32696719194081925,-26.636843420024313,-0.8125632746084135,20.477416909381123,-0.8604110866485712,33.98111147903417,-0.01912858174625246,-0.023606602768894716,-0.001441,0.023533919796261155,0.0078843,1,1.0
482,0.008444165557964789,0.054353517922377845,0.0015493,2.1555968919717063,3.134572259162862,70.44732565938456,1.01338506043586,13.642586762513554,0.32696719194081925,-82.8869495601837,-0.8125632746084135,64.96914344406434,-0.8604110866485712,0.27477178510370054,-0.01912858174625246,0.43777840025900555,-0.001441,0.5753727478882861,0.0078843,0,1.0
483,0.021999377226216477,0.07528043647658791,0.0015493,2.1555968919717063,3.134572259162862,75.81081014038934,1.01338506043586,14.250353700399888,0.32696719194081925,-68.09715455229795,-0.8125632746084135,46.43590686132528,-0.8604110866485712,-9.890432093745863,-0.01912858174625246,0.42852286759637503,-0.001441,0.5470582808628266,0.0078843,0,1.0
484,0.32842974465999475,0.19999720180109437,0.0015493,2.1555968919717063,3.134572259162862,30.545508693937826,1.01338506043586,13.061613919422634,0.32696719194081925,-34.72543786360855,-0.8125632746084135,-55.68947855067304,-0.8604110866485712,16.818388736555598,-0.01912858174625246,-0.29695719053201175,-0.001441,0.3149092508733816,0.0078843,1,1.0
485,0.050157476826381886,0.06156336036885231,0.0015493,2.1555968919717063,3.134572259162862,37.496710712907905,1.01338506043586,6.3270223575433375,0.32696719194081925,-0.42626887927834284,-0.8125632746084135,-45.46320306374546,-0.8604110866485712,-12.07305354443198,-0.01912858174625246,-0.16911134072963255,-0.001441,0.17010233928124344,0.0078843,1,1.0
486,0.026880762700867977,0.024995979043796277,0.0015493,2.1555968919717063,3.134572259162862,-50.725121771795905,1.01338506043586,5.718654323593294,0.32696719194081925,-87.30303641372105,-0.8125632746084135,82.63984864169434,-0.8604110866485712,60.51301295681517,-0.01912858174625246,-0.0954006732689838,-0.001441,0.09506106591176264,0.0078843,1,1.0
487,0.07216161778676422,0.17182219175724373,0.0015493,2.1555968919717063,3.134572259162862,57.83573515076208,1.01338506043586,11.027214548037687,0.32696719194081925,-6.437730807516658,-0.8125632746084135,-68.14830734429731,-0.8604110866485712,-16.750900414117698,-0.01912858174625246,-0.28052345925194844,-0.001441,0.27995020913002766,0.0078843,1,1.0
488,0.09373272644715736,0.029425445337040154,0.0015493,2.1555968919717063,3.134572259162862,15.004238763056597,1.01338506043586,5.020801890592941,0.32696719194081925,-8.89416570186867,-0.8125632746084135,-24.063815374555045,-0.8604110866485712,1.3886192289458477,-0.01912858174625246,-0.11583454230692974,-0.001441,0.11543101095622288,0.0078843,1,1.0
489,0.2612228054765408,0.023390572269275375,0.0015493,2.1555968919717063,3.134572259162862,-57.68629204951707,1.01338506043586,-0.8158227974472243,0.32696719194081925,-36.268448460772724,-0.8125632746084135,44.86165029065842,-0.8604110866485712,48.53012725342567,-0.01912858174625246,-0.06787981473909248,-0.001441,0.06946107091069033,0.0078843,1,1.0
490,0.2571644239464578,0.027591609175182902,0.0015493,2.1555968919717063,3.134572259162862,-56.276022280298555,1.01338506043586,6.615736334059054,0.32696719194081925,-81.67256237336814,-0.8125632746084135,60.472028827127204,-0.8604110866485712,68.12187953470833,-0.01912858174625246,-0.10425848279581527,-0.001441,0.11176501143135663,0.0078843,1,1.0
491,0.3298788424041878,0.07296034262469757,0.0015493,2.1555968919717063,3.134572259162862,-36.65972313308217,1.01338506043586,9.679795586384076,0.32696719194081925,-82.36865047055328,-0.8125632746084135,31.604767577184905,-0.8604110866485712,65.16958589716222,-0.01912858174625246,-0.18959244689106045,-0.001441,0.1892008543890978,0.0078843,1,1.0
492,0.026069300517129766,0.008735674188690062,0.0015493,2.1555968919717063,3.134572259162862,-58.412454133571366,1.01338506043586,0.8049972624705788,0.32696719194081925,-66.86063290907913,-0.8125632746084135,84.23064206824596,-0.8604110866485712,54.860053086435556,-0.01912858174625246,-0.03687876566518188,-0.001441,0.036611031820155925,0.0078843,1,1.0
493,0.18217656127146087,0.12340640227434099,0.0015493,2.1555968919717063,3.134572259162862,-7.355379172518745,1.01338506043586,10.439354969907196,0.32696719194081925,-79.07141224093841,-0.8125632746084135,32.54685661133803,-0.8604110866485712,45.78239692849439,-0.01912858174625246,-0.10107575243893852,-0.001441,0.24678573879321541,0.0078843,1,1.0
494,0.4546242122401297,0.07159755733789165,0.0015493,2.1555968919717063,3.134572259162862,-38.831129962357714,1.01338506043586,9.397323992611733,0.32696719194081925,-72.26861178744045,-0.8125632746084135,15.881437048762619,-0.8604110866485712,65.4799877595471,-0.01912858174625246,-0.1765452969337224,-0.001441,0.17976346068856758,0.0078843,1,1.0
495,0.4590961816246699,0.06929363021971065,0.0015493,2.1555968919717063,3.134572259162862,8.995605920912677,1.01338506043586,6.666499083631563,0.32696719194081925,-0.050076314499738706,-0.8125632746084135,-63.14581427920495,-0.8604110866485712,13.095172102374981,-0.01912858174625246,-0.15076970949345195,-0.001441,0.15039650486731207,0.0078843,1,1.0
496,0.7828877668246266,0.15362515485516356,0.0015493,2.1555968919717063,3.134572259162862,-2.807179459601146,1.01338506043586,8.953148432434515,0.32696719194081925,-8.816792065684947,-0.8125632746084135,-82.63895954831662,-0.8604110866485712,34.244983763150984,-0.01912858174625246,-0.19047356356877515,-0.001441,0.2043817351525638,0.0078843,1,1.0
497,0.0763016623301574,0.049335942032367894,0.0015493,2.1555968919717063,3.134572259162862,-35.04209153238517,1.01338506043586,7.134779841213727,0.32696719194081925,-85.24842996413138,-0.8125632746084135,60.86475208264353,-0.8604110866485712,57.267396883761336,-0.01912858174625246,-0.14132077725455325,-0.001441,0.14089271051858918,0.0078843,1,1.0
498,0.006774353832930055,0.03229624169146401,0.0015493,2.1555968919717063,3.134572259162862,-14.456122290734918,1.01338506043586,1.203934434053355,0.32696719194081925,-27.491419140181172,-0.8125632746084135,32.15393377213625,-0.8604110866485712,17.873489110214496,-0.01912858174625246,0.01850609872148934,-0.001441,0.04870161297111836,0.0078843,0,1.0
499,0.47987076960640507,0.038056759025047494,0.0015493,2.1555968919717063,3.134572259162862,-60.8150757530308,1.01338506043586,6.1900888392344315,0.32696719194081925,-69.6395088940348,-0.8125632746084135,34.51101664972448,-0.8604110866485712,73.20648049158382,-0.01912858174625246,-0.09921295413978744,-0.001441,0.09661934697366244,0.0078843,1,1.0
500,1.959085712319169,1.3222435098609966,0.0015493,0.7631940241558249,2.47659447396597,-3.4258958764209946,1.01338506043586,32.6705936137626,0.32696719194081925,-33.12081998343617,-0.8125632746084135,-40.94832108880963,-0.8604110866485712,32.73501007502575,-0.01912858174625246,0.286657290787911,-0.001441,4.053448824529221,0.0078843,0,1.0
501,-0.02850408213748823,0.2239675051704709,0.0015493,0.7631940241558249,2.47659447396597,47.31267439459371,1.01338506043586,35.64939566785594,0.32696719194081925,-4.23272384514134,-0.8125632746084135,-43.38225064601162,-0.8604110866485712,-37.68390226840268,-0.01912858174625246,0.7466925691286113,-0.001441,8.320335445937953,0.0078843,0,1.0
502,0.06559068811605928,0.02402120451739168,0.0015493,0.7631940241558249,2.47659447396597,16.22777463392761,1.01338506043586,21.46122430880503,0.32696719194081925,-23.59814973310319,-0.8125632746084135,-6.286556887565748,-0.8604110866485712,-5.833896302264477,-0.01912858174625246,0.27618951844723494,-0.001441,3.916328415949013,0.0078843,0,1.0
503,0.006898815642264244,0.002428825470126107,0.0015493,0.7631940241558249,2.47659447396597,2.5438916523342314,1.01338506043586,17.724756250661294,0.32696719194081925,-48.365700170971245,-0.8125632746084135,28.5305814833662,-0.8604110866485712,11.152310438422885,-0.01912858174625246,0.28516511946871725,-0.001441,2.4731258311707784,0.0078843,0,1.0
504,0.011248318682450353,0.019196974247537593,0.0015493,0.7631940241558249,2.47659447396597,13.214026397611228,1.01338506043586,15.003503223598988,0.32696719194081925,-16.764815801810407,-0.8125632746084135,-2.293601581300049,-0.8604110866485712,-6.052463996160641,-0.01912858174625246,0.3156867205189504,-0.001441,2.9966879008822565,0.0078843,0,1.0
505,2.7817920479481115,2.4823558461487636,0.0015493,0.7631940241558249,2.47659447396597,-19.544720842272937,1.01338506043586,35.435928045194004,0.32696719194081925,-63.87596821211155,-0.8125632746084135,-30.414010994078122,-0.8604110866485712,64.93689066891768,-0.01912858174625246,0.26425073543382904,-0.001441,4.17026864238167,0.0078843,0,1.0
506,-0.0023517660963016107,0.24138254920161975,0.0015493,0.7631940241558249,2.47659447396597,19.0183488833406,1.01338506043586,16.234621517618468,0.32696719194081925,-19.613452331121184,-0.8125632746084135,15.63426175647652,-0.8604110866485712,-13.34776842862271,-0.01912858174625246,1.3455897928506133,-0.001441,3.6253200929624425,0.0078843,0,1.0
507,1.5129364735269413,0.6835795473993165,0.0015493,0.7631940241558249,2.47659447396597,-8.5351607907113,1.01338506043586,40.66449820856573,0.32696719194081925,-86.05325965497337,-0.8125632746084135,11.14049716692256,-0.8604110866485712,47.01089559422996,-0.01912858174625246,0.27234874225565786,-0.001441,4.770406988492842,0.0078843,0,1.0
508,0.18695639608540116,0.028654899916651357,0.0015493,0.7631940241558249,2.47659447396597,3.9613877430405857,1.01338506043586,19.76457531348055,0.32696719194081925,-44.840942983239394,-0.8125632746084135,19.070080858491707,-0.8604110866485712,10.939268357200003,-0.01912858174625246,0.32726037769452554,-0.001441,2.855999964581444,0.0078843,0,1.0
509,0.01964005055342577,0.172692704886256,0.0015493,0.7631940241558249,2.47659447396597,45.46786996008841,1.01338506043586,57.50333099283595,0.32696719194081925,-71.18966736833823,-0.8125632746084135,-2.0693756156335956,-0.8604110866485712,-17.28566802871119,-0.01912858174625246,1.0446386828613319,-0.001441,10.835540189265846,0.0078843,0,1.0
510,0.03164736025728221,0.13184236659987505,0.0015493,0.7631940241558249,2.47659447396597,72.4883514681169,1.01338506043586,59.875345621343705,0.32696719194081925,-5.716980240121659,-0.8125632746084135,-90.94967292321054,-0.8604110866485712,-54.266344555116326,-0.01912858174625246,0.25682766046808414,-0.001441,13.245182952220805,0.0078843,0,1.0
511,0.007836463230098012,0.07028386876327733,0.0015493,0.7631940241558249,2.47659447396597,51.73505612483387,1.01338506043586,45.73992358283076,0.32696719194081925,-13.411018185783492,-0.8125632746084135,-57.73403436709844,-0.8604110866485712,-36.55717705635659,-0.01912858174625246,0.2766849032502554,-0.001441,9.774942484020844,0.0078843,0,1.0
512,1.7921570325305924,1.2258321930883396,0.0015493,0.7631940241558249,2.47659447396597,-28.536737303795174,1.01338506043586,6.052900377518884,0.32696719194081925,-40.18624330407819,-0.8125632746084135,-2.704164017109246,-0.8604110866485712,56.219125938067435,-0.01912858174625246,-0.12162867070358754,-0.001441,0.1340029900127039,0.0078843,1,1.0
513,-0.0035900551056678998,0.1991358289485859,0.0015493,0.7631940241558249,2.47659447396597,-6.668015686197893,1.01338506043586,6.100536424682471,0.32696719194081925,-56.828732206879586,-0.8125632746084135,76.27025357274802,-0.8604110866485712,16.686399889266873,-0.01912858174625246,0.5650036441431983,-0.001441,1.596816676722327,0.0078843,0,1.0
514,0.05531206735143601,0.036898450271243416,0.0015493,0.7631940241558249,2.47659447396597,29.57907501074053,1.01338506043586,31.556485719369213,0.32696719194081925,-22.070573891215428,-0.8125632746084135,-25.240086580409308,-0.8604110866485712,-16.508527079034977,-0.01912858174625246,0.26097220932548515,-0.001441,6.249497703310944,0.0078843,0,1.0
515,-0.00014069214925327422,0.006740659936133642,0.0015493,0.7631940241558249,2.47659447396597,12.851023586498686,1.01338506043586,23.130676500091905,0.32696719194081925,-39.62909003813038,-0.8125632746084135,9.20930780908777,-0.8604110866485712,0.7864702238607747,-0.01912858174625246,0.26944624149492413,-0.001441,3.926500903608714,0.0078843,0,1.0
516,0.049902107605378276,0.030399625427029345,0.0015493,0.7631940241558249,2.47659447396597,39.438725189530146,1.01338506043586,53.31744406338474,0.32696719194081925,-61.474205380396484,-0.8125632746084135,-18.0590074123626,-0.8604110866485712,-12.680885026755396,-0.01912858174625246,0.2658747422495873,-0.001441,9.747203619156277,0.0078843,0,1.0
517,-0.001105635473429345,0.08458896379289486,0.0015493,0.7631940241558249,2.47659447396597,59.98326493309597,1.01338506043586,74.95838277892945,0.32696719194081925,-84.76709638085816,-0.8125632746084135,-24.873676031659812,-0.8604110866485712,-22.76509741532935,-0.01912858174625246,0.5512600256836935,-0.001441,14.304518773069223,0.0078843,0,1.0
518,0.03295668653332218,0.12256811757295732,0.0015493,0.7631940241558249,2.47659447396597,81.47955611758348,1.01338506043586,84.94665668658145,0.32696719194081925,-51.27706782239158,-0.8125632746084135,-81.31497923255192,-0.8604110866485712,-48.28522629640757,-0.01912858174625246,0.25795844819601044,-0.001441,16.781170747353347,0.0078843,0,1.0
519,0.008288235615361739,0.007730710988596493,0.0015493,0.7631940241558249,2.47659447396597,16.75008020539361,1.01338506043586,41.72192296200045,0.32696719194081925,-87.33023710055622,-0.8125632746084135,31.9809161758437,-0.8604110866485712,11.520827735796853,-0.01912858174625246,0.398384814069888,-0.001441,6.722999334787669,0.0078843,0,1.0
520,-0.005138329233060457,0.18623031538671445,0.0015493,0.7631940241558249,2.47659447396597,64.7984140164443,1.01338506043586,65.3741764579052,0.32696719194081925,-48.57201307096443,-0.8125632746084135,-45.387810939346345,-0.8604110866485712,-37.73553574987925,-0.01912858174625246,0.7490303666807092,-0.001441,13.468520359952265,0.0078843,0,1.0
521,0.0015892273076163477,0.0020236316322440303,0.0015493,0.7631940241558249,2.47659447396597,0.6774397494972717,1.01338506043586,15.941260077367389,0.32696719194081925,-48.00227982885808,-0.8125632746084135,31.44245992542818,-0.8604110866485712,12.366311236078175,-0.01912858174625246,0.29194675471384013,-0.001441,2.1131930168302206,0.0078843,0,1.0
522,0.013653633865137405,0.026417976194066505,0.0015493,0.7631940241558249,2.47659447396597,45.063305945196596,1.01338506043586,58.62450842493218,0.32696719194081925,-66.88736566309473,-0.8125632746084135,-21.32067651523093,-0.8604110866485712,-15.590054923715446,-0.01912858174625246,0.2602482887973103,-0.001441,10.97331095308154,0.0078843,0,1.0
523,0.004903940949439578,0.3213698552816898,0.0015493,0.7631940241558249,2.47659447396597,-0.2073760449150764,1.01338506043586,6.486403053386653,0.32696719194081925,-42.19484739515657,-0.8125632746084135,65.84290052020161,-0.8604110866485712,6.108924679430843,-0.01912858174625246,0.8671542327424994,-0.001441,1.9127857660067757,0.0078843,0,1.0
524,0.007924859045268517,0.03774068085861054,0.0015493,0.7631940241558249,2.47659447396597,34.88787980146184,1.01338506043586,34.499199309981364,0.32696719194081925,-21.144371994540037,-0.8125632746084135,-30.473958793077244,-0.8604110866485712,-21.357306650728773,-0.01912858174625246,0.2829162223025299,-0.001441,7.090040641197641,0.0078843,0,1.0
525,-0.002476304106296734,0.4722838817779839,0.0015493,0.7631940241558249,2.47659447396597,60.61882731664075,1.01338506043586,53.60300911754299,0.32696719194081925,-29.061987063312927,-0.8125632746084135,-32.82242536354497,-0.8604110866485712,-43.33291741388307,-0.01912858174625246,1.5400874467074397,-0.001441,11.377406786398932,0.0078843,0,1.0
526,-0.10173116652349457,0.6695426551909913,0.0015493,0.7631940241558249,2.47659447396597,46.17017899531263,1.01338506043586,40.332696907884184,0.32696719194081925,-38.191232696602626,-0.8125632746084135,4.119550095433759,-0.8604110866485712,-31.250788529050965,-0.01912858174625246,1.846918078993867,-0.001441,8.96345926044485,0.0078843,0,1.0
527,0.00023474809966161914,0.12970552731767612,0.0015493,0.7631940241558249,2.47659447396597,79.62952546074979,1.01338506043586,68.46012608890001,0.32696719194081925,-14.564537093300041,-0.8125632746084135,-94.9261983167275,-0.8604110866485712,-57.55977132135133,-0.01912858174625246,0.2668996080118031,-0.001441,14.854928083966524,0.0078843,0,1.0
528,0.01287377088567876,0.006503520084584637,0.0015493,0.7631940241558249,2.47659447396597,23.748945239265655,1.01338506043586,47.790254664393316,0.32696719194081925,-86.74952630309969,-0.8125632746084135,19.638871556031802,-0.8604110866485712,6.341860139765105,-0.01912858174625246,0.3070679312557938,-0.001441,8.002937906253894,0.0078843,0,1.0
529,-0.050885736734255005,0.5668459529972802,0.0015493,0.7631940241558249,2.47659447396597,45.250889296033236,1.01338506043586,61.17633504734021,0.32696719194081925,-96.15154853962467,-0.8125632746084135,37.41339782035335,-0.8604110866485712,-14.27173115690688,-0.01912858174625246,2.0901166476681663,-0.001441,11.227541551006254,0.0078843,0,1.0
530,0.7579912127030292,0.2996877273030174,0.0015493,0.7631940241558249,2.47659447396597,-18.2641759753697,1.01338506043586,13.069421524902657,0.32696719194081925,-69.7405357675941,-0.8125632746084135,45.88650028032645,-0.8604110866485712,42.56872804710863,-0.01912858174625246,0.34318933741434066,-0.001441,1.1464558866709826,0.0078843,0,1.0
531,5.0591003987965344e-05,0.001583987146132795,0.0015493,0.7631940241558249,2.47659447396597,-4.7030642389517485,1.01338506043586,17.813836693080855,0.32696719194081925,-67.62801044520705,-0.8125632746084135,52.00849990204722,-0.8604110866485712,21.75847675267327,-0.01912858174625246,0.35463498153696993,-0.001441,2.0109108833711247,0.0078843,0,1.0
532,1.1775864014751432,0.7790902388316111,0.0015493,0.7631940241558249,2.47659447396597,62.46790549974623,1.01338506043586,88.93058964523048,0.32696719194081925,-65.06747110221389,-0.8125632746084135,-89.38051708122069,-0.8604110866485712,-17.029280688330005,-0.01912858174625246,0.2741080600214225,-0.001441,15.902588922888707,0.0078843,0,1.0
533,-0.008034157211169735,0.6417443407605634,0.0015493,0.7631940241558249,2.47659447396597,45.398193835845994,1.01338506043586,50.857594152064614,0.32696719194081925,-59.099226752055785,-0.8125632746084135,15.851874976329215,-0.8604110866485712,-25.381477025987984,-0.01912858174625246,2.1249376068440218,-0.001441,9.574297431871763,0.0078843,0,1.0
534,0.007590214940262463,0.0813446548217191,0.0015493,0.7631940241558249,2.47659447396597,72.97690256393547,1.01338506043586,77.06440159179675,0.32696719194081925,-54.32765219827788,-0.8125632746084135,-65.40293712350227,-0.8604110866485712,-40.848305417751426,-0.01912858174625246,0.28677773001021833,-0.001441,15.404352932499597,0.0078843,0,1.0
535,1.0254324389970448,0.5819681094833149,0.0015493,0.7631940241558249,2.47659447396597,-13.347845090188454,1.01338506043586,7.7966807776658404,0.32696719194081925,-15.943651901505959,-0.8125632746084135,-17.12946870334177,-0.8604110866485712,27.742785609762866,-0.01912858174625246,-0.4350665444047696,-0.001441,0.3870036481065053,0.0078843,1,1.0
536,0.23392415743624373,0.04019244596633679,0.0015493,0.7631940241558249,2.47659447396597,0.5554213734903137,1.01338506043586,14.341053835752007,0.32696719194081925,-35.777507206210934,-0.8125632746084135,16.534284342128228,-0.8604110866485712,11.647550463722482,-0.01912858174625246,0.28469450530047435,-0.001441,1.957396454730338,0.0078843,0,1.0
537,0.016756141793352608,0.035320004783965624,0.0015493,0.7631940241558249,2.47659447396597,6.724613535163501,1.01338506043586,36.969312644031184,0.32696719194081925,-99.80624214074392,-0.8125632746084135,62.20421120071634,-0.8604110866485712,21.04921230111238,-0.01912858174625246,0.8343102118843193,-0.001441,5.2383606687671085,0.0078843,0,1.0
538,1.2233436898845416,0.9782954669388864,0.0015493,0.7631940241558249,2.47659447396597,17.493526212129904,1.01338506043586,47.29177123494748,0.32696719194081925,-37.28456046961953,-0.8125632746084135,-42.70157381072421,-0.8604110866485712,7.824604849554213,-0.01912858174625246,0.32515342413136317,-0.001441,6.472206053937155,0.0078843,0,1.0
539,-0.08835984045805056,1.0789316557687814,0.0015493,0.7631940241558249,2.47659447396597,26.40718937272013,1.01338506043586,21.215477931277874,0.32696719194081925,-37.48874160981738,-0.8125632746084135,53.53682037518463,-0.8604110866485712,-20.1304571870125,-0.01912858174625246,2.884416403857838,-0.001441,4.811270800852578,0.0078843,0,1.0
540,0.008733520476778,0.026833827543629996,0.0015493,0.7631940241558249,2.47659447396597,30.832090889457724,1.01338506043586,40.873402349939084,0.32696719194081925,-51.48489796826355,-0.8125632746084135,-8.001349760043388,-0.8604110866485712,-9.295410516989227,-0.01912858174625246,0.3164520246339002,-0.001441,7.719869867602817,0.0078843,0,1.0
541,0.0038981985106465444,0.012810822807868077,0.0015493,0.7631940241558249,2.47659447396597,22.714363785921883,1.01338506043586,32.93112661283721,0.32696719194081925,-43.86107924576337,-0.8125632746084135,-2.563743419155264,-0.8604110866485712,-5.517708790195831,-0.01912858174625246,0.2649968429159477,-0.001441,5.885525852873472,0.0078843,0,1.0
542,2.324326022241213,1.7485333911474847,0.0015493,0.7631940241558249,2.47659447396597,-25.17148914099098,1.01338506043586,27.16740247527791,0.32696719194081925,-69.61425203783038,-0.8125632746084135,-0.4335481345828017,-0.8604110866485712,65.1405609769868,-0.01912858174625246,0.32212116561369375,-0.001441,2.608569992596113,0.0078843,0,1.0
543,0.555572981276637,0.21385807677023344,0.0015493,0.7631940241558249,2.47659447396597,40.70635306718774,1.01338506043586,65.62987419082361,0.32696719194081925,-80.6111466590023,-0.8125632746084135,-25.747860245072438,-0.8604110866485712,-2.208421627812476,-0.01912858174625246,0.3306106785401779,-0.001441,11.7217399157967,0.0078843,0,1.0
544,1.6886989639776617,0.9599651974033648,0.0015493,0.7631940241558249,2.47659447396597,-19.09047744685404,1.01338506043586,6.4812751743622385,0.32696719194081925,-10.872870467021375,-0.8125632746084135,-33.3013908512268,-0.8604110866485712,38.88006313369366,-0.01912858174625246,-0.3050616654919348,-0.001441,0.2939083687058579,0.0078843,1,1.0
545,0.012617545367738625,0.02598280422897605,0.0015493,0.7631940241558249,2.47659447396597,37.59877518496542,1.01338506043586,50.5168670794434,0.32696719194081925,-62.578898140693695,-0.8125632746084135,-12.267408808123498,-0.8604110866485712,-11.155383972299312,-0.01912858174625246,0.2938152068598052,-0.001441,9.439236945150967,0.0078843,0,1.0
546,0.535642097925512,0.1916738095996776,0.0015493,0.7631940241558249,2.47659447396597,13.083735619511648,1.01338506043586,17.29542220822988,0.32696719194081925,-4.998610866187794,-0.8125632746084135,-27.796068968847674,-0.8604110866485712,-3.3221442810935793,-0.01912858174625246,0.28556596824974934,-0.001441,3.375342057219251,0.0078843,0,1.0
547,-0.00980003246348038,0.3847634755915577,0.0015493,0.7631940241558249,2.47659447396597,16.936986880105277,1.01338506043586,32.67927068699335,0.32696719194081925,-77.65230291143774,-0.8125632746084135,63.298524017131164,-0.8604110866485712,2.6711879754580017,-0.01912858174625246,2.0058046525694233,-0.001441,5.426104145321702,0.0078843,0,1.0
548,0.06738603359582562,0.10588940510367349,0.0015493,0.7631940241558249,2.47659447396597,51.1467923193398,1.01338506043586,46.00340547774343,0.32696719194081925,-18.44216575909348,-0.8125632746084135,-55.48522803422758,-0.8604110866485712,-33.44992552764969,-0.01912858174625246,0.2584348624382846,-0.001441,10.092655248254161,0.0078843,0,1.0
549,0.0375021858623561,0.05973528477157817,0.0015493,0.7631940241558249,2.47659447396597,48.272251956788985,1.01338506043586,49.973135063476946,0.32696719194081925,-30.370333020235794,-0.8125632746084135,-46.349537448301604,-0.8604110866485712,-28.719047704651203,-0.01912858174625246,0.2567499938946449,-0.001441,9.926346784778097,0.0078843,0,1.0
550,0.007050500889834499,0.00984071663445997,0.0015493,0.7631940241558249,2.47659447396597,36.60704739789803,1.01338506043586,60.86901992109055,0.32696719194081925,-92.1166961415977,-0.8125632746084135,3.586976505945509,-0.8604110866485712,-2.0234338170346793,-0.01912858174625246,0.2653038802409249,-0.001441,10.533415705368773,0.0078843,0,1.0
551,0.050934764803119315,0.0301669179516329,0.0015493,0.7631940241558249,2.47659447396597,30.031588782605134,1.01338506043586,35.768331085428265,0.32696719194081925,-34.199460723319234,-0.8125632746084135,-19.203857911238156,-0.8604110866485712,-13.278977407068258,-0.01912858174625246,0.26107878639759896,-0.001441,6.874346057963125,0.0078843,0,1.0
552,0.005381725820974181,0.004860253767385744,0.0015493,0.7631940241558249,2.47659447396597,-7.905829260966619,1.01338506043586,15.488688509879076,0.32696719194081925,-67.92315201084124,-0.8125632746084135,57.68231544551954,-0.8604110866485712,24.010179241656637,-0.01912858174625246,0.31476728892957384,-0.001441,1.5116595201104013,0.0078843,0,1.0
553,0.02656036119331473,0.04936126319565633,0.0015493,0.7631940241558249,2.47659447396597,44.88663373605235,1.01338506043586,48.24921856153922,0.32696719194081925,-38.16894401168621,-0.8125632746084135,-35.80810563840526,-0.8604110866485712,-23.65199772225278,-0.01912858174625246,0.2758666260732703,-0.001441,9.703870291271352,0.0078843,0,1.0
554,-0.08073292359020301,0.9429053936223878,0.0015493,0.7631940241558249,2.47659447396597,31.55882445949269,1.01338506043586,26.299152156582196,0.32696719194081925,-35.712914097467305,-0.8125632746084135,38.7453999599749,-0.8604110866485712,-23.637407531142962,-0.01912858174625246,2.626764966054053,-0.001441,5.7817048697692766,0.0078843,0,1.0
555,1.1235326261309484,0.5344112864278954,0.0015493,0.7631940241558249,2.47659447396597,-16.4631203266005,1.01338506043586,5.539513517512843,0.32696719194081925,-22.06503435344803,-0.8125632746084135,-10.595648183872179,-0.8604110866485712,33.725839351667716,-0.01912858174625246,-0.29298634509890825,-0.001441,0.2783387764909094,0.0078843,1,1.0
556,0.1094518107256075,0.0106249795510888,0.0015493,0.7631940241558249,2.47659447396597,25.43576517408374,1.01338506043586,55.45515286366527,0.32696719194081925,-99.78234715895412,-0.8125632746084135,19.459340124096226,-0.8604110866485712,9.957016750651078,-0.01912858174625246,0.2602563676617926,-0.001441,9.056947976288019,0.0078843,0,1.0
557,-0.00053579199747672,0.007420501818831361,0.0015493,0.7631940241558249,2.47659447396597,3.1047155415064753,1.01338506043586,9.376213989434337,0.32696719194081925,-23.88384616517273,-0.8125632746084135,15.382804084974978,-0.8604110866485712,3.575281134885898,-0.01912858174625246,0.30608117270551416,-0.001441,1.4670459294159466,0.0078843,0,1.0
558,-0.024601237396861375,0.3398168555299687,0.0015493,0.7631940241558249,2.47659447396597,47.934256492429604,1.01338506043586,58.793093023737946,0.32696719194081925,-75.71034454966755,-0.8125632746084135,8.636343698927293,-0.8604110866485712,-19.88926609506015,-0.01912858174625246,1.4908682700540812,-0.001441,11.170465860649596,0.0078843,0,1.0
559,0.3883953977300363,0.08303365546822968,0.0015493,0.7631940241558249,2.47659447396597,8.436173257612676,1.01338506043586,27.148573716908217,0.32696719194081925,-49.40331746989886,-0.8125632746084135,7.893910919907962,-0.8604110866485712,11.29251640732784,-0.01912858174625246,0.3200131811173761,-0.001441,4.226970833155397,0.0078843,0,1.0
560,0.0023775495267042146,0.020310914924165913,0.0015493,0.7631940241558249,2.47659447396597,29.062939276670686,1.01338506043586,42.2424058082359,0.32696719194081925,-57.15328295564421,-0.8125632746084135,-2.2796019081341776,-0.8604110866485712,-6.778044600311672,-0.01912858174625246,0.350672385565876,-0.001441,7.573812065431129,0.0078843,0,1.0
561,0.02314968766278991,0.006268425924857177,0.0015493,0.7631940241558249,2.47659447396597,8.686910553928374,1.01338506043586,22.088946264341644,0.32696719194081925,-46.75157457494819,-0.8125632746084135,18.638147581351248,-0.8604110866485712,6.29346689494507,-0.01912858174625246,0.29411438987813754,-0.001441,3.5358299981602457,0.0078843,0,1.0
562,0.0053429711135351,0.010443341759593099,0.0015493,0.7631940241558249,2.47659447396597,19.820476577793308,1.01338506043586,29.43601745607652,0.32696719194081925,-41.73246848890496,-0.8125632746084135,0.4493746465846371,-0.8604110866485712,-3.776864748670917,-0.01912858174625246,0.262387459797615,-0.001441,5.294742676039691,0.0078843,0,1.0
563,0.2646108310708908,0.07301185845714855,0.0015493,0.7631940241558249,2.47659447396597,18.938013005260775,1.01338506043586,25.922496484010633,0.32696719194081925,-25.058413835046746,-0.8125632746084135,-16.18807001810746,-0.8604110866485712,-4.987071793751709,-0.01912858174625246,0.26587979896166214,-0.001441,4.8515468279971286,0.0078843,0,1.0
564,0.6251990541916688,0.24434488108178365,0.0015493,0.7631940241558249,2.47659447396597,25.875483527722068,1.01338506043586,37.448101936867495,0.32696719194081925,-30.445432218172442,-0.8125632746084135,-35.697189638949574,-0.8604110866485712,-4.512153717035906,-0.01912858174625246,0.26296504771443896,-0.001441,6.9809862061827666,0.0078843,0,1.0
565,-0.001992474272880962,0.7513318357868102,0.0015493,0.7631940241558249,2.47659447396597,49.269275057984636,1.01338506043586,34.46330850924494,0.32696719194081925,-10.221338745481942,-0.8125632746084135,-12.816662227990738,-0.8604110866485712,-41.90780476164408,-0.01912858174625246,2.1022618831091613,-0.001441,8.276305864955685,0.0078843,0,1.0
566,0.007786520140753872,0.3474044828718099,0.0015493,0.7631940241558249,2.47659447396597,30.713434997798995,1.01338506043586,48.33149346532129,0.32696719194081925,-88.9781951574475,-0.8125632746084135,45.90116792878802,-0.8604110866485712,-3.6455575152655237,-0.01912858174625246,1.83510263674773,-0.001441,8.54075708097411,0.0078843,0,1.0
567,0.007339371095115288,0.03165554274749732,0.0015493,0.7631940241558249,2.47659447396597,1.8685213535772571,1.01338506043586,14.311704930983137,0.32696719194081925,-45.26310219960852,-0.8125632746084135,36.91161140739126,-0.8604110866485712,9.492348602963244,-0.01912858174625246,0.6825697882852517,-0.001441,2.01795766131536,0.0078843,0,1.0
568,0.002532602858533517,0.003229184716522694,0.0015493,0.7631940241558249,2.47659447396597,4.6757456920944165,1.01338506043586,18.90248816367513,0.32696719194081925,-47.51789049337772,-0.8125632746084135,25.628173339409965,-0.8604110866485712,9.245810231477648,-0.01912858174625246,0.3044120044127201,-0.001441,2.8048066358015835,0.0078843,0,1.0
569,0.013275902765824465,0.19149003946778606,0.0015493,0.7631940241558249,2.47659447396597,23.82437684242753,1.01338506043586,45.71115226148358,0.32696719194081925,-93.0789018545974,-0.8125632746084135,48.6115735069816,-0.8604110866485712,4.190643615918576,-0.01912858174625246,1.4475532774695408,-0.001441,7.69676819265353,0.0078843,0,1.0
570,-0.05061293220449148,0.8360509490464144,0.0015493,0.7631940241558249,2.47659447396597,93.53760384138465,1.01338506043586,84.47198003533603,0.32696719194081925,-55.47884400791211,-0.8125632746084135,-54.58587396882267,-0.8604110866485712,-61.21824745603293,-0.01912858174625246,1.7582694100491558,-0.001441,18.453279860908847,0.0078843,0,1.0
571,0.010439910480607217,0.0264751446677509,0.0015493,0.7631940241558249,2.47659447396597,37.02632049445172,1.01338506043586,46.33284442600704,0.32696719194081925,-48.7192634570679,-0.8125632746084135,-19.75357655597592,-0.8604110866485712,-15.00053274855474,-0.01912858174625246,0.27348871753476267,-0.001441,8.680670607038817,0.0078843,0,1.0
572,0.23635429783603457,0.0669532635895329,0.0015493,0.7631940241558249,2.47659447396597,16.74275129501352,1.01338506043586,23.134800378957173,0.32696719194081925,-20.48004491837218,-0.8125632746084135,-14.753297615416193,-0.8604110866485712,-5.310686143919062,-0.01912858174625246,0.284377254940682,-0.001441,4.1482307181413764,0.0078843,0,1.0
573,0.007396561621400677,0.0374532627435575,0.0015493,0.7631940241558249,2.47659447396597,20.52695093024046,1.01338506043586,30.16801576817545,0.32696719194081925,-43.19389155883113,-0.8125632746084135,5.6125317528171506,-0.8604110866485712,-4.929580539669888,-0.01912858174625246,0.518755886374695,-0.001441,5.327062339949796,0.0078843,0,1.0
574,0.43702977830408685,0.17397056706911518,0.0015493,0.7631940241558249,2.47659447396597,49.06696849698017,1.01338506043586,68.47031885968688,0.32696719194081925,-66.9490964860638,-0.8125632746084135,-42.800127293439736,-0.8604110866485712,-14.25459208357137,-0.01912858174625246,0.26523931416431346,-0.001441,12.35775966265494,0.0078843,0,1.0
575,0.2473268955177581,0.02183917088906447,0.0015493,0.7631940241558249,2.47659447396597,3.4303047486562237,1.01338506043586,31.766897119643595,0.32696719194081925,-79.02243102898412,-0.8125632746084135,35.13282463214295,-0.8604110866485712,22.124173904166653,-0.01912858174625246,0.2854737121767936,-0.001441,4.420599490742387,0.0078843,0,1.0
576,-0.29201367923374244,1.6319785967028397,0.0015493,0.7631940241558249,2.47659447396597,36.331883983977995,1.01338506043586,44.91111707806834,0.32696719194081925,-99.99630166839046,-0.8125632746084135,96.75803487763507,-0.8604110866485712,-14.09425593211978,-0.01912858174625246,3.6523258724028604,-0.001441,8.625373902179916,0.0078843,0,1.0
577,0.027618296738631032,0.026332337042486765,0.0015493,0.7631940241558249,2.47659447396597,-12.538524226124334,1.01338506043586,12.81326682062258,0.32696719194081925,-77.73862860556508,-0.8125632746084135,77.6084067767122,-0.8604110866485712,29.683268865291506,-0.01912858174625246,0.4376488944499455,-0.001441,1.2607980808167172,0.0078843,0,1.0
578,3.5499964013468936,4.6472786809837885,0.0015493,0.7631940241558249,2.47659447396597,-48.404761156752095,1.01338506043586,13.393996061292166,0.32696719194081925,-41.46911695497563,-0.8125632746084135,-54.4686269583026,-0.8604110866485712,94.69832447307797,-0.01912858174625246,-0.9600239182355811,-0.001441,0.19007233354680386,0.0078843,1,1.0
579,0.012775719781932704,0.399937145928572,0.0015493,0.7631940241558249,2.47659447396597,19.964582996811842,1.01338506043586,40.936037100576755,0.32696719194081925,-87.82879456111,-0.8125632746084135,61.729267028241075,-0.8604110866485712,3.162215125646269,-0.01912858174625246,1.9484566740365539,-0.001441,6.414061347093496,0.0078843,0,1.0
580,0.00431932771959298,0.15641916618627558,0.0015493,0.7631940241558249,2.47659447396597,16.72229557193491,1.01338506043586,24.118715460476142,0.32696719194081925,-44.88135512343971,-0.8125632746084135,28.04772501485169,-0.8604110866485712,-3.7173032170220086,-0.01912858174625246,1.2127142537882485,-0.001441,4.38698598632845,0.0078843,0,1.0
581,0.07940068813238454,0.11597366946119242,0.0015493,0.7631940241558249,2.47659447396597,21.266447873528254,1.01338506043586,47.307471922750445,0.32696719194081925,-96.5702102512283,-0.8125632746084135,43.0859234937198,-0.8604110866485712,9.10916307020582,-0.01912858174625246,1.0735136438555286,-0.001441,7.692971934747648,0.0078843,0,1.0
582,2.9253099391150776,3.7904107593650798,0.0015493,0.7631940241558249,2.47659447396597,-34.57386540530344,1.01338506043586,8.544134955302434,0.32696719194081925,-12.146961230684129,-0.8125632746084135,-70.67588394510562,-0.8604110866485712,68.7806250303768,-0.01912858174625246,-1.0494370273736793,-0.001441,0.2628671845137556,0.0078843,1,1.0
583,2.809904582127346,2.5604953086585347,0.0015493,0.7631940241558249,2.47659447396597,-9.741425614145207,1.01338506043586,40.05701745762848,0.32696719194081925,-47.24333322270298,-0.8125632746084135,-55.06647944008197,-0.8604110866485712,52.378155773813745,-0.01912858174625246,0.26059335492389435,-0.001441,5.1492353474086165,0.0078843,0,1.0
584,-0.00048101966577940303,0.028320113986145767,0.0015493,0.7631940241558249,2.47659447396597,57.16910226885378,1.01338506043586,76.28402221640687,0.32696719194081925,-89.56174314642115,-0.8125632746084135,-25.67079331836375,-0.8604110866485712,-18.43422848242658,-0.01912858174625246,0.2609916282761615,-0.001441,14.124044090368699,0.0078843,0,1.0
585,0.050995298566249625,0.02863951837962839,0.0015493,0.7631940241558249,2.47659447396597,26.798775277989478,1.01338506043586,32.974303586810834,0.32696719194081925,-32.14549732707649,-0.8125632746084135,-16.204698449868484,-0.8604110866485712,-11.55573934078662,-0.01912858174625246,0.26107789297158446,-0.001441,6.1757958527894115,0.0078843,0,1.0
586,0.2101260271189358,0.09542660232986931,0.0015493,0.7631940241558249,2.47659447396597,45.596447350666494,1.01338506043586,53.41068757603499,0.32696719194081925,-41.8974345272594,-0.8125632746084135,-42.392735609612565,-0.8604110866485712,-21.261421421187013,-0.01912858174625246,0.26735233312126905,-0.001441,10.268287201640444,0.0078843,0,1.0
587,0.024784762089304024,0.009932797674658411,0.0015493,0.7631940241558249,2.47659447396597,23.929167120927993,1.01338506043586,40.52136873044105,0.32696719194081925,-63.55364092900692,-0.8125632746084135,5.659514664129977,-0.8604110866485712,-0.3523457711588397,-0.01912858174625246,0.2668060821456866,-0.001441,7.033657583515657,0.0078843,0,1.0
588,0.8511529653265357,0.32401006518147024,0.0015493,0.7631940241558249,2.47659447396597,-7.948110616463948,1.01338506043586,4.895745112299457,0.32696719194081925,-1.2726398494168483,-0.8125632746084135,-24.695101719911428,-0.8604110866485712,17.126200268010813,-0.01912858174625246,-0.2998085623761034,-0.001441,0.29375656324073696,0.0078843,1,1.0
589,1.7393582678454598,1.004700499774636,0.0015493,0.7631940241558249,2.47659447396597,12.998627015340979,1.01338506043586,64.55318136513968,0.32696719194081925,-91.52235868507502,-0.8125632746084135,-26.260816194202217,-0.8604110866485712,34.55577837987259,-0.01912858174625246,0.2722095679989538,-0.001441,9.175516750733212,0.0078843,0,1.0
590,0.02456750820986775,0.001508883131909893,0.0015493,0.7631940241558249,2.47659447396597,5.593487235530307,1.01338506043586,34.52368328865002,0.32696719194081925,-91.2207806274263,-0.8125632746084135,47.548461947586,-0.8604110866485712,21.493024280614666,-0.01912858174625246,0.3263006473416792,-0.001441,4.958391232648285,0.0078843,0,1.0
591,0.026385385935797034,0.007680911959075883,0.0015493,0.7631940241558249,2.47659447396597,0.12557584429478205,1.01338506043586,9.947938932309972,0.32696719194081925,-31.452449434523015,-0.8125632746084135,23.32968689525622,-0.8604110866485712,8.14724181545883,-0.01912858174625246,0.32877740315009835,-0.001441,1.3010155198921463,0.0078843,0,1.0
592,1.7066131520294627,1.024068080979513,0.0015493,0.7631940241558249,2.47659447396597,-27.599394239356016,1.01338506043586,20.3251585770102,0.32696719194081925,-81.25347225498295,-0.8125632746084135,31.53510430870591,-0.8604110866485712,63.89203303096854,-0.01912858174625246,0.29968409864934065,-0.001441,1.699546142209484,0.0078843,0,1.0
593,0.0001667684773799527,0.03293957221584559,0.0015493,0.7631940241558249,2.47659447396597,-7.364099379575662,1.01338506043586,2.2200426454515316,0.32696719194081925,-28.13352390257763,-0.8125632746084135,26.03875375861833,-0.8604110866485712,14.198324952174445,-0.01912858174625246,-0.07377697783854628,-0.001441,0.07164339508695933,0.0078843,1,1.0
594,1.9034156659095962,1.4547499004072941,0.0015493,0.7631940241558249,2.47659447396597,-39.82163785315783,1.01338506043586,14.218494574179852,0.32696719194081925,-83.55752066423797,-0.8125632746084135,28.738157406962312,-0.8604110866485712,78.93480813473889,-0.01912858174625246,-0.45769232093011386,-0.001441,0.47673310232470106,0.0078843,1,1.0
595,-0.014928472905759715,0.07402593043858773,0.0015493,0.7631940241558249,2.47659447396597,4.740719897465919,1.01338506043586,20.65790692804534,0.32696719194081925,-58.38999700266731,-0.8125632746084135,43.92893971222056,-0.8604110866485712,10.240881359841394,-0.01912858174625246,0.8324874488963396,-0.001441,2.9857296945230476,0.0078843,0,1.0
596,0.014058101006235946,0.03334940603303611,0.0015493,0.7631940241558249,2.47659447396597,21.484268614274885,1.01338506043586,21.47191474323815,0.32696719194081925,-13.13539252772761,-0.8125632746084135,-15.946015883355082,-0.8604110866485712,-13.739363926080859,-0.01912858174625246,0.3321525143925854,-0.001441,4.27113198093924,0.0078843,0,1.0
597,0.0029530268113997504,0.06171716200367913,0.0015493,0.7631940241558249,2.47659447396597,-0.18278880203951428,1.01338506043586,12.932844408721738,0.32696719194081925,-49.180357704218736,-0.8125632746084135,47.894699456855534,-0.8604110866485712,11.244323423636375,-0.01912858174625246,0.9188250591252671,-0.001441,1.7037820175718903,0.0078843,0,1.0
598,0.07300596786774899,0.23227918995783575,0.0015493,0.7631940241558249,2.47659447396597,-19.311238832359752,1.01338506043586,7.470802925285113,0.32696719194081925,-86.97023583169181,-0.8125632746084135,85.50168180570067,-0.8604110866485712,40.61111648523538,-0.01912858174625246,0.452572028091384,-0.001441,0.584368545751619,0.0078843,0,1.0
599,0.03829276128413284,0.07065694095202035,0.0015493,0.7631940241558249,2.47659447396597,61.36024399886012,1.01338506043586,64.92476687396749,0.32696719194081925,-45.11275959840803,-0.8125632746084135,-55.92595218627163,-0.8604110866485712,-34.2362943979152,-0.01912858174625246,0.2644078975468611,-0.001441,12.968870523842565,0.0078843,0,1.0
600,0.0006143957179108094,6.526564305810328e-09,0.0015493,4.121352885726401,32.50711697721612,-64.65147720955348,1.01338506043586,2.7454498090956356,0.32696719194081925,-13.27606014515199,-0.8125632746084135,-14.97031737959989,-0.8604110866485712,13.96259372530099,-0.01912858174625246,-7.723299335947685e-06,-0.001441,7.722150381259283e-06,0.0078843,1,1.0
601,0.00011067401051630588,1.674188110346201e-08,0.0015493,4.121352885726401,32.50711697721612,-27.777255640324842,1.01338506043586,3.0584888636264536,0.32696719194081925,-21.898404451120975,-0.8125632746084135,61.70997937269084,-0.8604110866485712,6.386582619040725,-0.01912858174625246,-7.727715097288041e-06,-0.001441,7.75018435629484e-06,0.0078843,1,1.0
602,0.00043344251970102964,6.002747503761251e-07,0.0015493,4.121352885726401,32.50711697721612,10.374940800990458,1.01338506043586,22.25318782857054,0.32696719194081925,-67.54616124439647,-0.8125632746084135,-28.065759752567907,-0.8604110866485712,-3.892523082437931,-0.01912858174625246,-6.122365134366933e-05,-0.001441,6.151105302804136e-05,0.0078843,1,1.0
603,0.0021954753550493793,1.2508189175612348e-06,0.0015493,4.121352885726401,32.50711697721612,50.65298463518184,1.01338506043586,32.022453598338316,0.32696719194081925,-10.542414975936461,-0.8125632746084135,-95.44591718221069,-0.8604110866485712,-19.715939151934343,-0.01912858174625246,-9.741976269273344e-05,-0.001441,9.761507999377542e-05,0.0078843,1,1.0
604,0.00016103975206961142,1.0167748996100838e-07,0.0015493,4.121352885726401,32.50711697721612,-11.473383677585028,1.01338506043586,10.950418998473607,0.32696719194081925,-41.8719306737646,-0.8125632746084135,-55.58076411472636,-0.8604110866485712,2.409465971107998,-0.01912858174625246,-2.9407697709531532e-05,-0.001441,2.9409500019161712e-05,0.0078843,1,1.0
605,0.0009558705757295876,4.0507401981209404e-08,0.0015493,4.121352885726401,32.50711697721612,-64.35729101852641,1.01338506043586,3.946847382142374,0.32696719194081925,-5.682779455986076,-0.8125632746084135,85.42785559936458,-0.8604110866485712,12.547355793105758,-0.01912858174625246,-1.3898289371639092e-05,-0.001441,1.3947043052040334e-05,0.0078843,1,1.0
606,0.001484604134353077,4.3474220745041565e-07,0.0015493,4.121352885726401,32.50711697721612,-45.859999563029454,1.01338506043586,20.86041109703487,0.32696719194081925,-40.184298518781404,-0.8125632746084135,-59.89202022304379,-0.8604110866485712,6.472637631991615,-0.01912858174625246,-6.018310378935789e-05,-0.001441,6.023275648456622e-05,0.0078843,1,1.0
607,0.0005239607760508169,1.1989339366588173e-06,0.0015493,4.121352885726401,32.50711697721612,84.33505810037981,1.01338506043586,33.69967523026364,0.32696719194081925,-78.19985663977951,-0.8125632746084135,20.01764139771823,-0.8604110866485712,-22.705887062886244,-0.01912858174625246,-9.527067376132283e-05,-0.001441,9.523898813253257e-05,0.0078843,1,1.0
608,0.0018735440258890808,1.553339045706988e-06,0.0015493,4.121352885726401,32.50711697721612,68.23058181916379,1.01338506043586,35.014546822386734,0.32696719194081925,-30.533520696346933,-0.8125632746084135,-43.19091514616106,-0.8604110866485712,-23.01718063259135,-0.01912858174625246,-0.00010406289703265055,-0.001441,0.00010448862705970395,0.0078843,1,1.0
609,2.3968723418047984e-05,1.1143381202695052e-07,0.0015493,4.121352885726401,32.50711697721612,26.90784097461566,1.01338506043586,10.088264254213751,0.32696719194081925,-28.732364578663866,-0.8125632746084135,14.868174754705345,-0.8604110866485712,-6.768054600776797,-0.01912858174625246,-2.807546547813109e-05,-0.001441,2.809685897578033e-05,0.0078843,1,1.0
610,0.005841433093135883,5.4237904914171264e-06,0.0015493,4.121352885726401,32.50711697721612,33.00312407647062,1.01338506043586,68.90297372870478,0.32696719194081925,-13.061304685492509,-0.8125632746084135,7.350358979063671,-0.8604110866485712,-27.94724233436764,-0.01912858174625246,-0.00021420920364320916,-0.001441,0.00021417940443708603,0.0078843,1,1.0
611,2.671848787118552e-05,3.261773145554583e-07,0.0015493,4.121352885726401,32.50711697721612,82.1168193852653,1.01338506043586,16.80880914994667,0.32696719194081925,-29.093382717169444,-0.8125632746084135,-72.31345157473984,-0.8604110866485712,-20.28296398287577,-0.01912858174625246,-4.7901956724812886e-05,-0.001441,4.7890331742121665e-05,0.0078843,1,1.0
612,0.0006265311178570866,4.775202319068622e-07,0.0015493,4.121352885726401,32.50711697721612,-29.753816260398153,1.01338506043586,22.211549911155366,0.32696719194081925,-75.59339676730833,-0.8125632746084135,-76.73651034902667,-0.8604110866485712,5.395672585322151,-0.01912858174625246,-6.050796800321823e-05,-0.001441,6.0477828847129315e-05,0.0078843,1,1.0
613,2.358358815776184e-07,2.1020201095540068e-07,0.0015493,4.121352885726401,32.50711697721612,4.276241891302476,1.01338506043586,14.213214039248216,0.32696719194081925,-56.05909147635371,-0.8125632746084135,-25.053073596052432,-0.8604110866485712,-0.9889256794058285,-0.01912858174625246,-3.8229628261094586e-05,-0.001441,3.829765030920742e-05,0.0078843,1,1.0
614,0.0009340885328349949,8.572130867471573e-09,0.0015493,4.121352885726401,32.50711697721612,-85.92572482050431,1.01338506043586,2.9393623536351976,0.32696719194081925,-10.737653403152427,-0.8125632746084135,26.583656927296936,-0.8604110866485712,18.0672283150189,-0.01912858174625246,-9.916158089026698e-06,-0.001441,9.918909049095799e-06,0.0078843,1,1.0
615,3.751081402706357e-05,2.1745318360927554e-08,0.0015493,4.121352885726401,32.50711697721612,-20.692426639212268,1.01338506043586,5.262071002820764,0.32696719194081925,-29.078868493212216,-0.8125632746084135,-13.254901748530724,-0.8604110866485712,5.0237648532540975,-0.01912858174625246,-1.3610104192650969e-05,-0.001441,1.36088723860422e-05,0.0078843,1,1.0
616,0.0002862913879684095,1.252281986668558e-07,0.0015493,4.121352885726401,32.50711697721612,51.74793341621832,1.01338506043586,9.95563626396017,0.32696719194081925,-4.211107409566372,-0.8125632746084135,-33.73350854214914,-0.8604110866485712,-13.709830484378601,-0.01912858174625246,-2.972299328499636e-05,-0.001441,2.973896270657443e-05,0.0078843,1,1.0
617,0.00042169158101933483,2.348261595029303e-08,0.0015493,4.121352885726401,32.50711697721612,-92.81292217235851,1.01338506043586,6.800317738541814,0.32696719194081925,-53.7273609729275,-0.8125632746084135,86.00780516700237,-0.8604110866485712,21.385490320416974,-0.01912858174625246,-1.6635129855439734e-05,-0.001441,1.663857087936836e-05,0.0078843,1,1.0
618,3.926163342331929e-05,3.984002793167626e-08,0.0015493,4.121352885726401,32.50711697721612,-9.590529687967042,1.01338506043586,6.397801854644117,0.32696719194081925,-29.851791624611106,-0.8125632746084135,33.948935505338966,-0.8604110866485712,2.177535559787563,-0.01912858174625246,-1.7038349035375833e-05,-0.001441,1.705127461019142e-05,0.0078843,1,1.0
619,7.137602125058587e-05,2.512541780473421e-07,0.0015493,4.121352885726401,32.50711697721612,67.84063579133138,1.01338506043586,14.614661185880989,0.32696719194081925,-25.80843826962283,-0.8125632746084135,-24.100242078117613,-0.8604110866485712,-16.981259756283322,-0.01912858174625246,-4.175671675915349e-05,-0.001441,4.179451729473079e-05,0.0078843,1,1.0
620,0.0008842270531357094,6.730807184056506e-07,0.0015493,4.121352885726401,32.50711697721612,17.722460960962636,1.01338506043586,24.131720511814382,0.32696719194081925,-54.52961427088777,-0.8125632746084135,76.29507537742262,-0.8604110866485712,-7.548282544959423,-0.01912858174625246,-6.895418948146974e-05,-0.001441,6.890100168024929e-05,0.0078843,1,1.0
621,2.447038450758025e-06,2.3070000966046685e-07,0.0015493,4.121352885726401,32.50711697721612,24.306642187305084,1.01338506043586,14.606405616361519,0.32696719194081925,-51.119379264769925,-0.8125632746084135,81.66223385376054,-0.8604110866485712,-6.197182660554556,-0.01912858174625246,-4.0190314199006344e-05,-0.001441,4.017404038660539e-05,0.0078843,1,1.0
622,0.0001562107238065318,1.8680347897986407e-07,0.0015493,4.121352885726401,32.50711697721612,-7.201925309851121,1.01338506043586,14.210104777270328,0.32696719194081925,-53.1153473109551,-0.8125632746084135,-73.90411127579202,-0.8604110866485712,1.4019666094996344,-0.01912858174625246,-3.826232386748995e-05,-0.001441,3.825389783504465e-05,0.0078843,1,1.0
623,0.00038705504493493845,1.0445795185313152e-08,0.0015493,4.121352885726401,32.50711697721612,-73.85631166571098,1.01338506043586,4.6667769695825925,0.32696719194081925,-36.734143311352184,-0.8125632746084135,40.93082165687318,-0.8604110866485712,16.898038590503923,-0.01912858174625246,-1.1337810814141463e-05,-0.001441,1.1337205821478474e-05,0.0078843,1,1.0
624,0.00047610973061330375,1.6484042275619373e-07,0.0015493,4.121352885726401,32.50711697721612,-64.37092698351967,1.01338506043586,14.811399903751738,0.32696719194081925,-69.96369977071706,-0.8125632746084135,25.69280049782235,-0.8604110866485712,14.279639335490113,-0.01912858174625246,-3.9130875269979385e-05,-0.001441,3.913321606302415e-05,0.0078843,1,1.0
625,0.0006307113316596363,3.357946093790567e-07,0.0015493,4.121352885726401,32.50711697721612,1.701615431023086,1.01338506043586,18.223213747091823,0.32696719194081925,-48.82132591509786,-0.8125632746084135,84.10235825282217,-0.8604110866485712,-2.7123980900001845,-0.01912858174625246,-5.142961977428227e-05,-0.001441,5.146752134642408e-05,0.0078843,1,1.0
626,3.331235456013236e-05,1.9071394210066082e-08,0.0015493,4.121352885726401,32.50711697721612,-6.091602588545824,1.01338506043586,3.43156625227064,0.32696719194081925,-13.429370080597616,-0.8125632746084135,-80.81097813608105,-0.8604110866485712,1.5649045934815857,-0.01912858174625246,-8.997433482179273e-06,-0.001441,9.01726897736385e-06,0.0078843,1,1.0
627,0.00023243196258944518,9.410821889159002e-07,0.0015493,4.121352885726401,32.50711697721612,82.26148053682668,1.01338506043586,30.063603142672694,0.32696719194081925,-76.3096111475434,-0.8125632746084135,-5.252430996845362,-0.8604110866485712,-21.15287684925059,-0.01912858174625246,-8.427972952031781e-05,-0.001441,8.425745863979871e-05,0.0078843,1,1.0
628,0.00015287297800733047,1.1268694435799184e-08,0.0015493,4.121352885726401,32.50711697721612,-35.93057034294014,1.01338506043586,3.489072922140941,0.32696719194081925,-22.61561541548517,-0.8125632746084135,-53.406323331601314,-0.8604110866485712,8.491560271419809,-0.01912858174625246,-8.608697541684705e-06,-0.001441,8.618471719923087e-06,0.0078843,1,1.0
629,0.00011786681550003545,1.37486339845897e-07,0.0015493,4.121352885726401,32.50711697721612,-28.56485231184165,1.01338506043586,12.993619016989845,0.32696719194081925,-61.280836772210364,-0.8125632746084135,-1.8263218976231985,-0.8604110866485712,6.681750531090657,-0.01912858174625246,-3.432717272832334e-05,-0.001441,3.4336855849751805e-05,0.0078843,1,1.0
630,8.722504104385117e-05,6.545661880880235e-08,0.0015493,4.121352885726401,32.50711697721612,2.161709400935612,1.01338506043586,8.411868066227033,0.32696719194081925,-29.78907450203742,-0.8125632746084135,-3.1635892149622764,-0.8604110866485712,-0.8225687555715835,-0.01912858174625246,-2.2913035693218247e-05,-0.001441,2.2917349564172243e-05,0.0078843,1,1.0
631,0.00020848548296533115,1.0149015846711216e-07,0.0015493,4.121352885726401,32.50711697721612,-88.78006502217389,1.01338506043586,12.00515924404474,0.32696719194081925,-82.2247272700149,-0.8125632746084135,66.19943601231878,-0.8604110866485712,21.155268720588204,-0.01912858174625246,-3.0248491459642787e-05,-0.001441,3.0277439787084447e-05,0.0078843,1,1.0
632,0.0011065285468068807,2.6655221282525435e-07,0.0015493,4.121352885726401,32.50711697721612,-32.710675975243035,1.01338506043586,11.538266860687955,0.32696719194081925,-14.45415061166155,-0.8125632746084135,26.38172532006063,-0.8604110866485712,4.2856838972870435,-0.01912858174625246,-3.4955898981496713e-05,-0.001441,3.488842927537105e-05,0.0078843,1,1.0
633,8.600713016928017e-05,1.9454401785181896e-08,0.0015493,4.121352885726401,32.50711697721612,-23.638824304009137,1.01338506043586,4.220912500019517,0.32696719194081925,-24.645346626428193,-0.8125632746084135,12.09429124336216,-0.8604110866485712,5.54306850264443,-0.01912858174625246,-1.0848548256555273e-05,-0.001441,1.0863476628864219e-05,0.0078843,1,1.0
634,0.0014549250220107705,9.482073740937383e-08,0.0015493,4.121352885726401,32.50711697721612,-82.01988971399688,1.01338506043586,6.347871700912613,0.32696719194081925,-0.6807267430144901,-0.8125632746084135,47.492100820835674,-0.8604110866485712,15.288341877864884,-0.01912858174625246,-2.2520701504547832e-05,-0.001441,2.24951506212551e-05,0.0078843,1,1.0
635,1.2120428285360314e-05,4.399584884278249e-07,0.0015493,4.121352885726401,32.50711697721612,29.013327646167728,1.01338506043586,21.00496441852348,0.32696719194081925,-75.0059842153504,-0.8125632746084135,81.96036016957352,-0.8604110866485712,-7.373276869848082,-0.01912858174625246,-5.749298273997116e-05,-0.001441,5.7553160513749586e-05,0.0078843,1,1.0
636,0.002786645785054049,2.415170241397889e-06,0.0015493,4.121352885726401,32.50711697721612,5.405453197460478,1.01338506043586,48.47837283470319,0.32696719194081925,-74.55558948722577,-0.8125632746084135,-23.64322255698716,-0.8604110866485712,-10.718287748144421,-0.01912858174625246,-0.00014175838245664556,-0.001441,0.00014174036112630451,0.0078843,1,1.0
637,7.512123437649286e-05,1.5819643846671146e-08,0.0015493,4.121352885726401,32.50711697721612,-39.854728581477424,1.01338506043586,4.663388168833395,0.32696719194081925,-32.89551544888658,-0.8125632746084135,-43.21868815606389,-0.8604110866485712,9.70505608642582,-0.01912858174625246,-1.157977322682004e-05,-0.001441,1.1587549907334334e-05,0.0078843,1,1.0
638,5.901002963732858e-05,4.75974160120252e-07,0.0015493,4.121352885726401,32.50711697721612,20.145527480168408,1.01338506043586,22.922114743647978,0.32696719194081925,-81.8685277999197,-0.8125632746084135,-35.58704496061766,-0.8604110866485712,-5.1159230038506935,-0.01912858174625246,-6.232198564607531e-05,-0.001441,6.232377636894863e-05,0.0078843,1,1.0
639,0.0008979721561577462,1.2804765480174336e-07,0.0015493,4.121352885726401,32.50711697721612,-52.60181022979069,1.01338506043586,10.979151018834703,0.32696719194081925,-31.86486079492949,-0.8125632746084135,84.8717818363664,-0.8604110866485712,9.832492872528837,-0.01912858174625246,-3.140283720175768e-05,-0.001441,3.1449374127049026e-05,0.0078843,1,1.0
640,1.2310970894462668e-05,3.8335817662941373e-07,0.0015493,4.121352885726401,32.50711697721612,11.822346272382605,1.01338506043586,20.625003522356696,0.32696719194081925,-77.75144303368994,-0.8125632746084135,-54.579003553974076,-0.8604110866485712,-2.8549944791157174,-0.01912858174625246,-5.5714793445603743e-05,-0.001441,5.572857111329565e-05,0.0078843,1,1.0
641,6.57258998152774e-05,3.118303449195208e-07,0.0015493,4.121352885726401,32.50711697721612,31.16912039706312,1.01338506043586,16.794533087442183,0.32696719194081925,-51.11846660058633,-0.8125632746084135,-46.82574965024146,-0.8604110866485712,-7.8200532553709685,-0.01912858174625246,-4.617166517766357e-05,-0.001441,4.625989456399307e-05,0.0078843,1,1.0
642,1.6319603218450766e-05,4.130578191504162e-07,0.0015493,4.121352885726401,32.50711697721612,76.62939013081845,1.01338506043586,19.72557953164565,0.32696719194081925,-46.944136503289684,-0.8125632746084135,42.01616502151332,-0.8604110866485712,-19.11260880792381,-0.01912858174625246,-5.569805973838162e-05,-0.001441,5.571026933153217e-05,0.0078843,1,1.0
643,6.363174419025497e-05,1.122086592944868e-07,0.0015493,4.121352885726401,32.50711697721612,-17.464659393069752,1.01338506043586,9.615498033030088,0.32696719194081925,-44.9960537996246,-0.8125632746084135,10.564350599409279,-0.8604110866485712,4.0825136037508685,-0.01912858174625246,-2.549230401748401e-05,-0.001441,2.5472477662920146e-05,0.0078843,1,1.0
644,0.00014616528135400907,2.266953293083555e-07,0.0015493,4.121352885726401,32.50711697721612,-48.62387359951572,1.01338506043586,16.91548213198925,0.32696719194081925,-84.64478190219165,-0.8125632746084135,-27.80194893063617,-0.8604110866485712,11.609280813856577,-0.01912858174625246,-4.429405207362602e-05,-0.001441,4.4315242477387193e-05,0.0078843,1,1.0
645,3.1745072898940914e-05,3.113891643402956e-07,0.0015493,4.121352885726401,32.50711697721612,-20.78511114631713,1.01338506043586,18.526802352175395,0.32696719194081925,-85.062870693556,-0.8125632746084135,27.961266783888153,-0.8604110866485712,4.978146707353672,-0.01912858174625246,-4.927841973530316e-05,-0.001441,4.926085023759457e-05,0.0078843,1,1.0
646,0.00026880447088717483,7.109072957480135e-09,0.0015493,4.121352885726401,32.50711697721612,-67.26037079411003,1.01338506043586,4.241364265664953,0.32696719194081925,-35.299778828959575,-0.8125632746084135,-33.984902386263435,-0.8604110866485712,15.81598460634886,-0.01912858174625246,-1.003528557794353e-05,-0.001441,1.0035662956175344e-05,0.0078843,1,1.0
647,0.00023416853597129722,6.847076267699325e-09,0.0015493,4.121352885726401,32.50711697721612,-31.54264882728872,1.01338506043586,0.7278739287029743,0.32696719194081925,-7.137597285831884,-0.8125632746084135,4.39738905590433,-0.8604110866485712,7.0144373106345075,-0.01912858174625246,-1.8329762294702618e-06,-0.001441,1.8462590532927223e-06,0.0078843,1,1.0
648,0.00015090969938246108,1.6019430953383796e-07,0.0015493,4.121352885726401,32.50711697721612,-16.441135176085492,1.01338506043586,11.600161966605029,0.32696719194081925,-48.46554585984048,-0.8125632746084135,-10.103374614603968,-0.8604110866485712,3.6109015197886594,-0.01912858174625246,-3.0969722172015244e-05,-0.001441,3.106821650020883e-05,0.0078843,1,1.0
649,8.309007375506842e-05,4.09011995105963e-08,0.0015493,4.121352885726401,32.50711697721612,-21.99384380645449,1.01338506043586,6.839274911374678,0.32696719194081925,-34.91466077420574,-0.8125632746084135,16.48845931025477,-0.8604110866485712,5.13131510712038,-0.01912858174625246,-1.7942179304182767e-05,-0.001441,1.7939009448926232e-05,0.0078843,1,1.0
650,0.00017053729888225609,2.556635561666734e-07,0.0015493,4.121352885726401,32.50711697721612,7.880211417527433,1.01338506043586,15.826521528069266,0.32696719194081925,-53.71241029920814,-0.8125632746084135,-20.600987029729563,-0.8604110866485712,-2.469142214975324,-0.01912858174625246,-4.3194053610369175e-05,-0.001441,4.3252201796334415e-05,0.0078843,1,1.0
651,3.326463721701383e-05,2.540243419744766e-07,0.0015493,4.121352885726401,32.50711697721612,-12.042137526520325,1.01338506043586,17.173236528600007,0.32696719194081925,-74.05535765632187,-0.8125632746084135,-28.361302717387446,-0.8604110866485712,2.925228087696599,-0.01912858174625246,-4.581736775984846e-05,-0.001441,4.581190735227763e-05,0.0078843,1,1.0
652,0.0002801571798495615,2.1057250877156443e-07,0.0015493,4.121352885726401,32.50711697721612,24.037956644605185,1.01338506043586,14.364475446065176,0.32696719194081925,-36.964089440520304,-0.8125632746084135,36.685545386431386,-0.8604110866485712,-6.969806603279426,-0.01912858174625246,-4.04321933370448e-05,-0.001441,4.044623721802109e-05,0.0078843,1,1.0
653,0.0019111785986567174,8.99025234050419e-07,0.0015493,4.121352885726401,32.50711697721612,12.330477845579486,1.01338506043586,28.99353558579262,0.32696719194081925,-28.30478034553796,-0.8125632746084135,-72.67354413665039,-0.8604110866485712,-9.362316041375218,-0.01912858174625246,-8.634963133940951e-05,-0.001441,8.637125386127845e-05,0.0078843,1,1.0
654,0.00011501771034370619,2.494722115551159e-07,0.0015493,4.121352885726401,32.50711697721612,-15.149122929472547,1.01338506043586,16.348764382824875,0.32696719194081925,-70.37449255115943,-0.8125632746084135,47.44522198093784,-0.8604110866485712,3.2625034391583525,-0.01912858174625246,-4.384527783293369e-05,-0.001441,4.3830806518271776e-05,0.0078843,1,1.0
655,0.0016607620157267238,1.3883009117896663e-06,0.0015493,4.121352885726401,32.50711697721612,-16.284030420604925,1.01338506043586,37.69665842586637,0.32696719194081925,-88.6692366301013,-0.8125632746084135,-52.57883021374339,-0.8604110866485712,-1.4510032000873618,-0.01912858174625246,-0.00010659119300143266,-0.001441,0.00010667723014838064,0.0078843,1,1.0
656,9.567132975879153e-05,1.388130441758846e-07,0.0015493,4.121352885726401,32.50711697721612,-15.147688763240913,1.01338506043586,12.46199889739423,0.32696719194081925,-54.79810783771457,-0.8125632746084135,30.12360545752457,-0.8604110866485712,3.3729887023730867,-0.01912858174625246,-3.329614522461852e-05,-0.001441,3.331680947470977e-05,0.0078843,1,1.0
657,0.000644971496855941,1.2247229079853782e-08,0.0015493,4.121352885726401,32.50711697721612,-47.6005729980272,1.01338506043586,3.172920690923417,0.32696719194081925,-5.9095673442695285,-0.8125632746084135,-17.897500214411767,-0.8604110866485712,9.645250749059954,-0.01912858174625246,-9.9163385662561e-06,-0.001441,9.923784402100263e-06,0.0078843,1,1.0
658,0.0002560247705170341,2.945288051673748e-09,0.0015493,4.121352885726401,32.50711697721612,-37.520561051978625,1.01338506043586,0.797233056545865,0.32696719194081925,-7.926524993507682,-0.8125632746084135,-44.987062670006125,-0.8604110866485712,8.518287278602761,-0.01912858174625246,-1.6407769152262737e-06,-0.001441,1.646365735824648e-06,0.0078843,1,1.0
659,0.0012121119653812822,2.4805909939802467e-07,0.0015493,4.121352885726401,32.50711697721612,-14.957319458157716,1.01338506043586,15.446440333008507,0.32696719194081925,-15.888432413062613,-0.8125632746084135,-55.653704009087775,-0.8604110866485712,-0.2825933716600227,-0.01912858174625246,-4.6090275589862286e-05,-0.001441,4.6088293742544547e-05,0.0078843,1,1.0
660,0.0011414636431087933,8.138271002757798e-08,0.0015493,4.121352885726401,32.50711697721612,-49.65941209335705,1.01338506043586,8.441760492586248,0.32696719194081925,-8.198765367435493,-0.8125632746084135,38.78232757389454,-0.8604110866485712,8.358155326999182,-0.01912858174625246,-2.6600423671565217e-05,-0.001441,2.6595072765536965e-05,0.0078843,1,1.0
661,2.493356610708264e-05,2.3357278532780547e-07,0.0015493,4.121352885726401,32.50711697721612,35.48886856533283,1.01338506043586,15.508776359491867,0.32696719194081925,-45.701399630846026,-0.8125632746084135,-41.879244096210115,-0.8604110866485712,-8.78839629714518,-0.01912858174625246,-4.28145349277977e-05,-0.001441,4.281357788651675e-05,0.0078843,1,1.0
662,0.000765109862133625,3.4485415611124296e-08,0.0015493,4.121352885726401,32.50711697721612,-43.78678899446674,1.01338506043586,4.71921891363701,0.32696719194081925,-6.58262087864745,-0.8125632746084135,34.1792787727928,-0.8604110866485712,8.185260008415755,-0.01912858174625246,-1.5024754631742163e-05,-0.001441,1.5018000281885403e-05,0.0078843,1,1.0
663,5.860342163081333e-05,1.3267497361289273e-07,0.0015493,4.121352885726401,32.50711697721612,-42.050365596670844,1.01338506043586,12.54662844933898,0.32696719194081925,-67.15070498131742,-0.8125632746084135,-40.74734810486044,-0.8604110866485712,10.294309370510355,-0.01912858174625246,-3.2585540458695586e-05,-0.001441,3.2575424308318406e-05,0.0078843,1,1.0
664,2.6832698686443408e-05,3.261234895708303e-07,0.0015493,4.121352885726401,32.50711697721612,-14.513775388973261,1.01338506043586,19.306689964518423,0.32696719194081925,-84.03878047996825,-0.8125632746084135,-38.05972615881584,-0.8604110866485712,3.590299010997759,-0.01912858174625246,-5.1417299896899204e-05,-0.001441,5.145106039858067e-05,0.0078843,1,1.0
665,2.3114196731799114e-05,5.327889178221421e-07,0.0015493,4.121352885726401,32.50711697721612,93.53380954811689,1.01338506043586,21.919752379614113,0.32696719194081925,-47.09797223133562,-0.8125632746084135,3.619097820450353,-0.8604110866485712,-23.234503038701437,-0.01912858174625246,-6.209821224063193e-05,-0.001441,6.214308137038574e-05,0.0078843,1,1.0
666,0.0008757140030061865,7.978789063226144e-08,0.0015493,4.121352885726401,32.50711697721612,-29.787626422943738,1.01338506043586,8.857636466312151,0.32696719194081925,-11.078288737497694,-0.8125632746084135,-20.873918144731984,-0.8604110866485712,4.459366295392024,-0.01912858174625246,-2.6561999391886052e-05,-0.001441,2.656750080437685e-05,0.0078843,1,1.0
667,0.0003855238720403291,2.0421530321678145e-07,0.0015493,4.121352885726401,32.50711697721612,6.976608679363406,1.01338506043586,14.613237206469254,0.32696719194081925,-37.84998234836398,-0.8125632746084135,-92.48455932885787,-0.8604110866485712,-2.8417841902766234,-0.01912858174625246,-4.056608261374735e-05,-0.001441,4.057515148182853e-05,0.0078843,1,1.0
668,0.00015504113565799164,7.213868964735698e-07,0.0015493,4.121352885726401,32.50711697721612,49.490247790640666,1.01338506043586,26.91109106711947,0.32696719194081925,-82.21964404574804,-0.8125632746084135,18.82163646138984,-0.8604110866485712,-12.801269654942962,-0.01912858174625246,-7.438306746598524e-05,-0.001441,7.443862989561575e-05,0.0078843,1,1.0
669,0.0025427604288939957,8.104628474837437e-07,0.0015493,4.121352885726401,32.50711697721612,-45.40380536941797,1.01338506043586,26.079960602596476,0.32696719194081925,-18.21633287972131,-0.8125632746084135,60.59875234157726,-0.8604110866485712,2.5742589423830844,-0.01912858174625246,-8.043363532890484e-05,-0.001441,8.060286111428693e-05,0.0078843,1,1.0
670,1.6916275357749255e-06,6.623897106135176e-07,0.0015493,4.121352885726401,32.50711697721612,65.3571091603098,1.01338506043586,25.26724344993186,0.32696719194081925,-73.84651294447727,-0.8125632746084135,-27.204392135233654,-0.8604110866485712,-16.112668875488847,-0.01912858174625246,-6.990459061927006e-05,-0.001441,6.998168409523853e-05,0.0078843,1,1.0
671,0.0007795089677090198,3.624339597783319e-07,0.0015493,4.121352885726401,32.50711697721612,-46.37381563304933,1.01338506043586,19.535783302661727,0.32696719194081925,-68.0884919755923,-0.8125632746084135,27.462203241818937,-0.8604110866485712,8.815691752631135,-0.01912858174625246,-5.348859522113075e-05,-0.001441,5.356552120821311e-05,0.0078843,1,1.0
672,7.702481682274331e-05,1.973852555170371e-07,0.0015493,4.121352885726401,32.50711697721612,39.42345149618995,1.01338506043586,13.64246450773097,0.32696719194081925,-35.64962227583877,-0.8125632746084135,25.42371809470311,-0.8604110866485712,-10.068727163856993,-0.01912858174625246,-3.825447930402794e-05,-0.001441,3.827369072083595e-05,0.0078843,1,1.0
673,2.224403836028222e-05,2.28734201424151e-07,0.0015493,4.121352885726401,32.50711697721612,69.3058762171129,1.01338506043586,12.02616888304207,0.32696719194081925,-17.406073614199848,-0.8125632746084135,3.767990103951366,-0.8604110866485712,-17.207294819251473,-0.01912858174625246,-3.470743202038505e-05,-0.001441,3.483573282932443e-05,0.0078843,1,1.0
674,7.57692557127633e-06,5.950070770591645e-08,0.0015493,4.121352885726401,32.50711697721612,-26.903242408292584,1.01338506043586,8.460466249714315,0.32696719194081925,-45.958373051277924,-0.8125632746084135,-30.816064547273506,-0.8604110866485712,6.703239622311674,-0.01912858174625246,-2.1939859231975366e-05,-0.001441,2.195470931481065e-05,0.0078843,1,1.0
675,0.00017301027479417626,1.954484483307268e-09,0.0015493,4.121352885726401,32.50711697721612,-82.09945760465699,1.01338506043586,3.007223548458341,0.32696719194081925,-40.40630489661887,-0.8125632746084135,-63.00119933630595,-0.8604110866485712,19.873504583372696,-0.01912858174625246,-6.843534136096398e-06,-0.001441,6.845085816047046e-06,0.0078843,1,1.0
676,0.0010741602230749897,3.3090255508634213e-07,0.0015493,4.121352885726401,32.50711697721612,-90.37745421744982,1.01338506043586,20.13164208941904,0.32696719194081925,-74.65439992451769,-0.8125632746084135,-85.12567370140002,-0.8604110866485712,18.918038625292336,-0.01912858174625246,-5.439012528194878e-05,-0.001441,5.438112363081485e-05,0.0078843,1,1.0
677,0.0028176808022722954,2.358316375767016e-06,0.0015493,4.121352885726401,32.50711697721612,4.024805748032999,1.01338506043586,48.11918791218913,0.32696719194081925,-72.28889832655209,-0.8125632746084135,-26.2458528444479,-0.8604110866485712,-10.470902730662274,-0.01912858174625246,-0.0001409064668772612,-0.001441,0.00014090579692814149,0.0078843,1,1.0
678,2.5096439687071533e-05,4.2245420273681445e-07,0.0015493,4.121352885726401,32.50711697721612,3.4406445657492157,1.01338506043586,21.639565786454593,0.32696719194081925,-84.9190294818927,-0.8125632746084135,-63.67549295827028,-0.8604110866485712,-0.8115439419808225,-0.01912858174625246,-5.82177088898633e-05,-0.001441,5.8206970571771544e-05,0.0078843,1,1.0
679,2.987782018383945e-06,3.2509894096081116e-07,0.0015493,4.121352885726401,32.50711697721612,79.42086948099706,1.01338506043586,17.104432766704623,0.32696719194081925,-34.05652959103413,-0.8125632746084135,-13.366356643247874,-0.8604110866485712,-19.652586627894422,-0.01912858174625246,-4.863222499642113e-05,-0.001441,4.862569570644275e-05,0.0078843,1,1.0
680,1.6254516624681671e-06,2.4514936889791975e-07,0.0015493,4.121352885726401,32.50711697721612,2.369604254585788,1.01338506043586,16.460126035968862,0.32696719194081925,-65.51308444387318,-0.8125632746084135,-46.80866993714069,-0.8604110866485712,-0.4999434003908841,-0.01912858174625246,-4.423270485598634e-05,-0.001441,4.4225529466534314e-05,0.0078843,1,1.0
681,0.00017597171230219642,3.023076250510683e-07,0.0015493,4.121352885726401,32.50711697721612,63.20813321296699,1.01338506043586,15.811515903974733,0.32696719194081925,-30.22391729076234,-0.8125632746084135,53.54666844074419,-0.8604110866485712,-16.336365665793686,-0.01912858174625246,-4.536980900129112e-05,-0.001441,4.543485163368336e-05,0.0078843,1,1.0
682,1.3456540618569783e-05,4.238716603110212e-08,0.0015493,4.121352885726401,32.50711697721612,-40.54092001649659,1.01338506043586,6.779721291878692,0.32696719194081925,-45.22660530993032,-0.8125632746084135,-20.183463015855974,-0.8604110866485712,10.042815306387258,-0.01912858174625246,-1.7138959475146013e-05,-0.001441,1.716633518984158e-05,0.0078843,1,1.0
683,0.0017556729694326284,7.758936529183782e-07,0.0015493,4.121352885726401,32.50711697721612,-39.98083655132401,1.01338506043586,28.246597629294655,0.32696719194081925,-58.58940690837432,-0.8125632746084135,41.113860197065385,-0.8604110866485712,3.8882101961511295,-0.01912858174625246,-8.153384250088879e-05,-0.001441,8.155624822139063e-05,0.0078843,1,1.0
684,0.002204994984972901,5.38871648187327e-07,0.0015493,4.121352885726401,32.50711697721612,-90.61660728990385,1.01338506043586,21.117285881071865,0.32696719194081925,-33.126429509591745,-0.8125632746084135,62.11251144414508,-0.8604110866485712,14.924188187779988,-0.01912858174625246,-6.336165465514123e-05,-0.001441,6.357991937191563e-05,0.0078843,1,1.0
685,1.6583406309843545e-05,3.338377428057227e-07,0.0015493,4.121352885726401,32.50711697721612,97.63260407435493,1.01338506043586,16.684573445815616,0.32696719194081925,-22.520937632817034,-0.8125632746084135,-53.08188858096562,-0.8604110866485712,-24.11598556618611,-0.01912858174625246,-4.812134763756869e-05,-0.001441,4.815610379928678e-05,0.0078843,1,1.0
686,0.001003505599448641,1.334934362157219e-07,0.0015493,4.121352885726401,32.50711697721612,-9.005549807799873,1.01338506043586,10.057357565858318,0.32696719194081925,-0.13136153663243727,-0.8125632746084135,-57.086542916997324,-0.8604110866485712,-1.0348124095838087,-0.01912858174625246,-3.130159022831955e-05,-0.001441,3.134473569388613e-05,0.0078843,1,1.0
687,0.0009493642785916461,5.17951470165003e-08,0.0015493,4.121352885726401,32.50711697721612,-53.73126476852751,1.01338506043586,7.393044454210569,0.32696719194081925,-12.271771646893422,-0.8125632746084135,-35.92318648345595,-0.8604110866485712,10.16786441859454,-0.01912858174625246,-2.2097575560317175e-05,-0.001441,2.2095747905047157e-05,0.0078843,1,1.0
688,0.00023127612721328004,1.3162898004012236e-07,0.0015493,4.121352885726401,32.50711697721612,11.161248470810987,1.01338506043586,9.90316781131235,0.32696719194081925,-26.990056822955427,-0.8125632746084135,52.20504743448935,-0.8604110866485712,-3.6297413551517774,-0.01912858174625246,-2.7841477995101074e-05,-0.001441,2.791387421366192e-05,0.0078843,1,1.0
689,3.9363729868014275e-05,2.2769077421970272e-07,0.0015493,4.121352885726401,32.50711697721612,-17.80795641889327,1.01338506043586,16.353900518053898,0.32696719194081925,-74.35638178234014,-0.8125632746084135,24.804150057038534,-0.8604110866485712,4.225159408362473,-0.01912858174625246,-4.3535404545040034e-05,-0.001441,4.353010139084406e-05,0.0078843,1,1.0
690,0.00019091613020339208,1.3814348737920462e-07,0.0015493,4.121352885726401,32.50711697721612,14.571800203288472,1.01338506043586,11.387392729304363,0.32696719194081925,-31.568621817782002,-0.8125632746084135,-16.620931596653904,-0.8604110866485712,-4.211950924855813,-0.01912858174625246,-3.163968830225139e-05,-0.001441,3.166832238432564e-05,0.0078843,1,1.0
691,3.122333169834602e-05,4.1232152090509094e-08,0.0015493,4.121352885726401,32.50711697721612,12.999243700790077,1.01338506043586,4.554417730059363,0.32696719194081925,-9.110962561812377,-0.8125632746084135,-95.44042965108461,-0.8604110866485712,-3.1351595692524046,-0.01912858174625246,-1.2586788080950675e-05,-0.001441,1.2576178341590508e-05,0.0078843,1,1.0
692,7.245123231682362e-05,1.371758487996182e-07,0.0015493,4.121352885726401,32.50711697721612,-23.995237487411597,1.01338506043586,10.859113159732301,0.32696719194081925,-52.94104702539602,-0.8125632746084135,20.600799084193213,-0.8604110866485712,5.648633879451875,-0.01912858174625246,-2.86759085450667e-05,-0.001441,2.865268803545273e-05,0.0078843,1,1.0
693,0.001151671560712294,1.2569430252351956e-07,0.0015493,4.121352885726401,32.50711697721612,-32.73065857227786,1.01338506043586,8.463199454407487,0.32696719194081925,-0.38186983298265853,-0.8125632746084135,43.88003420920025,-0.8604110866485712,4.149811688467948,-0.01912858174625246,-2.7585688410878555e-05,-0.001441,2.7676534940921282e-05,0.0078843,1,1.0
694,2.428057962598285e-05,5.376819002234937e-08,0.0015493,4.121352885726401,32.50711697721612,-71.34005398558863,1.01338506043586,9.36389689984694,0.32696719194081925,-68.04961628985053,-0.8125632746084135,-71.35180393217172,-0.8604110866485712,17.73087227008411,-0.01912858174625246,-2.3382611744821426e-05,-0.001441,2.3391072147520854e-05,0.0078843,1,1.0
695,0.0020826608341446787,1.5386041778263626e-06,0.0015493,4.121352885726401,32.50711697721612,-4.217577659088542,1.01338506043586,38.204527649787906,0.32696719194081925,-67.60695447093188,-0.8125632746084135,-15.705033482446321,-0.8604110866485712,-5.981943948294944,-0.01912858174625246,-0.00011077516225559317,-0.001441,0.00011072044976788435,0.0078843,1,1.0
696,-4.9029300678215745e-08,3.0398278033900373e-07,0.0015493,4.121352885726401,32.50711697721612,32.591241746819954,1.01338506043586,13.997867541464105,0.32696719194081925,-43.41728550336643,-0.8125632746084135,19.591209334871742,-0.8604110866485712,-8.113011028911417,-0.01912858174625246,-3.870692663205245e-05,-0.001441,3.869738308607339e-05,0.0078843,1,1.0
697,0.00033833786266693373,9.59209095317479e-07,0.0015493,4.121352885726401,32.50711697721612,28.985148066163525,1.01338506043586,30.468776489990365,0.32696719194081925,-98.16555676489962,-0.8125632746084135,15.546405102047562,-0.8604110866485712,-8.294935895629205,-0.01912858174625246,-8.371393127932176e-05,-0.001441,8.390941434505539e-05,0.0078843,1,1.0
698,0.0031685595885288507,7.725673064674628e-07,0.0015493,4.121352885726401,32.50711697721612,-82.43278065647787,1.01338506043586,26.082617245566425,0.32696719194081925,-4.711014377297243,-0.8125632746084135,-49.565962762792225,-0.8604110866485712,9.821617312290885,-0.01912858174625246,-8.252738513742291e-05,-0.001441,8.259975283705512e-05,0.0078843,1,1.0
699,0.0015000156313890877,1.0999264961211996e-06,0.0015493,4.121352885726401,32.50711697721612,72.44782182824557,1.01338506043586,31.24418417602946,0.32696719194081925,-31.745730455003496,-0.8125632746084135,62.506612534798144,-0.8604110866485712,-23.143418839213346,-0.01912858174625246,-9.310379090538337e-05,-0.001441,9.308791657460923e-05,0.0078843,1,1.0
700,-0.003271266938082329,0.07698055476778667,0.0015493,1.2158541232221989,2.735354949826481,97.87886010934251,1.01338506043586,33.33123408111491,0.32696719194081925,-18.7449893442421,-0.8125632746084135,-66.10460379681435,-0.8604110866485712,-52.12520784354519,-0.01912858174625246,0.3564046175704283,-0.001441,3.4185544729683564,0.0078843,0,1.0
701,0.03938280863030075,0.008674326964623093,0.0015493,1.2158541232221989,2.735354949826481,15.413378878237475,1.01338506043586,22.353616251229674,0.32696719194081925,-88.60236651604103,-0.8125632746084135,48.048840759266284,-0.8604110866485712,21.32577133004206,-0.01912858174625246,0.29996165789346996,-0.001441,1.6329257779588202,0.0078843,0,1.0
702,-0.003086751090372708,0.043979611465360745,0.0015493,1.2158541232221989,2.735354949826481,49.43278710031737,1.01338506043586,30.774545076011652,0.32696719194081925,-81.17998492781082,-0.8125632746084135,22.822026411114134,-0.8604110866485712,-3.534030419601481,-0.01912858174625246,0.5423991538105613,-0.001441,2.5571944720979523,0.0078843,0,1.0
703,-0.0010306910254986867,0.024749089513015382,0.0015493,1.2158541232221989,2.735354949826481,37.23736149471091,1.01338506043586,19.337550323398748,0.32696719194081925,-42.19336078204249,-0.8125632746084135,4.53160275359337,-0.8604110866485712,-9.0822302286631,-0.01912858174625246,0.3709564225772274,-0.001441,1.6898940588468854,0.0078843,0,1.0
704,2.1274290546876893,1.360511696243397,0.0015493,1.2158541232221989,2.735354949826481,-43.89101305286671,1.01338506043586,17.8979787039757,0.32696719194081925,-65.69263108137228,-0.8125632746084135,-22.3230368437242,-0.8604110866485712,87.82636417103167,-0.01912858174625246,0.16580578543995816,-0.001441,0.9032661993922353,0.0078843,0,1.0
705,-0.019001035300711067,0.31133718153070594,0.0015493,1.2158541232221989,2.735354949826481,25.82468483010633,1.01338506043586,6.499837740207426,0.32696719194081925,-26.26818473273057,-0.8125632746084135,51.71999515533059,-0.8604110866485712,-14.78183623916738,-0.01912858174625246,0.802263998881116,-0.001441,1.4800435138210366,0.0078843,0,1.0
706,0.47767730790009155,0.05286664433708079,0.0015493,1.2158541232221989,2.735354949826481,-12.151789864783854,1.01338506043586,2.034745191984817,0.32696719194081925,-6.933102854367672,-0.8125632746084135,-10.490079246192543,-0.8604110866485712,18.711030401983116,-0.01912858174625246,-0.044529689640515464,-0.001441,0.04968153182766042,0.0078843,1,1.0
707,0.15868851363290215,0.03635083759588061,0.0015493,1.2158541232221989,2.735354949826481,12.240435222396613,1.01338506043586,14.915261590219968,0.32696719194081925,-47.35805591460236,-0.8125632746084135,21.80751739318984,-0.8604110866485712,9.621380313490455,-0.01912858174625246,0.3525023462936121,-0.001441,1.035447887140964,0.0078843,0,1.0
708,0.01061536600255808,0.031013999080195115,0.0015493,1.2158541232221989,2.735354949826481,97.62764383506055,1.01338506043586,47.7001960458148,0.32696719194081925,-79.7134954959011,-0.8125632746084135,-36.44545810063912,-0.8604110866485712,-30.02667258181189,-0.01912858174625246,0.2706185665347858,-0.001441,4.197592040448971,0.0078843,0,1.0
709,1.3044111466339072,0.5642636361613013,0.0015493,1.2158541232221989,2.735354949826481,10.607878106313597,1.01338506043586,25.06481492180109,0.32696719194081925,-44.11339555500638,-0.8125632746084135,-42.024172485538436,-0.8604110866485712,31.317491615762425,-0.01912858174625246,0.286145554169446,-0.001441,1.7474869469878154,0.0078843,0,1.0
710,0.008851577465242233,0.025962463742646956,0.0015493,1.2158541232221989,2.735354949826481,41.30100534277196,1.01338506043586,18.393163655037192,0.32696719194081925,-34.15143129146782,-0.8125632746084135,-6.504492000552453,-0.8604110866485712,-13.081822191346841,-0.01912858174625246,0.290842271755833,-0.001441,1.7746236856774207,0.0078843,0,1.0
711,1.8486016793023943,0.8300015242724268,0.0015493,1.2158541232221989,2.735354949826481,-60.87628932517309,1.01338506043586,12.34620662398684,0.32696719194081925,-71.06257810696992,-0.8125632746084135,-9.24868338543034,-0.8604110866485712,98.22934682888987,-0.01912858174625246,-0.3756189880429739,-0.001441,0.3793859502305772,0.0078843,1,1.0
712,1.409654128934673,0.6074926228052738,0.0015493,1.2158541232221989,2.735354949826481,-4.959810346808032,1.01338506043586,21.72757137224834,0.32696719194081925,-50.83373415176092,-0.8125632746084135,-27.007458843452074,-0.8604110866485712,44.8155633500334,-0.01912858174625246,0.3073396806364801,-0.001441,1.4076859039141494,0.0078843,0,1.0
713,0.0015427499295572744,0.013352945310504552,0.0015493,1.2158541232221989,2.735354949826481,20.071301718559752,1.01338506043586,13.079398234350558,0.32696719194081925,-38.592784824763136,-0.8125632746084135,17.030789465024206,-0.8604110866485712,-0.008292261293628894,-0.01912858174625246,0.3270911966728046,-0.001441,1.0918471329248134,0.0078843,0,1.0
714,0.3998146372528537,0.15734360454415994,0.0015493,1.2158541232221989,2.735354949826481,93.70540029334764,1.01338506043586,45.59816015761776,0.32696719194081925,-53.49089874651518,-0.8125632746084135,-69.13506981580542,-0.8604110866485712,-30.37644991163357,-0.01912858174625246,0.2841159748851627,-0.001441,3.9688470918650456,0.0078843,0,1.0
715,0.00488162717470475,0.9051355766516521,0.0015493,1.2158541232221989,2.735354949826481,78.68675269376679,1.01338506043586,31.071343426756574,0.32696719194081925,-75.85185582052593,-0.8125632746084135,72.36012233991296,-0.8604110866485712,-35.33362627854971,-0.01912858174625246,2.429009918833403,-0.001441,3.049906920465215,0.0078843,0,1.0
716,-7.218122527685722e-06,0.008607358590852333,0.0015493,1.2158541232221989,2.735354949826481,-0.24891702695624823,1.01338506043586,12.962884107635547,0.32696719194081925,-69.72825548222356,-0.8125632746084135,58.72387004653454,-0.8604110866485712,21.803524899800276,-0.01912858174625246,0.40066061062334624,-0.001441,0.8239586818489245,0.0078843,0,1.0
717,0.0034612024557096888,0.03336811006467505,0.0015493,1.2158541232221989,2.735354949826481,64.59690793359374,1.01338506043586,37.827295021967394,0.32696719194081925,-90.18823748794458,-0.8125632746084135,9.799641081433688,-0.8604110866485712,-8.29702206927696,-0.01912858174625246,0.454145047955014,-0.001441,3.2062102303021005,0.0078843,0,1.0
718,0.07316368172759496,0.10501777351797616,0.0015493,1.2158541232221989,2.735354949826481,-42.7476074110939,1.01338506043586,2.626219264415682,0.32696719194081925,-91.24807120717155,-0.8125632746084135,98.90085521801731,-0.8604110866485712,59.039665496272946,-0.01912858174625246,-0.14410055531962734,-0.001441,0.14196948786028712,0.0078843,1,1.0
719,0.044618240033581946,0.022300275461067273,0.0015493,1.2158541232221989,2.735354949826481,39.594776878545,1.01338506043586,20.688944812864563,0.32696719194081925,-41.53975582013823,-0.8125632746084135,-3.7936455036021575,-0.8604110866485712,-9.254080301402144,-0.01912858174625246,0.29030486651476395,-0.001441,1.812004344318642,0.0078843,0,1.0
720,0.006861251153294723,0.19539530950461287,0.0015493,1.2158541232221989,2.735354949826481,1.540869024771301,1.01338506043586,3.34812798902178,0.32696719194081925,-45.972797764301,-0.8125632746084135,79.83687404839692,-0.8604110866485712,7.725812854182544,-0.01912858174625246,0.3624415517415073,-0.001441,1.2984487053326985,0.0078843,0,1.0
721,0.01560117268093425,0.04587180359344491,0.0015493,1.2158541232221989,2.735354949826481,17.709458438444212,1.01338506043586,4.305511618043351,0.32696719194081925,-6.644515684205037,-0.8125632746084135,7.0449625347086355,-0.8604110866485712,-10.275278988260176,-0.01912858174625246,0.39715478030662876,-0.001441,0.6702962511209493,0.0078843,0,1.0
722,1.307845028520465,0.3736537519607091,0.0015493,1.2158541232221989,2.735354949826481,-36.15834854127864,1.01338506043586,5.760449992068265,0.32696719194081925,-24.67190466594215,-0.8125632746084135,-22.187675820888362,-0.8604110866485712,54.86010221125035,-0.01912858174625246,-0.13009648965613213,-0.001441,0.1314027081293902,0.0078843,1,1.0
723,0.14519564685464803,0.03798672623296677,0.0015493,1.2158541232221989,2.735354949826481,-9.894001225630332,1.01338506043586,10.386860172016338,0.32696719194081925,-68.24425369170066,-0.8125632746084135,64.15710593171299,-0.8604110866485712,28.8481388290752,-0.01912858174625246,0.4166029709550576,-0.001441,0.6579522112552583,0.0078843,0,1.0
724,0.01431947524197219,0.024241523109923464,0.0015493,1.2158541232221989,2.735354949826481,61.34862027319671,1.01338506043586,29.390525503494537,0.32696719194081925,-50.85971502613461,-0.8125632746084135,-17.76417477574826,-0.8604110866485712,-19.030931882710522,-0.01912858174625246,0.2828766473199098,-0.001441,2.6344476146409637,0.0078843,0,1.0
725,0.048878598998385314,0.025549664410484077,0.0015493,1.2158541232221989,2.735354949826481,39.35626950468647,1.01338506043586,20.48171947280197,0.32696719194081925,-37.527673658775214,-0.8125632746084135,-6.848219577006071,-0.8604110866485712,-10.827549157717275,-0.01912858174625246,0.2916171868211135,-0.001441,1.7378038830999512,0.0078843,0,1.0
726,0.008654174632988454,0.023800636501640438,0.0015493,1.2158541232221989,2.735354949826481,82.17946817812455,1.01338506043586,42.06880220759798,0.32696719194081925,-76.86640458383373,-0.8125632746084135,-23.250284243982527,-0.8604110866485712,-22.131945219198425,-0.01912858174625246,0.2704397407002468,-0.001441,3.648970403460865,0.0078843,0,1.0
727,0.022718775581906714,0.03506731158745558,0.0015493,1.2158541232221989,2.735354949826481,29.618350482929593,1.01338506043586,27.862162416217586,0.32696719194081925,-95.01229768372386,-0.8125632746084135,50.52175865358482,-0.8604110866485712,12.514668497342514,-0.01912858174625246,0.5991829347667764,-0.001441,2.079385123732019,0.0078843,0,1.0
728,0.006760471308849825,0.010079329499362915,0.0015493,1.2158541232221989,2.735354949826481,30.86736035535102,1.01338506043586,21.633767557821344,0.32696719194081925,-60.35547953847837,-0.8125632746084135,17.446384764968453,-0.8604110866485712,1.6166550251266618,-0.01912858174625246,0.2925735838931892,-0.001441,1.7383222014682418,0.0078843,0,1.0
729,9.530228201210661e-05,0.2984041959092874,0.0015493,1.2158541232221989,2.735354949826481,2.051799416110584,1.01338506043586,0.8687685137200138,0.32696719194081925,-45.4883225874833,-0.8125632746084135,89.79837517348224,-0.8604110866485712,6.612153838323855,-0.01912858174625246,0.32018726823122357,-0.001441,1.541927712015403,0.0078843,0,1.0
730,0.6386075044815114,0.16082719710118418,0.0015493,1.2158541232221989,2.735354949826481,29.999991723423722,1.01338506043586,31.811277592779945,0.32696719194081925,-78.48982600617869,-0.8125632746084135,-5.05806066366982,-0.8604110866485712,20.039210073205382,-0.01912858174625246,0.2876532320908358,-0.001441,2.378163265072332,0.0078843,0,1.0
731,-0.0009784131910977045,0.07915698874657698,0.0015493,1.2158541232221989,2.735354949826481,94.12943154461495,1.01338506043586,29.170747974246673,0.32696719194081925,-6.4863041577505545,-0.8125632746084135,-69.12488030813815,-0.8604110866485712,-54.102169279912836,-0.01912858174625246,0.35371717936088687,-0.001441,3.1528131783467,0.0078843,0,1.0
732,0.36719258907056307,0.1056690315527142,0.0015493,1.2158541232221989,2.735354949826481,36.063404157212545,1.01338506043586,22.237709322816507,0.32696719194081925,-40.45513569607091,-0.8125632746084135,-16.273986751456327,-0.8604110866485712,-1.8527985775110674,-0.01912858174625246,0.3343963966084069,-0.001441,1.8944888541735065,0.0078843,0,1.0
733,0.010722327731428116,0.026556856354904537,0.0015493,1.2158541232221989,2.735354949826481,90.60465378151792,1.01338506043586,45.72644094390358,0.32696719194081925,-82.61970018595235,-0.8125632746084135,-27.73364969316796,-0.8604110866485712,-24.76004834444595,-0.01912858174625246,0.2695242505543929,-0.001441,4.0115823373745245,0.0078843,0,1.0
734,0.5787813964951334,0.2103087787345988,0.0015493,1.2158541232221989,2.735354949826481,75.77897905083786,1.01338506043586,48.79574710587547,0.32696719194081925,-79.78083801766947,-0.8125632746084135,-48.28092009122355,-0.8604110866485712,-8.251898523851548,-0.01912858174625246,0.26627572462824967,-0.001441,3.8157020918535287,0.0078843,0,1.0
735,1.3489248815813637,0.6390542895126583,0.0015493,1.2158541232221989,2.735354949826481,-37.29587205322736,1.01338506043586,9.853909529109945,0.32696719194081925,-40.30443311228464,-0.8125632746084135,-27.559047275312146,-0.8604110866485712,64.4576539369826,-0.01912858174625246,-0.42852381031552045,-0.001441,0.38260940582764513,0.0078843,1,1.0
736,0.00832855940020194,0.03507651786543038,0.0015493,1.2158541232221989,2.735354949826481,39.7493436919151,1.01338506043586,12.831136302603076,0.32696719194081925,-2.0238954458462395,-0.8125632746084135,-24.767789642690417,-0.8604110866485712,-24.697614562026548,-0.01912858174625246,0.320744199761621,-0.001441,1.248592882855973,0.0078843,0,1.0
737,0.0031500293340110397,0.08607870726881804,0.0015493,1.2158541232221989,2.735354949826481,12.133846426149423,1.01338506043586,5.127304470621511,0.32696719194081925,-21.04251527164199,-0.8125632746084135,34.06051647229661,-0.8604110866485712,-5.039434187114434,-0.01912858174625246,0.47032516795727486,-0.001441,0.8179886342241403,0.0078843,0,1.0
738,0.07885664946627147,0.9320437678893426,0.0015493,1.2158541232221989,2.735354949826481,-27.262088143575376,1.01338506043586,-6.547500857534745,0.32696719194081925,-24.540744301656275,-0.8125632746084135,64.16716667633607,-0.8604110866485712,22.05406931396879,-0.01912858174625246,-0.6628733880986499,-0.001441,0.6506203846429635,0.0078843,1,1.0
739,-0.0011673669140495058,0.36562407623747545,0.0015493,1.2158541232221989,2.735354949826481,61.47658735073019,1.01338506043586,24.5469780597147,0.32696719194081925,-54.224708028970674,-0.8125632746084135,37.69624094957654,-0.8604110866485712,-26.660419154262975,-0.01912858174625246,1.527964782972077,-0.001441,2.389908434851482,0.0078843,0,1.0
740,0.008172372225078828,0.004017801296519022,0.0015493,1.2158541232221989,2.735354949826481,18.896276800815777,1.01338506043586,23.994161315630933,0.32696719194081925,-90.1017712486455,-0.8125632746084135,46.53755268673119,-0.8604110866485712,19.02824446153972,-0.01912858174625246,0.2921152226207333,-0.001441,1.738924241207334,0.0078843,0,1.0
741,0.029512840749862157,0.08705043908389129,0.0015493,1.2158541232221989,2.735354949826481,-35.2378924315753,1.01338506043586,1.9411989981940867,0.32696719194081925,-77.50061989189372,-0.8125632746084135,85.30908698224624,-0.8604110866485712,49.02874461821534,-0.01912858174625246,-0.09734822541975739,-0.001441,0.12037326108669323,0.0078843,1,1.0
742,-0.01082217615958514,0.2557172930619377,0.0015493,1.2158541232221989,2.735354949826481,38.16392654870541,1.01338506043586,15.102782346089535,0.32696719194081925,-39.09118577790767,-0.8125632746084135,40.67774105707327,-0.8604110866485712,-17.169501066838553,-0.01912858174625246,1.2509464283151495,-0.001441,1.491676367173019,0.0078843,0,1.0
743,0.001922102253356206,0.006723397255354617,0.0015493,1.2158541232221989,2.735354949826481,31.08232669680416,1.01338506043586,25.88734474489195,0.32696719194081925,-81.05200730812265,-0.8125632746084135,29.560408765443494,-0.8604110866485712,8.830597628961373,-0.01912858174625246,0.286374106684795,-0.001441,2.018393176810733,0.0078843,0,1.0
744,0.9425059862384217,0.4402230543470969,0.0015493,1.2158541232221989,2.735354949826481,87.78785602085227,1.01338506043586,53.29624454842513,0.32696719194081925,-64.98280256586217,-0.8125632746084135,-88.10999402077935,-0.8604110866485712,-13.68015994202102,-0.01912858174625246,0.2636465171285498,-0.001441,4.264857419359133,0.0078843,0,1.0
745,0.0015511269501939928,0.4334262759311933,0.0015493,1.2158541232221989,2.735354949826481,64.9053550049534,1.01338506043586,24.686042784996364,0.32696719194081925,-57.24162184240831,-0.8125632746084135,42.39361513510703,-0.8604110866485712,-27.749722783031316,-0.01912858174625246,1.6155185950548092,-0.001441,2.5770193554422067,0.0078843,0,1.0
746,0.12635410060581886,0.05170357328291146,0.0015493,1.2158541232221989,2.735354949826481,84.2448501329087,1.01338506043586,41.79116883966312,0.32696719194081925,-65.38113389436735,-0.8125632746084135,-38.57405309284537,-0.8604110866485712,-25.355740302592864,-0.01912858174625246,0.26909332358321714,-0.001441,3.6414690754315293,0.0078843,0,1.0
747,0.0003933446504960081,0.024476217059101767,0.0015493,1.2158541232221989,2.735354949826481,56.2591367251736,1.01338506043586,31.72926199489512,0.32696719194081925,-72.64440427429348,-0.8125632746084135,4.487409439235549,-0.8604110866485712,-9.225540609683284,-0.01912858174625246,0.3769284474524537,-0.001441,2.7187740839090404,0.0078843,0,1.0
748,0.07670555745069096,0.015014722020687373,0.0015493,1.2158541232221989,2.735354949826481,26.715784019203106,1.01338506043586,23.886174600145793,0.32696719194081925,-73.06045425188698,-0.8125632746084135,25.448083083445933,-0.8604110866485712,9.541878655136205,-0.01912858174625246,0.30372203134421605,-0.001441,1.808846230561843,0.0078843,0,1.0
749,-0.00028061047186289656,0.042655193793843596,0.0015493,1.2158541232221989,2.735354949826481,71.33121930151825,1.01338506043586,34.43353469342522,0.32696719194081925,-62.107570289259066,-0.8125632746084135,-14.074955751408016,-0.8604110866485712,-22.192178331001454,-0.01912858174625246,0.43081438653243587,-0.001441,3.059383221359985,0.0078843,0,1.0
750,0.25827557326237005,0.035512020288071294,0.0015493,1.2158541232221989,2.735354949826481,-29.383063965908768,1.01338506043586,3.8483392171964117,0.32696719194081925,-57.844879900435735,-0.8125632746084135,49.92569390704393,-0.8604110866485712,42.9134397245043,-0.01912858174625246,-0.0894515106547712,-0.001441,0.08919806513003292,0.0078843,1,1.0
751,0.0002695022563743432,0.015561503253230757,0.0015493,1.2158541232221989,2.735354949826481,20.98351103264216,1.01338506043586,12.964619712240374,0.32696719194081925,-34.10055828743983,-0.8125632746084135,13.564288090668633,-0.8604110866485712,-2.5829070931354687,-0.01912858174625246,0.3416780807787525,-0.001441,1.0448381447329327,0.0078843,0,1.0
752,0.015448372879408201,0.10476954685969826,0.0015493,1.2158541232221989,2.735354949826481,-4.865262154342327,1.01338506043586,8.388057321146077,0.32696719194081925,-63.50767892618292,-0.8125632746084135,83.73514875895631,-0.8604110866485712,18.010740213165654,-0.01912858174625246,0.3800390811480486,-0.001441,1.075789733759226,0.0078843,0,1.0
753,0.0033869446847192286,0.0681337447433451,0.0015493,1.2158541232221989,2.735354949826481,94.98389841365965,1.01338506043586,37.46302287611277,0.32696719194081925,-45.99053703367041,-0.8125632746084135,-46.0460104713295,-0.8604110866485712,-40.52047624857708,-0.01912858174625246,0.3847247846574591,-0.001441,3.688677207411322,0.0078843,0,1.0
754,7.961751360485714e-05,0.007670263729319959,0.0015493,1.2158541232221989,2.735354949826481,20.13477518033231,1.01338506043586,18.556622287188645,0.32696719194081925,-61.91714200518275,-0.8125632746084135,29.716261715666974,-0.8604110866485712,7.955572565503901,-0.01912858174625246,0.31251137704865173,-0.001441,1.3923998758156402,0.0078843,0,1.0
755,-0.005474112571671297,0.6634577613086032,0.0015493,1.2158541232221989,2.735354949826481,63.3653960144046,1.01338506043586,19.576535703822973,0.32696719194081925,-29.565513851377332,-0.8125632746084135,40.18731460377215,-0.8604110866485712,-40.773358179912435,-0.01912858174625246,1.8526955753787118,-0.001441,2.133062960493014,0.0078843,0,1.0
756,0.6976113379915444,0.24795139707473537,0.0015493,1.2158541232221989,2.735354949826481,17.205992872752788,1.01338506043586,11.413413729719064,0.32696719194081925,-1.41857945817486,-0.8125632746084135,-38.820006572607944,-0.8604110866485712,1.2398686272274972,-0.01912858174625246,0.3346454105169662,-0.001441,0.9848631683536906,0.0078843,0,1.0
757,-0.011940599654574502,0.09949455144028284,0.0015493,1.2158541232221989,2.735354949826481,54.14353360080777,1.01338506043586,34.526053498511786,0.32696719194081925,-99.30140626167179,-0.8125632746084135,40.18411066709603,-0.8604110866485712,-1.4291040874994694,-0.01912858174625246,0.7912656577864521,-0.001441,2.8930959418146776,0.0078843,0,1.0
758,0.0006787507737673337,0.016689964462521273,0.0015493,1.2158541232221989,2.735354949826481,11.836239894611037,1.01338506043586,8.92487951685313,0.32696719194081925,-32.77264656326673,-0.8125632746084135,24.008890108211233,-0.8604110866485712,2.2821457063542403,-0.01912858174625246,0.3864379854088379,-0.001441,0.7289126440165031,0.0078843,0,1.0
759,0.006720829531807082,0.005518036216986365,0.0015493,1.2158541232221989,2.735354949826481,13.5113802846137,1.01338506043586,19.796377214045783,0.32696719194081925,-76.40635642796732,-0.8125632746084135,44.064730908831926,-0.8604110866485712,16.835912761947988,-0.01912858174625246,0.3055072690694568,-0.001441,1.3714847737685774,0.0078843,0,1.0
760,0.08383979198514135,0.03191956885915336,0.0015493,1.2158541232221989,2.735354949826481,8.137204058983007,1.01338506043586,8.226173777551868,0.32696719194081925,-31.802996951164797,-0.8125632746084135,23.94781282815279,-0.8604110866485712,5.380021312004194,-0.01912858174625246,0.4205514989119352,-0.001441,0.6424649730197236,0.0078843,0,1.0
761,0.01703301848735328,0.057944599963003,0.0015493,1.2158541232221989,2.735354949826481,73.27747674051274,1.01338506043586,32.49896565651176,0.32696719194081925,-56.702137649502504,-0.8125632746084135,-19.479751042278416,-0.8604110866485712,-23.741442397312046,-0.01912858174625246,0.3859980454674887,-0.001441,3.1262708991566286,0.0078843,0,1.0
762,-0.0016319124966529541,0.06224793999414219,0.0015493,1.2158541232221989,2.735354949826481,43.684117199005954,1.01338506043586,11.67776960425479,0.32696719194081925,-0.10461724175563454,-0.8125632746084135,-20.74687875224937,-0.8604110866485712,-28.315828631754766,-0.01912858174625246,0.4656232500222009,-0.001441,1.359110308546973,0.0078843,0,1.0
763,-0.009407481418983288,0.11602609002983479,0.0015493,1.2158541232221989,2.735354949826481,45.49078368925404,1.01338506043586,14.794274676064049,0.32696719194081925,-22.9318863076113,-0.8125632746084135,0.6728221768156543,-0.8604110866485712,-21.940587596154398,-0.01912858174625246,0.6342014346242769,-0.001441,1.7194733414970083,0.0078843,0,1.0
764,1.3228732321692978,0.5333389852418368,0.0015493,1.2158541232221989,2.735354949826481,15.786338575246829,1.01338506043586,33.852491054745315,0.32696719194081925,-79.81294677768068,-0.8125632746084135,-26.81057708577073,-0.8604110866485712,41.6993740379971,-0.01912858174625246,0.27808361465345266,-0.001441,2.412786230986275,0.0078843,0,1.0
765,1.0379262838406262,0.262830572291367,0.0015493,1.2158541232221989,2.735354949826481,-45.309181604579024,1.01338506043586,8.81033466517787,0.32696719194081925,-65.68531581947872,-0.8125632746084135,22.35570556636881,-0.8604110866485712,70.20957797385384,-0.01912858174625246,-0.2299499069839767,-0.001441,0.2336597036380468,0.0078843,1,1.0
766,0.42369810721344736,0.13257985928893018,0.0015493,1.2158541232221989,2.735354949826481,78.80534857764545,1.01338506043586,45.91152130083114,0.32696719194081925,-85.36584253545716,-0.8125632746084135,-35.6414178599598,-0.8604110866485712,-9.046658745352843,-0.01912858174625246,0.2808997260265129,-0.001441,3.954041486233573,0.0078843,0,1.0
767,0.2352450771807898,0.04437551602797375,0.0015493,1.2158541232221989,2.735354949826481,-32.30733221248408,1.01338506043586,4.375474616829192,0.32696719194081925,-65.78888541601644,-0.8125632746084135,59.105819014954506,-0.8604110866485712,46.83416616697829,-0.01912858174625246,-0.11649751119663397,-0.001441,0.11661831625152223,0.0078843,1,1.0
768,2.435926429576685,1.6209604663978228,0.0015493,1.2158541232221989,2.735354949826481,-15.45970789497067,1.01338506043586,31.117830440825248,0.32696719194081925,-61.09886973146989,-0.8125632746084135,-65.75371293987521,-0.8604110866485712,73.25243232271683,-0.01912858174625246,0.291322824949131,-0.001441,1.910860986194077,0.0078843,0,1.0
769,1.5875336471574584,0.5892438712253731,0.0015493,1.2158541232221989,2.735354949826481,-43.179293220187176,1.01338506043586,7.248612073879132,0.32696719194081925,-29.38019592638613,-0.8125632746084135,-30.711274616794174,-0.8604110866485712,66.53657725124233,-0.01912858174625246,-0.20293504332299728,-0.001441,0.1707478680287653,0.0078843,1,1.0
770,0.2935234810115471,0.023060735471696275,0.0015493,1.2158541232221989,2.735354949826481,-13.290009654132872,1.01338506043586,1.4638698344681642,0.32696719194081925,-17.470308456905972,-0.8125632746084135,7.970711455470822,-0.8604110866485712,19.810785003943383,-0.01912858174625246,-0.014930760791842523,-0.001441,0.021313119304609218,0.0078843,1,1.0
771,0.9904517775133859,0.5406396298534311,0.0015493,1.2158541232221989,2.735354949826481,31.436699228635305,1.01338506043586,35.17822720338255,0.32696719194081925,-52.28885884031681,-0.8125632746084135,-39.33246886405099,-0.8604110866485712,12.208621926999154,-0.01912858174625246,0.35596245298501483,-0.001441,2.2557774907183,0.0078843,0,1.0
772,0.011116520449324985,0.034033260176457567,0.0015493,1.2158541232221989,2.735354949826481,-25.965192700872723,1.01338506043586,2.453589912282844,0.32696719194081925,-59.56742885456303,-0.8125632746084135,62.77530642046503,-0.8604110866485712,36.81389929208017,-0.01912858174625246,-0.0722868761198182,-0.001441,0.07425290301474226,0.0078843,1,1.0
773,1.028850525992691,0.3455727989906364,0.0015493,1.2158541232221989,2.735354949826481,-5.093448416293814,1.01338506043586,23.7430366746718,0.32696719194081925,-70.07719681015635,-0.8125632746084135,5.319859646220029,-0.8604110866485712,43.009368860180366,-0.01912858174625246,0.30935947951797604,-0.001441,1.3954185656296492,0.0078843,0,1.0
774,0.023955331393727075,0.00883790663787282,0.0015493,1.2158541232221989,2.735354949826481,27.262244618091582,1.01338506043586,24.202057987447112,0.32696719194081925,-77.97938825579384,-0.8125632746084135,30.771051810331183,-0.8604110866485712,10.24846988323975,-0.01912858174625246,0.29942468504110753,-0.001441,1.863693639042042,0.0078843,0,1.0
775,0.44230174150942947,0.13213337095444608,0.0015493,1.2158541232221989,2.735354949826481,66.95521037511091,1.01338506043586,39.675451205264054,0.32696719194081925,-64.18322744991666,-0.8125632746084135,-40.01418617240782,-0.8604110866485712,-10.296567712729226,-0.01912858174625246,0.27281571114096503,-0.001441,3.2574928277314505,0.0078843,0,1.0
776,0.0065284725143753275,0.05980258938032524,0.0015493,1.2158541232221989,2.735354949826481,15.662205010506975,1.01338506043586,3.3569897977006855,0.32696719194081925,-4.927701498209837,-0.8125632746084135,13.270196178169693,-0.8604110866485712,-11.169516142210677,-0.01912858174625246,0.4060917332336785,-0.001441,0.6496156555337624,0.0078843,0,1.0
777,0.002649769963850579,0.07105861917855644,0.0015493,1.2158541232221989,2.735354949826481,3.258765656453832,1.01338506043586,10.561755652930207,0.32696719194081925,-48.85863088449212,-0.8125632746084135,53.76910473141694,-0.8604110866485712,9.15652719803584,-0.01912858174625246,0.40370840719936996,-0.001441,0.8536125133658967,0.0078843,0,1.0
778,0.02171099538555743,0.04484923291702995,0.0015493,1.2158541232221989,2.735354949826481,14.693344366740268,1.01338506043586,7.236216427149353,0.32696719194081925,-21.208460087402585,-0.8125632746084135,19.89048831856326,-0.8604110866485712,-4.334784243351183,-0.01912858174625246,0.5456558645078458,-0.001441,0.6447182127616184,0.0078843,0,1.0
779,0.27929560425697586,0.04227813031281181,0.0015493,1.2158541232221989,2.735354949826481,6.055760674949873,1.01338506043586,25.2048654678645,0.32696719194081925,-99.49098511256128,-0.8125632746084135,53.03271371209672,-0.8604110866485712,33.46405741862178,-0.01912858174625246,0.35941816875034927,-0.001441,1.6095895577259205,0.0078843,0,1.0
780,0.026910613438619668,0.025026300768945447,0.0015493,1.2158541232221989,2.735354949826481,56.96401047081722,1.01338506043586,27.601956879714866,0.32696719194081925,-45.8660143733483,-0.8125632746084135,-17.95250903770072,-0.8604110866485712,-18.288434196409103,-0.01912858174625246,0.2793185169508905,-0.001441,2.4201903465207506,0.0078843,0,1.0
781,0.0006039840422150666,0.024740504181979053,0.0015493,1.2158541232221989,2.735354949826481,8.53706168894157,1.01338506043586,8.450709777672907,0.32696719194081925,-39.612043740315194,-0.8125632746084135,35.1455451230774,-0.8604110866485712,6.320032179275992,-0.01912858174625246,0.46696403160991085,-0.001441,0.7031884889297622,0.0078843,0,1.0
782,0.015751621385382553,0.03854743742133182,0.0015493,1.2158541232221989,2.735354949826481,2.2987933595821426,1.01338506043586,18.82353519590802,0.32696719194081925,-95.4496039668901,-0.8125632746084135,82.83856642455513,-0.8604110866485712,27.141727815111345,-0.01912858174625246,0.6746078619717673,-0.001441,1.2029119989165602,0.0078843,0,1.0
783,1.2856020172006402,0.5278835635601296,0.0015493,1.2158541232221989,2.735354949826481,10.28586673623848,1.01338506043586,26.279582356100214,0.32696719194081925,-54.23050938487776,-0.8125632746084135,-34.07596241049648,-0.8604110866485712,35.06056847660156,-0.01912858174625246,0.2918714005328624,-0.001441,1.8659072590323267,0.0078843,0,1.0
784,0.17776058439847525,0.04049478506546303,0.0015493,1.2158541232221989,2.735354949826481,-20.748151547450153,1.01338506043586,4.334859539607496,0.32696719194081925,-46.197476645734476,-0.8125632746084135,34.88174506740649,-0.8604110866485712,32.586903871001965,-0.01912858174625246,-0.12259911253978807,-0.001441,0.12013053795304092,0.0078843,1,1.0
785,0.7584576366600184,0.13561859545490884,0.0015493,1.2158541232221989,2.735354949826481,-39.123181112200825,1.01338506043586,4.328511242412818,0.32696719194081925,-55.49800880994799,-0.8125632746084135,31.439244384331094,-0.8604110866485712,57.63128482202097,-0.01912858174625246,-0.06588966158885601,-0.001441,0.06392263300727419,0.0078843,1,1.0
786,0.006036424097638493,0.006491439226164799,0.0015493,1.2158541232221989,2.735354949826481,10.388183500380414,1.01338506043586,15.799049604544047,0.32696719194081925,-63.94107931054492,-0.8125632746084135,40.65391822766683,-0.8604110866485712,14.300129548177992,-0.01912858174625246,0.32339999376288026,-0.001441,1.1039880578473324,0.0078843,0,1.0
787,-0.0002969480149133119,0.2877935753936677,0.0015493,1.2158541232221989,2.735354949826481,39.05451680990218,1.01338506043586,8.777435366655457,0.32696719194081925,-18.15690136117342,-0.8125632746084135,30.244605998529074,-0.8604110866485712,-23.8008673777655,-0.01912858174625246,0.9928565590592862,-0.001441,1.5803411378957986,0.0078843,0,1.0
788,0.0020807860659042277,0.13910023347417658,0.0015493,1.2158541232221989,2.735354949826481,77.17425766008637,1.01338506043586,40.75212747049196,0.32696719194081925,-98.26749788324035,-0.8125632746084135,23.213430408194938,-0.8604110866485712,-15.466420209730984,-0.01912858174625246,0.9259605075930106,-0.001441,3.6338347916958065,0.0078843,0,1.0
789,0.003944732383381888,0.028388249309034892,0.0015493,1.2158541232221989,2.735354949826481,37.45236977351586,1.01338506043586,29.089521251553464,0.32696719194081925,-87.11871925861075,-0.8125632746084135,35.76136697840308,-0.8604110866485712,5.302800685732922,-0.01912858174625246,0.5187495634306432,-0.001441,2.2351539470692696,0.0078843,0,1.0
790,0.013985628929976457,0.023742755505875155,0.0015493,1.2158541232221989,2.735354949826481,50.72403459327735,1.01338506043586,22.746388529632842,0.32696719194081925,-35.10322608919339,-0.8125632746084135,-16.834587990881555,-0.8604110866485712,-18.5552307077789,-0.01912858174625246,0.28495520096591787,-0.001441,2.07449271348834,0.0078843,0,1.0
791,0.08924029748354578,0.06561134923804221,0.0015493,1.2158541232221989,2.735354949826481,68.5172370049405,1.01338506043586,24.920048283842352,0.32696719194081925,-8.61937449848296,-0.8125632746084135,-54.712908188007724,-0.8604110866485712,-37.47176433558022,-0.01912858174625246,0.2844277874379819,-0.001441,2.3385000236215934,0.0078843,0,1.0
792,0.006395322921370905,0.05856150296967174,0.0015493,1.2158541232221989,2.735354949826481,90.48200694056874,1.01338506043586,30.33297266237649,0.32696719194081925,-6.625450689499536,-0.8125632746084135,-72.15696403913684,-0.8604110866485712,-52.111833809338115,-0.01912858174625246,0.2733132327771044,-0.001441,2.9994743202856853,0.0078843,0,1.0
793,0.024090114081923186,0.0028396842683416725,0.0015493,1.2158541232221989,2.735354949826481,3.4372772831308773,1.01338506043586,20.997378718095252,0.32696719194081925,-97.8628029597023,-0.8125632746084135,66.53912035833459,-0.8604110866485712,30.450733000757594,-0.01912858174625246,0.3140498287569775,-0.001441,1.3451359232744609,0.0078843,0,1.0
794,2.0665940675280274,1.4457461927150055,0.0015493,1.2158541232221989,2.735354949826481,-55.88649736637218,1.01338506043586,17.732721037088705,0.32696719194081925,-66.90485609000956,-0.8125632746084135,-40.229807010447495,-0.8604110866485712,98.88059680477444,-0.01912858174625246,-0.6510518945102328,-0.001441,0.6875018799152857,0.0078843,1,1.0
795,0.32833034044437487,0.1238026904670794,0.0015493,1.2158541232221989,2.735354949826481,-36.42667734702669,1.01338506043586,0.9229076794239902,0.32696719194081925,-60.13319325659706,-0.8125632746084135,62.48577271899535,-0.8604110866485712,48.567343463010914,-0.01912858174625246,-0.1775959194940488,-0.001441,0.1768692323917126,0.0078843,1,1.0
796,0.0015589009313821123,0.012441257916781674,0.0015493,1.2158541232221989,2.735354949826481,52.01825314508158,1.01338506043586,32.301174462468886,0.32696719194081925,-77.55222886065633,-0.8125632746084135,7.13364280858065,-0.8604110866485712,-4.720689273743136,-0.01912858174625246,0.2887623836284028,-0.001441,2.652872289198198,0.0078843,0,1.0
797,0.005563110478679967,0.02931871780172103,0.0015493,1.2158541232221989,2.735354949826481,76.95707776735622,1.01338506043586,34.42420815885646,0.32696719194081925,-50.06436421378265,-0.8125632746084135,-33.265095888178124,-0.8604110866485712,-28.54171658429289,-0.01912858174625246,0.2733254634308804,-0.001441,3.1316447583073765,0.0078843,0,1.0
798,0.001378626870256472,0.031030490033232987,0.0015493,1.2158541232221989,2.735354949826481,84.10429061120595,1.01338506043586,38.80876861441761,0.32696719194081925,-58.74302752298085,-0.8125632746084135,-34.77357341757001,-0.8604110866485712,-29.918354321910503,-0.01912858174625246,0.2838564556832097,-0.001441,3.466810925647531,0.0078843,0,1.0
799,0.0011143637055548439,0.005244427541637712,0.0015493,1.2158541232221989,2.735354949826481,17.206252568404544,1.01338506043586,22.310744182617196,0.32696719194081925,-83.49682553631284,-0.8125632746084135,45.73131519764835,-0.8604110866485712,17.01621347995857,-0.01912858174625246,0.3249629663299548,-0.001441,1.5767148279208376,0.0078843,0,1.0
800,0.12651884271534036,0.007069382762303364,0.0015493,2.387138367997413,2.9709305229720875,-60.02003245419331,1.01338506043586,2.6611016261968232,0.32696719194081925,-70.84575727243097,-0.8125632746084135,68.37833715912825,-0.8604110866485712,62.69134673877067,-0.01912858174625246,-0.04066887177137507,-0.001441,0.04065277995280642,0.0078843,1,1.0
801,-7.059958056832016e-06,0.15001379071419024,0.0015493,2.387138367997413,2.9709305229720875,43.03248444753839,1.01338506043586,3.941763858537134,0.32696719194081925,-14.073844431262135,-0.8125632746084135,6.1340537919457745,-0.8604110866485712,-13.828803108358782,-0.01912858174625246,0.15450179209523507,-0.001441,0.29732543714537724,0.0078843,0,1.0
802,0.017922276797952275,0.08337290867446039,0.0015493,2.387138367997413,2.9709305229720875,-73.64220907872048,1.01338506043586,-5.109452182139821,0.32696719194081925,-24.12254209665257,-0.8125632746084135,68.658386816863,-0.8604110866485712,39.91493885857568,-0.01912858174625246,-0.18941123596195886,-0.001441,0.19789093648015055,0.0078843,1,1.0
803,0.0012061740785346275,0.12743896678541647,0.0015493,2.387138367997413,2.9709305229720875,44.06754236065541,1.01338506043586,7.178490987809774,0.32696719194081925,-33.2263234023825,-0.8125632746084135,9.027292576428703,-0.8604110866485712,-4.819879671720168,-0.01912858174625246,0.17708958354657964,-0.001441,0.22517074675430074,0.0078843,0,1.0
804,0.03315459922578623,0.12472489792984051,0.0015493,2.387138367997413,2.9709305229720875,-1.357295509044505,1.01338506043586,9.37576647953949,0.32696719194081925,-89.76418040621068,-0.8125632746084135,59.08830118563553,-0.8604110866485712,43.86179441251299,-0.01912858174625246,0.036934322720812277,-0.001441,0.24647858397942352,0.0078843,0,1.0
805,0.6218174229523797,0.20167306621440556,0.0015493,2.387138367997413,2.9709305229720875,-96.86171207554527,1.01338506043586,-5.642120421537025,0.32696719194081925,-2.8262019877496285,-0.8125632746084135,24.396528578883306,-0.8604110866485712,58.23356642231314,-0.01912858174625246,-0.21702205989581905,-0.001441,0.21700350414740102,0.0078843,1,1.0
806,1.2892125725034789,0.33996576803209066,0.0015493,2.387138367997413,2.9709305229720875,-99.49522353828212,1.01338506043586,-0.6735585525751935,0.32696719194081925,-12.960251129576337,-0.8125632746084135,-26.169347793333422,-0.8604110866485712,88.61884465185092,-0.01912858174625246,-0.06427937391938023,-0.001441,0.0627170008125439,0.0078843,1,1.0
807,0.036442148251366824,0.08574773919324132,0.0015493,2.387138367997413,2.9709305229720875,12.408547998751578,1.01338506043586,7.793883906455028,0.32696719194081925,-49.706355702695326,-0.8125632746084135,9.953467943195168,-0.8604110866485712,21.072583261212195,-0.01912858174625246,-0.1741401751453049,-0.001441,0.1969503421718043,0.0078843,1,1.0
808,0.5475014870322543,0.2446983068359805,0.0015493,2.387138367997413,2.9709305229720875,30.642315818083848,1.01338506043586,12.743821803199003,0.32696719194081925,-51.434963954608584,-0.8125632746084135,-38.5360524869624,-0.8604110866485712,31.82625479980356,-0.01912858174625246,-0.2061774929963483,-0.001441,0.35365735916472435,0.0078843,1,1.0
809,0.5992516780882875,0.11902460906132657,0.0015493,2.387138367997413,2.9709305229720875,-42.434999855212006,1.01338506043586,10.46066445073725,0.32696719194081925,-87.14105533431186,-0.8125632746084135,19.50392612805183,-0.8604110866485712,79.86358096449959,-0.01912858174625246,-0.22824633770969613,-0.001441,0.228071114989395,0.0078843,1,1.0
810,0.441078670646737,0.03949612267868174,0.0015493,2.387138367997413,2.9709305229720875,-30.073194867563714,1.01338506043586,0.27002498560331895,0.32696719194081925,-2.3415205149662484,-0.8125632746084135,-13.525966481321616,-0.8604110866485712,27.262517902003623,-0.01912858174625246,-0.018472999724376875,-0.001441,0.01775004789297025,0.0078843,1,1.0
811,0.4876596484876828,0.034773987861838565,0.0015493,2.387138367997413,2.9709305229720875,-45.43929134584054,1.01338506043586,3.2816613296031045,0.32696719194081925,-38.46260689475855,-0.8125632746084135,10.52281230225879,-0.8604110866485712,52.805528571934396,-0.01912858174625246,-0.056229688053479894,-0.001441,0.05536221275769904,0.0078843,1,1.0
812,0.7332384271744086,0.1204098688502396,0.0015493,2.387138367997413,2.9709305229720875,-80.93307263347587,1.01338506043586,-1.566847785185111,0.32696719194081925,-25.961497442567214,-0.8125632746084135,13.913819980226721,-0.8604110866485712,70.05194378691165,-0.01912858174625246,-0.07270365354566649,-0.001441,0.07256103919425985,0.0078843,1,1.0
813,0.303485736267447,0.14557847539715185,0.0015493,2.387138367997413,2.9709305229720875,-93.73274852999711,1.01338506043586,-7.032016347229242,0.32696719194081925,-15.13604319265528,-0.8125632746084135,56.33073332747117,-0.8604110866485712,53.94935761369893,-0.01912858174625246,-0.22736756817302206,-0.001441,0.22675450743846604,0.0078843,1,1.0
814,0.35545585581275346,0.018210645573677183,0.0015493,2.387138367997413,2.9709305229720875,-54.4269073894983,1.01338506043586,1.9695271333089823,0.32696719194081925,-42.35586242821139,-0.8125632746084135,30.735545563346037,-0.8604110866485712,53.27189279692327,-0.01912858174625246,-0.04494447175961818,-0.001441,0.044410508824680055,0.0078843,1,1.0
815,0.23353370092332337,0.039486954105977586,0.0015493,2.387138367997413,2.9709305229720875,23.241928134626825,1.01338506043586,4.043223702904514,0.32696719194081925,-0.38411884971428434,-0.8125632746084135,-38.28830067436882,-0.8604110866485712,0.006814205857766931,-0.01912858174625246,-0.12806516806700993,-0.001441,0.13036015058027614,0.0078843,1,1.0
816,0.14721347205409638,0.018134255425639408,0.0015493,2.387138367997413,2.9709305229720875,-53.17966656151161,1.01338506043586,-1.6434197512469357,0.32696719194081925,-29.668647542673,-0.8125632746084135,43.35997187001007,-0.8604110866485712,40.4580482730084,-0.01912858174625246,-0.07200471559943802,-0.001441,0.07120079550637229,0.0078843,1,1.0
817,0.31354866988313124,0.11105239110866262,0.0015493,2.387138367997413,2.9709305229720875,-5.267173704017626,1.01338506043586,9.26325822535794,0.32696719194081925,-65.92690517587758,-0.8125632746084135,9.17145302623238,-0.8604110866485712,45.85502027704757,-0.01912858174625246,-0.1909437828117545,-0.001441,0.23284166911048143,0.0078843,1,1.0
818,0.21374139610489218,0.07778760313662705,0.0015493,2.387138367997413,2.9709305229720875,98.27514764097697,1.01338506043586,18.00541764568394,0.32696719194081925,-86.35055018699953,-0.8125632746084135,15.916736506701106,-0.8604110866485712,2.1942605931201404,-0.01912858174625246,0.4400703011222108,-0.001441,0.5646288568478556,0.0078843,0,1.0
819,0.001490372497138237,0.028931609174705036,0.0015493,2.387138367997413,2.9709305229720875,87.60601341588878,1.01338506043586,16.677138129084128,0.32696719194081925,-99.9403906554761,-0.8125632746084135,49.24261674259336,-0.8604110866485712,6.180407943172465,-0.01912858174625246,0.477798429260764,-0.001441,0.5261094516403855,0.0078843,0,1.0
820,0.00023032101028852558,0.061927445934765527,0.0015493,2.387138367997413,2.9709305229720875,65.85152878386008,1.01338506043586,12.575082160686703,0.32696719194081925,-84.25430096231703,-0.8125632746084135,64.25988826402536,-0.8604110866485712,4.5055322729969625,-0.01912858174625246,0.39434312040600794,-0.001441,0.6774492521886195,0.0078843,0,1.0
821,0.7742505668016065,0.10473739847766421,0.0015493,2.387138367997413,2.9709305229720875,-57.73232759544178,1.01338506043586,1.297130112109333,0.32696719194081925,-21.969500572164282,-0.8125632746084135,-10.768522726098277,-0.8604110866485712,60.044416189805865,-0.01912858174625246,-0.016760783712946797,-0.001441,0.01603311181308632,0.0078843,1,1.0
822,0.009136924243997313,0.04735038708168834,0.0015493,2.387138367997413,2.9709305229720875,14.287907346421033,1.01338506043586,3.0994371816645563,0.32696719194081925,-8.801983166154812,-0.8125632746084135,-3.0377957768093653,-0.8604110866485712,-2.976048177823396,-0.01912858174625246,-0.005726303670867072,-0.001441,0.09287223642524739,0.0078843,1,1.0
823,0.7413583597038256,0.12110642504507307,0.0015493,2.387138367997413,2.9709305229720875,-7.63421475735331,1.01338506043586,5.73300385928601,0.32696719194081925,-11.286597174992146,-0.8125632746084135,-53.249288973935045,-0.8604110866485712,34.20862052974144,-0.01912858174625246,-0.14831518407177258,-0.001441,0.14958658423361493,0.0078843,1,1.0
824,0.10658298034995983,0.07046558517190861,0.0015493,2.387138367997413,2.9709305229720875,52.983404326910204,1.01338506043586,12.977465486027405,0.32696719194081925,-97.99304655174576,-0.8125632746084135,69.12585972582511,-0.8604110866485712,21.823431159120855,-0.01912858174625246,0.41673870376713945,-0.001441,0.6097925260214809,0.0078843,0,1.0
825,0.28075348364309427,0.11310735067361603,0.0015493,2.387138367997413,2.9709305229720875,98.07751851421644,1.01338506043586,15.99388098157239,0.32696719194081925,-65.5354065373218,-0.8125632746084135,1.823067797400625,-0.8604110866485712,-6.258111355715253,-0.01912858174625246,0.5009419061567856,-0.001441,0.5148658511348833,0.0078843,0,1.0
826,0.08969504773095338,0.004207932056212814,0.0015493,2.387138367997413,2.9709305229720875,-29.495244324341375,1.01338506043586,1.6769713911176463,0.32696719194081925,-38.87133054627439,-0.8125632746084135,33.425193391502575,-0.8604110866485712,34.35412266799544,-0.01912858174625246,-0.028055251645899285,-0.001441,0.027704060489097963,0.0078843,1,1.0
827,0.7242639888871153,0.08007473672093829,0.0015493,2.387138367997413,2.9709305229720875,-68.42640239929696,1.01338506043586,6.723342510403267,0.32696719194081925,-76.51464610870724,-0.8125632746084135,25.52481182601775,-0.8604110866485712,89.21709734824809,-0.01912858174625246,-0.1272029900136752,-0.001441,0.12715774171120553,0.0078843,1,1.0
828,0.28601648072189145,0.06596138276806121,0.0015493,2.387138367997413,2.9709305229720875,-33.86885741648646,1.01338506043586,7.9889512828895,0.32696719194081925,-82.11664240858656,-0.8125632746084135,38.537904954529445,-0.8604110866485712,64.32646711941636,-0.01912858174625246,-0.17886163467089408,-0.001441,0.17869026594877843,0.0078843,1,1.0
829,0.3944013740403016,0.057863946271980576,0.0015493,2.387138367997413,2.9709305229720875,-73.3379196872098,1.01338506043586,-2.4719609296008387,0.32696719194081925,-26.40266379818199,-0.8125632746084135,36.58030515879746,-0.8604110866485712,54.72871903676628,-0.01912858174625246,-0.10522600698857316,-0.001441,0.10494419252549543,0.0078843,1,1.0
830,0.16906453102345362,0.009985669934032384,0.0015493,2.387138367997413,2.9709305229720875,-66.51881198014297,1.01338506043586,2.536125295715066,0.32696719194081925,-77.50379961170758,-0.8125632746084135,73.57284006786305,-0.8604110866485712,70.80001857480792,-0.01912858174625246,-0.028380610583446916,-0.001441,0.028584965662177317,0.0078843,1,1.0
831,0.6763987210561966,0.27790704694388624,0.0015493,2.387138367997413,2.9709305229720875,98.26716204129195,1.01338506043586,20.09485633735318,0.32696719194081925,-77.60346145364721,-0.8125632746084135,-33.08905906951902,-0.8604110866485712,15.546483380208787,-0.01912858174625246,0.2909683694400878,-0.001441,0.6381540121025888,0.0078843,0,1.0
832,1.2405884779268654,0.2907869703183196,0.0015493,2.387138367997413,2.9709305229720875,-67.45790107389591,1.01338506043586,5.773980669089866,0.32696719194081925,-21.593299915361357,-0.8125632746084135,-47.252096982624884,-0.8604110866485712,75.74893533330284,-0.01912858174625246,-0.12201497842336453,-0.001441,0.11823758208022819,0.0078843,1,1.0
833,0.4379371612235389,0.07030810378639596,0.0015493,2.387138367997413,2.9709305229720875,-8.004718915882975,1.01338506043586,6.922823909937174,0.32696719194081925,-38.56691765884494,-0.8125632746084135,-14.730485259156776,-0.8604110866485712,37.501481941065656,-0.01912858174625246,-0.16811241348193404,-0.001441,0.1697784350038056,0.0078843,1,1.0
834,0.7319980563991815,0.13363719260404675,0.0015493,2.387138367997413,2.9709305229720875,-32.8579943394827,1.01338506043586,9.47065177521199,0.32696719194081925,-62.78123603335216,-0.8125632746084135,-10.01040456300417,-0.8604110866485712,68.57536847506557,-0.01912858174625246,-0.20839033543986948,-0.001441,0.21263598124517033,0.0078843,1,1.0
835,0.20551313079011158,0.17715148330856706,0.0015493,2.387138367997413,2.9709305229720875,53.644400635374595,1.01338506043586,10.799546589786855,0.32696719194081925,-24.644581575629708,-0.8125632746084135,-46.64851618121898,-0.8604110866485712,-2.256128965629183,-0.01912858174625246,-0.23736613079097102,-0.001441,0.29754185764298213,0.0078843,1,1.0
836,0.26401469016759077,0.014046630983231799,0.0015493,2.387138367997413,2.9709305229720875,-68.04138804389211,1.01338506043586,3.7355263464308073,0.32696719194081925,-82.2273643198418,-0.8125632746084135,68.42822166582486,-0.8604110866485712,76.8234783889995,-0.01912858174625246,-0.05568392832503555,-0.001441,0.055958196572132024,0.0078843,1,1.0
837,0.20295053561963178,0.05031112411806186,0.0015493,2.387138367997413,2.9709305229720875,-9.025270836955142,1.01338506043586,6.835032261740889,0.32696719194081925,-46.87391795950705,-0.8125632746084135,9.524109976012229,-0.8604110866485712,32.677281174821736,-0.01912858174625246,-0.1475493567292505,-0.001441,0.15475671608156727,0.0078843,1,1.0
838,0.010085172005600662,0.15337221305916937,0.0015493,2.387138367997413,2.9709305229720875,95.87879209758891,1.01338506043586,9.179620410948724,0.32696719194081925,-33.35668079012125,-0.8125632746084135,29.670151718822762,-0.8604110866485712,-34.45996535539116,-0.01912858174625246,0.3422930220733139,-0.001441,0.9010446518150715,0.0078843,0,1.0
839,0.8521873397470109,0.15681139524224452,0.0015493,2.387138367997413,2.9709305229720875,-34.93420689019449,1.01338506043586,9.237156320753206,0.32696719194081925,-53.91346263627369,-0.8125632746084135,-22.999570306850014,-0.8604110866485712,68.64989079734791,-0.01912858174625246,-0.19966050270602578,-0.001441,0.20380072049957124,0.0078843,1,1.0
840,0.029772718842666634,0.11197542894972222,0.0015493,2.387138367997413,2.9709305229720875,99.94726189233185,1.01338506043586,12.304592284764897,0.32696719194081925,-41.272038343549895,-0.8125632746084135,-2.120651873347882,-0.8604110866485712,-25.52468869445181,-0.01912858174625246,0.4063291953242409,-0.001441,0.42678792803514604,0.0078843,0,1.0
841,0.5486791265150772,0.28006202049021817,0.0015493,2.387138367997413,2.9709305229720875,78.76568036549502,1.01338506043586,16.241040572999655,0.32696719194081925,-58.48287059643049,-0.8125632746084135,-36.09765485305539,-0.8604110866485712,11.882009255825215,-0.01912858174625246,0.13981751078518181,-0.001441,0.5082038183282511,0.0078843,0,1.0
842,0.0057043940451851904,0.11609953360138145,0.0015493,2.387138367997413,2.9709305229720875,33.635854491959485,1.01338506043586,7.45338738439618,0.32696719194081925,-43.04214547090066,-0.8125632746084135,7.0974748807285835,-0.8604110866485712,7.995751872727639,-0.01912858174625246,-0.034924489047067964,-0.001441,0.2333625998762176,0.0078843,1,1.0
843,0.0068593914135127165,0.07373848514903737,0.0015493,2.387138367997413,2.9709305229720875,49.54807132021369,1.01338506043586,4.9392798441095165,0.32696719194081925,-0.5402821976822945,-0.8125632746084135,-33.74628226613512,-0.8604110866485712,-18.347146944081747,-0.01912858174625246,-0.09606065887387938,-0.001441,0.1752608126570937,0.0078843,1,1.0
844,0.3177349390545783,0.18165849281486,0.0015493,2.387138367997413,2.9709305229720875,11.43154722958347,1.01338506043586,12.822656252220074,0.32696719194081925,-85.60022315486457,-0.8125632746084135,22.961742105919722,-0.8604110866485712,45.54064945874095,-0.01912858174625246,-0.030386043484662423,-0.001441,0.3352055322414921,0.0078843,1,1.0
845,0.1540613596814095,0.006958353421511233,0.0015493,2.387138367997413,2.9709305229720875,-57.71661016278617,1.01338506043586,2.8048499824060293,0.32696719194081925,-67.55863873876741,-0.8125632746084135,62.619615382018175,-0.8604110866485712,60.95720792926846,-0.01912858174625246,-0.04406228316546381,-0.001441,0.04486393212343905,0.0078843,1,1.0
846,0.0020913213551927434,0.26795198443651874,0.0015493,2.387138367997413,2.9709305229720875,93.14841618968117,1.01338506043586,6.137580156513144,0.32696719194081925,-34.711899823510535,-0.8125632746084135,58.73021891871765,-0.8604110866485712,-34.666414363874665,-0.01912858174625246,0.30888934299725707,-0.001441,1.2484389170711103,0.0078843,0,1.0
847,0.008961123078227828,0.11318662131721817,0.0015493,2.387138367997413,2.9709305229720875,54.08114238527142,1.01338506043586,11.091400181235347,0.32696719194081925,-73.17754908349102,-0.8125632746084135,49.06352233694162,-0.8604110866485712,6.961363017101978,-0.01912858174625246,0.34153040201874396,-0.001441,0.4746207061551073,0.0078843,0,1.0
848,-0.00018014878037739268,0.4323276928452923,0.0015493,2.387138367997413,2.9709305229720875,9.772363536044493,1.01338506043586,1.9063368925795738,0.32696719194081925,-50.0025359180983,-0.8125632746084135,91.13303476595595,-0.8604110866485712,9.571959901195104,-0.01912858174625246,0.10324787993223361,-0.001441,0.915208255959093,0.0078843,0,1.0
849,0.0023677682263880673,0.05122839414775463,0.0015493,2.387138367997413,2.9709305229720875,79.09490556919951,1.01338506043586,13.667153848063421,0.32696719194081925,-80.17445771260597,-0.8125632746084135,47.23334907739149,-0.8604110866485712,-1.2738635685285884,-0.01912858174625246,0.43632791427245815,-0.001441,0.5727077844132606,0.0078843,0,1.0
850,0.8651681882896949,0.12427751906585315,0.0015493,2.387138367997413,2.9709305229720875,-58.26850465727937,1.01338506043586,4.786671273719045,0.32696719194081925,-46.40511623275501,-0.8125632746084135,-7.660506090154467,-0.8604110866485712,75.88182676100989,-0.01912858174625246,-0.10197719369326246,-0.001441,0.09859679696698857,0.0078843,1,1.0
851,-0.00010977956101687614,0.12213592615171034,0.0015493,2.387138367997413,2.9709305229720875,61.48566975366843,1.01338506043586,6.995678907638958,0.32696719194081925,-13.636736178604751,-0.8125632746084135,-23.750650550793765,-0.8604110866485712,-18.670276788623244,-0.01912858174625246,0.015833911588343394,-0.001441,0.2403669961298503,0.0078843,0,1.0
852,0.045660620163028465,0.022095440099333945,0.0015493,2.387138367997413,2.9709305229720875,18.436063462662755,1.01338506043586,3.871411124144031,0.32696719194081925,-7.34724178210531,-0.8125632746084135,-16.4618592421658,-0.8604110866485712,-2.5807798117801473,-0.01912858174625246,-0.09923261052534808,-0.001441,0.09913628109553395,0.0078843,1,1.0
853,0.36432111907753584,0.06334016571390244,0.0015493,2.387138367997413,2.9709305229720875,-23.471484312953823,1.01338506043586,7.376893172915322,0.32696719194081925,-62.54101337333517,-0.8125632746084135,14.927687838215721,-0.8604110866485712,53.14886338926969,-0.01912858174625246,-0.16939938109711017,-0.001441,0.17180817317394126,0.0078843,1,1.0
854,0.10168056868840697,0.012583735391444948,0.0015493,2.387138367997413,2.9709305229720875,-38.571560604763064,1.01338506043586,3.771762624792646,0.32696719194081925,-61.21055659817497,-0.8125632746084135,49.09885435057411,-0.8604110866485712,48.85708243976761,-0.01912858174625246,-0.06832667387933684,-0.001441,0.06974974167938876,0.0078843,1,1.0
855,0.0032665506248577003,0.13426091698560322,0.0015493,2.387138367997413,2.9709305229720875,96.17939340070147,1.01338506043586,9.448031869048172,0.32696719194081925,-22.752655049555074,-0.8125632746084135,-3.7542056635658962,-0.8604110866485712,-34.728002556371784,-0.01912858174625246,0.3407781181372691,-0.001441,0.5088083553863083,0.0078843,0,1.0
856,0.04652239951942683,0.1307299810051585,0.0015493,2.387138367997413,2.9709305229720875,28.282519619245612,1.01338506043586,11.543055494402525,0.32696719194081925,-89.85888942018606,-0.8125632746084135,58.45979192197826,-0.8604110866485712,28.68312738470718,-0.01912858174625246,0.2663161052854944,-0.001441,0.34692748937518186,0.0078843,0,1.0
857,0.0071194834278691665,0.0799093456454372,0.0015493,2.387138367997413,2.9709305229720875,43.60215762753695,1.01338506043586,11.490399753430506,0.32696719194081925,-98.9945842078785,-0.8125632746084135,88.45589218978904,-0.8604110866485712,21.255744864662336,-0.01912858174625246,0.3630991860285752,-0.001441,0.7062095555689296,0.0078843,0,1.0
858,0.5108181395401397,0.2667362214402917,0.0015493,2.387138367997413,2.9709305229720875,67.35619671979742,1.01338506043586,16.946191608468258,0.32696719194081925,-67.70507808841904,-0.8125632746084135,-23.541909619201938,-0.8604110866485712,18.245831300362156,-0.01912858174625246,0.12444779474822279,-0.001441,0.490148004778052,0.0078843,0,1.0
859,0.0010728592878203047,0.13079988042647572,0.0015493,2.387138367997413,2.9709305229720875,33.01855372146595,1.01338506043586,8.956024731772557,0.32696719194081925,-67.30851696154808,-0.8125632746084135,43.70404075149252,-0.8604110866485712,15.61044292157896,-0.01912858174625246,0.26305539252384635,-0.001441,0.2748650038957414,0.0078843,0,1.0
860,0.10662914247224342,0.060461672497187084,0.0015493,2.387138367997413,2.9709305229720875,66.85273175308782,1.01338506043586,14.135474744075728,0.32696719194081925,-94.93127792778002,-0.8125632746084135,56.33779067221863,-0.8604110866485712,15.252502408741591,-0.01912858174625246,0.4557399671718507,-0.001441,0.5659792806075872,0.0078843,0,1.0
861,0.8434970031287455,0.4300926352864428,0.0015493,2.387138367997413,2.9709305229720875,32.04782294472119,1.01338506043586,18.035469932174678,0.32696719194081925,-71.91676512374967,-0.8125632746084135,-53.91461697646468,-0.8604110866485712,49.932493394149915,-0.01912858174625246,-0.27721354499067014,-0.001441,0.4738288380992813,0.0078843,1,1.0
862,0.14163481146582768,0.13107215683788492,0.0015493,2.387138367997413,2.9709305229720875,42.309180786854675,1.01338506043586,12.504681192433667,0.32696719194081925,-85.45983096770213,-0.8125632746084135,45.20066753163965,-0.8604110866485712,23.6513248125394,-0.01912858174625246,0.337539232318458,-0.001441,0.38004961226102935,0.0078843,0,1.0
863,0.3810081541619428,0.13393298243093704,0.0015493,2.387138367997413,2.9709305229720875,64.93450728782531,1.01338506043586,16.58444270994869,0.32696719194081925,-93.50458937558324,-0.8125632746084135,26.663684720771535,-0.8604110866485712,24.85629456585711,-0.01912858174625246,0.4361445269312107,-0.001441,0.5059512381345472,0.0078843,0,1.0
864,0.3057707522543669,0.1361989614964738,0.0015493,2.387138367997413,2.9709305229720875,73.56228721843618,1.01338506043586,14.077795182483698,0.32696719194081925,-75.77389160016416,-0.8125632746084135,18.254073970545633,-0.8604110866485712,11.85558460326983,-0.01912858174625246,0.4130656115770213,-0.001441,0.5081367864774194,0.0078843,0,1.0
865,0.09519218947916519,0.13245723429660775,0.0015493,2.387138367997413,2.9709305229720875,60.40187879335039,1.01338506043586,12.989921840692238,0.32696719194081925,-72.30326934880384,-0.8125632746084135,27.531784585800924,-0.8604110866485712,8.265185572757792,-0.01912858174625246,0.3084393280532258,-0.001441,0.3967595791519334,0.0078843,0,1.0
866,0.0007780492609120657,0.05065016702669807,0.0015493,2.387138367997413,2.9709305229720875,6.406745491482495,1.01338506043586,0.5440017789925105,0.32696719194081925,-5.821414367764446,-0.8125632746084135,5.932316316207235,-0.8604110866485712,-0.12319680157639026,-0.01912858174625246,0.025387600692310792,-0.001441,0.08184948855569732,0.0078843,0,1.0
867,0.002703001281007422,0.07943728965488507,0.0015493,2.387138367997413,2.9709305229720875,99.98720420710562,1.01338506043586,11.591441673213053,0.32696719194081925,-45.394699896396936,-0.8125632746084135,19.13398104199199,-0.8604110866485712,-27.367399666218876,-0.01912858174625246,0.40505075711350114,-0.001441,0.6573153649021235,0.0078843,0,1.0
868,0.0027768980310252656,0.03389328985535703,0.0015493,2.387138367997413,2.9709305229720875,33.1502962523429,1.01338506043586,3.7776890129346596,0.32696719194081925,-0.11730321212372075,-0.8125632746084135,-25.532771491869177,-0.8604110866485712,-12.657425455712401,-0.01912858174625246,-0.09626685518134855,-0.001441,0.11626346630214059,0.0078843,1,1.0
869,0.03985653109637277,0.0755034587728165,0.0015493,2.387138367997413,2.9709305229720875,87.42772936476132,1.01338506043586,11.562278327338733,0.32696719194081925,-60.610073619350274,-0.8125632746084135,32.523921798080714,-0.8604110866485712,-12.116752055468964,-0.01912858174625246,0.40836407080121523,-0.001441,0.6363688891548035,0.0078843,0,1.0
870,0.08431983733775439,0.05685633852259744,0.0015493,2.387138367997413,2.9709305229720875,38.88305321431874,1.01338506043586,5.416640283562681,0.32696719194081925,-4.041593014198956,-0.8125632746084135,-36.260874699755014,-0.8604110866485712,-9.645882764792612,-0.01912858174625246,-0.15715173102099164,-0.001441,0.1650276503807245,0.0078843,1,1.0
871,0.033925069108580175,0.06715748137355115,0.0015493,2.387138367997413,2.9709305229720875,99.4565608431391,1.01338506043586,12.294950687695996,0.32696719194081925,-60.51042893335038,-0.8125632746084135,24.281907459052213,-0.8604110866485712,-15.943376102460933,-0.01912858174625246,0.42703549441886773,-0.001441,0.6197056448251304,0.0078843,0,1.0
872,0.09996946312511978,0.060132233515775735,0.0015493,2.387138367997413,2.9709305229720875,-42.05295507334697,1.01338506043586,7.395022492686788,0.32696719194081925,-95.28545236073415,-0.8125632746084135,68.13532609863321,-0.8604110866485712,67.17159533909762,-0.01912858174625246,-0.1388829165765225,-0.001441,0.15558681730080334,0.0078843,1,1.0
873,0.05223839538209485,0.1355630028462658,0.0015493,2.387138367997413,2.9709305229720875,46.819061324190876,1.01338506043586,11.101533787936079,0.32696719194081925,-69.63836887613729,-0.8125632746084135,32.710709963070855,-0.8604110866485712,12.44534876897128,-0.01912858174625246,0.25264812524428715,-0.001441,0.3361724590441606,0.0078843,0,1.0
874,0.1962647101442031,0.025945137848060806,0.0015493,2.387138367997413,2.9709305229720875,-55.454842923531174,1.01338506043586,5.747499566002693,0.32696719194081925,-86.15125705592104,-0.8125632746084135,64.9838178426919,-0.8604110866485712,70.756024813422,-0.01912858174625246,-0.10775825009895919,-0.001441,0.10749359686379352,0.0078843,1,1.0
875,0.00039511177676032627,0.07184756879456068,0.0015493,2.387138367997413,2.9709305229720875,9.912398933942853,1.01338506043586,5.677631604731509,0.32696719194081925,-45.90359570858032,-0.8125632746084135,18.709235530036054,-0.8604110866485712,19.640431692534982,-0.01912858174625246,-0.08953761696325835,-0.001441,0.16562581116923247,0.0078843,1,1.0
876,0.012775610489938805,0.11175169411205002,0.0015493,2.387138367997413,2.9709305229720875,53.2198997538871,1.01338506043586,10.385561678670584,0.32696719194081925,-75.80687473469379,-0.8125632746084135,52.65562343487688,-0.8604110866485712,10.157845957327332,-0.01912858174625246,0.3450398829786653,-0.001441,0.4810849291171301,0.0078843,0,1.0
877,0.0006905609094092213,0.037365408921406607,0.0015493,2.387138367997413,2.9709305229720875,98.25731930683996,1.01338506043586,15.195992118688043,0.32696719194081925,-80.68698695695504,-0.8125632746084135,32.74475484204363,-0.8604110866485712,-6.949362568386316,-0.01912858174625246,0.4726336080554751,-0.001441,0.5301274759028487,0.0078843,0,1.0
878,0.39523303368258045,0.029678128488148,0.0015493,2.387138367997413,2.9709305229720875,-49.66805462404505,1.01338506043586,5.040439149484791,0.32696719194081925,-66.24391385321111,-0.8125632746084135,34.995223550475274,-0.8604110866485712,65.97638778963572,-0.01912858174625246,-0.09560822637579636,-0.001441,0.09751514290340357,0.0078843,1,1.0
879,0.1734395030239625,0.07331748569515147,0.0015493,2.387138367997413,2.9709305229720875,-18.068943217441785,1.01338506043586,6.676092099028825,0.32696719194081925,-70.89271225317054,-0.8125632746084135,32.23728946753635,-0.8604110866485712,50.39667422533493,-0.01912858174625246,-0.17861076116986266,-0.001441,0.1808821948445775,0.0078843,1,1.0
880,0.2656217750161721,0.09877746192345985,0.0015493,2.387138367997413,2.9709305229720875,-13.71837704560451,1.01338506043586,9.545045155256345,0.32696719194081925,-72.5081588869138,-0.8125632746084135,20.44421946671147,-0.8604110866485712,49.79709539310231,-0.01912858174625246,-0.19986973579319384,-0.001441,0.2206935636449146,0.0078843,1,1.0
881,0.0011890510225918138,0.0915854503601198,0.0015493,2.387138367997413,2.9709305229720875,-16.08029776835208,1.01338506043586,6.780721915313282,0.32696719194081925,-78.17664067283594,-0.8125632746084135,62.03574589966868,-0.8604110866485712,42.91567298806894,-0.01912858174625246,0.031652486812341105,-0.001441,0.1695660537342324,0.0078843,0,1.0
882,-0.011194342112672562,0.3410840398383148,0.0015493,2.387138367997413,2.9709305229720875,-99.61667820245832,1.01338506043586,-10.788318283621475,0.32696719194081925,-13.086912499324423,-0.8125632746084135,93.751101659643,-0.8604110866485712,43.67258572584343,-0.01912858174625246,-0.320828124498571,-0.001441,0.3981967024320522,0.0078843,1,1.0
883,0.004598215823795382,0.08350283967226355,0.0015493,2.387138367997413,2.9709305229720875,95.65860296858776,1.01338506043586,11.477270901524834,0.32696719194081925,-47.9944880750043,-0.8125632746084135,19.54053766349493,-0.8604110866485712,-23.24540710413403,-0.01912858174625246,0.40154987766970124,-0.001441,0.6023626611324499,0.0078843,0,1.0
884,0.05854977902502925,0.011863245008624563,0.0015493,2.387138367997413,2.9709305229720875,-64.11484082160567,1.01338506043586,2.5371357685006126,0.32696719194081925,-80.2572510011572,-0.8125632746084135,82.16880017237695,-0.8604110866485712,67.17203909936205,-0.01912858174625246,-0.03198640997037944,-0.001441,0.031943339586861685,0.0078843,1,1.0
885,0.32609929693022766,0.10926182107536705,0.0015493,2.387138367997413,2.9709305229720875,55.13631703417575,1.01338506043586,15.95588819146141,0.32696719194081925,-99.99802515546563,-0.8125632746084135,47.0629351511115,-0.8604110866485712,28.25565397224477,-0.01912858174625246,0.4574656333291623,-0.001441,0.5581530828524632,0.0078843,0,1.0
886,0.1175123674635315,0.04138655882907771,0.0015493,2.387138367997413,2.9709305229720875,26.495314473966577,1.01338506043586,5.013189546994827,0.32696719194081925,-7.095382077747535,-0.8125632746084135,-29.01716808393175,-0.8604110866485712,-2.7989202257084544,-0.01912858174625246,-0.13849242685255095,-0.001441,0.137394722939197,0.0078843,1,1.0
887,0.2888458836181337,0.08427882573679402,0.0015493,2.387138367997413,2.9709305229720875,-18.490649139953412,1.01338506043586,8.81496250650429,0.32696719194081925,-72.10631199123605,-0.8125632746084135,21.38455078772246,-0.8604110866485712,53.05329716486742,-0.01912858174625246,-0.20082950494543955,-0.001441,0.20463463862222792,0.0078843,1,1.0
888,0.8628095820862041,0.19425114662379217,0.0015493,2.387138367997413,2.9709305229720875,-20.233583883450503,1.01338506043586,8.58527656283038,0.32696719194081925,-47.25848209407298,-0.8125632746084135,-35.65731805968761,-0.8604110866485712,62.62797033862002,-0.01912858174625246,-0.22288102746763733,-0.001441,0.23723904992137518,0.0078843,1,1.0
889,0.0006532839326507389,0.04440687604174016,0.0015493,2.387138367997413,2.9709305229720875,99.27726446484543,1.01338506043586,14.461193835847592,0.32696719194081925,-72.48469326718805,-0.8125632746084135,28.825758719939255,-0.8604110866485712,-11.930872395602306,-0.01912858174625246,0.4768221090150364,-0.001441,0.5361546232831631,0.0078843,0,1.0
890,0.03363079952109249,0.15911109109790336,0.0015493,2.387138367997413,2.9709305229720875,90.12759603250149,1.01338506043586,9.797552835840307,0.32696719194081925,-12.765139985897463,-0.8125632746084135,-36.344502517323924,-0.8604110866485712,-31.60926243956473,-0.01912858174625246,0.11791075167199659,-0.001441,0.32847326766549123,0.0078843,0,1.0
891,0.01185489052365507,0.05015959349382608,0.0015493,2.387138367997413,2.9709305229720875,81.57416575824877,1.01338506043586,14.412154223806098,0.32696719194081925,-98.43713856392255,-0.8125632746084135,60.63411805556503,-0.8604110866485712,8.751096914424556,-0.01912858174625246,0.47224514201634665,-0.001441,0.6185891543672233,0.0078843,0,1.0
892,0.004267642144439643,0.1551718171581233,0.0015493,2.387138367997413,2.9709305229720875,9.136882015897712,1.01338506043586,6.619672390307582,0.32696719194081925,-79.5683991641497,-0.8125632746084135,75.84241722573579,-0.8604110866485712,30.945323461041028,-0.01912858174625246,0.2164203659550903,-0.001441,0.41149060159452977,0.0078843,0,1.0
893,0.007209705281905121,0.07042339534943282,0.0015493,2.387138367997413,2.9709305229720875,24.791590379125193,1.01338506043586,6.844555869619553,0.32696719194081925,-28.10767048678327,-0.8125632746084135,-7.956823715282563,-0.8604110866485712,3.8101270066509945,-0.01912858174625246,-0.15680694182484164,-0.001441,0.17468974822003455,0.0078843,1,1.0
894,0.0994750752291832,0.12194643230841253,0.0015493,2.387138367997413,2.9709305229720875,-7.938126019588379,1.01338506043586,9.764570125028293,0.32696719194081925,-88.98829533615314,-0.8125632746084135,50.595825797766274,-0.8604110866485712,48.92670379758863,-0.01912858174625246,-0.05634435857976991,-0.001441,0.24324155021983782,0.0078843,1,1.0
895,0.14514163371168054,0.07418260071866979,0.0015493,2.387138367997413,2.9709305229720875,-57.77182181210483,1.01338506043586,-4.671692222046668,0.32696719194081925,-2.4707697973962026,-0.8125632746084135,34.43712002722534,-0.8604110866485712,26.92609706673759,-0.01912858174625246,-0.17336208508611203,-0.001441,0.17639108734743167,0.0078843,1,1.0
896,0.0386108828347449,0.08146372924523955,0.0015493,2.387138367997413,2.9709305229720875,99.11809069348405,1.01338506043586,11.504191993045687,0.32696719194081925,-49.16787677281544,-0.8125632746084135,16.49850617943101,-0.8604110866485712,-21.832943053402953,-0.01912858174625246,0.4108276330354807,-0.001441,0.6091150336414939,0.0078843,0,1.0
897,0.06725274238052137,0.0550786744982868,0.0015493,2.387138367997413,2.9709305229720875,6.997653830902338,1.01338506043586,5.875356502875017,0.32696719194081925,-41.6541939546128,-0.8125632746084135,7.729965160824481,-0.8604110866485712,21.3869187618416,-0.01912858174625246,-0.15476092956644663,-0.001441,0.16008905575684665,0.0078843,1,1.0
898,0.5480586375433741,0.06038409219687575,0.0015493,2.387138367997413,2.9709305229720875,-71.69180521315468,1.01338506043586,-0.020281073411889554,0.32696719194081925,-35.221061315041474,-0.8125632746084135,25.329074157238107,-0.8604110866485712,63.77565548098884,-0.01912858174625246,-0.04521314873014516,-0.001441,0.041104694295751476,0.0078843,1,1.0
899,0.0053570744826988426,0.36394078276349096,0.0015493,2.387138367997413,2.9709305229720875,-32.35153861055097,1.01338506043586,-4.366702485078735,0.32696719194081925,-27.44096556242702,-0.8125632746084135,74.97005156632785,-0.8604110866485712,23.59567003655089,-0.01912858174625246,-0.07654284085760155,-0.001441,0.537144573990585,0.0078843,1,1.0
900,0.04136621024328768,0.14205266439441952,0.0015493,2.4469845184420502,3.085375171979975,53.2568596052503,1.01338506043586,11.8805542633042,0.32696719194081925,-69.63278769820045,-0.8125632746084135,24.163190471796582,-0.8604110866485712,10.847365783169158,-0.01912858174625246,0.1292813918593234,-0.001441,0.3048100894260968,0.0078843,0,1.0
901,0.85790990534944,0.44465930730682135,0.0015493,2.4469845184420502,3.085375171979975,33.56301480607653,1.01338506043586,21.061692182501798,0.32696719194081925,-94.63290984278757,-0.8125632746084135,-59.44960141894867,-0.8604110866485712,65.76349554212078,-0.01912858174625246,-0.3394416613236896,-0.001441,0.482134575868837,0.0078843,1,1.0
902,0.0032222153762868633,0.06843143982251529,0.0015493,2.4469845184420502,3.085375171979975,-7.241237990538215,1.01338506043586,6.382575125750506,0.32696719194081925,-65.31595978348545,-0.8125632746084135,46.940486199773254,-0.8604110866485712,33.42965064537599,-0.01912858174625246,-0.008649719245955187,-0.001441,0.13811380509672216,0.0078843,1,1.0
903,1.33737745808268,0.2842254732702551,0.0015493,2.4469845184420502,3.085375171979975,-91.80285325589308,1.01338506043586,5.334237017949014,0.32696719194081925,-32.380614927714184,-0.8125632746084135,-47.46178271377552,-0.8604110866485712,99.30416766028122,-0.01912858174625246,-0.0752885097967965,-0.001441,0.07375859783232966,0.0078843,1,1.0
904,0.23996534066069186,0.14182598231831234,0.0015493,2.4469845184420502,3.085375171979975,28.722289895332587,1.01338506043586,11.674411640312238,0.32696719194081925,-54.63058655058117,-0.8125632746084135,-23.727574291978655,-0.8604110866485712,25.88322697101784,-0.01912858174625246,-0.26320585226915527,-0.001441,0.26525978417418805,0.0078843,1,1.0
905,0.04019859594087549,0.014248902451420555,0.0015493,2.4469845184420502,3.085375171979975,-54.54506627836535,1.01338506043586,-1.7809647440891085,0.32696719194081925,-31.467976245895535,-0.8125632746084135,54.93157928523422,-0.8604110866485712,36.95234250846445,-0.01912858174625246,-0.077032195180863,-0.001441,0.07826182131258282,0.0078843,1,1.0
906,0.002409155123459017,0.06630354673399619,0.0015493,2.4469845184420502,3.085375171979975,-16.785183848838685,1.01338506043586,5.487121289754534,0.32696719194081925,-73.4468407902297,-0.8125632746084135,58.77896315205742,-0.8604110866485712,42.65714192755739,-0.01912858174625246,-0.00879161042386277,-0.001441,0.12640842977583666,0.0078843,1,1.0
907,0.7746653397651146,0.21834031337560286,0.0015493,2.4469845184420502,3.085375171979975,-7.069499852212172,1.01338506043586,13.777912896569003,0.32696719194081925,-73.03449579287238,-0.8125632746084135,-38.06581135316631,-0.8604110866485712,68.83976334223972,-0.01912858174625246,-0.2811104944924696,-0.001441,0.3029127953367414,0.0078843,1,1.0
908,0.232454962325637,0.1179286304702567,0.0015493,2.4469845184420502,3.085375171979975,49.68250923310426,1.01338506043586,10.018246599296042,0.32696719194081925,-20.033613212347216,-0.8125632746084135,-54.52149396074773,-0.8604110866485712,-0.25468577346912596,-0.01912858174625246,-0.2169382540720721,-0.001441,0.23735995574326904,0.0078843,1,1.0
909,0.0060593600142337944,0.08996264819714224,0.0015493,2.4469845184420502,3.085375171979975,21.92547319704896,1.01338506043586,8.896326667386944,0.32696719194081925,-53.581634332039584,-0.8125632746084135,8.876531607073579,-0.8604110866485712,17.947623784226305,-0.01912858174625246,-0.15470043766465566,-0.001441,0.19824182617722205,0.0078843,1,1.0
910,0.5754026528006311,0.09217137403838017,0.0015493,2.4469845184420502,3.085375171979975,-45.332795022610476,1.01338506043586,10.459224272156662,0.32696719194081925,-87.71643755738388,-0.8125632746084135,17.5298755255571,-0.8604110866485712,81.81332651095614,-0.01912858174625246,-0.19648414893476127,-0.001441,0.1976348681687143,0.0078843,1,1.0
911,0.2276906871011778,0.04101188263209617,0.0015493,2.4469845184420502,3.085375171979975,-0.27034502279082195,1.01338506043586,6.204010671657509,0.32696719194081925,-39.92100605007509,-0.8125632746084135,-4.428243087552521,-0.8604110866485712,29.36449721976359,-0.01912858174625246,-0.13890176101724483,-0.001441,0.14094584912241126,0.0078843,1,1.0
912,0.058999800028077136,0.00222312553385483,0.0015493,2.4469845184420502,3.085375171979975,-31.1644326169537,1.01338506043586,-0.15151897835325714,0.32696719194081925,-22.84321622216823,-0.8125632746084135,29.82071887622267,-0.8604110866485712,24.95122183810636,-0.01912858174625246,-0.027024052158581096,-0.001441,0.02692000098845083,0.0078843,1,1.0
913,0.45441753411313246,0.06256542141531475,0.0015493,2.4469845184420502,3.085375171979975,13.184045041693853,1.01338506043586,6.109351879492628,0.32696719194081925,-8.241588024992621,-0.8125632746084135,-53.58426666673927,-0.8604110866485712,16.58061961546963,-0.01912858174625246,-0.14260436347673955,-0.001441,0.1427734060424568,0.0078843,1,1.0
914,0.5339278969326189,0.2520930862227279,0.0015493,2.4469845184420502,3.085375171979975,59.6090915673488,1.01338506043586,14.624583860738095,0.32696719194081925,-29.910741486841626,-0.8125632746084135,-87.59307297103487,-0.8604110866485712,12.322042363395111,-0.01912858174625246,-0.3091598570524124,-0.001441,0.3451250049156254,0.0078843,1,1.0
915,1.1155793601669295e-05,0.18323256267819654,0.0015493,2.4469845184420502,3.085375171979975,52.48682801281761,1.01338506043586,3.6990778286744908,0.32696719194081925,-21.655132076027808,-0.8125632746084135,20.0192297998719,-0.8604110866485712,-13.655929954200042,-0.01912858174625246,0.1479361771598952,-0.001441,0.3944998007041894,0.0078843,0,1.0
916,0.12790480815605176,0.061454627659048223,0.0015493,2.4469845184420502,3.085375171979975,-16.872968143664885,1.01338506043586,8.35424149574941,0.32696719194081925,-76.70361649740222,-0.8125632746084135,36.533371066411625,-0.8604110866485712,49.04496374034477,-0.01912858174625246,-0.15157716207251842,-0.001441,0.16790198933439143,0.0078843,1,1.0
917,0.0009902648836312422,0.05301804742002972,0.0015493,2.4469845184420502,3.085375171979975,-13.883582016216657,1.01338506043586,5.133348545363658,0.32696719194081925,-58.38808509733316,-0.8125632746084135,46.56950318883259,-0.8604110866485712,32.44838980736171,-0.01912858174625246,-0.007720315199723292,-0.001441,0.10816942871755966,0.0078843,1,1.0
918,0.31182874707291947,0.018366826764448417,0.0015493,2.4469845184420502,3.085375171979975,-19.918485419994294,1.01338506043586,3.1574660689868064,0.32696719194081925,-26.96225070874403,-0.8125632746084135,-2.667001881488099,-0.8604110866485712,33.30613484165146,-0.01912858174625246,-0.06647845605761302,-0.001441,0.06703191045754461,0.0078843,1,1.0
919,0.002791774708481909,0.1693635954737197,0.0015493,2.4469845184420502,3.085375171979975,94.67331765693494,1.01338506043586,8.228310523947787,0.32696719194081925,-27.661419572072255,-0.8125632746084135,13.857776590712085,-0.8604110866485712,-31.67920738522458,-0.01912858174625246,0.27872403834966797,-0.001441,0.5550728103073234,0.0078843,0,1.0
920,0.10456340031104294,0.006426118375218522,0.0015493,2.4469845184420502,3.085375171979975,-55.45300201793124,1.01338506043586,0.6569763675488711,0.32696719194081925,-48.85587612268631,-0.8125632746084135,57.25074219729187,-0.8604110866485712,48.469162395038886,-0.01912858174625246,-0.032967617193548335,-0.001441,0.0374512416323694,0.0078843,1,1.0
921,0.09399935449252081,0.00671368877724542,0.0015493,2.4469845184420502,3.085375171979975,2.508199256832213,1.01338506043586,2.2769629031779473,0.32696719194081925,-11.966082097656411,-0.8125632746084135,-6.054897454406079,-0.8604110866485712,8.98813307900346,-0.01912858174625246,-0.05516613329155434,-0.001441,0.05489185753538628,0.0078843,1,1.0
922,-0.0006894589295984854,0.0486281484057017,0.0015493,2.4469845184420502,3.085375171979975,97.24523771262135,1.01338506043586,15.882176223362437,0.32696719194081925,-98.14349054193589,-0.8125632746084135,60.66323108645871,-0.8604110866485712,-0.12698225743889535,-0.01912858174625246,0.4502490321831711,-0.001441,0.5644295624366095,0.0078843,0,1.0
923,0.6104185307463308,0.050467333864656,0.0015493,2.4469845184420502,3.085375171979975,-67.46280093694325,1.01338506043586,5.817037753990386,0.32696719194081925,-65.23428832741445,-0.8125632746084135,21.862857350265138,-0.8604110866485712,79.6270970676829,-0.01912858174625246,-0.09094601093766636,-0.001441,0.09163663214453616,0.0078843,1,1.0
924,0.10069881138400016,0.14106629358635142,0.0015493,2.4469845184420502,3.085375171979975,36.25410043252631,1.01338506043586,13.355438129305206,0.32696719194081925,-99.35893796003548,-0.8125632746084135,56.13718504203392,-0.8604110866485712,32.617189872545744,-0.01912858174625246,0.21089217784387515,-0.001441,0.3355878685065564,0.0078843,0,1.0
925,0.05245896846762066,0.11927732680408852,0.0015493,2.4469845184420502,3.085375171979975,36.37264971972704,1.01338506043586,9.641469501108984,0.32696719194081925,-54.282374111288696,-0.8125632746084135,3.3583281970539494,-0.8604110866485712,14.496391806826697,-0.01912858174625246,-0.09402192651838576,-0.001441,0.2405415647454418,0.0078843,1,1.0
926,0.004262399466446076,0.07614849614051963,0.0015493,2.4469845184420502,3.085375171979975,13.054208584138467,1.01338506043586,4.832510389558078,0.32696719194081925,-33.690204544185754,-0.8125632746084135,20.08176666679869,-0.8604110866485712,9.036309771744495,-0.01912858174625246,0.054650578869469627,-0.001441,0.12294702719536436,0.0078843,0,1.0
927,1.349752445068546,0.3073476285898209,0.0015493,2.4469845184420502,3.085375171979975,-56.48895272288983,1.01338506043586,9.943298462218713,0.32696719194081925,-46.22949415749268,-0.8125632746084135,-69.9729654267907,-0.8604110866485712,95.56252923854294,-0.01912858174625246,-0.19814308186737206,-0.001441,0.19849365140167674,0.0078843,1,1.0
928,0.4091078489641794,0.034965090101808434,0.0015493,2.4469845184420502,3.085375171979975,-12.934121665527405,1.01338506043586,3.7188666404050474,0.32696719194081925,-11.19731029828267,-0.8125632746084135,-27.0424213317973,-0.8604110866485712,25.081465070425743,-0.01912858174625246,-0.07216799433986917,-0.001441,0.06972725388133263,0.0078843,1,1.0
929,0.4928974681397391,0.04543260589845129,0.0015493,2.4469845184420502,3.085375171979975,-91.23028113566984,1.01338506043586,0.04343506406077644,0.32696719194081925,-51.69620391761184,-0.8125632746084135,48.04844286948845,-0.8604110866485712,78.1701857945287,-0.01912858174625246,-0.0509038596465107,-0.001441,0.04786426975330277,0.0078843,1,1.0
930,0.0038057226000901,0.022463615470628348,0.0015493,2.4469845184420502,3.085375171979975,-55.74950975863423,1.01338506043586,-3.0322649453092745,0.32696719194081925,-31.055615695999027,-0.8125632746084135,60.43368646947364,-0.8604110866485712,37.210223626444964,-0.01912858174625246,-0.08554813299053095,-0.001441,0.08419721954929495,0.0078843,1,1.0
931,1.2266588097777,0.27654939389406796,0.0015493,2.4469845184420502,3.085375171979975,-37.60167482270627,1.01338506043586,9.835375881010597,0.32696719194081925,-32.962880258087736,-0.8125632746084135,-80.00969849762244,-0.8604110866485712,76.78643396293546,-0.01912858174625246,-0.2035892671368206,-0.001441,0.19863030063800027,0.0078843,1,1.0
932,0.12585103671587675,0.007498947285034188,0.0015493,2.4469845184420502,3.085375171979975,-63.18101368744039,1.01338506043586,2.9707141918064406,0.32696719194081925,-74.02218980517492,-0.8125632746084135,72.25662738067471,-0.8604110866485712,64.87722999835532,-0.01912858174625246,-0.04147071436362935,-0.001441,0.04044207891048516,0.0078843,1,1.0
933,0.5911966666516403,0.1423639224853684,0.0015493,2.4469845184420502,3.085375171979975,11.73671751737163,1.01338506043586,10.67708188730652,0.32696719194081925,-38.67124456565214,-0.8125632746084135,-49.922536095144714,-0.8604110866485712,36.773595524637784,-0.01912858174625246,-0.20483849591732367,-0.001441,0.23779264324778343,0.0078843,1,1.0
934,0.535384403263041,0.03836224390178305,0.0015493,2.4469845184420502,3.085375171979975,-57.41394456190456,1.01338506043586,4.3172791946030715,0.32696719194081925,-55.07125865672426,-0.8125632746084135,17.80972890941698,-0.8604110866485712,69.39462821985923,-0.01912858174625246,-0.06901411095235023,-0.001441,0.06879000511412671,0.0078843,1,1.0
935,0.37844233935019544,0.13207753740265046,0.0015493,2.4469845184420502,3.085375171979975,98.24313771834522,1.01338506043586,19.545937911421156,0.32696719194081925,-96.98049789649393,-0.8125632746084135,16.81720364868706,-0.8604110866485712,13.062669007948656,-0.01912858174625246,0.45544100913939606,-0.001441,0.526198333868502,0.0078843,0,1.0
936,0.07712809556158318,0.08643074625863996,0.0015493,2.4469845184420502,3.085375171979975,11.636239371763558,1.01338506043586,8.435853552088803,0.32696719194081925,-61.330980923964106,-0.8125632746084135,15.956887183884195,-0.8604110866485712,29.412253699509552,-0.01912858174625246,-0.14115358203095416,-0.001441,0.1973848631999808,0.0078843,1,1.0
937,0.4292201846037773,0.24931096841776912,0.0015493,2.4469845184420502,3.085375171979975,32.620526600497925,1.01338506043586,16.42269022106074,0.32696719194081925,-84.87927283349485,-0.8125632746084135,-18.054805118983595,-0.8604110866485712,44.368260968845824,-0.01912858174625246,-0.2171751523740078,-0.001441,0.37576921188464457,0.0078843,1,1.0
938,0.03837135495909866,0.014988371062408284,0.0015493,2.4469845184420502,3.085375171979975,24.641782290175314,1.01338506043586,3.2577637144880147,0.32696719194081925,-2.0621795912095333,-0.8125632746084135,-23.279014832750736,-0.8604110866485712,-6.508019606388009,-0.01912858174625246,-0.08354607645977129,-0.001441,0.08433830599974317,0.0078843,1,1.0
939,0.013811202872557993,0.12928618912901424,0.0015493,2.4469845184420502,3.085375171979975,26.524562833453103,1.01338506043586,10.55161375390962,0.32696719194081925,-80.6569861874949,-0.8125632746084135,40.933260290546556,-0.8604110866485712,27.728771881520608,-0.01912858174625246,0.03179761880599033,-0.001441,0.2593399582962117,0.0078843,0,1.0
940,0.9408624170824089,0.1515949686735124,0.0015493,2.4469845184420502,3.085375171979975,-46.7687885315168,1.01338506043586,6.964129034763809,0.32696719194081925,-44.01914709183579,-0.8125632746084135,-36.66132599501714,-0.8604110866485712,76.23838462492812,-0.01912858174625246,-0.14917805062480863,-0.001441,0.14786912590331894,0.0078843,1,1.0
941,0.0008571383694196966,0.13715633909096803,0.0015493,2.4469845184420502,3.085375171979975,99.72933336577913,1.01338506043586,11.010230786574677,0.32696719194081925,-37.803484574463916,-0.8125632746084135,-1.7929167097693317,-0.8604110866485712,-26.08273058152677,-0.01912858174625246,0.3088944239043676,-0.001441,0.3545785250534188,0.0078843,0,1.0
942,0.4039468524897004,0.1811688055459819,0.0015493,2.4469845184420502,3.085375171979975,1.5055518026386856,1.01338506043586,13.336072279776216,0.32696719194081925,-90.06085642999452,-0.8125632746084135,1.3078056924922583,-0.8604110866485712,60.78318933223108,-0.01912858174625246,-0.27610518770779446,-0.001441,0.30214995262203304,0.0078843,1,1.0
943,0.44249538358576235,0.030335429317804086,0.0015493,2.4469845184420502,3.085375171979975,-51.734566187907745,1.01338506043586,3.346611806937329,0.32696719194081925,-45.647723813096526,-0.8125632746084135,18.95036360789076,-0.8604110866485712,58.291821628418624,-0.01912858174625246,-0.03747987614616843,-0.001441,0.048883184536628425,0.0078843,1,1.0
944,0.0001471174407834397,0.12428412525719787,0.0015493,2.4469845184420502,3.085375171979975,81.04837140133117,1.01338506043586,8.255717123706454,0.32696719194081925,-9.46978226020544,-0.8125632746084135,-39.29739812143705,-0.8604110866485712,-27.707515443972746,-0.01912858174625246,-0.0025965865538534333,-0.001441,0.24398598495920076,0.0078843,1,1.0
945,0.0015742393171362945,0.12486796073926085,0.0015493,2.4469845184420502,3.085375171979975,45.85103261431935,1.01338506043586,9.465997285029234,0.32696719194081925,-54.71981114992619,-0.8125632746084135,13.778675516562043,-0.8604110866485712,7.480078414188533,-0.01912858174625246,0.03140842105690567,-0.001441,0.24962976445334506,0.0078843,0,1.0
946,0.6696406162791906,0.1512225666700249,0.0015493,2.4469845184420502,3.085375171979975,-23.244104659464853,1.01338506043586,11.868719507827961,0.32696719194081925,-78.73721321661547,-0.8125632746084135,-13.416091078758297,-0.8604110866485712,74.10345968986921,-0.01912858174625246,-0.25298348541495824,-0.001441,0.2523168634181206,0.0078843,1,1.0
947,0.005834108986444764,0.06692930199948811,0.0015493,2.4469845184420502,3.085375171979975,59.29344611222059,1.01338506043586,6.422225161046006,0.32696719194081925,-0.4084974993434372,-0.8125632746084135,-47.7176794615714,-0.8604110866485712,-21.28493119894535,-0.01912858174625246,-0.1584867173284495,-0.001441,0.1747823876424595,0.0078843,1,1.0
948,0.1501991279714342,0.022158377148234244,0.0015493,2.4469845184420502,3.085375171979975,4.522688385208342,1.01338506043586,4.841079310813156,0.32696719194081925,-24.534050419808462,-0.8125632746084135,-8.332149499207828,-0.8604110866485712,15.987111748282167,-0.01912858174625246,-0.10240048536717988,-0.001441,0.10337784855577531,0.0078843,1,1.0
949,0.9624987969090439,0.1434454150273376,0.0015493,2.4469845184420502,3.085375171979975,-60.893407196884986,1.01338506043586,5.3577001184812785,0.32696719194081925,-34.240509686111345,-0.8125632746084135,-32.57761076256965,-0.8604110866485712,75.55839316617481,-0.01912858174625246,-0.08292218136778068,-0.001441,0.08673351639204502,0.0078843,1,1.0
950,0.004186258947234539,0.03481395819648469,0.0015493,2.4469845184420502,3.085375171979975,-23.956073987848217,1.01338506043586,1.809336077983049,0.32696719194081925,-50.385622061839534,-0.8125632746084135,47.989007525293495,-0.8604110866485712,35.90502111241773,-0.01912858174625246,-0.03156912878218204,-0.001441,0.07383573185046932,0.0078843,1,1.0
951,0.06314749194559294,0.012976666810276788,0.0015493,2.4469845184420502,3.085375171979975,9.222615479515651,1.01338506043586,3.17595445946349,0.32696719194081925,-15.625399700992551,-0.8125632746084135,-6.543343085899698,-0.8604110866485712,7.178248177795505,-0.01912858174625246,-0.07526727868314943,-0.001441,0.07773335157534463,0.0078843,1,1.0
952,0.6681321319775568,0.06293174408041821,0.0015493,2.4469845184420502,3.085375171979975,-59.54984305079567,1.01338506043586,5.427907779242245,0.32696719194081925,-55.083994794276826,-0.8125632746084135,5.773658293283485,-0.8604110866485712,74.70938412663885,-0.01912858174625246,-0.0870772660509614,-0.001441,0.08872935049096449,0.0078843,1,1.0
953,0.34197470476824954,0.031867275170490844,0.0015493,2.4469845184420502,3.085375171979975,-77.64832116386465,1.01338506043586,-0.9367875149534307,0.32696719194081925,-37.40094428582328,-0.8125632746084135,45.43106851307748,-0.8604110866485712,59.440308698017574,-0.01912858174625246,-0.07934295569445568,-0.001441,0.07967858498035515,0.0078843,1,1.0
954,0.0007561619233354966,0.12992679697450116,0.0015493,2.4469845184420502,3.085375171979975,28.24077842678164,1.01338506043586,10.62918388657586,0.32696719194081925,-86.23007516160538,-0.8125632746084135,59.44849412167761,-0.8604110866485712,26.21260401833725,-0.01912858174625246,0.19558246956581632,-0.001441,0.27130360151220106,0.0078843,0,1.0
955,0.7117595910246968,0.09452313528066329,0.0015493,2.4469845184420502,3.085375171979975,-18.647294461918406,1.01338506043586,5.474110121970895,0.32696719194081925,-18.31813674472316,-0.8125632746084135,-48.335567604949844,-0.8604110866485712,43.73966272239755,-0.01912858174625246,-0.12214218225020615,-0.001441,0.12301899067604108,0.0078843,1,1.0
956,0.008021495478291674,0.14240232666542058,0.0015493,2.4469845184420502,3.085375171979975,76.79468272335907,1.01338506043586,6.36296109336347,0.32696719194081925,-9.540955475630815,-0.8125632746084135,-16.023511713578177,-0.8604110866485712,-28.483149540346577,-0.01912858174625246,0.19264715755954293,-0.001441,0.2611387583471603,0.0078843,0,1.0
957,0.45283784603506205,0.03552337640313607,0.0015493,2.4469845184420502,3.085375171979975,-19.080398310417685,1.01338506043586,2.9204701338440735,0.32696719194081925,-10.477276472294779,-0.8125632746084135,-26.027415845600842,-0.8604110866485712,29.267831805929454,-0.01912858174625246,-0.05522203177666252,-0.001441,0.05416005323082729,0.0078843,1,1.0
958,0.31793951616735516,0.016033043949080134,0.0015493,2.4469845184420502,3.085375171979975,-38.57456219308458,1.01338506043586,4.115926951206676,0.32696719194081925,-47.64680086704288,-0.8125632746084135,20.54631771163073,-0.8604110866485712,49.8875363691334,-0.01912858174625246,-0.06869745804113378,-0.001441,0.06849888419852448,0.0078843,1,1.0
959,0.717450061799582,0.16072812078428592,0.0015493,2.4469845184420502,3.085375171979975,-14.665199840177403,1.01338506043586,12.222150226486876,0.32696719194081925,-64.03992120807479,-0.8125632746084135,-32.60596627442029,-0.8604110866485712,63.91176051582602,-0.01912858174625246,-0.24577726662748214,-0.001441,0.251509738220704,0.0078843,1,1.0
960,0.007305506549338259,0.15654418383311836,0.0015493,2.4469845184420502,3.085375171979975,99.99259322613352,1.01338506043586,9.020296970494652,0.32696719194081925,-22.683783784506392,-0.8125632746084135,-1.5668195696420335,-0.8604110866485712,-35.20366359743792,-0.01912858174625246,0.2901232109375652,-0.001441,0.4601692646025334,0.0078843,0,1.0
961,0.8330152155436605,0.1207024851103936,0.0015493,2.4469845184420502,3.085375171979975,-79.9647144563043,1.01338506043586,0.4329091363910815,0.32696719194081925,-26.954091084192292,-0.8125632746084135,-5.906964363919592,-0.8604110866485712,75.65719644995741,-0.01912858174625246,-0.024798328066652997,-0.001441,0.02326759114053313,0.0078843,1,1.0
962,0.30048348545853276,0.06239346471866458,0.0015493,2.4469845184420502,3.085375171979975,0.3842049098398637,1.01338506043586,8.282311328931126,0.32696719194081925,-45.354540275721696,-0.8125632746084135,-11.145124990251148,-0.8604110866485712,33.278941093330886,-0.01912858174625246,-0.17031476341162932,-0.001441,0.17252513249385326,0.0078843,1,1.0
963,0.23195740560657127,0.036539023656153136,0.0015493,2.4469845184420502,3.085375171979975,-2.924714585593178,1.01338506043586,5.458953438158536,0.32696719194081925,-38.063361119092335,-0.8125632746084135,-3.2941800121875873,-0.8604110866485712,30.084074509756313,-0.01912858174625246,-0.13097246848831573,-0.001441,0.13062952458901084,0.0078843,1,1.0
964,0.01665691474432973,0.1409222210050543,0.0015493,2.4469845184420502,3.085375171979975,50.49030255273078,1.01338506043586,8.9760087740608,0.32696719194081925,-52.16713359379699,-0.8125632746084135,29.529467600237844,-0.8604110866485712,0.43436519369701654,-0.01912858174625246,0.23261735283720072,-0.001441,0.2932808204063383,0.0078843,0,1.0
965,0.1038956492472721,0.003740799238694143,0.0015493,2.4469845184420502,3.085375171979975,-50.137691635922536,1.01338506043586,1.9286018554987054,0.32696719194081925,-57.4606869759298,-0.8125632746084135,56.90126853673787,-0.8604110866485712,51.51008436356535,-0.01912858174625246,-0.02030350439889728,-0.001441,0.020278425880570248,0.0078843,1,1.0
966,0.00316262441611391,0.1611958068678737,0.0015493,2.4469845184420502,3.085375171979975,-54.704780471157264,1.01338506043586,-1.229306579477171,0.32696719194081925,-54.17514221547162,-0.8125632746084135,93.23833522526907,-0.8604110866485712,44.00479471780245,-0.01912858174625246,-0.04434477421603861,-0.001441,0.2951044222586388,0.0078843,1,1.0
967,0.801298437232529,0.11890333369640133,0.0015493,2.4469845184420502,3.085375171979975,-29.595579592008917,1.01338506043586,7.553849326723721,0.32696719194081925,-37.94943389527276,-0.8125632746084135,-39.970399151684425,-0.8604110866485712,60.6023974590285,-0.01912858174625246,-0.15451545264789504,-0.001441,0.15560951436559892,0.0078843,1,1.0
968,0.044450780214493175,0.003845693199195173,0.0015493,2.4469845184420502,3.085375171979975,-51.56042245908838,1.01338506043586,0.6117115975271755,0.32696719194081925,-50.211887650478815,-0.8125632746084135,60.631881315913695,-0.8604110866485712,45.810457550951966,-0.01912858174625246,-0.025398493244814947,-0.001441,0.02552178262079851,0.0078843,1,1.0
969,-0.0008892214968259371,0.030955317276533372,0.0015493,2.4469845184420502,3.085375171979975,-70.47251757914955,1.01338506043586,-2.5017167171511465,0.32696719194081925,-39.11150656804686,-0.8125632746084135,74.89248750328895,-0.8604110866485712,44.290425865889304,-0.01912858174625246,-0.11841979675378894,-0.001441,0.11830253994966283,0.0078843,1,1.0
970,0.004258137713349708,0.08672199742755074,0.0015493,2.4469845184420502,3.085375171979975,38.76428392778777,1.01338506043586,6.567958474676004,0.32696719194081925,-30.828828866805,-0.8125632746084135,-3.297555470902118,-0.8604110866485712,0.09735421016318614,-0.01912858174625246,-0.026512866238441193,-0.001441,0.18065037244540116,0.0078843,1,1.0
971,0.3762275035288636,0.23160922488817157,0.0015493,2.4469845184420502,3.085375171979975,56.784854206874186,1.01338506043586,15.97251741816968,0.32696719194081925,-71.50886865545817,-0.8125632746084135,-22.852279508217297,-0.8604110866485712,24.646397822518825,-0.01912858174625246,-0.06705238377012046,-0.001441,0.38962985199180933,0.0078843,1,1.0
972,0.06338253462107316,0.042593063695892004,0.0015493,2.4469845184420502,3.085375171979975,18.91065706793684,1.01338506043586,3.477881292434412,0.32696719194081925,-17.716761194661068,-0.8125632746084135,-7.452408617533184,-0.8604110866485712,5.125439965305217,-0.01912858174625246,-0.05889916681963585,-0.001441,0.11521914778072571,0.0078843,1,1.0
973,0.32342547816072276,0.02240549242203479,0.0015493,2.4469845184420502,3.085375171979975,-36.57502954177344,1.01338506043586,-0.2568424406384843,0.32696719194081925,-7.076806878397292,-0.8125632746084135,-0.010164682078940127,-0.8604110866485712,28.635866873068867,-0.01912858174625246,-0.035102139160965835,-0.001441,0.03609479976909669,0.0078843,1,1.0
974,0.09901689231199629,0.05164710562746118,0.0015493,2.4469845184420502,3.085375171979975,31.688162824990975,1.01338506043586,6.252018949527297,0.32696719194081925,-18.78958988440374,-0.8125632746084135,-26.76777990355512,-0.8604110866485712,1.892495892516345,-0.01912858174625246,-0.1493958206810938,-0.001441,0.15761268863600275,0.0078843,1,1.0
975,0.9973116560241031,0.207525217419138,0.0015493,2.4469845184420502,3.085375171979975,-56.5905236892579,1.01338506043586,13.387202890541907,0.32696719194081925,-86.7291005915051,-0.8125632746084135,-17.41819058235207,-0.8604110866485712,99.77375835259166,-0.01912858174625246,-0.24065308253969755,-0.001441,0.24882252776983108,0.0078843,1,1.0
976,0.3581895940662603,0.1579635926813236,0.0015493,2.4469845184420502,3.085375171979975,25.71803561229931,1.01338506043586,12.604997646370034,0.32696719194081925,-54.90842812996529,-0.8125632746084135,-31.609030756245204,-0.8604110866485712,30.563380771176018,-0.01912858174625246,-0.253357227598566,-0.001441,0.27871564910042607,0.0078843,1,1.0
977,0.00501078967316998,0.2049895785009329,0.0015493,2.4469845184420502,3.085375171979975,-32.363454025536846,1.01338506043586,-4.207856078837779,0.32696719194081925,-5.243710394205933,-0.8125632746084135,51.260097962558234,-0.8604110866485712,10.95331394322229,-0.01912858174625246,-0.09996616037968445,-0.001441,0.34072204142487983,0.0078843,1,1.0
978,0.6320361013479722,0.064827393719552,0.0015493,2.4469845184420502,3.085375171979975,-56.666330014561154,1.01338506043586,2.0112011414117754,0.32696719194081925,-24.157927443878556,-0.8125632746084135,-6.784446566919044,-0.8604110866485712,56.24474051192273,-0.01912858174625246,-0.021228031147490965,-0.001441,0.026904893618911928,0.0078843,1,1.0
979,0.038152508693120646,0.0032835307535452876,0.0015493,2.4469845184420502,3.085375171979975,-14.92021576151704,1.01338506043586,1.9614534600664675,0.32696719194081925,-28.76151899854001,-0.8125632746084135,21.49941303421126,-0.8604110866485712,21.56187970779464,-0.01912858174625246,-0.035681489692471056,-0.001441,0.03563229969537237,0.0078843,1,1.0
980,0.0002886581373477276,0.22103152026827094,0.0015493,2.4469845184420502,3.085375171979975,21.93369217771496,1.01338506043586,0.3902843869227366,0.32696719194081925,-16.10858446529982,-0.8125632746084135,36.45839859553656,-0.8604110866485712,-5.003181310010497,-0.01912858174625246,0.06083224478514365,-0.001441,0.420906299518397,0.0078843,0,1.0
981,0.000938716006035567,0.1403936745606757,0.0015493,2.4469845184420502,3.085375171979975,77.59867895125552,1.01338506043586,10.865388454354576,0.32696719194081925,-44.927698585818376,-0.8125632746084135,1.2197195394569336,-0.8604110866485712,-12.235762184729474,-0.01912858174625246,0.1716913623413097,-0.001441,0.3025471373668016,0.0078843,0,1.0
982,0.29172530578286493,0.11177755393406826,0.0015493,2.4469845184420502,3.085375171979975,25.495915186858827,1.01338506043586,9.547168841958358,0.32696719194081925,-42.537465369511914,-0.8125632746084135,-30.58448857101753,-0.8604110866485712,24.256511026680148,-0.01912858174625246,-0.2334777518257872,-0.001441,0.23563914501712632,0.0078843,1,1.0
983,0.4783643748413572,0.02658128165993122,0.0015493,2.4469845184420502,3.085375171979975,-88.65306964649939,1.01338506043586,4.269156334748423,0.32696719194081925,-88.71720132043029,-0.8125632746084135,64.85723023467347,-0.8604110866485712,95.76113681802167,-0.01912858174625246,-0.05193988118591688,-0.001441,0.053070826320872254,0.0078843,1,1.0
984,0.1264223910001352,0.06913275496755253,0.0015493,2.4469845184420502,3.085375171979975,-22.70822360833686,1.01338506043586,8.381825638123965,0.32696719194081925,-87.5507526000729,-0.8125632746084135,47.430189628482175,-0.8604110866485712,57.584517294480754,-0.01912858174625246,-0.15693357848087197,-0.001441,0.17475556191499253,0.0078843,1,1.0
985,0.3342778834832649,0.018180904982257887,0.0015493,2.4469845184420502,3.085375171979975,-30.258970350242482,1.01338506043586,3.0524085881179013,0.32696719194081925,-33.02379610990594,-0.8125632746084135,5.978090256404406,-0.8604110866485712,40.78844163640379,-0.01912858174625246,-0.05648897123652785,-0.001441,0.05562438778389961,0.0078843,1,1.0
986,0.10911304579438844,0.015239083839182599,0.0015493,2.4469845184420502,3.085375171979975,-3.0059940921124357,1.01338506043586,3.7483196748671763,0.32696719194081925,-29.66238863269171,-0.8125632746084135,5.12171373825417,-0.8604110866485712,20.71751906662273,-0.01912858174625246,-0.08590302796199902,-0.001441,0.08577398975409041,0.0078843,1,1.0
987,0.34605220216287336,0.13372947114406836,0.0015493,2.4469845184420502,3.085375171979975,84.50036074600142,1.01338506043586,18.21270027952989,0.32696719194081925,-97.91519747318628,-0.8125632746084135,28.96591311389943,-0.8604110866485712,17.44818387482005,-0.01912858174625246,0.45137558135367795,-0.001441,0.5019863432989657,0.0078843,0,1.0
988,0.09922683310344527,0.006527166304273285,0.0015493,2.4469845184420502,3.085375171979975,-35.002727629236304,1.01338506043586,3.1630959493232114,0.32696719194081925,-50.98830959034417,-0.8125632746084135,41.56339634380258,-0.8604110866485712,41.852627545315826,-0.01912858174625246,-0.04860418800826204,-0.001441,0.05060144362417123,0.0078843,1,1.0
989,0.11255849532258669,0.002151089482200528,0.0015493,2.4469845184420502,3.085375171979975,-41.34557285923951,1.01338506043586,1.6441976955868773,0.32696719194081925,-43.15780068142298,-0.8125632746084135,41.75997677474017,-0.8604110866485712,40.789457455466206,-0.01912858174625246,-0.0250735401450941,-0.001441,0.025006805854368645,0.0078843,1,1.0
990,1.0489677156424704,0.16952151296914328,0.0015493,2.4469845184420502,3.085375171979975,-80.80933806058334,1.01338506043586,3.99876779401924,0.32696719194081925,-44.424753969818966,-0.8125632746084135,-18.828526817967713,-0.8604110866485712,93.13085732734834,-0.01912858174625246,-0.06863989536339264,-0.001441,0.07118489568640023,0.0078843,1,1.0
991,0.022013928426491303,0.07535359226694965,0.0015493,2.4469845184420502,3.085375171979975,99.99613724136533,1.01338506043586,15.746332400794138,0.32696719194081925,-85.8523970143504,-0.8125632746084135,43.17472831982486,-0.8604110866485712,-6.136337627555601,-0.01912858174625246,0.4346226274377659,-0.001441,0.5089388791296751,0.0078843,0,1.0
992,0.0030223836562199846,0.24817126254036656,0.0015493,2.4469845184420502,3.085375171979975,65.54688980562547,1.01338506043586,4.144683974444564,0.32696719194081925,-5.235882781218579,-0.8125632746084135,13.618812043907187,-0.8604110866485712,-32.0761763007399,-0.01912858174625246,0.14979286606507614,-0.001441,0.549996111008366,0.0078843,0,1.0
993,0.018893358791215342,0.29141071500379323,0.0015493,2.4469845184420502,3.085375171979975,41.10450760506532,1.01338506043586,4.731430596815398,0.32696719194081925,-55.30997680672705,-0.8125632746084135,81.4247273418648,-0.8604110866485712,0.9783606115566308,-0.01912858174625246,0.1855515584753285,-0.001441,0.7762996678488212,0.0078843,0,1.0
994,0.3399897982600408,0.020561672644253404,0.0015493,2.4469845184420502,3.085375171979975,-80.5942112184473,1.01338506043586,5.854206674431891,0.32696719194081925,-98.29712760634811,-0.8125632746084135,75.41841155397252,-0.8604110866485712,91.23774905309774,-0.01912858174625246,-0.08829419159711081,-0.001441,0.08776564994430557,0.0078843,1,1.0
995,0.09213629767572576,0.0027864747038981465,0.0015493,2.4469845184420502,3.085375171979975,-43.50064600799837,1.01338506043586,0.3522830282435432,0.32696719194081925,-37.548444484067915,-0.8125632746084135,43.50426801859471,-0.8604110866485712,38.35598911734264,-0.01912858174625246,-0.020712332133395104,-0.001441,0.021171118661467415,0.0078843,1,1.0
996,0.6505658939409034,0.2993668198107191,0.0015493,2.4469845184420502,3.085375171979975,18.894483714405027,1.01338506043586,17.514352998920014,0.32696719194081925,-87.64472385254506,-0.8125632746084135,-35.8549769640387,-0.8604110866485712,60.37510264530765,-0.01912858174625246,-0.31302952297999803,-0.001441,0.3895118090364867,0.0078843,1,1.0
997,0.9300399854827246,0.1962127706676668,0.0015493,2.4469845184420502,3.085375171979975,-45.11424081157668,1.01338506043586,12.96524167153403,0.32696719194081925,-86.81372566699052,-0.8125632746084135,-18.71189542160406,-0.8604110866485712,95.20576345325486,-0.01912858174625246,-0.25530638246635373,-0.001441,0.2577611296338178,0.0078843,1,1.0
998,0.08068001291494564,0.0811563843642174,0.0015493,2.4469845184420502,3.085375171979975,99.69793936382938,1.01338506043586,15.450092034588385,0.32696719194081925,-82.95784841629037,-0.8125632746084135,39.36275056290993,-0.8604110866485712,-5.325208194084668,-0.01912858174625246,0.43747028478245187,-0.001441,0.5366047801268652,0.0078843,0,1.0
999,0.014028183404128924,0.11786335401068472,0.0015493,2.4469845184420502,3.085375171979975,83.18887301990122,1.01338506043586,12.697594504637959,0.32696719194081925,-71.18837634851387,-0.8125632746084135,35.4707103617458,-0.8604110866485712,-4.4201008686430585,-0.01912858174625246,0.3622473655218223,-0.001441,0.4075120295081576,0.0078843,0,1.0
1000,0.038330131614194074,0.019095697027210222,0.0015493,0.8719611650083201,3.0023031448610418,10.570506189405934,1.01338506043586,13.87837761436088,0.32696719194081925,-31.944246003910674,-0.8125632746084135,24.94403349278934,-0.8604110866485712,0.24205919837991655,-0.01912858174625246,0.3174321356504286,-0.001441,1.1948011543306605,0.0078843,0,1.0
1001,0.6771486768055038,0.22772844391724856,0.0015493,0.8719611650083201,3.0023031448610418,41.63346964632841,1.01338506043586,42.777737940937115,0.32696719194081925,-25.33787731314464,-0.8125632746084135,-75.53008959788792,-0.8604110866485712,-8.745017115924828,-0.01912858174625246,0.2861522263062126,-0.001441,4.056050763392543,0.0078843,0,1.0
1002,0.14747549214040934,0.05717307366841969,0.0015493,0.8719611650083201,3.0023031448610418,48.27329649960131,1.01338506043586,34.6148985042112,0.32696719194081925,-11.25534465900727,-0.8125632746084135,-55.72398505367506,-0.8604110866485712,-27.88235573407572,-0.01912858174625246,0.2696563850555651,-0.001441,3.502655815595371,0.0078843,0,1.0
1003,0.5128660564701684,0.15088204999409893,0.0015493,0.8719611650083201,3.0023031448610418,73.13894664429888,1.01338506043586,81.67590013445727,0.32696719194081925,-93.79451211068329,-0.8125632746084135,-67.64813967555031,-0.8604110866485712,-13.414161331009392,-0.01912858174625246,0.27409805613029325,-0.001441,7.247175433849087,0.0078843,0,1.0
1004,0.0028780499388998404,0.09443679903383273,0.0015493,0.8719611650083201,3.0023031448610418,45.90463922729492,1.01338506043586,48.0059316144077,0.32696719194081925,-82.4004188912578,-0.8125632746084135,36.627704866878155,-0.8604110866485712,-13.055867169717352,-0.01912858174625246,0.7264619121807887,-0.001441,4.234379324898875,0.0078843,0,1.0
1005,1.0004878041444911,0.2237898152192111,0.0015493,0.8719611650083201,3.0023031448610418,-29.98017824252972,1.01338506043586,9.639139057517731,0.32696719194081925,-36.16984757288612,-0.8125632746084135,-16.626415273748893,-0.8604110866485712,51.068074427169186,-0.01912858174625246,-0.179365132751884,-0.001441,0.17921464529800155,0.0078843,1,1.0
1006,-0.0019480942660423661,0.1035846959274793,0.0015493,0.8719611650083201,3.0023031448610418,66.88042178914102,1.01338506043586,41.89719996229319,0.32696719194081925,-18.494555634781616,-0.8125632746084135,-43.203056735403095,-0.8604110866485712,-43.32998490616235,-0.01912858174625246,0.5765048306045728,-0.001441,4.544946844778174,0.0078843,0,1.0
1007,0.024369974730763744,0.02225801018379488,0.0015493,0.8719611650083201,3.0023031448610418,26.978822683414688,1.01338506043586,21.300662495959273,0.32696719194081925,-22.481388256257873,-0.8125632746084135,-6.131130663574508,-0.8604110866485712,-13.112214923496342,-0.01912858174625246,0.2847803443150483,-0.001441,2.125434510630604,0.0078843,0,1.0
1008,0.13271496600519872,0.05616931081072536,0.0015493,0.8719611650083201,3.0023031448610418,53.03942243060986,1.01338506043586,52.062900200217804,0.32696719194081925,-54.34855214087943,-0.8125632746084135,-36.11970633501005,-0.8604110866485712,-19.537752368162444,-0.01912858174625246,0.2651023317235013,-0.001441,4.591110883804609,0.0078843,0,1.0
1009,0.015916224566466464,0.0165194883537717,0.0015493,0.8719611650083201,3.0023031448610418,21.832960278548704,1.01338506043586,26.50572989496236,0.32696719194081925,-53.83137754178468,-0.8125632746084135,22.73796771197577,-0.8604110866485712,-0.7880480487197659,-0.01912858174625246,0.28756267529630897,-0.001441,2.382001612600449,0.0078843,0,1.0
1010,0.0022728215021166065,0.10820185517426718,0.0015493,0.8719611650083201,3.0023031448610418,99.41526417742352,1.01338506043586,68.14076875242093,0.32696719194081925,-36.11714535591379,-0.8125632746084135,-84.2323305467268,-0.8604110866485712,-58.84693844286171,-0.01912858174625246,0.515204864771122,-0.001441,7.124582738232276,0.0078843,0,1.0
1011,1.146336726489169,0.3704166649465348,0.0015493,0.8719611650083201,3.0023031448610418,-43.07251247525161,1.01338506043586,13.077486501427508,0.32696719194081925,-71.47943439252504,-0.8125632746084135,7.810142695222256,-0.8604110866485712,74.31370077094617,-0.01912858174625246,-0.2665947825573347,-0.001441,0.2656553374476758,0.0078843,1,1.0
1012,0.00012227314336898942,0.012679385114456338,0.0015493,0.8719611650083201,3.0023031448610418,11.02671990978418,1.01338506043586,17.044146333059025,0.32696719194081925,-44.66569252175492,-0.8125632746084135,35.117371897679966,-0.8604110866485712,2.9448933416305856,-0.01912858174625246,0.31095763973602464,-0.001441,1.4283850772488837,0.0078843,0,1.0
1013,0.001320610213077944,0.2470933758862657,0.0015493,0.8719611650083201,3.0023031448610418,30.205131540837748,1.01338506043586,17.865052113804868,0.32696719194081925,-23.322718726914506,-0.8125632746084135,51.233970172219195,-0.8604110866485712,-23.671637927134807,-0.01912858174625246,1.1449598012989541,-0.001441,1.7676989701597983,0.0078843,0,1.0
1014,0.006448336596429072,0.12738633814261907,0.0015493,0.8719611650083201,3.0023031448610418,51.830637278288336,1.01338506043586,30.25314824487858,0.32696719194081925,-7.956484788188888,-0.8125632746084135,-22.48211036540014,-0.8604110866485712,-37.8328618554601,-0.01912858174625246,0.6880262030641822,-0.001441,3.229189640325627,0.0078843,0,1.0
1015,0.7239724085877688,0.17521410363956655,0.0015493,0.8719611650083201,3.0023031448610418,-2.8922917863556528,1.01338506043586,27.33106367077917,0.32696719194081925,-60.834506616160546,-0.8125632746084135,9.918109786802805,-0.8604110866485712,30.507342259953,-0.01912858174625246,0.30213546679260195,-0.001441,1.756806753302328,0.0078843,0,1.0
1016,0.044092163472914836,0.04405566762431522,0.0015493,0.8719611650083201,3.0023031448610418,19.58028441554106,1.01338506043586,10.52028437668264,0.32696719194081925,-5.1587489583298085,-0.8125632746084135,1.5707908054134478,-0.8604110866485712,-13.904011932912688,-0.01912858174625246,0.405851421021744,-0.001441,1.2560248128234877,0.0078843,0,1.0
1017,1.3512962178278598,0.557819474976606,0.0015493,0.8719611650083201,3.0023031448610418,-7.591909850833581,1.01338506043586,17.465713112925176,0.32696719194081925,-1.2693230677873326,-0.8125632746084135,-68.83782743127983,-0.8604110866485712,29.23299533303228,-0.01912858174625246,0.32036631699508106,-0.001441,1.1348579370893002,0.0078843,0,1.0
1018,-0.0018655702468071134,0.04181024820701109,0.0015493,0.8719611650083201,3.0023031448610418,93.71867580141108,1.01338506043586,80.1099243705514,0.32696719194081925,-79.02735381490744,-0.8125632746084135,-66.55755439844977,-0.8604110866485712,-41.05861696535657,-0.01912858174625246,0.2771440277767949,-0.001441,7.6785551986891285,0.0078843,0,1.0
1019,0.2163464287222709,0.04963624735755082,0.0015493,0.8719611650083201,3.0023031448610418,-8.36048919898615,1.01338506043586,5.304342792303399,0.32696719194081925,-16.50391789093059,-0.8125632746084135,2.9052671456709516,-0.8604110866485712,14.202609731134666,-0.01912858174625246,-0.14149479813965038,-0.001441,0.13876526089136093,0.0078843,1,1.0
1020,0.030657208311053896,0.03892703239819715,0.0015493,0.8719611650083201,3.0023031448610418,88.41263269327187,1.01338506043586,76.63445610042429,0.32696719194081925,-79.40615541497893,-0.8125632746084135,-61.43999559143311,-0.8604110866485712,-36.38618457273957,-0.01912858174625246,0.2587997809694995,-0.001441,7.405124963266032,0.0078843,0,1.0
1021,0.014857455807881115,0.10389976851522396,0.0015493,0.8719611650083201,3.0023031448610418,56.52427683073558,1.01338506043586,52.76772741815697,0.32696719194081925,-77.85377233001282,-0.8125632746084135,17.339512172513174,-0.8604110866485712,-20.670279158930967,-0.01912858174625246,0.7167712296120698,-0.001441,4.90637292439671,0.0078843,0,1.0
1022,0.015682422761224335,0.022937703711206996,0.0015493,0.8719611650083201,3.0023031448610418,34.04529609915994,1.01338506043586,26.176434161112596,0.32696719194081925,-23.386244261858295,-0.8125632746084135,-16.025840787236344,-0.8604110866485712,-17.633798141905245,-0.01912858174625246,0.27661211867476765,-0.001441,2.6076418676261754,0.0078843,0,1.0
1023,0.613779585726169,0.1262716790124497,0.0015493,0.8719611650083201,3.0023031448610418,1.4578998253795181,1.01338506043586,34.74591288039347,0.32696719194081925,-79.55119701844384,-0.8125632746084135,22.26807325787008,-0.8604110866485712,30.59717718057521,-0.01912858174625246,0.2812371065189474,-0.001441,2.254701775802165,0.0078843,0,1.0
1024,0.0009483539945223107,0.03152559331576548,0.0015493,0.8719611650083201,3.0023031448610418,85.06968345511173,1.01338506043586,74.68644888299873,0.32696719194081925,-80.77352235051382,-0.8125632746084135,-53.34678244753878,-0.8604110866485712,-34.553801561536154,-0.01912858174625246,0.26424650470708144,-0.001441,7.154515963971418,0.0078843,0,1.0
1025,0.012550505288611902,0.018650728320553416,0.0015493,0.8719611650083201,3.0023031448610418,22.59425239814398,1.01338506043586,22.57505506981243,0.32696719194081925,-34.732660568730424,-0.8125632746084135,9.27532995000307,-0.8604110866485712,-7.336625569140164,-0.01912858174625246,0.2990855197081175,-0.001441,2.0227753994158375,0.0078843,0,1.0
1026,0.8089782940597393,0.23096712591248775,0.0015493,0.8719611650083201,3.0023031448610418,4.042226050361401,1.01338506043586,28.16746684215338,0.32696719194081925,-43.134261256575854,-0.8125632746084135,-17.713575381124482,-0.8604110866485712,22.489133436123318,-0.01912858174625246,0.32051247784598136,-0.001441,1.978686642464412,0.0078843,0,1.0
1027,1.1609828330224699,0.39613543138116913,0.0015493,0.8719611650083201,3.0023031448610418,-3.977108572279538,1.01338506043586,28.99635498432109,0.32696719194081925,-43.40524265834873,-0.8125632746084135,-34.11337114440553,-0.8604110866485712,35.279530451114205,-0.01912858174625246,0.29360162501909415,-0.001441,1.9500145684596735,0.0078843,0,1.0
1028,-2.3324177507833e-05,0.026295212256314718,0.0015493,0.8719611650083201,3.0023031448610418,42.26282123984815,1.01338506043586,42.96393779148746,0.32696719194081925,-65.7123151268156,-0.8125632746084135,6.102477098915649,-0.8604110866485712,-11.992232623619431,-0.01912858174625246,0.36158185108362817,-0.001441,3.9016296450422874,0.0078843,0,1.0
1029,0.0002653271559065473,0.02139193920149403,0.0015493,0.8719611650083201,3.0023031448610418,48.70586001317686,1.01338506043586,45.1606461733646,0.32696719194081925,-54.99023537951192,-0.8125632746084135,-17.14915986625647,-0.8604110866485712,-18.607024443229303,-0.01912858174625246,0.27101807642066067,-0.001441,4.172952177054909,0.0078843,0,1.0
1030,0.008800020649380125,0.0336546359587173,0.0015493,0.8719611650083201,3.0023031448610418,74.29333560017136,1.01338506043586,60.51023074543759,0.32696719194081925,-56.649398015374274,-0.8125632746084135,-53.20129127166753,-0.8604110866485712,-34.14435528167076,-0.01912858174625246,0.26323556026128836,-0.001441,5.983853767692292,0.0078843,0,1.0
1031,0.0022286615459448655,0.09814203543681908,0.0015493,0.8719611650083201,3.0023031448610418,3.1797070740402837,1.01338506043586,9.42408849590645,0.32696719194081925,-49.727498220431436,-0.8125632746084135,88.48123525167925,-0.8604110866485712,4.555263371220368,-0.01912858174625246,0.6528876335247066,-0.001441,0.8665479849908914,0.0078843,0,1.0
1032,0.1871118625924208,0.01093161989658219,0.0015493,0.8719611650083201,3.0023031448610418,-8.207233337070459,1.01338506043586,1.7235871244072811,0.32696719194081925,-14.824857972028623,-0.8125632746084135,6.950846448113817,-0.8604110866485712,13.733114184583458,-0.01912858174625246,-0.01926127074028659,-0.001441,0.01874008982718862,0.0078843,1,1.0
1033,0.0008371665555374497,0.07923482640075236,0.0015493,0.8719611650083201,3.0023031448610418,40.142680712865626,1.01338506043586,25.49771041559048,0.32696719194081925,-24.62680707532221,-0.8125632746084135,-0.196815508834984,-0.8604110866485712,-23.472622591593876,-0.01912858174625246,0.5546688420170858,-0.001441,2.9118633678958763,0.0078843,0,1.0
1034,4.469871412116078e-06,0.028017650795519614,0.0015493,0.8719611650083201,3.0023031448610418,82.79649852092467,1.01338506043586,75.38961749248557,0.32696719194081925,-87.67369032958551,-0.8125632746084135,-45.96977513069411,-0.8604110866485712,-31.09861953931098,-0.01912858174625246,0.2596951072584641,-0.001441,7.133268657399739,0.0078843,0,1.0
1035,1.217983963376212,0.3198608754386436,0.0015493,0.8719611650083201,3.0023031448610418,-31.62748268416206,1.01338506043586,8.579322963727991,0.32696719194081925,-25.618241625739408,-0.8125632746084135,-37.48175390933757,-0.8604110866485712,53.813360063854994,-0.01912858174625246,-0.14965529564405822,-0.001441,0.14542102307448773,0.0078843,1,1.0
1036,0.0020255842572052263,0.017138349700417117,0.0015493,0.8719611650083201,3.0023031448610418,56.77103732026304,1.01338506043586,60.7471874277161,0.32696719194081925,-92.68030435761038,-0.8125632746084135,-4.448926708425053,-0.8604110866485712,-12.858288742502246,-0.01912858174625246,0.27031792205337535,-0.001441,5.46049048698477,0.0078843,0,1.0
1037,0.0003673452254659981,0.02719213158490907,0.0015493,0.8719611650083201,3.0023031448610418,41.266659395900696,1.01338506043586,27.315382356751535,0.32696719194081925,-14.846593515699453,-0.8125632746084135,-29.655593911371692,-0.8604110866485712,-25.011137576429935,-0.01912858174625246,0.28299853801804664,-0.001441,2.9203850233315207,0.0078843,0,1.0
1038,0.21084505032634504,0.038435629417532535,0.0015493,0.8719611650083201,3.0023031448610418,27.953049523921493,1.01338506043586,45.0776358925948,0.32696719194081925,-86.35086977900006,-0.8125632746084135,18.327792657020392,-0.8604110866485712,7.862036625990776,-0.01912858174625246,0.285802094812754,-0.001441,3.64853947445066,0.0078843,0,1.0
1039,0.011119509235113179,0.006137290488250735,0.0015493,0.8719611650083201,3.0023031448610418,0.47508573916820185,1.01338506043586,23.367310081745387,0.32696719194081925,-86.91355299268545,-0.8125632746084135,76.72488685577584,-0.8604110866485712,21.954853294579777,-0.01912858174625246,0.29833503433370234,-0.001441,1.5497117363053428,0.0078843,0,1.0
1040,0.007713077304564386,0.030905489619736236,0.0015493,0.8719611650083201,3.0023031448610418,49.60706239781241,1.01338506043586,45.08953892019731,0.32696719194081925,-58.5122920269152,-0.8125632746084135,-10.453450231944748,-0.8604110866485712,-18.32577153166625,-0.01912858174625246,0.34386359260023847,-0.001441,4.295693230298813,0.0078843,0,1.0
1041,0.0034647465970292224,0.02806666531206355,0.0015493,0.8719611650083201,3.0023031448610418,65.43981606053656,1.01338506043586,60.03227501187759,0.32696719194081925,-69.6870267487228,-0.8125632746084135,-31.600653438124745,-0.8604110866485712,-25.37678838068608,-0.01912858174625246,0.2835765953834408,-0.001441,5.58167883607053,0.0078843,0,1.0
1042,0.0010960070168319902,0.0479808493071254,0.0015493,0.8719611650083201,3.0023031448610418,77.26054794039051,1.01338506043586,47.17120110799541,0.32696719194081925,-4.840562572156853,-0.8125632746084135,-89.5206335909071,-0.8604110866485712,-51.223671155484,-0.01912858174625246,0.26719131263222895,-0.001441,5.170727456591131,0.0078843,0,1.0
1043,0.008640169876343529,0.025797086510137887,0.0015493,0.8719611650083201,3.0023031448610418,37.764523900931806,1.01338506043586,26.74975158130748,0.32696719194081925,-18.00880821390027,-0.8125632746084135,-23.771337330712623,-0.8604110866485712,-21.812249672212864,-0.01912858174625246,0.28395851505729586,-0.001441,2.7415951924789104,0.0078843,0,1.0
1044,0.37057446208744926,0.07910888388787199,0.0015493,0.8719611650083201,3.0023031448610418,20.563272247568666,1.01338506043586,31.09043790123798,0.32696719194081925,-46.36584742512203,-0.8125632746084135,-9.145688766422689,-0.8604110866485712,4.714550108907066,-0.01912858174625246,0.2768729695833234,-0.001441,2.6111644633611686,0.0078843,0,1.0
1045,-0.003943658342765666,0.36930758614455234,0.0015493,0.8719611650083201,3.0023031448610418,50.59784582593308,1.01338506043586,30.034213327358295,0.32696719194081925,-41.44773574959846,-0.8125632746084135,55.13707232362206,-0.8604110866485712,-33.0033502982422,-0.01912858174625246,1.3776622066502826,-0.001441,3.4434244112475243,0.0078843,0,1.0
1046,1.6132655325988803,0.6451738391502166,0.0015493,0.8719611650083201,3.0023031448610418,-51.19225551702341,1.01338506043586,16.33045595839701,0.32696719194081925,-69.05985920090615,-0.8125632746084135,-21.166818004466787,-0.8604110866485712,88.51076116254733,-0.01912858174625246,-0.3314993688511962,-0.001441,0.3397604266617738,0.0078843,1,1.0
1047,0.00023420293680387338,0.04159644521474838,0.0015493,0.8719611650083201,3.0023031448610418,78.90448694689324,1.01338506043586,57.404933764236965,0.32696719194081925,-33.95081244137815,-0.8125632746084135,-73.77605884464191,-0.8604110866485712,-44.19943133448788,-0.01912858174625246,0.27441605283172343,-0.001441,5.819039119765791,0.0078843,0,1.0
1048,0.004125225195039883,0.014878058561156225,0.0015493,0.8719611650083201,3.0023031448610418,42.35205297998491,1.01338506043586,46.40914372066032,0.32696719194081925,-73.76777036484617,-0.8125632746084135,3.973001013076873,-0.8604110866485712,-8.882370561867145,-0.01912858174625246,0.26777218288568494,-0.001441,4.121105503698275,0.0078843,0,1.0
1049,0.0013364994204561054,0.024229196412564016,0.0015493,0.8719611650083201,3.0023031448610418,51.041167790833065,1.01338506043586,42.591313250902985,0.32696719194081925,-42.22462177477539,-0.8125632746084135,-28.633063054049135,-0.8604110866485712,-23.64560066895964,-0.01912858174625246,0.2690226944168337,-0.001441,4.095028770327435,0.0078843,0,1.0
1050,0.005739032552758427,0.03703063643416831,0.0015493,0.8719611650083201,3.0023031448610418,83.94800835983212,1.01338506043586,66.79097272386713,0.32696719194081925,-55.595871952420566,-0.8125632746084135,-68.47985921086386,-0.8604110866485712,-40.93272942316874,-0.01912858174625246,0.2599895045882601,-0.001441,6.6010588896556275,0.0078843,0,1.0
1051,0.9122532705023789,0.250850060727246,0.0015493,0.8719611650083201,3.0023031448610418,-36.91903057281579,1.01338506043586,11.16570203518146,0.32696719194081925,-65.48607606934345,-0.8125632746084135,16.145118534396072,-0.8604110866485712,63.26891831331952,-0.01912858174625246,-0.21996690745129135,-0.001441,0.21041825609855577,0.0078843,1,1.0
1052,0.0022137948146816466,0.15410482942972398,0.0015493,0.8719611650083201,3.0023031448610418,63.38187127189382,1.01338506043586,55.4719450390841,0.32696719194081925,-84.9642093853178,-0.8125632746084135,25.938645517024078,-0.8604110866485712,-24.07539166847095,-0.01912858174625246,0.8687112937641155,-0.001441,5.449851129894001,0.0078843,0,1.0
1053,0.003381425924017245,0.32357438152661533,0.0015493,0.8719611650083201,3.0023031448610418,28.571456285483972,1.01338506043586,20.32002175676866,0.32696719194081925,-47.40461156972967,-0.8125632746084135,88.59431016226445,-0.8604110866485712,-17.513605533274372,-0.01912858174625246,1.3984679171374317,-0.001441,2.0071958083776895,0.0078843,0,1.0
1054,0.050311223493630486,0.028397117331682237,0.0015493,0.8719611650083201,3.0023031448610418,59.205572923911994,1.01338506043586,57.191803848942186,0.32696719194081925,-70.85216797672912,-0.8125632746084135,-26.461287940292006,-0.8604110866485712,-19.800317612559137,-0.01912858174625246,0.2647797331762649,-0.001441,5.263334091902232,0.0078843,0,1.0
1055,0.0018957377194810388,0.029332988313166507,0.0015493,0.8719611650083201,3.0023031448610418,71.50861472854285,1.01338506043586,60.446980197678215,0.32696719194081925,-59.95016162359508,-0.8125632746084135,-47.25752766508662,-0.8604110866485712,-31.782304035271885,-0.01912858174625246,0.2648217737990408,-0.001441,5.828943672978172,0.0078843,0,1.0
1056,0.04414524699904199,0.026027198727453033,0.0015493,0.8719611650083201,3.0023031448610418,33.118377265807894,1.01338506043586,30.821037554429292,0.32696719194081925,-35.88528442986195,-0.8125632746084135,-9.917250612553621,-0.8604110866485712,-13.188931529657978,-0.01912858174625246,0.27591197167129144,-0.001441,2.8003823123509255,0.0078843,0,1.0
1057,0.04614008376770973,0.07914501479955444,0.0015493,0.8719611650083201,3.0023031448610418,50.34732810297409,1.01338506043586,54.50558853214944,0.32696719194081925,-92.10171034021539,-0.8125632746084135,26.318199607809724,-0.8604110866485712,-11.146259282910819,-0.01912858174625246,0.6233965325677082,-0.001441,4.8596181959281335,0.0078843,0,1.0
1058,-0.0035487946954724237,0.04641554158791862,0.0015493,0.8719611650083201,3.0023031448610418,14.025395522998235,1.01338506043586,32.228779697986184,0.32696719194081925,-97.22394533955374,-0.8125632746084135,85.78369533370403,-0.8604110866485712,13.132391455984344,-0.01912858174625246,0.6043001517550762,-0.001441,2.4550750139747923,0.0078843,0,1.0
1059,0.0006888548716919018,0.05168672452950042,0.0015493,0.8719611650083201,3.0023031448610418,29.125064020908425,1.01338506043586,24.420112387900897,0.32696719194081925,-39.962736147624796,-0.8125632746084135,21.151682833505873,-0.8604110866485712,-11.726254571941228,-0.01912858174625246,0.5133152527944022,-0.001441,2.4621260470245687,0.0078843,0,1.0
1060,-0.00021135272443939535,0.030623715318827335,0.0015493,0.8719611650083201,3.0023031448610418,63.904461358584236,1.01338506043586,50.57968267856177,0.32696719194081925,-45.68340235939378,-0.8125632746084135,-43.80058885099456,-0.8604110866485712,-30.785612231409534,-0.01912858174625246,0.27146271908636477,-0.001441,5.052363838577724,0.0078843,0,1.0
1061,0.0010131379633229187,0.012250746014239833,0.0015493,0.8719611650083201,3.0023031448610418,45.00781571695529,1.01338506043586,54.13220692591868,0.32696719194081925,-94.69217536919626,-0.8125632746084135,13.724869033171313,-0.8604110866485712,-4.672297520554802,-0.01912858174625246,0.2665219427659191,-0.001441,4.701459245731289,0.0078843,0,1.0
1062,-0.002814540211964478,0.37440352353644607,0.0015493,0.8719611650083201,3.0023031448610418,58.266641282755245,1.01338506043586,24.832665841016354,0.32696719194081925,-9.935237428831078,-0.8125632746084135,18.706127017034476,-0.8604110866485712,-45.72551646463189,-0.01912858174625246,1.2507304376879853,-0.001441,3.482815988795127,0.0078843,0,1.0
1063,0.0005793385342198754,0.012083983870271913,0.0015493,0.8719611650083201,3.0023031448610418,27.407038765327552,1.01338506043586,36.4852894321317,0.32696719194081925,-74.90529222956286,-0.8125632746084135,28.914066147375394,-0.8604110866485712,1.1021356990168079,-0.01912858174625246,0.28922801868836645,-0.001441,3.1298659180954433,0.0078843,0,1.0
1064,0.003531323053505453,0.013853606112658694,0.0015493,0.8719611650083201,3.0023031448610418,29.11035895623846,1.01338506043586,32.539467093592116,0.32696719194081925,-56.647110229070584,-0.8125632746084135,13.46244904112479,-0.8604110866485712,-5.1194041616040025,-0.01912858174625246,0.2775626891859655,-0.001441,2.8995584660780036,0.0078843,0,1.0
1065,-1.1022901937440821e-05,0.04120560121716122,0.0015493,0.8719611650083201,3.0023031448610418,40.27751645679209,1.01338506043586,25.47493726472137,0.32696719194081925,-17.21534470015211,-0.8125632746084135,-20.763266675170666,-0.8604110866485712,-23.860086852054813,-0.01912858174625246,0.34141124341529205,-0.001441,2.8977366354913334,0.0078843,0,1.0
1066,0.010111779771239338,0.010593438785499924,0.0015493,0.8719611650083201,3.0023031448610418,21.722160678617403,1.01338506043586,33.17348621356421,0.32696719194081925,-74.24688706318693,-0.8125632746084135,35.558564252762075,-0.8604110866485712,4.763446703192324,-0.01912858174625246,0.2840430144046149,-0.001441,2.743727260473184,0.0078843,0,1.0
1067,0.007619995594994489,0.056799535720464686,0.0015493,0.8719611650083201,3.0023031448610418,66.58941269425782,1.01338506043586,43.008946370779334,0.32696719194081925,-14.977735097249516,-0.8125632746084135,-61.2872199798105,-0.8604110866485712,-42.182155389386764,-0.01912858174625246,0.36683832312316556,-0.001441,4.586626731318514,0.0078843,0,1.0
1068,0.01001823165654847,0.03522310981143059,0.0015493,0.8719611650083201,3.0023031448610418,70.54174719472789,1.01338506043586,54.83956753354627,0.32696719194081925,-43.68082564380129,-0.8125632746084135,-55.938571810162244,-0.8604110866485712,-35.64082229328713,-0.01912858174625246,0.2728437587028054,-0.001441,5.463540878330899,0.0078843,0,1.0
1069,0.004875166571488343,0.02583957341243769,0.0015493,0.8719611650083201,3.0023031448610418,70.88643387781853,1.01338506043586,72.60752314116502,0.32696719194081925,-99.37004788086278,-0.8125632746084135,-20.889990381830735,-0.8604110866485712,-20.557701762383154,-0.01912858174625246,0.28527403846589117,-0.001441,6.512823230243207,0.0078843,0,1.0
1070,0.00025864417004700657,0.016845131665955276,0.0015493,0.8719611650083201,3.0023031448610418,3.6601837939746593,1.01338506043586,13.274431298869745,0.32696719194081925,-47.91310850811099,-0.8125632746084135,53.20656299248305,-0.8604110866485712,7.7742759966568595,-0.01912858174625246,0.3832684951166214,-0.001441,0.9399233145918366,0.0078843,0,1.0
1071,-0.0024225654297842514,0.06810338128442109,0.0015493,0.8719611650083201,3.0023031448610418,59.83616255554153,1.01338506043586,54.99465948018088,0.32696719194081925,-81.03301915912573,-0.8125632746084135,1.44064168154422,-0.8604110866485712,-19.44846575860048,-0.01912858174625246,0.4816490413361869,-0.001441,5.366442328863788,0.0078843,0,1.0
1072,0.0031652315562933353,0.05524610333286656,0.0015493,0.8719611650083201,3.0023031448610418,71.88737019272348,1.01338506043586,50.538785001631794,0.32696719194081925,-32.26193576014942,-0.8125632746084135,-56.89574958398476,-0.8604110866485712,-40.533444790985286,-0.01912858174625246,0.36669255579537996,-0.001441,5.29015190226697,0.0078843,0,1.0
1073,-0.0016561564200432422,0.43288351035686123,0.0015493,0.8719611650083201,3.0023031448610418,99.50998424359305,1.01338506043586,65.51689542833743,0.32696719194081925,-53.77616912429383,-0.8125632746084135,-10.754398281532385,-0.8604110866485712,-61.40241013277134,-0.01912858174625246,1.3691555276375373,-0.001441,6.968931914329951,0.0078843,0,1.0
1074,0.05071641036316704,0.019122656080210063,0.0015493,0.8719611650083201,3.0023031448610418,1.3389191409717127,1.01338506043586,13.752983630101385,0.32696719194081925,-50.13012579236929,-0.8125632746084135,52.22198956476369,-0.8604110866485712,11.091465594771483,-0.01912858174625246,0.35216559693350175,-0.001441,0.9110385038840392,0.0078843,0,1.0
1075,0.8018435159146959,0.23949630151074822,0.0015493,0.8719611650083201,3.0023031448610418,-0.5739197540637273,1.01338506043586,20.909992091222584,0.32696719194081925,-33.87533623059627,-0.8125632746084135,-14.645386376620293,-0.8604110866485712,23.107951563668077,-0.01912858174625246,0.33460600549644215,-0.001441,1.5005844118315281,0.0078843,0,1.0
1076,0.01289069044555946,0.039092595258615664,0.0015493,0.8719611650083201,3.0023031448610418,81.86409309538554,1.01338506043586,63.92492535075047,0.32696719194081925,-51.47524323232029,-0.8125632746084135,-68.06688190091872,-0.8604110866485712,-40.488469945539194,-0.01912858174625246,0.26090232342445097,-0.001441,6.4009401529998335,0.0078843,0,1.0
1077,0.18678358117697058,0.024676030103796074,0.0015493,0.8719611650083201,3.0023031448610418,-8.89848073188377,1.01338506043586,22.628237197306664,0.32696719194081925,-94.71206592692512,-0.8125632746084135,84.2269907909585,-0.8604110866485712,33.51353844473568,-0.01912858174625246,0.3100753335876757,-0.001441,1.3049012555708819,0.0078843,0,1.0
1078,0.006902221351216653,0.019565862766912412,0.0015493,0.8719611650083201,3.0023031448610418,36.68175630680955,1.01338506043586,32.02274276315309,0.32696719194081925,-38.82561012169735,-0.8125632746084135,-9.430105428872903,-0.8604110866485712,-15.001995177347368,-0.01912858174625246,0.2729120786519077,-0.001441,3.078541306737942,0.0078843,0,1.0
1079,0.005093300167654746,0.0321324842941603,0.0015493,0.8719611650083201,3.0023031448610418,56.451754737636556,1.01338506043586,38.62094552275253,0.32696719194081925,-18.922808168054836,-0.8125632746084135,-51.10257862928279,-0.8604110866485712,-33.59352344927597,-0.01912858174625246,0.2666852892040914,-0.001441,4.033154628089048,0.0078843,0,1.0
1080,0.2496098818151986,0.08228331749970112,0.0015493,0.8719611650083201,3.0023031448610418,76.34681054857786,1.01338506043586,71.49133762069445,0.32696719194081925,-71.89197674805268,-0.8125632746084135,-65.3310819257602,-0.8604110866485712,-26.669862987423596,-0.01912858174625246,0.2721018956156298,-0.001441,6.7127472813568,0.0078843,0,1.0
1081,0.007986498369477568,0.028045887936756133,0.0015493,0.8719611650083201,3.0023031448610418,23.83194384108727,1.01338506043586,12.912914814927271,0.32696719194081925,-6.079401092224409,-0.8125632746084135,-7.674753566210386,-0.8604110866485712,-16.02692064157391,-0.01912858174625246,0.3038747961690986,-0.001441,1.5917882511001573,0.0078843,0,1.0
1082,0.00018525335238273044,0.019571995704208266,0.0015493,0.8719611650083201,3.0023031448610418,42.736746221876885,1.01338506043586,38.707324952399766,0.32696719194081925,-46.65169467989467,-0.8125632746084135,-13.689638284351966,-0.8604110866485712,-17.00123316094001,-0.01912858174625246,0.26861706518938266,-0.001441,3.6165451159848354,0.0078843,0,1.0
1083,0.002664512380211037,0.034438530365396465,0.0015493,0.8719611650083201,3.0023031448610418,11.530868753089978,1.01338506043586,4.332980373387129,0.32696719194081925,-5.964279579643092,-0.8125632746084135,18.039656387818265,-0.8604110866485712,-9.147819018318529,-0.01912858174625246,0.39022755640749096,-0.001441,0.7031999637653096,0.0078843,0,1.0
1084,1.4566092028860944,0.626002326055688,0.0015493,0.8719611650083201,3.0023031448610418,-21.15911956892464,1.01338506043586,19.725059433071433,0.32696719194081925,-37.72996436881175,-0.8125632746084135,-32.216962264743515,-0.8604110866485712,51.16818792231644,-0.01912858174625246,0.3139946847711661,-0.001441,1.1103983454720772,0.0078843,0,1.0
1085,0.006381083426628242,0.03425926812685888,0.0015493,0.8719611650083201,3.0023031448610418,60.97776731234998,1.01338506043586,42.105422030555545,0.32696719194081925,-20.923367227525073,-0.8125632746084135,-56.56709526490732,-0.8604110866485712,-35.95043238964016,-0.01912858174625246,0.266501636653504,-0.001441,4.378750083035492,0.0078843,0,1.0
1086,0.058347609702407044,0.032644272576209644,0.0015493,0.8719611650083201,3.0023031448610418,39.07113715153643,1.01338506043586,29.05303616232604,0.32696719194081925,-18.82588224331361,-0.8125632746084135,-30.001326909490192,-0.8604110866485712,-21.418578160709632,-0.01912858174625246,0.27368651150405543,-0.001441,2.912536705076562,0.0078843,0,1.0
1087,0.0068779521974611235,0.031996754220687075,0.0015493,0.8719611650083201,3.0023031448610418,79.80649810721009,1.01338506043586,68.62945054460349,0.32696719194081925,-68.85995048099025,-0.8125632746084135,-54.54026887201895,-0.8604110866485712,-34.57432398961602,-0.01912858174625246,0.2611599602513417,-0.001441,6.564868572982594,0.0078843,0,1.0
1088,1.9182698539140404,0.8957906208337102,0.0015493,0.8719611650083201,3.0023031448610418,-15.623842735084118,1.01338506043586,51.652660504882924,0.32696719194081925,-99.01306272121306,-0.8125632746084135,-40.08002353273465,-0.8604110866485712,73.91475029655177,-0.01912858174625246,0.26836590676183425,-0.001441,3.2779328487828097,0.0078843,0,1.0
1089,0.01825857350871196,0.04131954282526984,0.0015493,0.8719611650083201,3.0023031448610418,87.94276110432298,1.01338506043586,70.89856104313291,0.32696719194081925,-62.51522195345895,-0.8125632746084135,-70.24095423585396,-0.8604110866485712,-41.10424595129861,-0.01912858174625246,0.2592659225130163,-0.001441,7.0371641748215925,0.0078843,0,1.0
1090,0.011148529918115546,0.013481697880236291,0.0015493,0.8719611650083201,3.0023031448610418,26.624291651099313,1.01338506043586,35.339298559523414,0.32696719194081925,-67.5001431753823,-0.8125632746084135,22.650434757461646,-0.8604110866485712,-0.5878531390255468,-0.01912858174625246,0.2764320601559467,-0.001441,2.9285306541930276,0.0078843,0,1.0
1091,1.5898876080836721,0.6897830388847125,0.0015493,0.8719611650083201,3.0023031448610418,18.686488590908215,1.01338506043586,60.071228168025144,0.32696719194081925,-72.24549074289177,-0.8125632746084135,-84.41453060378002,-0.8604110866485712,37.49660815089457,-0.01912858174625246,0.2659113636559791,-0.001441,4.620789020288035,0.0078843,0,1.0
1092,0.6910666796167976,0.14683136608066225,0.0015493,0.8719611650083201,3.0023031448610418,-2.783796686221134,1.01338506043586,38.79203305577697,0.32696719194081925,-98.49835088672097,-0.8125632746084135,36.64157309571444,-0.8604110866485712,40.0754813700795,-0.01912858174625246,0.2984521570744012,-0.001441,2.431301995602914,0.0078843,0,1.0
1093,-0.0017398396062214827,0.031196495538684244,0.0015493,0.8719611650083201,3.0023031448610418,8.147156855200018,1.01338506043586,29.678690575038637,0.32696719194081925,-99.58104366808652,-0.8125632746084135,91.60038380270699,-0.8604110866485712,18.21632402023371,-0.01912858174625246,0.5411958267706211,-0.001441,2.1470269789930225,0.0078843,0,1.0
1094,0.004810036235364079,0.022568085105385844,0.0015493,0.8719611650083201,3.0023031448610418,11.845101114750307,1.01338506043586,14.348872044168987,0.32696719194081925,-37.82146694726891,-0.8125632746084135,33.4255454439523,-0.8604110866485712,0.38922703177370255,-0.01912858174625246,0.3584817238063187,-0.001441,1.3501748900376735,0.0078843,0,1.0
1095,0.3496205434266999,0.08813995094846248,0.0015493,0.8719611650083201,3.0023031448610418,30.88271815917297,1.01338506043586,31.342782814609617,0.32696719194081925,-24.647432542249177,-0.8125632746084135,-37.19353894457454,-0.8604110866485712,-8.757361107002533,-0.01912858174625246,0.27445615100775766,-0.001441,2.8515198699780933,0.0078843,0,1.0
1096,0.010318139221363154,0.2790661866197152,0.0015493,0.8719611650083201,3.0023031448610418,65.8442844646333,1.01338506043586,50.90224965101229,0.32696719194081925,-68.5819321358792,-0.8125632746084135,33.15378048674596,-0.8604110866485712,-33.45552738664839,-0.01912858174625246,1.1902189128925291,-0.001441,5.0899012154161225,0.0078843,0,1.0
1097,-0.004871514456606718,0.6757801226520503,0.0015493,0.8719611650083201,3.0023031448610418,86.13455396365745,1.01338506043586,45.864615034561666,0.32696719194081925,-34.05493328997348,-0.8125632746084135,28.065346984775278,-0.8604110866485712,-61.5440020275799,-0.01912858174625246,1.760376418881096,-0.001441,5.500385149298016,0.0078843,0,1.0
1098,1.2256018160502888,0.44690921335673006,0.0015493,0.8719611650083201,3.0023031448610418,-37.86706177372846,1.01338506043586,13.340627826681812,0.32696719194081925,-50.6596688701877,-0.8125632746084135,-26.227045816628383,-0.8604110866485712,67.01843544436784,-0.01912858174625246,-0.3406447003054341,-0.001441,0.34062682878104694,0.0078843,1,1.0
1099,0.06822974862341669,0.03998242057750308,0.0015493,0.8719611650083201,3.0023031448610418,52.1287741791976,1.01338506043586,38.251347013324015,0.32696719194081925,-21.77634911461994,-0.8125632746084135,-48.20310173443868,-0.8604110866485712,-28.80986211914938,-0.01912858174625246,0.26791979234943186,-0.001441,3.8710315695827613,0.0078843,0,1.0
1100,0.176312611811635,0.0018677768987543067,0.0015493,1.9464841943037883,5.142739189835587,-83.46887992332394,1.01338506043586,4.908835732862103,0.32696719194081925,-68.99383253001156,-0.8125632746084135,51.85334165031323,-0.8604110866485712,71.4998094559092,-0.01912858174625246,-0.009159503258897325,-0.001441,0.009298119612933689,0.0078843,1,1.0
1101,0.006999005433582915,0.0011609474520253272,0.0015493,1.9464841943037883,5.142739189835587,-21.351718560181634,1.01338506043586,-3.627321640329364,0.32696719194081925,-11.588578768702975,-0.8125632746084135,69.30217903069985,-0.8604110866485712,10.516952590345062,-0.01912858174625246,-0.019057306552358225,-0.001441,0.019064325197517162,0.0078843,1,1.0
1102,0.018293161008891223,0.005626110360583015,0.0015493,1.9464841943037883,5.142739189835587,9.06131537306398,1.01338506043586,10.25013871614827,0.32696719194081925,-22.67722391571064,-0.8125632746084135,-80.92662943387995,-0.8604110866485712,10.024643497795777,-0.01912858174625246,-0.04544522433109853,-0.001441,0.04580972723778991,0.0078843,1,1.0
1103,0.16280927354017197,0.0016694159772905847,0.0015493,1.9464841943037883,5.142739189835587,-52.9988506198411,1.01338506043586,4.99984406794585,0.32696719194081925,-37.985153013023286,-0.8125632746084135,-33.6571737147747,-0.8604110866485712,51.782774015664785,-0.01912858174625246,-0.01723730668181574,-0.001441,0.01733579495332097,0.0078843,1,1.0
1104,0.14487629485157505,0.001308375637629851,0.0015493,1.9464841943037883,5.142739189835587,-80.11861075109013,1.01338506043586,4.323340865450946,0.32696719194081925,-73.00013487087166,-0.8125632746084135,76.25044540225022,-0.8604110866485712,68.05767181408856,-0.01912858174625246,-0.007765576138906162,-0.001441,0.0077829717952586485,0.0078843,1,1.0
1105,0.04273929835594181,0.005639798327097246,0.0015493,1.9464841943037883,5.142739189835587,4.111440343708857,1.01338506043586,8.74384594299657,0.32696719194081925,-22.41047747082213,-0.8125632746084135,-99.67252063855139,-0.8604110866485712,17.516966064605796,-0.01912858174625246,-0.04988637909686234,-0.001441,0.05008834168542666,0.0078843,1,1.0
1106,0.0009887218101389816,0.012010062082346893,0.0015493,1.9464841943037883,5.142739189835587,-2.0951354648884806,1.01338506043586,8.97600735367389,0.32696719194081925,-53.25467844938652,-0.8125632746084135,-5.961606383760482,-0.8604110866485712,23.472427664613193,-0.01912858174625246,-0.036985586790250366,-0.001441,0.05173602869941657,0.0078843,1,1.0
1107,0.21317944685387458,0.004591988619190316,0.0015493,1.9464841943037883,5.142739189835587,-71.21149592907818,1.01338506043586,1.3080306598427027,0.32696719194081925,-23.20625610300388,-0.8125632746084135,-7.7303397594568795,-0.8604110866485712,53.981220548343806,-0.01912858174625246,-0.01537406437989438,-0.001441,0.015197303213521713,0.0078843,1,1.0
1108,0.019981824527729897,0.003814811949113886,0.0015493,1.9464841943037883,5.142739189835587,-9.570274224209506,1.01338506043586,8.506203032223379,0.32696719194081925,-42.49594887691375,-0.8125632746084135,-24.429822808533476,-0.8604110866485712,23.57733275968741,-0.01912858174625246,-0.0380900377932353,-0.001441,0.038661531935777836,0.0078843,1,1.0
1109,0.012617638131547,0.00014544072742219154,0.0015493,1.9464841943037883,5.142739189835587,-36.53978116565274,1.01338506043586,1.9778236332655528,0.32696719194081925,-51.61396309557086,-0.8125632746084135,90.60570889961885,-0.8604110866485712,31.151103083139883,-0.01912858174625246,-0.0034633684024434072,-0.001441,0.003460340330224768,0.0078843,1,1.0
1110,0.1431133062879899,0.0013920400129214588,0.0015493,1.9464841943037883,5.142739189835587,-81.38066147971178,1.01338506043586,7.9640991908235605,0.32696719194081925,-88.88034535405244,-0.8125632746084135,70.51465459394562,-0.8604110866485712,74.40513037815809,-0.01912858174625246,-0.020603361317658147,-0.001441,0.02051847168952541,0.0078843,1,1.0
1111,-0.0004552952456859244,0.022627294719483514,0.0015493,1.9464841943037883,5.142739189835587,6.925318311320792,1.01338506043586,7.219917165810573,0.32696719194081925,-35.21723897019656,-0.8125632746084135,58.10988864030058,-0.8604110866485712,3.841778939062303,-0.01912858174625246,0.0036018280011311243,-0.001441,0.03857503950336629,0.0078843,0,1.0
1112,0.0935060064356821,0.0015697650146046897,0.0015493,1.9464841943037883,5.142739189835587,-70.41385943868855,1.01338506043586,9.221897305449957,0.32696719194081925,-96.48455510691501,-0.8125632746084135,85.41132818070105,-0.8604110866485712,68.17780676273077,-0.01912858174625246,-0.027148599854990112,-0.001441,0.027277195364696315,0.0078843,1,1.0
1113,0.002302532783950123,0.0509621794906061,0.0015493,1.9464841943037883,5.142739189835587,42.670502878413245,1.01338506043586,16.369288405623905,0.32696719194081925,-65.79471169793257,-0.8125632746084135,29.89438178345457,-0.8604110866485712,4.0054081697531565,-0.01912858174625246,0.005249903532674287,-0.001441,0.097394378627951,0.0078843,0,1.0
1114,0.09321212821561485,0.002174999411152562,0.0015493,1.9464841943037883,5.142739189835587,-47.29704739796483,1.01338506043586,-1.2762242627225602,0.32696719194081925,-23.24324418876166,-0.8125632746084135,54.61890378224969,-0.8604110866485712,32.04274651637648,-0.01912858174625246,-0.018503719962380427,-0.001441,0.01885781252218996,0.0078843,1,1.0
1115,0.22263440144519658,0.002778972848059555,0.0015493,1.9464841943037883,5.142739189835587,-95.09632612947628,1.01338506043586,8.881084320295605,0.32696719194081925,-85.97998416089371,-0.8125632746084135,22.05807390956428,-0.8604110866485712,88.30867880069057,-0.01912858174625246,-0.023663808051257923,-0.001441,0.023831054981659112,0.0078843,1,1.0
1116,-0.0019196783398136574,0.039707757816366686,0.0015493,1.9464841943037883,5.142739189835587,22.542805497534765,1.01338506043586,9.494454639809751,0.32696719194081925,-40.1448740745826,-0.8125632746084135,70.44999976408751,-0.8604110866485712,-2.385351833008827,-0.01912858174625246,0.01718375438824383,-0.001441,0.05521763809861712,0.0078843,0,1.0
1117,0.059371551445896446,0.0009301836606689085,0.0015493,1.9464841943037883,5.142739189835587,-3.1790071534403075,1.01338506043586,3.5294237637153016,0.32696719194081925,-1.8545195314067056,-0.8125632746084135,-70.86648578377958,-0.8604110866485712,11.364916838872979,-0.01912858174625246,-0.0204735897485443,-0.001441,0.020623668398273374,0.0078843,1,1.0
1118,0.11379485995787054,0.000851102577041763,0.0015493,1.9464841943037883,5.142739189835587,-39.965717782152616,1.01338506043586,4.903161543400149,0.32696719194081925,-35.10265151590827,-0.8125632746084135,-18.185685283592242,-0.8604110866485712,40.05360451949592,-0.01912858174625246,-0.016394719577061106,-0.001441,0.016408499488095283,0.0078843,1,1.0
1119,0.005285203365336097,0.014505782068073033,0.0015493,1.9464841943037883,5.142739189835587,18.660489420749943,1.01338506043586,8.886567594013428,0.32696719194081925,-26.501814487900027,-0.8125632746084135,-60.01958344995597,-0.8604110866485712,7.386962542207066,-0.01912858174625246,-0.03480246438088393,-0.001441,0.055079015496003025,0.0078843,1,1.0
1120,0.0007036065100898825,0.01351714340679874,0.0015493,1.9464841943037883,5.142739189835587,5.0099728700355985,1.01338506043586,13.466731586231013,0.32696719194081925,-52.676209106236456,-0.8125632746084135,-38.92730168163175,-0.8604110866485712,19.41294664218369,-0.01912858174625246,-0.05006499494543195,-0.001441,0.06095526250430642,0.0078843,1,1.0
1121,0.00457611793355156,0.013986841205358234,0.0015493,1.9464841943037883,5.142739189835587,7.338208192011478,1.01338506043586,15.528287164224883,0.32696719194081925,-53.462069226849685,-0.8125632746084135,-86.04395347603885,-0.8604110866485712,22.652338928118823,-0.01912858174625246,-0.0726547738347735,-0.001441,0.07247534917188697,0.0078843,1,1.0
1122,0.14967889669216344,0.0012247963124220561,0.0015493,1.9464841943037883,5.142739189835587,-71.38469421148034,1.01338506043586,5.079254823016442,0.32696719194081925,-62.420935086300034,-0.8125632746084135,43.08025366978663,-0.8604110866485712,62.253428813239836,-0.01912858174625246,-0.010833065224397469,-0.001441,0.010892649862154637,0.0078843,1,1.0
1123,0.05385843333760095,0.001866129842767415,0.0015493,1.9464841943037883,5.142739189835587,-36.20158554947079,1.01338506043586,-2.837205722195602,0.32696719194081925,-16.078046049164325,-0.8125632746084135,66.25857198192159,-0.8604110866485712,21.311517883000903,-0.01912858174625246,-0.021969985451316423,-0.001441,0.021997474356186212,0.0078843,1,1.0
1124,0.03298939008883435,0.0007813236077166465,0.0015493,1.9464841943037883,5.142739189835587,-17.764195268554218,1.01338506043586,-0.5584190635028662,0.32696719194081925,-7.387223969049727,-0.8125632746084135,27.22690323510853,-0.8604110866485712,10.3314910598733,-0.01912858174625246,-0.011210181276513107,-0.001441,0.011801389877364149,0.0078843,1,1.0
1125,0.08151975630722011,0.0009525302507382487,0.0015493,1.9464841943037883,5.142739189835587,-43.90778572357944,1.01338506043586,6.480435064745609,0.32696719194081925,-56.03021247250885,-0.8125632746084135,25.134340908051474,-0.8604110866485712,44.40272671789299,-0.01912858174625246,-0.02065860322584971,-0.001441,0.020803271919417297,0.0078843,1,1.0
1126,0.0031753589163244916,0.010092055962943398,0.0015493,1.9464841943037883,5.142739189835587,-16.758380650811475,1.01338506043586,7.797120607350269,0.32696719194081925,-37.08692649648214,-0.8125632746084135,69.58259839666833,-0.8604110866485712,10.71778538734659,-0.01912858174625246,-0.03445397726838878,-0.001441,0.042186001435800466,0.0078843,1,1.0
1127,0.02125426055486404,0.003281475896805388,0.0015493,1.9464841943037883,5.142739189835587,-20.80200298326237,1.01338506043586,9.288952409710758,0.32696719194081925,-56.87388779092431,-0.8125632746084135,9.124971265512174,-0.8604110866485712,31.12787035697705,-0.01912858174625246,-0.03631110561261308,-0.001441,0.036349453345976224,0.0078843,1,1.0
1128,0.10474346694542261,0.003226474109325678,0.0015493,1.9464841943037883,5.142739189835587,-38.498185768057205,1.01338506043586,10.657461805891453,0.32696719194081925,-57.60015647102117,-0.8125632746084135,-30.397257114796897,-0.8604110866485712,47.24322590901731,-0.01912858174625246,-0.039722002729128354,-0.001441,0.03972410629406548,0.0078843,1,1.0
1129,0.011910719037644533,0.00033385425996660273,0.0015493,1.9464841943037883,5.142739189835587,-23.57269280175855,1.01338506043586,3.5822457545924555,0.32696719194081925,-41.010251489088866,-0.8125632746084135,46.969361501055666,-0.8604110866485712,23.768744530782772,-0.01912858174625246,-0.011297717411469224,-0.001441,0.011335718617037761,0.0078843,1,1.0
1130,0.05322511942992755,0.0002568872673651124,0.0015493,1.9464841943037883,5.142739189835587,-41.940337355527966,1.01338506043586,1.9478173307511715,0.32696719194081925,-44.7607299517128,-0.8125632746084135,64.6177576386511,-0.8604110866485712,35.18459071159245,-0.01912858174625246,-0.003332016849088475,-0.001441,0.0033659759446566396,0.0078843,1,1.0
1131,0.16535756545557057,0.003115534429699978,0.0015493,1.9464841943037883,5.142739189835587,-50.86966627655021,1.01338506043586,9.705635881024188,0.32696719194081925,-52.77385441515388,-0.8125632746084135,-58.29718439899117,-0.8604110866485712,57.73371497429414,-0.01912858174625246,-0.037318448670602786,-0.001441,0.03750181558085783,0.0078843,1,1.0
1132,0.01310248594084587,0.003163675631383575,0.0015493,1.9464841943037883,5.142739189835587,-0.608946826075462,1.01338506043586,6.53094798605003,0.32696719194081925,-26.65161093347809,-0.8125632746084135,-42.326034540724415,-0.8604110866485712,14.927891572314232,-0.01912858174625246,-0.03487856469587655,-0.001441,0.034697881749429074,0.0078843,1,1.0
1133,0.10267929230671569,0.002340664377548102,0.0015493,1.9464841943037883,5.142739189835587,-55.00202625054387,1.01338506043586,9.105997181925085,0.32696719194081925,-76.2003429144843,-0.8125632746084135,23.88358292864379,-0.8604110866485712,59.09431728333725,-0.01912858174625246,-0.03261327312056808,-0.001441,0.03287725940848728,0.0078843,1,1.0
1134,0.1979928052372761,0.0038038914328286794,0.0015493,1.9464841943037883,5.142739189835587,-86.23156395592392,1.01338506043586,1.3544820528855608,0.32696719194081925,-51.482857197415306,-0.8125632746084135,48.98430124506832,-0.8604110866485712,68.01370113885504,-0.01912858174625246,-0.011203791059404517,-0.001441,0.011302759759467238,0.0078843,1,1.0
1135,0.0203156533443435,0.002027748747994307,0.0015493,1.9464841943037883,5.142739189835587,10.761194920145382,1.01338506043586,5.157907557342128,0.32696719194081925,-3.197501196610485,-0.8125632746084135,-78.03640366141332,-0.8604110866485712,3.4245994817958527,-0.01912858174625246,-0.02994922484391344,-0.001441,0.02994960008869395,0.0078843,1,1.0
1136,0.009107573515308881,4.067225207055953e-05,0.0015493,1.9464841943037883,5.142739189835587,-4.337938123746274,1.01338506043586,0.05924968070014293,0.32696719194081925,-4.0976365126818735,-0.8125632746084135,1.2329661536064744,-0.8604110866485712,4.435662713486442,-0.01912858174625246,-0.002352639129824524,-0.001441,0.002348182932868439,0.0078843,1,1.0
1137,0.1266917438456744,0.001941887144102583,0.0015493,1.9464841943037883,5.142739189835587,-41.495489833935835,1.01338506043586,-0.8100175219810344,0.32696719194081925,-9.825752888913676,-0.8125632746084135,-6.887407397443935,-0.8604110866485712,31.555521357181878,-0.01912858174625246,-0.008845557976183537,-0.001441,0.00892293901608298,0.0078843,1,1.0
1138,0.1609066609420773,0.0016155195312694058,0.0015493,1.9464841943037883,5.142739189835587,-39.47318735826147,1.01338506043586,5.65160298196742,0.32696719194081925,-19.803969009959058,-0.8125632746084135,-68.15327744495619,-0.8604110866485712,39.509419731501964,-0.01912858174625246,-0.017556685134892957,-0.001441,0.017832244951371482,0.0078843,1,1.0
1139,0.19431762790964535,0.006926816951861843,0.0015493,1.9464841943037883,5.142739189835587,-64.34058363072592,1.01338506043586,14.178921488554655,0.32696719194081925,-81.1019015278568,-0.8125632746084135,-68.46191031771319,-0.8604110866485712,77.70180722814405,-0.01912858174625246,-0.058295731197509935,-0.001441,0.058277803816069514,0.0078843,1,1.0
1140,0.061781598323762614,0.00030547205915150286,0.0015493,1.9464841943037883,5.142739189835587,-12.769902632552894,1.01338506043586,1.121394769304089,0.32696719194081925,-0.7354193576023634,-0.8125632746084135,-31.019845520548078,-0.8604110866485712,12.026303471399084,-0.01912858174625246,-0.003318773949392279,-0.001441,0.003263983788267497,0.0078843,1,1.0
1141,0.010588353677686041,0.0004978369886059314,0.0015493,1.9464841943037883,5.142739189835587,-21.882073866070186,1.01338506043586,4.098538494849396,0.32696719194081925,-40.2095697033211,-0.8125632746084135,43.747979594641855,-0.8604110866485712,22.39825468169536,-0.01912858174625246,-0.012769144798950792,-0.001441,0.012955487881972464,0.0078843,1,1.0
1142,0.04253702108310181,0.0035474796874066508,0.0015493,1.9464841943037883,5.142739189835587,-16.769244760038486,1.01338506043586,9.80302136125796,0.32696719194081925,-45.23034325196307,-0.8125632746084135,-24.60111717990413,-0.8604110866485712,27.889839958992418,-0.01912858174625246,-0.03766025418904758,-0.001441,0.03790658299464946,0.0078843,1,1.0
1143,0.14112908741202915,0.0014021815531732825,0.0015493,1.9464841943037883,5.142739189835587,-46.575565531767786,1.01338506043586,2.0676949948799397,0.32696719194081925,-22.789450999559662,-0.8125632746084135,-16.57787598441886,-0.8604110866485712,40.05789764669268,-0.01912858174625246,-0.002679570640951697,-0.001441,0.002615601058325836,0.0078843,1,1.0
1144,0.03914133185199337,0.0004587397526744811,0.0015493,1.9464841943037883,5.142739189835587,-37.60249268631245,1.01338506043586,1.5260039114404664,0.32696719194081925,-40.242885355194105,-0.8125632746084135,72.28660951673828,-0.8604110866485712,29.443303295039566,-0.01912858174625246,-0.00735816069858858,-0.001441,0.007816752437217835,0.0078843,1,1.0
1145,0.16791092197420254,0.0049774218714248395,0.0015493,1.9464841943037883,5.142739189835587,-58.936941685383545,1.01338506043586,13.44908791286839,0.32696719194081925,-75.10158943528819,-0.8125632746084135,-46.18305652992548,-0.8604110866485712,68.30154929505794,-0.01912858174625246,-0.04948663960728408,-0.001441,0.04946260466868234,0.0078843,1,1.0
1146,0.06778956125209312,0.005347093519174657,0.0015493,1.9464841943037883,5.142739189835587,-30.207509909534927,1.01338506043586,11.945440614562472,0.32696719194081925,-65.7974320408228,-0.8125632746084135,-23.932209038690118,-0.8604110866485712,44.257928413004905,-0.01912858174625246,-0.04862070075758745,-0.001441,0.04850392636784719,0.0078843,1,1.0
1147,0.0016381870441600221,0.027797137822864377,0.0015493,1.9464841943037883,5.142739189835587,31.088708440747496,1.01338506043586,4.9522483625745615,0.32696719194081925,-1.0787899752827037,-0.8125632746084135,17.55647679269221,-0.8604110866485712,-17.055919205165686,-0.01912858174625246,0.014598038619219749,-0.001441,0.040422770337464206,0.0078843,0,1.0
1148,0.026095838871040423,0.0012381422998448731,0.0015493,1.9464841943037883,5.142739189835587,-15.560424883666487,1.01338506043586,4.996507637963316,0.32696719194081925,-34.531459046010156,-0.8125632746084135,-2.6045396075160268,-0.8604110866485712,22.674309141191696,-0.01912858174625246,-0.023175976660200458,-0.001441,0.023206004713414462,0.0078843,1,1.0
1149,0.0597680006541596,0.0005090349416758194,0.0015493,1.9464841943037883,5.142739189835587,-24.6191172264667,1.01338506043586,0.21534821238147786,0.32696719194081925,-15.586643848346167,-0.8125632746084135,6.387806256460236,-0.8604110866485712,21.3496504969416,-0.01912858174625246,-0.00341790733671363,-0.001441,0.0033643552931180904,0.0078843,1,1.0
1150,0.1744463345905302,0.0027221825383801686,0.0015493,1.9464841943037883,5.142739189835587,-67.88718710835651,1.01338506043586,10.713017920922283,0.32696719194081925,-71.55287367984951,-0.8125632746084135,-12.120174056192274,-0.8604110866485712,68.69564381462106,-0.01912858174625246,-0.03372810820684095,-0.001441,0.03390744715395532,0.0078843,1,1.0
1151,0.0006153614424126985,0.012680877427811533,0.0015493,1.9464841943037883,5.142739189835587,-21.175420457829063,1.01338506043586,15.864567095334003,0.32696719194081925,-94.16572019170832,-0.8125632746084135,2.8858676902407563,-0.8604110866485712,45.33344341998449,-0.01912858174625246,-0.06945923182972363,-0.001441,0.06943454773163912,0.0078843,1,1.0
1152,0.2213170255398901,0.00687356232689042,0.0015493,1.9464841943037883,5.142739189835587,-75.72079763518322,1.01338506043586,14.86102261458067,0.32696719194081925,-88.06618922991468,-0.8125632746084135,-60.06871286683073,-0.8604110866485712,86.02162039305813,-0.01912858174625246,-0.055980924933345305,-0.001441,0.05661605886402718,0.0078843,1,1.0
1153,0.06402155218270855,0.01146168031581708,0.0015493,1.9464841943037883,5.142739189835587,-28.030804922471187,1.01338506043586,15.564003545255215,0.32696719194081925,-83.22946664655379,-0.8125632746084135,-46.33441459778128,-0.8604110866485712,52.32579937488932,-0.01912858174625246,-0.07082968338107648,-0.001441,0.0708934968264871,0.0078843,1,1.0
1154,0.2620534493003014,0.004620895435956784,0.0015493,1.9464841943037883,5.142739189835587,-89.97112658162715,1.01338506043586,12.493406735318942,0.32696719194081925,-80.09701697254106,-0.8125632746084135,-46.96881228703648,-0.8604110866485712,90.29976209711039,-0.01912858174625246,-0.039793913238845416,-0.001441,0.040001883189714774,0.0078843,1,1.0
1155,0.016166022445607,0.026844052446875277,0.0015493,1.9464841943037883,5.142739189835587,25.34710638439518,1.01338506043586,-0.6672678470983007,0.32696719194081925,-0.19009437247456984,-0.8125632746084135,-11.236283463815049,-0.8604110866485712,-4.398422392050274,-0.01912858174625246,-0.004925324486013804,-0.001441,0.053993895489746827,0.0078843,1,1.0
1156,0.004045215534135407,0.0006020402583398186,0.0015493,1.9464841943037883,5.142739189835587,-31.90119854503169,1.01338506043586,4.077928449886239,0.32696719194081925,-53.5849276762824,-0.8125632746084135,85.30638460251255,-0.8604110866485712,28.299305845076464,-0.01912858174625246,-0.011529082302722014,-0.001441,0.012035214229484243,0.0078843,1,1.0
1157,0.02813719297089773,0.007428575350154842,0.0015493,1.9464841943037883,5.142739189835587,-28.401268840890474,1.01338506043586,13.964359695193039,0.32696719194081925,-81.74431126838107,-0.8125632746084135,12.160227594567447,-0.8604110866485712,43.444442015911264,-0.01912858174625246,-0.05322488677039771,-0.001441,0.05359617252086204,0.0078843,1,1.0
1158,0.15281113107221805,0.002415259415204314,0.0015493,1.9464841943037883,5.142739189835587,-38.84160946047372,1.01338506043586,7.236225666386275,0.32696719194081925,-33.20133385360018,-0.8125632746084135,-76.65789317746574,-0.8604110866485712,45.99445626970507,-0.01912858174625246,-0.03199947101560804,-0.001441,0.03200121892211132,0.0078843,1,1.0
1159,0.22019301793143953,0.0038661434237623987,0.0015493,1.9464841943037883,5.142739189835587,-71.65324911789675,1.01338506043586,11.721234949528498,0.32696719194081925,-67.30385192412885,-0.8125632746084135,-56.71974002747306,-0.8604110866485712,75.2279091157874,-0.01912858174625246,-0.03996535806018204,-0.001441,0.03996572739571385,0.0078843,1,1.0
1160,0.07409656254242797,0.007844963451627848,0.0015493,1.9464841943037883,5.142739189835587,-32.995172284291684,1.01338506043586,14.985830399329574,0.32696719194081925,-76.71449186826602,-0.8125632746084135,-27.887487580281256,-0.8604110866485712,49.21539562817246,-0.01912858174625246,-0.05802204621210654,-0.001441,0.05794567859127659,0.0078843,1,1.0
1161,0.13642685749608224,0.0019433945106690147,0.0015493,1.9464841943037883,5.142739189835587,-40.4405731300189,1.01338506043586,7.796026375272687,0.32696719194081925,-39.948137548651864,-0.8125632746084135,-51.29538609045082,-0.8604110866485712,45.57513753308431,-0.01912858174625246,-0.02942738947394513,-0.001441,0.02939860375356263,0.0078843,1,1.0
1162,0.0664990776469564,0.0022864296072068334,0.0015493,1.9464841943037883,5.142739189835587,-17.99030272727087,1.01338506043586,7.854935487221306,0.32696719194081925,-32.597782996292004,-0.8125632746084135,-43.31890198236279,-0.8604110866485712,27.08113732674421,-0.01912858174625246,-0.03144958019039455,-0.001441,0.031313710160749256,0.0078843,1,1.0
1163,0.1812651823222426,0.014104894708143516,0.0015493,1.9464841943037883,5.142739189835587,-91.83226786105712,1.01338506043586,-4.5082715159449505,0.32696719194081925,-63.27450694283628,-0.8125632746084135,66.197899087122,-0.8604110866485712,80.60004956254024,-0.01912858174625246,-0.03640896960136997,-0.001441,0.03648629362788244,0.0078843,1,1.0
1164,0.051423501374200306,0.0007203138677983072,0.0015493,1.9464841943037883,5.142739189835587,-43.659898328730975,1.01338506043586,6.167751317323078,0.32696719194081925,-62.60674841548597,-0.8125632746084135,60.01476980470241,-0.8604110866485712,42.053734474501276,-0.01912858174625246,-0.018107775620510923,-0.001441,0.018067585563484565,0.0078843,1,1.0
1165,0.13469092668635183,0.0011143612459916545,0.0015493,1.9464841943037883,5.142739189835587,-44.875607220598134,1.01338506043586,5.445770967388605,0.32696719194081925,-36.329571071550426,-0.8125632746084135,-26.735373143981406,-0.8604110866485712,44.481820122384214,-0.01912858174625246,-0.01758500975853762,-0.001441,0.017565609350472876,0.0078843,1,1.0
1166,0.2827439814662507,0.0045542791285748604,0.0015493,1.9464841943037883,5.142739189835587,-81.26802038381203,1.01338506043586,5.791564174036811,0.32696719194081925,-34.011030332898166,-0.8125632746084135,-70.84345811151861,-0.8604110866485712,71.80908333452922,-0.01912858174625246,-0.012420680310126504,-0.001441,0.012456814125332685,0.0078843,1,1.0
1167,0.022958091495832028,0.010507424569511502,0.0015493,1.9464841943037883,5.142739189835587,0.7985988173163723,1.01338506043586,14.716387088625014,0.32696719194081925,-40.065661255442514,-0.8125632746084135,-62.217736023317926,-0.8604110866485712,16.137727710681705,-0.01912858174625246,-0.05545593823872901,-0.001441,0.0550368695142534,0.0078843,1,1.0
1168,0.10363671460607043,0.0028457217051539984,0.0015493,1.9464841943037883,5.142739189835587,-39.37302250311404,1.01338506043586,-2.8230138453891054,0.32696719194081925,-4.142833349207911,-0.8125632746084135,22.729692299393594,-0.8604110866485712,24.326795682520604,-0.01912858174625246,-0.021303416362108883,-0.001441,0.021474661617028698,0.0078843,1,1.0
1169,0.12177428906267769,0.0008249947084114564,0.0015493,1.9464841943037883,5.142739189835587,-50.613160644942894,1.01338506043586,3.921455867945287,0.32696719194081925,-41.716615971133166,-0.8125632746084135,10.278114020190696,-0.8604110866485712,45.9261490350838,-0.01912858174625246,-0.009547558090270625,-0.001441,0.009529428150589853,0.0078843,1,1.0
1170,0.08059510271436597,0.004960432964449486,0.0015493,1.9464841943037883,5.142739189835587,-24.19591034901612,1.01338506043586,11.350346535343894,0.32696719194081925,-52.014585069518326,-0.8125632746084135,-53.96707184550716,-0.8604110866485712,39.25562081188697,-0.01912858174625246,-0.04772939754542011,-0.001441,0.047933286895462814,0.0078843,1,1.0
1171,0.08175881272196522,0.00036647435820041463,0.0015493,1.9464841943037883,5.142739189835587,-26.145970615113413,1.01338506043586,2.8829523175716276,0.32696719194081925,-17.544563263215075,-0.8125632746084135,-15.636828952268926,-0.8604110866485712,24.317216389591856,-0.01912858174625246,-0.007813368104987454,-0.001441,0.00783121103086568,0.0078843,1,1.0
1172,0.054173477990650386,0.0002948043882939978,0.0015493,1.9464841943037883,5.142739189835587,-51.787341879669256,1.01338506043586,4.2921525569031,0.32696719194081925,-66.02628449992942,-0.8125632746084135,86.42622696613256,-0.8604110866485712,46.042900989469544,-0.01912858174625246,-0.010064524097003565,-0.001441,0.010067111344365576,0.0078843,1,1.0
1173,0.0015668969082013318,0.017322071402641293,0.0015493,1.9464841943037883,5.142739189835587,9.271892124308783,1.01338506043586,12.11958665059624,0.32696719194081925,-51.269512631813946,-0.8125632746084135,-29.212077448790676,-0.8604110866485712,17.723719632117863,-0.01912858174625246,-0.04019598513190794,-0.001441,0.062661411444177,0.0078843,1,1.0
1174,0.1412416070883169,0.0013446917461066073,0.0015493,1.9464841943037883,5.142739189835587,-69.94130089746606,1.01338506043586,7.801370070885882,0.32696719194081925,-74.91152668629006,-0.8125632746084135,36.9295886069343,-0.8604110866485712,66.25166100110958,-0.01912858174625246,-0.022055665085318796,-0.001441,0.02209202512527836,0.0078843,1,1.0
1175,0.25332508243027585,0.006441977495329069,0.0015493,1.9464841943037883,5.142739189835587,-99.08722572403342,1.01338506043586,0.7146309035314604,0.32696719194081925,-48.397628511480825,-0.8125632746084135,29.783767498498474,-0.8604110866485712,77.87210228801892,-0.01912858174625246,-0.013384260166256575,-0.001441,0.013497503606157637,0.0078843,1,1.0
1176,0.22160662470008669,0.004623986307336354,0.0015493,1.9464841943037883,5.142739189835587,-65.76172396079149,1.01338506043586,0.675089822053874,0.32696719194081925,-12.428953089103164,-0.8125632746084135,-33.208869580969996,-0.8604110866485712,50.13943125756844,-0.01912858174625246,-0.012757541247822858,-0.001441,0.012806104878982693,0.0078843,1,1.0
1177,0.1731403182083035,0.0035714759869202137,0.0015493,1.9464841943037883,5.142739189835587,-61.452997536771875,1.01338506043586,0.3338126787663216,0.32696719194081925,-20.382621211749917,-0.8125632746084135,8.928491927687983,-0.8604110866485712,44.98311837186152,-0.01912858174625246,-0.016569110404837294,-0.001441,0.0168143051895992,0.0078843,1,1.0
1178,0.04785132188522241,0.0001594468213831864,0.0015493,1.9464841943037883,5.142739189835587,-15.04088416425867,1.01338506043586,0.9508082037403905,0.32696719194081925,-6.476326005992603,-0.8125632746084135,-6.530718155783841,-0.8604110866485712,12.385014279623423,-0.01912858174625246,-0.002708307409521774,-0.001441,0.0027168083226194505,0.0078843,1,1.0
1179,0.1451729910827672,0.007773748834364703,0.0015493,1.9464841943037883,5.142739189835587,-73.75497963613915,1.01338506043586,-4.330950520918878,0.32696719194081925,-24.647582553017255,-0.8125632746084135,95.84117662131347,-0.8604110866485712,44.34386480574375,-0.01912858174625246,-0.04217420333513251,-0.001441,0.04221234657075215,0.0078843,1,1.0
1180,0.01587873048006172,0.0010961507306237513,0.0015493,1.9464841943037883,5.142739189835587,-22.48101249496998,1.01338506043586,-2.690219908180527,0.32696719194081925,-10.956151225838129,-0.8125632746084135,64.92124653158437,-0.8604110866485712,10.629736601819193,-0.01912858174625246,-0.019774471982677982,-0.001441,0.019765491049868987,0.0078843,1,1.0
1181,0.026339952023607626,0.00015184107368432256,0.0015493,1.9464841943037883,5.142739189835587,-5.6394863902092505,1.01338506043586,1.898566769641071,0.32696719194081925,-5.266214659003467,-0.8125632746084135,-15.925407187747238,-0.8604110866485712,6.8579643089359195,-0.01912858174625246,-0.006598271511682684,-0.001441,0.006570610897606571,0.0078843,1,1.0
1182,0.0005407485729046757,0.033371722721675316,0.0015493,1.9464841943037883,5.142739189835587,31.70081861532576,1.01338506043586,8.646377947210697,0.32696719194081925,-29.300972721225243,-0.8125632746084135,23.89015614839991,-0.8604110866485712,-5.159899833542189,-0.01912858174625246,0.015898090922598102,-0.001441,0.0532561505044625,0.0078843,0,1.0
1183,0.05008870192270195,0.0005326416747835201,0.0015493,1.9464841943037883,5.142739189835587,-35.92396806739572,1.01338506043586,4.045463790848646,0.32696719194081925,-48.43612686817338,-0.8125632746084135,38.608737524995135,-0.8604110866485712,35.881200533980895,-0.01912858174625246,-0.014003573529091052,-0.001441,0.013987905309907256,0.0078843,1,1.0
1184,0.06635047864942219,0.00255470164948817,0.0015493,1.9464841943037883,5.142739189835587,-54.752831515638974,1.01338506043586,10.08073531916851,0.32696719194081925,-89.16452094494467,-0.8125632746084135,61.85049420431953,-0.8604110866485712,58.242237324959525,-0.01912858174625246,-0.03402586387382008,-0.001441,0.033957331843137685,0.0078843,1,1.0
1185,0.17233205180279026,0.0025419518045581933,0.0015493,1.9464841943037883,5.142739189835587,-51.924910653800545,1.01338506043586,8.359058265070196,0.32696719194081925,-36.761255274035676,-0.8125632746084135,-42.044225620273124,-0.8604110866485712,48.467860109077776,-0.01912858174625246,-0.0249518286882615,-0.001441,0.02491161526000773,0.0078843,1,1.0
1186,0.1302919575268969,0.0017684861971252132,0.0015493,1.9464841943037883,5.142739189835587,-53.599186298224765,1.01338506043586,8.824251630783914,0.32696719194081925,-60.927273939370615,-0.8125632746084135,-4.217925060714362,-0.8604110866485712,55.26438058381329,-0.01912858174625246,-0.02875926143219487,-0.001441,0.028760857516465475,0.0078843,1,1.0
1187,0.2763573810799913,0.004139008668965436,0.0015493,1.9464841943037883,5.142739189835587,-84.27963439657191,1.01338506043586,7.409454415105494,0.32696719194081925,-47.06214125369102,-0.8125632746084135,-60.93262177934405,-0.8604110866485712,77.13274018870733,-0.01912858174625246,-0.018642020829088033,-0.001441,0.01883736971479837,0.0078843,1,1.0
1188,0.12022609391227507,0.0016246366473053491,0.0015493,1.9464841943037883,5.142739189835587,-61.06566434294663,1.01338506043586,8.56362871465435,0.32696719194081925,-74.28048615971935,-0.8125632746084135,27.99257170657789,-0.8604110866485712,61.455919994288244,-0.01912858174625246,-0.027507553554273968,-0.001441,0.027538418113542348,0.0078843,1,1.0
1189,0.0012769524656536246,0.01806484126029018,0.0015493,1.9464841943037883,5.142739189835587,7.9968934451744484,1.01338506043586,17.921652265776302,0.32696719194081925,-61.2699200755135,-0.8125632746084135,-73.74859638459168,-0.8604110866485712,22.63465438987174,-0.01912858174625246,-0.07269818480044513,-0.001441,0.07763627577480461,0.0078843,1,1.0
1190,0.0669780388990928,0.008503769489598072,0.0015493,1.9464841943037883,5.142739189835587,-7.204652375880893,1.01338506043586,13.381531252361812,0.32696719194081925,-43.23005341025321,-0.8125632746084135,-98.66288410966612,-0.8604110866485712,30.255943965836924,-0.01912858174625246,-0.060249525373994944,-0.001441,0.060751352934789934,0.0078843,1,1.0
1191,0.20252409126722395,0.0023582691084215596,0.0015493,1.9464841943037883,5.142739189835587,-72.29235852817835,1.01338506043586,7.7889427000493345,0.32696719194081925,-59.3660212852014,-0.8125632746084135,-24.178164536054407,-0.8604110866485712,69.88398829561166,-0.01912858174625246,-0.023855815875891778,-0.001441,0.023843190603196986,0.0078843,1,1.0
1192,0.013066489790803035,0.002056378838407553,0.0015493,1.9464841943037883,5.142739189835587,-38.34866051924147,1.01338506043586,7.625807111316494,0.32696719194081925,-77.43675065872802,-0.8125632746084135,74.74656783003913,-0.8604110866485712,42.78068519082006,-0.01912858174625246,-0.02745943613232422,-0.001441,0.027628302834228857,0.0078843,1,1.0
1193,0.19211725158944215,0.0020018725117751093,0.0015493,1.9464841943037883,5.142739189835587,-91.62423243265462,1.01338506043586,6.499342752575041,0.32696719194081925,-79.53119713463788,-0.8125632746084135,56.123451023014326,-0.8604110866485712,79.46722859879483,-0.01912858174625246,-0.014014961955248225,-0.001441,0.014058102705157545,0.0078843,1,1.0
1194,0.09212918192519588,0.0006778252159454811,0.0015493,1.9464841943037883,5.142739189835587,-30.241386443305252,1.01338506043586,3.465338636406577,0.32696719194081925,-25.326709060547742,-0.8125632746084135,-22.226876778582305,-0.8604110866485712,31.358058583586786,-0.01912858174625246,-0.014050057298073708,-0.001441,0.014074120106340514,0.0078843,1,1.0
1195,0.17317244359717202,0.0050055645208166456,0.0015493,1.9464841943037883,5.142739189835587,-65.6787993459183,1.01338506043586,-2.7639848125594364,0.32696719194081925,-20.901236248186454,-0.8125632746084135,19.234268693584013,-0.8604110866485712,49.117279023824935,-0.01912858174625246,-0.0182920999152082,-0.001441,0.01829160988766753,0.0078843,1,1.0
1196,0.010509450897223225,0.000649012652033676,0.0015493,1.9464841943037883,5.142739189835587,-28.05167889297449,1.01338506043586,-0.8725758840018099,0.32696719194081925,-26.75867034414238,-0.8125632746084135,82.69232086433534,-0.8604110866485712,17.36054854226119,-0.01912858174625246,-0.015009752238719913,-0.001441,0.015180613082619681,0.0078843,1,1.0
1197,0.24955157028170102,0.006639344719794796,0.0015493,1.9464841943037883,5.142739189835587,-93.07444450313106,1.01338506043586,0.6204190730755077,0.32696719194081925,-37.66992385665966,-0.8125632746084135,21.88767463152844,-0.8604110866485712,70.11345943727517,-0.01912858174625246,-0.020003494248720045,-0.001441,0.020018336140406528,0.0078843,1,1.0
1198,0.1857672923754058,0.0020791171250563387,0.0015493,1.9464841943037883,5.142739189835587,-57.653529648037264,1.01338506043586,6.941836005813718,0.32696719194081925,-42.779962159000576,-0.8125632746084135,-48.29365558127352,-0.8604110866485712,57.55027035515948,-0.01912858174625246,-0.023007048480384186,-0.001441,0.023086088403634762,0.0078843,1,1.0
1199,0.0005628001128641369,0.0535843001791464,0.0015493,1.9464841943037883,5.142739189835587,72.97100764262954,1.01338506043586,9.570734617037044,0.32696719194081925,-14.99233397964195,-0.8125632746084135,-29.573392369558736,-0.8604110866485712,-21.71623532877251,-0.01912858174625246,0.01825466397284077,-0.001441,0.09522399796009744,0.0078843,0,1.0
1200,0.057702820594701415,0.0003156014878393338,0.0015493,0.9287244942797835,7.711917279670906,-49.018426843409884,1.01338506043586,18.274868740804084,0.32696719194081925,-75.669971083956,-0.8125632746084135,-52.50265157876297,-0.8604110866485712,50.23265453002924,-0.01912858174625246,-0.01149397753368465,-0.001441,0.011484870574125687,0.0078843,1,1.0
1201,0.19819564888386748,0.003432790042187492,0.0015493,0.9287244942797835,7.711917279670906,-67.33753936146375,1.01338506043586,23.416362959053735,0.32696719194081925,-36.48730029753925,-0.8125632746084135,-52.226260694772144,-0.8604110866485712,64.17247556911524,-0.01912858174625246,-0.022406198014112984,-0.001441,0.022402353965976236,0.0078843,1,1.0
1202,0.1698139606305782,0.002852685976455878,0.0015493,0.9287244942797835,7.711917279670906,-57.12277242894601,1.01338506043586,10.931149276115626,0.32696719194081925,-28.833164047288538,-0.8125632746084135,21.533709777867255,-0.8604110866485712,53.886839730272136,-0.01912858174625246,-0.017738666306901695,-0.001441,0.017757892288479783,0.0078843,1,1.0
1203,0.08773604052751399,0.00041032404855574465,0.0015493,0.9287244942797835,7.711917279670906,-53.773766569226616,1.01338506043586,17.05515144982906,0.32696719194081925,-76.21365859549485,-0.8125632746084135,34.260031005147326,-0.8604110866485712,53.46735800887331,-0.01912858174625246,-0.00872575458335402,-0.001441,0.008750926959785337,0.0078843,1,1.0
1204,0.10345903917068831,0.0008510192796504028,0.0015493,0.9287244942797835,7.711917279670906,-43.055388110726106,1.01338506043586,9.106432951623392,0.32696719194081925,-30.257212208474083,-0.8125632746084135,-43.408945945024804,-0.8604110866485712,42.073619182218394,-0.01912858174625246,-0.005958593823238481,-0.001441,0.006215348356302058,0.0078843,1,1.0
1205,0.030985542214061794,8.730635439226443e-05,0.0015493,0.9287244942797835,7.711917279670906,-18.423744656900993,1.01338506043586,3.985312329068713,0.32696719194081925,-17.46018606578086,-0.8125632746084135,-47.35353479639478,-0.8604110866485712,18.72158689079977,-0.01912858174625246,-0.0022004345070165757,-0.001441,0.002211011515855927,0.0078843,1,1.0
1206,0.00042176982886996117,0.0053532911279854135,0.0015493,0.9287244942797835,7.711917279670906,-24.05279933672666,1.01338506043586,38.738872675105576,0.32696719194081925,-81.84815891465152,-0.8125632746084135,-16.056417348427285,-0.8604110866485712,25.695429738151986,-0.01912858174625246,-0.029801961403449054,-0.001441,0.02989824116633072,0.0078843,1,1.0
1207,0.07749598415092658,0.01347779671803626,0.0015493,0.9287244942797835,7.711917279670906,-50.3035095136213,1.01338506043586,-29.051721825793685,0.32696719194081925,-26.7973706922562,-0.8125632746084135,-17.127705069622653,-0.8604110866485712,50.56429861112767,-0.01912858174625246,-0.030696525992172968,-0.001441,0.030728887691605273,0.0078843,1,1.0
1208,0.07755448565267867,0.00042866131895813957,0.0015493,0.9287244942797835,7.711917279670906,-41.647823922281596,1.01338506043586,10.024466367080354,0.32696719194081925,-53.24053557926503,-0.8125632746084135,51.252580068557286,-0.8604110866485712,40.8448509180836,-0.01912858174625246,-0.00587910061996838,-0.001441,0.005880133672223738,0.0078843,1,1.0
1209,0.05577156390782534,0.00021422987071085568,0.0015493,0.9287244942797835,7.711917279670906,-41.94780156232583,1.01338506043586,16.15216954067213,0.32696719194081925,-60.55271019912876,-0.8125632746084135,-54.37811104042574,-0.8604110866485712,42.805698489277496,-0.01912858174625246,-0.009724890840252298,-0.001441,0.009719870008191061,0.0078843,1,1.0
1210,0.15208438621349138,0.0023115583646509097,0.0015493,0.9287244942797835,7.711917279670906,-67.52639094000928,1.01338506043586,11.236111569456869,0.32696719194081925,-60.83958937195778,-0.8125632746084135,27.118933596008983,-0.8604110866485712,65.70975907780277,-0.01912858174625246,-0.009415389568488105,-0.001441,0.00996760014591635,0.0078843,1,1.0
1211,0.09133358439086083,0.0009250334349859233,0.0015493,0.9287244942797835,7.711917279670906,-29.23386986410309,1.01338506043586,5.777573757011138,0.32696719194081925,-14.554235823293345,-0.8125632746084135,31.030139070131924,-0.8604110866485712,27.252987444987408,-0.01912858174625246,-0.010919642728762944,-0.001441,0.01092075849599714,0.0078843,1,1.0
1212,0.14449976353779515,0.002480255923299668,0.0015493,0.9287244942797835,7.711917279670906,-47.107104242081114,1.01338506043586,5.516360405379303,0.32696719194081925,-21.71942501957513,-0.8125632746084135,52.19069891857451,-0.8604110866485712,44.01220851964922,-0.01912858174625246,-0.016220263929942535,-0.001441,0.016262761451887615,0.0078843,1,1.0
1213,0.1324577243668429,0.001557083994734161,0.0015493,0.9287244942797835,7.711917279670906,-44.82862297448698,1.01338506043586,11.968156751836462,0.32696719194081925,-22.854172444153587,-0.8125632746084135,-14.515904499082266,-0.8604110866485712,42.56029107286534,-0.01912858174625246,-0.01377463922710339,-0.001441,0.013820183498857337,0.0078843,1,1.0
1214,0.13902784526793877,0.001181848721954845,0.0015493,0.9287244942797835,7.711917279670906,-70.78447028623926,1.01338506043586,18.952336361907385,0.32696719194081925,-78.80123380093526,-0.8125632746084135,1.1379304213550427,-0.8604110866485712,69.76441365393438,-0.01912858174625246,-0.010106020512504768,-0.001441,0.01005911573389412,0.0078843,1,1.0
1215,0.16490762796958733,0.001961442517232711,0.0015493,0.9287244942797835,7.711917279670906,-69.19384759355833,1.01338506043586,17.137854985405358,0.32696719194081925,-56.61042230751107,-0.8125632746084135,-22.158349273757874,-0.8604110866485712,67.22153724493818,-0.01912858174625246,-0.012948546447431337,-0.001441,0.012877188508771172,0.0078843,1,1.0
1216,0.08727554118236017,0.0004660541185042455,0.0015493,0.9287244942797835,7.711917279670906,-62.249401777582484,1.01338506043586,21.998207794105436,0.32696719194081925,-87.88587553302322,-0.8125632746084135,-58.75029642953437,-0.8604110866485712,63.203861286536664,-0.01912858174625246,-0.012288185617446335,-0.001441,0.012394351441607552,0.0078843,1,1.0
1217,0.0216166487297645,0.0010061127630489114,0.0015493,0.9287244942797835,7.711917279670906,-47.9755586668544,1.01338506043586,24.24554426886367,0.32696719194081925,-98.40004370544229,-0.8125632746084135,-65.3895488613949,-0.8604110866485712,50.642823366331136,-0.01912858174625246,-0.019741066232312084,-0.001441,0.0197376472462724,0.0078843,1,1.0
1218,0.06502121960969623,0.0002700508758511209,0.0015493,0.9287244942797835,7.711917279670906,-40.22275632839127,1.01338506043586,13.148378401833922,0.32696719194081925,-56.50441366332536,-0.8125632746084135,13.879639167202917,-0.8604110866485712,40.12506991189681,-0.01912858174625246,-0.006647558793762182,-0.001441,0.006770818039253402,0.0078843,1,1.0
1219,0.13894713327200692,0.0015353401825623945,0.0015493,0.9287244942797835,7.711917279670906,-47.911593848990904,1.01338506043586,9.564717670196728,0.32696719194081925,-18.09040813094045,-0.8125632746084135,-59.91161177905971,-0.8604110866485712,45.90936672165005,-0.01912858174625246,-0.011131871590649732,-0.001441,0.011124580575631489,0.0078843,1,1.0
1220,0.06784801216964471,0.00027044491149931814,0.0015493,0.9287244942797835,7.711917279670906,-46.76277818686108,1.01338506043586,16.042122064037727,0.32696719194081925,-73.70676479932622,-0.8125632746084135,43.21927031894281,-0.8604110866485712,46.73552764370536,-0.01912858174625246,-0.008349799652885464,-0.001441,0.008402193953218286,0.0078843,1,1.0
1221,0.06361734795625855,0.0003370360958380358,0.0015493,0.9287244942797835,7.711917279670906,-32.69533790755904,1.01338506043586,13.730530716196844,0.32696719194081925,-42.86649114899571,-0.8125632746084135,14.110051724363894,-0.8604110866485712,32.15822701797333,-0.01912858174625246,-0.008823928027505,-0.001441,0.00886025399749608,0.0078843,1,1.0
1222,0.13691372557640988,0.0013010001198398306,0.0015493,0.9287244942797835,7.711917279670906,-67.61796414374248,1.01338506043586,16.086471143137498,0.32696719194081925,-74.80210446458977,-0.8125632746084135,35.56841159501122,-0.8604110866485712,66.23124043618803,-0.01912858174625246,-0.009777403877296214,-0.001441,0.009761332131860466,0.0078843,1,1.0
1223,0.03755412311575977,0.0033807615740781903,0.0015493,0.9287244942797835,7.711917279670906,-4.391924345149889,1.01338506043586,22.366790879862318,0.32696719194081925,-4.416700875988713,-0.8125632746084135,-34.48456569193473,-0.8604110866485712,3.494247807025877,-0.01912858174625246,-0.019951481835271546,-0.001441,0.020199406453227826,0.0078843,1,1.0
1224,0.012963940218896974,0.0014487685665583749,0.0015493,0.9287244942797835,7.711917279670906,-4.323539634828944,1.01338506043586,14.890013275841712,0.32696719194081925,-20.219211185942157,-0.8125632746084135,46.654102596219325,-0.8604110866485712,3.7972374246387206,-0.01912858174625246,-0.012904047249776925,-0.001441,0.013199529710211976,0.0078843,1,1.0
1225,0.023854155384574794,5.563126319060045e-05,0.0015493,0.9287244942797835,7.711917279670906,-21.95611322427902,1.01338506043586,7.251600520955971,0.32696719194081925,-39.21694587787549,-0.8125632746084135,23.020562847939388,-0.8604110866485712,22.237141716364963,-0.01912858174625246,-0.0038760672023044184,-0.001441,0.0038941749993124334,0.0078843,1,1.0
1226,0.007776998684081951,0.0008268033850401719,0.0015493,0.9287244942797835,7.711917279670906,-35.91323229394947,1.01338506043586,22.382498644326635,0.32696719194081925,-92.72519259137754,-0.8125632746084135,46.50231948067564,-0.8604110866485712,37.528964692892885,-0.01912858174625246,-0.016251949134233386,-0.001441,0.01623333085844163,0.0078843,1,1.0
1227,0.04690973990242768,0.0003813711630266245,0.0015493,0.9287244942797835,7.711917279670906,-46.55573213874348,1.01338506043586,21.389177584057393,0.32696719194081925,-90.56750815054943,-0.8125632746084135,46.26401367555982,-0.8604110866485712,47.31630772652308,-0.01912858174625246,-0.01302955523277129,-0.001441,0.013073543292474472,0.0078843,1,1.0
1228,0.061593095769841164,0.00030036561540569686,0.0015493,0.9287244942797835,7.711917279670906,-27.679017235686256,1.01338506043586,12.36327161937898,0.32696719194081925,-28.32136867530851,-0.8125632746084135,-26.940156695821713,-0.8604110866485712,27.20196600158742,-0.01912858174625246,-0.00814312772528727,-0.001441,0.00814164952218858,0.0078843,1,1.0
1229,0.13312734507922638,0.0015675225603374468,0.0015493,0.9287244942797835,7.711917279670906,-58.416102877836565,1.01338506043586,13.118004560408329,0.32696719194081925,-58.16911258228464,-0.8125632746084135,56.6267805067199,-0.8604110866485712,56.42725018574014,-0.01912858174625246,-0.011813352079876844,-0.001441,0.011730858103708424,0.0078843,1,1.0
1230,0.10213851656007591,0.0008933432966729911,0.0015493,0.9287244942797835,7.711917279670906,-48.819898135747145,1.01338506043586,17.010335239115552,0.32696719194081925,-62.50956077597298,-0.8125632746084135,75.3360546594513,-0.8604110866485712,47.31907578037567,-0.01912858174625246,-0.012800160882507228,-0.001441,0.012782311464660398,0.0078843,1,1.0
1231,0.1634835578802626,0.0018154752365310846,0.0015493,0.9287244942797835,7.711917279670906,-78.47565411065997,1.01338506043586,17.08036474403607,0.32696719194081925,-75.50720385030591,-0.8125632746084135,-25.72035699231442,-0.8604110866485712,77.19959678904847,-0.01912858174625246,-0.008854718809410323,-0.001441,0.00891984801219019,0.0078843,1,1.0
1232,0.09303829877746979,0.0013668664056849045,0.0015493,0.9287244942797835,7.711917279670906,-45.63166171037425,1.01338506043586,2.180803501373283,0.32696719194081925,-40.636285950583506,-0.8125632746084135,10.761844427649772,-0.8604110866485712,44.773911756356014,-0.01912858174625246,-0.004474989696582522,-0.001441,0.00448998995300737,0.0078843,1,1.0
1233,0.07816432556612771,0.0004855303545808315,0.0015493,0.9287244942797835,7.711917279670906,-31.355941015893844,1.01338506043586,7.609482672180334,0.32696719194081925,-25.812074588680595,-0.8125632746084135,10.737856980457178,-0.8604110866485712,30.179306726897448,-0.01912858174625246,-0.007170520093063366,-0.001441,0.007173226946879415,0.0078843,1,1.0
1234,0.019293789790217807,5.7952784020534127e-05,0.0015493,0.9287244942797835,7.711917279670906,-20.19564592465215,1.01338506043586,8.05816147100012,0.32696719194081925,-40.82606465906421,-0.8125632746084135,39.111168690159566,-0.8604110866485712,20.427876025102883,-0.01912858174625246,-0.00458455908944929,-0.001441,0.004614620583329256,0.0078843,1,1.0
1235,0.09366269553050231,0.0004726622236214854,0.0015493,0.9287244942797835,7.711917279670906,-58.16114307512149,1.01338506043586,21.39471629092242,0.32696719194081925,-83.96125651230994,-0.8125632746084135,19.441143338087045,-0.8604110866485712,58.006904539802754,-0.01912858174625246,-0.011727861287706346,-0.001441,0.011743786515426161,0.0078843,1,1.0
1236,0.12334102863355026,0.0006685605982125292,0.0015493,0.9287244942797835,7.711917279670906,-74.50067903397301,1.01338506043586,25.23345520329927,0.32696719194081925,-92.76173890525853,-0.8125632746084135,-75.26605865605694,-0.8604110866485712,74.91459391936941,-0.01912858174625246,-0.013042794004334834,-0.001441,0.013063500573440055,0.0078843,1,1.0
1237,0.09562770004575491,0.0007626426082247101,0.0015493,0.9287244942797835,7.711917279670906,-39.87592580884697,1.01338506043586,5.602490728984075,0.32696719194081925,-20.08837293805624,-0.8125632746084135,-89.30457008755612,-0.8604110866485712,39.30478555071227,-0.01912858174625246,-0.002493841028478233,-0.001441,0.0025568994431096163,0.0078843,1,1.0
1238,0.04244886912682753,0.00016563317655598635,0.0015493,0.9287244942797835,7.711917279670906,-29.4481818025817,1.01338506043586,7.254716610005169,0.32696719194081925,-41.25433939525782,-0.8125632746084135,2.3919644189461695,-0.8604110866485712,29.630544453770426,-0.01912858174625246,-0.003014205372513754,-0.001441,0.0030686711625917597,0.0078843,1,1.0
1239,0.03516232671565821,0.0001651589746635425,0.0015493,0.9287244942797835,7.711917279670906,-36.461743461253896,1.01338506043586,12.966443230899921,0.32696719194081925,-65.74396056185397,-0.8125632746084135,12.579104792618441,-0.8604110866485712,37.290747092154476,-0.01912858174625246,-0.007928627035202107,-0.001441,0.007940012265628947,0.0078843,1,1.0
1240,0.05181393092367613,0.0009390214575275015,0.0015493,0.9287244942797835,7.711917279670906,-42.685464018724254,1.01338506043586,25.860093100109495,0.32696719194081925,-71.17711128596574,-0.8125632746084135,-73.7294485125015,-0.8604110866485712,43.88036036499757,-0.01912858174625246,-0.017461175239576632,-0.001441,0.017408216631073975,0.0078843,1,1.0
1241,0.17419457660222004,0.0038605477470820115,0.0015493,0.9287244942797835,7.711917279670906,-57.36710752130767,1.01338506043586,25.89349820012969,0.32696719194081925,-40.38889489991453,-0.8125632746084135,18.513195292762088,-0.8604110866485712,53.99920053685659,-0.01912858174625246,-0.025795871595363926,-0.001441,0.025829316892397727,0.0078843,1,1.0
1242,0.04018666288909143,0.0003205534055784301,0.0015493,0.9287244942797835,7.711917279670906,-14.297210966789962,1.01338506043586,5.642838735413397,0.32696719194081925,-14.969150104178322,-0.8125632746084135,38.889287795100316,-0.8604110866485712,13.364696933636488,-0.01912858174625246,-0.0063607864314200995,-0.001441,0.0065446157479587055,0.0078843,1,1.0
1243,0.13946405906437656,0.0014049664740295328,0.0015493,0.9287244942797835,7.711917279670906,-62.66895352491296,1.01338506043586,14.434755678288958,0.32696719194081925,-57.930934929621024,-0.8125632746084135,-2.5929390910584735,-0.8604110866485712,61.18273117211767,-0.01912858174625246,-0.009649742585656344,-0.001441,0.009790046849310874,0.0078843,1,1.0
1244,0.038102737797099884,0.00010303724851399139,0.0015493,0.9287244942797835,7.711917279670906,-26.169225070184947,1.01338506043586,9.972235751912283,0.32696719194081925,-39.62667806732978,-0.8125632746084135,1.2893102079372525,-0.8604110866485712,26.32252105770571,-0.01912858174625246,-0.005465926271681066,-0.001441,0.005514422944468026,0.0078843,1,1.0
1245,0.016441148223718227,7.437427693487564e-05,0.0015493,0.9287244942797835,7.711917279670906,-15.560201294114945,1.01338506043586,5.915819096209744,0.32696719194081925,-26.729276864899514,-0.8125632746084135,-3.022685637140877,-0.8604110866485712,15.936231073118089,-0.01912858174625246,-0.0036216275921473673,-0.001441,0.003710935224555189,0.0078843,1,1.0
1246,0.18332711833385051,0.002771139041492382,0.0015493,0.9287244942797835,7.711917279670906,-61.61594586922132,1.01338506043586,12.730169571419442,0.32696719194081925,-22.28229668024655,-0.8125632746084135,-65.43898468846204,-0.8604110866485712,58.77711032890906,-0.01912858174625246,-0.015897105777257108,-0.001441,0.015913581911907802,0.0078843,1,1.0
1247,0.04080232149079262,0.0003055936631073907,0.0015493,0.9287244942797835,7.711917279670906,-42.40558573063056,1.01338506043586,17.687150560456555,0.32696719194081925,-74.20701996615747,-0.8125632746084135,-29.11382257887271,-0.8604110866485712,43.70099598599104,-0.01912858174625246,-0.011792985981653743,-0.001441,0.01182013555357557,0.0078843,1,1.0
1248,0.03414663094398787,0.0005900562349565577,0.0015493,0.9287244942797835,7.711917279670906,-31.367415298367234,1.01338506043586,19.60815437410199,0.32696719194081925,-62.276953557015645,-0.8125632746084135,11.187857968125686,-0.8604110866485712,31.94443539193666,-0.01912858174625246,-0.01293201660701574,-0.001441,0.013044960089448256,0.0078843,1,1.0
1249,0.03974321368219955,0.00023327570912316505,0.0015493,0.9287244942797835,7.711917279670906,-37.403987254595805,1.01338506043586,15.893738854718737,0.32696719194081925,-62.646141878999465,-0.8125632746084135,-34.32364782857299,-0.8604110866485712,38.46403992474251,-0.01912858174625246,-0.01036297204791661,-0.001441,0.010392799426093592,0.0078843,1,1.0
1250,0.19144078827390465,0.002788754876892339,0.0015493,0.9287244942797835,7.711917279670906,-77.57956278693781,1.01338506043586,16.15861951689999,0.32696719194081925,-57.239755210429564,-0.8125632746084135,-22.138065172947087,-0.8604110866485712,75.11118417590123,-0.01912858174625246,-0.014192769879299669,-0.001441,0.014220808671693303,0.0078843,1,1.0
1251,0.07740341909570012,0.0003507252624645112,0.0015493,0.9287244942797835,7.711917279670906,-46.50561693783172,1.01338506043586,15.533254992090932,0.32696719194081925,-62.59961449840264,-0.8125632746084135,-0.19467145802398506,-0.8604110866485712,46.42343175317815,-0.01912858174625246,-0.007945105210097569,-0.001441,0.00807651580255463,0.0078843,1,1.0
1252,0.030520848514170938,0.0001619499495277434,0.0015493,0.9287244942797835,7.711917279670906,-8.462507120160037,1.01338506043586,4.041223040262197,0.32696719194081925,-1.0099189439475298,-0.8125632746084135,-19.942009896315916,-0.8604110866485712,7.965342117144384,-0.01912858174625246,-0.00392915578402054,-0.001441,0.004043520980350348,0.0078843,1,1.0
1253,0.036624888587727965,0.000151299622542026,0.0015493,0.9287244942797835,7.711917279670906,-14.667447424485252,1.01338506043586,4.368427994143923,0.32696719194081925,-14.542445393367695,-0.8125632746084135,20.942519029154163,-0.8604110866485712,14.006362442614044,-0.01912858174625246,-0.004321545149917662,-0.001441,0.00437398832119001,0.0078843,1,1.0
1254,0.21593427479058855,0.0038072365198263047,0.0015493,0.9287244942797835,7.711917279670906,-82.62095731012806,1.01338506043586,27.09688861393104,0.32696719194081925,-64.56366339938654,-0.8125632746084135,-10.95648947155023,-0.8604110866485712,79.40658608205743,-0.01912858174625246,-0.023431239433247958,-0.001441,0.02337489241138714,0.0078843,1,1.0
1255,0.05966466949361054,0.0006607743132853881,0.0015493,0.9287244942797835,7.711917279670906,-22.390484480883384,1.01338506043586,-0.8981217847556493,0.32696719194081925,-6.135041349221541,-0.8125632746084135,-32.24530647171452,-0.8604110866485712,21.73244463393958,-0.01912858174625246,-0.004052632734534283,-0.001441,0.004246067658026318,0.0078843,1,1.0
1256,0.08331731890566331,0.0007691521604800846,0.0015493,0.9287244942797835,7.711917279670906,-29.80136055205905,1.01338506043586,7.068868269852676,0.32696719194081925,-22.714982460459535,-0.8125632746084135,42.71534200721236,-0.8604110866485712,28.079121780674882,-0.01912858174625246,-0.009914157632829044,-0.001441,0.009882653983360442,0.0078843,1,1.0
1257,0.07139022236299264,0.0009073174631337607,0.0015493,0.9287244942797835,7.711917279670906,-30.346308315627976,1.01338506043586,1.6457812842764188,0.32696719194081925,-30.665512044607773,-0.8125632746084135,88.23558053717034,-0.8604110866485712,28.842869206548585,-0.01912858174625246,-0.007630373634811713,-0.001441,0.007867185173296178,0.0078843,1,1.0
1258,0.11432985177916566,0.0007502346822295955,0.0015493,0.9287244942797835,7.711917279670906,-61.91198078172376,1.01338506043586,20.477614034272715,0.32696719194081925,-80.2164037703231,-0.8125632746084135,33.076715427808026,-0.8604110866485712,61.08036949820421,-0.01912858174625246,-0.011747429475437315,-0.001441,0.01176944152762053,0.0078843,1,1.0
1259,0.01161218842970903,5.282457834496565e-05,0.0015493,0.9287244942797835,7.711917279670906,-9.156955315562323,1.01338506043586,0.749012655086096,0.32696719194081925,-18.379786401747083,-0.8125632746084135,56.69143995623865,-0.8604110866485712,8.855665869343557,-0.01912858174625246,-0.0014687807921646488,-0.001441,0.0014602253243403331,0.0078843,1,1.0
1260,0.14608214099704514,0.001895662014274502,0.0015493,0.9287244942797835,7.711917279670906,-56.133472444571474,1.01338506043586,11.131591715795729,0.32696719194081925,-34.0191086767524,-0.8125632746084135,-42.319416118301596,-0.8604110866485712,54.34825336140738,-0.01912858174625246,-0.009982802673073209,-0.001441,0.010533014970306365,0.0078843,1,1.0
1261,0.033879045372279884,7.761840113733849e-05,0.0015493,0.9287244942797835,7.711917279670906,-26.8601978627678,1.01338506043586,9.298737398148429,0.32696719194081925,-44.855180193340814,-0.8125632746084135,20.509263420321354,-0.8604110866485712,27.075059856872578,-0.01912858174625246,-0.004901424394148133,-0.001441,0.004920096206896781,0.0078843,1,1.0
1262,0.039852032008669706,8.72013061300209e-05,0.0015493,0.9287244942797835,7.711917279670906,-28.182625439571712,1.01338506043586,9.567326517777712,0.32696719194081925,-39.08613407108086,-0.8125632746084135,-27.703878291957196,-0.8604110866485712,28.60084522301487,-0.01912858174625246,-0.005287699912900825,-0.001441,0.005290992252903962,0.0078843,1,1.0
1263,0.012231360151417014,0.002481503335474051,0.0015493,0.9287244942797835,7.711917279670906,-33.158069932325695,1.01338506043586,31.507509000141482,0.32696719194081925,-89.10305761816922,-0.8125632746084135,9.106092444393775,-0.8604110866485712,34.69334521626551,-0.01912858174625246,-0.023167905389871516,-0.001441,0.023106075315137194,0.0078843,1,1.0
1264,0.028211094700145226,7.90950717735586e-05,0.0015493,0.9287244942797835,7.711917279670906,-15.963467219592065,1.01338506043586,6.97776479336047,0.32696719194081925,-22.186798499027677,-0.8125632746084135,0.9851907409897338,-0.8604110866485712,15.861321666150012,-0.01912858174625246,-0.004212834873715838,-0.001441,0.004250663768488419,0.0078843,1,1.0
1265,0.05052799406323728,0.0002690632414103767,0.0015493,0.9287244942797835,7.711917279670906,-43.441944676045445,1.01338506043586,16.519713358159436,0.32696719194081925,-65.6785975031057,-0.8125632746084135,-65.3880930322431,-0.8604110866485712,44.68519787128084,-0.01912858174625246,-0.010863442025856953,-0.001441,0.010870867778769881,0.0078843,1,1.0
1266,0.08557695951449382,0.00046824969450842517,0.0015493,0.9287244942797835,7.711917279670906,-41.81975092926607,1.01338506043586,13.11305808467666,0.32696719194081925,-43.64203043268318,-0.8125632746084135,-25.617336813555138,-0.8604110866485712,41.31868073414228,-0.01912858174625246,-0.007131157086830731,-0.001441,0.007317593395751155,0.0078843,1,1.0
1267,0.06256570810253546,0.00025810111325799847,0.0015493,0.9287244942797835,7.711917279670906,-25.872039621489268,1.01338506043586,7.6139687933574836,0.32696719194081925,-20.779949407028756,-0.8125632746084135,-17.65111186957061,-0.8604110866485712,25.17717522280325,-0.01912858174625246,-0.005404386674202235,-0.001441,0.005422338579408397,0.0078843,1,1.0
1268,0.08150412372578866,0.0011241160718055822,0.0015493,0.9287244942797835,7.711917279670906,-24.056636169355478,1.01338506043586,13.302788619628082,0.32696719194081925,-12.054522061622821,-0.8125632746084135,-14.733716986866652,-0.8604110866485712,22.520488309078576,-0.01912858174625246,-0.012905729577760105,-0.001441,0.013136473777319142,0.0078843,1,1.0
1269,0.04342928087670618,0.0001595927534392476,0.0015493,0.9287244942797835,7.711917279670906,-35.394711003711514,1.01338506043586,12.967886888178555,0.32696719194081925,-52.61046645391542,-0.8125632746084135,-45.39139945544193,-0.8604110866485712,36.2583211315201,-0.01912858174625246,-0.00811464188612532,-0.001441,0.008112157763071835,0.0078843,1,1.0
1270,0.12269205985110698,0.0015757694454214865,0.0015493,0.9287244942797835,7.711917279670906,-51.78667247475602,1.01338506043586,24.783988494519615,0.32696719194081925,-53.712833454299016,-0.8125632746084135,-18.616721784575766,-0.8604110866485712,50.36872878672974,-0.01912858174625246,-0.018013589582093734,-0.001441,0.018033594078029316,0.0078843,1,1.0
1271,0.013768451574638957,1.8525258712773352e-05,0.0015493,0.9287244942797835,7.711917279670906,-11.320923756299308,1.01338506043586,3.6833470719235804,0.32696719194081925,-19.1893516312355,-0.8125632746084135,10.653701588112522,-0.8604110866485712,11.414321742148257,-0.01912858174625246,-0.001890700016441451,-0.001441,0.0018864717114412677,0.0078843,1,1.0
1272,0.021004101698092772,9.619842735238033e-05,0.0015493,0.9287244942797835,7.711917279670906,-18.013918768965556,1.01338506043586,6.650283630470037,0.32696719194081925,-24.34963596338065,-0.8125632746084135,-52.0922454164467,-0.8604110866485712,18.7249064888452,-0.01912858174625246,-0.00503114936662502,-0.001441,0.005095465872653227,0.0078843,1,1.0
1273,0.16015782677095666,0.0011609701142641679,0.0015493,0.9287244942797835,7.711917279670906,-87.72573964821262,1.01338506043586,27.088134492018206,0.32696719194081925,-98.38585875472761,-0.8125632746084135,-87.49623303797435,-0.8604110866485712,87.62053670311514,-0.01912858174625246,-0.013186536073102825,-0.001441,0.013230749943518392,0.0078843,1,1.0
1274,0.013165949871126566,3.460112595352589e-05,0.0015493,0.9287244942797835,7.711917279670906,-7.737046253073654,1.01338506043586,4.713366173405718,0.32696719194081925,-8.833552217128457,-0.8125632746084135,-31.31586665283452,-0.8604110866485712,7.942151671880321,-0.01912858174625246,-0.003156524816768488,-0.001441,0.0031670083465549287,0.0078843,1,1.0
1275,0.14183375637242968,0.001361128463792891,0.0015493,0.9287244942797835,7.711917279670906,-62.68215764011815,1.01338506043586,17.15491674705059,0.32696719194081925,-55.26912497312866,-0.8125632746084135,-36.95288679156012,-0.8604110866485712,61.31058895537922,-0.01912858174625246,-0.010957178950172551,-0.001441,0.010851663537490645,0.0078843,1,1.0
1276,0.018616269045113966,0.00010135982629208489,0.0015493,0.9287244942797835,7.711917279670906,-15.285660477819532,1.01338506043586,6.918305559886042,0.32696719194081925,-30.906515974400506,-0.8125632746084135,43.40104796368338,-0.8604110866485712,15.217361930858926,-0.01912858174625246,-0.004160727171691225,-0.001441,0.004268400695982201,0.0078843,1,1.0
1277,0.013485796429711596,0.00025056576798013447,0.0015493,0.9287244942797835,7.711917279670906,-2.071643239657426,1.01338506043586,-0.9156641032948141,0.32696719194081925,-6.202240019981592,-0.8125632746084135,98.74869804645529,-0.8604110866485712,0.9244519666164576,-0.01912858174625246,-0.00623164841537316,-0.001441,0.0061638769503814745,0.0078843,1,1.0
1278,0.07123438060575538,0.0004688439600151731,0.0015493,0.9287244942797835,7.711917279670906,-32.17234094116071,1.01338506043586,4.936532467356384,0.32696719194081925,-25.41959349020761,-0.8125632746084135,-21.422582658058595,-0.8604110866485712,31.5537989392377,-0.01912858174625246,-0.0030117068991005525,-0.001441,0.002986082002301897,0.0078843,1,1.0
1279,0.17466151461983084,0.0031863418951852893,0.0015493,0.9287244942797835,7.711917279670906,-59.35358784090754,1.01338506043586,14.879929885687178,0.32696719194081925,-29.79897966883261,-0.8125632746084135,-24.976406998089598,-0.8604110866485712,56.647366404554994,-0.01912858174625246,-0.0161623447744564,-0.001441,0.017380600461759637,0.0078843,1,1.0
1280,0.11135375701587591,0.0008948187029143152,0.0015493,0.9287244942797835,7.711917279670906,-52.43391158375838,1.01338506043586,15.287539074865217,0.32696719194081925,-56.87092745965002,-0.8125632746084135,20.647864404680156,-0.8604110866485712,51.195620529456974,-0.01912858174625246,-0.010179455984713332,-0.001441,0.010115135486615526,0.0078843,1,1.0
1281,0.03413396715214287,0.008025890270687928,0.0015493,0.9287244942797835,7.711917279670906,-23.524204959905298,1.01338506043586,43.547114138691136,0.32696719194081925,-64.85132051578455,-0.8125632746084135,-29.962940545544807,-0.8604110866485712,24.041510237876288,-0.01912858174625246,-0.033439257152436896,-0.001441,0.034218554438719115,0.0078843,1,1.0
1282,0.07267791878500457,0.00043448200423548905,0.0015493,0.9287244942797835,7.711917279670906,-56.14362126236567,1.01338506043586,22.203256344004973,0.32696719194081925,-82.52759822733229,-0.8125632746084135,-74.38041834196733,-0.8604110866485712,57.37672873652009,-0.01912858174625246,-0.013630003735367949,-0.001441,0.01360001618432409,0.0078843,1,1.0
1283,0.10859524864565265,0.0009743548702293587,0.0015493,0.9287244942797835,7.711917279670906,-68.57781239626641,1.01338506043586,14.865876734899055,0.32696719194081925,-93.06844441628304,-0.8125632746084135,47.14408588111759,-0.8604110866485712,68.29396329524704,-0.01912858174625246,-0.0051403904413055024,-0.001441,0.005186374531497883,0.0078843,1,1.0
1284,0.02653333393489839,0.00011037531302247559,0.0015493,0.9287244942797835,7.711917279670906,-21.54658975383726,1.01338506043586,9.929185988792003,0.32696719194081925,-29.367969224290313,-0.8125632746084135,-69.22784238327569,-0.8604110866485712,22.38079390584084,-0.01912858174625246,-0.007091130614109961,-0.001441,0.007106420267671194,0.0078843,1,1.0
1285,0.0960549375144881,0.0005352817421365098,0.0015493,0.9287244942797835,7.711917279670906,-53.89624297310228,1.01338506043586,14.877940050660783,0.32696719194081925,-66.93430110985985,-0.8125632746084135,8.737258312388525,-0.8604110866485712,53.46721355814663,-0.01912858174625246,-0.007080591727770226,-0.001441,0.007146214149669685,0.0078843,1,1.0
1286,0.07075401740260319,0.0007242147847621731,0.0015493,0.9287244942797835,7.711917279670906,-34.01892647378405,1.01338506043586,2.863063037407698,0.32696719194081925,-36.00133395867623,-0.8125632746084135,57.14391499865363,-0.8604110866485712,32.972348313329825,-0.01912858174625246,-0.005060308734981958,-0.001441,0.005136222746166634,0.0078843,1,1.0
1287,0.05602221860396591,0.00042996222105947177,0.0015493,0.9287244942797835,7.711917279670906,-53.82862319418839,1.01338506043586,21.582030196559707,0.32696719194081925,-90.31509285820866,-0.8125632746084135,-42.93116016526256,-0.8604110866485712,55.34819884079205,-0.01912858174625246,-0.014078329628370464,-0.001441,0.01409993199547541,0.0078843,1,1.0
1288,0.09538338241020478,0.0008980994491586821,0.0015493,0.9287244942797835,7.711917279670906,-43.34882049004296,1.01338506043586,7.592883596366756,0.32696719194081925,-46.262219811539666,-0.8125632746084135,70.72484920010679,-0.8604110866485712,41.80398541184221,-0.01912858174625246,-0.008250608556227055,-0.001441,0.008240567572510802,0.0078843,1,1.0
1289,0.13534514984981294,0.0011559604086682901,0.0015493,0.9287244942797835,7.711917279670906,-59.695252633573446,1.01338506043586,14.886760878714096,0.32696719194081925,-51.85521576579753,-0.8125632746084135,-29.067901662758302,-0.8604110866485712,58.353219832164164,-0.01912858174625246,-0.009586266908710136,-0.001441,0.009589754050609639,0.0078843,1,1.0
1290,0.034404191405720694,8.278586358950857e-05,0.0015493,0.9287244942797835,7.711917279670906,-25.719534810642102,1.01338506043586,9.47303237270851,0.32696719194081925,-35.67561447269837,-0.8125632746084135,-41.953775627881456,-0.8604110866485712,26.30145762032675,-0.01912858174625246,-0.005804705074591813,-0.001441,0.005802523073326214,0.0078843,1,1.0
1291,0.02138345045418254,0.00013968429535605193,0.0015493,0.9287244942797835,7.711917279670906,-34.19155455180396,1.01338506043586,13.315137753746926,0.32696719194081925,-78.29314930595667,-0.8125632746084135,94.34960000668285,-0.8604110866485712,34.812297380775604,-0.01912858174625246,-0.00786295969365986,-0.001441,0.007872659978763108,0.0078843,1,1.0
1292,0.16209887098731837,0.0016294062758382328,0.0015493,0.9287244942797835,7.711917279670906,-77.47515123463941,1.01338506043586,28.987603660742014,0.32696719194081925,-84.51733507355897,-0.8125632746084135,-33.65924950014654,-0.8604110866485712,76.25174208875787,-0.01912858174625246,-0.017893109692664527,-0.001441,0.0179704417478194,0.0078843,1,1.0
1293,0.08120101851473378,0.0005841178159979957,0.0015493,0.9287244942797835,7.711917279670906,-38.8670054601848,1.01338506043586,7.924455669434336,0.32696719194081925,-42.92859017876242,-0.8125632746084135,44.47108657272945,-0.8604110866485712,37.78963522531597,-0.01912858174625246,-0.0062114739482287875,-0.001441,0.00618593037712503,0.0078843,1,1.0
1294,0.10259429018235047,0.0011909421418018714,0.0015493,0.9287244942797835,7.711917279670906,-52.881052928698765,1.01338506043586,8.04390680334741,0.32696719194081925,-55.24554577537422,-0.8125632746084135,11.201630951194446,-0.8604110866485712,52.16407356924273,-0.01912858174625246,-0.00328892658044541,-0.001441,0.0036221869810878797,0.0078843,1,1.0
1295,0.10193715424703334,0.0009601606998427068,0.0015493,0.9287244942797835,7.711917279670906,-56.0283111058681,1.01338506043586,21.738563415687175,0.32696719194081925,-80.37703215609939,-0.8125632746084135,66.97127861693613,-0.8604110866485712,55.03352959750023,-0.01912858174625246,-0.013924122920579561,-0.001441,0.013804327303996097,0.0078843,1,1.0
1296,0.09096185286445554,0.0007433845969223698,0.0015493,0.9287244942797835,7.711917279670906,-51.322285239531034,1.01338506043586,14.032397375663793,0.32696719194081925,-68.01624014819475,-0.8125632746084135,44.08227026861529,-0.8604110866485712,50.752280360105395,-0.01912858174625246,-0.0068729026863866595,-0.001441,0.0073666959864625604,0.0078843,1,1.0
1297,0.3049566374033822,0.013195759202702762,0.0015493,0.9287244942797835,7.711917279670906,-83.2187000156521,1.01338506043586,39.748966800765054,0.32696719194081925,-24.39243422731791,-0.8125632746084135,-31.124461873868384,-0.8604110866485712,76.68864353512559,-0.01912858174625246,-0.046357952191972036,-0.001441,0.046327622206014836,0.0078843,1,1.0
1298,0.05494287839805747,0.000346910349605085,0.0015493,0.9287244942797835,7.711917279670906,-23.45433299215437,1.01338506043586,3.104348105900837,0.32696719194081925,-21.324695862046816,-0.8125632746084135,30.325404305961094,-0.8604110866485712,22.54405908983215,-0.01912858174625246,-0.004619256335777803,-0.001441,0.004603639980598922,0.0078843,1,1.0
1299,0.05263165535574136,0.00042140943431825023,0.0015493,0.9287244942797835,7.711917279670906,-52.26427865927103,1.01338506043586,22.059925797837188,0.32696719194081925,-92.14740030551594,-0.8125632746084135,-19.356092451491875,-0.8604110866485712,53.64499596109845,-0.01912858174625246,-0.014139602174669561,-0.001441,0.01416922837314685,0.0078843,1,1.0
1300,0.002670515879039659,0.00010803284268666873,0.0015493,3.450317238911107,5.9334145391034205,0.23570825704367238,1.01338506043586,2.7686802281715557,0.32696719194081925,-25.759466165384506,-0.8125632746084135,6.979701505898247,-0.8604110866485712,11.834885415024155,-0.01912858174625246,-0.005123475862308238,-0.001441,0.005190331843942347,0.0078843,1,1.0
1301,0.0010322976887664238,0.0018720575625443116,0.0015493,3.450317238911107,5.9334145391034205,20.8336196306245,1.01338506043586,-1.2453885164096463,0.32696719194081925,-10.753163276229722,-0.8125632746084135,-8.63412725370942,-0.8604110866485712,8.146318695111875,-0.01912858174625246,-0.011459484666550359,-0.001441,0.013585430426062799,0.0078843,1,1.0
1302,0.021252006384680583,0.00045891748339861436,0.0015493,3.450317238911107,5.9334145391034205,-46.91949905717577,1.01338506043586,6.13702145647578,0.32696719194081925,-94.53935167262846,-0.8125632746084135,79.88251469453279,-0.8604110866485712,59.43391430902466,-0.01912858174625246,-0.012657637231919521,-0.001441,0.012672626380366283,0.0078843,1,1.0
1303,0.12580738021352347,0.0005393884192427032,0.0015493,3.450317238911107,5.9334145391034205,-91.61740870949514,1.01338506043586,5.01640879310585,0.32696719194081925,-54.22637457380168,-0.8125632746084135,-43.00233812736341,-0.8604110866485712,73.96784569455522,-0.01912858174625246,-0.008231286764937399,-0.001441,0.008260990443107474,0.0078843,1,1.0
1304,0.1292789138726504,0.0008775489543783165,0.0015493,3.450317238911107,5.9334145391034205,-86.01545434433537,1.01338506043586,0.9546863430517427,0.32696719194081925,-9.718119232754814,-0.8125632746084135,-75.74965075366975,-0.8604110866485712,54.237734043340524,-0.01912858174625246,-0.0015840068658966194,-0.001441,0.0017298687239191575,0.0078843,1,1.0
1305,0.08030408099636194,0.000313063727709465,0.0015493,3.450317238911107,5.9334145391034205,-43.876516128499404,1.01338506043586,6.263862766675832,0.32696719194081925,-50.16717001222561,-0.8125632746084135,-43.38378378128796,-0.8604110866485712,49.83966064469938,-0.01912858174625246,-0.010694173678470338,-0.001441,0.01071255986831897,0.0078843,1,1.0
1306,0.017926701888760596,0.0004503021517433549,0.0015493,3.450317238911107,5.9334145391034205,23.50597546174962,1.01338506043586,6.77329500669142,0.32696719194081925,-41.64764723720413,-0.8125632746084135,-45.6365019032819,-0.8604110866485712,17.463550392607836,-0.01912858174625246,-0.013319647454644291,-0.001441,0.013328309883151576,0.0078843,1,1.0
1307,0.09383555826832599,0.00038285202905859894,0.0015493,3.450317238911107,5.9334145391034205,-36.36538580955645,1.01338506043586,2.388352804727178,0.32696719194081925,-11.21887989098776,-0.8125632746084135,-91.13848821207552,-0.8604110866485712,36.96870771666343,-0.01912858174625246,-0.006229968248148102,-0.001441,0.006224733860410255,0.0078843,1,1.0
1308,0.006372130543337184,0.0022839788856071,0.0015493,3.450317238911107,5.9334145391034205,53.30148765398986,1.01338506043586,14.154161154231524,0.32696719194081925,-99.01550473483638,-0.8125632746084135,-46.25175360033379,-0.8604110866485712,33.44388856889226,-0.01912858174625246,-0.027793495759349217,-0.001441,0.027755255156512844,0.0078843,1,1.0
1309,0.02598786403739535,0.00017339071857100683,0.0015493,3.450317238911107,5.9334145391034205,-64.43464266861376,1.01338506043586,-2.0818224100136513,0.32696719194081925,-8.300986667159565,-0.8125632746084135,56.61869542707818,-0.8604110866485712,22.91138746159018,-0.01912858174625246,-0.006001401644850449,-0.001441,0.006004048615329348,0.0078843,1,1.0
1310,0.047381129358847154,8.832684258726455e-05,0.0015493,3.450317238911107,5.9334145391034205,-67.51468809762487,1.01338506043586,1.5388074306568236,0.32696719194081925,-33.12469243209528,-0.8125632746084135,36.82661056046991,-0.8604110866485712,38.9470502536351,-0.01912858174625246,-0.0025462532253330617,-0.001441,0.0025431573831157313,0.0078843,1,1.0
1311,0.010612583725141393,2.8961944355326146e-05,0.0015493,3.450317238911107,5.9334145391034205,-45.34286554640231,1.01338506043586,0.44792594653241324,0.32696719194081925,-33.33296343729057,-0.8125632746084135,65.61600275664337,-0.8604110866485712,27.51889039046907,-0.01912858174625246,-0.0003863664008688675,-0.001441,0.0004001499271923873,0.0078843,1,1.0
1312,0.03800203785709835,0.0009138889226261667,0.0015493,3.450317238911107,5.9334145391034205,17.732241695692625,1.01338506043586,9.675732323804226,0.32696719194081925,-73.1081375019682,-0.8125632746084135,-53.684090306112616,-0.8604110866485712,39.32582505332432,-0.01912858174625246,-0.020242935116104664,-0.001441,0.02024969942179685,0.0078843,1,1.0
1313,0.007314601313335216,1.639412290480851e-05,0.0015493,3.450317238911107,5.9334145391034205,7.034301196650635,1.01338506043586,0.9597219470700568,0.32696719194081925,-3.7474392437422717,-0.8125632746084135,-19.996293253791293,-0.8604110866485712,2.512961334569363,-0.01912858174625246,-0.0026302315800283294,-0.001441,0.00263451532371785,0.0078843,1,1.0
1314,-3.1732991529212495e-05,0.010520121287497028,0.0015493,3.450317238911107,5.9334145391034205,90.58097778514846,1.01338506043586,5.789611474453505,0.32696719194081925,-14.031742799204034,-0.8125632746084135,-22.850050113427862,-0.8604110866485712,-21.620825644095316,-0.01912858174625246,0.006023118375408143,-0.001441,0.014869920670352338,0.0078843,0,1.0
1315,0.002695450578214284,0.0007764811670500445,0.0015493,3.450317238911107,5.9334145391034205,17.432432803678466,1.01338506043586,5.014781656866376,0.32696719194081925,-26.05942608739973,-0.8125632746084135,-16.675345074696576,-0.8604110866485712,5.39735109498515,-0.01912858174625246,-0.00821946610606818,-0.001441,0.00915110959076371,0.0078843,1,1.0
1316,0.13936545025708252,0.0010853496660352567,0.0015493,3.450317238911107,5.9334145391034205,-85.75076559081263,1.01338506043586,3.8812231335539145,0.32696719194081925,-46.305257499492505,-0.8125632746084135,-74.70433399212821,-0.8604110866485712,75.8516841250866,-0.01912858174625246,-0.010398865775330038,-0.001441,0.010258436304269763,0.0078843,1,1.0
1317,0.10664324866842981,0.00048198353499395334,0.0015493,3.450317238911107,5.9334145391034205,-69.82608542583361,1.01338506043586,7.891364562768059,0.32696719194081925,-72.49828110735281,-0.8125632746084135,-37.42676407324411,-0.8604110866485712,71.75167709908638,-0.01912858174625246,-0.013410866650341881,-0.001441,0.013417951736388923,0.0078843,1,1.0
1318,0.017701897474967115,0.0007096523185300472,0.0015493,3.450317238911107,5.9334145391034205,5.087488374715576,1.01338506043586,7.747051087671743,0.32696719194081925,-75.3467597003977,-0.8125632746084135,-0.2889985005600766,-0.8604110866485712,38.806123065366755,-0.01912858174625246,-0.016751546058639277,-0.001441,0.01677660534332104,0.0078843,1,1.0
1319,0.02719893521934176,0.00029211712472298356,0.0015493,3.450317238911107,5.9334145391034205,-17.07893974753248,1.01338506043586,6.144504670116215,0.32696719194081925,-59.80828324797064,-0.8125632746084135,7.8850024649536286,-0.8604110866485712,36.534803404431834,-0.01912858174625246,-0.01132152096903656,-0.001441,0.011333393423786474,0.0078843,1,1.0
1320,0.005114212564947235,0.0010054477082494936,0.0015493,3.450317238911107,5.9334145391034205,7.608214239174964,1.01338506043586,4.283948364942616,0.32696719194081925,-65.55355240934001,-0.8125632746084135,16.573677773602032,-0.8604110866485712,35.72048759202093,-0.01912858174625246,-0.016648158683494806,-0.001441,0.016629695553883328,0.0078843,1,1.0
1321,0.008010932866287464,2.9625879994099686e-05,0.0015493,3.450317238911107,5.9334145391034205,-47.96228570370942,1.01338506043586,-0.12110774254331175,0.32696719194081925,-23.020353892547565,-0.8125632746084135,67.32019999385946,-0.8604110866485712,21.09751285385869,-0.01912858174625246,-0.003149542971094252,-0.001441,0.0031601576040350687,0.0078843,1,1.0
1322,0.06969480573551207,0.00023061498686167083,0.0015493,3.450317238911107,5.9334145391034205,-63.28688228338426,1.01338506043586,1.360162144880884,0.32696719194081925,-18.12139133075615,-0.8125632746084135,-12.15861030124607,-0.8604110866485712,36.89165562105117,-0.01912858174625246,-0.002031937895048025,-0.001441,0.00201731933468201,0.0078843,1,1.0
1323,0.051708041995339196,0.00034262135730696395,0.0015493,3.450317238911107,5.9334145391034205,-23.65624987285075,1.01338506043586,6.807482804967731,0.32696719194081925,-60.745580419786236,-0.8125632746084135,-21.310923128315576,-0.8604110866485712,44.615224639693636,-0.01912858174625246,-0.012839992730568066,-0.001441,0.012832889210531016,0.0078843,1,1.0
1324,0.015501115510937066,0.0003759790503194692,0.0015493,3.450317238911107,5.9334145391034205,-17.386546182706372,1.01338506043586,6.342658483082981,0.32696719194081925,-68.7435383263374,-0.8125632746084135,31.70854733796543,-0.8604110866485712,37.9699730537243,-0.01912858174625246,-0.01173500119651446,-0.001441,0.011791625611426361,0.0078843,1,1.0
1325,0.004953075575762286,0.000571419360121975,0.0015493,3.450317238911107,5.9334145391034205,0.8800461196265016,1.01338506043586,7.280039422059966,0.32696719194081925,-72.39430097699058,-0.8125632746084135,23.470845680139156,-0.8604110866485712,33.6289309049401,-0.01912858174625246,-0.014244442298054504,-0.001441,0.014252188913787895,0.0078843,1,1.0
1326,0.04230261982717498,0.00010973289790306348,0.0015493,3.450317238911107,5.9334145391034205,4.932917145197383,1.01338506043586,2.7523135717235765,0.32696719194081925,-3.398266088591184,-0.8125632746084135,-74.20311830840443,-0.8604110866485712,10.534618111087838,-0.01912858174625246,-0.005532801167803975,-0.001441,0.005558514223918397,0.0078843,1,1.0
1327,6.861079941539172e-05,0.0020677280638301937,0.0015493,3.450317238911107,5.9334145391034205,46.019385666357934,1.01338506043586,12.211759948779576,0.32696719194081925,-99.84804485430583,-0.8125632746084135,-19.67180067701384,-0.8604110866485712,36.37867017421022,-0.01912858174625246,-0.0254405793068838,-0.001441,0.025889417494025138,0.0078843,1,1.0
1328,0.053214382479256944,0.00014354321007128734,0.0015493,3.450317238911107,5.9334145391034205,-87.03445964435579,1.01338506043586,5.475794768883413,0.32696719194081925,-84.50198950089349,-0.8125632746084135,79.55927241547994,-0.8604110866485712,67.5183133264916,-0.01912858174625246,-0.0081666980380006,-0.001441,0.00817848561125955,0.0078843,1,1.0
1329,0.046468784491170916,9.994801945160325e-05,0.0015493,3.450317238911107,5.9334145391034205,-52.52823340665913,1.01338506043586,0.7578322019163808,0.32696719194081925,-17.967706937344747,-0.8125632746084135,10.001009298449668,-0.8604110866485712,29.433782231501343,-0.01912858174625246,-0.0013684539113691817,-0.001441,0.0013802019321363386,0.0078843,1,1.0
1330,0.12531922707823143,0.0010129343481908686,0.0015493,3.450317238911107,5.9334145391034205,-51.88169125675157,1.01338506043586,11.239284415140725,0.32696719194081925,-91.33313729361713,-0.8125632746084135,-84.45446225730971,-0.8604110866485712,82.35879294994182,-0.01912858174625246,-0.02141114914366212,-0.001441,0.021392651405879877,0.0078843,1,1.0
1331,0.022654063533825274,7.27847858343212e-05,0.0015493,3.450317238911107,5.9334145391034205,11.832212266575805,1.01338506043586,2.018913184924291,0.32696719194081925,-3.908978435403847,-0.8125632746084135,-51.59521822313835,-0.8604110866485712,5.293462011213117,-0.01912858174625246,-0.00482665003109737,-0.001441,0.004872761440190175,0.0078843,1,1.0
1332,0.007632965880404047,0.000855817608336282,0.0015493,3.450317238911107,5.9334145391034205,38.56779805738606,1.01338506043586,8.494741481315017,0.32696719194081925,-59.6214787243977,-0.8125632746084135,-41.893014887312965,-0.8604110866485712,21.19081345649712,-0.01912858174625246,-0.01795805390506731,-0.001441,0.017969304967221173,0.0078843,1,1.0
1333,0.057588636241223956,0.00042695191756285465,0.0015493,3.450317238911107,5.9334145391034205,-42.736010641725855,1.01338506043586,7.681977620103488,0.32696719194081925,-81.66088783374663,-0.8125632746084135,7.2031082752211315,-0.8604110866485712,59.75260574396243,-0.01912858174625246,-0.0143629660240228,-0.001441,0.014354869200772133,0.0078843,1,1.0
1334,0.020425096913547228,0.0002266790504133721,0.0015493,3.450317238911107,5.9334145391034205,-47.8148774881871,1.01338506043586,5.53799054923031,0.32696719194081925,-76.65583189215073,-0.8125632746084135,71.74314118692527,-0.8604110866485712,48.48491234681555,-0.01912858174625246,-0.009181632003154508,-0.001441,0.009228753616639203,0.0078843,1,1.0
1335,0.05174475200449348,0.0002886094746553351,0.0015493,3.450317238911107,5.9334145391034205,-79.61398006510085,1.01338506043586,-1.60022038743719,0.32696719194081925,-9.9234961572484,-0.8125632746084135,37.89245138913806,-0.8604110866485712,32.74589805144041,-0.01912858174625246,-0.005611755086653274,-0.001441,0.005612343533080398,0.0078843,1,1.0
1336,0.0019387448249621742,0.0008115940033673788,0.0015493,3.450317238911107,5.9334145391034205,64.30812745125921,1.01338506043586,7.787253655583618,0.32696719194081925,-37.88480004629861,-0.8125632746084135,-80.46864474346518,-0.8604110866485712,4.83840812899715,-0.01912858174625246,-0.01734494327481305,-0.001441,0.017352173303489142,0.0078843,1,1.0
1337,0.0175086608901859,0.00025513255617946754,0.0015493,3.450317238911107,5.9334145391034205,31.952273240457362,1.01338506043586,4.746725855986702,0.32696719194081925,-21.12676164036807,-0.8125632746084135,-65.38461097927326,-0.8604110866485712,7.751826434154365,-0.01912858174625246,-0.010704850664594466,-0.001441,0.010706469094318672,0.0078843,1,1.0
1338,0.0839596074928872,0.0002391307185630816,0.0015493,3.450317238911107,5.9334145391034205,-93.10338921087151,1.01338506043586,5.62494844699638,0.32696719194081925,-74.02853035116624,-0.8125632746084135,33.927986111684724,-0.8604110866485712,71.2424849210027,-0.01912858174625246,-0.008304766902234334,-0.001441,0.008330111362757638,0.0078843,1,1.0
1339,0.10533385881378747,0.00040845822804022245,0.0015493,3.450317238911107,5.9334145391034205,-58.611084864908534,1.01338506043586,5.224048964407082,0.32696719194081925,-43.52783878400506,-0.8125632746084135,-63.56740378101017,-0.8604110866485712,57.35014370096212,-0.01912858174625246,-0.009349415057613213,-0.001441,0.009382079273528621,0.0078843,1,1.0
1340,0.022358157118106868,0.00017133497275333636,0.0015493,3.450317238911107,5.9334145391034205,-21.06687823316482,1.01338506043586,4.881143531276487,0.32696719194081925,-48.747412716603826,-0.8125632746084135,15.90702683719742,-0.8604110866485712,30.503485225186207,-0.01912858174625246,-0.008389398170060751,-0.001441,0.008402419562607384,0.0078843,1,1.0
1341,0.02973134950871692,0.0001985724055219039,0.0015493,3.450317238911107,5.9334145391034205,12.453927974771574,1.01338506043586,4.659843243590585,0.32696719194081925,-22.37989808739606,-0.8125632746084135,-56.822950654575905,-0.8604110866485712,14.092027550626792,-0.01912858174625246,-0.009087905817179312,-0.001441,0.0091135797470561,0.0078843,1,1.0
1342,0.009329249503178087,4.760733453890982e-05,0.0015493,3.450317238911107,5.9334145391034205,-32.59191299759838,1.01338506043586,2.1505787762654576,0.32696719194081925,-37.110017602983966,-0.8125632746084135,49.42227776100528,-0.8604110866485712,24.97797779857197,-0.01912858174625246,-0.003169611199869051,-0.001441,0.0032168106577983493,0.0078843,1,1.0
1343,0.003317735479103759,0.0001423661062922919,0.0015493,3.450317238911107,5.9334145391034205,-41.02623898113577,1.01338506043586,3.709045526846346,0.32696719194081925,-65.52167398387928,-0.8125632746084135,84.98848522766164,-0.8604110866485712,38.87878605081115,-0.01912858174625246,-0.00630094411317312,-0.001441,0.006295607702792039,0.0078843,1,1.0
1344,0.04633390048834704,0.0004282475714561287,0.0015493,3.450317238911107,5.9334145391034205,3.7965787238524404,1.01338506043586,7.097349395874787,0.32696719194081925,-47.162427171518424,-0.8125632746084135,-59.189647688476235,-0.8604110866485712,31.43921881435267,-0.01912858174625246,-0.01397419015991011,-0.001441,0.014014553416335826,0.0078843,1,1.0
1345,0.04566904755775453,0.0006416961704949549,0.0015493,3.450317238911107,5.9334145391034205,28.587481170229225,1.01338506043586,8.26235012922189,0.32696719194081925,-43.755152756318886,-0.8125632746084135,-96.25010238166392,-0.8604110866485712,24.953731633369483,-0.01912858174625246,-0.017175310327687692,-0.001441,0.017166582541043886,0.0078843,1,1.0
1346,0.047827169147287976,0.0006162517400074514,0.0015493,3.450317238911107,5.9334145391034205,-34.822411789115776,1.01338506043586,9.205459041149398,0.32696719194081925,-93.55329481060585,-0.8125632746084135,15.975065466687013,-0.8604110866485712,60.38162416852117,-0.01912858174625246,-0.016943981715415862,-0.001441,0.016945775378553594,0.0078843,1,1.0
1347,0.022118450258711626,0.000259272015575655,0.0015493,3.450317238911107,5.9334145391034205,-26.854532397799595,1.01338506043586,4.84139447180721,0.32696719194081925,-63.28039639176821,-0.8125632746084135,34.017585832483135,-0.8604110866485712,40.60380718301737,-0.01912858174625246,-0.00988784258152128,-0.001441,0.009931688212843647,0.0078843,1,1.0
1348,0.07092715491388657,0.00020323486666877817,0.0015493,3.450317238911107,5.9334145391034205,-70.16785913391429,1.01338506043586,1.2509683741695181,0.32696719194081925,-24.19789785317497,-0.8125632746084135,-0.4662630078413167,-0.8604110866485712,42.02707101264415,-0.01912858174625246,-0.0012144523346479437,-0.001441,0.0012145514089044482,0.0078843,1,1.0
1349,0.0016764514220861115,0.0002886587414674992,0.0015493,3.450317238911107,5.9334145391034205,17.030938537553258,1.01338506043586,4.720261324460319,0.32696719194081925,-35.23224295828985,-0.8125632746084135,-11.83938539117501,-0.8604110866485712,12.472033468901502,-0.01912858174625246,-0.009380986206955497,-0.001441,0.009456360840278054,0.0078843,1,1.0
1350,0.0006213118463264389,0.00010928304234129928,0.0015493,3.450317238911107,5.9334145391034205,-46.21548492503756,1.01338506043586,-1.8278011799962581,0.32696719194081925,-9.785400275948293,-0.8125632746084135,70.98330802428237,-0.8604110866485712,13.461511954170422,-0.01912858174625246,-0.005451882571169136,-0.001441,0.005427757183461848,0.0078843,1,1.0
1351,0.005205811521725001,0.0002615247666813055,0.0015493,3.450317238911107,5.9334145391034205,43.36840222658791,1.01338506043586,4.141103290708288,0.32696719194081925,-14.828025933151459,-0.8125632746084135,-64.86150251764971,-0.8604110866485712,-0.008001143560189883,-0.01912858174625246,-0.01018477397993464,-0.001441,0.010177942748700182,0.0078843,1,1.0
1352,0.0005284854605778003,0.0036341596418553966,0.0015493,3.450317238911107,5.9334145391034205,-3.9475723886380543,1.01338506043586,2.247922412260685,0.32696719194081925,-68.11694762837438,-0.8125632746084135,71.07694655325245,-0.8604110866485712,37.850945417188775,-0.01912858174625246,-0.011407909676864902,-0.001441,0.016733396590435108,0.0078843,1,1.0
1353,0.005206246494603092,0.00032412050802151104,0.0015493,3.450317238911107,5.9334145391034205,-21.648071976083862,1.01338506043586,5.2966348592943975,0.32696719194081925,-69.67060603145157,-0.8125632746084135,55.85523218349256,-0.8604110866485712,37.62773713065987,-0.01912858174625246,-0.010182826529041223,-0.001441,0.010227105121245333,0.0078843,1,1.0
1354,0.02786377879251585,0.0004626324312284939,0.0015493,3.450317238911107,5.9334145391034205,37.88893577158277,1.01338506043586,5.041523166290496,0.32696719194081925,-25.846000210025306,-0.8125632746084135,-86.07900350430917,-0.8604110866485712,13.571966587439062,-0.01912858174625246,-0.01416724550968073,-0.001441,0.01421704608385754,0.0078843,1,1.0
1355,0.03726459171616722,0.00047546955470826913,0.0015493,3.450317238911107,5.9334145391034205,8.441609787099178,1.01338506043586,7.58362386577231,0.32696719194081925,-47.987774397821624,-0.8125632746084135,-52.448238626429536,-0.8604110866485712,27.451485122462,-0.01912858174625246,-0.014207524149008688,-0.001441,0.014209162775710662,0.0078843,1,1.0
1356,0.06046483329721093,0.0001938287609775303,0.0015493,3.450317238911107,5.9334145391034205,-73.1697337016625,1.01338506043586,5.582791583167668,0.32696719194081925,-76.13686621666216,-0.8125632746084135,44.526447383662244,-0.8604110866485712,63.45092166921097,-0.01912858174625246,-0.008971889309799296,-0.001441,0.009012436266140055,0.0078843,1,1.0
1357,0.09808306314663628,0.0005302931772359421,0.0015493,3.450317238911107,5.9334145391034205,-81.19956006514228,1.01338506043586,8.270081850975814,0.32696719194081925,-97.54621779652837,-0.8125632746084135,6.600737634269545,-0.8604110866485712,85.34761936809387,-0.01912858174625246,-0.01530218230621225,-0.001441,0.015310305476389474,0.0078843,1,1.0
1358,0.03967911396644354,5.379613014340695e-05,0.0015493,3.450317238911107,5.9334145391034205,-36.36609181662079,1.01338506043586,1.429841087622242,0.32696719194081925,-19.9189644104571,-0.8125632746084135,-1.4735934176304468,-0.8604110866485712,25.974768514623186,-0.01912858174625246,-0.002010700750829894,-0.001441,0.002008309817316267,0.0078843,1,1.0
1359,0.00017035155575309546,0.0017183836487611294,0.0015493,3.450317238911107,5.9334145391034205,25.75977038504045,1.01338506043586,8.55235849605922,0.32696719194081925,-78.30375356725082,-0.8125632746084135,7.055106684041926,-0.8604110866485712,30.63685381351862,-0.01912858174625246,-0.016799918016001527,-0.001441,0.01851780951951357,0.0078843,1,1.0
1360,0.0028711708159378235,0.0009076718412030228,0.0015493,3.450317238911107,5.9334145391034205,4.685974037401644,1.01338506043586,9.206857644086629,0.32696719194081925,-82.76448682171463,-0.8125632746084135,23.940904122607805,-0.8604110866485712,35.2340382155752,-0.01912858174625246,-0.01696609019910789,-0.001441,0.016942147305598922,0.0078843,1,1.0
1361,0.006129357011315714,0.0002157033015597377,0.0015493,3.450317238911107,5.9334145391034205,40.495155227264085,1.01338506043586,3.4303797350202396,0.32696719194081925,-12.053080794295076,-0.8125632746084135,-62.60465861487891,-0.8604110866485712,0.2379882548901221,-0.01912858174625246,-0.009526775409522577,-0.001441,0.009533496006444993,0.0078843,1,1.0
1362,0.037907632801476326,0.000809827621060623,0.0015493,3.450317238911107,5.9334145391034205,-7.853317452589164,1.01338506043586,9.547903197207578,0.32696719194081925,-85.13270399320001,-0.8125632746084135,-10.888641597316974,-0.8604110866485712,48.97128937783509,-0.01912858174625246,-0.018435528721187314,-0.001441,0.018517274276063447,0.0078843,1,1.0
1363,0.023818273519917492,0.00014533318449129815,0.0015493,3.450317238911107,5.9334145391034205,21.721781657754622,1.01338506043586,3.545992966198919,0.32696719194081925,-11.947896131814698,-0.8125632746084135,-64.81605835375088,-0.8604110866485712,7.104647043070867,-0.01912858174625246,-0.00801340897394528,-0.001441,0.008004335187477339,0.0078843,1,1.0
1364,0.06344240623587913,0.00022675390410002583,0.0015493,3.450317238911107,5.9334145391034205,-27.327472920121775,1.01338506043586,4.6506325782344655,0.32696719194081925,-40.335397681323045,-0.8125632746084135,-42.89246394952136,-0.8604110866485712,40.18023450036995,-0.01912858174625246,-0.009629254158878005,-0.001441,0.009625519976398166,0.0078843,1,1.0
1365,0.017010171845657646,0.0015539938779201793,0.0015493,3.450317238911107,5.9334145391034205,46.419186943490125,1.01338506043586,9.270609698392228,0.32696719194081925,-75.42526389475609,-0.8125632746084135,-56.079474042263676,-0.8604110866485712,32.782549154454145,-0.01912858174625246,-0.02348646588744558,-0.001441,0.023789897179128668,0.0078843,1,1.0
1366,0.00024392296983100819,0.004197238926166342,0.0015493,3.450317238911107,5.9334145391034205,33.619014615285515,1.01338506043586,0.14478965162537674,0.32696719194081925,-24.382688836605904,-0.8125632746084135,3.5729256874029813,-0.8604110866485712,10.361858623526308,-0.01912858174625246,-0.010205664711514812,-0.001441,0.01687346958246629,0.0078843,1,1.0
1367,0.005446901485184851,4.1632396242220585e-05,0.0015493,3.450317238911107,5.9334145391034205,-33.91696127578532,1.01338506043586,1.467016388193604,0.32696719194081925,-36.928432031454264,-0.8125632746084135,58.46377975953107,-0.8604110866485712,25.15043456584469,-0.01912858174625246,-0.002155162598036839,-0.001441,0.0021961199776626764,0.0078843,1,1.0
1368,0.07919007629592119,0.00024960902572213376,0.0015493,3.450317238911107,5.9334145391034205,-70.34639565257808,1.01338506043586,1.6812614256032514,0.32696719194081925,-28.489484684670717,-0.8125632746084135,-10.79798040713649,-0.8604110866485712,46.85105180121929,-0.01912858174625246,-0.002178979184760378,-0.001441,0.0021719198620569653,0.0078843,1,1.0
1369,0.013586873000623695,0.00039322956445218815,0.0015493,3.450317238911107,5.9334145391034205,16.751516179881367,1.01338506043586,6.006617456490646,0.32696719194081925,-45.93283494667805,-0.8125632746084135,-25.421595236111507,-0.8604110866485712,20.951985126522207,-0.01912858174625246,-0.012560856761248703,-0.001441,0.012580056721036076,0.0078843,1,1.0
1370,0.04867978638403017,0.00011720555954739995,0.0015493,3.450317238911107,5.9334145391034205,-25.88795062124328,1.01338506043586,0.8626403218488408,0.32696719194081925,-7.765196547034022,-0.8125632746084135,-35.715163624100775,-0.8604110866485712,21.717745506302908,-0.01912858174625246,-0.0027210218853177337,-0.001441,0.0027345273095090664,0.0078843,1,1.0
1371,0.011632690953621135,0.00013859143703966442,0.0015493,3.450317238911107,5.9334145391034205,4.398295180735886,1.01338506043586,3.3466120109921884,0.32696719194081925,-28.875725176987142,-0.8125632746084135,-11.629478081566777,-0.8604110866485712,15.589913644158635,-0.01912858174625246,-0.007306463954887726,-0.001441,0.007295532423686814,0.0078843,1,1.0
1372,7.318934946758116e-05,0.0025654757635853458,0.0015493,3.450317238911107,5.9334145391034205,68.6498677482788,1.01338506043586,3.372811935588347,0.32696719194081925,-5.969302703180782,-0.8125632746084135,-71.92410481480147,-0.8604110866485712,-10.239339961140157,-0.01912858174625246,-0.007408145225485423,-0.001441,0.012132932222683804,0.0078843,1,1.0
1373,0.003543636346909171,0.0011265247262889928,0.0015493,3.450317238911107,5.9334145391034205,42.57317622535144,1.01338506043586,6.2932809423385665,0.32696719194081925,-56.24918412364624,-0.8125632746084135,-36.72676826907977,-0.8604110866485712,22.210861822835625,-0.01912858174625246,-0.018498589584745685,-0.001441,0.018809077475415978,0.0078843,1,1.0
1374,0.0028189553220074326,0.000652959023324381,0.0015493,3.450317238911107,5.9334145391034205,30.01572091929696,1.01338506043586,7.4301629792534305,0.32696719194081925,-52.76823010669195,-0.8125632746084135,-25.618702887193475,-0.8604110866485712,17.797477343110508,-0.01912858174625246,-0.014934162123107622,-0.001441,0.014919305531630442,0.0078843,1,1.0
1375,0.013436970133186878,0.00012390767436633207,0.0015493,3.450317238911107,5.9334145391034205,35.99572030482793,1.01338506043586,2.8709748902943333,0.32696719194081925,-1.7803808109541905,-0.8125632746084135,-73.25310442262389,-0.8604110866485712,-2.596757299928033,-0.01912858174625246,-0.007371940308123632,-0.001441,0.007390083051731889,0.0078843,1,1.0
1376,0.05075516125272155,9.762633973563596e-05,0.0015493,3.450317238911107,5.9334145391034205,-87.25562890309287,1.01338506043586,2.627563907016225,0.32696719194081925,-54.60440892385788,-0.8125632746084135,69.82919251920784,-0.8604110866485712,53.121073719223894,-0.01912858174625246,-0.0038058264582829402,-0.001441,0.0037934690948800533,0.0078843,1,1.0
1377,0.04574912269913828,0.0003619015290509907,0.0015493,3.450317238911107,5.9334145391034205,-56.78580722325466,1.01338506043586,7.4083439204424195,0.32696719194081925,-92.7206144114655,-0.8125632746084135,51.79742435763871,-0.8604110866485712,64.39430496166067,-0.01912858174625246,-0.013134631784764804,-0.001441,0.013137753281691091,0.0078843,1,1.0
1378,0.03207814127002548,0.0007972187220320992,0.0015493,3.450317238911107,5.9334145391034205,38.31669422741397,1.01338506043586,8.579774308502076,0.32696719194081925,-51.8015371116276,-0.8125632746084135,-83.92010580910856,-0.8604110866485712,24.354603620281274,-0.01912858174625246,-0.018920161207882317,-0.001441,0.01891760883429935,0.0078843,1,1.0
1379,0.04989371012716093,0.00021837043811782076,0.0015493,3.450317238911107,5.9334145391034205,-26.857256443956345,1.01338506043586,5.493074258802865,0.32696719194081925,-50.70142864294898,-0.8125632746084135,-17.987434087057743,-0.8604110866485712,40.40555315588727,-0.01912858174625246,-0.01024299777774791,-0.001441,0.010255376385089743,0.0078843,1,1.0
1380,0.03438238022638406,0.00015389193303368815,0.0015493,3.450317238911107,5.9334145391034205,-2.4658888327366117,1.01338506043586,4.206151429290745,0.32696719194081925,-27.471152101586966,-0.8125632746084135,-39.54494016625125,-0.8604110866485712,20.985912039375556,-0.01912858174625246,-0.008131830367295048,-0.001441,0.00816413182752345,0.0078843,1,1.0
1381,0.00024265591365699168,0.00026514275419269284,0.0015493,3.450317238911107,5.9334145391034205,-21.96106760023787,1.01338506043586,3.904129283800273,0.32696719194081925,-63.10922619798628,-0.8125632746084135,62.37413266295856,-0.8604110866485712,34.728775063412826,-0.01912858174625246,-0.008629262528972299,-0.001441,0.008637404992898928,0.0078843,1,1.0
1382,0.015351577595210417,9.160274236828865e-05,0.0015493,3.450317238911107,5.9334145391034205,-7.4809938978369,1.01338506043586,2.47892577207385,0.32696719194081925,-26.865439490905363,-0.8125632746084135,-0.5408262337227326,-0.8604110866485712,18.132647377433685,-0.01912858174625246,-0.005405116881981955,-0.001441,0.005457817779567467,0.0078843,1,1.0
1383,0.1002332771510196,0.00037348358399733907,0.0015493,3.450317238911107,5.9334145391034205,-82.90816272767256,1.01338506043586,4.468884886403512,0.32696719194081925,-49.49257437283047,-0.8125632746084135,-18.27949786501453,-0.8604110866485712,62.62262436139924,-0.01912858174625246,-0.006597114223907244,-0.001441,0.006560463436845957,0.0078843,1,1.0
1384,0.02703157203273683,9.525850994302864e-05,0.0015493,3.450317238911107,5.9334145391034205,-13.488188808088884,1.01338506043586,3.3117862608374375,0.32696719194081925,-26.333005852861064,-0.8125632746084135,-12.538743529481515,-0.8604110866485712,20.265464191326444,-0.01912858174625246,-0.005677442332215136,-0.001441,0.005718849249943665,0.0078843,1,1.0
1385,0.026840678557004283,5.211845231506513e-05,0.0015493,3.450317238911107,5.9334145391034205,-29.6444607159728,1.01338506043586,0.2624647076190766,0.32696719194081925,-12.948351242209835,-0.8125632746084135,6.939336050656678,-0.8604110866485712,19.118844752191745,-0.01912858174625246,-0.0009379615747691205,-0.001441,0.0009304700933174745,0.0078843,1,1.0
1386,0.012314044198379344,0.00023438952534580367,0.0015493,3.450317238911107,5.9334145391034205,-31.770893202251496,1.01338506043586,4.150412361455312,0.32696719194081925,-62.574796196615736,-0.8125632746084135,56.795691241708504,-0.8604110866485712,38.481151802325336,-0.01912858174625246,-0.007887222378582612,-0.001441,0.00800999883020968,0.0078843,1,1.0
1387,0.00015203212787601172,0.0005880568009902343,0.0015493,3.450317238911107,5.9334145391034205,-23.378306457606794,1.01338506043586,-3.9753267159442274,0.32696719194081925,-0.7524991763961416,-0.8125632746084135,40.84857789275807,-0.8604110866485712,10.97453446158433,-0.01912858174625246,-0.00911155165794664,-0.001441,0.009183501892221554,0.0078843,1,1.0
1388,0.015214194929096621,1.195793855211534e-05,0.0015493,3.450317238911107,5.9334145391034205,-21.5801873523022,1.01338506043586,0.9141038536377283,0.32696719194081925,-17.50960556221462,-0.8125632746084135,15.364679482829166,-0.8604110866485712,16.16544256004107,-0.01912858174625246,-0.00142416889314822,-0.001441,0.001421725151845833,0.0078843,1,1.0
1389,0.01423705862715504,0.0002810762262501015,0.0015493,3.450317238911107,5.9334145391034205,-26.026420103886164,1.01338506043586,2.849808655642171,0.32696719194081925,-52.082689680201554,-0.8125632746084135,42.37214718765759,-0.8604110866485712,34.792678471284624,-0.01912858174625246,-0.007628171536618679,-0.001441,0.00777981070527232,0.0078843,1,1.0
1390,0.024144462439442897,0.00019190234303053066,0.0015493,3.450317238911107,5.9334145391034205,27.769974023697966,1.01338506043586,4.184566979632387,0.32696719194081925,-15.178273010335484,-0.8125632746084135,-72.55951653683533,-0.8604110866485712,7.598295595615944,-0.01912858174625246,-0.009606051905030857,-0.001441,0.009607435423532124,0.0078843,1,1.0
1391,0.022282596268957254,5.546882802543956e-05,0.0015493,3.450317238911107,5.9334145391034205,-15.12351807166023,1.01338506043586,2.035483718751995,0.32696719194081925,-21.132913491517716,-0.8125632746084135,-4.04774280751025,-0.8604110866485712,18.17181603585379,-0.01912858174625246,-0.003821726757016041,-0.001441,0.0038052803907568777,0.0078843,1,1.0
1392,0.028925084765802807,8.539943342094676e-05,0.0015493,3.450317238911107,5.9334145391034205,-30.834076531227524,1.01338506043586,3.411743460230638,0.32696719194081925,-39.124192456807535,-0.8125632746084135,15.993107563669895,-0.8604110866485712,30.224946146839002,-0.01912858174625246,-0.005562757575295606,-0.001441,0.005604487388670495,0.0078843,1,1.0
1393,0.00504006651610532,1.784125893954919e-05,0.0015493,3.450317238911107,5.9334145391034205,-3.7994727854807446,1.01338506043586,0.10734419377425597,0.32696719194081925,-5.041242764243112,-0.8125632746084135,0.5851058393079159,-0.8604110866485712,5.129218023470574,-0.01912858174625246,-0.0014798040038628663,-0.001441,0.0014754178594735261,0.0078843,1,1.0
1394,0.05754940232010837,0.00033660911026524184,0.0015493,3.450317238911107,5.9334145391034205,-7.700242630402988,1.01338506043586,6.436367682139857,0.32696719194081925,-43.165303539245016,-0.8125632746084135,-62.112803215579085,-0.8604110866485712,34.83341731787391,-0.01912858174625246,-0.012545551461626505,-0.001441,0.01256832075188784,0.0078843,1,1.0
1395,0.0058348649862559054,0.00024769518256469874,0.0015493,3.450317238911107,5.9334145391034205,21.08270148213182,1.01338506043586,4.541397919946795,0.32696719194081925,-30.836212785699527,-0.8125632746084135,-26.29391235542268,-0.8604110866485712,11.214986903092056,-0.01912858174625246,-0.009636579219017621,-0.001441,0.009655053864091533,0.0078843,1,1.0
1396,0.012331743416046828,0.00019516305907522167,0.0015493,3.450317238911107,5.9334145391034205,32.40887697845167,1.01338506043586,3.7173918050219177,0.32696719194081925,-4.13434285023345,-0.8125632746084135,-67.02767010422858,-0.8604110866485712,-3.2121177446447398,-0.01912858174625246,-0.007206088935309243,-0.001441,0.00726605171382947,0.0078843,1,1.0
1397,0.0011247980941724162,0.00615330731649327,0.0015493,3.450317238911107,5.9334145391034205,35.536215370250716,1.01338506043586,4.7133036160937225,0.32696719194081925,-50.188798196933455,-0.8125632746084135,33.058742800657754,-0.8604110866485712,13.947579273655267,-0.01912858174625246,-0.0017258545490525376,-0.001441,0.013886899810153518,0.0078843,1,1.0
1398,0.004943274891569538,0.0004980010017866243,0.0015493,3.450317238911107,5.9334145391034205,58.423031054262985,1.01338506043586,5.249683277217191,0.32696719194081925,-22.318396053146973,-0.8125632746084135,-81.8402603457563,-0.8604110866485712,1.6001478085638672,-0.01912858174625246,-0.014248770294805941,-0.001441,0.014252785138238692,0.0078843,1,1.0
1399,0.011149983071732872,0.0004328482532667296,0.0015493,3.450317238911107,5.9334145391034205,-21.85568800994218,1.01338506043586,5.953905517655177,0.32696719194081925,-70.69210586203376,-0.8125632746084135,47.292922707377734,-0.8604110866485712,38.770459571442004,-0.01912858174625246,-0.010757341343701581,-0.001441,0.010999057200327417,0.0078843,1,1.0
1400,0.018195853756264126,0.003206705174217323,0.0015493,1.9101617833100923,3.129449789051122,-17.09303675983495,1.01338506043586,-0.3943531679280879,0.32696719194081925,-16.377874615753075,-0.8125632746084135,25.153809309796618,-0.8604110866485712,14.531247936493253,-0.01912858174625246,-0.0360458369634558,-0.001441,0.03588213654473944,0.0078843,1,1.0
1401,-2.996107000985404e-05,0.04843481632020174,0.0015493,1.9101617833100923,3.129449789051122,94.09968171641376,1.01338506043586,19.849138012376553,0.32696719194081925,-76.85366330655012,-0.8125632746084135,33.14067708148803,-0.8604110866485712,-16.340207585396143,-0.01912858174625246,0.5009331908110987,-0.001441,0.7485342828581382,0.0078843,0,1.0
1402,0.4264435252041996,0.15500819538814822,0.0015493,1.9101617833100923,3.129449789051122,-18.365079567780267,1.01338506043586,11.950144245988156,0.32696719194081925,-62.14015337197308,-0.8125632746084135,-8.478576656773228,-0.8604110866485712,50.55350348344923,-0.01912858174625246,-0.2655859104073814,-0.001441,0.2772864452473855,0.0078843,1,1.0
1403,0.11207957060495777,0.051978739785060915,0.0015493,1.9101617833100923,3.129449789051122,98.89879242963492,1.01338506043586,24.00445309787978,0.32696719194081925,-75.2483486941275,-0.8125632746084135,2.3436885378325645,-0.8604110866485712,-15.38555715503262,-0.01912858174625246,0.3672517666470624,-0.001441,0.7971877586981505,0.0078843,0,1.0
1404,0.005330488737497641,0.10411402905558226,0.0015493,1.9101617833100923,3.129449789051122,82.92389860433046,1.01338506043586,8.926974317314679,0.32696719194081925,-18.518493929297644,-0.8125632746084135,19.452095204083623,-0.8604110866485712,-37.499311971467,-0.01912858174625246,0.415285566891202,-0.001441,0.7311370664543481,0.0078843,0,1.0
1405,0.7651073417721055,0.23219292378208334,0.0015493,1.9101617833100923,3.129449789051122,27.76928401336054,1.01338506043586,22.159540229448496,0.32696719194081925,-97.27938305135518,-0.8125632746084135,10.94549951840075,-0.8604110866485712,47.16131277252173,-0.01912858174625246,0.3707424911029361,-0.001441,0.6712084141683684,0.0078843,0,1.0
1406,0.04922270026288167,0.06763305434038805,0.0015493,1.9101617833100923,3.129449789051122,-35.559890881228405,1.01338506043586,-4.4032754168934485,0.32696719194081925,-8.70175328012843,-0.8125632746084135,43.33243729657829,-0.8604110866485712,18.27453472330078,-0.01912858174625246,-0.17622996808761296,-0.001441,0.17625892824940262,0.0078843,1,1.0
1407,0.2326612238454887,0.07375605978121717,0.0015493,1.9101617833100923,3.129449789051122,-53.93450053981857,1.01338506043586,-4.3286938021487265,0.32696719194081925,-25.737151048705798,-0.8125632746084135,51.44303304869512,-0.8604110866485712,41.355342186964606,-0.01912858174625246,-0.1538226804343105,-0.001441,0.15390885929230771,0.0078843,1,1.0
1408,0.09201504366100496,0.00822818627218826,0.0015493,1.9101617833100923,3.129449789051122,-53.80652675147102,1.01338506043586,2.7791460460260633,0.32696719194081925,-75.33106209498668,-0.8125632746084135,82.1129956046799,-0.8604110866485712,58.417351048782265,-0.01912858174625246,-0.03801655864203322,-0.001441,0.038180433069000715,0.0078843,1,1.0
1409,0.48242669276378203,0.17857720367798482,0.0015493,1.9101617833100923,3.129449789051122,92.18313765702,1.01338506043586,20.148292253714214,0.32696719194081925,-25.51060263749499,-0.8125632746084135,-58.38534212932085,-0.8604110866485712,-21.713842727530054,-0.01912858174625246,0.39172375868511433,-0.001441,0.679783150852683,0.0078843,0,1.0
1410,1.1820978260375763,0.3057973553339834,0.0015493,1.9101617833100923,3.129449789051122,-60.291018521433784,1.01338506043586,14.6428579957931,0.32696719194081925,-74.77257923309074,-0.8125632746084135,-41.7444856656009,-0.8604110866485712,99.95096835654557,-0.01912858174625246,-0.30959674541985016,-0.001441,0.3107682164786284,0.0078843,1,1.0
1411,0.4094299018721498,0.026974471633181264,0.0015493,1.9101617833100923,3.129449789051122,-74.64725686434855,1.01338506043586,2.9542453888059694,0.32696719194081925,-79.57568792779881,-0.8125632746084135,73.0063002272893,-0.8604110866485712,79.87006957773765,-0.01912858174625246,-0.03624302417363596,-0.001441,0.03948582605904891,0.0078843,1,1.0
1412,1.2130547824557683,0.25110523490174863,0.0015493,1.9101617833100923,3.129449789051122,-45.74939417201329,1.01338506043586,6.114593480233577,0.32696719194081925,-9.27432125686145,-0.8125632746084135,-83.00390640604851,-0.8604110866485712,66.60039301828506,-0.01912858174625246,-0.14361964587387552,-0.001441,0.14339167760647478,0.0078843,1,1.0
1413,0.35063899782373836,0.02172947468315917,0.0015493,1.9101617833100923,3.129449789051122,-69.23384975681861,1.01338506043586,2.4000338741114993,0.32696719194081925,-72.8680190858381,-0.8125632746084135,70.45251831379562,-0.8604110866485712,72.47236361031348,-0.01912858174625246,-0.04437267830592943,-0.001441,0.04353551238399585,0.0078843,1,1.0
1414,0.695760822846387,0.19712865386296685,0.0015493,1.9101617833100923,3.129449789051122,7.379780437464537,1.01338506043586,8.382602403832504,0.32696719194081925,-0.006739218609573343,-0.8125632746084135,-93.13702320390792,-0.8604110866485712,24.388446162548586,-0.01912858174625246,-0.2790801112719576,-0.001441,0.27881419044341665,0.0078843,1,1.0
1415,0.00019197318242603068,0.11749894102846065,0.0015493,1.9101617833100923,3.129449789051122,86.67378997702603,1.01338506043586,18.302627184211758,0.32696719194081925,-76.03305080514897,-0.8125632746084135,63.75638522429134,-0.8604110866485712,-19.274070324525646,-0.01912858174625246,0.6460394398016218,-0.001441,0.810398074998165,0.0078843,0,1.0
1416,0.4605052050411339,0.10739309144432792,0.0015493,1.9101617833100923,3.129449789051122,2.099622591696093,1.01338506043586,9.003807696502427,0.32696719194081925,-11.216705111969427,-0.8125632746084135,-55.96766553205874,-0.8604110866485712,19.466589054641105,-0.01912858174625246,-0.2046023160736583,-0.001441,0.20916758582920347,0.0078843,1,1.0
1417,0.27304705520196015,0.08073177485728053,0.0015493,1.9101617833100923,3.129449789051122,46.01215460295243,1.01338506043586,17.95399332497337,0.32696719194081925,-99.95878849926987,-0.8125632746084135,52.15480081393635,-0.8604110866485712,25.999286339311993,-0.01912858174625246,0.4040684145556381,-0.001441,0.6683669918431208,0.0078843,0,1.0
1418,0.7177654394859372,0.09665403922322022,0.0015493,1.9101617833100923,3.129449789051122,-40.122835470817584,1.01338506043586,8.124096286954815,0.32696719194081925,-40.299591676727225,-0.8125632746084135,-22.84232140938455,-0.8604110866485712,58.66048597291723,-0.01912858174625246,-0.15414588455773673,-0.001441,0.1539898071139796,0.0078843,1,1.0
1419,0.27832024477633466,0.015740934193991224,0.0015493,1.9101617833100923,3.129449789051122,-37.2059384209086,1.01338506043586,4.314281054298545,0.32696719194081925,-51.24751381926996,-0.8125632746084135,30.629762944335365,-0.8604110866485712,47.834690311297614,-0.01912858174625246,-0.07087293333836499,-0.001441,0.07209308858151876,0.0078843,1,1.0
1420,0.46309711706824286,0.03810351813420951,0.0015493,1.9101617833100923,3.129449789051122,-16.57761265182309,1.01338506043586,3.566652196938955,0.32696719194081925,-6.382620694047073,-0.8125632746084135,-32.55502723950904,-0.8604110866485712,25.66021323019351,-0.01912858174625246,-0.07185555778717005,-0.001441,0.07145465200925087,0.0078843,1,1.0
1421,-0.000558006030800251,0.05125752355090925,0.0015493,1.9101617833100923,3.129449789051122,48.280556360565285,1.01338506043586,12.735950042139864,0.32696719194081925,-74.12641274225629,-0.8125632746084135,69.93891537495195,-0.8604110866485712,1.6854480523352504,-0.01912858174625246,0.45843995352331746,-0.001441,0.5797007653921895,0.0078843,0,1.0
1422,0.8545202220919863,0.26222102738413794,0.0015493,1.9101617833100923,3.129449789051122,79.18002072892894,1.01338506043586,28.70780622615114,0.32696719194081925,-91.15179058850937,-0.8125632746084135,-40.21748317337465,-0.8604110866485712,26.48815855369669,-0.01912858174625246,0.33717975363554903,-0.001441,0.9689853608011298,0.0078843,0,1.0
1423,0.257904246023329,0.01892739683379077,0.0015493,1.9101617833100923,3.129449789051122,-3.3479834071107417,1.01338506043586,3.417456619265397,0.32696719194081925,-3.3896153648643983,-0.8125632746084135,-26.154934460279332,-0.8604110866485712,11.622486042480231,-0.01912858174625246,-0.07588219711263823,-0.001441,0.07648143378127083,0.0078843,1,1.0
1424,0.11409775574093639,0.03925882407328112,0.0015493,1.9101617833100923,3.129449789051122,68.27085235289205,1.01338506043586,22.429158639768495,0.32696719194081925,-99.80210323460227,-0.8125632746084135,43.144745815351605,-0.8604110866485712,8.537797374358105,-0.01912858174625246,0.3836388801794446,-0.001441,0.7178114320127491,0.0078843,0,1.0
1425,0.0703321080852668,0.09599611373998317,0.0015493,1.9101617833100923,3.129449789051122,-15.269093255089272,1.01338506043586,9.237231338508407,0.32696719194081925,-68.22872386842154,-0.8125632746084135,33.22784532885118,-0.8604110866485712,39.15371992273905,-0.01912858174625246,-0.1893299057687123,-0.001441,0.2090136251152553,0.0078843,1,1.0
1426,0.018323079641071827,0.03171522380084441,0.0015493,1.9101617833100923,3.129449789051122,86.89211117333475,1.01338506043586,19.18677298329772,0.32696719194081925,-72.25125637482795,-0.8125632746084135,22.263877858244733,-0.8604110866485712,-12.844643621217273,-0.01912858174625246,0.3867373159111499,-0.001441,0.7066585415419641,0.0078843,0,1.0
1427,0.44105563229252476,0.11978327928642836,0.0015493,1.9101617833100923,3.129449789051122,32.69630089744166,1.01338506043586,18.57092581831031,0.32696719194081925,-94.17064477578263,-0.8125632746084135,41.57390295819741,-0.8604110866485712,32.6671884280434,-0.01912858174625246,0.44016568936941813,-0.001441,0.5881669667552083,0.0078843,0,1.0
1428,-0.0009889088791370515,0.04640832701692403,0.0015493,1.9101617833100923,3.129449789051122,77.99459948980378,1.01338506043586,13.924194300848995,0.32696719194081925,-46.11979337898414,-0.8125632746084135,20.090445113053548,-0.8604110866485712,-21.687419072506653,-0.01912858174625246,0.45015617053526324,-0.001441,0.5644021213251911,0.0078843,0,1.0
1429,0.44535248242210856,0.03507550526640377,0.0015493,1.9101617833100923,3.129449789051122,-16.100668252124198,1.01338506043586,3.2098948558731846,0.32696719194081925,-6.69890180953905,-0.8125632746084135,-30.554830784466965,-0.8604110866485712,25.320411451430317,-0.01912858174625246,-0.06769127448937613,-0.001441,0.06884124686239386,0.0078843,1,1.0
1430,0.48750848769426985,0.04585093953190976,0.0015493,1.9101617833100923,3.129449789051122,-39.0961260658724,1.01338506043586,6.1514836949708815,0.32696719194081925,-49.513353482992976,-0.8125632746084135,7.222669336379739,-0.8604110866485712,55.363691509963544,-0.01912858174625246,-0.11702500557246026,-0.001441,0.11779713809601133,0.0078843,1,1.0
1431,0.11565947220990791,0.08514666834370178,0.0015493,1.9101617833100923,3.129449789051122,43.26891656752642,1.01338506043586,12.801510445540101,0.32696719194081925,-66.65574801092173,-0.8125632746084135,51.008021394705295,-0.8604110866485712,5.309679178916905,-0.01912858174625246,0.44569824267311015,-0.001441,0.50757076840969,0.0078843,0,1.0
1432,0.10789007600121614,0.06472263098074087,0.0015493,1.9101617833100923,3.129449789051122,21.965384767445947,1.01338506043586,12.948950074526495,0.32696719194081925,-99.64085029438498,-0.8125632746084135,97.35038316465847,-0.8604110866485712,27.817766533659526,-0.01912858174625246,0.4394277503045635,-0.001441,0.5808238566338787,0.0078843,0,1.0
1433,0.012511547454067018,0.1455671406837178,0.0015493,1.9101617833100923,3.129449789051122,65.40772908154355,1.01338506043586,9.921757005528528,0.32696719194081925,-11.68176629229926,-0.8125632746084135,-17.219064720816302,-0.8604110866485712,-27.83403432334998,-0.01912858174625246,0.25399325391702987,-0.001441,0.37391675903388444,0.0078843,0,1.0
1434,3.508911226246525e-05,0.04979915868705111,0.0015493,1.9101617833100923,3.129449789051122,57.53672152004124,1.01338506043586,16.96503063935497,0.32696719194081925,-97.35637939681332,-0.8125632746084135,80.28038745097695,-0.8604110866485712,7.169650789795993,-0.01912858174625246,0.5659214036606374,-0.001441,0.6187608548165388,0.0078843,0,1.0
1435,-0.00167151324688386,0.036961493656386374,0.0015493,1.9101617833100923,3.129449789051122,99.77792499027886,1.01338506043586,19.569478103111702,0.32696719194081925,-72.20257963493158,-0.8125632746084135,16.871963404303226,-0.8604110866485712,-17.85685790326737,-0.01912858174625246,0.3705630658661485,-0.001441,0.7994993398149826,0.0078843,0,1.0
1436,0.14713443246414715,0.03210964481672512,0.0015493,1.9101617833100923,3.129449789051122,-0.7458592755897927,1.01338506043586,5.349871158923471,0.32696719194081925,-19.80250469273371,-0.8125632746084135,-11.546128274768012,-0.8604110866485712,14.197827615779119,-0.01912858174625246,-0.12513230827050184,-0.001441,0.12520556187327,0.0078843,1,1.0
1437,0.009826742785030707,0.05733838999371949,0.0015493,1.9101617833100923,3.129449789051122,30.463147886443352,1.01338506043586,12.177499908915305,0.32696719194081925,-88.7133195308164,-0.8125632746084135,96.91123278162901,-0.8604110866485712,14.717605582955628,-0.01912858174625246,0.4112235378357011,-0.001441,0.6337956652074918,0.0078843,0,1.0
1438,0.6425322159396487,0.12478982083887183,0.0015493,1.9101617833100923,3.129449789051122,-38.26308999644049,1.01338506043586,10.118428793308613,0.32696719194081925,-62.610633342184904,-0.8125632746084135,-8.115194903460841,-0.8604110866485712,66.8764768109229,-0.01912858174625246,-0.21712435925892226,-0.001441,0.22428900690533127,0.0078843,1,1.0
1439,0.6486068948402512,0.13164446327865212,0.0015493,1.9101617833100923,3.129449789051122,-30.346284911283966,1.01338506043586,10.217243566283136,0.32696719194081925,-51.86258892940509,-0.8125632746084135,-23.265498157276372,-0.8604110866485712,59.02159829470409,-0.01912858174625246,-0.2305288863731978,-0.001441,0.2316612910134137,0.0078843,1,1.0
1440,0.6623003854576223,0.0867377288099891,0.0015493,1.9101617833100923,3.129449789051122,-53.456537483583226,1.01338506043586,8.684892178043407,0.32696719194081925,-69.13788062467177,-0.8125632746084135,10.664572405414603,-0.8604110866485712,76.11454143496636,-0.01912858174625246,-0.16587999339954795,-0.001441,0.16622681100577874,0.0078843,1,1.0
1441,0.012103341933227041,0.05008647376735403,0.0015493,1.9101617833100923,3.129449789051122,95.2246877812902,1.01338506043586,14.26684744620559,0.32696719194081925,-30.110571983647166,-0.8125632746084135,-6.232007166616868,-0.8604110866485712,-34.86862027973288,-0.01912858174625246,0.4200518215003855,-0.001441,0.6172164766051945,0.0078843,0,1.0
1442,0.015081036641067802,0.02757522687406237,0.0015493,1.9101617833100923,3.129449789051122,-35.04724363981528,1.01338506043586,5.106765781676702,0.32696719194081925,-73.12981249330741,-0.8125632746084135,66.72756600828825,-0.8604110866485712,47.55011464796171,-0.01912858174625246,-0.08448437238608342,-0.001441,0.09231012932657318,0.0078843,1,1.0
1443,0.045292762462288805,0.011967053923381269,0.0015493,1.9101617833100923,3.129449789051122,-46.65070106636895,1.01338506043586,3.9830369120755957,0.32696719194081925,-74.65937086919615,-0.8125632746084135,77.69744028640996,-0.8604110866485712,53.15277353278722,-0.01912858174625246,-0.06333541582012267,-0.001441,0.06341297323607384,0.0078843,1,1.0
1444,0.05413107412614232,0.10355375008563869,0.0015493,1.9101617833100923,3.129449789051122,-52.47412858232277,1.01338506043586,-6.425266022670246,0.32696719194081925,-24.17497842506248,-0.8125632746084135,70.85439220884344,-0.8604110866485712,33.545513796027485,-0.01912858174625246,-0.20805230768438077,-0.001441,0.2095777475863626,0.0078843,1,1.0
1445,0.01953998317215508,0.008593716781607481,0.0015493,1.9101617833100923,3.129449789051122,-24.508486965764472,1.01338506043586,3.1528485956266574,0.32696719194081925,-45.56306794525233,-0.8125632746084135,43.36361422117656,-0.8604110866485712,30.55815034508635,-0.01912858174625246,-0.051109074320493456,-0.001441,0.053713717150995974,0.0078843,1,1.0
1446,0.4677844314420369,0.03447366779108552,0.0015493,1.9101617833100923,3.129449789051122,-24.333955916785005,1.01338506043586,2.3831151828132504,0.32696719194081925,-10.572887601077678,-0.8125632746084135,-21.204923300670487,-0.8604110866485712,31.151268126723163,-0.01912858174625246,-0.04069068860440642,-0.001441,0.04111396568179924,0.0078843,1,1.0
1447,0.06468275890437747,0.08684356581955913,0.0015493,1.9101617833100923,3.129449789051122,-30.55724297595272,1.01338506043586,6.688449071620526,0.32696719194081925,-83.48166648541444,-0.8125632746084135,60.654814646977286,-0.8604110866485712,54.144590015417364,-0.01912858174625246,-0.15456858058964804,-0.001441,0.17870593766644446,0.0078843,1,1.0
1448,-0.00025496984114037335,0.06723003220930317,0.0015493,1.9101617833100923,3.129449789051122,81.00069140983352,1.01338506043586,11.529968295763055,0.32696719194081925,-24.682813483530456,-0.8125632746084135,10.125345950997229,-0.8604110866485712,-33.58660181645168,-0.01912858174625246,0.4534114204479099,-0.001441,0.5680863859756528,0.0078843,0,1.0
1449,0.22313582410401556,0.008142656771842893,0.0015493,1.9101617833100923,3.129449789051122,-28.878913484454284,1.01338506043586,1.8255877133572398,0.32696719194081925,-28.210169642417892,-0.8125632746084135,19.163677234072804,-0.8604110866485712,31.68565754637293,-0.01912858174625246,-0.028482666432000408,-0.001441,0.02757848853445789,0.0078843,1,1.0
1450,0.00016658416412174137,0.06626321840858318,0.0015493,1.9101617833100923,3.129449789051122,84.33073109994825,1.01338506043586,11.392165155054231,0.32696719194081925,-20.74691068020012,-0.8125632746084135,4.2843696400090145,-0.8604110866485712,-36.34966475858003,-0.01912858174625246,0.45065060821411496,-0.001441,0.567370510076412,0.0078843,0,1.0
1451,0.5478117004279803,0.09916966899053936,0.0015493,1.9101617833100923,3.129449789051122,-46.61980412222742,1.01338506043586,10.331316593175787,0.32696719194081925,-77.89669721204892,-0.8125632746084135,18.0499411041327,-0.8604110866485712,73.11908996066741,-0.01912858174625246,-0.20627098237328095,-0.001441,0.2090472880838396,0.0078843,1,1.0
1452,0.0007782432620194735,0.05661159336035735,0.0015493,1.9101617833100923,3.129449789051122,77.59206728825785,1.01338506043586,12.373521634856594,0.32696719194081925,-36.1404861391251,-0.8125632746084135,18.1569568766411,-0.8604110866485712,-26.480152905595453,-0.01912858174625246,0.4625650358659991,-0.001441,0.559203088469479,0.0078843,0,1.0
1453,0.03271263540285485,0.07118863744416443,0.0015493,1.9101617833100923,3.129449789051122,-38.362041545093554,1.01338506043586,8.80588164381346,0.32696719194081925,-93.13168566990767,-0.8125632746084135,73.17658834199584,-0.8604110866485712,57.82454442667562,-0.01912858174625246,-0.1701738510822414,-0.001441,0.1692972779420369,0.0078843,1,1.0
1454,0.3572076602678704,0.08141552832938304,0.0015493,1.9101617833100923,3.129449789051122,10.376918013627328,1.01338506043586,7.082050813315702,0.32696719194081925,-0.9202351781368986,-0.8125632746084135,-54.6594395652941,-0.8604110866485712,8.10472776900791,-0.01912858174625246,-0.15213668244436085,-0.001441,0.17870482273364896,0.0078843,1,1.0
1455,0.13054476577616625,0.026178522491410283,0.0015493,1.9101617833100923,3.129449789051122,-59.66689610816292,1.01338506043586,5.97448644928974,0.32696719194081925,-99.93293071026058,-0.8125632746084135,92.43713209612996,-0.8604110866485712,73.61155459368885,-0.01912858174625246,-0.09165912393401116,-0.001441,0.09194619072829013,0.0078843,1,1.0
1456,0.02264188750914329,0.009336671998165734,0.0015493,1.9101617833100923,3.129449789051122,-38.9542403721625,1.01338506043586,0.5951188813579895,0.32696719194081925,-47.17960883181708,-0.8125632746084135,62.30404108647819,-0.8604110866485712,36.8923338764468,-0.01912858174625246,-0.05689564139795749,-0.001441,0.05594757421122493,0.0078843,1,1.0
1457,0.6333309848518967,0.0734624813279681,0.0015493,1.9101617833100923,3.129449789051122,-44.31792390329594,1.01338506043586,0.8615594461498002,0.32696719194081925,-12.081268591270765,-0.8125632746084135,-14.460912783838777,-0.8604110866485712,45.05427834615304,-0.01912858174625246,-0.03119246758426944,-0.001441,0.03145345014878018,0.0078843,1,1.0
1458,0.7838834794065741,0.16073466267076167,0.0015493,1.9101617833100923,3.129449789051122,-62.01966863995847,1.01338506043586,-2.4911514061921434,0.32696719194081925,-8.964666696724965,-0.8125632746084135,-9.418549545688084,-0.8604110866485712,57.209003898063656,-0.01912858174625246,-0.10075877346292694,-0.001441,0.09858270670350774,0.0078843,1,1.0
1459,0.5230319546349543,0.05593366974440312,0.0015493,1.9101617833100923,3.129449789051122,-18.51905956331121,1.01338506043586,5.3190125224713585,0.32696719194081925,-16.33287704365306,-0.8125632746084135,-34.12599516861783,-0.8604110866485712,33.44027717515282,-0.01912858174625246,-0.11796007760745224,-0.001441,0.11840182418359128,0.0078843,1,1.0
1460,0.005271152217990016,0.02540288370447594,0.0015493,1.9101617833100923,3.129449789051122,96.41431746121258,1.01338506043586,22.666316592531686,0.32696719194081925,-86.29410734115145,-0.8125632746084135,23.243907031970373,-0.8604110866485712,-11.517927745898426,-0.01912858174625246,0.36340325949533986,-0.001441,0.8045051368978069,0.0078843,0,1.0
1461,0.27525892698992244,0.024052680391503142,0.0015493,1.9101617833100923,3.129449789051122,-19.235158245196608,1.01338506043586,4.148497656484117,0.32696719194081925,-31.084111224256677,-0.8125632746084135,1.5857032162390294,-0.8604110866485712,32.15643358822554,-0.01912858174625246,-0.09588146941163625,-0.001441,0.09694546191438783,0.0078843,1,1.0
1462,0.2902995568429597,0.012028798864217575,0.0015493,1.9101617833100923,3.129449789051122,-28.396064215307618,1.01338506043586,2.2252712561913937,0.32696719194081925,-28.368904902620233,-0.8125632746084135,10.950076439460089,-0.8604110866485712,34.67444726368588,-0.01912858174625246,-0.03320316969680287,-0.001441,0.033396361619166426,0.0078843,1,1.0
1463,0.3907961448538334,0.15980890928861177,0.0015493,1.9101617833100923,3.129449789051122,-20.323985883837224,1.01338506043586,12.616292526719604,0.32696719194081925,-68.33164298176979,-0.8125632746084135,-0.23294240240024047,-0.8604110866485712,52.285719863330925,-0.01912858174625246,-0.2715463841431364,-0.001441,0.2823168389338608,0.0078843,1,1.0
1464,0.5069975225753173,0.06822762160997353,0.0015493,1.9101617833100923,3.129449789051122,-6.851746504400622,1.01338506043586,5.9792979772422665,0.32696719194081925,-0.7263968548372526,-0.8125632746084135,-52.58847727277117,-0.8604110866485712,19.715250243559804,-0.01912858174625246,-0.12358346034205298,-0.001441,0.12877296384258785,0.0078843,1,1.0
1465,0.2812299831399814,0.08929735069153852,0.0015493,1.9101617833100923,3.129449789051122,38.10889328089408,1.01338506043586,16.132023664332532,0.32696719194081925,-83.39183748833615,-0.8125632746084135,48.47693911240621,-0.8604110866485712,20.12165412041786,-0.01912858174625246,0.47850160620931675,-0.001441,0.5296414846740811,0.0078843,0,1.0
1466,0.6311228794223492,0.19107675757187473,0.0015493,1.9101617833100923,3.129449789051122,78.17917032166547,1.01338506043586,25.50069291277178,0.32696719194081925,-79.59908049588209,-0.8125632746084135,-27.743690448004518,-0.8604110866485712,14.194648667705527,-0.01912858174625246,0.3402775390678903,-0.001441,0.8538702141871617,0.0078843,0,1.0
1467,0.2933035358208846,0.024186004281319215,0.0015493,1.9101617833100923,3.129449789051122,-43.18342223383247,1.01338506043586,-0.4477115492783609,0.32696719194081925,-29.388674773189326,-0.8125632746084135,30.452267208729186,-0.8604110866485712,40.71151885842428,-0.01912858174625246,-0.054842005987969275,-0.001441,0.05451575434635644,0.0078843,1,1.0
1468,0.4517230686574845,0.04931315468760062,0.0015493,1.9101617833100923,3.129449789051122,-18.490444228954892,1.01338506043586,6.044297399598284,0.32696719194081925,-22.206432072858895,-0.8125632746084135,-24.392041302861852,-0.8604110866485712,32.797481824526564,-0.01912858174625246,-0.12482512102902035,-0.001441,0.12445328076706355,0.0078843,1,1.0
1469,0.14922613883855812,0.020223100549480327,0.0015493,1.9101617833100923,3.129449789051122,-31.22324976918389,1.01338506043586,-1.4210699079227214,0.32696719194081925,-17.385981762503157,-0.8125632746084135,28.50754480757024,-0.8604110866485712,24.930619287680475,-0.01912858174625246,-0.07851645267148702,-0.001441,0.08031255629311654,0.0078843,1,1.0
1470,0.005818208275812697,0.06686598464608806,0.0015493,1.9101617833100923,3.129449789051122,-24.07465944705984,1.01338506043586,8.032181618895972,0.32696719194081925,-72.7687059301912,-0.8125632746084135,54.12797371986971,-0.8604110866485712,41.338083303317234,-0.01912858174625246,-0.13948939595148008,-0.001441,0.16415949605107788,0.0078843,1,1.0
1471,0.34063499276683906,0.09608591606099946,0.0015493,1.9101617833100923,3.129449789051122,82.37523236722775,1.01338506043586,24.219466551157144,0.32696719194081925,-83.2077694093001,-0.8125632746084135,0.9997683313877381,-0.8604110866485712,3.078424466804988,-0.01912858174625246,0.38178887760988744,-0.001441,0.7991510047482635,0.0078843,0,1.0
1472,0.10709547131776169,0.002503481771256138,0.0015493,1.9101617833100923,3.129449789051122,-24.574325730225386,1.01338506043586,1.3593220973640667,0.32696719194081925,-28.65003165674328,-0.8125632746084135,27.723547640169073,-0.8604110866485712,26.049030842793986,-0.01912858174625246,-0.026553126560918794,-0.001441,0.026403493349953927,0.0078843,1,1.0
1473,0.5898584551136099,0.2535392051237043,0.0015493,1.9101617833100923,3.129449789051122,-13.136487939996677,1.01338506043586,14.34902532972319,0.32696719194081925,-59.518827849102685,-0.8125632746084135,-37.05767469778373,-0.8604110866485712,53.834713723732804,-0.01912858174625246,-0.35104655520885286,-0.001441,0.3512226922362294,0.0078843,1,1.0
1474,0.027914781267738942,0.0427555122614385,0.0015493,1.9101617833100923,3.129449789051122,99.13326173493361,1.01338506043586,18.382358386877847,0.32696719194081925,-48.00503447521261,-0.8125632746084135,-4.30131504684744,-0.8604110866485712,-28.732043550333255,-0.01912858174625246,0.3937876851633967,-0.001441,0.6835247426248062,0.0078843,0,1.0
1475,0.7828299249620203,0.29331865183920575,0.0015493,1.9101617833100923,3.129449789051122,-16.769687853721553,1.01338506043586,14.768065925016078,0.32696719194081925,-57.91518661263889,-0.8125632746084135,-46.99256576831128,-0.8604110866485712,60.543337836121175,-0.01912858174625246,-0.2891983110281689,-0.001441,0.37180491351885375,0.0078843,1,1.0
1476,0.10203069117835528,0.046092257696426345,0.0015493,1.9101617833100923,3.129449789051122,63.56467872886679,1.01338506043586,17.59825550536846,0.32696719194081925,-79.36660851589492,-0.8125632746084135,38.62729421716216,-0.8604110866485712,2.545273368481631,-0.01912858174625246,0.41733389042881497,-0.001441,0.6184013199460642,0.0078843,0,1.0
1477,0.4447267819886464,0.21757980788461273,0.0015493,1.9101617833100923,3.129449789051122,-3.688745203901238,1.01338506043586,13.475963505986561,0.32696719194081925,-51.51059925004897,-0.8125632746084135,-33.194457319329814,-0.8604110866485712,40.57729163498441,-0.01912858174625246,-0.315659051316497,-0.001441,0.3292966439584411,0.0078843,1,1.0
1478,1.0371231302263602,0.22992837885210946,0.0015493,1.9101617833100923,3.129449789051122,-54.9966664516799,1.01338506043586,12.16527046899534,0.32696719194081925,-65.7859761050725,-0.8125632746084135,-33.8927856578064,-0.8604110866485712,89.03048579970056,-0.01912858174625246,-0.2626011054713112,-0.001441,0.2601807545950383,0.0078843,1,1.0
1479,0.497588042112075,0.2566880908116226,0.0015493,1.9101617833100923,3.129449789051122,53.16834033250686,1.01338506043586,15.714718218460932,0.32696719194081925,-31.069251786079484,-0.8125632746084135,-46.30621119528036,-0.8604110866485712,2.5502117980019654,-0.01912858174625246,0.1794346625055519,-0.001441,0.5202420213821937,0.0078843,0,1.0
1480,0.042904512873405104,0.004458893287662804,0.0015493,1.9101617833100923,3.129449789051122,-25.766248289217927,1.01338506043586,2.127008598872788,0.32696719194081925,-41.16155147110409,-0.8125632746084135,41.19772893265455,-0.8604110866485712,30.264891943629422,-0.01912858174625246,-0.027575556140617588,-0.001441,0.030132743709262208,0.0078843,1,1.0
1481,0.5123863053415572,0.04469598301635453,0.0015493,1.9101617833100923,3.129449789051122,-45.780350057457746,1.01338506043586,4.9005596077970175,0.32696719194081925,-51.67790432225748,-0.8125632746084135,14.043532937432742,-0.8604110866485712,60.548355714685826,-0.01912858174625246,-0.09328173245113264,-0.001441,0.0926969204581174,0.0078843,1,1.0
1482,1.0143937804899765,0.17879819068127387,0.0015493,1.9101617833100923,3.129449789051122,-39.106457247034776,1.01338506043586,7.91207848315954,0.32696719194081925,-19.40058074694788,-0.8125632746084135,-65.79955426288666,-0.8604110866485712,60.06033359500514,-0.01912858174625246,-0.1607829800832097,-0.001441,0.16035751901598774,0.0078843,1,1.0
1483,0.2484054192067655,0.15445472987565656,0.0015493,1.9101617833100923,3.129449789051122,11.518075321277209,1.01338506043586,10.897501974996919,0.32696719194081925,-30.208004263956933,-0.8125632746084135,-37.134574019287946,-0.8604110866485712,17.845333501768124,-0.01912858174625246,-0.27315744742361264,-0.001441,0.27497180705504193,0.0078843,1,1.0
1484,0.006677784310364032,0.0675007151227836,0.0015493,1.9101617833100923,3.129449789051122,74.1823402934225,1.01338506043586,15.253966548348378,0.32696719194081925,-68.96968882777968,-0.8125632746084135,51.47419022576148,-0.8604110866485712,-11.912135325910409,-0.01912858174625246,0.5463686028775108,-0.001441,0.6576192382444328,0.0078843,0,1.0
1485,0.58427050800067,0.18130960648819763,0.0015493,1.9101617833100923,3.129449789051122,85.97601162046263,1.01338506043586,23.440966861079723,0.32696719194081925,-57.81215027699729,-0.8125632746084135,-41.5486922280362,-0.8604110866485712,-0.6173756905844549,-0.01912858174625246,0.370595573289573,-0.001441,0.7997002475184947,0.0078843,0,1.0
1486,0.00705315706084364,0.034158849384817,0.0015493,1.9101617833100923,3.129449789051122,54.5176006421398,1.01338506043586,15.190497844198182,0.32696719194081925,-81.29856069120737,-0.8125632746084135,59.72480835421452,-0.8604110866485712,3.806992298477308,-0.01912858174625246,0.45702236153862347,-0.001441,0.5506585116469833,0.0078843,0,1.0
1487,0.3146295469339464,0.10041861857873399,0.0015493,1.9101617833100923,3.129449789051122,71.79773058860762,1.01338506043586,17.82564923038681,0.32696719194081925,-57.22165648367728,-0.8125632746084135,-2.1273561990738994,-0.8604110866485712,-3.197640478410527,-0.01912858174625246,0.40791753789585145,-0.001441,0.6485920336424236,0.0078843,0,1.0
1488,0.0069231010508252755,0.036670911490204405,0.0015493,1.9101617833100923,3.129449789051122,64.01817486878417,1.01338506043586,15.937333334101247,0.32696719194081925,-70.26869019359341,-0.8125632746084135,43.332471164289316,-0.8604110866485712,-5.72141049150029,-0.01912858174625246,0.45683544199945003,-0.001441,0.5502885664189578,0.0078843,0,1.0
1489,1.0542268343511665,0.26902284560478107,0.0015493,1.9101617833100923,3.129449789051122,-52.71928683939156,1.01338506043586,14.926254771940933,0.32696719194081925,-68.18588051010508,-0.8125632746084135,-38.74604072835762,-0.8604110866485712,87.47479247151442,-0.01912858174625246,-0.2940938217528788,-0.001441,0.3008251671201183,0.0078843,1,1.0
1490,0.9067331509519583,0.3336336222558802,0.0015493,1.9101617833100923,3.129449789051122,17.340313746294346,1.01338506043586,21.42681709836739,0.32696719194081925,-90.7562883516092,-0.8125632746084135,-7.378111276923385,-0.8604110866485712,55.38967878315479,-0.01912858174625246,0.2765631600245664,-0.001441,0.6418127537427876,0.0078843,0,1.0
1491,0.003668226908464911,0.02555168281975024,0.0015493,1.9101617833100923,3.129449789051122,50.258582878275334,1.01338506043586,17.980788570290535,0.32696719194081925,-99.90937057818014,-0.8125632746084135,72.3437891910662,-0.8604110866485712,12.693540838190822,-0.01912858174625246,0.44160386761694337,-0.001441,0.5826520113759786,0.0078843,0,1.0
1492,0.261796776014049,0.033025515911600384,0.0015493,1.9101617833100923,3.129449789051122,-57.86391385278694,1.01338506043586,0.10985596516604268,0.32696719194081925,-49.201628678729605,-0.8125632746084135,59.66131386389242,-0.8604110866485712,53.316646099611916,-0.01912858174625246,-0.09043697921835499,-0.001441,0.09633272853709239,0.0078843,1,1.0
1493,0.027946551669187414,0.002252374797290104,0.0015493,1.9101617833100923,3.129449789051122,-22.493567457812407,1.01338506043586,1.445973988481998,0.32696719194081925,-34.48669442254382,-0.8125632746084135,36.573033345432115,-0.8604110866485712,25.52421949491203,-0.01912858174625246,-0.01701149788662955,-0.001441,0.01750078104875948,0.0078843,1,1.0
1494,0.005678034213026706,0.036464012357800384,0.0015493,1.9101617833100923,3.129449789051122,87.36809362717635,1.01338506043586,17.748455991301277,0.32696719194081925,-59.48400100346668,-0.8125632746084135,16.191582965872016,-0.8604110866485712,-19.65434593958873,-0.01912858174625246,0.41515595233039343,-0.001441,0.6514051921273506,0.0078843,0,1.0
1495,0.34439434468785823,0.020009164694143964,0.0015493,1.9101617833100923,3.129449789051122,-12.163972029751632,1.01338506043586,1.963703534328166,0.32696719194081925,-1.361545075404894,-0.8125632746084135,-25.229879013261083,-0.8604110866485712,17.653347369847776,-0.01912858174625246,-0.03928309757738038,-0.001441,0.03938207190634552,0.0078843,1,1.0
1496,0.0197919050334881,0.0990035262002006,0.0015493,1.9101617833100923,3.129449789051122,-11.44059683233106,1.01338506043586,6.797323374221337,0.32696719194081925,-65.99439911847934,-0.8125632746084135,58.19337065787574,-0.8604110866485712,32.040604851182884,-0.01912858174625246,0.0664271009691212,-0.001441,0.17732506257978398,0.0078843,0,1.0
1497,0.03448462027372893,0.008757683725937507,0.0015493,1.9101617833100923,3.129449789051122,-42.79250474345869,1.01338506043586,0.965388875334648,0.32696719194081925,-53.34956448527617,-0.8125632746084135,67.80861784112068,-0.8604110866485712,41.63938438955075,-0.01912858174625246,-0.0546696622493034,-0.001441,0.0541370453350214,0.0078843,1,1.0
1498,0.9827929898917387,0.34847939291554464,0.0015493,1.9101617833100923,3.129449789051122,-11.159915546811508,1.01338506043586,15.073109244849435,0.32696719194081925,-32.9093190665764,-0.8125632746084135,-92.98119694211934,-0.8604110866485712,54.52644720975661,-0.01912858174625246,-0.35490227592339074,-0.001441,0.3751065398720558,0.0078843,1,1.0
1499,0.41885186242730976,0.0272956625708395,0.0015493,1.9101617833100923,3.129449789051122,-26.662394243962353,1.01338506043586,3.177847191172099,0.32696719194081925,-21.956062934983276,-0.8125632746084135,-8.869293825068045,-0.8604110866485712,35.55966371659835,-0.01912858174625246,-0.057824033892491675,-0.001441,0.058296620475078734,0.0078843,1,1.0
1500,1.6565115741746297,0.9257167193164424,0.0015493,0.7950698454640701,2.498501227223157,17.664367574140012,1.01338506043586,60.36346571097566,0.32696719194081925,-82.07610295641376,-0.8125632746084135,-35.257249092359665,-0.8604110866485712,29.228384018364324,-0.01912858174625246,0.2752085971117113,-0.001441,8.468394733714831,0.0078843,0,1.0
1501,0.007078140926347842,0.07895381299093264,0.0015493,0.7950698454640701,2.498501227223157,74.54105820801928,1.01338506043586,72.53125081542812,0.32696719194081925,-52.79455044133318,-0.8125632746084135,-64.41984208168094,-0.8604110866485712,-41.02941911432291,-0.01912858174625246,0.29915323631276713,-0.001441,13.509238952594858,0.0078843,0,1.0
1502,0.001793788802155305,0.08390268886922286,0.0015493,0.7950698454640701,2.498501227223157,-2.5595607986388984,1.01338506043586,6.168194726618969,0.32696719194081925,-33.827116605315744,-0.8125632746084135,44.72730569100213,-0.8604110866485712,8.049033800024723,-0.01912858174625246,0.3623900740617031,-0.001441,1.068047036136949,0.0078843,0,1.0
1503,1.5481647701942898,0.9150163030785571,0.0015493,0.7950698454640701,2.498501227223157,18.281429614821377,1.01338506043586,49.45095028775399,0.32696719194081925,-54.51060996173931,-0.8125632746084135,-45.12801083789065,-0.8604110866485712,19.41029963402271,-0.01912858174625246,0.3380673058047474,-0.001441,7.287086696083223,0.0078843,0,1.0
1504,-0.0043449825175274626,0.25928917708720034,0.0015493,0.7950698454640701,2.498501227223157,82.37065106366792,1.01338506043586,58.1284840486307,0.32696719194081925,-3.9033729886835564,-0.8125632746084135,-92.55791577764805,-0.8604110866485712,-61.45232053605123,-0.01912858174625246,0.4740120719090992,-0.001441,12.839162500423488,0.0078843,0,1.0
1505,0.02244733376554553,0.011279314286482626,0.0015493,0.7950698454640701,2.498501227223157,31.737478786960885,1.01338506043586,47.71637664072628,0.32696719194081925,-74.03888998071768,-0.8125632746084135,2.1844440448690543,-0.8604110866485712,-2.448798902281054,-0.01912858174625246,0.2598543319383384,-0.001441,7.76725993450904,0.0078843,0,1.0
1506,3.4940255009530743,3.8500588294201616,0.0015493,0.7950698454640701,2.498501227223157,-11.39624683554535,1.01338506043586,45.82325613531827,0.32696719194081925,-38.98270744228571,-0.8125632746084135,-85.99769893440208,-0.8604110866485712,59.68236650202445,-0.01912858174625246,0.2708771573355344,-0.001441,5.226511123885108,0.0078843,0,1.0
1507,-0.0019641245274208963,0.08394712512190232,0.0015493,0.7950698454640701,2.498501227223157,9.120563428761253,1.01338506043586,26.2233153857722,0.32696719194081925,-73.12518932401106,-0.8125632746084135,52.24138759103918,-0.8604110866485712,11.205850795217199,-0.01912858174625246,1.0470862119765114,-0.001441,3.8421786727983305,0.0078843,0,1.0
1508,-0.0006225987873620387,0.007753746957600924,0.0015493,0.7950698454640701,2.498501227223157,9.882397600173837,1.01338506043586,30.262420839996484,0.32696719194081925,-74.39061116555793,-0.8125632746084135,36.833176247550135,-0.8604110866485712,13.058247767185156,-0.01912858174625246,0.42781590014196147,-0.001441,4.291867597148983,0.0078843,0,1.0
1509,1.2697451745776687,0.5781241604766378,0.0015493,0.7950698454640701,2.498501227223157,-2.3719364491828103,1.01338506043586,34.60137168110718,0.32696719194081925,-62.6995551735994,-0.8125632746084135,-1.7012727470938154,-0.8604110866485712,33.08914203176436,-0.01912858174625246,0.3295171205869496,-0.001441,3.9542720949800367,0.0078843,0,1.0
1510,0.005120804891988184,0.14077930516969492,0.0015493,0.7950698454640701,2.498501227223157,6.023863583058331,1.01338506043586,26.843502654547084,0.32696719194081925,-87.29825375283052,-0.8125632746084135,72.01009298329357,-0.8604110866485712,16.718957753376436,-0.01912858174625246,1.3808596814755962,-0.001441,3.7992671659163344,0.0078843,0,1.0
1511,1.4722409585907954,1.0324584483098977,0.0015493,0.7950698454640701,2.498501227223157,65.76658958866213,1.01338506043586,95.13365132578234,0.32696719194081925,-79.55980045467646,-0.8125632746084135,-95.85941543445567,-0.8604110866485712,-9.853240288483798,-0.01912858174625246,0.260671512562368,-0.001441,15.450887977807081,0.0078843,0,1.0
1512,0.033965466421553764,0.03467057547489676,0.0015493,0.7950698454640701,2.498501227223157,4.4695879474337445,1.01338506043586,2.651222301226215,0.32696719194081925,-3.3194034548394007,-0.8125632746084135,6.058506750924144,-0.8604110866485712,-3.5568371107758385,-0.01912858174625246,0.44140309518887194,-0.001441,0.6943229300021838,0.0078843,0,1.0
1513,0.012107351877980399,0.02502616728224179,0.0015493,0.7950698454640701,2.498501227223157,45.49122979080163,1.01338506043586,57.795913981348576,0.32696719194081925,-74.84442462897117,-0.8125632746084135,-14.107679200858279,-0.8604110866485712,-12.686081827017087,-0.01912858174625246,0.30648984988716776,-0.001441,9.899347736498534,0.0078843,0,1.0
1514,0.007706658582311565,0.06342731593367015,0.0015493,0.7950698454640701,2.498501227223157,53.785797217261006,1.01338506043586,45.91763458301024,0.32696719194081925,-18.85557305496154,-0.8125632746084135,-55.316080575533725,-0.8604110866485712,-35.562204710686935,-0.01912858174625246,0.2742600983402843,-0.001441,8.953008201567261,0.0078843,0,1.0
1515,-0.27512693692177936,1.6155841406774634,0.0015493,0.7950698454640701,2.498501227223157,18.42648654078886,1.01338506043586,9.033389807026914,0.32696719194081925,-38.98609072425968,-0.8125632746084135,92.03720955750985,-0.8604110866485712,-18.333602290553827,-0.01912858174625246,2.1885901057969885,-0.001441,3.6231547485279156,0.0078843,0,1.0
1516,0.010382086965021298,0.05206514861279259,0.0015493,0.7950698454640701,2.498501227223157,55.40453905882112,1.01338506043586,53.033484875744435,0.32696719194081925,-37.32526911848164,-0.8125632746084135,-47.934940550313975,-0.8604110866485712,-31.126264813710023,-0.01912858174625246,0.265512407776602,-0.001441,9.958335433611413,0.0078843,0,1.0
1517,-0.004743141514575555,0.4782343937334608,0.0015493,0.7950698454640701,2.498501227223157,47.24752017324125,1.01338506043586,49.11284816989264,0.32696719194081925,-59.66070078057992,-0.8125632746084135,11.79222169171631,-0.8604110866485712,-24.598957487552138,-0.01912858174625246,1.8276587358663834,-0.001441,8.744105461268795,0.0078843,0,1.0
1518,2.0498105661096435,1.5676845444849703,0.0015493,0.7950698454640701,2.498501227223157,-38.00962051442589,1.01338506043586,19.908249290737974,0.32696719194081925,-97.66669955886913,-0.8125632746084135,41.69362956811647,-0.8604110866485712,81.75524661414616,-0.01912858174625246,0.3703861534850029,-0.001441,1.430365624312555,0.0078843,0,1.0
1519,0.004292036929737453,0.014847858096211567,0.0015493,0.7950698454640701,2.498501227223157,45.95425928169372,1.01338506043586,63.51996693063089,0.32696719194081925,-90.54746257610772,-0.8125632746084135,-7.177327091350621,-0.8604110866485712,-8.357143998942487,-0.01912858174625246,0.2655872654948954,-0.001441,10.598874908233528,0.0078843,0,1.0
1520,0.017760967722164178,0.09286052187571325,0.0015493,0.7950698454640701,2.498501227223157,54.65223996382248,1.01338506043586,43.95046837752082,0.32696719194081925,-9.92000572126968,-0.8125632746084135,-60.066789457308595,-0.8604110866485712,-39.17422845659309,-0.01912858174625246,0.3501851886043381,-0.001441,8.68789526813886,0.0078843,0,1.0
1521,-0.002340302067163069,0.15342955504884798,0.0015493,0.7950698454640701,2.498501227223157,48.13591003387677,1.01338506043586,64.65009286856883,0.32696719194081925,-99.56752788358858,-0.8125632746084135,14.877387938978806,-0.8604110866485712,-10.361456032918058,-0.01912858174625246,1.095755985159525,-0.001441,10.886193681281082,0.0078843,0,1.0
1522,0.041008560398200444,0.07071105065861034,0.0015493,0.7950698454640701,2.498501227223157,75.96494081633962,1.01338506043586,79.5145643527923,0.32696719194081925,-70.38044005930458,-0.8125632746084135,-59.07235010079885,-0.8604110866485712,-36.16019709471266,-0.01912858174625246,0.25512008068528047,-0.001441,14.526127736855582,0.0078843,0,1.0
1523,1.0532352027405418,0.37595975888643735,0.0015493,0.7950698454640701,2.498501227223157,-2.1769355226514944,1.01338506043586,39.649904075414604,0.32696719194081925,-83.75472742743372,-0.8125632746084135,16.067185766078453,-0.8604110866485712,36.64722387733411,-0.01912858174625246,0.2667307859526966,-0.001441,4.504211578143217,0.0078843,0,1.0
1524,0.001480005504650883,0.10583631760209426,0.0015493,0.7950698454640701,2.498501227223157,96.32097650696032,1.01338506043586,94.16433388766659,0.32696719194081925,-68.21507960666646,-0.8125632746084135,-85.56813629512219,-0.8604110866485712,-52.760580846377586,-0.01912858174625246,0.28167204952796965,-0.001441,17.489588203704685,0.0078843,0,1.0
1525,0.5096405580350751,0.23172871485714594,0.0015493,0.7950698454640701,2.498501227223157,62.37465194837604,1.01338506043586,80.04797527216999,0.32696719194081925,-80.39980096083768,-0.8125632746084135,-53.95037052227071,-0.8604110866485712,-18.138244066135393,-0.01912858174625246,0.27734373868433604,-0.001441,13.46963728852317,0.0078843,0,1.0
1526,0.008126495916537468,0.0037146011109651113,0.0015493,0.7950698454640701,2.498501227223157,19.723353418958236,1.01338506043586,39.27119498103483,0.32696719194081925,-76.6158072462597,-0.8125632746084135,20.483523020696346,-0.8604110866485712,7.059154731545447,-0.01912858174625246,0.2691636742762342,-0.001441,5.986474432743439,0.0078843,0,1.0
1527,0.016185485084342588,0.022206073493938345,0.0015493,0.7950698454640701,2.498501227223157,40.312473831904086,1.01338506043586,48.9106532054481,0.32696719194081925,-58.771161546714865,-0.8125632746084135,-17.05035801489189,-0.8604110866485712,-13.393412226511238,-0.01912858174625246,0.25870288946854014,-0.001441,8.48337414670242,0.0078843,0,1.0
1528,0.3987338777278102,0.19843852640871953,0.0015493,0.7950698454640701,2.498501227223157,44.03964319168664,1.01338506043586,41.122162637555746,0.32696719194081925,-9.716278878033973,-0.8125632746084135,-62.5974507419571,-0.8604110866485712,-26.567608317283792,-0.01912858174625246,0.26800000336672136,-0.001441,7.665549747547711,0.0078843,0,1.0
1529,0.0012187590632493084,0.009358561082609478,0.0015493,0.7950698454640701,2.498501227223157,15.388120692494798,1.01338506043586,22.643800585563554,0.32696719194081925,-37.496197418199486,-0.8125632746084135,6.24419366444344,-0.8604110866485712,-1.3210292213021335,-0.01912858174625246,0.28547786613939397,-0.001441,3.748338340065316,0.0078843,0,1.0
1530,0.009845555590335175,0.013731836759123104,0.0015493,0.7950698454640701,2.498501227223157,16.36015861245864,1.01338506043586,19.5495574855241,0.32696719194081925,-24.306119247127235,-0.8125632746084135,-2.9494660654372273,-0.8604110866485712,-5.911915284797407,-0.01912858174625246,0.2704118404257303,-0.001441,3.3782254362388446,0.0078843,0,1.0
1531,0.01293350907130053,0.0749109856775683,0.0015493,0.7950698454640701,2.498501227223157,62.696583352239344,1.01338506043586,55.742584864312306,0.32696719194081925,-30.513387874752073,-0.8125632746084135,-60.36268960869073,-0.8604110866485712,-38.52934973867731,-0.01912858174625246,0.2867115967670122,-0.001441,10.8335793181957,0.0078843,0,1.0
1532,0.06211949403442674,0.06371519606576052,0.0015493,0.7950698454640701,2.498501227223157,73.01269350514961,1.01338506043586,81.46779127685954,0.32696719194081925,-82.47914745624105,-0.8125632746084135,-49.51142051951794,-0.8604110866485712,-30.089513713349028,-0.01912858174625246,0.25635063039080475,-0.001441,14.586078120548216,0.0078843,0,1.0
1533,3.318674059199898,3.3831291798756338,0.0015493,0.7950698454640701,2.498501227223157,-16.263794855171625,1.01338506043586,55.35308548256765,0.32696719194081925,-81.73087732001318,-0.8125632746084135,-48.99800525427351,-0.8604110866485712,73.07981290330332,-0.01912858174625246,0.25464976234713976,-0.001441,5.894411298053544,0.0078843,0,1.0
1534,0.023460247861193828,0.06343280043515427,0.0015493,0.7950698454640701,2.498501227223157,34.73940141315081,1.01338506043586,31.27328187178846,0.32696719194081925,-12.9284837638662,-0.8125632746084135,-35.11820513902898,-0.8604110866485712,-23.245718409260757,-0.01912858174625246,0.2609922024681972,-0.001441,5.733395619102403,0.0078843,0,1.0
1535,0.0021419927523051996,0.016181812883591825,0.0015493,0.7950698454640701,2.498501227223157,38.838686245703215,1.01338506043586,52.30342784114553,0.32696719194081925,-73.52926298478874,-0.8125632746084135,-5.962018699608311,-0.8604110866485712,-8.171324624899404,-0.01912858174625246,0.2899082076856683,-0.001441,8.808995541698414,0.0078843,0,1.0
1536,0.08619139430180844,0.0028529206020792078,0.0015493,0.7950698454640701,2.498501227223157,-7.192502728068423,1.01338506043586,22.77288796831863,0.32696719194081925,-87.97317185252064,-0.8125632746084135,62.175725311892876,-0.8604110866485712,31.23618358924392,-0.01912858174625246,0.28736795976836116,-0.001441,2.451801219841415,0.0078843,0,1.0
1537,0.0018336231823210536,0.1776451727538123,0.0015493,0.7950698454640701,2.498501227223157,20.483687473336996,1.01338506043586,22.096881564022134,0.32696719194081925,-32.22081346945555,-0.8125632746084135,17.604007398970428,-0.8604110866485712,-10.226367019142224,-0.01912858174625246,1.1861265904125393,-0.001441,3.8485999835601454,0.0078843,0,1.0
1538,0.5294766803123376,0.10268333605857823,0.0015493,0.7950698454640701,2.498501227223157,2.0984925481775414,1.01338506043586,35.65192057388191,0.32696719194081925,-90.57863466629989,-0.8125632746084135,35.06914103093388,-0.8604110866485712,30.35786240552535,-0.01912858174625246,0.351117312236775,-0.001441,4.652770018479005,0.0078843,0,1.0
1539,0.014684166557779488,0.03325967392692103,0.0015493,0.7950698454640701,2.498501227223157,63.742919630460605,1.01338506043586,78.22084377607706,0.32696719194081925,-95.51022629076253,-0.8125632746084135,-28.260010872177634,-0.8604110866485712,-19.920781905342555,-0.01912858174625246,0.27011238742269406,-0.001441,13.58446902805756,0.0078843,0,1.0
1540,-0.0003440069338325191,0.016280450736197882,0.0015493,0.7950698454640701,2.498501227223157,11.793925641938227,1.01338506043586,28.324734018999052,0.32696719194081925,-66.26403857403153,-0.8125632746084135,31.973161320610576,-0.8604110866485712,9.086535274592041,-0.01912858174625246,0.510743123292045,-0.001441,4.236787125753926,0.0078843,0,1.0
1541,0.023799240482355044,0.03847347952769864,0.0015493,0.7950698454640701,2.498501227223157,37.89977070970202,1.01338506043586,36.65179008550978,0.32696719194081925,-25.451081177385355,-0.8125632746084135,-31.944964791866838,-0.8604110866485712,-21.54968061198853,-0.01912858174625246,0.2605351314578468,-0.001441,6.7735410581943825,0.0078843,0,1.0
1542,0.010505961776940076,0.0640575496907101,0.0015493,0.7950698454640701,2.498501227223157,54.056430303571254,1.01338506043586,44.65704517338555,0.32696719194081925,-15.313411902581901,-0.8125632746084135,-57.69505659714026,-0.8604110866485712,-36.625251831276984,-0.01912858174625246,0.25786945236986014,-0.001441,8.885145758072179,0.0078843,0,1.0
1543,0.0008365225839710444,0.10775556368111223,0.0015493,0.7950698454640701,2.498501227223157,20.09155514567722,1.01338506043586,27.626894170767272,0.32696719194081925,-53.15525165771128,-0.8125632746084135,25.184996896018653,-0.8604110866485712,-2.3394887111749267,-0.01912858174625246,0.9622215263576934,-0.001441,4.816701533596037,0.0078843,0,1.0
1544,0.02043942592842285,0.009481707255015846,0.0015493,0.7950698454640701,2.498501227223157,16.834348040196563,1.01338506043586,26.25343777135013,0.32696719194081925,-44.29148862618056,-0.8125632746084135,6.744564058085631,-0.8604110866485712,-0.07666261270593838,-0.01912858174625246,0.265491373554704,-0.001441,4.284885236400346,0.0078843,0,1.0
1545,1.1014019161984794,0.4733102599354696,0.0015493,0.7950698454640701,2.498501227223157,1.084054801810682,1.01338506043586,19.355704473896008,0.32696719194081925,-18.36452454715268,-0.8125632746084135,-25.924317436004653,-0.8604110866485712,16.45298603150217,-0.01912858174625246,0.2762861044415208,-0.001441,2.510082500437125,0.0078843,0,1.0
1546,0.010121405954583218,0.01978569519981918,0.0015493,0.7950698454640701,2.498501227223157,15.570266234156307,1.01338506043586,13.527264910516184,0.32696719194081925,-9.077448443233129,-0.8125632746084135,-9.259453671470311,-0.8604110866485712,-9.813984328639695,-0.01912858174625246,0.2857735246916624,-0.001441,2.659056160704111,0.0078843,0,1.0
1547,1.1254620412521317,0.5119870488282002,0.0015493,0.7950698454640701,2.498501227223157,15.665676503965857,1.01338506043586,38.73304372307571,0.32696719194081925,-38.85265172182991,-0.8125632746084135,-36.55194715805546,-0.8604110866485712,11.585067718608991,-0.01912858174625246,0.26452868679643426,-0.001441,5.570530378834625,0.0078843,0,1.0
1548,0.05389920563778405,0.000545213453309998,0.0015493,0.7950698454640701,2.498501227223157,-4.385493407380414,1.01338506043586,28.169850984961126,0.32696719194081925,-98.26376513024842,-0.8125632746084135,64.52723756995991,-0.8604110866485712,31.813991133391205,-0.01912858174625246,0.279951926608089,-0.001441,3.23437567722255,0.0078843,0,1.0
1549,-0.12053953878784585,1.1854222574601287,0.0015493,0.7950698454640701,2.498501227223157,68.13389015268858,1.01338506043586,37.06349004410896,0.32696719194081925,-1.210977698371745,-0.8125632746084135,-27.104217087905237,-0.8604110866485712,-59.2226315736197,-0.01912858174625246,2.1788898831680017,-0.001441,9.599835313261696,0.0078843,0,1.0
1550,-0.013225169837021156,0.06712070683658139,0.0015493,0.7950698454640701,2.498501227223157,63.037629626540046,1.01338506043586,73.89368896464674,0.32696719194081925,-86.92370048457039,-0.8125632746084135,-29.15921609652596,-0.8604110866485712,-22.365887647085327,-0.01912858174625246,0.32723508554775815,-0.001441,13.079141123977475,0.0078843,0,1.0
1551,0.023044602924848667,0.06117302175671577,0.0015493,0.7950698454640701,2.498501227223157,5.153215807954172,1.01338506043586,12.300976202301753,0.32696719194081925,-35.73953761981035,-0.8125632746084135,30.560924629962923,-0.8604110866485712,4.290420235002654,-0.01912858174625246,0.795308833799885,-0.001441,1.8934863577376873,0.0078843,0,1.0
1552,-0.0024095639486199083,0.0858387904888035,0.0015493,0.7950698454640701,2.498501227223157,67.99829138796953,1.01338506043586,62.27614106173809,0.32696719194081925,-39.84713814246049,-0.8125632746084135,-60.90121119559464,-0.8604110866485712,-39.969451358321415,-0.01912858174625246,0.3237475258971143,-0.001441,11.993025632156861,0.0078843,0,1.0
1553,0.022766999613779593,0.5345852052526654,0.0015493,0.7950698454640701,2.498501227223157,36.30238522299219,1.01338506043586,48.09205427005107,0.32696719194081925,-78.54399320781681,-0.8125632746084135,39.047607385047144,-0.8604110866485712,-11.634874707103176,-0.01912858174625246,2.014094371996379,-0.001441,7.6954319147197445,0.0078843,0,1.0
1554,-0.07823390635513894,0.5426318394358991,0.0015493,0.7950698454640701,2.498501227223157,57.769618570480866,1.01338506043586,42.429414597733334,0.32696719194081925,-17.587395911201046,-0.8125632746084135,-28.589822522548747,-0.8604110866485712,-44.330022346775245,-0.01912858174625246,1.483305521861337,-0.001441,8.81058830453592,0.0078843,0,1.0
1555,0.005965991819844252,0.005894738172710875,0.0015493,0.7950698454640701,2.498501227223157,2.4628320576401603,1.01338506043586,27.30635543963539,0.32696719194081925,-84.03239039743255,-0.8125632746084135,53.64931640505168,-0.8604110866485712,21.348556949048525,-0.01912858174625246,0.4874155562124307,-0.001441,3.532318434423772,0.0078843,0,1.0
1556,-0.831270510392089,2.347608455228655,0.0015493,0.7950698454640701,2.498501227223157,73.36366251704929,1.01338506043586,59.46877636563385,0.32696719194081925,-86.88506758438572,-0.8125632746084135,63.76110664640535,-0.8604110866485712,-51.42133019636938,-0.01912858174625246,3.4861221756052405,-0.001441,11.839259736124111,0.0078843,0,1.0
1557,0.32762978212880367,0.03176007009949375,0.0015493,0.7950698454640701,2.498501227223157,-11.12106234147737,1.01338506043586,22.218577608941462,0.32696719194081925,-87.10914040488214,-0.8125632746084135,58.94281749202057,-0.8604110866485712,36.638916876501845,-0.01912858174625246,0.2911607123671637,-0.001441,2.2123434594121525,0.0078843,0,1.0
1558,0.0019852405681888285,0.03253872347207136,0.0015493,0.7950698454640701,2.498501227223157,39.2502447244063,1.01338506043586,46.25121434429785,0.32696719194081925,-53.3737323891173,-0.8125632746084135,-16.07690890807111,-0.8604110866485712,-14.836437947028648,-0.01912858174625246,0.34975160436865194,-0.001441,8.016822778019487,0.0078843,0,1.0
1559,0.02086424517041019,0.005735161233692167,0.0015493,0.7950698454640701,2.498501227223157,-0.5935837336814335,1.01338506043586,10.186811849085217,0.32696719194081925,-35.535096174782524,-0.8125632746084135,27.031826553846987,-0.8604110866485712,9.978323229794066,-0.01912858174625246,0.3154034328228156,-0.001441,1.217355112609365,0.0078843,0,1.0
1560,0.006193680144560343,0.028087669062050402,0.0015493,0.7950698454640701,2.498501227223157,13.023083778969877,1.01338506043586,37.87397022674251,0.32696719194081925,-94.08446541606028,-0.8125632746084135,50.1034036304901,-0.8604110866485712,15.589390914277757,-0.01912858174625246,0.7273259092375999,-0.001441,5.434723945578805,0.0078843,0,1.0
1561,-0.0035550303764178004,0.533892235421296,0.0015493,0.7950698454640701,2.498501227223157,46.217198520301324,1.01338506043586,56.00472290050123,0.32696719194081925,-90.15236796644102,-0.8125632746084135,36.92592085447432,-0.8604110866485712,-15.422569496667636,-0.01912858174625246,2.1140844442738325,-0.001441,9.7180765268415,0.0078843,0,1.0
1562,0.017646512405555148,3.711982246763319e-05,0.0015493,0.7950698454640701,2.498501227223157,-4.281927556258228,1.01338506043586,26.12461327755153,0.32696719194081925,-92.78263295570085,-0.8125632746084135,63.0660725125005,-0.8604110866485712,29.57679271982737,-0.01912858174625246,0.29091309475335736,-0.001441,2.962793877087468,0.0078843,0,1.0
1563,-0.05407994049891722,0.7514277262848672,0.0015493,0.7950698454640701,2.498501227223157,12.033341638774932,1.01338506043586,2.2441223128833876,0.32696719194081925,-12.356087286867893,-0.8125632746084135,51.74955910082889,-0.8604110866485712,-14.733853842225969,-0.01912858174625246,1.043282859038922,-0.001441,2.5097584730885654,0.0078843,0,1.0
1564,0.00036654012310854966,0.0394174171437181,0.0015493,0.7950698454640701,2.498501227223157,59.875161234009774,1.01338506043586,69.59113296241397,0.32696719194081925,-78.00283941139087,-0.8125632746084135,-30.992237227817288,-0.8604110866485712,-22.69126181347034,-0.01912858174625246,0.31603997230174663,-0.001441,12.22469307482857,0.0078843,0,1.0
1565,0.010811679731253687,0.014254386176623309,0.0015493,0.7950698454640701,2.498501227223157,-2.1111222759803034,1.01338506043586,8.827442726484563,0.32696719194081925,-38.95065195690419,-0.8125632746084135,32.24645567461922,-0.8604110866485712,12.325660584204098,-0.01912858174625246,0.3479765918975626,-0.001441,1.127403169847553,0.0078843,0,1.0
1566,0.010275265801600542,0.013461719157429124,0.0015493,0.7950698454640701,2.498501227223157,27.776644302168613,1.01338506043586,39.215897494948685,0.32696719194081925,-57.6176461458001,-0.8125632746084135,-0.4134918384186371,-0.8604110866485712,-4.6099414384931015,-0.01912858174625246,0.2787500828849261,-0.001441,6.465421817887389,0.0078843,0,1.0
1567,0.005274118816697593,0.34704077829077784,0.0015493,0.7950698454640701,2.498501227223157,23.63484794785736,1.01338506043586,28.969462206514464,0.32696719194081925,-59.04330155584297,-0.8125632746084135,42.43562738226779,-0.8604110866485712,-5.989918201266702,-0.01912858174625246,1.7462281855011594,-0.001441,5.236308826708461,0.0078843,0,1.0
1568,0.30302348421905534,0.07004919235496779,0.0015493,0.7950698454640701,2.498501227223157,26.2739427709409,1.01338506043586,41.83123711800702,0.32696719194081925,-57.94681984618834,-0.8125632746084135,-9.476197581794507,-0.8604110866485712,0.09080323425391135,-0.01912858174625246,0.265464075892341,-0.001441,6.7157614305081035,0.0078843,0,1.0
1569,0.039409900337425974,0.02508119817533516,0.0015493,0.7950698454640701,2.498501227223157,43.87440382467421,1.01338506043586,56.30761681916528,0.32696719194081925,-72.65788692721488,-0.8125632746084135,-15.019705445050155,-0.8604110866485712,-11.658731408009217,-0.01912858174625246,0.2684397519393631,-0.001441,9.625120956720739,0.0078843,0,1.0
1570,0.008115418450997947,0.4140845934302853,0.0015493,0.7950698454640701,2.498501227223157,1.64538513119825,1.01338506043586,6.13222446591157,0.32696719194081925,-44.90295799230205,-0.8125632746084135,71.65818686565554,-0.8604110866485712,5.304897427056277,-0.01912858174625246,1.12276393870004,-0.001441,2.070652776921519,0.0078843,0,1.0
1571,-0.000791588060708559,0.03713480802460052,0.0015493,0.7950698454640701,2.498501227223157,41.17959131643671,1.01338506043586,51.668302434297296,0.32696719194081925,-68.54172851274753,-0.8125632746084135,-7.996839654637317,-0.8604110866485712,-11.92726218092992,-0.01912858174625246,0.4372467835613918,-0.001441,8.902118179139144,0.0078843,0,1.0
1572,0.05573144517044515,0.020770955273347932,0.0015493,0.7950698454640701,2.498501227223157,35.10598314850812,1.01338506043586,49.080668346579166,0.32696719194081925,-69.2828022586856,-0.8125632746084135,-5.895691797361683,-0.8604110866485712,-6.016455509524185,-0.01912858174625246,0.26869377605758515,-0.001441,8.14612446284515,0.0078843,0,1.0
1573,0.045072690080559585,0.05365647073372149,0.0015493,0.7950698454640701,2.498501227223157,61.20295884741867,1.01338506043586,65.64601650295523,0.32696719194081925,-61.08531809828771,-0.8125632746084135,-44.59646528013767,-0.8604110866485712,-27.94237194098667,-0.01912858174625246,0.2595622226486416,-0.001441,11.861105317072726,0.0078843,0,1.0
1574,0.00044806700413868583,0.004333957043378895,0.0015493,0.7950698454640701,2.498501227223157,19.78948302253908,1.01338506043586,40.41725096136822,0.32696719194081925,-82.03352079300451,-0.8125632746084135,24.751426889610272,-0.8604110866485712,8.523242083320682,-0.01912858174625246,0.30906182129667137,-0.001441,6.199840076690554,0.0078843,0,1.0
1575,0.0012746192477819385,0.11389789595152335,0.0015493,0.7950698454640701,2.498501227223157,85.65999250567128,1.01338506043586,74.25450433643977,0.32696719194081925,-35.85684422629136,-0.8125632746084135,-87.59611810564348,-0.8604110866485712,-54.06434319471933,-0.01912858174625246,0.27047265103437734,-0.001441,14.615012070007754,0.0078843,0,1.0
1576,0.06433569610429068,0.0005481902237620333,0.0015493,0.7950698454640701,2.498501227223157,1.695291258551851,1.01338506043586,32.918831160123176,0.32696719194081925,-96.86309822916527,-0.8125632746084135,54.29166490917436,-0.8604110866485712,26.982348947512577,-0.01912858174625246,0.2708058236770383,-0.001441,4.1127738968531595,0.0078843,0,1.0
1577,0.016961278194430607,0.00995078088400547,0.0015493,0.7950698454640701,2.498501227223157,4.528596595417862,1.01338506043586,10.574866700599342,0.32696719194081925,-23.82689537644299,-0.8125632746084135,13.193640380042616,-0.8604110866485712,2.6553795614258418,-0.01912858174625246,0.3049953568748146,-0.001441,1.5178648439496252,0.0078843,0,1.0
1578,0.012837257253299317,0.024352610162792613,0.0015493,0.7950698454640701,2.498501227223157,23.817277120368388,1.01338506043586,23.03478070208539,0.32696719194081925,-20.044066917235313,-0.8125632746084135,-14.645210530845278,-0.8604110866485712,-12.503234150447978,-0.01912858174625246,0.26972737790518897,-0.001441,4.403820510998461,0.0078843,0,1.0
1579,0.005614316222202209,0.0593336667346629,0.0015493,0.7950698454640701,2.498501227223157,64.54153518911289,1.01338506043586,65.40326512984053,0.32696719194081925,-52.0894674387905,-0.8125632746084135,-52.636177944472344,-0.8604110866485712,-33.80885460847281,-0.01912858174625246,0.26612116364547767,-0.001441,11.9221434901249,0.0078843,0,1.0
1580,0.025163934945173327,0.022585075420885475,0.0015493,0.7950698454640701,2.498501227223157,16.16507068923196,1.01338506043586,40.9868340971421,0.32696719194081925,-94.11845189415453,-0.8125632746084135,42.42928646642665,-0.8604110866485712,13.882719509548606,-0.01912858174625246,0.6152465097174757,-0.001441,6.003383822982146,0.0078843,0,1.0
1581,0.02635373324868029,0.12050953742804427,0.0015493,0.7950698454640701,2.498501227223157,72.64011092949855,1.01338506043586,75.9231813965042,0.32696719194081925,-72.8156511396688,-0.8125632746084135,-45.30704021755026,-0.8604110866485712,-34.053576335411385,-0.01912858174625246,0.5518045867642849,-0.001441,13.96509055681042,0.0078843,0,1.0
1582,0.01114668340150926,0.07139902424488487,0.0015493,0.7950698454640701,2.498501227223157,48.64424292923999,1.01338506043586,36.36633805990351,0.32696719194081925,-4.648426956502816,-0.8125632746084135,-54.835402651953714,-0.8604110866485712,-35.72305200389655,-0.01912858174625246,0.2875349410873227,-0.001441,7.638174606708329,0.0078843,0,1.0
1583,-0.0026281999424795366,0.038231524685592426,0.0015493,0.7950698454640701,2.498501227223157,36.47250663567222,1.01338506043586,47.357600869343415,0.32696719194081925,-66.74957878895302,-0.8125632746084135,-2.0744645342919914,-0.8604110866485712,-9.018444511895305,-0.01912858174625246,0.4573865314893113,-0.001441,8.092384141032486,0.0078843,0,1.0
1584,0.0006164207456518245,0.008345730108485177,0.0015493,0.7950698454640701,2.498501227223157,20.436403544906067,1.01338506043586,33.597719536181785,0.32696719194081925,-57.10475922853356,-0.8125632746084135,9.189144778765394,-0.8604110866485712,0.5754288879538713,-0.01912858174625246,0.26869474234913415,-0.001441,5.292338703908055,0.0078843,0,1.0
1585,0.045712883290206285,0.07094979423143913,0.0015493,0.7950698454640701,2.498501227223157,24.08114766771331,1.01338506043586,45.59928311031082,0.32696719194081925,-87.73019130448617,-0.8125632746084135,30.818053007357232,-0.8604110866485712,5.396179706639794,-0.01912858174625246,0.7760182612082933,-0.001441,6.87772631182124,0.0078843,0,1.0
1586,0.8306928962712972,0.2872585864141852,0.0015493,0.7950698454640701,2.498501227223157,-12.995865972011577,1.01338506043586,5.480605681591975,0.32696719194081925,-18.76569772297851,-0.8125632746084135,-7.23172355527041,-0.8604110866485712,26.28999039104804,-0.01912858174625246,-0.23028130281029924,-0.001441,0.26309700416690773,0.0078843,1,1.0
1587,0.023683914339751144,0.0015486938395711828,0.0015493,0.7950698454640701,2.498501227223157,2.6388659157403893,1.01338506043586,22.408250268663757,0.32696719194081925,-65.13531403938454,-0.8125632746084135,37.4541762195952,-0.8604110866485712,16.57289076596509,-0.01912858174625246,0.2784407976971244,-0.001441,2.9262641252254245,0.0078843,0,1.0
1588,-0.1284750555245524,0.7785799385900295,0.0015493,0.7950698454640701,2.498501227223157,47.573228663372355,1.01338506043586,49.92943718581523,0.32696719194081925,-70.49892791978445,-0.8125632746084135,30.411028769154857,-0.8604110866485712,-24.37472700184461,-0.01912858174625246,2.1890459097290247,-0.001441,8.857237823226601,0.0078843,0,1.0
1589,0.0011894309058566588,0.4637378393291495,0.0015493,0.7950698454640701,2.498501227223157,31.23124370549174,1.01338506043586,37.923818275294806,0.32696719194081925,-75.5889772674786,-0.8125632746084135,46.56976212796971,-0.8604110866485712,-7.031484456304423,-0.01912858174625246,1.9213800519533226,-0.001441,7.048568990230402,0.0078843,0,1.0
1590,0.0007805640927136537,0.03280173135781372,0.0015493,0.7950698454640701,2.498501227223157,51.59578119021209,1.01338506043586,59.978751387595246,0.32696719194081925,-67.06855556209399,-0.8125632746084135,-26.292662223382695,-0.8604110866485712,-19.73130951393808,-0.01912858174625246,0.2980250004689937,-0.001441,10.50966778468835,0.0078843,0,1.0
1591,-0.0038330918793947344,0.049549688195225504,0.0015493,0.7950698454640701,2.498501227223157,29.077393727290552,1.01338506043586,27.3122026925142,0.32696719194081925,-16.38872753387128,-0.8125632746084135,-23.578305867503904,-0.8604110866485712,-18.34555682564153,-0.01912858174625246,0.2993472938483035,-0.001441,4.948309962929198,0.0078843,0,1.0
1592,-0.001781654247897002,0.07206863792243966,0.0015493,0.7950698454640701,2.498501227223157,75.77731614424881,1.01338506043586,82.73118532616012,0.32696719194081925,-84.07149182514567,-0.8125632746084135,-47.20517465463841,-0.8604110866485712,-32.80234774173419,-0.01912858174625246,0.36705900780801226,-0.001441,14.928438590933869,0.0078843,0,1.0
1593,0.0031677806753882543,0.02856847082016482,0.0015493,0.7950698454640701,2.498501227223157,-3.207116404076375,1.01338506043586,25.3044613272595,0.32696719194081925,-96.5645189553074,-0.8125632746084135,77.24394865164376,-0.8604110866485712,27.986989315532238,-0.01912858174625246,0.8366741486828826,-0.001441,3.009370075887122,0.0078843,0,1.0
1594,1.3973638507677895,0.633097686702384,0.0015493,0.7950698454640701,2.498501227223157,-24.572634084429644,1.01338506043586,7.2419515989997905,0.32696719194081925,-37.154981088985025,-0.8125632746084135,-0.5243626777972117,-0.8604110866485712,47.5587801917009,-0.01912858174625246,-0.20810968346265443,-0.001441,0.20669178687046094,0.0078843,1,1.0
1595,0.029266773962151937,0.06556189408253509,0.0015493,0.7950698454640701,2.498501227223157,45.79428762932547,1.01338506043586,35.50779639790295,0.32696719194081925,-5.69154777081706,-0.8125632746084135,-52.02517200569952,-0.8604110866485712,-33.202553706561034,-0.01912858174625246,0.2783138514620469,-0.001441,7.238255843107002,0.0078843,0,1.0
1596,-0.0001190722855076709,0.0162379309048655,0.0015493,0.7950698454640701,2.498501227223157,13.104271086396022,1.01338506043586,13.76590352976293,0.32696719194081925,-14.238045454832724,-0.8125632746084135,-3.0940757855979357,-0.8604110866485712,-6.742344088079406,-0.01912858174625246,0.29562286050268494,-0.001441,2.435558513978531,0.0078843,0,1.0
1597,1.5068560965465057,0.6962603383276131,0.0015493,0.7950698454640701,2.498501227223157,8.803742665881455,1.01338506043586,57.593270295363,0.32696719194081925,-99.7013017833737,-0.8125632746084135,-8.0300489278992,-0.8604110866485712,39.236001930037624,-0.01912858174625246,0.2683997195575287,-0.001441,7.5795755686650805,0.0078843,0,1.0
1598,0.015320187617293701,0.04017240115229366,0.0015493,0.7950698454640701,2.498501227223157,20.68846927506924,1.01338506043586,25.924858669771808,0.32696719194081925,-28.784049078249645,-0.8125632746084135,-7.474759077852339,-0.8604110866485712,-8.246325535978889,-0.01912858174625246,0.27047342094074556,-0.001441,4.167525598381961,0.0078843,0,1.0
1599,0.03886370258688232,0.03222480323795647,0.0015493,0.7950698454640701,2.498501227223157,25.236263442505315,1.01338506043586,22.949817920891125,0.32696719194081925,-14.737271028644383,-0.8125632746084135,-20.293994046389994,-0.8604110866485712,-14.961154887758369,-0.01912858174625246,0.27909738807795437,-0.001441,4.434745284823357,0.0078843,0,1.0
1600,0.000706619052491253,0.06400864445657672,0.0015493,2.0955878038400533,3.0496499206866825,30.305961423557914,1.01338506043586,4.3402453742977825,0.32696719194081925,-0.39238878459241344,-0.8125632746084135,-22.824723455304714,-0.8604110866485712,-12.981639275975407,-0.01912858174625246,-0.03525060792779294,-0.001441,0.1400412377051553,0.0078843,1,1.0
1601,0.2568490080649448,0.08573308647607361,0.0015493,2.0955878038400533,3.0496499206866825,98.85770951689942,1.01338506043586,19.962288056473,0.32696719194081925,-65.48018462493198,-0.8125632746084135,-9.577069063213997,-0.8604110866485712,-10.860398142175892,-0.01912858174625246,0.39756864587319496,-0.001441,0.6786074427940069,0.0078843,0,1.0
1602,0.4376538790072557,0.07626101318435823,0.0015493,2.0955878038400533,3.0496499206866825,-45.52787138859829,1.01338506043586,8.906110107335913,0.32696719194081925,-82.27039569484135,-0.8125632746084135,33.5793923613334,-0.8604110866485712,71.89862920205084,-0.01912858174625246,-0.18384565430278166,-0.001441,0.18726278889759496,0.0078843,1,1.0
1603,0.16309960694083253,0.016619462225278495,0.0015493,2.0955878038400533,3.0496499206866825,-32.01984581692629,1.01338506043586,3.8858559007339695,0.32696719194081925,-54.41220832662406,-0.8125632746084135,37.650889095575366,-0.8604110866485712,44.62126386659368,-0.01912858174625246,-0.0800407994889372,-0.001441,0.08048292380273574,0.0078843,1,1.0
1604,0.017777846455537982,0.07638931670531289,0.0015493,2.0955878038400533,3.0496499206866825,29.98831093969632,1.01338506043586,5.691927556971354,0.32696719194081925,-3.9893125241880867,-0.8125632746084135,-23.8843507213183,-0.8604110866485712,-11.532981610199577,-0.01912858174625246,-0.05876707386103701,-0.001441,0.16160424066839013,0.0078843,1,1.0
1605,0.4481123543164891,0.12318025470476295,0.0015493,2.0955878038400533,3.0496499206866825,59.5044451073416,1.01338506043586,19.427655647221115,0.32696719194081925,-89.92287078371406,-0.8125632746084135,18.12572934786195,-0.8604110866485712,22.863750549190442,-0.01912858174625246,0.417705637843947,-0.001441,0.6229373457392213,0.0078843,0,1.0
1606,0.09126338956166125,0.05315052590575262,0.0015493,2.0955878038400533,3.0496499206866825,82.70276008731435,1.01338506043586,15.570387653715034,0.32696719194081925,-64.78502665584215,-0.8125632746084135,19.686823227512463,-0.8604110866485712,-9.264518542879518,-0.01912858174625246,0.4408680319423537,-0.001441,0.5767649553519956,0.0078843,0,1.0
1607,0.061403110614585255,0.04177951572078073,0.0015493,2.0955878038400533,3.0496499206866825,5.176097380078161,1.01338506043586,5.134965621119126,0.32696719194081925,-27.63892670149856,-0.8125632746084135,-1.4110642404538065,-0.8604110866485712,13.770854770518758,-0.01912858174625246,-0.1413083755447827,-0.001441,0.14151841940997084,0.0078843,1,1.0
1608,0.0005801451301390426,0.07760897498606474,0.0015493,2.0955878038400533,3.0496499206866825,75.614340814436,1.01338506043586,10.223908877375885,0.32696719194081925,-41.50940920935551,-0.8125632746084135,32.483177958883275,-0.8604110866485712,-22.0776703911898,-0.01912858174625246,0.40495404671249513,-0.001441,0.6659819197527962,0.0078843,0,1.0
1609,0.6325454822820054,0.16517128283580543,0.0015493,2.0955878038400533,3.0496499206866825,-8.453543522401462,1.01338506043586,10.35145750540917,0.32696719194081925,-40.13192474362118,-0.8125632746084135,-41.30287956961032,-0.8604110866485712,44.72826726673185,-0.01912858174625246,-0.2648727814249807,-0.001441,0.2656194947209537,0.0078843,1,1.0
1610,0.0011775168397019087,0.05572915117656656,0.0015493,2.0955878038400533,3.0496499206866825,98.85184602221243,1.01338506043586,13.899217167842913,0.32696719194081925,-34.82184842489259,-0.8125632746084135,-1.450489911631919,-0.8604110866485712,-33.96004068578543,-0.01912858174625246,0.48260080502060965,-0.001441,0.5199956995893111,0.0078843,0,1.0
1611,0.2116378773813355,0.01083595651805469,0.0015493,2.0955878038400533,3.0496499206866825,-52.16412061148798,1.01338506043586,4.018422349364888,0.32696719194081925,-69.86286972975554,-0.8125632746084135,58.99139755529468,-0.8604110866485712,60.507709707194465,-0.01912858174625246,-0.062180091021085834,-0.001441,0.06239962126763886,0.0078843,1,1.0
1612,0.2485502949380535,0.05213410148971725,0.0015493,2.0955878038400533,3.0496499206866825,8.791523023110258,1.01338506043586,5.870085636589105,0.32696719194081925,-10.78319197394243,-0.8125632746084135,-31.78713360563047,-0.8604110866485712,9.747996940562722,-0.01912858174625246,-0.150068431353451,-0.001441,0.14794200894210868,0.0078843,1,1.0
1613,0.20923688308290883,0.03958490199077587,0.0015493,2.0955878038400533,3.0496499206866825,10.88898073521208,1.01338506043586,4.8247616456914715,0.32696719194081925,-7.229221185583736,-0.8125632746084135,-29.95359210146315,-0.8604110866485712,6.365415111699069,-0.01912858174625246,-0.12567017783558593,-0.001441,0.13282854685898748,0.0078843,1,1.0
1614,0.07345175341945863,0.005368567230885236,0.0015493,2.0955878038400533,3.0496499206866825,-28.501165203576793,1.01338506043586,-0.6120101510495751,0.32696719194081925,-23.202156777353796,-0.8125632746084135,31.35336664223583,-0.8604110866485712,24.775274872926335,-0.01912858174625246,-0.03848537157558482,-0.001441,0.038402423965733984,0.0078843,1,1.0
1615,0.6072309971639742,0.047338540798461115,0.0015493,2.0955878038400533,3.0496499206866825,-70.65595941830284,1.01338506043586,4.422832085123605,0.32696719194081925,-66.41803953993106,-0.8125632746084135,36.53984133881623,-0.8604110866485712,79.6680697801159,-0.01912858174625246,-0.061258774841852145,-0.001441,0.06133651308377262,0.0078843,1,1.0
1616,0.9976856983505754,0.17692707402682864,0.0015493,2.0955878038400533,3.0496499206866825,-73.59220495419808,1.01338506043586,2.110824091553824,0.32696719194081925,-31.65197412948412,-0.8125632746084135,-11.553151059974804,-0.8604110866485712,78.27918297297234,-0.01912858174625246,0.00298276223450001,-0.001441,0.0106747885224081,0.0078843,0,1.0
1617,1.0644796535599679,0.2671575846114758,0.0015493,2.0955878038400533,3.0496499206866825,-22.761300613480966,1.01338506043586,9.816822229636498,0.32696719194081925,-26.979735271834063,-0.8125632746084135,-75.1843964470734,-0.8604110866485712,59.77917071284228,-0.01912858174625246,-0.2637158860671608,-0.001441,0.26083138656563987,0.0078843,1,1.0
1618,0.3319230341426809,0.1846369107679276,0.0015493,2.0955878038400533,3.0496499206866825,37.34961306823799,1.01338506043586,10.551065850218102,0.32696719194081925,-12.920679316252638,-0.8125632746084135,-59.53932969920232,-0.8604110866485712,1.5954250405951402,-0.01912858174625246,-0.19430417000258612,-0.001441,0.30453902924789544,0.0078843,1,1.0
1619,0.5210657959160755,0.13790494340007955,0.0015493,2.0955878038400533,3.0496499206866825,-21.92385789726263,1.01338506043586,10.725588932793226,0.32696719194081925,-63.142667273137405,-0.8125632746084135,-7.229256054353515,-0.8604110866485712,56.59866575827646,-0.01912858174625246,-0.2519508063917359,-0.001441,0.25429113623985317,0.0078843,1,1.0
1620,0.12031352092330483,0.12486905672097501,0.0015493,2.0955878038400533,3.0496499206866825,99.21314769554338,1.01338506043586,11.885245750949013,0.32696719194081925,-8.720947940255677,-0.8125632746084135,-31.92909770155163,-0.8604110866485712,-41.15506024758775,-0.01912858174625246,0.42575031867192625,-0.001441,0.4849081972968905,0.0078843,0,1.0
1621,0.11063128590903162,0.008570899585346408,0.0015493,2.0955878038400533,3.0496499206866825,-35.1859864698577,1.01338506043586,2.7505377118972354,0.32696719194081925,-50.37668751400998,-0.8125632746084135,44.249125659129376,-0.8604110866485712,41.47353016226734,-0.01912858174625246,-0.0441722215848071,-0.001441,0.04219281685953208,0.0078843,1,1.0
1622,-0.0005936403662186729,0.031270107255664883,0.0015493,2.0955878038400533,3.0496499206866825,-2.1072900275979767,1.01338506043586,4.698372514249562,0.32696719194081925,-33.79215570263991,-0.8125632746084135,14.717034977095569,-0.8604110866485712,16.669538502443327,-0.01912858174625246,-0.1099616212150338,-0.001441,0.11273237574199943,0.0078843,1,1.0
1623,0.0002578905474568405,0.060740088354926024,0.0015493,2.0955878038400533,3.0496499206866825,81.29762578437557,1.01338506043586,12.178922196375577,0.32696719194081925,-43.27616545304311,-0.8125632746084135,21.84595095555428,-0.8604110866485712,-23.373562079036525,-0.01912858174625246,0.44772154405380293,-0.001441,0.5704098839615013,0.0078843,0,1.0
1624,0.0014703741616085564,0.10525465761931697,0.0015493,2.0955878038400533,3.0496499206866825,64.2687806151762,1.01338506043586,10.096320359051685,0.32696719194081925,-63.045301780559605,-0.8125632746084135,66.89323131920303,-0.8604110866485712,-8.848255644742842,-0.01912858174625246,0.41010234416133073,-0.001441,0.8167140883366355,0.0078843,0,1.0
1625,-0.0010723216800760937,0.07954874725443173,0.0015493,2.0955878038400533,3.0496499206866825,87.82737316385592,1.01338506043586,11.87741140615787,0.32696719194081925,-53.63488120338601,-0.8125632746084135,33.46710539561996,-0.8604110866485712,-20.036024072584734,-0.01912858174625246,0.45254863950535995,-0.001441,0.7041061048729975,0.0078843,0,1.0
1626,0.03723184066513774,0.0448553970267597,0.0015493,2.0955878038400533,3.0496499206866825,-22.21010806356087,1.01338506043586,5.762971940948878,0.32696719194081925,-64.78005653882079,-0.8125632746084135,43.93123536443179,-0.8604110866485712,41.40801795321322,-0.01912858174625246,-0.13411239123471297,-0.001441,0.1341900829967244,0.0078843,1,1.0
1627,0.003879926974872827,0.04363862308648513,0.0015493,2.0955878038400533,3.0496499206866825,80.42444648983955,1.01338506043586,14.30818045165398,0.32696719194081925,-59.3794116149624,-0.8125632746084135,27.018997469264054,-0.8604110866485712,-14.69916416885995,-0.01912858174625246,0.4820669566251354,-0.001441,0.5195744103460505,0.0078843,0,1.0
1628,0.5418352584230335,0.1534846990080367,0.0015493,2.0955878038400533,3.0496499206866825,13.446146687496242,1.01338506043586,9.819497480550297,0.32696719194081925,-13.01708514047182,-0.8125632746084135,-65.1847286491204,-0.8604110866485712,18.87148445455787,-0.01912858174625246,-0.24203159158193016,-0.001441,0.25253040622725326,0.0078843,1,1.0
1629,0.3576419764667711,0.10058961916965944,0.0015493,2.0955878038400533,3.0496499206866825,46.40956568669515,1.01338506043586,19.103809105355968,0.32696719194081925,-99.99626867291134,-0.8125632746084135,42.154182148649426,-0.8604110866485712,28.298133419876006,-0.01912858174625246,0.4316779056015748,-0.001441,0.5895548147802873,0.0078843,0,1.0
1630,0.06574669750729026,0.012182602019360687,0.0015493,2.0955878038400533,3.0496499206866825,-35.1088373320664,1.01338506043586,3.2492081509708473,0.32696719194081925,-58.93340278386158,-0.8125632746084135,52.59642702781108,-0.8604110866485712,44.34559318041182,-0.01912858174625246,-0.05531408352237651,-0.001441,0.05719868180805284,0.0078843,1,1.0
1631,0.15174399954876883,0.18342152940290796,0.0015493,2.0955878038400533,3.0496499206866825,74.80292911408748,1.01338506043586,11.431719802732188,0.32696719194081925,-12.973722409926383,-0.8125632746084135,-40.53596454460593,-0.8604110866485712,-24.10749453907918,-0.01912858174625246,0.15082490234883428,-0.001441,0.39821018744330827,0.0078843,0,1.0
1632,0.24654660765665076,0.022821914483454758,0.0015493,2.0955878038400533,3.0496499206866825,-55.298131984045554,1.01338506043586,5.770055430900659,0.32696719194081925,-82.1251225227401,-0.8125632746084135,63.17111600361871,-0.8604110866485712,68.55401732510778,-0.01912858174625246,-0.09826348184310386,-0.001441,0.09993255910980449,0.0078843,1,1.0
1633,0.03308596237873568,0.06000587687151807,0.0015493,2.0955878038400533,3.0496499206866825,-13.6853515827752,1.01338506043586,6.411049285112131,0.32696719194081925,-60.36874690871113,-0.8125632746084135,34.86136881230722,-0.8604110866485712,35.6212159414178,-0.01912858174625246,-0.14396765650298893,-0.001441,0.1577931285652806,0.0078843,1,1.0
1634,0.015941130295923367,0.07755246898100068,0.0015493,2.0955878038400533,3.0496499206866825,-72.77615418247773,1.01338506043586,-4.608171250042391,0.32696719194081925,-48.76062130100526,-0.8125632746084135,93.91106953026812,-0.8604110866485712,52.061172835359294,-0.01912858174625246,-0.1803808641191105,-0.001441,0.18161147988969426,0.0078843,1,1.0
1635,0.08726185489337623,0.16981791484339287,0.0015493,2.0955878038400533,3.0496499206866825,79.34431305447809,1.01338506043586,10.008868205055492,0.32696719194081925,-0.01836091395381088,-0.8125632746084135,-45.49348423203242,-0.8604110866485712,-34.34009613124276,-0.01912858174625246,0.17036755786369212,-0.001441,0.3587227852705644,0.0078843,0,1.0
1636,0.20157980780086038,0.0873293124551125,0.0015493,2.0955878038400533,3.0496499206866825,65.18969297507319,1.01338506043586,16.29935570582965,0.32696719194081925,-74.78837342519482,-0.8125632746084135,25.22648851554191,-0.8604110866485712,5.776965316544995,-0.01912858174625246,0.42504945875335315,-0.001441,0.5415196443750419,0.0078843,0,1.0
1637,0.6855885812171251,0.10712013226743301,0.0015493,2.0955878038400533,3.0496499206866825,-16.440913391283786,1.01338506043586,7.104528642462236,0.32696719194081925,-19.667752910883802,-0.8125632746084135,-46.37600979611624,-0.8604110866485712,39.190502086402404,-0.01912858174625246,-0.16683480411425383,-0.001441,0.16645056303979516,0.0078843,1,1.0
1638,0.32019315482701816,0.21036963473096468,0.0015493,2.0955878038400533,3.0496499206866825,-18.242286357067172,1.01338506043586,13.481592806409656,0.32696719194081925,-99.16834111905159,-0.8125632746084135,33.30801248079719,-0.8604110866485712,64.47670919286648,-0.01912858174625246,-0.22419249503914662,-0.001441,0.3388259278491964,0.0078843,1,1.0
1639,0.4097111824209399,0.07773582958834442,0.0015493,2.0955878038400533,3.0496499206866825,-19.848494739100435,1.01338506043586,8.01072791320871,0.32696719194081925,-50.02804557735438,-0.8125632746084135,-2.261952773521706,-0.8604110866485712,45.654142735225264,-0.01912858174625246,-0.18074608868043585,-0.001441,0.18787683754455176,0.0078843,1,1.0
1640,0.05297206216974937,0.029736037637140174,0.0015493,2.0955878038400533,3.0496499206866825,-59.83072268457783,1.01338506043586,5.670644400417877,0.32696719194081925,-99.68244909106367,-0.8125632746084135,94.39114997995891,-0.8604110866485712,72.03642749929082,-0.01912858174625246,-0.09436199843924181,-0.001441,0.09554667548798029,0.0078843,1,1.0
1641,0.66756848857219,0.05907618526626832,0.0015493,2.0955878038400533,3.0496499206866825,-75.7008934768658,1.01338506043586,4.162103185907898,0.32696719194081925,-68.68164070233848,-0.8125632746084135,37.01745391003604,-0.8604110866485712,85.28181385084117,-0.01912858174625246,-0.05006364977640495,-0.001441,0.05142772349182725,0.0078843,1,1.0
1642,0.5252668055598912,0.28681174577202273,0.0015493,2.0955878038400533,3.0496499206866825,18.34429152838031,1.01338506043586,14.245608817012533,0.32696719194081925,-47.3319889323704,-0.8125632746084135,-48.34196150726663,-0.8604110866485712,32.72277589426912,-0.01912858174625246,-0.2981263908016764,-0.001441,0.38701790823382315,0.0078843,1,1.0
1643,0.0017760696937116904,0.1427256424252578,0.0015493,2.0955878038400533,3.0496499206866825,63.768111667610505,1.01338506043586,7.133631306144404,0.32696719194081925,-2.7593008863576007,-0.8125632746084135,-23.13554608024274,-0.8604110866485712,-28.999032924980327,-0.01912858174625246,0.20034201356706782,-0.001441,0.2808532039473513,0.0078843,0,1.0
1644,0.09780272986233585,0.12005587452417579,0.0015493,2.0955878038400533,3.0496499206866825,38.133216934260346,1.01338506043586,11.853478032368187,0.32696719194081925,-70.91422906483002,-0.8125632746084135,45.53216741213346,-0.8604110866485712,13.031902188952996,-0.01912858174625246,0.3843582802305239,-0.001441,0.38779635779738864,0.0078843,0,1.0
1645,0.027797293760132735,0.048277455543233275,0.0015493,2.0955878038400533,3.0496499206866825,21.0906395562425,1.01338506043586,4.600520025447572,0.32696719194081925,-8.7428148637311,-0.8125632746084135,-18.56320089383589,-0.8604110866485712,-3.3878171987979098,-0.01912858174625246,-0.10027528429601539,-0.001441,0.13888476021338564,0.0078843,1,1.0
1646,0.07502816509560994,0.015712335334048914,0.0015493,2.0955878038400533,3.0496499206866825,-49.16043043227911,1.01338506043586,-0.5504349223804428,0.32696719194081925,-43.97326766435247,-0.8125632746084135,60.67608438848239,-0.8604110866485712,42.12529443446517,-0.01912858174625246,-0.07307249211685046,-0.001441,0.07648596775268848,0.0078843,1,1.0
1647,0.24198603400741564,0.03724640399250034,0.0015493,2.0955878038400533,3.0496499206866825,-4.670421149013757,1.01338506043586,5.574666877243711,0.32696719194081925,-20.685933631437525,-0.8125632746084135,-13.572448525700985,-0.8604110866485712,18.689764271637348,-0.01912858174625246,-0.1253324332015915,-0.001441,0.12477617803263874,0.0078843,1,1.0
1648,0.18685994691285746,0.10548751195005329,0.0015493,2.0955878038400533,3.0496499206866825,-2.240676490417002,1.01338506043586,8.96699242378708,0.32696719194081925,-53.27331921642971,-0.8125632746084135,4.162590609332143,-0.8604110866485712,32.732201258021156,-0.01912858174625246,-0.21136578618600607,-0.001441,0.22795945429318018,0.0078843,1,1.0
1649,0.027916243295109888,0.11858315647330578,0.0015493,2.0955878038400533,3.0496499206866825,63.84822980869352,1.01338506043586,9.77332920153631,0.32696719194081925,-38.33365262424248,-0.8125632746084135,19.031466824546282,-0.8604110866485712,-14.974062300422938,-0.01912858174625246,0.3612963924391447,-0.001441,0.4670011147885599,0.0078843,0,1.0
1650,0.21609579203565352,0.010910239733111036,0.0015493,2.0955878038400533,3.0496499206866825,-6.640920306943177,1.01338506043586,2.2270995918902092,0.32696719194081925,-8.954447580253342,-0.8125632746084135,-11.819742306206832,-0.8604110866485712,14.47447344689079,-0.01912858174625246,-0.05464503092933486,-0.001441,0.05504687121543419,0.0078843,1,1.0
1651,0.28256492296671587,0.011193611178021874,0.0015493,2.0955878038400533,3.0496499206866825,-26.759977097325596,1.01338506043586,2.125017725330997,0.32696719194081925,-23.967224831229693,-0.8125632746084135,7.84215662648177,-0.8604110866485712,31.273431180971567,-0.01912858174625246,-0.03339484261516186,-0.001441,0.03327558880183716,0.0078843,1,1.0
1652,0.13534837082197537,0.010086769872777304,0.0015493,2.0955878038400533,3.0496499206866825,-46.273961060477745,1.01338506043586,3.437971168886855,0.32696719194081925,-67.04615958345909,-0.8125632746084135,60.00142912835539,-0.8604110866485712,54.78294371310197,-0.01912858174625246,-0.051726614458989705,-0.001441,0.05219157014979666,0.0078843,1,1.0
1653,0.10283594174076077,0.025246453805289386,0.0015493,2.0955878038400533,3.0496499206866825,-24.102024030177308,1.01338506043586,5.221007043877411,0.32696719194081925,-51.830393626067995,-0.8125632746084135,33.93079187726121,-0.8604110866485712,36.62399550100224,-0.01912858174625246,-0.09894264284484036,-0.001441,0.10607385328544092,0.0078843,1,1.0
1654,0.0298522570730812,0.00983584772895978,0.0015493,2.0955878038400533,3.0496499206866825,-48.989499489557325,1.01338506043586,2.762535113097588,0.32696719194081925,-70.04437733836635,-0.8125632746084135,74.42766169231282,-0.8604110866485712,53.11415539046699,-0.01912858174625246,-0.042374966242368896,-0.001441,0.042059013325183615,0.0078843,1,1.0
1655,0.012456857581641612,0.13032171512280766,0.0015493,2.0955878038400533,3.0496499206866825,14.836358015520496,1.01338506043586,5.24774763233831,0.32696719194081925,-36.49834337974437,-0.8125632746084135,32.268086103210756,-0.8604110866485712,6.792258594177573,-0.01912858174625246,0.1620817582549514,-0.001441,0.23695307820800138,0.0078843,0,1.0
1656,0.026955628276174065,0.027558743638563553,0.0015493,2.0955878038400533,3.0496499206866825,-39.46986120795755,1.01338506043586,-2.9973827608237777,0.32696719194081925,-22.31864964744121,-0.8125632746084135,47.5807042460984,-0.8604110866485712,27.021415817308807,-0.01912858174625246,-0.1075060847507353,-0.001441,0.10769130553505228,0.0078843,1,1.0
1657,0.04701675192455035,0.03737110315616069,0.0015493,2.0955878038400533,3.0496499206866825,67.19012260053705,1.01338506043586,16.116290188658105,0.32696719194081925,-85.68538283116636,-0.8125632746084135,47.14095045796663,-0.8604110866485712,4.746004520394776,-0.01912858174625246,0.4575647207881706,-0.001441,0.5506702497014008,0.0078843,0,1.0
1658,0.05792810741014942,0.032195247331745544,0.0015493,2.0955878038400533,3.0496499206866825,98.59252966957912,1.01338506043586,21.509712731151836,0.32696719194081925,-93.65483864546769,-0.8125632746084135,24.726116972338282,-0.8604110866485712,-4.089350515262998,-0.01912858174625246,0.38141026464649885,-0.001441,0.7257520339260352,0.0078843,0,1.0
1659,0.8724171965172245,0.3142140197656065,0.0015493,2.0955878038400533,3.0496499206866825,-2.7987916707907363,1.01338506043586,14.301788170737572,0.32696719194081925,-42.171815142757914,-0.8125632746084135,-71.21709339058286,-0.8604110866485712,51.09105696097263,-0.01912858174625246,-0.35425419536685915,-0.001441,0.3619915605700725,0.0078843,1,1.0
1660,0.016073559202782306,0.13087616169004668,0.0015493,2.0955878038400533,3.0496499206866825,91.36527331724527,1.01338506043586,9.184564005601473,0.32696719194081925,-2.849922346613195,-0.8125632746084135,-19.224211650612318,-0.8604110866485712,-44.130255350710385,-0.01912858174625246,0.36848788300342117,-0.001441,0.49649392812163673,0.0078843,0,1.0
1661,0.1365149354654117,0.07820277850116056,0.0015493,2.0955878038400533,3.0496499206866825,92.70778389524932,1.01338506043586,15.119993042643992,0.32696719194081925,-40.922585983914466,-0.8125632746084135,-6.541219614831538,-0.8604110866485712,-24.027374015510215,-0.01912858174625246,0.4672996558502359,-0.001441,0.5367366418803036,0.0078843,0,1.0
1662,0.4483626355627699,0.14228166350234386,0.0015493,2.0955878038400533,3.0496499206866825,99.27115811782254,1.01338506043586,20.90045571105455,0.32696719194081925,-61.93425914807974,-0.8125632746084135,-28.023413608913486,-0.8604110866485712,-6.076269643797309,-0.01912858174625246,0.38991220336313454,-0.001441,0.7167391055478141,0.0078843,0,1.0
1663,0.03691973471801169,0.011565069707182903,0.0015493,2.0955878038400533,3.0496499206866825,-0.6064727735437379,1.01338506043586,2.319385209419289,0.32696719194081925,-17.49222520136897,-0.8125632746084135,3.7367099267144175,-0.8604110866485712,10.563310221276351,-0.01912858174625246,-0.07225370758128524,-0.001441,0.07213253897531285,0.0078843,1,1.0
1664,0.5630456770175457,0.04643923650848188,0.0015493,2.0955878038400533,3.0496499206866825,-57.85683324135561,1.01338506043586,5.448296309912458,0.32696719194081925,-62.55154618110885,-0.8125632746084135,26.040558516855626,-0.8604110866485712,71.4336718095754,-0.01912858174625246,-0.09217149092988476,-0.001441,0.09147129790814636,0.0078843,1,1.0
1665,0.7377593922329733,0.254816830491235,0.0015493,2.0955878038400533,3.0496499206866825,-21.045367351991395,1.01338506043586,13.79280923259988,0.32696719194081925,-71.13232149784749,-0.8125632746084135,-26.27201036478273,-0.8604110866485712,67.81692467866495,-0.01912858174625246,-0.3271377761104683,-0.001441,0.3411813687897413,0.0078843,1,1.0
1666,0.01661946397229319,0.04993652120441114,0.0015493,2.0955878038400533,3.0496499206866825,80.4202841907624,1.01338506043586,13.29433034562783,0.32696719194081925,-55.74890218822764,-0.8125632746084135,26.07169367965027,-0.8604110866485712,-15.388812278066952,-0.01912858174625246,0.4608301158752385,-0.001441,0.5530368700907532,0.0078843,0,1.0
1667,0.24811773359582173,0.021944192224754477,0.0015493,2.0955878038400533,3.0496499206866825,-54.842882674461386,1.01338506043586,5.587917245583381,0.32696719194081925,-81.54311794155427,-0.8125632746084135,62.42068596968192,-0.8604110866485712,68.44880099941258,-0.01912858174625246,-0.09562623730514103,-0.001441,0.09614754668277453,0.0078843,1,1.0
1668,0.20238663379242217,0.20955454230784482,0.0015493,2.0955878038400533,3.0496499206866825,52.69427488009057,1.01338506043586,11.410593302994155,0.32696719194081925,-0.48770190225050414,-0.8125632746084135,-74.62646950113779,-0.8604110866485712,-15.21849253588956,-0.01912858174625246,-0.27466604550217194,-0.001441,0.3130730605043713,0.0078843,1,1.0
1669,0.29883877168839845,0.0798856066854384,0.0015493,2.0955878038400533,3.0496499206866825,7.252872325636205,1.01338506043586,6.908986648070091,0.32696719194081925,-22.534371780774457,-0.8125632746084135,-27.882184347409872,-0.8604110866485712,18.413974546318926,-0.01912858174625246,-0.16776260221490744,-0.001441,0.1917126261358649,0.0078843,1,1.0
1670,0.8376090328804435,0.16607312047477235,0.0015493,2.0955878038400533,3.0496499206866825,-99.95071978539727,1.01338506043586,-0.9546852850600623,0.32696719194081925,-45.26568777995793,-0.8125632746084135,36.12611113651906,-0.8604110866485712,88.59237890534727,-0.01912858174625246,-0.12383322759970414,-0.001441,0.12476379315837302,0.0078843,1,1.0
1671,0.015411324270368315,0.010063794132256783,0.0015493,2.0955878038400533,3.0496499206866825,-16.529437331142148,1.01338506043586,2.388856922398241,0.32696719194081925,-35.30284526824219,-0.8125632746084135,29.02216621597682,-0.8604110866485712,24.126626854935356,-0.01912858174625246,-0.05169812003940324,-0.001441,0.05020499612503556,0.0078843,1,1.0
1672,0.012866770323638477,0.12460895589896671,0.0015493,2.0955878038400533,3.0496499206866825,50.32386771608124,1.01338506043586,9.97251223453561,0.32696719194081925,-47.94751211646022,-0.8125632746084135,28.594576371962088,-0.8604110866485712,-4.954109986748614,-0.01912858174625246,0.34587824716438165,-0.001441,0.3783327600624037,0.0078843,0,1.0
1673,0.060129641523028354,0.007512619795257574,0.0015493,2.0955878038400533,3.0496499206866825,-15.380876469249303,1.01338506043586,2.906378011730668,0.32696719194081925,-31.648957304813592,-0.8125632746084135,21.597326259867856,-0.8604110866485712,22.813992589784302,-0.01912858174625246,-0.0568051078013657,-0.001441,0.057948686912462,0.0078843,1,1.0
1674,0.3368592818277828,0.09570239421154259,0.0015493,2.0955878038400533,3.0496499206866825,11.514207465394673,1.01338506043586,7.400990765271534,0.32696719194081925,-18.448808394012005,-0.8125632746084135,-36.099358659240956,-0.8604110866485712,15.614409203455459,-0.01912858174625246,-0.15998736568849498,-0.001441,0.20520303603440554,0.0078843,1,1.0
1675,0.35382708380095507,0.025050186751846042,0.0015493,2.0955878038400533,3.0496499206866825,-48.732012495618264,1.01338506043586,5.411758370995638,0.32696719194081925,-65.42519455553719,-0.8125632746084135,39.03345038109602,-0.8604110866485712,61.81904194178961,-0.01912858174625246,-0.0941255669850951,-0.001441,0.09566597480912396,0.0078843,1,1.0
1676,0.007905562590011184,0.07784864345664437,0.0015493,2.0955878038400533,3.0496499206866825,84.52413483715326,1.01338506043586,9.919754140626564,0.32696719194081925,-34.16507309757002,-0.8125632746084135,19.74479120261629,-0.8604110866485712,-27.527079703038417,-0.01912858174625246,0.4052543001682991,-0.001441,0.6581347782848208,0.0078843,0,1.0
1677,0.3584387266303215,0.020979392295167546,0.0015493,2.0955878038400533,3.0496499206866825,-23.023650925582533,1.01338506043586,2.6768593083571828,0.32696719194081925,-21.286920364207134,-0.8125632746084135,-4.501088244957123,-0.8604110866485712,31.75400781295477,-0.01912858174625246,-0.055246989967395015,-0.001441,0.055253322650624985,0.0078843,1,1.0
1678,0.40817614572864236,0.14951331143150004,0.0015493,2.0955878038400533,3.0496499206866825,16.353134682287834,1.01338506043586,9.529397068896854,0.32696719194081925,-23.184544153619584,-0.8125632746084135,-49.02169642243574,-0.8604110866485712,19.11791280803616,-0.01912858174625246,-0.2484872169137175,-0.001441,0.2676670911316001,0.0078843,1,1.0
1679,0.21758686476164216,0.011151057426134682,0.0015493,2.0955878038400533,3.0496499206866825,-14.70006980591954,1.01338506043586,2.84083297256928,0.32696719194081925,-20.494263142995827,-0.8125632746084135,0.7111160912277987,-0.8604110866485712,22.7911512621219,-0.01912858174625246,-0.05664305182561359,-0.001441,0.05863311679236456,0.0078843,1,1.0
1680,0.032719834808599635,0.4677817586858727,0.0015493,2.0955878038400533,3.0496499206866825,84.04170270531446,1.01338506043586,3.3442145226336026,0.32696719194081925,-21.19069272396478,-0.8125632746084135,87.64427672348302,-0.8604110866485712,-44.54161494697357,-0.01912858174625246,0.2958743125708224,-0.001441,1.600366909766306,0.0078843,0,1.0
1681,0.541048930764426,0.3158141097388006,0.0015493,2.0955878038400533,3.0496499206866825,49.876268698942724,1.01338506043586,15.711338734841105,0.32696719194081925,-35.4081297964106,-0.8125632746084135,-58.910513096177944,-0.8604110866485712,11.063042362707124,-0.01912858174625246,-0.05884469574584367,-0.001441,0.46920116564596465,0.0078843,1,1.0
1682,-0.0028317327508677326,0.07149374400523154,0.0015493,2.0955878038400533,3.0496499206866825,-4.479366363154319,1.01338506043586,5.661903661182202,0.32696719194081925,-50.201361637815076,-0.8125632746084135,31.739217060656475,-0.8604110866485712,24.856918903505072,-0.01912858174625246,-0.060480239078919015,-0.001441,0.14925120703920397,0.0078843,1,1.0
1683,0.7374040676125589,0.08202780045609583,0.0015493,2.0955878038400533,3.0496499206866825,-58.26898674340776,1.01338506043586,3.0344875991676763,0.32696719194081925,-35.09290949858082,-0.8125632746084135,-1.3932785014255682,-0.8604110866485712,64.58441520954298,-0.01912858174625246,-0.0358707975673366,-0.001441,0.03620977709822434,0.0078843,1,1.0
1684,0.8727594717812484,0.4070503912080366,0.0015493,2.0955878038400533,3.0496499206866825,19.2318519087069,1.01338506043586,18.728091813642788,0.32696719194081925,-69.26207186905678,-0.8125632746084135,-42.131819793903176,-0.8604110866485712,49.24592873950264,-0.01912858174625246,-0.03905582115314654,-0.001441,0.5193059268549488,0.0078843,1,1.0
1685,0.36155382553890725,0.03313012170222187,0.0015493,2.0955878038400533,3.0496499206866825,-38.76393959066032,1.01338506043586,-0.23013431677229143,0.32696719194081925,-13.971864260149868,-0.8125632746084135,8.456922911232503,-0.8604110866485712,33.517430097835444,-0.01912858174625246,-0.05697211721864763,-0.001441,0.055852787196202,0.0078843,1,1.0
1686,0.2198016606117405,0.05339861480132869,0.0015493,2.0955878038400533,3.0496499206866825,-23.53141036963613,1.01338506043586,7.131453851778842,0.32696719194081925,-60.85296098655178,-0.8125632746084135,25.13827955101057,-0.8604110866485712,45.69880883686558,-0.01912858174625246,-0.15479681613860902,-0.001441,0.1608194593424121,0.0078843,1,1.0
1687,0.018277389289935164,0.08520582058970286,0.0015493,2.0955878038400533,3.0496499206866825,-69.84916379901654,1.01338506043586,-4.480184944146333,0.32696719194081925,-43.29224108997161,-0.8125632746084135,87.37778828049471,-0.8604110866485712,47.97879842973138,-0.01912858174625246,-0.18671716646247513,-0.001441,0.1794406725750264,0.0078843,1,1.0
1688,0.2562910616905174,0.09530438530338223,0.0015493,2.0955878038400533,3.0496499206866825,95.2405290315515,1.01338506043586,18.604027190873698,0.32696719194081925,-55.47318668060292,-0.8125632746084135,-12.537469403383634,-0.8604110866485712,-14.573792318417935,-0.01912858174625246,0.4216039950669584,-0.001441,0.6249140926477927,0.0078843,0,1.0
1689,0.027165590465108913,0.11449550724936644,0.0015493,2.0955878038400533,3.0496499206866825,-23.333598857972376,1.01338506043586,8.087486833017836,0.32696719194081925,-95.46398467003878,-0.8125632746084135,79.82551685831173,-0.8604110866485712,53.25647927106171,-0.01912858174625246,0.034614440105144126,-0.001441,0.2107860989337872,0.0078843,0,1.0
1690,0.0033246630194992965,0.06043213029493,0.0015493,2.0955878038400533,3.0496499206866825,99.09948774312464,1.01338506043586,13.097632141814142,0.32696719194081925,-30.302012218632825,-0.8125632746084135,-3.705571771334796,-0.8604110866485712,-35.74879886635775,-0.01912858174625246,0.4682061145409285,-0.001441,0.5302251218257227,0.0078843,0,1.0
1691,0.15262302225741897,0.05387253114193939,0.0015493,2.0955878038400533,3.0496499206866825,98.0422270448251,1.01338506043586,20.619782083405067,0.32696719194081925,-84.55339021342147,-0.8125632746084135,12.211417108004955,-0.8604110866485712,-4.2422505787725004,-0.01912858174625246,0.37974373899753433,-0.001441,0.7220915640618121,0.0078843,0,1.0
1692,0.4778631979696374,0.23432592834794064,0.0015493,2.0955878038400533,3.0496499206866825,22.544506275931774,1.01338506043586,13.451635130543629,0.32696719194081925,-56.816295625152314,-0.8125632746084135,-14.917798454292685,-0.8604110866485712,30.102743529841096,-0.01912858174625246,0.01693528740481101,-0.001441,0.39527798131031067,0.0078843,0,1.0
1693,0.2783784567184089,0.06456945966485748,0.0015493,2.0955878038400533,3.0496499206866825,-47.47162229888089,1.01338506043586,8.488814607390225,0.32696719194081925,-92.54797753515462,-0.8125632746084135,56.056154721733726,-0.8604110866485712,72.05764117175977,-0.01912858174625246,-0.16919940470686948,-0.001441,0.17452969050994796,0.0078843,1,1.0
1694,0.0010149592064846447,0.09944361105010474,0.0015493,2.0955878038400533,3.0496499206866825,-5.415712081112701,1.01338506043586,6.8167351924217625,0.32696719194081925,-65.97875214328769,-0.8125632746084135,48.39711249256371,-0.8604110866485712,31.862392534219683,-0.01912858174625246,0.007935396529784977,-0.001441,0.1910465382202597,0.0078843,0,1.0
1695,0.8286280816402558,0.27374152457011575,0.0015493,2.0955878038400533,3.0496499206866825,97.89289454218076,1.01338506043586,26.142217939883274,0.32696719194081925,-80.56291164363944,-0.8125632746084135,-48.798323915875855,-0.8604110866485712,15.393034390418642,-0.01912858174625246,0.35502691892317506,-0.001441,0.8619640010059338,0.0078843,0,1.0
1696,0.6393214260646695,0.1887875924360089,0.0015493,2.0955878038400533,3.0496499206866825,-11.560162142344476,1.01338506043586,11.44823513981228,0.32696719194081925,-51.22135337805905,-0.8125632746084135,-32.85712699195203,-0.8604110866485712,51.10807592762953,-0.01912858174625246,-0.26871407119170865,-0.001441,0.2899093345792181,0.0078843,1,1.0
1697,0.0025918190591682766,0.027726148066380758,0.0015493,2.0955878038400533,3.0496499206866825,96.59777145972987,1.01338506043586,19.165649431124898,0.32696719194081925,-84.40010256498533,-0.8125632746084135,26.587062510469835,-0.8604110866485712,-8.706906239127054,-0.01912858174625246,0.3948031173753374,-0.001441,0.6792712152583862,0.0078843,0,1.0
1698,0.7337245397227051,0.25620632189636117,0.0015493,2.0955878038400533,3.0496499206866825,-35.46385360233347,1.01338506043586,13.974702922014961,0.32696719194081925,-92.51520798349138,-0.8125632746084135,-1.108175086538972,-0.8604110866485712,83.99493786058503,-0.01912858174625246,-0.3193559304785695,-0.001441,0.3450224081713706,0.0078843,1,1.0
1699,1.0300583484903831,0.16421274856612347,0.0015493,2.0955878038400533,3.0496499206866825,-68.25017134308054,1.01338506043586,4.900178674763725,0.32696719194081925,-41.523166443050016,-0.8125632746084135,-18.11214399891366,-0.8604110866485712,82.04724681195985,-0.01912858174625246,-0.07523915262763553,-0.001441,0.0777381756276902,0.0078843,1,1.0
1700,0.023789577837685046,0.01936540230905838,0.0015493,2.0214205979719013,3.067752800365439,-53.1342968795798,1.01338506043586,-0.3830266471883747,0.32696719194081925,-53.868012227917326,-0.8125632746084135,76.41943042199995,-0.8604110866485712,46.02916584351017,-0.01912858174625246,-0.09078856696633827,-0.001441,0.09118153023207051,0.0078843,1,1.0
1701,-0.0014505206094332923,0.10853214988943626,0.0015493,2.0214205979719013,3.067752800365439,66.44311330872394,1.01338506043586,12.102939265445327,0.32696719194081925,-66.73769760754502,-0.8125632746084135,68.39315953856352,-0.8604110866485712,-10.498300602797372,-0.01912858174625246,0.46755410137491477,-0.001441,0.8167380109996629,0.0078843,0,1.0
1702,0.6778815798611606,0.0847640649642017,0.0015493,2.0214205979719013,3.067752800365439,-94.63403934787085,1.01338506043586,1.030592394008673,0.32696719194081925,-70.35895656911676,-0.8125632746084135,59.85186396434723,-0.8604110866485712,93.47406249068122,-0.01912858174625246,-0.06349657327756426,-0.001441,0.06331532749745965,0.0078843,1,1.0
1703,0.0016538236106975468,0.036059002558452166,0.0015493,2.0214205979719013,3.067752800365439,97.06895262814395,1.01338506043586,18.282630159647468,0.32696719194081925,-75.94572027032693,-0.8125632746084135,23.899282306342705,-0.8604110866485712,-13.616220461862559,-0.01912858174625246,0.4161312935720023,-0.001441,0.723458546586909,0.0078843,0,1.0
1704,0.1498378359797429,0.004160413789274491,0.0015493,2.0214205979719013,3.067752800365439,-37.94867861238805,1.01338506043586,1.5517477981489844,0.32696719194081925,-42.392441058403094,-0.8125632746084135,41.75147651098081,-0.8604110866485712,39.56849649154559,-0.01912858174625246,-0.027959631119177576,-0.001441,0.02830310362407252,0.0078843,1,1.0
1705,0.00044266533851489154,0.047144265992739555,0.0015493,2.0214205979719013,3.067752800365439,80.00285732511381,1.01338506043586,14.196887594703297,0.32696719194081925,-49.84624281007647,-0.8125632746084135,20.102607820496587,-0.8604110866485712,-20.26861743121294,-0.01912858174625246,0.489387938175519,-0.001441,0.5150123681636055,0.0078843,0,1.0
1706,-0.000285591593226997,0.08724665401469375,0.0015493,2.0214205979719013,3.067752800365439,17.587292818109614,1.01338506043586,7.105847549395092,0.32696719194081925,-24.50307321311711,-0.8125632746084135,-4.880263316532476,-0.8604110866485712,2.4525057499483363,-0.01912858174625246,-0.10350139547084072,-0.001441,0.18686891777905626,0.0078843,1,1.0
1707,0.21875287015355604,0.04289042322775457,0.0015493,2.0214205979719013,3.067752800365439,-51.87851856565443,1.01338506043586,7.266888412688396,0.32696719194081925,-92.3432851792497,-0.8125632746084135,67.43722716398652,-0.8604110866485712,71.15020219010304,-0.01912858174625246,-0.13810416420423335,-0.001441,0.1379924565567139,0.0078843,1,1.0
1708,1.1072301558790347,0.3862421459249769,0.0015493,2.0214205979719013,3.067752800365439,-42.15611198394269,1.01338506043586,15.748761574241119,0.32696719194081925,-82.29324811398139,-0.8125632746084135,-39.27668559224497,-0.8604110866485712,94.22942989371128,-0.01912858174625246,-0.3607000734177219,-0.001441,0.39147878844760275,0.0078843,1,1.0
1709,-0.007841369367671214,0.09080494050726841,0.0015493,2.0214205979719013,3.067752800365439,56.043369645340235,1.01338506043586,9.944469278062858,0.32696719194081925,-55.817441800791705,-0.8125632746084135,57.71836150484761,-0.8604110866485712,-8.969903705910852,-0.01912858174625246,0.3908094222437862,-0.001441,0.6851077190401598,0.0078843,0,1.0
1710,0.28425412766143854,0.08876906297900554,0.0015493,2.0214205979719013,3.067752800365439,-1.2249014302086547,1.01338506043586,8.578445659605487,0.32696719194081925,-34.5266581042296,-0.8125632746084135,-17.74758159450102,-0.8604110866485712,25.80030664604662,-0.01912858174625246,-0.20376830866659673,-0.001441,0.20749536327865598,0.0078843,1,1.0
1711,0.4169804803039976,0.02619452552031137,0.0015493,2.0214205979719013,3.067752800365439,-72.19288759777615,1.01338506043586,2.5900440344916547,0.32696719194081925,-72.38054778599306,-0.8125632746084135,63.10922451999866,-0.8604110866485712,76.56818253486003,-0.01912858174625246,-0.026924996115811672,-0.001441,0.03025550969288393,0.0078843,1,1.0
1712,0.006264576789110521,0.02884307411278553,0.0015493,2.0214205979719013,3.067752800365439,88.61297076174267,1.01338506043586,18.749304277286047,0.32696719194081925,-81.32449876502928,-0.8125632746084135,28.50620759629794,-0.8604110866485712,-7.731079235505436,-0.01912858174625246,0.3917631150913857,-0.001441,0.686374547097203,0.0078843,0,1.0
1713,0.709031523496467,0.20689470972794113,0.0015493,2.0214205979719013,3.067752800365439,86.85665017668879,1.01338506043586,27.56314382806741,0.32696719194081925,-94.76647084585595,-0.8125632746084135,-26.409834030896317,-0.8604110866485712,20.424172619725226,-0.01912858174625246,0.34698475535116585,-0.001441,0.8910744721139177,0.0078843,0,1.0
1714,0.5022816443924132,0.07127207878519513,0.0015493,2.0214205979719013,3.067752800365439,-80.35479325464895,1.01338506043586,-0.9780172466263329,0.32696719194081925,-54.44276351021293,-0.8125632746084135,57.439044755185165,-0.8604110866485712,74.63909228186766,-0.01912858174625246,-0.08980211380795369,-0.001441,0.09234328698935793,0.0078843,1,1.0
1715,0.09890312807066554,0.043043737443205034,0.0015493,2.0214205979719013,3.067752800365439,-26.461763558049608,1.01338506043586,5.965743244173412,0.32696719194081925,-65.26807902016627,-0.8125632746084135,42.24969732175329,-0.8604110866485712,44.95648630547995,-0.01912858174625246,-0.13539052590395004,-0.001441,0.13471240983042895,0.0078843,1,1.0
1716,0.6458011327982993,0.06453115034685306,0.0015493,2.0214205979719013,3.067752800365439,-60.50349117668941,1.01338506043586,2.1965073621982385,0.32696719194081925,-41.35169005497283,-0.8125632746084135,14.481226422791401,-0.8604110866485712,65.56216993662157,-0.01912858174625246,-0.011775458376664992,-0.001441,0.014172514201108958,0.0078843,1,1.0
1717,0.4181291237083168,0.06919577728625861,0.0015493,2.0214205979719013,3.067752800365439,6.163513867203344,1.01338506043586,6.06343226320982,0.32696719194081925,-3.4686167444723233,-0.8125632746084135,-51.071051817690936,-0.8604110866485712,13.704046248392839,-0.01912858174625246,-0.16306651571934444,-0.001441,0.16313929881380845,0.0078843,1,1.0
1718,-0.0006038457359718863,0.05942345320128923,0.0015493,2.0214205979719013,3.067752800365439,-22.7598687761972,1.01338506043586,4.249917475356016,0.32696719194081925,-55.46240450627922,-0.8125632746084135,55.599723947954566,-0.8604110866485712,32.46118211522643,-0.01912858174625246,0.005340113762294207,-0.001441,0.11254010416409072,0.0078843,0,1.0
1719,0.86940606672656,0.12399208682085425,0.0015493,2.0214205979719013,3.067752800365439,-74.16934672252253,1.01338506043586,9.339157371013751,0.32696719194081925,-84.22114225000422,-0.8125632746084135,19.719952836728616,-0.8604110866485712,97.98290008541126,-0.01912858174625246,-0.1707100406066674,-0.001441,0.17007239266686303,0.0078843,1,1.0
1720,0.3653572686214129,0.02225671918039675,0.0015493,2.0214205979719013,3.067752800365439,-35.20214401518502,1.01338506043586,1.7361250575406095,0.32696719194081925,-23.40089231107562,-0.8125632746084135,8.63368825650504,-0.8604110866485712,36.560779030548225,-0.01912858174625246,-0.03681566879234097,-0.001441,0.03790916069496001,0.0078843,1,1.0
1721,0.029626984908573663,0.002225346006126535,0.0015493,2.0214205979719013,3.067752800365439,-22.60333945166449,1.01338506043586,0.08015008728461942,0.32696719194081925,-25.45207533771574,-0.8125632746084135,31.587249354410552,-0.8604110866485712,21.942028743380313,-0.01912858174625246,-0.017774614360208166,-0.001441,0.017668961178399997,0.0078843,1,1.0
1722,0.8997643803640011,0.18630027796088905,0.0015493,2.0214205979719013,3.067752800365439,-22.137544729882695,1.01338506043586,7.325726914692286,0.32696719194081925,-19.680483109983104,-0.8125632746084135,-63.75738438908768,-0.8604110866485712,50.80185931946045,-0.01912858174625246,-0.21329985636221238,-0.001441,0.2122783921010971,0.0078843,1,1.0
1723,0.15955872282258068,0.009382213812269823,0.0015493,2.0214205979719013,3.067752800365439,-62.14068100684348,1.01338506043586,2.705030705387069,0.32696719194081925,-78.65495429963566,-0.8125632746084135,81.07754361030823,-0.8604110866485712,66.64865669826504,-0.01912858174625246,-0.033324692386760946,-0.001441,0.03366034292662409,0.0078843,1,1.0
1724,0.4412114659893678,0.08222485069303624,0.0015493,2.0214205979719013,3.067752800365439,9.214002870092555,1.01338506043586,6.441942438504898,0.32696719194081925,-1.8308577851524037,-0.8125632746084135,-57.46791279684518,-0.8604110866485712,12.762128570882004,-0.01912858174625246,-0.17990923818538726,-0.001441,0.1801053613960054,0.0078843,1,1.0
1725,1.3097588635353794,0.31695266156407187,0.0015493,2.0214205979719013,3.067752800365439,-51.817345963032786,1.01338506043586,10.627771272998974,0.32696719194081925,-40.19872088072126,-0.8125632746084135,-67.31157406524383,-0.8604110866485712,84.50666268051872,-0.01912858174625246,-0.2298146979977392,-0.001441,0.23585872932151294,0.0078843,1,1.0
1726,0.2468831987670939,0.01609360270688151,0.0015493,2.0214205979719013,3.067752800365439,-6.6279146487608696,1.01338506043586,3.0905230837493245,0.32696719194081925,-10.19542355452687,-0.8125632746084135,-15.60511430339378,-0.8604110866485712,15.781561858763524,-0.01912858174625246,-0.07160977479450388,-0.001441,0.07209872555514864,0.0078843,1,1.0
1727,0.006796977400170032,0.204379457319131,0.0015493,2.0214205979719013,3.067752800365439,5.010547568874235,1.01338506043586,1.0505563945066339,0.32696719194081925,-11.538784166976491,-0.8125632746084135,33.12326139363096,-0.8604110866485712,-2.974680090860349,-0.01912858174625246,0.017632359941381126,-0.001441,0.3715004716661244,0.0078843,0,1.0
1728,0.11000197928718053,0.12395131705028219,0.0015493,2.0214205979719013,3.067752800365439,33.76632765226019,1.01338506043586,8.462963161748851,0.32696719194081925,-8.593479686179565,-0.8125632746084135,-44.110774348930626,-0.8604110866485712,-6.220598063503397,-0.01912858174625246,-0.19979761926477382,-0.001441,0.2428344769531722,0.0078843,1,1.0
1729,0.07926977252414802,0.11940830897428237,0.0015493,2.0214205979719013,3.067752800365439,20.212938181602304,1.01338506043586,8.216928796268272,0.32696719194081925,-27.89764208734598,-0.8125632746084135,-21.563179179123203,-0.8604110866485712,8.60931891307314,-0.01912858174625246,-0.23559665340451041,-0.001441,0.23980368533712204,0.0078843,1,1.0
1730,0.8338531239140123,0.10192229125409472,0.0015493,2.0214205979719013,3.067752800365439,-70.15590655987207,1.01338506043586,6.628793268115302,0.32696719194081925,-65.98071130400032,-0.8125632746084135,12.927430962490844,-0.8604110866485712,86.97617892374122,-0.01912858174625246,-0.11083830901077242,-0.001441,0.10932007248237664,0.0078843,1,1.0
1731,1.2747954738995912,0.31092305098617246,0.0015493,2.0214205979719013,3.067752800365439,-32.184928297455414,1.01338506043586,7.461832119924628,0.32696719194081925,-4.642571295274174,-0.8125632746084135,-97.88637467557542,-0.8604110866485712,60.22618836509769,-0.01912858174625246,-0.20147346382145528,-0.001441,0.20176278818671214,0.0078843,1,1.0
1732,-0.0017671924855807708,0.19376401610999316,0.0015493,2.0214205979719013,3.067752800365439,48.470023456598284,1.01338506043586,5.624335483092617,0.32696719194081925,-36.749515887270945,-0.8125632746084135,56.24775293074841,-0.8604110866485712,-13.786642940499648,-0.01912858174625246,0.2798873625127005,-0.001441,0.7593963665614034,0.0078843,0,1.0
1733,1.0939010689891566,0.2412143993983441,0.0015493,2.0214205979719013,3.067752800365439,-59.871546634499225,1.01338506043586,11.57881050063707,0.32696719194081925,-72.05674891888661,-0.8125632746084135,-24.308452691077555,-0.8604110866485712,95.60333518469093,-0.01912858174625246,-0.2559637961374147,-0.001441,0.2553460908408428,0.0078843,1,1.0
1734,0.010553951764373543,0.022018572209386612,0.0015493,2.0214205979719013,3.067752800365439,8.940538090401477,1.01338506043586,2.3752721632746274,0.32696719194081925,-2.858812300183146,-0.8125632746084135,-7.782152502339473,-0.8604110866485712,-2.8606184596964415,-0.01912858174625246,-0.030595836576143766,-0.001441,0.06409347982768043,0.0078843,1,1.0
1735,0.14726967827485493,0.003863995289400044,0.0015493,2.0214205979719013,3.067752800365439,-17.271239841775504,1.01338506043586,0.6367157397764751,0.32696719194081925,-15.1008882043119,-0.8125632746084135,9.405578769661998,-0.8604110866485712,19.111491839879786,-0.01912858174625246,-0.003577516438694285,-0.001441,0.0048436301722112746,0.0078843,1,1.0
1736,-0.000155419034074733,0.12682771863328202,0.0015493,2.0214205979719013,3.067752800365439,35.853239217737716,1.01338506043586,4.127024064018655,0.32696719194081925,-5.030679168640159,-0.8125632746084135,-4.298633201998042,-0.8604110866485712,-15.952101138394854,-0.01912858174625246,0.16259238564534984,-0.001441,0.2067737979494616,0.0078843,0,1.0
1737,0.5159430845112764,0.07742318905022874,0.0015493,2.0214205979719013,3.067752800365439,-27.610751897731305,1.01338506043586,8.010331557919221,0.32696719194081925,-46.100137382481655,-0.8125632746084135,-8.371039913661821,-0.8604110866485712,49.67169400567924,-0.01912858174625246,-0.17063443976413123,-0.001441,0.17368810474435065,0.0078843,1,1.0
1738,-0.01337491504725205,0.4645526478760308,0.0015493,2.0214205979719013,3.067752800365439,88.21563770261038,1.01338506043586,2.3198139147298575,0.32696719194081925,-11.852462257360305,-0.8125632746084135,82.49864446788673,-0.8604110866485712,-51.75313848956462,-0.01912858174625246,0.29971841823292145,-0.001441,1.572156027597801,0.0078843,0,1.0
1739,0.021252512411758517,0.14624294003861782,0.0015493,2.0214205979719013,3.067752800365439,63.217364599757055,1.01338506043586,8.279696858510302,0.32696719194081925,-18.170928480915325,-0.8125632746084135,-7.068880462482305,-0.8604110866485712,-21.85349713593271,-0.01912858174625246,0.2522899842067896,-0.001441,0.3880243986935312,0.0078843,0,1.0
1740,0.027013454435385054,0.06228612145114156,0.0015493,2.0214205979719013,3.067752800365439,34.88363925188986,1.01338506043586,12.480395074019329,0.32696719194081925,-87.71650055105304,-0.8125632746084135,80.97971003229875,-0.8604110866485712,15.921680858619329,-0.01912858174625246,0.41719000085145863,-0.001441,0.5771228370286368,0.0078843,0,1.0
1741,0.2998689828948521,0.016503121310796547,0.0015493,2.0214205979719013,3.067752800365439,-64.6075977069223,1.01338506043586,4.8620978520637514,0.32696719194081925,-83.20201003226872,-0.8125632746084135,69.87451720055253,-0.8604110866485712,74.04351627475403,-0.01912858174625246,-0.07395259940057175,-0.001441,0.07393264409940847,0.0078843,1,1.0
1742,0.18930268265866468,0.04561376102308559,0.0015493,2.0214205979719013,3.067752800365439,5.469268264049477,1.01338506043586,5.138067558406814,0.32696719194081925,-16.308113980449065,-0.8125632746084135,-19.39200350692778,-0.8604110866485712,12.17844886163498,-0.01912858174625246,-0.12633979635556167,-0.001441,0.14339440365795872,0.0078843,1,1.0
1743,0.13773231381151152,0.007221500278126692,0.0015493,2.0214205979719013,3.067752800365439,-37.74069105557011,1.01338506043586,0.2662625008610753,0.32696719194081925,-34.33388439146036,-0.8125632746084135,40.01843602456722,-0.8604110866485712,35.22768999826162,-0.01912858174625246,-0.04479501758475179,-0.001441,0.04478085874043145,0.0078843,1,1.0
1744,0.7514265463035879,0.10114755867230224,0.0015493,2.0214205979719013,3.067752800365439,-89.35869159881929,1.01338506043586,1.5150480766757952,0.32696719194081925,-58.89663768812915,-0.8125632746084135,41.5223481057278,-0.8604110866485712,87.82992304558346,-0.01912858174625246,-0.07156716121743742,-0.001441,0.07244883216230497,0.0078843,1,1.0
1745,0.02937290147185967,0.05875084779199284,0.0015493,2.0214205979719013,3.067752800365439,81.19494549202228,1.01338506043586,12.697257121785091,0.32696719194081925,-39.71811873764933,-0.8125632746084135,12.858297690242141,-0.8604110866485712,-23.91316649229393,-0.01912858174625246,0.4648968133537654,-0.001441,0.5420213918801962,0.0078843,0,1.0
1746,0.05705174384301809,0.0479547631060478,0.0015493,2.0214205979719013,3.067752800365439,-18.011111462940498,1.01338506043586,5.713134326228731,0.32696719194081925,-58.26076858983945,-0.8125632746084135,35.006291749932686,-0.8604110866485712,37.22514600193586,-0.01912858174625246,-0.14161979312712789,-0.001441,0.14230512543667648,0.0078843,1,1.0
1747,0.00405631769357695,0.07270376059034869,0.0015493,2.0214205979719013,3.067752800365439,47.25533745425354,1.01338506043586,10.396814792232966,0.32696719194081925,-68.71204403006318,-0.8125632746084135,72.33723903483907,-0.8604110866485712,0.6945660677701715,-0.01912858174625246,0.3947222511340696,-0.001441,0.6962505241183161,0.0078843,0,1.0
1748,-0.0003277910097992942,0.1294202283250234,0.0015493,2.0214205979719013,3.067752800365439,29.15822657110958,1.01338506043586,4.917424854450978,0.32696719194081925,-22.272612274210125,-0.8125632746084135,12.296900728782033,-0.8604110866485712,-4.95982303186763,-0.01912858174625246,0.164855655053324,-0.001441,0.23153443104482152,0.0078843,0,1.0
1749,-0.003911793334289704,0.14922297929064748,0.0015493,2.0214205979719013,3.067752800365439,71.39227035358236,1.01338506043586,7.903538784366163,0.32696719194081925,-40.504861289579864,-0.8125632746084135,56.038676816712886,-0.8604110866485712,-23.67798153403599,-0.01912858174625246,0.38416095141757245,-0.001441,0.9109120810271002,0.0078843,0,1.0
1750,0.0498696364582662,0.046699282249016504,0.0015493,2.0214205979719013,3.067752800365439,10.72295121844657,1.01338506043586,4.963754872664977,0.32696719194081925,-19.2097539339814,-0.8125632746084135,-9.269543432234807,-0.8604110866485712,6.763962076766231,-0.01912858174625246,-0.1266944150039161,-0.001441,0.14455282830344274,0.0078843,1,1.0
1751,0.002299775520701486,0.23864628066362795,0.0015493,2.0214205979719013,3.067752800365439,44.29445447128424,1.01338506043586,3.516269532859153,0.32696719194081925,-25.7573914438698,-0.8125632746084135,47.418304644017844,-0.8604110866485712,-15.141936015267481,-0.01912858174625246,0.222618444871586,-0.001441,0.7114449355317802,0.0078843,0,1.0
1752,0.43250575443626227,0.032976500744283585,0.0015493,2.0214205979719013,3.067752800365439,-36.75608647681004,1.01338506043586,4.54095492674361,0.32696719194081925,-40.951845225937475,-0.8125632746084135,9.93050640966961,-0.8604110866485712,48.059810239254205,-0.01912858174625246,-0.07556436879784292,-0.001441,0.08230815019979329,0.0078843,1,1.0
1753,0.43069510119917076,0.029385418918900355,0.0015493,2.0214205979719013,3.067752800365439,-32.57912753830472,1.01338506043586,3.555807841766594,0.32696719194081925,-30.094109276962865,-0.8125632746084135,0.9937575954112967,-0.8604110866485712,41.5075585979398,-0.01912858174625246,-0.0627133240117441,-0.001441,0.06164114113110346,0.0078843,1,1.0
1754,-6.833706597320077e-05,0.14954620245069553,0.0015493,2.0214205979719013,3.067752800365439,40.16927516506898,1.01338506043586,6.899239384138212,0.32696719194081925,-28.132359246335646,-0.8125632746084135,22.85190756455694,-0.8604110866485712,-10.663658252731317,-0.01912858174625246,0.2529122536227133,-0.001441,0.3768371618144306,0.0078843,0,1.0
1755,0.006383165687640413,0.10941405275589695,0.0015493,2.0214205979719013,3.067752800365439,8.107545914712356,1.01338506043586,8.055197897397498,0.32696719194081925,-50.03743053661199,-0.8125632746084135,20.139398794398105,-0.8604110866485712,18.96480741531598,-0.01912858174625246,-0.08403872317746192,-0.001441,0.22254281947416094,0.0078843,1,1.0
1756,0.8870828495412058,0.42778844038333325,0.0015493,2.0214205979719013,3.067752800365439,1.699474594867641,1.01338506043586,19.377450771594532,0.32696719194081925,-94.95190839328077,-0.8125632746084135,-16.488662743189803,-0.8604110866485712,69.7505431677861,-0.01912858174625246,-0.057847422972043705,-0.001441,0.5634323959336033,0.0078843,1,1.0
1757,0.3078908169118847,0.05157142504498432,0.0015493,2.0214205979719013,3.067752800365439,-55.740120508263075,1.01338506043586,-2.3268971143004986,0.32696719194081925,-28.045047396167554,-0.8125632746084135,40.4321851540146,-0.8604110866485712,45.48416975732993,-0.01912858174625246,-0.11154179859468047,-0.001441,0.11070158916055892,0.0078843,1,1.0
1758,0.003755980140395465,0.02594413793619199,0.0015493,2.0214205979719013,3.067752800365439,99.10803685760457,1.01338506043586,21.053825003738776,0.32696719194081925,-92.52731819055947,-0.8125632746084135,28.68040627416403,-0.8604110866485712,-6.738092433978932,-0.01912858174625246,0.3730621641712707,-0.001441,0.784714156585573,0.0078843,0,1.0
1759,0.2797661640959843,0.13375285756033567,0.0015493,2.0214205979719013,3.067752800365439,99.98619485152007,1.01338506043586,16.150244040756913,0.32696719194081925,-20.133465201202554,-0.8125632746084135,-44.03400911255984,-0.8604110866485712,-32.10063532035851,-0.01912858174625246,0.4069384864784793,-0.001441,0.5873390782402341,0.0078843,0,1.0
1760,0.00015542081551567222,0.03290073496317581,0.0015493,2.0214205979719013,3.067752800365439,93.09969358603351,1.01338506043586,19.658743628943405,0.32696719194081925,-85.99071725834374,-0.8125632746084135,32.86745974200036,-0.8604110866485712,-8.534501932968906,-0.01912858174625246,0.43759771671569503,-0.001441,0.7177841955313851,0.0078843,0,1.0
1761,0.1966800085032514,0.0837817533719688,0.0015493,2.0214205979719013,3.067752800365439,1.2029963903571868,1.01338506043586,8.07578616258859,0.32696719194081925,-36.796611186886466,-0.8125632746084135,-9.190925572817683,-0.8604110866485712,23.176252581960025,-0.01912858174625246,-0.189757333740702,-0.001441,0.20242155595294684,0.0078843,1,1.0
1762,0.44173355379193036,0.02920860774767071,0.0015493,2.0214205979719013,3.067752800365439,-57.53232671317876,1.01338506043586,4.2868041720684245,0.32696719194081925,-64.54529804359225,-0.8125632746084135,41.12919873789772,-0.8604110866485712,67.93269642606137,-0.01912858174625246,-0.056510916311783975,-0.001441,0.06301698481200849,0.0078843,1,1.0
1763,0.1413713774674571,0.04878554782794412,0.0015493,2.0214205979719013,3.067752800365439,-10.6344748114217,1.01338506043586,6.434575900148484,0.32696719194081925,-44.97732793955228,-0.8125632746084135,12.330043762522315,-0.8604110866485712,30.272725427131792,-0.01912858174625246,-0.15439766555977552,-0.001441,0.15482082363226846,0.0078843,1,1.0
1764,1.0672758933398159,0.3642427827464641,0.0015493,2.0214205979719013,3.067752800365439,66.04174730681636,1.01338506043586,28.085066793384794,0.32696719194081925,-99.07541900037975,-0.8125632746084135,-38.63199656623141,-0.8604110866485712,43.0539401321081,-0.01912858174625246,0.35358170017574003,-0.001441,0.8931696182908115,0.0078843,0,1.0
1765,-0.00019068434008995272,0.20023784537750686,0.0015493,2.0214205979719013,3.067752800365439,86.32029038785734,1.01338506043586,9.953272929531597,0.32696719194081925,-53.645367945460414,-0.8125632746084135,68.8481031460559,-0.8604110866485712,-25.671506559085255,-0.01912858174625246,0.4785602428538162,-0.001441,1.0831601523162484,0.0078843,0,1.0
1766,0.553015943127793,0.07351390913681022,0.0015493,2.0214205979719013,3.067752800365439,-6.832787067545257,1.01338506043586,5.446557641719048,0.32696719194081925,-1.8165156114194612,-0.8125632746084135,-51.86006954761877,-0.8604110866485712,21.964060243240187,-0.01912858174625246,-0.12749814102062812,-0.001441,0.12596965460235027,0.0078843,1,1.0
1767,0.7554882054726918,0.12282140352296336,0.0015493,2.0214205979719013,3.067752800365439,-10.7311633919943,1.01338506043586,5.552312044149593,0.32696719194081925,-0.3062529504319019,-0.8125632746084135,-68.49199796212649,-0.8604110866485712,31.276040979858262,-0.01912858174625246,-0.15512557141612368,-0.001441,0.15515819296204716,0.0078843,1,1.0
1768,0.007467747945940073,0.046265889546497026,0.0015493,2.0214205979719013,3.067752800365439,71.7808944744197,1.01338506043586,13.37910814712158,0.32696719194081925,-56.435807333000774,-0.8125632746084135,31.585790250182768,-0.8604110866485712,-13.149889793240824,-0.01912858174625246,0.4737509833286255,-0.001441,0.5317185727048552,0.0078843,0,1.0
1769,0.03187828835050649,0.01530274239016829,0.0015493,2.0214205979719013,3.067752800365439,-20.120547257235586,1.01338506043586,3.929319666050947,0.32696719194081925,-45.164058903108604,-0.8125632746084135,35.01454055528837,-0.8604110866485712,29.775950171078517,-0.01912858174625246,-0.07572553405750208,-0.001441,0.07812580770813708,0.0078843,1,1.0
1770,0.0378839782723495,0.008120370812718063,0.0015493,2.0214205979719013,3.067752800365439,6.413449028502638,1.01338506043586,1.4681693539235576,0.32696719194081925,-0.47933918836716244,-0.8125632746084135,-11.3646926317958,-0.8604110866485712,-0.700435872659169,-0.01912858174625246,-0.050516281048264326,-0.001441,0.04837076105979223,0.0078843,1,1.0
1771,0.09591165202761898,0.12413007554131635,0.0015493,2.0214205979719013,3.067752800365439,5.82366515663429,1.01338506043586,9.36852724295747,0.32696719194081925,-49.01864653300808,-0.8125632746084135,2.205471124801524,-0.8604110866485712,23.74352311647002,-0.01912858174625246,-0.2157381385969559,-0.001441,0.24412977953874715,0.0078843,1,1.0
1772,0.004057294519539401,0.10772450704788714,0.0015493,2.0214205979719013,3.067752800365439,20.70873499059103,1.01338506043586,6.619829962483612,0.32696719194081925,-32.52788900205631,-0.8125632746084135,8.110310288009284,-0.8604110866485712,5.175012807436767,-0.01912858174625246,0.00644571268624318,-0.001441,0.2145233681762121,0.0078843,0,1.0
1773,0.5460431945709663,0.09490647111549558,0.0015493,2.0214205979719013,3.067752800365439,-16.022479045228387,1.01338506043586,7.444517023863174,0.32696719194081925,-32.70303561452551,-0.8125632746084135,-28.57483087129275,-0.8604110866485712,41.12306505645969,-0.01912858174625246,-0.18657951222509667,-0.001441,0.19030803666679802,0.0078843,1,1.0
1774,0.5276413485732869,0.06169871644547884,0.0015493,2.0214205979719013,3.067752800365439,-53.56631534702837,1.01338506043586,-0.18139088178928567,0.32696719194081925,-25.66523865868091,-0.8125632746084135,14.196622596495168,-0.8604110866485712,51.25102101609727,-0.01912858174625246,-0.04794229938289726,-0.001441,0.053921946416623415,0.0078843,1,1.0
1775,0.5446628332175217,0.060383123319657374,0.0015493,2.0214205979719013,3.067752800365439,-50.392536739958295,1.01338506043586,0.23778562747308787,0.32696719194081925,-21.544982381556853,-0.8125632746084135,6.730668157179813,-0.8604110866485712,48.318564066992806,-0.01912858174625246,-0.045330323712446496,-0.001441,0.04822006769981234,0.0078843,1,1.0
1776,0.00423737586168893,0.11428678305631824,0.0015493,2.0214205979719013,3.067752800365439,-10.022462259790496,1.01338506043586,8.34057101936197,0.32696719194081925,-78.13740013518785,-0.8125632746084135,63.64700364211556,-0.8604110866485712,37.02433912529512,-0.01912858174625246,0.055885539287011676,-0.001441,0.2207280144033713,0.0078843,0,1.0
1777,-0.00014714520828906785,0.04845974466865068,0.0015493,2.0214205979719013,3.067752800365439,81.82556486959972,1.01338506043586,13.52625162721674,0.32696719194081925,-47.645665483934785,-0.8125632746084135,17.64767579509192,-0.8604110866485712,-21.050671694622316,-0.01912858174625246,0.45602650349455925,-0.001441,0.5447457086107089,0.0078843,0,1.0
1778,0.17004495854819723,0.03121556112701455,0.0015493,2.0214205979719013,3.067752800365439,-0.9002192789799216,1.01338506043586,4.894111520650857,0.32696719194081925,-20.878350272695325,-0.8125632746084135,-10.074084313162162,-0.8604110866485712,15.929513769046864,-0.01912858174625246,-0.12012314637894744,-0.001441,0.12273767251694429,0.0078843,1,1.0
1779,3.535897961770562e-05,0.06497750377577123,0.0015493,2.0214205979719013,3.067752800365439,77.54555547500573,1.01338506043586,11.207544970313009,0.32696719194081925,-35.77539251030401,-0.8125632746084135,19.805332283520656,-0.8604110866485712,-25.72949696802883,-0.01912858174625246,0.4357133914574364,-0.001441,0.582404680629892,0.0078843,0,1.0
1780,0.002597889572756862,0.005242335989042793,0.0015493,2.0214205979719013,3.067752800365439,-3.2071220475540803,1.01338506043586,1.9534762568854844,0.32696719194081925,-15.413526858944516,-0.8125632746084135,8.666626632771319,-0.8604110866485712,8.361942485777853,-0.01912858174625246,-0.042102300670293,-0.001441,0.04397014066596566,0.0078843,1,1.0
1781,0.3521229720662157,0.10853229032248808,0.0015493,2.0214205979719013,3.067752800365439,70.68375837922356,1.01338506043586,18.061491499625028,0.32696719194081925,-70.9256157783623,-0.8125632746084135,5.24451127728787,-0.8604110866485712,6.416774203035178,-0.01912858174625246,0.40120914528790064,-0.001441,0.646630031125948,0.0078843,0,1.0
1782,0.04432790155210986,0.09295673990511595,0.0015493,2.0214205979719013,3.067752800365439,1.0508306893178205,1.01338506043586,8.283401508123534,0.32696719194081925,-48.85482798175001,-0.8125632746084135,11.767233277185412,-0.8604110866485712,23.568732178141502,-0.01912858174625246,-0.1902964140128046,-0.001441,0.20586286877353152,0.0078843,1,1.0
1783,0.0031015299942220853,0.15427785272157699,0.0015493,2.0214205979719013,3.067752800365439,58.98239233814322,1.01338506043586,6.651442624561946,0.32696719194081925,-43.04189559592453,-0.8125632746084135,67.31323383297087,-0.8604110866485712,-17.399535975777844,-0.01912858174625246,0.335642622385966,-0.001441,0.9291598303049534,0.0078843,0,1.0
1784,0.024397640525543107,0.023801352649140142,0.0015493,2.0214205979719013,3.067752800365439,-35.395997185103624,1.01338506043586,-2.283350891684066,0.32696719194081925,-22.91214579382126,-0.8125632746084135,45.84639172453407,-0.8604110866485712,25.000022596947606,-0.01912858174625246,-0.1010679009247674,-0.001441,0.10274851840422004,0.0078843,1,1.0
1785,0.00016340529972769247,0.03632933285460389,0.0015493,2.0214205979719013,3.067752800365439,95.00908143047387,1.01338506043586,17.57006844883222,0.32696719194081925,-59.933189828744496,-0.8125632746084135,11.045330105153276,-0.8604110866485712,-21.251573464456957,-0.01912858174625246,0.41892887397130235,-0.001441,0.6308269894196128,0.0078843,0,1.0
1786,0.1967611149242104,0.03800615812414113,0.0015493,2.0214205979719013,3.067752800365439,-40.604903051335256,1.01338506043586,6.213478317011795,0.32696719194081925,-76.08451404645064,-0.8125632746084135,51.586103864365775,-0.8604110866485712,58.83252442638806,-0.01912858174625246,-0.12771719947003995,-0.001441,0.12701497308205384,0.0078843,1,1.0
1787,0.2012397452269883,0.06925729132360225,0.0015493,2.0214205979719013,3.067752800365439,47.95461358757205,1.01338506043586,18.677943207401558,0.32696719194081925,-99.62918274326579,-0.8125632746084135,51.4804338834323,-0.8604110866485712,22.062187222406937,-0.01912858174625246,0.4128911738011561,-0.001441,0.5876832496318322,0.0078843,0,1.0
1788,0.1185286899000006,0.01311197012348554,0.0015493,2.0214205979719013,3.067752800365439,7.149095084098429,1.01338506043586,2.8940550820106985,0.32696719194081925,-0.6399641312047393,-0.8125632746084135,-21.034211514898637,-0.8604110866485712,1.2434124999280027,-0.01912858174625246,-0.07453114304429766,-0.001441,0.07515988551583332,0.0078843,1,1.0
1789,0.002907604792897367,0.19447359681791337,0.0015493,2.0214205979719013,3.067752800365439,18.333585922968158,1.01338506043586,1.825600874793049,0.32696719194081925,-22.08813222402981,-0.8125632746084135,36.741221520225636,-0.8604110866485712,-2.081692952518457,-0.01912858174625246,0.11805730307658185,-0.001441,0.4064139411354251,0.0078843,0,1.0
1790,0.38942939823058476,0.04126189489673196,0.0015493,2.0214205979719013,3.067752800365439,-63.101693126667826,1.01338506043586,6.889224877992373,0.32696719194081925,-92.85304581521339,-0.8125632746084135,62.537230825497545,-0.8604110866485712,81.9870854516998,-0.01912858174625246,-0.12250375255249885,-0.001441,0.12405131284881027,0.0078843,1,1.0
1791,0.10786618474908294,0.07837199489232398,0.0015493,2.0214205979719013,3.067752800365439,23.390133245214976,1.01338506043586,12.310388842847097,0.32696719194081925,-99.23047743250882,-0.8125632746084135,88.34053447452588,-0.8604110866485712,30.10960688961095,-0.01912858174625246,0.4212902225640232,-0.001441,0.5524231677789548,0.0078843,0,1.0
1792,0.01920178032370823,0.146527383197118,0.0015493,2.0214205979719013,3.067752800365439,-70.68216255338704,1.01338506043586,-7.624325373952188,0.32696719194081925,-33.21274748885466,-0.8125632746084135,91.02159732790194,-0.8604110866485712,44.2198397591229,-0.01912858174625246,-0.2520392803559069,-0.001441,0.25204923389585604,0.0078843,1,1.0
1793,0.017751526418372025,0.001125881254061102,0.0015493,2.0214205979719013,3.067752800365439,-8.994406256342073,1.01338506043586,-0.2635735597492364,0.32696719194081925,-6.917308444221019,-0.8125632746084135,10.753321611100942,-0.8604110866485712,7.230087451928439,-0.01912858174625246,-0.019117995282909243,-0.001441,0.019612279027277503,0.0078843,1,1.0
1794,0.3543609535658605,0.05830319675869579,0.0015493,2.0214205979719013,3.067752800365439,-21.2149820008052,1.01338506043586,6.834483725573548,0.32696719194081925,-46.582788248819035,-0.8125632746084135,2.956493836322459,-0.8604110866485712,42.640425752076,-0.01912858174625246,-0.15343589157206425,-0.001441,0.16135725796215047,0.0078843,1,1.0
1795,0.6153665217232993,0.18567650903454475,0.0015493,2.0214205979719013,3.067752800365439,96.09503293286808,1.01338506043586,24.359830800944597,0.32696719194081925,-74.5754829843048,-0.8125632746084135,-35.82534719541752,-0.8604110866485712,5.8769423861241785,-0.01912858174625246,0.35323492019181757,-0.001441,0.8529337373006095,0.0078843,0,1.0
1796,-0.0010550962454377588,0.05621891599760762,0.0015493,2.0214205979719013,3.067752800365439,32.558735810358264,1.01338506043586,12.844606011516014,0.32696719194081925,-94.576212140825,-0.8125632746084135,95.9178954520099,-0.8604110866485712,17.21546248737575,-0.01912858174625246,0.40676493463446617,-0.001441,0.6667001716014991,0.0078843,0,1.0
1797,0.3492255475561381,0.017962321026172026,0.0015493,2.0214205979719013,3.067752800365439,-36.89939568618107,1.01338506043586,3.2679093993198083,0.32696719194081925,-40.89445509236186,-0.8125632746084135,18.876625636870287,-0.8604110866485712,45.840756005046735,-0.01912858174625246,-0.05382250403455064,-0.001441,0.05435627836566465,0.0078843,1,1.0
1798,0.18403382154703296,0.012126880981583876,0.0015493,2.0214205979719013,3.067752800365439,-51.760576835938565,1.01338506043586,0.4622493817086323,0.32696719194081925,-48.802052831828576,-0.8125632746084135,56.1274244081637,-0.8604110866485712,49.10308781952828,-0.01912858174625246,-0.054347506678935883,-0.001441,0.05460957093046272,0.0078843,1,1.0
1799,0.0008861979107330775,0.07761588806175375,0.0015493,2.0214205979719013,3.067752800365439,88.02541484882157,1.01338506043586,10.824928183035118,0.32696719194081925,-18.861585535060467,-0.8125632746084135,2.150501432458095,-0.8604110866485712,-38.348228954950166,-0.01912858174625246,0.43085551071381123,-0.001441,0.5939081362429102,0.0078843,0,1.0
1800,0.26557243834197053,0.020239184028303426,0.0015493,2.4578938558003998,3.4873681643987795,-5.376631057865702,1.01338506043586,6.564532726787981,0.32696719194081925,-30.287534249666017,-0.8125632746084135,-27.79416837948354,-0.8604110866485712,29.864892347712466,-0.01912858174625246,-0.09041278367199553,-0.001441,0.09175449175213553,0.0078843,1,1.0
1801,0.0009092422211564033,0.07757798958744724,0.0015493,2.4578938558003998,3.4873681643987795,63.35825762797816,1.01338506043586,10.14327471550351,0.32696719194081925,-33.3420259556033,-0.8125632746084135,-40.461082896576265,-0.8604110866485712,-4.8069242674281565,-0.01912858174625246,-0.1434634581473058,-0.001441,0.18494243881397857,0.0078843,1,1.0
1802,0.18191162353811446,0.02649772863562549,0.0015493,2.4578938558003998,3.4873681643987795,-46.9586141631296,1.01338506043586,9.473761242860386,0.32696719194081925,-96.69061622262207,-0.8125632746084135,56.87236725098902,-0.8604110866485712,70.45072724509771,-0.01912858174625246,-0.11414383282261585,-0.001441,0.11433079131446398,0.0078843,1,1.0
1803,0.16440292808819001,0.04186687126836793,0.0015493,2.4578938558003998,3.4873681643987795,23.399190485789013,1.01338506043586,9.690152703531593,0.32696719194081925,-35.40289495912958,-0.8125632746084135,-38.00854890731925,-0.8604110866485712,16.73770992535955,-0.01912858174625246,-0.14135827283548788,-0.001441,0.14158583932261729,0.0078843,1,1.0
1804,0.2667109618021914,0.019100026401052166,0.0015493,2.4578938558003998,3.4873681643987795,-84.27473087359816,1.01338506043586,-1.6876401445363252,0.32696719194081925,-40.217660979182156,-0.8125632746084135,57.220798450463015,-0.8604110866485712,61.75274021136862,-0.01912858174625246,-0.052491197864128404,-0.001441,0.05434562572209361,0.0078843,1,1.0
1805,0.1017701021486822,0.08732078166841903,0.0015493,2.4578938558003998,3.4873681643987795,38.126090219231955,1.01338506043586,10.851655633228054,0.32696719194081925,-58.81309326418141,-0.8125632746084135,-23.536817256825476,-0.8604110866485712,23.250313759812258,-0.01912858174625246,-0.17878393392114503,-0.001441,0.20217067422520965,0.0078843,1,1.0
1806,0.4855963982554523,0.04090594258807278,0.0015493,2.4578938558003998,3.4873681643987795,-82.77982996749351,1.01338506043586,0.5615452807162256,0.32696719194081925,-23.057923262809396,-0.8125632746084135,7.4759597537091835,-0.8604110866485712,61.96393053969094,-0.01912858174625246,-0.05874378787891092,-0.001441,0.0592378314281182,0.0078843,1,1.0
1807,0.25438914007124697,0.08373547086945987,0.0015493,2.4578938558003998,3.4873681643987795,35.58802713375407,1.01338506043586,11.190421899989047,0.32696719194081925,-45.85586303273513,-0.8125632746084135,-53.99186860717175,-0.8604110866485712,25.30600740826616,-0.01912858174625246,-0.17908100912331773,-0.001441,0.2012911251843992,0.0078843,1,1.0
1808,0.17005412177976342,0.09678221406224417,0.0015493,2.4578938558003998,3.4873681643987795,22.860119682199777,1.01338506043586,14.46984181485112,0.32696719194081925,-79.41476575161491,-0.8125632746084135,-14.092836068530255,-0.8604110866485712,38.45205461326367,-0.01912858174625246,-0.19227414557779238,-0.001441,0.2154679384472153,0.0078843,1,1.0
1809,0.43604616570379295,0.07828879781746818,0.0015493,2.4578938558003998,3.4873681643987795,-25.377073501850347,1.01338506043586,14.521246250419797,0.32696719194081925,-92.08152194129183,-0.8125632746084135,-11.433176575738669,-0.8604110866485712,74.28671887732915,-0.01912858174625246,-0.19345706028833123,-0.001441,0.1937415474823543,0.0078843,1,1.0
1810,0.0020522652438491606,0.09763536174234128,0.0015493,2.4578938558003998,3.4873681643987795,46.68643992608264,1.01338506043586,9.987941181103128,0.32696719194081925,-63.60564219981152,-0.8125632746084135,25.807048970686957,-0.8604110866485712,10.70286560565028,-0.01912858174625246,0.0364444823977266,-0.001441,0.18560889960623847,0.0078843,0,1.0
1811,0.6481339399326662,0.05938939108961096,0.0015493,2.4578938558003998,3.4873681643987795,-26.654430515462803,1.01338506043586,7.06536905641357,0.32696719194081925,-11.47409657497133,-0.8125632746084135,-82.25214211876028,-0.8604110866485712,47.03619208281131,-0.01912858174625246,-0.08888933953466809,-0.001441,0.08893362160681205,0.0078843,1,1.0
1812,0.5901606938617003,0.04652326628442791,0.0015493,2.4578938558003998,3.4873681643987795,-64.282823533682,1.01338506043586,8.520449534777073,0.32696719194081925,-73.38908179988492,-0.8125632746084135,-4.954585501130026,-0.8604110866485712,88.19293525257878,-0.01912858174625246,-0.10523593050853919,-0.001441,0.10696027155406124,0.0078843,1,1.0
1813,0.09306691248503943,0.012120892462870712,0.0015493,2.4578938558003998,3.4873681643987795,-78.81975067585753,1.01338506043586,-2.3880091148229114,0.32696719194081925,-45.68176472932626,-0.8125632746084135,83.79855261414295,-0.8604110866485712,53.341008084446024,-0.01912858174625246,-0.06437082855962194,-0.001441,0.06421808930931784,0.0078843,1,1.0
1814,0.1677563842697335,0.04225859757936572,0.0015493,2.4578938558003998,3.4873681643987795,-6.057718262215515,1.01338506043586,9.965794901546827,0.32696719194081925,-71.61581986104079,-0.8125632746084135,8.452193714375216,-0.8604110866485712,45.56667157507283,-0.01912858174625246,-0.14341127944324056,-0.001441,0.1441776068799328,0.0078843,1,1.0
1815,-0.0010583359821726424,0.08667968278073362,0.0015493,2.4578938558003998,3.4873681643987795,28.045043393522604,1.01338506043586,11.50127131926587,0.32696719194081925,-78.87211410206494,-0.8125632746084135,21.453349568036927,-0.8604110866485712,27.70124052396575,-0.01912858174625246,-0.11572218107540733,-0.001441,0.1878347081066335,0.0078843,1,1.0
1816,0.0010839339767745315,0.07679860000699903,0.0015493,2.4578938558003998,3.4873681643987795,16.61401150641041,1.01338506043586,11.727263489782764,0.32696719194081925,-82.3227723286641,-0.8125632746084135,34.11670995609804,-0.8604110866485712,31.06402320579509,-0.01912858174625246,-0.09222226418819846,-0.001441,0.17295157416337936,0.0078843,1,1.0
1817,0.00192742712182703,0.04692636153991811,0.0015493,2.4578938558003998,3.4873681643987795,3.918070310702456,1.01338506043586,5.455006789222185,0.32696719194081925,-58.402913294181715,-0.8125632746084135,37.244680112559614,-0.8604110866485712,27.538771538580345,-0.01912858174625246,-0.040710429816111116,-0.001441,0.11003038180372465,0.0078843,1,1.0
1818,0.07203340575499084,0.006628090981876997,0.0015493,2.4578938558003998,3.4873681643987795,-73.41677248613453,1.01338506043586,-0.8215234867685359,0.32696719194081925,-52.069325516738395,-0.8125632746084135,84.17407671519317,-0.8604110866485712,52.78635775462522,-0.01912858174625246,-0.05096040840389431,-0.001441,0.051111403915142024,0.0078843,1,1.0
1819,0.10233601138999102,0.008880668962806497,0.0015493,2.4578938558003998,3.4873681643987795,-24.915593533978495,1.01338506043586,5.07415836396486,0.32696719194081925,-50.621805824309014,-0.8125632746084135,29.39847695305339,-0.8604110866485712,37.1047089691049,-0.01912858174625246,-0.05783506679333997,-0.001441,0.06132356410362619,0.0078843,1,1.0
1820,0.2656941559461337,0.009305580731592353,0.0015493,2.4578938558003998,3.4873681643987795,-45.00482405089169,1.01338506043586,4.738049150154798,0.32696719194081925,-53.58373004242773,-0.8125632746084135,22.497922109307527,-0.8604110866485712,54.624334833652554,-0.01912858174625246,-0.053220015553790884,-0.001441,0.05300312560084566,0.0078843,1,1.0
1821,0.006343889738369524,0.0702560746828605,0.0015493,2.4578938558003998,3.4873681643987795,73.0415961332693,1.01338506043586,10.26949719526836,0.32696719194081925,-11.620353334445998,-0.8125632746084135,-62.55913503211205,-0.8604110866485712,-21.09745762194038,-0.01912858174625246,-0.12234170667396274,-0.001441,0.16712087393844247,0.0078843,1,1.0
1822,0.00240526687342707,0.020388893573940733,0.0015493,2.4578938558003998,3.4873681643987795,28.380666721962122,1.01338506043586,5.996232255499258,0.32696719194081925,-19.43687659822294,-0.8125632746084135,-20.821794781466426,-0.8604110866485712,-0.6509007029449599,-0.01912858174625246,-0.09007080551299741,-0.001441,0.09258763504128566,0.0078843,1,1.0
1823,0.23623600898703165,0.014741429007049845,0.0015493,2.4578938558003998,3.4873681643987795,-42.0811417947536,1.01338506043586,6.919952168904137,0.32696719194081925,-70.09720230867008,-0.8125632746084135,31.66822562544525,-0.8604110866485712,59.73040657914122,-0.01912858174625246,-0.08303916437944685,-0.001441,0.0833055860015705,0.0078843,1,1.0
1824,0.05547234571019893,0.0006569774435623987,0.0015493,2.4578938558003998,3.4873681643987795,-24.534746505496432,1.01338506043586,0.04627998001041472,0.32696719194081925,-18.76369934540865,-0.8125632746084135,23.604258722951435,-0.8604110866485712,20.330046942150826,-0.01912858174625246,-0.007032685796750168,-0.001441,0.007130771068092616,0.0078843,1,1.0
1825,0.659296317144973,0.05179479660869639,0.0015493,2.4578938558003998,3.4873681643987795,-59.22088805212,1.01338506043586,6.117520359860869,0.32696719194081925,-38.34544472475205,-0.8125632746084135,-38.34595089185075,-0.8604110866485712,72.50242070367412,-0.01912858174625246,-0.0691892036299033,-0.001441,0.06975437598456838,0.0078843,1,1.0
1826,0.25478142450667385,0.12129331269945968,0.0015493,2.4578938558003998,3.4873681643987795,32.3086201932922,1.01338506043586,15.22398156580687,0.32696719194081925,-75.9747259017035,-0.8125632746084135,-41.02293361430049,-0.8604110866485712,40.28044875210772,-0.01912858174625246,-0.23597047435348617,-0.001441,0.24565538015873034,0.0078843,1,1.0
1827,0.0008295811438501222,0.02369214211260357,0.0015493,2.4578938558003998,3.4873681643987795,23.874678062994025,1.01338506043586,6.795351721228582,0.32696719194081925,-28.80653636891278,-0.8125632746084135,-12.588575331772299,-0.8604110866485712,5.067161395785583,-0.01912858174625246,-0.1002335091832921,-0.001441,0.10052361648350888,0.0078843,1,1.0
1828,0.0014542184788305934,0.04534178292076674,0.0015493,2.4578938558003998,3.4873681643987795,20.426400931142076,1.01338506043586,4.684107526658754,0.32696719194081925,-28.09724665483632,-0.8125632746084135,10.498569706845968,-0.8604110866485712,4.47037502100318,-0.01912858174625246,0.013589194708337707,-0.001441,0.0814416212269609,0.0078843,0,1.0
1829,0.053161111060348605,0.0013061415366898473,0.0015493,2.4578938558003998,3.4873681643987795,-16.56770905010496,1.01338506043586,-0.7803203330516769,0.32696719194081925,-4.739662539083554,-0.8125632746084135,9.825498610589484,-0.8604110866485712,10.775664256844697,-0.01912858174625246,-0.01565184375809699,-0.001441,0.015886194055585782,0.0078843,1,1.0
1830,0.335024275040228,0.022777555484480246,0.0015493,2.4578938558003998,3.4873681643987795,-66.34271304179451,1.01338506043586,7.958320223693268,0.32696719194081925,-92.69370987070918,-0.8125632746084135,48.7830992208309,-0.8604110866485712,84.2422688228627,-0.01912858174625246,-0.09340698326635719,-0.001441,0.09171343305765853,0.0078843,1,1.0
1831,-0.0010485300320036695,0.08607879620333941,0.0015493,2.4578938558003998,3.4873681643987795,54.54012722014945,1.01338506043586,10.594416890342341,0.32696719194081925,-47.89404510779005,-0.8125632746084135,-10.88346140087776,-0.8604110866485712,2.3008513114241795,-0.01912858174625246,-0.06870407971202896,-0.001441,0.1832268455932053,0.0078843,1,1.0
1832,0.2461640661366283,0.02018400076890652,0.0015493,2.4578938558003998,3.4873681643987795,-40.23894326331327,1.01338506043586,7.66145568245562,0.32696719194081925,-75.08484857091959,-0.8125632746084135,31.036963513211738,-0.8604110866485712,62.26383014482009,-0.01912858174625246,-0.09327498105246984,-0.001441,0.0961996947766448,0.0078843,1,1.0
1833,0.18852425970575312,0.008895910019963106,0.0015493,2.4578938558003998,3.4873681643987795,-39.57302883426939,1.01338506043586,-0.7496351829325951,0.32696719194081925,-8.152300727376607,-0.8125632746084135,10.187398164907071,-0.8604110866485712,26.167729378404665,-0.01912858174625246,-0.035986383434427754,-0.001441,0.036480355752249824,0.0078843,1,1.0
1834,0.0766733815056333,0.07673473989979031,0.0015493,2.4578938558003998,3.4873681643987795,61.19680341752446,1.01338506043586,10.78912960116241,0.32696719194081925,-29.309100217096855,-0.8125632746084135,-61.644880062343134,-0.8604110866485712,-0.9897771236517341,-0.01912858174625246,-0.19186872763266896,-0.001441,0.1916885109820208,0.0078843,1,1.0
1835,0.008736147709826114,0.12695814477244846,0.0015493,2.4578938558003998,3.4873681643987795,71.0551498862663,1.01338506043586,13.80345968092826,0.32696719194081925,-79.1819186686874,-0.8125632746084135,32.42367770901827,-0.8604110866485712,6.228069604981473,-0.01912858174625246,0.10430886644208058,-0.001441,0.249137322848221,0.0078843,0,1.0
1836,0.046028984036857803,0.002479452781207728,0.0015493,2.4578938558003998,3.4873681643987795,2.997666105845448,1.01338506043586,2.247862808385423,0.32696719194081925,-11.699923861257354,-0.8125632746084135,-5.8392336567151455,-0.8604110866485712,7.204708289615176,-0.01912858174625246,-0.035144540447730285,-0.001441,0.035159647884780806,0.0078843,1,1.0
1837,0.41445698702133604,0.034756698249772344,0.0015493,2.4578938558003998,3.4873681643987795,-45.63651401111164,1.01338506043586,9.389410407505583,0.32696719194081925,-75.83719302725508,-0.8125632746084135,7.053339305619121,-0.8604110866485712,72.93939948068729,-0.01912858174625246,-0.11606439196147406,-0.001441,0.11833837049069523,0.0078843,1,1.0
1838,0.07791344275060608,0.03612745237377746,0.0015493,2.4578938558003998,3.4873681643987795,26.728481508542153,1.01338506043586,8.089640228981835,0.32696719194081925,-35.69593677979876,-0.8125632746084135,-24.401714091043267,-0.8604110866485712,12.79398409004991,-0.01912858174625246,-0.12952641274950386,-0.001441,0.13135034164678008,0.0078843,1,1.0
1839,0.15305381983679323,0.11658430287298595,0.0015493,2.4578938558003998,3.4873681643987795,53.465771406081494,1.01338506043586,14.237770335581192,0.32696719194081925,-61.143428596127265,-0.8125632746084135,-41.92135714724905,-0.8604110866485712,19.23190192767151,-0.01912858174625246,-0.18198294230859985,-0.001441,0.23907177500194904,0.0078843,1,1.0
1840,0.09057335480960677,0.00772395957907475,0.0015493,2.4578938558003998,3.4873681643987795,-4.613518959274448,1.01338506043586,4.525977333496571,0.32696719194081925,-30.4554225489042,-0.8125632746084135,1.7984544525366584,-0.8604110866485712,20.59669638404606,-0.01912858174625246,-0.061641525804849585,-0.001441,0.06158878583999592,0.0078843,1,1.0
1841,0.13343264668524207,0.01118805592064722,0.0015493,2.4578938558003998,3.4873681643987795,-5.209152533127511,1.01338506043586,5.424864932228895,0.32696719194081925,-33.145012822378135,-0.8125632746084135,-4.0921191645385075,-0.8604110866485712,24.147408940502853,-0.01912858174625246,-0.07357272542933552,-0.001441,0.07345149166992054,0.0078843,1,1.0
1842,0.3913218707447781,0.014247611764905773,0.0015493,2.4578938558003998,3.4873681643987795,-87.65994666589513,1.01338506043586,4.087913931151294,0.32696719194081925,-75.29900191905627,-0.8125632746084135,53.26311796423504,-0.8604110866485712,85.83264869968147,-0.01912858174625246,-0.03335467456054774,-0.001441,0.03304498039469738,0.0078843,1,1.0
1843,0.09859870770736341,0.001845397332796759,0.0015493,2.4578938558003998,3.4873681643987795,-29.000158337846752,1.01338506043586,1.9515380345721831,0.32696719194081925,-28.003897737401893,-0.8125632746084135,23.495302810479018,-0.8604110866485712,27.24299739598833,-0.01912858174625246,-0.025420236757980795,-0.001441,0.025625589423859556,0.0078843,1,1.0
1844,0.027713254588960623,0.014738930286080355,0.0015493,2.4578938558003998,3.4873681643987795,-64.04573844676237,1.01338506043586,-3.1884101275499757,0.32696719194081925,-27.320982579913377,-0.8125632746084135,71.30831509864932,-0.8604110866485712,35.2118696335753,-0.01912858174625246,-0.080856250128817,-0.001441,0.08044153375109775,0.0078843,1,1.0
1845,0.2351290368577621,0.07221890010282876,0.0015493,2.4578938558003998,3.4873681643987795,3.941119488527492,1.01338506043586,13.391850712429834,0.32696719194081925,-76.4972405689917,-0.8125632746084135,-11.884456817809614,-0.8604110866485712,46.47457023182184,-0.01912858174625246,-0.18261803815666933,-0.001441,0.18752189950846165,0.0078843,1,1.0
1846,0.21938427189036533,0.01026602625671027,0.0015493,2.4578938558003998,3.4873681643987795,-44.05132836160787,1.01338506043586,-0.8991452879924011,0.32696719194081925,-10.737342578158577,-0.8125632746084135,11.000010236489938,-0.8604110866485712,31.079243289303673,-0.01912858174625246,-0.03162189622965922,-0.001441,0.03222038265881791,0.0078843,1,1.0
1847,0.555347281461441,0.05267876721196804,0.0015493,2.4578938558003998,3.4873681643987795,-6.789649576606634,1.01338506043586,7.9518847477853996,0.32696719194081925,-13.815901189589532,-0.8125632746084135,-84.21305762523494,-0.8604110866485712,37.55612114367169,-0.01912858174625246,-0.11255797236940791,-0.001441,0.11351034586329474,0.0078843,1,1.0
1848,0.2515669438086633,0.06112577535393983,0.0015493,2.4578938558003998,3.4873681643987795,-8.425760867035734,1.01338506043586,12.153674784928956,0.32696719194081925,-82.8363356288767,-0.8125632746084135,0.913180034466524,-0.8604110866485712,56.07985222975025,-0.01912858174625246,-0.17453647102459727,-0.001441,0.17470208271980783,0.0078843,1,1.0
1849,0.4365716505964612,0.028581063584738883,0.0015493,2.4578938558003998,3.4873681643987795,-25.5168936167561,1.01338506043586,6.4402022762517745,0.32696719194081925,-26.574550466579026,-0.8125632746084135,-39.899945816280045,-0.8604110866485712,42.88634876821614,-0.01912858174625246,-0.07970376670419088,-0.001441,0.07964397861174755,0.0078843,1,1.0
1850,0.3108648672952836,0.06039757351279617,0.0015493,2.4578938558003998,3.4873681643987795,28.99310216898926,1.01338506043586,10.963217838762354,0.32696719194081925,-29.521675940570283,-0.8125632746084135,-71.23899011226975,-0.8604110866485712,20.477313592189482,-0.01912858174625246,-0.1688780533593108,-0.001441,0.1685689169777281,0.0078843,1,1.0
1851,0.26904949642576687,0.04185321326340403,0.0015493,2.4578938558003998,3.4873681643987795,-24.81447076345109,1.01338506043586,10.80624072509359,0.32696719194081925,-81.19875299530271,-0.8125632746084135,13.41306671120313,-0.8604110866485712,60.696556681373735,-0.01912858174625246,-0.14102459568322434,-0.001441,0.14343292904461147,0.0078843,1,1.0
1852,0.09526133487079685,0.02635648140738065,0.0015493,2.4578938558003998,3.4873681643987795,-10.724323416247016,1.01338506043586,7.598988731227102,0.32696719194081925,-65.78149343193348,-0.8125632746084135,23.49781024783697,-0.8604110866485712,40.94311560468778,-0.01912858174625246,-0.11108052618051259,-0.001441,0.1109892364962187,0.0078843,1,1.0
1853,0.23558061370835626,0.15145351473378776,0.0015493,2.4578938558003998,3.4873681643987795,29.513559099932948,1.01338506043586,17.83682843961391,0.32696719194081925,-98.11531132924024,-0.8125632746084135,-24.281979021459545,-0.8604110866485712,49.7174054171815,-0.01912858174625246,-0.25536033383461443,-0.001441,0.27375380615172373,0.0078843,1,1.0
1854,0.7214577201947197,0.07736771009538859,0.0015493,2.4578938558003998,3.4873681643987795,-37.308296535304294,1.01338506043586,10.071901052933315,0.32696719194081925,-35.89741541096156,-0.8125632746084135,-73.9929566967226,-0.8604110866485712,65.59776281257247,-0.01912858174625246,-0.12527277146619822,-0.001441,0.12597294624191627,0.0078843,1,1.0
1855,0.019230184569645314,0.14026384261311683,0.0015493,2.4578938558003998,3.4873681643987795,93.16570051852223,1.01338506043586,16.838811977748303,0.32696719194081925,-97.66248654547384,-0.8125632746084135,47.00711716530424,-0.8604110866485712,4.790429942143059,-0.01912858174625246,0.19139226032209572,-0.001441,0.3132612846680665,0.0078843,0,1.0
1856,0.2105254049908506,0.07939900610442616,0.0015493,2.4578938558003998,3.4873681643987795,52.40177592934002,1.01338506043586,12.685202484620113,0.32696719194081925,-24.965788755369033,-0.8125632746084135,-79.56702210058273,-0.8604110866485712,3.5359015335859008,-0.01912858174625246,-0.18497259037578487,-0.001441,0.19104047138968153,0.0078843,1,1.0
1857,0.2211757983119372,0.00553115039963373,0.0015493,2.4578938558003998,3.4873681643987795,-91.38041816075064,1.01338506043586,2.9855443855069983,0.32696719194081925,-82.38987116470219,-0.8125632746084135,89.07073665479858,-0.8604110866485712,80.65274170292079,-0.01912858174625246,-0.03808581187505728,-0.001441,0.03814281859229852,0.0078843,1,1.0
1858,0.040312287618937626,0.02015809189774873,0.0015493,2.4578938558003998,3.4873681643987795,23.61146262263334,1.01338506043586,6.089025858610411,0.32696719194081925,-23.92374578757708,-0.8125632746084135,-20.52438955453517,-0.8604110866485712,5.831563996359252,-0.01912858174625246,-0.09741812944034822,-0.001441,0.09746468614377124,0.0078843,1,1.0
1859,0.0139670437948195,0.0034500188287553534,0.0015493,2.4578938558003998,3.4873681643987795,7.930455181885898,1.01338506043586,2.547710712118394,0.32696719194081925,-12.123699665726281,-0.8125632746084135,-5.177685689583426,-0.8604110866485712,3.9560396982998154,-0.01912858174625246,-0.03992845295314998,-0.001441,0.03997038202997227,0.0078843,1,1.0
1860,0.008004760467773625,0.020795263488204374,0.0015493,2.4578938558003998,3.4873681643987795,34.482261036268085,1.01338506043586,3.642924653156877,0.32696719194081925,-1.6520038124463532,-0.8125632746084135,-29.5599952090277,-0.8604110866485712,-10.50688586830269,-0.01912858174625246,-0.04472099146254307,-0.001441,0.07288464802114453,0.0078843,1,1.0
1861,0.0915734379114943,0.05315662506936622,0.0015493,2.4578938558003998,3.4873681643987795,39.164309548979965,1.01338506043586,9.35729901587958,0.32696719194081925,-35.90149003305807,-0.8125632746084135,-38.98555995711489,-0.8604110866485712,10.100370798996394,-0.01912858174625246,-0.15973090742829982,-0.001441,0.160490966150244,0.0078843,1,1.0
1862,0.01825676075225252,0.021221135537606902,0.0015493,2.4578938558003998,3.4873681643987795,14.04051225194001,1.01338506043586,6.61822898930489,0.32696719194081925,-36.53917836779113,-0.8125632746084135,-1.9206067291452622,-0.8604110866485712,13.335744569418564,-0.01912858174625246,-0.09624593900892076,-0.001441,0.09671734874927446,0.0078843,1,1.0
1863,0.09003448288686487,0.002568650501771342,0.0015493,2.4578938558003998,3.4873681643987795,-64.26847870203707,1.01338506043586,1.367152965175221,0.32696719194081925,-60.26954333710868,-0.8125632746084135,75.34038313789817,-0.8604110866485712,54.79718565595936,-0.01912858174625246,-0.023195551480300097,-0.001441,0.022793705849745657,0.0078843,1,1.0
1864,0.17667251916343485,0.1707168041128252,0.0015493,2.4578938558003998,3.4873681643987795,97.63237629361454,1.01338506043586,17.464909127805253,0.32696719194081925,-66.61184334408009,-0.8125632746084135,-43.72430491912508,-0.8604110866485712,3.353062503364913,-0.01912858174625246,-0.04574042511883705,-0.001441,0.32218755307783464,0.0078843,1,1.0
1865,0.2896084724652494,0.051042051036191236,0.0015493,2.4578938558003998,3.4873681643987795,-89.23942556638947,1.01338506043586,-4.453136544276456,0.32696719194081925,-8.317619357021092,-0.8125632746084135,42.04783521954708,-0.8604110866485712,46.84207700994082,-0.01912858174625246,-0.12133483855077654,-0.001441,0.12245486146237122,0.0078843,1,1.0
1866,0.40299033722211663,0.0638993823055508,0.0015493,2.4578938558003998,3.4873681643987795,-17.349330781023017,1.01338506043586,12.791532956005371,0.32696719194081925,-73.86428236897784,-0.8125632746084135,-20.841718951992394,-0.8604110866485712,60.90809423966155,-0.01912858174625246,-0.16656638449978162,-0.001441,0.17164801869257534,0.0078843,1,1.0
1867,0.36656432865579336,0.02230413412594186,0.0015493,2.4578938558003998,3.4873681643987795,-19.392469781044845,1.01338506043586,6.122288302793904,0.32696719194081925,-30.477507257760166,-0.8125632746084135,-31.203631920405574,-0.8604110866485712,40.14091996315666,-0.01912858174625246,-0.08220569081112189,-0.001441,0.08222759801425777,0.0078843,1,1.0
1868,0.4452182219282783,0.08300072402774683,0.0015493,2.4578938558003998,3.4873681643987795,-8.709353384895042,1.01338506043586,13.525365991487195,0.32696719194081925,-75.14206597526828,-0.8125632746084135,-36.14170552232164,-0.8604110866485712,62.70228223597234,-0.01912858174625246,-0.19765888539868748,-0.001441,0.19659059103800225,0.0078843,1,1.0
1869,0.008813348141382293,0.023045194297993128,0.0015493,2.4578938558003998,3.4873681643987795,24.96347711696911,1.01338506043586,6.11871165506876,0.32696719194081925,-23.188769685297842,-0.8125632746084135,-15.095202364465937,-0.8604110866485712,2.2629415085220206,-0.01912858174625246,-0.08114038318344134,-0.001441,0.09288680448817747,0.0078843,1,1.0
1870,0.40993539286533376,0.02187213183351747,0.0015493,2.4578938558003998,3.4873681643987795,-35.87855894785751,1.01338506043586,3.602533321270541,0.32696719194081925,-26.82846102446341,-0.8125632746084135,-22.5996519378969,-0.8604110866485712,47.38091519899742,-0.01912858174625246,-0.05163074351218869,-0.001441,0.05126202175563213,0.0078843,1,1.0
1871,0.5645112183064268,0.049698418700158405,0.0015493,2.4578938558003998,3.4873681643987795,-95.7993048942049,1.01338506043586,0.21314971007535424,0.32696719194081925,-29.168447291822005,-0.8125632746084135,10.389068730072472,-0.8604110866485712,74.36829386879265,-0.01912858174625246,-0.04975684461651057,-0.001441,0.049877847581301385,0.0078843,1,1.0
1872,0.49471366959594276,0.05045186836467644,0.0015493,2.4578938558003998,3.4873681643987795,-35.949640826294385,1.01338506043586,10.283397867235784,0.32696719194081925,-68.6325253345503,-0.8125632746084135,-19.134679983589592,-0.8604110866485712,70.89948810959622,-0.01912858174625246,-0.134728431732113,-0.001441,0.13868458932071268,0.0078843,1,1.0
1873,0.00476850358405901,0.0013168466353725601,0.0015493,2.4578938558003998,3.4873681643987795,-27.670884155399513,1.01338506043586,-0.7159273239405707,0.32696719194081925,-20.77805909977227,-0.8125632746084135,36.53120630655311,-0.8604110866485712,19.74780693742717,-0.01912858174625246,-0.019185895300338943,-0.001441,0.019125491386680495,0.0078843,1,1.0
1874,0.0734586732935786,0.0012989871338877773,0.0015493,2.4578938558003998,3.4873681643987795,-47.2926937234484,1.01338506043586,2.038103641714426,0.32696719194081925,-51.583418546595446,-0.8125632746084135,57.34632183026149,-0.8604110866485712,44.063775628184786,-0.01912858174625246,-0.019797150354837034,-0.001441,0.02005724933971914,0.0078843,1,1.0
1875,0.29093891120907633,0.08522896037401773,0.0015493,2.4578938558003998,3.4873681643987795,25.744054274057355,1.01338506043586,13.45567122793432,0.32696719194081925,-51.376147620235834,-0.8125632746084135,-48.531960775779204,-0.8604110866485712,28.61551453467253,-0.01912858174625246,-0.15768720554350624,-0.001441,0.1956818159032664,0.0078843,1,1.0
1876,0.4471584200787381,0.1011626043994285,0.0015493,2.4578938558003998,3.4873681643987795,1.599984792723006,1.01338506043586,15.695199553008315,0.32696719194081925,-74.52330175606362,-0.8125632746084135,-48.43588003137889,-0.8604110866485712,57.21286673283127,-0.01912858174625246,-0.21822441256305797,-0.001441,0.21919314023836795,0.0078843,1,1.0
1877,0.18117330487107924,0.007199601848936733,0.0015493,2.4578938558003998,3.4873681643987795,-58.5801397716063,1.01338506043586,-0.32081191451026725,0.32696719194081925,-32.42903698922327,-0.8125632746084135,41.589362262552406,-0.8604110866485712,44.33464285275926,-0.01912858174625246,-0.03261706684530702,-0.001441,0.03214762938967909,0.0078843,1,1.0
1878,0.19422159410343745,0.015305145142865323,0.0015493,2.4578938558003998,3.4873681643987795,-1.0037248143254671,1.01338506043586,5.775557703752482,0.32696719194081925,-28.53860787349106,-0.8125632746084135,-20.51246594043187,-0.8604110866485712,24.23754909503826,-0.01912858174625246,-0.08422210458835301,-0.001441,0.08404723477084987,0.0078843,1,1.0
1879,0.0024665113582105214,0.05971527429533739,0.0015493,2.4578938558003998,3.4873681643987795,44.69749717141577,1.01338506043586,7.3716763160588785,0.32696719194081925,-30.75823417752161,-0.8125632746084135,-11.962661166629113,-0.8604110866485712,-1.68824177594979,-0.01912858174625246,-0.03833045577088193,-0.001441,0.13629443032812086,0.0078843,1,1.0
1880,0.009826948307268123,0.00043615167868885573,0.0015493,2.4578938558003998,3.4873681643987795,-6.240911353149391,1.01338506043586,-0.4427283379701888,0.32696719194081925,-3.685892389743605,-0.8125632746084135,6.720675914818041,-0.8604110866485712,4.871616668695984,-0.01912858174625246,-0.008404856023084105,-0.001441,0.008594065073097538,0.0078843,1,1.0
1881,0.22903643439223054,0.11991862295684383,0.0015493,2.4578938558003998,3.4873681643987795,58.09167408029437,1.01338506043586,15.125406032647913,0.32696719194081925,-47.27712348330113,-0.8125632746084135,-76.41635150476463,-0.8604110866485712,15.188709714728951,-0.01912858174625246,-0.23307183496433398,-0.001441,0.2426592765212338,0.0078843,1,1.0
1882,0.19594189983913868,0.004421081915452282,0.0015493,2.4578938558003998,3.4873681643987795,-66.71270291392749,1.01338506043586,4.090274472653811,0.32696719194081925,-73.53972295863444,-0.8125632746084135,65.10400322857933,-0.8604110866485712,67.38880808091636,-0.01912858174625246,-0.03844579030711977,-0.001441,0.038655814402588154,0.0078843,1,1.0
1883,0.15494412740199381,0.11620193134568509,0.0015493,2.4578938558003998,3.4873681643987795,74.10634659252504,1.01338506043586,12.54956654767104,0.32696719194081925,-31.925769080655062,-0.8125632746084135,-83.54497227285091,-0.8604110866485712,1.223970846194723,-0.01912858174625246,-0.2278590463415879,-0.001441,0.23961241328666957,0.0078843,1,1.0
1884,0.16868211426714572,0.006170308217841394,0.0015493,2.4578938558003998,3.4873681643987795,-60.950935371594774,1.01338506043586,-0.4189271241804616,0.32696719194081925,-37.12796766430322,-0.8125632746084135,48.65583277568132,-0.8604110866485712,47.145840238917245,-0.01912858174625246,-0.029343228222479367,-0.001441,0.02914995603772441,0.0078843,1,1.0
1885,0.5861406405100076,0.04574478128878899,0.0015493,2.4578938558003998,3.4873681643987795,-37.48683424166483,1.01338506043586,3.3072404775325883,0.32696719194081925,-8.853440352324894,-0.8125632746084135,-59.26868395062575,-0.8604110866485712,48.55055608826238,-0.01912858174625246,-0.0499734688595015,-0.001441,0.05057821119333881,0.0078843,1,1.0
1886,0.4894237772180436,0.05100101296452603,0.0015493,2.4578938558003998,3.4873681643987795,10.447085835186416,1.01338506043586,8.06653628669808,0.32696719194081925,-8.754800855740301,-0.8125632746084135,-91.88948705078265,-0.8604110866485712,26.683896792786776,-0.01912858174625246,-0.12747980387767283,-0.001441,0.12767555810394843,0.0078843,1,1.0
1887,0.06435931686258717,0.0005811261205058813,0.0015493,2.4578938558003998,3.4873681643987795,-8.066049628752253,1.01338506043586,0.7372471212965316,0.32696719194081925,-5.435372230369702,-0.8125632746084135,-0.982076136749088,-0.8604110866485712,8.324908354957067,-0.01912858174625246,-0.008594106817977183,-0.001441,0.008660115255002862,0.0078843,1,1.0
1888,0.23474781805850387,0.005205842770436303,0.0015493,2.4578938558003998,3.4873681643987795,-72.07888666204994,1.01338506043586,2.2902554932376042,0.32696719194081925,-61.71202130078734,-0.8125632746084135,58.99330698881051,-0.8604110866485712,65.85910463680396,-0.01912858174625246,-0.018507617815847494,-0.001441,0.018936437625151643,0.0078843,1,1.0
1889,0.4135094588740959,0.029000808007601287,0.0015493,2.4578938558003998,3.4873681643987795,-39.57384158092945,1.01338506043586,7.289884006809883,0.32696719194081925,-58.96134114218941,-0.8125632746084135,-5.5378009744551004,-0.8604110866485712,64.03059892283885,-0.01912858174625246,-0.09891791996677259,-0.001441,0.09931342365129132,0.0078843,1,1.0
1890,0.3435535043798137,0.021943903607374984,0.0015493,2.4578938558003998,3.4873681643987795,-39.652265297777305,1.01338506043586,6.45457401402848,0.32696719194081925,-60.548679572321035,-0.8125632746084135,7.69513418019,-0.8604110866485712,61.437153738080795,-0.01912858174625246,-0.08876119984462001,-0.001441,0.08915562686410418,0.0078843,1,1.0
1891,0.5561990948500979,0.03548173051784907,0.0015493,2.4578938558003998,3.4873681643987795,-82.41108160680274,1.01338506043586,7.871451048456718,0.32696719194081925,-83.54418537679084,-0.8125632746084135,22.434560256776123,-0.8604110866485712,96.44678075491115,-0.01912858174625246,-0.085919043602528,-0.001441,0.08520377310222782,0.0078843,1,1.0
1892,0.13060241491071406,0.0017200333205925344,0.0015493,2.4578938558003998,3.4873681643987795,-27.54430015014168,1.01338506043586,1.1796824906928156,0.32696719194081925,-20.695802857532204,-0.8125632746084135,13.88989856308561,-0.8604110866485712,25.65497423487461,-0.01912858174625246,-0.011461187247328154,-0.001441,0.011530834296770471,0.0078843,1,1.0
1893,0.3144769383184516,0.01722357892912763,0.0015493,2.4578938558003998,3.4873681643987795,-32.28910447119762,1.01338506043586,6.3728559711212975,0.32696719194081925,-46.83454279129685,-0.8125632746084135,-2.5050273474335385,-0.8604110866485712,48.9976688258066,-0.01912858174625246,-0.07793953239252895,-0.001441,0.0776523099669857,0.0078843,1,1.0
1894,0.020729084289754174,0.0045591183222619715,0.0015493,2.4578938558003998,3.4873681643987795,-36.27994921968421,1.01338506043586,-1.9989128812647154,0.32696719194081925,-20.520603284985846,-0.8125632746084135,43.076836334104094,-0.8604110866485712,24.112133803945547,-0.01912858174625246,-0.035726591972753075,-0.001441,0.03564684767052463,0.0078843,1,1.0
1895,0.05604810175084385,0.05007708727865532,0.0015493,2.4578938558003998,3.4873681643987795,38.105829742354906,1.01338506043586,9.744899212571188,0.32696719194081925,-36.33636783752034,-0.8125632746084135,-32.44244686926851,-0.8604110866485712,7.187136281850859,-0.01912858174625246,-0.148431375871934,-0.001441,0.15158364540791813,0.0078843,1,1.0
1896,0.012708298835124143,0.12247083702058265,0.0015493,2.4578938558003998,3.4873681643987795,54.33782336367325,1.01338506043586,14.462853012961732,0.32696719194081925,-84.89122416495904,-0.8125632746084135,16.317890082108946,-0.8604110866485712,19.38915712376656,-0.01912858174625246,-0.06367469211227333,-0.001441,0.24343336355133288,0.0078843,1,1.0
1897,0.02567068835282771,0.044565176486880326,0.0015493,2.4578938558003998,3.4873681643987795,1.9361329904730533,1.01338506043586,9.581396268524625,0.32696719194081925,-74.22540906079998,-0.8125632746084135,26.446076175554598,-0.8604110866485712,36.429426580944224,-0.01912858174625246,-0.13601056579078022,-0.001441,0.13871107913281647,0.0078843,1,1.0
1898,0.4765668923855473,0.08717941740935888,0.0015493,2.4578938558003998,3.4873681643987795,0.5996170891556211,1.01338506043586,13.4940664658973,0.32696719194081925,-63.67459249966642,-0.8125632746084135,-55.77395665249124,-0.8604110866485712,55.80239839548167,-0.01912858174625246,-0.20130425454733192,-0.001441,0.20114631231017088,0.0078843,1,1.0
1899,0.028040346599522842,0.007510429001009184,0.0015493,2.4578938558003998,3.4873681643987795,6.692471499645462,1.01338506043586,3.974797653050406,0.32696719194081925,-22.16167928177499,-0.8125632746084135,-2.298742275973238,-0.8604110866485712,9.66931073664159,-0.01912858174625246,-0.05816712518331471,-0.001441,0.05800840644993496,0.0078843,1,1.0
1900,0.004822883237451059,0.12389779263929497,0.0015493,1.9316863821678012,3.010182037802922,33.924697224772,1.01338506043586,4.372387977655497,0.32696719194081925,-1.1272479096325865,-0.8125632746084135,-10.846414327513239,-0.8604110866485712,-16.939693188980357,-0.01912858174625246,0.16636954836401874,-0.001441,0.190737411039762,0.0078843,0,1.0
1901,0.005791525399502562,0.0835537665397441,0.0015493,1.9316863821678012,3.010182037802922,80.3704516886137,1.01338506043586,9.084652536401432,0.32696719194081925,-18.20823606512172,-0.8125632746084135,4.908859128990703,-0.8604110866485712,-33.981193645787535,-0.01912858174625246,0.4282797719090655,-0.001441,0.6949895869069006,0.0078843,0,1.0
1902,0.002129043628688987,0.03345195002279092,0.0015493,1.9316863821678012,3.010182037802922,16.52261222199425,1.01338506043586,3.681591332996479,0.32696719194081925,-2.8614336668521494,-0.8125632746084135,-19.06994819059996,-0.8604110866485712,-5.135270158038281,-0.01912858174625246,-0.12018766146201197,-0.001441,0.12308575356500205,0.0078843,1,1.0
1903,0.006348177754303075,0.03975741727227528,0.0015493,1.9316863821678012,3.010182037802922,94.46298584358568,1.01338506043586,18.26946408787415,0.32696719194081925,-62.32341940309387,-0.8125632746084135,9.85189429944467,-0.8604110866485712,-20.001970875001472,-0.01912858174625246,0.4320137048105293,-0.001441,0.7876282786011577,0.0078843,0,1.0
1904,1.42763379403059,0.3409925278121519,0.0015493,1.9316863821678012,3.010182037802922,-80.01442581224146,1.01338506043586,4.897749633497972,0.32696719194081925,-35.94291858036475,-0.8125632746084135,-36.16492112902276,-0.8604110866485712,95.21404417282939,-0.01912858174625246,-0.06634233314741099,-0.001441,0.06704591823194737,0.0078843,1,1.0
1905,0.29968758075358565,0.043915803793612665,0.0015493,1.9316863821678012,3.010182037802922,2.9849642657020863,1.01338506043586,4.413995514375223,0.32696719194081925,-5.239927360176787,-0.8125632746084135,-32.07902778224859,-0.8604110866485712,11.214442558695216,-0.01912858174625246,-0.1339155193125001,-0.001441,0.13529013234978252,0.0078843,1,1.0
1906,0.1985762167180245,0.10826657898956601,0.0015493,1.9316863821678012,3.010182037802922,67.24606720550037,1.01338506043586,11.891824219023167,0.32696719194081925,-21.833838904105914,-0.8125632746084135,-10.290553577670632,-0.8604110866485712,-21.72078432713726,-0.01912858174625246,0.4805496777867386,-0.001441,0.5126021128014977,0.0078843,0,1.0
1907,0.018678256906536156,0.013711271706009963,0.0015493,1.9316863821678012,3.010182037802922,-12.05442442358697,1.01338506043586,2.1758169737411035,0.32696719194081925,-29.69297583615517,-0.8125632746084135,23.36230479633222,-0.8604110866485712,19.609229852290184,-0.01912858174625246,-0.04614215184889083,-0.001441,0.05796135415225758,0.0078843,1,1.0
1908,0.00400654137887313,0.06699072029126486,0.0015493,1.9316863821678012,3.010182037802922,52.508254401032644,1.01338506043586,11.12699765845805,0.32696719194081925,-48.62470015751247,-0.8125632746084135,41.87006491692303,-0.8604110866485712,-11.096431133079502,-0.01912858174625246,0.43207026008692984,-0.001441,0.6377014168278395,0.0078843,0,1.0
1909,0.08087392333394805,0.06459821209633879,0.0015493,1.9316863821678012,3.010182037802922,65.47265613182678,1.01338506043586,11.74088699154316,0.32696719194081925,-38.661032674378205,-0.8125632746084135,11.333264349827855,-0.8604110866485712,-15.598319815300192,-0.01912858174625246,0.4422012235051427,-0.001441,0.5653747635038275,0.0078843,0,1.0
1910,-6.996616475607453e-05,0.058182600110326645,0.0015493,1.9316863821678012,3.010182037802922,81.7768710075513,1.01338506043586,10.5960941106801,0.32696719194081925,-18.144903129482234,-0.8125632746084135,-5.122374554542876,-0.8604110866485712,-34.41255964632409,-0.01912858174625246,0.4374420720856415,-0.001441,0.58761809104408,0.0078843,0,1.0
1911,0.6145411685545843,0.16561918771036915,0.0015493,1.9316863821678012,3.010182037802922,83.51005327219882,1.01338506043586,27.98669070887292,0.32696719194081925,-99.83910493347518,-0.8125632746084135,-15.3274744288445,-0.8604110866485712,19.546110562267693,-0.01912858174625246,0.32795786559458967,-0.001441,1.0295615964759106,0.0078843,0,1.0
1912,0.002587131238036694,0.03885755797978423,0.0015493,1.9316863821678012,3.010182037802922,-36.28771863126411,1.01338506043586,-1.8096051015180887,0.32696719194081925,-43.770326494765,-0.8125632746084135,58.97538780063491,-0.8604110866485712,37.273934543199076,-0.01912858174625246,-0.08201961213946651,-0.001441,0.08148440907500312,0.0078843,1,1.0
1913,-0.00019817032779734234,0.03087646783265257,0.0015493,1.9316863821678012,3.010182037802922,57.18254699593296,1.01338506043586,13.983340973180518,0.32696719194081925,-67.5135428301001,-0.8125632746084135,39.3432889441511,-0.8604110866485712,-1.7429406052286116,-0.01912858174625246,0.4431269883462778,-0.001441,0.573958675279062,0.0078843,0,1.0
1914,-0.0004379882061158469,0.11423638089252203,0.0015493,1.9316863821678012,3.010182037802922,94.98246994309048,1.01338506043586,15.031704684739369,0.32696719194081925,-53.34655218091952,-0.8125632746084135,29.931605198405496,-0.8604110866485712,-27.890257517010564,-0.01912858174625246,0.6324290225070298,-0.001441,0.8563538391397006,0.0078843,0,1.0
1915,0.2946667485668212,0.20128141459822618,0.0015493,1.9316863821678012,3.010182037802922,32.78743392095149,1.01338506043586,10.93417331590939,0.32696719194081925,-32.26976991132866,-0.8125632746084135,-18.10888092382844,-0.8604110866485712,6.5912749388536565,-0.01912858174625246,0.08670911379389248,-0.001441,0.3947763051109501,0.0078843,0,1.0
1916,0.3221886120986506,0.023978738328780502,0.0015493,1.9316863821678012,3.010182037802922,-18.418379252546895,1.01338506043586,3.7298249279790117,0.32696719194081925,-24.45078729028328,-0.8125632746084135,-2.563096734845463,-0.8604110866485712,29.17526726230608,-0.01912858174625246,-0.08507077840375978,-0.001441,0.08628815082848236,0.0078843,1,1.0
1917,0.010608351650210124,0.2463746116452093,0.0015493,1.9316863821678012,3.010182037802922,82.49002944330955,1.01338506043586,14.093429734501788,0.32696719194081925,-34.02260002794248,-0.8125632746084135,39.4463181941615,-0.8604110866485712,-39.02831432723817,-0.01912858174625246,0.4665602146311578,-0.001441,1.092456452536697,0.0078843,0,1.0
1918,0.21598190604067335,0.07830663322969147,0.0015493,1.9316863821678012,3.010182037802922,87.40763270256406,1.01338506043586,19.052374592179653,0.32696719194081925,-48.92341649017496,-0.8125632746084135,-17.543890695848514,-0.8604110866485712,-17.150898072154103,-0.01912858174625246,0.3786877620116455,-0.001441,0.7316415439398825,0.0078843,0,1.0
1919,0.8664186261035514,0.14152156721669523,0.0015493,1.9316863821678012,3.010182037802922,-39.13587887205574,1.01338506043586,6.6932578428999365,0.32696719194081925,-24.38824317665656,-0.8125632746084135,-33.89071604833744,-0.8604110866485712,53.35938811156218,-0.01912858174625246,-0.13860374795096067,-0.001441,0.1384157619664347,0.0078843,1,1.0
1920,0.1852609287250374,0.12076709795071365,0.0015493,1.9316863821678012,3.010182037802922,15.221799739320689,1.01338506043586,7.655872767363369,0.32696719194081925,-19.266535710721424,-0.8125632746084135,-30.80122863746977,-0.8604110866485712,9.51933084346207,-0.01912858174625246,-0.24493706457060943,-0.001441,0.2452292219054089,0.0078843,1,1.0
1921,0.5993274544017986,0.12888394151594404,0.0015493,1.9316863821678012,3.010182037802922,-17.751800875181623,1.01338506043586,8.872019670445258,0.32696719194081925,-35.88688036864444,-0.8125632746084135,-27.678583442960086,-0.8604110866485712,42.842062363765834,-0.01912858174625246,-0.2206643261162015,-0.001441,0.22699248752632198,0.0078843,1,1.0
1922,0.0062490539088946445,0.0026817094025503255,0.0015493,1.9316863821678012,3.010182037802922,-5.46138692367287,1.01338506043586,1.4163397971212555,0.32696719194081925,-13.881845310649549,-0.8125632746084135,10.162931187921219,-0.8604110866485712,8.62550868874533,-0.01912858174625246,-0.03153000071361192,-0.001441,0.031286599861873765,0.0078843,1,1.0
1923,0.003620208757530996,0.27441063977766195,0.0015493,1.9316863821678012,3.010182037802922,-26.55443715407028,1.01338506043586,-4.708992425652081,0.32696719194081925,-16.69826091802389,-0.8125632746084135,60.7316180430042,-0.8604110866485712,15.59261468252628,-0.01912858174625246,-0.13468016249006676,-0.001441,0.4098722543880655,0.0078843,1,1.0
1924,0.011081060914509375,0.0044813777757305535,0.0015493,1.9316863821678012,3.010182037802922,-22.45440168300819,1.01338506043586,0.8262702431317869,0.32696719194081925,-34.03262619138815,-0.8125632746084135,37.172688081195176,-0.8604110866485712,25.64557427985848,-0.01912858174625246,-0.006932703851164507,-0.001441,0.007837690303135908,0.0078843,1,1.0
1925,0.8785381311969562,0.21111662530555061,0.0015493,1.9316863821678012,3.010182037802922,-33.58867939552708,1.01338506043586,11.232328830053758,0.32696719194081925,-43.37374698151596,-0.8125632746084135,-35.38675803314624,-0.8604110866485712,59.90681033426652,-0.01912858174625246,-0.24941852149197058,-0.001441,0.25837613248715624,0.0078843,1,1.0
1926,-0.000325588888885453,0.061289964255556995,0.0015493,1.9316863821678012,3.010182037802922,61.38254074467189,1.01338506043586,9.667699843330798,0.32696719194081925,-35.54732238141203,-0.8125632746084135,25.24278269481823,-0.8604110866485712,-18.6641779301025,-0.01912858174625246,0.4255945521295689,-0.001441,0.6045330996219492,0.0078843,0,1.0
1927,0.002931264937154343,0.07399821124988482,0.0015493,1.9316863821678012,3.010182037802922,97.91317276865101,1.01338506043586,10.67838626143945,0.32696719194081925,-8.850522276955463,-0.8125632746084135,-18.682715257310054,-0.8604110866485712,-45.00285065597446,-0.01912858174625246,0.4344452156730321,-0.001441,0.6893487009962906,0.0078843,0,1.0
1928,0.7332025135024792,0.0947196403827461,0.0015493,1.9316863821678012,3.010182037802922,-59.240020808387506,1.01338506043586,3.5103526594164087,0.32696719194081925,-40.44318608499578,-0.8125632746084135,10.039968525721282,-0.8604110866485712,64.88142955072237,-0.01912858174625246,-0.06664187415712806,-0.001441,0.07476003250279177,0.0078843,1,1.0
1929,0.3911298562027128,0.15601291660943908,0.0015493,1.9316863821678012,3.010182037802922,95.1274126032161,1.01338506043586,15.705491486420724,0.32696719194081925,-10.202562713910496,-0.8125632746084135,-59.18419799340996,-0.8604110866485712,-31.28314833653989,-0.01912858174625246,0.38661520250862846,-0.001441,0.6884201840432751,0.0078843,0,1.0
1930,0.004723692404864366,0.02991293585235639,0.0015493,1.9316863821678012,3.010182037802922,76.40456409012228,1.01338506043586,16.655099958630466,0.32696719194081925,-61.81713801472098,-0.8125632746084135,17.869476415314033,-0.8604110866485712,-12.589730253571721,-0.01912858174625246,0.4041078985253414,-0.001441,0.662402200017882,0.0078843,0,1.0
1931,0.0005667129624002953,0.02450165671104922,0.0015493,1.9316863821678012,3.010182037802922,65.78470864439075,1.01338506043586,16.68834657997717,0.32696719194081925,-78.39481648991624,-0.8125632746084135,37.31677013687186,-0.8604110866485712,-0.22334747338951433,-0.01912858174625246,0.40177858761163987,-0.001441,0.6710711677409765,0.0078843,0,1.0
1932,0.006904882429410453,0.023112092922464557,0.0015493,1.9316863821678012,3.010182037802922,99.43496705820426,1.01338506043586,24.850374817507706,0.32696719194081925,-93.56764015191227,-0.8125632746084135,17.17241679629628,-0.8604110866485712,-9.154387201674924,-0.01912858174625246,0.3430551891636009,-0.001441,0.928341873416189,0.0078843,0,1.0
1933,0.013521941866499465,0.07452796053148805,0.0015493,1.9316863821678012,3.010182037802922,66.75421594925851,1.01338506043586,10.846324795548707,0.32696719194081925,-41.21079905082716,-0.8125632746084135,28.37843609165484,-0.8604110866485712,-18.710686489105296,-0.01912858174625246,0.4728432912808455,-0.001441,0.664321783131449,0.0078843,0,1.0
1934,0.019473001252945377,0.026441851119583294,0.0015493,1.9316863821678012,3.010182037802922,-58.60447252878134,1.01338506043586,3.6959441158767223,0.32696719194081925,-94.6336476687276,-0.8125632746084135,99.42532639143167,-0.8604110866485712,68.35891024176874,-0.01912858174625246,-0.04436944583529875,-0.001441,0.04981512262927986,0.0078843,1,1.0
1935,0.6171557170461475,0.13258167552304068,0.0015493,1.9316863821678012,3.010182037802922,-31.008763497067225,1.01338506043586,9.147630329152918,0.32696719194081925,-56.08254435148242,-0.8125632746084135,-6.511974747431892,-0.8604110866485712,58.848117183938065,-0.01912858174625246,-0.22638505291433025,-0.001441,0.23356464389031967,0.0078843,1,1.0
1936,-0.0006591735114987174,0.4411353849776553,0.0015493,1.9316863821678012,3.010182037802922,72.90365702635914,1.01338506043586,3.4392039156344114,0.32696719194081925,-11.401742274780942,-0.8125632746084135,76.09593327733293,-0.8604110866485712,-46.686637867870935,-0.01912858174625246,0.29923609177058863,-0.001441,1.5966997291298446,0.0078843,0,1.0
1937,0.5540142698749275,0.23405778187670243,0.0015493,1.9316863821678012,3.010182037802922,91.92224567289566,1.01338506043586,16.61628690264238,0.32696719194081925,-1.0690434218248912,-0.8125632746084135,-78.37557761749827,-0.8604110866485712,-30.01371503678199,-0.01912858174625246,0.3835803697451301,-0.001441,0.6590345329022858,0.0078843,0,1.0
1938,0.3396082189504388,0.08652321414975657,0.0015493,1.9316863821678012,3.010182037802922,72.06089827410081,1.01338506043586,24.396304394857097,0.32696719194081925,-93.8657868847735,-0.8125632746084135,10.929704474516356,-0.8604110866485712,12.070012084425233,-0.01912858174625246,0.3598718366705552,-0.001441,0.85337153595022,0.0078843,0,1.0
1939,3.6480799949778486e-05,0.03294518402513952,0.0015493,1.9316863821678012,3.010182037802922,99.13121817423911,1.01338506043586,17.97360402576172,0.32696719194081925,-50.36527562449183,-0.8125632746084135,-6.117073923876768,-0.8604110866485712,-26.947647016291388,-0.01912858174625246,0.37050480480668857,-0.001441,0.7666739317982771,0.0078843,0,1.0
1940,1.0312545045423933,0.19600206022542935,0.0015493,1.9316863821678012,3.010182037802922,-43.8350804323748,1.01338506043586,2.7084760439235005,0.32696719194081925,-2.7263045489463824,-0.8125632746084135,-50.199971055044664,-0.8604110866485712,52.063390255974795,-0.01912858174625246,-0.03260859890161074,-0.001441,0.03689065985004083,0.0078843,1,1.0
1941,0.11047200228725196,0.051371226776412086,0.0015493,1.9316863821678012,3.010182037802922,52.95112568320284,1.01338506043586,14.171076411569446,0.32696719194081925,-63.540206718236895,-0.8125632746084135,30.931242478193244,-0.8604110866485712,1.195156840175818,-0.01912858174625246,0.45759888640843194,-0.001441,0.5513471463399047,0.0078843,0,1.0
1942,0.0016801070849278288,0.06575860452725524,0.0015493,1.9316863821678012,3.010182037802922,41.63798938705957,1.01338506043586,9.77938881488101,0.32696719194081925,-57.07114754691386,-0.8125632746084135,58.51358684335316,-0.8604110866485712,-2.217005469293962,-0.01912858174625246,0.400128989257046,-0.001441,0.6708729709438478,0.0078843,0,1.0
1943,-0.00593695549762896,0.09022382701468133,0.0015493,1.9316863821678012,3.010182037802922,71.19820319403551,1.01338506043586,16.573587205499468,0.32696719194081925,-84.57787060745598,-0.8125632746084135,62.12914336796156,-0.8604110866485712,-4.082872008425723,-0.01912858174625246,0.6517011033603238,-0.001441,0.7622675422769468,0.0078843,0,1.0
1944,0.01123224146269286,0.047355048891462366,0.0015493,1.9316863821678012,3.010182037802922,87.47571186148413,1.01338506043586,13.380065262739357,0.32696719194081925,-27.57034617718874,-0.8125632746084135,-9.44224752683206,-0.8604110866485712,-32.136825338763934,-0.01912858174625246,0.42518417192121544,-0.001441,0.6099427635311174,0.0078843,0,1.0
1945,-0.0003172779411636517,0.062285226875418896,0.0015493,1.9316863821678012,3.010182037802922,88.19161882456058,1.01338506043586,10.554144265313035,0.32696719194081925,-9.742372885582078,-0.8125632746084135,-15.54775266190724,-0.8604110866485712,-40.96987840668079,-0.01912858174625246,0.4373414081711086,-0.001441,0.5878619891443695,0.0078843,0,1.0
1946,0.0011012373909664586,0.1772376345246465,0.0015493,1.9316863821678012,3.010182037802922,66.30606623850313,1.01338506043586,5.654431000641891,0.32696719194081925,-14.9919594738953,-0.8125632746084135,38.60835281887572,-0.8604110866485712,-34.487775570053365,-0.01912858174625246,0.3406304628397981,-0.001441,0.9993822525435998,0.0078843,0,1.0
1947,0.7345212791637726,0.4439722215693614,0.0015493,1.9316863821678012,3.010182037802922,19.52832601511596,1.01338506043586,16.08179141983753,0.32696719194081925,-29.83765332310764,-0.8125632746084135,-79.74153136964209,-0.8604110866485712,28.18854511349526,-0.01912858174625246,-0.36467039594538997,-0.001441,0.47519068287043964,0.0078843,1,1.0
1948,0.0028353060221433246,0.05138123983357523,0.0015493,1.9316863821678012,3.010182037802922,80.37600830472289,1.01338506043586,23.60968916287091,0.32696719194081925,-99.72015101078713,-0.8125632746084135,45.64639761689124,-0.8604110866485712,-2.0685866625375278,-0.01912858174625246,0.49792690061830247,-0.001441,0.82924714365712,0.0078843,0,1.0
1949,0.7317465300228542,0.15278107072898983,0.0015493,1.9316863821678012,3.010182037802922,-33.386160595782556,1.01338506043586,9.669787432039927,0.32696719194081925,-51.60944428680043,-0.8125632746084135,-16.0683988287201,-0.8604110866485712,60.48971877351655,-0.01912858174625246,-0.21350023880997898,-0.001441,0.23364341296356622,0.0078843,1,1.0
1950,0.1512034472264629,0.08439468941942584,0.0015493,1.9316863821678012,3.010182037802922,-0.9204380804252811,1.01338506043586,5.937460842393394,0.32696719194081925,-34.82922235428925,-0.8125632746084135,-1.8009124881918954,-0.8604110866485712,22.8777395487819,-0.01912858174625246,-0.1946682088916413,-0.001441,0.20108944301187162,0.0078843,1,1.0
1951,0.7693914992257191,0.09801285832956969,0.0015493,1.9316863821678012,3.010182037802922,-61.909653386720365,1.01338506043586,6.904991823342551,0.32696719194081925,-65.89902687145538,-0.8125632746084135,17.195770730773916,-0.8604110866485712,80.01398951931932,-0.01912858174625246,-0.13104189332671695,-0.001441,0.12767413657418553,0.0078843,1,1.0
1952,0.12094507015695422,0.07845919352701906,0.0015493,1.9316863821678012,3.010182037802922,44.18465425914497,1.01338506043586,11.018989876726936,0.32696719194081925,-52.37237911478724,-0.8125632746084135,37.719883832947055,-0.8604110866485712,-0.8157771978325177,-0.01912858174625246,0.43853140011105407,-0.001441,0.582615004282292,0.0078843,0,1.0
1953,0.8794632754394971,0.13961338788256816,0.0015493,1.9316863821678012,3.010182037802922,-55.75213831024956,1.01338506043586,8.35605355234423,0.32696719194081925,-61.23622431138448,-0.8125632746084135,-2.4842153379854715,-0.8604110866485712,79.12213232358944,-0.01912858174625246,-0.17654220233875265,-0.001441,0.17640018990762765,0.0078843,1,1.0
1954,0.5179455127987744,0.14080936570377056,0.0015493,1.9316863821678012,3.010182037802922,82.6799965184586,1.01338506043586,24.56653420900378,0.32696719194081925,-84.71742338814222,-0.8125632746084135,-14.965321664053826,-0.8604110866485712,10.862207096257098,-0.01912858174625246,0.34610283117081253,-0.001441,0.9416082621591275,0.0078843,0,1.0
1955,0.48846435842525304,0.123548361051139,0.0015493,1.9316863821678012,3.010182037802922,38.32533135516196,1.01338506043586,19.106018236994643,0.32696719194081925,-90.98791528349608,-0.8125632746084135,24.862117343363224,-0.8604110866485712,31.485899041950116,-0.01912858174625246,0.39678120187041777,-0.001441,0.6801157510075699,0.0078843,0,1.0
1956,0.09420482523877222,0.017767387927601075,0.0015493,1.9316863821678012,3.010182037802922,-49.4304409252607,1.01338506043586,4.139291059910357,0.32696719194081925,-79.89703925071542,-0.8125632746084135,75.50028884533025,-0.8604110866485712,60.063130031738666,-0.01912858174625246,-0.06628621512817796,-0.001441,0.06662404460556844,0.0078843,1,1.0
1957,1.0196722382708128,0.4638857521975582,0.0015493,1.9316863821678012,3.010182037802922,-30.413677573421637,1.01338506043586,18.536019123128497,0.32696719194081925,-90.31671987887226,-0.8125632746084135,-19.03044163407317,-0.8604110866485712,83.62399371156965,-0.01912858174625246,-0.2592432945535708,-0.001441,0.4921379384087004,0.0078843,1,1.0
1958,0.0006441659934692812,0.07864254211590287,0.0015493,1.9316863821678012,3.010182037802922,26.95146916272153,1.01338506043586,8.88881956803846,0.32696719194081925,-76.12448347552012,-0.8125632746084135,89.08297457145915,-0.8604110866485712,12.356913574667056,-0.01912858174625246,0.3780910114605663,-0.001441,0.7656810318535769,0.0078843,0,1.0
1959,0.06916622200593037,0.015240037726715073,0.0015493,1.9316863821678012,3.010182037802922,-60.41094011534884,1.01338506043586,2.980082497786009,0.32696719194081925,-86.86045556681857,-0.8125632746084135,93.37839852585476,-0.8604110866485712,66.68391042254616,-0.01912858174625246,-0.044409271916995355,-0.001441,0.04435235010750983,0.0078843,1,1.0
1960,0.3011754219050009,0.12712038471285386,0.0015493,1.9316863821678012,3.010182037802922,83.09838526591035,1.01338506043586,14.456094486314717,0.32696719194081925,-16.652640101366714,-0.8125632746084135,-38.594837559256206,-0.8604110866485712,-26.639132025601715,-0.01912858174625246,0.41811953329420093,-0.001441,0.6033040002541294,0.0078843,0,1.0
1961,0.22872454025804045,0.14778808894398182,0.0015493,1.9316863821678012,3.010182037802922,68.88647565314147,1.01338506043586,10.276695052320997,0.32696719194081925,-10.241281718049999,-0.8125632746084135,-25.75428723599064,-0.8604110866485712,-24.414296122961147,-0.01912858174625246,0.38762745944765686,-0.001441,0.515292466106432,0.0078843,0,1.0
1962,0.05777329394325614,0.060979112558647214,0.0015493,1.9316863821678012,3.010182037802922,11.527417425642014,1.01338506043586,10.887746609248948,0.32696719194081925,-99.35392618322118,-0.8125632746084135,99.9991028782778,-0.8604110866485712,32.61183356007646,-0.01912858174625246,0.4109858269612732,-0.001441,0.6227539473453689,0.0078843,0,1.0
1963,0.14156625400192052,0.014459770955750776,0.0015493,1.9316863821678012,3.010182037802922,2.2307813746446548,1.01338506043586,1.8820172326383147,0.32696719194081925,-2.5233750904740737,-0.8125632746084135,-15.349397091227322,-0.8604110866485712,5.362036722540013,-0.01912858174625246,-0.06583925522536224,-0.001441,0.0722651977368988,0.0078843,1,1.0
1964,0.0006409888450193968,0.0461224093089858,0.0015493,1.9316863821678012,3.010182037802922,80.01864821200265,1.01338506043586,12.749199087631029,0.32696719194081925,-36.414626280319894,-0.8125632746084135,5.395593183214565,-0.8604110866485712,-25.16332437834393,-0.01912858174625246,0.43790943170969565,-0.001441,0.6165614681847833,0.0078843,0,1.0
1965,0.6533716891426703,0.10020509924067676,0.0015493,1.9316863821678012,3.010182037802922,-57.552011998885156,1.01338506043586,-0.03093209976030399,0.32696719194081925,-24.253126108752824,-0.8125632746084135,10.826229105961112,-0.8604110866485712,54.73831540215974,-0.01912858174625246,-0.08531777459003868,-0.001441,0.08653615947285946,0.0078843,1,1.0
1966,0.26696202674498604,0.013143808691055728,0.0015493,1.9316863821678012,3.010182037802922,-39.163467683608175,1.01338506043586,0.8938838653713272,0.32696719194081925,-36.46462042833576,-0.8125632746084135,32.027481879172804,-0.8604110866485712,41.37865245609221,-0.01912858174625246,-0.019885990143147063,-0.001441,0.020821195303920258,0.0078843,1,1.0
1967,0.337925979457374,0.14725919192696366,0.0015493,1.9316863821678012,3.010182037802922,71.79660085576943,1.01338506043586,13.153162892802365,0.32696719194081925,-20.587621973359642,-0.8125632746084135,-30.464434202238518,-0.8604110866485712,-18.144551517243787,-0.01912858174625246,0.405564012899841,-0.001441,0.5756856063252498,0.0078843,0,1.0
1968,0.22108599696753173,0.15286778517741229,0.0015493,1.9316863821678012,3.010182037802922,30.55216775717115,1.01338506043586,11.831778631789113,0.32696719194081925,-50.59316975994571,-0.8125632746084135,24.154902276845025,-0.8604110866485712,7.952628646158205,-0.01912858174625246,0.34487050765044297,-0.001441,0.46107329994377627,0.0078843,0,1.0
1969,-0.00037209337466082015,0.13370149695246664,0.0015493,1.9316863821678012,3.010182037802922,77.3261061495924,1.01338506043586,9.422141538667725,0.32696719194081925,-28.486744679487206,-0.8125632746084135,29.9672793235062,-0.8604110866485712,-31.810351757149633,-0.01912858174625246,0.46746738318184566,-0.001441,0.8704597660277067,0.0078843,0,1.0
1970,0.0018359574977126203,0.06104722836044973,0.0015493,1.9316863821678012,3.010182037802922,-52.979840328309606,1.01338506043586,0.40040204574360594,0.32696719194081925,-58.02704183680467,-0.8125632746084135,83.05203582539284,-0.8604110866485712,45.77331610139642,-0.01912858174625246,-0.14200819869633388,-0.001441,0.16823629152753014,0.0078843,1,1.0
1971,0.5903279800253995,0.05522914924851686,0.0015493,1.9316863821678012,3.010182037802922,-64.66161161625683,1.01338506043586,2.047085188457917,0.32696719194081925,-54.31272261573737,-0.8125632746084135,35.78777857186999,-0.8604110866485712,70.53073499853971,-0.01912858174625246,-0.016712830877654412,-0.001441,0.01656668990978053,0.0078843,1,1.0
1972,0.768030730283427,0.27776431782982425,0.0015493,1.9316863821678012,3.010182037802922,61.92004000277125,1.01338506043586,17.189774265466617,0.32696719194081925,-38.5309201187884,-0.8125632746084135,-46.43480327296239,-0.8604110866485712,7.726631372188506,-0.01912858174625246,0.3817499947958275,-0.001441,0.7102015530506717,0.0078843,0,1.0
1973,0.0013726834983041059,0.033754645202139624,0.0015493,1.9316863821678012,3.010182037802922,96.83068684911703,1.01338506043586,17.649670145333296,0.32696719194081925,-48.28309058724346,-0.8125632746084135,-6.107694178279386,-0.8604110866485712,-27.133633495835706,-0.01912858174625246,0.37785546680970905,-0.001441,0.7391329211939829,0.0078843,0,1.0
1974,0.0022650441756590922,0.05560197741763028,0.0015493,1.9316863821678012,3.010182037802922,62.277944406484,1.01338506043586,10.553666224109616,0.32696719194081925,-37.66805470249834,-0.8125632746084135,23.501443972228504,-0.8604110866485712,-18.187593339555995,-0.01912858174625246,0.44710444422369144,-0.001441,0.5733988850148511,0.0078843,0,1.0
1975,0.5503193479434194,0.05471841123937357,0.0015493,1.9316863821678012,3.010182037802922,-72.69372901474348,1.01338506043586,1.774083579219841,0.32696719194081925,-63.687300034232344,-0.8125632746084135,52.66545857085787,-0.8604110866485712,76.42813891009396,-0.01912858174625246,-0.04369121693374247,-0.001441,0.04778087863928642,0.0078843,1,1.0
1976,0.0008324449489329755,0.08289345478045429,0.0015493,1.9316863821678012,3.010182037802922,38.69836337086051,1.01338506043586,9.815933122327095,0.32696719194081925,-62.11784928135841,-0.8125632746084135,70.43405339257485,-0.8604110866485712,-0.20252146232020932,-0.01912858174625246,0.39090727020233107,-0.001441,0.762712529288009,0.0078843,0,1.0
1977,0.4982984520414897,0.11793007115768878,0.0015493,1.9316863821678012,3.010182037802922,-36.583890183945826,1.01338506043586,10.274433158129492,0.32696719194081925,-66.87684309439908,-0.8125632746084135,14.47373848767092,-0.8604110866485712,59.88174524564414,-0.01912858174625246,-0.2198200922617049,-0.001441,0.23108114815228603,0.0078843,1,1.0
1978,0.0011501534727327845,0.08792022662229035,0.0015493,1.9316863821678012,3.010182037802922,0.4456165387906793,1.01338506043586,7.065024465372624,0.32696719194081925,-43.318192849914716,-0.8125632746084135,13.731679243234359,-0.8604110866485712,19.95449741518328,-0.01912858174625246,-0.18717462011420144,-0.001441,0.19689109136833932,0.0078843,1,1.0
1979,0.7170138267674697,0.2240631722818166,0.0015493,1.9316863821678012,3.010182037802922,95.42292296227095,1.01338506043586,29.21294912320128,0.32696719194081925,-81.37350352896652,-0.8125632746084135,-44.91893668002817,-0.8604110866485712,8.029932772868953,-0.01912858174625246,0.33064654146267997,-0.001441,1.0486725953661955,0.0078843,0,1.0
1980,1.2621910321183247,0.26518332881353845,0.0015493,1.9316863821678012,3.010182037802922,-64.27822565968677,1.01338506043586,7.897385095458631,0.32696719194081925,-43.00925040006057,-0.8125632746084135,-36.801354974789696,-0.8604110866485712,86.26162305394166,-0.01912858174625246,-0.15639846206829744,-0.001441,0.1558430499620509,0.0078843,1,1.0
1981,0.13769072495294,0.04624556621239455,0.0015493,1.9316863821678012,3.010182037802922,92.28536267023941,1.01338506043586,22.402095243136216,0.32696719194081925,-77.89203963515192,-0.8125632746084135,3.0076935914479295,-0.8604110866485712,-8.331020306100257,-0.01912858174625246,0.35142594904719343,-0.001441,0.8621865408802574,0.0078843,0,1.0
1982,0.002581498725452047,0.10585211881675226,0.0015493,1.9316863821678012,3.010182037802922,20.40794965895868,1.01338506043586,5.977650129155729,0.32696719194081925,-20.682453633155,-0.8125632746084135,-9.72196503239469,-0.8604110866485712,1.498629440329027,-0.01912858174625246,-0.12576514380604153,-0.001441,0.22143475293209613,0.0078843,1,1.0
1983,0.031887096760469635,0.028813801684086395,0.0015493,1.9316863821678012,3.010182037802922,99.86372301295025,1.01338506043586,22.785089493823044,0.32696719194081925,-81.24162731959925,-0.8125632746084135,9.020376087880729,-0.8604110866485712,-13.295069642287663,-0.01912858174625246,0.3570737440073348,-0.001441,0.8939904480102772,0.0078843,0,1.0
1984,0.5222010541543176,0.14050042221883668,0.0015493,1.9316863821678012,3.010182037802922,66.99088593335763,1.01338506043586,22.9203961356536,0.32696719194081925,-81.69383936529842,-0.8125632746084135,-7.2076600169897,-0.8604110866485712,15.522165276162985,-0.01912858174625246,0.35748667504372833,-0.001441,0.8260486101671457,0.0078843,0,1.0
1985,0.21921482658398797,0.009471969378283752,0.0015493,1.9316863821678012,3.010182037802922,-47.631560652947186,1.01338506043586,2.8681950401802148,0.32696719194081925,-60.656381886630655,-0.8125632746084135,54.55973717184472,-0.8604110866485712,54.175069501321495,-0.01912858174625246,-0.03962500793809791,-0.001441,0.04113123401894879,0.0078843,1,1.0
1986,0.471835415939178,0.09543732247454546,0.0015493,1.9316863821678012,3.010182037802922,-48.88549645419325,1.01338506043586,9.282221668461155,0.32696719194081925,-86.34924140963733,-0.8125632746084135,38.68467253725145,-0.8604110866485712,75.09615805629709,-0.01912858174625246,-0.2074489546137261,-0.001441,0.2090725432513904,0.0078843,1,1.0
1987,0.16187611454656547,0.04822520404706906,0.0015493,1.9316863821678012,3.010182037802922,42.69264009834489,1.01338506043586,16.813587551570667,0.32696719194081925,-87.39816800363863,-0.8125632746084135,46.935113573174945,-0.8604110866485712,17.33645712567731,-0.01912858174625246,0.4304408029627232,-0.001441,0.5978337417771633,0.0078843,0,1.0
1988,0.028598145932735797,0.03041517560064202,0.0015493,1.9316863821678012,3.010182037802922,26.318781328227384,1.01338506043586,14.444905168465331,0.32696719194081925,-99.94435063730975,-0.8125632746084135,83.03708886366726,-0.8604110866485712,25.322860405181242,-0.01912858174625246,0.4857447256575177,-0.001441,0.530033020892731,0.0078843,0,1.0
1989,0.24446968937162905,0.0474261527200268,0.0015493,1.9316863821678012,3.010182037802922,-62.77349357975602,1.01338506043586,-0.6390970411212967,0.32696719194081925,-51.54348282910447,-0.8125632746084135,66.8063927396498,-0.8604110866485712,55.874335889384675,-0.01912858174625246,-0.13135576026274448,-0.001441,0.1316983787676937,0.0078843,1,1.0
1990,0.6962180423687065,0.14053975272006614,0.0015493,1.9316863821678012,3.010182037802922,-92.98605553738015,1.01338506043586,-0.35808700508726843,0.32696719194081925,-60.83713966667205,-0.8125632746084135,60.54813413122225,-0.8604110866485712,86.94970360355526,-0.01912858174625246,-0.15200668713480686,-0.001441,0.15171995591203546,0.0078843,1,1.0
1991,0.05728242661891993,0.0012569332589863111,0.0015493,1.9316863821678012,3.010182037802922,-14.279448519097677,1.01338506043586,1.2905561313831135,0.32696719194081925,-20.681621405320506,-0.8125632746084135,17.863868387762164,-0.8604110866485712,16.98981966632347,-0.01912858174625246,-0.022621750158476124,-0.001441,0.022708044559375522,0.0078843,1,1.0
1992,0.7794243076629559,0.2861237753099752,0.0015493,1.9316863821678012,3.010182037802922,0.5775903840860556,1.01338506043586,11.888186992992269,0.32696719194081925,-23.982918067214648,-0.8125632746084135,-71.03377009736364,-0.8604110866485712,36.51045230657725,-0.01912858174625246,-0.3380550728217053,-0.001441,0.34884094991908166,0.0078843,1,1.0
1993,0.21566278248563753,0.04169928815789946,0.0015493,1.9316863821678012,3.010182037802922,-36.52471566608626,1.01338506043586,6.578268331507145,0.32696719194081925,-69.82169050857094,-0.8125632746084135,44.14554481767709,-0.8604110866485712,53.8639031956202,-0.01912858174625246,-0.14134804357890202,-0.001441,0.14139895001514008,0.0078843,1,1.0
1994,0.03637590969558191,0.086083416735025,0.0015493,1.9316863821678012,3.010182037802922,-29.131484757161886,1.01338506043586,8.173865217132855,0.32696719194081925,-81.85449554941806,-0.8125632746084135,57.211792554238464,-0.8604110866485712,50.57340227905723,-0.01912858174625246,-0.18770914866628352,-0.001441,0.18978330744992977,0.0078843,1,1.0
1995,0.006006085879050271,0.04538710624916343,0.0015493,1.9316863821678012,3.010182037802922,99.42064606454709,1.01338506043586,15.89355818307737,0.32696719194081925,-41.25623371380775,-0.8125632746084135,-7.118713694826631,-0.8604110866485712,-30.74897791056335,-0.01912858174625246,0.41052354601149893,-0.001441,0.7541660821206349,0.0078843,0,1.0
1996,0.10742074000787924,0.00556280439103914,0.0015493,1.9316863821678012,3.010182037802922,-27.033468543618444,1.01338506043586,0.3096232261324961,0.32696719194081925,-26.206539551954915,-0.8125632746084135,29.84575753727537,-0.8604110866485712,26.12959131930459,-0.01912858174625246,-0.039510224550806855,-0.001441,0.03913852800324567,0.0078843,1,1.0
1997,0.006782407773851085,0.04902164201679223,0.0015493,1.9316863821678012,3.010182037802922,88.58064375692734,1.01338506043586,12.791858301153836,0.32696719194081925,-24.363484808846437,-0.8125632746084135,-10.807569811067859,-0.8604110866485712,-33.98765472962094,-0.01912858174625246,0.4244399978750496,-0.001441,0.6147089104367033,0.0078843,0,1.0
1998,0.3577771035756149,0.021372089234236825,0.0015493,1.9316863821678012,3.010182037802922,-72.27238314806104,1.01338506043586,3.5201151139538154,0.32696719194081925,-84.17424558959213,-0.8125632746084135,77.47713352416923,-0.8604110866485712,79.1531485300758,-0.01912858174625246,-0.05777412784817038,-0.001441,0.0582986261283805,0.0078843,1,1.0
1999,0.07475142870605866,0.03713644224200766,0.0015493,1.9316863821678012,3.010182037802922,99.90101134797779,1.01338506043586,23.881708719690543,0.32696719194081925,-81.2211054044268,-0.8125632746084135,3.6566100665117647,-0.8604110866485712,-12.659910716877908,-0.01912858174625246,0.34548572937356686,-0.001441,0.900463662474178,0.0078843,0,1.0
2000,0.060885797318783644,0.0063078622327254604,0.0015493,1.6678666942165532,5.531167055040017,-37.55890422550236,1.01338506043586,15.420499898846904,0.32696719194081925,-73.38463655287218,-0.8125632746084135,-47.60720660907565,-0.8604110866485712,48.92417600637412,-0.01912858174625246,-0.05008499510361519,-0.001441,0.051009648220067844,0.0078843,1,1.0
2001,0.010271507406806914,0.002951125833517381,0.0015493,1.6678666942165532,5.531167055040017,1.5368999539900092,1.01338506043586,1.6866532461714385,0.32696719194081925,-2.827281350199933,-0.8125632746084135,-33.93085813811207,-0.8604110866485712,3.824838261107873,-0.01912858174625246,-0.009974164168164249,-0.001441,0.015163628806010925,0.0078843,1,1.0
2002,0.19159648414073238,0.002009435940123941,0.0015493,1.6678666942165532,5.531167055040017,-71.10931533071097,1.01338506043586,10.123389415594415,0.32696719194081925,-57.691162427559746,-0.8125632746084135,-56.39110218801068,-0.8604110866485712,69.22209798830283,-0.01912858174625246,-0.023884619329172956,-0.001441,0.023847377975703882,0.0078843,1,1.0
2003,0.043577559409305064,0.0014342461311013398,0.0015493,1.6678666942165532,5.531167055040017,-56.76315982569699,1.01338506043586,9.73421633511226,0.32696719194081925,-96.29214550354031,-0.8125632746084135,97.59607296030006,-0.8604110866485712,57.01006691612834,-0.01912858174625246,-0.02479554212319723,-0.001441,0.02479381744822189,0.0078843,1,1.0
2004,0.04325299371187565,0.001593250993222386,0.0015493,1.6678666942165532,5.531167055040017,-23.09742068490724,1.01338506043586,7.4302781284470525,0.32696719194081925,-38.1254807621546,-0.8125632746084135,-32.849602694377836,-0.8604110866485712,29.015560162338712,-0.01912858174625246,-0.026650578114900573,-0.001441,0.026616805677653673,0.0078843,1,1.0
2005,0.044416386679367675,0.00014527915493648498,0.0015493,1.6678666942165532,5.531167055040017,-24.299863841113044,1.01338506043586,1.9773511254062635,0.32696719194081925,-24.78787462709529,-0.8125632746084135,22.778113124723678,-0.8604110866485712,21.667055723625882,-0.01912858174625246,-0.002920055751704823,-0.001441,0.002900116944159586,0.0078843,1,1.0
2006,0.018319317861318334,3.754259767639368e-05,0.0015493,1.6678666942165532,5.531167055040017,-6.127693765577541,1.01338506043586,0.3057951928108049,0.32696719194081925,-2.4989191038572516,-0.8125632746084135,-0.28401416517727884,-0.8604110866485712,4.840108127442519,-0.01912858174625246,-0.00184857915294227,-0.001441,0.0018551840553801837,0.0078843,1,1.0
2007,0.26162162504734865,0.0034641585239212963,0.0015493,1.6678666942165532,5.531167055040017,-99.43845731677763,1.01338506043586,13.49505764455698,0.32696719194081925,-80.90750496153224,-0.8125632746084135,-57.48048802095429,-0.8604110866485712,94.82493598630695,-0.01912858174625246,-0.029324395636892684,-0.001441,0.029299799298676123,0.0078843,1,1.0
2008,0.11004622184780069,0.0012715929508746446,0.0015493,1.6678666942165532,5.531167055040017,-31.83747364878586,1.01338506043586,1.607534502471436,0.32696719194081925,-6.63256377035392,-0.8125632746084135,-22.527839446160876,-0.8604110866485712,25.114295861330728,-0.01912858174625246,-0.009752731277231174,-0.001441,0.009677631840605076,0.0078843,1,1.0
2009,0.16171360863647277,0.0024422996400473374,0.0015493,1.6678666942165532,5.531167055040017,-61.08867523581658,1.01338506043586,1.3713485809389423,0.32696719194081925,-33.070069891429505,-0.8125632746084135,7.3979535242272,-0.8604110866485712,51.30886341875753,-0.01912858174625246,-0.006746440984315972,-0.001441,0.006839869503726859,0.0078843,1,1.0
2010,0.14462537138245712,0.001591157630973324,0.0015493,1.6678666942165532,5.531167055040017,-67.85854883701415,1.01338506043586,3.8764961138773613,0.32696719194081925,-55.9194284893085,-0.8125632746084135,51.98832776681353,-0.8604110866485712,57.77580807189491,-0.01912858174625246,-0.008241927441888803,-0.001441,0.008215159670513509,0.0078843,1,1.0
2011,0.07483677664163668,0.000530367023197963,0.0015493,1.6678666942165532,5.531167055040017,-28.89524853684752,1.01338506043586,5.912968436019249,0.32696719194081925,-28.95640001175971,-0.8125632746084135,-29.915888950801104,-0.8604110866485712,29.922704487118818,-0.01912858174625246,-0.01577167861344088,-0.001441,0.015771463285860945,0.0078843,1,1.0
2012,0.0008600841446065599,0.03313442719237643,0.0015493,1.6678666942165532,5.531167055040017,27.466973178411955,1.01338506043586,21.764486137460096,0.32696719194081925,-29.02277450681868,-0.8125632746084135,-79.21503979159665,-0.8604110866485712,-5.095174563342898,-0.01912858174625246,-0.03818194812525262,-0.001441,0.07739908532081291,0.0078843,1,1.0
2013,0.20988275214161214,0.00330554777586586,0.0015493,1.6678666942165532,5.531167055040017,-87.52840324347905,1.01338506043586,12.985238113400811,0.32696719194081925,-84.39808601186606,-0.8125632746084135,-47.76139177675424,-0.8604110866485712,87.51476043775699,-0.01912858174625246,-0.03444426724626287,-0.001441,0.0343275989583699,0.0078843,1,1.0
2014,0.26672667898621016,0.005179314395346304,0.0015493,1.6678666942165532,5.531167055040017,-75.29736084881539,1.01338506043586,3.373864852906677,0.32696719194081925,-15.095314009168204,-0.8125632746084135,-86.79310144695701,-0.8604110866485712,63.391726411088364,-0.01912858174625246,-0.00940753738474549,-0.001441,0.00942568628842829,0.0078843,1,1.0
2015,0.19654305631457983,0.00203737054196851,0.0015493,1.6678666942165532,5.531167055040017,-81.65101980394428,1.01338506043586,9.35977657996709,0.32696719194081925,-70.99137681703391,-0.8125632746084135,-18.69869446199363,-0.8604110866485712,77.41330485718284,-0.01912858174625246,-0.020051839226358423,-0.001441,0.020033467150951414,0.0078843,1,1.0
2016,0.1593215829252509,0.0014922659842915654,0.0015493,1.6678666942165532,5.531167055040017,-67.27542846922788,1.01338506043586,9.14984020684424,0.32696719194081925,-63.13418840323354,-0.8125632746084135,-21.844304511606595,-0.8604110866485712,65.41155389969131,-0.01912858174625246,-0.02166775427055967,-0.001441,0.0216892272879047,0.0078843,1,1.0
2017,0.12005405248485347,0.0012503803678153955,0.0015493,1.6678666942165532,5.531167055040017,-68.60970820425577,1.01338506043586,3.559534305324644,0.32696719194081925,-67.81911370965679,-0.8125632746084135,81.8503857423169,-0.8604110866485712,59.59994538026054,-0.01912858174625246,-0.004014441385303608,-0.001441,0.003986438795655716,0.0078843,1,1.0
2018,0.09494917640438962,0.0006859347584069149,0.0015493,1.6678666942165532,5.531167055040017,-41.98274315363703,1.01338506043586,6.966275563985465,0.32696719194081925,-43.876395813846344,-0.8125632746084135,-11.504522374888005,-0.8604110866485712,41.50093346950768,-0.01912858174625246,-0.01683929778516972,-0.001441,0.016889959227147342,0.0078843,1,1.0
2019,0.042214931164465494,0.0013013691886989895,0.0015493,1.6678666942165532,5.531167055040017,-52.10436497006618,1.01338506043586,9.762993714842148,0.32696719194081925,-88.78947923708083,-0.8125632746084135,87.03351239517724,-0.8604110866485712,52.251959651465825,-0.01912858174625246,-0.02418175705408715,-0.001441,0.024196498120121875,0.0078843,1,1.0
2020,0.03046777047106139,0.0020927176824311238,0.0015493,1.6678666942165532,5.531167055040017,-20.70631066454663,1.01338506043586,-5.60832205173177,0.32696719194081925,-7.339654492270167,-0.8125632746084135,74.08945004909057,-0.8604110866485712,11.459866945383844,-0.01912858174625246,-0.02229866032136412,-0.001441,0.022350202493434168,0.0078843,1,1.0
2021,0.1538202418947442,0.0031133753380681107,0.0015493,1.6678666942165532,5.531167055040017,-46.89651410751071,1.01338506043586,0.3677622753044338,0.32696719194081925,-8.649533388876572,-0.8125632746084135,-9.012162887857652,-0.8604110866485712,35.04114677768221,-0.01912858174625246,-0.01826404617367784,-0.001441,0.018227206589035008,0.0078843,1,1.0
2022,0.0012529554224015305,0.06944643396745716,0.0015493,1.6678666942165532,5.531167055040017,60.68716149646556,1.01338506043586,22.125682442706875,0.32696719194081925,-57.879208539352206,-0.8125632746084135,-24.81709884412656,-0.8604110866485712,-5.8815713313419105,-0.01912858174625246,-0.00038192509578799383,-0.001441,0.13819279022205222,0.0078843,1,1.0
2023,0.05333032149423979,0.0019263622574326087,0.0015493,1.6678666942165532,5.531167055040017,-17.795295858135912,1.01338506043586,7.2114344709444,0.32696719194081925,-25.719977922802578,-0.8125632746084135,-73.32022909831052,-0.8604110866485712,25.612419058302986,-0.01912858174625246,-0.029518433472587015,-0.001441,0.02965386419752552,0.0078843,1,1.0
2024,0.09976759507641275,0.004609545898645132,0.0015493,1.6678666942165532,5.531167055040017,-54.50788295213279,1.01338506043586,14.64327882506856,0.32696719194081925,-81.9419207494674,-0.8125632746084135,-36.01179232330831,-0.8604110866485712,62.377131926769295,-0.01912858174625246,-0.04623109314180798,-0.001441,0.04612396042069451,0.0078843,1,1.0
2025,0.09687073724970412,0.0012509463308978245,0.0015493,1.6678666942165532,5.531167055040017,-50.694731409681616,1.01338506043586,1.5885163686177943,0.32696719194081925,-42.54471073748048,-0.8125632746084135,70.78645528588142,-0.8604110866485712,40.5721465978383,-0.01912858174625246,-0.012219283894789448,-0.001441,0.012187912031703208,0.0078843,1,1.0
2026,0.02370544310890772,6.159159688420798e-05,0.0015493,1.6678666942165532,5.531167055040017,-12.386480398917895,1.01338506043586,1.4180108085745666,0.32696719194081925,-13.109790530366551,-0.8125632746084135,8.603954202950234,-0.8604110866485712,11.32691729026291,-0.01912858174625246,-0.002599945499331911,-0.001441,0.0026640773945037777,0.0078843,1,1.0
2027,0.00904266285645312,0.0014660579604220325,0.0015493,1.6678666942165532,5.531167055040017,-6.881674125655856,1.01338506043586,0.960487324803917,0.32696719194081925,-5.113042130147811,-0.8125632746084135,49.582898739271876,-0.8604110866485712,0.11148981630684257,-0.01912858174625246,-0.02033442022522688,-0.001441,0.02039926908366115,0.0078843,1,1.0
2028,0.024096754016555758,0.0001807780284348129,0.0015493,1.6678666942165532,5.531167055040017,-25.02970903817708,1.01338506043586,0.8115782910356958,0.32696719194081925,-32.28150148363828,-0.8125632746084135,57.89851056110605,-0.8604110866485712,21.715131487002964,-0.01912858174625246,-0.0007864672640843699,-0.001441,0.0008335616712330316,0.0078843,1,1.0
2029,0.15810973295630248,0.0014844484624465695,0.0015493,1.6678666942165532,5.531167055040017,-61.171169353927205,1.01338506043586,4.66674569017303,0.32696719194081925,-41.62412730992488,-0.8125632746084135,-0.6621155773386387,-0.8604110866485712,53.48043778022635,-0.01912858174625246,-0.007468398452158786,-0.001441,0.00750447556067282,0.0078843,1,1.0
2030,0.26292170754621225,0.0036605882517061145,0.0015493,1.6678666942165532,5.531167055040017,-82.21340875851374,1.01338506043586,8.26455035636158,0.32696719194081925,-39.34614595946659,-0.8125632746084135,-84.04037042618174,-0.8604110866485712,73.87944215519391,-0.01912858174625246,-0.01428130403468713,-0.001441,0.014398123581797158,0.0078843,1,1.0
2031,0.02069790281178642,0.003060462291995926,0.0015493,1.6678666942165532,5.531167055040017,-0.9135645952390485,1.01338506043586,8.684006991876254,0.32696719194081925,-15.07115036772931,-0.8125632746084135,-95.36267260068901,-0.8604110866485712,12.014107166755599,-0.01912858174625246,-0.0341949755896689,-0.001441,0.03446789743735186,0.0078843,1,1.0
2032,0.007303942393860577,0.0164357450495094,0.0015493,1.6678666942165532,5.531167055040017,-24.157460500404152,1.01338506043586,12.38136058159961,0.32696719194081925,-85.9352839447178,-0.8125632746084135,39.732712064103225,-0.8604110866485712,40.53728598290219,-0.01912858174625246,-0.033169754632817655,-0.001441,0.05687088583842165,0.0078843,1,1.0
2033,0.09078509228286015,0.00046275883656390665,0.0015493,1.6678666942165532,5.531167055040017,-36.919264292751784,1.01338506043586,3.2506947641265027,0.32696719194081925,-29.210845198974805,-0.8125632746084135,-7.001833221053927,-0.8604110866485712,34.34962791991612,-0.01912858174625246,-0.006306786692404842,-0.001441,0.006307017703714451,0.0078843,1,1.0
2034,0.014770566817111957,7.564419636980153e-05,0.0015493,1.6678666942165532,5.531167055040017,-12.965337116762294,1.01338506043586,1.7875533353500823,0.32696719194081925,-19.278779971329495,-0.8125632746084135,15.102567934111347,-0.8604110866485712,13.091173835880467,-0.01912858174625246,-0.00519869671696777,-0.001441,0.005201221089616552,0.0078843,1,1.0
2035,0.02123924289043937,0.0002271001544856044,0.0015493,1.6678666942165532,5.531167055040017,-9.110660965030377,1.01338506043586,3.322454384559436,0.32696719194081925,-13.579026281285286,-0.8125632746084135,-15.580027234883826,-0.8604110866485712,10.933623092676763,-0.01912858174625246,-0.009984877636475995,-0.001441,0.009978535962412811,0.0078843,1,1.0
2036,0.07798333649855496,0.0009597490590649161,0.0015493,1.6678666942165532,5.531167055040017,-26.786845082805968,1.01338506043586,6.761550967857879,0.32696719194081925,-26.906277662561386,-0.8125632746084135,-54.74956579341367,-0.8604110866485712,30.083408527025824,-0.01912858174625246,-0.020977260653643713,-0.001441,0.020926788278757068,0.0078843,1,1.0
2037,0.21179691742064485,0.002200182033188231,0.0015493,1.6678666942165532,5.531167055040017,-77.71867822780943,1.01338506043586,8.207559025657087,0.32696719194081925,-54.909869705367996,-0.8125632746084135,-42.39216811920536,-0.8604110866485712,72.11281403153582,-0.01912858174625246,-0.015491801247538043,-0.001441,0.015534817119259086,0.0078843,1,1.0
2038,0.059026353179738394,0.0009003575543298548,0.0015493,1.6678666942165532,5.531167055040017,-26.841591762149402,1.01338506043586,7.491771069770989,0.32696719194081925,-35.651960454631016,-0.8125632746084135,-21.91640964354379,-0.8604110866485712,29.213965740683527,-0.01912858174625246,-0.020497347340563875,-0.001441,0.02051590760321436,0.0078843,1,1.0
2039,0.08580731045202773,0.0004909204484444376,0.0015493,1.6678666942165532,5.531167055040017,-39.16753482167323,1.01338506043586,3.676866961475303,0.32696719194081925,-35.84983277926184,-0.8125632746084135,8.55857888734386,-0.8604110866485712,36.33780535141802,-0.01912858174625246,-0.0067384030160142884,-0.001441,0.006901849741266551,0.0078843,1,1.0
2040,0.2061408827884359,0.002059400614103855,0.0015493,1.6678666942165532,5.531167055040017,-70.18498861635955,1.01338506043586,7.869296343210497,0.32696719194081925,-43.74865049569885,-0.8125632746084135,-56.472671258982096,-0.8604110866485712,64.68563368298693,-0.01912858174625246,-0.014731846422776898,-0.001441,0.014755072517247858,0.0078843,1,1.0
2041,0.08250193595247177,0.0023848637635776123,0.0015493,1.6678666942165532,5.531167055040017,-52.411342571727864,1.01338506043586,11.611989783792467,0.32696719194081925,-77.97315318883388,-0.8125632746084135,8.389645713066919,-0.8604110866485712,56.271294312492614,-0.01912858174625246,-0.03345341857378166,-0.001441,0.03358393542635045,0.0078843,1,1.0
2042,0.015107539279382295,3.3049175975415875e-05,0.0015493,1.6678666942165532,5.531167055040017,-2.7739162198530947,1.01338506043586,0.947300322599592,0.32696719194081925,-0.5518175410634304,-0.8125632746084135,-18.366900309325995,-0.8604110866485712,3.5759701919344296,-0.01912858174625246,-0.003447040127131668,-0.001441,0.003462664209407086,0.0078843,1,1.0
2043,0.2430185582683907,0.0047594902881788305,0.0015493,1.6678666942165532,5.531167055040017,-99.99800953816064,1.01338506043586,6.222284524887803,0.32696719194081925,-71.30908153348359,-0.8125632746084135,38.83436322652308,-0.8604110866485712,85.10867562222376,-0.01912858174625246,-0.013308714300494344,-0.001441,0.014386450418816255,0.0078843,1,1.0
2044,0.15067507566102717,0.0011893688038997897,0.0015493,1.6678666942165532,5.531167055040017,-55.28151868207497,1.01338506043586,7.906671164609066,0.32696719194081925,-43.89735804471181,-0.8125632746084135,-42.93073274741518,-0.8604110866485712,53.32779648947381,-0.01912858174625246,-0.017861997160100437,-0.001441,0.017907953091284373,0.0078843,1,1.0
2045,0.02471190588327901,0.007002448950014997,0.0015493,1.6678666942165532,5.531167055040017,-18.441639642766145,1.01338506043586,14.651622978533654,0.32696719194081925,-55.85085703859914,-0.8125632746084135,-72.85315411864167,-0.8604110866485712,32.85096217002289,-0.01912858174625246,-0.05231345177975484,-0.001441,0.05243481900307312,0.0078843,1,1.0
2046,0.011992640573458432,0.002341744339053463,0.0015493,1.6678666942165532,5.531167055040017,-10.004392209984328,1.01338506043586,9.302412182689297,0.32696719194081925,-31.672691565388803,-0.8125632746084135,-24.079959618613984,-0.8604110866485712,15.671361439376973,-0.01912858174625246,-0.02718783369218362,-0.001441,0.027233372580885724,0.0078843,1,1.0
2047,0.15822450905793264,0.0024505805649037886,0.0015493,1.6678666942165532,5.531167055040017,-67.08560172361409,1.01338506043586,1.98336679409205,0.32696719194081925,-44.596493279902894,-0.8125632746084135,40.535550248270255,-0.8604110866485712,55.438147614832666,-0.01912858174625246,-0.010429730801629981,-0.001441,0.010396228446362154,0.0078843,1,1.0
2048,0.049095622183186735,0.0015772814806486457,0.0015493,1.6678666942165532,5.531167055040017,-17.879899741245534,1.01338506043586,-2.609588720160866,0.32696719194081925,-0.008357333012778044,-0.8125632746084135,33.44966348876368,-0.8604110866485712,9.522659235269753,-0.01912858174625246,-0.017993629819902244,-0.001441,0.017791795871212632,0.0078843,1,1.0
2049,0.02245517614877876,0.004927772588948486,0.0015493,1.6678666942165532,5.531167055040017,-38.21924083985238,1.01338506043586,14.047567081502674,0.32696719194081925,-85.95873318359207,-0.8125632746084135,34.37625833165578,-0.8604110866485712,45.59349492938564,-0.01912858174625246,-0.040472502625278704,-0.001441,0.0416892173845655,0.0078843,1,1.0
2050,0.3182021184783003,0.008081820623216818,0.0015493,1.6678666942165532,5.531167055040017,-99.88322407757475,1.01338506043586,14.23308888333808,0.32696719194081925,-53.184658900400706,-0.8125632746084135,-80.28382827516162,-0.8604110866485712,86.59358966760178,-0.01912858174625246,-0.034498549398897425,-0.001441,0.03469046175516267,0.0078843,1,1.0
2051,0.0693285621120717,0.00027957433199769647,0.0015493,1.6678666942165532,5.531167055040017,-38.66246673285794,1.01338506043586,3.4274650923712606,0.32696719194081925,-40.2122618008936,-0.8125632746084135,40.875785584372956,-0.8604110866485712,34.05580307803733,-0.01912858174625246,-0.0058810494451397455,-0.001441,0.005883883020784552,0.0078843,1,1.0
2052,0.003391299053893914,0.00032170228635153834,0.0015493,1.6678666942165532,5.531167055040017,-15.882751422797222,1.01338506043586,-1.6493999123909076,0.32696719194081925,-20.49638029161241,-0.8125632746084135,66.23041174126297,-0.8604110866485712,11.734823562345369,-0.01912858174625246,-0.0076086562299057005,-0.001441,0.007615131027529226,0.0078843,1,1.0
2053,0.13500251319917364,0.001068040516953473,0.0015493,1.6678666942165532,5.531167055040017,-65.61061899224033,1.01338506043586,8.590120525615102,0.32696719194081925,-68.46326531338265,-0.8125632746084135,17.647632351443526,-0.8604110866485712,62.12190018728839,-0.01912858174625246,-0.018167793557546143,-0.001441,0.018140463110008415,0.0078843,1,1.0
2054,0.08808168019369915,0.0009273943316698442,0.0015493,1.6678666942165532,5.531167055040017,-57.50371869628392,1.01338506043586,8.639448300192049,0.32696719194081925,-75.35581597395209,-0.8125632746084135,50.92987233030503,-0.8604110866485712,55.528266302254046,-0.01912858174625246,-0.01962066136031328,-0.001441,0.019545782615645196,0.0078843,1,1.0
2055,0.0028105080894036683,0.02198981054104687,0.0015493,1.6678666942165532,5.531167055040017,-5.819592793594281,1.01338506043586,18.084421181052836,0.32696719194081925,-55.416354440308865,-0.8125632746084135,54.292481167750125,-0.8604110866485712,10.654725777579545,-0.01912858174625246,-0.03940836851865144,-0.001441,0.059587591433231904,0.0078843,1,1.0
2056,0.04304660969691439,0.0004635865524656869,0.0015493,1.6678666942165532,5.531167055040017,-45.15011455855854,1.01338506043586,6.681619757519227,0.32696719194081925,-69.45636727257109,-0.8125632746084135,82.3416606033733,-0.8604110866485712,42.71124865782612,-0.01912858174625246,-0.014302708776962728,-0.001441,0.014273182965671233,0.0078843,1,1.0
2057,0.11140288405435768,0.0010128950261112867,0.0015493,1.6678666942165532,5.531167055040017,-46.85512770190538,1.01338506043586,7.331052902145151,0.32696719194081925,-46.70896953629276,-0.8125632746084135,-27.896328456411183,-0.8604110866485712,47.4827444162225,-0.01912858174625246,-0.020143971761153137,-0.001441,0.020174499831743957,0.0078843,1,1.0
2058,0.1203851847357052,0.0010199735503265642,0.0015493,1.6678666942165532,5.531167055040017,-75.78346401731255,1.01338506043586,8.175382108278546,0.32696719194081925,-90.46277481344997,-0.8125632746084135,78.40548896068667,-0.8604110866485712,70.54131441045122,-0.01912858174625246,-0.015681989986169736,-0.001441,0.015784668070432217,0.0078843,1,1.0
2059,0.1671299287898278,0.0014669022367331246,0.0015493,1.6678666942165532,5.531167055040017,-57.42712572033158,1.01338506043586,5.035931071546972,0.32696719194081925,-33.476620875172436,-0.8125632746084135,-38.53196564704532,-0.8604110866485712,52.033464415225474,-0.01912858174625246,-0.007969039382951805,-0.001441,0.00795664455207881,0.0078843,1,1.0
2060,0.04155381223508449,0.005685090340814867,0.0015493,1.6678666942165532,5.531167055040017,-36.67827906439852,1.01338506043586,12.435591825200405,0.32696719194081925,-74.86693029390909,-0.8125632746084135,-26.961878489368985,-0.8604110866485712,48.3359708980437,-0.01912858174625246,-0.047921482788011595,-0.001441,0.04824033296427118,0.0078843,1,1.0
2061,0.017133032314157373,0.00015781264074765964,0.0015493,1.6678666942165532,5.531167055040017,-15.978880298357572,1.01338506043586,1.3771606815704818,0.32696719194081925,-20.19242705778679,-0.8125632746084135,44.65826754590054,-0.8604110866485712,12.246202375250117,-0.01912858174625246,-0.007168634053031092,-0.001441,0.007192621960201952,0.0078843,1,1.0
2062,0.23834169891756318,0.0028040225738087078,0.0015493,1.6678666942165532,5.531167055040017,-83.70140144623879,1.01338506043586,10.715713350034054,0.32696719194081925,-58.72027252539457,-0.8125632746084135,-68.26276407037543,-0.8604110866485712,78.91282172487307,-0.01912858174625246,-0.022294827683422405,-0.001441,0.022237768496125854,0.0078843,1,1.0
2063,6.059103492644935e-05,0.04408346532880598,0.0015493,1.6678666942165532,5.531167055040017,11.599498952149968,1.01338506043586,27.31413079358118,0.32696719194081925,-84.98416062818548,-0.8125632746084135,-71.88389858399196,-0.8604110866485712,24.97401735968488,-0.01912858174625246,-0.05754819351117075,-0.001441,0.11094816221355774,0.0078843,1,1.0
2064,0.17742378204492804,0.00400932578508932,0.0015493,1.6678666942165532,5.531167055040017,-79.20891915933916,1.01338506043586,16.931031863262508,0.32696719194081925,-91.91339537310981,-0.8125632746084135,-37.123571689303844,-0.8604110866485712,81.2163977965946,-0.01912858174625246,-0.04316409603588309,-0.001441,0.043406727598658545,0.0078843,1,1.0
2065,0.02125220100092743,0.0006331811050337501,0.0015493,1.6678666942165532,5.531167055040017,-13.117331912471256,1.01338506043586,4.14094697041808,0.32696719194081925,-22.772574062680967,-0.8125632746084135,-7.606213995494771,-0.8604110866485712,15.761136635892242,-0.01912858174625246,-0.012962720649259307,-0.001441,0.01347053731002516,0.0078843,1,1.0
2066,0.02143503302722216,0.003482379981898888,0.0015493,1.6678666942165532,5.531167055040017,-3.795386419677379,1.01338506043586,10.465255029091008,0.32696719194081925,-20.940573401797106,-0.8125632746084135,-69.59813844520934,-0.8604110866485712,12.065208771200025,-0.01912858174625246,-0.0320292312747872,-0.001441,0.03253799995311503,0.0078843,1,1.0
2067,0.005264701671313959,0.019870221918010692,0.0015493,1.6678666942165532,5.531167055040017,-17.58031644967123,1.01338506043586,21.10606102331663,0.32696719194081925,-81.33611579323897,-0.8125632746084135,39.11812013136588,-0.8604110866485712,27.727147204751038,-0.01912858174625246,-0.046226194891753614,-0.001441,0.06318698443328113,0.0078843,1,1.0
2068,0.18171560838369372,0.00639336023791371,0.0015493,1.6678666942165532,5.531167055040017,-60.750744244570356,1.01338506043586,-3.494983181660111,0.32696719194081925,-11.004922595440174,-0.8125632746084135,21.651459315267765,-0.8604110866485712,43.981550330282055,-0.01912858174625246,-0.027666061341179368,-0.001441,0.027564734970889695,0.0078843,1,1.0
2069,0.0008789635327970668,0.01993511560074103,0.0015493,1.6678666942165532,5.531167055040017,1.665857367709913,1.01338506043586,11.70224415904012,0.32696719194081925,-40.531959525954,-0.8125632746084135,71.36871190797144,-0.8604110866485712,3.987265290864928,-0.01912858174625246,-0.014005613193510548,-0.001441,0.04554326197233132,0.0078843,1,1.0
2070,0.093038553863687,0.0005883489940216525,0.0015493,1.6678666942165532,5.531167055040017,-46.39776782168187,1.01338506043586,6.731693020421597,0.32696719194081925,-51.1670741666419,-0.8125632746084135,10.285999170281402,-0.8604110866485712,44.832008934181296,-0.01912858174625246,-0.015318543828427565,-0.001441,0.015317586180661742,0.0078843,1,1.0
2071,0.07048273247152118,0.004200026019033864,0.0015493,1.6678666942165532,5.531167055040017,-37.53653786046092,1.01338506043586,12.193590602280638,0.32696719194081925,-62.28747036326432,-0.8125632746084135,-53.601083597312666,-0.8604110866485712,47.26533202451873,-0.01912858174625246,-0.043479552589030496,-0.001441,0.04363425030787654,0.0078843,1,1.0
2072,0.19106176703308902,0.00250375799058521,0.0015493,1.6678666942165532,5.531167055040017,-64.50834093885553,1.01338506043586,4.055261230904496,0.32696719194081925,-31.161208018119172,-0.8125632746084135,-25.375813236714762,-0.8604110866485712,54.9092773783499,-0.01912858174625246,-0.008805066209223661,-0.001441,0.008872871953942324,0.0078843,1,1.0
2073,0.18594657235647485,0.0019370066518086216,0.0015493,1.6678666942165532,5.531167055040017,-64.16983823016558,1.01338506043586,10.41378614934444,0.32696719194081925,-49.21110665991269,-0.8125632746084135,-73.5015879121845,-0.8604110866485712,63.18846417991515,-0.01912858174625246,-0.02497280905314986,-0.001441,0.02500817609028987,0.0078843,1,1.0
2074,0.006938281445251215,0.013196394171788282,0.0015493,1.6678666942165532,5.531167055040017,-25.584431370719894,1.01338506043586,20.032225018366862,0.32696719194081925,-87.71815389624193,-0.8125632746084135,-55.26613957751994,-0.8604110866485712,44.376298941676374,-0.01912858174625246,-0.06974798505774502,-0.001441,0.06988014085951638,0.0078843,1,1.0
2075,0.022097230046503685,0.003933533592450904,0.0015493,1.6678666942165532,5.531167055040017,-32.28281981540799,1.01338506043586,13.482868600893063,0.32696719194081925,-71.61351636999436,-0.8125632746084135,38.688086787924476,-0.8604110866485712,35.81751521264474,-0.01912858174625246,-0.03538839451003975,-0.001441,0.03560317281300135,0.0078843,1,1.0
2076,0.0056586255240242,0.004813508871135676,0.0015493,1.6678666942165532,5.531167055040017,0.8445000047961476,1.01338506043586,0.3661944333673277,0.32696719194081925,-2.7190769901879235,-0.8125632746084135,24.42170472579529,-0.8604110866485712,-1.0190478066073763,-0.01912858174625246,-0.0010579710485471364,-0.001441,0.010459869328352755,0.0078843,1,1.0
2077,0.1541060359090724,0.001442184737916659,0.0015493,1.6678666942165532,5.531167055040017,-73.02595254460685,1.01338506043586,9.14574119960305,0.32696719194081925,-74.57271939054051,-0.8125632746084135,8.313480281020139,-0.8604110866485712,70.11113685145725,-0.01912858174625246,-0.020689124453484566,-0.001441,0.020704410045228015,0.0078843,1,1.0
2078,0.21701034767043634,0.0033688450547364863,0.0015493,1.6678666942165532,5.531167055040017,-91.17842078355883,1.01338506043586,5.044594263928291,0.32696719194081925,-65.48522149445222,-0.8125632746084135,36.418777037918375,-0.8604110866485712,77.90855931688675,-0.01912858174625246,-0.009834969586595242,-0.001441,0.009843876999673646,0.0078843,1,1.0
2079,0.1181914969556088,0.0012914965384304635,0.0015493,1.6678666942165532,5.531167055040017,-39.67245394669879,1.01338506043586,7.251650679219401,0.32696719194081925,-32.7299258973131,-0.8125632746084135,-70.33154669553144,-0.8604110866485712,42.358115906759956,-0.01912858174625246,-0.02287009687159692,-0.001441,0.022994715967956735,0.0078843,1,1.0
2080,0.27759825074393235,0.007855083999948026,0.0015493,1.6678666942165532,5.531167055040017,-99.98935991075581,1.01338506043586,1.976162928448984,0.32696719194081925,-45.8370698060776,-0.8125632746084135,14.013040787504037,-0.8604110866485712,80.68483812131873,-0.01912858174625246,-0.020972899156416588,-0.001441,0.02092341093011996,0.0078843,1,1.0
2081,0.0025494785300511358,0.010111530700238756,0.0015493,1.6678666942165532,5.531167055040017,3.514405246079829,1.01338506043586,6.5119071456737,0.32696719194081925,-19.735725378128823,-0.8125632746084135,15.991355635120684,-0.8604110866485712,2.3655769110493123,-0.01912858174625246,-0.005591024051054478,-0.001441,0.024170449300694695,0.0078843,1,1.0
2082,0.20899584139503766,0.0022265555460961265,0.0015493,1.6678666942165532,5.531167055040017,-76.04649361676408,1.01338506043586,8.15960352498795,0.32696719194081925,-53.498813197363404,-0.8125632746084135,-45.12216892839094,-0.8604110866485712,70.84208529227492,-0.01912858174625246,-0.0156161388809841,-0.001441,0.015823232970612,0.0078843,1,1.0
2083,0.028570471481153235,0.0006721409292700594,0.0015493,1.6678666942165532,5.531167055040017,-22.014295624128692,1.01338506043586,-1.5811150155717526,0.32696719194081925,-18.40130466245545,-0.8125632746084135,68.20874581737358,-0.8604110866485712,14.683878977523236,-0.01912858174625246,-0.013520395015216374,-0.001441,0.01352146583745319,0.0078843,1,1.0
2084,0.22801875819979117,0.003517448459289391,0.0015493,1.6678666942165532,5.531167055040017,-87.66928525593714,1.01338506043586,5.322142514261958,0.32696719194081925,-56.686107159975336,-0.8125632746084135,0.34380208507847504,-0.8604110866485712,76.27159737626953,-0.01912858174625246,-0.007039496380343924,-0.001441,0.007348778061524704,0.0078843,1,1.0
2085,0.05477748725098334,0.00028118608813837507,0.0015493,1.6678666942165532,5.531167055040017,-43.755605845792374,1.01338506043586,3.547521999398971,0.32696719194081925,-54.29943392164882,-0.8125632746084135,86.0891024491088,-0.8604110866485712,37.51750174109158,-0.01912858174625246,-0.007531155409785175,-0.001441,0.00757034159633915,0.0078843,1,1.0
2086,0.1065690558420154,0.0006978419847403822,0.0015493,1.6678666942165532,5.531167055040017,-51.31909305960528,1.01338506043586,7.092383236681725,0.32696719194081925,-54.113887114958686,-0.8125632746084135,9.291854681979482,-0.8604110866485712,49.09611763980912,-0.01912858174625246,-0.015594176619035794,-0.001441,0.015583429181988013,0.0078843,1,1.0
2087,0.053321797900763516,0.0005231098735027208,0.0015493,1.6678666942165532,5.531167055040017,-33.04393659483297,1.01338506043586,5.330526155370909,0.32696719194081925,-40.6815712609248,-0.8125632746084135,45.031447177172886,-0.8604110866485712,28.820757187214124,-0.01912858174625246,-0.01314800700260377,-0.001441,0.013141513459683703,0.0078843,1,1.0
2088,0.05866346909670339,0.0003296282774054683,0.0015493,1.6678666942165532,5.531167055040017,-29.148664424973187,1.01338506043586,1.736598345206524,0.32696719194081925,-25.465655787755182,-0.8125632746084135,29.546235025561547,-0.8604110866485712,24.508104708320353,-0.01912858174625246,-0.00462495986641418,-0.001441,0.0047275563121067146,0.0078843,1,1.0
2089,0.02485118958848896,0.0004760220435516034,0.0015493,1.6678666942165532,5.531167055040017,-13.245813833529922,1.01338506043586,-1.9782331784236258,0.32696719194081925,-5.657582744238131,-0.8125632746084135,34.66314275599251,-0.8604110866485712,8.147503077376326,-0.01912858174625246,-0.010526815397572565,-0.001441,0.010541425654142114,0.0078843,1,1.0
2090,0.08151179649184503,0.0008435442759050999,0.0015493,1.6678666942165532,5.531167055040017,-49.99748298712184,1.01338506043586,8.337868604885047,0.32696719194081925,-65.46527941487373,-0.8125632746084135,31.74267661643934,-0.8604110866485712,49.196360981891104,-0.01912858174625246,-0.01989888564814002,-0.001441,0.01987490793292266,0.0078843,1,1.0
2091,0.10840986277802658,0.00089256299545065,0.0015493,1.6678666942165532,5.531167055040017,-66.18606127349636,1.01338506043586,9.019813234781788,0.32696719194081925,-81.44381963918386,-0.8125632746084135,57.03305150035048,-0.8604110866485712,62.664586607817284,-0.01912858174625246,-0.01907575473371288,-0.001441,0.019109468378004427,0.0078843,1,1.0
2092,0.16064387876999725,0.0015440347851404033,0.0015493,1.6678666942165532,5.531167055040017,-64.62701074110052,1.01338506043586,9.323609611256256,0.32696719194081925,-58.21432313120409,-0.8125632746084135,-31.45231880086689,-0.8604110866485712,62.755555839384535,-0.01912858174625246,-0.021727177839468176,-0.001441,0.02165971980053119,0.0078843,1,1.0
2093,0.03986001744585721,0.00046996859213609956,0.0015493,1.6678666942165532,5.531167055040017,-15.72154195592373,1.01338506043586,-1.1295404599863477,0.32696719194081925,-4.99106431059328,-0.8125632746084135,20.72782720296221,-0.8604110866485712,10.597455574964746,-0.01912858174625246,-0.009350134695981319,-0.001441,0.00935951916199664,0.0078843,1,1.0
2094,0.009924303200495458,4.648298745870585e-05,0.0015493,1.6678666942165532,5.531167055040017,-2.540035453140135,1.01338506043586,1.3067698460400523,0.32696719194081925,-2.643121817463218,-0.8125632746084135,-9.027532426534323,-0.8604110866485712,2.909290432986162,-0.01912858174625246,-0.0034717925143990633,-0.001441,0.003487161265933188,0.0078843,1,1.0
2095,0.11674237409177153,0.0009629197872116748,0.0015493,1.6678666942165532,5.531167055040017,-42.709823273849985,1.01338506043586,7.72137649848944,0.32696719194081925,-37.83181284611543,-0.8125632746084135,-46.328153533472616,-0.8604110866485712,43.211829394181606,-0.01912858174625246,-0.01984399129715993,-0.001441,0.019869855023300378,0.0078843,1,1.0
2096,0.09829450317571754,0.0005323100734978279,0.0015493,1.6678666942165532,5.531167055040017,-51.853636915157885,1.01338506043586,6.276008899953075,0.32696719194081925,-56.17726748831654,-0.8125632746084135,31.854692210497806,-0.8604110866485712,48.14395773386032,-0.01912858174625246,-0.01227950858704085,-0.001441,0.012290879959548152,0.0078843,1,1.0
2097,0.23226278434352438,0.0026735036310028036,0.0015493,1.6678666942165532,5.531167055040017,-93.1003695835599,1.01338506043586,9.980411361380533,0.32696719194081925,-74.43748773103736,-0.8125632746084135,-15.42923128467139,-0.8604110866485712,85.50139622482185,-0.01912858174625246,-0.018248414353630244,-0.001441,0.01820887819228432,0.0078843,1,1.0
2098,0.024366264427057756,6.762269477207701e-05,0.0015493,1.6678666942165532,5.531167055040017,-7.918993051571717,1.01338506043586,0.05711599836463604,0.32696719194081925,-2.3952263016048976,-0.8125632746084135,-1.5465044429443238,-0.8604110866485712,6.287928361934132,-0.01912858174625246,-0.0019335838894212177,-0.001441,0.0019417899283663558,0.0078843,1,1.0
2099,0.09074446973202828,0.0005695428808839524,0.0015493,1.6678666942165532,5.531167055040017,-38.8019589174078,1.01338506043586,2.9810416048433126,0.32696719194081925,-29.899498324802092,-0.8125632746084135,17.97144171287858,-0.8604110866485712,33.11152289283263,-0.01912858174625246,-0.006595068806858826,-0.001441,0.006583454490129949,0.0078843,1,1.0
2100,0.054214846331067656,0.0009074642333577068,0.0015493,3.5650423254874415,4.237187022381605,28.401404816814164,1.01338506043586,3.0202118354877676,0.32696719194081925,-8.475898760246704,-0.8125632746084135,-35.42915011450339,-0.8604110866485712,2.0435357599767223,-0.01912858174625246,-0.01868867731353468,-0.001441,0.018855137622838716,0.0078843,1,1.0
2101,0.15000961905682508,0.003793205441940538,0.0015493,3.5650423254874415,4.237187022381605,54.347026956816684,1.01338506043586,5.620517584037145,0.32696719194081925,-8.440167499820161,-0.8125632746084135,-88.86656233919582,-0.8604110866485712,5.084486046807795,-0.01912858174625246,-0.03635476843143352,-0.001441,0.036416049717912166,0.0078843,1,1.0
2102,0.04994151359373439,0.001732545225566756,0.0015493,3.5650423254874415,4.237187022381605,-46.68648593084409,1.01338506043586,5.0625712433072465,0.32696719194081925,-84.49831031832606,-0.8125632746084135,72.49456680216592,-0.8604110866485712,60.75556144671917,-0.01912858174625246,-0.025729978277880722,-0.001441,0.026003556213653068,0.0078843,1,1.0
2103,0.23013940685413664,0.005093549254510483,0.0015493,3.5650423254874415,4.237187022381605,-17.343015048164624,1.01338506043586,6.563327340095107,0.32696719194081925,-57.189390454170216,-0.8125632746084135,-30.436389947504775,-0.8604110866485712,58.10511876409277,-0.01912858174625246,-0.039292340517751705,-0.001441,0.03937905999097318,0.0078843,1,1.0
2104,0.3577182903569818,0.010459016634140113,0.0015493,3.5650423254874415,4.237187022381605,-55.78210823995806,1.01338506043586,7.317724531503654,0.32696719194081925,-50.8815979037231,-0.8125632746084135,-55.64588091914544,-0.8604110866485712,74.10209819069247,-0.01912858174625246,-0.03669659623487431,-0.001441,0.036931604894489656,0.0078843,1,1.0
2105,0.1921279336163136,0.008589830708800142,0.0015493,3.5650423254874415,4.237187022381605,41.15763295539593,1.01338506043586,3.2751483295436277,0.32696719194081925,-9.300650483770035,-0.8125632746084135,-84.18002715160752,-0.8604110866485712,18.861310991700883,-0.01912858174625246,-0.042756057875552006,-0.001441,0.045705211263459056,0.0078843,1,1.0
2106,0.30725928671288816,0.010443001856103817,0.0015493,3.5650423254874415,4.237187022381605,4.934008085125543,1.01338506043586,9.773164072949173,0.32696719194081925,-67.64968231587021,-0.8125632746084135,-68.11299002213944,-0.8604110866485712,65.00936116560023,-0.01912858174625246,-0.05834150531372351,-0.001441,0.05874466430855779,0.0078843,1,1.0
2107,0.007540459437164443,0.002429454107010538,0.0015493,3.5650423254874415,4.237187022381605,77.70920592577146,1.01338506043586,4.5856288067444195,0.32696719194081925,-9.893264874065407,-0.8125632746084135,-53.68267932140987,-0.8604110866485712,-13.767379890246236,-0.01912858174625246,-0.03352002194277036,-0.001441,0.03351255372301738,0.0078843,1,1.0
2108,0.005680728434085111,0.0013188749371142224,0.0015493,3.5650423254874415,4.237187022381605,11.448599769327254,1.01338506043586,2.546919718460868,0.32696719194081925,-33.34221149871436,-0.8125632746084135,13.720814928694294,-0.8604110866485712,16.735401810142438,-0.01912858174625246,-0.021139064222695823,-0.001441,0.02128404854659634,0.0078843,1,1.0
2109,0.026938923648788055,0.0017877472676850726,0.0015493,3.5650423254874415,4.237187022381605,-8.586863393932681,1.01338506043586,4.780766558417634,0.32696719194081925,-60.2708734540063,-0.8125632746084135,36.208291098833044,-0.8604110866485712,35.901500479837225,-0.01912858174625246,-0.026378134936592596,-0.001441,0.02668038143216288,0.0078843,1,1.0
2110,0.09661265181820006,0.0017418261524471015,0.0015493,3.5650423254874415,4.237187022381605,-20.164551447378678,1.01338506043586,5.182008510230351,0.32696719194081925,-59.379633412980105,-0.8125632746084135,19.22282970631113,-0.8604110866485712,45.28954955621562,-0.01912858174625246,-0.027924189435286666,-0.001441,0.02818217966600715,0.0078843,1,1.0
2111,0.14625363512702255,0.004304694179903006,0.0015493,3.5650423254874415,4.237187022381605,23.209792337649134,1.01338506043586,7.216402363812128,0.32696719194081925,-47.44803391633305,-0.8125632746084135,-39.265873126457286,-0.8604110866485712,32.65806909894941,-0.01912858174625246,-0.04280716479592477,-0.001441,0.04264491847994439,0.0078843,1,1.0
2112,0.039889923250361205,0.0002512413622874419,0.0015493,3.5650423254874415,4.237187022381605,-39.28899140343734,1.01338506043586,-0.1780900026008079,0.32696719194081925,-18.630701141149387,-0.8125632746084135,28.22207848437014,-0.8604110866485712,24.454410884618966,-0.01912858174625246,-0.002820262994575001,-0.001441,0.002939795065069445,0.0078843,1,1.0
2113,0.29001667021319955,0.007163452053684274,0.0015493,3.5650423254874415,4.237187022381605,-22.67860020859885,1.01338506043586,4.913943553207363,0.32696719194081925,-22.01236455538617,-0.8125632746084135,-72.4668201197568,-0.8604110866485712,45.88188650560533,-0.01912858174625246,-0.026564575855539486,-0.001441,0.02684726649845951,0.0078843,1,1.0
2114,0.3479744437995425,0.010638277644397919,0.0015493,3.5650423254874415,4.237187022381605,-43.7681866822742,1.01338506043586,9.711846967202828,0.32696719194081925,-91.62725291213806,-0.8125632746084135,-30.374075154140154,-0.8604110866485712,94.40574165595741,-0.01912858174625246,-0.05531571869651673,-0.001441,0.05544282397329302,0.0078843,1,1.0
2115,0.09903514596273949,0.003957773637852525,0.0015493,3.5650423254874415,4.237187022381605,41.61750986681042,1.01338506043586,6.396382420229867,0.32696719194081925,-42.28350313161117,-0.8125632746084135,-37.41199339120642,-0.8604110866485712,22.169985494813577,-0.01912858174625246,-0.04312567823261134,-0.001441,0.04298540519634749,0.0078843,1,1.0
2116,0.059175013653272046,0.0015383697874059887,0.0015493,3.5650423254874415,4.237187022381605,51.77929639806168,1.01338506043586,3.8284837145982844,0.32696719194081925,-4.088446411118833,-0.8125632746084135,-57.27606513277732,-0.8604110866485712,-5.563484834655095,-0.01912858174625246,-0.02555766655082233,-0.001441,0.025704509027683484,0.0078843,1,1.0
2117,-5.9812426778993455e-05,0.050564533104341426,0.0015493,3.5650423254874415,4.237187022381605,93.26275307084154,1.01338506043586,2.4767736435869767,0.32696719194081925,-26.451461072733718,-0.8125632746084135,19.246345777821464,-0.8604110866485712,-12.002823822217529,-0.01912858174625246,0.01907180068940479,-0.001441,0.08259505069358472,0.0078843,0,1.0
2118,0.00021366700334957134,0.03857398968679952,0.0015493,3.5650423254874415,4.237187022381605,63.60381411648076,1.01338506043586,7.533845408216472,0.32696719194081925,-94.19111257995816,-0.8125632746084135,68.93893972732423,-0.8604110866485712,30.48790903314122,-0.01912858174625246,0.013139439416790633,-0.001441,0.06589912332580333,0.0078843,0,1.0
2119,0.011650166288020236,0.0030766573708424266,0.0015493,3.5650423254874415,4.237187022381605,16.550705005653203,1.01338506043586,5.064803458837483,0.32696719194081925,-57.39835439684486,-0.8125632746084135,23.03882860775247,-0.8604110866485712,27.654165313035865,-0.01912858174625246,-0.032181061693280624,-0.001441,0.033065702750662715,0.0078843,1,1.0
2120,0.12389423102895547,0.0014724516946684506,0.0015493,3.5650423254874415,4.237187022381605,-30.31352508123373,1.01338506043586,4.444587260851507,0.32696719194081925,-47.577529035448194,-0.8125632746084135,8.172709971033205,-0.8604110866485712,43.78242348138439,-0.01912858174625246,-0.022691236402139225,-0.001441,0.022654893101852213,0.0078843,1,1.0
2121,0.27479906519315583,0.007051289201761173,0.0015493,3.5650423254874415,4.237187022381605,-86.09585867335595,1.01338506043586,1.0053076043070996,0.32696719194081925,-11.417479513181606,-0.8125632746084135,-27.81362299901413,-0.8604110866485712,54.533639515563074,-0.01912858174625246,-0.00865675252195293,-0.001441,0.008570947108152512,0.0078843,1,1.0
2122,0.1858644545546902,0.006785230270822673,0.0015493,3.5650423254874415,4.237187022381605,33.36180310201219,1.01338506043586,8.94370261680681,0.32696719194081925,-45.71052580215432,-0.8125632746084135,-64.67504624166688,-0.8604110866485712,31.068432037846524,-0.01912858174625246,-0.05077785702282792,-0.001441,0.05063601206546762,0.0078843,1,1.0
2123,0.019635777984812725,0.001933290719732434,0.0015493,3.5650423254874415,4.237187022381605,65.00325534283255,1.01338506043586,4.092152069882373,0.32696719194081925,-10.614860065697194,-0.8125632746084135,-47.700533957838786,-0.8604110866485712,-8.673628056345542,-0.01912858174625246,-0.03032428076355157,-0.001441,0.030391764317491667,0.0078843,1,1.0
2124,0.03127367466371135,0.0003872615587008316,0.0015493,3.5650423254874415,4.237187022381605,5.61966954884662,1.01338506043586,1.865495326599658,0.32696719194081925,-16.772609652901615,-0.8125632746084135,-3.690226794776906,-0.8604110866485712,10.819771752643433,-0.01912858174625246,-0.012273984676103872,-0.001441,0.012417785616213931,0.0078843,1,1.0
2125,0.0686955455909435,0.0011655721319429192,0.0015493,3.5650423254874415,4.237187022381605,25.149714248855467,1.01338506043586,3.6825225499873064,0.32696719194081925,-17.376754816834037,-0.8125632746084135,-32.14650328257491,-0.8604110866485712,9.178614162648584,-0.01912858174625246,-0.02288085143130785,-0.001441,0.022901309071755298,0.0078843,1,1.0
2126,0.11491452089711612,0.009003125073482006,0.0015493,3.5650423254874415,4.237187022381605,47.99856702299801,1.01338506043586,11.067749883805805,0.32696719194081925,-82.16490716871795,-0.8125632746084135,-24.388209651497036,-0.8604110866485712,40.122822954542386,-0.01912858174625246,-0.06425527208312455,-0.001441,0.06504398121361167,0.0078843,1,1.0
2127,0.0471156723275013,0.0046200085153281145,0.0015493,3.5650423254874415,4.237187022381605,60.213064486961166,1.01338506043586,7.2801482801036705,0.32696719194081925,-46.53607532111849,-0.8125632746084135,-31.054412099868372,-0.8604110866485712,13.397023650069189,-0.01912858174625246,-0.04684114724347666,-0.001441,0.04691664648805855,0.0078843,1,1.0
2128,0.11173073336863701,0.0006921105871423823,0.0015493,3.5650423254874415,4.237187022381605,-88.8498251411574,1.01338506043586,1.6735280688072711,0.32696719194081925,-51.27398212275528,-0.8125632746084135,58.57593412842573,-0.8604110866485712,59.535630053345024,-0.01912858174625246,-0.01010897296381387,-0.001441,0.010109243583852817,0.0078843,1,1.0
2129,0.0037537095840871615,0.03790802944696563,0.0015493,3.5650423254874415,4.237187022381605,89.51797372990853,1.01338506043586,2.343902295205522,0.32696719194081925,-14.23402265858166,-0.8125632746084135,-4.9434314587571215,-0.8604110866485712,-16.30872681942224,-0.01912858174625246,0.013668274554079717,-0.001441,0.06246432896304496,0.0078843,0,1.0
2130,0.23643805054596786,0.0038062606048903033,0.0015493,3.5650423254874415,4.237187022381605,-77.57613244692163,1.01338506043586,5.077270878855715,0.32696719194081925,-75.85526586253293,-0.8125632746084135,24.683671384061284,-0.8604110866485712,84.0909097748792,-0.01912858174625246,-0.026353544634573147,-0.001441,0.026460756538820348,0.0078843,1,1.0
2131,0.04529245540394766,0.00637917064124582,0.0015493,3.5650423254874415,4.237187022381605,22.565797145534308,1.01338506043586,8.219189512264157,0.32696719194081925,-89.64830126785468,-0.8125632746084135,27.706292816253075,-0.8604110866485712,46.71021566327941,-0.01912858174625246,-0.05280097241256055,-0.001441,0.052794194485661645,0.0078843,1,1.0
2132,0.08606865867564578,0.0009046084060685489,0.0015493,3.5650423254874415,4.237187022381605,-87.25336348686157,1.01338506043586,3.4596396594721632,0.32696719194081925,-70.05043727819802,-0.8125632746084135,76.89378910689244,-0.8604110866485712,64.75096607942028,-0.01912858174625246,-0.019757160851738346,-0.001441,0.01973461175133408,0.0078843,1,1.0
2133,0.0013621515204068069,0.005932396324596568,0.0015493,3.5650423254874415,4.237187022381605,-2.8587166186256634,1.01338506043586,4.743000846371558,0.32696719194081925,-71.81218558507668,-0.8125632746084135,55.34940102354777,-0.8604110866485712,39.209214435173585,-0.01912858174625246,-0.024293573060513707,-0.001441,0.03150089789792225,0.0078843,1,1.0
2134,0.006619302006020511,0.009364882412980002,0.0015493,3.5650423254874415,4.237187022381605,59.92515969189664,1.01338506043586,9.7213816411823,0.32696719194081925,-87.78985871246188,-0.8125632746084135,11.406922739976023,-0.8604110866485712,31.31081599507676,-0.01912858174625246,-0.061761455855155634,-0.001441,0.061977587355533326,0.0078843,1,1.0
2135,0.064509399353019,0.0005973077581088597,0.0015493,3.5650423254874415,4.237187022381605,-81.83309690600426,1.01338506043586,3.2313094520513657,0.32696719194081925,-78.12566961853477,-0.8125632746084135,88.67577755743878,-0.8604110866485712,67.45518714325749,-0.01912858174625246,-0.013611457901504607,-0.001441,0.013882773088152008,0.0078843,1,1.0
2136,0.20205420105974087,0.003745250375685602,0.0015493,3.5650423254874415,4.237187022381605,-8.535548586813302,1.01338506043586,5.174399307157833,0.32696719194081925,-36.750209752251884,-0.8125632746084135,-41.03471133436457,-0.8604110866485712,41.96737913853859,-0.01912858174625246,-0.03089719085491434,-0.001441,0.03088881004099052,0.0078843,1,1.0
2137,0.03474379484726817,0.0018184936287744089,0.0015493,3.5650423254874415,4.237187022381605,-31.164613784611806,1.01338506043586,4.650699123689339,0.32696719194081925,-76.46417473118474,-0.8125632746084135,61.99443121076415,-0.8604110866485712,51.951903042508896,-0.01912858174625246,-0.026239844481827458,-0.001441,0.026240047214659314,0.0078843,1,1.0
2138,0.16364107681708304,0.0021196180722257625,0.0015493,3.5650423254874415,4.237187022381605,-75.88893415717058,1.01338506043586,5.670720197238624,0.32696719194081925,-89.91640035604381,-0.8125632746084135,57.073970977133406,-0.8604110866485712,82.52238525936855,-0.01912858174625246,-0.027858131666644147,-0.001441,0.027805936206983944,0.0078843,1,1.0
2139,0.3250150302270237,0.009122018830134788,0.0015493,3.5650423254874415,4.237187022381605,-38.664120669763854,1.01338506043586,8.151291352952507,0.32696719194081925,-74.07086449261446,-0.8125632746084135,-37.302299637334265,-0.8604110866485712,81.98955015943154,-0.01912858174625246,-0.04753827165339115,-0.001441,0.0474137000998382,0.0078843,1,1.0
2140,0.017925513349368816,0.0013736260372845962,0.0015493,3.5650423254874415,4.237187022381605,-53.72397548230466,1.01338506043586,4.339062503571675,0.32696719194081925,-82.93611565965892,-0.8125632746084135,87.33365567531527,-0.8604110866485712,58.05284505952284,-0.01912858174625246,-0.020938466993779555,-0.001441,0.020968510414481147,0.0078843,1,1.0
2141,0.018447231019636523,0.006486974599951501,0.0015493,3.5650423254874415,4.237187022381605,37.9156973446092,1.01338506043586,8.887095898607742,0.32696719194081925,-79.8904405196793,-0.8125632746084135,16.034138131333965,-0.8604110866485712,32.27969880924709,-0.01912858174625246,-0.05198744639754563,-0.001441,0.05204096151548174,0.0078843,1,1.0
2142,0.20356209427799338,0.0034082483679355154,0.0015493,3.5650423254874415,4.237187022381605,-42.738840532059896,1.01338506043586,6.194883007844175,0.32696719194081925,-66.71211344688587,-0.8125632746084135,2.5020801359014304,-0.8604110866485712,65.59394185315311,-0.01912858174625246,-0.03261679071012895,-0.001441,0.03264300126695373,0.0078843,1,1.0
2143,0.19341374558754332,0.006616094085812623,0.0015493,3.5650423254874415,4.237187022381605,15.567266311695409,1.01338506043586,9.14074078348609,0.32696719194081925,-67.04699576108212,-0.8125632746084135,-37.84468623979214,-0.8604110866485712,49.29223229694179,-0.01912858174625246,-0.053144036378179986,-0.001441,0.0529479933982454,0.0078843,1,1.0
2144,0.156248800810121,0.002909265686617049,0.0015493,3.5650423254874415,4.237187022381605,-14.84379844499736,1.01338506043586,5.992444655237164,0.32696719194081925,-53.42253477216448,-0.8125632746084135,-10.659946511732866,-0.8604110866485712,46.43650479488378,-0.01912858174625246,-0.03287520313273915,-0.001441,0.03276581007466312,0.0078843,1,1.0
2145,0.0639462370843133,0.017635723180764337,0.0015493,3.5650423254874415,4.237187022381605,72.02731673847076,1.01338506043586,9.208721637047574,0.32696719194081925,-97.08354018163516,-0.8125632746084135,-1.962010351771134,-0.8604110866485712,45.29251725443236,-0.01912858174625246,-0.08015586244929354,-0.001441,0.08278251639360154,0.0078843,1,1.0
2146,0.19133362113489216,0.008979241743015858,0.0015493,3.5650423254874415,4.237187022381605,59.94731780509852,1.01338506043586,10.41821212168735,0.32696719194081925,-57.51972884523423,-0.8125632746084135,-75.901946844749,-0.8604110866485712,33.05054897202122,-0.01912858174625246,-0.06429403234995322,-0.001441,0.06424802574706188,0.0078843,1,1.0
2147,0.19918498567818527,0.0033227669906060082,0.0015493,3.5650423254874415,4.237187022381605,-26.72410217155015,1.01338506043586,2.2388255203035077,0.32696719194081925,-11.387541889838712,-0.8125632746084135,-43.094154349252705,-0.8604110866485712,33.22812993691191,-0.01912858174625246,-0.012679788871675876,-0.001441,0.01263381452380328,0.0078843,1,1.0
2148,0.03619792849669262,0.008706550603634362,0.0015493,3.5650423254874415,4.237187022381605,61.522815293055956,1.01338506043586,9.838050457581133,0.32696719194081925,-81.48258561120723,-0.8125632746084135,-4.819831600887202,-0.8604110866485712,30.309537261917562,-0.01912858174625246,-0.06200273575140989,-0.001441,0.0622351325778299,0.0078843,1,1.0
2149,5.892658989259392e-05,0.004401815061522164,0.0015493,3.5650423254874415,4.237187022381605,89.19552124271081,1.01338506043586,5.561912338555727,0.32696719194081925,-20.024270560548445,-0.8125632746084135,-51.256238673145674,-0.8604110866485712,-11.669798664072584,-0.01912858174625246,-0.040543015598428545,-0.001441,0.041886354781091456,0.0078843,1,1.0
2150,0.042401850977219296,0.0017761425330356305,0.0015493,3.5650423254874415,4.237187022381605,-35.28439993631579,1.01338506043586,4.888835963259369,0.32696719194081925,-79.10511603998124,-0.8125632746084135,63.67014042401033,-0.8604110866485712,54.82722449595171,-0.01912858174625246,-0.026636253769960636,-0.001441,0.026653458554176238,0.0078843,1,1.0
2151,0.049003377615753296,0.0032588879429632824,0.0015493,3.5650423254874415,4.237187022381605,-3.4815797594519267,1.01338506043586,6.678489881536965,0.32696719194081925,-77.21316960917879,-0.8125632746084135,35.441592000232575,-0.8604110866485712,45.628384091519266,-0.01912858174625246,-0.03812553114602872,-0.001441,0.03807014195418014,0.0078843,1,1.0
2152,0.008902635961913923,0.0006404402456090039,0.0015493,3.5650423254874415,4.237187022381605,-29.951608732236338,1.01338506043586,0.16663821726059314,0.32696719194081925,-29.059300071943618,-0.8125632746084135,40.64180557824725,-0.8604110866485712,25.63955355976846,-0.01912858174625246,-0.008209751765953111,-0.001441,0.008132164225827763,0.0078843,1,1.0
2153,0.009228536671220422,0.00040484818356325284,0.0015493,3.5650423254874415,4.237187022381605,-61.64137813176362,1.01338506043586,1.9208573224003798,0.32696719194081925,-60.522945615249206,-0.8125632746084135,82.10747513545594,-0.8604110866485712,47.96339771503893,-0.01912858174625246,-0.007756401816561212,-0.001441,0.007796572643400843,0.0078843,1,1.0
2154,0.13914658528630952,0.01797545029081364,0.0015493,3.5650423254874415,4.237187022381605,69.98100782705505,1.01338506043586,10.542539471186801,0.32696719194081925,-99.5940151568099,-0.8125632746084135,-27.15724791558927,-0.8604110866485712,54.461760652265525,-0.01912858174625246,-0.08762209570963665,-0.001441,0.08846246429370143,0.0078843,1,1.0
2155,0.04307822455150501,0.00036582111748871397,0.0015493,3.5650423254874415,4.237187022381605,-11.989881592909017,1.01338506043586,1.6061905323480947,0.32696719194081925,-13.579817171007859,-0.8125632746084135,0.8765719129022849,-0.8604110866485712,13.105010677273238,-0.01912858174625246,-0.00907210096066417,-0.001441,0.009205455832546849,0.0078843,1,1.0
2156,0.01628041372387055,0.00012293328300071787,0.0015493,3.5650423254874415,4.237187022381605,5.686599295557147,1.01338506043586,0.8445694692323424,0.32696719194081925,-6.203064069899586,-0.8125632746084135,-5.482060030690366,-0.8604110866485712,3.78768938502518,-0.01912858174625246,-0.006571059724595434,-0.001441,0.006551135286557629,0.0078843,1,1.0
2157,0.2321159906931221,0.0041680220934584705,0.0015493,3.5650423254874415,4.237187022381605,-62.484847119025105,1.01338506043586,7.071375524075606,0.32696719194081925,-82.13736994189371,-0.8125632746084135,16.413949394614203,-0.8604110866485712,80.9381091007564,-0.01912858174625246,-0.035713990691026314,-0.001441,0.0357697736852994,0.0078843,1,1.0
2158,0.2134725261918693,0.006136346287578346,0.0015493,3.5650423254874415,4.237187022381605,-23.887685374982546,1.01338506043586,4.8392302828306315,0.32696719194081925,-59.17449166505195,-0.8125632746084135,-14.147986486425046,-0.8604110866485712,62.5587106032776,-0.01912858174625246,-0.04086541422318437,-0.001441,0.04074426242296491,0.0078843,1,1.0
2159,0.21310859850140929,0.010338749352552854,0.0015493,3.5650423254874415,4.237187022381605,13.671484076417661,1.01338506043586,11.17749819210932,0.32696719194081925,-99.86450296456874,-0.8125632746084135,-18.522758198802233,-0.8604110866485712,70.41340823411139,-0.01912858174625246,-0.06665705314663514,-0.001441,0.06830418479506453,0.0078843,1,1.0
2160,0.08623974137980728,0.009152910082440886,0.0015493,3.5650423254874415,4.237187022381605,79.48759578013548,1.01338506043586,10.355928679997653,0.32696719194081925,-66.95497856150162,-0.8125632746084135,-45.94161351070784,-0.8604110866485712,23.062073346102117,-0.01912858174625246,-0.06658097532054508,-0.001441,0.06651105092893506,0.0078843,1,1.0
2161,0.16033018039425947,0.002447371992846019,0.0015493,3.5650423254874415,4.237187022381605,-31.517875437426888,1.01338506043586,2.1028428378956785,0.32696719194081925,-20.627079545156075,-0.8125632746084135,-18.796217349453272,-0.8604110866485712,35.410035474047504,-0.01912858174625246,-0.010700981592434988,-0.001441,0.011677217366541384,0.0078843,1,1.0
2162,0.4117756659902858,0.01582980329938433,0.0015493,3.5650423254874415,4.237187022381605,-54.6172742752677,1.01338506043586,11.781929201883903,0.32696719194081925,-89.8425007378036,-0.8125632746084135,-52.423273953781134,-0.8604110866485712,98.01591628793324,-0.01912858174625246,-0.06142957283670375,-0.001441,0.061112809250966904,0.0078843,1,1.0
2163,0.10962421083186577,0.0022661169542534617,0.0015493,3.5650423254874415,4.237187022381605,40.61612953523731,1.01338506043586,4.343686567670261,0.32696719194081925,-11.86115688748156,-0.8125632746084135,-60.989037512284504,-0.8604110866485712,7.0776746758121165,-0.01912858174625246,-0.029488051486944354,-0.001441,0.029641178038430964,0.0078843,1,1.0
2164,0.10427159325795989,0.0022844316329557047,0.0015493,3.5650423254874415,4.237187022381605,30.950162218679985,1.01338506043586,4.660993016117018,0.32696719194081925,-14.842911881575699,-0.8125632746084135,-52.15997512378235,-0.8604110866485712,8.977290738348687,-0.01912858174625246,-0.02760717061303565,-0.001441,0.027457701970495782,0.0078843,1,1.0
2165,0.2848004521623623,0.006983307933420908,0.0015493,3.5650423254874415,4.237187022381605,-25.581932941200552,1.01338506043586,5.550669851309462,0.32696719194081925,-26.65659776980516,-0.8125632746084135,-67.11383553936933,-0.8604110866485712,47.28393693239833,-0.01912858174625246,-0.02887960340506697,-0.001441,0.028939549580348292,0.0078843,1,1.0
2166,0.08753541591189531,0.0032902255868666372,0.0015493,3.5650423254874415,4.237187022381605,36.79146026858473,1.01338506043586,6.031410527774394,0.32696719194081925,-42.03737980115702,-0.8125632746084135,-30.00338182943093,-0.8604110866485712,21.973171906101676,-0.01912858174625246,-0.04009388411587213,-0.001441,0.04005270987648597,0.0078843,1,1.0
2167,0.010893788588180797,0.0005019006220980933,0.0015493,3.5650423254874415,4.237187022381605,-4.47442356194205,1.01338506043586,2.144145110136111,0.32696719194081925,-30.299109677334318,-0.8125632746084135,19.847443911105053,-0.8604110866485712,18.3955513188537,-0.01912858174625246,-0.013080933893004498,-0.001441,0.013037644395738726,0.0078843,1,1.0
2168,0.026098911248667256,0.003638752407559702,0.0015493,3.5650423254874415,4.237187022381605,21.188559100527645,1.01338506043586,6.945246574371061,0.32696719194081925,-61.7181078064343,-0.8125632746084135,13.157018338787225,-0.8604110866485712,27.42145306294163,-0.01912858174625246,-0.039196496476552066,-0.001441,0.03917607106220399,0.0078843,1,1.0
2169,0.29146227772644917,0.011399781729935849,0.0015493,3.5650423254874415,4.237187022381605,-88.75934752489493,1.01338506043586,-1.6798609334400374,0.32696719194081925,-6.7719274415684705,-0.8125632746084135,-27.12015277927661,-0.8604110866485712,60.75108606362074,-0.01912858174625246,-0.02288413428150117,-0.001441,0.022477667235553604,0.0078843,1,1.0
2170,0.12665391103509538,0.007320413878911034,0.0015493,3.5650423254874415,4.237187022381605,20.802725027334546,1.01338506043586,10.440964554845204,0.32696719194081925,-90.6043884857326,-0.8125632746084135,-2.809904949574517,-0.8604110866485712,53.0589068391792,-0.01912858174625246,-0.059969785754996834,-0.001441,0.06003528235286947,0.0078843,1,1.0
2171,0.017796109538496363,0.00405075010455513,0.0015493,3.5650423254874415,4.237187022381605,0.7009351381811448,1.01338506043586,7.112143908642525,0.32696719194081925,-82.47436069846984,-0.8125632746084135,46.270176003359936,-0.8604110866485712,43.43827724420296,-0.01912858174625246,-0.039450405712611,-0.001441,0.039761948069279,0.0078843,1,1.0
2172,0.17688180333593417,0.0037351179678461774,0.0015493,3.5650423254874415,4.237187022381605,-80.3685064586744,1.01338506043586,-0.7343822445265993,0.32696719194081925,-5.3657751324654805,-0.8125632746084135,-0.6599546402329202,-0.8604110866485712,40.48715597610679,-0.01912858174625246,-0.01302715518680534,-0.001441,0.01291506238007499,0.0078843,1,1.0
2173,0.22653704520679535,0.0070590575848033296,0.0015493,3.5650423254874415,4.237187022381605,18.47482348315978,1.01338506043586,8.88263728136752,0.32696719194081925,-58.235973796789025,-0.8125632746084135,-56.797263270958105,-0.8604110866485712,47.720293286816336,-0.01912858174625246,-0.052418760455098995,-0.001441,0.05259794536910953,0.0078843,1,1.0
2174,0.2085439336797993,0.005722577639129217,0.0015493,3.5650423254874415,4.237187022381605,8.217578851542344,1.01338506043586,8.077653861538193,0.32696719194081925,-55.48584280118725,-0.8125632746084135,-45.25938311601076,-0.8604110866485712,46.715927961658345,-0.01912858174625246,-0.046455100056711045,-0.001441,0.046362137414338804,0.0078843,1,1.0
2175,0.1926278516591357,0.003889802895965219,0.0015493,3.5650423254874415,4.237187022381605,-20.080556882592134,1.01338506043586,6.622838633449739,0.32696719194081925,-63.7210532075792,-0.8125632746084135,-11.475110475911023,-0.8604110866485712,57.88386273493379,-0.01912858174625246,-0.03806197511001145,-0.001441,0.03808652628941787,0.0078843,1,1.0
2176,0.10695462480089701,0.0011664779821725006,0.0015493,3.5650423254874415,4.237187022381605,-73.5549242065938,1.01338506043586,-0.5425838512732059,0.32696719194081925,-23.266487777808333,-0.8125632746084135,32.81568323794881,-0.8604110866485712,42.400275658638456,-0.01912858174625246,-0.006977866126109644,-0.001441,0.007011639396864556,0.0078843,1,1.0
2177,0.23182684447292373,0.00409235951832672,0.0015493,3.5650423254874415,4.237187022381605,-72.2831296198432,1.01338506043586,7.054839310613471,0.32696719194081925,-89.70697059772398,-0.8125632746084135,29.103879810545745,-0.8604110866485712,87.68924678271789,-0.01912858174625246,-0.03545202500103509,-0.001441,0.03536699207738536,0.0078843,1,1.0
2178,0.20049524893430007,0.004998918637313877,0.0015493,3.5650423254874415,4.237187022381605,-22.93960538799274,1.01338506043586,8.276223924001219,0.32696719194081925,-71.41794608655682,-0.8125632746084135,-10.566575179536352,-0.8604110866485712,60.625148965979186,-0.01912858174625246,-0.04375807658445547,-0.001441,0.04384491672523189,0.0078843,1,1.0
2179,0.13823259032239438,0.00764571593216959,0.0015493,3.5650423254874415,4.237187022381605,52.63797250487667,1.01338506043586,10.113064111162345,0.32696719194081925,-66.18236911553863,-0.8125632746084135,-46.24899782847746,-0.8604110866485712,33.75037342254223,-0.01912858174625246,-0.06110806327520364,-0.001441,0.061096739457524765,0.0078843,1,1.0
2180,0.0018331891029879643,0.0039276188255348305,0.0015493,3.5650423254874415,4.237187022381605,-48.7936608674701,1.01338506043586,2.503640812142206,0.32696719194081925,-83.9901689707719,-0.8125632746084135,96.310589464477,-0.8604110866485712,60.686895136809134,-0.01912858174625246,-0.026453783258743424,-0.001441,0.026392487966080055,0.0078843,1,1.0
2181,0.008127624063522632,0.006662061473467502,0.0015493,3.5650423254874415,4.237187022381605,51.221282618153154,1.01338506043586,8.622303316659266,0.32696719194081925,-71.62396760216,-0.8125632746084135,4.703303312194711,-0.8604110866485712,23.872420770889022,-0.01912858174625246,-0.05203782936896409,-0.001441,0.051951047487234864,0.0078843,1,1.0
2182,0.00040279724707931175,0.013379798070409716,0.0015493,3.5650423254874415,4.237187022381605,27.99937573056061,1.01338506043586,3.86465623200783,0.32696719194081925,-55.090655434661834,-0.8125632746084135,33.923487661303554,-0.8604110866485712,23.37517343913514,-0.01912858174625246,-0.016344166708332497,-0.001441,0.03888263748407862,0.0078843,1,1.0
2183,0.32721540657391734,0.019903286095163734,0.0015493,3.5650423254874415,4.237187022381605,45.12181849178523,1.01338506043586,12.913234742645733,0.32696719194081925,-96.60239161372739,-0.8125632746084135,-82.19640840196521,-0.8604110866485712,75.3995361141304,-0.01912858174625246,-0.09054961189169253,-0.001441,0.08997362621256216,0.0078843,1,1.0
2184,3.0261198260501943e-05,0.014751055357550747,0.0015493,3.5650423254874415,4.237187022381605,52.74721017717014,1.01338506043586,0.6127014592031909,0.32696719194081925,-2.603018814729408,-0.8125632746084135,-15.378853422000166,-0.8604110866485712,-9.856134819005295,-0.01912858174625246,-0.009752308226298856,-0.001441,0.03635254364254178,0.0078843,1,1.0
2185,0.047165573427261964,0.0009275137676349239,0.0015493,3.5650423254874415,4.237187022381605,-33.3253376507868,1.01338506043586,3.5276267300247026,0.32696719194081925,-58.186784892726266,-0.8125632746084135,46.60562564712633,-0.8604110866485712,43.6133553040581,-0.01912858174625246,-0.018044999449053273,-0.001441,0.01840101457604866,0.0078843,1,1.0
2186,0.07947339176419327,0.009820208961792667,0.0015493,3.5650423254874415,4.237187022381605,67.08052361167422,1.01338506043586,11.066271920750191,0.32696719194081925,-76.65701702628209,-0.8125632746084135,-30.18076252354106,-0.8604110866485712,28.94672279724038,-0.01912858174625246,-0.06663307163864268,-0.001441,0.06633957604422314,0.0078843,1,1.0
2187,0.1240575864289204,0.00113940285312872,0.0015493,3.5650423254874415,4.237187022381605,-88.39026635272079,1.01338506043586,4.858154840213029,0.32696719194081925,-90.81154364048193,-0.8125632746084135,80.17161894019793,-0.8604110866485712,81.45486661225144,-0.01912858174625246,-0.022056315907006782,-0.001441,0.02208951211688444,0.0078843,1,1.0
2188,-0.00028279214829636523,0.00812129725056444,0.0015493,3.5650423254874415,4.237187022381605,5.450206396439198,1.01338506043586,1.5689942423995435,0.32696719194081925,-36.27234113378793,-0.8125632746084135,31.883122322826175,-0.8604110866485712,19.81645087614009,-0.01912858174625246,-0.01262613037319664,-0.001441,0.025024498649852796,0.0078843,1,1.0
2189,0.18669297243412963,0.008235077002140139,0.0015493,3.5650423254874415,4.237187022381605,26.39794947337134,1.01338506043586,10.658864762370847,0.32696719194081925,-79.00556059711504,-0.8125632746084135,-36.07755215191206,-0.8604110866485712,51.65880483271776,-0.01912858174625246,-0.0619656864593229,-0.001441,0.06186677097768269,0.0078843,1,1.0
2190,0.2206779558123078,0.007735998335990228,0.0015493,3.5650423254874415,4.237187022381605,43.228153169494355,1.01338506043586,8.837402317085912,0.32696719194081925,-47.863390832704155,-0.8125632746084135,-78.8384357476407,-0.8604110866485712,36.34757437642679,-0.01912858174625246,-0.05627927837111154,-0.001441,0.05632133153957438,0.0078843,1,1.0
2191,0.2697738722577146,0.006023694823720099,0.0015493,3.5650423254874415,4.237187022381605,-35.75257240528863,1.01338506043586,4.061210517697787,0.32696719194081925,-24.49245201723052,-0.8125632746084135,-53.77312856668528,-0.8604110866485712,48.84980914805895,-0.01912858174625246,-0.021614889823760423,-0.001441,0.021433807413495296,0.0078843,1,1.0
2192,0.06753925028409824,0.002932070697421396,0.0015493,3.5650423254874415,4.237187022381605,-16.48796638120909,1.01338506043586,6.789331180516157,0.32696719194081925,-78.38782349088382,-0.8125632746084135,37.98674911985262,-0.8604110866485712,50.4322953693111,-0.01912858174625246,-0.03660487906389363,-0.001441,0.03651048223391816,0.0078843,1,1.0
2193,0.03617794047840861,0.0024063567711327316,0.0015493,3.5650423254874415,4.237187022381605,52.21104695148904,1.01338506043586,5.280792198879847,0.32696719194081925,-22.005276576109612,-0.8125632746084135,-38.76163100458331,-0.8604110866485712,0.3979912927754221,-0.01912858174625246,-0.0321711158199737,-0.001441,0.032367689186430015,0.0078843,1,1.0
2194,0.28323993541797077,0.008795144676468952,0.0015493,3.5650423254874415,4.237187022381605,26.68701209175812,1.01338506043586,7.942827259823528,0.32696719194081925,-35.70916637181857,-0.8125632746084135,-96.75495056546279,-0.8604110866485712,40.624301777783245,-0.01912858174625246,-0.05021016352745708,-0.001441,0.05022475856418557,0.0078843,1,1.0
2195,0.016897596894950406,0.0009512739014693871,0.0015493,3.5650423254874415,4.237187022381605,-9.64737855001767,1.01338506043586,3.2065417092341097,0.32696719194081925,-46.18898994155386,-0.8125632746084135,32.11811788091326,-0.8604110866485712,28.59018346650918,-0.01912858174625246,-0.01871701246114012,-0.001441,0.018822234314200745,0.0078843,1,1.0
2196,0.06384916776528224,0.0013298998663985788,0.0015493,3.5650423254874415,4.237187022381605,-56.154975010578255,1.01338506043586,5.056798230412783,0.32696719194081925,-82.77877391554183,-0.8125632746084135,72.07084890421201,-0.8604110866485712,62.6955466448716,-0.01912858174625246,-0.024591115199912996,-0.001441,0.024688588621547655,0.0078843,1,1.0
2197,0.4118676882973512,0.016160072560536937,0.0015493,3.5650423254874415,4.237187022381605,-94.2807032412308,1.01338506043586,1.995043791622412,0.32696719194081925,-34.72968361175219,-0.8125632746084135,-47.615913579502795,-0.8604110866485712,88.63776666425979,-0.01912858174625246,-0.02696934105202674,-0.001441,0.02674336356248014,0.0078843,1,1.0
2198,-0.00015250836449492988,0.02128903851434513,0.0015493,3.5650423254874415,4.237187022381605,22.405126817845584,1.01338506043586,6.255558610525572,0.32696719194081925,-78.32022820006557,-0.8125632746084135,61.78455925923096,-0.8604110866485712,32.233621347311534,-0.01912858174625246,0.0013560627678071563,-0.001441,0.040590488721293796,0.0078843,0,1.0
2199,0.018375296119041856,8.738610276238587e-05,0.0015493,3.5650423254874415,4.237187022381605,-10.620670306611316,1.01338506043586,0.5398272642591546,0.32696719194081925,-11.288952144166249,-0.8125632746084135,9.106961282881413,-0.8604110866485712,10.633030066569695,-0.01912858174625246,-0.002719800403479142,-0.001441,0.002836302726130958,0.0078843,1,1.0
2200,0.3276399404420165,0.03081347922479855,0.0015493,4.315939991898444,2.5855106271620985,3.784182035561748,1.01338506043586,2.417687087049369,0.32696719194081925,-18.498188421097584,-0.8125632746084135,-7.049690711580151,-0.8604110866485712,20.12464531863651,-0.01912858174625246,-0.06095956214818149,-0.001441,0.06390446885664697,0.0078843,1,1.0
2201,0.025906833211340463,0.014681992394344555,0.0015493,4.315939991898444,2.5855106271620985,43.59383695286962,1.01338506043586,2.9898126909540332,0.32696719194081925,-31.111656505557075,-0.8125632746084135,3.1222338756786625,-0.8604110866485712,9.492788092351953,-0.01912858174625246,-0.07665567853150441,-0.001441,0.07996554716499822,0.0078843,1,1.0
2202,0.43480059569287755,0.08957387851325523,0.0015493,4.315939991898444,2.5855106271620985,76.53181254127053,1.01338506043586,7.876631591455135,0.32696719194081925,-75.4233333216743,-0.8125632746084135,-2.346944439865394,-0.8604110866485712,41.49746736556771,-0.01912858174625246,-0.19113606037932843,-0.001441,0.19031296316255733,0.0078843,1,1.0
2203,1.5934225676139397,0.6109280454172954,0.0015493,4.315939991898444,2.5855106271620985,17.195546022414856,1.01338506043586,8.880674011270077,0.32696719194081925,-71.28967012441376,-0.8125632746084135,-37.96395393463321,-0.8604110866485712,91.99179570633594,-0.01912858174625246,-0.17365041365807696,-0.001441,0.20514660885366395,0.0078843,1,1.0
2204,0.1641162347000955,0.003853678028188296,0.0015493,4.315939991898444,2.5855106271620985,-90.60819287590503,1.01338506043586,0.7817733411357827,0.32696719194081925,-54.172780155651644,-0.8125632746084135,47.93683287659245,-0.8604110866485712,72.46671293154091,-0.01912858174625246,-0.015071836211601446,-0.001441,0.015969142376011974,0.0078843,1,1.0
2205,1.4697995271278073,0.4987202553421288,0.0015493,4.315939991898444,2.5855106271620985,-63.40550073761073,1.01338506043586,3.2473269881340068,0.32696719194081925,-27.67195665256034,-0.8125632746084135,-31.408431916183893,-0.8604110866485712,85.14224659441429,-0.01912858174625246,-0.05945083139963202,-0.001441,0.06535061275660013,0.0078843,1,1.0
2206,0.1397658353502591,0.016285774284199066,0.0015493,4.315939991898444,2.5855106271620985,6.1616001016136615,1.01338506043586,3.799408518306366,0.32696719194081925,-57.05851704008518,-0.8125632746084135,22.176714385546337,-0.8604110866485712,42.7282380504772,-0.01912858174625246,-0.08744606139726395,-0.001441,0.08788840158348209,0.0078843,1,1.0
2207,0.7040035585802635,0.13965471120948206,0.0015493,4.315939991898444,2.5855106271620985,18.759014071428652,1.01338506043586,3.3523256798016887,0.32696719194081925,-20.09459490899783,-0.8125632746084135,-25.958740509364468,-0.8604110866485712,30.34617418831855,-0.01912858174625246,-0.0922572412225476,-0.001441,0.0818727652652121,0.0078843,1,1.0
2208,0.7339907925205772,0.18186317855878467,0.0015493,4.315939991898444,2.5855106271620985,47.96856592900829,1.01338506043586,3.629891836223731,0.32696719194081925,-32.33726997830205,-0.8125632746084135,-24.853240244031376,-0.8604110866485712,35.9891437581489,-0.01912858174625246,-0.1710038839337296,-0.001441,0.1734164490726944,0.0078843,1,1.0
2209,-0.2709781443532633,1.1884115359307592,0.0015493,4.315939991898444,2.5855106271620985,77.46928463665115,1.01338506043586,3.0108697030716964,0.32696719194081925,-10.66389749198923,-0.8125632746084135,23.883447154377325,-0.8604110866485712,-44.18836118483028,-0.01912858174625246,0.012865609124115163,-0.001441,1.1341781012461003,0.0078843,0,1.0
2210,0.28195895627192513,0.006207026549788842,0.0015493,4.315939991898444,2.5855106271620985,-85.61331736601254,1.01338506043586,1.1232043731891146,0.32696719194081925,-50.52757764225366,-0.8125632746084135,38.965080954174134,-0.8604110866485712,71.47273817774726,-0.01912858174625246,-0.02652686505802424,-0.001441,0.0257367228470303,0.0078843,1,1.0
2211,0.02338800440850991,0.3838163353414117,0.0015493,4.315939991898444,2.5855106271620985,-49.35402849317072,1.01338506043586,-1.9120539556678535,0.32696719194081925,-15.892350321702214,-0.8125632746084135,42.43818584042453,-0.8604110866485712,25.2849887863793,-0.01912858174625246,-0.03447359439870956,-0.001441,0.6370177022255689,0.0078843,1,1.0
2212,1.074335769253275,0.25973175876624544,0.0015493,4.315939991898444,2.5855106271620985,-41.519022199396915,1.01338506043586,3.2152464743823628,0.32696719194081925,-35.954523238114646,-0.8125632746084135,-15.831874916691728,-0.8604110866485712,72.85562329672507,-0.01912858174625246,-0.0816110933479652,-0.001441,0.07160190008678576,0.0078843,1,1.0
2213,0.09648388269243457,0.032344296136612785,0.0015493,4.315939991898444,2.5855106271620985,13.761554096433406,1.01338506043586,4.975980595488189,0.32696719194081925,-75.89213989308465,-0.8125632746084135,31.899660663971517,-0.8604110866485712,52.40029454998465,-0.01912858174625246,-0.11538727088054686,-0.001441,0.11631906678668653,0.0078843,1,1.0
2214,0.10145056206152933,0.0022383678729383212,0.0015493,4.315939991898444,2.5855106271620985,-62.34422148984896,1.01338506043586,0.5732976188060974,0.32696719194081925,-38.83651894413519,-0.8125632746084135,34.37391972071649,-0.8604110866485712,50.73181938418455,-0.01912858174625246,-0.008931434647950744,-0.001441,0.008814119149864942,0.0078843,1,1.0
2215,-3.2493994760351974e-05,0.3488183353721182,0.0015493,4.315939991898444,2.5855106271620985,5.062204267630976,1.01338506043586,2.5784804156490178,0.32696719194081925,-73.73654334557294,-0.8125632746084135,66.62108593942345,-0.8604110866485712,46.08251567863673,-0.01912858174625246,0.08204179042012999,-0.001441,0.7891108973883869,0.0078843,0,1.0
2216,0.16195966065287254,0.005035131533964199,0.0015493,4.315939991898444,2.5855106271620985,-22.16431342825064,1.01338506043586,1.9267292532210376,0.32696719194081925,-36.603248154847996,-0.8125632746084135,18.365161984302713,-0.8604110866485712,37.622211608849845,-0.01912858174625246,-0.04193374005630122,-0.001441,0.0413308959345736,0.0078843,1,1.0
2217,0.024037387596470117,0.05683483443405828,0.0015493,4.315939991898444,2.5855106271620985,98.99579196748145,1.01338506043586,6.143382875342197,0.32696719194081925,-58.5127855673011,-0.8125632746084135,1.645886428797137,-0.8604110866485712,11.421256540136453,-0.01912858174625246,-0.16143911725390525,-0.001441,0.16309051955590703,0.0078843,1,1.0
2218,0.01749698821204751,0.28509495698470566,0.0015493,4.315939991898444,2.5855106271620985,20.636056381562017,1.01338506043586,-0.7963628809040921,0.32696719194081925,-6.808463672883491,-0.8125632746084135,15.608211102986267,-0.8604110866485712,-0.3491340913774367,-0.01912858174625246,-0.005312934133437419,-0.001441,0.49138511018280173,0.0078843,1,1.0
2219,-0.002752524521119362,1.0528007470724736,0.0015493,4.315939991898444,2.5855106271620985,72.74247553461085,1.01338506043586,0.42574127014035584,0.32696719194081925,-1.9539856750594342,-0.8125632746084135,30.55044193866876,-0.8604110866485712,-36.953254314509785,-0.01912858174625246,0.036602866806258794,-0.001441,1.6191983287474025,0.0078843,0,1.0
2220,0.1744939492984403,0.05410824830201827,0.0015493,4.315939991898444,2.5855106271620985,55.66098303161057,1.01338506043586,6.701008216427532,0.32696719194081925,-80.8657541810524,-0.8125632746084135,18.846442236522424,-0.8604110866485712,44.929071039415966,-0.01912858174625246,-0.1619917513144964,-0.001441,0.16288910777316667,0.0078843,1,1.0
2221,0.8518383871422341,0.22883086295289268,0.0015493,4.315939991898444,2.5855106271620985,92.39160135455522,1.01338506043586,9.384831082922616,0.32696719194081925,-71.49701974067719,-0.8125632746084135,-27.869235267296865,-0.8604110866485712,45.333378037227355,-0.01912858174625246,-0.21545436239467947,-0.001441,0.22599720046965782,0.0078843,1,1.0
2222,0.06633772184665798,0.029356659817348706,0.0015493,4.315939991898444,2.5855106271620985,82.11107338196908,1.01338506043586,4.183654238640261,0.32696719194081925,-32.68718981828885,-0.8125632746084135,-8.670152645084885,-0.8604110866485712,0.13649432124341934,-0.01912858174625246,-0.11712965628947607,-0.001441,0.11948558986375073,0.0078843,1,1.0
2223,1.0414137873233935,0.22682157932564118,0.0015493,4.315939991898444,2.5855106271620985,-21.371723113229173,1.01338506043586,5.546356880287515,0.32696719194081925,-78.87346580482483,-0.8125632746084135,5.085136701891066,-0.8604110866485712,98.08952182432755,-0.01912858174625246,-0.13637707682339756,-0.001441,0.1525475360634389,0.0078843,1,1.0
2224,0.6412953960883024,0.08889834435951646,0.0015493,4.315939991898444,2.5855106271620985,3.346455974205365,1.01338506043586,5.525169733450934,0.32696719194081925,-63.567330363937664,-0.8125632746084135,3.864306474149332,-0.8604110866485712,62.70760510073089,-0.01912858174625246,-0.1188490346376037,-0.001441,0.12617119330035537,0.0078843,1,1.0
2225,0.49210473256974147,0.04735959128367924,0.0015493,4.315939991898444,2.5855106271620985,-55.17890399795184,1.01338506043586,1.8720900167650745,0.32696719194081925,-52.17791768424894,-0.8125632746084135,24.41553584326404,-0.8604110866485712,72.28155824053248,-0.01912858174625246,-0.050691664575350404,-0.001441,0.065150811124351,0.0078843,1,1.0
2226,1.2987759958081146,0.47881080987718566,0.0015493,4.315939991898444,2.5855106271620985,36.41199966383641,1.01338506043586,3.6217904349021324,0.32696719194081925,-1.3648878223846563,-0.8125632746084135,-65.06426246151497,-0.8604110866485712,32.18329257943185,-0.01912858174625246,-0.12221505583222882,-0.001441,0.12098149458142472,0.0078843,1,1.0
2227,0.07893475974038644,0.0048128639147528044,0.0015493,4.315939991898444,2.5855106271620985,12.011286789628619,1.01338506043586,2.0671484568084675,0.32696719194081925,-25.178987147448485,-0.8125632746084135,6.093768298894253,-0.8604110866485712,16.126422012755373,-0.01912858174625246,-0.04845301920315145,-0.001441,0.04861006399178943,0.0078843,1,1.0
2228,1.5503915034607765,0.6591617805032054,0.0015493,4.315939991898444,2.5855106271620985,-55.66614101535751,1.01338506043586,3.5296285965143386,0.32696719194081925,-13.215844173570575,-0.8125632746084135,-48.433418177150216,-0.8604110866485712,72.8810956249552,-0.01912858174625246,-0.12935335282308225,-0.001441,0.07996823102851112,0.0078843,1,1.0
2229,0.9382443242861265,0.2207160638778885,0.0015493,4.315939991898444,2.5855106271620985,-5.258760455970158,1.01338506043586,5.246607612069657,0.32696719194081925,-39.480762827643524,-0.8125632746084135,-21.398300328803774,-0.8604110866485712,54.97204644793219,-0.01912858174625246,-0.12723907623580683,-0.001441,0.13316013621652972,0.0078843,1,1.0
2230,0.6075233036011894,0.07513866025134479,0.0015493,4.315939991898444,2.5855106271620985,-13.405715578960946,1.01338506043586,4.569146600121474,0.32696719194081925,-69.30820888354124,-0.8125632746084135,15.138538339365583,-0.8604110866485712,74.08272188702851,-0.01912858174625246,-0.11809253779218062,-0.001441,0.11546038257235855,0.0078843,1,1.0
2231,0.06821782426422973,0.03150425969087987,0.0015493,4.315939991898444,2.5855106271620985,59.67500236658549,1.01338506043586,4.979162571147661,0.32696719194081925,-48.951339616253044,-0.8125632746084135,4.858045196066353,-0.8604110866485712,16.712140202470486,-0.01912858174625246,-0.11666520402291379,-0.001441,0.12140017052494377,0.0078843,1,1.0
2232,0.23029604447986673,0.02210134723329568,0.0015493,4.315939991898444,2.5855106271620985,-8.28442274064298,1.01338506043586,4.635475673894995,0.32696719194081925,-71.23856582617267,-0.8125632746084135,29.176248039697374,-0.8604110866485712,59.235237000894685,-0.01912858174625246,-0.10455633498806916,-0.001441,0.10454648600507377,0.0078843,1,1.0
2233,0.3394490238850233,0.015164936181561043,0.0015493,4.315939991898444,2.5855106271620985,-52.2717520099096,1.01338506043586,3.395989181366326,0.32696719194081925,-67.73726594097866,-0.8125632746084135,35.36811974669058,-0.8604110866485712,74.1344204708928,-0.01912858174625246,-0.07261097297864774,-0.001441,0.07353477748616324,0.0078843,1,1.0
2234,0.09605247011888951,0.01268379523882731,0.0015493,4.315939991898444,2.5855106271620985,6.1958467058676625,1.01338506043586,3.0469075449124894,0.32696719194081925,-46.303677458213414,-0.8125632746084135,18.63354055435228,-0.8604110866485712,33.813187356010324,-0.01912858174625246,-0.06589949916246994,-0.001441,0.07105402282715144,0.0078843,1,1.0
2235,0.25277406908803357,0.019167723833010096,0.0015493,4.315939991898444,2.5855106271620985,-26.908339292897825,1.01338506043586,4.310404571078691,0.32696719194081925,-75.89477852902634,-0.8125632746084135,36.40580654378112,-0.8604110866485712,69.52822344129805,-0.01912858174625246,-0.09288797799819076,-0.001441,0.09449599298321137,0.0078843,1,1.0
2236,-0.006283195672784292,0.90414610246326,0.0015493,4.315939991898444,2.5855106271620985,55.80415446660202,1.01338506043586,1.6903494619988186,0.32696719194081925,-49.037778246358876,-0.8125632746084135,65.8039568275654,-0.8604110866485712,4.202773235961867,-0.01912858174625246,0.08041328681303372,-0.001441,1.6669423813039228,0.0078843,0,1.0
2237,0.5837860364812688,0.1526284674461748,0.0015493,4.315939991898444,2.5855106271620985,98.21978458920091,1.01338506043586,8.436188560209374,0.32696719194081925,-58.10616935680639,-0.8125632746084135,-25.337131143323223,-0.8604110866485712,24.326321170130488,-0.01912858174625246,-0.18239245243092106,-0.001441,0.2074305292714389,0.0078843,1,1.0
2238,0.3510965547115594,0.07723624548872517,0.0015493,4.315939991898444,2.5855106271620985,59.33227121716443,1.01338506043586,7.727991288806299,0.32696719194081925,-92.96803368662431,-0.8125632746084135,16.9996141125987,-0.8604110866485712,58.60612920305557,-0.01912858174625246,-0.1907512987590002,-0.001441,0.19138507687588235,0.0078843,1,1.0
2239,0.038907540071120295,0.006958924594047283,0.0015493,4.315939991898444,2.5855106271620985,51.706580851564816,1.01338506043586,2.0860757394801293,0.32696719194081925,-6.989424288694403,-0.8125632746084135,-13.272199022086097,-0.8604110866485712,-10.579668766820772,-0.01912858174625246,-0.055665339585169574,-0.001441,0.055760179327427564,0.0078843,1,1.0
2240,0.09460243918431932,0.023433261378753734,0.0015493,4.315939991898444,2.5855106271620985,90.43312802662088,1.01338506043586,3.6326703004012306,0.32696719194081925,-9.919739826979379,-0.8125632746084135,-25.69650640087134,-0.8604110866485712,-19.558628650499,-0.01912858174625246,-0.09388114537337305,-0.001441,0.09626609280542936,0.0078843,1,1.0
2241,0.478302703180438,0.05537048300406952,0.0015493,4.315939991898444,2.5855106271620985,-15.40618286675813,1.01338506043586,1.2742400097485764,0.32696719194081925,-15.775724346683976,-0.8125632746084135,-7.3154112638453315,-0.8604110866485712,32.225282030913576,-0.01912858174625246,-0.04418615928201633,-0.001441,0.04121789088658792,0.0078843,1,1.0
2242,0.4521262247082234,0.48299267628688536,0.0015493,4.315939991898444,2.5855106271620985,47.75178314539652,1.01338506043586,11.376305355303593,0.32696719194081925,-79.99175931707389,-0.8125632746084135,-4.471469550784427,-0.8604110866485712,37.94898792584823,-0.01912858174625246,-0.42219521576737085,-0.001441,0.42501143472978276,0.0078843,1,1.0
2243,0.022168975362795273,0.008991466461088863,0.0015493,4.315939991898444,2.5855106271620985,3.030341889562287,1.01338506043586,2.443235679157559,0.32696719194081925,-37.94466985243661,-0.8125632746084135,17.84888233927944,-0.8604110866485712,26.069349129207918,-0.01912858174625246,-0.05448698277908199,-0.001441,0.05607581366270293,0.0078843,1,1.0
2244,0.1746253064119181,0.03723062794820118,0.0015493,4.315939991898444,2.5855106271620985,1.9648503058412599,1.01338506043586,5.551936603561659,0.32696719194081925,-89.42218398315944,-0.8125632746084135,39.18280066303104,-0.8604110866485712,68.30645694324687,-0.01912858174625246,-0.12643516978253325,-0.001441,0.12808169915264503,0.0078843,1,1.0
2245,-0.002070053367580371,0.1186877693171858,0.0015493,4.315939991898444,2.5855106271620985,71.07464945432363,1.01338506043586,3.325446895468891,0.32696719194081925,-17.121895910140783,-0.8125632746084135,-5.2988854560927825,-0.8604110866485712,-15.09683131073371,-0.01912858174625246,0.060158598473347286,-0.001441,0.1979812374819598,0.0078843,0,1.0
2246,0.0373704366694243,0.014042213629233575,0.0015493,4.315939991898444,2.5855106271620985,74.53402156025919,1.01338506043586,2.7690482704377732,0.32696719194081925,-6.072256847818611,-0.8125632746084135,-20.427631915905817,-0.8604110866485712,-18.865291687953338,-0.01912858174625246,-0.07023369208665249,-0.001441,0.07425329358521256,0.0078843,1,1.0
2247,0.11772415177003337,0.07059947044673316,0.0015493,4.315939991898444,2.5855106271620985,73.5767241817785,1.01338506043586,7.54390994002932,0.32696719194081925,-86.39613981573346,-0.8125632746084135,18.708954147994092,-0.8604110866485712,40.81194910806897,-0.01912858174625246,-0.17989785707680492,-0.001441,0.183205064783423,0.0078843,1,1.0
2248,0.327701915863553,0.04655949603005873,0.0015493,4.315939991898444,2.5855106271620985,62.34534770996529,1.01338506043586,5.127682510870101,0.32696719194081925,-42.66675193165933,-0.8125632746084135,-10.154494014465598,-0.8604110866485712,20.261245149371923,-0.01912858174625246,-0.12606791206792375,-0.001441,0.12753918615736823,0.0078843,1,1.0
2249,0.7191441463888166,0.15876894125795782,0.0015493,4.315939991898444,2.5855106271620985,82.19228307153674,1.01338506043586,7.674100844528208,0.32696719194081925,-64.61902993350338,-0.8125632746084135,-20.84248920303303,-0.8604110866485712,42.56511813061574,-0.01912858174625246,-0.194008399890711,-0.001441,0.19512609778857565,0.0078843,1,1.0
2250,0.9488112686573698,0.1922127749075015,0.0015493,4.315939991898444,2.5855106271620985,-79.29518365163067,1.01338506043586,1.7433313213596744,0.32696719194081925,-53.65370499181637,-0.8125632746084135,13.80335068172981,-0.8604110866485712,97.62726509511,-0.01912858174625246,-0.09944231111028723,-0.001441,0.10871525833290319,0.0078843,1,1.0
2251,1.3973456642175277,0.491121168717468,0.0015493,4.315939991898444,2.5855106271620985,-57.02677809728476,1.01338506043586,1.289011183332365,0.32696719194081925,-10.047906469197569,-0.8125632746084135,-36.569060526399255,-0.8604110866485712,72.34322316150487,-0.01912858174625246,-0.08390307975840938,-0.001441,0.08629599055682868,0.0078843,1,1.0
2252,0.1207029126277881,0.029529521903597963,0.0015493,4.315939991898444,2.5855106271620985,72.28449238125441,1.01338506043586,4.160383095811099,0.32696719194081925,-35.2557190631349,-0.8125632746084135,-6.757408236277055,-0.8604110866485712,6.784666670878238,-0.01912858174625246,-0.1130162838230524,-0.001441,0.11728945536133417,0.0078843,1,1.0
2253,0.06480290127372651,0.0025542788860609266,0.0015493,4.315939991898444,2.5855106271620985,-29.145364398121764,1.01338506043586,-0.5240519370917616,0.32696719194081925,-3.9222132295319434,-0.8125632746084135,7.815618740292701,-0.8604110866485712,14.256169145685403,-0.01912858174625246,-0.016332366587594398,-0.001441,0.015339963791272775,0.0078843,1,1.0
2254,0.2785933513059643,0.024508794989768514,0.0015493,4.315939991898444,2.5855106271620985,-23.12163843544708,1.01338506043586,4.730720346825271,0.32696719194081925,-83.69959649318727,-0.8125632746084135,38.87511724904043,-0.8604110866485712,75.47737158209364,-0.01912858174625246,-0.10446827892574491,-0.001441,0.10520827023051856,0.0078843,1,1.0
2255,0.3590981588932331,0.023125011371537454,0.0015493,4.315939991898444,2.5855106271620985,-42.32069223532435,1.01338506043586,1.545698966948771,0.32696719194081925,-31.016304542879357,-0.8125632746084135,12.362083970489776,-0.8604110866485712,45.96455681512461,-0.01912858174625246,-0.03637774070310757,-0.001441,0.03329998027564746,0.0078843,1,1.0
2256,0.6570358121563373,0.10232828858905182,0.0015493,4.315939991898444,2.5855106271620985,-41.021128205515986,1.01338506043586,1.1149197186402782,0.32696719194081925,-11.463236711673392,-0.8125632746084135,-10.970446795915358,-0.8604110866485712,41.02764016298208,-0.01912858174625246,-0.016609965945142757,-0.001441,0.02396558013059692,0.0078843,1,1.0
2257,0.2207165214010922,0.033971293809533114,0.0015493,4.315939991898444,2.5855106271620985,0.3218869784276509,1.01338506043586,5.403393011964499,0.32696719194081925,-84.90363689833202,-0.8125632746084135,35.24885624055897,-0.8604110866485712,66.7836950158459,-0.01912858174625246,-0.11677395472133696,-0.001441,0.1238497512034545,0.0078843,1,1.0
2258,0.11765483975206903,0.005851393328886315,0.0015493,4.315939991898444,2.5855106271620985,-46.09490513285808,1.01338506043586,1.8654899849753026,0.32696719194081925,-53.58116373923561,-0.8125632746084135,36.93833642526847,-0.8604110866485712,56.79248489311546,-0.01912858174625246,-0.036616742534307564,-0.001441,0.03662963512376981,0.0078843,1,1.0
2259,0.18998200352281802,0.034264003437407195,0.0015493,4.315939991898444,2.5855106271620985,95.1420011104638,1.01338506043586,4.002345977833588,0.32696719194081925,-12.699343935100309,-0.8125632746084135,-29.36770929430052,-0.8604110866485712,-15.473953970426063,-0.01912858174625246,-0.10859667358720931,-0.001441,0.10909560675780111,0.0078843,1,1.0
2260,-0.0005433221893936177,0.3026644693034384,0.0015493,4.315939991898444,2.5855106271620985,-47.63539415831602,1.01338506043586,0.1834242142740683,0.32696719194081925,-37.15015362107782,-0.8125632746084135,50.45160794630996,-0.8604110866485712,36.01207200378604,-0.01912858174625246,-0.003651936904353781,-0.001441,0.5661081577193263,0.0078843,1,1.0
2261,0.3503812140406815,0.039412248335063495,0.0015493,4.315939991898444,2.5855106271620985,36.359702145362796,1.01338506043586,2.761677662105653,0.32696719194081925,-12.932111342143836,-0.8125632746084135,-19.39661905479054,-0.8604110866485712,7.941085189159999,-0.01912858174625246,-0.06496559416029361,-0.001441,0.06825505604468733,0.0078843,1,1.0
2262,0.06995548512785787,0.01956254650086838,0.0015493,4.315939991898444,2.5855106271620985,78.1405071043367,1.01338506043586,2.630779641716375,0.32696719194081925,-3.3791984539429394,-0.8125632746084135,-23.545586133205664,-0.8604110866485712,-20.36762655218682,-0.01912858174625246,-0.0616017961745247,-0.001441,0.07580590992704843,0.0078843,1,1.0
2263,-1.8493849163858656e-05,0.04757591081980193,0.0015493,4.315939991898444,2.5855106271620985,35.97799869675938,1.01338506043586,5.5694114039403715,0.32696719194081925,-75.28409728020044,-0.8125632746084135,28.93121912737822,-0.8604110866485712,40.98334394776229,-0.01912858174625246,-0.12351096463614195,-0.001441,0.1316715398404494,0.0078843,1,1.0
2264,0.01684321548345502,0.02056206092629812,0.0015493,4.315939991898444,2.5855106271620985,35.519991045897754,1.01338506043586,3.777529041441472,0.32696719194081925,-46.83495814346921,-0.8125632746084135,13.669864725358151,-0.8604110866485712,22.358712971786716,-0.01912858174625246,-0.09145131671426582,-0.001441,0.09242466580999847,0.0078843,1,1.0
2265,0.0021319008019560215,0.11301221133427028,0.0015493,4.315939991898444,2.5855106271620985,99.86769917848451,1.01338506043586,7.011904355350238,0.32696719194081925,-72.15967024448896,-0.8125632746084135,18.001891303527987,-0.8604110866485712,15.28660650839274,-0.01912858174625246,0.12689064139523576,-0.001441,0.1975236402616971,0.0078843,0,1.0
2266,0.18108333590752224,0.015499962119697161,0.0015493,4.315939991898444,2.5855106271620985,-39.550642233874406,1.01338506043586,2.7805443945116988,0.32696719194081925,-62.73688520766255,-0.8125632746084135,37.430698934933766,-0.8604110866485712,62.73048536245258,-0.01912858174625246,-0.04045797389887019,-0.001441,0.058363968062796985,0.0078843,1,1.0
2267,-0.055776041530737897,1.2204295051134575,0.0015493,4.315939991898444,2.5855106271620985,32.98500176817978,1.01338506043586,-1.4862968592763712,0.32696719194081925,-17.18774737804535,-0.8125632746084135,58.48381254666596,-0.8604110866485712,-9.850171593016961,-0.01912858174625246,0.012543544055035438,-0.001441,1.697703537081139,0.0078843,0,1.0
2268,0.12403404458310985,0.023737441679634225,0.0015493,4.315939991898444,2.5855106271620985,29.638471016548415,1.01338506043586,4.535023985993618,0.32696719194081925,-53.95424611791532,-0.8125632746084135,13.657007258876176,-0.8604110866485712,31.493667879949673,-0.01912858174625246,-0.10496441458992861,-0.001441,0.10713574832940925,0.0078843,1,1.0
2269,0.11565820169261953,0.007513371298822563,0.0015493,4.315939991898444,2.5855106271620985,-50.65177419108719,1.01338506043586,2.0518454074867902,0.32696719194081925,-59.137576408928055,-0.8125632746084135,41.268823674741704,-0.8604110866485712,62.087799270739936,-0.01912858174625246,-0.039930465987214746,-0.001441,0.040032194746179604,0.0078843,1,1.0
2270,-0.020338524266513114,0.596274689998279,0.0015493,4.315939991898444,2.5855106271620985,-32.46516988296514,1.01338506043586,-0.3945790615946552,0.32696719194081925,-47.66967848629866,-0.8125632746084135,69.40218530932253,-0.8604110866485712,38.373286583338185,-0.01912858174625246,0.01179264570736882,-0.001441,0.99731288655881,0.0078843,0,1.0
2271,1.1234526610221276,0.25750773105242164,0.0015493,4.315939991898444,2.5855106271620985,-12.248520619389604,1.01338506043586,6.853922277962314,0.32696719194081925,-78.68023036598099,-0.8125632746084135,-4.074782850272039,-0.8604110866485712,94.22679044931026,-0.01912858174625246,-0.14720029343479601,-0.001441,0.1555992306619014,0.0078843,1,1.0
2272,0.7852092365193857,0.18786031181288104,0.0015493,4.315939991898444,2.5855106271620985,42.30499341058499,1.01338506043586,5.419062767538856,0.32696719194081925,-28.870903978121255,-0.8125632746084135,-32.84558579658323,-0.8604110866485712,28.3667988811548,-0.01912858174625246,-0.10920525006018013,-0.001441,0.1335784644300244,0.0078843,1,1.0
2273,0.11469691857250791,0.010482072932041078,0.0015493,4.315939991898444,2.5855106271620985,-91.59743073562196,1.01338506043586,-1.7456784712366633,0.32696719194081925,-17.798430742755862,-0.8125632746084135,32.02255102553488,-0.8604110866485712,46.709556171413325,-0.01912858174625246,-0.05225065539435456,-0.001441,0.05115469612089505,0.0078843,1,1.0
2274,0.021794192084764297,0.00859725064617282,0.0015493,4.315939991898444,2.5855106271620985,-11.41397572435452,1.01338506043586,1.5463214564978514,0.32696719194081925,-34.48693002236055,-0.8125632746084135,20.973474542312868,-0.8604110866485712,29.357564911032917,-0.01912858174625246,-0.03843416369271258,-0.001441,0.03657633555851892,0.0078843,1,1.0
2275,0.0222471218839162,0.042652146937574825,0.0015493,4.315939991898444,2.5855106271620985,54.76349996196141,1.01338506043586,5.374104175495964,0.32696719194081925,-66.09340153894829,-0.8125632746084135,18.241768484434683,-0.8604110866485712,30.41325383858398,-0.01912858174625246,-0.13412794837764755,-0.001441,0.13409962873932782,0.0078843,1,1.0
2276,0.11853336227082976,0.004466543608250079,0.0015493,4.315939991898444,2.5855106271620985,-49.909881125083714,1.01338506043586,-0.4979479737601348,0.32696719194081925,-11.827360465669848,-0.8125632746084135,15.488115194676707,-0.8604110866485712,27.905922266890666,-0.01912858174625246,-0.022504195512327085,-0.001441,0.020982510984252894,0.0078843,1,1.0
2277,0.22115917293070064,0.008853856805017709,0.0015493,4.315939991898444,2.5855106271620985,-34.545962378806806,1.01338506043586,2.7312123187860426,0.32696719194081925,-52.12141378547541,-0.8125632746084135,27.150313003099217,-0.8604110866485712,53.824271551481246,-0.01912858174625246,-0.06097577385038367,-0.001441,0.060558494887501875,0.0078843,1,1.0
2278,-0.009653199190675532,0.11204699031885001,0.0015493,4.315939991898444,2.5855106271620985,-60.16467266561834,1.01338506043586,-2.594346350382689,0.32696719194081925,-8.953364668972945,-0.8125632746084135,29.30288278100989,-0.8604110866485712,29.186639913229428,-0.01912858174625246,-0.08384205051793783,-0.001441,0.1818393548233326,0.0078843,1,1.0
2279,0.05644633606119842,0.018758892354762323,0.0015493,4.315939991898444,2.5855106271620985,-59.064093472074,1.01338506043586,2.301492231238229,0.32696719194081925,-71.06761615362534,-0.8125632746084135,52.71767811017358,-0.8604110866485712,71.58432643183565,-0.01912858174625246,-0.046143801339852505,-0.001441,0.04481703565507432,0.0078843,1,1.0
2280,0.006310314325862709,0.07811737740787349,0.0015493,4.315939991898444,2.5855106271620985,96.10377466819766,1.01338506043586,5.263517514232223,0.32696719194081925,-53.38991190970318,-0.8125632746084135,5.770348947252451,-0.8604110866485712,8.117646236645367,-0.01912858174625246,-0.01754462591548349,-0.001441,0.1596328244711938,0.0078843,1,1.0
2281,0.2764171582827053,0.00986615943198454,0.0015493,4.315939991898444,2.5855106271620985,-79.33669668223224,1.01338506043586,2.201755157764667,0.32696719194081925,-65.83397412819696,-0.8125632746084135,45.62763254093374,-0.8604110866485712,79.90241094878571,-0.01912858174625246,-0.037557799726063976,-0.001441,0.04595048894642749,0.0078843,1,1.0
2282,0.19147757990347603,0.06149122891492703,0.0015493,4.315939991898444,2.5855106271620985,95.94118778244501,1.01338506043586,7.007276565028793,0.32696719194081925,-58.17263610012348,-0.8125632746084135,-6.771897914446621,-0.8604110866485712,15.024455795665018,-0.01912858174625246,-0.17193834182421364,-0.001441,0.17238584215692476,0.0078843,1,1.0
2283,-0.015618312201459816,1.371376542520286,0.0015493,4.315939991898444,2.5855106271620985,92.69056809680828,1.01338506043586,2.5704956138998174,0.32696719194081925,-0.09688178158296568,-0.8125632746084135,25.857425604568316,-0.8604110866485712,-55.22601871302322,-0.01912858174625246,0.026584320561195196,-0.001441,1.8740320668513064,0.0078843,0,1.0
2284,0.22870146006712272,0.018501957798441052,0.0015493,4.315939991898444,2.5855106271620985,12.949691323914184,1.01338506043586,1.2118436708034084,0.32696719194081925,-6.433486031074614,-0.8125632746084135,-9.93551693070214,-0.8604110866485712,7.749973618837663,-0.01912858174625246,-0.024567568928167804,-0.001441,0.03292000949170848,0.0078843,1,1.0
2285,0.06736285745504875,0.019236442689894016,0.0015493,4.315939991898444,2.5855106271620985,-56.028094463919324,1.01338506043586,0.08777859346180215,0.32696719194081925,-40.28834673512313,-0.8125632746084135,37.09736122645424,-0.8604110866485712,51.30203925747936,-0.01912858174625246,-0.04538291699706814,-0.001441,0.05471348635698444,0.0078843,1,1.0
2286,1.3908131572881315,0.43576324279447193,0.0015493,4.315939991898444,2.5855106271620985,15.952590806350209,1.01338506043586,7.797321979565592,0.32696719194081925,-78.24578559949241,-0.8125632746084135,-22.75822394966856,-0.8604110866485712,95.26935505517156,-0.01912858174625246,-0.1873430300529961,-0.001441,0.19510928751588105,0.0078843,1,1.0
2287,1.292884657247701,0.38001667741756034,0.0015493,4.315939991898444,2.5855106271620985,-89.54955693579363,1.01338506043586,1.848732623926267,0.32696719194081925,-37.01057439511446,-0.8125632746084135,-9.564975837786493,-0.8604110866485712,97.96702725669601,-0.01912858174625246,-0.0833418075558161,-0.001441,0.0629108575091829,0.0078843,1,1.0
2288,1.632989618454913,0.7067306417876152,0.0015493,4.315939991898444,2.5855106271620985,12.87483650039826,1.01338506043586,5.651568046706878,0.32696719194081925,-16.260358345267687,-0.8125632746084135,-68.3513620243356,-0.8604110866485712,56.26169427622216,-0.01912858174625246,-0.1341223834453273,-0.001441,0.13012166818173315,0.0078843,1,1.0
2289,0.10825398136796929,0.0035168635198982202,0.0015493,4.315939991898444,2.5855106271620985,-75.5936352558879,1.01338506043586,-0.1824610706150346,0.32696719194081925,-30.502400869543568,-0.8125632746084135,33.30422253405891,-0.8604110866485712,48.831132062549194,-0.01912858174625246,-0.025535567226102195,-0.001441,0.027867683441908243,0.0078843,1,1.0
2290,0.04382372217059596,0.002512736190156241,0.0015493,4.315939991898444,2.5855106271620985,21.394363761355436,1.01338506043586,0.9625816329267172,0.32696719194081925,-4.229525852741298,-0.8125632746084135,-5.884654700222701,-0.8604110866485712,-2.388303956870678,-0.01912858174625246,-0.026931558440703853,-0.001441,0.02649239443400955,0.0078843,1,1.0
2291,0.05617552318958874,0.021997331838921406,0.0015493,4.315939991898444,2.5855106271620985,-36.01663770188216,1.01338506043586,3.360083860785838,0.32696719194081925,-74.682973838731,-0.8125632746084135,47.42569618740373,-0.8604110866485712,66.09144712307071,-0.01912858174625246,-0.07207835547698098,-0.001441,0.07140292267190655,0.0078843,1,1.0
2292,0.7409802725744384,0.13965015091020783,0.0015493,4.315939991898444,2.5855106271620985,-21.35991755289024,1.01338506043586,1.7694538850845851,0.32696719194081925,-15.731290595965726,-0.8125632746084135,-17.450233761797715,-0.8604110866485712,42.11900667217699,-0.01912858174625246,-0.05654194924662321,-0.001441,0.047563392526287,0.0078843,1,1.0
2293,0.009628140291240594,0.46121822367988574,0.0015493,4.315939991898444,2.5855106271620985,99.99397333576833,1.01338506043586,3.7798655914127193,0.32696719194081925,-18.819352125345798,-0.8125632746084135,8.052220777002056,-0.8604110866485712,-30.50529724508489,-0.01912858174625246,0.0862680567284338,-0.001441,0.8997222363891986,0.0078843,0,1.0
2294,0.005078428765111442,0.5025301323149971,0.0015493,4.315939991898444,2.5855106271620985,28.409750397447134,1.01338506043586,3.9106102860188665,0.32696719194081925,-58.14886962460843,-0.8125632746084135,53.01863806513155,-0.8604110866485712,18.437063479490877,-0.01912858174625246,0.069357303205346,-0.001441,1.032335710502175,0.0078843,0,1.0
2295,0.2188821916552287,0.00693510710869061,0.0015493,4.315939991898444,2.5855106271620985,-19.327915177227602,1.01338506043586,1.8661513777488363,0.32696719194081925,-33.289332041226736,-0.8125632746084135,13.573336713429295,-0.8604110866485712,36.49495986927289,-0.01912858174625246,-0.03994478515344016,-0.001441,0.03979001690829545,0.0078843,1,1.0
2296,0.03885161639972157,0.006706656589767832,0.0015493,4.315939991898444,2.5855106271620985,33.15187025282809,1.01338506043586,2.137962284676625,0.32696719194081925,-13.439838994183336,-0.8125632746084135,-5.157283825168977,-0.8604110866485712,-1.0369007277868438,-0.01912858174625246,-0.05433507578061048,-0.001441,0.05438729425071199,0.0078843,1,1.0
2297,0.030690772851331483,0.03660448242908199,0.0015493,4.315939991898444,2.5855106271620985,94.89559151690607,1.01338506043586,5.08003708455486,0.32696719194081925,-38.88546836847546,-0.8125632746084135,-8.344339241909159,-0.8604110866485712,-1.6396891392677766,-0.01912858174625246,-0.13286849168206427,-0.001441,0.13382876930132792,0.0078843,1,1.0
2298,0.046553482824251535,0.026200710226170418,0.0015493,4.315939991898444,2.5855106271620985,46.01453651828222,1.01338506043586,3.994348587438667,0.32696719194081925,-48.72877776669988,-0.8125632746084135,11.171395124945818,-0.8604110866485712,22.36685570745404,-0.01912858174625246,-0.10468198523832789,-0.001441,0.1070216602957848,0.0078843,1,1.0
2299,1.1958124700530695,0.32763798552458434,0.0015493,4.315939991898444,2.5855106271620985,8.800464884588306,1.01338506043586,6.257978147461193,0.32696719194081925,-64.71263178156113,-0.8125632746084135,-18.77813135640203,-0.8604110866485712,82.16579051688305,-0.01912858174625246,-0.1469806807500323,-0.001441,0.16265126470006647,0.0078843,1,1.0
2300,0.005234725161111585,0.0001895949603421989,0.0015493,2.360253898083111,5.634017415187891,8.273535127134052,1.01338506043586,2.1646569867886973,0.32696719194081925,-0.8044039069700252,-0.8125632746084135,-35.06299947794229,-0.8604110866485712,-0.4210295192221241,-0.01912858174625246,-0.006837147239657711,-0.001441,0.006965268096463304,0.0078843,1,1.0
2301,0.18552285017631653,0.001456297936699311,0.0015493,2.360253898083111,5.634017415187891,-88.30490198106943,1.01338506043586,5.592190528656104,0.32696719194081925,-41.20121942959219,-0.8125632746084135,-58.6259286126249,-0.8604110866485712,70.54955577531116,-0.01912858174625246,-0.00953877264051136,-0.001441,0.009554709848588881,0.0078843,1,1.0
2302,0.014725502216245748,0.0003087253107925473,0.0015493,2.360253898083111,5.634017415187891,-41.32686752302237,1.01338506043586,-1.654405053262655,0.32696719194081925,-27.242721334675867,-0.8125632746084135,93.35872789479488,-0.8604110866485712,22.47239025735403,-0.01912858174625246,-0.009078019962495146,-0.001441,0.009106860915621424,0.0078843,1,1.0
2303,0.0010458399670701668,0.01560337323623223,0.0015493,2.360253898083111,5.634017415187891,25.670096684690378,1.01338506043586,11.522200169922316,0.32696719194081925,-64.56388842046823,-0.8125632746084135,7.106034597693075,-0.8604110866485712,16.451953792866142,-0.01912858174625246,-0.013341216155691824,-0.001441,0.04193054222470479,0.0078843,1,1.0
2304,0.009364673813466104,0.00014312543804442026,0.0015493,2.360253898083111,5.634017415187891,-17.840507312085453,1.01338506043586,-1.3429007783839677,0.32696719194081925,-6.211977059462439,-0.8125632746084135,38.09872946524204,-0.8604110866485712,7.671667326226071,-0.01912858174625246,-0.006289485422231426,-0.001441,0.006322494059777899,0.0078843,1,1.0
2305,0.04833089984340225,0.0002600044921065184,0.0015493,2.360253898083111,5.634017415187891,-44.4518050078543,1.01338506043586,0.2393185465166097,0.32696719194081925,-26.62284727949721,-0.8125632746084135,45.16963458237856,-0.8604110866485712,29.461061952541083,-0.01912858174625246,-0.0035841222825430917,-0.001441,0.003552221094380824,0.0078843,1,1.0
2306,0.06229617653529168,0.0019846852209515916,0.0015493,2.360253898083111,5.634017415187891,-38.977056965383746,1.01338506043586,10.615393690773605,0.32696719194081925,-76.10070025921601,-0.8125632746084135,-20.829783735608572,-0.8604110866485712,53.33158547015525,-0.01912858174625246,-0.03024356295329613,-0.001441,0.030287982845972464,0.0078843,1,1.0
2307,0.08548208955666652,0.0007316960115275324,0.0015493,2.360253898083111,5.634017415187891,-38.873115801349726,1.01338506043586,6.72079676030714,0.32696719194081925,-43.778397847191016,-0.8125632746084135,-45.86034565739368,-0.8604110866485712,43.89156387249011,-0.01912858174625246,-0.018700680718829025,-0.001441,0.018708170689392994,0.0078843,1,1.0
2308,0.13216894542517532,0.0015941959286632995,0.0015493,2.360253898083111,5.634017415187891,-48.50590368849514,1.01338506043586,10.303204037117604,0.32696719194081925,-51.017112693277944,-0.8125632746084135,-98.58514076417508,-0.8604110866485712,57.2068346952657,-0.01912858174625246,-0.027255480119582773,-0.001441,0.027240134049702568,0.0078843,1,1.0
2309,0.07269711429222774,0.0023894180770767546,0.0015493,2.360253898083111,5.634017415187891,-27.524161260988382,1.01338506043586,11.995377423312426,0.32696719194081925,-63.04875207089064,-0.8125632746084135,-67.86705525370193,-0.8604110866485712,46.24254308265078,-0.01912858174625246,-0.03301173901466836,-0.001441,0.03298890701965736,0.0078843,1,1.0
2310,0.050361028255380524,0.0005614168291852858,0.0015493,2.360253898083111,5.634017415187891,-52.30502086921819,1.01338506043586,6.524093910753266,0.32696719194081925,-71.21501036366048,-0.8125632746084135,44.77850003863623,-0.8604110866485712,51.155664297152605,-0.01912858174625246,-0.016105355472981846,-0.001441,0.016106708602017645,0.0078843,1,1.0
2311,0.03353497383573829,0.00024696106820142744,0.0015493,2.360253898083111,5.634017415187891,-17.01286914784188,1.01338506043586,4.327866860895861,0.32696719194081925,-25.62942582172972,-0.8125632746084135,-15.415108973414554,-0.8604110866485712,20.29506235188701,-0.01912858174625246,-0.010657172251659327,-0.001441,0.010662053839522114,0.0078843,1,1.0
2312,0.04751199480931441,0.0001235958643285257,0.0015493,2.360253898083111,5.634017415187891,-35.20443360103992,1.01338506043586,2.8142460528119035,0.32696719194081925,-33.0676156315737,-0.8125632746084135,13.77160937878054,-0.8604110866485712,30.675179558857742,-0.01912858174625246,-0.006165576224321827,-0.001441,0.006173770670270731,0.0078843,1,1.0
2313,0.06710892360205273,0.0011456297676134405,0.0015493,2.360253898083111,5.634017415187891,-20.718181160703097,1.01338506043586,6.908567490535005,0.32696719194081925,-37.36367018443168,-0.8125632746084135,-69.98454034785613,-0.8604110866485712,35.11893227812359,-0.01912858174625246,-0.023409216942265304,-0.001441,0.023434399935663146,0.0078843,1,1.0
2314,0.0005019408631137812,0.025080417246845156,0.0015493,2.360253898083111,5.634017415187891,66.11056460520231,1.01338506043586,14.649126505542593,0.32696719194081925,-52.27101101590425,-0.8125632746084135,-31.316702320148035,-0.8604110866485712,-3.020261010687991,-0.01912858174625246,-0.006905183168367912,-0.001441,0.05465037602305215,0.0078843,1,1.0
2315,0.007586892402993848,0.0006975805376098392,0.0015493,2.360253898083111,5.634017415187891,-14.564068028572462,1.01338506043586,2.8727099076758713,0.32696719194081925,-14.610594512566564,-0.8125632746084135,31.08259593413443,-0.8604110866485712,6.369353104613376,-0.01912858174625246,-0.012216190959456641,-0.001441,0.012246114372105682,0.0078843,1,1.0
2316,0.009702360502344395,0.0009629043474387166,0.0015493,2.360253898083111,5.634017415187891,-30.45177130639412,1.01338506043586,-3.4631523431588414,0.32696719194081925,-2.3550953933743184,-0.8125632746084135,80.6989970556829,-0.8604110866485712,7.0177937643636605,-0.01912858174625246,-0.017740275558981958,-0.001441,0.01764828417722717,0.0078843,1,1.0
2317,0.0913171743597585,0.0005549932375259758,0.0015493,2.360253898083111,5.634017415187891,-47.75661805130201,1.01338506043586,0.5367080999197087,0.32696719194081925,-14.094929948195007,-0.8125632746084135,-12.749226439627881,-0.8604110866485712,33.43390127669873,-0.01912858174625246,-0.0017324280402404482,-0.001441,0.0017593281319922026,0.0078843,1,1.0
2318,0.08730034421652758,0.00039222025263587856,0.0015493,2.360253898083111,5.634017415187891,-81.02353526816043,1.01338506043586,4.020025558768651,0.32696719194081925,-71.79026628271264,-0.8125632746084135,71.95229558709617,-0.8604110866485712,64.38278137364046,-0.01912858174625246,-0.006656162987478001,-0.001441,0.006677489954461361,0.0078843,1,1.0
2319,0.0058876818142642035,0.0015250162153089449,0.0015493,2.360253898083111,5.634017415187891,-43.13597530906433,1.01338506043586,8.725047432799862,0.32696719194081925,-93.41287427771553,-0.8125632746084135,81.87374296866712,-0.8604110866485712,50.2370267430176,-0.01912858174625246,-0.023239729677831347,-0.001441,0.023249888448796177,0.0078843,1,1.0
2320,0.014628723722459144,0.0013960355629658325,0.0015493,2.360253898083111,5.634017415187891,-29.346820956238513,1.01338506043586,8.250675229670044,0.32696719194081925,-70.44556320897877,-0.8125632746084135,36.33733794150859,-0.8604110866485712,38.55790809133107,-0.01912858174625246,-0.02142097413845096,-0.001441,0.021820299026648456,0.0078843,1,1.0
2321,0.019477464751016027,0.004112869566248206,0.0015493,2.360253898083111,5.634017415187891,-11.655831360479365,1.01338506043586,12.111714672822778,0.32696719194081925,-79.43676683195194,-0.8125632746084135,-37.16118969300795,-0.8604110866485712,42.63259864442729,-0.01912858174625246,-0.04037768046512248,-0.001441,0.04040730696540709,0.0078843,1,1.0
2322,0.000167592690557071,0.0007098809501206816,0.0015493,2.360253898083111,5.634017415187891,-11.872467805126607,1.01338506043586,2.4411949638092305,0.32696719194081925,-24.124367000024066,-0.8125632746084135,32.4158069640312,-0.8604110866485712,11.436263348480384,-0.01912858174625246,-0.004404809045695638,-0.001441,0.005664135980445381,0.0078843,1,1.0
2323,0.05101276692420929,0.0002614178120303051,0.0015493,2.360253898083111,5.634017415187891,-24.449270116559457,1.01338506043586,4.517285082675206,0.32696719194081925,-27.73624100008288,-0.8125632746084135,-23.304779248807343,-0.8604110866485712,26.338046549677927,-0.01912858174625246,-0.011097892037125983,-0.001441,0.011094959944177104,0.0078843,1,1.0
2324,0.0038561789277893957,0.00022789661070638079,0.0015493,2.360253898083111,5.634017415187891,-20.320404292267025,1.01338506043586,2.3031117360386193,0.32696719194081925,-25.08985970696947,-0.8125632746084135,48.92518215199775,-0.8604110866485712,13.11910780709488,-0.01912858174625246,-0.0073245731803907145,-0.001441,0.007391372664449795,0.0078843,1,1.0
2325,0.10303354349492654,0.00044839845676688237,0.0015493,2.360253898083111,5.634017415187891,-50.42850908808645,1.01338506043586,4.7930311451554815,0.32696719194081925,-34.327220390967526,-0.8125632746084135,-33.808755644302714,-0.8604110866485712,44.53519856886019,-0.01912858174625246,-0.010235097037444867,-0.001441,0.010243277850803438,0.0078843,1,1.0
2326,0.04061258074822023,0.0016827685423998577,0.0015493,2.360253898083111,5.634017415187891,-22.930609673951917,1.01338506043586,9.743624253227157,0.32696719194081925,-59.23748330538991,-0.8125632746084135,-23.984130207879744,-0.8604110866485712,37.200784373791315,-0.01912858174625246,-0.026008031971274995,-0.001441,0.026220988804529412,0.0078843,1,1.0
2327,0.12944231605172027,0.0010544245932284338,0.0015493,2.360253898083111,5.634017415187891,-87.13351885711594,1.01338506043586,2.095439394822206,0.32696719194081925,-50.84757734876564,-0.8125632746084135,28.41713870753545,-0.8604110866485712,65.32272141457686,-0.01912858174625246,-0.0017534625378953627,-0.001441,0.0018815605129720737,0.0078843,1,1.0
2328,0.1646279295774935,0.0011697049457152068,0.0015493,2.360253898083111,5.634017415187891,-85.964028764223,1.01338506043586,5.459986948609931,0.32696719194081925,-45.82687693951601,-0.8125632746084135,-31.91548057907938,-0.8604110866485712,67.61637210092316,-0.01912858174625246,-0.009173132736981641,-0.001441,0.009145113418357826,0.0078843,1,1.0
2329,0.08140983443734132,0.0006248047785769682,0.0015493,2.360253898083111,5.634017415187891,-35.312781506981835,1.01338506043586,7.001003274934124,0.32696719194081925,-37.39057491087345,-0.8125632746084135,-45.012934764357425,-0.8604110866485712,37.78393722907122,-0.01912858174625246,-0.01658162854926131,-0.001441,0.016588512686512354,0.0078843,1,1.0
2330,0.07939745779133184,0.0008247375911643653,0.0015493,2.360253898083111,5.634017415187891,-50.46205415983688,1.01338506043586,-1.3616259974689746,0.32696719194081925,-10.887040381093012,-0.8125632746084135,17.943425059002923,-0.8604110866485712,30.09378022879484,-0.01912858174625246,-0.00806353022611853,-0.001441,0.008030131359966833,0.0078843,1,1.0
2331,0.021950404302819804,0.0007586154628450371,0.0015493,2.360253898083111,5.634017415187891,-32.25414808809768,1.01338506043586,7.274653922198461,0.32696719194081925,-61.96521116686784,-0.8125632746084135,36.22757920589753,-0.8604110866485712,36.21743075241017,-0.01912858174625246,-0.017474206332714348,-0.001441,0.017489232884490953,0.0078843,1,1.0
2332,0.09630885270849762,0.000686311302045738,0.0015493,2.360253898083111,5.634017415187891,-59.20167384236948,1.01338506043586,7.478926952332431,0.32696719194081925,-62.03559177391018,-0.8125632746084135,-7.5839702701080824,-0.8604110866485712,56.98091061127899,-0.01912858174625246,-0.01762844212687618,-0.001441,0.017659030569946287,0.0078843,1,1.0
2333,0.009553948416051866,0.002816434309237755,0.0015493,2.360253898083111,5.634017415187891,-15.760541261596707,1.01338506043586,10.499704600564748,0.32696719194081925,-50.188758219742915,-0.8125632746084135,17.125953331875785,-0.8604110866485712,19.9048710115217,-0.01912858174625246,-0.025436579214962916,-0.001441,0.025471780158906616,0.0078843,1,1.0
2334,-1.867289558311891e-05,0.008783849312728097,0.0015493,2.360253898083111,5.634017415187891,-14.170407730653436,1.01338506043586,8.506619175117022,0.32696719194081925,-84.5096499104105,-0.8125632746084135,62.42719252982325,-0.8604110866485712,38.415351831775645,-0.01912858174625246,-0.018428824441322773,-0.001441,0.03268541004683075,0.0078843,1,1.0
2335,0.016730983516117154,0.006219421271269248,0.0015493,2.360253898083111,5.634017415187891,12.783667065546727,1.01338506043586,15.188300398426083,0.32696719194081925,-67.53032862152561,-0.8125632746084135,-99.99126991163278,-0.8604110866485712,30.424334558985265,-0.01912858174625246,-0.04759320909337003,-0.001441,0.048254611567748754,0.0078843,1,1.0
2336,0.05538319116635328,0.0002005074628360093,0.0015493,2.360253898083111,5.634017415187891,-27.77428983293559,1.01338506043586,0.8067296176331256,0.32696719194081925,-9.745164231096108,-0.8125632746084135,-11.745935080746728,-0.8604110866485712,20.45165770651701,-0.01912858174625246,-0.0006142900431477831,-0.001441,0.0006871158718501965,0.0078843,1,1.0
2337,0.15106845384154377,0.0011231859372083123,0.0015493,2.360253898083111,5.634017415187891,-98.87352705620548,1.01338506043586,3.5954517684761638,0.32696719194081925,-55.587870063868344,-0.8125632746084135,27.80649700315745,-0.8604110866485712,71.89217862914393,-0.01912858174625246,-0.005191919024136326,-0.001441,0.005187459735764328,0.0078843,1,1.0
2338,0.10051027326600895,0.000857273435182114,0.0015493,2.360253898083111,5.634017415187891,-57.97519640426275,1.01338506043586,8.640461459702188,0.32696719194081925,-63.27091920878223,-0.8125632746084135,-18.711904369402216,-0.8604110866485712,57.4344179154249,-0.01912858174625246,-0.020179042023948157,-0.001441,0.020183940655058415,0.0078843,1,1.0
2339,0.003771946010410726,0.004146132346454366,0.0015493,2.360253898083111,5.634017415187891,0.2780851997732467,1.01338506043586,11.700435003535615,0.32696719194081925,-58.88840504513309,-0.8125632746084135,-20.845308697090246,-0.8604110866485712,22.996081653558296,-0.01912858174625246,-0.02873227544360663,-0.001441,0.03158624017996359,0.0078843,1,1.0
2340,0.0021147106259654137,1.39275274239013e-05,0.0015493,2.360253898083111,5.634017415187891,-16.293994739807566,1.01338506043586,0.656578143244965,0.32696719194081925,-19.80691380296739,-0.8125632746084135,38.81849860922637,-0.8604110866485712,12.070437852658866,-0.01912858174625246,-0.0008722971799413455,-0.001441,0.0008852137321276942,0.0078843,1,1.0
2341,0.06538185649579718,0.0003546689028360022,0.0015493,2.360253898083111,5.634017415187891,-26.4490976352613,1.01338506043586,4.87609849780989,0.32696719194081925,-24.736658221272823,-0.8125632746084135,-40.149560221735904,-0.8604110866485712,27.995234518996053,-0.01912858174625246,-0.011699101515272349,-0.001441,0.011675485637909946,0.0078843,1,1.0
2342,0.10152044804719874,0.0004925351902653432,0.0015493,2.360253898083111,5.634017415187891,-90.58874172522381,1.01338506043586,4.096279381477427,0.32696719194081925,-69.96882712887438,-0.8125632746084135,80.57962008348106,-0.8604110866485712,66.36528213647769,-0.01912858174625246,-0.006735187678472313,-0.001441,0.006706959777952118,0.0078843,1,1.0
2343,0.008816246071456785,0.0006828249295192936,0.0015493,2.360253898083111,5.634017415187891,-38.77256157612159,1.01338506043586,4.82971666862293,0.32696719194081925,-68.69623134078306,-0.8125632746084135,73.51546232915979,-0.8604110866485712,40.29264882325047,-0.01912858174625246,-0.014121407272317721,-0.001441,0.014089203336710711,0.0078843,1,1.0
2344,0.07004879024256341,0.0012550218456634447,0.0015493,2.360253898083111,5.634017415187891,-46.45544087723093,1.01338506043586,7.474545064755635,0.32696719194081925,-67.0820685066734,-0.8125632746084135,-7.882907646849219,-0.8604110866485712,53.75326485908373,-0.01912858174625246,-0.023291946133586327,-0.001441,0.023262457051701792,0.0078843,1,1.0
2345,0.0464033896646277,0.00015338973735683597,0.0015493,2.360253898083111,5.634017415187891,-45.408423721567836,1.01338506043586,3.23030553867502,0.32696719194081925,-47.26216698970135,-0.8125632746084135,41.115142035532834,-0.8604110866485712,38.755579877998144,-0.01912858174625246,-0.0068910253300292984,-0.001441,0.006891640151426391,0.0078843,1,1.0
2346,0.03271982420756842,0.0008771324953504129,0.0015493,2.360253898083111,5.634017415187891,-5.635846973038529,1.01338506043586,6.675310614533144,0.32696719194081925,-29.32269350567633,-0.8125632746084135,-52.70327857648703,-0.8604110866485712,20.168895026366602,-0.01912858174625246,-0.019756508432773066,-0.001441,0.01976758047521386,0.0078843,1,1.0
2347,0.00870345646546311,0.0022762086259883814,0.0015493,2.360253898083111,5.634017415187891,-26.26801637337504,1.01338506043586,10.032003235139387,0.32696719194081925,-81.3139554432439,-0.8125632746084135,28.861375332174646,-0.8604110866485712,42.19987217748745,-0.01912858174625246,-0.028500260646959368,-0.001441,0.02842269661490506,0.0078843,1,1.0
2348,0.031099720511580088,0.0001769166381416539,0.0015493,2.360253898083111,5.634017415187891,-40.87394880695478,1.01338506043586,4.177647634240273,0.32696719194081925,-49.96067491340872,-0.8125632746084135,53.78725209914911,-0.8604110866485712,34.58426544513701,-0.01912858174625246,-0.008194676080817793,-0.001441,0.008274431356211613,0.0078843,1,1.0
2349,0.005897657341522963,0.0011536530087943651,0.0015493,2.360253898083111,5.634017415187891,-20.073942276362764,1.01338506043586,6.711590536116716,0.32696719194081925,-59.901541991988495,-0.8125632746084135,23.762272424397683,-0.8604110866485712,31.975666637719883,-0.01912858174625246,-0.020662803379346305,-0.001441,0.02066938735512016,0.0078843,1,1.0
2350,0.06544492074027498,0.0020651583328194522,0.0015493,2.360253898083111,5.634017415187891,-42.60607215299287,1.01338506043586,11.142057659962603,0.32696719194081925,-80.29618338002881,-0.8125632746084135,-16.05630286052357,-0.8604110866485712,56.05379321775582,-0.01912858174625246,-0.030680192181461178,-0.001441,0.030780646674276598,0.0078843,1,1.0
2351,0.14475401552992676,0.0010158914618382101,0.0015493,2.360253898083111,5.634017415187891,-72.74776035809394,1.01338506043586,7.397129492618515,0.32696719194081925,-56.633527318178636,-0.8125632746084135,-46.29213778185462,-0.8604110866485712,67.37856190692901,-0.01912858174625246,-0.017579611262910046,-0.001441,0.01761701476703242,0.0078843,1,1.0
2352,0.00015350884095527428,0.007572968860139761,0.0015493,2.360253898083111,5.634017415187891,34.668558616364244,1.01338506043586,7.074034657040239,0.32696719194081925,-1.2705875276775043,-0.8125632746084135,-52.663818162498394,-0.8604110866485712,-13.42358136722686,-0.01912858174625246,-0.009097980352083139,-0.001441,0.021730844121059554,0.0078843,1,1.0
2353,0.06762370206176341,0.0018105687329223845,0.0015493,2.360253898083111,5.634017415187891,-20.883733946730736,1.01338506043586,9.270921701891396,0.32696719194081925,-49.406370084205456,-0.8125632746084135,-75.79486721379178,-0.8604110866485712,40.07713207139121,-0.01912858174625246,-0.029507356895165718,-0.001441,0.02951408611313091,0.0078843,1,1.0
2354,0.057864689141829746,0.0006662963340284006,0.0015493,2.360253898083111,5.634017415187891,-51.543724382674036,1.01338506043586,7.846587866984011,0.32696719194081925,-69.1532463711415,-0.8125632746084135,32.498095016666674,-0.8604110866485712,49.87144681104573,-0.01912858174625246,-0.017529397879965557,-0.001441,0.017585470869532622,0.0078843,1,1.0
2355,0.048985100290157985,0.0001471519630283771,0.0015493,2.360253898083111,5.634017415187891,-14.857148487936929,1.01338506043586,0.854863070088191,0.32696719194081925,-1.2039399426637796,-0.8125632746084135,-38.7949147628255,-0.8604110866485712,13.674457372991286,-0.01912858174625246,-0.0033391701582294086,-0.001441,0.003326058204618511,0.0078843,1,1.0
2356,0.00028576965397137527,0.004378670041105549,0.0015493,2.360253898083111,5.634017415187891,17.338347555296995,1.01338506043586,3.69642869030892,0.32696719194081925,-8.97869982034816,-0.8125632746084135,-23.76620030604814,-0.8604110866485712,-1.8267467335699128,-0.01912858174625246,-0.004816458975642402,-0.001441,0.013217908072870942,0.0078843,1,1.0
2357,0.056437755351413724,0.00026900490076034125,0.0015493,2.360253898083111,5.634017415187891,-54.10044651760011,1.01338506043586,1.693691256270629,0.32696719194081925,-45.82790446903842,-0.8125632746084135,51.308051839397635,-0.8604110866485712,42.54879440075499,-0.01912858174625246,-0.0035169976043053757,-0.001441,0.003524338517709308,0.0078843,1,1.0
2358,0.0012824277034061138,1.86936117650553e-05,0.0015493,2.360253898083111,5.634017415187891,-4.100522593217186,1.01338506043586,0.3984375490540902,0.32696719194081925,-4.65087753463909,-0.8125632746084135,9.189780272027322,-0.8604110866485712,2.6187669716194226,-0.01912858174625246,-0.001318602129319858,-0.001441,0.001343916129482503,0.0078843,1,1.0
2359,0.08168754012535671,0.0005780116572646308,0.0015493,2.360253898083111,5.634017415187891,-22.15152657548509,1.01338506043586,5.957219333207982,0.32696719194081925,-19.077090965804295,-0.8125632746084135,-78.93238884686669,-0.8604110866485712,27.844836736510487,-0.01912858174625246,-0.015180909072960635,-0.001441,0.015233908886915245,0.0078843,1,1.0
2360,-0.00012998222125804038,0.004886312895724637,0.0015493,2.360253898083111,5.634017415187891,-14.160329206510516,1.01338506043586,10.502942926993004,0.32696719194081925,-87.68328385811866,-0.8125632746084135,1.2089946981808954,-0.8604110866485712,44.436980532249635,-0.01912858174625246,-0.03914966197534525,-0.001441,0.0397370583925101,0.0078843,1,1.0
2361,0.10139752732389569,0.0005162360167363538,0.0015493,2.360253898083111,5.634017415187891,-55.156934023634975,1.01338506043586,6.226038826043384,0.32696719194081925,-46.561947386542855,-0.8125632746084135,-21.33832118666328,-0.8604110866485712,49.9395994016892,-0.01912858174625246,-0.013441152354262756,-0.001441,0.013433851486292784,0.0078843,1,1.0
2362,0.0824903769080072,0.0005695816785361183,0.0015493,2.360253898083111,5.634017415187891,-19.58777594636401,1.01338506043586,4.838197316747641,0.32696719194081925,-15.526147692194282,-0.8125632746084135,-89.01205352318702,-0.8604110866485712,27.8038420137008,-0.01912858174625246,-0.015841230135306562,-0.001441,0.01584560107269538,0.0078843,1,1.0
2363,0.0048046587556924425,0.017471700254240767,0.0015493,2.360253898083111,5.634017415187891,41.15783416978853,1.01338506043586,15.289131279664492,0.32696719194081925,-67.82667347510602,-0.8125632746084135,-54.04855179746847,-0.8604110866485712,16.02264348981566,-0.01912858174625246,-0.0272425117542841,-0.001441,0.05500920740658875,0.0078843,1,1.0
2364,0.04609233592140122,0.004876080938191025,0.0015493,2.360253898083111,5.634017415187891,-11.476119269200321,1.01338506043586,16.061767108377932,0.32696719194081925,-74.87064736090589,-0.8125632746084135,-76.1372018053003,-0.8604110866485712,41.15188076558755,-0.01912858174625246,-0.0432082740714136,-0.001441,0.04329053432995403,0.0078843,1,1.0
2365,0.01754647741416824,8.162622528828356e-05,0.0015493,2.360253898083111,5.634017415187891,-25.552461005419264,1.01338506043586,2.4243907135024054,0.32696719194081925,-32.78722682832643,-0.8125632746084135,35.24601096849506,-0.8604110866485712,22.5068666450207,-0.01912858174625246,-0.005161374943093469,-0.001441,0.005146942944462712,0.0078843,1,1.0
2366,0.007444536227004889,0.0028821550568895416,0.0015493,2.360253898083111,5.634017415187891,-17.614241492281515,1.01338506043586,11.930772093626702,0.32696719194081925,-78.47603759420934,-0.8125632746084135,7.182737118226779,-0.8604110866485712,37.43400747927029,-0.01912858174625246,-0.03199174937195098,-0.001441,0.032048489043199395,0.0078843,1,1.0
2367,0.02336878539618617,0.002141501067571656,0.0015493,2.360253898083111,5.634017415187891,-9.57969592764416,1.01338506043586,7.448955451929901,0.32696719194081925,-52.19204330986241,-0.8125632746084135,-38.4567592921381,-0.8604110866485712,32.15160011066826,-0.01912858174625246,-0.02924889441408422,-0.001441,0.029271861251233832,0.0078843,1,1.0
2368,0.11492996515735768,0.0005108144508965483,0.0015493,2.360253898083111,5.634017415187891,-89.82625793023858,1.01338506043586,5.914706066312762,0.32696719194081925,-73.99182293888502,-0.8125632746084135,53.03613248914969,-0.8604110866485712,70.69852574905578,-0.01912858174625246,-0.010060408317227884,-0.001441,0.010067484549563051,0.0078843,1,1.0
2369,0.0784695161752345,0.0005114928461170922,0.0015493,2.360253898083111,5.634017415187891,-18.500746859981533,1.01338506043586,5.154623761992696,0.32696719194081925,-15.38476722029341,-0.8125632746084135,-84.49047546849302,-0.8604110866485712,25.945978898651873,-0.01912858174625246,-0.015008865914706274,-0.001441,0.015031240478910269,0.0078843,1,1.0
2370,0.000861913179943552,0.00419710202298033,0.0015493,2.360253898083111,5.634017415187891,5.32688592943366,1.01338506043586,7.0392783529204035,0.32696719194081925,-39.68684625015144,-0.8125632746084135,-9.698688095464199,-0.8604110866485712,14.686716639717085,-0.01912858174625246,-0.016105549342832474,-0.001441,0.022627219631068812,0.0078843,1,1.0
2371,0.014936539466016467,5.39551882751082e-05,0.0015493,2.360253898083111,5.634017415187891,-30.7987590785586,1.01338506043586,2.280615746575953,0.32696719194081925,-38.15510404039647,-0.8125632746084135,54.09217551960168,-0.8604110866485712,25.17234373624919,-0.01912858174625246,-0.0041762988447451785,-0.001441,0.004169595482526548,0.0078843,1,1.0
2372,0.001296928915429138,0.0012268385694737592,0.0015493,2.360253898083111,5.634017415187891,30.1779490398326,1.01338506043586,5.480053112311674,0.32696719194081925,-0.37885192915913096,-0.8125632746084135,-99.55177250782734,-0.8604110866485712,-4.815294813880474,-0.01912858174625246,-0.020565335014035256,-0.001441,0.020480376612537134,0.0078843,1,1.0
2373,0.011911986446175159,0.0005289166461459524,0.0015493,2.360253898083111,5.634017415187891,4.124485089026457,1.01338506043586,4.295203389559957,0.32696719194081925,-15.178642717908636,-0.8125632746084135,-40.3744004004008,-0.8604110866485712,8.14875989560853,-0.01912858174625246,-0.013400262947087755,-0.001441,0.01358230348868555,0.0078843,1,1.0
2374,0.1231979895266276,0.0006902314652271423,0.0015493,2.360253898083111,5.634017415187891,-87.12986696868118,1.01338506043586,7.4501361658493055,0.32696719194081925,-78.6563601572311,-0.8125632746084135,26.996641358898952,-0.8604110866485712,74.58108379082611,-0.01912858174625246,-0.015061645803898257,-0.001441,0.01505585363299832,0.0078843,1,1.0
2375,0.20625062412759576,0.001851667348104769,0.0015493,2.360253898083111,5.634017415187891,-98.70029855178679,1.01338506043586,9.324348175905506,0.32696719194081925,-67.47783079195963,-0.8125632746084135,-75.13122379228048,-0.8604110866485712,89.00165430292772,-0.01912858174625246,-0.021211597572469976,-0.001441,0.021233121216563105,0.0078843,1,1.0
2376,0.004715039781247432,0.005382211115611539,0.0015493,2.360253898083111,5.634017415187891,20.145985361185062,1.01338506043586,12.298833308887184,0.32696719194081925,-46.87987136592887,-0.8125632746084135,-77.88960832679717,-0.8604110866485712,15.523633666442187,-0.01912858174625246,-0.03396879180167296,-0.001441,0.0377274304523713,0.0078843,1,1.0
2377,0.004993861925680583,0.00024818944270963426,0.0015493,2.360253898083111,5.634017415187891,-19.974382801705474,1.01338506043586,3.809840871030251,0.32696719194081925,-39.52816050485621,-0.8125632746084135,36.40169270063455,-0.8604110866485712,21.638000615293304,-0.01912858174625246,-0.0092795184375168,-0.001441,0.009311099144866742,0.0078843,1,1.0
2378,0.14835431682139255,0.0009432889799699611,0.0015493,2.360253898083111,5.634017415187891,-79.60807971926198,1.01338506043586,5.064706665298756,0.32696719194081925,-47.084702595543945,-0.8125632746084135,-25.05808727741342,-0.8604110866485712,64.61989676972253,-0.01912858174625246,-0.00895984589095854,-0.001441,0.009066308688713963,0.0078843,1,1.0
2379,0.002522995380052351,0.00240919942280069,0.0015493,2.360253898083111,5.634017415187891,27.67887057169414,1.01338506043586,9.238728388639766,0.32696719194081925,-19.04849175795169,-0.8125632746084135,-99.8324998440027,-0.8604110866485712,2.386057535951105,-0.01912858174625246,-0.028256771478597398,-0.001441,0.02844549098907967,0.0078843,1,1.0
2380,0.04477832101412692,0.00012106807136731986,0.0015493,2.360253898083111,5.634017415187891,-40.7975845638804,1.01338506043586,1.4547174098482454,0.32696719194081925,-31.128235194678737,-0.8125632746084135,37.60374645259905,-0.8604110866485712,29.976317210177886,-0.01912858174625246,-0.00180942867407853,-0.001441,0.0017935875024075749,0.0078843,1,1.0
2381,0.027114802288104867,0.004261201832134848,0.0015493,2.360253898083111,5.634017415187891,-2.9200904049438687,1.01338506043586,13.107183276481283,0.32696719194081925,-68.88784965488558,-0.8125632746084135,-71.90944748459299,-0.8604110866485712,36.76449102642387,-0.01912858174625246,-0.04166198894077028,-0.001441,0.04168257819732725,0.0078843,1,1.0
2382,0.08405112579295196,0.0009653492242003275,0.0015493,2.360253898083111,5.634017415187891,-35.59809647721069,1.01338506043586,7.863173184515449,0.32696719194081925,-42.343077034453636,-0.8125632746084135,-49.847265405402595,-0.8604110866485712,40.61167277372054,-0.01912858174625246,-0.019097686687369757,-0.001441,0.01943885517703305,0.0078843,1,1.0
2383,0.03423478536103214,0.00028280332060677,0.0015493,2.360253898083111,5.634017415187891,-33.454660819391755,1.01338506043586,4.019477121818141,0.32696719194081925,-44.29769614474261,-0.8125632746084135,26.13827148837239,-0.8604110866485712,32.6652320960355,-0.01912858174625246,-0.009978719609273854,-0.001441,0.01010350378920791,0.0078843,1,1.0
2384,0.03724665296825934,0.002170291790167883,0.0015493,2.360253898083111,5.634017415187891,5.329791084053688,1.01338506043586,9.437628365159828,0.32696719194081925,-33.95256221508905,-0.8125632746084135,-98.66925916725087,-0.8604110866485712,21.74322739682413,-0.01912858174625246,-0.03078452984726383,-0.001441,0.03077443214637891,0.0078843,1,1.0
2385,0.00567007243957747,0.001249626340059686,0.0015493,2.360253898083111,5.634017415187891,1.203226049900084,1.01338506043586,7.362537732763994,0.32696719194081925,-35.802778443232945,-0.8125632746084135,-29.853110854316224,-0.8604110866485712,15.681683683925474,-0.01912858174625246,-0.021007677757997244,-0.001441,0.021075432852625017,0.0078843,1,1.0
2386,0.0031300877414734696,0.0018724645288562588,0.0015493,2.360253898083111,5.634017415187891,23.22220876805203,1.01338506043586,7.4264948726710145,0.32696719194081925,-19.08385293181224,-0.8125632746084135,-88.73077212615607,-0.8604110866485712,5.194459524438209,-0.01912858174625246,-0.02618461703098865,-0.001441,0.02637150471886919,0.0078843,1,1.0
2387,0.004527634578122504,0.0004102985739212721,0.0015493,2.360253898083111,5.634017415187891,11.662966520605927,1.01338506043586,3.3716482662422917,0.32696719194081925,-1.8887181163688043,-0.8125632746084135,-43.844717251874926,-0.8604110866485712,-1.565553427401988,-0.01912858174625246,-0.009348042876425437,-0.001441,0.009576266862671691,0.0078843,1,1.0
2388,0.01846930041755563,0.0003549595401542368,0.0015493,2.360253898083111,5.634017415187891,-28.30962122381933,1.01338506043586,-1.6403923735661283,0.32696719194081925,-8.542142909732508,-0.8125632746084135,55.53902386615567,-0.8604110866485712,11.555545336501112,-0.01912858174625246,-0.010673279140616089,-0.001441,0.01068813284806917,0.0078843,1,1.0
2389,0.04776908128132283,0.00019208064702614644,0.0015493,2.360253898083111,5.634017415187891,-17.766684673225452,1.01338506043586,0.7225975619230366,0.32696719194081925,-6.228293285641312,-0.8125632746084135,-30.408736179540018,-0.8604110866485712,16.822213667899785,-0.01912858174625246,-0.00486282734231226,-0.001441,0.004889834324378473,0.0078843,1,1.0
2390,0.09051149739769528,0.0020162180442283148,0.0015493,2.360253898083111,5.634017415187891,-32.03295755402684,1.01338506043586,11.434582476958479,0.32696719194081925,-55.24176532889394,-0.8125632746084135,-79.00387760668592,-0.8604110866485712,46.62409144625955,-0.01912858174625246,-0.029897375010781897,-0.001441,0.030094783521473992,0.0078843,1,1.0
2391,0.039277503855230225,0.0020459338002134586,0.0015493,2.360253898083111,5.634017415187891,-2.9131244923752595,1.01338506043586,9.748581835543087,0.32696719194081925,-41.745727315931255,-0.8125632746084135,-79.05978968493912,-0.8604110866485712,26.555033476676382,-0.01912858174625246,-0.029813218934703505,-0.001441,0.029805316961948408,0.0078843,1,1.0
2392,0.014176209167654982,0.000844870338389404,0.0015493,2.360253898083111,5.634017415187891,3.8774296698373933,1.01338506043586,4.808939088217861,0.32696719194081925,-21.426885515473526,-0.8125632746084135,-47.96624130503754,-0.8604110866485712,12.610102394553502,-0.01912858174625246,-0.017905335117810166,-0.001441,0.018076942673223545,0.0078843,1,1.0
2393,0.006291753881975254,0.0020009684034471586,0.0015493,2.360253898083111,5.634017415187891,-23.209782450390513,1.01338506043586,9.284755169141334,0.32696719194081925,-76.2381170557191,-0.8125632746084135,25.797466244729144,-0.8604110866485712,39.29027447020719,-0.01912858174625246,-0.02717068418204066,-0.001441,0.027205675499867736,0.0078843,1,1.0
2394,0.024036212008526,0.001255218592471047,0.0015493,2.360253898083111,5.634017415187891,-5.430766680462748,1.01338506043586,7.542816574383252,0.32696719194081925,-37.89868849813213,-0.8125632746084135,-42.730608683219856,-0.8604110866485712,22.18736757220957,-0.01912858174625246,-0.022462843426311087,-0.001441,0.022422347207431442,0.0078843,1,1.0
2395,0.2018893036816068,0.0022724062203215117,0.0015493,2.360253898083111,5.634017415187891,-90.91776136670349,1.01338506043586,2.5574025023308424,0.32696719194081925,-20.63076743316913,-0.8125632746084135,-68.98850567979687,-0.8604110866485712,65.67296057787944,-0.01912858174625246,-0.0030164658926008546,-0.001441,0.0030468295003916257,0.0078843,1,1.0
2396,0.04198303821837315,0.001038755669689457,0.0015493,2.360253898083111,5.634017415187891,-25.057392995830966,1.01338506043586,8.016775853936327,0.32696719194081925,-52.30073705224993,-0.8125632746084135,-17.429373830061422,-0.8604110866485712,35.337876334038526,-0.01912858174625246,-0.021521956258981605,-0.001441,0.02156475085139929,0.0078843,1,1.0
2397,0.012940999000291026,6.632325951825505e-05,0.0015493,2.360253898083111,5.634017415187891,-23.356326044550958,1.01338506043586,0.9489361600358277,0.32696719194081925,-26.124077393598046,-0.8125632746084135,38.741485478383034,-0.8604110866485712,18.91126834889789,-0.01912858174625246,-0.002145472786575358,-0.001441,0.0021306565409429817,0.0078843,1,1.0
2398,0.1304945073860999,0.0009414915500216694,0.0015493,2.360253898083111,5.634017415187891,-47.94503415158344,1.01338506043586,2.1838503212724847,0.32696719194081925,-2.9278462769290234,-0.8125632746084135,-73.5379300500026,-0.8604110866485712,35.2597642065382,-0.01912858174625246,-0.003511690885584309,-0.001441,0.0034921732441744236,0.0078843,1,1.0
2399,0.10902509665644908,0.0008205900099978121,0.0015493,2.360253898083111,5.634017415187891,-50.695124325231056,1.01338506043586,7.671841398988138,0.32696719194081925,-48.57855009998625,-0.8125632746084135,-50.24373297987826,-0.8604110866485712,52.01619248376919,-0.01912858174625246,-0.018990676570090147,-0.001441,0.01901002124687045,0.0078843,1,1.0
2400,0.5981902763816273,0.21560749815090757,0.0015493,1.0400317752440658,2.5682498578706694,23.630547718215954,1.01338506043586,20.588059583212715,0.32696719194081925,-21.113058394172132,-0.8125632746084135,-28.539783016332894,-0.8604110866485712,-1.1291086322053476,-0.01912858174625246,0.3435713878891149,-0.001441,2.4080681467077207,0.0078843,0,1.0
2401,0.014847433009232858,0.2972810123676562,0.0015493,1.0400317752440658,2.5682498578706694,7.576437622452711,1.01338506043586,9.862134392522343,0.32696719194081925,-50.67528198319414,-0.8125632746084135,67.84502286802827,-0.8604110866485712,4.434313961273417,-0.01912858174625246,1.0803256954171094,-0.001441,1.7157652326653285,0.0078843,0,1.0
2402,-0.16635093825360747,1.1068969718025876,0.0015493,1.0400317752440658,2.5682498578706694,13.052182567290085,1.01338506043586,-2.629946221931541,0.32696719194081925,-20.65460075751866,-0.8125632746084135,85.98739407902208,-0.8604110866485712,-16.20107246963473,-0.01912858174625246,0.2899631311445483,-0.001441,2.8728418955508506,0.0078843,0,1.0
2403,0.6891056331120402,0.14254515059639963,0.0015493,1.0400317752440658,2.5682498578706694,-2.9889398749517806,1.01338506043586,28.290632137274294,0.32696719194081925,-99.64025972859145,-0.8125632746084135,38.51450533494618,-0.8604110866485712,44.397749029516454,-0.01912858174625246,0.27786413308977753,-0.001441,2.5622321424593584,0.0078843,0,1.0
2404,4.114070073402143e-05,0.012779236128867388,0.0015493,1.0400317752440658,2.5682498578706694,-13.169547310698702,1.01338506043586,16.229034032582653,0.32696719194081925,-99.33473263255632,-0.8125632746084135,89.45131903874335,-0.8604110866485712,38.366098344724364,-0.01912858174625246,0.5726997317620639,-0.001441,1.253095983609261,0.0078843,0,1.0
2405,0.008289317231153337,0.02319392102560192,0.0015493,1.0400317752440658,2.5682498578706694,25.547910556404613,1.01338506043586,12.924915190110696,0.32696719194081925,-9.661519740902436,-0.8125632746084135,-13.60913910695823,-0.8604110866485712,-14.576482232278163,-0.01912858174625246,0.2943893735317291,-0.001441,1.7512104627162086,0.0078843,0,1.0
2406,0.009083351578659471,0.02987094246492146,0.0015493,1.0400317752440658,2.5682498578706694,54.366347629801105,1.01338506043586,34.37359869435252,0.32696719194081925,-46.2352107367767,-0.8125632746084135,-23.62384520067969,-0.8604110866485712,-20.640974354618074,-0.01912858174625246,0.29164966989878716,-0.001441,4.387791007926795,0.0078843,0,1.0
2407,0.08808045052669033,0.08348830886187042,0.0015493,1.0400317752440658,2.5682498578706694,68.52543700464663,1.01338506043586,34.0923084864353,0.32696719194081925,-12.122224524856335,-0.8125632746084135,-62.02654943101391,-0.8604110866485712,-40.45950421476538,-0.01912858174625246,0.26459990110889153,-0.001441,4.605062692480322,0.0078843,0,1.0
2408,0.18872758037966575,0.013283796596723739,0.0015493,1.0400317752440658,2.5682498578706694,-3.01406439718662,1.01338506043586,21.34417142598162,0.32696719194081925,-87.21521204753181,-0.8125632746084135,52.6226223403654,-0.8604110866485712,32.21394749138788,-0.01912858174625246,0.2898651952007667,-0.001441,1.8037871373516128,0.0078843,0,1.0
2409,0.0022011340515688538,0.015265450262365327,0.0015493,1.0400317752440658,2.5682498578706694,38.862700985032795,1.01338506043586,29.022951383140565,0.32696719194081925,-52.36332080325301,-0.8125632746084135,-4.122675889870859,-0.8604110866485712,-8.62002602590856,-0.01912858174625246,0.2798705640462764,-0.001441,3.5273599493247936,0.0078843,0,1.0
2410,-0.0007387236055720336,0.01945421820377503,0.0015493,1.0400317752440658,2.5682498578706694,62.467888766747166,1.01338506043586,47.87407717761429,0.32696719194081925,-84.67917907200662,-0.8125632746084135,-11.516364273997375,-0.8604110866485712,-13.174748921298017,-0.01912858174625246,0.2775964690886106,-0.001441,5.71072698967306,0.0078843,0,1.0
2411,-0.008053504416648318,0.3131569583446945,0.0015493,1.0400317752440658,2.5682498578706694,8.685279756961766,1.01338506043586,0.12892666646179704,0.32696719194081925,-10.835674317151591,-0.8125632746084135,42.99403352612374,-0.8604110866485712,-9.244065008556085,-0.01912858174625246,0.30115198892387607,-0.001441,1.622250461031229,0.0078843,0,1.0
2412,0.36419148689507064,0.08256158685194528,0.0015493,1.0400317752440658,2.5682498578706694,20.25527682810352,1.01338506043586,22.03394426171839,0.32696719194081925,-41.501507491966095,-0.8125632746084135,-5.811803809991714,-0.8604110866485712,4.799572430608294,-0.01912858174625246,0.28099404073383316,-0.001441,2.4346647275929163,0.0078843,0,1.0
2413,0.00025337974841788125,0.006841841334796005,0.0015493,1.0400317752440658,2.5682498578706694,25.371190085014774,1.01338506043586,30.559893069700824,0.32696719194081925,-81.85222312412905,-0.8125632746084135,28.121578962840182,-0.8604110866485712,9.372934589600042,-0.01912858174625246,0.3536599129184612,-0.001441,3.2679209353573917,0.0078843,0,1.0
2414,1.017721171508042,0.37070170114319545,0.0015493,1.0400317752440658,2.5682498578706694,13.499439243138589,1.01338506043586,36.64339254885448,0.32696719194081925,-77.43012179674399,-0.8125632746084135,-6.714682298043244,-0.8604110866485712,29.396534073392882,-0.01912858174625246,0.27060748129392853,-0.001441,3.357653654087498,0.0078843,0,1.0
2415,0.010699451079293376,0.005142236551795263,0.0015493,1.0400317752440658,2.5682498578706694,1.7980848244189394,1.01338506043586,11.920918539898594,0.32696719194081925,-48.56743482724575,-0.8125632746084135,34.04938438745063,-0.8604110866485712,13.59516070811973,-0.01912858174625246,0.3285980202061923,-0.001441,1.0818580118821202,0.0078843,0,1.0
2416,0.0012641387209362254,0.03546635349699786,0.0015493,1.0400317752440658,2.5682498578706694,44.14297421788573,1.01338506043586,20.452651375945347,0.32696719194081925,-7.808587355330583,-0.8125632746084135,-33.94100715668664,-0.8604110866485712,-27.153376396491634,-0.01912858174625246,0.277802288714037,-0.001441,2.9056408237586373,0.0078843,0,1.0
2417,0.14880085109483504,0.03911664461875663,0.0015493,1.0400317752440658,2.5682498578706694,-6.695535621741577,1.01338506043586,7.072864608037194,0.32696719194081925,-45.29357868332774,-0.8125632746084135,39.19062681804461,-0.8604110866485712,20.132227449053282,-0.01912858174625246,0.4327552391562832,-0.001441,0.602555255510606,0.0078843,0,1.0
2418,-0.0003573769146349992,0.03310983939569269,0.0015493,1.0400317752440658,2.5682498578706694,41.839623817706126,1.01338506043586,19.59833496260538,0.32696719194081925,-8.719678162335976,-0.8125632746084135,-30.99435659708569,-0.8604110866485712,-25.346429151709064,-0.01912858174625246,0.2751297184542809,-0.001441,2.7794089864664056,0.0078843,0,1.0
2419,0.010439395028675413,0.09973803354462067,0.0015493,1.0400317752440658,2.5682498578706694,9.161870139159406,1.01338506043586,14.413755661958184,0.32696719194081925,-59.70107229322545,-0.8125632746084135,52.448578628995804,-0.8604110866485712,9.962903120425826,-0.01912858174625246,1.0248960817786368,-0.001441,1.603240641730388,0.0078843,0,1.0
2420,1.1718653153252476,0.49805838506619043,0.0015493,1.0400317752440658,2.5682498578706694,-2.9354525421927042,1.01338506043586,21.857131447191456,0.32696719194081925,-48.75841646760704,-0.8125632746084135,-7.720479299897655,-0.8604110866485712,32.90390617520255,-0.01912858174625246,0.3638370861008031,-0.001441,1.8572765025071103,0.0078843,0,1.0
2421,0.008041587217970325,0.004527660289004992,0.0015493,1.0400317752440658,2.5682498578706694,5.731760342415639,1.01338506043586,14.81475857349186,0.32696719194081925,-53.17738480997461,-0.8125632746084135,32.03788469138673,-0.8604110866485712,12.676376315484406,-0.01912858174625246,0.3181803288788647,-0.001441,1.427097226299534,0.0078843,0,1.0
2422,0.6820701463293621,0.2787945402951013,0.0015493,1.0400317752440658,2.5682498578706694,26.014663348021138,1.01338506043586,18.891106321876013,0.32696719194081925,-0.0609155495018145,-0.8125632746084135,-48.94833659253929,-0.8604110866485712,-8.900498669477104,-0.01912858174625246,0.28262469424494074,-0.001441,2.158225661082706,0.0078843,0,1.0
2423,0.21027785376570618,0.12363808732821621,0.0015493,1.0400317752440658,2.5682498578706694,90.25567085505041,1.01338506043586,57.91860532906392,0.32696719194081925,-62.305022960380555,-0.8125632746084135,-63.22534453501152,-0.8604110866485712,-35.9759050810622,-0.01912858174625246,0.2586410067394529,-0.001441,7.1639350961909845,0.0078843,0,1.0
2424,0.015927199954061777,0.07524062557357819,0.0015493,1.0400317752440658,2.5682498578706694,83.9121490282942,1.01338506043586,41.426363115287884,0.32696719194081925,-24.587257942192018,-0.8125632746084135,-66.07682111299131,-0.8604110866485712,-46.570046716895625,-0.01912858174625246,0.27540108009914377,-0.001441,5.8511635526451204,0.0078843,0,1.0
2425,-0.0036049627500869263,0.40818226693986304,0.0015493,1.0400317752440658,2.5682498578706694,8.667221529444626,1.01338506043586,2.2184723914103097,0.32696719194081925,-25.25721879078596,-0.8125632746084135,59.36056424739595,-0.8604110866485712,-5.445977860957354,-0.01912858174625246,0.5397221154694986,-0.001441,1.9168425992043105,0.0078843,0,1.0
2426,-0.0024505983936851106,0.016923104290977715,0.0015493,1.0400317752440658,2.5682498578706694,31.85485412834492,1.01338506043586,27.523346926731193,0.32696719194081925,-57.241608271444896,-0.8125632746084135,6.5271871107034265,-0.8604110866485712,-2.924266981839976,-0.01912858174625246,0.31115872872837924,-0.001441,3.1550564208870164,0.0078843,0,1.0
2427,0.8891008141840571,0.21990919357723454,0.0015493,1.0400317752440658,2.5682498578706694,-24.38695055591323,1.01338506043586,5.563279821713568,0.32696719194081925,-35.05621730744973,-0.8125632746084135,5.905432741201851,-0.8604110866485712,41.66929042540428,-0.01912858174625246,-0.1783533358189832,-0.001441,0.17673285369766248,0.0078843,1,1.0
2428,0.0016295541236157618,0.05978290704977579,0.0015493,1.0400317752440658,2.5682498578706694,83.14911221752595,1.01338506043586,45.72674425018372,0.32696719194081925,-36.73582043614757,-0.8125632746084135,-60.366740196599224,-0.8604110866485712,-42.78740566922682,-0.01912858174625246,0.26103719248720214,-0.001441,5.9890285699521035,0.0078843,0,1.0
2429,-0.018204627254933214,0.478835161823495,0.0015493,1.0400317752440658,2.5682498578706694,71.27138920561474,1.01338506043586,43.10153404355605,0.32696719194081925,-79.59436982414972,-0.8125632746084135,20.69319318331837,-0.8604110866485712,-26.807655008262184,-0.01912858174625246,1.7278364227153733,-0.001441,5.796831004466409,0.0078843,0,1.0
2430,0.0007328629750180671,0.15411785593435984,0.0015493,1.0400317752440658,2.5682498578706694,0.24385968700117328,1.01338506043586,8.428418183001767,0.32696719194081925,-53.524041881278826,-0.8125632746084135,67.1727526005924,-0.8604110866485712,11.697039633981253,-0.01912858174625246,0.7720561972289206,-0.001441,1.3452470995910735,0.0078843,0,1.0
2431,2.8760531972997025,2.7920885384060465,0.0015493,1.0400317752440658,2.5682498578706694,-40.111515496705984,1.01338506043586,16.10792023713322,0.32696719194081925,-16.243906419384892,-0.8125632746084135,-87.8165602311377,-0.8604110866485712,76.98209825076759,-0.01912858174625246,-0.8031824001880773,-0.001441,0.8106269060767998,0.0078843,1,1.0
2432,0.012037630535832289,0.031443894240536514,0.0015493,1.0400317752440658,2.5682498578706694,67.76337702355966,1.01338506043586,44.08543309828483,0.32696719194081925,-59.867156729110185,-0.8125632746084135,-31.443726165727174,-0.8604110866485712,-24.621525573779834,-0.01912858174625246,0.26224238836576363,-0.001441,5.536483782926917,0.0078843,0,1.0
2433,0.053346568256634086,0.045758680398323634,0.0015493,1.0400317752440658,2.5682498578706694,68.22366991194416,1.01338506043586,43.73748380851806,0.32696719194081925,-53.87734400368916,-0.8125632746084135,-37.26224384847755,-0.8604110866485712,-26.597547275035506,-0.01912858174625246,0.26780838890907877,-0.001441,5.455389113483235,0.0078843,0,1.0
2434,-0.005281895784686519,0.24343704696100274,0.0015493,1.0400317752440658,2.5682498578706694,65.75502317396706,1.01338506043586,28.321212027240573,0.32696719194081925,-9.3212884956813,-0.8125632746084135,-35.321856568362804,-0.8604110866485712,-44.3506062839648,-0.01912858174625246,1.0005852755681497,-0.001441,4.080527293667778,0.0078843,0,1.0
2435,0.010991490153026362,0.13231004160632046,0.0015493,1.0400317752440658,2.5682498578706694,79.12246270309397,1.01338506043586,37.02833443060213,0.32696719194081925,-23.0262516325627,-0.8125632746084135,-54.06551263568482,-0.8604110866485712,-44.75135172277405,-0.01912858174625246,0.49730646165551784,-0.001441,5.486311667301782,0.0078843,0,1.0
2436,0.0037395454860256194,0.04844595392297769,0.0015493,1.0400317752440658,2.5682498578706694,97.43319594783479,1.01338506043586,61.779704213977546,0.32696719194081925,-80.17235142150697,-0.8125632746084135,-50.54418740424112,-0.8604110866485712,-36.92154229024748,-0.01912858174625246,0.2693141948339055,-0.001441,7.866707060035891,0.0078843,0,1.0
2437,-0.0016254270969989493,0.10718550123032206,0.0015493,1.0400317752440658,2.5682498578706694,5.8947734708155455,1.01338506043586,3.9131825889884397,0.32696719194081925,-23.50623172218425,-0.8125632746084135,34.83657662823527,-0.8604110866485712,0.11241935720450258,-0.01912858174625246,0.592714862658293,-0.001441,0.9962557466065851,0.0078843,0,1.0
2438,-0.21723896489801797,1.1525276545310352,0.0015493,1.0400317752440658,2.5682498578706694,64.49969090208793,1.01338506043586,37.74226175447297,0.32696719194081925,-85.05671964890414,-0.8125632746084135,64.98884982682324,-0.8604110866485712,-28.762450267587727,-0.01912858174625246,2.700604835794377,-0.001441,4.949777949743237,0.0078843,0,1.0
2439,0.8978249522709199,0.560638152048619,0.0015493,1.0400317752440658,2.5682498578706694,99.88761795019381,1.01338506043586,74.97075285171941,0.32696719194081925,-76.31045747627111,-0.8125632746084135,-96.22781175343658,-0.8604110866485712,-28.65351088539183,-0.01912858174625246,0.26019868448352845,-0.001441,8.640339532127312,0.0078843,0,1.0
2440,0.0411013881470661,0.01355403105370204,0.0015493,1.0400317752440658,2.5682498578706694,28.814250768626472,1.01338506043586,29.557777888217096,0.32696719194081925,-71.24896135279565,-0.8125632746084135,16.35903390108531,-0.8604110866485712,4.5368224402862944,-0.01912858174625246,0.3234628854192021,-0.001441,3.315845539541789,0.0078843,0,1.0
2441,0.23466001801216163,0.07727997227913637,0.0015493,1.0400317752440658,2.5682498578706694,42.60025863371088,1.01338506043586,30.827465796997863,0.32696719194081925,-38.57918729172048,-0.8125632746084135,-26.416318748702352,-0.8604110866485712,-12.843095071089179,-0.01912858174625246,0.2771963097577981,-0.001441,3.645089829136279,0.0078843,0,1.0
2442,0.022338098851240273,0.03433479181888539,0.0015493,1.0400317752440658,2.5682498578706694,54.06234044250597,1.01338506043586,32.734026422635196,0.32696719194081925,-36.95458038175646,-0.8125632746084135,-30.032645703464485,-0.8604110866485712,-23.5448159010773,-0.01912858174625246,0.27238135257157325,-0.001441,4.1665534349689795,0.0078843,0,1.0
2443,0.01586712528444778,0.0007963173324323287,0.0015493,1.0400317752440658,2.5682498578706694,2.7176370229815534,1.01338506043586,21.234728840458626,0.32696719194081925,-83.14929669415403,-0.8125632746084135,50.98480489821019,-0.8604110866485712,24.73433036969857,-0.01912858174625246,0.2899261098919177,-0.001441,1.905899631526839,0.0078843,0,1.0
2444,2.1890616235844074,1.555760587092744,0.0015493,1.0400317752440658,2.5682498578706694,-14.312053467750895,1.01338506043586,20.015871344651618,0.32696719194081925,-31.44777463146324,-0.8125632746084135,-47.87022212425978,-0.8604110866485712,50.98130680180585,-0.01912858174625246,0.31347893917715897,-0.001441,1.7814314405244254,0.0078843,0,1.0
2445,-0.1957762046151057,0.9945799407952662,0.0015493,1.0400317752440658,2.5682498578706694,87.19822602932923,1.01338506043586,48.01816814373601,0.32696719194081925,-81.3469668448303,-0.8125632746084135,27.062847854010162,-0.8604110866485712,-42.18399759523028,-0.01912858174625246,2.284681163753462,-0.001441,6.479812582642298,0.0078843,0,1.0
2446,0.0010966061048818254,0.27324918495572287,0.0015493,1.0400317752440658,2.5682498578706694,31.931643301704284,1.01338506043586,26.48944150548363,0.32696719194081925,-77.15369946100434,-0.8125632746084135,54.017568406421965,-0.8604110866485712,-1.3446229899583195,-0.01912858174625246,1.5560891027001609,-0.001441,3.2779913571555332,0.0078843,0,1.0
2447,0.004612903501815424,0.008305456124727852,0.0015493,1.0400317752440658,2.5682498578706694,38.22232908292855,1.01338506043586,36.71109621955563,0.32696719194081925,-81.82113937547562,-0.8125632746084135,12.212687047704001,-0.8604110866485712,1.4077626030822616,-0.01912858174625246,0.284218314232497,-0.001441,4.1022410630869555,0.0078843,0,1.0
2448,-0.005296657530406229,0.21953512261819816,0.0015493,1.0400317752440658,2.5682498578706694,6.412680816051313,1.01338506043586,3.5357604896457278,0.32696719194081925,-17.47314685165532,-0.8125632746084135,40.2978105679735,-0.8604110866485712,-5.186673289191783,-0.01912858174625246,0.3358268497298168,-0.001441,1.3544374707638913,0.0078843,0,1.0
2449,-0.0011249551153785786,0.03179695748978663,0.0015493,1.0400317752440658,2.5682498578706694,31.713968778156733,1.01338506043586,13.962282814008498,0.32696719194081925,-4.833643859249606,-0.8125632746084135,-21.514962502235683,-0.8604110866485712,-20.250722382667494,-0.01912858174625246,0.30497572583821186,-0.001441,2.044603863574343,0.0078843,0,1.0
2450,-0.0004996463174515853,0.02423438586167834,0.0015493,1.0400317752440658,2.5682498578706694,47.943608633409454,1.01338506043586,30.286108961665715,0.32696719194081925,-40.76928911389362,-0.8125632746084135,-20.145114715804006,-0.8604110866485712,-18.449424158142687,-0.01912858174625246,0.27295249606251826,-0.001441,3.8527656347058663,0.0078843,0,1.0
2451,0.012189168224160163,0.00974600201889513,0.0015493,1.0400317752440658,2.5682498578706694,50.16651418044823,1.01338506043586,46.70987961796103,0.32696719194081925,-99.27681073862053,-0.8125632746084135,8.135031915524685,-0.8604110866485712,-0.3179030805629002,-0.01912858174625246,0.2632282441040896,-0.001441,5.244747536682295,0.0078843,0,1.0
2452,0.00352855040732325,0.08382451275098483,0.0015493,1.0400317752440658,2.5682498578706694,24.289434817764917,1.01338506043586,22.753103762446457,0.32696719194081925,-59.62601409717149,-0.8125632746084135,32.08338314956765,-0.8604110866485712,0.11137019787328709,-0.01912858174625246,0.8956112509956794,-0.001441,2.5564636760710093,0.0078843,0,1.0
2453,-0.003083049087791667,0.10593292357302032,0.0015493,1.0400317752440658,2.5682498578706694,18.363292033041084,1.01338506043586,15.605790946158564,0.32696719194081925,-40.29418429675536,-0.8125632746084135,28.844379574699396,-0.8604110866485712,-3.1030156845983345,-0.01912858174625246,0.9383122187460388,-0.001441,1.7296646618132132,0.0078843,0,1.0
2454,0.002856286534940633,0.03983083119684658,0.0015493,1.0400317752440658,2.5682498578706694,60.211156120220764,1.01338506043586,48.13867960225663,0.32696719194081925,-96.89323618877152,-0.8125632746084135,3.455903184218405,-0.8604110866485712,-7.867563898656786,-0.01912858174625246,0.4552745983097384,-0.001441,5.818930470892969,0.0078843,0,1.0
2455,0.02863864497803048,0.03391409128898118,0.0015493,1.0400317752440658,2.5682498578706694,66.33587797803227,1.01338506043586,44.23879298941806,0.32696719194081925,-61.43663752973288,-0.8125632746084135,-29.83697245220891,-0.8604110866485712,-23.069988809750047,-0.01912858174625246,0.268777400536373,-0.001441,5.4840085703673624,0.0078843,0,1.0
2456,2.264241497095756,1.7303121057974529,0.0015493,1.0400317752440658,2.5682498578706694,-48.8702519059816,1.01338506043586,2.1834530136147805,0.32696719194081925,-34.15568368949321,-0.8125632746084135,-16.027605337704195,-0.8604110866485712,78.57220118125508,-0.01912858174625246,-0.16159885928739615,-0.001441,0.16769809819425607,0.0078843,1,1.0
2457,0.004162611554629381,0.3967846348912555,0.0015493,1.0400317752440658,2.5682498578706694,42.99207722708904,1.01338506043586,31.93464450090321,0.32696719194081925,-84.24444912076495,-0.8125632746084135,53.6519473120873,-0.8604110866485712,-7.080058995101432,-0.01912858174625246,1.8031737934315313,-0.001441,4.080320831966498,0.0078843,0,1.0
2458,0.005669707890481934,0.2789544448093017,0.0015493,1.0400317752440658,2.5682498578706694,59.06488405038028,1.01338506043586,43.52251223712183,0.32696719194081925,-99.97449648273042,-0.8125632746084135,33.1763779449375,-0.8604110866485712,-9.48407543260191,-0.01912858174625246,1.3394704866910385,-0.001441,5.618021562744923,0.0078843,0,1.0
2459,0.8526753323919546,0.33432541532859245,0.0015493,1.0400317752440658,2.5682498578706694,-21.914896766505457,1.01338506043586,0.1258034180663422,0.32696719194081925,-20.33114676757307,-0.8125632746084135,4.996822371485648,-0.8604110866485712,34.21743053569582,-0.01912858174625246,-0.12436741003253707,-0.001441,0.1518867438922528,0.0078843,1,1.0
2460,0.013206765586780467,0.014154468477487126,0.0015493,1.0400317752440658,2.5682498578706694,50.51854487105117,1.01338506043586,41.44141888329853,0.32696719194081925,-78.49503986805055,-0.8125632746084135,-3.4856393403190267,-0.8604110866485712,-7.38083062492118,-0.01912858174625246,0.2638208268609312,-0.001441,4.827526040474499,0.0078843,0,1.0
2461,0.2810033909681112,0.041802231251166104,0.0015493,1.0400317752440658,2.5682498578706694,-8.242797505188586,1.01338506043586,15.202633334350788,0.32696719194081925,-73.01302148959154,-0.8125632746084135,48.78463633944384,-0.8604110866485712,32.385907018540365,-0.01912858174625246,0.35820133049151315,-0.001441,1.2507830415589387,0.0078843,0,1.0
2462,1.2379073321751917,0.5243538288623599,0.0015493,1.0400317752440658,2.5682498578706694,-40.403162226365396,1.01338506043586,8.512315638284138,0.32696719194081925,-69.00638888872753,-0.8125632746084135,24.336874558595614,-0.8604110866485712,70.31510327624875,-0.01912858174625246,-0.304043424174959,-0.001441,0.30314084995266644,0.0078843,1,1.0
2463,2.7902270210853097,2.4813324031275763,0.0015493,1.0400317752440658,2.5682498578706694,13.160163291115483,1.01338506043586,43.90122816846165,0.32696719194081925,-43.316907718672944,-0.8125632746084135,-98.20499796827806,-0.8604110866485712,44.86928820592584,-0.01912858174625246,0.27313977053754934,-0.001441,4.281648803350677,0.0078843,0,1.0
2464,0.012478770262103422,0.14663441841239125,0.0015493,1.0400317752440658,2.5682498578706694,7.424963802180306,1.01338506043586,2.1768031757497077,0.32696719194081925,-9.852820695050095,-0.8125632746084135,27.985866635546,-0.8604110866485712,-6.513659758360875,-0.01912858174625246,0.35807351714161445,-0.001441,1.1028328562231875,0.0078843,0,1.0
2465,0.4860679694444521,0.08312910871425566,0.0015493,1.0400317752440658,2.5682498578706694,18.226211909967912,1.01338506043586,36.42015554990673,0.32696719194081925,-96.8114431951998,-0.8125632746084135,21.65494139341839,-0.8604110866485712,26.225030834694888,-0.01912858174625246,0.2759235841465959,-0.001441,3.613032116135602,0.0078843,0,1.0
2466,-0.013889395890507306,0.20995980881280693,0.0015493,1.0400317752440658,2.5682498578706694,82.20655356613372,1.01338506043586,55.72853609896273,0.32696719194081925,-99.71670115620465,-0.8125632746084135,-0.9328030072193019,-0.8604110866485712,-23.64543760444835,-0.01912858174625246,1.0069053108369643,-0.001441,7.129209195385085,0.0078843,0,1.0
2467,0.7513849807206673,0.19670256571736222,0.0015493,1.0400317752440658,2.5682498578706694,-3.51933785969378,1.01338506043586,19.914944103482352,0.32696719194081925,-63.190927009246266,-0.8125632746084135,16.406607990013924,-0.8604110866485712,33.2199099400589,-0.01912858174625246,0.28961811039848073,-0.001441,1.7837372169584074,0.0078843,0,1.0
2468,0.7532768582357567,0.19133997006342857,0.0015493,1.0400317752440658,2.5682498578706694,-26.846759427778526,1.01338506043586,16.697248240705488,0.32696719194081925,-98.46563255616437,-0.8125632746084135,64.48869788146719,-0.8604110866485712,60.17690154827483,-0.01912858174625246,0.3308611592839483,-0.001441,1.1399386369040634,0.0078843,0,1.0
2469,0.009641784999503189,0.03444612600570148,0.0015493,1.0400317752440658,2.5682498578706694,50.57452774133656,1.01338506043586,31.905897060147463,0.32696719194081925,-42.37007180540592,-0.8125632746084135,-20.658052433794175,-0.8604110866485712,-19.876138440967967,-0.01912858174625246,0.34308364571355376,-0.001441,4.036342261510044,0.0078843,0,1.0
2470,0.013322289152761568,0.026263542134612638,0.0015493,1.0400317752440658,2.5682498578706694,45.20142179455611,1.01338506043586,30.064084152654228,0.32696719194081925,-42.64466914478223,-0.8125632746084135,-16.556940232874794,-0.8604110866485712,-16.171281005634302,-0.01912858174625246,0.2984869881797234,-0.001441,3.7070225864895594,0.0078843,0,1.0
2471,0.023932603107388595,0.07274572974393084,0.0015493,1.0400317752440658,2.5682498578706694,-7.289021196385621,1.01338506043586,5.607207823303969,0.32696719194081925,-49.9077086640038,-0.8125632746084135,61.73599083973018,-0.8604110866485712,17.46927113974482,-0.01912858174625246,0.34475881161375577,-0.001441,0.980053331893502,0.0078843,0,1.0
2472,-0.010753204266915062,0.15209580902207714,0.0015493,1.0400317752440658,2.5682498578706694,0.09986136793152181,1.01338506043586,4.288299185835353,0.32696719194081925,-33.08167353412315,-0.8125632746084135,52.08189916909359,-0.8604110866485712,5.1318761721318635,-0.01912858174625246,0.3354307745165228,-0.001441,1.2029598056107726,0.0078843,0,1.0
2473,0.1282131130055546,0.029737776643233706,0.0015493,1.0400317752440658,2.5682498578706694,3.8891165528146927,1.01338506043586,12.092208717766727,0.32696719194081925,-38.809988870984235,-0.8125632746084135,22.298859550948944,-0.8604110866485712,10.171427532116644,-0.01912858174625246,0.3603236296843942,-0.001441,1.0920679049484041,0.0078843,0,1.0
2474,0.4482035700211542,0.11501124661596157,0.0015493,1.0400317752440658,2.5682498578706694,-26.665511877113467,1.01338506043586,12.882263017366977,0.32696719194081925,-97.71579079298839,-0.8125632746084135,77.75616819564198,-0.8604110866485712,55.537635052833096,-0.01912858174625246,0.36732220966676643,-0.001441,0.8510012628161548,0.0078843,0,1.0
2475,0.0022480013025740764,0.010174483003967422,0.0015493,1.0400317752440658,2.5682498578706694,17.86157629594711,1.01338506043586,15.628803208861042,0.32696719194081925,-36.21037411418935,-0.8125632746084135,9.438368709421143,-0.8604110866485712,-0.5441437293538942,-0.01912858174625246,0.2911862956166349,-0.001441,1.8404559648725667,0.0078843,0,1.0
2476,0.0017022467995686519,0.4070582655117472,0.0015493,1.0400317752440658,2.5682498578706694,68.17367950546088,1.01338506043586,33.43590750201996,0.32696719194081925,-40.44094873343904,-0.8125632746084135,-4.414766597843504,-0.8604110866485712,-36.99510379535111,-0.01912858174625246,1.5131397289830788,-0.001441,4.833058549550816,0.0078843,0,1.0
2477,-0.0022542949277322144,0.06256377875358413,0.0015493,1.0400317752440658,2.5682498578706694,54.64602941829906,1.01338506043586,38.62492189078978,0.32696719194081925,-70.62884885248533,-0.8125632746084135,-2.470619957737773,-0.8604110866485712,-13.466166798020117,-0.01912858174625246,0.52973496853933,-0.001441,4.881690694266764,0.0078843,0,1.0
2478,-0.0008618713905682585,0.07371786499126234,0.0015493,1.0400317752440658,2.5682498578706694,-6.499714455539811,1.01338506043586,4.603139644677829,0.32696719194081925,-49.48302891028047,-0.8125632746084135,59.855280301194945,-0.8604110866485712,17.579319403554493,-0.01912858174625246,0.4462177429153621,-0.001441,0.8659398149805014,0.0078843,0,1.0
2479,0.7311832842053543,0.22784123822059177,0.0015493,1.0400317752440658,2.5682498578706694,-37.20586139519366,1.01338506043586,7.8067427040672674,0.32696719194081925,-77.7913313047267,-0.8125632746084135,51.34037575905377,-0.8604110866485712,62.262757543004064,-0.01912858174625246,-0.2189840956369713,-0.001441,0.2346820316136493,0.0078843,1,1.0
2480,0.6701743429432749,0.14600599198370104,0.0015493,1.0400317752440658,2.5682498578706694,16.616825222279367,1.01338506043586,38.83295159172869,0.32696719194081925,-99.86969286024443,-0.8125632746084135,17.08286645285562,-0.8604110866485712,30.67656904833598,-0.01912858174625246,0.2694867444765008,-0.001441,3.7409059000048215,0.0078843,0,1.0
2481,-0.04980926453860901,0.5745874077119599,0.0015493,1.0400317752440658,2.5682498578706694,8.186893948796817,1.01338506043586,4.087689357411604,0.32696719194081925,-31.769328271282937,-0.8125632746084135,71.61908958063184,-0.8604110866485712,-5.780640258426899,-0.01912858174625246,0.4873202294335074,-0.001441,2.170292523336416,0.0078843,0,1.0
2482,0.00637491014841185,0.05057487356468183,0.0015493,1.0400317752440658,2.5682498578706694,77.74167675476224,1.01338506043586,43.281667243118605,0.32696719194081925,-38.65441068468657,-0.8125632746084135,-53.233069129236526,-0.8604110866485712,-38.3560350957366,-0.01912858174625246,0.2634367422527921,-0.001441,5.709112181228163,0.0078843,0,1.0
2483,0.006120906845362484,0.05827234200735959,0.0015493,1.0400317752440658,2.5682498578706694,42.295464722063,1.01338506043586,35.06404882872843,0.32696719194081925,-74.32908533920647,-0.8125632746084135,15.130728051345658,-0.8604110866485712,-5.468824219117982,-0.01912858174625246,0.6824292846022453,-0.001441,4.087602631156093,0.0078843,0,1.0
2484,-0.006018067766734414,0.5193200447735035,0.0015493,1.0400317752440658,2.5682498578706694,38.766985828039466,1.01338506043586,15.793062641130375,0.32696719194081925,-31.005615453162243,-0.8125632746084135,32.36259901191891,-0.8604110866485712,-22.52561971136195,-0.01912858174625246,1.7357766740990566,-0.001441,2.804780812824981,0.0078843,0,1.0
2485,0.8144595448424551,0.33944726463416897,0.0015493,1.0400317752440658,2.5682498578706694,25.21490942092998,1.01338506043586,26.500246132699345,0.32696719194081925,-41.409586035344304,-0.8125632746084135,-27.55368018895141,-0.8604110866485712,8.991549517652924,-0.01912858174625246,0.29271103596289305,-0.001441,3.234531258624016,0.0078843,0,1.0
2486,0.32639780371958715,0.05761523568344118,0.0015493,1.0400317752440658,2.5682498578706694,-0.3102715153146807,1.01338506043586,13.09671948208523,0.32696719194081925,-45.53744736094215,-0.8125632746084135,21.493876262252506,-0.8604110866485712,18.693060084731563,-0.01912858174625246,0.3239440525008307,-0.001441,1.1844551697725811,0.0078843,0,1.0
2487,-0.0389595573953776,0.4705738805279584,0.0015493,1.0400317752440658,2.5682498578706694,71.94744589027424,1.01338506043586,44.63988306410635,0.32696719194081925,-71.14561999207295,-0.8125632746084135,10.744144401222526,-0.8604110866485712,-31.374473430483594,-0.01912858174625246,1.6571820775046067,-0.001441,5.538313263701016,0.0078843,0,1.0
2488,-0.14865939815742013,0.8814455687068266,0.0015493,1.0400317752440658,2.5682498578706694,21.9933838969056,1.01338506043586,3.066164129635799,0.32696719194081925,-12.052865985674256,-0.8125632746084135,57.144459875879456,-0.8604110866485712,-23.578197725235423,-0.01912858174625246,0.7744480983631374,-0.001441,2.4175124703134214,0.0078843,0,1.0
2489,-0.0026622562669658123,0.0764945146845557,0.0015493,1.0400317752440658,2.5682498578706694,90.53778851060336,1.01338506043586,49.35283913352448,0.32696719194081925,-42.13286353254393,-0.8125632746084135,-62.36707568408756,-0.8604110866485712,-45.82433312413173,-0.01912858174625246,0.32790551333479057,-0.001441,6.5774946854329155,0.0078843,0,1.0
2490,0.019176468353297338,0.2318063203648013,0.0015493,1.0400317752440658,2.5682498578706694,31.944846982152566,1.01338506043586,16.06494276881333,0.32696719194081925,-29.1559235891727,-0.8125632746084135,18.28829370069201,-0.8604110866485712,-15.949447146465015,-0.01912858174625246,1.223150915100038,-0.001441,2.3772997792018025,0.0078843,0,1.0
2491,0.594455470757294,0.29876724309185115,0.0015493,1.0400317752440658,2.5682498578706694,96.90091213187415,1.01338506043586,66.43349484578458,0.32696719194081925,-71.43465716134787,-0.8125632746084135,-80.24703672049745,-0.8604110866485712,-31.508573447401663,-0.01912858174625246,0.277898794876851,-0.001441,8.14964065237406,0.0078843,0,1.0
2492,2.5504680445267964,2.0412109749093568,0.0015493,1.0400317752440658,2.5682498578706694,-28.133799491794736,1.01338506043586,18.60973794296073,0.32696719194081925,-39.9168731758189,-0.8125632746084135,-42.22723617907986,-0.8604110866485712,68.25616460018186,-0.01912858174625246,0.33134136328715647,-0.001441,1.4493512048360215,0.0078843,0,1.0
2493,-0.0198407158959768,0.38034866831737735,0.0015493,1.0400317752440658,2.5682498578706694,15.811189749644171,1.01338506043586,20.73945667933654,0.32696719194081925,-82.61991867977584,-0.8125632746084135,84.16510329978166,-0.8604110866485712,8.107347249440236,-0.01912858174625246,1.920767805351667,-0.001441,2.199785347320353,0.0078843,0,1.0
2494,0.6025106013712549,0.18304512980989443,0.0015493,1.0400317752440658,2.5682498578706694,23.700850063463,1.01338506043586,27.33651732421571,0.32696719194081925,-47.59872283986764,-0.8125632746084135,-15.010437020062543,-0.8604110866485712,7.91024388780067,-0.01912858174625246,0.31577503522671746,-0.001441,2.9965256136228438,0.0078843,0,1.0
2495,-0.0057973616356699065,0.24755529070520094,0.0015493,1.0400317752440658,2.5682498578706694,45.322834039907036,1.01338506043586,21.517489360919335,0.32696719194081925,-17.863639089062563,-0.8125632746084135,-5.415952613936205,-0.8604110866485712,-29.32546503679527,-0.01912858174625246,1.1685598482646358,-0.001441,2.880662806289754,0.0078843,0,1.0
2496,2.5858984313446096,2.18310718951057,0.0015493,1.0400317752440658,2.5682498578706694,6.428428135019927,1.01338506043586,33.71588758486366,0.32696719194081925,-22.244169922781946,-0.8125632746084135,-93.97749413422771,-0.8604110866485712,39.06921627200501,-0.01912858174625246,0.28232879713433623,-0.001441,3.2041338038538667,0.0078843,0,1.0
2497,0.027315308579172415,0.029304453824686563,0.0015493,1.0400317752440658,2.5682498578706694,32.41204478522025,1.01338506043586,28.052440175145,0.32696719194081925,-51.68161356341778,-0.8125632746084135,-0.15406230328143472,-0.8604110866485712,-5.1771817476406685,-0.01912858174625246,0.2789467033555544,-0.001441,3.071703496815985,0.0078843,0,1.0
2498,1.7218539778816373,0.8430134352095798,0.0015493,1.0400317752440658,2.5682498578706694,-48.610904437628456,1.01338506043586,11.57300293933345,0.32696719194081925,-72.39817603455224,-0.8125632746084135,15.771880079821548,-0.8604110866485712,82.80904862042672,-0.01912858174625246,-0.36697016578804303,-0.001441,0.37889198714154565,0.0078843,1,1.0
2499,0.01253664794056597,0.04842627760886982,0.0015493,1.0400317752440658,2.5682498578706694,73.54867308948995,1.01338506043586,48.69220924999961,0.32696719194081925,-69.69912334628597,-0.8125632746084135,-28.7436402584365,-0.8604110866485712,-25.61725579358598,-0.01912858174625246,0.3839649133042444,-0.001441,6.0795707113410025,0.0078843,0,1.0
2500,0.09242919251511825,0.004891824675294114,0.0015493,1.0352253157245797,4.45778214968442,-14.818502860351078,1.01338506043586,1.7456068386295478,0.32696719194081925,-21.957993518543688,-0.8125632746084135,38.182104189254844,-0.8604110866485712,16.426892829026148,-0.01912858174625246,-0.03521844210877947,-0.001441,0.03476316784676913,0.0078843,1,1.0
2501,0.19091299961954422,0.013853115637802619,0.0015493,1.0352253157245797,4.45778214968442,-29.18059991177612,1.01338506043586,13.400780678691104,0.32696719194081925,-46.54440052774903,-0.8125632746084135,-23.23090936669839,-0.8604110866485712,39.989345384345015,-0.01912858174625246,-0.08251517916463408,-0.001441,0.08265465967819349,0.0078843,1,1.0
2502,0.2660247643581607,0.008393267998616304,0.0015493,1.0352253157245797,4.45778214968442,-31.905582533418997,1.01338506043586,9.13024149146979,0.32696719194081925,-33.60631829603687,-0.8125632746084135,-38.96595784058737,-0.8604110866485712,42.06087535252328,-0.01912858174625246,-0.04938340315043202,-0.001441,0.04940883555436276,0.0078843,1,1.0
2503,0.17603192734665152,0.061237384406791745,0.0015493,1.0352253157245797,4.45778214968442,99.87333573334082,1.01338506043586,56.264483246420376,0.32696719194081925,-80.94164793088426,-0.8125632746084135,63.81867300830886,-0.8604110866485712,-34.93895891939914,-0.01912858174625246,0.302226812340221,-0.001441,1.4626564551500354,0.0078843,0,1.0
2504,0.47050759766194894,0.11386116272013845,0.0015493,1.0352253157245797,4.45778214968442,71.21993518722239,1.01338506043586,56.47280026275757,0.32696719194081925,-63.22728606929063,-0.8125632746084135,-11.029217646108421,-0.8604110866485712,-9.579053346270987,-0.01912858174625246,0.3093497027345614,-0.001441,1.2925350049842308,0.0078843,0,1.0
2505,0.010039289049541072,0.08221373600244883,0.0015493,1.0352253157245797,4.45778214968442,2.32054445009124,1.01338506043586,17.170658079690487,0.32696719194081925,-23.578061320438675,-0.8125632746084135,2.215991634226624,-0.8604110866485712,1.9050490131689923,-0.01912858174625246,-0.06927647915371737,-0.001441,0.1487538529401999,0.0078843,1,1.0
2506,0.43710671168486515,0.01827208561673221,0.0015493,1.0352253157245797,4.45778214968442,-48.224676686296995,1.01338506043586,11.722217976333084,0.32696719194081925,-42.31742852284163,-0.8125632746084135,-53.85021543197451,-0.8604110866485712,61.474624225308176,-0.01912858174625246,-0.048680703653302765,-0.001441,0.04863216854123359,0.0078843,1,1.0
2507,0.20443013697570434,0.06535663994306966,0.0015493,1.0352253157245797,4.45778214968442,97.24622289696595,1.01338506043586,59.410150175296444,0.32696719194081925,-80.77374653465957,-0.8125632746084135,53.58406513909506,-0.8604110866485712,-33.047556229845355,-0.01912858174625246,0.30397941043564924,-0.001441,1.4379172694066205,0.0078843,0,1.0
2508,0.15087833791004734,0.05592890825025523,0.0015493,1.0352253157245797,4.45778214968442,99.83221563927002,1.01338506043586,63.194066667664,0.32696719194081925,-99.12640613085716,-0.8125632746084135,82.49905782935508,-0.8604110866485712,-32.70675582186896,-0.01912858174625246,0.30018452146754004,-0.001441,1.4957587642819756,0.0078843,0,1.0
2509,0.3225735751570189,0.014565792126182628,0.0015493,1.0352253157245797,4.45778214968442,-50.73551320913845,1.01338506043586,14.721557033731097,0.32696719194081925,-76.88234923154525,-0.8125632746084135,13.586006932638215,-0.8604110866485712,65.62463502317023,-0.01912858174625246,-0.06964350781188122,-0.001441,0.0702200289825256,0.0078843,1,1.0
2510,0.10907648420160626,0.0028535726424164685,0.0015493,1.0352253157245797,4.45778214968442,-22.722399071808514,1.01338506043586,7.056138573115115,0.32696719194081925,-43.31297785949746,-0.8125632746084135,38.04747849026348,-0.8604110866485712,28.47308741839824,-0.01912858174625246,-0.034326819752391796,-0.001441,0.034271877063302564,0.0078843,1,1.0
2511,0.16060475452886477,0.002474176341497181,0.0015493,1.0352253157245797,4.45778214968442,-15.576360574104235,1.01338506043586,3.929944995092542,0.32696719194081925,-9.5911093962298,-0.8125632746084135,-28.070818353037087,-0.8604110866485712,19.802847565171025,-0.01912858174625246,-0.016391394044221762,-0.001441,0.016550028548899712,0.0078843,1,1.0
2512,0.16070938229890003,0.0028222032987753314,0.0015493,1.0352253157245797,4.45778214968442,-17.866157456691628,1.01338506043586,4.39568611378488,0.32696719194081925,-16.199000682035102,-0.8125632746084135,-17.763930070879237,-0.8604110866485712,22.711017320833772,-0.01912858174625246,-0.0176874628072905,-0.001441,0.018353036770288947,0.0078843,1,1.0
2513,0.26277326568843673,0.009140816682318503,0.0015493,1.0352253157245797,4.45778214968442,-31.23372733907402,1.01338506043586,10.360049609007106,0.32696719194081925,-33.65805719961578,-0.8125632746084135,-42.58098436834099,-0.8604110866485712,41.41152888023957,-0.01912858174625246,-0.05726314385170753,-0.001441,0.057154617585636065,0.0078843,1,1.0
2514,0.22281047323583114,0.010497225014118785,0.0015493,1.0352253157245797,4.45778214968442,-18.61689444367757,1.01338506043586,5.563017016179312,0.32696719194081925,-7.001622648320712,-0.8125632746084135,-26.393783189400402,-0.8604110866485712,21.629847538442228,-0.01912858174625246,-0.044124328655451586,-0.001441,0.04463308901245741,0.0078843,1,1.0
2515,0.0064592581865840284,0.004376695872192078,0.0015493,1.0352253157245797,4.45778214968442,-10.69041130313788,1.01338506043586,1.5752579980141639,0.32696719194081925,-30.219499312589548,-0.8125632746084135,75.42342149479069,-0.8604110866485712,10.875593821104978,-0.01912858174625246,-0.04351185307965914,-0.001441,0.04337767309180348,0.0078843,1,1.0
2516,0.046264733342958726,0.0016665334440607664,0.0015493,1.0352253157245797,4.45778214968442,-22.248775819211485,1.01338506043586,3.9343773670061415,0.32696719194081925,-53.24925079088275,-0.8125632746084135,82.52922766875388,-0.8604110866485712,27.10830047031202,-0.01912858174625246,-0.01773948913521961,-0.001441,0.017595626077991318,0.0078843,1,1.0
2517,0.24788488720623864,0.008006492232492621,0.0015493,1.0352253157245797,4.45778214968442,-33.69651829700887,1.01338506043586,9.803207017698172,0.32696719194081925,-43.2047691921977,-0.8125632746084135,-16.92513377466716,-0.8604110866485712,44.027283426240416,-0.01912858174625246,-0.04971024842594793,-0.001441,0.049508788624181815,0.0078843,1,1.0
2518,0.418872233254586,0.11386236994072964,0.0015493,1.0352253157245797,4.45778214968442,43.69034688014944,1.01338506043586,38.7286801241414,0.32696719194081925,-64.90378547762143,-0.8125632746084135,91.82656695678799,-0.8604110866485712,-0.42720972524324763,-0.01912858174625246,0.34789040591696546,-0.001441,0.8824097487114679,0.0078843,0,1.0
2519,0.18900784021489797,0.005813419649728219,0.0015493,1.0352253157245797,4.45778214968442,-24.076737271625245,1.01338506043586,3.1343711822967486,0.32696719194081925,-26.102797178085336,-0.8125632746084135,13.86546643587852,-0.8604110866485712,28.792741875820244,-0.01912858174625246,-0.02147440555737005,-0.001441,0.021489252787074153,0.0078843,1,1.0
2520,0.04671746843962338,0.05132282313877705,0.0015493,1.0352253157245797,4.45778214968442,99.1112314585758,1.01338506043586,39.28162902257153,0.32696719194081925,-36.19815162452393,-0.8125632746084135,84.39750383772355,-0.8604110866485712,-55.418725045835394,-0.01912858174625246,0.32305868514120817,-0.001441,1.1119283779959734,0.0078843,0,1.0
2521,0.0988468375432367,0.0032854091952483205,0.0015493,1.0352253157245797,4.45778214968442,-31.429731159479505,1.01338506043586,7.106386411606011,0.32696719194081925,-69.27999694437946,-0.8125632746084135,94.05961642803996,-0.8604110866485712,38.523061235985,-0.01912858174625246,-0.033371677961050894,-0.001441,0.03329948345679026,0.0078843,1,1.0
2522,0.02237442151941411,0.005291739178049593,0.0015493,1.0352253157245797,4.45778214968442,-0.9165560701380413,1.01338506043586,3.980352996693508,0.32696719194081925,-2.0201595276162627,-0.8125632746084135,-1.0538081523358545,-0.8604110866485712,0.48353236566279884,-0.01912858174625246,-0.03538437059384425,-0.001441,0.03524356912643402,0.0078843,1,1.0
2523,0.1991156403933951,0.004776109464473481,0.0015493,1.0352253157245797,4.45778214968442,-26.437173746080834,1.01338506043586,7.214759800014924,0.32696719194081925,-32.462309066329624,-0.8125632746084135,-15.24589591088842,-0.8604110866485712,34.499107417370666,-0.01912858174625246,-0.036025324570971476,-0.001441,0.036116665970834266,0.0078843,1,1.0
2524,0.03846844575578445,0.0022384361009162605,0.0015493,1.0352253157245797,4.45778214968442,-23.979066038928504,1.01338506043586,6.099828270658136,0.32696719194081925,-61.69593214805676,-0.8125632746084135,89.70505846725997,-0.8604110866485712,29.795384746979213,-0.01912858174625246,-0.026764526228018736,-0.001441,0.02777312107754196,0.0078843,1,1.0
2525,0.1683205680988902,0.005596188507752143,0.0015493,1.0352253157245797,4.45778214968442,-28.18339069971162,1.01338506043586,8.12136961238315,0.32696719194081925,-44.47204134700673,-0.8125632746084135,3.7270573586930187,-0.8604110866485712,37.281549837944944,-0.01912858174625246,-0.04491606838747735,-0.001441,0.045172296856094064,0.0078843,1,1.0
2526,0.2091450993830148,0.004900848964591697,0.0015493,1.0352253157245797,4.45778214968442,-18.0079119547012,1.01338506043586,2.816836816042044,0.32696719194081925,-4.589853717089156,-0.8125632746084135,-36.93776162343955,-0.8604110866485712,22.110614129907237,-0.01912858174625246,-0.009643576205485073,-0.001441,0.009583458616228951,0.0078843,1,1.0
2527,0.1534974951261835,0.06788211986663638,0.0015493,1.0352253157245797,4.45778214968442,99.95844285950632,1.01338506043586,39.7424129495393,0.32696719194081925,-14.467274168839282,-0.8125632746084135,20.812543201374307,-0.8604110866485712,-55.08305036773412,-0.01912858174625246,0.3209110959462988,-0.001441,1.1351917571480825,0.0078843,0,1.0
2528,0.04347030587969074,0.004473924719258232,0.0015493,1.0352253157245797,4.45778214968442,-10.735751771328701,1.01338506043586,-0.4646797740072285,0.32696719194081925,-20.079578114977014,-0.8125632746084135,54.26538981427386,-0.8604110866485712,10.895149952130064,-0.01912858174625246,-0.04001139900275153,-0.001441,0.03997997034058615,0.0078843,1,1.0
2529,0.13638497961471055,0.003912635640414349,0.0015493,1.0352253157245797,4.45778214968442,-27.81676815365398,1.01338506043586,8.1989897587242,0.32696719194081925,-51.090425699722566,-0.8125632746084135,29.590040372080644,-0.8604110866485712,36.1024011835386,-0.01912858174625246,-0.03986953735733692,-0.001441,0.0398552563046706,0.0078843,1,1.0
2530,0.01831600071499232,0.010758943847915895,0.0015493,1.0352253157245797,4.45778214968442,-2.652215883584602,1.01338506043586,-3.491383236010943,0.32696719194081925,-2.4039737974300417,-0.8125632746084135,50.11142800225486,-0.8604110866485712,-0.5004617407335585,-0.01912858174625246,-0.062341163931126854,-0.001441,0.06422883332322567,0.0078843,1,1.0
2531,0.08025846481101806,0.05134768590330174,0.0015493,1.0352253157245797,4.45778214968442,99.99671840141262,1.01338506043586,47.055345893138856,0.32696719194081925,-59.398776326242185,-0.8125632746084135,85.10359632286922,-0.8604110866485712,-47.17314077199335,-0.01912858174625246,0.31309768734214344,-0.001441,1.2644688797296457,0.0078843,0,1.0
2532,0.3747422972975143,0.017342764657820246,0.0015493,1.0352253157245797,4.45778214968442,-42.056258549340875,1.01338506043586,9.10306422265036,0.32696719194081925,-35.97596341708642,-0.8125632746084135,-64.20575060408022,-0.8604110866485712,55.31107929024649,-0.01912858174625246,-0.05361806201011912,-0.001441,0.05345115719737449,0.0078843,1,1.0
2533,0.3761686705527373,0.102917908754003,0.0015493,1.0352253157245797,4.45778214968442,60.46311990509487,1.01338506043586,45.77902097656108,0.32696719194081925,-57.5837087432623,-0.8125632746084135,55.704111344335026,-0.8604110866485712,-13.197807371611418,-0.01912858174625246,0.33449654415956837,-0.001441,1.0140885947361598,0.0078843,0,1.0
2534,0.27333438543160277,0.014969622147189755,0.0015493,1.0352253157245797,4.45778214968442,-44.017534852609955,1.01338506043586,15.318860613080046,0.32696719194081925,-70.47685059488477,-0.8125632746084135,7.254932751875164,-0.8604110866485712,57.695038598953616,-0.01912858174625246,-0.0787437266305388,-0.001441,0.08022823709677546,0.0078843,1,1.0
2535,0.21367503733362417,0.005270220646282211,0.0015493,1.0352253157245797,4.45778214968442,-27.82643301979039,1.01338506043586,7.365396199041004,0.32696719194081925,-33.188044468771714,-0.8125632746084135,-14.71676657066443,-0.8604110866485712,35.98471996827935,-0.01912858174625246,-0.03448660040336288,-0.001441,0.03430070270174217,0.0078843,1,1.0
2536,0.4158132704528429,0.10857324282454514,0.0015493,1.0352253157245797,4.45778214968442,99.41491387607773,1.01338506043586,57.358824434721654,0.32696719194081925,-20.859279831911053,-0.8125632746084135,-88.0606488844843,-0.8604110866485712,-37.57061254001053,-0.01912858174625246,0.30441239646337626,-0.001441,1.4080411560725623,0.0078843,0,1.0
2537,-0.00416539906345495,0.03159913277301834,0.0015493,1.0352253157245797,4.45778214968442,0.6821364684763573,1.01338506043586,6.133101617662177,0.32696719194081925,-9.139784050528577,-0.8125632746084135,-25.22752287393428,-0.8604110866485712,3.5766404969064927,-0.01912858174625246,-0.04502871784294167,-0.001441,0.07560778376419318,0.0078843,1,1.0
2538,0.004822204549111628,0.009647188468433586,0.0015493,1.0352253157245797,4.45778214968442,-4.521417650503869,1.01338506043586,-5.675937725227371,0.32696719194081925,-7.2731443696078,-0.8125632746084135,55.31740883669989,-0.8604110866485712,2.667121594973804,-0.01912858174625246,-0.05576094781373485,-0.001441,0.056561711085734864,0.0078843,1,1.0
2539,0.3437682174523965,0.0151579398105884,0.0015493,1.0352253157245797,4.45778214968442,-50.486501884852906,1.01338506043586,13.812337217836436,0.32696719194081925,-70.43656482849424,-0.8125632746084135,0.39001050318142966,-0.8604110866485712,65.18738284863637,-0.01912858174625246,-0.06461985462134764,-0.001441,0.06411662574160262,0.0078843,1,1.0
2540,0.00617636437107473,0.009060778104123294,0.0015493,1.0352253157245797,4.45778214968442,-5.6718629922216675,1.01338506043586,6.207343895671865,0.32696719194081925,-20.32278003824353,-0.8125632746084135,29.03422708136816,-0.8604110866485712,6.462113149241091,-0.01912858174625246,-0.04768937812404497,-0.001441,0.046775709087103934,0.0078843,1,1.0
2541,0.15737788794143104,0.07054895920072617,0.0015493,1.0352253157245797,4.45778214968442,90.83891030263445,1.01338506043586,34.117602918816885,0.32696719194081925,-24.733753650141995,-0.8125632746084135,58.34320851299657,-0.8604110866485712,-46.97590202039282,-0.01912858174625246,0.3245222884782679,-0.001441,1.0884473589342663,0.0078843,0,1.0
2542,0.5710027051448234,0.03358306339669964,0.0015493,1.0352253157245797,4.45778214968442,-71.7668342411813,1.01338506043586,18.234698377450265,0.32696719194081925,-81.06112850285264,-0.8125632746084135,-38.63995545787348,-0.8604110866485712,91.9268863963732,-0.01912858174625246,-0.07929961509277242,-0.001441,0.07908309581620027,0.0078843,1,1.0
2543,0.5327082412356128,0.1200890054123457,0.0015493,1.0352253157245797,4.45778214968442,78.174938898382,1.01338506043586,69.7755831332674,0.32696719194081925,-93.12481571131438,-0.8125632746084135,-26.36904806482176,-0.8604110866485712,-0.7318593933901847,-0.01912858174625246,0.2973130699816633,-0.001441,1.5791730766993404,0.0078843,0,1.0
2544,0.33080476125248626,0.016394981332755975,0.0015493,1.0352253157245797,4.45778214968442,-30.767230260801522,1.01338506043586,2.5613304845068834,0.32696719194081925,-12.110971071073173,-0.8125632746084135,-35.00483524937724,-0.8604110866485712,36.78658195785188,-0.01912858174625246,-0.023420652332072717,-0.001441,0.023510287943853736,0.0078843,1,1.0
2545,0.2267099350410115,0.07237123322578407,0.0015493,1.0352253157245797,4.45778214968442,99.979136645945,1.01338506043586,51.47224554725883,0.32696719194081925,-49.55459481840878,-0.8125632746084135,17.03107666819838,-0.8604110866485712,-40.50165213969506,-0.01912858174625246,0.3059727846337219,-0.001441,1.3740861570706353,0.0078843,0,1.0
2546,0.0853057925016988,0.0021209692466698784,0.0015493,1.0352253157245797,4.45778214968442,-25.898016092335364,1.01338506043586,5.070268948198679,0.32696719194081925,-55.46363690496686,-0.8125632746084135,75.66730719077663,-0.8604110866485712,31.715896145933975,-0.01912858174625246,-0.022016694806774196,-0.001441,0.022073271681767617,0.0078843,1,1.0
2547,0.10726119585044991,0.05062303912043375,0.0015493,1.0352253157245797,4.45778214968442,97.94802704261826,1.01338506043586,55.73515400034261,0.32696719194081925,-89.51692319303446,-0.8125632746084135,99.86950343920391,-0.8604110866485712,-36.47917502658735,-0.01912858174625246,0.3049168234900933,-0.001441,1.39666136016981,0.0078843,0,1.0
2548,0.06586002094070705,0.0020524916683879535,0.0015493,1.0352253157245797,4.45778214968442,-5.010780085604953,1.01338506043586,3.887893044160464,0.32696719194081925,-1.6385969723694604,-0.8125632746084135,-35.895446364289135,-0.8604110866485712,7.87450808286203,-0.01912858174625246,-0.030916808022583897,-0.001441,0.031046513154314725,0.0078843,1,1.0
2549,0.3974442459647329,0.017026110560494242,0.0015493,1.0352253157245797,4.45778214968442,-50.814500544009384,1.01338506043586,13.23466454986417,0.32696719194081925,-59.48743717473878,-0.8125632746084135,-22.991599964641498,-0.8604110866485712,65.17085572207026,-0.01912858174625246,-0.057441327647908,-0.001441,0.05863200010817748,0.0078843,1,1.0
2550,0.02223446685770345,0.004509894216806233,0.0015493,1.0352253157245797,4.45778214968442,-16.31939976362097,1.01338506043586,0.81620121226075,0.32696719194081925,-40.99092885363964,-0.8125632746084135,93.8703406037972,-0.8604110866485712,17.744601005910027,-0.01912858174625246,-0.04223955239568055,-0.001441,0.04217877881319058,0.0078843,1,1.0
2551,0.22511101219526614,0.008544981681426665,0.0015493,1.0352253157245797,4.45778214968442,-31.47624031018095,1.01338506043586,11.139967379935339,0.32696719194081925,-44.059654364109164,-0.8125632746084135,-7.492083466947313,-0.8604110866485712,40.746892759030295,-0.01912858174625246,-0.05662208364610324,-0.001441,0.05625803248995983,0.0078843,1,1.0
2552,0.09479667143207328,0.01562652478689435,0.0015493,1.0352253157245797,4.45778214968442,-30.127250909234863,1.01338506043586,11.606908039452964,0.32696719194081925,-67.8698662147869,-0.8125632746084135,27.675561559358272,-0.8604110866485712,41.99544661514571,-0.01912858174625246,-0.08327744600975082,-0.001441,0.08321022867852318,0.0078843,1,1.0
2553,0.24027441712431974,0.008016700977342741,0.0015493,1.0352253157245797,4.45778214968442,-21.450309716822424,1.01338506043586,7.82445216839012,0.32696719194081925,-10.041321773706013,-0.8125632746084135,-77.25131340708985,-0.8604110866485712,29.528856628137184,-0.01912858174625246,-0.052606582287613196,-0.001441,0.05338423654345273,0.0078843,1,1.0
2554,0.10894360717563012,0.050320448249837654,0.0015493,1.0352253157245797,4.45778214968442,99.71283597541137,1.01338506043586,59.38946781640726,0.32696719194081925,-96.76538616242267,-0.8125632746084135,99.581149053437,-0.8604110866485712,-35.5277153986482,-0.01912858174625246,0.3026219655839192,-0.001441,1.4475451734399307,0.0078843,0,1.0
2555,0.016163413505430713,0.055454233175354944,0.0015493,1.0352253157245797,4.45778214968442,96.96766419723473,1.01338506043586,26.65411794256783,0.32696719194081925,-5.480280397528086,-0.8125632746084135,92.98360639437483,-0.8604110866485712,-65.1568037897895,-0.01912858174625246,0.345062586643787,-0.001441,0.914270162860794,0.0078843,0,1.0
2556,0.3710989319633652,0.09096294104610511,0.0015493,1.0352253157245797,4.45778214968442,91.27172562944723,1.01338506043586,65.83906171785509,0.32696719194081925,-89.05782456697304,-0.8125632746084135,7.227398637329899,-0.8604110866485712,-17.35531830959769,-0.01912858174625246,0.29689892230682013,-0.001441,1.5739365435889905,0.0078843,0,1.0
2557,0.407206564326859,0.09637773911450198,0.0015493,1.0352253157245797,4.45778214968442,64.72599173661132,1.01338506043586,57.888675595590385,0.32696719194081925,-99.47926031573697,-0.8125632746084135,60.994022310545525,-0.8604110866485712,-0.28077778658938896,-0.01912858174625246,0.3088604676693315,-0.001441,1.3128813767053722,0.0078843,0,1.0
2558,0.2233809008107035,0.007153951250970921,0.0015493,1.0352253157245797,4.45778214968442,-35.1906555697666,1.01338506043586,10.234850438109087,0.32696719194081925,-53.21256867188895,-0.8125632746084135,7.0852937658615724,-0.8604110866485712,45.68858886452742,-0.01912858174625246,-0.04977351669196181,-0.001441,0.049717081410426425,0.0078843,1,1.0
2559,0.15026984194890636,0.05736129160511739,0.0015493,1.0352253157245797,4.45778214968442,99.99620596048875,1.01338506043586,55.94236071769179,0.32696719194081925,-87.3387540530105,-0.8125632746084135,79.87549915691814,-0.8604110866485712,-34.58823377631235,-0.01912858174625246,0.301134125024594,-0.001441,1.4714681645999141,0.0078843,0,1.0
2560,0.3283229388051935,0.02074366667374655,0.0015493,1.0352253157245797,4.45778214968442,-48.02865080410523,1.01338506043586,5.29415294597237,0.32696719194081925,-61.92078320659501,-0.8125632746084135,48.52544018304973,-0.8604110866485712,58.3260562786628,-0.01912858174625246,-0.023562147907017866,-0.001441,0.02662703135115903,0.0078843,1,1.0
2561,0.4625154116087197,0.11568848641385318,0.0015493,1.0352253157245797,4.45778214968442,97.45695530707343,1.01338506043586,58.853323488132716,0.32696719194081925,-27.686887584647614,-0.8125632746084135,-94.6000724581526,-0.8604110866485712,-31.413918575752046,-0.01912858174625246,0.3015176425680225,-0.001441,1.4699699542911446,0.0078843,0,1.0
2562,0.048188241068321244,0.0008863349677868691,0.0015493,1.0352253157245797,4.45778214968442,-12.121004907024414,1.01338506043586,3.422450656162094,0.32696719194081925,-24.59171244495918,-0.8125632746084135,18.646836411086422,-0.8604110866485712,15.827084500364712,-0.01912858174625246,-0.01696896276713205,-0.001441,0.01724169429674486,0.0078843,1,1.0
2563,0.15850707297334174,0.008309329143497924,0.0015493,1.0352253157245797,4.45778214968442,-33.69536968145505,1.01338506043586,11.367662298842646,0.32696719194081925,-65.02333767046294,-0.8125632746084135,36.414323401826834,-0.8604110866485712,44.179062419362964,-0.01912858174625246,-0.05742208924166902,-0.001441,0.05955642642815389,0.0078843,1,1.0
2564,0.38847730147270765,0.021655854870554377,0.0015493,1.0352253157245797,4.45778214968442,-53.91622779467055,1.01338506043586,16.88529261742546,0.32696719194081925,-71.8394078372605,-0.8125632746084135,-29.192376808999498,-0.8604110866485712,71.03347511384598,-0.01912858174625246,-0.09001774833123408,-0.001441,0.0900005580707991,0.0078843,1,1.0
2565,0.35773028947079344,0.11294724780328469,0.0015493,1.0352253157245797,4.45778214968442,57.653075062051656,1.01338506043586,32.06829744029687,0.32696719194081925,-23.413540162436703,-0.8125632746084135,58.721462315515524,-0.8604110866485712,-22.629710532109225,-0.01912858174625246,0.36153903806267457,-0.001441,0.8033142571819101,0.0078843,0,1.0
2566,0.10467772978686891,0.001978943655853201,0.0015493,1.0352253157245797,4.45778214968442,-23.561526312276364,1.01338506043586,4.752588547247214,0.32696719194081925,-44.0901436091788,-0.8125632746084135,43.77257554107874,-0.8604110866485712,29.580727957653863,-0.01912858174625246,-0.016395821345971267,-0.001441,0.01635955665981508,0.0078843,1,1.0
2567,0.25142656606304914,0.015642581841643532,0.0015493,1.0352253157245797,4.45778214968442,-43.3078799653081,1.01338506043586,4.767882299333911,0.32696719194081925,-66.02821447798358,-0.8125632746084135,83.6566550622671,-0.8604110866485712,51.2900194228539,-0.01912858174625246,-0.04421868576916606,-0.001441,0.044341798090277454,0.0078843,1,1.0
2568,0.12435921117957066,0.0026096021150945133,0.0015493,1.0352253157245797,4.45778214968442,-20.257046494838256,1.01338506043586,5.944629256117105,0.32696719194081925,-31.495997526686743,-0.8125632746084135,3.734825357943411,-0.8604110866485712,26.54706034988509,-0.01912858174625246,-0.030518371452000603,-0.001441,0.030685949000224925,0.0078843,1,1.0
2569,0.056011471769007976,0.0022933360182027314,0.0015493,1.0352253157245797,4.45778214968442,-26.568066427950207,1.01338506043586,6.970363847627751,0.32696719194081925,-65.03859889350223,-0.8125632746084135,84.13740917132465,-0.8604110866485712,33.52789291312594,-0.01912858174625246,-0.02984712087398306,-0.001441,0.029976399680233832,0.0078843,1,1.0
2570,0.023317343493440543,0.003699311092028948,0.0015493,1.0352253157245797,4.45778214968442,-27.13304374184982,1.01338506043586,7.404945988201565,0.32696719194081925,-73.66177356021456,-0.8125632746084135,95.86917450907012,-0.8604110866485712,35.06568930864005,-0.01912858174625246,-0.0344480676589802,-0.001441,0.0346158000475502,0.0078843,1,1.0
2571,0.3125404175303281,0.010177695692158989,0.0015493,1.0352253157245797,4.45778214968442,-27.419223413339417,1.01338506043586,5.238500361096831,0.32696719194081925,-7.8316796733185114,-0.8125632746084135,-78.74772032329363,-0.8604110866485712,35.77936868664968,-0.01912858174625246,-0.029502867438029205,-0.001441,0.02944787871822531,0.0078843,1,1.0
2572,0.42566181844928586,0.11881399291620258,0.0015493,1.0352253157245797,4.45778214968442,76.74518165573572,1.01338506043586,39.8362225888788,0.32696719194081925,-0.010306894998592827,-0.8125632746084135,-47.13746987045516,-0.8604110866485712,-32.3268120203131,-0.01912858174625246,0.3309604973587323,-0.001441,1.033702167216954,0.0078843,0,1.0
2573,0.11292893597955223,0.053617480270344825,0.0015493,1.0352253157245797,4.45778214968442,99.60288719642035,1.01338506043586,55.15880737174074,0.32696719194081925,-77.321018528646,-0.8125632746084135,81.68571658957266,-0.8604110866485712,-40.63153637601079,-0.01912858174625246,0.3063280039729793,-0.001441,1.3616474035807915,0.0078843,0,1.0
2574,0.22713306899538788,0.06580980504587065,0.0015493,1.0352253157245797,4.45778214968442,99.55460020500449,1.01338506043586,65.22291369265102,0.32696719194081925,-97.9852076283524,-0.8125632746084135,53.9303133007298,-0.8604110866485712,-27.796008898434927,-0.01912858174625246,0.2977299823907662,-0.001441,1.5711779951079798,0.0078843,0,1.0
2575,0.22099213098681786,0.00766309828883268,0.0015493,1.0352253157245797,4.45778214968442,-29.80758695990007,1.01338506043586,9.025320266052066,0.32696719194081925,-37.704271438148375,-0.8125632746084135,-25.096012959874294,-0.8604110866485712,39.689622639078884,-0.01912858174625246,-0.052341754843265864,-0.001441,0.05221910461933675,0.0078843,1,1.0
2576,0.23755631211738132,0.05037143937408019,0.0015493,1.0352253157245797,4.45778214968442,-45.15429786134737,1.01338506043586,20.548843525682354,0.32696719194081925,-82.50759735690251,-0.8125632746084135,-33.31650490086479,-0.8604110866485712,64.27130624225198,-0.01912858174625246,-0.1530019465885701,-0.001441,0.15100075199594556,0.0078843,1,1.0
2577,0.12330584070386842,0.0031561722079186325,0.0015493,1.0352253157245797,4.45778214968442,-20.38399324612311,1.01338506043586,7.224644509625904,0.32696719194081925,-33.32919172206526,-0.8125632746084135,4.351503613687036,-0.8604110866485712,26.739371547980102,-0.01912858174625246,-0.03791834028321967,-0.001441,0.03791103027414695,0.0078843,1,1.0
2578,0.22205068758052926,0.06665887663350907,0.0015493,1.0352253157245797,4.45778214968442,99.7740016703722,1.01338506043586,62.377490158557016,0.32696719194081925,-86.17670072094752,-0.8125632746084135,45.53833059651204,-0.8604110866485712,-31.47892000918547,-0.01912858174625246,0.30018293599746104,-0.001441,1.5152986982309098,0.0078843,0,1.0
2579,0.03451356919235366,0.0031665238010106216,0.0015493,1.0352253157245797,4.45778214968442,-20.997980085900654,1.01338506043586,4.608255506457093,0.32696719194081925,-52.75057674125494,-0.8125632746084135,67.49546113820249,-0.8604110866485712,27.07311378375517,-0.01912858174625246,-0.01826426564232626,-0.001441,0.020709581075332644,0.0078843,1,1.0
2580,0.53515325790394,0.03638008226196691,0.0015493,1.0352253157245797,4.45778214968442,-65.5089590905096,1.01338506043586,20.013413013983687,0.32696719194081925,-72.51091305713528,-0.8125632746084135,-77.77034237311092,-0.8604110866485712,86.70585869846003,-0.01912858174625246,-0.11040419132377341,-0.001441,0.1104065042373368,0.0078843,1,1.0
2581,0.11980983583573901,0.07054324629498038,0.0015493,1.0352253157245797,4.45778214968442,81.38560104881532,1.01338506043586,26.75033161518069,0.32696719194081925,-18.124326314189286,-0.8125632746084135,99.36771084578193,-0.8604110866485712,-48.12370901033137,-0.01912858174625246,0.3490074333547833,-0.001441,0.8763033208149229,0.0078843,0,1.0
2582,0.019790334061748904,0.00055932827068749,0.0015493,1.0352253157245797,4.45778214968442,-8.970015489167368,1.01338506043586,2.136694218014126,0.32696719194081925,-21.596189417932337,-0.8125632746084135,27.25232328086188,-0.8604110866485712,11.415618283232805,-0.01912858174625246,-0.008246811164520973,-0.001441,0.00884808315411616,0.0078843,1,1.0
2583,0.16261220235876697,0.0044761680080025006,0.0015493,1.0352253157245797,4.45778214968442,-28.591614724355203,1.01338506043586,4.852875709318623,0.32696719194081925,-45.443826289938855,-0.8125632746084135,43.65967696816063,-0.8604110866485712,35.00992439222318,-0.01912858174625246,-0.018921021730118618,-0.001441,0.019595670695665746,0.0078843,1,1.0
2584,0.2726773440868734,0.08220252275849746,0.0015493,1.0352253157245797,4.45778214968442,83.36978730363656,1.01338506043586,58.51445363312404,0.32696719194081925,-75.10976539734186,-0.8125632746084135,47.868952669188545,-0.8604110866485712,-25.339443469858,-0.01912858174625246,0.3103312564418432,-0.001441,1.2813965332480872,0.0078843,0,1.0
2585,0.46627950658471023,0.021899066142582246,0.0015493,1.0352253157245797,4.45778214968442,-47.33173754019071,1.01338506043586,10.88034059559538,0.32696719194081925,-31.79955747785419,-0.8125632746084135,-90.75751034412635,-0.8604110866485712,61.64553141269511,-0.01912858174625246,-0.054314549006231214,-0.001441,0.054575021151239786,0.0078843,1,1.0
2586,0.09206716417160352,0.0038156376987079454,0.0015493,1.0352253157245797,4.45778214968442,-14.824286742275051,1.01338506043586,6.391221854310329,0.32696719194081925,-24.10831995834355,-0.8125632746084135,-12.71172381072438,-0.8604110866485712,20.634581848196245,-0.01912858174625246,-0.04290544581964706,-0.001441,0.043088046945419026,0.0078843,1,1.0
2587,0.36999179899827284,0.10305796378415814,0.0015493,1.0352253157245797,4.45778214968442,59.98083878673111,1.01338506043586,39.83403014299486,0.32696719194081925,-49.92623268641565,-0.8125632746084135,59.336457773936324,-0.8604110866485712,-14.353987929088294,-0.01912858174625246,0.3373806288621813,-0.001441,0.9868384962535224,0.0078843,0,1.0
2588,0.259324954482728,0.08701913962429812,0.0015493,1.0352253157245797,4.45778214968442,99.99727550599086,1.01338506043586,39.979878140308685,0.32696719194081925,-7.011040507684634,-0.8125632746084135,-22.387012211012937,-0.8604110866485712,-49.625090514134385,-0.01912858174625246,0.31491100994317567,-0.001441,1.2304130278841878,0.0078843,0,1.0
2589,0.18176871922409088,0.06836445768126052,0.0015493,1.0352253157245797,4.45778214968442,79.63656976033981,1.01338506043586,45.036739887751715,0.32696719194081925,-61.267505576842524,-0.8125632746084135,92.06855801771341,-0.8604110866485712,-32.20741740327639,-0.01912858174625246,0.3265942842863428,-0.001441,1.0930460444730943,0.0078843,0,1.0
2590,0.48594955247925864,0.02544864488105083,0.0015493,1.0352253157245797,4.45778214968442,-46.61683147984643,1.01338506043586,9.932553437572484,0.32696719194081925,-27.026299317841296,-0.8125632746084135,-68.06246786632815,-0.8604110866485712,57.871611204805475,-0.01912858174625246,-0.03752399795670858,-0.001441,0.039938166500786604,0.0078843,1,1.0
2591,0.42499114594314596,0.1294431440020404,0.0015493,1.0352253157245797,4.45778214968442,44.0594368415041,1.01338506043586,31.297418367883296,0.32696719194081925,-46.319597337116605,-0.8125632746084135,80.77028393372433,-0.8604110866485712,-4.391053957707223,-0.01912858174625246,0.3511990426992778,-0.001441,0.8292396666737226,0.0078843,0,1.0
2592,0.20525059965737158,0.06642532083468138,0.0015493,1.0352253157245797,4.45778214968442,99.87636138809555,1.01338506043586,60.951253476037806,0.32696719194081925,-77.4737479027246,-0.8125632746084135,42.35763261784851,-0.8604110866485712,-35.382349093437455,-0.01912858174625246,0.3023193108715404,-0.001441,1.4528206980938299,0.0078843,0,1.0
2593,0.23965044214865885,0.0767833456462068,0.0015493,1.0352253157245797,4.45778214968442,71.23012316941474,1.01338506043586,41.837591020949205,0.32696719194081925,-59.61550024120455,-0.8125632746084135,88.62754757237848,-0.8604110866485712,-24.651419643968143,-0.01912858174625246,0.32820271032897946,-0.001441,1.0467321704369499,0.0078843,0,1.0
2594,0.1976306286606312,0.007797593205261303,0.0015493,1.0352253157245797,4.45778214968442,-31.424595220916178,1.01338506043586,9.225376109700402,0.32696719194081925,-47.310611278655266,-0.8125632746084135,-5.625664895449446,-0.8604110866485712,41.869763824747146,-0.01912858174625246,-0.054115298076722454,-0.001441,0.05421652337356825,0.0078843,1,1.0
2595,0.2550390285817595,0.008934424576565481,0.0015493,1.0352253157245797,4.45778214968442,-38.4752177523045,1.01338506043586,10.56263891220472,0.32696719194081925,-55.04805826928882,-0.8125632746084135,-0.8475402409252516,-0.8604110866485712,50.147578798935385,-0.01912858174625246,-0.05223090086127861,-0.001441,0.052379213315794045,0.0078843,1,1.0
2596,0.17424627660843564,0.014622627539375536,0.0015493,1.0352253157245797,4.45778214968442,-37.28887569191551,1.01338506043586,12.95891487193644,0.32696719194081925,-70.91353291545171,-0.8125632746084135,17.90628045635936,-0.8604110866485712,50.56917696969889,-0.01912858174625246,-0.08182085172938287,-0.001441,0.08173854620253966,0.0078843,1,1.0
2597,0.1169850177499499,0.003917732407592273,0.0015493,1.0352253157245797,4.45778214968442,-14.065799642920645,1.01338506043586,0.014730686172071239,0.32696719194081925,-12.19214102073095,-0.8125632746084135,7.1200801359206,-0.8604110866485712,16.639992895167545,-0.01912858174625246,-0.014604977454046255,-0.001441,0.015305991991231149,0.0078843,1,1.0
2598,0.6634799545222528,0.16111776759754529,0.0015493,1.0352253157245797,4.45778214968442,30.564657873055246,1.01338506043586,51.247234896840524,0.32696719194081925,-86.69663698489586,-0.8125632746084135,26.021621820559105,-0.8604110866485712,27.495397873964045,-0.01912858174625246,0.32184035753169515,-0.001441,1.0727526975514499,0.0078843,0,1.0
2599,0.11087029937558668,0.053497682905995256,0.0015493,1.0352253157245797,4.45778214968442,94.97452899444758,1.01338506043586,52.603975915246565,0.32696719194081925,-77.68825641141085,-0.8125632746084135,94.52095698076089,-0.8604110866485712,-38.50091458520063,-0.01912858174625246,0.30994898835942375,-0.001441,1.3024464452062887,0.0078843,0,1.0
2600,0.0007646414162017223,0.02829615720234347,0.0015493,2.301058337073141,3.47893708472098,1.211102727202003,1.01338506043586,3.808967079030976,0.32696719194081925,-35.485549612222705,-0.8125632746084135,22.746504130525974,-0.8604110866485712,16.01221165805756,-0.01912858174625246,-0.022163759807680608,-0.001441,0.07095602669140609,0.0078843,1,1.0
2601,0.49091383994111487,0.029136645963432163,0.0015493,2.301058337073141,3.47893708472098,-63.28574541484947,1.01338506043586,5.98281982767176,0.32696719194081925,-62.83318515011664,-0.8125632746084135,9.96569468426225,-0.8604110866485712,76.75328643053965,-0.01912858174625246,-0.07226965166728282,-0.001441,0.07285874804252816,0.0078843,1,1.0
2602,0.33599289955181805,0.13254903030235238,0.0015493,2.301058337073141,3.47893708472098,28.74242524271322,1.01338506043586,14.013116509794854,0.32696719194081925,-56.947314738134295,-0.8125632746084135,-57.5759709847065,-0.8604110866485712,34.896586278796875,-0.01912858174625246,-0.20093185585816473,-0.001441,0.257011496919199,0.0078843,1,1.0
2603,0.4031834253802341,0.022097945866311697,0.0015493,2.301058337073141,3.47893708472098,-31.812049360621273,1.01338506043586,4.2224079161677475,0.32696719194081925,-27.084648719596036,-0.8125632746084135,-24.169430364440974,-0.8604110866485712,44.8257949496516,-0.01912858174625246,-0.06103524897777948,-0.001441,0.06161096878357958,0.0078843,1,1.0
2604,0.04095258934475693,0.05415029154434797,0.0015493,2.301058337073141,3.47893708472098,25.470446577576812,1.01338506043586,9.188530801654801,0.32696719194081925,-41.612847363639084,-0.8125632746084135,-19.441677183528405,-0.8604110866485712,13.592538457653111,-0.01912858174625246,-0.15617260668493776,-0.001441,0.15798228364370442,0.0078843,1,1.0
2605,0.20889237665121724,0.03240249888157672,0.0015493,2.301058337073141,3.47893708472098,-40.953652090274154,1.01338506043586,9.574882496936624,0.32696719194081925,-89.93044008200468,-0.8125632746084135,44.289128648324045,-0.8604110866485712,66.49441648706146,-0.01912858174625246,-0.1253901400896652,-0.001441,0.1263155127019313,0.0078843,1,1.0
2606,0.06941406239974277,0.0008792825412320319,0.0015493,2.301058337073141,3.47893708472098,-16.85576012152768,1.01338506043586,0.6345403878697691,0.32696719194081925,-16.71679651162411,-0.8125632746084135,13.781048672223896,-0.8604110866485712,17.52078607458245,-0.01912858174625246,-0.006599772796331435,-0.001441,0.006976291553648706,0.0078843,1,1.0
2607,0.836858965571826,0.10391002196701907,0.0015493,2.301058337073141,3.47893708472098,-41.01966675411594,1.01338506043586,10.502895549169903,0.32696719194081925,-36.969900735102684,-0.8125632746084135,-87.60942474844599,-0.8604110866485712,74.04743861217972,-0.01912858174625246,-0.15064320447482762,-0.001441,0.15076444239706135,0.0078843,1,1.0
2608,0.15543996922574366,0.08634523434168834,0.0015493,2.301058337073141,3.47893708472098,35.30153993205733,1.01338506043586,10.712612738893288,0.32696719194081925,-40.752179302221094,-0.8125632746084135,-38.655681920491894,-0.8604110866485712,14.977896418325347,-0.01912858174625246,-0.13839289819546569,-0.001441,0.20020800933285937,0.0078843,1,1.0
2609,0.12020370523943091,0.07095004539866635,0.0015493,2.301058337073141,3.47893708472098,37.220523085298254,1.01338506043586,11.449144888454592,0.32696719194081925,-27.926611010937638,-0.8125632746084135,-54.5634278429676,-0.8604110866485712,5.002694867430827,-0.01912858174625246,-0.17953558261906916,-0.001441,0.17907379583999522,0.0078843,1,1.0
2610,0.017047786557303976,0.00621486855065334,0.0015493,2.301058337073141,3.47893708472098,-38.940104744849755,1.01338506043586,-1.6681635275696571,0.32696719194081925,-22.9320522402432,-0.8125632746084135,49.893752508631955,-0.8604110866485712,24.454889408436465,-0.01912858174625246,-0.05089685335752503,-0.001441,0.05051837661125108,0.0078843,1,1.0
2611,0.2999608637734036,0.04436790551250148,0.0015493,2.301058337073141,3.47893708472098,1.142036877179413,1.01338506043586,9.582471366133412,0.32696719194081925,-34.825837958800236,-0.8125632746084135,-42.347750602890194,-0.8604110866485712,30.15835804680858,-0.01912858174625246,-0.14109043209618455,-0.001441,0.1401148136584709,0.0078843,1,1.0
2612,0.06626684449011289,0.04431222315839872,0.0015493,2.301058337073141,3.47893708472098,4.843293991816692,1.01338506043586,9.1852749179329,0.32696719194081925,-57.42017587066785,-0.8125632746084135,5.048620284333569,-0.8604110866485712,28.886530168040505,-0.01912858174625246,-0.14307509218245493,-0.001441,0.143409291976709,0.0078843,1,1.0
2613,0.04425962188703425,0.13338538892990492,0.0015493,2.301058337073141,3.47893708472098,99.97867305680201,1.01338506043586,17.88217290266665,0.32696719194081925,-95.34949916354505,-0.8125632746084135,55.552675946122264,-0.8604110866485712,-2.726224494140687,-0.01912858174625246,0.31491976621599493,-0.001441,0.3795178541423694,0.0078843,0,1.0
2614,0.0042550049305424276,0.10362689562639024,0.0015493,2.301058337073141,3.47893708472098,10.329382809361405,1.01338506043586,11.562545105752191,0.32696719194081925,-98.86331450620987,-0.8125632746084135,67.98437431016819,-0.8604110866485712,39.36743059224463,-0.01912858174625246,0.0008002073749418387,-0.001441,0.2045966254469646,0.0078843,0,1.0
2615,0.005138358908815782,0.013579991872368725,0.0015493,2.301058337073141,3.47893708472098,-37.36930084795348,1.01338506043586,-3.8212369231317114,0.32696719194081925,-7.740970116117391,-0.8125632746084135,44.63184418538121,-0.8604110866485712,16.396636683999372,-0.01912858174625246,-0.07832473626460149,-0.001441,0.07837606723353113,0.0078843,1,1.0
2616,0.06055589984560801,0.005633894830296833,0.0015493,2.301058337073141,3.47893708472098,-27.256211290572608,1.01338506043586,-1.9163508411243018,0.32696719194081925,-5.779903602594683,-0.8125632746084135,22.353845253874823,-0.8604110866485712,14.768264838970904,-0.01912858174625246,-0.04518784480319427,-0.001441,0.04511747998100254,0.0078843,1,1.0
2617,0.06326946211876361,0.005886759633765743,0.0015493,2.301058337073141,3.47893708472098,-59.033183325247585,1.01338506043586,0.22849590443783402,0.32696719194081925,-48.717188492156595,-0.8125632746084135,73.999828712784,-0.8604110866485712,44.92513196484031,-0.01912858174625246,-0.05250417557697358,-0.001441,0.05254869262549182,0.0078843,1,1.0
2618,0.5656165169765129,0.03965568613351974,0.0015493,2.301058337073141,3.47893708472098,-52.344820194895235,1.01338506043586,3.158863055828736,0.32696719194081925,-22.336452930422134,-0.8125632746084135,-31.853248271530422,-0.8604110866485712,57.570131050417125,-0.01912858174625246,-0.03469421123624207,-0.001441,0.034377973760015765,0.0078843,1,1.0
2619,0.03999937882825716,0.0062643874558312865,0.0015493,2.301058337073141,3.47893708472098,-62.50511316597432,1.01338506043586,4.066964687544641,0.32696719194081925,-88.84679397781285,-0.8125632746084135,98.65271664942144,-0.8604110866485712,65.04551810252418,-0.01912858174625246,-0.03801897772307332,-0.001441,0.03814892085653264,0.0078843,1,1.0
2620,0.0323013041071076,0.008431099022128059,0.0015493,2.301058337073141,3.47893708472098,-8.743285843009081,1.01338506043586,4.316749087340209,0.32696719194081925,-37.43080504367281,-0.8125632746084135,18.71597759836146,-0.8604110866485712,22.184398745445247,-0.01912858174625246,-0.06121555535083911,-0.001441,0.06141096963145115,0.0078843,1,1.0
2621,0.0009973314910270425,0.08022477928070136,0.0015493,2.301058337073141,3.47893708472098,26.51042305997507,1.01338506043586,8.541528088972576,0.32696719194081925,-54.49221222729364,-0.8125632746084135,23.624262028342937,-0.8604110866485712,13.474457940186065,-0.01912858174625246,0.001169889639544508,-0.001441,0.15984859370848625,0.0078843,0,1.0
2622,0.030303715281381045,0.0010253578648072195,0.0015493,2.301058337073141,3.47893708472098,4.200485552380091,1.01338506043586,1.281868756337553,0.32696719194081925,-1.4163491247900901,-0.8125632746084135,-9.813263546485295,-0.8604110866485712,0.6001661412095268,-0.01912858174625246,-0.020291823184728268,-0.001441,0.02020815596549664,0.0078843,1,1.0
2623,0.2832983597917342,0.009489944629714597,0.0015493,2.301058337073141,3.47893708472098,-29.976678129017678,1.01338506043586,3.1429131932748646,0.32696719194081925,-25.627667757195628,-0.8125632746084135,-6.188065743185269,-0.8604110866485712,36.70348657077493,-0.01912858174625246,-0.03717878522483845,-0.001441,0.037280046125953904,0.0078843,1,1.0
2624,-0.00012840575097483597,0.1515414946648845,0.0015493,2.301058337073141,3.47893708472098,68.97028737678599,1.01338506043586,11.41467189808499,0.32696719194081925,-82.24896606948981,-0.8125632746084135,86.70644860831923,-0.8604110866485712,0.8793074837790277,-0.01912858174625246,0.2613765848773611,-0.001441,0.3953816306065378,0.0078843,0,1.0
2625,0.41477166153595263,0.08396624811186457,0.0015493,2.301058337073141,3.47893708472098,25.381426835909352,1.01338506043586,11.284467590401897,0.32696719194081925,-21.402522295243266,-0.8125632746084135,-93.46105717530338,-0.8604110866485712,23.36963392393629,-0.01912858174625246,-0.19553033796505756,-0.001441,0.19739658662434886,0.0078843,1,1.0
2626,0.4387436645244761,0.018828107213909373,0.0015493,2.301058337073141,3.47893708472098,-95.2507539009027,1.01338506043586,5.6234327289394885,0.32696719194081925,-91.69247170252382,-0.8125632746084135,65.74032042823278,-0.8604110866485712,97.3691019321738,-0.01912858174625246,-0.050924782666469,-0.001441,0.05046136950895464,0.0078843,1,1.0
2627,0.002615690992243347,0.10033897808950107,0.0015493,2.301058337073141,3.47893708472098,54.994328379090355,1.01338506043586,10.906986562432333,0.32696719194081925,-38.94166876172435,-0.8125632746084135,-10.71071309463856,-0.8604110866485712,-5.584520534603803,-0.01912858174625246,-0.008479101473787165,-0.001441,0.19783355706178757,0.0078843,1,1.0
2628,0.0015472600336521314,0.09336123529841706,0.0015493,2.301058337073141,3.47893708472098,51.137464727330375,1.01338506043586,10.263095727468883,0.32696719194081925,-40.18034480286157,-0.8125632746084135,-11.634591392855718,-0.8604110866485712,-1.8295958084921686,-0.01912858174625246,-0.03848639405757273,-0.001441,0.19366326166748019,0.0078843,1,1.0
2629,0.06563801400649583,0.0031685590550208894,0.0015493,2.301058337073141,3.47893708472098,-8.856179406510167,1.01338506043586,2.455181809005704,0.32696719194081925,-21.879592588097008,-0.8125632746084135,7.328914528005066,-0.8604110866485712,16.864102761621556,-0.01912858174625246,-0.03492437436111303,-0.001441,0.036062431048584746,0.0078843,1,1.0
2630,0.014573011596263782,0.0059093864293529134,0.0015493,2.301058337073141,3.47893708472098,-66.89375643589442,1.01338506043586,-0.18698887891076332,0.32696719194081925,-64.20308219648852,-0.8125632746084135,98.74209749274526,-0.8604110866485712,53.62366213120982,-0.01912858174625246,-0.040333336551995315,-0.001441,0.04086811392260201,0.0078843,1,1.0
2631,0.20343441286799308,0.04989780250073532,0.0015493,2.301058337073141,3.47893708472098,0.8121579655219935,1.01338506043586,10.559531849035722,0.32696719194081925,-53.17393729732541,-0.8125632746084135,-16.649689920128885,-0.8604110866485712,34.05570265799659,-0.01912858174625246,-0.15178692805350977,-0.001441,0.15534031336837503,0.0078843,1,1.0
2632,0.08920182610039018,0.14176455005438426,0.0015493,2.301058337073141,3.47893708472098,27.73896231509275,1.01338506043586,16.210283677007684,0.32696719194081925,-96.88274438268864,-0.8125632746084135,19.813797072431488,-0.8604110866485712,37.075520783773065,-0.01912858174625246,-0.12097705897832053,-0.001441,0.26959629695849363,0.0078843,1,1.0
2633,0.1416112569587273,0.017531664451613388,0.0015493,2.301058337073141,3.47893708472098,-21.722517804700615,1.01338506043586,6.236193700274065,0.32696719194081925,-56.84152209892353,-0.8125632746084135,22.37725282153893,-0.8604110866485712,41.853318367221505,-0.01912858174625246,-0.08927543731095985,-0.001441,0.0908925336665248,0.0078843,1,1.0
2634,0.005873461221215681,0.11698216717568853,0.0015493,2.301058337073141,3.47893708472098,69.25461671325775,1.01338506043586,10.450577802705363,0.32696719194081925,-38.78221807684184,-0.8125632746084135,-8.35726176737363,-0.8604110866485712,-10.338811039088908,-0.01912858174625246,0.048934062246672544,-0.001441,0.22748112236793946,0.0078843,0,1.0
2635,0.3453201169522694,0.03554974350123766,0.0015493,2.301058337073141,3.47893708472098,16.51080037605652,1.01338506043586,6.620804236617745,0.32696719194081925,-0.09537259747529744,-0.8125632746084135,-79.69926801496871,-0.8604110866485712,12.308354956106736,-0.01912858174625246,-0.11483317294433003,-0.001441,0.11634011035214663,0.0078843,1,1.0
2636,0.24351136799491913,0.008193009203525175,0.0015493,2.301058337073141,3.47893708472098,-30.587686619444924,1.01338506043586,2.980931714415375,0.32696719194081925,-29.930236445381155,-0.8125632746084135,3.2576290530725767,-0.8604110866485712,37.15117095110247,-0.01912858174625246,-0.03658521972782633,-0.001441,0.03582028095012807,0.0078843,1,1.0
2637,0.3804745232934401,0.017615081191660418,0.0015493,2.301058337073141,3.47893708472098,-37.62145838228797,1.01338506043586,4.352411967894898,0.32696719194081925,-32.22553524219812,-0.8125632746084135,-12.310933623627255,-0.8604110866485712,47.266923294790764,-0.01912858174625246,-0.05257439976736394,-0.001441,0.0524516059055772,0.0078843,1,1.0
2638,0.183003419148138,0.004356810993637597,0.0015493,2.301058337073141,3.47893708472098,-44.7697842672706,1.01338506043586,0.8024981202067696,0.32696719194081925,-31.842077240340682,-0.8125632746084135,30.78775396289151,-0.8604110866485712,39.287449678889544,-0.01912858174625246,-0.015905602235404357,-0.001441,0.016169810637476367,0.0078843,1,1.0
2639,0.1357773636537798,0.0073346862947603385,0.0015493,2.301058337073141,3.47893708472098,-71.34561359930774,1.01338506043586,5.33790974349838,0.32696719194081925,-95.8731287510316,-0.8125632746084135,94.19573611795074,-0.8604110866485712,75.82772280048225,-0.01912858174625246,-0.052655063733699235,-0.001441,0.0532196597848529,0.0078843,1,1.0
2640,0.2433514028000585,0.014259316091910727,0.0015493,2.301058337073141,3.47893708472098,-43.817956821207844,1.01338506043586,6.272133735070807,0.32696719194081925,-65.37549422838896,-0.8125632746084135,32.481532749158575,-0.8604110866485712,57.65778725683149,-0.01912858174625246,-0.0730048496127244,-0.001441,0.07639032939802869,0.0078843,1,1.0
2641,0.02705441586452656,0.0017628409147877485,0.0015493,2.301058337073141,3.47893708472098,-27.28490740330548,1.01338506043586,2.0550937913796448,0.32696719194081925,-39.42829310468071,-0.8125632746084135,41.697141073299484,-0.8604110866485712,29.042659274679714,-0.01912858174625246,-0.019669360749252466,-0.001441,0.020665626810219027,0.0078843,1,1.0
2642,0.1303605291593095,0.016553828218809005,0.0015493,2.301058337073141,3.47893708472098,6.245606560015741,1.01338506043586,5.8335777173015035,0.32696719194081925,-21.095511183577532,-0.8125632746084135,-22.3851155396087,-0.8604110866485712,13.729198967342063,-0.01912858174625246,-0.08582909463986375,-0.001441,0.08754763787607976,0.0078843,1,1.0
2643,0.0637676084780617,0.006929495443846333,0.0015493,2.301058337073141,3.47893708472098,-45.06229236608513,1.01338506043586,-0.2619632518044651,0.32696719194081925,-41.56189138920688,-0.8125632746084135,58.33221718456825,-0.8604110866485712,38.76559430501972,-0.01912858174625246,-0.016888031284204255,-0.001441,0.024016914622656177,0.0078843,1,1.0
2644,0.23040860012614306,0.008454303929144511,0.0015493,2.301058337073141,3.47893708472098,-14.194081782357648,1.01338506043586,3.252979954977848,0.32696719194081925,-14.714013430581627,-0.8125632746084135,-19.314478926458627,-0.8604110866485712,23.30093526439678,-0.01912858174625246,-0.04416414543809208,-0.001441,0.04378358355769052,0.0078843,1,1.0
2645,0.18890284545399616,0.0051162428809517334,0.0015493,2.301058337073141,3.47893708472098,-60.550749332034314,1.01338506043586,4.295039909621735,0.32696719194081925,-73.09587290688715,-0.8125632746084135,63.667523253356876,-0.8604110866485712,64.39561550515087,-0.01912858174625246,-0.041688189708390264,-0.001441,0.04161341169972725,0.0078843,1,1.0
2646,0.619586337394721,0.08647998979227857,0.0015493,2.301058337073141,3.47893708472098,-20.766912742651368,1.01338506043586,12.134720426318598,0.32696719194081925,-48.57914710147567,-0.8125632746084135,-66.80822107556226,-0.8604110866485712,60.974154261973815,-0.01912858174625246,-0.17279881836081376,-0.001441,0.17875765496691884,0.0078843,1,1.0
2647,0.0869291391787489,0.09299709273142978,0.0015493,2.301058337073141,3.47893708472098,14.018081036301181,1.01338506043586,13.570771323936071,0.32696719194081925,-74.59962325183727,-0.8125632746084135,-1.7341730248342526,-0.8604110866485712,33.70166759517235,-0.01912858174625246,-0.19841189161487374,-0.001441,0.20655301450031419,0.0078843,1,1.0
2648,0.1809683859478613,0.005000703654209106,0.0015493,2.301058337073141,3.47893708472098,-20.94395288251044,1.01338506043586,2.6785857541667344,0.32696719194081925,-21.600083577460193,-0.8125632746084135,0.16725526772383287,-0.8604110866485712,26.11451470160284,-0.01912858174625246,-0.02963202510404377,-0.001441,0.031401961511695956,0.0078843,1,1.0
2649,0.15754102195982356,0.00847600157784564,0.0015493,2.301058337073141,3.47893708472098,-72.96960501183284,1.01338506043586,5.448434648684844,0.32696719194081925,-98.83711573942489,-0.8125632746084135,93.74790311344586,-0.8604110866485712,79.45537795217042,-0.01912858174625246,-0.05395617714715895,-0.001441,0.05430569936761515,0.0078843,1,1.0
2650,0.00021110179956851383,0.035684009312684166,0.0015493,2.301058337073141,3.47893708472098,20.02922663320881,1.01338506043586,7.97685525654057,0.32696719194081925,-35.17064582917763,-0.8125632746084135,-10.011713529678316,-0.8604110866485712,8.944282770596931,-0.01912858174625246,-0.12363103909559268,-0.001441,0.12360795798138612,0.0078843,1,1.0
2651,0.07519795895272835,0.013525927770317482,0.0015493,2.301058337073141,3.47893708472098,-25.580312542818337,1.01338506043586,5.767703433297185,0.32696719194081925,-61.95932192954689,-0.8125632746084135,39.94700262036325,-0.8604110866485712,41.87418858953317,-0.01912858174625246,-0.0780525118439839,-0.001441,0.07798651772961981,0.0078843,1,1.0
2652,0.3061267652325149,0.022296965671687152,0.0015493,2.301058337073141,3.47893708472098,-65.12022087616256,1.01338506043586,-1.619817512293409,0.32696719194081925,-25.069317016449073,-0.8125632746084135,30.19346699922497,-0.8604110866485712,49.86016597056394,-0.01912858174625246,-0.04840384420056928,-0.001441,0.04954918597024719,0.0078843,1,1.0
2653,0.13340412623623132,0.10247644282202646,0.0015493,2.301058337073141,3.47893708472098,24.036461643563875,1.01338506043586,13.716034187998059,0.32696719194081925,-65.25515590035235,-0.8125632746084135,-23.9811559479946,-0.8604110866485712,29.081485193857976,-0.01912858174625246,-0.2111919907453561,-0.001441,0.22120114595114015,0.0078843,1,1.0
2654,0.1773147408406913,0.021756692983536396,0.0015493,2.301058337073141,3.47893708472098,21.014401423624502,1.01338506043586,4.50598908238433,0.32696719194081925,-1.4719804001175858,-0.8125632746084135,-53.96144594482109,-0.8604110866485712,4.02393787251857,-0.01912858174625246,-0.09951861180527574,-0.001441,0.09884377174447387,0.0078843,1,1.0
2655,0.2864470199869191,0.04607367629166573,0.0015493,2.301058337073141,3.47893708472098,-25.95012138807735,1.01338506043586,10.344742095599287,0.32696719194081925,-76.03201426226852,-0.8125632746084135,8.682394573347484,-0.8604110866485712,59.427200108676836,-0.01912858174625246,-0.14862520129614437,-0.001441,0.15045076361805626,0.0078843,1,1.0
2656,0.11467661938070053,0.002827793427543936,0.0015493,2.301058337073141,3.47893708472098,-57.66569518044707,1.01338506043586,3.331036079645324,0.32696719194081925,-69.36755912571495,-0.8125632746084135,71.99422666319153,-0.8604110866485712,57.65947085921404,-0.01912858174625246,-0.0313990744963494,-0.001441,0.0315102845206161,0.0078843,1,1.0
2657,0.7773068183732572,0.0869282968782881,0.0015493,2.301058337073141,3.47893708472098,-64.61291220292897,1.01338506043586,11.504440169857833,0.32696719194081925,-72.37563558708578,-0.8125632746084135,-36.682742742410035,-0.8604110866485712,95.36213300858344,-0.01912858174625246,-0.15137929833421399,-0.001441,0.15130139669208603,0.0078843,1,1.0
2658,0.10493017226635762,0.005132085388365947,0.0015493,2.301058337073141,3.47893708472098,5.712640050781239,1.01338506043586,2.55335107443583,0.32696719194081925,-3.9945075151428533,-0.8125632746084135,-23.517574303877748,-0.8604110866485712,5.54219842412059,-0.01912858174625246,-0.04581104101906339,-0.001441,0.04546269783839371,0.0078843,1,1.0
2659,0.004808730428207175,0.1361674313980071,0.0015493,2.301058337073141,3.47893708472098,85.95561282380464,1.01338506043586,12.257905294203802,0.32696719194081925,-47.87505235587165,-0.8125632746084135,2.039835356020986,-0.8604110866485712,-14.69580861238756,-0.01912858174625246,0.1277943425633834,-0.001441,0.27573549014920634,0.0078843,0,1.0
2660,0.007503876262501097,0.044398000345949686,0.0015493,2.301058337073141,3.47893708472098,-24.590780521503998,1.01338506043586,3.6401802727663792,0.32696719194081925,-66.50909186568329,-0.8125632746084135,71.3277416676461,-0.8604110866485712,39.55209578229426,-0.01912858174625246,0.016899621366113515,-0.001441,0.06998157003930146,0.0078843,0,1.0
2661,0.31279170788173544,0.03526762211914223,0.0015493,2.301058337073141,3.47893708472098,-73.6431470010387,1.01338506043586,-2.745465002230049,0.32696719194081925,-18.568624734533067,-0.8125632746084135,35.15508457734771,-0.8604110866485712,48.760486288396905,-0.01912858174625246,-0.08563892443720841,-0.001441,0.08662866502367514,0.0078843,1,1.0
2662,0.02464245943001353,0.04862641601497057,0.0015493,2.301058337073141,3.47893708472098,-2.1930086825340753,1.01338506043586,9.532639867079224,0.32696719194081925,-71.3642685951062,-0.8125632746084135,26.487766379496474,-0.8604110866485712,35.62656653012813,-0.01912858174625246,-0.14148889088696623,-0.001441,0.14489034608754034,0.0078843,1,1.0
2663,0.03516777587094217,0.00017713102340892296,0.0015493,2.301058337073141,3.47893708472098,-6.061187062997178,1.01338506043586,0.09344117426533682,0.32696719194081925,-4.061824226292115,-0.8125632746084135,2.3710048491928815,-0.8604110866485712,5.9207865849508705,-0.01912858174625246,-0.0018528856572365654,-0.001441,0.0018522052506786658,0.0078843,1,1.0
2664,0.12443222194933923,0.09880909771588388,0.0015493,2.301058337073141,3.47893708472098,43.67262366402437,1.01338506043586,12.758018316109261,0.32696719194081925,-39.59503944684087,-0.8125632746084135,-56.379680196011904,-0.8604110866485712,10.331944041306388,-0.01912858174625246,-0.21682020796228096,-0.001441,0.21776304451250472,0.0078843,1,1.0
2665,0.002386034425498007,0.13055465327153923,0.0015493,2.301058337073141,3.47893708472098,47.22462096817826,1.01338506043586,14.32620026804993,0.32696719194081925,-91.8479156465182,-0.8125632746084135,55.969318943364065,-0.8604110866485712,18.194642466906433,-0.01912858174625246,0.1071772289391371,-0.001441,0.264439563149196,0.0078843,0,1.0
2666,0.3323607798962747,0.047849853675123254,0.0015493,2.301058337073141,3.47893708472098,12.588749405247567,1.01338506043586,8.930816947572497,0.32696719194081925,-19.79983071490345,-0.8125632746084135,-64.41174200513741,-0.8604110866485712,21.379257672804833,-0.01912858174625246,-0.133743200296971,-0.001441,0.14248443590434884,0.0078843,1,1.0
2667,0.4286268092841619,0.05105441411200648,0.0015493,2.301058337073141,3.47893708472098,-49.93788905457143,1.01338506043586,11.166946440987326,0.32696719194081925,-91.80806165697746,-0.8125632746084135,16.528242482445016,-0.8604110866485712,82.23167155913366,-0.01912858174625246,-0.15264963513307744,-0.001441,0.15283377112536684,0.0078843,1,1.0
2668,0.2597750471141914,0.007276829635475092,0.0015493,2.301058337073141,3.47893708472098,-69.34078679540653,1.01338506043586,4.533355068102884,0.32696719194081925,-77.27795627741125,-0.8125632746084135,62.840606964238695,-0.8604110866485712,73.0778044434411,-0.01912858174625246,-0.04234493185004681,-0.001441,0.042369246893570356,0.0078843,1,1.0
2669,0.36303383166767894,0.023631737877723307,0.0015493,2.301058337073141,3.47893708472098,-13.720030858012468,1.01338506043586,5.666467302289032,0.32696719194081925,-14.87907052222047,-0.8125632746084135,-44.15810667770167,-0.8604110866485712,29.10034759932806,-0.01912858174625246,-0.07674913992127069,-0.001441,0.07611972142859452,0.0078843,1,1.0
2670,0.06156462310898192,0.10625708013362736,0.0015493,2.301058337073141,3.47893708472098,83.31225856618784,1.01338506043586,11.089939109647569,0.32696719194081925,-2.872597065410057,-0.8125632746084135,-90.29431917392539,-0.8604110866485712,-24.64669900076673,-0.01912858174625246,-0.15392534607125105,-0.001441,0.22364191154537547,0.0078843,1,1.0
2671,0.19672277901480256,0.01026510872034246,0.0015493,2.301058337073141,3.47893708472098,-37.489413866327325,1.01338506043586,-1.4865317692286062,0.32696719194081925,-8.55250188412821,-0.8125632746084135,11.371290281622029,-0.8604110866485712,27.0658749683239,-0.01912858174625246,-0.03532887235183351,-0.001441,0.03524757063785796,0.0078843,1,1.0
2672,0.019813413711471002,0.0016046681481510674,0.0015493,2.301058337073141,3.47893708472098,-26.256225285286384,1.01338506043586,-0.3860985363780717,0.32696719194081925,-20.89893282134832,-0.8125632746084135,34.39256083167076,-0.8604110866485712,19.6376280354053,-0.01912858174625246,-0.021530067512511117,-0.001441,0.021244081575763442,0.0078843,1,1.0
2673,0.08521644431139333,0.016621547039568692,0.0015493,2.301058337073141,3.47893708472098,-77.89874272813923,1.01338506043586,-2.638500230652714,0.32696719194081925,-52.076397269726385,-0.8125632746084135,94.50528592843197,-0.8604110866485712,55.64815508426592,-0.01912858174625246,-0.07379339876200064,-0.001441,0.07484688235689196,0.0078843,1,1.0
2674,0.3011128585786497,0.05105033116699947,0.0015493,2.301058337073141,3.47893708472098,20.368875074827024,1.01338506043586,9.090441651425664,0.32696719194081925,-17.858709444928937,-0.8125632746084135,-70.00291740539339,-0.8604110866485712,16.98908964814465,-0.01912858174625246,-0.15350898833308826,-0.001441,0.152636689958469,0.0078843,1,1.0
2675,0.5850097784552684,0.03960294560630588,0.0015493,2.301058337073141,3.47893708472098,-79.83263160562,1.01338506043586,7.861585067717094,0.32696719194081925,-80.17855011073397,-0.8125632746084135,18.196655726780023,-0.8604110866485712,94.49031423640571,-0.01912858174625246,-0.087869965459268,-0.001441,0.08866595440046676,0.0078843,1,1.0
2676,0.5143591694925382,0.06630136511620804,0.0015493,2.301058337073141,3.47893708472098,-29.589104573719624,1.01338506043586,11.048577047630975,0.32696719194081925,-63.642863059546585,-0.8125632746084135,-31.40031117313305,-0.8604110866485712,66.49512697727084,-0.01912858174625246,-0.15758035942670234,-0.001441,0.16413254762646046,0.0078843,1,1.0
2677,0.08639565453947173,0.033871061084555246,0.0015493,2.301058337073141,3.47893708472098,-62.48719622753144,1.01338506043586,-5.925716234983589,0.32696719194081925,-13.00116843478906,-0.8125632746084135,61.63295473972921,-0.8604110866485712,32.29875393012516,-0.01912858174625246,-0.1132545103880324,-0.001441,0.11374203845661339,0.0078843,1,1.0
2678,0.26385936522097964,0.011737408918772587,0.0015493,2.301058337073141,3.47893708472098,-81.90840315875694,1.01338506043586,0.6422949183254358,0.32696719194081925,-58.64154757114485,-0.8125632746084135,68.91991628182086,-0.8604110866485712,68.3634810669019,-0.01912858174625246,-0.040846518669854545,-0.001441,0.04082470569002204,0.0078843,1,1.0
2679,0.03920161912636147,0.0009182943281730112,0.0015493,2.301058337073141,3.47893708472098,-13.402213603822295,1.01338506043586,1.6924421647652614,0.32696719194081925,-21.110143969176058,-0.8125632746084135,16.303223798761966,-0.8604110866485712,16.269232576591705,-0.01912858174625246,-0.019529084014658197,-0.001441,0.01943271747089211,0.0078843,1,1.0
2680,0.0175814036330183,0.060038990351797564,0.0015493,2.301058337073141,3.47893708472098,35.42871692576703,1.01338506043586,9.150404115834704,0.32696719194081925,-35.087196059310386,-0.8125632746084135,-28.471877339297027,-0.8604110866485712,6.147773578468043,-0.01912858174625246,-0.16079232652609957,-0.001441,0.16508958802206972,0.0078843,1,1.0
2681,0.002140862838035995,0.07612752463687629,0.0015493,2.301058337073141,3.47893708472098,24.57006852031415,1.01338506043586,8.602877257066357,0.32696719194081925,-56.00906280780364,-0.8125632746084135,19.774610086891737,-0.8604110866485712,16.21817122830554,-0.01912858174625246,-0.03608432376880184,-0.001441,0.16313449185305462,0.0078843,1,1.0
2682,0.2365058062930933,0.0918268224606162,0.0015493,2.301058337073141,3.47893708472098,17.05865806029968,1.01338506043586,13.124519171269297,0.32696719194081925,-58.98007415533248,-0.8125632746084135,-36.942886994950534,-0.8604110866485712,34.11194516816554,-0.01912858174625246,-0.20511728310885768,-0.001441,0.21301898508326056,0.0078843,1,1.0
2683,0.8712156247540074,0.10015177951305088,0.0015493,2.301058337073141,3.47893708472098,-94.9811324621072,1.01338506043586,2.797965694582755,0.32696719194081925,-27.47302644365308,-0.8125632746084135,-36.23630346390958,-0.8604110866485712,88.98174725484813,-0.01912858174625246,-0.01893722817036122,-0.001441,0.019231269854078102,0.0078843,1,1.0
2684,0.2974360252025209,0.008997722055673953,0.0015493,2.301058337073141,3.47893708472098,-75.55813101927748,1.01338506043586,3.5514211141776446,0.32696719194081925,-69.71518233436927,-0.8125632746084135,59.747761195069906,-0.8604110866485712,72.97486026936562,-0.01912858174625246,-0.03331780790647625,-0.001441,0.03286890280275686,0.0078843,1,1.0
2685,0.03167587694190599,0.13751604716542978,0.0015493,2.301058337073141,3.47893708472098,74.26657417110872,1.01338506043586,13.498177308017093,0.32696719194081925,-53.41883322757486,-0.8125632746084135,-13.77090690058169,-0.8604110866485712,-3.7607131857952782,-0.01912858174625246,-0.0013893704968808707,-0.001441,0.27412464634035677,0.0078843,1,1.0
2686,0.34948116188279865,0.2345607671775753,0.0015493,2.301058337073141,3.47893708472098,78.31855372256102,1.01338506043586,20.11167623499936,0.32696719194081925,-56.64655219067205,-0.8125632746084135,-93.44138764608077,-0.8604110866485712,14.563269019622505,-0.01912858174625246,-0.19258583445163296,-0.001441,0.3688159782822696,0.0078843,1,1.0
2687,0.03320366702093258,0.09040033614714468,0.0015493,2.301058337073141,3.47893708472098,30.832190257595617,1.01338506043586,11.486114412222026,0.32696719194081925,-56.07835654163085,-0.8125632746084135,6.5944970388292425,-0.8604110866485712,12.810403456620097,-0.01912858174625246,-0.05246302540159034,-0.001441,0.18787740634259883,0.0078843,1,1.0
2688,0.0021840541330084284,0.1005791500999632,0.0015493,2.301058337073141,3.47893708472098,62.196381102851674,1.01338506043586,7.68060195805654,0.32696719194081925,-18.083230106988836,-0.8125632746084135,-13.59062752988961,-0.8604110866485712,-18.397423380219863,-0.01912858174625246,0.08510097364512018,-0.001441,0.16638313798871826,0.0078843,0,1.0
2689,0.0035713537413965546,0.10076001155923087,0.0015493,2.301058337073141,3.47893708472098,-2.772930036419282,1.01338506043586,4.521662459939483,0.32696719194081925,-59.8412503836043,-0.8125632746084135,76.37909633713595,-0.8604110866485712,23.45287205944418,-0.01912858174625246,0.08603389036752974,-0.001441,0.16445283501796648,0.0078843,0,1.0
2690,0.03572727858949126,0.03953287818523458,0.0015493,2.301058337073141,3.47893708472098,11.849212289930179,1.01338506043586,7.710382799519345,0.32696719194081925,-46.98566642164005,-0.8125632746084135,-0.8395974618387344,-0.8604110866485712,21.01502924674483,-0.01912858174625246,-0.134147096635219,-0.001441,0.1341106498406035,0.0078843,1,1.0
2691,0.18440761948297774,0.005247058739842478,0.0015493,2.301058337073141,3.47893708472098,-52.701847030510265,1.01338506043586,0.766808955239238,0.32696719194081925,-41.87163487109271,-0.8125632746084135,43.76423294149074,-0.8604110866485712,47.32911292478673,-0.01912858174625246,-0.010401913170262756,-0.001441,0.00989349525655814,0.0078843,1,1.0
2692,0.052311774231883046,0.0018773135633523264,0.0015493,2.301058337073141,3.47893708472098,-44.797243178805964,1.01338506043586,2.3621964765346575,0.32696719194081925,-54.89672923670098,-0.8125632746084135,62.74150186842889,-0.8604110866485712,43.18295335214857,-0.01912858174625246,-0.024866595284155517,-0.001441,0.02519956497936337,0.0078843,1,1.0
2693,0.012426980235720364,0.017397204890975668,0.0015493,2.301058337073141,3.47893708472098,-50.35996238918836,1.01338506043586,5.948454791171295,0.32696719194081925,-96.5136996102619,-0.8125632746084135,93.17648047489085,-0.8604110866485712,63.80329293442172,-0.01912858174625246,-0.07226713721153759,-0.001441,0.07229991877798424,0.0078843,1,1.0
2694,0.010216494148479471,0.0751896847001026,0.0015493,2.301058337073141,3.47893708472098,32.60970430717473,1.01338506043586,10.707563842328575,0.32696719194081925,-48.824157989521574,-0.8125632746084135,-14.424358442035821,-0.8604110866485712,11.865918444003743,-0.01912858174625246,-0.1526460784225948,-0.001441,0.18085215520578157,0.0078843,1,1.0
2695,0.4224457900809389,0.0322148318901057,0.0015493,2.301058337073141,3.47893708472098,-6.83041280138111,1.01338506043586,5.6479688991424855,0.32696719194081925,-7.302375531671128,-0.8125632746084135,-63.82783394182583,-0.8604110866485712,27.170664254073333,-0.01912858174625246,-0.08418044115664298,-0.001441,0.08770884489470405,0.0078843,1,1.0
2696,0.2518408097597798,0.006614478440139304,0.0015493,2.301058337073141,3.47893708472098,-49.34249979382403,1.01338506043586,2.0252442321205115,0.32696719194081925,-37.431005880214144,-0.8125632746084135,25.66675102090118,-0.8604110866485712,46.7151288581593,-0.01912858174625246,-0.019303579730944743,-0.001441,0.019362512177029938,0.0078843,1,1.0
2697,0.23713008092003535,0.054644041055669224,0.0015493,2.301058337073141,3.47893708472098,13.208044758480316,1.01338506043586,10.23502547735232,0.32696719194081925,-38.66018078553839,-0.8125632746084135,-41.25161337307026,-0.8604110866485712,25.383175716247866,-0.01912858174625246,-0.1559387970838957,-0.001441,0.16234707548912689,0.0078843,1,1.0
2698,-1.2558304177012758e-05,0.18943537814335082,0.0015493,2.301058337073141,3.47893708472098,99.93474648373098,1.01338506043586,8.40155289994963,0.32696719194081925,-49.367524678506605,-0.8125632746084135,63.42222122526959,-0.8604110866485712,-25.72058928320429,-0.01912858174625246,0.24441203461769276,-0.001441,0.5266699161033681,0.0078843,0,1.0
2699,0.7343825057341096,0.0705084452891943,0.0015493,2.301058337073141,3.47893708472098,-46.01711234449565,1.01338506043586,7.208980529793695,0.32696719194081925,-26.007206374760475,-0.8125632746084135,-68.2443350812136,-0.8604110866485712,65.02602907984118,-0.01912858174625246,-0.09434054346826241,-0.001441,0.09418480202961275,0.0078843,1,1.0
2700,0.02665298827319083,4.834790917354542e-05,0.0015493,2.687540073637388,7.505384807007876,-83.05155101792995,1.01338506043586,6.849689092234714,0.32696719194081925,-85.67075172625596,-0.8125632746084135,86.65430539066,-0.8604110866485712,58.57563722019984,-0.01912858174625246,-0.004842351076730864,-0.001441,0.004842477925436214,0.0078843,1,1.0
2701,0.030320709636092194,3.354945041912867e-05,0.0015493,2.687540073637388,7.505384807007876,-80.28767279316965,1.01338506043586,5.409233198959026,0.32696719194081925,-72.54192695553105,-0.8125632746084135,70.41839006815468,-0.8604110866485712,54.64292451965054,-0.01912858174625246,-0.0036232372960592423,-0.001441,0.0036343133479047984,0.0078843,1,1.0
2702,0.0529961067569935,7.067223465771289e-05,0.0015493,2.687540073637388,7.505384807007876,-58.76736685828238,1.01338506043586,3.5124038218943068,0.32696719194081925,-17.555983444359757,-0.8125632746084135,-88.44491629115333,-0.8604110866485712,38.4010572203046,-0.01912858174625246,-0.002146133911474277,-0.001441,0.002159724381884091,0.0078843,1,1.0
2703,0.009776249371719344,2.2243663677198756e-05,0.0015493,2.687540073637388,7.505384807007876,-23.026319285914962,1.01338506043586,3.363748663991592,0.32696719194081925,-27.0098038485897,-0.8125632746084135,6.26079432238635,-0.8604110866485712,17.854119882720184,-0.01912858174625246,-0.0024958958470273356,-0.001441,0.0025036169263886678,0.0078843,1,1.0
2704,5.9868449031955095e-06,0.00029399797494569866,0.0015493,2.687540073637388,7.505384807007876,18.742827400639023,1.01338506043586,8.094551291422624,0.32696719194081925,-14.51722309098481,-0.8125632746084135,-99.67909022682473,-0.8604110866485712,-0.5550978941356963,-0.01912858174625246,-0.00687237238235693,-0.001441,0.00687868952571859,0.0078843,1,1.0
2705,0.04534840626509574,9.472882872746342e-05,0.0015493,2.687540073637388,7.505384807007876,-92.9257296893085,1.01338506043586,8.486701364024112,0.32696719194081925,-85.89777780057572,-0.8125632746084135,8.194279491791795,-0.8604110866485712,69.26275303195987,-0.01912858174625246,-0.006605734476163661,-0.001441,0.00661980021047179,0.0078843,1,1.0
2706,0.06148337572063814,0.0001400286290465352,0.0015493,2.687540073637388,7.505384807007876,-87.48868517779451,1.01338506043586,9.699944673967298,0.32696719194081925,-68.79631456679803,-0.8125632746084135,-92.88145886948925,-0.8604110866485712,68.0082385044319,-0.01912858174625246,-0.0076702492435237035,-0.001441,0.00769392547853388,0.0078843,1,1.0
2707,0.004674845285496481,0.0001328668900739117,0.0015493,2.687540073637388,7.505384807007876,-1.684337179295151,1.01338506043586,4.9597417127770855,0.32696719194081925,-28.732462156577782,-0.8125632746084135,-84.3790102700101,-0.8604110866485712,17.502333933794787,-0.01912858174625246,-0.006800529976196339,-0.001441,0.006801598743409609,0.0078843,1,1.0
2708,0.02421502954918279,0.00024385797505429432,0.0015493,2.687540073637388,7.505384807007876,-75.38081671712636,1.01338506043586,9.143766699937729,0.32696719194081925,-99.97843052756468,-0.8125632746084135,25.879193599767273,-0.8604110866485712,65.96878301406298,-0.01912858174625246,-0.009039339081455502,-0.001441,0.009017763758766013,0.0078843,1,1.0
2709,0.03117662531939555,0.00013223416865594195,0.0015493,2.687540073637388,7.505384807007876,-58.608347688058316,1.01338506043586,8.494830717717718,0.32696719194081925,-69.60745179260127,-0.8125632746084135,-42.3097596870322,-0.8604110866485712,52.30184121283187,-0.01912858174625246,-0.007739775265986311,-0.001441,0.007744076358758167,0.0078843,1,1.0
2710,0.009688769442131796,1.3077876283238805e-05,0.0015493,2.687540073637388,7.505384807007876,-38.14757107970537,1.01338506043586,2.516193356256608,0.32696719194081925,-40.83422542934869,-0.8125632746084135,50.26891343411081,-0.8604110866485712,27.32568050728941,-0.01912858174625246,-0.0020343337070847854,-0.001441,0.0020355375506857522,0.0078843,1,1.0
2711,0.002544905971623282,0.00018826240283254954,0.0015493,2.687540073637388,7.505384807007876,-34.53611547249635,1.01338506043586,8.488720513360942,0.32696719194081925,-71.15628465823228,-0.8125632746084135,36.34375413115494,-0.8604110866485712,34.36400262061739,-0.01912858174625246,-0.00701033694916162,-0.001441,0.0070302342053685865,0.0078843,1,1.0
2712,0.007342186407565052,0.00035766549425325666,0.0015493,2.687540073637388,7.505384807007876,-34.19793388295222,1.01338506043586,10.162635798133882,0.32696719194081925,-83.26802641310046,-0.8125632746084135,-35.4011414676866,-0.8604110866485712,45.77818707534679,-0.01912858174625246,-0.010846963776244847,-0.001441,0.010841964293468915,0.0078843,1,1.0
2713,0.013406606567588707,3.078568551306889e-05,0.0015493,2.687540073637388,7.505384807007876,-51.45814220296101,1.01338506043586,4.300564063596716,0.32696719194081925,-57.89932242160699,-0.8125632746084135,63.86762889739357,-0.8604110866485712,37.487819990051484,-0.01912858174625246,-0.0032635764418530245,-0.001441,0.0032750970628947548,0.0078843,1,1.0
2714,0.05554623912539492,0.00011711258430647801,0.0015493,2.687540073637388,7.505384807007876,-95.55132353718072,1.01338506043586,1.947980867129459,0.32696719194081925,-40.80353887282431,-0.8125632746084135,37.19149084040725,-0.8604110866485712,53.646777200585944,-0.01912858174625246,-0.0017511888313584555,-0.001441,0.0017475324946730083,0.0078843,1,1.0
2715,0.04161176727285274,7.386536488493085e-05,0.0015493,2.687540073637388,7.505384807007876,-73.25836043548951,1.01338506043586,0.9005207281125511,0.32696719194081925,-31.01125725597938,-0.8125632746084135,32.123575193333394,-0.8604110866485712,41.38667775103344,-0.01912858174625246,-0.0009177506793356784,-0.001441,0.0009154892244237528,0.0078843,1,1.0
2716,0.029105865147386605,2.810570628818625e-05,0.0015493,2.687540073637388,7.505384807007876,-44.73637740888754,1.01338506043586,3.8620925183119845,0.32696719194081925,-32.183734718821235,-0.8125632746084135,-27.892482714210146,-0.8604110866485712,32.5959317824219,-0.01912858174625246,-0.002911830000720647,-0.001441,0.002906756305745157,0.0078843,1,1.0
2717,0.015136876638534812,4.34860819175789e-05,0.0015493,2.687540073637388,7.505384807007876,-61.15006223316264,1.01338506043586,5.526897721569123,0.32696719194081925,-71.51140201781804,-0.8125632746084135,76.5187672377051,-0.8604110866485712,45.24811412558034,-0.01912858174625246,-0.004251016817715586,-0.001441,0.00425082755759185,0.0078843,1,1.0
2718,0.027517336586983455,2.9659135502310654e-05,0.0015493,2.687540073637388,7.505384807007876,-66.24393715493302,1.01338506043586,1.226534777871901,0.32696719194081925,-40.47756059215165,-0.8125632746084135,74.93106778449572,-0.8604110866485712,37.98637805975148,-0.01912858174625246,-0.0007626904794828618,-0.001441,0.0007630460386832367,0.0078843,1,1.0
2719,0.028560511498419115,2.3258376487350376e-05,0.0015493,2.687540073637388,7.505384807007876,-39.029402119731586,1.01338506043586,3.164248678759976,0.32696719194081925,-24.74790259500895,-0.8125632746084135,-41.00117106310129,-0.8604110866485712,28.90510212263989,-0.01912858174625246,-0.002554703842136667,-0.001441,0.0025643746531342354,0.0078843,1,1.0
2720,0.014989896348439016,0.0001293594739422707,0.0015493,2.687540073637388,7.505384807007876,-47.7897191139677,1.01338506043586,8.119100946439378,0.32696719194081925,-67.56539573756388,-0.8125632746084135,27.909745982892698,-0.8604110866485712,39.581596517186675,-0.01912858174625246,-0.006239627823667469,-0.001441,0.006254944029538452,0.0078843,1,1.0
2721,0.008494672884423987,1.5257675282659988e-05,0.0015493,2.687540073637388,7.505384807007876,-35.586778610949345,1.01338506043586,3.024911449280781,0.32696719194081925,-39.88441238697191,-0.8125632746084135,51.51566376419782,-0.8604110866485712,24.967502096886527,-0.01912858174625246,-0.002111851537120902,-0.001441,0.0021084386419321297,0.0078843,1,1.0
2722,0.006036403985050256,7.440453102173437e-05,0.0015493,2.687540073637388,7.505384807007876,-31.966621173971895,1.01338506043586,3.931781757058105,0.32696719194081925,-49.279602295985065,-0.8125632746084135,23.830124239521112,-0.8604110866485712,29.910496945694916,-0.01912858174625246,-0.004505354246206126,-0.001441,0.004522900844483934,0.0078843,1,1.0
2723,0.0002208819123740921,0.001782165765945139,0.0015493,2.687540073637388,7.505384807007876,22.169738650122234,1.01338506043586,7.37396182922436,0.32696719194081925,-0.22671589291452227,-0.8125632746084135,-4.822449007404545,-0.8604110866485712,-16.219171134127905,-0.01912858174625246,-0.007252844837493136,-0.001441,0.009528604199648103,0.0078843,1,1.0
2724,0.013162038301463619,0.00032048504049949863,0.0015493,2.687540073637388,7.505384807007876,-61.222578559777574,1.01338506043586,11.676753036879811,0.32696719194081925,-96.44096467371895,-0.8125632746084135,65.40148652079733,-0.8604110866485712,50.678510331494806,-0.01912858174625246,-0.008824212757116836,-0.001441,0.008878506124426845,0.0078843,1,1.0
2725,0.01555034760046133,2.2683671051107574e-05,0.0015493,2.687540073637388,7.505384807007876,-32.422317608259675,1.01338506043586,4.015795685662585,0.32696719194081925,-33.7936435729554,-0.8125632746084135,1.4362009152403554,-0.8604110866485712,24.802483713033407,-0.01912858174625246,-0.0030095882550940805,-0.001441,0.003008931640636921,0.0078843,1,1.0
2726,0.003167495398241252,0.00560217950311262,0.0015493,2.687540073637388,7.505384807007876,35.93242652920518,1.01338506043586,16.777830895606172,0.32696719194081925,-72.82199157863079,-0.8125632746084135,-38.03163207570567,-0.8604110866485712,12.42713920547709,-0.01912858174625246,-0.007016234289748484,-0.001441,0.01701190152231475,0.0078843,1,1.0
2727,0.04667706047240458,5.637191300658601e-05,0.0015493,2.687540073637388,7.505384807007876,-60.24425472882363,1.01338506043586,3.6398106543454327,0.32696719194081925,-30.328658909316328,-0.8125632746084135,-69.81375667432886,-0.8604110866485712,43.0840274055774,-0.01912858174625246,-0.0031043368129886144,-0.001441,0.003099842704461945,0.0078843,1,1.0
2728,0.010777861705425017,1.532767892165856e-05,0.0015493,2.687540073637388,7.505384807007876,-29.15570104778539,1.01338506043586,3.355628087609068,0.32696719194081925,-32.69685351144389,-0.8125632746084135,18.028656208118,-0.8604110866485712,21.95021238470706,-0.01912858174625246,-0.0024938445147035873,-0.001441,0.0024949815255206126,0.0078843,1,1.0
2729,0.0007364019698605159,4.3323850304820876e-05,0.0015493,2.687540073637388,7.505384807007876,-1.6401471791315387,1.01338506043586,3.495115414574848,0.32696719194081925,-16.914485869674955,-0.8125632746084135,-22.562821710296127,-0.8604110866485712,6.851107209990935,-0.01912858174625246,-0.0030372273245260375,-0.001441,0.0030341113637258363,0.0078843,1,1.0
2730,0.037055870384253245,7.242778744223138e-05,0.0015493,2.687540073637388,7.505384807007876,-48.349273070620534,1.01338506043586,0.5426348043934829,0.32696719194081925,-8.041712438730455,-0.8125632746084135,-16.007490033920938,-0.8604110866485712,25.355945250681383,-0.01912858174625246,-0.001512417824032971,-0.001441,0.0015319398350088567,0.0078843,1,1.0
2731,0.0014218169735712022,0.0005408893170742329,0.0015493,2.687540073637388,7.505384807007876,-27.17479753781694,1.01338506043586,12.526798723310481,0.32696719194081925,-93.3415236603984,-0.8125632746084135,-44.420996009486494,-0.8604110866485712,45.66164196562379,-0.01912858174625246,-0.012811135543511074,-0.001441,0.01283148797802141,0.0078843,1,1.0
2732,0.019633325036059215,9.931972255616989e-06,0.0015493,2.687540073637388,7.505384807007876,-34.850966024656806,1.01338506043586,2.2751140488384864,0.32696719194081925,-23.51405780438431,-0.8125632746084135,3.128790763244443,-0.8604110866485712,22.88936425835705,-0.01912858174625246,-0.001423575898179332,-0.001441,0.001427688208349411,0.0078843,1,1.0
2733,0.02327692873394829,5.361267164365415e-05,0.0015493,2.687540073637388,7.505384807007876,-69.01232700589927,1.01338506043586,6.765989309597033,0.32696719194081925,-74.12415143887742,-0.8125632746084135,62.216985316560404,-0.8604110866485712,49.76908820230459,-0.01912858174625246,-0.004847400734336902,-0.001441,0.004849731495321249,0.0078843,1,1.0
2734,0.03616835633766462,8.784224995359298e-05,0.0015493,2.687540073637388,7.505384807007876,-81.34532123273254,1.01338506043586,7.489808921242988,0.32696719194081925,-81.52121140441308,-0.8125632746084135,14.785681137990675,-0.8604110866485712,62.820562571712635,-0.01912858174625246,-0.006402825131622081,-0.001441,0.006403430310708978,0.0078843,1,1.0
2735,0.015832639887367925,0.00031530251774156414,0.0015493,2.687540073637388,7.505384807007876,-37.99191333580966,1.01338506043586,9.552466467052952,0.32696719194081925,-76.63138266938977,-0.8125632746084135,-64.21264960701485,-0.8604110866485712,48.07802187190579,-0.01912858174625246,-0.0106995912450766,-0.001441,0.01070867877646858,0.0078843,1,1.0
2736,0.018782647744210377,0.00011192751339295545,0.0015493,2.687540073637388,7.505384807007876,-38.28360124914435,1.01338506043586,7.0462939554565915,0.32696719194081925,-54.0779786234142,-0.8125632746084135,-29.673616103011415,-0.8604110866485712,36.67007109432831,-0.01912858174625246,-0.0062920567683311295,-0.001441,0.006323703179486546,0.0078843,1,1.0
2737,0.016706552738730056,6.790868915055211e-06,0.0015493,2.687540073637388,7.505384807007876,-37.195318155163136,1.01338506043586,1.8644609353190595,0.32696719194081925,-27.223369100608863,-0.8125632746084135,26.565812672461597,-0.8604110866485712,23.682347495228615,-0.01912858174625246,-0.0010557448809319322,-0.001441,0.0010586450357805424,0.0078843,1,1.0
2738,0.01638637167737031,3.877208879117614e-05,0.0015493,2.687540073637388,7.505384807007876,-37.31684777539489,1.01338506043586,-0.4508372907592768,0.32696719194081925,-12.919222168984264,-0.8125632746084135,59.158599504349326,-0.8604110866485712,16.19372572985043,-0.01912858174625246,-0.0024964181019741533,-0.001441,0.0024944190764772996,0.0078843,1,1.0
2739,0.035316309461727285,7.953630694828655e-05,0.0015493,2.687540073637388,7.505384807007876,-77.41650792182959,1.01338506043586,7.213629923653447,0.32696719194081925,-76.93451769515127,-0.8125632746084135,9.554173025459486,-0.8604110866485712,59.84681069338805,-0.01912858174625246,-0.0061415662659106635,-0.001441,0.006141588143179141,0.0078843,1,1.0
2740,0.037777996448082884,0.00013932457004615768,0.0015493,2.687540073637388,7.505384807007876,-62.15709935154321,1.01338506043586,7.931042326758692,0.32696719194081925,-66.34862727505887,-0.8125632746084135,-68.9428546663127,-0.8604110866485712,55.84215827787307,-0.01912858174625246,-0.00801491069645372,-0.001441,0.00801437424361466,0.0078843,1,1.0
2741,0.0012158237688438267,0.00032561752597266966,0.0015493,2.687540073637388,7.505384807007876,-6.271115772379578,1.01338506043586,5.440165457446708,0.32696719194081925,-19.519444880462213,-0.8125632746084135,21.134649875292713,-0.8604110866485712,2.950278841312025,-0.01912858174625246,-0.005151288488908914,-0.001441,0.005366040740684048,0.0078843,1,1.0
2742,0.019644799054349894,1.749278767569705e-05,0.0015493,2.687540073637388,7.505384807007876,-33.61128398691065,1.01338506043586,0.6444898505863599,0.32696719194081925,-13.317627383630718,-0.8125632746084135,15.639056286129922,-0.8604110866485712,18.13967825602175,-0.01912858174625246,-0.0009357514230585536,-0.001441,0.0009380579915037281,0.0078843,1,1.0
2743,0.008471167892305967,0.00011534062924727045,0.0015493,2.687540073637388,7.505384807007876,-14.69527393942748,1.01338506043586,6.39433641309751,0.32696719194081925,-37.75048705965051,-0.8125632746084135,-47.46347828402697,-0.8604110866485712,21.505736349584936,-0.01912858174625246,-0.005879864512214747,-0.001441,0.005901306124292375,0.0078843,1,1.0
2744,0.0427201635791296,6.899145910326694e-05,0.0015493,2.687540073637388,7.505384807007876,-67.92795074046332,1.01338506043586,3.2167268056960396,0.32696719194081925,-35.56838415126209,-0.8125632746084135,-5.208362269681558,-0.8604110866485712,42.45870067412743,-0.01912858174625246,-0.001720677512578958,-0.001441,0.001778215445710182,0.0078843,1,1.0
2745,0.030952173125725596,6.539434329745847e-05,0.0015493,2.687540073637388,7.505384807007876,-54.44564395804348,1.01338506043586,-0.2330333864730948,0.32696719194081925,-17.116076598242486,-0.8125632746084135,36.26004564597069,-0.8604110866485712,27.67943016601815,-0.01912858174625246,-0.001911768987232076,-0.001441,0.0019084391981410934,0.0078843,1,1.0
2746,0.004512635184616774,0.00015525217003757813,0.0015493,2.687540073637388,7.505384807007876,-56.70142898719218,1.01338506043586,8.078260590752647,0.32696719194081925,-91.361200171037,-0.8125632746084135,90.65465470810865,-0.8604110866485712,48.217629294370155,-0.01912858174625246,-0.006803332980053303,-0.001441,0.006798256694852631,0.0078843,1,1.0
2747,0.004170276716932195,0.00025414248820562616,0.0015493,2.687540073637388,7.505384807007876,-9.68350938052995,1.01338506043586,8.043778974929026,0.32696719194081925,-51.70526528797784,-0.8125632746084135,-79.22069654285454,-0.8604110866485712,27.53157353964438,-0.01912858174625246,-0.009185729266098137,-0.001441,0.009189989105004834,0.0078843,1,1.0
2748,0.008693980770376763,7.860576646196585e-05,0.0015493,2.687540073637388,7.505384807007876,-30.245848705060578,1.01338506043586,5.595778546341766,0.32696719194081925,-50.637752675842094,-0.8125632746084135,0.1503891377121807,-0.8604110866485712,30.22431487211213,-0.01912858174625246,-0.005361642866987142,-0.001441,0.005362091964527726,0.0078843,1,1.0
2749,0.0033207666511375043,1.4385735121011517e-05,0.0015493,2.687540073637388,7.505384807007876,-22.825067914182327,1.01338506043586,-0.8998747253355377,0.32696719194081925,-12.286354811228996,-0.8125632746084135,71.77581500883352,-0.8604110866485712,8.998997228841928,-0.01912858174625246,-0.0018700863971205018,-0.001441,0.0018688247905014814,0.0078843,1,1.0
2750,0.009489542868286835,0.0003787938035180369,0.0015493,2.687540073637388,7.505384807007876,-25.841694900746795,1.01338506043586,11.629263610159164,0.32696719194081925,-74.24063977183107,-0.8125632746084135,-62.383659377935835,-0.8604110866485712,38.85153522797316,-0.01912858174625246,-0.010786680847228797,-0.001441,0.010804559193036793,0.0078843,1,1.0
2751,0.0007254685479334,0.00029057569181141783,0.0015493,2.687540073637388,7.505384807007876,-20.662516446132617,1.01338506043586,9.51563838730836,0.32696719194081925,-63.006012943428765,-0.8125632746084135,-0.4234160551430126,-0.8604110866485712,27.21743811611021,-0.01912858174625246,-0.007879536904932372,-0.001441,0.007943797128921806,0.0078843,1,1.0
2752,0.04741829777055326,7.779332256468902e-05,0.0015493,2.687540073637388,7.505384807007876,-72.74871631155685,1.01338506043586,6.509572365956204,0.32696719194081925,-57.2345544091879,-0.8125632746084135,-61.30104789624072,-0.8604110866485712,56.86229993321331,-0.01912858174625246,-0.005875747891756013,-0.001441,0.005875811641394137,0.0078843,1,1.0
2753,0.0031528705486774528,0.0017619271564814302,0.0015493,2.687540073637388,7.505384807007876,-17.675944720275005,1.01338506043586,14.603747166749308,0.32696719194081925,-71.94119032349809,-0.8125632746084135,33.0891153313818,-0.8604110866485712,21.658639467856826,-0.01912858174625246,-0.010527964976535248,-0.001441,0.01232319665137173,0.0078843,1,1.0
2754,0.040839009431190704,5.422345254746965e-05,0.0015493,2.687540073637388,7.505384807007876,-49.52169952796749,1.01338506043586,5.932680041662629,0.32696719194081925,-34.56862411640902,-0.8125632746084135,-84.61949826639425,-0.8604110866485712,39.24978723823304,-0.01912858174625246,-0.004737159359319365,-0.001441,0.004740082108650455,0.0078843,1,1.0
2755,0.02483622172259381,7.698415533571674e-05,0.0015493,2.687540073637388,7.505384807007876,-64.29572545825694,1.01338506043586,7.497648570819538,0.32696719194081925,-72.48029643951043,-0.8125632746084135,30.06362784327098,-0.8604110866485712,49.51660935125695,-0.01912858174625246,-0.005750850808091731,-0.001441,0.005749658071202856,0.0078843,1,1.0
2756,0.04577634311234579,0.00018596118758619728,0.0015493,2.687540073637388,7.505384807007876,-90.04255896293586,1.01338506043586,-1.5923391274291812,0.32696719194081925,-29.195876265591682,-0.8125632746084135,91.66108079535702,-0.8604110866485712,44.35327079401623,-0.01912858174625246,-0.0037841642523147295,-0.001441,0.0037845736158366207,0.0078843,1,1.0
2757,0.05719907105858839,0.00018878604862205748,0.0015493,2.687540073637388,7.505384807007876,-87.50019480569134,1.01338506043586,-0.3199802117091872,0.32696719194081925,-20.443468204288504,-0.8125632746084135,20.826645150329682,-0.8604110866485712,45.04098721773249,-0.01912858174625246,-0.0028395204504010874,-0.001441,0.002847999263377553,0.0078843,1,1.0
2758,0.024850634529143836,1.778039749716354e-05,0.0015493,2.687540073637388,7.505384807007876,-43.790851410544235,1.01338506043586,2.0799058151808416,0.32696719194081925,-27.071016197154375,-0.8125632746084135,3.9098816855934593,-0.8604110866485712,28.579981161032283,-0.01912858174625246,-0.001258874614398613,-0.001441,0.0012686465267820336,0.0078843,1,1.0
2759,0.004739589723848062,1.3456981915557243e-05,0.0015493,2.687540073637388,7.505384807007876,-22.938744194072317,1.01338506043586,2.0364016778324805,0.32696719194081925,-23.58839436379582,-0.8125632746084135,48.1723602709508,-0.8604110866485712,13.306096296065132,-0.01912858174625246,-0.0016723716653512786,-0.001441,0.001674801472281375,0.0078843,1,1.0
2760,0.03069448272159113,2.702182957285315e-05,0.0015493,2.687540073637388,7.505384807007876,-72.39230652180363,1.01338506043586,4.030558466770373,0.32696719194081925,-58.97820005411027,-0.8125632746084135,49.59782636512573,-0.8604110866485712,48.74023037913262,-0.01912858174625246,-0.002714233715066893,-0.001441,0.0027205916790969662,0.0078843,1,1.0
2761,0.0056850150523333615,0.00039530467509276307,0.0015493,2.687540073637388,7.505384807007876,-23.707261526900894,1.01338506043586,7.99781452618838,0.32696719194081925,-40.96627079473623,-0.8125632746084135,38.9248004000921,-0.8604110866485712,15.265333345677638,-0.01912858174625246,-0.0069639252498284844,-0.001441,0.00692392079506494,0.0078843,1,1.0
2762,0.03899038508620484,0.0001002628541447011,0.0015493,2.687540073637388,7.505384807007876,-66.14522229509073,1.01338506043586,0.058192096359086454,0.32696719194081925,-19.15662556755186,-0.8125632746084135,41.718872123981086,-0.8604110866485712,32.63551831820511,-0.01912858174625246,-0.002817762205656297,-0.001441,0.0028238897179614056,0.0078843,1,1.0
2763,0.000920998554520408,0.0004711382700541626,0.0015493,2.687540073637388,7.505384807007876,-33.05695651754929,1.01338506043586,12.583017693028898,0.32696719194081925,-95.4927273199775,-0.8125632746084135,-8.54018097346539,-0.8604110866485712,45.18075411267047,-0.01912858174625246,-0.01168841164964326,-0.001441,0.011686803714003166,0.0078843,1,1.0
2764,0.021664513607725602,7.922138326732756e-05,0.0015493,2.687540073637388,7.505384807007876,-32.25540177482014,1.01338506043586,6.228588737185057,0.32696719194081925,-42.145397400076845,-0.8125632746084135,-60.749324609960475,-0.8604110866485712,32.70919485702285,-0.01912858174625246,-0.005945726960839517,-0.001441,0.005947104198544754,0.0078843,1,1.0
2765,0.05450473614965354,6.540322888848309e-05,0.0015493,2.687540073637388,7.505384807007876,-63.69030241478421,1.01338506043586,4.135497931628184,0.32696719194081925,-26.227438334474645,-0.8125632746084135,-94.12725412367266,-0.8604110866485712,44.5188232937625,-0.01912858174625246,-0.0030638312463211713,-0.001441,0.0030605680381338212,0.0078843,1,1.0
2766,0.009023121129608031,1.6504489754516574e-05,0.0015493,2.687540073637388,7.505384807007876,-38.94834728188896,1.01338506043586,3.276680320600928,0.32696719194081925,-42.926301462926084,-0.8125632746084135,61.491688857426084,-0.8604110866485712,26.46965460707698,-0.01912858174625246,-0.00218601383943185,-0.001441,0.0021964339618879792,0.0078843,1,1.0
2767,0.00977136358362284,7.07493875716915e-06,0.0015493,2.687540073637388,7.505384807007876,-30.574223225151506,1.01338506043586,1.8848854182469819,0.32696719194081925,-29.889803085225193,-0.8125632746084135,32.010336709110945,-0.8604110866485712,21.5822121852876,-0.01912858174625246,-0.0014929144276222494,-0.001441,0.001492601610294401,0.0078843,1,1.0
2768,0.007026002113529203,7.821837751082475e-05,0.0015493,2.687540073637388,7.505384807007876,-30.386973690444492,1.01338506043586,6.024543351680384,0.32696719194081925,-51.4636691511055,-0.8125632746084135,16.613691614557688,-0.8604110866485712,28.325820078405812,-0.01912858174625246,-0.005028107703739108,-0.001441,0.005029419222444569,0.0078843,1,1.0
2769,0.02989776906951761,4.557286449075565e-05,0.0015493,2.687540073637388,7.505384807007876,-34.012428005913854,1.01338506043586,0.39177026375997737,0.32696719194081925,-0.964630235206986,-0.8125632746084135,-27.578407996411418,-0.8604110866485712,17.28303811976564,-0.01912858174625246,-0.001332475956435436,-0.001441,0.0013307065033367302,0.0078843,1,1.0
2770,0.0067454574768891495,0.0003103524229973311,0.0015493,2.687540073637388,7.505384807007876,-14.485827790470326,1.01338506043586,8.21034790970198,0.32696719194081925,-57.158981457051055,-0.8125632746084135,-87.53967732354926,-0.8604110866485712,32.911233509309646,-0.01912858174625246,-0.010113258873174933,-0.001441,0.010104639110800508,0.0078843,1,1.0
2771,0.0239021687046479,8.008222682563225e-05,0.0015493,2.687540073637388,7.505384807007876,-49.988237373365415,1.01338506043586,-1.3788653433890896,0.32696719194081925,-12.890544028793537,-0.8125632746084135,71.18670084589483,-0.8604110866485712,21.432869072566508,-0.01912858174625246,-0.0033851485524547514,-0.001441,0.0033901325434547,0.0078843,1,1.0
2772,0.00799716668290007,0.00013727561357994425,0.0015493,2.687540073637388,7.505384807007876,-47.43694514068962,1.01338506043586,6.623360853846091,0.32696719194081925,-75.79799759142804,-0.8125632746084135,40.79682948327846,-0.8604110866485712,44.038317408866206,-0.01912858174625246,-0.006727531297948196,-0.001441,0.006728782444989477,0.0078843,1,1.0
2773,0.057274372117957155,7.672182415308668e-05,0.0015493,2.687540073637388,7.505384807007876,-86.87870949183181,1.01338506043586,5.373746832339601,0.32696719194081925,-49.499126360966045,-0.8125632746084135,-33.15393676763592,-0.8604110866485712,57.45560098728084,-0.01912858174625246,-0.0033653637945656174,-0.001441,0.0033895980894009755,0.0078843,1,1.0
2774,0.04691625650422417,8.887801688531265e-05,0.0015493,2.687540073637388,7.505384807007876,-60.66373908063563,1.01338506043586,1.3291939682901444,0.32696719194081925,-12.665783743356485,-0.8125632746084135,-27.58432464508518,-0.8604110866485712,33.01755393613339,-0.01912858174625246,-0.0016582319843645387,-0.001441,0.0016565320859475872,0.0078843,1,1.0
2775,0.0036320876405847996,0.0009060563952024,0.0015493,2.687540073637388,7.505384807007876,-6.121120114808551,1.01338506043586,13.709150962172526,0.32696719194081925,-52.207585395137,-0.8125632746084135,-39.96327397525725,-0.8604110866485712,14.661670601039974,-0.01912858174625246,-0.011014936909676618,-0.001441,0.01118243352553355,0.0078843,1,1.0
2776,0.049259022846092106,5.9827539776713e-05,0.0015493,2.687540073637388,7.505384807007876,-97.72295498567564,1.01338506043586,4.986335283949497,0.32696719194081925,-64.97639684255537,-0.8125632746084135,48.73244231904062,-0.8604110866485712,61.19819760457679,-0.01912858174625246,-0.002817061132150509,-0.001441,0.0028386236613794666,0.0078843,1,1.0
2777,0.01758534431003675,0.00016319032362736198,0.0015493,2.687540073637388,7.505384807007876,-61.288371461843624,1.01338506043586,8.966696965479624,0.32696719194081925,-87.92943201653583,-0.8125632746084135,30.63565764631472,-0.8604110866485712,53.849161297989866,-0.01912858174625246,-0.007890386289886777,-0.001441,0.00789322319951713,0.0078843,1,1.0
2778,0.03633195407486952,3.908478469592161e-05,0.0015493,2.687540073637388,7.505384807007876,-59.809654031574055,1.01338506043586,5.382515083227233,0.32696719194081925,-47.41764102537859,-0.8125632746084135,-28.594838152391336,-0.8604110866485712,44.50703438726457,-0.01912858174625246,-0.004204392732217521,-0.001441,0.004206349202034097,0.0078843,1,1.0
2779,0.0007218148166236223,3.308633499639675e-05,0.0015493,2.687540073637388,7.505384807007876,-13.367653947209021,1.01338506043586,2.4240823227917425,0.32696719194081925,-19.341452352074235,-0.8125632746084135,37.20835979782848,-0.8604110866485712,7.867864565689332,-0.01912858174625246,-0.002116297762453062,-0.001441,0.0021127065808293957,0.0078843,1,1.0
2780,0.03379214958110875,6.142498982794158e-05,0.0015493,2.687540073637388,7.505384807007876,-41.982368597333,1.01338506043586,-0.3381856598749454,0.32696719194081925,-2.534882602721653,-0.8125632746084135,-20.09147950451082,-0.8604110866485712,21.559495134367477,-0.01912858174625246,-0.0013861867859239188,-0.001441,0.0013868349820718958,0.0078843,1,1.0
2781,0.011278784453792243,9.330881382036898e-06,0.0015493,2.687540073637388,7.505384807007876,-22.6756541306805,1.01338506043586,0.300854620038581,0.32696719194081925,-9.83939397530774,-0.8125632746084135,23.014780457381026,-0.8604110866485712,11.471443804362426,-0.01912858174625246,-0.000929871782361187,-0.001441,0.0009288768772731757,0.0078843,1,1.0
2782,0.015877842463616423,0.0002731667010775703,0.0015493,2.687540073637388,7.505384807007876,-26.861116269295415,1.01338506043586,3.0092102073698146,0.32696719194081925,-40.09001370126921,-0.8125632746084135,-69.88447205954071,-0.8604110866485712,34.720002148604635,-0.01912858174625246,-0.007956601581445927,-0.001441,0.00799770373717108,0.0078843,1,1.0
2783,0.00324854096543397,0.00017882628516749895,0.0015493,2.687540073637388,7.505384807007876,-9.480181373028682,1.01338506043586,6.760840636728052,0.32696719194081925,-44.58291042474412,-0.8125632746084135,-59.685938495488756,-0.8604110866485712,23.496852920962322,-0.01912858174625246,-0.0075741164429084665,-0.001441,0.007570004085149704,0.0078843,1,1.0
2784,0.013263733122300725,7.4923019906892435e-06,0.0015493,2.687540073637388,7.505384807007876,-28.65956545674947,1.01338506043586,1.3066016360499804,0.32696719194081925,-20.735969414546382,-0.8125632746084135,16.871977716962384,-0.8604110866485712,18.69878134774607,-0.01912858174625246,-0.0007948038904317761,-0.001441,0.0008016290588806764,0.0078843,1,1.0
2785,0.04309970742429579,6.969450882170034e-05,0.0015493,2.687540073637388,7.505384807007876,-88.51790773711501,1.01338506043586,7.603237324191752,0.32696719194081925,-79.16165457889365,-0.8125632746084135,13.27911715366194,-0.8604110866485712,64.69691930589613,-0.01912858174625246,-0.005774981105408282,-0.001441,0.005779020198878032,0.0078843,1,1.0
2786,0.04471100827493062,5.3153017540939666e-05,0.0015493,2.687540073637388,7.505384807007876,-93.55380740740492,1.01338506043586,6.798805364999031,0.32696719194081925,-77.95614723977718,-0.8125632746084135,29.74652144808252,-0.8604110866485712,65.4852414931031,-0.01912858174625246,-0.004853929857327562,-0.001441,0.004854791276137385,0.0078843,1,1.0
2787,0.0014573252184686327,6.026920463858457e-06,0.0015493,2.687540073637388,7.505384807007876,-22.579869638928184,1.01338506043586,1.6430643098892064,0.32696719194081925,-27.04374120665255,-0.8125632746084135,57.70725995223812,-0.8604110866485712,14.335837282778156,-0.01912858174625246,-0.0010642998084750513,-0.001441,0.0010695261837829586,0.0078843,1,1.0
2788,0.0042145770939575194,0.00033866153255944736,0.0015493,2.687540073637388,7.505384807007876,-6.748004909166093,1.01338506043586,9.617855938408878,0.32696719194081925,-56.075362151650985,-0.8125632746084135,-99.93248534316427,-0.8604110866485712,28.62410535494795,-0.01912858174625246,-0.010528516293146117,-0.001441,0.010529861531552769,0.0078843,1,1.0
2789,0.0027316165998542592,9.402824576964003e-05,0.0015493,2.687540073637388,7.505384807007876,-14.997935448156777,1.01338506043586,5.049817939309534,0.32696719194081925,-40.83498821665271,-0.8125632746084135,-21.05046069152739,-0.8604110866485712,22.023210191660763,-0.01912858174625246,-0.005547551888596668,-0.001441,0.005549077498055964,0.0078843,1,1.0
2790,0.00363527669299148,9.353068475766459e-05,0.0015493,2.687540073637388,7.505384807007876,-4.817153055473756,1.01338506043586,3.0408070252379273,0.32696719194081925,-7.568884933956697,-0.8125632746084135,3.130152363586247,-0.8604110866485712,1.3816321187169842,-0.01912858174625246,-0.003227611447391633,-0.001441,0.003220190000236932,0.0078843,1,1.0
2791,0.044576947453096004,5.57438357245764e-05,0.0015493,2.687540073637388,7.505384807007876,-68.84503148792439,1.01338506043586,6.045115445739637,0.32696719194081925,-51.63002852255,-0.8125632746084135,-47.278365356192786,-0.8604110866485712,51.54946093704582,-0.01912858174625246,-0.0048531621500183825,-0.001441,0.004857874257807688,0.0078843,1,1.0
2792,0.0015188302649221802,0.0057402456613363725,0.0015493,2.687540073637388,7.505384807007876,44.03898043174644,1.01338506043586,12.625877468586804,0.32696719194081925,-53.41926264736796,-0.8125632746084135,-16.12174329879871,-0.8604110866485712,3.524881852119527,-0.01912858174625246,-0.003052378666329514,-0.001441,0.014029335718230986,0.0078843,1,1.0
2793,0.0005621884654073567,0.00032713217325856087,0.0015493,2.687540073637388,7.505384807007876,-15.237834917226289,1.01338506043586,10.211492241561425,0.32696719194081925,-58.77855302311356,-0.8125632746084135,-15.65444028114786,-0.8604110866485712,23.533850035019245,-0.01912858174625246,-0.008366890536981956,-0.001441,0.008364827131913987,0.0078843,1,1.0
2794,0.02743801374153216,3.195735050383648e-05,0.0015493,2.687540073637388,7.505384807007876,-66.48086636489413,1.01338506043586,1.2025486414756017,0.32696719194081925,-41.23009096058301,-0.8125632746084135,74.36637579431584,-0.8604110866485712,38.55297487138822,-0.01912858174625246,-0.0005462158291469915,-0.001441,0.000549999584508849,0.0078843,1,1.0
2795,0.0003998963563962704,0.0007036875501085376,0.0015493,2.687540073637388,7.505384807007876,-33.5665100165769,1.01338506043586,12.178879514310296,0.32696719194081925,-71.33532681297821,-0.8125632746084135,82.86214901825322,-0.8604110866485712,24.06910404686803,-0.01912858174625246,-0.010153262213581546,-0.001441,0.010156862931490289,0.0078843,1,1.0
2796,0.013234592835815759,2.33247287004562e-05,0.0015493,2.687540073637388,7.505384807007876,-15.63074477601511,1.01338506043586,0.36014571407542567,0.32696719194081925,-5.666985422632727,-0.8125632746084135,-24.562872497571753,-0.8604110866485712,11.598868482663816,-0.01912858174625246,-0.0010294640757216003,-0.001441,0.0010557676918734396,0.0078843,1,1.0
2797,0.005159606832872518,0.00033998785154217383,0.0015493,2.687540073637388,7.505384807007876,-3.6291497475979972,1.01338506043586,10.298966351520503,0.32696719194081925,-49.66281357876029,-0.8125632746084135,-99.49105249414441,-0.8604110866485712,23.200922008429508,-0.01912858174625246,-0.009759550021017057,-0.001441,0.009752918411749916,0.0078843,1,1.0
2798,0.015717675325478644,0.00022633342664213514,0.0015493,2.687540073637388,7.505384807007876,-30.927396345263798,1.01338506043586,8.982667434586961,0.32696719194081925,-63.4562686849313,-0.8125632746084135,-68.94469367479263,-0.8604110866485712,39.885641903602846,-0.01912858174625246,-0.009257644819311014,-0.001441,0.009257884383195789,0.0078843,1,1.0
2799,0.06194341790498186,0.00015938360433531413,0.0015493,2.687540073637388,7.505384807007876,-79.63650558271958,1.01338506043586,2.404953105756931,0.32696719194081925,-17.499120111246853,-0.8125632746084135,-35.91618902735234,-0.8604110866485712,42.87024800031021,-0.01912858174625246,-0.0028473985163665755,-0.001441,0.0028473980432814766,0.0078843,1,1.0
2800,0.016990962291167824,0.00033436135784885665,0.0015493,1.4256683997023072,6.1063824138390705,-15.240834967523666,1.01338506043586,4.28059518004891,0.32696719194081925,-24.465790236547765,-0.8125632746084135,-5.325269184375458,-0.8604110866485712,16.32900171109107,-0.01912858174625246,-0.009236168753172574,-0.001441,0.009513902847005066,0.0078843,1,1.0
2801,0.114237712118963,0.000602858136798459,0.0015493,1.4256683997023072,6.1063824138390705,-50.05793669238275,1.01338506043586,7.784155866267024,0.32696719194081925,-40.841040331363175,-0.8125632746084135,-51.91169181946457,-0.8604110866485712,48.01345618053657,-0.01912858174625246,-0.011792632892138725,-0.001441,0.011804813495486385,0.0078843,1,1.0
2802,0.14717664376084252,0.001986797455278664,0.0015493,1.4256683997023072,6.1063824138390705,-66.7490770994817,1.01338506043586,4.664120497767314,0.32696719194081925,-53.77898207823998,-0.8125632746084135,55.27020514180329,-0.8604110866485712,57.213975514828896,-0.01912858174625246,-0.01216185688490748,-0.001441,0.012287408734010699,0.0078843,1,1.0
2803,0.05078647977035887,0.0005346033138953694,0.0015493,1.4256683997023072,6.1063824138390705,-32.51499781273868,1.01338506043586,0.5866036866956602,0.32696719194081925,-35.95950559611838,-0.8125632746084135,76.41680056750712,-0.8604110866485712,27.53192280818581,-0.01912858174625246,-0.006222658801897378,-0.001441,0.006326180909601174,0.0078843,1,1.0
2804,0.04280233157619383,0.0029952719947814563,0.0015493,1.4256683997023072,6.1063824138390705,-39.0316400301005,1.01338506043586,13.536945517567077,0.32696719194081925,-64.68392004167671,-0.8125632746084135,-62.46378846720293,-0.8604110866485712,44.809817701669544,-0.01912858174625246,-0.03361843612346531,-0.001441,0.03422970603191036,0.0078843,1,1.0
2805,0.0970881884145535,0.0016847027646987056,0.0015493,1.4256683997023072,6.1063824138390705,-57.77405284732583,1.01338506043586,15.116762484940814,0.32696719194081925,-73.21847413513831,-0.8125632746084135,-49.2404415100638,-0.8604110866485712,59.12369158715715,-0.01912858174625246,-0.02863215693146305,-0.001441,0.0286092323564578,0.0078843,1,1.0
2806,0.08041974605078481,0.0017470146407491218,0.0015493,1.4256683997023072,6.1063824138390705,-34.418330419133824,1.01338506043586,-3.069224727685926,0.32696719194081925,-18.76130698092626,-0.8125632746084135,56.587740122338005,-0.8604110866485712,27.214678894899993,-0.01912858174625246,-0.014205840055256842,-0.001441,0.01420400429142658,0.0078843,1,1.0
2807,0.11299908881341449,0.0008881039966692687,0.0015493,1.4256683997023072,6.1063824138390705,-53.66944814703954,1.01338506043586,9.888480876062687,0.32696719194081925,-50.1094632061844,-0.8125632746084135,-67.8705626013347,-0.8604110866485712,53.39280474263918,-0.01912858174625246,-0.018537640926228203,-0.001441,0.018521597023644015,0.0078843,1,1.0
2808,0.09383340544919447,0.00046981095541218755,0.0015493,1.4256683997023072,6.1063824138390705,-42.627338849669655,1.01338506043586,6.506627215820674,0.32696719194081925,-37.24073321275735,-0.8125632746084135,-23.046920177261438,-0.8604110866485712,40.10659015323178,-0.01912858174625246,-0.008604400940992137,-0.001441,0.0087729867347642,0.0078843,1,1.0
2809,0.00020590089689775243,0.00868114920632067,0.0015493,1.4256683997023072,6.1063824138390705,12.095626941879893,1.01338506043586,8.405164533612886,0.32696719194081925,-0.6896921149415367,-0.8125632746084135,17.718345894875014,-0.8604110866485712,-10.935632606310248,-0.01912858174625246,-0.014665532689968539,-0.001441,0.026116794120213758,0.0078843,1,1.0
2810,0.10349169929129028,0.001647077764150098,0.0015493,1.4256683997023072,6.1063824138390705,-37.84873401455309,1.01338506043586,1.5889106291735084,0.32696719194081925,-19.331083219721663,-0.8125632746084135,26.69216951577399,-0.8604110866485712,30.34774226729775,-0.01912858174625246,-0.013539352598949398,-0.001441,0.013977031183078345,0.0078843,1,1.0
2811,0.07240694163226999,0.0005463546027638924,0.0015493,1.4256683997023072,6.1063824138390705,-54.19585645141686,1.01338506043586,9.137350090770402,0.32696719194081925,-74.04357648234503,-0.8125632746084135,41.567024639328345,-0.8604110866485712,52.5277893347958,-0.01912858174625246,-0.014736449268680847,-0.001441,0.014732431823952986,0.0078843,1,1.0
2812,0.1425468158481833,0.0009344602728100766,0.0015493,1.4256683997023072,6.1063824138390705,-60.42561416933296,1.01338506043586,8.001458773577571,0.32696719194081925,-46.21216491701485,-0.8125632746084135,-32.883549187891,-0.8604110866485712,55.581739589446386,-0.01912858174625246,-0.00943588674070993,-0.001441,0.009455414136261655,0.0078843,1,1.0
2813,0.004305460403018074,0.034270752382455055,0.0015493,1.4256683997023072,6.1063824138390705,6.760069822470905,1.01338506043586,26.734566439034694,0.32696719194081925,-63.841014617855194,-0.8125632746084135,-70.87200710119008,-0.8604110866485712,16.22126716734341,-0.01912858174625246,-0.030562902499264147,-0.001441,0.08305821794052964,0.0078843,1,1.0
2814,0.2115931207743606,0.002146480776169097,0.0015493,1.4256683997023072,6.1063824138390705,-97.37908749707724,1.01338506043586,13.825400050100217,0.32696719194081925,-86.46395906837543,-0.8125632746084135,-6.636170146965122,-0.8604110866485712,89.06288017651319,-0.01912858174625246,-0.0173076885844582,-0.001441,0.01735168040407698,0.0078843,1,1.0
2815,0.08747771722709743,0.0004993218331946498,0.0015493,1.4256683997023072,6.1063824138390705,-30.54701741081893,1.01338506043586,2.652276717105307,0.32696719194081925,-13.484610032906941,-0.8125632746084135,-26.10259637875707,-0.8604110866485712,26.731289388118626,-0.01912858174625246,-0.004392239062353703,-0.001441,0.0043987208656308275,0.0078843,1,1.0
2816,0.060688452665108625,0.0016172813635483628,0.0015493,1.4256683997023072,6.1063824138390705,-37.20258397883699,1.01338506043586,9.829358982712211,0.32696719194081925,-46.224560848755246,-0.8125632746084135,-82.09423806489559,-0.8604110866485712,41.34573378288002,-0.01912858174625246,-0.02675514246882244,-0.001441,0.02676374087597472,0.0078843,1,1.0
2817,0.12979312789309855,0.001651624474707596,0.0015493,1.4256683997023072,6.1063824138390705,-64.4709910248573,1.01338506043586,3.3585240646341674,0.32696719194081925,-55.62852877942535,-0.8125632746084135,33.937697231823115,-0.8604110866485712,58.01043477410591,-0.01912858174625246,-0.0008648656614998995,-0.001441,0.0010500557992860603,0.0078843,1,1.0
2818,0.05074255296359469,0.000643265824290649,0.0015493,1.4256683997023072,6.1063824138390705,-48.97687529960872,1.01338506043586,9.240713958838068,0.32696719194081925,-76.1391561374643,-0.8125632746084135,55.0217434392839,-0.8604110866485712,48.25216800692742,-0.01912858174625246,-0.016126163744623674,-0.001441,0.01609339805559868,0.0078843,1,1.0
2819,0.0718517387241323,0.0011548511914963914,0.0015493,1.4256683997023072,6.1063824138390705,-20.882110845230915,1.01338506043586,-0.6376623932178618,0.32696719194081925,-1.2674047711574152,-0.8125632746084135,17.112797746987237,-0.8604110866485712,14.68002535624881,-0.01912858174625246,-0.014157399595020957,-0.001441,0.014228436754615808,0.0078843,1,1.0
2820,0.062151893411797346,0.00025302501718463684,0.0015493,1.4256683997023072,6.1063824138390705,-42.479985490195205,1.01338506043586,6.2674837321702626,0.32696719194081925,-54.41540189832067,-0.8125632746084135,39.46793977732073,-0.8604110866485712,40.08771074649972,-0.01912858174625246,-0.008471047888750832,-0.001441,0.008488674876913183,0.0078843,1,1.0
2821,0.07357012386290304,0.0003604822495235766,0.0015493,1.4256683997023072,6.1063824138390705,-50.656343432482096,1.01338506043586,6.423790967651623,0.32696719194081925,-64.26832721030758,-0.8125632746084135,61.8927658891064,-0.8604110866485712,46.993787016232844,-0.01912858174625246,-0.00745431247832289,-0.001441,0.007513655594911448,0.0078843,1,1.0
2822,0.033126880481819235,0.00021067013075576593,0.0015493,1.4256683997023072,6.1063824138390705,-28.750263865367668,1.01338506043586,4.919688415185993,0.32696719194081925,-42.135460525312446,-0.8125632746084135,26.070552745896155,-0.8604110866485712,28.29613545767364,-0.01912858174625246,-0.00880186097544922,-0.001441,0.008822946876453134,0.0078843,1,1.0
2823,0.08637975109679064,0.0027921367738435914,0.0015493,1.4256683997023072,6.1063824138390705,-51.37211086232733,1.01338506043586,17.325823926788082,0.32696719194081925,-68.7785048302778,-0.8125632746084135,-91.31728624920943,-0.8604110866485712,55.43818566108482,-0.01912858174625246,-0.03599420245448842,-0.001441,0.035997023626755734,0.0078843,1,1.0
2824,0.2342622282633811,0.00239626614066509,0.0015493,1.4256683997023072,6.1063824138390705,-99.38349460856752,1.01338506043586,16.968655998237043,0.32696719194081925,-79.81152842593544,-0.8125632746084135,-97.45047964651597,-0.8604110866485712,94.04259305045775,-0.01912858174625246,-0.02399571615701971,-0.001441,0.024002534411414166,0.0078843,1,1.0
2825,0.03762007618017192,0.0015887731980773916,0.0015493,1.4256683997023072,6.1063824138390705,-24.544189837363376,1.01338506043586,9.510546460470504,0.32696719194081925,-34.71857166036498,-0.8125632746084135,-87.70851916244894,-0.8604110866485712,29.621866095310974,-0.01912858174625246,-0.02612146895756942,-0.001441,0.026177461961187184,0.0078843,1,1.0
2826,0.22449936256343692,0.004231773669139711,0.0015493,1.4256683997023072,6.1063824138390705,-96.33001824420005,1.01338506043586,6.011134257314803,0.32696719194081925,-68.89679051706189,-0.8125632746084135,38.908033454052976,-0.8604110866485712,83.41814592079689,-0.01912858174625246,-0.01378206397373554,-0.001441,0.013727124996928613,0.0078843,1,1.0
2827,0.10354942371448222,0.0006429090095719576,0.0015493,1.4256683997023072,6.1063824138390705,-46.60229298376846,1.01338506043586,9.153987744447244,0.32696719194081925,-41.8897848587027,-0.8125632746084135,-52.564580128185845,-0.8604110866485712,45.28111755367635,-0.01912858174625246,-0.014710466495452452,-0.001441,0.014657653295638118,0.0078843,1,1.0
2828,0.0388263163526501,0.0006225838619769237,0.0015493,1.4256683997023072,6.1063824138390705,-39.69007736963617,1.01338506043586,9.725466180859879,0.32696719194081925,-65.94700099608302,-0.8125632746084135,42.745394236714944,-0.8604110866485712,39.50639805327259,-0.01912858174625246,-0.0168132846874241,-0.001441,0.016797768845313067,0.0078843,1,1.0
2829,0.1224106056349068,0.003012367480760495,0.0015493,1.4256683997023072,6.1063824138390705,-39.70836899204161,1.01338506043586,-3.49752117168414,0.32696719194081925,-5.459259687688522,-0.8125632746084135,18.644014823256796,-0.8604110866485712,30.497459836892382,-0.01912858174625246,-0.018810590017946348,-0.001441,0.018841373205521733,0.0078843,1,1.0
2830,0.13608690355513348,0.0012653094678843513,0.0015493,1.4256683997023072,6.1063824138390705,-78.28091481465863,1.01338506043586,7.148351034677864,0.32696719194081925,-83.62072620311511,-0.8125632746084135,76.48020393646465,-0.8604110866485712,70.93186052182773,-0.01912858174625246,-0.005975526007826262,-0.001441,0.005990430379453973,0.0078843,1,1.0
2831,0.16520213763234953,0.001314957562204479,0.0015493,1.4256683997023072,6.1063824138390705,-79.74693684268323,1.01338506043586,12.797225611556568,0.32696719194081925,-75.28159597969822,-0.8125632746084135,-44.698176281380945,-0.8604110866485712,76.29993272945873,-0.01912858174625246,-0.019029519097615973,-0.001441,0.019023199761783807,0.0078843,1,1.0
2832,0.25324654950486625,0.013262716021210194,0.0015493,1.4256683997023072,6.1063824138390705,-83.39251298371991,1.01338506043586,-5.838515346919312,0.32696719194081925,-16.81693427979566,-0.8125632746084135,70.63372952234226,-0.8604110866485712,62.684104164970186,-0.01912858174625246,-0.04294869119157964,-0.001441,0.043142806331497835,0.0078843,1,1.0
2833,0.15455921898985758,0.0033001891928935686,0.0015493,1.4256683997023072,6.1063824138390705,-49.22101890392674,1.01338506043586,0.9729373173591738,0.32696719194081925,-12.291249466423862,-0.8125632746084135,3.7784105221156064,-0.8604110866485712,38.656353297390105,-0.01912858174625246,-0.019934423101385344,-0.001441,0.02008291992917148,0.0078843,1,1.0
2834,0.01580783772158801,0.0002143436085436235,0.0015493,1.4256683997023072,6.1063824138390705,-16.219140678258324,1.01338506043586,3.849344611133648,0.32696719194081925,-26.132849404901567,-0.8125632746084135,0.5852892106496896,-0.8604110866485712,17.165289262203128,-0.01912858174625246,-0.00898136303966982,-0.001441,0.008967223260409251,0.0078843,1,1.0
2835,0.14920460540572558,0.0017159593132270248,0.0015493,1.4256683997023072,6.1063824138390705,-74.6499153375337,1.01338506043586,6.185290602341018,0.32696719194081925,-69.34136078896654,-0.8125632746084135,72.37353719619196,-0.8604110866485712,65.23317940215671,-0.01912858174625246,-0.010571137378002814,-0.001441,0.010581971270056324,0.0078843,1,1.0
2836,0.0719015392573047,0.0005177100026012247,0.0015493,1.4256683997023072,6.1063824138390705,-51.83957791339478,1.01338506043586,8.716781164964729,0.32696719194081925,-69.24578859236,-0.8125632746084135,32.85875046426702,-0.8604110866485712,50.334142510507185,-0.01912858174625246,-0.014229202445627575,-0.001441,0.01424176579762257,0.0078843,1,1.0
2837,0.1889449861887845,0.0017039872928385769,0.0015493,1.4256683997023072,6.1063824138390705,-94.6496743859731,1.01338506043586,15.480123869149166,0.32696719194081925,-94.1817876695022,-0.8125632746084135,-29.346650738245266,-0.8604110866485712,90.03242384202798,-0.01912858174625246,-0.022240114792672405,-0.001441,0.02224833389109354,0.0078843,1,1.0
2838,0.07235961019075857,0.0004661986229800001,0.0015493,1.4256683997023072,6.1063824138390705,-42.41772241908151,1.01338506043586,8.58697058305231,0.32696719194081925,-50.584335549274385,-0.8125632746084135,-12.585488303008606,-0.8604110866485712,41.85961862013992,-0.01912858174625246,-0.014810241718738302,-0.001441,0.01480856420780558,0.0078843,1,1.0
2839,0.2292044572486957,0.0036830683479918123,0.0015493,1.4256683997023072,6.1063824138390705,-85.59875238903655,1.01338506043586,7.553230193690217,0.32696719194081925,-46.50183103285045,-0.8125632746084135,-47.965530620274315,-0.8604110866485712,75.28962047470212,-0.01912858174625246,-0.0113473071462608,-0.001441,0.011107571239986777,0.0078843,1,1.0
2840,0.0988836809552392,0.000750266316399048,0.0015493,1.4256683997023072,6.1063824138390705,-68.80454018480803,1.01338506043586,12.048563241990914,0.32696719194081925,-91.3551702298642,-0.8125632746084135,54.6537573068702,-0.8604110866485712,65.71573799918619,-0.01912858174625246,-0.017757091445731288,-0.001441,0.017794348319992874,0.0078843,1,1.0
2841,0.1279771933910735,0.0007821667107852685,0.0015493,1.4256683997023072,6.1063824138390705,-60.834769498805215,1.01338506043586,8.587185096685808,0.32696719194081925,-55.840816761299834,-0.8125632746084135,-6.981707364364849,-0.8604110866485712,56.31686762423494,-0.01912858174625246,-0.010623288232993806,-0.001441,0.010593792148023248,0.0078843,1,1.0
2842,0.1996510403541315,0.004933446105619795,0.0015493,1.4256683997023072,6.1063824138390705,-79.37451847435307,1.01338506043586,3.3328960462627624,0.32696719194081925,-48.912919579512895,-0.8125632746084135,53.66643314974132,-0.8604110866485712,65.95891927092433,-0.01912858174625246,-0.020096758022416096,-0.001441,0.020993296838066722,0.0078843,1,1.0
2843,0.055695294955416086,0.0002616665101192598,0.0015493,1.4256683997023072,6.1063824138390705,-28.768437823862012,1.01338506043586,4.3409448878602515,0.32696719194081925,-30.39415459114386,-0.8125632746084135,26.6578119148465,-0.8604110866485712,25.46419426081109,-0.01912858174625246,-0.006887447286249458,-0.001441,0.006952400764510206,0.0078843,1,1.0
2844,0.04965220081134863,0.0002051458023392062,0.0015493,1.4256683997023072,6.1063824138390705,-29.443789637130543,1.01338506043586,4.584037691409712,0.32696719194081925,-33.872584804613155,-0.8125632746084135,1.3707902666718121,-0.8604110866485712,28.542434670225568,-0.01912858174625246,-0.007507318479905919,-0.001441,0.007563931767275252,0.0078843,1,1.0
2845,0.006211639206796883,0.0009428860366015777,0.0015493,1.4256683997023072,6.1063824138390705,-3.0787053850744335,1.01338506043586,-2.9738225809817256,0.32696719194081925,-1.3960625414865844,-0.8125632746084135,85.8335508741686,-0.8604110866485712,-2.341913410508497,-0.01912858174625246,-0.017187217474453315,-0.001441,0.01709931783494622,0.0078843,1,1.0
2846,0.06631099215771938,0.0002794513449640712,0.0015493,1.4256683997023072,6.1063824138390705,-30.27634027595318,1.01338506043586,2.75475208015974,0.32696719194081925,-24.882172161481837,-0.8125632746084135,9.83860570007223,-0.8604110866485712,26.903412796835447,-0.01912858174625246,-0.003349061078707017,-0.001441,0.0033510705374603083,0.0078843,1,1.0
2847,0.2057154508820333,0.004320518256050675,0.0015493,1.4256683997023072,6.1063824138390705,-74.79686094716976,1.01338506043586,3.249619050276237,0.32696719194081925,-35.32910803584987,-0.8125632746084135,7.7750598008278295,-0.8604110866485712,62.199790296282174,-0.01912858174625246,-0.0188559233739887,-0.001441,0.018868967334771326,0.0078843,1,1.0
2848,0.018597995749683828,9.406443432298398e-05,0.0015493,1.4256683997023072,6.1063824138390705,-18.569391767518443,1.01338506043586,1.7705716997419305,0.32696719194081925,-28.321120721502037,-0.8125632746084135,60.20958318585051,-0.8604110866485712,16.040174721575525,-0.01912858174625246,-0.0035881477985517086,-0.001441,0.0036659562548592875,0.0078843,1,1.0
2849,0.004427430683702788,9.511670244636669e-05,0.0015493,1.4256683997023072,6.1063824138390705,-10.704792089924593,1.01338506043586,3.3141865359695775,0.32696719194081925,-22.496454919911603,-0.8125632746084135,31.38762764596093,-0.8604110866485712,10.2185357617915,-0.01912858174625246,-0.005492899619374597,-0.001441,0.0054891151599205336,0.0078843,1,1.0
2850,0.03783962290506418,0.004213121020690326,0.0015493,1.4256683997023072,6.1063824138390705,-32.594907002697916,1.01338506043586,17.645390881922975,0.32696719194081925,-59.83371034707543,-0.8125632746084135,-97.56617971711428,-0.8604110866485712,39.68613561692685,-0.01912858174625246,-0.04017239400785884,-0.001441,0.040155969243310774,0.0078843,1,1.0
2851,0.022805188844988243,0.00019636455799415718,0.0015493,1.4256683997023072,6.1063824138390705,-28.811878659758257,1.01338506043586,5.879397139903608,0.32696719194081925,-50.09165141320649,-0.8125632746084135,62.030964578251776,-0.8604110866485712,27.519169729822703,-0.01912858174625246,-0.008818023222107974,-0.001441,0.00888919224901086,0.0078843,1,1.0
2852,0.11734665377984543,0.0011956640892718433,0.0015493,1.4256683997023072,6.1063824138390705,-56.32033035172086,1.01338506043586,3.4194889748904833,0.32696719194081925,-46.357838872555575,-0.8125632746084135,6.43659664407888,-0.8604110866485712,51.533277534393726,-0.01912858174625246,-0.0020698884583335944,-0.001441,0.002120021734218606,0.0078843,1,1.0
2853,0.04757947708564637,0.000255688582563876,0.0015493,1.4256683997023072,6.1063824138390705,-40.96151482343711,1.01338506043586,7.357257306853402,0.32696719194081925,-61.292795785299745,-0.8125632746084135,61.237600511755865,-0.8604110866485712,38.81959151295843,-0.01912858174625246,-0.010551055696823838,-0.001441,0.010592508071392948,0.0078843,1,1.0
2854,0.1463800867834111,0.0014795142196312625,0.0015493,1.4256683997023072,6.1063824138390705,-84.36024507284695,1.01338506043586,16.29691837775134,0.32696719194081925,-99.3369213475281,-0.8125632746084135,0.43837951834894007,-0.8604110866485712,81.433548839298,-0.01912858174625246,-0.025299937417625862,-0.001441,0.02536795388502246,0.0078843,1,1.0
2855,0.007155116548752671,0.0028735500643988256,0.0015493,1.4256683997023072,6.1063824138390705,-30.036732318037195,1.01338506043586,14.255355166324001,0.32696719194081925,-68.88280695570805,-0.8125632746084135,-11.687561467316193,-0.8604110866485712,35.355485792007435,-0.01912858174625246,-0.03207877881884201,-0.001441,0.03209972464100161,0.0078843,1,1.0
2856,0.10736757817271311,0.0006129312661102267,0.0015493,1.4256683997023072,6.1063824138390705,-65.92825404692444,1.01338506043586,8.709408394277498,0.32696719194081925,-77.93998569927572,-0.8125632746084135,68.08291303088278,-0.8604110866485712,60.42982993003991,-0.01912858174625246,-0.010299032406417002,-0.001441,0.010316548829069962,0.0078843,1,1.0
2857,0.14212434892216602,0.0014624839564271283,0.0015493,1.4256683997023072,6.1063824138390705,-83.44106691774752,1.01338506043586,16.30159277280693,0.32696719194081925,-99.76160723304164,-0.8125632746084135,0.4086000063898556,-0.8604110866485712,80.85814618670646,-0.01912858174625246,-0.025795267866558155,-0.001441,0.025801351304752022,0.0078843,1,1.0
2858,0.016395670178114066,0.0007934558354145318,0.0015493,1.4256683997023072,6.1063824138390705,-33.45600057138508,1.01338506043586,9.543196560707047,0.32696719194081925,-66.43721604871571,-0.8125632746084135,58.19657063702121,-0.8604110866485712,34.06552803566161,-0.01912858174625246,-0.01724153162572163,-0.001441,0.017350714266908304,0.0078843,1,1.0
2859,0.18872825805956728,0.0016145236557372664,0.0015493,1.4256683997023072,6.1063824138390705,-92.34567299907124,1.01338506043586,13.48363788541592,0.32696719194081925,-88.23607207591742,-0.8125632746084135,-8.744715771686115,-0.8604110866485712,86.09991191345236,-0.01912858174625246,-0.01718670852394965,-0.001441,0.017214238409672775,0.0078843,1,1.0
2860,0.14809136520480093,0.00194046848851633,0.0015493,1.4256683997023072,6.1063824138390705,-79.16187295850361,1.01338506043586,15.59208624918572,0.32696719194081925,-86.00950907446258,-0.8125632746084135,-63.48318525022905,-0.8604110866485712,78.9638792412926,-0.01912858174625246,-0.028686347107545987,-0.001441,0.02887252981654577,0.0078843,1,1.0
2861,0.05348332721796512,0.0002309057343456859,0.0015493,1.4256683997023072,6.1063824138390705,-27.43069330038778,1.01338506043586,1.8287907264327223,0.32696719194081925,-25.287789339542698,-0.8125632746084135,21.18937138154733,-0.8604110866485712,24.463355674937194,-0.01912858174625246,-0.0015838206717864616,-0.001441,0.0015842782317078397,0.0078843,1,1.0
2862,0.15820635225290972,0.004968213131092025,0.0015493,1.4256683997023072,6.1063824138390705,-45.307985267618434,1.01338506043586,1.0188835544052608,0.32696719194081925,-5.090595992481299,-0.8125632746084135,7.964858433437873,-0.8604110866485712,33.8892018169419,-0.01912858174625246,-0.024418369587148842,-0.001441,0.026035895327920913,0.0078843,1,1.0
2863,0.09271598715108056,0.0014692752966214233,0.0015493,1.4256683997023072,6.1063824138390705,-63.49062703449643,1.01338506043586,14.106354141570858,0.32696719194081925,-86.73165422845733,-0.8125632746084135,11.00819039960192,-0.8604110866485712,63.03820629346575,-0.01912858174625246,-0.02403783966255699,-0.001441,0.02460413214673846,0.0078843,1,1.0
2864,0.03033141414871648,0.00016056094207805442,0.0015493,1.4256683997023072,6.1063824138390705,-20.378645601365786,1.01338506043586,1.4703773771449529,0.32696719194081925,-24.387234317666618,-0.8125632746084135,34.7854424526269,-0.8604110866485712,18.262031009193365,-0.01912858174625246,-0.0010695151168613345,-0.001441,0.0012077055717597896,0.0078843,1,1.0
2865,0.1180136864168976,0.0007007290883929095,0.0015493,1.4256683997023072,6.1063824138390705,-50.98842679447844,1.01338506043586,7.791206057674705,0.32696719194081925,-40.88275138976578,-0.8125632746084135,-48.98902439314914,-0.8604110866485712,48.5282806391946,-0.01912858174625246,-0.011032319358500043,-0.001441,0.011208955061336642,0.0078843,1,1.0
2866,0.1880201711279833,0.0016845432599746951,0.0015493,1.4256683997023072,6.1063824138390705,-73.1173226653463,1.01338506043586,8.395552085651111,0.32696719194081925,-44.49896721340804,-0.8125632746084135,-90.6851745355937,-0.8604110866485712,68.36066235373546,-0.01912858174625246,-0.01004354305139934,-0.001441,0.010042291314969766,0.0078843,1,1.0
2867,0.13133551911333655,0.0011836033975278376,0.0015493,1.4256683997023072,6.1063824138390705,-61.0903861759867,1.01338506043586,13.295696378641434,0.32696719194081925,-58.67462590497315,-0.8125632746084135,-77.28795026240363,-0.8604110866485712,60.46193932467422,-0.01912858174625246,-0.022850616767105994,-0.001441,0.02289680394665665,0.0078843,1,1.0
2868,0.015505136778285723,6.153940868464158e-05,0.0015493,1.4256683997023072,6.1063824138390705,-5.817947258877798,1.01338506043586,1.2138805130927295,0.32696719194081925,-3.287539370515901,-0.8125632746084135,-27.298298429177876,-0.8604110866485712,6.590067196158724,-0.01912858174625246,-0.004447496464829137,-0.001441,0.004471246468194792,0.0078843,1,1.0
2869,0.011244152824225119,0.0007340206358312452,0.0015493,1.4256683997023072,6.1063824138390705,-12.905557432906559,1.01338506043586,7.446013148267577,0.32696719194081925,-26.734369138258746,-0.8125632746084135,-23.884069684477378,-0.8604110866485712,15.289396214889743,-0.01912858174625246,-0.015642511644560434,-0.001441,0.015622697378797418,0.0078843,1,1.0
2870,0.11769676370504362,0.0008640410861459044,0.0015493,1.4256683997023072,6.1063824138390705,-66.00758377624543,1.01338506043586,12.356628213683537,0.32696719194081925,-75.37393715292264,-0.8125632746084135,-4.975648587342747,-0.8604110866485712,63.62180722077078,-0.01912858174625246,-0.01908944982339335,-0.001441,0.019094122929151806,0.0078843,1,1.0
2871,0.03625079385752517,0.0026184401905610696,0.0015493,1.4256683997023072,6.1063824138390705,-37.728170624398835,1.01338506043586,14.122093087869091,0.32696719194081925,-66.73272316322723,-0.8125632746084135,-39.74918293550284,-0.8604110866485712,42.43674443820011,-0.01912858174625246,-0.03191376522707014,-0.001441,0.03179364970713064,0.0078843,1,1.0
2872,0.10556804096971042,0.0008385114612376257,0.0015493,1.4256683997023072,6.1063824138390705,-53.174136332865174,1.01338506043586,10.675004294383958,0.32696719194081925,-54.726819364868135,-0.8125632746084135,-50.80353892880597,-0.8604110866485712,52.746130977009926,-0.01912858174625246,-0.018921628502798306,-0.001441,0.018992508186887615,0.0078843,1,1.0
2873,0.0929678583291583,0.0004837575700925535,0.0015493,1.4256683997023072,6.1063824138390705,-50.81322473076922,1.01338506043586,8.98642719123355,0.32696719194081925,-56.10933083226436,-0.8125632746084135,-3.9927555538101354,-0.8604110866485712,48.68685440116553,-0.01912858174625246,-0.013482306571352897,-0.001441,0.01347923812015558,0.0078843,1,1.0
2874,0.0031028537198360753,0.0011961791862049377,0.0015493,1.4256683997023072,6.1063824138390705,-0.8778780076322403,1.01338506043586,6.126696415835579,0.32696719194081925,-9.053356356421578,-0.8125632746084135,6.976314683774072,-0.8604110866485712,0.2408813641249451,-0.01912858174625246,-0.013947041867339395,-0.001441,0.01397809587605139,0.0078843,1,1.0
2875,0.0645850182935104,0.0007770807382510994,0.0015493,1.4256683997023072,6.1063824138390705,-29.281317465161926,1.01338506043586,6.438547851218636,0.32696719194081925,-29.76380131147143,-0.8125632746084135,13.105481731243406,-0.8604110866485712,25.93888768074742,-0.01912858174625246,-0.011056090074284692,-0.001441,0.011552075901283055,0.0078843,1,1.0
2876,0.04828026935169707,0.0003732003969758276,0.0015493,1.4256683997023072,6.1063824138390705,-33.04812326233708,1.01338506043586,7.415917093313545,0.32696719194081925,-44.77511125227957,-0.8125632746084135,-0.6028518919854327,-0.8604110866485712,33.08644562379924,-0.01912858174625246,-0.01335407308316314,-0.001441,0.013379440478921242,0.0078843,1,1.0
2877,0.021706026983714453,5.4157561832914654e-05,0.0015493,1.4256683997023072,6.1063824138390705,-18.7311786215157,1.01338506043586,1.8679512030010879,0.32696719194081925,-26.39433608258984,-0.8125632746084135,40.66377559519883,-0.8604110866485712,16.985499839893688,-0.01912858174625246,-0.0017613578905678535,-0.001441,0.001754574140084662,0.0078843,1,1.0
2878,0.022961935855324966,0.0056018248574067515,0.0015493,1.4256683997023072,6.1063824138390705,-30.65505781830359,1.01338506043586,19.482279141701312,0.32696719194081925,-66.46973199899591,-0.8125632746084135,-94.2663705468853,-0.8604110866485712,39.07181772983477,-0.01912858174625246,-0.04481767657711582,-0.001441,0.04482896469435472,0.0078843,1,1.0
2879,0.04374738171236286,0.0006946869362441543,0.0015493,1.4256683997023072,6.1063824138390705,-21.34323688710041,1.01338506043586,-1.7689678586943054,0.32696719194081925,-15.67962612801855,-0.8125632746084135,55.101748687502266,-0.8604110866485712,16.48142549844431,-0.01912858174625246,-0.009788020904189225,-0.001441,0.009893362045786426,0.0078843,1,1.0
2880,0.044699265118700184,0.00016606750482761886,0.0015493,1.4256683997023072,6.1063824138390705,-32.743771514954865,1.01338506043586,5.5869659276322015,0.32696719194081925,-44.58683016962857,-0.8125632746084135,30.538113898322585,-0.8604110866485712,31.294104534951302,-0.01912858174625246,-0.008251190060144839,-0.001441,0.008260488389625599,0.0078843,1,1.0
2881,0.11659979642503557,0.0006731723626688168,0.0015493,1.4256683997023072,6.1063824138390705,-52.27535978005521,1.01338506043586,9.855479406050508,0.32696719194081925,-46.875785920637135,-0.8125632746084135,-43.046275031735426,-0.8604110866485712,49.81241172672249,-0.01912858174625246,-0.014543515007218372,-0.001441,0.014570699641455947,0.0078843,1,1.0
2882,0.07438572469944803,0.000926815251766562,0.0015493,1.4256683997023072,6.1063824138390705,-41.25746022295781,1.01338506043586,9.68330674695527,0.32696719194081925,-47.332373295623455,-0.8125632746084135,-58.464488192154775,-0.8604110866485712,42.99308855610921,-0.01912858174625246,-0.020978533428711636,-0.001441,0.020970122909211734,0.0078843,1,1.0
2883,0.09482429124583852,0.0004841353145779422,0.0015493,1.4256683997023072,6.1063824138390705,-45.39747721818245,1.01338506043586,8.51579712117551,0.32696719194081925,-44.05283073471021,-0.8125632746084135,-29.71803027368761,-0.8604110866485712,43.58982092242471,-0.01912858174625246,-0.012951378623142171,-0.001441,0.01293550773534032,0.0078843,1,1.0
2884,0.042967142451555036,0.002904689285948732,0.0015493,1.4256683997023072,6.1063824138390705,-38.90766219511202,1.01338506043586,14.337624658490025,0.32696719194081925,-64.87594537963837,-0.8125632746084135,-64.89575082745696,-0.8604110866485712,44.51959168407464,-0.01912858174625246,-0.03448986423728095,-0.001441,0.03441123597840758,0.0078843,1,1.0
2885,0.00404424923930571,0.0006412878144789405,0.0015493,1.4256683997023072,6.1063824138390705,1.0019970135917162,1.01338506043586,5.318153172820052,0.32696719194081925,-1.318986990874609,-0.8125632746084135,-67.01022272898355,-0.8604110866485712,2.3815869661153384,-0.01912858174625246,-0.013133059130057304,-0.001441,0.013232684606170234,0.0078843,1,1.0
2886,0.0007538342178940666,0.0014167633172035084,0.0015493,1.4256683997023072,6.1063824138390705,1.764857079722923,1.01338506043586,0.7511530006823313,0.32696719194081925,-0.44125137132726233,-0.8125632746084135,73.39708966848974,-0.8604110866485712,-6.627254209220706,-0.01912858174625246,-0.018853938038940952,-0.001441,0.018794813651715352,0.0078843,1,1.0
2887,0.15380681981142716,0.0013147016093580169,0.0015493,1.4256683997023072,6.1063824138390705,-89.66509044368509,1.01338506043586,10.28368092255308,0.32696719194081925,-99.44928185935433,-0.8125632746084135,79.37128077106833,-0.8604110866485712,81.99932736978653,-0.01912858174625246,-0.010843765468273932,-0.001441,0.010850790808815312,0.0078843,1,1.0
2888,0.07073609613244242,0.000406955432601644,0.0015493,1.4256683997023072,6.1063824138390705,-58.80994803104108,1.01338506043586,9.155663241456377,0.32696719194081925,-84.89255703863877,-0.8125632746084135,91.3937322139545,-0.8604110866485712,55.194557184441855,-0.01912858174625246,-0.012254014523924765,-0.001441,0.012245919035990746,0.0078843,1,1.0
2889,0.0004069053626239062,0.00010261207043259935,0.0015493,1.4256683997023072,6.1063824138390705,-12.13264836527708,1.01338506043586,0.0376644257870971,0.32696719194081925,-24.27665498434819,-0.8125632746084135,82.63022918355298,-0.8604110866485712,9.322641070499783,-0.01912858174625246,-0.005566594072082058,-0.001441,0.005552797697354584,0.0078843,1,1.0
2890,0.024736959338049813,0.00017761225808316137,0.0015493,1.4256683997023072,6.1063824138390705,-32.612868640170994,1.01338506043586,6.240466316149866,0.32696719194081925,-56.7351560599538,-0.8125632746084135,74.33499088358519,-0.8604110866485712,31.007679309601148,-0.01912858174625246,-0.00918499539085591,-0.001441,0.009191251274977429,0.0078843,1,1.0
2891,0.07778684290600746,0.0006531179326743774,0.0015493,1.4256683997023072,6.1063824138390705,-42.32866620188176,1.01338506043586,2.0421459829001782,0.32696719194081925,-40.99479627943235,-0.8125632746084135,51.59635895557824,-0.8604110866485712,37.22287490046588,-0.01912858174625246,-0.0035481105334760543,-0.001441,0.0035886699842880426,0.0078843,1,1.0
2892,0.10310315291522429,0.0006023089395900267,0.0015493,1.4256683997023072,6.1063824138390705,-68.33416021512859,1.01338506043586,9.164262130923746,0.32696719194081925,-85.7745797588148,-0.8125632746084135,91.65775546604587,-0.8604110866485712,62.38288730551451,-0.01912858174625246,-0.01110265523131379,-0.001441,0.011095825603762547,0.0078843,1,1.0
2893,0.13618756758714284,0.0010267990164229933,0.0015493,1.4256683997023072,6.1063824138390705,-65.92431454879448,1.01338506043586,7.558046458377702,0.32696719194081925,-59.34456703397968,-0.8125632746084135,-4.418483904880389,-0.8604110866485712,61.144213356339534,-0.01912858174625246,-0.008386990597509967,-0.001441,0.008333867867658015,0.0078843,1,1.0
2894,0.07103089267940652,0.0004082497906705788,0.0015493,1.4256683997023072,6.1063824138390705,-41.69703810270859,1.01338506043586,8.56554893971171,0.32696719194081925,-50.354093908924334,-0.8125632746084135,-1.9619221144545986,-0.8604110866485712,40.532057620592006,-0.01912858174625246,-0.013721885966961526,-0.001441,0.0137156346707636,0.0078843,1,1.0
2895,0.2636683318084631,0.0068147409795928805,0.0015493,1.4256683997023072,6.1063824138390705,-85.05186559217196,1.01338506043586,2.4635431213622434,0.32696719194081925,-21.472747895736763,-0.8125632746084135,-53.156089382210936,-0.8604110866485712,70.71902192418285,-0.01912858174625246,-0.02089054235312733,-0.001441,0.020890209567203583,0.0078843,1,1.0
2896,0.07115447986239913,0.00031508827173345246,0.0015493,1.4256683997023072,6.1063824138390705,-50.019855814961026,1.01338506043586,7.5303817722801805,0.32696719194081925,-65.67596033627603,-0.8125632746084135,56.75953377653786,-0.8604110866485712,46.836344032092704,-0.01912858174625246,-0.009859498371221215,-0.001441,0.009875375957732593,0.0078843,1,1.0
2897,0.16527590735133005,0.0017777555176317708,0.0015493,1.4256683997023072,6.1063824138390705,-86.49752347824729,1.01338506043586,16.703383137538356,0.32696719194081925,-92.44455207322841,-0.8125632746084135,-49.327420265988444,-0.8604110866485712,84.564401515975,-0.01912858174625246,-0.027655456539320545,-0.001441,0.027667034249200344,0.0078843,1,1.0
2898,0.01697738580209098,0.0002588560614852519,0.0015493,1.4256683997023072,6.1063824138390705,-14.231662260535783,1.01338506043586,-0.33003619457576183,0.32696719194081925,-18.999648199896413,-0.8125632746084135,73.2258779608343,-0.8604110866485712,10.30477253009433,-0.01912858174625246,-0.008630302610173167,-0.001441,0.008651359492490166,0.0078843,1,1.0
2899,0.22904264368133725,0.0027185437679152387,0.0015493,1.4256683997023072,6.1063824138390705,-95.30358167969152,1.01338506043586,11.060122886505974,0.32696719194081925,-69.29679279185456,-0.8125632746084135,-34.97646167049869,-0.8604110866485712,86.13167947865193,-0.01912858174625246,-0.012592006081778157,-0.001441,0.01266097754787586,0.0078843,1,1.0
2900,1.4996710194501308,1.101121498696416,0.0015493,0.8575784558748958,2.058281372399891,1.4163583651317428,1.01338506043586,15.85040597433658,0.32696719194081925,-20.857893931386368,-0.8125632746084135,-15.447939118394146,-0.8604110866485712,16.908851884658194,-0.01912858174625246,0.3057443511449609,-0.001441,3.590879754844394,0.0078843,0,1.0
2901,2.4933401347505946,2.637682262335616,0.0015493,0.8575784558748958,2.058281372399891,-5.214762062272907,1.01338506043586,41.92636033477577,0.32696719194081925,-94.0794960098544,-0.8125632746084135,9.232943504141655,-0.8604110866485712,52.58179651605797,-0.01912858174625246,0.5174020640199646,-0.001441,7.980339790542269,0.0078843,0,1.0
2902,0.018363347873542768,0.0006325981016956444,0.0015493,0.8575784558748958,2.058281372399891,21.335124622967417,1.01338506043586,36.889293447257366,0.32696719194081925,-76.83728517286647,-0.8125632746084135,13.627500444572592,-0.8604110866485712,8.948195752881794,-0.01912858174625246,0.26218851475471183,-0.001441,9.38396740902251,0.0078843,0,1.0
2903,-2.3053417073689397,4.908252957216813,0.0015493,0.8575784558748958,2.058281372399891,43.668993177484886,1.01338506043586,5.921034232301384,0.32696719194081925,-6.687605515706201,-0.8125632746084135,48.40607836967621,-0.8604110866485712,-59.98574550060378,-0.01912858174625246,4.240834171380355,-0.001441,7.51006680792964,0.0078843,0,1.0
2904,3.851128653712144,7.6787061832297825,0.0015493,0.8575784558748958,2.058281372399891,-34.58718246880138,1.01338506043586,9.65127735497967,0.32696719194081925,-25.983868849529323,-0.8125632746084135,-33.454184737189436,-0.8604110866485712,69.6304581425583,-0.01912858174625246,-2.3176777360890313,-0.001441,0.253958507889527,0.0078843,1,1.0
2905,-0.8627634340669543,2.2185117337648017,0.0015493,0.8575784558748958,2.058281372399891,-4.200539380072188,1.01338506043586,2.3526823513536828,0.32696719194081925,-64.53410772017023,-0.8125632746084135,88.63356027550968,-0.8604110866485712,10.863120154311915,-0.01912858174625246,0.440565740933645,-0.001441,5.400944706333291,0.0078843,0,1.0
2906,-0.5427284955585915,1.512874250000326,0.0015493,0.8575784558748958,2.058281372399891,15.267328647234264,1.01338506043586,9.34166323379599,0.32696719194081925,-31.54668961564714,-0.8125632746084135,35.220030320065455,-0.8604110866485712,-10.399565152772546,-0.01912858174625246,3.025319839175208,-0.001441,4.2282126298420435,0.0078843,0,1.0
2907,0.11106294005220896,0.06520044259523142,0.0015493,0.8575784558748958,2.058281372399891,46.76717783980488,1.01338506043586,58.461130468468,0.32696719194081925,-90.8421720410889,-0.8125632746084135,-6.66723098052243,-0.8604110866485712,-6.2089885510874145,-0.01912858174625246,0.4589885456546856,-0.001441,15.882719182839976,0.0078843,0,1.0
2908,0.012116425321921032,0.5090443118112191,0.0015493,0.8575784558748958,2.058281372399891,20.433904729068782,1.01338506043586,24.514970364404753,0.32696719194081925,-50.965321082962326,-0.8125632746084135,21.226050310391045,-0.8604110866485712,-2.641632886459026,-0.01912858174625246,2.6169949160879185,-0.001441,6.962932852701854,0.0078843,0,1.0
2909,0.008421162763763146,0.0021449512906245682,0.0015493,0.8575784558748958,2.058281372399891,-2.535398298042858,1.01338506043586,12.915165158790105,0.32696719194081925,-50.34741669125721,-0.8125632746084135,29.792185246537105,-0.8604110866485712,17.962001404987266,-0.01912858174625246,0.5813147776291281,-0.001441,2.461271912410572,0.0078843,0,1.0
2910,0.007343388213131519,0.7051689928363357,0.0015493,0.8575784558748958,2.058281372399891,23.807413552963443,1.01338506043586,31.08852955648954,0.32696719194081925,-61.72493998455339,-0.8125632746084135,25.027061758228832,-0.8604110866485712,-3.0933400336902146,-0.01912858174625246,3.06945511125853,-0.001441,8.103391514675156,0.0078843,0,1.0
2911,-3.346856632827605,6.999771710818953,0.0015493,0.8575784558748958,2.058281372399891,72.58741992335109,1.01338506043586,35.35553006230414,0.32696719194081925,-75.18691276792657,-0.8125632746084135,86.00512037325738,-0.8604110866485712,-71.48390508133137,-0.01912858174625246,8.768210254395843,-0.001441,13.988731754183188,0.0078843,0,1.0
2912,1.1127476862870314,0.5420014324531325,0.0015493,0.8575784558748958,2.058281372399891,-10.29695235649714,1.01338506043586,10.20758543287562,0.32696719194081925,-39.065749502848924,-0.8125632746084135,12.266283815826075,-0.8604110866485712,29.732597913702975,-0.01912858174625246,0.3194557642356586,-0.001441,1.713035079074641,0.0078843,0,1.0
2913,-0.4385667310045882,1.636138354489185,0.0015493,0.8575784558748958,2.058281372399891,40.41409810599695,1.01338506043586,43.27370761990092,0.32696719194081925,-84.73989663096711,-0.8125632746084135,34.91671225868541,-0.8604110866485712,-13.093505248649794,-0.01912858174625246,4.204506966894328,-0.001441,12.336071508775309,0.0078843,0,1.0
2914,0.04962647375666496,0.0003973513134144827,0.0015493,0.8575784558748958,2.058281372399891,-8.023745368252262,1.01338506043586,14.968604783072129,0.32696719194081925,-68.73969033982274,-0.8125632746084135,43.24267349439259,-0.8604110866485712,28.841998788195934,-0.01912858174625246,0.49180526598491014,-0.001441,2.575136051320005,0.0078843,0,1.0
2915,-0.6977183982030875,1.757192547900583,0.0015493,0.8575784558748958,2.058281372399891,70.30910920244096,1.01338506043586,48.70357366303393,0.32696719194081925,-39.13801483744784,-0.8125632746084135,-22.405157333431333,-0.8604110866485712,-51.51819627587842,-0.01912858174625246,2.553404558962691,-0.001441,16.3689903860328,0.0078843,0,1.0
2916,0.014418868558299103,0.06958262217342083,0.0015493,0.8575784558748958,2.058281372399891,42.48019189607925,1.01338506043586,38.527729703765615,0.32696719194081925,-37.82405753266196,-0.8125632746084135,-24.66352344954716,-0.8604110866485712,-21.070638363141175,-0.01912858174625246,0.2897178733342205,-0.001441,11.658718765098953,0.0078843,0,1.0
2917,-1.3350257481700885,3.2575306997251867,0.0015493,0.8575784558748958,2.058281372399891,65.73949549535172,1.01338506043586,48.07386918711537,0.32696719194081925,-67.48140526516237,-0.8125632746084135,23.700467149650684,-0.8604110866485712,-47.48098058600822,-0.01912858174625246,5.098357741874036,-0.001441,15.3891231444461,0.0078843,0,1.0
2918,-1.0805386465098619,2.4108968206886483,0.0015493,0.8575784558748958,2.058281372399891,19.659488021414685,1.01338506043586,15.842457409114,0.32696719194081925,-57.30211532799372,-0.8125632746084135,58.62515682559744,-0.8604110866485712,-11.046324140216132,-0.01912858174625246,4.373754444881064,-0.001441,5.387118935078614,0.0078843,0,1.0
2919,0.007297322683479379,0.31649234896781786,0.0015493,0.8575784558748958,2.058281372399891,94.35464127841435,1.01338506043586,77.008960454069,0.32696719194081925,-52.260048644375914,-0.8125632746084135,-71.41932283203786,-0.8604110866485712,-57.476046880607306,-0.01912858174625246,0.2640547866360059,-0.001441,23.9754043583873,0.0078843,0,1.0
2920,0.011237591801620539,0.17961237763539603,0.0015493,0.8575784558748958,2.058281372399891,61.75158877146223,1.01338506043586,51.75841329026694,0.32696719194081925,-39.5760533401036,-0.8125632746084135,-42.67534428544926,-0.8604110866485712,-36.13818266326182,-0.01912858174625246,0.4221142444400581,-0.001441,15.95412450721461,0.0078843,0,1.0
2921,-0.32918950707384687,1.1144020398095138,0.0015493,0.8575784558748958,2.058281372399891,65.62798414898344,1.01338506043586,39.04005599931009,0.32696719194081925,-6.6781460870455485,-0.8125632746084135,-44.61747890986808,-0.8604110866485712,-54.55768792095606,-0.01912858174625246,1.6207656431991886,-0.001441,14.169738698203664,0.0078843,0,1.0
2922,-0.6109882060401155,2.092648760605923,0.0015493,0.8575784558748958,2.058281372399891,13.130488352962814,1.01338506043586,22.83128035032954,0.32696719194081925,-85.05039660563354,-0.8125632746084135,75.65889453659594,-0.8604110866485712,5.211359104110156,-0.01912858174625246,5.416561871041493,-0.001441,5.821909580781378,0.0078843,0,1.0
2923,0.02955711555068552,0.05643469363955152,0.0015493,0.8575784558748958,2.058281372399891,28.73074143874352,1.01338506043586,28.28282621399975,0.32696719194081925,-35.11085362632383,-0.8125632746084135,-11.127675041338676,-0.8604110866485712,-10.961605561390419,-0.01912858174625246,0.38478249669371767,-0.001441,8.484323494242101,0.0078843,0,1.0
2924,0.49818658392030224,0.19762125676295092,0.0015493,0.8575784558748958,2.058281372399891,4.763107417747587,1.01338506043586,6.663650369108405,0.32696719194081925,-4.191615362681983,-0.8125632746084135,-9.18318649964411,-0.8604110866485712,1.1157945299486813,-0.01912858174625246,0.2856501886354471,-0.001441,1.9415286760933927,0.0078843,0,1.0
2925,0.18578241997193956,0.00043892962500101905,0.0015493,0.8575784558748958,2.058281372399891,-0.0879810483599342,1.01338506043586,24.15771961318912,0.32696719194081925,-77.19219828220955,-0.8125632746084135,33.62347777705533,-0.8604110866485712,27.021167923799133,-0.01912858174625246,0.2863257203949887,-0.001441,4.958409739074537,0.0078843,0,1.0
2926,0.0035023393681345993,0.0001589515540557551,0.0015493,0.8575784558748958,2.058281372399891,6.202101975305148,1.01338506043586,29.793911406401296,0.32696719194081925,-87.27921496493495,-0.8125632746084135,37.19364273325038,-0.8604110866485712,23.53222224609652,-0.01912858174625246,0.6524502103619789,-0.001441,6.5824269663601935,0.0078843,0,1.0
2927,0.43978158119031496,0.10878328269968923,0.0015493,0.8575784558748958,2.058281372399891,21.9569837534601,1.01338506043586,36.98286733696603,0.32696719194081925,-67.12067499031731,-0.8125632746084135,1.6276187087159761,-0.8604110866485712,8.291614833833236,-0.01912858174625246,0.28445334637622643,-0.001441,9.489525851564736,0.0078843,0,1.0
2928,-0.07995437901456925,0.5170061887331755,0.0015493,0.8575784558748958,2.058281372399891,-15.79030704246882,1.01338506043586,8.965680281171245,0.32696719194081925,-83.29963554895046,-0.8125632746084135,81.38518003295167,-0.8604110866485712,34.71791154250687,-0.01912858174625246,0.3871368626852907,-0.001441,3.765161154809515,0.0078843,0,1.0
2929,0.054460008746802124,0.13456741572487632,0.0015493,0.8575784558748958,2.058281372399891,59.00699088128732,1.01338506043586,53.03331440226959,0.32696719194081925,-50.40896976085589,-0.8125632746084135,-36.57863847803149,-0.8604110866485712,-29.454304580041452,-0.01912858174625246,0.2756104750128303,-0.001441,16.166428561353854,0.0078843,0,1.0
2930,0.020917914150183403,0.1739104427754691,0.0015493,0.8575784558748958,2.058281372399891,0.07636241716701314,1.01338506043586,14.189598526738873,0.32696719194081925,-56.108499312876916,-0.8125632746084135,39.68395349231687,-0.8604110866485712,15.9776470858649,-0.01912858174625246,1.9366458372037307,-0.001441,3.042777240233173,0.0078843,0,1.0
2931,0.05348630795848297,0.3587424060086642,0.0015493,0.8575784558748958,2.058281372399891,-2.1199751387174155,1.01338506043586,3.83950144505903,0.32696719194081925,-31.198388249520665,-0.8125632746084135,32.952406780765344,-0.8604110866485712,9.575405701602563,-0.01912858174625246,0.9590805564796181,-0.001441,2.318255558367402,0.0078843,0,1.0
2932,1.901570721268918,1.3981303629383477,0.0015493,0.8575784558748958,2.058281372399891,3.4344688592493196,1.01338506043586,44.37186655639898,0.32696719194081925,-99.4037372756988,-0.8125632746084135,10.024148153529282,-0.8604110866485712,44.57573396887968,-0.01912858174625246,0.24909870140757828,-0.001441,9.441682899001322,0.0078843,0,1.0
2933,0.14004575444915623,0.10361945692131208,0.0015493,0.8575784558748958,2.058281372399891,46.48878330950651,1.01338506043586,46.71864015667912,0.32696719194081925,-52.29451060383162,-0.8125632746084135,-25.077497271816707,-0.8604110866485712,-18.4445717118895,-0.01912858174625246,0.25782243763115,-0.001441,13.578538940698841,0.0078843,0,1.0
2934,0.9732187311865026,0.9646121146488724,0.0015493,0.8575784558748958,2.058281372399891,77.69979829680751,1.01338506043586,82.79531979101027,0.32696719194081925,-87.92351701828464,-0.8125632746084135,-55.532064396662264,-0.8604110866485712,-24.66869397766954,-0.01912858174625246,0.25442877120126894,-0.001441,23.80851824167037,0.0078843,0,1.0
2935,0.06702173271036038,0.04892966607480729,0.0015493,0.8575784558748958,2.058281372399891,27.082776849011506,1.01338506043586,29.799073590238116,0.32696719194081925,-41.03559673882746,-0.8125632746084135,-7.617071065727161,-0.8604110866485712,-7.626280031862697,-0.01912858174625246,0.4221107819233971,-0.001441,8.47288913619597,0.0078843,0,1.0
2936,-1.211488952485806,2.943128493178766,0.0015493,0.8575784558748958,2.058281372399891,12.75046094213467,1.01338506043586,1.7794064047621903,0.32696719194081925,-31.180357573841597,-0.8125632746084135,64.14195346870805,-0.8604110866485712,-17.3896913044504,-0.01912858174625246,1.4459859015567282,-0.001441,5.727124854594513,0.0078843,0,1.0
2937,0.015636822446955856,0.0018460301019001702,0.0015493,0.8575784558748958,2.058281372399891,-4.12473891317209,1.01338506043586,12.084578554217458,0.32696719194081925,-51.00273525022918,-0.8125632746084135,30.206048446193865,-0.8604110866485712,19.951862091712723,-0.01912858174625246,0.38727290073362197,-0.001441,2.2306390775084157,0.0078843,0,1.0
2938,0.002676077341103422,0.17492770903820382,0.0015493,0.8575784558748958,2.058281372399891,-2.2215976864084754,1.01338506043586,5.066574400853225,0.32696719194081925,-34.45603608191233,-0.8125632746084135,28.22860569427629,-0.8604110866485712,12.270808858905475,-0.01912858174625246,1.1604102835712553,-0.001441,1.5600453542295998,0.0078843,0,1.0
2939,0.01738948017581643,0.027389008844051436,0.0015493,0.8575784558748958,2.058281372399891,-4.659692771648281,1.01338506043586,6.32188396188863,0.32696719194081925,-35.51571413827035,-0.8125632746084135,27.869323079764516,-0.8604110866485712,14.290527846375292,-0.01912858174625246,0.6388924071008,-0.001441,1.2894656559337438,0.0078843,0,1.0
2940,0.008517734106044283,0.038775387128630344,0.0015493,0.8575784558748958,2.058281372399891,37.19603969821379,1.01338506043586,37.050836589321236,0.32696719194081925,-43.98739240903028,-0.8125632746084135,-16.805409024081932,-0.8604110866485712,-14.795038047892776,-0.01912858174625246,0.2574163020075817,-0.001441,10.861138926006326,0.0078843,0,1.0
2941,0.0420335124003266,0.13684467626327065,0.0015493,0.8575784558748958,2.058281372399891,43.54424415593423,1.01338506043586,30.690081089675974,0.32696719194081925,-8.736180951966794,-0.8125632746084135,-39.049033335280875,-0.8604110866485712,-31.641936635242757,-0.01912858174625246,0.2605253162036698,-0.001441,10.165038376607008,0.0078843,0,1.0
2942,0.5537102224749615,0.2096472014359737,0.0015493,0.8575784558748958,2.058281372399891,-20.515942569637986,1.01338506043586,13.161616024431316,0.32696719194081925,-86.23732329155024,-0.8125632746084135,55.370387919439175,-0.8604110866485712,49.57330425510604,-0.01912858174625246,0.31330781039201705,-0.001441,1.8451235978666283,0.0078843,0,1.0
2943,-0.012603730437405147,0.08039498887308524,0.0015493,0.8575784558748958,2.058281372399891,60.70675264540762,1.01338506043586,63.86249308066922,0.32696719194081925,-83.13198010196105,-0.8125632746084135,-23.065140602500737,-0.8604110866485712,-20.221404154004684,-0.01912858174625246,0.2751824519503021,-0.001441,18.431251098904433,0.0078843,0,1.0
2944,0.03698214315466508,0.21738248218539505,0.0015493,0.8575784558748958,2.058281372399891,81.37984994902045,1.01338506043586,71.72782517031246,0.32696719194081925,-65.82458880398907,-0.8125632746084135,-52.187888843167705,-0.8604110866485712,-41.89506227264562,-0.01912858174625246,0.2538488256402509,-0.001441,22.074060576095302,0.0078843,0,1.0
2945,-0.36416960326564796,1.3432644332135415,0.0015493,0.8575784558748958,2.058281372399891,7.9322517548031435,1.01338506043586,7.795763208601687,0.32696719194081925,-37.78076359191524,-0.8125632746084135,44.91872632566266,-0.8604110866485712,-2.0353774166479237,-0.01912858174625246,2.4761580493428,-0.001441,4.011544234415915,0.0078843,0,1.0
2946,1.3258021143571002,1.0826351994995993,0.0015493,0.8575784558748958,2.058281372399891,39.122513486339045,1.01338506043586,59.84908209377551,0.32696719194081925,-94.62307342684055,-0.8125632746084135,-18.04001859870561,-0.8604110866485712,11.620997315282574,-0.01912858174625246,0.26584784881030643,-0.001441,16.340389242918317,0.0078843,0,1.0
2947,0.0012026461036649394,0.03463575480864113,0.0015493,0.8575784558748958,2.058281372399891,-5.300792693787075,1.01338506043586,25.326170191005808,0.32696719194081925,-96.7742183326808,-0.8125632746084135,57.59273230492567,-0.8604110866485712,34.38206030468805,-0.01912858174625246,1.0018901923081616,-0.001441,4.676585738943984,0.0078843,0,1.0
2948,-0.6364830671652562,1.9465148037555513,0.0015493,0.8575784558748958,2.058281372399891,49.633796462938015,1.01338506043586,37.52717482792972,0.32696719194081925,-41.825125314557944,-0.8125632746084135,4.649129429583225,-0.8604110866485712,-36.17471925912501,-0.01912858174625246,3.5902923800626687,-0.001441,11.521946692182814,0.0078843,0,1.0
2949,-0.6050294074582099,1.7538513722284654,0.0015493,0.8575784558748958,2.058281372399891,76.48263454142563,1.01338506043586,40.177845388553315,0.32696719194081925,-0.1853966786086669,-0.8125632746084135,-50.75386336692671,-0.8604110866485712,-67.17675468439484,-0.01912858174625246,1.7489364412607147,-0.001441,15.995572564924085,0.0078843,0,1.0
2950,-0.7575253462556446,2.3100535414126426,0.0015493,0.8575784558748958,2.058281372399891,19.70654796343162,1.01338506043586,17.82970724993302,0.32696719194081925,-62.516054094608776,-0.8125632746084135,60.40651083944014,-0.8604110866485712,-7.556815934605789,-0.01912858174625246,4.903760691952533,-0.001441,6.133222120832764,0.0078843,0,1.0
2951,0.052645733584404386,0.027232493697217645,0.0015493,0.8575784558748958,2.058281372399891,25.036022638875252,1.01338506043586,27.735650593196468,0.32696719194081925,-37.71226171506214,-0.8125632746084135,-7.989287959905036,-0.8604110866485712,-7.052859266171783,-0.01912858174625246,0.2661379572414275,-0.001441,7.8304000504283575,0.0078843,0,1.0
2952,0.017632670868600098,0.26248945311952576,0.0015493,0.8575784558748958,2.058281372399891,44.62388308478883,1.01338506043586,36.3539643375074,0.32696719194081925,-30.07900686048195,-0.8125632746084135,-24.401034920824884,-0.8604110866485712,-26.544384525647775,-0.01912858174625246,1.0497111862900201,-0.001441,11.469309920621056,0.0078843,0,1.0
2953,-2.598583363872101,5.7084239420445915,0.0015493,0.8575784558748958,2.058281372399891,78.35568072647976,1.01338506043586,36.7284682567123,0.32696719194081925,-46.37749245650547,-0.8125632746084135,42.860130428502934,-0.8604110866485712,-77.4394343939013,-0.01912858174625246,7.193030194046474,-0.001441,14.97441838558413,0.0078843,0,1.0
2954,-0.0587502592193645,0.6863674385374257,0.0015493,0.8575784558748958,2.058281372399891,25.240651926188473,1.01338506043586,21.897184246416806,0.32696719194081925,-32.379206001348166,-0.8125632746084135,9.46085437252282,-0.8604110866485712,-13.51679308732495,-0.01912858174625246,2.636704518880195,-0.001441,6.76451116650715,0.0078843,0,1.0
2955,0.07366271798475932,0.23195439117270572,0.0015493,0.8575784558748958,2.058281372399891,36.68432197355766,1.01338506043586,39.328954273951354,0.32696719194081925,-60.40825176967962,-0.8125632746084135,-7.585934696005259,-0.8604110866485712,-7.596133669327889,-0.01912858174625246,0.38942542605407393,-0.001441,12.020701272935902,0.0078843,0,1.0
2956,-0.006728792857389698,0.27122980860958046,0.0015493,0.8575784558748958,2.058281372399891,3.430636457996659,1.01338506043586,4.048830031817621,0.32696719194081925,-16.782392391722922,-0.8125632746084135,18.96205842257707,-0.8604110866485712,0.024904889002642955,-0.01912858174625246,1.236799178803279,-0.001441,1.987859592222476,0.0078843,0,1.0
2957,1.4704900445301279,1.3390363869106092,0.0015493,0.8575784558748958,2.058281372399891,26.05575928967672,1.01338506043586,40.84320293777882,0.32696719194081925,-51.07462558267922,-0.8125632746084135,-27.36996969520824,-0.8604110866485712,7.6073503694948945,-0.01912858174625246,0.24846806643817576,-0.001441,10.853977830135495,0.0078843,0,1.0
2958,-0.2665678371787008,1.221608501492971,0.0015493,0.8575784558748958,2.058281372399891,5.625777522484969,1.01338506043586,10.007066418170567,0.32696719194081925,-38.937023567514274,-0.8125632746084135,43.740416346714866,-0.8604110866485712,0.1418158054539464,-0.01912858174625246,1.994351707298097,-0.001441,3.904798378034274,0.0078843,0,1.0
2959,-0.03893930997050342,0.39250438172262003,0.0015493,0.8575784558748958,2.058281372399891,-0.053477554994026344,1.01338506043586,0.5511134152060957,0.32696719194081925,-17.213663590161993,-0.8125632746084135,25.630934370618725,-0.8604110866485712,2.5891987830060743,-0.01912858174625246,0.42257832930326467,-0.001441,2.2605615695071024,0.0078843,0,1.0
2960,-0.049308473291655774,0.30485360871560946,0.0015493,0.8575784558748958,2.058281372399891,-17.274873623963057,1.01338506043586,9.2923377142615,0.32696719194081925,-85.4549119470258,-0.8125632746084135,78.68941502178686,-0.8604110866485712,38.06357968495008,-0.01912858174625246,0.4255668507394772,-0.001441,3.1402175557757523,0.0078843,0,1.0
2961,-1.0288690749480724,2.4137003723565953,0.0015493,0.8575784558748958,2.058281372399891,53.21063553057352,1.01338506043586,29.704520982684024,0.32696719194081925,-30.644271139142145,-0.8125632746084135,2.5132103449547154,-0.8604110866485712,-43.292483713306865,-0.01912858174625246,2.921241854597562,-0.001441,11.836080983766387,0.0078843,0,1.0
2962,0.0007775211178973063,0.1283943797360058,0.0015493,0.8575784558748958,2.058281372399891,25.827145408163098,1.01338506043586,16.25133465256669,0.32696719194081925,-0.27102350938806086,-0.8125632746084135,-21.39840454568391,-0.8604110866485712,-21.545633813985994,-0.01912858174625246,0.6468942840701333,-0.001441,5.529080038248685,0.0078843,0,1.0
2963,2.3118851524146016,2.7732654838826374,0.0015493,0.8575784558748958,2.058281372399891,27.999759980647497,1.01338506043586,47.54937309878993,0.32696719194081925,-48.57744782358348,-0.8125632746084135,-45.22718423250175,-0.8604110866485712,11.155970184250963,-0.01912858174625246,0.26682484735920475,-0.001441,12.20635069038282,0.0078843,0,1.0
2964,3.114593106430042,4.004440975505542,0.0015493,0.8575784558748958,2.058281372399891,-28.325714643170237,1.01338506043586,7.082762324872085,0.32696719194081925,-31.540317457210904,-0.8125632746084135,-11.130132377729256,-0.8604110866485712,58.7794385340326,-0.01912858174625246,-0.4262193555432508,-0.001441,0.4149456974331605,0.0078843,1,1.0
2965,-0.6411476570059644,2.0314051103264945,0.0015493,0.8575784558748958,2.058281372399891,50.972929207798124,1.01338506043586,32.835184923081925,0.32696719194081925,-32.587182974635525,-0.8125632746084135,2.727584638742817,-0.8604110866485712,-39.971982716583454,-0.01912858174625246,3.7674345629189796,-0.001441,11.445958614397728,0.0078843,0,1.0
2966,0.07028241994030626,0.4133525996724932,0.0015493,0.8575784558748958,2.058281372399891,88.30399996457705,1.01338506043586,65.09968249581668,0.32696719194081925,-28.404885076161733,-0.8125632746084135,-75.89210356699631,-0.8604110866485712,-59.97034311705994,-0.01912858174625246,0.259339565979241,-0.001441,21.375605179914018,0.0078843,0,1.0
2967,-1.5717804474260157,3.480164184379839,0.0015493,0.8575784558748958,2.058281372399891,62.79782060736375,1.01338506043586,46.65955569752593,0.32696719194081925,-81.69475538150287,-0.8125632746084135,39.232566704980286,-0.8604110866485712,-41.51297365024012,-0.01912858174625246,5.1793037404701,-0.001441,15.469843857779242,0.0078843,0,1.0
2968,-1.805502751761007,4.499803750425206,0.0015493,0.8575784558748958,2.058281372399891,48.52189540028053,1.01338506043586,22.190063153121685,0.32696719194081925,-46.90749047458145,-0.8125632746084135,57.02054975161694,-0.8604110866485712,-46.571085415906886,-0.01912858174625246,6.457763522298931,-0.001441,9.982238687986671,0.0078843,0,1.0
2969,1.3901722389333413,0.8792373382597911,0.0015493,0.8575784558748958,2.058281372399891,5.8678522093356555,1.01338506043586,27.802455444020804,0.32696719194081925,-54.51084940094352,-0.8125632746084135,-2.795586251669395,-0.8604110866485712,24.080481554650643,-0.01912858174625246,0.34843823549710073,-0.001441,6.509945245241827,0.0078843,0,1.0
2970,-0.8842764036358459,2.2738653993980353,0.0015493,0.8575784558748958,2.058281372399891,45.49375854787584,1.01338506043586,20.282234539631286,0.32696719194081925,-10.85865674214688,-0.8125632746084135,2.4486066719178514,-0.8604110866485712,-44.20557417674841,-0.01912858174625246,3.4025710277112675,-0.001441,8.9102173795287,0.0078843,0,1.0
2971,-0.0010913485861796524,0.004469984756405138,0.0015493,0.8575784558748958,2.058281372399891,13.321103315378666,1.01338506043586,20.690560121769327,0.32696719194081925,-41.14098508433812,-0.8125632746084135,6.522132795800775,-0.8604110866485712,3.0244536006078246,-0.01912858174625246,0.2704021918950579,-0.001441,5.392807427965693,0.0078843,0,1.0
2972,0.30896441709899825,0.030379898209605974,0.0015493,0.8575784558748958,2.058281372399891,-3.5813541181800326,1.01338506043586,20.23551217270821,0.32696719194081925,-69.37284961592194,-0.8125632746084135,31.741297346070482,-0.8604110866485712,28.05805046902162,-0.01912858174625246,0.26436655237060225,-0.001441,3.9074050435983745,0.0078843,0,1.0
2973,0.031809083994800647,0.00021727539099461097,0.0015493,0.8575784558748958,2.058281372399891,0.7444598249043117,1.01338506043586,15.810429612655089,0.32696719194081925,-51.0252059227877,-0.8125632746084135,24.108643878925317,-0.8604110866485712,16.24215250594931,-0.01912858174625246,0.34836775745020354,-0.001441,3.278042136918989,0.0078843,0,1.0
2974,-0.8803600946483037,2.282782579834747,0.0015493,0.8575784558748958,2.058281372399891,23.049464386746788,1.01338506043586,17.69663231010892,0.32696719194081925,-47.09213511047352,-0.8125632746084135,47.221216575548574,-0.8604110866485712,-16.5116130338246,-0.01912858174625246,4.667840941760371,-0.001441,5.447686506645248,0.0078843,0,1.0
2975,-1.2892981289373626,2.9251040274377575,0.0015493,0.8575784558748958,2.058281372399891,65.23608516600505,1.01338506043586,47.69967057969271,0.32696719194081925,-62.25408561220762,-0.8125632746084135,14.762376952239386,-0.8604110866485712,-47.20868817063179,-0.01912858174625246,4.258864740614633,-0.001441,15.246907093358331,0.0078843,0,1.0
2976,-7.206601440934435e-06,0.39737978091159604,0.0015493,0.8575784558748958,2.058281372399891,97.26487528061762,1.01338506043586,75.08572049767814,0.32696719194081925,-38.443954276893635,-0.8125632746084135,-80.51932989551875,-0.8604110866485712,-64.70728621624619,-0.01912858174625246,0.2620868208098024,-0.001441,23.732994157957208,0.0078843,0,1.0
2977,-0.9382976600843963,6.208711170379738,0.0015493,0.8575784558748958,2.058281372399891,-9.857439820902002,1.01338506043586,-7.880436180002605,0.32696719194081925,-21.700080751630132,-0.8125632746084135,37.825158621037,-0.8604110866485712,8.645404356485802,-0.01912858174625246,-2.0308089002926684,-0.001441,0.1560286740164718,0.0078843,1,1.0
2978,-0.007147043986752255,0.17449175350520352,0.0015493,0.8575784558748958,2.058281372399891,21.546824472001777,1.01338506043586,31.881708617707076,0.32696719194081925,-64.45290704093325,-0.8125632746084135,18.065533323200373,-0.8604110866485712,2.031544586801398,-0.01912858174625246,1.598858726163777,-0.001441,8.208478154115586,0.0078843,0,1.0
2979,0.014247234262713349,0.3471049182560209,0.0015493,0.8575784558748958,2.058281372399891,74.48645383918925,1.01338506043586,48.246759185782174,0.32696719194081925,-3.508498781609138,-0.8125632746084135,-71.61392142722087,-0.8604110866485712,-57.968408379220264,-0.01912858174625246,0.2552852658582978,-0.001441,16.736041856523862,0.0078843,0,1.0
2980,-1.7390315060814705,4.12612620734968,0.0015493,0.8575784558748958,2.058281372399891,37.183910216208496,1.01338506043586,13.950101955312775,0.32696719194081925,-37.45710310403986,-0.8125632746084135,59.54187687248101,-0.8604110866485712,-39.99257469251746,-0.01912858174625246,5.4153825184190945,-0.001441,7.650311833081566,0.0078843,0,1.0
2981,-1.0425581023043975,2.94475725548275,0.0015493,0.8575784558748958,2.058281372399891,97.12433661979189,1.01338506043586,75.59609530104053,0.32696719194081925,-92.24307526514569,-0.8125632746084135,-6.439044855371206,-0.8604110866485712,-59.25748544292955,-0.01912858174625246,4.252513855084514,-0.001441,24.777121499128768,0.0078843,0,1.0
2982,0.6046636229015041,0.4370221577699206,0.0015493,0.8575784558748958,2.058281372399891,45.602446258905566,1.01338506043586,47.16167127621742,0.32696719194081925,-48.84099548454625,-0.8125632746084135,-32.835552876088634,-0.8604110866485712,-15.203781994087008,-0.01912858174625246,0.3063289979505335,-0.001441,13.852984092794154,0.0078843,0,1.0
2983,0.004814267016734597,0.038611039561370804,0.0015493,0.8575784558748958,2.058281372399891,47.41036194461867,1.01338506043586,52.620506133571666,0.32696719194081925,-71.59908923096404,-0.8125632746084135,-15.356303020047685,-0.8604110866485712,-13.754199634439821,-0.01912858174625246,0.26829748150388255,-0.001441,14.753480049516751,0.0078843,0,1.0
2984,-1.2792818575269942,3.1648805363795858,0.0015493,0.8575784558748958,2.058281372399891,31.97148166633967,1.01338506043586,12.054600206348807,0.32696719194081925,-26.836029768864165,-0.8125632746084135,43.11487746586923,-0.8604110866485712,-34.136451641545854,-0.01912858174625246,4.544916096273778,-0.001441,6.462048229489523,0.0078843,0,1.0
2985,-1.5520699512843859,3.206931319606571,0.0015493,0.8575784558748958,2.058281372399891,99.92437924296578,1.01338506043586,77.27388997929302,0.32696719194081925,-85.58774556254659,-0.8125632746084135,-14.419476000452594,-0.8604110866485712,-66.95481235881543,-0.01912858174625246,3.123096820097775,-0.001441,24.296449916896606,0.0078843,0,1.0
2986,0.06066835429646744,0.044099955953189655,0.0015493,0.8575784558748958,2.058281372399891,30.96200712674509,1.01338506043586,41.70066453694242,0.32696719194081925,-72.04778439154252,-0.8125632746084135,3.4607297397234875,-0.8604110866485712,-0.6262111596830662,-0.01912858174625246,0.6212856964350948,-0.001441,11.14616403786902,0.0078843,0,1.0
2987,-0.46428586163157926,1.334731549057535,0.0015493,0.8575784558748958,2.058281372399891,37.59734170046888,1.01338506043586,32.36405894679036,0.32696719194081925,-46.465457243871704,-0.8125632746084135,11.70327190341621,-0.8604110866485712,-22.504779649463092,-0.01912858174625246,2.9695296840805736,-0.001441,9.609092227629972,0.0078843,0,1.0
2988,-2.310209251865693,4.8708448621439855,0.0015493,0.8575784558748958,2.058281372399891,30.860902723408028,1.01338506043586,3.7491790004117047,0.32696719194081925,-31.975473993940078,-0.8125632746084135,76.34462499165977,-0.8604110866485712,-41.60923169412162,-0.01912858174625246,3.3367272141227384,-0.001441,7.50694792139892,0.0078843,0,1.0
2989,0.06393227840986437,0.19671688238728216,0.0015493,0.8575784558748958,2.058281372399891,64.97738017034492,1.01338506043586,60.11493752510782,0.32696719194081925,-55.11909659029958,-0.8125632746084135,-41.67910992577308,-0.8604110866485712,-33.175004957124095,-0.01912858174625246,0.30032014386641137,-0.001441,17.636091768944066,0.0078843,0,1.0
2990,-0.036898745406038325,0.4419763822385329,0.0015493,0.8575784558748958,2.058281372399891,4.538324846783693,1.01338506043586,18.339142138633687,0.32696719194081925,-61.26307953885298,-0.8125632746084135,43.29713223279432,-0.8604110866485712,12.190890247751415,-0.01912858174625246,2.5919217187084564,-0.001441,4.056532213082974,0.0078843,0,1.0
2991,-0.03069834545900374,0.24208321022423068,0.0015493,0.8575784558748958,2.058281372399891,9.64916155262551,1.01338506043586,25.56069806195621,0.32696719194081925,-71.91499849404066,-0.8125632746084135,37.7754981676147,-0.8604110866485712,12.98868367123449,-0.01912858174625246,2.064972700099773,-0.001441,5.914519531936166,0.0078843,0,1.0
2992,-0.0015776734724490815,0.04762823156747209,0.0015493,0.8575784558748958,2.058281372399891,28.810569883812917,1.01338506043586,24.574980299767198,0.32696719194081925,-20.626142635474622,-0.8125632746084135,-18.12802179525379,-0.8604110866485712,-16.29875157671616,-0.01912858174625246,0.2886902135850766,-0.001441,7.545166402636058,0.0078843,0,1.0
2993,0.027365374381133734,0.050259317318092744,0.0015493,0.8575784558748958,2.058281372399891,35.29740816746805,1.01338506043586,36.26212763412945,0.32696719194081925,-46.97542005795053,-0.8125632746084135,-13.235040300873639,-0.8604110866485712,-12.014255543505469,-0.01912858174625246,0.30299135120375986,-0.001441,10.67896310703785,0.0078843,0,1.0
2994,-0.06504856676839088,0.22223228331819744,0.0015493,0.8575784558748958,2.058281372399891,48.57137216788216,1.01338506043586,36.49803686738815,0.32696719194081925,-18.565613470669277,-0.8125632746084135,-38.25779878712388,-0.8604110866485712,-33.146888992930904,-0.01912858174625246,0.2565537182058959,-0.001441,11.709550120735155,0.0078843,0,1.0
2995,0.03479345399942435,0.0011556393675744073,0.0015493,0.8575784558748958,2.058281372399891,30.458227171284292,1.01338506043586,48.88112047596976,0.32696719194081925,-95.62135692384416,-0.8125632746084135,12.179300648160087,-0.8604110866485712,8.114743625685533,-0.01912858174625246,0.26976628787811663,-0.001441,12.550846213701233,0.0078843,0,1.0
2996,-0.3649757201838707,1.057833254168462,0.0015493,0.8575784558748958,2.058281372399891,15.760930545385918,1.01338506043586,4.553923382047111,0.32696719194081925,-0.8155456758712544,-0.8125632746084135,10.245978730670325,-0.8604110866485712,-19.124820328501507,-0.01912858174625246,2.001597173953524,-0.001441,2.9157149605477937,0.0078843,0,1.0
2997,-0.022491740872216504,0.33342037252299356,0.0015493,0.8575784558748958,2.058281372399891,84.18539965842702,1.01338506043586,66.03343325548965,0.32696719194081925,-42.17724193168631,-0.8125632746084135,-63.493445152809606,-0.8604110866485712,-52.90785491198843,-0.01912858174625246,0.3668019747367133,-0.001441,21.129093469584262,0.0078843,0,1.0
2998,0.006803668025381349,0.0440773860068337,0.0015493,0.8575784558748958,2.058281372399891,47.33201368052356,1.01338506043586,49.84161775219822,0.32696719194081925,-63.163709630222,-0.8125632746084135,-18.98228138435051,-0.8604110866485712,-16.45354604498506,-0.01912858174625246,0.25554736510426856,-0.001441,14.240710662360767,0.0078843,0,1.0
2999,0.0009102730160788219,0.0002818845709328476,0.0015493,0.8575784558748958,2.058281372399891,-6.992892333191893,1.01338506043586,8.150127159152678,0.32696719194081925,-44.649195382220206,-0.8125632746084135,31.792326438573124,-0.8604110866485712,19.60713857065397,-0.01912858174625246,0.3295612810175187,-0.001441,1.3550281067633203,0.0078843,0,1.0
3000,0.31298249381532084,0.01197858986656863,0.0015493,1.9454770056991229,3.5389961297301333,-68.38326080922717,1.01338506043586,5.7757575416762865,0.32696719194081925,-83.0884251047502,-0.8125632746084135,64.21306540972037,-0.8604110866485712,76.16755880189055,-0.01912858174625246,-0.053327491749295824,-0.001441,0.05347888460395578,0.0078843,1,1.0
3001,0.04976310931601258,0.1012804668248243,0.0015493,1.9454770056991229,3.5389961297301333,91.6613459608661,1.01338506043586,17.24777544636575,0.32696719194081925,-71.04135907544364,-0.8125632746084135,64.6856628021811,-0.8604110866485712,-19.0557326928946,-0.01912858174625246,0.4251854055462696,-0.001441,0.48315069821662215,0.0078843,0,1.0
3002,0.08682348822995206,0.030934775267484112,0.0015493,1.9454770056991229,3.5389961297301333,-36.14457811265492,1.01338506043586,-5.5837215690260615,0.32696719194081925,-7.725839348807327,-0.8125632746084135,43.83764373041406,-0.8604110866485712,21.22651190752174,-0.01912858174625246,-0.10223736436456192,-0.001441,0.10282616676283769,0.0078843,1,1.0
3003,0.0022583100819885127,0.10083275390407115,0.0015493,1.9454770056991229,3.5389961297301333,99.76925293858334,1.01338506043586,15.688984202831852,0.32696719194081925,-58.331469437756695,-0.8125632746084135,59.775962452052596,-0.8604110866485712,-29.853366909337353,-0.01912858174625246,0.4098940472988365,-0.001441,0.5027708308409715,0.0078843,0,1.0
3004,0.35392655489402075,0.020105555406366517,0.0015493,1.9454770056991229,3.5389961297301333,-19.581497079756915,1.01338506043586,3.678050589016287,0.32696719194081925,-2.4874349948580883,-0.8125632746084135,-41.69036494038709,-0.8604110866485712,24.367093537982253,-0.01912858174625246,-0.04080912550969792,-0.001441,0.04467942188298359,0.0078843,1,1.0
3005,0.5729292176007618,0.03794916199768766,0.0015493,1.9454770056991229,3.5389961297301333,-69.52661060197487,1.01338506043586,4.319089228621472,0.32696719194081925,-46.11216909955374,-0.8125632746084135,3.0563818888678664,-0.8604110866485712,72.64431099821617,-0.01912858174625246,-0.034895380210227395,-0.001441,0.03464589263658638,0.0078843,1,1.0
3006,0.24755839444971428,0.116578853870862,0.0015493,1.9454770056991229,3.5389961297301333,9.835982924038966,1.01338506043586,12.652260925570243,0.32696719194081925,-42.08547517577278,-0.8125632746084135,-58.777518307781975,-0.8604110866485712,29.654660298748155,-0.01912858174625246,-0.23800256949625895,-0.001441,0.24077879938388055,0.0078843,1,1.0
3007,0.011890701460491204,0.031342078569184854,0.0015493,1.9454770056991229,3.5389961297301333,-35.633426766928714,1.01338506043586,6.173602303492336,0.32696719194081925,-79.73588581780434,-0.8125632746084135,84.33443788238233,-0.8604110866485712,46.51637831288302,-0.01912858174625246,-0.030726691943397735,-0.001441,0.08035684633652158,0.0078843,1,1.0
3008,0.14534448775701864,0.13322538636232295,0.0015493,1.9454770056991229,3.5389961297301333,-70.36641637749972,1.01338506043586,-9.730003207307067,0.32696719194081925,-10.600687719813495,-0.8125632746084135,90.06405377681045,-0.8604110866485712,34.61955859909444,-0.01912858174625246,-0.22349247905113362,-0.001441,0.23368225818859217,0.0078843,1,1.0
3009,0.021630587064975115,0.05464801704667094,0.0015493,1.9454770056991229,3.5389961297301333,99.57285808792594,1.01338506043586,22.421131946776235,0.32696719194081925,-99.05765541925471,-0.8125632746084135,85.4928024709355,-0.8604110866485712,-14.044602748987764,-0.01912858174625246,0.47951968181877946,-0.001441,0.5257174293220845,0.0078843,0,1.0
3010,0.19040245214969764,0.004951826660693093,0.0015493,1.9454770056991229,3.5389961297301333,-56.95513897071163,1.01338506043586,3.2283999814206075,0.32696719194081925,-68.79881134977325,-0.8125632746084135,68.39868395525816,-0.8604110866485712,59.98651655050144,-0.01912858174625246,-0.022155272178462602,-0.001441,0.02213369105603135,0.0078843,1,1.0
3011,0.256203171704979,0.04325892819686041,0.0015493,1.9454770056991229,3.5389961297301333,0.7510202585555756,1.01338506043586,8.28800819803814,0.32696719194081925,-21.601764103949805,-0.8125632746084135,-50.38501540296922,-0.8604110866485712,22.750689571540082,-0.01912858174625246,-0.1423011667697978,-0.001441,0.14474806716772623,0.0078843,1,1.0
3012,0.6944682754010292,0.20456152324193996,0.0015493,1.9454770056991229,3.5389961297301333,99.36441477354342,1.01338506043586,31.537150475988025,0.32696719194081925,-96.60710652584058,-0.8125632746084135,-34.76887555302134,-0.8604110866485712,18.375674431240068,-0.01912858174625246,0.3787104527914111,-0.001441,0.7196952924894084,0.0078843,0,1.0
3013,0.34374259831520537,0.04889508473099588,0.0015493,1.9454770056991229,3.5389961297301333,-64.10832775808238,1.01338506043586,-2.9977433486208125,0.32696719194081925,-22.17959913401094,-0.8125632746084135,38.29983292222318,-0.8604110866485712,48.47352932067423,-0.01912858174625246,-0.1005751991099148,-0.001441,0.10256252873194241,0.0078843,1,1.0
3014,0.053005526209015386,0.029446675248954484,0.0015493,1.9454770056991229,3.5389961297301333,21.87222654499413,1.01338506043586,5.542010266570565,0.32696719194081925,-2.3121793806166657,-0.8125632746084135,-44.626457382109045,-0.8604110866485712,-3.523990825667775,-0.01912858174625246,-0.10413704572885395,-0.001441,0.11381093428365165,0.0078843,1,1.0
3015,0.0018399899298258138,0.13461291884873297,0.0015493,1.9454770056991229,3.5389961297301333,30.605979847218464,1.01338506043586,13.858240188282213,0.32696719194081925,-97.10543126863926,-0.8125632746084135,99.44849188883586,-0.8604110866485712,19.56904077784148,-0.01912858174625246,0.25210352503647204,-0.001441,0.3056428604254783,0.0078843,0,1.0
3016,0.14790458788816935,0.02173938088630754,0.0015493,1.9454770056991229,3.5389961297301333,-22.926108392140975,1.01338506043586,7.588779300291357,0.32696719194081925,-53.2204511686333,-0.8125632746084135,17.485573699956564,-0.8604110866485712,38.44775901140888,-0.01912858174625246,-0.10282642870839716,-0.001441,0.10349291696867326,0.0078843,1,1.0
3017,0.18700540552561692,0.004559899916851347,0.0015493,1.9454770056991229,3.5389961297301333,-53.49411438247884,1.01338506043586,3.650928617219667,0.32696719194081925,-64.50074900742166,-0.8125632746084135,62.30239647684307,-0.8604110866485712,56.0368481941204,-0.01912858174625246,-0.031860711834604705,-0.001441,0.032340425836183295,0.0078843,1,1.0
3018,0.06786707447555479,0.09841408566802451,0.0015493,1.9454770056991229,3.5389961297301333,43.24976127285919,1.01338506043586,9.605512403613153,0.32696719194081925,-8.395739897349994,-0.8125632746084135,-46.13351066422925,-0.8604110866485712,-12.217794928965116,-0.01912858174625246,-0.031153217201384392,-0.001441,0.19615454260174606,0.0078843,1,1.0
3019,0.0013440584796576838,0.094574465567647,0.0015493,1.9454770056991229,3.5389961297301333,9.764553611234259,1.01338506043586,11.692325712713545,0.32696719194081925,-62.15660405077736,-0.8125632746084135,22.178067891964805,-0.8604110866485712,20.89597332950613,-0.01912858174625246,-0.08612710256941272,-0.001441,0.19856130894030585,0.0078843,1,1.0
3020,0.025146212799518976,0.0007581847783801348,0.0015493,1.9454770056991229,3.5389961297301333,-8.320931891410858,1.01338506043586,0.7116789621073523,0.32696719194081925,-12.666064867608636,-0.8125632746084135,11.39925978128016,-0.8604110866485712,9.973867706125025,-0.01912858174625246,-0.00826080615782106,-0.001441,0.009167395826777211,0.0078843,1,1.0
3021,0.0809327295250164,0.08822975298958727,0.0015493,1.9454770056991229,3.5389961297301333,99.91248935550105,1.01338506043586,20.28472528616976,0.32696719194081925,-74.63223312430738,-0.8125632746084135,57.19249348206681,-0.8604110866485712,-21.324340735259238,-0.01912858174625246,0.4786513590661814,-0.001441,0.4838329253238898,0.0078843,0,1.0
3022,0.0015146699036448497,0.13708399787600223,0.0015493,1.9454770056991229,3.5389961297301333,72.91636967391231,1.01338506043586,10.80008189054973,0.32696719194081925,-8.91730438405852,-0.8125632746084135,-28.601637199250217,-0.8604110866485712,-30.713912807515165,-0.01912858174625246,0.12705334912093236,-0.001441,0.2620784311514557,0.0078843,0,1.0
3023,0.29634327469065547,0.04703933853942153,0.0015493,1.9454770056991229,3.5389961297301333,5.17722378233216,1.01338506043586,8.824118064658572,0.32696719194081925,-12.066656079364844,-0.8125632746084135,-69.04170454471101,-0.8604110866485712,18.448661229795068,-0.01912858174625246,-0.148554390698209,-0.001441,0.14864250060636094,0.0078843,1,1.0
3024,0.24622559076636671,0.00932782205156045,0.0015493,1.9454770056991229,3.5389961297301333,-76.19984751946868,1.01338506043586,4.674989169496594,0.32696719194081925,-93.32177284552812,-0.8125632746084135,94.01195191936681,-0.8604110866485712,79.88481541416294,-0.01912858174625246,-0.03438152909049271,-0.001441,0.03707623076599766,0.0078843,1,1.0
3025,0.012985279090400925,0.11710728914990876,0.0015493,1.9454770056991229,3.5389961297301333,12.112385196216335,1.01338506043586,12.153000518829145,0.32696719194081925,-75.69143821464326,-0.8125632746084135,39.36593458252618,-0.8604110866485712,26.153537466130636,-0.01912858174625246,-0.036433466559795374,-0.001441,0.23458547287700912,0.0078843,1,1.0
3026,0.7294051652448788,0.09866738434420512,0.0015493,1.9454770056991229,3.5389961297301333,-51.47362737341696,1.01338506043586,13.667884766059316,0.32696719194081925,-60.31475802069017,-0.8125632746084135,-57.05437081599296,-0.8604110866485712,80.54517050131432,-0.01912858174625246,-0.18589861489671364,-0.001441,0.18668137642280344,0.0078843,1,1.0
3027,0.7313107540606074,0.061435324147847185,0.0015493,1.9454770056991229,3.5389961297301333,-78.34005218575906,1.01338506043586,5.872721427541712,0.32696719194081925,-54.534124669411526,-0.8125632746084135,-13.535145982139078,-0.8604110866485712,88.68743980820976,-0.01912858174625246,-0.05766374754727909,-0.001441,0.05765227943275724,0.0078843,1,1.0
3028,0.39625846325681763,0.017598816362779154,0.0015493,1.9454770056991229,3.5389961297301333,-77.46635113555537,1.01338506043586,6.449538507628379,0.32696719194081925,-88.96483039059555,-0.8125632746084135,62.79574320393194,-0.8604110866485712,86.04793956338186,-0.01912858174625246,-0.05911542285295002,-0.001441,0.05918356330849611,0.0078843,1,1.0
3029,0.11405614638211486,0.016750277702555993,0.0015493,1.9454770056991229,3.5389961297301333,-22.343088656974924,1.01338506043586,6.646386627226794,0.32696719194081925,-50.231944282803404,-0.8125632746084135,22.745010559106717,-0.8604110866485712,35.15488057849021,-0.01912858174625246,-0.08851082562695975,-0.001441,0.087881214418595,0.0078843,1,1.0
3030,0.10694552376945832,0.0030625503435299578,0.0015493,1.9454770056991229,3.5389961297301333,-39.100945943323154,1.01338506043586,3.2624975600647694,0.32696719194081925,-50.80700218741178,-0.8125632746084135,52.27506390544558,-0.8604110866485712,40.42850461564575,-0.01912858174625246,-0.036711184955660184,-0.001441,0.036982730621820795,0.0078843,1,1.0
3031,0.23481345584288882,0.006615611674185699,0.0015493,1.9454770056991229,3.5389961297301333,-48.62929585136674,1.01338506043586,4.0552467697659615,0.32696719194081925,-55.055399626559804,-0.8125632746084135,41.893332924743206,-0.8604110866485712,52.44343825824253,-0.01912858174625246,-0.0384102402598916,-0.001441,0.03810755871677674,0.0078843,1,1.0
3032,0.7337292131449404,0.07403626871218193,0.0015493,1.9454770056991229,3.5389961297301333,-51.757521607616624,1.01338506043586,9.649298079059264,0.32696719194081925,-38.968989315108225,-0.8125632746084135,-61.908868392630254,-0.8604110866485712,71.78259679517075,-0.01912858174625246,-0.12603313503357874,-0.001441,0.12580562210635457,0.0078843,1,1.0
3033,0.044812116475261066,0.15420707343091555,0.0015493,1.9454770056991229,3.5389961297301333,92.33689908263862,1.01338506043586,16.029620335365852,0.32696719194081925,-34.02449566667591,-0.8125632746084135,-12.43152083151827,-0.8604110866485712,-29.007988861453203,-0.01912858174625246,0.2213623483633682,-0.001441,0.39092180855932,0.0078843,0,1.0
3034,0.02855192416648189,0.03702732705524288,0.0015493,1.9454770056991229,3.5389961297301333,-1.7604897624925604,1.01338506043586,7.990071708591302,0.32696719194081925,-44.6614495268837,-0.8125632746084135,5.949929816879277,-0.8604110866485712,21.95103521007754,-0.01912858174625246,-0.12828666159046365,-0.001441,0.1281147147891744,0.0078843,1,1.0
3035,0.0016469031599618544,0.12489381824188889,0.0015493,1.9454770056991229,3.5389961297301333,11.803531171396196,1.01338506043586,1.186171686547708,0.32696719194081925,-13.829097183515286,-0.8125632746084135,44.42844160876051,-0.8604110866485712,-5.209846244442205,-0.01912858174625246,0.040551869142956165,-0.001441,0.2239935958554044,0.0078843,0,1.0
3036,0.34087496953476193,0.020610474471740036,0.0015493,1.9454770056991229,3.5389961297301333,-51.4426188328399,1.01338506043586,7.222794880135916,0.32696719194081925,-65.76606853540139,-0.8125632746084135,26.06935487804048,-0.8604110866485712,63.688605844189134,-0.01912858174625246,-0.08411106911614906,-0.001441,0.08276566518047794,0.0078843,1,1.0
3037,0.35611963715023615,0.017908067810990785,0.0015493,1.9454770056991229,3.5389961297301333,-26.88739589423644,1.01338506043586,0.9368625327046103,0.32696719194081925,-3.528258887107844,-0.8125632746084135,-29.865767384123288,-0.8604110866485712,29.471905679992894,-0.01912858174625246,-0.01594632678201534,-0.001441,0.015770658712778423,0.0078843,1,1.0
3038,0.05297979298582178,0.059820406034529726,0.0015493,1.9454770056991229,3.5389961297301333,33.368480206032146,1.01338506043586,9.249491676845407,0.32696719194081925,-1.9468457919720359,-0.8125632746084135,-66.67283742210918,-0.8604110866485712,-8.906035052566663,-0.01912858174625246,-0.16100853339289586,-0.001441,0.16137718501793472,0.0078843,1,1.0
3039,0.07141692139998829,0.011469731010069682,0.0015493,1.9454770056991229,3.5389961297301333,-3.0569415684190604,1.01338506043586,4.761287558888734,0.32696719194081925,-19.81947465096942,-0.8125632746084135,-6.587341293951306,-0.8604110866485712,12.71906169084586,-0.01912858174625246,-0.06915958521971272,-0.001441,0.068291157647458,0.0078843,1,1.0
3040,0.4715357528869905,0.02924960378253317,0.0015493,1.9454770056991229,3.5389961297301333,-80.71928335868874,1.01338506043586,8.67446719152579,0.32696719194081925,-97.72006335054711,-0.8125632746084135,54.09556059498116,-0.8604110866485712,94.86635131862073,-0.01912858174625246,-0.09161162078636226,-0.001441,0.09198548106462773,0.0078843,1,1.0
3041,0.07304154875407229,0.003111504745752286,0.0015493,1.9454770056991229,3.5389961297301333,-40.40246749976087,1.01338506043586,3.393745487238062,0.32696719194081925,-56.748519011928,-0.8125632746084135,62.8123509362104,-0.8604110866485712,41.81864475221525,-0.01912858174625246,-0.03823658947062466,-0.001441,0.038361894828852404,0.0078843,1,1.0
3042,0.005466172599377636,0.004335125784117556,0.0015493,1.9454770056991229,3.5389961297301333,-49.440193548307306,1.01338506043586,0.9909806177415724,0.32696719194081925,-65.85973434565773,-0.8125632746084135,94.57913673409216,-0.8604110866485712,46.60817447180886,-0.01912858174625246,-0.024642807427009188,-0.001441,0.025056289440480307,0.0078843,1,1.0
3043,0.11332680488495411,0.005098075471105501,0.0015493,1.9454770056991229,3.5389961297301333,-52.03268513738691,1.01338506043586,0.77999059151925,0.32696719194081925,-54.67555590112122,-0.8125632746084135,73.4724645277937,-0.8604110866485712,47.574804440867034,-0.01912858174625246,-0.035330950992244925,-0.001441,0.03545084574369799,0.0078843,1,1.0
3044,0.010387781946855745,0.12954408507897436,0.0015493,1.9454770056991229,3.5389961297301333,56.15171634751895,1.01338506043586,7.691009445182221,0.32696719194081925,-13.882262653033862,-0.8125632746084135,-2.13595434503148,-0.8604110866485712,-21.412001699742962,-0.01912858174625246,0.16375027832832287,-0.001441,0.2215590343197855,0.0078843,0,1.0
3045,0.15244329513244265,0.034305011801768974,0.0015493,1.9454770056991229,3.5389961297301333,-63.3172425548275,1.01338506043586,-3.127200845155173,0.32696719194081925,-38.81668398903727,-0.8125632746084135,80.33866188658634,-0.8604110866485712,45.600019555223035,-0.01912858174625246,-0.11334521542020028,-0.001441,0.11343780458105744,0.0078843,1,1.0
3046,0.29455600676273985,0.04058240555051775,0.0015493,1.9454770056991229,3.5389961297301333,-29.104311418763253,1.01338506043586,9.655693085036862,0.32696719194081925,-59.91712601485934,-0.8125632746084135,-1.6922126002895275,-0.8604110866485712,51.62335652236655,-0.01912858174625246,-0.1402193754644666,-0.001441,0.14085399177693636,0.0078843,1,1.0
3047,0.0036891821821332174,0.007814239130379378,0.0015493,1.9454770056991229,3.5389961297301333,-34.702860354043274,1.01338506043586,-1.153630073206755,0.32696719194081925,-32.257616461037834,-0.8125632746084135,63.283905643484914,-0.8604110866485712,25.669460974595076,-0.01912858174625246,-0.05899762137908054,-0.001441,0.05966165818340654,0.0078843,1,1.0
3048,0.5250361809988728,0.03064389715731178,0.0015493,1.9454770056991229,3.5389961297301333,-73.50597821830283,1.01338506043586,6.182418008969899,0.32696719194081925,-69.60188991887458,-0.8125632746084135,25.422910461102592,-0.8604110866485712,82.62941103242508,-0.01912858174625246,-0.05643687858868187,-0.001441,0.058356013181704934,0.0078843,1,1.0
3049,0.58949457376451,0.043145700233495454,0.0015493,1.9454770056991229,3.5389961297301333,-79.97974761694297,1.01338506043586,3.255634234944055,0.32696719194081925,-58.4585113961038,-0.8125632746084135,20.42865932079318,-0.8604110866485712,84.22088624740059,-0.01912858174625246,-0.017054905475187117,-0.001441,0.017755573205377347,0.0078843,1,1.0
3050,0.6389448890463321,0.060521324242259186,0.0015493,1.9454770056991229,3.5389961297301333,-77.39917172132087,1.01338506043586,11.363609873358016,0.32696719194081925,-91.46479454866663,-0.8125632746084135,11.897970655924905,-0.8604110866485712,99.42643949089799,-0.01912858174625246,-0.13774408159988027,-0.001441,0.13852174149678842,0.0078843,1,1.0
3051,0.407440651565479,0.03971851604577285,0.0015493,1.9454770056991229,3.5389961297301333,-20.933773610815262,1.01338506043586,7.079622734642128,0.32696719194081925,-28.323028999752488,-0.8125632746084135,-44.811185732125736,-0.8604110866485712,41.543770500484115,-0.01912858174625246,-0.12068601696724292,-0.001441,0.12277705569440718,0.0078843,1,1.0
3052,0.3915013291283087,0.023763616574737204,0.0015493,1.9454770056991229,3.5389961297301333,-13.07321391514886,1.01338506043586,4.384971688749046,0.32696719194081925,-0.8716066233604367,-0.8125632746084135,-61.020548807540386,-0.8604110866485712,24.953608923979285,-0.01912858174625246,-0.07143215505445147,-0.001441,0.07137831888931848,0.0078843,1,1.0
3053,0.6322097140392913,0.05315706733650964,0.0015493,1.9454770056991229,3.5389961297301333,-58.72200128547993,1.01338506043586,8.502148902521292,0.32696719194081925,-54.46191545297001,-0.8125632746084135,-24.963488972460524,-0.8604110866485712,76.50200596438619,-0.01912858174625246,-0.10645688969040143,-0.001441,0.1079177472287827,0.0078843,1,1.0
3054,0.2532497197026707,0.012431500556494326,0.0015493,1.9454770056991229,3.5389961297301333,-53.46272014522955,1.01338506043586,0.341704604121222,0.32696719194081925,-41.27828753941195,-0.8125632746084135,43.52778478168286,-0.8604110866485712,49.690691855354885,-0.01912858174625246,-0.02807845417951996,-0.001441,0.02761434919982374,0.0078843,1,1.0
3055,0.04132034534434892,0.055245538548725305,0.0015493,1.9454770056991229,3.5389961297301333,26.451869047342626,1.01338506043586,6.4689758047307775,0.32696719194081925,-10.26919831595193,-0.8125632746084135,-48.75809270826805,-0.8604110866485712,-0.22522972834382532,-0.01912858174625246,-0.15741313431595702,-0.001441,0.16097403789270767,0.0078843,1,1.0
3056,0.029796375923468066,0.004027363093950856,0.0015493,1.9454770056991229,3.5389961297301333,3.044052115322236,1.01338506043586,2.624042123470675,0.32696719194081925,-6.91892681919427,-0.8125632746084135,-10.121878739579378,-0.8604110866485712,3.2845779753399644,-0.01912858174625246,-0.042049619789404594,-0.001441,0.041905216014059374,0.0078843,1,1.0
3057,0.4656295785906722,0.03265963713819286,0.0015493,1.9454770056991229,3.5389961297301333,-35.25761888687075,1.01338506043586,6.982640538154524,0.32696719194081925,-33.79949509238701,-0.8125632746084135,-33.28105566545814,-0.8604110866485712,50.699700001670884,-0.01912858174625246,-0.09512592499557102,-0.001441,0.09505675560060531,0.0078843,1,1.0
3058,0.34068972135146536,0.01528565713250244,0.0015493,1.9454770056991229,3.5389961297301333,-25.060099741716186,1.01338506043586,2.748526330746706,0.32696719194081925,-12.495673547966984,-0.8125632746084135,-27.596641578110166,-0.8604110866485712,31.82856782420854,-0.01912858174625246,-0.037420253137353233,-0.001441,0.038499877844579374,0.0078843,1,1.0
3059,0.38067035554693246,0.023751030710446774,0.0015493,1.9454770056991229,3.5389961297301333,-39.835260590536436,1.01338506043586,0.014056114962213373,0.32696719194081925,-8.901621538354037,-0.8125632746084135,-12.750305587432795,-0.8604110866485712,36.94258164662121,-0.01912858174625246,-0.021504080839311598,-0.001441,0.021259375564697692,0.0078843,1,1.0
3060,0.04982308481548725,0.04126146963630552,0.0015493,1.9454770056991229,3.5389961297301333,26.67184149754725,1.01338506043586,6.391134631149986,0.32696719194081925,-3.0796546790334567,-0.8125632746084135,-53.92148825819803,-0.8604110866485712,-4.166176599410059,-0.01912858174625246,-0.1393312758105459,-0.001441,0.13871656926013956,0.0078843,1,1.0
3061,0.010133643221846733,0.09420740362226382,0.0015493,1.9454770056991229,3.5389961297301333,50.34479945402014,1.01338506043586,8.789672172662703,0.32696719194081925,-1.1908022878473803,-0.8125632746084135,-48.12906409092113,-0.8604110866485712,-20.566194487305854,-0.01912858174625246,-0.027405550799872114,-0.001441,0.18802393726223943,0.0078843,1,1.0
3062,0.2239741519066574,0.027838958494840162,0.0015493,1.9454770056991229,3.5389961297301333,-54.24419841316295,1.01338506043586,-0.9042945315230129,0.32696719194081925,-29.60637033905559,-0.8125632746084135,48.362964290834014,-0.8604110866485712,41.15674959180903,-0.01912858174625246,-0.08916944148870985,-0.001441,0.0914831810648405,0.0078843,1,1.0
3063,0.520338888254941,0.03728806625177878,0.0015493,1.9454770056991229,3.5389961297301333,-41.52150645606754,1.01338506043586,1.5592667765424109,0.32696719194081925,-6.741507308838749,-0.8125632746084135,-39.90234152687675,-0.8604110866485712,44.03321617399708,-0.01912858174625246,-0.012190006466493614,-0.001441,0.011634612672602688,0.0078843,1,1.0
3064,0.004574034180222619,0.03467772694231713,0.0015493,1.9454770056991229,3.5389961297301333,-22.577366059542584,1.01338506043586,5.816588885741769,0.32696719194081925,-64.64197001558284,-0.8125632746084135,63.45821689113513,-0.8604110866485712,34.99764581305425,-0.01912858174625246,-0.024124625788102975,-0.001441,0.08324038108097909,0.0078843,1,1.0
3065,0.061175335912182605,0.01824839299796997,0.0015493,1.9454770056991229,3.5389961297301333,-11.826404201247328,1.01338506043586,6.070929355921876,0.32696719194081925,-43.14599565268371,-0.8125632746084135,15.664259889358544,-0.8604110866485712,26.468795777104894,-0.01912858174625246,-0.09151777427376466,-0.001441,0.0920453588803271,0.0078843,1,1.0
3066,0.09674849542326547,0.10490844084931225,0.0015493,1.9454770056991229,3.5389961297301333,8.320252948164283,1.01338506043586,12.595470352434116,0.32696719194081925,-56.7853585410126,-0.8125632746084135,-17.1169631942652,-0.8604110866485712,27.529039026679396,-0.01912858174625246,-0.1996233089632183,-0.001441,0.22222652724552125,0.0078843,1,1.0
3067,0.17137921033479064,0.008437714042277935,0.0015493,1.9454770056991229,3.5389961297301333,-40.63604693142694,1.01338506043586,5.6661067585469755,0.32696719194081925,-60.1924373966732,-0.8125632746084135,43.176818822829134,-0.8604110866485712,48.52879358535926,-0.01912858174625246,-0.06272505168725384,-0.001441,0.06315885972297955,0.0078843,1,1.0
3068,0.1927362202346916,0.14294503829738256,0.0015493,1.9454770056991229,3.5389961297301333,98.46671764850646,1.01338506043586,17.79308803783091,0.32696719194081925,-45.5313969014927,-0.8125632746084135,3.4031461289810725,-0.8604110866485712,-23.81232492513192,-0.01912858174625246,0.3784249919427153,-0.001441,0.4679335728304391,0.0078843,0,1.0
3069,0.2665385376319939,0.027954381614902747,0.0015493,1.9454770056991229,3.5389961297301333,-33.25157737852016,1.01338506043586,7.10134255128615,0.32696719194081925,-58.28475899703688,-0.8125632746084135,11.586718320614114,-0.8604110866485712,51.975379630541994,-0.01912858174625246,-0.10911673700605644,-0.001441,0.11090818618211205,0.0078843,1,1.0
3070,0.301459654395626,0.014610706252403512,0.0015493,1.9454770056991229,3.5389961297301333,-32.533413540804645,1.01338506043586,2.433043989262608,0.32696719194081925,-15.715726503125051,-0.8125632746084135,-6.929139709606725,-0.8604110866485712,31.90005921400322,-0.01912858174625246,-0.03471372767881776,-0.001441,0.036435413321460504,0.0078843,1,1.0
3071,0.1807019497232999,0.03222776408216225,0.0015493,1.9454770056991229,3.5389961297301333,-34.147205407261374,1.01338506043586,7.763254427018662,0.32696719194081925,-72.59416681984302,-0.8125632746084135,34.5987278218229,-0.8604110866485712,54.329430640661,-0.01912858174625246,-0.11682004912215292,-0.001441,0.12019299638741308,0.0078843,1,1.0
3072,0.561053860893259,0.035096401440890844,0.0015493,1.9454770056991229,3.5389961297301333,-79.96116506493155,1.01338506043586,7.429777490835793,0.32696719194081925,-80.48450569750271,-0.8125632746084135,30.447851369553995,-0.8604110866485712,91.4899506759069,-0.01912858174625246,-0.07315599484135743,-0.001441,0.07395254125435635,0.0078843,1,1.0
3073,0.4404838246424744,0.026190383015577974,0.0015493,1.9454770056991229,3.5389961297301333,-32.89118088882294,1.01338506043586,5.511323939492521,0.32696719194081925,-25.353094048002276,-0.8125632746084135,-33.46963365663205,-0.8604110866485712,44.87080166901436,-0.01912858174625246,-0.07252735569258763,-0.001441,0.07297762693497072,0.0078843,1,1.0
3074,0.07079521660467711,0.004628643881103037,0.0015493,1.9454770056991229,3.5389961297301333,-38.85318667725126,1.01338506043586,4.3330108192592265,0.32696719194081925,-61.74251885457268,-0.8125632746084135,61.87377755246107,-0.8604110866485712,43.69890344010558,-0.01912858174625246,-0.04542085052609353,-0.001441,0.045556621801650446,0.0078843,1,1.0
3075,0.015443992390498762,0.13919698787634877,0.0015493,1.9454770056991229,3.5389961297301333,99.59799202188685,1.01338506043586,13.519927113092654,0.32696719194081925,-26.49323804978541,-0.8125632746084135,5.997670990051791,-0.8604110866485712,-38.565218803005955,-0.01912858174625246,0.324823424507434,-0.001441,0.3966987871824343,0.0078843,0,1.0
3076,0.43660014556949744,0.09300793897040525,0.0015493,1.9454770056991229,3.5389961297301333,-17.458693681228514,1.01338506043586,14.359317862476972,0.32696719194081925,-47.675366863612865,-0.8125632746084135,-53.69335341128171,-0.8604110866485712,46.886469312819,-0.01912858174625246,-0.19928246946255104,-0.001441,0.20446713805680053,0.0078843,1,1.0
3077,0.5180477702584914,0.15909328645680065,0.0015493,1.9454770056991229,3.5389961297301333,97.70522664918894,1.01338506043586,28.509280302074046,0.32696719194081925,-91.62280181317428,-0.8125632746084135,-8.434184639126258,-0.8604110866485712,8.364981226841223,-0.01912858174625246,0.3958469443194497,-0.001441,0.649277729293285,0.0078843,0,1.0
3078,0.2344769354688841,0.02042915631943546,0.0015493,1.9454770056991229,3.5389961297301333,-17.322740890905564,1.01338506043586,6.641792270523748,0.32696719194081925,-32.342634766200455,-0.8125632746084135,-13.52861542515706,-0.8604110866485712,31.54138410866721,-0.01912858174625246,-0.08887901110344994,-0.001441,0.09342871394251386,0.0078843,1,1.0
3079,0.02922433653293645,0.007302818533106492,0.0015493,1.9454770056991229,3.5389961297301333,-0.7417848477958565,1.01338506043586,2.855812628102961,0.32696719194081925,-17.542496065217115,-0.8125632746084135,-1.01608558538791,-0.8604110866485712,10.343253550297758,-0.01912858174625246,-0.05782084014256141,-0.001441,0.05783411511477115,0.0078843,1,1.0
3080,0.005304439301400232,0.06400224384730337,0.0015493,1.9454770056991229,3.5389961297301333,5.943517323265026,1.01338506043586,7.676479663332149,0.32696719194081925,-48.43138079433978,-0.8125632746084135,11.973196695928843,-0.8604110866485712,20.23658892829932,-0.01912858174625246,-0.10604567822394209,-0.001441,0.1585357439428778,0.0078843,1,1.0
3081,0.24119867349447124,0.015349382032845641,0.0015493,1.9454770056991229,3.5389961297301333,-51.69122300547784,1.01338506043586,-0.27103534742636204,0.32696719194081925,-33.84274979594551,-0.8125632746084135,41.56789470933843,-0.8604110866485712,44.401004650962804,-0.01912858174625246,-0.050183364580544135,-0.001441,0.05092013202689667,0.0078843,1,1.0
3082,0.021681357148338187,0.08741878384902568,0.0015493,1.9454770056991229,3.5389961297301333,-20.57625145078192,1.01338506043586,13.015908907564395,0.32696719194081925,-96.43203261062689,-0.8125632746084135,52.21981031957444,-0.8604110866485712,50.33734867616235,-0.01912858174625246,-0.1797242089503271,-0.001441,0.19310128635768248,0.0078843,1,1.0
3083,0.6375940290314434,0.04968736056689847,0.0015493,1.9454770056991229,3.5389961297301333,-69.36818143933301,1.01338506043586,6.400338631726829,0.32696719194081925,-58.87578590018928,-0.8125632746084135,-7.407477015198812,-0.8604110866485712,83.36256905916866,-0.01912858174625246,-0.07848875788826677,-0.001441,0.07855391031786242,0.0078843,1,1.0
3084,0.1800663201569363,0.024887505119037426,0.0015493,1.9454770056991229,3.5389961297301333,12.426201027056964,1.01338506043586,5.83775610011542,0.32696719194081925,-0.15434221428289527,-0.8125632746084135,-58.58130689876636,-0.8604110866485712,5.148720787190984,-0.01912858174625246,-0.1086040063871074,-0.001441,0.10912276421756228,0.0078843,1,1.0
3085,0.036688348148588124,0.0009093256488480047,0.0015493,1.9454770056991229,3.5389961297301333,-20.628304930436915,1.01338506043586,1.4958364434471405,0.32696719194081925,-28.614067626131238,-0.8125632746084135,32.363842826022285,-0.8604110866485712,21.344739625054334,-0.01912858174625246,-0.014704141183301643,-0.001441,0.015397298046037513,0.0078843,1,1.0
3086,0.0502846928496577,0.021528924757624524,0.0015493,1.9454770056991229,3.5389961297301333,-32.90482017976472,1.01338506043586,7.468952372864794,0.32696719194081925,-75.2148478315914,-0.8125632746084135,59.81577196850289,-0.8604110866485712,46.65448654786543,-0.01912858174625246,-0.09200724295931827,-0.001441,0.09504601131825251,0.0078843,1,1.0
3087,0.23239556281805007,0.16096339808039034,0.0015493,1.9454770056991229,3.5389961297301333,52.532227749820805,1.01338506043586,20.49340190793969,0.32696719194081925,-95.78670749776923,-0.8125632746084135,46.864288089528316,-0.8604110866485712,19.25766419661338,-0.01912858174625246,0.25917662516383877,-0.001441,0.4402894631836405,0.0078843,0,1.0
3088,0.007536467766636627,0.0014016261283646986,0.0015493,1.9454770056991229,3.5389961297301333,-28.71796219263825,1.01338506043586,1.4219291827418001,0.32696719194081925,-40.67338302507039,-0.8125632746084135,54.31396737325753,-0.8604110866485712,27.918891684326546,-0.01912858174625246,-0.019525609643718397,-0.001441,0.019826700180782655,0.0078843,1,1.0
3089,0.33557582511542416,0.016075694927069412,0.0015493,1.9454770056991229,3.5389961297301333,-48.37489862590563,1.01338506043586,6.176925707176922,0.32696719194081925,-58.601620201266165,-0.8125632746084135,21.13256051473173,-0.8604110866485712,59.5762440439798,-0.01912858174625246,-0.071190564538564,-0.001441,0.07113900147953557,0.0078843,1,1.0
3090,0.13613936701921114,0.09259747035339941,0.0015493,1.9454770056991229,3.5389961297301333,-7.712844159971051,1.01338506043586,13.09171287476588,0.32696719194081925,-72.54971978653182,-0.8125632746084135,12.500078124697245,-0.8604110866485712,39.7014321991614,-0.01912858174625246,-0.1466201979728456,-0.001441,0.20659866314045955,0.0078843,1,1.0
3091,0.0003961385244252158,0.10061964822649645,0.0015493,1.9454770056991229,3.5389961297301333,25.412484243419815,1.01338506043586,12.281499670763813,0.32696719194081925,-37.201290990782404,-0.8125632746084135,-30.186853399547502,-0.8604110866485712,6.519371395860628,-0.01912858174625246,-0.1870131539963011,-0.001441,0.20802900822041462,0.0078843,1,1.0
3092,0.3827052573852957,0.018571266764261147,0.0015493,1.9454770056991229,3.5389961297301333,-27.8474237112503,1.01338506043586,2.0803218530060192,0.32696719194081925,-6.149006335724748,-0.8125632746084135,-33.600463060208476,-0.8604110866485712,31.78764613093643,-0.01912858174625246,-0.021699416797757276,-0.001441,0.02158335975235509,0.0078843,1,1.0
3093,0.4194555790024599,0.1279887987343174,0.0015493,1.9454770056991229,3.5389961297301333,98.16486422511142,1.01338506043586,26.76633794950494,0.32696719194081925,-98.30260971413767,-0.8125632746084135,15.266452733501968,-0.8604110866485712,7.451084621143226,-0.01912858174625246,0.40259956330276336,-0.001441,0.649093339742549,0.0078843,0,1.0
3094,-0.0009593321229832835,0.14411548184164255,0.0015493,1.9454770056991229,3.5389961297301333,27.604313682377708,1.01338506043586,1.7916740418927277,0.32696719194081925,-11.084775235654439,-0.8125632746084135,36.85619301608875,-0.8604110866485712,-12.639005645569188,-0.01912858174625246,0.08529233893845736,-0.001441,0.2566126842162618,0.0078843,0,1.0
3095,0.22130825904935303,0.1723018077030369,0.0015493,1.9454770056991229,3.5389961297301333,99.45836040240543,1.01338506043586,18.419949806825574,0.32696719194081925,-35.8419920609389,-0.8125632746084135,-32.99783124482198,-0.8604110866485712,-23.713385899687314,-0.01912858174625246,0.2630877834938749,-0.001441,0.4683129687987944,0.0078843,0,1.0
3096,0.021174525494033203,0.09098333483990943,0.0015493,1.9454770056991229,3.5389961297301333,99.97421727834801,1.01338506043586,15.011709941806476,0.32696719194081925,-64.16427713522927,-0.8125632746084135,85.4650847634418,-0.8604110866485712,-29.3902317603485,-0.01912858174625246,0.4183678183678655,-0.001441,0.6174192544882272,0.0078843,0,1.0
3097,0.06228799335519805,0.0009746424123092871,0.0015493,1.9454770056991229,3.5389961297301333,-22.30905097898386,1.01338506043586,0.9995198399903144,0.32696719194081925,-26.977841554221452,-0.8125632746084135,29.56645998995133,-0.8604110866485712,22.91539435425759,-0.01912858174625246,-0.0050763769381638995,-0.001441,0.005675316082896375,0.0078843,1,1.0
3098,0.2721879821454729,0.13416760914153839,0.0015493,1.9454770056991229,3.5389961297301333,99.80054207729522,1.01338506043586,20.671969291709555,0.32696719194081925,-58.0454873755704,-0.8125632746084135,9.248867383329818,-0.8604110866485712,-17.808542060822997,-0.01912858174625246,0.4373991677494171,-0.001441,0.5058561751889223,0.0078843,0,1.0
3099,0.0005843948589072667,0.15109865964229635,0.0015493,1.9454770056991229,3.5389961297301333,94.25970675691914,1.01338506043586,11.489128033581773,0.32696719194081925,-0.3335376279661928,-0.8125632746084135,-45.79982349465664,-0.8604110866485712,-42.63370064155579,-0.01912858174625246,0.1481336113151513,-0.001441,0.32311181382052817,0.0078843,0,1.0
3100,0.38951459192647864,0.0534138558117859,0.0015493,1.8245104092038358,3.4333385372646403,-83.5854815553819,1.01338506043586,-1.4142061259229115,0.32696719194081925,-66.16422867753042,-0.8125632746084135,85.03138529852473,-0.8604110866485712,76.94727148680231,-0.01912858174625246,-0.09290101740121887,-0.001441,0.0931739873713876,0.0078843,1,1.0
3101,0.0040100168334034625,0.10037401858824281,0.0015493,1.8245104092038358,3.4333385372646403,36.33024217499712,1.01338506043586,9.821398579117306,0.32696719194081925,-0.045158680764515347,-0.8125632746084135,-53.29096853471312,-0.8604110866485712,-16.112252246261885,-0.01912858174625246,-0.12974946944196628,-0.001441,0.19668041029138109,0.0078843,1,1.0
3102,0.0074633661901669646,0.14670696604561656,0.0015493,1.8245104092038358,3.4333385372646403,66.1233271447467,1.01338506043586,10.092755757944197,0.32696719194081925,-23.53914805095213,-0.8125632746084135,29.170551425260147,-0.8604110866485712,-28.656943256177065,-0.01912858174625246,0.3162842575846435,-0.001441,0.42076327134885017,0.0078843,0,1.0
3103,0.37590842834622473,0.10567738476661657,0.0015493,1.8245104092038358,3.4333385372646403,97.67882740492861,1.01338506043586,28.29999012966109,0.32696719194081925,-94.68448811057776,-0.8125632746084135,1.5209983157538252,-0.8604110866485712,3.1232685080012748,-0.01912858174625246,0.35679117762875084,-0.001441,0.8227466878080922,0.0078843,0,1.0
3104,0.23734920282332644,0.011095555491686894,0.0015493,1.8245104092038358,3.4333385372646403,-72.63809634068325,1.01338506043586,5.450922475992565,0.32696719194081925,-99.86490295585673,-0.8125632746084135,99.78638484288037,-0.8604110866485712,80.38736790090836,-0.01912858174625246,-0.05009675628421853,-0.001441,0.050727945443843486,0.0078843,1,1.0
3105,0.14528626889543586,0.05646553292977459,0.0015493,1.8245104092038358,3.4333385372646403,14.68564889158469,1.01338506043586,7.763378007780596,0.32696719194081925,-8.779360383963615,-0.8125632746084135,-52.5773829656147,-0.8604110866485712,5.656616156342735,-0.01912858174625246,-0.16530311511628645,-0.001441,0.16623466680793944,0.0078843,1,1.0
3106,0.0054114454658725775,0.10761154132285615,0.0015493,1.8245104092038358,3.4333385372646403,6.551227185055658,1.01338506043586,10.881817112350205,0.32696719194081925,-58.39255813898519,-0.8125632746084135,29.904245228452247,-0.8604110866485712,19.286547497259022,-0.01912858174625246,-0.04436304547828426,-0.001441,0.2162832467887766,0.0078843,1,1.0
3107,0.006964476563490418,0.11254139130981036,0.0015493,1.8245104092038358,3.4333385372646403,24.08425241322359,1.01338506043586,4.5182590068602515,0.32696719194081925,-15.898749664508125,-0.8125632746084135,17.73993967757782,-0.8604110866485712,-7.60350662049854,-0.01912858174625246,0.13607814527997383,-0.001441,0.16660985574576623,0.0078843,0,1.0
3108,0.3955108597443482,0.0185756754494542,0.0015493,1.8245104092038358,3.4333385372646403,-55.86346881795888,1.01338506043586,3.5507647551596215,0.32696719194081925,-51.969224983076884,-0.8125632746084135,31.819581654968328,-0.8604110866485712,60.394623683640646,-0.01912858174625246,-0.03101674086405112,-0.001441,0.031340295754739095,0.0078843,1,1.0
3109,0.7880527405544674,0.16120432626038644,0.0015493,1.8245104092038358,3.4333385372646403,-90.98464834635364,1.01338506043586,0.35697018111251594,0.32696719194081925,-32.067019925301466,-0.8125632746084135,13.146194725614848,-0.8604110866485712,79.71268753965438,-0.01912858174625246,-0.14449966949222892,-0.001441,0.1344572179321275,0.0078843,1,1.0
3110,0.00012617342001441934,0.045160788482511545,0.0015493,1.8245104092038358,3.4333385372646403,96.70555456648638,1.01338506043586,19.855088869716923,0.32696719194081925,-65.82680998619766,-0.8125632746084135,40.67820872501188,-0.8604110866485712,-25.693196665973247,-0.01912858174625246,0.43497636409521645,-0.001441,0.5945779959675825,0.0078843,0,1.0
3111,0.021557193559351928,0.13214169029755482,0.0015493,1.8245104092038358,3.4333385372646403,19.444552062602277,1.01338506043586,12.061133921155381,0.32696719194081925,-54.960429653766035,-0.8125632746084135,25.258975125759658,-0.8604110866485712,11.527222887362983,-0.01912858174625246,0.023358473052587564,-0.001441,0.2604737427605426,0.0078843,0,1.0
3112,0.3987226778893942,0.15658273974371476,0.0015493,1.8245104092038358,3.4333385372646403,98.44158280330322,1.01338506043586,19.276037405765376,0.32696719194081925,-17.553554003050127,-0.8125632746084135,-50.41870720092309,-0.8604110866485712,-29.705066945433213,-0.01912858174625246,0.4339817545936515,-0.001441,0.5773912292916494,0.0078843,0,1.0
3113,0.7208034207944253,0.21656864919352137,0.0015493,1.8245104092038358,3.4333385372646403,60.736001934853874,1.01338506043586,29.395023408445375,0.32696719194081925,-95.20165340159816,-0.8125632746084135,-17.557733749919862,-0.8604110866485712,31.030529515590153,-0.01912858174625246,0.3555069265050114,-0.001441,0.7336843328978251,0.0078843,0,1.0
3114,0.22401890190290574,0.027428985496197395,0.0015493,1.8245104092038358,3.4333385372646403,-12.939538625813048,1.01338506043586,7.027117765896569,0.32696719194081925,-28.1354348735002,-0.8125632746084135,-15.456851478760653,-0.8604110866485712,26.22488455479669,-0.01912858174625246,-0.10914644644610996,-0.001441,0.11161635036811288,0.0078843,1,1.0
3115,0.007043440328459827,0.0769925996730039,0.0015493,1.8245104092038358,3.4333385372646403,10.434361735630079,1.01338506043586,7.763449289155182,0.32696719194081925,-35.024649806597786,-0.8125632746084135,11.675934510968844,-0.8604110866485712,8.766311566632448,-0.01912858174625246,-0.026964476781862937,-0.001441,0.16108481136574276,0.0078843,1,1.0
3116,0.564887966063737,0.1788804900608806,0.0015493,1.8245104092038358,3.4333385372646403,91.75998645193094,1.01338506043586,25.884909990213146,0.32696719194081925,-62.275915377390476,-0.8125632746084135,-43.10510052333692,-0.8604110866485712,0.1257121357139379,-0.01912858174625246,0.3597943598401395,-0.001441,0.75112577850183,0.0078843,0,1.0
3117,0.46926499087709206,0.16759339504965695,0.0015493,1.8245104092038358,3.4333385372646403,34.945798839820746,1.01338506043586,21.62498532608209,0.32696719194081925,-97.90090164200807,-0.8125632746084135,42.20264830476511,-0.8604110866485712,33.527363642064905,-0.01912858174625246,0.3694579562068096,-0.001441,0.5414371465768173,0.0078843,0,1.0
3118,0.29428623967722123,0.07170762837209323,0.0015493,1.8245104092038358,3.4333385372646403,13.586477841543804,1.01338506043586,8.881053824524798,0.32696719194081925,-0.7377308923391624,-0.8125632746084135,-79.81338137414046,-0.8604110866485712,8.925845168303573,-0.01912858174625246,-0.17888286047206722,-0.001441,0.18394254433245363,0.0078843,1,1.0
3119,0.1817728465534344,0.03498484973265008,0.0015493,1.8245104092038358,3.4333385372646403,11.227186839214019,1.01338506043586,5.963601943026489,0.32696719194081925,-0.4382234618057136,-0.8125632746084135,-54.872132957998105,-0.8604110866485712,4.915369253974838,-0.01912858174625246,-0.13087665526423115,-0.001441,0.13087002002415082,0.0078843,1,1.0
3120,0.05501233641683778,0.05468941569203356,0.0015493,1.8245104092038358,3.4333385372646403,99.88596985892502,1.01338506043586,20.367584952805238,0.32696719194081925,-60.56688500939999,-0.8125632746084135,24.604918413626592,-0.8604110866485712,-26.44789249955454,-0.01912858174625246,0.41888752936782736,-0.001441,0.6152034144891771,0.0078843,0,1.0
3121,0.03859527544231811,0.041955582929239815,0.0015493,1.8245104092038358,3.4333385372646403,75.43923339843765,1.01338506043586,21.33944085502864,0.32696719194081925,-98.83182932575296,-0.8125632746084135,76.42108522789057,-0.8604110866485712,-1.5646691380476707,-0.01912858174625246,0.42533418869679657,-0.001441,0.6036982895158081,0.0078843,0,1.0
3122,0.16512282615288174,0.0071005475316814805,0.0015493,1.8245104092038358,3.4333385372646403,-64.37135892153738,1.01338506043586,4.011733257133709,0.32696719194081925,-88.09021536437788,-0.8125632746084135,96.89914207844257,-0.8604110866485712,68.89722184965504,-0.01912858174625246,-0.038243687706666835,-0.001441,0.038139963530369025,0.0078843,1,1.0
3123,-0.00012727180958949091,0.07017678390571709,0.0015493,1.8245104092038358,3.4333385372646403,94.57379421228246,1.01338506043586,15.11165194411369,0.32696719194081925,-37.025342537206924,-0.8125632746084135,35.16232839128688,-0.8604110866485712,-38.36453008572079,-0.01912858174625246,0.464831264324835,-0.001441,0.5418279332669133,0.0078843,0,1.0
3124,0.002532660488391625,0.0489873196683774,0.0015493,1.8245104092038358,3.4333385372646403,94.14599167271703,1.01338506043586,18.725908684258343,0.32696719194081925,-61.30524475923511,-0.8125632746084135,41.72402026597544,-0.8604110866485712,-26.61586375816458,-0.01912858174625246,0.4490156890792638,-0.001441,0.5688466853826202,0.0078843,0,1.0
3125,0.12250044474295269,0.06455131049027688,0.0015493,1.8245104092038358,3.4333385372646403,-24.848460745155645,1.01338506043586,10.08309445443544,0.32696719194081925,-75.4165720974551,-0.8125632746084135,32.719303761742104,-0.8604110866485712,48.161447741256524,-0.01912858174625246,-0.1738713391714796,-0.001441,0.17392009910938752,0.0078843,1,1.0
3126,0.30836649596409066,0.014716902430550271,0.0015493,1.8245104092038358,3.4333385372646403,-30.736426677694098,1.01338506043586,1.1317113506102379,0.32696719194081925,-14.3131385051775,-0.8125632746084135,-2.326900519837855,-0.8604110866485712,30.801191975400876,-0.01912858174625246,-0.02147138089875331,-0.001441,0.021312024355569597,0.0078843,1,1.0
3127,0.033885717377851066,0.03398165589024049,0.0015493,1.8245104092038358,3.4333385372646403,14.889652651186628,1.01338506043586,4.488646854775854,0.32696719194081925,-6.287045984060945,-0.8125632746084135,-31.882934352621678,-0.8604110866485712,0.433192050370928,-0.01912858174625246,-0.1253009022396337,-0.001441,0.12448563371060233,0.0078843,1,1.0
3128,0.0021874479967374343,0.00902799791418568,0.0015493,1.8245104092038358,3.4333385372646403,-42.687371085036844,1.01338506043586,-0.33838787975434126,0.32696719194081925,-57.37595545763154,-0.8125632746084135,85.32779203109816,-0.8604110866485712,41.278986961964314,-0.01912858174625246,-0.03348837104360512,-0.001441,0.034617901851027436,0.0078843,1,1.0
3129,0.5587927651336884,0.04405423411835246,0.0015493,1.8245104092038358,3.4333385372646403,-69.09550455887332,1.01338506043586,6.9666620617194175,0.32696719194081925,-77.16590903782253,-0.8125632746084135,28.582842286888795,-0.8604110866485712,85.01058123060467,-0.01912858174625246,-0.0891333656046683,-0.001441,0.09015043241927874,0.0078843,1,1.0
3130,0.03428184473979651,0.10592189967042526,0.0015493,1.8245104092038358,3.4333385372646403,22.612946796236617,1.01338506043586,8.832044451374838,0.32696719194081925,-30.509203960669712,-0.8125632746084135,-8.636095481401764,-0.8604110866485712,4.303795362214968,-0.01912858174625246,-0.04833928343221744,-0.001441,0.21769693691608888,0.0078843,1,1.0
3131,0.29336146858446377,0.024820708781311006,0.0015493,1.8245104092038358,3.4333385372646403,-18.47227491667409,1.01338506043586,6.387179577946881,0.32696719194081925,-27.923202840316538,-0.8125632746084135,-18.966311223499734,-0.8604110866485712,31.92284792842956,-0.01912858174625246,-0.10128288898125842,-0.001441,0.10245055429718186,0.0078843,1,1.0
3132,0.15317815378179045,0.05337188298106905,0.0015493,1.8245104092038358,3.4333385372646403,-18.179900827487746,1.01338506043586,10.048661646536756,0.32696719194081925,-56.495653189033504,-0.8125632746084135,11.810199545615951,-0.8604110866485712,37.094467199520004,-0.01912858174625246,-0.15713920137397794,-0.001441,0.1594610982015163,0.0078843,1,1.0
3133,0.05809591675531836,0.027583920044621544,0.0015493,1.8245104092038358,3.4333385372646403,15.669139246944615,1.01338506043586,4.1586679987900945,0.32696719194081925,-0.4569939259408152,-0.8125632746084135,-38.38177172943642,-0.8604110866485712,-1.5952247846912428,-0.01912858174625246,-0.1134184316792367,-0.001441,0.11531559167054815,0.0078843,1,1.0
3134,0.2594462964700196,0.008573782349672569,0.0015493,1.8245104092038358,3.4333385372646403,-45.39981024443297,1.01338506043586,2.244522176149686,0.32696719194081925,-46.624249396414406,-0.8125632746084135,38.59767581828766,-0.8604110866485712,48.6014127308311,-0.01912858174625246,-0.014183934902321171,-0.001441,0.014385525447803305,0.0078843,1,1.0
3135,0.7042130108171842,0.20111976030297607,0.0015493,1.8245104092038358,3.4333385372646403,76.61001012839432,1.01338506043586,30.152042960524156,0.32696719194081925,-86.54401726938647,-0.8125632746084135,-32.45706911465273,-0.8604110866485712,20.044032029484544,-0.01912858174625246,0.37020335070896176,-0.001441,0.7772579940526831,0.0078843,0,1.0
3136,0.1218962150904962,0.08782740994775236,0.0015493,1.8245104092038358,3.4333385372646403,99.98698881980043,1.01338506043586,17.04068651903406,0.32696719194081925,-29.111923057093684,-0.8125632746084135,0.1925335219711869,-0.8604110866485712,-37.83678681541261,-0.01912858174625246,0.46789102777159836,-0.001441,0.5353331121042391,0.0078843,0,1.0
3137,0.13827141171128987,0.14713201077825486,0.0015493,1.8245104092038358,3.4333385372646403,9.239079220298313,1.01338506043586,13.02333468683833,0.32696719194081925,-63.76751509089495,-0.8125632746084135,12.035360599197634,-0.8604110866485712,26.996311114828075,-0.01912858174625246,-0.057156102639816464,-0.001441,0.28575128673460765,0.0078843,1,1.0
3138,0.037447558630042954,0.017317175357490083,0.0015493,1.8245104092038358,3.4333385372646403,-36.42495091193681,1.01338506043586,6.436235638334443,0.32696719194081925,-73.32590837452759,-0.8125632746084135,69.28176363272445,-0.8604110866485712,45.84080668811884,-0.01912858174625246,-0.08294692145512704,-0.001441,0.0847607143602248,0.0078843,1,1.0
3139,-0.0009139697769673383,0.11602386341056253,0.0015493,1.8245104092038358,3.4333385372646403,13.410211237766555,1.01338506043586,6.822566259329769,0.32696719194081925,-46.22527121991979,-0.8125632746084135,48.45372846388441,-0.8604110866485712,8.950175260511227,-0.01912858174625246,0.15208320259870511,-0.001441,0.17746432034281223,0.0078843,0,1.0
3140,0.2684254435129934,0.02017168291049326,0.0015493,1.8245104092038358,3.4333385372646403,-18.811622216991555,1.01338506043586,6.071672617618656,0.32696719194081925,-25.065536039601394,-0.8125632746084135,-14.532320708637902,-0.8604110866485712,28.7177626374529,-0.01912858174625246,-0.0884820783996144,-0.001441,0.08863584438611548,0.0078843,1,1.0
3141,0.20192781327485385,0.008650234087804642,0.0015493,1.8245104092038358,3.4333385372646403,-68.63013791947587,1.01338506043586,4.846745411912715,0.32696719194081925,-93.89049231699812,-0.8125632746084135,98.29828130830806,-0.8604110866485712,74.50527834299702,-0.01912858174625246,-0.047054809084971144,-0.001441,0.04701921383564964,0.0078843,1,1.0
3142,0.6448004211239292,0.09465083849740547,0.0015493,1.8245104092038358,3.4333385372646403,-53.451509073837265,1.01338506043586,12.803855819985891,0.32696719194081925,-72.96279113550692,-0.8125632746084135,-16.894699394178062,-0.8604110866485712,80.12586834631007,-0.01912858174625246,-0.19271587866097592,-0.001441,0.19480275460606153,0.0078843,1,1.0
3143,0.8142558072351171,0.2493044692078612,0.0015493,1.8245104092038358,3.4333385372646403,99.88497715877159,1.01338506043586,33.16626048043655,0.32696719194081925,-69.61401661107728,-0.8125632746084135,-82.46303136825917,-0.8604110866485712,8.257993951255349,-0.01912858174625246,0.34868720860497465,-0.001441,0.876074738849292,0.0078843,0,1.0
3144,0.1616795826589147,0.08595104444878938,0.0015493,1.8245104092038358,3.4333385372646403,99.99895109827398,1.01338506043586,19.881010764685634,0.32696719194081925,-42.18991382291342,-0.8125632746084135,-3.1297570020077767,-0.8604110866485712,-30.20657817118671,-0.01912858174625246,0.4301101171168423,-0.001441,0.5844482968297141,0.0078843,0,1.0
3145,0.02832323584551826,0.0010021873470343913,0.0015493,1.8245104092038358,3.4333385372646403,-19.494492453104304,1.01338506043586,1.268694758599654,0.32696719194081925,-29.636739767404404,-0.8125632746084135,34.00227429986597,-0.8604110866485712,21.322262283574208,-0.01912858174625246,-0.010593043867660615,-0.001441,0.010452280105407769,0.0078843,1,1.0
3146,0.3849949052161581,0.02210962750144535,0.0015493,1.8245104092038358,3.4333385372646403,-40.39544792491727,1.01338506043586,4.969059991183815,0.32696719194081925,-35.38025878104185,-0.8125632746084135,3.0232724051546294,-0.8604110866485712,46.03891979905859,-0.01912858174625246,-0.0626946242275106,-0.001441,0.062049791853658914,0.0078843,1,1.0
3147,0.38715296933579624,0.1391076188594399,0.0015493,1.8245104092038358,3.4333385372646403,99.65284043090475,1.01338506043586,21.830943808585527,0.32696719194081925,-32.92903377582844,-0.8125632746084135,-42.4265578272762,-0.8604110866485712,-24.416986341490578,-0.01912858174625246,0.4146214368328131,-0.001441,0.6248295263885224,0.0078843,0,1.0
3148,0.549745729416976,0.036288697222407795,0.0015493,1.8245104092038358,3.4333385372646403,-66.04094539182456,1.01338506043586,6.603684009005563,0.32696719194081925,-64.67171113083708,-0.8125632746084135,22.306480940475964,-0.8604110866485712,76.23061206693433,-0.01912858174625246,-0.07035377649767642,-0.001441,0.07136005647982573,0.0078843,1,1.0
3149,-0.007690085080856425,0.13793327393011817,0.0015493,1.8245104092038358,3.4333385372646403,-15.465904219329088,1.01338506043586,-1.0293403021997045,0.32696719194081925,-15.702665219424892,-0.8125632746084135,59.92833699723079,-0.8604110866485712,6.044247525412084,-0.01912858174625246,-0.0841105957288468,-0.001441,0.23281619171473147,0.0078843,1,1.0
3150,0.7263589138048097,0.06772584275288858,0.0015493,1.8245104092038358,3.4333385372646403,-89.49045997280817,1.01338506043586,4.443722510116794,0.32696719194081925,-72.22810775247962,-0.8125632746084135,31.543188572785255,-0.8604110866485712,97.23050425268714,-0.01912858174625246,-0.024217768039007645,-0.001441,0.02345390677104099,0.0078843,1,1.0
3151,0.5855435816219139,0.04838702875870571,0.0015493,1.8245104092038358,3.4333385372646403,-55.10700714676142,1.01338506043586,7.96460509302604,0.32696719194081925,-57.077731075906776,-0.8125632746084135,-5.24619500580627,-0.8604110866485712,71.4222919218935,-0.01912858174625246,-0.10746834341471415,-0.001441,0.10752460810053097,0.0078843,1,1.0
3152,-0.000835348153631843,0.09617088705399292,0.0015493,1.8245104092038358,3.4333385372646403,4.711256385664048,1.01338506043586,9.605812689789067,0.32696719194081925,-53.58093295638641,-0.8125632746084135,33.43728881363092,-0.8604110866485712,17.276807205319766,-0.01912858174625246,-0.018090521856559114,-0.001441,0.18936997482574408,0.0078843,1,1.0
3153,0.013067914820727111,0.09476726008238597,0.0015493,1.8245104092038358,3.4333385372646403,78.03776906520208,1.01338506043586,11.668661730687573,0.32696719194081925,-46.79036144558779,-0.8125632746084135,74.22874381277857,-0.8604110866485712,-27.965257110598127,-0.01912858174625246,0.40330022704222473,-0.001441,0.6552852310031985,0.0078843,0,1.0
3154,0.005298909724154699,0.062008876330459636,0.0015493,1.8245104092038358,3.4333385372646403,-32.07638041893477,1.01338506043586,-5.8305650587891495,0.32696719194081925,-4.968692264657556,-0.8125632746084135,56.98431780179615,-0.8604110866485712,12.250152502127342,-0.01912858174625246,-0.16744265786110238,-0.001441,0.169237209648589,0.0078843,1,1.0
3155,0.0004265416103481634,0.05379802802130203,0.0015493,1.8245104092038358,3.4333385372646403,64.06787458913101,1.01338506043586,16.28966169853703,0.32696719194081925,-86.87357942442931,-0.8125632746084135,98.33407654604888,-0.8604110866485712,-4.800959067299858,-0.01912858174625246,0.46764986943803494,-0.001441,0.5425587459245654,0.0078843,0,1.0
3156,0.20757766786219373,0.007221379624360941,0.0015493,1.8245104092038358,3.4333385372646403,-35.22467429897187,1.01338506043586,0.933188385645954,0.32696719194081925,-29.85459987862106,-0.8125632746084135,27.608788034954888,-0.8604110866485712,34.85828110832899,-0.01912858174625246,-0.024108851009601334,-0.001441,0.02410691672204282,0.0078843,1,1.0
3157,0.41818576806682367,0.02108018708885205,0.0015493,1.8245104092038358,3.4333385372646403,-66.34334826565603,1.01338506043586,4.099373479527825,0.32696719194081925,-69.10161582241739,-0.8125632746084135,48.98300058663879,-0.8604110866485712,73.36609417564406,-0.01912858174625246,-0.030631024558137203,-0.001441,0.030435093738821355,0.0078843,1,1.0
3158,0.20685245605948555,0.026082651826428126,0.0015493,1.8245104092038358,3.4333385372646403,-59.53698293428696,1.01338506043586,-1.1896547671972975,0.32696719194081925,-51.413552763338274,-0.8125632746084135,75.00086628918719,-0.8604110866485712,53.02781548517389,-0.01912858174625246,-0.07949082198927451,-0.001441,0.0813606340256412,0.0078843,1,1.0
3159,6.668055935381278e-05,0.008282614835347242,0.0015493,1.8245104092038358,3.4333385372646403,-26.113475648542213,1.01338506043586,-0.15050587768922882,0.32696719194081925,-28.108929970478695,-0.8125632746084135,50.5891249241711,-0.8604110866485712,20.385268696631655,-0.01912858174625246,-0.06343823899830886,-0.001441,0.06329021825232914,0.0078843,1,1.0
3160,0.3956618004651337,0.14100051004373662,0.0015493,1.8245104092038358,3.4333385372646403,-8.979051115090318,1.01338506043586,12.349920512013687,0.32696719194081925,-47.66608202325705,-0.8125632746084135,-48.80769999030318,-0.8604110866485712,43.94555947900232,-0.01912858174625246,-0.2477748222433857,-0.001441,0.264035908114391,0.0078843,1,1.0
3161,0.6541305470775278,0.07224096244213157,0.0015493,1.8245104092038358,3.4333385372646403,-47.08275685866678,1.01338506043586,9.345585909157338,0.32696719194081925,-48.388849025860765,-0.8125632746084135,-33.646281488128274,-0.8604110866485712,68.09898953052614,-0.01912858174625246,-0.14257179712857382,-0.001441,0.14470652536227374,0.0078843,1,1.0
3162,0.23322445173125128,0.09067842316214365,0.0015493,1.8245104092038358,3.4333385372646403,99.2090127968576,1.01338506043586,21.856421188159047,0.32696719194081925,-52.01759873479272,-0.8125632746084135,-6.658631578453168,-0.8604110866485712,-22.494096067799028,-0.01912858174625246,0.4134119755684037,-0.001441,0.6371396693283732,0.0078843,0,1.0
3163,0.004051592452097805,0.0012720901115246936,0.0015493,1.8245104092038358,3.4333385372646403,-9.979814051541078,1.01338506043586,-0.3418779949585588,0.32696719194081925,-10.32163560539589,-0.8125632746084135,18.568785996359043,-0.8604110866485712,8.143313823945046,-0.01912858174625246,-0.0191493499146926,-0.001441,0.018852907220950035,0.0078843,1,1.0
3164,0.15507623219958755,0.0652744211940512,0.0015493,1.8245104092038358,3.4333385372646403,84.12303917487358,1.01338506043586,23.15815198022075,0.32696719194081925,-84.04368930273101,-0.8125632746084135,38.61064383773508,-0.8604110866485712,-6.768866808429484,-0.01912858174625246,0.4097042077584059,-0.001441,0.6327810835882539,0.0078843,0,1.0
3165,0.42511084539700233,0.04185932231239135,0.0015493,1.8245104092038358,3.4333385372646403,-64.45409310246269,1.01338506043586,0.5332318466367917,0.32696719194081925,-42.254310107189454,-0.8125632746084135,40.24190629794884,-0.8604110866485712,59.84345505893807,-0.01912858174625246,-0.07176205232601388,-0.001441,0.07439790266799995,0.0078843,1,1.0
3166,0.31222462572117027,0.17409848876215595,0.0015493,1.8245104092038358,3.4333385372646403,-5.999576347571634,1.01338506043586,15.308063443392479,0.32696719194081925,-80.20265181393835,-0.8125632746084135,11.240230376462286,-0.8604110866485712,47.32793777922933,-0.01912858174625246,-0.07580034916646292,-0.001441,0.31887029371330733,0.0078843,1,1.0
3167,0.07037752998937197,0.1217427961859808,0.0015493,1.8245104092038358,3.4333385372646403,99.71298993727851,1.01338506043586,13.995146369940802,0.32696719194081925,-9.84427360498997,-0.8125632746084135,-17.557045935945496,-0.8604110866485712,-45.47365678732343,-0.01912858174625246,0.39188905307650135,-0.001441,0.4830150926838034,0.0078843,0,1.0
3168,0.05403894619305594,0.06110633856133563,0.0015493,1.8245104092038358,3.4333385372646403,93.09201112093125,1.01338506043586,19.418265608988904,0.32696719194081925,-57.755993898874365,-0.8125632746084135,30.825612767035185,-0.8604110866485712,-25.86935792285515,-0.01912858174625246,0.4465154490791202,-0.001441,0.5606995838037508,0.0078843,0,1.0
3169,0.8613429200932955,0.11053563213760115,0.0015493,1.8245104092038358,3.4333385372646403,-73.15364966869423,1.01338506043586,11.564570003824779,0.32696719194081925,-74.32513400311599,-0.8125632746084135,-23.219596648852146,-0.8604110866485712,98.37077356417096,-0.01912858174625246,-0.1665637628692586,-0.001441,0.16672067852220246,0.0078843,1,1.0
3170,0.0905642999367279,0.006554503553194873,0.0015493,1.8245104092038358,3.4333385372646403,-42.891088509622556,1.01338506043586,2.9813681780066092,0.32696719194081925,-64.51063895940558,-0.8125632746084135,70.38505780143056,-0.8604110866485712,47.926110010386864,-0.01912858174625246,-0.020846424164373933,-0.001441,0.025946944377886833,0.0078843,1,1.0
3171,3.131379919762978e-05,0.03414000701972518,0.0015493,1.8245104092038358,3.4333385372646403,83.07568082973185,1.01338506043586,22.3604572520205,0.32696719194081925,-98.98168494189062,-0.8125632746084135,73.21220632499485,-0.8604110866485712,-6.320961581191936,-0.01912858174625246,0.41584833287128037,-0.001441,0.6285137238190726,0.0078843,0,1.0
3172,0.22327349534827368,0.07884077244449875,0.0015493,1.8245104092038358,3.4333385372646403,-36.99340985249491,1.01338506043586,13.050019122461176,0.32696719194081925,-87.25281180761588,-0.8125632746084135,36.66474942058418,-0.8604110866485712,59.83158952223912,-0.01912858174625246,-0.19210022070131125,-0.001441,0.19525002248842058,0.0078843,1,1.0
3173,0.4678321428874165,0.1351302138142203,0.0015493,1.8245104092038358,3.4333385372646403,-19.30048517520629,1.01338506043586,15.112024796067475,0.32696719194081925,-53.51224859890574,-0.8125632746084135,-43.002391730329926,-0.8604110866485712,49.55414580855937,-0.01912858174625246,-0.22702115529971262,-0.001441,0.2515426809502989,0.0078843,1,1.0
3174,0.006083455136459026,0.04582175023435937,0.0015493,1.8245104092038358,3.4333385372646403,99.97091237509356,1.01338506043586,19.89090528865835,0.32696719194081925,-62.06582631032852,-0.8125632746084135,33.386281113258676,-0.8604110866485712,-28.063171219012496,-0.01912858174625246,0.4265915803632464,-0.001441,0.6040301369764197,0.0078843,0,1.0
3175,0.040610653241339056,0.07022716529052285,0.0015493,1.8245104092038358,3.4333385372646403,-0.17382053560455282,1.01338506043586,9.888158002113691,0.32696719194081925,-45.79435210764827,-0.8125632746084135,-0.497499742019648,-0.8604110866485712,21.6047816930216,-0.01912858174625246,-0.17676895046373944,-0.001441,0.17735545754293333,0.0078843,1,1.0
3176,0.00319837964455591,0.039480528791923944,0.0015493,1.8245104092038358,3.4333385372646403,-26.7148503312167,1.01338506043586,3.052426327500552,0.32696719194081925,-59.95343590375361,-0.8125632746084135,72.1592244560755,-0.8604110866485712,35.092073893238975,-0.01912858174625246,0.027609834706875426,-0.001441,0.050762947217893116,0.0078843,0,1.0
3177,0.31983426203829124,0.1055658734568781,0.0015493,1.8245104092038358,3.4333385372646403,6.717803102465196,1.01338506043586,11.511986392391194,0.32696719194081925,-21.221725333811932,-0.8125632746084135,-68.98791943908549,-0.8604110866485712,21.558626510300034,-0.01912858174625246,-0.22077787317832237,-0.001441,0.22724872129364665,0.0078843,1,1.0
3178,0.013062287740335576,0.05680623387955147,0.0015493,1.8245104092038358,3.4333385372646403,1.4564661344064669,1.01338506043586,8.359178923372454,0.32696719194081925,-40.72962629178319,-0.8125632746084135,4.933581435837366,-0.8604110866485712,17.329010786345524,-0.01912858174625246,-0.13492647560203083,-0.001441,0.15456495507824472,0.0078843,1,1.0
3179,0.1326404412212302,0.00529439352399181,0.0015493,1.8245104092038358,3.4333385372646403,-23.61048033218326,1.01338506043586,-0.4517984899644417,0.32696719194081925,-18.110544322671682,-0.8125632746084135,19.753750057735413,-0.8604110866485712,22.95570839350551,-0.01912858174625246,-0.02056596675398921,-0.001441,0.020747359433270475,0.0078843,1,1.0
3180,0.7881277676337288,0.16358427095684216,0.0015493,1.8245104092038358,3.4333385372646403,-79.93149034645575,1.01338506043586,-2.527771033385566,0.32696719194081925,-10.040016682770798,-0.8125632746084135,-7.181486795044675,-0.8604110866485712,67.39425795471253,-0.01912858174625246,-0.1359349953492309,-0.001441,0.1376655195807436,0.0078843,1,1.0
3181,0.00045939838045228054,0.03705455816470777,0.0015493,1.8245104092038358,3.4333385372646403,81.3369172527665,1.01338506043586,20.86066160588635,0.32696719194081925,-95.95435805377214,-0.8125632746084135,75.63483568735562,-0.8604110866485712,-6.340079178414736,-0.01912858174625246,0.4229630063475466,-0.001441,0.6195524588388032,0.0078843,0,1.0
3182,0.2252313599031614,0.011401726852573534,0.0015493,1.8245104092038358,3.4333385372646403,-15.563514967296921,1.01338506043586,3.8922567999177375,0.32696719194081925,-13.332711941147162,-0.8125632746084135,-13.814086374910998,-0.8604110866485712,20.338847917707366,-0.01912858174625246,-0.05508537417997399,-0.001441,0.055519021931561455,0.0078843,1,1.0
3183,0.6953825623572303,0.10754834048111499,0.0015493,1.8245104092038358,3.4333385372646403,-56.45714847065615,1.01338506043586,12.372137279420384,0.32696719194081925,-74.90171059057272,-0.8125632746084135,-18.147151959835202,-0.8604110866485712,85.07263886042999,-0.01912858174625246,-0.18468300653974504,-0.001441,0.19923838692835552,0.0078843,1,1.0
3184,0.08507112395299593,0.005449135452991735,0.0015493,1.8245104092038358,3.4333385372646403,-51.58856751707545,1.01338506043586,3.626641666136705,0.32696719194081925,-76.31631788691624,-0.8125632746084135,87.76339797939947,-0.8604110866485712,55.297126945623745,-0.01912858174625246,-0.03841929838254487,-0.001441,0.039445707659395444,0.0078843,1,1.0
3185,0.42320797301399865,0.0208969219426635,0.0015493,1.8245104092038358,3.4333385372646403,-59.642093293555476,1.01338506043586,4.543304069269845,0.32696719194081925,-61.04512999935609,-0.8125632746084135,34.85402488613719,-0.8604110866485712,67.37326074095938,-0.01912858174625246,-0.04075787908894165,-0.001441,0.04143005645089123,0.0078843,1,1.0
3186,0.13382451353522473,0.1112730711859221,0.0015493,1.8245104092038358,3.4333385372646403,95.20384001856843,1.01338506043586,16.008522444956423,0.32696719194081925,-25.15051196363078,-0.8125632746084135,-7.068409355503337,-0.8604110866485712,-35.54707842353058,-0.01912858174625246,0.4217761172340268,-0.001441,0.515297119517371,0.0078843,0,1.0
3187,0.3238540121166884,0.01739996367793603,0.0015493,1.8245104092038358,3.4333385372646403,-41.6462145453417,1.01338506043586,0.7093637589276646,0.32696719194081925,-28.942440611279103,-0.8125632746084135,17.026899492830797,-0.8604110866485712,42.734014737384136,-0.01912858174625246,-0.013005012759774668,-0.001441,0.013984095983704708,0.0078843,1,1.0
3188,8.958975503925437e-05,0.036890370744899315,0.0015493,1.8245104092038358,3.4333385372646403,98.50030645217443,1.01338506043586,22.855645110739776,0.32696719194081925,-92.65294908286693,-0.8125632746084135,56.616238426356226,-0.8604110866485712,-14.230527101578886,-0.01912858174625246,0.40131391463414756,-0.001441,0.7010667098504872,0.0078843,0,1.0
3189,0.018786390131512287,0.06733676252893851,0.0015493,1.8245104092038358,3.4333385372646403,99.62984931384148,1.01338506043586,15.30129008782309,0.32696719194081925,-34.5888233098401,-0.8125632746084135,22.970972651200086,-0.8604110866485712,-39.26653945886492,-0.01912858174625246,0.45390169632321437,-0.001441,0.5551470095609892,0.0078843,0,1.0
3190,0.76255667535629,0.12850881033561556,0.0015493,1.8245104092038358,3.4333385372646403,-31.898433008878303,1.01338506043586,12.152683316047519,0.32696719194081925,-32.51758450643592,-0.8125632746084135,-84.72003282225563,-0.8604110866485712,60.77184076410183,-0.01912858174625246,-0.21353252601502434,-0.001441,0.21265894003851657,0.0078843,1,1.0
3191,0.006967222715779653,0.011297850210694953,0.0015493,1.8245104092038358,3.4333385372646403,-41.7612494550366,1.01338506043586,-0.8622767777082645,0.32696719194081925,-48.472067035699304,-0.8125632746084135,81.0457287341067,-0.8604110866485712,36.165199814888304,-0.01912858174625246,-0.06406250545460512,-0.001441,0.06541571916773364,0.0078843,1,1.0
3192,-0.0005842541619955899,0.11548667266881261,0.0015493,1.8245104092038358,3.4333385372646403,1.3389364645663007,1.01338506043586,11.751816496612463,0.32696719194081925,-64.19829142371474,-0.8125632746084135,18.381330175738995,-0.8604110866485712,26.713933163008697,-0.01912858174625246,-0.1711894052035246,-0.001441,0.22562661819960467,0.0078843,1,1.0
3193,0.44232940612192284,0.027676246487383694,0.0015493,1.8245104092038358,3.4333385372646403,-32.43006383028832,1.01338506043586,4.409192837342216,0.32696719194081925,-24.175514717178572,-0.8125632746084135,-22.782207738611866,-0.8604110866485712,42.60363551765595,-0.01912858174625246,-0.06156962628505194,-0.001441,0.0639330736496437,0.0078843,1,1.0
3194,0.0005346486199172551,0.05735709288018814,0.0015493,1.8245104092038358,3.4333385372646403,98.87014385773287,1.01338506043586,16.84242622027957,0.32696719194081925,-43.843222119885034,-0.8125632746084135,28.73282935703457,-0.8604110866485712,-36.02835464552514,-0.01912858174625246,0.4607708727739065,-0.001441,0.5461256891736636,0.0078843,0,1.0
3195,0.20880881356898984,0.006241784963876959,0.0015493,1.8245104092038358,3.4333385372646403,-45.76281463667618,1.01338506043586,3.521604470616566,0.32696719194081925,-58.07964029790244,-0.8125632746084135,50.62479857549787,-0.8604110866485712,51.351035261974026,-0.01912858174625246,-0.03250458517465273,-0.001441,0.03224839118168781,0.0078843,1,1.0
3196,0.15276490530770304,0.13070334913566597,0.0015493,1.8245104092038358,3.4333385372646403,10.51677228743525,1.01338506043586,11.497963899914962,0.32696719194081925,-52.41934132003941,-0.8125632746084135,4.967418623998868,-0.8604110866485712,22.17031329118444,-0.01912858174625246,-0.030577756921776278,-0.001441,0.258047412931784,0.0078843,1,1.0
3197,0.07273975076407524,0.0720570125219603,0.0015493,1.8245104092038358,3.4333385372646403,99.91945912340545,1.01338506043586,18.52848862789973,0.32696719194081925,-46.02170451266999,-0.8125632746084135,12.431264218735635,-0.8604110866485712,-31.510584303639657,-0.01912858174625246,0.4211812122827234,-0.001441,0.5804200403062674,0.0078843,0,1.0
3198,0.005582893101590269,0.024242519328686034,0.0015493,1.8245104092038358,3.4333385372646403,5.094986196122232,1.01338506043586,3.1533558068816028,0.32696719194081925,-14.892785811621756,-0.8125632746084135,-1.3788447444038296,-0.8604110866485712,5.084251918409794,-0.01912858174625246,-0.04856737252658975,-0.001441,0.0802856810574995,0.0078843,1,1.0
3199,0.03586057094048378,0.07291879742339837,0.0015493,1.8245104092038358,3.4333385372646403,57.506460320806255,1.01338506043586,16.258942081724424,0.32696719194081925,-84.49861318090672,-0.8125632746084135,99.82683026800666,-0.8604110866485712,-3.141343821462684,-0.01912858174625246,0.44391122313665576,-0.001441,0.5534373420682559,0.0078843,0,1.0
3200,0.08537145350762979,0.0006720087468659202,0.0015493,2.0297019070506708,4.771048392117648,-10.854722351105066,1.01338506043586,2.290923818815119,0.32696719194081925,-0.2588329547233203,-0.8125632746084135,-40.786366112165794,-0.8604110866485712,12.247284861056864,-0.01912858174625246,-0.00958616030461088,-0.001441,0.009811877319882747,0.0078843,1,1.0
3201,0.10447575947201027,0.018139644949646726,0.0015493,2.0297019070506708,4.771048392117648,-5.44617146202298,1.01338506043586,16.623489010800544,0.32696719194081925,-53.594141501251045,-0.8125632746084135,-89.20179546523046,-0.8604110866485712,34.29459415110541,-0.01912858174625246,-0.0851789762465782,-0.001441,0.08677322478088258,0.0078843,1,1.0
3202,0.3521832335843206,0.008113040498916844,0.0015493,2.0297019070506708,4.771048392117648,-91.5575107023556,1.01338506043586,11.27038937703841,0.32696719194081925,-70.41049753624824,-0.8125632746084135,-52.05187548599028,-0.8604110866485712,92.48924062475355,-0.01912858174625246,-0.04410598159252535,-0.001441,0.044100700798866854,0.0078843,1,1.0
3203,0.00017812752772968649,0.0011865284293104028,0.0015493,2.0297019070506708,4.771048392117648,-5.893852754898344,1.01338506043586,0.7207209256781562,0.32696719194081925,-3.4222823279448944,-0.8125632746084135,18.066748272740245,-0.8604110866485712,0.7147503888539904,-0.01912858174625246,-0.015801296787216902,-0.001441,0.015565281456042072,0.0078843,1,1.0
3204,0.2054967559569199,0.0025285236155706387,0.0015493,2.0297019070506708,4.771048392117648,-57.68594270310426,1.01338506043586,5.3258138031562,0.32696719194081925,-40.457818121741724,-0.8125632746084135,-17.183123894313482,-0.8604110866485712,54.78054841432463,-0.01912858174625246,-0.018294934671291178,-0.001441,0.018300606329329196,0.0078843,1,1.0
3205,0.35937243847639333,0.010835104546350009,0.0015493,2.0297019070506708,4.771048392117648,-85.80663520125373,1.01338506043586,13.9227805041989,0.32696719194081925,-77.06208768959684,-0.8125632746084135,-78.88907846164588,-0.8604110866485712,95.64638706869837,-0.01912858174625246,-0.06289027224771586,-0.001441,0.06288804608044792,0.0078843,1,1.0
3206,0.14217329771152806,0.004909054049463727,0.0015493,2.0297019070506708,4.771048392117648,-49.30751064480755,1.01338506043586,8.594461591685116,0.32696719194081925,-70.2702706922851,-0.8125632746084135,0.3134146049076366,-0.8604110866485712,60.32840473743038,-0.01912858174625246,-0.047323002783570774,-0.001441,0.047342330088263225,0.0078843,1,1.0
3207,0.04105745130018325,0.0032371328408954134,0.0015493,2.0297019070506708,4.771048392117648,-38.18383348282908,1.01338506043586,7.434702140207765,0.32696719194081925,-73.56504855973371,-0.8125632746084135,54.4059856726486,-0.8604110866485712,45.88067489609834,-0.01912858174625246,-0.03637604871228467,-0.001441,0.036267175615602054,0.0078843,1,1.0
3208,0.12988774661452832,0.010845830209152644,0.0015493,2.0297019070506708,4.771048392117648,-62.99042680978202,1.01338506043586,-6.844733466953512,0.32696719194081925,-10.661180785861724,-0.8125632746084135,75.12916666058263,-0.8604110866485712,35.186909615762815,-0.01912858174625246,-0.050633076202941496,-0.001441,0.050846350269786914,0.0078843,1,1.0
3209,0.0028287788093698807,0.07995588441082546,0.0015493,2.0297019070506708,4.771048392117648,64.66335799908595,1.01338506043586,17.228032237862458,0.32696719194081925,-79.74200234685719,-0.8125632746084135,41.10093480785117,-0.8604110866485712,3.005692234134783,-0.01912858174625246,0.023220135278619686,-0.001441,0.15022863650195747,0.0078843,0,1.0
3210,0.12229925903658145,0.002385134810520494,0.0015493,2.0297019070506708,4.771048392117648,-36.765945911322326,1.01338506043586,-1.3975161409784063,0.32696719194081925,-8.738293308414109,-0.8125632746084135,1.5599134807411321,-0.8604110866485712,27.814171494505892,-0.01912858174625246,-0.011855482737326829,-0.001441,0.011836196750513273,0.0078843,1,1.0
3211,0.0004756789385488014,0.02058248086569136,0.0015493,2.0297019070506708,4.771048392117648,16.605756808049758,1.01338506043586,4.271891522244364,0.32696719194081925,-4.11781124800165,-0.8125632746084135,9.283938929673663,-0.8604110866485712,-9.541307966294816,-0.01912858174625246,-0.0010828895665804666,-0.001441,0.038912479734113624,0.0078843,1,1.0
3212,0.23077351116567557,0.00593651813080865,0.0015493,2.0297019070506708,4.771048392117648,-84.08105740815631,1.01338506043586,12.432157561883862,0.32696719194081925,-99.81271844623842,-0.8125632746084135,20.79607793954024,-0.8604110866485712,89.16701250360077,-0.01912858174625246,-0.05193861755069442,-0.001441,0.05196431637809775,0.0078843,1,1.0
3213,0.11496635352843178,0.0010719401064752132,0.0015493,2.0297019070506708,4.771048392117648,-50.954025992450035,1.01338506043586,4.888297539177488,0.32696719194081925,-55.2775123395173,-0.8125632746084135,35.75678831538771,-0.8604110866485712,49.21240421003892,-0.01912858174625246,-0.017618596966566747,-0.001441,0.017545791931849495,0.0078843,1,1.0
3214,0.0887816363958893,0.0005745742588166608,0.0015493,2.0297019070506708,4.771048392117648,-31.5411977910521,1.01338506043586,2.7934650949084605,0.32696719194081925,-28.91112569333968,-0.8125632746084135,8.808899476062704,-0.8604110866485712,30.379287558354,-0.01912858174625246,-0.009884204312237462,-0.001441,0.010041290701250798,0.0078843,1,1.0
3215,0.21220086155919143,0.002846196631825679,0.0015493,2.0297019070506708,4.771048392117648,-62.504699206500085,1.01338506043586,5.431842770633967,0.32696719194081925,-47.65330716555938,-0.8125632746084135,-11.272415244575283,-0.8604110866485712,60.54873329277722,-0.01912858174625246,-0.019938764973528204,-0.001441,0.020073345438272484,0.0078843,1,1.0
3216,0.00046413629613458254,0.000377131599301079,0.0015493,2.0297019070506708,4.771048392117648,-24.036976776428705,1.01338506043586,-0.7664134317207161,0.32696719194081925,-25.768762251324656,-0.8125632746084135,64.06014231688307,-0.8604110866485712,16.8216818221532,-0.01912858174625246,-0.009793040640490596,-0.001441,0.009876918019680039,0.0078843,1,1.0
3217,0.005960249882234425,0.0068745555005287826,0.0015493,2.0297019070506708,4.771048392117648,-11.09916702507518,1.01338506043586,7.352136682191512,0.32696719194081925,-44.31781158190192,-0.8125632746084135,27.802045260530548,-0.8604110866485712,19.3609103513263,-0.01912858174625246,-0.027030164797623976,-0.001441,0.03532029147069381,0.0078843,1,1.0
3218,0.003995755301329659,0.036365650034644724,0.0015493,2.0297019070506708,4.771048392117648,17.100143360222344,1.01338506043586,4.775648471988888,0.32696719194081925,-30.120639664198528,-0.8125632746084135,55.21851554384419,-0.8604110866485712,0.562774210924275,-0.01912858174625246,0.0361520885062488,-0.001441,0.04138082761276523,0.0078843,0,1.0
3219,0.007905754258229813,0.006515091529295159,0.0015493,2.0297019070506708,4.771048392117648,-23.650489806447666,1.01338506043586,9.193514016962858,0.32696719194081925,-73.57244192421147,-0.8125632746084135,40.407822879341495,-0.8604110866485712,38.45215584726366,-0.01912858174625246,-0.048744752664111796,-0.001441,0.04955354329743826,0.0078843,1,1.0
3220,0.011344780150511435,0.07533267087941083,0.0015493,2.0297019070506708,4.771048392117648,57.02442025581721,1.01338506043586,16.800956232789492,0.32696719194081925,-64.35406123571559,-0.8125632746084135,53.07438176614416,-0.8604110866485712,-5.044463408218833,-0.01912858174625246,0.042294103427926895,-0.001441,0.12247797074673794,0.0078843,0,1.0
3221,0.2132336273169331,0.0034516179277458234,0.0015493,2.0297019070506708,4.771048392117648,-55.33369905928932,1.01338506043586,7.775929530883151,0.32696719194081925,-48.56524403408615,-0.8125632746084135,-34.1110452163307,-0.8604110866485712,58.93129555229792,-0.01912858174625246,-0.033279226271579226,-0.001441,0.03336376011908834,0.0078843,1,1.0
3222,0.06380002059983399,0.0008730284948565729,0.0015493,2.0297019070506708,4.771048392117648,-45.08246786256519,1.01338506043586,5.513701498177123,0.32696719194081925,-62.55616282828662,-0.8125632746084135,60.73272287506586,-0.8604110866485712,44.20627318960607,-0.01912858174625246,-0.020502196605604678,-0.001441,0.020552076284338902,0.0078843,1,1.0
3223,0.3194947973052919,0.008308844667348074,0.0015493,2.0297019070506708,4.771048392117648,-71.60236691671543,1.01338506043586,1.9798635075115492,0.32696719194081925,-12.827402205499519,-0.8125632746084135,-65.0796930608879,-0.8604110866485712,60.283373927732754,-0.01912858174625246,-0.003555089420928474,-0.001441,0.003572324568913273,0.0078843,1,1.0
3224,0.020950477092482545,0.000779349716568387,0.0015493,2.0297019070506708,4.771048392117648,-23.72862161925031,1.01338506043586,3.0112067018047015,0.32696719194081925,-40.392872606585755,-0.8125632746084135,39.995825619368404,-0.8604110866485712,26.000982735541204,-0.01912858174625246,-0.014631246278307398,-0.001441,0.01496150158448398,0.0078843,1,1.0
3225,0.020638710693838214,0.039851110377290076,0.0015493,2.0297019070506708,4.771048392117648,8.480457279362964,1.01338506043586,20.49065091959704,0.32696719194081925,-90.31860809290883,-0.8125632746084135,-77.03950020349505,-0.8604110866485712,41.051652436926375,-0.01912858174625246,-0.12815347590801748,-0.001441,0.12821875731110935,0.0078843,1,1.0
3226,0.0012394256754805488,0.06669632060228733,0.0015493,2.0297019070506708,4.771048392117648,54.933243979640885,1.01338506043586,10.645181446242937,0.32696719194081925,-42.12011006411897,-0.8125632746084135,53.796289872366934,-0.8604110866485712,-11.539533293065505,-0.01912858174625246,0.05946609584037807,-0.001441,0.09226145365713115,0.0078843,0,1.0
3227,0.011254394873135523,0.0023322306598499054,0.0015493,2.0297019070506708,4.771048392117648,-11.32030968605605,1.01338506043586,5.964701907501962,0.32696719194081925,-37.07346175682226,-0.8125632746084135,13.394921113924244,-0.8604110866485712,18.88825601479953,-0.01912858174625246,-0.02802562129910583,-0.001441,0.028585547063875665,0.0078843,1,1.0
3228,0.13024989706228732,0.0018969564792028078,0.0015493,2.0297019070506708,4.771048392117648,-12.028944550783793,1.01338506043586,3.9158535470953653,0.32696719194081925,-3.0672389696278075,-0.8125632746084135,-79.10190955050527,-0.8604110866485712,20.722249648994204,-0.01912858174625246,-0.026818087143218546,-0.001441,0.026827044059818207,0.0078843,1,1.0
3229,0.0188470360522984,0.006153973615765851,0.0015493,2.0297019070506708,4.771048392117648,18.265127183927888,1.01338506043586,7.903635936909855,0.32696719194081925,-11.689402435302274,-0.8125632746084135,-76.5612998759713,-0.8604110866485712,3.09316927686793,-0.01912858174625246,-0.050349220365525485,-0.001441,0.050296898463832646,0.0078843,1,1.0
3230,0.04028095667495556,0.003147697371031248,0.0015493,2.0297019070506708,4.771048392117648,-45.863248075150594,1.01338506043586,-2.7383008283113788,0.32696719194081925,-28.614252050124577,-0.8125632746084135,95.41632054986853,-0.8604110866485712,26.835769312876742,-0.01912858174625246,-0.03203960964106033,-0.001441,0.031864891222917045,0.0078843,1,1.0
3231,0.18700935213000375,0.009340854726219455,0.0015493,2.0297019070506708,4.771048392117648,-78.47306428472953,1.01338506043586,-3.4543950331773208,0.32696719194081925,-28.713602869491233,-0.8125632746084135,67.48619714875986,-0.8604110866485712,52.53956612154705,-0.01912858174625246,-0.038184883632279065,-0.001441,0.038850081046890333,0.0078843,1,1.0
3232,0.22179718085725092,0.015678387467831845,0.0015493,2.0297019070506708,4.771048392117648,-52.70041149554199,1.01338506043586,17.118448639257604,0.32696719194081925,-89.38333068065926,-0.8125632746084135,-64.29655312380308,-0.8604110866485712,77.07343654540747,-0.01912858174625246,-0.08832340789132426,-0.001441,0.0883071137588744,0.0078843,1,1.0
3233,0.09633105799086432,0.0010955334139365234,0.0015493,2.0297019070506708,4.771048392117648,-58.55806731102291,1.01338506043586,5.694448654382358,0.32696719194081925,-73.58664516955041,-0.8125632746084135,69.0895873508063,-0.8604110866485712,56.65380822793684,-0.01912858174625246,-0.020448227595685722,-0.001441,0.020539348386830913,0.0078843,1,1.0
3234,0.08831120923948822,0.0013020553749364572,0.0015493,2.0297019070506708,4.771048392117648,-37.26532213290093,1.01338506043586,-0.16163193442654333,0.32696719194081925,-19.27131363949428,-0.8125632746084135,30.4784943726537,-0.8604110866485712,26.847621896909043,-0.01912858174625246,-0.013310916523219947,-0.001441,0.013353095896208507,0.0078843,1,1.0
3235,0.0009396389130780301,0.019496802089935508,0.0015493,2.0297019070506708,4.771048392117648,9.944521299202618,1.01338506043586,-0.0751024809971998,0.32696719194081925,-0.2989674885652587,-0.8125632746084135,29.404082232815906,-0.8604110866485712,-6.854464737657088,-0.01912858174625246,0.004162562554796457,-0.001441,0.03437787260873998,0.0078843,0,1.0
3236,0.016875396534345027,0.0009906078384385817,0.0015493,2.0297019070506708,4.771048392117648,-36.3427712319386,1.01338506043586,-1.1601902167799587,0.32696719194081925,-32.72516206733632,-0.8125632746084135,85.09704008960315,-0.8604110866485712,24.121279310446308,-0.01912858174625246,-0.01805148107790073,-0.001441,0.018001211697884885,0.0078843,1,1.0
3237,0.008866936895756683,0.04982876163819359,0.0015493,2.0297019070506708,4.771048392117648,36.3977540013691,1.01338506043586,17.221889732773157,0.32696719194081925,-58.92480844152743,-0.8125632746084135,-8.107434446911084,-0.8604110866485712,5.674001398717264,-0.01912858174625246,-0.024509607872547114,-0.001441,0.10699261184278816,0.0078843,1,1.0
3238,0.06115488775570002,0.014276685072745604,0.0015493,2.0297019070506708,4.771048392117648,9.20573698215809,1.01338506043586,13.370537036028265,0.32696719194081925,-37.46731275905361,-0.8125632746084135,-94.3754441606907,-0.8604110866485712,21.012686987948037,-0.01912858174625246,-0.07861115921126613,-0.001441,0.0787631926487321,0.0078843,1,1.0
3239,0.10929554719748096,0.00287043631122619,0.0015493,2.0297019070506708,4.771048392117648,-5.546882460133785,1.01338506043586,5.952957537527202,0.32696719194081925,-9.40040700160357,-0.8125632746084135,-82.51609670548861,-0.8604110866485712,19.055608491053036,-0.01912858174625246,-0.03752447398159056,-0.001441,0.0375229269033413,0.0078843,1,1.0
3240,0.07151323280802968,0.00043018149286876123,0.0015493,2.0297019070506708,4.771048392117648,-41.396288224794574,1.01338506043586,3.452663093932056,0.32696719194081925,-48.043010666928886,-0.8125632746084135,47.30331079044372,-0.8604110866485712,38.66643146687967,-0.01912858174625246,-0.011211514563867923,-0.001441,0.011265399116342813,0.0078843,1,1.0
3241,0.07440779991570738,0.0009427463783816317,0.0015493,2.0297019070506708,4.771048392117648,-31.483661737729474,1.01338506043586,4.9680305644587035,0.32696719194081925,-41.8938196489143,-0.8125632746084135,16.903354225404417,-0.8604110866485712,33.825091521710185,-0.01912858174625246,-0.02085126482580416,-0.001441,0.02095844971450236,0.0078843,1,1.0
3242,0.19124958785305526,0.0027244865742887038,0.0015493,2.0297019070506708,4.771048392117648,-75.97908526969455,1.01338506043586,8.516157502885974,0.32696719194081925,-79.19398914533011,-0.8125632746084135,38.25866185973524,-0.8604110866485712,73.11228723939811,-0.01912858174625246,-0.03077065447711818,-0.001441,0.030746537873780434,0.0078843,1,1.0
3243,0.23364525443707873,0.0053474931628072556,0.0015493,2.0297019070506708,4.771048392117648,-80.32714107463069,1.01338506043586,11.244962646190002,0.32696719194081925,-89.70960987523874,-0.8125632746084135,10.616117912233284,-0.8604110866485712,84.53780220954724,-0.01912858174625246,-0.04661622993075387,-0.001441,0.04695177040233321,0.0078843,1,1.0
3244,0.01127322367739439,0.002341076702986775,0.0015493,2.0297019070506708,4.771048392117648,-28.72634612097651,1.01338506043586,6.3005622201940925,0.32696719194081925,-62.19513480996309,-0.8125632746084135,57.10867542144468,-0.8604110866485712,34.447758247548336,-0.01912858174625246,-0.028444536769272617,-0.001441,0.028957088113460983,0.0078843,1,1.0
3245,0.09914289907695684,0.006866776985022997,0.0015493,2.0297019070506708,4.771048392117648,-39.56987782366913,1.01338506043586,11.806705050772758,0.32696719194081925,-74.19495648914166,-0.8125632746084135,12.149914278183484,-0.8604110866485712,50.84029129802145,-0.01912858174625246,-0.05221767139375511,-0.001441,0.05376597266531998,0.0078843,1,1.0
3246,0.0847524101644126,0.0006000039024539864,0.0015493,2.0297019070506708,4.771048392117648,-20.262581406282994,1.01338506043586,0.6607689860519833,0.32696719194081925,-6.690357387831966,-0.8125632746084135,-14.688919143075111,-0.8604110866485712,18.011907623257244,-0.01912858174625246,-0.0016697581809357244,-0.001441,0.001747101849894864,0.0078843,1,1.0
3247,0.39747715388599175,0.010553157931737962,0.0015493,2.0297019070506708,4.771048392117648,-90.09063981939798,1.01338506043586,5.569308311002942,0.32696719194081925,-34.541842639339016,-0.8125632746084135,-84.96974645561876,-0.8604110866485712,83.87878525515191,-0.01912858174625246,-0.018181646723656852,-0.001441,0.01818302417479798,0.0078843,1,1.0
3248,0.014938857453800965,0.00025984143626200327,0.0015493,2.0297019070506708,4.771048392117648,1.5633540852496814,1.01338506043586,1.532038770335922,0.32696719194081925,-1.9870738917017676,-0.8125632746084135,-18.414319268860147,-0.8604110866485712,2.3410640273111096,-0.01912858174625246,-0.009636693551476855,-0.001441,0.00976320908761662,0.0078843,1,1.0
3249,0.0035757762961039496,0.027166835626863377,0.0015493,2.0297019070506708,4.771048392117648,36.21330098118901,1.01338506043586,14.535380108124524,0.32696719194081925,-26.408956859504574,-0.8125632746084135,-80.68410429950805,-0.8604110866485712,-2.3713502241436086,-0.01912858174625246,-0.05873109880247988,-0.001441,0.0843304922879261,0.0078843,1,1.0
3250,0.032510235638392476,0.013245424136637571,0.0015493,2.0297019070506708,4.771048392117648,-13.339069562423825,1.01338506043586,13.723296227224042,0.32696719194081925,-71.92985694998977,-0.8125632746084135,-12.596822664275757,-0.8604110866485712,37.0594909162338,-0.01912858174625246,-0.0728822171120732,-0.001441,0.07264745382439476,0.0078843,1,1.0
3251,0.23491891797443415,0.0034291765155500774,0.0015493,2.0297019070506708,4.771048392117648,-90.97100762962833,1.01338506043586,5.7898389487818855,0.32696719194081925,-75.56798789547948,-0.8125632746084135,46.82897942075132,-0.8604110866485712,81.09585492468372,-0.01912858174625246,-0.015644280858330632,-0.001441,0.01586333241630896,0.0078843,1,1.0
3252,0.07437601194804208,0.0013295302657413835,0.0015493,2.0297019070506708,4.771048392117648,-1.1633489092296534,1.01338506043586,3.7735252288862844,0.32696719194081925,-1.6680784123987034,-0.8125632746084135,-62.00683869909661,-0.8604110866485712,10.211538692627801,-0.01912858174625246,-0.023930269152503975,-0.001441,0.024181418208324843,0.0078843,1,1.0
3253,0.10860847676108099,0.007017554181617921,0.0015493,2.0297019070506708,4.771048392117648,-23.091349911803658,1.01338506043586,9.075595633627414,0.32696719194081925,-50.61205739599805,-0.8125632746084135,-43.58768238903737,-0.8604110866485712,42.06906054360955,-0.01912858174625246,-0.05770816108969122,-0.001441,0.05786946178467303,0.0078843,1,1.0
3254,0.13288819101886895,0.006310180251285495,0.0015493,2.0297019070506708,4.771048392117648,-32.607392978401364,1.01338506043586,11.259313753646998,0.32696719194081925,-57.20964010300452,-0.8125632746084135,-36.01089871189074,-0.8604110866485712,47.22337753908126,-0.01912858174625246,-0.05548599111161509,-0.001441,0.05548608530772324,0.0078843,1,1.0
3255,0.10249089432865639,0.005599914109508435,0.0015493,2.0297019070506708,4.771048392117648,-62.921287297348925,1.01338506043586,-3.714209511953263,0.32696719194081925,-31.136082009777063,-0.8125632746084135,92.1591122556877,-0.8604110866485712,40.10612026787621,-0.01912858174625246,-0.03602945524936457,-0.001441,0.03623069593467021,0.0078843,1,1.0
3256,0.036202690986386565,0.00772930820325076,0.0015493,2.0297019070506708,4.771048392117648,-21.853405204419886,1.01338506043586,11.384700008279154,0.32696719194081925,-69.2863044069869,-0.8125632746084135,11.696556244600753,-0.8604110866485712,38.107742514850685,-0.01912858174625246,-0.056728503457951614,-0.001441,0.05674739062390461,0.0078843,1,1.0
3257,0.29188425074287494,0.009158344147255484,0.0015493,2.0297019070506708,4.771048392117648,-76.9916694079516,1.01338506043586,13.970962230058277,0.32696719194081925,-82.79704034287754,-0.8125632746084135,-48.50001980452689,-0.8604110866485712,87.55550383072604,-0.01912858174625246,-0.06287599603927778,-0.001441,0.06283568359790058,0.0078843,1,1.0
3258,0.05727614872186375,0.001375595412207987,0.0015493,2.0297019070506708,4.771048392117648,-2.541816447947242,1.01338506043586,3.1851465353403765,0.32696719194081925,-6.225994698785737,-0.8125632746084135,-43.73783682386786,-0.8604110866485712,10.697501678997472,-0.01912858174625246,-0.021181234206940455,-0.001441,0.022042778412186933,0.0078843,1,1.0
3259,0.013626298727673278,0.00022814536917800812,0.0015493,2.0297019070506708,4.771048392117648,-41.77146369908534,1.01338506043586,1.9193708873844526,0.32696719194081925,-54.40670973040472,-0.8125632746084135,97.23201227892652,-0.8604110866485712,34.04140815010981,-0.01912858174625246,-0.008993544134715922,-0.001441,0.009005725766749215,0.0078843,1,1.0
3260,0.11008059673474332,0.0008985633674032576,0.0015493,2.0297019070506708,4.771048392117648,-45.84201088828251,1.01338506043586,2.081970382703945,0.32696719194081925,-36.630800232842454,-0.8125632746084135,30.995887005861082,-0.8604110866485712,39.42743160645825,-0.01912858174625246,-0.004672205655439893,-0.001441,0.004627629267050221,0.0078843,1,1.0
3261,0.20637494713389565,0.004239479678599976,0.0015493,2.0297019070506708,4.771048392117648,-48.08356893950209,1.01338506043586,8.498448617073874,0.32696719194081925,-46.42108378720268,-0.8125632746084135,-50.13688957936005,-0.8604110866485712,55.95147858225389,-0.01912858174625246,-0.04077968593993652,-0.001441,0.04069383817132189,0.0078843,1,1.0
3262,-9.498134635023414e-05,0.011007751219219309,0.0015493,2.0297019070506708,4.771048392117648,5.04966659120933,1.01338506043586,0.980161219308926,0.32696719194081925,-2.5309710364278755,-0.8125632746084135,17.818072404229884,-0.8604110866485712,-3.712101798106444,-0.01912858174625246,0.00011014474235592625,-0.001441,0.02098838157930856,0.0078843,0,1.0
3263,0.040316424884322535,0.00012268530746667748,0.0015493,2.0297019070506708,4.771048392117648,-25.645376628808183,1.01338506043586,1.5967981465998358,0.32696719194081925,-28.041592769078527,-0.8125632746084135,33.400972923822444,-0.8604110866485712,22.706742372247888,-0.01912858174625246,-0.00432368763038753,-0.001441,0.004342035005983048,0.0078843,1,1.0
3264,0.04525106537977608,0.0018661208288124594,0.0015493,2.0297019070506708,4.771048392117648,-21.705074270172457,1.01338506043586,5.603594156799402,0.32696719194081925,-43.06502349956984,-0.8125632746084135,11.29260826281053,-0.8604110866485712,29.30697114049423,-0.01912858174625246,-0.02916322001464056,-0.001441,0.029125069380209912,0.0078843,1,1.0
3265,0.19437080562407863,0.010937681886957085,0.0015493,2.0297019070506708,4.771048392117648,-39.62603482996026,1.01338506043586,14.291791713840079,0.32696719194081925,-65.71937724994717,-0.8125632746084135,-71.43086102178262,-0.8604110866485712,60.21201155855869,-0.01912858174625246,-0.07320725583066463,-0.001441,0.07333896685690001,0.0078843,1,1.0
3266,0.034353730298586224,0.0021844586051306845,0.0015493,2.0297019070506708,4.771048392117648,0.5124531686175899,1.01338506043586,5.037844953315645,0.32696719194081925,-16.292102103239827,-0.8125632746084135,-37.74411540073422,-0.8604110866485712,11.385737722912717,-0.01912858174625246,-0.03139929299150736,-0.001441,0.03135041093032194,0.0078843,1,1.0
3267,0.2966751793103141,0.014211269270849787,0.0015493,2.0297019070506708,4.771048392117648,-68.66883111048045,1.01338506043586,16.684082166344076,0.32696719194081925,-86.49492712322753,-0.8125632746084135,-79.16308306372834,-0.8604110866485712,88.23236931069486,-0.01912858174625246,-0.08177791638809093,-0.001441,0.08217054101323976,0.0078843,1,1.0
3268,0.0325456422713106,0.0009565717201431152,0.0015493,2.0297019070506708,4.771048392117648,-37.55691099513228,1.01338506043586,4.263753525801767,0.32696719194081925,-57.788011047714896,-0.8125632746084135,65.76032309906294,-0.8604110866485712,37.4314711693284,-0.01912858174625246,-0.016540885390593594,-0.001441,0.016342058549021,0.0078843,1,1.0
3269,0.009833574376440439,0.00019447421280918296,0.0015493,2.0297019070506708,4.771048392117648,-11.127308176746117,1.01338506043586,1.6481236528500163,0.32696719194081925,-19.07669876261087,-0.8125632746084135,18.961885166098508,-0.8604110866485712,11.940820180208211,-0.01912858174625246,-0.006916187019395546,-0.001441,0.007075931146991098,0.0078843,1,1.0
3270,0.23613302039007644,0.007150204617127579,0.0015493,2.0297019070506708,4.771048392117648,-46.67709862965994,1.01338506043586,10.632667906341084,0.32696719194081925,-49.357052256249894,-0.8125632746084135,-81.51668400411081,-0.8604110866485712,60.98688102228802,-0.01912858174625246,-0.056068080036259633,-0.001441,0.05627528495421711,0.0078843,1,1.0
3271,0.055572202044492675,0.006728009785374056,0.0015493,2.0297019070506708,4.771048392117648,-10.665418429317684,1.01338506043586,9.77766110935289,0.32696719194081925,-46.79412919731394,-0.8125632746084135,-32.63939295709379,-0.8604110866485712,29.40277649409439,-0.01912858174625246,-0.05513553519670517,-0.001441,0.055106961573936804,0.0078843,1,1.0
3272,0.15734333430296105,0.001567550667288384,0.0015493,2.0297019070506708,4.771048392117648,-60.498025446355165,1.01338506043586,5.714596578769613,0.32696719194081925,-58.752529184389054,-0.8125632746084135,27.00244737350608,-0.8604110866485712,57.65059565538214,-0.01912858174625246,-0.01984089542347601,-0.001441,0.01982950899981009,0.0078843,1,1.0
3273,0.13130923623940655,0.014913339976436152,0.0015493,2.0297019070506708,4.771048392117648,-28.834170007147513,1.01338506043586,15.492053772195824,0.32696719194081925,-76.85910184598008,-0.8125632746084135,-53.70089419740779,-0.8604110866485712,55.530052234614075,-0.01912858174625246,-0.08428213002079202,-0.001441,0.08436701606268501,0.0078843,1,1.0
3274,0.0575110293490418,0.007588443722683542,0.0015493,2.0297019070506708,4.771048392117648,-5.215776873808355,1.01338506043586,7.988299882126444,0.32696719194081925,-38.711957428078314,-0.8125632746084135,-50.02298882947645,-0.8604110866485712,27.26268511623514,-0.01912858174625246,-0.05869167798011444,-0.001441,0.05870985442009089,0.0078843,1,1.0
3275,0.16215549741928367,0.0028131495073048813,0.0015493,2.0297019070506708,4.771048392117648,-55.639174217314036,1.01338506043586,0.956180707053277,0.32696719194081925,-27.928567735391454,-0.8125632746084135,19.423037092421215,-0.8604110866485712,43.66101446446476,-0.01912858174625246,-0.011124504364404583,-0.001441,0.011453197736203572,0.0078843,1,1.0
3276,0.27660149539268697,0.005275305790955613,0.0015493,2.0297019070506708,4.771048392117648,-97.6951973542612,1.01338506043586,10.884182537564621,0.32696719194081925,-96.05853780355915,-0.8125632746084135,23.91546761607823,-0.8604110866485712,95.9623645447734,-0.01912858174625246,-0.04039605340438343,-0.001441,0.040481229960326534,0.0078843,1,1.0
3277,0.2828947576261127,0.008224032481293138,0.0015493,2.0297019070506708,4.771048392117648,-81.30547280360256,1.01338506043586,13.254784139892113,0.32696719194081925,-88.32719994364207,-0.8125632746084135,-29.740793103209242,-0.8604110866485712,90.29554481858496,-0.01912858174625246,-0.05927685822907514,-0.001441,0.05924013039671131,0.0078843,1,1.0
3278,0.24498719891465928,0.009544912222002704,0.0015493,2.0297019070506708,4.771048392117648,-99.33374473951126,1.01338506043586,2.9146853700490993,0.32696719194081925,-85.28773474135268,-0.8125632746084135,60.470125575348796,-0.8604110866485712,92.77747284645919,-0.01912858174625246,-0.02075452721034537,-0.001441,0.023593027589453554,0.0078843,1,1.0
3279,0.22506279152394504,0.006871414700535568,0.0015493,2.0297019070506708,4.771048392117648,-83.52077278332216,1.01338506043586,0.3469763752211795,0.32696719194081925,-39.04714106673098,-0.8125632746084135,46.150811929407304,-0.8604110866485712,61.48140050790141,-0.01912858174625246,-0.026953012540433887,-0.001441,0.027048726048030828,0.0078843,1,1.0
3280,0.08373858535713424,0.010815717310229652,0.0015493,2.0297019070506708,4.771048392117648,-12.136804691332584,1.01338506043586,12.896376811903169,0.32696719194081925,-53.701447087668186,-0.8125632746084135,-54.61740758283744,-0.8604110866485712,35.25187428720264,-0.01912858174625246,-0.06961461732622774,-0.001441,0.06953005607632694,0.0078843,1,1.0
3281,0.12654319047358165,0.0014671779384357085,0.0015493,2.0297019070506708,4.771048392117648,-26.964898644472527,1.01338506043586,0.5727130668509364,0.32696719194081925,-3.9395375513448156,-0.8125632746084135,-29.641002042490165,-0.8604110866485712,23.492407194541705,-0.01912858174625246,-0.0016955514720421506,-0.001441,0.0019399942977288381,0.0078843,1,1.0
3282,0.058619745234462395,0.0016642772684320683,0.0015493,2.0297019070506708,4.771048392117648,-53.50189376206233,1.01338506043586,7.3561997508952235,0.32696719194081925,-80.27313387780671,-0.8125632746084135,85.55572177028297,-0.8604110866485712,52.267944511452924,-0.01912858174625246,-0.027865791022433473,-0.001441,0.027948862949550235,0.0078843,1,1.0
3283,0.007403567551053116,0.00012932784153571393,0.0015493,2.0297019070506708,4.771048392117648,-7.580484133351252,1.01338506043586,1.4064079102669893,0.32696719194081925,-12.632849271908732,-0.8125632746084135,12.582730113935266,-0.8604110866485712,7.618049304095528,-0.01912858174625246,-0.0057233174735917625,-0.001441,0.005689776395109459,0.0078843,1,1.0
3284,0.00043609756193579985,0.04025788147691714,0.0015493,2.0297019070506708,4.771048392117648,2.707755144420838,1.01338506043586,9.991942644784242,0.32696719194081925,-61.03071321279277,-0.8125632746084135,96.15118479805552,-0.8604110866485712,12.594997105838033,-0.01912858174625246,0.008090409360553472,-0.001441,0.07030371142309627,0.0078843,0,1.0
3285,0.18688507034340407,0.007503155767819146,0.0015493,2.0297019070506708,4.771048392117648,-40.66098434415719,1.01338506043586,11.852250424278568,0.32696719194081925,-58.48077979524076,-0.8125632746084135,-59.74767794853508,-0.8604110866485712,56.9254306526003,-0.01912858174625246,-0.06087127285496987,-0.001441,0.060879464990259945,0.0078843,1,1.0
3286,-6.748624204575004e-05,0.010489756612109193,0.0015493,2.0297019070506708,4.771048392117648,19.518171140306254,1.01338506043586,3.1652916210175737,0.32696719194081925,-0.03786988151998927,-0.8125632746084135,-28.70132417250693,-0.8604110866485712,-6.518908407113784,-0.01912858174625246,-0.0065980157007381295,-0.001441,0.026466810967331274,0.0078843,1,1.0
3287,0.0050569497697477185,0.0003905067812535424,0.0015493,2.0297019070506708,4.771048392117648,3.992755185841004,1.01338506043586,1.6178739775322257,0.32696719194081925,-2.576759606080541,-0.8125632746084135,-17.431279195293076,-0.8604110866485712,0.996983634281837,-0.01912858174625246,-0.011332579820781664,-0.001441,0.011521589936608068,0.0078843,1,1.0
3288,0.007918086698107951,0.018956471962848314,0.0015493,2.0297019070506708,4.771048392117648,-7.407697351098756,1.01338506043586,15.189772439565644,0.32696719194081925,-81.75406288240018,-0.8125632746084135,-13.36326719653385,-0.8604110866485712,37.98259365379918,-0.01912858174625246,-0.08650852782452102,-0.001441,0.08636452899506063,0.0078843,1,1.0
3289,0.004625622790643536,0.0004474775033375647,0.0015493,2.0297019070506708,4.771048392117648,-13.124543570998274,1.01338506043586,-1.3769530747380165,0.32696719194081925,-8.270086419172276,-0.8125632746084135,33.46391413746624,-0.8604110866485712,7.187410925118854,-0.01912858174625246,-0.010754796927829293,-0.001441,0.010971133654196868,0.0078843,1,1.0
3290,0.056676581433079236,0.0006602794755613939,0.0015493,2.0297019070506708,4.771048392117648,-32.179078198284145,1.01338506043586,0.8235538084271264,0.32696719194081925,-24.29602997051215,-0.8125632746084135,41.302270907973146,-0.8604110866485712,23.465695627658274,-0.01912858174625246,-0.012797634833324183,-0.001441,0.01283103449289454,0.0078843,1,1.0
3291,0.013103319022673067,0.0004006615884863594,0.0015493,2.0297019070506708,4.771048392117648,-23.60982540314251,1.01338506043586,0.1624207948850525,0.32696719194081925,-24.904847526200175,-0.8125632746084135,52.96946253161207,-0.8604110866485712,17.30278228519126,-0.01912858174625246,-0.007950334380129159,-0.001441,0.008382207956195787,0.0078843,1,1.0
3292,0.12804525174546988,0.0011990052036690443,0.0015493,2.0297019070506708,4.771048392117648,-20.095134475245366,1.01338506043586,3.3241992997338556,0.32696719194081925,-7.714799313058287,-0.8125632746084135,-53.39293836187215,-0.8604110866485712,23.458114384007896,-0.01912858174625246,-0.016682529073019727,-0.001441,0.016719227211215316,0.0078843,1,1.0
3293,0.06359387521080354,0.011953170144718635,0.0015493,2.0297019070506708,4.771048392117648,-17.300510549387052,1.01338506043586,13.833272800087617,0.32696719194081925,-68.12233568514857,-0.8125632746084135,-25.123264672009206,-0.8604110866485712,39.617769093296374,-0.01912858174625246,-0.07106754044903855,-0.001441,0.07141676142271415,0.0078843,1,1.0
3294,0.2907151828338196,0.00537730855663518,0.0015493,2.0297019070506708,4.771048392117648,-78.63853040748083,1.01338506043586,8.64920291532727,0.32696719194081925,-59.37395386710782,-0.8125632746084135,-33.87587421071128,-0.8604110866485712,77.77038303566782,-0.01912858174625246,-0.03249580426891814,-0.001441,0.03270581247848951,0.0078843,1,1.0
3295,0.027098914998821992,0.00036173002151424405,0.0015493,2.0297019070506708,4.771048392117648,-42.28522897953688,1.01338506043586,2.7468664658454736,0.32696719194081925,-54.1763989086309,-0.8125632746084135,87.71851522098325,-0.8604110866485712,35.21571517842143,-0.01912858174625246,-0.011393173617768837,-0.001441,0.01157459321195343,0.0078843,1,1.0
3296,0.07342467095676232,0.00046630484233943026,0.0015493,2.0297019070506708,4.771048392117648,-57.59864904865168,1.01338506043586,3.8988970419889655,0.32696719194081925,-66.93834143429194,-0.8125632746084135,89.05776062882312,-0.8604110866485712,50.0338458093,-0.01912858174625246,-0.012468598213858009,-0.001441,0.012470437736351512,0.0078843,1,1.0
3297,0.0003562759853522057,0.042256159958481726,0.0015493,2.0297019070506708,4.771048392117648,12.063745807522432,1.01338506043586,14.69484366177585,0.32696719194081925,-88.86987437931057,-0.8125632746084135,34.006742474909586,-0.8604110866485712,30.010390858093867,-0.01912858174625246,-0.038505315379588984,-0.001441,0.10496800873640005,0.0078843,1,1.0
3298,0.040690197373966355,0.0008057069889617914,0.0015493,2.0297019070506708,4.771048392117648,-45.83574941994942,1.01338506043586,4.430741145282602,0.32696719194081925,-66.58195413762468,-0.8125632746084135,81.80085413851387,-0.8604110866485712,43.990631735794366,-0.01912858174625246,-0.01531290042897599,-0.001441,0.015691342837717837,0.0078843,1,1.0
3299,0.22139556485172263,0.003399708832786629,0.0015493,2.0297019070506708,4.771048392117648,-61.955224006192914,1.01338506043586,7.753976031459324,0.32696719194081925,-53.69918868785562,-0.8125632746084135,-22.69869448683216,-0.8604110866485712,63.4547468234228,-0.01912858174625246,-0.03119552125743571,-0.001441,0.03124858311386266,0.0078843,1,1.0
3300,0.16045025322129108,0.001962934922064542,0.0015493,2.185997095306893,5.360117189069793,-74.33800231557561,1.01338506043586,0.969866802933477,0.32696719194081925,-29.696594149367087,-0.8125632746084135,2.912414395415726,-0.8604110866485712,54.76043187354216,-0.01912858174625246,-0.00507272911705272,-0.001441,0.005055376903208186,0.0078843,1,1.0
3301,0.06574632463694999,0.002058604386016477,0.0015493,2.185997095306893,5.360117189069793,-23.18745993909398,1.01338506043586,9.131127151165376,0.32696719194081925,-47.71197335095732,-0.8125632746084135,-43.54999408179616,-0.8604110866485712,36.15087053955748,-0.01912858174625246,-0.031058918546837906,-0.001441,0.031112797726968726,0.0078843,1,1.0
3302,0.0042472207953446195,0.04779086004084607,0.0015493,2.185997095306893,5.360117189069793,61.89441472930772,1.01338506043586,16.68819074403632,0.32696719194081925,-76.37987431699352,-0.8125632746084135,63.68343377376756,-0.8604110866485712,0.22900185643186693,-0.01912858174625246,0.01989836343240169,-0.001441,0.08040965595727208,0.0078843,0,1.0
3303,0.09769761391114026,0.0006014887782822887,0.0015493,2.185997095306893,5.360117189069793,-31.145649931483558,1.01338506043586,1.6539160860744377,0.32696719194081925,-5.881631936661491,-0.8125632746084135,-38.52812689550539,-0.8604110866485712,24.744593056278827,-0.01912858174625246,-0.002886328079366896,-0.001441,0.0030016711286311886,0.0078843,1,1.0
3304,0.03157225603118371,7.200112387066906e-05,0.0015493,2.185997095306893,5.360117189069793,-14.460529289204569,1.01338506043586,1.2805339673487566,0.32696719194081925,-10.318126078963223,-0.8125632746084135,-2.225311442171498,-0.8604110866485712,12.3962846091495,-0.01912858174625246,-0.0028635732859020675,-0.001441,0.00284645106560816,0.0078843,1,1.0
3305,0.059278325824035374,0.0010399788746627064,0.0015493,2.185997095306893,5.360117189069793,-39.854943540441916,1.01338506043586,-2.0896705760114767,0.32696719194081925,-11.986941413555282,-0.8125632746084135,43.045418441048206,-0.8604110866485712,22.916688930996788,-0.01912858174625246,-0.013153175520077434,-0.001441,0.013095991143727762,0.0078843,1,1.0
3306,0.003236082703701529,0.0003376445873041968,0.0015493,2.185997095306893,5.360117189069793,-18.152757958921708,1.01338506043586,3.4119971786016774,0.32696719194081925,-37.24613002792384,-0.8125632746084135,36.15857529241994,-0.8604110866485712,20.336068352124755,-0.01912858174625246,-0.010678199598152286,-0.001441,0.010721902922070517,0.0078843,1,1.0
3307,0.19278357297769874,0.0022276932640670826,0.0015493,2.185997095306893,5.360117189069793,-74.66569794951008,1.01338506043586,4.127950373430388,0.32696719194081925,-38.72959994834635,-0.8125632746084135,-49.193838466725666,-0.8604110866485712,65.60395659865212,-0.01912858174625246,-0.011548897831274425,-0.001441,0.011884977229194826,0.0078843,1,1.0
3308,-0.00023121298365938459,0.04881987797270333,0.0015493,2.185997095306893,5.360117189069793,73.21701958287983,1.01338506043586,11.41693083628458,0.32696719194081925,-48.9646933179317,-0.8125632746084135,59.64104117358608,-0.8604110866485712,-13.186561412646855,-0.01912858174625246,0.03518850132157139,-0.001441,0.06998316999086568,0.0078843,0,1.0
3309,0.10382904984818567,0.001274814321486055,0.0015493,2.185997095306893,5.360117189069793,-25.166413822288344,1.01338506043586,7.264779932703456,0.32696719194081925,-26.52865546706335,-0.8125632746084135,-80.6349339917727,-0.8604110866485712,33.97016581515968,-0.01912858174625246,-0.024500070560777826,-0.001441,0.024518148358387372,0.0078843,1,1.0
3310,0.001914224064370612,0.015368092586794151,0.0015493,2.185997095306893,5.360117189069793,17.092326410032,1.01338506043586,13.593718593159979,0.32696719194081925,-61.255879163883684,-0.8125632746084135,-24.4618577619608,-0.8604110866485712,18.251244985191995,-0.01912858174625246,-0.0318005633742625,-0.001441,0.053732854149252926,0.0078843,1,1.0
3311,0.14467387814881247,0.001636511821687468,0.0015493,2.185997095306893,5.360117189069793,-64.26132541068476,1.01338506043586,9.039848554521766,0.32696719194081925,-65.07192305342504,-0.8125632746084135,-28.473894214612535,-0.8604110866485712,65.32990689154576,-0.01912858174625246,-0.02663474434068114,-0.001441,0.02667925725782912,0.0078843,1,1.0
3312,0.14268536957406872,0.003233556167483059,0.0015493,2.185997095306893,5.360117189069793,-69.97458730620463,1.01338506043586,12.820666247079416,0.32696719194081925,-91.64821468162052,-0.8125632746084135,-21.22624721971184,-0.8604110866485712,77.63382578773754,-0.01912858174625246,-0.04002342385138529,-0.001441,0.04006281666477702,0.0078843,1,1.0
3313,0.0005979248799166878,0.011125862181669052,0.0015493,2.185997095306893,5.360117189069793,6.404274329651236,1.01338506043586,3.3172117095027893,0.32696719194081925,-14.624108189390796,-0.8125632746084135,41.56088329343004,-0.8604110866485712,-2.055460866565602,-0.01912858174625246,-0.0004935118545368131,-0.001441,0.02180866423280832,0.0078843,1,1.0
3314,0.07625592959019839,0.0026747231797819423,0.0015493,2.185997095306893,5.360117189069793,-19.842704323413123,1.01338506043586,10.091882187699873,0.32696719194081925,-45.35125516249032,-0.8125632746084135,-69.4676060835832,-0.8604110866485712,36.446387670626066,-0.01912858174625246,-0.03566779534861214,-0.001441,0.03565871581440616,0.0078843,1,1.0
3315,0.06078691621960129,0.0016469651490555357,0.0015493,2.185997095306893,5.360117189069793,-25.877087911722317,1.01338506043586,8.544147499784575,0.32696719194081925,-48.61848146574996,-0.8125632746084135,-27.209848476310867,-0.8604110866485712,35.90041478727252,-0.01912858174625246,-0.027713444816147317,-0.001441,0.02775231322043967,0.0078843,1,1.0
3316,0.09013779885098483,0.006535531200764627,0.0015493,2.185997095306893,5.360117189069793,-41.552252906271804,1.01338506043586,15.517000784446267,0.32696719194081925,-94.43704885560702,-0.8125632746084135,-43.737591416239276,-0.8604110866485712,64.86161671410436,-0.01912858174625246,-0.05463148246368099,-0.001441,0.05477350783547731,0.0078843,1,1.0
3317,0.00012347346290875194,0.02137411344153882,0.0015493,2.185997095306893,5.360117189069793,25.538278472927622,1.01338506043586,9.498738229399525,0.32696719194081925,-38.880388446607036,-0.8125632746084135,28.519663650419453,-0.8604110866485712,0.7227850556551463,-0.01912858174625246,0.002172861142651597,-0.001441,0.03957160373565562,0.0078843,0,1.0
3318,0.04907186079776933,0.0004302740267225377,0.0015493,2.185997095306893,5.360117189069793,-42.397093003586065,1.01338506043586,0.04243088309049409,0.32696719194081925,-31.467157931482014,-0.8125632746084135,55.6336550039318,-0.8604110866485712,30.619681598596543,-0.01912858174625246,-0.003928069535891499,-0.001441,0.004126804977690256,0.0078843,1,1.0
3319,0.024242831226737302,0.001089025822099373,0.0015493,2.185997095306893,5.360117189069793,-30.447948141959035,1.01338506043586,6.4224703716233975,0.32696719194081925,-59.532630782988306,-0.8125632746084135,34.45541406489143,-0.8604110866485712,36.22663334851245,-0.01912858174625246,-0.021180680841644716,-0.001441,0.021219902478834037,0.0078843,1,1.0
3320,0.08338362775209987,0.0016397445185599322,0.0015493,2.185997095306893,5.360117189069793,-51.089121852040556,1.01338506043586,-2.6521546049267566,0.32696719194081925,-17.48180298961351,-0.8125632746084135,41.11861866563152,-0.8604110866485712,33.09318232824133,-0.01912858174625246,-0.012622792835007557,-0.001441,0.012552300289962317,0.0078843,1,1.0
3321,0.16359662418798526,0.0013589694058267856,0.0015493,2.185997095306893,5.360117189069793,-69.74987321530995,1.01338506043586,4.51676577248508,0.32696719194081925,-37.55191580452972,-0.8125632746084135,-19.99076583757136,-0.8604110866485712,56.523239494073906,-0.01912858174625246,-0.008822958466062115,-0.001441,0.008883852777510283,0.0078843,1,1.0
3322,0.21211755848127067,0.0022637067377472547,0.0015493,2.185997095306893,5.360117189069793,-73.35543807957231,1.01338506043586,5.244478543490428,0.32696719194081925,-29.178106893115658,-0.8125632746084135,-75.0758398526205,-0.8604110866485712,62.54785331352345,-0.01912858174625246,-0.01115211604518972,-0.001441,0.011099777589323647,0.0078843,1,1.0
3323,0.019489016576765383,0.00505134996103496,0.0015493,2.185997095306893,5.360117189069793,-9.039648886878476,1.01338506043586,13.046022850921199,0.32696719194081925,-61.125069820968264,-0.8125632746084135,-29.222227910793038,-0.8604110866485712,28.862021880680196,-0.01912858174625246,-0.04180642136273779,-0.001441,0.041713854538895014,0.0078843,1,1.0
3324,0.006104271047943118,0.00020417892957728384,0.0015493,2.185997095306893,5.360117189069793,-21.629936141289132,1.01338506043586,-1.0577676951739752,0.32696719194081925,-16.07800855975107,-0.8125632746084135,56.57718270939451,-0.8604110866485712,11.92283994857574,-0.01912858174625246,-0.007870699976352969,-0.001441,0.00792736678825165,0.0078843,1,1.0
3325,0.002585001175349211,0.037203112551890356,0.0015493,2.185997095306893,5.360117189069793,59.24270558953265,1.01338506043586,19.355674584859035,0.32696719194081925,-60.60900928212399,-0.8125632746084135,-26.66233222364022,-0.8604110866485712,-2.1911696009611266,-0.01912858174625246,-0.014440792222562504,-0.001441,0.07920360099386393,0.0078843,1,1.0
3326,0.035527341330088946,0.00014469255239147957,0.0015493,2.185997095306893,5.360117189069793,-26.89746387231533,1.01338506043586,2.8897835638812475,0.32696719194081925,-32.06433336801127,-0.8125632746084135,21.978186292279087,-0.8604110866485712,25.175798592279193,-0.01912858174625246,-0.007631985507134209,-0.001441,0.007664536627167382,0.0078843,1,1.0
3327,0.10688488479559823,0.000616591420819354,0.0015493,2.185997095306893,5.360117189069793,-23.225794832949333,1.01338506043586,3.5688602085148333,0.32696719194081925,-3.3593408531045865,-0.8125632746084135,-78.19725686440218,-0.8604110866485712,23.776643887771172,-0.01912858174625246,-0.010294403280843904,-0.001441,0.010280690346465688,0.0078843,1,1.0
3328,0.14975081408159457,0.0018835059408200184,0.0015493,2.185997095306893,5.360117189069793,-66.20720559000324,1.01338506043586,9.70592605305786,0.32696719194081925,-68.9909245389944,-0.8125632746084135,-31.743563720603078,-0.8604110866485712,68.36010338015929,-0.01912858174625246,-0.029143908791471326,-0.001441,0.029137262732723854,0.0078843,1,1.0
3329,0.033768941842017314,7.740643476554827e-05,0.0015493,2.185997095306893,5.360117189069793,-28.15661030766636,1.01338506043586,1.9529514291584953,0.32696719194081925,-28.833883820592163,-0.8125632746084135,30.97089424110301,-0.8604110866485712,23.5441211476294,-0.01912858174625246,-0.0038962287742690524,-0.001441,0.003935141956343373,0.0078843,1,1.0
3330,0.14079079294122226,0.001047316276380318,0.0015493,2.185997095306893,5.360117189069793,-62.09389877222651,1.01338506043586,5.995710535971644,0.32696719194081925,-46.521710945839196,-0.8125632746084135,-18.066877090842535,-0.8604110866485712,55.478152165031936,-0.01912858174625246,-0.014163157236271024,-0.001441,0.014400234235711363,0.0078843,1,1.0
3331,0.13301281736138587,0.0008749947590409403,0.0015493,2.185997095306893,5.360117189069793,-37.52650538314238,1.01338506043586,3.9591623438065033,0.32696719194081925,-13.05097660367895,-0.8125632746084135,-73.45459791871377,-0.8604110866485712,35.60331627758607,-0.01912858174625246,-0.011048823438024684,-0.001441,0.011039336853106681,0.0078843,1,1.0
3332,0.129970852094353,0.0018608799092520978,0.0015493,2.185997095306893,5.360117189069793,-77.48668127641581,1.01338506043586,1.2074603727307487,0.32696719194081925,-40.32529740843645,-0.8125632746084135,55.773071926320576,-0.8604110866485712,52.840769279714216,-0.01912858174625246,-0.013407640382138864,-0.001441,0.013720866552723393,0.0078843,1,1.0
3333,0.07952609594432294,0.0074020335046008304,0.0015493,2.185997095306893,5.360117189069793,-22.596038378676585,1.01338506043586,15.737498074166686,0.32696719194081925,-76.82086762233865,-0.8125632746084135,-80.67263538463628,-0.8604110866485712,51.122922752685305,-0.01912858174625246,-0.056067868119347504,-0.001441,0.056762931470901425,0.0078843,1,1.0
3334,0.012907470430354742,9.589337284565543e-05,0.0015493,2.185997095306893,5.360117189069793,-41.97779594362304,1.01338506043586,2.4309759540990727,0.32696719194081925,-53.08257688069792,-0.8125632746084135,95.76959838737174,-0.8604110866485712,32.6281362424784,-0.01912858174625246,-0.005345259928340021,-0.001441,0.005394384321956765,0.0078843,1,1.0
3335,0.09896618360433983,0.0040693260800177475,0.0015493,2.185997095306893,5.360117189069793,-30.013364290078584,1.01338506043586,12.122008852684202,0.32696719194081925,-61.30292779986929,-0.8125632746084135,-77.64716378507165,-0.8604110866485712,49.97850604359412,-0.01912858174625246,-0.04419461226321047,-0.001441,0.04429812734351179,0.0078843,1,1.0
3336,0.002310348226493883,1.1907511419737728e-05,0.0015493,2.185997095306893,5.360117189069793,-7.1817624000500215,1.01338506043586,0.6904221710634928,0.32696719194081925,-10.656015013175496,-0.8125632746084135,15.247210320918827,-0.8604110866485712,6.349939181861165,-0.01912858174625246,-0.0016120685681473557,-0.001441,0.0016215777895705727,0.0078843,1,1.0
3337,0.1402385704291249,0.001615344219085461,0.0015493,2.185997095306893,5.360117189069793,-50.29541591027773,1.01338506043586,8.161942560621158,0.32696719194081925,-47.42124955788858,-0.8125632746084135,-60.49025251520739,-0.8604110866485712,54.58182997152686,-0.01912858174625246,-0.026107586140286004,-0.001441,0.026072677973036074,0.0078843,1,1.0
3338,0.19832942321023894,0.0022582796456127657,0.0015493,2.185997095306893,5.360117189069793,-75.10965774470039,1.01338506043586,9.294715768333795,0.32696719194081925,-59.475753125050055,-0.8125632746084135,-67.04699178196717,-0.8604110866485712,74.4420493178186,-0.01912858174625246,-0.027357251434949846,-0.001441,0.027374437867162683,0.0078843,1,1.0
3339,0.008101424573970636,0.00046589542608574776,0.0015493,2.185997095306893,5.360117189069793,-31.29490342563873,1.01338506043586,-0.5300655351279918,0.32696719194081925,-24.49860787728432,-0.8125632746084135,83.94067722326142,-0.8604110866485712,16.32345559187775,-0.01912858174625246,-0.013514142314209424,-0.001441,0.013580568537736976,0.0078843,1,1.0
3340,0.005172747201713143,0.000204237203001704,0.0015493,2.185997095306893,5.360117189069793,-9.18613028289351,1.01338506043586,-0.7847938599239397,0.32696719194081925,-1.124547552904313,-0.8125632746084135,24.82653284890306,-0.8604110866485712,2.04819617561523,-0.01912858174625246,-0.008372948724220555,-0.001441,0.008400165921596802,0.0078843,1,1.0
3341,0.04745351353764153,0.00013178924595841108,0.0015493,2.185997095306893,5.360117189069793,-20.351624885453546,1.01338506043586,1.8053645097254178,0.32696719194081925,-15.063527919298119,-0.8125632746084135,-8.529536022307765,-0.8604110866485712,18.728072736234637,-0.01912858174625246,-0.0049115340527581975,-0.001441,0.004898839849526741,0.0078843,1,1.0
3342,0.0009275000286560892,0.009959495970710164,0.0015493,2.185997095306893,5.360117189069793,3.635155774465614,1.01338506043586,7.879013442872761,0.32696719194081925,-33.559193397416735,-0.8125632746084135,26.3180903301292,-0.8604110866485712,6.325853892703789,-0.01912858174625246,-0.011727289286463848,-0.001441,0.028331070160525093,0.0078843,1,1.0
3343,0.24015251457369433,0.0028206642398838407,0.0015493,2.185997095306893,5.360117189069793,-92.59078640606404,1.01338506043586,6.112337495832044,0.32696719194081925,-43.47610937365606,-0.8125632746084135,-57.480892384362136,-0.8604110866485712,76.74744160970575,-0.01912858174625246,-0.0119239153523192,-0.001441,0.011930244261718763,0.0078843,1,1.0
3344,0.04342926562159815,0.0005267445254528768,0.0015493,2.185997095306893,5.360117189069793,-20.899660238281744,1.01338506043586,-1.9703904905698528,0.32696719194081925,-0.4012114199821418,-0.8125632746084135,6.811471679089087,-0.8604110866485712,12.57208294897376,-0.01912858174625246,-0.0076804164964427695,-0.001441,0.007736809554774564,0.0078843,1,1.0
3345,0.06258260999842602,0.008706556767157817,0.0015493,2.185997095306893,5.360117189069793,-20.34848437897873,1.01338506043586,16.685358118812335,0.32696719194081925,-86.05112621565448,-0.8125632746084135,-71.6546129536809,-0.8604110866485712,52.29691022162826,-0.01912858174625246,-0.06132946662275628,-0.001441,0.06130722554118843,0.0078843,1,1.0
3346,0.1918161625336291,0.0034555508982532725,0.0015493,2.185997095306893,5.360117189069793,-94.17037929741741,1.01338506043586,1.050072297387813,0.32696719194081925,-35.99623422445006,-0.8125632746084135,23.08130430763184,-0.8604110866485712,65.14707201140456,-0.01912858174625246,-0.013954960859063609,-0.001441,0.013814139624534297,0.0078843,1,1.0
3347,0.0012547561333466004,0.0010754437130561772,0.0015493,2.185997095306893,5.360117189069793,-24.485171657197682,1.01338506043586,-2.009834481377053,0.32696719194081925,-10.791102307864705,-0.8125632746084135,77.99764889827419,-0.8604110866485712,7.680764515365507,-0.01912858174625246,-0.018428335742383756,-0.001441,0.018244706416420488,0.0078843,1,1.0
3348,0.09044562983562612,0.0023597096355288416,0.0015493,2.185997095306893,5.360117189069793,-31.192442270444136,1.01338506043586,9.572369909449199,0.32696719194081925,-51.81973026964167,-0.8125632746084135,-54.91970786994927,-0.8604110866485712,44.28042383727572,-0.01912858174625246,-0.033363791116048494,-0.001441,0.03356957107360296,0.0078843,1,1.0
3349,0.026978504319423058,0.003546670188141486,0.0015493,2.185997095306893,5.360117189069793,-2.348369924670475,1.01338506043586,9.956529408372589,0.32696719194081925,-44.66661539309069,-0.8125632746084135,-57.01436541434946,-0.8604110866485712,24.757382258329756,-0.01912858174625246,-0.03809458208638501,-0.001441,0.038244819130895544,0.0078843,1,1.0
3350,0.17984271263791257,0.001614159111061033,0.0015493,2.185997095306893,5.360117189069793,-92.39551601735786,1.01338506043586,5.140209132199943,0.32696719194081925,-60.82203190102769,-0.8125632746084135,20.41931641178067,-0.8604110866485712,73.91238762036885,-0.01912858174625246,-0.009254013249103974,-0.001441,0.009327448753046327,0.0078843,1,1.0
3351,0.09255284121761288,0.0006826146630642569,0.0015493,2.185997095306893,5.360117189069793,-35.91327606083806,1.01338506043586,0.5429993283860778,0.32696719194081925,-11.401276200762634,-0.8125632746084135,-19.386944384805233,-0.8604110866485712,28.426676825409814,-0.01912858174625246,-0.001610115578451235,-0.001441,0.0017470709263628422,0.0078843,1,1.0
3352,0.11539287414168792,0.01053555794896592,0.0015493,2.185997095306893,5.360117189069793,-36.52703546203574,1.01338506043586,19.012029327097473,0.32696719194081925,-98.11040526741508,-0.8125632746084135,-99.07623001297169,-0.8604110866485712,69.93722241815247,-0.01912858174625246,-0.06893384480803269,-0.001441,0.06946692884073424,0.0078843,1,1.0
3353,0.07615898011126618,0.00029481379677418797,0.0015493,2.185997095306893,5.360117189069793,-21.14045519237914,1.01338506043586,2.4219597522005087,0.32696719194081925,-6.624638204006003,-0.8125632746084135,-42.221620403953644,-0.8604110866485712,19.54578692619518,-0.01912858174625246,-0.006139170219026799,-0.001441,0.006134528236610442,0.0078843,1,1.0
3354,0.0345649729063261,0.0037673261061349833,0.0015493,2.185997095306893,5.360117189069793,-29.72934352186182,1.01338506043586,10.619680556576492,0.32696719194081925,-78.56885023890544,-0.8125632746084135,4.6296064436064945,-0.8604110866485712,46.882790139990085,-0.01912858174625246,-0.039314456670865874,-0.001441,0.03924669758530486,0.0078843,1,1.0
3355,0.00516991959393695,0.00937890987124221,0.0015493,2.185997095306893,5.360117189069793,6.134502639589912,1.01338506043586,8.995097766230446,0.32696719194081925,-56.784309154670176,-0.8125632746084135,-48.342172130779666,-0.8604110866485712,28.181867089581292,-0.01912858174625246,-0.046627642835180685,-0.001441,0.05266698284334817,0.0078843,1,1.0
3356,0.11638032823132713,0.0011018977236066443,0.0015493,2.185997095306893,5.360117189069793,-60.395679219320215,1.01338506043586,0.5992210826485012,0.32696719194081925,-29.69330706254874,-0.8125632746084135,19.214297615262062,-0.8604110866485712,44.92630280742964,-0.01912858174625246,-0.0034460778365539148,-0.001441,0.0034719351592791387,0.0078843,1,1.0
3357,0.00850444212237636,0.007439428179399793,0.0015493,2.185997095306893,5.360117189069793,-13.824291572984375,1.01338506043586,6.205869670167408,0.32696719194081925,-28.43354201862379,-0.8125632746084135,55.7076879892,-0.8604110866485712,7.73247905741484,-0.01912858174625246,-0.02202003462983549,-0.001441,0.03062267530990497,0.0078843,1,1.0
3358,0.07656552745325157,0.0003040893696605983,0.0015493,2.185997095306893,5.360117189069793,-67.50596811140477,1.01338506043586,3.7994120340667443,0.32696719194081925,-66.3272966457893,-0.8125632746084135,82.01419794405541,-0.8604110866485712,54.533199327311515,-0.01912858174625246,-0.006734209786136728,-0.001441,0.006756172594061407,0.0078843,1,1.0
3359,0.000385244147687841,0.0015073574945298183,0.0015493,2.185997095306893,5.360117189069793,0.9275124222644542,1.01338506043586,4.472055115258757,0.32696719194081925,-9.2369706081027,-0.8125632746084135,-2.360403904464995,-0.8604110866485712,-0.296018731846808,-0.01912858174625246,-0.0156831539437327,-0.001441,0.016069042435924275,0.0078843,1,1.0
3360,0.11731931286135108,0.0006464797797595515,0.0015493,2.185997095306893,5.360117189069793,-63.96618415489361,1.01338506043586,3.7765856633562804,0.32696719194081925,-46.63437616241352,-0.8125632746084135,21.643511836980235,-0.8604110866485712,52.155473629220246,-0.01912858174625246,-0.0068679211432916805,-0.001441,0.0068882761999071425,0.0078843,1,1.0
3361,0.2034207688127949,0.002790523150497082,0.0015493,2.185997095306893,5.360117189069793,-76.45950307534478,1.01338506043586,10.721508075853219,0.32696719194081925,-66.78990347039748,-0.8125632746084135,-74.03391457692601,-0.8604110866485712,78.84864131945423,-0.01912858174625246,-0.03281354545830857,-0.001441,0.03288613690662874,0.0078843,1,1.0
3362,0.004712568535971712,0.004414922452550017,0.0015493,2.185997095306893,5.360117189069793,-23.296461780264146,1.01338506043586,10.793269812147086,0.32696719194081925,-83.5749155432492,-0.8125632746084135,23.444359753530424,-0.8604110866485712,42.78059711151575,-0.01912858174625246,-0.040717531371860925,-0.001441,0.04069736349923348,0.0078843,1,1.0
3363,0.04068477211791295,0.002316487276158379,0.0015493,2.185997095306893,5.360117189069793,-38.043049091903086,1.01338506043586,9.811695511507441,0.32696719194081925,-77.6783354348946,-0.8125632746084135,26.728191956694623,-0.8604110866485712,47.83979977969504,-0.01912858174625246,-0.0316722967175088,-0.001441,0.031705432691164444,0.0078843,1,1.0
3364,0.08473685395873977,0.0004789096051837054,0.0015493,2.185997095306893,5.360117189069793,-31.646143989641068,1.01338506043586,4.503061991780736,0.32696719194081925,-27.00481770973465,-0.8125632746084135,-30.67850830625887,-0.8604110866485712,32.19305380472704,-0.01912858174625246,-0.013189998843932984,-0.001441,0.013237285534547408,0.0078843,1,1.0
3365,0.012691173674662944,6.754516331314409e-05,0.0015493,2.185997095306893,5.360117189069793,-32.16641560429034,1.01338506043586,1.6815822522976613,0.32696719194081925,-39.20651576120879,-0.8125632746084135,69.70891214269477,-0.8604110866485712,25.030225529767943,-0.01912858174625246,-0.003434482016004342,-0.001441,0.0034141712076930847,0.0078843,1,1.0
3366,0.05358954019400515,0.0008060680691920304,0.0015493,2.185997095306893,5.360117189069793,-30.101177544771897,1.01338506043586,-2.0540984501319035,0.32696719194081925,-3.802934956880789,-0.8125632746084135,22.934067225792433,-0.8604110866485712,16.627796612176933,-0.01912858174625246,-0.01119397349749144,-0.001441,0.011300280141774779,0.0078843,1,1.0
3367,0.10589596611889639,0.0011366524009677732,0.0015493,2.185997095306893,5.360117189069793,-42.505419324659556,1.01338506043586,-0.35216384811024287,0.32696719194081925,-6.167296202262051,-0.8125632746084135,-12.087905775387279,-0.8604110866485712,28.70229404313006,-0.01912858174625246,-0.0070398282519436636,-0.001441,0.007139079868923542,0.0078843,1,1.0
3368,0.03103336319037117,0.0015102477699290007,0.0015493,2.185997095306893,5.360117189069793,-38.38362435435276,1.01338506043586,7.24510162388389,0.32696719194081925,-71.73858882920057,-0.8125632746084135,44.34467317298237,-0.8604110866485712,44.681035082106106,-0.01912858174625246,-0.024507432002597147,-0.001441,0.024620664479766685,0.0078843,1,1.0
3369,0.047742107061688716,0.0035291379839795076,0.0015493,2.185997095306893,5.360117189069793,-21.516283760624216,1.01338506043586,10.89320025161896,0.32696719194081925,-63.43369711663271,-0.8125632746084135,-32.633282188070424,-0.8604110866485712,40.171594247285654,-0.01912858174625246,-0.0392722823051146,-0.001441,0.03935845016804173,0.0078843,1,1.0
3370,0.1048580514100914,0.000550440202223134,0.0015493,2.185997095306893,5.360117189069793,-74.54243517527823,1.01338506043586,5.253189936609298,0.32696719194081925,-69.20282497131817,-0.8125632746084135,63.739524697030205,-0.8604110866485712,61.355440124570734,-0.01912858174625246,-0.01063908950557695,-0.001441,0.010605998040988187,0.0078843,1,1.0
3371,0.07028399693511488,0.00025403968470914817,0.0015493,2.185997095306893,5.360117189069793,-37.15491229117173,1.01338506043586,2.925787455083131,0.32696719194081925,-30.542729170133395,-0.8125632746084135,7.398010383130531,-0.8604110866485712,32.305724742448234,-0.01912858174625246,-0.0065499995570516825,-0.001441,0.006606246180051379,0.0078843,1,1.0
3372,0.0644328389856292,0.00034362330148120804,0.0015493,2.185997095306893,5.360117189069793,-22.329424851612977,1.01338506043586,2.5892521404021456,0.32696719194081925,-16.896617494309513,-0.8125632746084135,-28.06271089625846,-0.8604110866485712,23.379262850512088,-0.01912858174625246,-0.009501357481291581,-0.001441,0.009605499491475891,0.0078843,1,1.0
3373,0.08647786616642401,0.0008751905375743356,0.0015493,2.185997095306893,5.360117189069793,-70.15727418624685,1.01338506043586,7.843583009548286,0.32696719194081925,-83.78180714255198,-0.8125632746084135,68.55056690803546,-0.8604110866485712,63.387660656501325,-0.01912858174625246,-0.018896485656379202,-0.001441,0.01916699768100365,0.0078843,1,1.0
3374,0.0016801225529189043,0.00012146006099881344,0.0015493,2.185997095306893,5.360117189069793,-27.437879222523183,1.01338506043586,0.7144305107072814,0.32696719194081925,-30.64314282107,-0.8125632746084135,75.71080989567965,-0.8604110866485712,17.73233193671086,-0.01912858174625246,-0.007186004137366427,-0.001441,0.007217492288320297,0.0078843,1,1.0
3375,0.008079746698351174,0.00019541620029074462,0.0015493,2.185997095306893,5.360117189069793,-22.907447127069712,1.01338506043586,3.2957419791714746,0.32696719194081925,-37.49138299550817,-0.8125632746084135,46.21576749668803,-0.8604110866485712,21.322137773775175,-0.01912858174625246,-0.008383318946781458,-0.001441,0.008370789322526708,0.0078843,1,1.0
3376,0.004949495127113429,0.00863549859025527,0.0015493,2.185997095306893,5.360117189069793,11.228096268054436,1.01338506043586,15.601679427222525,0.32696719194081925,-56.670804303983935,-0.8125632746084135,-71.0022299621817,-0.8604110866485712,20.076599773963583,-0.01912858174625246,-0.05207357484252654,-0.001441,0.053097353979038094,0.0078843,1,1.0
3377,0.14198646675218624,0.0024696086640514196,0.0015493,2.185997095306893,5.360117189069793,-61.33451902473166,1.01338506043586,11.331346430292115,0.32696719194081925,-72.24062032356429,-0.8125632746084135,-36.99245824648628,-0.8604110866485712,66.60456999056099,-0.01912858174625246,-0.03359846905358016,-0.001441,0.03385388253274334,0.0078843,1,1.0
3378,0.0017316562753521836,0.0012360961576512958,0.0015493,2.185997095306893,5.360117189069793,-20.7704551954428,1.01338506043586,6.826639512654636,0.32696719194081925,-54.907499194166654,-0.8125632746084135,38.699465980109544,-0.8604110866485712,27.16203245850506,-0.01912858174625246,-0.020711945998296167,-0.001441,0.020772155656553052,0.0078843,1,1.0
3379,0.0563458200352715,0.004409222974299735,0.0015493,2.185997095306893,5.360117189069793,-14.061089238879571,1.01338506043586,11.226893135800369,0.32696719194081925,-56.43680479385838,-0.8125632746084135,-68.11832009118902,-0.8604110866485712,38.133397771230094,-0.01912858174625246,-0.04447344311601501,-0.001441,0.044543525996370854,0.0078843,1,1.0
3380,0.00031418631031757127,0.015678752070424407,0.0015493,2.185997095306893,5.360117189069793,0.5594832925282887,1.01338506043586,9.538723893567857,0.32696719194081925,-68.41915201737666,-0.8125632746084135,52.752006163241504,-0.8604110866485712,23.959730511437435,-0.01912858174625246,-0.010996519051584278,-0.001441,0.04029615324516825,0.0078843,1,1.0
3381,0.012650340207571845,0.0010050645877668323,0.0015493,2.185997095306893,5.360117189069793,-16.34477654479083,1.01338506043586,5.833163258621636,0.32696719194081925,-43.75756964803621,-0.8125632746084135,12.66249805749565,-0.8604110866485712,24.3114377763596,-0.01912858174625246,-0.01978520693230926,-0.001441,0.019854746450759287,0.0078843,1,1.0
3382,0.08959710627206427,0.0050533275402521215,0.0015493,2.185997095306893,5.360117189069793,-37.13552354615849,1.01338506043586,13.050379939267954,0.32696719194081925,-79.57005043263244,-0.8125632746084135,-51.28122394745414,-0.8604110866485712,58.36606801456697,-0.01912858174625246,-0.04860751674930054,-0.001441,0.048575225473780834,0.0078843,1,1.0
3383,0.09374340562886865,0.0009742472191011456,0.0015493,2.185997095306893,5.360117189069793,-44.453211875482225,1.01338506043586,6.58972188670765,0.32696719194081925,-50.36413159220538,-0.8125632746084135,-14.273664843080137,-0.8604110866485712,46.870320695813255,-0.01912858174625246,-0.020758462969384484,-0.001441,0.020720237960665775,0.0078843,1,1.0
3384,0.07980624776930034,0.0007042517102589231,0.0015493,2.185997095306893,5.360117189069793,-68.75942331724129,1.01338506043586,1.7621042842433567,0.32696719194081925,-52.971363458372004,-0.8125632746084135,90.94071527432817,-0.8604110866485712,48.46939952742032,-0.01912858174625246,-0.010167493198611531,-0.001441,0.01029322590833773,0.0078843,1,1.0
3385,0.05130101639027387,0.0010293445174435352,0.0015493,2.185997095306893,5.360117189069793,-23.930569552344622,1.01338506043586,6.676765481546991,0.32696719194081925,-42.084779179023016,-0.8125632746084135,-17.0668939819058,-0.8604110866485712,31.62477664361644,-0.01912858174625246,-0.022254990710858336,-0.001441,0.022267758646958718,0.0078843,1,1.0
3386,0.05845593694332181,0.003197250173830983,0.0015493,2.185997095306893,5.360117189069793,-40.04309034675652,1.01338506043586,10.288570676726389,0.32696719194081925,-79.84901606465968,-0.8125632746084135,4.126937173794088,-0.8604110866485712,53.585079402509315,-0.01912858174625246,-0.03712331759086643,-0.001441,0.037029052096042014,0.0078843,1,1.0
3387,0.00283282402854175,0.02252624877133874,0.0015493,2.185997095306893,5.360117189069793,26.93906984001319,1.01338506043586,8.255685591585749,0.32696719194081925,-55.5977793384303,-0.8125632746084135,-34.10642944038765,-0.8604110866485712,20.45263781868294,-0.01912858174625246,-0.03542704928172806,-0.001441,0.06771277214079043,0.0078843,1,1.0
3388,-3.7141942749938095e-06,0.004280166264389053,0.0015493,2.185997095306893,5.360117189069793,-11.004560386381964,1.01338506043586,3.664402481539901,0.32696719194081925,-37.57695562418995,-0.8125632746084135,42.05071833497571,-0.8604110866485712,17.08609523845831,-0.01912858174625246,-0.005977601174880153,-0.001441,0.014094226959983453,0.0078843,1,1.0
3389,0.0634245432711421,0.0002591650279862605,0.0015493,2.185997095306893,5.360117189069793,-64.11955210826028,1.01338506043586,4.769583154604695,0.32696719194081925,-70.20047801322066,-0.8125632746084135,88.23162218664366,-0.8604110866485712,52.62986902182812,-0.01912858174625246,-0.009978200799414846,-0.001441,0.009970728386647098,0.0078843,1,1.0
3390,0.018777911820190313,0.004205674500914891,0.0015493,2.185997095306893,5.360117189069793,9.200039991197837,1.01338506043586,10.893699261970218,0.32696719194081925,-35.23064420226386,-0.8125632746084135,-76.96336132641582,-0.8604110866485712,15.619678215533845,-0.01912858174625246,-0.03932067527332276,-0.001441,0.03960158935152793,0.0078843,1,1.0
3391,0.13914017309431387,0.0013672107766114446,0.0015493,2.185997095306893,5.360117189069793,-69.34166829600977,1.01338506043586,8.821286321322637,0.32696719194081925,-68.82377503425668,-0.8125632746084135,-3.4232516238068444,-0.8604110866485712,65.98636744833311,-0.01912858174625246,-0.02308067044743016,-0.001441,0.023240487030005016,0.0078843,1,1.0
3392,0.04822314223596044,0.0006777962118426084,0.0015493,2.185997095306893,5.360117189069793,-50.69313325247016,1.01338506043586,5.786769237082396,0.32696719194081925,-70.78475525415558,-0.8125632746084135,61.97211750685849,-0.8604110866485712,49.294219849998385,-0.01912858174625246,-0.016804489740306,-0.001441,0.01679570820810188,0.0078843,1,1.0
3393,0.14022165016233262,0.0038587973448710516,0.0015493,2.185997095306893,5.360117189069793,-62.63180556459118,1.01338506043586,13.719071840778263,0.32696719194081925,-87.906598562498,-0.8125632746084135,-39.96996257004209,-0.8604110866485712,73.83595342912777,-0.01912858174625246,-0.043471739908006186,-0.001441,0.04359571701057199,0.0078843,1,1.0
3394,0.05360021921152339,0.001575532866271559,0.0015493,2.185997095306893,5.360117189069793,-42.710546960638105,1.01338506043586,-2.1572821853054487,0.32696719194081925,-12.246595097737579,-0.8125632746084135,62.74528297272117,-0.8604110866485712,21.105626620765147,-0.01912858174625246,-0.019496611695640653,-0.001441,0.019355660288494683,0.0078843,1,1.0
3395,0.19460028699013435,0.0024985383965006524,0.0015493,2.185997095306893,5.360117189069793,-97.6367110554512,1.01338506043586,12.028047918072815,0.32696719194081925,-95.39974149406297,-0.8125632746084135,-2.1747316441886504,-0.8604110866485712,92.0530980394482,-0.01912858174625246,-0.03112898911817182,-0.001441,0.03131363327047816,0.0078843,1,1.0
3396,0.18228476161838364,0.002578222873378574,0.0015493,2.185997095306893,5.360117189069793,-78.77503766924013,1.01338506043586,11.464727241209719,0.32696719194081925,-79.06399449576824,-0.8125632746084135,-41.621900581232865,-0.8604110866485712,80.3856722794475,-0.01912858174625246,-0.03359906220996283,-0.001441,0.033583305435549805,0.0078843,1,1.0
3397,0.03768516423738408,0.0018110484454393451,0.0015493,2.185997095306893,5.360117189069793,-34.63557431298902,1.01338506043586,9.32460724462722,0.32696719194081925,-67.85013562566049,-0.8125632746084135,26.849509379821907,-0.8604110866485712,40.93845434761247,-0.01912858174625246,-0.027337391972689754,-0.001441,0.027319139419191698,0.0078843,1,1.0
3398,0.07592147264331196,0.00036197139182002634,0.0015493,2.185997095306893,5.360117189069793,-67.49153695447167,1.01338506043586,5.521891553931654,0.32696719194081925,-73.76527555812602,-0.8125632746084135,79.33321767117273,-0.8604110866485712,57.13045632314255,-0.01912858174625246,-0.011882118827718079,-0.001441,0.011906220539000152,0.0078843,1,1.0
3399,0.1868883072830539,0.003880491337226584,0.0015493,2.185997095306893,5.360117189069793,-73.23491339806716,1.01338506043586,1.9845417834680397,0.32696719194081925,-12.601104730485662,-0.8125632746084135,-25.966706121733726,-0.8604110866485712,48.14509014051097,-0.01912858174625246,-0.017813500016424122,-0.001441,0.017520033006522516,0.0078843,1,1.0
3400,-0.1173011502738878,1.2232595143615956,0.0015493,0.1936483754161056,5.296777267562481,-6.6757339710593495,1.01338506043586,-64.92195880067202,0.32696719194081925,-68.0715999143803,-0.8125632746084135,25.746224317577518,-0.8604110866485712,17.748635798605445,-0.01912858174625246,-0.3465825913125353,-0.001441,0.35389879047807393,0.0078843,1,1.0
3401,0.3087628256378923,0.09031245440138831,0.0015493,0.1936483754161056,5.296777267562481,-6.621260694447408,1.01338506043586,58.18497079805288,0.32696719194081925,-35.24621424020132,-0.8125632746084135,70.12332277660303,-0.8604110866485712,17.36454390369891,-0.01912858174625246,-0.14567195204156624,-0.001441,0.18346869010181083,0.0078843,1,1.0
3402,0.09593996617576696,0.0120175489810917,0.0015493,0.1936483754161056,5.296777267562481,-3.960599716406093,1.01338506043586,28.72653894792379,0.32696719194081925,-11.075521510986887,-0.8125632746084135,-77.00708088495927,-0.8604110866485712,10.47060189211386,-0.01912858174625246,-0.06948969331841247,-0.001441,0.06965963592658099,0.0078843,1,1.0
3403,0.09605121284318871,0.033046852172924926,0.0015493,0.1936483754161056,5.296777267562481,-6.643763378235822,1.01338506043586,49.88956649763298,0.32696719194081925,-49.08962831264937,-0.8125632746084135,-19.92364996466888,-0.8604110866485712,17.547376395236263,-0.01912858174625246,-0.11877108378233225,-0.001441,0.11920823198432812,0.0078843,1,1.0
3404,0.23741037494237704,0.5233333648463172,0.0015493,0.1936483754161056,5.296777267562481,-8.353567642250248,1.01338506043586,-19.954603296499364,0.32696719194081925,-32.119423098402244,-0.8125632746084135,-6.508037729336239,-0.8604110866485712,22.10924202909429,-0.01912858174625246,-0.13419966641397074,-0.001441,0.2235217073105179,0.0078843,1,1.0
3405,0.222937972879568,0.06612532384127748,0.0015493,0.1936483754161056,5.296777267562481,-9.3590782817599,1.01338506043586,71.46811571018434,0.32696719194081925,-62.227936654356206,-0.8125632746084135,5.05544009849581,-0.8604110866485712,24.645264444378192,-0.01912858174625246,-0.16736405854535832,-0.001441,0.16585086594176104,0.0078843,1,1.0
3406,0.07234531122542012,0.11241950622313458,0.0015493,0.1936483754161056,5.296777267562481,-8.583424388545751,1.01338506043586,29.95590867295055,0.32696719194081925,-75.8713865639959,-0.8125632746084135,35.035937287143916,-0.8604110866485712,22.663931679837983,-0.01912858174625246,-0.0509642586023386,-0.001441,0.04690613870402823,0.0078843,1,1.0
3407,0.2645347453993537,0.10141450851316655,0.0015493,0.1936483754161056,5.296777267562481,-8.509257482296634,1.01338506043586,77.01305255513425,0.32696719194081925,-64.3888297382323,-0.8125632746084135,84.5830283150281,-0.8604110866485712,22.325140536219923,-0.01912858174625246,-0.2098992034855356,-0.001441,0.20636243558383927,0.0078843,1,1.0
3408,0.0786057499707973,0.10313843284170636,0.0015493,0.1936483754161056,5.296777267562481,-1.9117420607680704,1.01338506043586,-24.220759099749994,0.32696719194081925,-6.840638512845278,-0.8125632746084135,36.83519949091391,-0.8604110866485712,4.996240250522059,-0.01912858174625246,-0.11525152137473488,-0.001441,0.11549758718637215,0.0078843,1,1.0
3409,0.03109113834501765,0.03397449387984673,0.0015493,0.1936483754161056,5.296777267562481,-5.322277095169122,1.01338506043586,35.191607398068555,0.32696719194081925,-40.951505442996144,-0.8125632746084135,-40.14068585187453,-0.8604110866485712,14.114732260645036,-0.01912858174625246,-0.08910254617840623,-0.001441,0.10141638423418871,0.0078843,1,1.0
3410,-0.0034149227501989246,0.173536405451861,0.0015493,0.1936483754161056,5.296777267562481,-5.593566236623512,1.01338506043586,-2.8473221212131676,0.32696719194081925,-51.7653898109355,-0.8125632746084135,16.356799489804892,-0.8604110866485712,14.838793455843778,-0.01912858174625246,-0.09244219661084775,-0.001441,0.11437379209321653,0.0078843,1,1.0
3411,0.21669333318248496,0.03635351262814522,0.0015493,0.1936483754161056,5.296777267562481,-6.733729520997502,1.01338506043586,52.15935333751205,0.32696719194081925,-28.21472947813728,-0.8125632746084135,-40.21992781388195,-0.8604110866485712,17.72138419187505,-0.01912858174625246,-0.12341384467727977,-0.001441,0.1231330037269253,0.0078843,1,1.0
3412,0.024330928244037382,0.15321827501488466,0.0015493,0.1936483754161056,5.296777267562481,-8.523825687416378,1.01338506043586,24.403860325606658,0.32696719194081925,-92.16447966919219,-0.8125632746084135,90.48600303557927,-0.8604110866485712,22.56003483930615,-0.01912858174625246,-0.0493052069866527,-0.001441,0.08254684278838326,0.0078843,1,1.0
3413,0.09682922577811422,0.08863843619747679,0.0015493,0.1936483754161056,5.296777267562481,-4.4439698532519945,1.01338506043586,-0.74657007601677,0.32696719194081925,-28.97242695467287,-0.8125632746084135,28.272255829563846,-0.8604110866485712,11.685998764354148,-0.01912858174625246,-0.05620262344454386,-0.001441,0.0495819188237965,0.0078843,1,1.0
3414,0.22941686957313917,0.06476285350925144,0.0015493,0.1936483754161056,5.296777267562481,-6.225606161608015,1.01338506043586,59.89349569241482,0.32696719194081925,-36.48384448694398,-0.8125632746084135,30.291274324218882,-0.8604110866485712,16.3305829965162,-0.01912858174625246,-0.166684021923372,-0.001441,0.16582586547587197,0.0078843,1,1.0
3415,0.18188740378762902,0.09804201192368439,0.0015493,0.1936483754161056,5.296777267562481,-10.584548209716816,1.01338506043586,53.94910463073856,0.32696719194081925,-62.940214176133956,-0.8125632746084135,-63.63360056600772,-0.8604110866485712,27.953290998744762,-0.01912858174625246,-0.10158566410215815,-0.001441,0.10138871692958605,0.0078843,1,1.0
3416,-0.13478266681260928,0.36855589036772163,0.0015493,0.1936483754161056,5.296777267562481,-3.323496734769399,1.01338506043586,27.62161328120635,0.32696719194081925,-56.96113649918065,-0.8125632746084135,8.50974906852425,-0.8604110866485712,9.013201197119486,-0.01912858174625246,-0.1024281476139921,-0.001441,0.195766020542331,0.0078843,1,1.0
3417,0.054029838329828175,0.011087117748702314,0.0015493,0.1936483754161056,5.296777267562481,-1.9859337784269648,1.01338506043586,20.701842074633518,0.32696719194081925,-7.027340223268295,-0.8125632746084135,-32.75064353037369,-0.8604110866485712,5.255498857092144,-0.01912858174625246,-0.05295661733206772,-0.001441,0.06141053455845684,0.0078843,1,1.0
3418,-4.0537286405380527e-05,0.12747988235792113,0.0015493,0.1936483754161056,5.296777267562481,-5.2357566381914165,1.01338506043586,3.033273327245997,0.32696719194081925,-41.33510624657989,-0.8125632746084135,-26.568677127867314,-0.8604110866485712,13.918853980907363,-0.01912858174625246,-0.08250177559157423,-0.001441,0.1096919389937239,0.0078843,1,1.0
3419,0.1606617300507018,0.03127601518366666,0.0015493,0.1936483754161056,5.296777267562481,-6.468317158075275,1.01338506043586,46.39791854347949,0.32696719194081925,-38.070452809493176,-0.8125632746084135,-14.50600619052942,-0.8604110866485712,17.036787529955003,-0.01912858174625246,-0.10473016516297108,-0.001441,0.1026145101766263,0.0078843,1,1.0
3420,0.043688515284185415,0.06088847068590911,0.0015493,0.1936483754161056,5.296777267562481,-7.615584523851318,1.01338506043586,33.553054065016525,0.32696719194081925,-81.132183986026,-0.8125632746084135,81.20705314861817,-0.8604110866485712,20.100034003187133,-0.01912858174625246,-0.052272536491555575,-0.001441,0.05219380445192471,0.0078843,1,1.0
3421,0.06098622606692085,0.09226510878115135,0.0015493,0.1936483754161056,5.296777267562481,-9.97923323010761,1.01338506043586,60.85138093147731,0.32696719194081925,-80.89815174966732,-0.8125632746084135,-44.875479868515164,-0.8604110866485712,26.421247855935487,-0.01912858174625246,-0.14870401006747766,-0.001441,0.15331506975424716,0.0078843,1,1.0
3422,0.005729084969120786,0.017321505078612555,0.0015493,0.1936483754161056,5.296777267562481,-3.667393175575098,1.01338506043586,34.252712829927546,0.32696719194081925,-48.16155213470624,-0.8125632746084135,56.5673348182516,-0.8604110866485712,9.682429164590625,-0.01912858174625246,-0.08881624231140481,-0.001441,0.09063495610774908,0.0078843,1,1.0
3423,0.05073981633708513,0.07353703940081406,0.0015493,0.1936483754161056,5.296777267562481,-8.819902904632341,1.01338506043586,68.94975664030696,0.32696719194081925,-76.2503957610129,-0.8125632746084135,-32.353333685235484,-0.8604110866485712,23.344831699518892,-0.01912858174625246,-0.17933900896596217,-0.001441,0.1798487250544199,0.0078843,1,1.0
3424,0.1928531346348593,0.029494562943187738,0.0015493,0.1936483754161056,5.296777267562481,-3.7732700424417978,1.01338506043586,22.77301050620567,0.32696719194081925,-23.82194207753735,-0.8125632746084135,85.4261521531365,-0.8604110866485712,9.833380372745236,-0.01912858174625246,-0.08638009798693096,-0.001441,0.08810037355965887,0.0078843,1,1.0
3425,0.14539252790653828,0.06703974816070825,0.0015493,0.1936483754161056,5.296777267562481,-7.997013245698137,1.01338506043586,70.2497639003634,0.32696719194081925,-77.87946516714035,-0.8125632746084135,90.7560911208003,-0.8604110866485712,21.04109224235353,-0.01912858174625246,-0.17911183236774192,-0.001441,0.1776324053692505,0.0078843,1,1.0
3426,0.055995527653449395,0.045509575178241356,0.0015493,0.1936483754161056,5.296777267562481,-7.960945942746866,1.01338506043586,58.07816831443594,0.32696719194081925,-86.90995936858766,-0.8125632746084135,80.54076003845393,-0.8604110866485712,21.011446261288068,-0.01912858174625246,-0.13232886740118954,-0.001441,0.13501051507624878,0.0078843,1,1.0
3427,0.0011313094631068207,0.1062156250115336,0.0015493,0.1936483754161056,5.296777267562481,-5.270807387843133,1.01338506043586,6.171886920693363,0.32696719194081925,-33.239945217277935,-0.8125632746084135,-73.14384526344656,-0.8604110866485712,14.00400000821172,-0.01912858174625246,-0.09256635542703706,-0.001441,0.09801004050526699,0.0078843,1,1.0
3428,0.17979556102685654,0.024064390534242766,0.0015493,0.1936483754161056,5.296777267562481,-1.9058185790206668,1.01338506043586,9.85518852317046,0.32696719194081925,-0.582183755918425,-0.8125632746084135,50.46801573269915,-0.8604110866485712,4.915127133544951,-0.01912858174625246,-0.07524758648722202,-0.001441,0.07792813515545907,0.0078843,1,1.0
3429,0.002204211059589599,0.013351395810239412,0.0015493,0.1936483754161056,5.296777267562481,-1.4073485397418826,1.01338506043586,-2.2828684559857604,0.32696719194081925,-16.577622441722703,-0.8125632746084135,27.409928516872107,-0.8604110866485712,3.7170349928502198,-0.01912858174625246,-0.023945217386521164,-0.001441,0.027718127758217952,0.0078843,1,1.0
3430,0.210485008244858,0.37689432419849833,0.0015493,0.1936483754161056,5.296777267562481,-6.0556780376265955,1.01338506043586,-15.881557052654365,0.32696719194081925,-6.7415492844888805,-0.8125632746084135,-54.92734863998183,-0.8604110866485712,15.81992967595831,-0.01912858174625246,-0.17323699475755272,-0.001441,0.09098761607237965,0.0078843,1,1.0
3431,0.15642683804903498,0.06932057918886134,0.0015493,0.1936483754161056,5.296777267562481,-3.597469400475144,1.01338506043586,47.94334839619415,0.32696719194081925,-33.08896422492109,-0.8125632746084135,87.58007204409648,-0.8604110866485712,9.386951989547418,-0.01912858174625246,-0.1575391558245668,-0.001441,0.15786545585893824,0.0078843,1,1.0
3432,0.2667463310456668,0.07447570550949328,0.0015493,0.1936483754161056,5.296777267562481,-5.276285905822108,1.01338506043586,54.74962014297775,0.32696719194081925,-17.61290449666468,-0.8125632746084135,8.320658204761152,-0.8604110866485712,13.82925969226236,-0.01912858174625246,-0.15261357383318186,-0.001441,0.16873997269802415,0.0078843,1,1.0
3433,0.03923264520276629,0.04635758040751553,0.0015493,0.1936483754161056,5.296777267562481,-6.71870744365246,1.01338506043586,51.51873897230327,0.32696719194081925,-57.62628729878869,-0.8125632746084135,-25.88844153368552,-0.8604110866485712,17.794174154012193,-0.01912858174625246,-0.1311264651297221,-0.001441,0.13891355286636353,0.0078843,1,1.0
3434,0.014708381713519403,0.1402352388538921,0.0015493,0.1936483754161056,5.296777267562481,-1.678300897179059,1.01338506043586,-30.297092828630607,0.32696719194081925,-12.698575521134611,-0.8125632746084135,32.66448219208186,-0.8604110866485712,4.445762564787508,-0.01912858174625246,-0.12648576169661535,-0.001441,0.14531003755442118,0.0078843,1,1.0
3435,-0.007064531487069644,0.3191020528853849,0.0015493,0.1936483754161056,5.296777267562481,-5.7722905726096885,1.01338506043586,-21.37303778964553,0.32696719194081925,-57.72774117122733,-0.8125632746084135,57.55556077848735,-0.8604110866485712,15.25033056461418,-0.01912858174625246,-0.15821326071454894,-0.001441,0.1502670243576879,0.0078843,1,1.0
3436,0.037971757551571256,0.23654353692804383,0.0015493,0.1936483754161056,5.296777267562481,-9.921344784111566,1.01338506043586,24.72855607809431,0.32696719194081925,-71.47021378177126,-0.8125632746084135,-74.06819620399436,-0.8604110866485712,26.298796773154866,-0.01912858174625246,-0.12043450078723521,-0.001441,0.12622163961176042,0.0078843,1,1.0
3437,-0.04266852424098755,1.0068625166054312,0.0015493,0.1936483754161056,5.296777267562481,-4.070769454066186,1.01338506043586,-80.8968302229806,0.32696719194081925,-16.944078920628243,-0.8125632746084135,-49.28145353180853,-0.8604110866485712,10.821164731668157,-0.01912858174625246,-0.3706785598831048,-0.001441,0.362750108595656,0.0078843,1,1.0
3438,0.056411797287925045,0.006109884248505313,0.0015493,0.1936483754161056,5.296777267562481,-0.37683564611584736,1.01338506043586,0.7126407924675201,0.32696719194081925,-1.5449247838626803,-0.8125632746084135,36.04678915023671,-0.8604110866485712,0.9427576191362921,-0.01912858174625246,-0.03482036304122665,-0.001441,0.03334814323811503,0.0078843,1,1.0
3439,0.01570987189194841,0.024392760295586846,0.0015493,0.1936483754161056,5.296777267562481,-5.144518645969017,1.01338506043586,38.84013626946033,0.32696719194081925,-66.95610455276037,-0.8125632746084135,92.20312746437476,-0.8604110866485712,13.561890728105798,-0.01912858174625246,-0.09210228840604452,-0.001441,0.08834644490446648,0.0078843,1,1.0
3440,0.007429300370748782,0.01741888782723733,0.0015493,0.1936483754161056,5.296777267562481,-2.824192933823683,1.01338506043586,11.403136518983361,0.32696719194081925,-39.16147198113235,-0.8125632746084135,72.98339846802305,-0.8604110866485712,7.430756049550073,-0.01912858174625246,-0.014155064577356928,-0.001441,0.009654815277471668,0.0078843,1,1.0
3441,0.030272607439341834,0.17076938406168504,0.0015493,0.1936483754161056,5.296777267562481,-3.346593981651444,1.01338506043586,-23.22977234463902,0.32696719194081925,-26.916701564103136,-0.8125632746084135,36.643835284858426,-0.8604110866485712,8.848518541423795,-0.01912858174625246,-0.12111569802514248,-0.001441,0.13719059639243936,0.0078843,1,1.0
3442,0.05562847803055132,0.019909475569515254,0.0015493,0.1936483754161056,5.296777267562481,-4.411981700277575,1.01338506043586,21.492294039160875,0.32696719194081925,-28.63366160101446,-0.8125632746084135,-29.090209354662743,-0.8604110866485712,11.666220145806252,-0.01912858174625246,-0.0455043139111499,-0.001441,0.045924778617567226,0.0078843,1,1.0
3443,-0.012511379733383385,0.10145243004095575,0.0015493,0.1936483754161056,5.296777267562481,-7.233365339663735,1.01338506043586,33.60188407165004,0.32696719194081925,-73.09213481871471,-0.8125632746084135,10.210622762181217,-0.8604110866485712,19.149511786201593,-0.01912858174625246,-0.09047024177118951,-0.001441,0.08383733718953418,0.0078843,1,1.0
3444,0.35161886939981357,0.13644157349487582,0.0015493,0.1936483754161056,5.296777267562481,-10.357132249258779,1.01338506043586,58.82958052389918,0.32696719194081925,-46.686357751258434,-0.8125632746084135,-11.407177243403238,-0.8604110866485712,27.37769990602307,-0.01912858174625246,-0.049663666612092344,-0.001441,0.15966155962529954,0.0078843,1,1.0
3445,0.03777056027837408,0.01705524660331383,0.0015493,0.1936483754161056,5.296777267562481,-0.6890022882585969,1.01338506043586,12.42167217529562,0.32696719194081925,-14.394744609202357,-0.8125632746084135,62.248270585627935,-0.8604110866485712,1.798888790170727,-0.01912858174625246,-0.035088800999397554,-0.001441,0.055708120530481395,0.0078843,1,1.0
3446,-0.02115585384337683,0.0972694154676537,0.0015493,0.1936483754161056,5.296777267562481,-2.46201225655472,1.01338506043586,-5.494235751089396,0.32696719194081925,-26.246056300231803,-0.8125632746084135,13.822531306098393,-0.8604110866485712,6.552688927364367,-0.01912858174625246,-0.05614004496341032,-0.001441,0.07475063932103614,0.0078843,1,1.0
3447,0.12139112842728583,0.058264873930168604,0.0015493,0.1936483754161056,5.296777267562481,-8.670898788979555,1.01338506043586,61.98844878031814,0.32696719194081925,-60.76700694643136,-0.8125632746084135,-43.61241240267571,-0.8604110866485712,22.90888755945457,-0.01912858174625246,-0.14732976778421006,-0.001441,0.14505959232880852,0.0078843,1,1.0
3448,0.9019734092674943,0.2551946546110219,0.0015493,0.1936483754161056,5.296777267562481,-10.111822882039373,1.01338506043586,99.85769802732153,0.32696719194081925,-1.9516680094642163,-0.8125632746084135,51.92059539741337,-0.8604110866485712,30.41468996086223,-0.01912858174625246,0.27609394542330157,-0.001441,2.672170417656262,0.0078843,0,1.0
3449,0.48085134934833984,0.7332219814409926,0.0015493,0.1936483754161056,5.296777267562481,-9.01006909849342,1.01338506043586,-33.44544685470693,0.32696719194081925,-8.037123107092533,-0.8125632746084135,49.53767674729014,-0.8604110866485712,23.546334189747455,-0.01912858174625246,-0.253699117125589,-0.001441,0.25641171086333325,0.0078843,1,1.0
3450,-0.05441377850332141,0.7341116326277601,0.0015493,0.1936483754161056,5.296777267562481,-6.374007084316397,1.01338506043586,-43.98663248867557,0.32696719194081925,-53.82821441075276,-0.8125632746084135,-6.763852595719064,-0.8604110866485712,16.912593930193992,-0.01912858174625246,-0.26393166149853753,-0.001441,0.26050603420990914,0.0078843,1,1.0
3451,0.38712730514840654,0.14898256987361705,0.0015493,0.1936483754161056,5.296777267562481,-14.672961995802323,1.01338506043586,93.42647605859585,0.32696719194081925,-71.3617630636218,-0.8125632746084135,-83.47126507182494,-0.8604110866485712,38.686516626317086,-0.01912858174625246,-0.18327851643452361,-0.001441,0.1976136872813419,0.0078843,1,1.0
3452,0.033885574702227084,0.13301399914154236,0.0015493,0.1936483754161056,5.296777267562481,-3.234427237556829,1.01338506043586,-14.587498150911843,0.32696719194081925,-34.032403730702825,-0.8125632746084135,75.61079716360769,-0.8604110866485712,8.47434554357216,-0.01912858174625246,-0.1033011304228912,-0.001441,0.08107309088417196,0.0078843,1,1.0
3453,-0.04954872619510868,0.7836059653134081,0.0015493,0.1936483754161056,5.296777267562481,-7.0512458609319255,1.01338506043586,-34.68611509636014,0.32696719194081925,-61.01699210920565,-0.8125632746084135,-10.470825224049213,-0.8604110866485712,18.883512053156554,-0.01912858174625246,-0.21729883304509284,-0.001441,0.33871333596538317,0.0078843,1,1.0
3454,0.03788645138512571,0.1256718494657573,0.0015493,0.1936483754161056,5.296777267562481,-10.034053844490272,1.01338506043586,50.759968448479384,0.32696719194081925,-76.30596873071745,-0.8125632746084135,-80.41910043698871,-0.8604110866485712,26.59768579059115,-0.01912858174625246,-0.14112178400466935,-0.001441,0.1448472780250794,0.0078843,1,1.0
3455,-0.5009972750486171,1.3361570144673536,0.0015493,0.1936483754161056,5.296777267562481,-0.5302845741924032,1.01338506043586,-4.626551796777603,0.32696719194081925,-75.4304045038503,-0.8125632746084135,-28.36243310826019,-0.8604110866485712,1.9060126557127952,-0.01912858174625246,-0.2358100881471076,-0.001441,0.36228602456531067,0.0078843,1,1.0
3456,0.061946183809824674,0.02904419428508276,0.0015493,0.1936483754161056,5.296777267562481,-6.021351553292533,1.01338506043586,45.4919899026815,0.32696719194081925,-55.96043298133792,-0.8125632746084135,22.660529776364466,-0.8604110866485712,15.903086192935419,-0.01912858174625246,-0.10613153814044773,-0.001441,0.11026773070957885,0.0078843,1,1.0
3457,0.017110612995747614,0.3410012482914003,0.0015493,0.1936483754161056,5.296777267562481,-7.280410112790195,1.01338506043586,-10.987413672530435,0.32696719194081925,-50.920575060949076,-0.8125632746084135,-41.663709435144284,-0.8604110866485712,19.32189968770924,-0.01912858174625246,-0.15229390947629484,-0.001441,0.1729865489720967,0.0078843,1,1.0
3458,0.01565237302325323,0.009139552379637289,0.0015493,0.1936483754161056,5.296777267562481,-1.6080203345729784,1.01338506043586,11.696017928496818,0.32696719194081925,-15.400989982447047,-0.8125632746084135,7.723303938232089,-0.8604110866485712,4.265382128611943,-0.01912858174625246,-0.022109817312816277,-0.001441,0.036325489385884445,0.0078843,1,1.0
3459,0.2457308834106229,0.04530581954621017,0.0015493,0.1936483754161056,5.296777267562481,-4.337168067933176,1.01338506043586,26.809700691688988,0.32696719194081925,-17.857599792728436,-0.8125632746084135,65.28649498549946,-0.8604110866485712,11.329776915752252,-0.01912858174625246,-0.08309222827702326,-0.001441,0.10222300635066287,0.0078843,1,1.0
3460,0.23333074858912617,0.052323783988966685,0.0015493,0.1936483754161056,5.296777267562481,-8.882073611914674,1.01338506043586,59.592490748195175,0.32696719194081925,-43.36720607235674,-0.8125632746084135,-53.328492670646085,-0.8604110866485712,23.410586722810148,-0.01912858174625246,-0.12589545058502974,-0.001441,0.12769665664584565,0.0078843,1,1.0
3461,-0.0012205678852915455,0.08577421894184972,0.0015493,0.1936483754161056,5.296777267562481,-4.9325568718134205,1.01338506043586,8.289883379283317,0.32696719194081925,-30.302348500491057,-0.8125632746084135,-77.14588050181976,-0.8604110866485712,13.107548746018221,-0.01912858174625246,-0.08690042650377935,-0.001441,0.08944143444071753,0.0078843,1,1.0
3462,0.24382393704563976,0.030312361985404976,0.0015493,0.1936483754161056,5.296777267562481,-5.442197659495872,1.01338506043586,41.08835565501113,0.32696719194081925,-12.238889858613998,-0.8125632746084135,-32.15439349356248,-0.8604110866485712,14.28113408816421,-0.01912858174625246,-0.10286715870201167,-0.001441,0.10325934187522283,0.0078843,1,1.0
3463,0.04180643801314693,0.2328813762641634,0.0015493,0.1936483754161056,5.296777267562481,-5.666456295305813,1.01338506043586,-7.009788806315478,0.32696719194081925,-31.40035348004454,-0.8125632746084135,-57.014931726065186,-0.8604110866485712,15.104515107577168,-0.01912858174625246,-0.10564362527627522,-0.001441,0.17120042112220593,0.0078843,1,1.0
3464,0.738282215363962,0.45504700913817575,0.0015493,0.1936483754161056,5.296777267562481,-12.489904236724355,1.01338506043586,30.17179692689301,0.32696719194081925,-9.558271635003118,-0.8125632746084135,38.06860754730356,-0.8604110866485712,32.646314440350714,-0.01912858174625246,-0.16960125029759254,-0.001441,0.19715216983285294,0.0078843,1,1.0
3465,0.06748484998254924,0.02037364902708363,0.0015493,0.1936483754161056,5.296777267562481,-5.107249708438442,1.01338506043586,40.500998148733686,0.32696719194081925,-50.09859152818937,-0.8125632746084135,43.668981593794385,-0.8604110866485712,13.46349920641057,-0.01912858174625246,-0.09608624168401869,-0.001441,0.09711078234546286,0.0078843,1,1.0
3466,-0.013459355172860912,0.10617359312473044,0.0015493,0.1936483754161056,5.296777267562481,-7.911728225488556,1.01338506043586,42.53542640992898,0.32696719194081925,-77.64204024486358,-0.8125632746084135,-7.7107401462255325,-0.8604110866485712,20.978505599278833,-0.01912858174625246,-0.11438321133648856,-0.001441,0.1235526685465523,0.0078843,1,1.0
3467,0.2788352197797563,0.06398961596203821,0.0015493,0.1936483754161056,5.296777267562481,-3.508215026263477,1.01338506043586,33.478460396621664,0.32696719194081925,-8.58970838643464,-0.8125632746084135,75.01061991271744,-0.8604110866485712,9.08189147550673,-0.01912858174625246,-0.14460683013901832,-0.001441,0.14467236723164528,0.0078843,1,1.0
3468,-0.009010785066273213,0.40212971394985264,0.0015493,0.1936483754161056,5.296777267562481,-6.526413388745023,1.01338506043586,-21.827128046901784,0.32696719194081925,-47.31125568884883,-0.8125632746084135,-34.690032414879454,-0.8604110866485712,17.29469006461605,-0.01912858174625246,-0.18598605036011637,-0.001441,0.17679535517996167,0.0078843,1,1.0
3469,0.0033705691527887733,0.026098950787220514,0.0015493,0.1936483754161056,5.296777267562481,-1.1953908415002894,1.01338506043586,-8.527417579524933,0.32696719194081925,-10.704699710748878,-0.8125632746084135,12.998320967404814,-0.8604110866485712,3.1694077495718025,-0.01912858174625246,-0.04390860215950188,-0.001441,0.05255755222704734,0.0078843,1,1.0
3470,0.4566400902157445,0.1448752296467424,0.0015493,0.1936483754161056,5.296777267562481,-8.636880159776382,1.01338506043586,31.98822969903273,0.32696719194081925,-11.432375182159312,-0.8125632746084135,-3.1666630266222597,-0.8604110866485712,22.618855391691056,-0.01912858174625246,-0.09065349472684633,-0.001441,0.10651028730133089,0.0078843,1,1.0
3471,0.03606938228838067,0.4872818158000241,0.0015493,0.1936483754161056,5.296777267562481,-7.191751667667075,1.01338506043586,-27.69185638064657,0.32696719194081925,-53.30980415863229,-0.8125632746084135,9.570429477674908,-0.8604110866485712,18.998927062690644,-0.01912858174625246,-0.20346919507988667,-0.001441,0.1891278645630098,0.0078843,1,1.0
3472,0.050094351199964395,0.0624943486874855,0.0015493,0.1936483754161056,5.296777267562481,-6.296388967781419,1.01338506043586,23.227560224626544,0.32696719194081925,-57.860991469699606,-0.8125632746084135,33.13652037699978,-0.8604110866485712,16.647501803731785,-0.01912858174625246,-0.03688988746332466,-0.001441,0.050958990681577325,0.0078843,1,1.0
3473,0.28166443100451166,0.05729663992503961,0.0015493,0.1936483754161056,5.296777267562481,-5.482487058069795,1.01338506043586,44.987580431433805,0.32696719194081925,-20.77059271997487,-0.8125632746084135,38.036915034169446,-0.8604110866485712,14.349258135755647,-0.01912858174625246,-0.12472066986859175,-0.001441,0.13972902837754364,0.0078843,1,1.0
3474,-0.006881045828149891,0.350027405001634,0.0015493,0.1936483754161056,5.296777267562481,-6.503906041180066,1.01338506043586,-18.411861316233228,0.32696719194081925,-49.47290696966692,-0.8125632746084135,-24.21262833472601,-0.8604110866485712,17.241627044297825,-0.01912858174625246,-0.16972201201484868,-0.001441,0.16981781874032773,0.0078843,1,1.0
3475,0.1884466745473985,0.10250934836454792,0.0015493,0.1936483754161056,5.296777267562481,-11.151420492014088,1.01338506043586,58.755939162928456,0.32696719194081925,-78.45291259400487,-0.8125632746084135,-6.27478460254515,-0.8604110866485712,29.416958438534433,-0.01912858174625246,-0.10519674387570264,-0.001441,0.10225744513925351,0.0078843,1,1.0
3476,0.10906383570035842,0.09796214940335334,0.0015493,0.1936483754161056,5.296777267562481,-10.13215523737804,1.01338506043586,83.88744481508738,0.32696719194081925,-81.46569068784615,-0.8125632746084135,-33.682857098024876,-0.8604110866485712,26.789860617648344,-0.01912858174625246,-0.21278275708092315,-0.001441,0.21655243950144187,0.0078843,1,1.0
3477,-0.022393491758883825,0.7573083544462734,0.0015493,0.1936483754161056,5.296777267562481,-9.380238156446485,1.01338506043586,-27.605457228397324,0.32696719194081925,-85.7451360562902,-0.8125632746084135,32.76437233780341,-0.8604110866485712,24.8599882037109,-0.01912858174625246,-0.23531434882208996,-0.001441,0.24995386320913227,0.0078843,1,1.0
3478,0.017546014918455567,0.2669314564080199,0.0015493,0.1936483754161056,5.296777267562481,-2.0260408079833354,1.01338506043586,-45.938558971452316,0.32696719194081925,-12.315662683319532,-0.8125632746084135,33.538426452158234,-0.8604110866485712,5.344134027141838,-0.01912858174625246,-0.19614356892418688,-0.001441,0.20070186460813316,0.0078843,1,1.0
3479,0.13559942628678925,0.02058605400724683,0.0015493,0.1936483754161056,5.296777267562481,-3.261568517897792,1.01338506043586,29.369698193792658,0.32696719194081925,-8.521558537557368,-0.8125632746084135,-27.023719054366072,-0.8604110866485712,8.590809862182118,-0.01912858174625246,-0.06753187021196827,-0.001441,0.08282842723166331,0.0078843,1,1.0
3480,-0.006209665564660112,0.25962236543060474,0.0015493,0.1936483754161056,5.296777267562481,-6.75037682016022,1.01338506043586,-3.321980636085205,0.32696719194081925,-52.8525273468742,-0.8125632746084135,-33.57497099614657,-0.8604110866485712,17.92950708326616,-0.01912858174625246,-0.12659675440323853,-0.001441,0.14817506882434406,0.0078843,1,1.0
3481,-0.012738685577717682,0.39761661755313193,0.0015493,0.1936483754161056,5.296777267562481,-5.8445587140503745,1.01338506043586,-25.921819815516606,0.32696719194081925,-46.80906868740775,-0.8125632746084135,-5.542599834352135,-0.8604110866485712,15.518923149436079,-0.01912858174625246,-0.17830437586119388,-0.001441,0.19909779655859486,0.0078843,1,1.0
3482,0.006372468677275561,0.11869308578963794,0.0015493,0.1936483754161056,5.296777267562481,-3.973668370740352,1.01338506043586,-8.035436964591483,0.32696719194081925,-27.525465479712093,-0.8125632746084135,-23.669685097832414,-0.8604110866485712,10.519610684482203,-0.01912858174625246,-0.09405007153126259,-0.001441,0.08530817948903592,0.0078843,1,1.0
3483,0.007396059728562098,0.13013066868114254,0.0015493,0.1936483754161056,5.296777267562481,-4.6248379658336605,1.01338506043586,-7.026310137208528,0.32696719194081925,-52.15022332521929,-0.8125632746084135,77.08492025878513,-0.8604110866485712,12.225591538291745,-0.01912858174625246,-0.07764905187107371,-0.001441,0.0928578893105255,0.0078843,1,1.0
3484,0.002386541902365747,0.2734806514681893,0.0015493,0.1936483754161056,5.296777267562481,-6.0164086602948155,1.01338506043586,-13.90474020495585,0.32696719194081925,-62.76173166421084,-0.8125632746084135,71.23297445616627,-0.8604110866485712,15.952182140284586,-0.01912858174625246,-0.11857920706895905,-0.001441,0.15835469832885976,0.0078843,1,1.0
3485,0.29182930261210627,0.07904566564575674,0.0015493,0.1936483754161056,5.296777267562481,-9.253654456294125,1.01338506043586,48.301297633427616,0.32696719194081925,-41.02377156316803,-0.8125632746084135,-23.508652457983345,-0.8604110866485712,24.333218483304478,-0.01912858174625246,-0.08603457236201814,-0.001441,0.08065512764730579,0.0078843,1,1.0
3486,0.05354860016894685,0.04635163312742467,0.0015493,0.1936483754161056,5.296777267562481,-7.317337779342774,1.01338506043586,38.10971878682381,0.32696719194081925,-69.99718476202439,-0.8125632746084135,38.57902570435957,-0.8604110866485712,19.326729957045085,-0.01912858174625246,-0.07316308698688484,-0.001441,0.07345060046662613,0.0078843,1,1.0
3487,0.11473089989007734,0.0632869004566584,0.0015493,0.1936483754161056,5.296777267562481,-7.778418107693028,1.01338506043586,68.80382283668703,0.32696719194081925,-59.92665487707318,-0.8125632746084135,-19.064591760358997,-0.8604110866485712,20.539247833651835,-0.01912858174625246,-0.1770093035637529,-0.001441,0.1765699237699583,0.0078843,1,1.0
3488,0.1257956779753418,0.01887735997434232,0.0015493,0.1936483754161056,5.296777267562481,-5.119658721062944,1.01338506043586,30.40314619358401,0.32696719194081925,-36.87405483053214,-0.8125632746084135,30.09198547990676,-0.8604110866485712,13.46800148900428,-0.01912858174625246,-0.05870244738016654,-0.001441,0.05990187929436849,0.0078843,1,1.0
3489,0.37130331710547465,0.10023935751190609,0.0015493,0.1936483754161056,5.296777267562481,-7.487952121422367,1.01338506043586,62.83241631858474,0.32696719194081925,-33.64831745070486,-0.8125632746084135,68.725074737975,-0.8604110866485712,19.57021257358628,-0.01912858174625246,-0.19076514260333555,-0.001441,0.19206718270081963,0.0078843,1,1.0
3490,-0.041055277347498406,0.47293693308279394,0.0015493,0.1936483754161056,5.296777267562481,-7.384296975674381,1.01338506043586,-9.189459239585892,0.32696719194081925,-54.51475682601385,-0.8125632746084135,-77.68192050070844,-0.8604110866485712,19.692596116447593,-0.01912858174625246,-0.1737062095965187,-0.001441,0.22334918102023057,0.0078843,1,1.0
3491,0.01661069064976765,0.15081206304364234,0.0015493,0.1936483754161056,5.296777267562481,0.1322514920677324,1.01338506043586,-9.48094296989161,0.32696719194081925,-15.173877339396741,-0.8125632746084135,98.31499192635854,-0.8604110866485712,0.04475295926021411,-0.01912858174625246,0.0317095157197943,-0.001441,0.287434843110871,0.0078843,0,1.0
3492,0.02255680235560973,0.037699601934272124,0.0015493,0.1936483754161056,5.296777267562481,-6.376977727741583,1.01338506043586,35.13707029121917,0.32696719194081925,-68.38939340772824,-0.8125632746084135,51.771707037630684,-0.8604110866485712,16.8440344331554,-0.01912858174625246,-0.07256642407747432,-0.001441,0.06978398242356901,0.0078843,1,1.0
3493,0.2740763868625031,0.06498063406347562,0.0015493,0.1936483754161056,5.296777267562481,-9.682006728584636,1.01338506043586,57.67949762532299,0.32696719194081925,-42.56024924845319,-0.8125632746084135,-59.74996389803822,-0.8604110866485712,25.50652928557663,-0.01912858174625246,-0.10973000628127255,-0.001441,0.1108336300346347,0.0078843,1,1.0
3494,0.23266994095682497,0.1959734698149274,0.0015493,0.1936483754161056,5.296777267562481,-8.539875326508334,1.01338506043586,16.038477726896726,0.32696719194081925,-49.11297576748936,-0.8125632746084135,39.04714573175115,-0.8604110866485712,22.43059042243363,-0.01912858174625246,-0.05321841713455949,-0.001441,0.03660559097331502,0.0078843,1,1.0
3495,0.4541691100174861,0.10914589492661181,0.0015493,0.1936483754161056,5.296777267562481,-10.891308561809415,1.01338506043586,60.95285682055711,0.32696719194081925,-27.027244557107753,-0.8125632746084135,-56.150646807133406,-0.8604110866485712,28.59664509667611,-0.01912858174625246,-0.12602329025704845,-0.001441,0.12668801004492358,0.0078843,1,1.0
3496,0.16573334570044201,0.02572893728373369,0.0015493,0.1936483754161056,5.296777267562481,-6.1545824196629155,1.01338506043586,38.26812842783892,0.32696719194081925,-34.146371725481146,-0.8125632746084135,-8.466902085349934,-0.8604110866485712,16.20382568197884,-0.01912858174625246,-0.07602603867954713,-0.001441,0.07681444648896846,0.0078843,1,1.0
3497,0.02376077226122202,0.06441305867253362,0.0015493,0.1936483754161056,5.296777267562481,-5.50897919697517,1.01338506043586,14.614873111412516,0.32696719194081925,-44.77798360440423,-0.8125632746084135,-12.383585666277568,-0.8604110866485712,14.582335663789687,-0.01912858174625246,-0.054657631446148436,-0.001441,0.0550997440495308,0.0078843,1,1.0
3498,0.26990162684560365,0.05398367426690406,0.0015493,0.1936483754161056,5.296777267562481,-4.439936989650172,1.01338506043586,38.40819710998515,0.32696719194081925,-15.439999950455537,-0.8125632746084135,55.734403223938656,-0.8604110866485712,11.571146381968374,-0.01912858174625246,-0.13085403580565066,-0.001441,0.1353084006108022,0.0078843,1,1.0
3499,0.009060161101032922,0.01005308633634847,0.0015493,0.1936483754161056,5.296777267562481,-2.305926999540395,1.01338506043586,17.570965944964478,0.32696719194081925,-35.34865894743249,-0.8125632746084135,71.58398216818239,-0.8604110866485712,6.058477449965426,-0.01912858174625246,-0.04416004897803813,-0.001441,0.040047336851167264,0.0078843,1,1.0
3500,0.00015719674266778672,0.10717195489665032,0.0015493,2.486815554790245,3.014456156746668,21.090664171186077,1.01338506043586,7.59266109027416,0.32696719194081925,-61.364069082661956,-0.8125632746084135,33.71054230817131,-0.8604110866485712,20.729443901335554,-0.01912858174625246,0.06042839914918412,-0.001441,0.20237925478917634,0.0078843,0,1.0
3501,0.5593884860649703,0.12211663718739971,0.0015493,2.486815554790245,3.014456156746668,-84.96649939313717,1.01338506043586,-3.820524461043905,0.32696719194081925,-3.489586494857334,-0.8125632746084135,14.949501451120636,-0.8604110866485712,52.24481151154262,-0.01912858174625246,-0.14907004601701052,-0.001441,0.14741521833110627,0.0078843,1,1.0
3502,0.3498786720490279,0.23399210562772857,0.0015493,2.486815554790245,3.014456156746668,67.33859296952429,1.01338506043586,14.50370819928764,0.32696719194081925,-59.537329900976275,-0.8125632746084135,-30.195398961393895,-0.8604110866485712,14.524997447644484,-0.01912858174625246,-0.07120575634568738,-0.001441,0.39299977460054203,0.0078843,1,1.0
3503,0.4537843894115998,0.14768663251679254,0.0015493,2.486815554790245,3.014456156746668,-17.25361549893,1.01338506043586,12.328571318968418,0.32696719194081925,-91.61174338090325,-0.8125632746084135,12.957036706389841,-0.8604110866485712,69.04955315178837,-0.01912858174625246,-0.26948913643768385,-0.001441,0.2689440430611784,0.0078843,1,1.0
3504,0.00010283661690668744,0.1403470085378931,0.0015493,2.486815554790245,3.014456156746668,94.23575619460097,1.01338506043586,11.072472627923851,0.32696719194081925,-36.96063806264795,-0.8125632746084135,-5.69998700474246,-0.8604110866485712,-24.137410262732175,-0.01912858174625246,0.28397128505719493,-0.001441,0.33211164494563405,0.0078843,0,1.0
3505,0.002279316395541353,0.08135135417440806,0.0015493,2.486815554790245,3.014456156746668,11.040508114668521,1.01338506043586,6.714672756820065,0.32696719194081925,-57.86307432573059,-0.8125632746084135,27.345668080002927,-0.8604110866485712,25.173956050261427,-0.01912858174625246,-0.06776203271902013,-0.001441,0.1755692243003737,0.0078843,1,1.0
3506,0.3644883600956293,0.08270758437469435,0.0015493,2.486815554790245,3.014456156746668,25.289318661971095,1.01338506043586,7.443383700045645,0.32696719194081925,-19.86524386870419,-0.8125632746084135,-43.21924808464884,-0.8604110866485712,14.084645454584768,-0.01912858174625246,-0.18396306979537197,-0.001441,0.1907422507014092,0.0078843,1,1.0
3507,0.016319763831331713,0.02525825652813122,0.0015493,2.486815554790245,3.014456156746668,-8.80015309367474,1.01338506043586,4.213173986456163,0.32696719194081925,-34.47677277343849,-0.8125632746084135,20.283986060762114,-0.8604110866485712,19.306508859073368,-0.01912858174625246,-0.08201330349536282,-0.001441,0.09462189822501307,0.0078843,1,1.0
3508,0.4190126410674133,0.025530801448095372,0.0015493,2.486815554790245,3.014456156746668,-40.575093023040644,1.01338506043586,2.154093954541492,0.32696719194081925,-25.821052227223202,-0.8125632746084135,4.129961987495803,-0.8604110866485712,42.587127485502435,-0.01912858174625246,-0.034523674231108095,-0.001441,0.03464355330227599,0.0078843,1,1.0
3509,0.12548579587527242,0.08747936795330075,0.0015493,2.486815554790245,3.014456156746668,49.80933836619364,1.01338506043586,7.887657698970122,0.32696719194081925,-13.015960073586475,-0.8125632746084135,-43.51536776361614,-0.8604110866485712,-7.952547697849529,-0.01912858174625246,-0.1896856784299469,-0.001441,0.2034715761301428,0.0078843,1,1.0
3510,0.9983569212289831,0.2173484389036146,0.0015493,2.486815554790245,3.014456156746668,-25.25244303929328,1.01338506043586,10.676307909018947,0.32696719194081925,-47.93727627264296,-0.8125632746084135,-51.228043679158326,-0.8604110866485712,68.92272679487473,-0.01912858174625246,-0.23093328309268576,-0.001441,0.228429981036919,0.0078843,1,1.0
3511,0.45127355937573177,0.1597230882099261,0.0015493,2.486815554790245,3.014456156746668,99.71368473728718,1.01338506043586,18.129651660752693,0.32696719194081925,-95.17207163072226,-0.8125632746084135,7.557848147862064,-0.8604110866485712,18.023997442286515,-0.01912858174625246,0.4029147583017469,-0.001441,0.5757612264718687,0.0078843,0,1.0
3512,1.0688199258209536,0.23412578988469115,0.0015493,2.486815554790245,3.014456156746668,-39.43091776169413,1.01338506043586,11.366897490880469,0.32696719194081925,-66.28683519345499,-0.8125632746084135,-37.420097878751704,-0.8604110866485712,86.8004908006809,-0.01912858174625246,-0.24355535939497885,-0.001441,0.24415416858547245,0.0078843,1,1.0
3513,0.20664524365810844,0.007620960612826805,0.0015493,2.486815554790245,3.014456156746668,-30.85414750662646,1.01338506043586,2.892055192271402,0.32696719194081925,-36.94579385295894,-0.8125632746084135,21.148636218339426,-0.8604110866485712,37.06270730680794,-0.01912858174625246,-0.051261974581142636,-0.001441,0.05102485849278944,0.0078843,1,1.0
3514,0.012831977182458099,0.08734853426200541,0.0015493,2.486815554790245,3.014456156746668,76.70902761933066,1.01338506043586,11.866523606310752,0.32696719194081925,-85.89291478879112,-0.8125632746084135,72.2750014063963,-0.8604110866485712,1.7367441606163634,-0.01912858174625246,0.3701729027943408,-0.001441,0.7650458751669642,0.0078843,0,1.0
3515,0.29614622754157727,0.09539941643596814,0.0015493,2.486815554790245,3.014456156746668,-89.40559709649436,1.01338506043586,-4.560955578782345,0.32696719194081925,-14.832670260478974,-0.8125632746084135,47.393405338087845,-0.8604110866485712,49.51625929359715,-0.01912858174625246,-0.18516477849702498,-0.001441,0.1866423617029032,0.0078843,1,1.0
3516,0.034005607941715366,0.10333926375214493,0.0015493,2.486815554790245,3.014456156746668,58.224506313766504,1.01338506043586,6.818251376647535,0.32696719194081925,-14.447191846071366,-0.8125632746084135,-38.93003257538602,-0.8604110866485712,-10.96822372859547,-0.01912858174625246,-0.21348392665905674,-0.001441,0.22395532813331037,0.0078843,1,1.0
3517,0.038623409313364165,0.16233917751295096,0.0015493,2.486815554790245,3.014456156746668,86.35785862112208,1.01338506043586,10.517908662438208,0.32696719194081925,-21.67491577307443,-0.8125632746084135,-41.18424688055761,-0.8604110866485712,-22.24114247401679,-0.01912858174625246,-0.06990440509816898,-0.001441,0.30310839719326665,0.0078843,1,1.0
3518,0.04392997238153412,0.04122699556520918,0.0015493,2.486815554790245,3.014456156746668,-16.01508659433249,1.01338506043586,5.716521321440338,0.32696719194081925,-65.27361717546462,-0.8125632746084135,39.255878907196326,-0.8604110866485712,41.48861433261514,-0.01912858174625246,-0.12212529603382674,-0.001441,0.12846799194405448,0.0078843,1,1.0
3519,0.07426205522305956,0.02369949665479393,0.0015493,2.486815554790245,3.014456156746668,-17.9475908589269,1.01338506043586,4.762955305845983,0.32696719194081925,-54.58753906634296,-0.8125632746084135,32.36296730244666,-0.8604110866485712,37.473899284435454,-0.01912858174625246,-0.09937809123087828,-0.001441,0.1012536640567109,0.0078843,1,1.0
3520,0.011715614090755944,0.12360136568283496,0.0015493,2.486815554790245,3.014456156746668,40.65028753602962,1.01338506043586,9.229517960880386,0.32696719194081925,-55.189710933300645,-0.8125632746084135,14.8947758535591,-0.8604110866485712,10.237239912249658,-0.01912858174625246,0.023565283960046285,-0.001441,0.24644032861896506,0.0078843,0,1.0
3521,1.157549920705951,0.2893984036276438,0.0015493,2.486815554790245,3.014456156746668,-11.936781916936779,1.01338506043586,10.69559270931296,0.32696719194081925,-27.08164383466682,-0.8125632746084135,-85.31755701477228,-0.8604110866485712,59.3052140939754,-0.01912858174625246,-0.24147197706372114,-0.001441,0.24032742467072576,0.0078843,1,1.0
3522,0.448081845908002,0.024544231163298704,0.0015493,2.486815554790245,3.014456156746668,-58.32583143052758,1.01338506043586,2.7496742467379036,0.32696719194081925,-47.79682103312875,-0.8125632746084135,25.671172409088864,-0.8604110866485712,61.91786009319664,-0.01912858174625246,-0.03695642473637973,-0.001441,0.03720217437640972,0.0078843,1,1.0
3523,0.0478020306036917,0.11961849309349509,0.0015493,2.486815554790245,3.014456156746668,-96.83814044167895,1.01338506043586,-7.6897537908625155,0.32696719194081925,-18.252277712240648,-0.8125632746084135,78.89841569411657,-0.8604110866485712,46.73251385262725,-0.01912858174625246,-0.23315323526960657,-0.001441,0.233739585794486,0.0078843,1,1.0
3524,0.0016407963451859908,0.13556611557359646,0.0015493,2.486815554790245,3.014456156746668,81.42128846280275,1.01338506043586,6.795000034608761,0.32696719194081925,-9.53734138786103,-0.8125632746084135,-25.451545207487897,-0.8604110866485712,-28.713881639630884,-0.01912858174625246,0.130466098226308,-0.001441,0.2597010109437666,0.0078843,0,1.0
3525,0.11924649843254542,0.004478400426930401,0.0015493,2.486815554790245,3.014456156746668,-45.74272296482484,1.01338506043586,2.493719947981633,0.32696719194081925,-53.86643194777555,-0.8125632746084135,48.63019582751794,-0.8604110866485712,48.3140488037278,-0.01912858174625246,-0.04014858400743471,-0.001441,0.039918419178197384,0.0078843,1,1.0
3526,0.9905195851101505,0.1790693848113533,0.0015493,2.486815554790245,3.014456156746668,-58.22122993140922,1.01338506043586,7.786490108834451,0.32696719194081925,-67.51030953953958,-0.8125632746084135,-13.427271752768148,-0.8604110866485712,93.68447559366051,-0.01912858174625246,-0.18188436367402153,-0.001441,0.1802787963593984,0.0078843,1,1.0
3527,0.10133239980030306,0.024431472663952923,0.0015493,2.486815554790245,3.014456156746668,-49.53392658881513,1.01338506043586,5.523480312005981,0.32696719194081925,-84.13155745214267,-0.8125632746084135,66.86670749317231,-0.8604110866485712,64.40395630391048,-0.01912858174625246,-0.09932890795103916,-0.001441,0.09901002613332727,0.0078843,1,1.0
3528,0.6410485953412431,0.05521994948779891,0.0015493,2.486815554790245,3.014456156746668,-68.38056036622031,1.01338506043586,4.519535146815727,0.32696719194081925,-56.433024077255645,-0.8125632746084135,19.007020407834293,-0.8604110866485712,76.24554653444568,-0.01912858174625246,-0.07216682213369521,-0.001441,0.07232481586800268,0.0078843,1,1.0
3529,0.002795011994526808,0.12567379279333812,0.0015493,2.486815554790245,3.014456156746668,95.42145744444561,1.01338506043586,11.3689741104294,0.32696719194081925,-51.07475568813589,-0.8125632746084135,10.51463368421395,-0.8604110866485712,-17.23927254104008,-0.01912858174625246,0.33419667581173196,-0.001441,0.39841115115163983,0.0078843,0,1.0
3530,0.5893087016170506,0.279484999459685,0.0015493,2.486815554790245,3.014456156746668,21.292927643824854,1.01338506043586,16.151203337155067,0.32696719194081925,-75.25513203929597,-0.8125632746084135,-35.473605760134525,-0.8604110866485712,49.44469748871002,-0.01912858174625246,-0.3358320831700209,-0.001441,0.3671600476378646,0.0078843,1,1.0
3531,0.17140328876613697,0.064982468001868,0.0015493,2.486815554790245,3.014456156746668,1.1887096038108853,1.01338506043586,7.7715062753139845,0.32696719194081925,-55.391320136332375,-0.8125632746084135,9.469167252564205,-0.8604110866485712,33.73412242135249,-0.01912858174625246,-0.1648816462284337,-0.001441,0.17732983334855823,0.0078843,1,1.0
3532,0.35489148869205533,0.06106745265819938,0.0015493,2.486815554790245,3.014456156746668,21.359549809125834,1.01338506043586,6.408080626552416,0.32696719194081925,-11.634172626856408,-0.8125632746084135,-44.150721212775046,-0.8604110866485712,10.42420737753975,-0.01912858174625246,-0.15647134887789435,-0.001441,0.1567665474780787,0.0078843,1,1.0
3533,0.016395026976647104,0.0053367494321123555,0.0015493,2.486815554790245,3.014456156746668,7.421513363948403,1.01338506043586,1.835216036329302,0.32696719194081925,-7.751724897994468,-0.8125632746084135,-3.591021598807103,-0.8604110866485712,1.6747677525111988,-0.01912858174625246,-0.042349944112160275,-0.001441,0.045035927661944634,0.0078843,1,1.0
3534,0.19391558689906674,0.16611521741357543,0.0015493,2.486815554790245,3.014456156746668,44.94987458779493,1.01338506043586,12.329595205952664,0.32696719194081925,-67.27248581598197,-0.8125632746084135,3.913536719104969,-0.8604110866485712,20.480962772794157,-0.01912858174625246,-0.003477405994747884,-0.001441,0.32009818518712396,0.0078843,1,1.0
3535,0.9129378744156703,0.16717459361499037,0.0015493,2.486815554790245,3.014456156746668,-31.309559464088245,1.01338506043586,8.71654653631569,0.32696719194081925,-35.75485338296131,-0.8125632746084135,-44.95454158993037,-0.8604110866485712,60.481110625884114,-0.01912858174625246,-0.17169772096367386,-0.001441,0.17472646383565182,0.0078843,1,1.0
3536,0.3366412988058563,0.03539077422713926,0.0015493,2.486815554790245,3.014456156746668,-46.46194652196421,1.01338506043586,6.661279449151506,0.32696719194081925,-77.91921624294615,-0.8125632746084135,40.38400024893593,-0.8604110866485712,68.90329516491317,-0.01912858174625246,-0.12705076987729796,-0.001441,0.1269546251857116,0.0078843,1,1.0
3537,0.017906583731177914,0.035556128784055216,0.0015493,2.486815554790245,3.014456156746668,-10.048818598463063,1.01338506043586,-0.36354534751998246,0.32696719194081925,-18.919941025519872,-0.8125632746084135,20.597532981253472,-0.8604110866485712,15.915184300273292,-0.01912858174625246,-0.03915403219111749,-0.001441,0.08349380438597505,0.0078843,1,1.0
3538,0.2385533385817763,0.08409341470790752,0.0015493,2.486815554790245,3.014456156746668,27.30196979882265,1.01338506043586,8.252737721912506,0.32696719194081925,-30.51336559098914,-0.8125632746084135,-28.94929828945591,-0.8604110866485712,13.760030445922753,-0.01912858174625246,-0.1970963323520239,-0.001441,0.2023534776388926,0.0078843,1,1.0
3539,0.40470881069261366,0.021662470320120673,0.0015493,2.486815554790245,3.014456156746668,-71.53600395855105,1.01338506043586,3.876316401714056,0.32696719194081925,-76.46772807473502,-0.8125632746084135,53.79939153389313,-0.8604110866485712,80.68467889027202,-0.01912858174625246,-0.055608497812853534,-0.001441,0.05745935127090567,0.0078843,1,1.0
3540,0.07167579218662734,0.07505719696085211,0.0015493,2.486815554790245,3.014456156746668,37.57136919326217,1.01338506043586,7.479542085902249,0.32696719194081925,-25.25253602900683,-0.8125632746084135,-24.27505452926151,-0.8604110866485712,1.4171878667060724,-0.01912858174625246,-0.18914251016331762,-0.001441,0.18988517586000975,0.0078843,1,1.0
3541,0.5542393002685371,0.09938859159214052,0.0015493,2.486815554790245,3.014456156746668,-1.9392274463350327,1.01338506043586,8.41836562477246,0.32696719194081925,-37.79088180210386,-0.8125632746084135,-31.9189612984843,-0.8604110866485712,39.4247851700851,-0.01912858174625246,-0.18283525661250624,-0.001441,0.19065291382057617,0.0078843,1,1.0
3542,0.13342259382260457,0.09413567433925968,0.0015493,2.486815554790245,3.014456156746668,38.473244105473704,1.01338506043586,7.465082217316023,0.32696719194081925,-29.295425794934857,-0.8125632746084135,-24.088362900473626,-0.8604110866485712,6.272493712084515,-0.01912858174625246,-0.17082977663601578,-0.001441,0.2132559988608717,0.0078843,1,1.0
3543,0.01597431172664865,0.08952293083685929,0.0015493,2.486815554790245,3.014456156746668,91.82346116340027,1.01338506043586,11.43754345028511,0.32696719194081925,-71.18347497648121,-0.8125632746084135,51.61436406188434,-0.8604110866485712,-9.871502896581871,-0.01912858174625246,0.3778795895306444,-0.001441,0.7232527384837351,0.0078843,0,1.0
3544,0.016233032349360577,0.04192782561401359,0.0015493,2.486815554790245,3.014456156746668,5.463643679310221,1.01338506043586,6.17619529546148,0.32696719194081925,-42.11156721526464,-0.8125632746084135,12.510218865408014,-0.8604110866485712,18.937574827814355,-0.01912858174625246,-0.1343344767443852,-0.001441,0.1351688590337557,0.0078843,1,1.0
3545,1.1762254151558316,0.2280976141853937,0.0015493,2.486815554790245,3.014456156746668,-66.3878169056862,1.01338506043586,6.623255307667641,0.32696719194081925,-42.11262755625519,-0.8125632746084135,-36.872505040981544,-0.8604110866485712,87.91103814057035,-0.01912858174625246,-0.11125194143732686,-0.001441,0.12099492941046275,0.0078843,1,1.0
3546,0.032950670319731645,0.00923706072334093,0.0015493,2.486815554790245,3.014456156746668,-11.418298688945367,1.01338506043586,2.926599647117353,0.32696719194081925,-34.580157058467606,-0.8125632746084135,21.70670349073274,-0.8604110866485712,23.247749822246796,-0.01912858174625246,-0.06180887750852125,-0.001441,0.06167340205958553,0.0078843,1,1.0
3547,0.17938003840693773,0.021051560609954896,0.0015493,2.486815554790245,3.014456156746668,-58.81334781214755,1.01338506043586,5.504316986171786,0.32696719194081925,-87.52240261641322,-0.8125632746084135,68.43362567599577,-0.8604110866485712,72.38591532695413,-0.01912858174625246,-0.09559133092156274,-0.001441,0.09515570387191247,0.0078843,1,1.0
3548,0.0025467366449412054,0.26516003335352245,0.0015493,2.486815554790245,3.014456156746668,97.14779255112629,1.01338506043586,4.52409479724685,0.32696719194081925,-1.6394561504342788,-0.8125632746084135,5.224649235975202,-0.8604110866485712,-45.72229235026954,-0.01912858174625246,0.21829533935856332,-0.001441,0.7363946202163327,0.0078843,0,1.0
3549,0.006901632592207996,0.20300972957906271,0.0015493,2.486815554790245,3.014456156746668,93.52996510610755,1.01338506043586,6.005175799451925,0.32696719194081925,-12.338788626075914,-0.8125632746084135,3.1262311210706812,-0.8604110866485712,-37.28771670987606,-0.01912858174625246,0.24256127434284847,-0.001441,0.5981940940956311,0.0078843,0,1.0
3550,0.007067771712407134,0.1204534120174494,0.0015493,2.486815554790245,3.014456156746668,78.20682378329452,1.01338506043586,7.699596731730117,0.32696719194081925,-6.702651007790717,-0.8125632746084135,-41.66415244685959,-0.8604110866485712,-27.137761315038812,-0.01912858174625246,-0.04478629916496307,-0.001441,0.23902676430998,0.0078843,1,1.0
3551,0.005329342963395045,0.07694467436765515,0.0015493,2.486815554790245,3.014456156746668,53.665765336176285,1.01338506043586,6.552627688822745,0.32696719194081925,-11.080357042753233,-0.8125632746084135,-34.13738303790633,-0.8604110866485712,-13.91876211472905,-0.01912858174625246,-0.15759443822370428,-0.001441,0.18768550233538167,0.0078843,1,1.0
3552,0.006069547245970419,0.12780347543828374,0.0015493,2.486815554790245,3.014456156746668,57.95136996313761,1.01338506043586,8.88194710583339,0.32696719194081925,-34.63986140199928,-0.8125632746084135,-16.043848358058156,-0.8604110866485712,-4.780057194498131,-0.01912858174625246,-0.09491553982976544,-0.001441,0.2524161783438672,0.0078843,1,1.0
3553,0.6090250601674794,0.1738831014083349,0.0015493,2.486815554790245,3.014456156746668,6.5060977524395796,1.01338506043586,11.913732685687844,0.32696719194081925,-51.12324306209725,-0.8125632746084135,-39.359736283866546,-0.8604110866485712,44.15967161860499,-0.01912858174625246,-0.26909369633487473,-0.001441,0.26503598747107665,0.0078843,1,1.0
3554,1.236987690482856,0.2984813732589442,0.0015493,2.486815554790245,3.014456156746668,-24.27573998372457,1.01338506043586,8.39699514883505,0.32696719194081925,-21.145308006786756,-0.8125632746084135,-84.12652601874602,-0.8604110866485712,65.22941117997597,-0.01912858174625246,-0.20139125316825202,-0.001441,0.2029833255492488,0.0078843,1,1.0
3555,0.47878266351059134,0.06083432646120215,0.0015493,2.486815554790245,3.014456156746668,-89.64904189433177,1.01338506043586,-1.39730100485845,0.32696719194081925,-35.59590710609984,-0.8125632746084135,40.94879867127561,-0.8604110866485712,67.80384687950344,-0.01912858174625246,-0.09751350473130874,-0.001441,0.09655921473462345,0.0078843,1,1.0
3556,1.0141133070747541,0.3246732521029353,0.0015493,2.486815554790245,3.014456156746668,-13.2092263858602,1.01338506043586,15.465537306360444,0.32696719194081925,-82.97992584064757,-0.8125632746084135,-43.443396958893565,-0.8604110866485712,83.5814264708555,-0.01912858174625246,-0.3347564588529371,-0.001441,0.3539647395819821,0.0078843,1,1.0
3557,0.12849900288323945,0.042045457633700954,0.0015493,2.486815554790245,3.014456156746668,3.9635763547537017,1.01338506043586,5.699201561808276,0.32696719194081925,-38.87479719520277,-0.8125632746084135,5.065921061891039,-0.8604110866485712,22.659120396166596,-0.01912858174625246,-0.10635163052146022,-0.001441,0.13359119748482773,0.0078843,1,1.0
3558,0.1179953036775015,0.02901424365771062,0.0015493,2.486815554790245,3.014456156746668,-16.117885717013852,1.01338506043586,5.08495000405417,0.32696719194081925,-53.21563532495635,-0.8125632746084135,27.214034310886387,-0.8604110866485712,37.47174000714968,-0.01912858174625246,-0.09664475814595472,-0.001441,0.1100829794655259,0.0078843,1,1.0
3559,0.11266162985819156,0.030419733734438088,0.0015493,2.486815554790245,3.014456156746668,-51.95291471761738,1.01338506043586,5.358069463199863,0.32696719194081925,-91.25508522020863,-0.8125632746084135,72.28218132975543,-0.8604110866485712,70.78134536674933,-0.01912858174625246,-0.1013224531979392,-0.001441,0.1016285677163653,0.0078843,1,1.0
3560,0.051629872125658394,0.08247224265985426,0.0015493,2.486815554790245,3.014456156746668,29.02788808272495,1.01338506043586,7.822967393198565,0.32696719194081925,-39.50484695763914,-0.8125632746084135,-8.15802360745157,-0.8604110866485712,11.351993176960825,-0.01912858174625246,-0.18572139130858994,-0.001441,0.19687979510611092,0.0078843,1,1.0
3561,0.02715494090102949,0.010564508271729934,0.0015493,2.486815554790245,3.014456156746668,-13.1108908976851,1.01338506043586,3.002452320488707,0.32696719194081925,-38.00732941705311,-0.8125632746084135,25.316991711946624,-0.8604110866485712,25.575432260525503,-0.01912858174625246,-0.06358442343644628,-0.001441,0.06413701993390426,0.0078843,1,1.0
3562,0.0028413237391378132,0.2902108263398484,0.0015493,2.486815554790245,3.014456156746668,87.89400626305095,1.01338506043586,6.185422226232916,0.32696719194081925,-31.316977367954614,-0.8125632746084135,48.17253870773065,-0.8604110866485712,-32.07273267312595,-0.01912858174625246,0.2528411467838064,-0.001441,0.9865287797316421,0.0078843,0,1.0
3563,0.7994768928915497,0.09360324354751834,0.0015493,2.486815554790245,3.014456156746668,-74.96877330687707,1.01338506043586,3.3881777374216293,0.32696719194081925,-49.79680376322851,-0.8125632746084135,8.119625324540724,-0.8604110866485712,82.40178013177737,-0.01912858174625246,-0.04364019354964269,-0.001441,0.04716591334205681,0.0078843,1,1.0
3564,0.25694566670701163,0.01644949463167558,0.0015493,2.486815554790245,3.014456156746668,-45.665210919433164,1.01338506043586,-0.28226564923733505,0.32696719194081925,-19.64426729464564,-0.8125632746084135,20.071913815662914,-0.8604110866485712,35.50345778663063,-0.01912858174625246,-0.04816040714609994,-0.001441,0.0473664833670521,0.0078843,1,1.0
3565,0.05059506650373391,0.10722260319768373,0.0015493,2.486815554790245,3.014456156746668,-14.076093242920361,1.01338506043586,9.257682659378913,0.32696719194081925,-96.64467777560341,-0.8125632746084135,55.23421456940265,-0.8604110866485712,56.62695687660814,-0.01912858174625246,-0.16252089583617224,-0.001441,0.21340236445255922,0.0078843,1,1.0
3566,0.8558090813011655,0.12192393038898153,0.0015493,2.486815554790245,3.014456156746668,-45.3608914045949,1.01338506043586,3.671774272108182,0.32696719194081925,-21.745583676998596,-0.8125632746084135,-32.97799778954165,-0.8604110866485712,59.25363176077002,-0.01912858174625246,-0.07329791784964998,-0.001441,0.0735293086735074,0.0078843,1,1.0
3567,0.050075342363002484,0.1102103667986887,0.0015493,2.486815554790245,3.014456156746668,59.65489944539584,1.01338506043586,12.446504141354394,0.32696719194081925,-92.37132486307448,-0.8125632746084135,58.89843240208643,-0.8604110866485712,17.496743306590588,-0.01912858174625246,0.36538080179993904,-0.001441,0.445699792826704,0.0078843,0,1.0
3568,0.0023144956583736054,0.059517937955846124,0.0015493,2.486815554790245,3.014456156746668,88.68622391703026,1.01338506043586,13.811895917408805,0.32696719194081925,-94.02737980971227,-0.8125632746084135,63.72519954649041,-0.8604110866485712,2.6709722814600236,-0.01912858174625246,0.42769989711012346,-0.001441,0.6504589491459555,0.0078843,0,1.0
3569,0.09919999700672066,0.012980765851212352,0.0015493,2.486815554790245,3.014456156746668,-17.719964970578527,1.01338506043586,3.7235611840860643,0.32696719194081925,-43.086325362045436,-0.8125632746084135,24.38029966083124,-0.8604110866485712,32.31786659034368,-0.01912858174625246,-0.07709143686522367,-0.001441,0.0768565906013927,0.0078843,1,1.0
3570,0.5354466072645448,0.05831726304253923,0.0015493,2.486815554790245,3.014456156746668,-31.741753227470827,1.01338506043586,5.959388600914582,0.32696719194081925,-49.48793179803693,-0.8125632746084135,-1.3839616604821359,-0.8604110866485712,56.82005616533419,-0.01912858174625246,-0.12641775289141968,-0.001441,0.12821912410235728,0.0078843,1,1.0
3571,0.023660133220181345,0.023000020898444377,0.0015493,2.486815554790245,3.014456156746668,1.6301016320070654,1.01338506043586,4.66924919610438,0.32696719194081925,-32.165936960534154,-0.8125632746084135,10.237756283725615,-0.8604110866485712,15.577605277715076,-0.01912858174625246,-0.10037000331430998,-0.001441,0.10050641085062748,0.0078843,1,1.0
3572,0.20457913023941598,0.13469021314574575,0.0015493,2.486815554790245,3.014456156746668,32.69187244072261,1.01338506043586,10.17570129505658,0.32696719194081925,-48.65671799175958,-0.8125632746084135,-21.074963726291223,-0.8604110866485712,20.70931981494101,-0.01912858174625246,-0.25519394735948736,-0.001441,0.2591054361934542,0.0078843,1,1.0
3573,0.00836626003828056,0.06141563182136619,0.0015493,2.486815554790245,3.014456156746668,90.7461620411327,1.01338506043586,14.82334555232345,0.32696719194081925,-91.03731703554078,-0.8125632746084135,50.30328896762964,-0.8604110866485712,1.1129091164253477,-0.01912858174625246,0.43620656489387144,-0.001441,0.5314233076782623,0.0078843,0,1.0
3574,0.024517365346322095,0.13715118369090287,0.0015493,2.486815554790245,3.014456156746668,83.42987496448492,1.01338506043586,10.271996556458669,0.32696719194081925,-46.5963953769121,-0.8125632746084135,9.650042371975296,-0.8604110866485712,-13.6483877507263,-0.01912858174625246,0.3050286179576391,-0.001441,0.3559992019674301,0.0078843,0,1.0
3575,0.3991642112399911,0.044027054980618846,0.0015493,2.486815554790245,3.014456156746668,-21.5715371306967,1.01338506043586,6.011767579662488,0.32696719194081925,-47.03939348769673,-0.8125632746084135,1.9158184865397758,-0.8604110866485712,46.37836823862614,-0.01912858174625246,-0.12391247437367509,-0.001441,0.12841448803231287,0.0078843,1,1.0
3576,0.27404806203595444,0.02536378589524188,0.0015493,2.486815554790245,3.014456156746668,-3.9680862507845114,1.01338506043586,3.553648084831064,0.32696719194081925,-21.9011025349695,-0.8125632746084135,-11.086585832675384,-0.8604110866485712,23.473519906009983,-0.01912858174625246,-0.09387227035382575,-0.001441,0.09570958764216617,0.0078843,1,1.0
3577,1.0487649706972195,0.19766786427897165,0.0015493,2.486815554790245,3.014456156746668,-36.632048969048846,1.01338506043586,5.9321671325911645,0.32696719194081925,-14.600280832158454,-0.8125632746084135,-61.62388449204311,-0.8604110866485712,57.901930337851,-0.01912858174625246,-0.11266031898887402,-0.001441,0.11656722149241833,0.0078843,1,1.0
3578,0.07058358894527883,0.026978225453534663,0.0015493,2.486815554790245,3.014456156746668,-7.1246599711819,1.01338506043586,4.726050475466939,0.32696719194081925,-44.606557011109935,-0.8125632746084135,20.425650046833862,-0.8604110866485712,28.044127007804452,-0.01912858174625246,-0.09546454020437921,-0.001441,0.10618195640483484,0.0078843,1,1.0
3579,0.41483797789795285,0.1012747436434881,0.0015493,2.486815554790245,3.014456156746668,-18.277174373266753,1.01338506043586,10.068273833470025,0.32696719194081925,-74.22507455233841,-0.8125632746084135,12.289881339237372,-0.8604110866485712,57.968925792338915,-0.01912858174625246,-0.17385809857025633,-0.001441,0.21518514067152736,0.0078843,1,1.0
3580,0.6105596203258572,0.2907996668836855,0.0015493,2.486815554790245,3.014456156746668,21.235740390589527,1.01338506043586,16.311650942855316,0.32696719194081925,-93.36892418672845,-0.8125632746084135,-15.597546859035532,-0.8604110866485712,60.09541369913696,-0.01912858174625246,-0.23069577442733774,-0.001441,0.40054113815022246,0.0078843,1,1.0
3581,0.31061795639857315,0.1875441439225708,0.0015493,2.486815554790245,3.014456156746668,86.62809020537082,1.01338506043586,16.06447945095072,0.32696719194081925,-74.70890926603737,-0.8125632746084135,-4.996397632357353,-0.8604110866485712,9.16499504279206,-0.01912858174625246,0.2244089223123904,-0.001441,0.45671206727843683,0.0078843,0,1.0
3582,0.0005396508148625134,0.05125900208250527,0.0015493,2.486815554790245,3.014456156746668,98.76539416361489,1.01338506043586,15.393374492273875,0.32696719194081925,-89.34533550281633,-0.8125632746084135,48.82335589818937,-0.8604110866485712,-4.3891297260408955,-0.01912858174625246,0.4469821505575208,-0.001441,0.5848796506903088,0.0078843,0,1.0
3583,0.8044236285141386,0.15572263228470296,0.0015493,2.486815554790245,3.014456156746668,-14.939410387844562,1.01338506043586,9.39453068626398,0.32696719194081925,-39.10621926970109,-0.8125632746084135,-45.58787603339338,-0.8604110866485712,53.50576281106844,-0.01912858174625246,-0.20548678492920824,-0.001441,0.20245266984548527,0.0078843,1,1.0
3584,0.4316937465599203,0.17496348068731188,0.0015493,2.486815554790245,3.014456156746668,57.46328606525539,1.01338506043586,10.849917802163025,0.32696719194081925,-14.279064175251913,-0.8125632746084135,-77.38211619794792,-0.8604110866485712,1.5309203065279833,-0.01912858174625246,-0.2807950187258752,-0.001441,0.28410235869048517,0.0078843,1,1.0
3585,0.5716214227106498,0.21180890722791873,0.0015493,2.486815554790245,3.014456156746668,-10.43185336741133,1.01338506043586,14.260518466374888,0.32696719194081925,-98.4367239944741,-0.8125632746084135,3.4277623787864444,-0.8604110866485712,74.196220206,-0.01912858174625246,-0.28645362018090703,-0.001441,0.3234093886796926,0.0078843,1,1.0
3586,0.44423921354126455,0.04852125803606487,0.0015493,2.486815554790245,3.014456156746668,-98.42148128970368,1.01338506043586,-0.8938670480722476,0.32696719194081925,-50.48286962636619,-0.8125632746084135,57.81892685765328,-0.8604110866485712,77.44969421087015,-0.01912858174625246,-0.09361179555913679,-0.001441,0.09361600991007135,0.0078843,1,1.0
3587,0.6453365962073725,0.08418543201641138,0.0015493,2.486815554790245,3.014456156746668,-57.75518002900584,1.01338506043586,8.952510517070579,0.32696719194081925,-83.86620387916645,-0.8125632746084135,22.794239107398894,-0.8604110866485712,86.23439751621409,-0.01912858174625246,-0.16826803511544855,-0.001441,0.17000908865986122,0.0078843,1,1.0
3588,1.2484140214259696,0.3071450718006197,0.0015493,2.486815554790245,3.014456156746668,-97.42281328468843,1.01338506043586,-0.15177843773408894,0.32696719194081925,-15.606344900530688,-0.8125632746084135,-31.355675256524854,-0.8604110866485712,90.60777101891198,-0.01912858174625246,-0.04813784204758748,-0.001441,0.03906879003947963,0.0078843,1,1.0
3589,0.14518188492095987,0.007786723772254544,0.0015493,2.486815554790245,3.014456156746668,-5.568197624914491,1.01338506043586,2.1349007309911388,0.32696719194081925,-12.347079824893143,-0.8125632746084135,-3.409314966901948,-0.8604110866485712,13.065445663766932,-0.01912858174625246,-0.0391945768389593,-0.001441,0.04399880896510053,0.0078843,1,1.0
3590,0.21901347808787175,0.043541943136390676,0.0015493,2.486815554790245,3.014456156746668,7.391120186194356,1.01338506043586,5.7938959780672485,0.32696719194081925,-27.71273032003841,-0.8125632746084135,-11.812600972690047,-0.8604110866485712,18.392719833520104,-0.01912858174625246,-0.10932440979229069,-0.001441,0.1329448093160393,0.0078843,1,1.0
3591,0.836154715000915,0.12772483607789106,0.0015493,2.486815554790245,3.014456156746668,-44.25404639250984,1.01338506043586,8.361614359944827,0.32696719194081925,-55.94735836593131,-0.8125632746084135,-17.755330437270814,-0.8604110866485712,74.24530564361912,-0.01912858174625246,-0.16618139388674827,-0.001441,0.16558062803644094,0.0078843,1,1.0
3592,5.59018848553805e-05,0.10450128050582613,0.0015493,2.486815554790245,3.014456156746668,52.02062011665013,1.01338506043586,11.354222239864152,0.32696719194081925,-98.25100922167759,-0.8125632746084135,82.53514687324409,-0.8604110866485712,19.72621889331884,-0.01912858174625246,0.34062494114432357,-0.001441,0.5989879027824381,0.0078843,0,1.0
3593,0.0053173583643482125,0.1365021178487188,0.0015493,2.486815554790245,3.014456156746668,17.37910068308559,1.01338506043586,8.697406654769605,0.32696719194081925,-84.63378970064046,-0.8125632746084135,69.82551312616886,-0.8604110866485712,29.971753257417586,-0.01912858174625246,0.22680038967240013,-0.001441,0.3224456225857345,0.0078843,0,1.0
3594,0.0628341559885244,0.004156895686918989,0.0015493,2.486815554790245,3.014456156746668,-22.027505470496735,1.01338506043586,2.2198540721881304,0.32696719194081925,-34.26056940430407,-0.8125632746084135,26.81286861489927,-0.8604110866485712,27.63364717819396,-0.01912858174625246,-0.0375239767780453,-0.001441,0.03925529331860921,0.0078843,1,1.0
3595,0.22691468808765047,0.0431436892735993,0.0015493,2.486815554790245,3.014456156746668,-47.15594284796348,1.01338506043586,7.578940280250091,0.32696719194081925,-87.63167990915183,-0.8125632746084135,54.28981338654098,-0.8604110866485712,68.98575322230893,-0.01912858174625246,-0.1447365643785951,-0.001441,0.14392280949192476,0.0078843,1,1.0
3596,0.16287958226958488,0.08202907517473636,0.0015493,2.486815554790245,3.014456156746668,56.556992056498046,1.01338506043586,6.854037576285246,0.32696719194081925,-0.7973995778117382,-0.8125632746084135,-57.78970590530146,-0.8604110866485712,-13.948902460667911,-0.01912858174625246,-0.200795158794237,-0.001441,0.20077633262553082,0.0078843,1,1.0
3597,0.3819997720190007,0.1941484910373284,0.0015493,2.486815554790245,3.014456156746668,52.624312668082524,1.01338506043586,11.519043999061578,0.32696719194081925,-33.10440948343514,-0.8125632746084135,-58.52905825521128,-0.8604110866485712,11.96859773921684,-0.01912858174625246,-0.2930388526567557,-0.001441,0.3095904705733756,0.0078843,1,1.0
3598,0.4177395481905883,0.06957401080501102,0.0015493,2.486815554790245,3.014456156746668,18.66665617469495,1.01338506043586,5.992864919059012,0.32696719194081925,-12.211356251205759,-0.8125632746084135,-46.48607059897821,-0.8604110866485712,15.13713675675252,-0.01912858174625246,-0.16171296330629278,-0.001441,0.1625424246917255,0.0078843,1,1.0
3599,0.08330574793734846,0.01397690688573771,0.0015493,2.486815554790245,3.014456156746668,-38.68704897200547,1.01338506043586,-1.851003210713471,0.32696719194081925,-10.940107046199909,-0.8125632746084135,26.727277634716184,-0.8604110866485712,22.26693387535776,-0.01912858174625246,-0.07590265710568243,-0.001441,0.07565200926526332,0.0078843,1,1.0
3600,0.2964761416016999,0.033389948370534196,0.0015493,2.5734906374269797,3.4667613288606156,17.717245785245108,1.01338506043586,7.815662569208551,0.32696719194081925,-25.203217257898594,-0.8125632746084135,-53.720978752058066,-0.8604110866485712,22.447683370419828,-0.01912858174625246,-0.12215166301615875,-0.001441,0.12222247787376166,0.0078843,1,1.0
3601,0.0007265452863356447,0.084800028674193,0.0015493,2.5734906374269797,3.4667613288606156,22.563943750642345,1.01338506043586,10.57611275370623,0.32696719194081925,-82.68785246395007,-0.8125632746084135,50.97436456608662,-0.8604110866485712,27.595798085328827,-0.01912858174625246,0.015221477479116605,-0.001441,0.16313707970804125,0.0078843,0,1.0
3602,0.13805394258733672,0.04401602378261783,0.0015493,2.5734906374269797,3.4667613288606156,32.16309493753885,1.01338506043586,9.563725597818472,0.32696719194081925,-40.28149331378714,-0.8125632746084135,-33.47613798941959,-0.8604110866485712,16.00814255071669,-0.01912858174625246,-0.14142457968134944,-0.001441,0.14549105405854898,0.0078843,1,1.0
3603,0.1628292389515028,0.023520788571503037,0.0015493,2.5734906374269797,3.4667613288606156,-29.880690619132647,1.01338506043586,8.462373521060224,0.32696719194081925,-80.97576438782511,-0.8125632746084135,37.82985325982173,-0.8604110866485712,57.45151646969742,-0.01912858174625246,-0.10594446418716652,-0.001441,0.10716047042593457,0.0078843,1,1.0
3604,0.2004858909207652,0.036748973055782376,0.0015493,2.5734906374269797,3.4667613288606156,23.63680736888119,1.01338506043586,8.157053323054637,0.32696719194081925,-36.1002034858173,-0.8125632746084135,-37.332875494440735,-0.8604110866485712,21.57883013126404,-0.01912858174625246,-0.13487165020723527,-0.001441,0.13509754292226608,0.0078843,1,1.0
3605,0.3867413324928726,0.024595820581746024,0.0015493,2.5734906374269797,3.4667613288606156,-37.18153138569443,1.01338506043586,6.522999564340382,0.32696719194081925,-56.57028490164363,-0.8125632746084135,-2.794129088002085,-0.8604110866485712,61.30269612481973,-0.01912858174625246,-0.08944040305061661,-0.001441,0.08959151293207805,0.0078843,1,1.0
3606,0.0001649286434524111,0.08937600731516707,0.0015493,2.5734906374269797,3.4667613288606156,56.738292931838,1.01338506043586,11.153649277344831,0.32696719194081925,-62.43368132013706,-0.8125632746084135,2.470812164246113,-0.8604110866485712,9.457484798574509,-0.01912858174625246,-0.060819887269630585,-0.001441,0.19075921845131225,0.0078843,1,1.0
3607,0.20427522761576966,0.05351193225329852,0.0015493,2.5734906374269797,3.4667613288606156,-18.581008617965594,1.01338506043586,12.254364448590461,0.32696719194081925,-98.0163235799162,-0.8125632746084135,27.909565516419537,-0.8604110866485712,63.89575793724495,-0.01912858174625246,-0.1616742444826297,-0.001441,0.16216552431494172,0.0078843,1,1.0
3608,0.41802084817218577,0.02756921177066324,0.0015493,2.5734906374269797,3.4667613288606156,-99.7238880543259,1.01338506043586,0.39531293726678046,0.32696719194081925,-64.57625657551762,-0.8125632746084135,55.466915661698714,-0.8604110866485712,89.36951260992059,-0.01912858174625246,-0.027443088015923604,-0.001441,0.02828502211653509,0.0078843,1,1.0
3609,0.4004838607671275,0.19669929452356394,0.0015493,2.5734906374269797,3.4667613288606156,61.752771263409194,1.01338506043586,20.098132683752215,0.32696719194081925,-88.91681713781715,-0.8125632746084135,-73.51821922315229,-0.8604110866485712,44.019802745610775,-0.01912858174625246,-0.27511987298120044,-0.001441,0.3173767038771068,0.0078843,1,1.0
3610,0.0009622109074071128,0.08285153196748617,0.0015493,2.5734906374269797,3.4667613288606156,61.779664104359384,1.01338506043586,7.499569818872068,0.32696719194081925,-30.92085199275367,-0.8125632746084135,-5.393299883017249,-0.8604110866485712,-9.296171976971001,-0.01912858174625246,0.04610468233058068,-0.001441,0.14469818259276424,0.0078843,0,1.0
3611,0.29437497460318063,0.008144876852830385,0.0015493,2.5734906374269797,3.4667613288606156,-92.14797761448862,1.01338506043586,3.3332953863219568,0.32696719194081925,-76.25183117635709,-0.8125632746084135,70.59936313989712,-0.8604110866485712,82.17883976697136,-0.01912858174625246,-0.03750049633849683,-0.001441,0.03744171599321185,0.0078843,1,1.0
3612,0.43636414849474325,0.02196948398655513,0.0015493,2.5734906374269797,3.4667613288606156,-70.41576115562827,1.01338506043586,4.970540973033194,0.32696719194081925,-55.272580512652446,-0.8125632746084135,17.002089029884335,-0.8604110866485712,71.61490191631435,-0.01912858174625246,-0.0507562177211063,-0.001441,0.05293181941020305,0.0078843,1,1.0
3613,0.23476684719818935,0.05786521809250002,0.0015493,2.5734906374269797,3.4667613288606156,43.60114117582931,1.01338506043586,10.784441871864491,0.32696719194081925,-30.92705061161747,-0.8125632746084135,-64.89690850343457,-0.8604110866485712,12.693162797815159,-0.01912858174625246,-0.16462139761005562,-0.001441,0.16718214155213845,0.0078843,1,1.0
3614,0.2727127869804732,0.012054728081981889,0.0015493,2.5734906374269797,3.4667613288606156,-99.99041483358886,1.01338506043586,1.116043884582943,0.32696719194081925,-81.67946164747833,-0.8125632746084135,87.11776998840904,-0.8604110866485712,89.51417794315091,-0.01912858174625246,-0.012517597986400685,-0.001441,0.012748822055438421,0.0078843,1,1.0
3615,0.0045839474104799605,0.03519559871717002,0.0015493,2.5734906374269797,3.4667613288606156,36.749989035879565,1.01338506043586,8.381254185460893,0.32696719194081925,-33.60675532385207,-0.8125632746084135,-20.307294747934158,-0.8604110866485712,3.279347271829129,-0.01912858174625246,-0.1226662898055393,-0.001441,0.12280355345247419,0.0078843,1,1.0
3616,0.3641103808612951,0.021431853564213135,0.0015493,2.5734906374269797,3.4667613288606156,-15.85597088318557,1.01338506043586,5.7536772694552205,0.32696719194081925,-23.707621898751462,-0.8125632746084135,-35.93337581918089,-0.8604110866485712,34.978418894110746,-0.01912858174625246,-0.0732326410206953,-0.001441,0.07338715017460576,0.0078843,1,1.0
3617,0.018368015420354045,0.003001221052052947,0.0015493,2.5734906374269797,3.4667613288606156,-3.2294037997995004,1.01338506043586,2.47898713667362,0.32696719194081925,-19.48625354828591,-0.8125632746084135,8.31298996280167,-0.8604110866485712,10.967031974131496,-0.01912858174625246,-0.032107271926670476,-0.001441,0.03164383894720665,0.0078843,1,1.0
3618,0.16955738501393244,0.004697428014462441,0.0015493,2.5734906374269797,3.4667613288606156,-38.384639040569894,1.01338506043586,3.662277849073405,0.32696719194081925,-49.64447982599817,-0.8125632746084135,30.40487281554558,-0.8604110866485712,46.03397531179061,-0.01912858174625246,-0.040959713182968566,-0.001441,0.040716053836231364,0.0078843,1,1.0
3619,0.001978761780529914,0.020857510046870635,0.0015493,2.5734906374269797,3.4667613288606156,-65.36598337644459,1.01338506043586,-4.825753003094728,0.32696719194081925,-26.91280723470125,-0.8125632746084135,74.61292287042272,-0.8604110866485712,37.29953719724984,-0.01912858174625246,-0.07808585379086092,-0.001441,0.0764998865325609,0.0078843,1,1.0
3620,0.003747364680186216,0.021247702306467366,0.0015493,2.5734906374269797,3.4667613288606156,23.657275915936072,1.01338506043586,5.538890481255571,0.32696719194081925,-31.180011597722405,-0.8125632746084135,-5.927415675153309,-0.8604110866485712,8.270349317588991,-0.01912858174625246,-0.08628447776039445,-0.001441,0.0931278434728663,0.0078843,1,1.0
3621,0.06572016289290161,0.015492374650030304,0.0015493,2.5734906374269797,3.4667613288606156,-23.918770281040747,1.01338506043586,6.122202511064423,0.32696719194081925,-69.77709345572087,-0.8125632746084135,44.42895105379894,-0.8604110866485712,45.86961335373532,-0.01912858174625246,-0.07860227415754346,-0.001441,0.0807695844030036,0.0078843,1,1.0
3622,0.05446082001125718,0.052027472704961886,0.0015493,2.5734906374269797,3.4667613288606156,22.000257105921815,1.01338506043586,10.455166015325549,0.32696719194081925,-65.44892662684812,-0.8125632746084135,1.1088449866158308,-0.8604110866485712,27.52178588159928,-0.01912858174625246,-0.15332620743947822,-0.001441,0.15427489031624897,0.0078843,1,1.0
3623,0.0001920907857041465,0.06621134547484421,0.0015493,2.5734906374269797,3.4667613288606156,12.658200803247361,1.01338506043586,6.320046763310481,0.32696719194081925,-48.5525729861245,-0.8125632746084135,37.4922947315531,-0.8604110866485712,14.270054878269532,-0.01912858174625246,0.036402724018293996,-0.001441,0.10973822693956367,0.0078843,0,1.0
3624,0.09653027867826991,0.06238821416725033,0.0015493,2.5734906374269797,3.4667613288606156,8.739087928185684,1.01338506043586,12.10324698917159,0.32696719194081925,-84.73337404788502,-0.8125632746084135,15.42984360944191,-0.8604110866485712,42.87354694530113,-0.01912858174625246,-0.1653398045795202,-0.001441,0.16972619851802323,0.0078843,1,1.0
3625,0.007741176156910723,0.09043343312207565,0.0015493,2.5734906374269797,3.4667613288606156,63.63997640980756,1.01338506043586,12.763456965801923,0.32696719194081925,-53.64569148268538,-0.8125632746084135,-27.300125334803088,-0.8604110866485712,3.6767059870197922,-0.01912858174625246,-0.15338073006830158,-0.001441,0.1984374079412328,0.0078843,1,1.0
3626,0.5303610856521196,0.0832410964719428,0.0015493,2.5734906374269797,3.4667613288606156,-2.737959406122456,1.01338506043586,13.021121937391825,0.32696719194081925,-64.49686060598327,-0.8125632746084135,-55.8936185799475,-0.8604110866485712,60.54483897623114,-0.01912858174625246,-0.18901385196658027,-0.001441,0.18818704996464475,0.0078843,1,1.0
3627,0.2055521353978529,0.07278156599908703,0.0015493,2.5734906374269797,3.4667613288606156,53.816993701216035,1.01338506043586,12.160326634904738,0.32696719194081925,-35.36908339886776,-0.8125632746084135,-67.90235084783995,-0.8604110866485712,9.747616702461219,-0.01912858174625246,-0.1867798560076224,-0.001441,0.187988785032326,0.0078843,1,1.0
3628,0.16932815970600384,0.0056726761901164,0.0015493,2.5734906374269797,3.4667613288606156,-9.11030545541427,1.01338506043586,2.5125557341188913,0.32696719194081925,-17.547374528000105,-0.8125632746084135,-10.758875255095012,-0.8604110866485712,21.35004507718347,-0.01912858174625246,-0.04142053719455077,-0.001441,0.041772595318698785,0.0078843,1,1.0
3629,0.07175683077330228,0.0015604756675514958,0.0015493,2.5734906374269797,3.4667613288606156,-38.134850281096035,1.01338506043586,2.134450802468551,0.32696719194081925,-46.35925040136885,-0.8125632746084135,45.211288743755425,-0.8604110866485712,39.31680562970321,-0.01912858174625246,-0.01923260678827357,-0.001441,0.019685184100227238,0.0078843,1,1.0
3630,0.028350412263736247,0.04142384962245404,0.0015493,2.5734906374269797,3.4667613288606156,28.90422155646864,1.01338506043586,8.648332755741396,0.32696719194081925,-50.04619132328149,-0.8125632746084135,-7.353944212108059,-0.8604110866485712,17.11177770138094,-0.01912858174625246,-0.1362970973846588,-0.001441,0.13719847098706853,0.0078843,1,1.0
3631,0.016680227724401808,0.0508273869931777,0.0015493,2.5734906374269797,3.4667613288606156,-4.560136169244303,1.01338506043586,7.778637923591691,0.32696719194081925,-86.56196477728196,-0.8125632746084135,47.01011965103041,-0.8604110866485712,47.775381142000164,-0.01912858174625246,-0.12701939490097397,-0.001441,0.13829401756959092,0.0078843,1,1.0
3632,0.27353385999535373,0.019509129093474905,0.0015493,2.5734906374269797,3.4667613288606156,-52.24932839056468,1.01338506043586,8.05677002002564,0.32696719194081925,-86.81025711158797,-0.8125632746084135,42.766737891644674,-0.8604110866485712,73.61377921975065,-0.01912858174625246,-0.095020750092472,-0.001441,0.09576030043161908,0.0078843,1,1.0
3633,0.0173982550127737,0.09709294727331559,0.0015493,2.5734906374269797,3.4667613288606156,62.97577138686972,1.01338506043586,12.684811136892199,0.32696719194081925,-61.75159670935164,-0.8125632746084135,-10.027032996766492,-0.8604110866485712,7.111226204476808,-0.01912858174625246,-0.08748664278727414,-0.001441,0.2048780814817307,0.0078843,1,1.0
3634,0.010443689098387943,0.03236531047002918,0.0015493,2.5734906374269797,3.4667613288606156,3.0576875495033664,1.01338506043586,4.520869993215901,0.32696719194081925,-41.15807953159944,-0.8125632746084135,26.779656958145125,-0.8604110866485712,18.132934770109262,-0.01912858174625246,-0.005331360949354366,-0.001441,0.06838889180388756,0.0078843,1,1.0
3635,0.1277745021359467,0.005374674783185758,0.0015493,2.5734906374269797,3.4667613288606156,-70.11198260981956,1.01338506043586,4.794271363147279,0.32696719194081925,-88.197628357471,-0.8125632746084135,84.09122312440451,-0.8604110866485712,72.52054003566882,-0.01912858174625246,-0.04791830818829864,-0.001441,0.04803878475353215,0.0078843,1,1.0
3636,0.009958449334906673,0.02086065111858111,0.0015493,2.5734906374269797,3.4667613288606156,-18.733098882702176,1.01338506043586,-0.5158692801990239,0.32696719194081925,-23.576422705660526,-0.8125632746084135,35.203380222699614,-0.8604110866485712,19.337156284484607,-0.01912858174625246,-0.011544072866335249,-0.001441,0.046293156325942414,0.0078843,1,1.0
3637,0.028816902750601753,0.001133896743198388,0.0015493,2.5734906374269797,3.4667613288606156,-21.23597839585678,1.01338506043586,1.0589117152681355,0.32696719194081925,-26.307906218510745,-0.8125632746084135,27.578702749268857,-0.8604110866485712,21.608701998633176,-0.01912858174625246,-0.008015931071681293,-0.001441,0.00946266213039321,0.0078843,1,1.0
3638,0.4880701292171087,0.031691652159117525,0.0015493,2.5734906374269797,3.4667613288606156,-52.7630443660959,1.01338506043586,1.5697057889759107,0.32696719194081925,-19.592828845866336,-0.8125632746084135,-21.989152890642373,-0.8604110866485712,54.050857055157465,-0.01912858174625246,-0.02473563725696492,-0.001441,0.025470144704417573,0.0078843,1,1.0
3639,0.5225306409609213,0.046578974939090086,0.0015493,2.5734906374269797,3.4667613288606156,-52.11031743191816,1.01338506043586,9.146470846805927,0.32696719194081925,-80.21825577403098,-0.8125632746084135,0.3212159398998601,-0.8604110866485712,84.95888171568012,-0.01912858174625246,-0.11876000295502466,-0.001441,0.1232290844607057,0.0078843,1,1.0
3640,0.15753590901886455,0.003989909602913624,0.0015493,2.5734906374269797,3.4667613288606156,-31.35579542441745,1.01338506043586,3.31224257260044,0.32696719194081925,-38.1150044430317,-0.8125632746084135,20.082556233119973,-0.8604110866485712,36.65708118483363,-0.01912858174625246,-0.03550343665204839,-0.001441,0.03653880968223694,0.0078843,1,1.0
3641,0.022873074895953666,0.003116782103593782,0.0015493,2.5734906374269797,3.4667613288606156,-13.110853742467468,1.01338506043586,2.649499937997412,0.32696719194081925,-33.92260892741969,-0.8125632746084135,24.41859757002519,-0.8604110866485712,22.494408661131263,-0.01912858174625246,-0.035090008211501024,-0.001441,0.03504460334397958,0.0078843,1,1.0
3642,0.003461924989529963,0.049879372694054076,0.0015493,2.5734906374269797,3.4667613288606156,2.2617468466435957,1.01338506043586,4.916901988415927,0.32696719194081925,-57.98164635606424,-0.8125632746084135,45.00444388627625,-0.8604110866485712,27.23626415342271,-0.01912858174625246,0.004240891972358149,-0.001441,0.09373288165812717,0.0078843,0,1.0
3643,0.16759049036673743,0.0036876369372420992,0.0015493,2.5734906374269797,3.4667613288606156,-53.929879465712474,1.01338506043586,3.3033377424439325,0.32696719194081925,-62.0097267113701,-0.8125632746084135,51.23196424679741,-0.8604110866485712,57.44130736035099,-0.01912858174625246,-0.03225241679278775,-0.001441,0.03229729263510738,0.0078843,1,1.0
3644,0.49285790263932283,0.03728254753637389,0.0015493,2.5734906374269797,3.4667613288606156,-15.60042416573561,1.01338506043586,6.377644117794352,0.32696719194081925,-19.523920655452056,-0.8125632746084135,-59.074571876871246,-0.8604110866485712,40.277749863826344,-0.01912858174625246,-0.08698229217560274,-0.001441,0.08656138691458412,0.0078843,1,1.0
3645,0.464113465402282,0.06070832930954227,0.0015493,2.5734906374269797,3.4667613288606156,9.328408764568966,1.01338506043586,10.558804935454804,0.32696719194081925,-39.12096011796676,-0.8125632746084135,-67.38989734071149,-0.8604110866485712,40.58019369772135,-0.01912858174625246,-0.15607383754102566,-0.001441,0.15751730416205156,0.0078843,1,1.0
3646,0.39466131281338435,0.020938522883353225,0.0015493,2.5734906374269797,3.4667613288606156,-27.290781205669138,1.01338506043586,4.6303128922219265,0.32696719194081925,-27.539052552823406,-0.8125632746084135,-27.355645238292915,-0.8604110866485712,43.56356320812807,-0.01912858174625246,-0.06129886897122551,-0.001441,0.06169339371005357,0.0078843,1,1.0
3647,0.004500720431023397,0.002540154848036867,0.0015493,2.5734906374269797,3.4667613288606156,8.008213288320556,1.01338506043586,1.7291069776297538,0.32696719194081925,-10.345860431171538,-0.8125632746084135,-2.7952434370451376,-0.8604110866485712,3.2551037667926312,-0.01912858174625246,-0.03296337268244115,-0.001441,0.0328779051899554,0.0078843,1,1.0
3648,0.05756001668334687,0.04277650266709145,0.0015493,2.5734906374269797,3.4667613288606156,-88.85310713198089,1.01338506043586,-6.24172899910552,0.32696719194081925,-10.110953879154552,-0.8125632746084135,75.75900271665421,-0.8604110866485712,35.53665600758928,-0.01912858174625246,-0.13852275307196754,-0.001441,0.13928428218565825,0.0078843,1,1.0
3649,0.04728913445777416,0.0027959509943057295,0.0015493,2.5734906374269797,3.4667613288606156,-28.203074578723605,1.01338506043586,2.767128935220186,0.32696719194081925,-45.45440593308402,-0.8125632746084135,39.5765155453848,-0.8604110866485712,34.33133819026216,-0.01912858174625246,-0.03137643395582912,-0.001441,0.031231416228914843,0.0078843,1,1.0
3650,0.14224813355536353,0.004223293408415762,0.0015493,2.5734906374269797,3.4667613288606156,-76.31073985724046,1.01338506043586,4.269755630451552,0.32696719194081925,-87.79935786335484,-0.8125632746084135,87.24045079539957,-0.8604110866485712,75.15260355345269,-0.01912858174625246,-0.04107242237142359,-0.001441,0.04117503322066,0.0078843,1,1.0
3651,0.30787912712046317,0.014358535535872336,0.0015493,2.5734906374269797,3.4667613288606156,-8.446392693610242,1.01338506043586,3.155646990459347,0.32696719194081925,-0.8647582062840087,-0.8125632746084135,-43.95919091461335,-0.8604110866485712,18.553244175799826,-0.01912858174625246,-0.040076848044172386,-0.001441,0.03988353036751002,0.0078843,1,1.0
3652,0.08523680561066699,0.006851472919987552,0.0015493,2.5734906374269797,3.4667613288606156,-27.914563167460564,1.01338506043586,4.63842696407673,0.32696719194081925,-56.04894961329684,-0.8125632746084135,37.70125282044579,-0.8604110866485712,41.04197037424454,-0.01912858174625246,-0.05559366404979253,-0.001441,0.05612740756580119,0.0078843,1,1.0
3653,0.005103144232201928,0.06621613506538951,0.0015493,2.5734906374269797,3.4667613288606156,19.91934828183748,1.01338506043586,10.632221824769223,0.32696719194081925,-79.93388233969011,-0.8125632746084135,29.556067639774632,-0.8604110866485712,31.46415374391631,-0.01912858174625246,-0.1006550988112545,-0.001441,0.16029521851159995,0.0078843,1,1.0
3654,0.1397568959520481,0.0020250115999898184,0.0015493,2.5734906374269797,3.4667613288606156,-33.99718155496709,1.01338506043586,2.1121810753956596,0.32696719194081925,-35.05481175095065,-0.8125632746084135,24.57676079742584,-0.8604110866485712,35.81048877778556,-0.01912858174625246,-0.02004060545397424,-0.001441,0.02030267484510437,0.0078843,1,1.0
3655,0.5447741337918978,0.03994875661845845,0.0015493,2.5734906374269797,3.4667613288606156,-57.76491172007455,1.01338506043586,1.402348421658037,0.32696719194081925,-14.484543508564867,-0.8125632746084135,-29.92074311590128,-0.8604110866485712,55.70208091075488,-0.01912858174625246,-0.015336128349824006,-0.001441,0.01481931187361135,0.0078843,1,1.0
3656,0.3493416548960582,0.07515422221024814,0.0015493,2.5734906374269797,3.4667613288606156,30.493902216127484,1.01338506043586,12.166516449804748,0.32696719194081925,-47.98881242548222,-0.8125632746084135,-62.87518246152601,-0.8604110866485712,32.3276801773039,-0.01912858174625246,-0.1870131879637882,-0.001441,0.19040851077131762,0.0078843,1,1.0
3657,0.031842237078901464,0.0071754627188911745,0.0015493,2.5734906374269797,3.4667613288606156,-8.756773003843604,1.01338506043586,4.298878971433722,0.32696719194081925,-40.592583278411325,-0.8125632746084135,21.487683974107284,-0.8604110866485712,24.176700454317682,-0.01912858174625246,-0.05596414289731097,-0.001441,0.056264529605312,0.0078843,1,1.0
3658,0.19651781957638964,0.013822407412821409,0.0015493,2.5734906374269797,3.4667613288606156,-18.35179009274122,1.01338506043586,6.319049035651856,0.32696719194081925,-48.6284108092678,-0.8125632746084135,6.184802164578665,-0.8604110866485712,39.54804976146794,-0.01912858174625246,-0.08089878838379319,-0.001441,0.08077696433052564,0.0078843,1,1.0
3659,0.22628869044977495,0.06951633667474273,0.0015493,2.5734906374269797,3.4667613288606156,66.31141526056307,1.01338506043586,10.862030302028037,0.32696719194081925,-17.14550932043145,-0.8125632746084135,-90.42388985916978,-0.8604110866485712,-0.9163011586840528,-0.01912858174625246,-0.18508221936934366,-0.001441,0.18508769877113174,0.0078843,1,1.0
3660,0.21759534209277054,0.05366709121787958,0.0015493,2.5734906374269797,3.4667613288606156,-13.333728477616999,1.01338506043586,11.799150241070365,0.32696719194081925,-92.63739766102803,-0.8125632746084135,19.092995102560355,-0.8604110866485712,61.183261084360765,-0.01912858174625246,-0.16290261063785574,-0.001441,0.16271816830909616,0.0078843,1,1.0
3661,0.00017205100708361787,0.023705240154092803,0.0015493,2.5734906374269797,3.4667613288606156,19.402341216080693,1.01338506043586,6.510092680987354,0.32696719194081925,-41.440375819713005,-0.8125632746084135,1.8057600418901378,-0.8604110866485712,14.331381233885205,-0.01912858174625246,-0.1011538694414965,-0.001441,0.10154395684261917,0.0078843,1,1.0
3662,-0.00035003427080726457,0.12889028729655072,0.0015493,2.5734906374269797,3.4667613288606156,91.02899586940364,1.01338506043586,13.985566340969218,0.32696719194081925,-74.07419817174974,-0.8125632746084135,21.320975763818453,-0.8604110866485712,-2.97594301906404,-0.01912858174625246,0.11817879215913156,-0.001441,0.24912782649438353,0.0078843,0,1.0
3663,0.1859447792547415,0.12042953973301003,0.0015493,2.5734906374269797,3.4667613288606156,31.447466675195315,1.01338506043586,16.197486966492725,0.32696719194081925,-96.27152470899827,-0.8125632746084135,-13.071186031768107,-0.8604110866485712,46.427067247057686,-0.01912858174625246,-0.2311786371864973,-0.001441,0.2418962069769008,0.0078843,1,1.0
3664,0.44624610200315906,0.026356504117899457,0.0015493,2.5734906374269797,3.4667613288606156,-90.77497074251357,1.01338506043586,0.8937256737640388,0.32696719194081925,-44.128141239217314,-0.8125632746084135,29.85432377222317,-0.8604110866485712,75.02919252488206,-0.01912858174625246,-0.021697167028932242,-0.001441,0.020679224687982264,0.0078843,1,1.0
3665,0.4929423561668833,0.2165106931892965,0.0015493,2.5734906374269797,3.4667613288606156,67.72220439901872,1.01338506043586,20.642721273783337,0.32696719194081925,-91.91991766315795,-0.8125632746084135,-74.90606645630218,-0.8604110866485712,47.065201815906356,-0.01912858174625246,-0.2094917982600265,-0.001441,0.34114800115646526,0.0078843,1,1.0
3666,0.176236119205522,0.009139394108891759,0.0015493,2.5734906374269797,3.4667613288606156,-58.92424651051826,1.01338506043586,-1.3437153782315554,0.32696719194081925,-22.15471894008843,-0.8125632746084135,35.17160960734503,-0.8604110866485712,39.38047690146692,-0.01912858174625246,-0.04184440282287304,-0.001441,0.041520070849810055,0.0078843,1,1.0
3667,0.6966554559851337,0.057402889130938585,0.0015493,2.5734906374269797,3.4667613288606156,-67.8386883735975,1.01338506043586,6.02042256871263,0.32696719194081925,-40.62411827663722,-0.8125632746084135,-35.283003989331995,-0.8604110866485712,78.14156438670659,-0.01912858174625246,-0.06460821687693709,-0.001441,0.06440950022578469,0.0078843,1,1.0
3668,0.08874947092434285,0.0035366000767433174,0.0015493,2.5734906374269797,3.4667613288606156,-78.25833485268348,1.01338506043586,0.2900315067969256,0.32696719194081925,-62.70054534403711,-0.8125632746084135,86.74224825915203,-0.8604110866485712,61.20733438469268,-0.01912858174625246,-0.030068579543060747,-0.001441,0.030030552962766105,0.0078843,1,1.0
3669,0.023236007212085852,0.012132239914902298,0.0015493,2.5734906374269797,3.4667613288606156,-40.84472903363664,1.01338506043586,5.561805893719823,0.32696719194081925,-82.30170850913717,-0.8125632746084135,72.2896868263843,-0.8604110866485712,55.12064768595075,-0.01912858174625246,-0.06540772213233005,-0.001441,0.06537438051852092,0.0078843,1,1.0
3670,0.017460029047391135,0.010515376812820025,0.0015493,2.5734906374269797,3.4667613288606156,-10.434161032570056,1.01338506043586,4.887981807079743,0.32696719194081925,-47.36708744759849,-0.8125632746084135,28.893205566146012,-0.8604110866485712,26.912122568804673,-0.01912858174625246,-0.059556833496216745,-0.001441,0.06292363633222872,0.0078843,1,1.0
3671,0.2724029844593956,0.14097020690524173,0.0015493,2.5734906374269797,3.4667613288606156,36.1840169167199,1.01338506043586,17.81533571906861,0.32696719194081925,-95.65082320571369,-0.8125632746084135,-32.586333243151884,-0.8604110866485712,48.673022648287315,-0.01912858174625246,-0.25354242445550684,-0.001441,0.26415913926127804,0.0078843,1,1.0
3672,0.16807611397542754,0.03937800400302736,0.0015493,2.5734906374269797,3.4667613288606156,-7.0293844416017235,1.01338506043586,9.974381702009177,0.32696719194081925,-76.35180428558883,-0.8125632746084135,14.193629623134234,-0.8604110866485712,48.52716782370595,-0.01912858174625246,-0.13816232748116358,-0.001441,0.13912454804390745,0.0078843,1,1.0
3673,0.10479610165602923,0.005137658974362129,0.0015493,2.5734906374269797,3.4667613288606156,-76.94529482539241,1.01338506043586,-0.5508629095597081,0.32696719194081925,-55.41800905519976,-0.8125632746084135,79.97472280378722,-0.8604110866485712,58.61566332684501,-0.01912858174625246,-0.031816176164234426,-0.001441,0.03165818836006649,0.0078843,1,1.0
3674,0.3273316696014905,0.17142340084930946,0.0015493,2.5734906374269797,3.4667613288606156,53.27465475176489,1.01338506043586,19.54099696305384,0.32696719194081925,-97.56060251406583,-0.8125632746084135,-40.223974352309234,-0.8604110866485712,44.64034933585856,-0.01912858174625246,-0.20324431267255738,-0.001441,0.29929848615469945,0.0078843,1,1.0
3675,0.2796789356398607,0.04709120478339346,0.0015493,2.5734906374269797,3.4667613288606156,-8.691933292014737,1.01338506043586,10.374714789667113,0.32696719194081925,-75.03210111729486,-0.8125632746084135,-2.5984738673307843,-0.8604110866485712,55.23871990523237,-0.01912858174625246,-0.15128150251904082,-0.001441,0.15222355641128016,0.0078843,1,1.0
3676,0.06416983275373572,0.007677516748462158,0.0015493,2.5734906374269797,3.4667613288606156,-30.508510753181525,1.01338506043586,4.469324727629313,0.32696719194081925,-61.46038457274816,-0.8125632746084135,46.507436947187976,-0.8604110866485712,44.0029314371109,-0.01912858174625246,-0.05566461711614578,-0.001441,0.055476161981184206,0.0078843,1,1.0
3677,0.007073982536349721,0.06517746625865527,0.0015493,2.5734906374269797,3.4667613288606156,52.541607690189444,1.01338506043586,6.699834078501993,0.32696719194081925,-31.852671007800932,-0.8125632746084135,-11.643088400506295,-0.8604110866485712,-1.8545971132327386,-0.01912858174625246,-0.034534465405585565,-0.001441,0.14403894466342826,0.0078843,1,1.0
3678,0.4930698737151144,0.026685797562813432,0.0015493,2.5734906374269797,3.4667613288606156,-75.86929265574447,1.01338506043586,3.282758247781968,0.32696719194081925,-44.728093573617926,-0.8125632746084135,8.184960661678153,-0.8604110866485712,72.324939496476,-0.01912858174625246,-0.02811684768691712,-0.001441,0.0278107364038125,0.0078843,1,1.0
3679,0.2086378036311471,0.0376858264196983,0.0015493,2.5734906374269797,3.4667613288606156,-17.219921991476824,1.01338506043586,10.393186230036504,0.32696719194081925,-77.57910779806814,-0.8125632746084135,16.42882478987795,-0.8604110866485712,52.96828857277011,-0.01912858174625246,-0.1309500924601042,-0.001441,0.13456729968845532,0.0078843,1,1.0
3680,0.015994665600118585,0.012164369128050197,0.0015493,2.5734906374269797,3.4667613288606156,-13.910076683022014,1.01338506043586,5.467099221918164,0.32696719194081925,-56.42689600944621,-0.8125632746084135,36.13121299773352,-0.8604110866485712,32.74613140678748,-0.01912858174625246,-0.07059924148281518,-0.001441,0.070525558364361,0.0078843,1,1.0
3681,0.5859790520724992,0.04557253595995397,0.0015493,2.5734906374269797,3.4667613288606156,-40.65304607371306,1.01338506043586,7.195784328536198,0.32696719194081925,-37.48881010312838,-0.8125632746084135,-43.335095877224845,-0.8604110866485712,61.760638476632984,-0.01912858174625246,-0.0875369255624494,-0.001441,0.08801071270594472,0.0078843,1,1.0
3682,0.01576566852057759,0.04212121189187481,0.0015493,2.5734906374269797,3.4667613288606156,-97.07618882804748,1.01338506043586,-6.814976032102776,0.32696719194081925,-20.96749649626196,-0.8125632746084135,96.16084772673618,-0.8604110866485712,42.34383470606204,-0.01912858174625246,-0.13984500537585653,-0.001441,0.13993195587008866,0.0078843,1,1.0
3683,0.7192031314007559,0.0730864900801402,0.0015493,2.5734906374269797,3.4667613288606156,-57.14484619165875,1.01338506043586,9.204331863481649,0.32696719194081925,-68.46772774811286,-0.8125632746084135,-33.53490185565045,-0.8604110866485712,91.86636513140668,-0.01912858174625246,-0.12900690354723668,-0.001441,0.12940328734133147,0.0078843,1,1.0
3684,0.021078972930957104,0.02990307266002416,0.0015493,2.5734906374269797,3.4667613288606156,-3.402358653059669,1.01338506043586,1.4225712489959412,0.32696719194081925,-33.65392265359683,-0.8125632746084135,25.992072677696942,-0.8604110866485712,21.27756864178093,-0.01912858174625246,-0.03854578427291341,-0.001441,0.07663065463876492,0.0078843,1,1.0
3685,0.06930820638593294,0.018137803545033727,0.0015493,2.5734906374269797,3.4667613288606156,40.10309414659572,1.01338506043586,5.660921258672515,0.32696719194081925,-3.1385388793798077,-0.8125632746084135,-48.036762974585244,-0.8604110866485712,-8.84749492642931,-0.01912858174625246,-0.08949665758831103,-0.001441,0.08901049673686105,0.0078843,1,1.0
3686,0.28953494340581953,0.09351449495723192,0.0015493,2.5734906374269797,3.4667613288606156,5.89218467919676,1.01338506043586,15.646963200902393,0.32696719194081925,-91.31100487515182,-0.8125632746084135,-11.857989439710263,-0.8604110866485712,55.34672595872477,-0.01912858174625246,-0.20323681442328695,-0.001441,0.21195003470690504,0.0078843,1,1.0
3687,0.027283383982630194,0.006104373113753344,0.0015493,2.5734906374269797,3.4667613288606156,-34.02612634931207,1.01338506043586,-2.8018849253518767,0.32696719194081925,-7.083873464759547,-0.8125632746084135,30.975463641371796,-0.8604110866485712,16.988827395517163,-0.01912858174625246,-0.04584098669441192,-0.001441,0.04561554599590048,0.0078843,1,1.0
3688,0.011915721152152128,0.0036304182735775355,0.0015493,2.5734906374269797,3.4667613288606156,-39.70757880821787,1.01338506043586,-1.138662481255235,0.32696719194081925,-20.90714291897302,-0.8125632746084135,43.9960808439664,-0.8604110866485712,23.32539445270229,-0.01912858174625246,-0.03948295715373113,-0.001441,0.04017241366133382,0.0078843,1,1.0
3689,0.38131371635261496,0.019881698075889687,0.0015493,2.5734906374269797,3.4667613288606156,-19.437808130229627,1.01338506043586,3.7646227989627747,0.32696719194081925,-12.24152702214657,-0.8125632746084135,-39.859387714860105,-0.8604110866485712,32.30214670773565,-0.01912858174625246,-0.048082121427700845,-0.001441,0.048950920010912245,0.0078843,1,1.0
3690,0.1162428732352262,0.015907224676776546,0.0015493,2.5734906374269797,3.4667613288606156,-45.09056975414856,1.01338506043586,6.602091499497719,0.32696719194081925,-88.38800377278179,-0.8125632746084135,64.43683850165051,-0.8604110866485712,64.7698103276555,-0.01912858174625246,-0.07912703228977598,-0.001441,0.08156403836891753,0.0078843,1,1.0
3691,0.031047700847457296,0.005092739548096174,0.0015493,2.5734906374269797,3.4667613288606156,-46.057495300131016,1.01338506043586,-1.829981445681172,0.32696719194081925,-19.902315251094283,-0.8125632746084135,46.32446531321572,-0.8604110866485712,26.226541990967238,-0.01912858174625246,-0.04715680064989743,-0.001441,0.04709299404710981,0.0078843,1,1.0
3692,0.5302155891259817,0.03559673827202696,0.0015493,2.5734906374269797,3.4667613288606156,-61.40317096637964,1.01338506043586,7.769281367537009,0.32696719194081925,-64.19130672091822,-0.8125632746084135,-2.6532964553249387,-0.8604110866485712,78.330198656355,-0.01912858174625246,-0.08727651849106022,-0.001441,0.0885615607844264,0.0078843,1,1.0
3693,0.4086774889107425,0.026662577602700927,0.0015493,2.5734906374269797,3.4667613288606156,-35.23849514270383,1.01338506043586,6.742991948191926,0.32696719194081925,-53.3866469221277,-0.8125632746084135,-10.014644175737356,-0.8604110866485712,60.00337829491865,-0.01912858174625246,-0.09157712655422647,-0.001441,0.09151718195011828,0.0078843,1,1.0
3694,0.2855060259629641,0.008933247706280994,0.0015493,2.5734906374269797,3.4667613288606156,-60.15051050209436,1.01338506043586,1.9433472972744834,0.32696719194081925,-37.944591881231155,-0.8125632746084135,24.891097610436766,-0.8604110866485712,52.58459018904152,-0.01912858174625246,-0.023963184536157717,-0.001441,0.024099253869614357,0.0078843,1,1.0
3695,0.4362505847961748,0.04383128362229785,0.0015493,2.5734906374269797,3.4667613288606156,-28.39210299993597,1.01338506043586,9.132125056759604,0.32696719194081925,-68.39654625193918,-0.8125632746084135,-13.374551665156284,-0.8604110866485712,67.17105030496059,-0.01912858174625246,-0.1330812210890773,-0.001441,0.13296797398548246,0.0078843,1,1.0
3696,0.0015284196625262592,0.03941881320487878,0.0015493,2.5734906374269797,3.4667613288606156,-3.6105357331814254,1.01338506043586,9.486487722101874,0.32696719194081925,-80.91169475752503,-0.8125632746084135,39.98197384919024,-0.8604110866485712,40.005237303750384,-0.01912858174625246,-0.12680631979899426,-0.001441,0.12725885513697544,0.0078843,1,1.0
3697,0.18268418652144047,0.04665576116159411,0.0015493,2.5734906374269797,3.4667613288606156,56.13992605076582,1.01338506043586,8.770681834354376,0.32696719194081925,-11.958043453154762,-0.8125632746084135,-75.91071221773238,-0.8604110866485712,-2.5155393779175004,-0.01912858174625246,-0.14931712054495788,-0.001441,0.15102218807633444,0.0078843,1,1.0
3698,0.2938211188389114,0.12214933215385489,0.0015493,2.5734906374269797,3.4667613288606156,47.61287731411766,1.01338506043586,15.43497744501807,0.32696719194081925,-72.89301532453892,-0.8125632746084135,-44.486029417378816,-0.8604110866485712,34.24309251929427,-0.01912858174625246,-0.1729960893062982,-0.001441,0.2455269894899337,0.0078843,1,1.0
3699,0.17489390623374176,0.026585647679055364,0.0015493,2.5734906374269797,3.4667613288606156,18.07905253054712,1.01338506043586,6.52908537779016,0.32696719194081925,-30.139754951467967,-0.8125632746084135,-30.70603063693548,-0.8604110866485712,19.34809444802242,-0.01912858174625246,-0.11267804152820081,-0.001441,0.1120042681616593,0.0078843,1,1.0
3700,0.06368123482768084,0.0009152821301298209,0.0015493,1.9036383948009792,6.5219724594075945,-73.60101742841037,1.01338506043586,12.930689860144035,0.32696719194081925,-94.38118400007896,-0.8125632746084135,-12.688835049953015,-0.8604110866485712,69.17549007643917,-0.01912858174625246,-0.020529052860761177,-0.001441,0.020515986515283822,0.0078843,1,1.0
3701,0.018126196917486816,0.00012937617769633614,0.0015493,1.9036383948009792,6.5219724594075945,-7.854520653425278,1.01338506043586,4.04645524970531,0.32696719194081925,-8.965082748690502,-0.8125632746084135,-56.03760999777867,-0.8604110866485712,10.269713058794808,-0.01912858174625246,-0.00685056191193522,-0.001441,0.006876589944394563,0.0078843,1,1.0
3702,0.048864280297817114,7.894025208542355e-05,0.0015493,1.9036383948009792,6.5219724594075945,-33.54267269891853,1.01338506043586,2.750371362186031,0.32696719194081925,-20.670956889053834,-0.8125632746084135,-20.981761656296204,-0.8604110866485712,26.920357526219796,-0.01912858174625246,-0.0027961198086622592,-0.001441,0.002796329622148786,0.0078843,1,1.0
3703,0.03349718494709615,0.00025385730501331974,0.0015493,1.9036383948009792,6.5219724594075945,-40.7553727092325,1.01338506043586,7.141255235707361,0.32696719194081925,-53.16538324595118,-0.8125632746084135,2.131811297061406,-0.8604110866485712,37.78908411002234,-0.01912858174625246,-0.010865924314737381,-0.001441,0.010863404113753597,0.0078843,1,1.0
3704,0.08555348688536754,0.0004679639353365872,0.0015493,1.9036383948009792,6.5219724594075945,-59.816279920760486,1.01338506043586,10.065431796545681,0.32696719194081925,-51.54689057534899,-0.8125632746084135,-88.00610194036736,-0.8604110866485712,54.58570924502244,-0.01912858174625246,-0.014812506913603949,-0.001441,0.014837681173718226,0.0078843,1,1.0
3705,0.07650266032533626,0.0005717006003007549,0.0015493,1.9036383948009792,6.5219724594075945,-84.30405532631197,1.01338506043586,12.491196624370248,0.32696719194081925,-98.15823178083171,-0.8125632746084135,21.782760257621774,-0.8604110866485712,73.77177957858049,-0.01912858174625246,-0.016851955580725726,-0.001441,0.01685772180259651,0.0078843,1,1.0
3706,0.008645284775338727,0.002328743984739763,0.0015493,1.9036383948009792,6.5219724594075945,-28.48041870785799,1.01338506043586,14.942273117395045,0.32696719194081925,-69.7176840921147,-0.8125632746084135,21.640892559329057,-0.8604110866485712,29.88407875627008,-0.01912858174625246,-0.020401366209825467,-0.001441,0.021357807086602773,0.0078843,1,1.0
3707,0.046343890602238536,0.00031455029266852405,0.0015493,1.9036383948009792,6.5219724594075945,-44.84227373671564,1.01338506043586,7.413255164046002,0.32696719194081925,-51.170390047041955,-0.8125632746084135,-22.052715066057395,-0.8604110866485712,41.52022382609847,-0.01912858174625246,-0.011486014676584238,-0.001441,0.011572887567085495,0.0078843,1,1.0
3708,0.033997342147773925,3.934514226210101e-05,0.0015493,1.9036383948009792,6.5219724594075945,-24.36658475535014,1.01338506043586,2.097940025738802,0.32696719194081925,-16.149880758366837,-0.8125632746084135,-9.793659778666742,-0.8604110866485712,19.389567938012267,-0.01912858174625246,-0.002070969904402147,-0.001441,0.0020695647739419495,0.0078843,1,1.0
3709,0.019861346091316984,4.2988158718003125e-05,0.0015493,1.9036383948009792,6.5219724594075945,-14.106635022516299,1.01338506043586,1.7989652858508796,0.32696719194081925,-11.55358648271482,-0.8125632746084135,-23.651619945708006,-0.8604110866485712,13.331311515148645,-0.01912858174625246,-0.0036830848543518858,-0.001441,0.0036981846928445623,0.0078843,1,1.0
3710,0.11462730127752149,0.0006068887346561268,0.0015493,1.9036383948009792,6.5219724594075945,-99.57007590009839,1.01338506043586,5.092193373452171,0.32696719194081925,-73.94797562641935,-0.8125632746084135,59.68107389908639,-0.8604110866485712,75.20876882621289,-0.01912858174625246,-0.003486505718738119,-0.001441,0.0034850774298347755,0.0078843,1,1.0
3711,0.006468086701527959,0.0024871075328224248,0.0015493,1.9036383948009792,6.5219724594075945,-36.80929836451855,1.01338506043586,14.471766153715897,0.32696719194081925,-87.9671593441317,-0.8125632746084135,-54.465314133275875,-0.8604110866485712,48.56929036281824,-0.01912858174625246,-0.02975205921618993,-0.001441,0.029755475552727832,0.0078843,1,1.0
3712,0.00894260042499076,0.0015455953924111232,0.0015493,1.9036383948009792,6.5219724594075945,-13.378808609468663,1.01338506043586,12.229262884752345,0.32696719194081925,-40.19396062686796,-0.8125632746084135,-26.47665861216958,-0.8604110866485712,16.468389954392453,-0.01912858174625246,-0.017560593367588605,-0.001441,0.017694999847563564,0.0078843,1,1.0
3713,0.01691757678871643,0.0009442483124974519,0.0015493,1.9036383948009792,6.5219724594075945,-31.8614662479181,1.01338506043586,11.226044687724187,0.32696719194081925,-62.07584004450264,-0.8125632746084135,-19.78079861968745,-0.8604110866485712,35.20812520303491,-0.01912858174625246,-0.01796660182972982,-0.001441,0.018055380264096935,0.0078843,1,1.0
3714,0.05438078452592952,0.00011575669669971851,0.0015493,1.9036383948009792,6.5219724594075945,-61.25459447729389,1.01338506043586,4.3226571756202,0.32696719194081925,-59.275017746252885,-0.8125632746084135,75.72359230316394,-0.8604110866485712,46.8403373230099,-0.01912858174625246,-0.0037880707452131773,-0.001441,0.0037883867499571085,0.0078843,1,1.0
3715,0.007354866793925718,0.0007300100341417991,0.0015493,1.9036383948009792,6.5219724594075945,-39.991908611329535,1.01338506043586,9.394080612724293,0.32696719194081925,-76.64068156668333,-0.8125632746084135,38.42324842093678,-0.8604110866485712,41.01378921488261,-0.01912858174625246,-0.016130272231664976,-0.001441,0.016131942739080144,0.0078843,1,1.0
3716,0.008963663350318493,0.001372752873966888,0.0015493,1.9036383948009792,6.5219724594075945,-45.35159622328251,1.01338506043586,12.6396212860645,0.32696719194081925,-91.58141278377589,-0.8125632746084135,21.875368505277088,-0.8604110866485712,48.880759315698526,-0.01912858174625246,-0.021986249528873205,-0.001441,0.021973296592188694,0.0078843,1,1.0
3717,0.000754033271423097,7.966429627321957e-05,0.0015493,1.9036383948009792,6.5219724594075945,-11.061512773545944,1.01338506043586,-1.4560191102285533,0.32696719194081925,-11.312501402537581,-0.8125632746084135,60.904633156976715,-0.8604110866485712,5.8163108018292595,-0.01912858174625246,-0.003745155098689595,-0.001441,0.0037953969123723156,0.0078843,1,1.0
3718,0.09444900406758233,0.0003040663109199307,0.0015493,1.9036383948009792,6.5219724594075945,-88.79431821172737,1.01338506043586,7.772065641832362,0.32696719194081925,-79.79472828992765,-0.8125632746084135,40.213451994650875,-0.8604110866485712,71.14153551437305,-0.01912858174625246,-0.00789832047711719,-0.001441,0.00789907257698232,0.0078843,1,1.0
3719,0.0009365979418698989,0.016351210216701044,0.0015493,1.9036383948009792,6.5219724594075945,42.49327644597446,1.01338506043586,13.989934979429814,0.32696719194081925,-8.083817067950745,-0.8125632746084135,24.457702708642387,-0.8604110866485712,-23.9660992498875,-0.01912858174625246,-0.006770464484831434,-0.001441,0.033108354150304276,0.0078843,1,1.0
3720,0.07473674354021367,0.00023861894491112947,0.0015493,1.9036383948009792,6.5219724594075945,-49.45563450195417,1.01338506043586,2.7466043263176347,0.32696719194081925,-25.137807060724352,-0.8125632746084135,-23.178938886850602,-0.8604110866485712,37.91338770528558,-0.01912858174625246,-0.0018288646504127253,-0.001441,0.0018455782126337865,0.0078843,1,1.0
3721,0.007545598642928402,5.286213860905926e-05,0.0015493,1.9036383948009792,6.5219724594075945,-17.88107688541798,1.01338506043586,2.281646063714176,0.32696719194081925,-26.60589306003135,-0.8125632746084135,21.256563433966708,-0.8604110866485712,16.47233167974505,-0.01912858174625246,-0.004157463863308569,-0.001441,0.0041578408323233,0.0078843,1,1.0
3722,0.07489454042912268,0.0005097855478399291,0.0015493,1.9036383948009792,6.5219724594075945,-53.79451627488808,1.01338506043586,10.324823294320367,0.32696719194081925,-50.92376350959288,-0.8125632746084135,-83.45338673351486,-0.8604110866485712,50.29860452201853,-0.01912858174625246,-0.015392236889168588,-0.001441,0.015442272963864778,0.0078843,1,1.0
3723,0.05568156031214834,0.00014221345415141377,0.0015493,1.9036383948009792,6.5219724594075945,-28.562009281055328,1.01338506043586,4.357618125296947,0.32696719194081925,-13.854163101497317,-0.8125632746084135,-88.06015398904788,-0.8604110866485712,26.749327173547236,-0.01912858174625246,-0.0074532568006964025,-0.001441,0.007460137037024055,0.0078843,1,1.0
3724,0.06571928348351298,0.00016830591505855738,0.0015493,1.9036383948009792,6.5219724594075945,-59.73873887884236,1.01338506043586,4.332006463590868,0.32696719194081925,-49.50468281977036,-0.8125632746084135,36.18595069221969,-0.8604110866485712,46.09656959379357,-0.01912858174625246,-0.0037386807331953897,-0.001441,0.0037641456062301047,0.0078843,1,1.0
3725,0.025842387050422994,0.00011541287267189537,0.0015493,1.9036383948009792,6.5219724594075945,-17.01258778320472,1.01338506043586,4.421512940716569,0.32696719194081925,-17.536620991120525,-0.8125632746084135,-42.76297545666844,-0.8604110866485712,17.170797043522246,-0.01912858174625246,-0.00690679495422608,-0.001441,0.006930275822119871,0.0078843,1,1.0
3726,0.06133136155776191,0.00013719307079435874,0.0015493,1.9036383948009792,6.5219724594075945,-43.27408160369833,1.01338506043586,4.7096376008410115,0.32696719194081925,-30.931765498311098,-0.8125632746084135,-34.467442365478554,-0.8604110866485712,36.19630703264048,-0.01912858174625246,-0.005763943237830247,-0.001441,0.005789751071472964,0.0078843,1,1.0
3727,0.0004560040137029861,0.0006574725502291539,0.0015493,1.9036383948009792,6.5219724594075945,-33.3872984750109,1.01338506043586,8.895288644733126,0.32696719194081925,-70.25342404655362,-0.8125632746084135,43.635848618421534,-0.8604110866485712,34.73579603239732,-0.01912858174625246,-0.014657913306935473,-0.001441,0.014688680361236809,0.0078843,1,1.0
3728,0.12345787433574593,0.0011967187517972376,0.0015493,1.9036383948009792,6.5219724594075945,-74.9961537687589,1.01338506043586,0.29744015739621116,0.32696719194081925,-20.215762048561047,-0.8125632746084135,-11.465386467713085,-0.8604110866485712,51.353508779414945,-0.01912858174625246,-0.007469178679205994,-0.001441,0.007464584523143219,0.0078843,1,1.0
3729,0.04507586063164655,0.000658915980538914,0.0015493,1.9036383948009792,6.5219724594075945,-59.359354103814745,1.01338506043586,11.088818826608472,0.32696719194081925,-81.85731062842056,-0.8125632746084135,6.5498763168417415,-0.8604110866485712,55.87957165280208,-0.01912858174625246,-0.017080560659716536,-0.001441,0.017119950179286626,0.0078843,1,1.0
3730,0.05358811370635439,0.0004749380841272696,0.0015493,1.9036383948009792,6.5219724594075945,-52.2232259994054,1.01338506043586,9.523425633150758,0.32696719194081925,-61.9835913267581,-0.8125632746084135,-33.41122704963125,-0.8604110866485712,49.31333868639365,-0.01912858174625246,-0.015002609788966717,-0.001441,0.015027441745531256,0.0078843,1,1.0
3731,0.031643733279587416,6.221326409686838e-05,0.0015493,1.9036383948009792,6.5219724594075945,-48.309085752128055,1.01338506043586,2.845113188473256,0.32696719194081925,-53.117176481281525,-0.8125632746084135,95.81436792065442,-0.8604110866485712,36.28705660360968,-0.01912858174625246,-0.0024700561382291616,-0.001441,0.0024803172111007047,0.0078843,1,1.0
3732,0.09651777175718831,0.0004054158254972891,0.0015493,1.9036383948009792,6.5219724594075945,-65.25170497303657,1.01338506043586,9.572254482624727,0.32696719194081925,-49.96542609315774,-0.8125632746084135,-85.00917270123973,-0.8604110866485712,57.17617024192856,-0.01912858174625246,-0.013008851539553177,-0.001441,0.013014908499378015,0.0078843,1,1.0
3733,0.011206353919775985,7.231018260201e-06,0.0015493,1.9036383948009792,6.5219724594075945,-18.955272571994023,1.01338506043586,1.6095448064302706,0.32696719194081925,-22.77764712743872,-0.8125632746084135,38.40493267305249,-0.8604110866485712,14.528324961948426,-0.01912858174625246,-0.0016025051300525375,-0.001441,0.0016021757193482463,0.0078843,1,1.0
3734,0.032255648337754426,5.934017367178707e-05,0.0015493,1.9036383948009792,6.5219724594075945,-43.35179474591834,1.01338506043586,4.484426621128899,0.32696719194081925,-49.96534738095785,-0.8125632746084135,56.45520446021059,-0.8604110866485712,34.84348754179884,-0.01912858174625246,-0.004766355220031519,-0.001441,0.004781114217861208,0.0078843,1,1.0
3735,0.0006489056309110786,0.00355766370707351,0.0015493,1.9036383948009792,6.5219724594075945,14.09958628945089,1.01338506043586,11.650989219056848,0.32696719194081925,-0.03246803375324408,-0.8125632746084135,-34.241134784240806,-0.8604110866485712,-13.032860380537679,-0.01912858174625246,-0.02186399141532732,-0.001441,0.02186987631889921,0.0078843,1,1.0
3736,0.06670540714561547,0.000191392167533389,0.0015493,1.9036383948009792,6.5219724594075945,-57.757216650805674,1.01338506043586,7.350860416468253,0.32696719194081925,-53.300948054235,-0.8125632746084135,1.9415351432471348,-0.8604110866485712,47.464906521920085,-0.01912858174625246,-0.0084896283548412,-0.001441,0.008496394494843518,0.0078843,1,1.0
3737,0.0924462728930521,0.0003467637589620885,0.0015493,1.9036383948009792,6.5219724594075945,-62.055302265854394,1.01338506043586,5.36883743064545,0.32696719194081925,-38.857860345518795,-0.8125632746084135,-66.68075992427801,-0.8604110866485712,52.46259129816567,-0.01912858174625246,-0.007868341569625667,-0.001441,0.007865464931180843,0.0078843,1,1.0
3738,0.0035424573527403497,0.0009074061043617678,0.0015493,1.9036383948009792,6.5219724594075945,-26.537811778980508,1.01338506043586,9.416482426008017,0.32696719194081925,-60.43034365729407,-0.8125632746084135,-2.7237823806733252,-0.8604110866485712,31.251722966935024,-0.01912858174625246,-0.016641596099856673,-0.001441,0.01684727247279405,0.0078843,1,1.0
3739,0.12097108063755821,0.0005878206076008758,0.0015493,1.9036383948009792,6.5219724594075945,-91.1831528923771,1.01338506043586,9.939497989246778,0.32696719194081925,-71.65586437315858,-0.8125632746084135,-63.0253946236745,-0.8604110866485712,77.72035435790458,-0.01912858174625246,-0.013453561588952292,-0.001441,0.013439317847389352,0.0078843,1,1.0
3740,0.11473848870617544,0.0005969483352826118,0.0015493,1.9036383948009792,6.5219724594075945,-89.56388074306068,1.01338506043586,11.632773285906703,0.32696719194081925,-77.48576328846626,-0.8125632746084135,-59.84235080765862,-0.8604110866485712,77.47118867366737,-0.01912858174625246,-0.015674280140434198,-0.001441,0.015707797378203284,0.0078843,1,1.0
3741,0.04642527052439612,0.0012547535124337883,0.0015493,1.9036383948009792,6.5219724594075945,-60.91612641952528,1.01338506043586,14.007909625511367,0.32696719194081925,-91.11536342986255,-0.8125632746084135,-27.207481782893034,-0.8604110866485712,61.31957998665119,-0.01912858174625246,-0.023210030875938453,-0.001441,0.023232897527813115,0.0078843,1,1.0
3742,0.007746984202813334,0.00012859528339460649,0.0015493,1.9036383948009792,6.5219724594075945,-36.91817675353634,1.01338506043586,5.173507074942143,0.32696719194081925,-60.081062574972066,-0.8125632746084135,82.42080181394272,-0.8604110866485712,31.94979242501178,-0.01912858174625246,-0.006832914132409998,-0.001441,0.0068353651848584085,0.0078843,1,1.0
3743,0.07725729197283343,0.0006638903217781107,0.0015493,1.9036383948009792,6.5219724594075945,-47.29321593610585,1.01338506043586,0.6849520101278082,0.32696719194081925,-13.039642824025192,-0.8125632746084135,14.252822826480884,-0.8604110866485712,30.160903259570492,-0.01912858174625246,-0.008169100428972752,-0.001441,0.008294618377855265,0.0078843,1,1.0
3744,0.061560606859681,0.00013947590229460295,0.0015493,1.9036383948009792,6.5219724594075945,-59.74718286217765,1.01338506043586,4.900388392887437,0.32696719194081925,-53.32750591314951,-0.8125632746084135,49.16356660666873,-0.8604110866485712,45.881404331236716,-0.01912858174625246,-0.004728392408722331,-0.001441,0.004733385482855718,0.0078843,1,1.0
3745,0.010800523610129141,0.0012046904699445802,0.0015493,1.9036383948009792,6.5219724594075945,-25.236799750956195,1.01338506043586,9.949016912940198,0.32696719194081925,-55.9984624175242,-0.8125632746084135,-56.66754625028485,-0.8604110866485712,33.49679524404738,-0.01912858174625246,-0.020676874712021495,-0.001441,0.02063808206973313,0.0078843,1,1.0
3746,0.04315436714945151,8.117798320825289e-05,0.0015493,1.9036383948009792,6.5219724594075945,-56.60804818762255,1.01338506043586,5.047260872579344,0.32696719194081925,-62.589917594583135,-0.8125632746084135,76.40528563659211,-0.8604110866485712,44.828242433464176,-0.01912858174625246,-0.004974446200809997,-0.001441,0.004981697933443511,0.0078843,1,1.0
3747,0.1791939342350919,0.0029873288300773073,0.0015493,1.9036383948009792,6.5219724594075945,-99.2059137463536,1.01338506043586,-2.0952976816283444,0.32696719194081925,-10.634618876725122,-0.8125632746084135,-55.89175979788743,-0.8604110866485712,67.54264368046825,-0.01912858174625246,-0.010968946874982817,-0.001441,0.01087176122983192,0.0078843,1,1.0
3748,0.045030156308462965,0.00012453558716373744,0.0015493,1.9036383948009792,6.5219724594075945,-52.29348912151263,1.01338506043586,6.5214908425792855,0.32696719194081925,-58.985296205635194,-0.8125632746084135,38.477750910587865,-0.8604110866485712,43.563075318409226,-0.01912858174625246,-0.007764594055351122,-0.001441,0.007765426509533502,0.0078843,1,1.0
3749,0.0001328314188100005,0.01664883662420951,0.0015493,1.9036383948009792,6.5219724594075945,28.223359602672488,1.01338506043586,15.439405257343651,0.32696719194081925,-35.687812928510645,-0.8125632746084135,74.35058041967456,-0.8604110866485712,-10.747069058295152,-0.01912858174625246,-0.00596831523083261,-0.001441,0.033867764310791394,0.0078843,1,1.0
3750,0.0018448150331067184,0.003600676260479886,0.0015493,1.9036383948009792,6.5219724594075945,6.976126595844286,1.01338506043586,8.6254581032863,0.32696719194081925,-4.135066944736612,-0.8125632746084135,32.43143951055975,-0.8604110866485712,-11.026796515026556,-0.01912858174625246,-0.019681032554769,-0.001441,0.021257818505356536,0.0078843,1,1.0
3751,0.00044254546706529174,0.007909968448379129,0.0015493,1.9036383948009792,6.5219724594075945,12.6458036319502,1.01338506043586,13.34603143165511,0.32696719194081925,-24.81448151489442,-0.8125632746084135,13.662246611340787,-0.8604110866485712,-4.97392113386047,-0.01912858174625246,-0.014502610470036363,-0.001441,0.024930486210492833,0.0078843,1,1.0
3752,0.040606666476078836,7.825442072200973e-05,0.0015493,1.9036383948009792,6.5219724594075945,-33.93510045927762,1.01338506043586,4.298476561756203,0.32696719194081925,-30.93754384811128,-0.8125632746084135,-12.410078066835858,-0.8604110866485712,29.038500707712053,-0.01912858174625246,-0.005605222320645983,-0.001441,0.005601836457997546,0.0078843,1,1.0
3753,0.08241476391920281,0.0004283571406892829,0.0015493,1.9036383948009792,6.5219724594075945,-72.95607703405348,1.01338506043586,2.5091994243042244,0.32696719194081925,-51.68826854374431,-0.8125632746084135,66.92245536251818,-0.8604110866485712,52.85826700329778,-0.01912858174625246,-0.0038357647441801947,-0.001441,0.0038434000623383834,0.0078843,1,1.0
3754,0.05406224213135432,0.0005641771421827865,0.0015493,1.9036383948009792,6.5219724594075945,-40.46678619238406,1.01338506043586,-1.0514704312840588,0.32696719194081925,-14.94783437466728,-0.8125632746084135,63.627471844646784,-0.8604110866485712,23.47381178486087,-0.01912858174625246,-0.00992659807883008,-0.001441,0.009949855644501487,0.0078843,1,1.0
3755,0.0322344133812531,8.750144055962749e-05,0.0015493,1.9036383948009792,6.5219724594075945,-26.56870951987612,1.01338506043586,3.003227925955773,0.32696719194081925,-23.641422716020692,-0.8125632746084135,-15.169362248490266,-0.8604110866485712,23.311948492703337,-0.01912858174625246,-0.004608380097513061,-0.001441,0.004666222973130981,0.0078843,1,1.0
3756,0.053242216219453777,0.00033455784666025485,0.0015493,1.9036383948009792,6.5219724594075945,-74.41213200837831,1.01338506043586,10.31194638170453,0.32696719194081925,-93.38070528780506,-0.8125632746084135,84.08805419712635,-0.8604110866485712,61.97715858474725,-0.01912858174625246,-0.012325628041572749,-0.001441,0.01230931541748496,0.0078843,1,1.0
3757,0.07679553062278247,0.00021767869564092397,0.0015493,1.9036383948009792,6.5219724594075945,-54.564083460033395,1.01338506043586,7.004475868339572,0.32696719194081925,-41.44235366896105,-0.8125632746084135,-43.7036916915363,-0.8604110866485712,45.801604510340624,-0.01912858174625246,-0.008518528704699664,-0.001441,0.008515245286845979,0.0078843,1,1.0
3758,0.01167807262691261,2.5654692250297377e-05,0.0015493,1.9036383948009792,6.5219724594075945,-15.827891780504482,1.01338506043586,1.5636396019706365,0.32696719194081925,-18.829821156543268,-0.8125632746084135,10.921484192380015,-0.8604110866485712,13.902465693047112,-0.01912858174625246,-0.002703287199774279,-0.001441,0.002702297825756605,0.0078843,1,1.0
3759,0.03617407527042136,5.7848300450802854e-05,0.0015493,1.9036383948009792,6.5219724594075945,-35.013979819656775,1.01338506043586,3.10332336127545,0.32696719194081925,-32.53290110831317,-0.8125632746084135,15.551366751859343,-0.8604110866485712,28.455175396808666,-0.01912858174625246,-0.003376639814314995,-0.001441,0.003393682066335534,0.0078843,1,1.0
3760,0.09921076418330016,0.0003853710116121363,0.0015493,1.9036383948009792,6.5219724594075945,-93.97592401527541,1.01338506043586,10.44558050374835,0.32696719194081925,-90.38521519381348,-0.8125632746084135,27.47497314442245,-0.8604110866485712,77.35301089954008,-0.01912858174625246,-0.011980801534133452,-0.001441,0.01199642925050258,0.0078843,1,1.0
3761,0.10214235965619126,0.0003955094662611455,0.0015493,1.9036383948009792,6.5219724594075945,-98.9211377913126,1.01338506043586,9.350278625462362,0.32696719194081925,-90.87466763081676,-0.8125632746084135,74.76921366448522,-0.8604110866485712,76.6690624306659,-0.01912858174625246,-0.009594776235288873,-0.001441,0.009589782646582007,0.0078843,1,1.0
3762,0.09427710014445963,0.001285982580994815,0.0015493,1.9036383948009792,6.5219724594075945,-68.65919782091594,1.01338506043586,-2.381096227470897,0.32696719194081925,-24.559979921349488,-0.8125632746084135,69.18472368438606,-0.8604110866485712,43.602451358424055,-0.01912858174625246,-0.011686399668517203,-0.001441,0.011703582045143424,0.0078843,1,1.0
3763,0.05026763580027881,0.0002370934784418124,0.0015493,1.9036383948009792,6.5219724594075945,-39.01551333542175,1.01338506043586,1.591259025063429,0.32696719194081925,-22.616506792945263,-0.8125632746084135,37.12042592515224,-0.8604110866485712,26.114101972626965,-0.01912858174625246,-0.00555807670244509,-0.001441,0.005572053459711106,0.0078843,1,1.0
3764,0.0394691928297442,0.00016384553200223816,0.0015493,1.9036383948009792,6.5219724594075945,-48.673428418029104,1.01338506043586,6.438180724244902,0.32696719194081925,-58.27849563717075,-0.8125632746084135,28.07958689839981,-0.8604110866485712,42.26739534727439,-0.01912858174625246,-0.008767624012240856,-0.001441,0.00877328577619145,0.0078843,1,1.0
3765,0.08752286907314039,0.0005171093612701705,0.0015493,1.9036383948009792,6.5219724594075945,-74.70791303237934,1.01338506043586,2.876701533729084,0.32696719194081925,-50.60075346520271,-0.8125632746084135,70.59498260638796,-0.8604110866485712,52.85131788064289,-0.01912858174625246,-0.006151908411379851,-0.001441,0.006145538502247054,0.0078843,1,1.0
3766,0.09175358505200311,0.0004389389461873078,0.0015493,1.9036383948009792,6.5219724594075945,-75.96893080644718,1.01338506043586,10.50146455981446,0.32696719194081925,-70.80851431908981,-0.8125632746084135,-35.54799131005571,-0.8604110866485712,65.7115303315069,-0.01912858174625246,-0.013866319948599909,-0.001441,0.013904657841821506,0.0078843,1,1.0
3767,0.05547343073574842,0.00011247795203243481,0.0015493,1.9036383948009792,6.5219724594075945,-24.54491725135762,1.01338506043586,2.8819264890229808,0.32696719194081925,-3.377687757918407,-0.8125632746084135,-73.0819827687293,-0.8604110866485712,20.194991084222767,-0.01912858174625246,-0.003316838534641993,-0.001441,0.003310649921669814,0.0078843,1,1.0
3768,0.009961760441020331,0.001728088368759154,0.0015493,1.9036383948009792,6.5219724594075945,-5.870086772732575,1.01338506043586,9.649114868235033,0.32696719194081925,-21.48679715751798,-0.8125632746084135,-8.15304322631862,-0.8604110866485712,5.519111913677045,-0.01912858174625246,-0.014704963782247973,-0.001441,0.015340865049653537,0.0078843,1,1.0
3769,0.13881086285795524,0.0006605049440435986,0.0015493,1.9036383948009792,6.5219724594075945,-94.91174438122773,1.01338506043586,11.21591741427782,0.32696719194081925,-67.02252850940872,-0.8125632746084135,-95.72792824818697,-0.8604110866485712,80.3453694222662,-0.01912858174625246,-0.014242444917947485,-0.001441,0.01425170055350505,0.0078843,1,1.0
3770,0.03662722887082745,0.0007526008142069308,0.0015493,1.9036383948009792,6.5219724594075945,-37.719316855911366,1.01338506043586,9.725210057889605,0.32696719194081925,-54.65576171960163,-0.8125632746084135,-63.781689388299775,-0.8604110866485712,41.00433458952979,-0.01912858174625246,-0.018164276331514847,-0.001441,0.018166814899550566,0.0078843,1,1.0
3771,0.018518047631324468,0.00029852722107239654,0.0015493,1.9036383948009792,6.5219724594075945,-10.98654985900254,1.01338506043586,4.911203531432564,0.32696719194081925,-16.920911869627712,-0.8125632746084135,-76.41758655245037,-0.8604110866485712,16.31439591938503,-0.01912858174625246,-0.011255254285247396,-0.001441,0.011265663040406578,0.0078843,1,1.0
3772,0.12015300176658782,0.000497513039333927,0.0015493,1.9036383948009792,6.5219724594075945,-80.38614844625225,1.01338506043586,6.116506067884194,0.32696719194081925,-45.95275720720867,-0.8125632746084135,-50.25384229777608,-0.8604110866485712,63.52098856471009,-0.01912858174625246,-0.005642851207401276,-0.001441,0.005640001283574678,0.0078843,1,1.0
3773,0.020048012381012163,4.628332448287639e-05,0.0015493,1.9036383948009792,6.5219724594075945,-22.587799403365192,1.01338506043586,1.2407726556094025,0.32696719194081925,-20.117028432258575,-0.8125632746084135,43.848541771537974,-0.8604110866485712,15.375335424879477,-0.01912858174625246,-0.003145702642794141,-0.001441,0.003147197292837296,0.0078843,1,1.0
3774,0.13102124333555926,0.002132975485352736,0.0015493,1.9036383948009792,6.5219724594075945,-76.33952817651824,1.01338506043586,-3.7107966733041504,0.32696719194081925,-8.176963860927913,-0.8125632746084135,-6.723414700126473,-0.8604110866485712,50.09376980437755,-0.01912858174625246,-0.011667064117864208,-0.001441,0.011787871011846975,0.0078843,1,1.0
3775,0.06019407387618654,0.00019666665640719495,0.0015493,1.9036383948009792,6.5219724594075945,-78.41271962325233,1.01338506043586,8.19026924698494,0.32696719194081925,-89.80629776764624,-0.8125632746084135,87.88238218189622,-0.8604110866485712,64.09111508173311,-0.01912858174625246,-0.00916503070832633,-0.001441,0.009164939938426393,0.0078843,1,1.0
3776,0.006292303299352292,0.0017114051101136942,0.0015493,1.9036383948009792,6.5219724594075945,-35.91020128680481,1.01338506043586,14.180333149028836,0.32696719194081925,-83.12769909621593,-0.8125632746084135,-8.737760466199123,-0.8604110866485712,42.18500928611799,-0.01912858174625246,-0.02367190361275251,-0.001441,0.02375736568462785,0.0078843,1,1.0
3777,0.09515009747562722,0.000494614960942315,0.0015493,1.9036383948009792,6.5219724594075945,-90.23814350804383,1.01338506043586,11.785155980996272,0.32696719194081925,-91.70380615412574,-0.8125632746084135,5.120167661342718,-0.8604110866485712,76.87009259301382,-0.01912858174625246,-0.01496339728987967,-0.001441,0.014995247879820038,0.0078843,1,1.0
3778,0.12839567515727368,0.0006073315576408445,0.0015493,1.9036383948009792,6.5219724594075945,-92.63458103256627,1.01338506043586,11.768258932293959,0.32696719194081925,-71.73427456232503,-0.8125632746084135,-71.5122647196395,-0.8604110866485712,78.10964430220938,-0.01912858174625246,-0.014507786173394798,-0.001441,0.014528205587017355,0.0078843,1,1.0
3779,0.005088852003972674,0.0013924986264135589,0.0015493,1.9036383948009792,6.5219724594075945,-32.90298270463189,1.01338506043586,13.375568842947786,0.32696719194081925,-76.00276952863774,-0.8125632746084135,14.316376296230427,-0.8604110866485712,36.21979811954382,-0.01912858174625246,-0.020187878343414872,-0.001441,0.020276762711198007,0.0078843,1,1.0
3780,0.14488591390678177,0.000755098620305565,0.0015493,1.9036383948009792,6.5219724594075945,-96.19851093053684,1.01338506043586,6.694030786666952,0.32696719194081925,-52.81924311653264,-0.8125632746084135,-59.646324013304,-0.8604110866485712,75.60930255765862,-0.01912858174625246,-0.005802669769741417,-0.001441,0.0058061222042269526,0.0078843,1,1.0
3781,0.015031357686347495,2.7036922131537192e-05,0.0015493,1.9036383948009792,6.5219724594075945,-25.243182176973768,1.01338506043586,2.865192693063373,0.32696719194081925,-32.491632638249676,-0.8125632746084135,38.37339127721915,-0.8604110866485712,20.845450938276105,-0.01912858174625246,-0.003319678661682158,-0.001441,0.0033266954411588895,0.0078843,1,1.0
3782,0.03306246248316579,0.00015715077536434488,0.0015493,1.9036383948009792,6.5219724594075945,-29.98123285135964,1.01338506043586,5.724352034072869,0.32696719194081925,-34.30717356335015,-0.8125632746084135,-22.791330985158748,-0.8604110866485712,27.999634471546813,-0.01912858174625246,-0.008535910106956927,-0.001441,0.008552167171603266,0.0078843,1,1.0
3783,0.0018594855907496655,0.007831851476991333,0.0015493,1.9036383948009792,6.5219724594075945,17.3328917425607,1.01338506043586,16.21754021470029,0.32696719194081925,-9.584388661403962,-0.8125632746084135,-26.405940116113733,-0.8604110866485712,-13.954081071655969,-0.01912858174625246,-0.026624726807910164,-0.001441,0.030363109247175793,0.0078843,1,1.0
3784,0.031440569607859056,0.0007304292964210574,0.0015493,1.9036383948009792,6.5219724594075945,-40.048584005757824,1.01338506043586,10.15347414936163,0.32696719194081925,-61.98196448288556,-0.8125632746084135,-33.45485725064217,-0.8604110866485712,41.89344130494834,-0.01912858174625246,-0.01743729776545505,-0.001441,0.017469298713087278,0.0078843,1,1.0
3785,0.05904737221556514,0.00017176571137181897,0.0015493,1.9036383948009792,6.5219724594075945,-50.286876073341475,1.01338506043586,6.200073887505157,0.32696719194081925,-46.03593204977966,-0.8125632746084135,-9.41281648769282,-0.8604110866485712,42.39611910140712,-0.01912858174625246,-0.007631193483351064,-0.001441,0.0076888415421048975,0.0078843,1,1.0
3786,0.024364945344733817,0.00030419813001789715,0.0015493,1.9036383948009792,6.5219724594075945,-25.815144107743155,1.01338506043586,-1.7810059019493218,0.32696719194081925,-13.852714260577127,-0.8125632746084135,75.2320750393677,-0.8604110866485712,14.061988940171645,-0.01912858174625246,-0.007583353065298646,-0.001441,0.007548172001369093,0.0078843,1,1.0
3787,0.06735142976715827,0.00020435300329174313,0.0015493,1.9036383948009792,6.5219724594075945,-47.28606351326691,1.01338506043586,3.2581752890677773,0.32696719194081925,-27.756181073613106,-0.8125632746084135,-5.3698802155576155,-0.8604110866485712,35.603980060613814,-0.01912858174625246,-0.003112827874508403,-0.001441,0.003152894667220064,0.0078843,1,1.0
3788,0.026615288870418242,0.0003805169179196535,0.0015493,1.9036383948009792,6.5219724594075945,-28.58685368661998,1.01338506043586,7.070069493525845,0.32696719194081925,-41.27053846597372,-0.8125632746084135,-39.45426254610145,-0.8604110866485712,30.395927373071554,-0.01912858174625246,-0.012858199007562191,-0.001441,0.012868127567100915,0.0078843,1,1.0
3789,0.007447909310459751,0.0003263658563893056,0.0015493,1.9036383948009792,6.5219724594075945,-19.684759174044554,1.01338506043586,5.252327437808288,0.32696719194081925,-37.626406072948534,-0.8125632746084135,-11.707607118609696,-0.8604110866485712,22.598947408798434,-0.01912858174625246,-0.010934266299798996,-0.001441,0.010932384350441658,0.0078843,1,1.0
3790,0.05094474014707021,0.0001147497506534371,0.0015493,1.9036383948009792,6.5219724594075945,-33.29120101204356,1.01338506043586,3.687045782588729,0.32696719194081925,-20.43160954298203,-0.8125632746084135,-23.215645270276866,-0.8604110866485712,26.253211771041038,-0.01912858174625246,-0.003962531932200725,-0.001441,0.003999119665787235,0.0078843,1,1.0
3791,0.00014266858707659424,0.010162205492304802,0.0015493,1.9036383948009792,6.5219724594075945,-4.13154485713514,1.01338506043586,25.05281581184845,0.32696719194081925,-64.31184202559218,-0.8125632746084135,-20.332010646736187,-0.8604110866485712,11.857475345494137,-0.01912858174625246,-0.034902301541508175,-0.001441,0.0388402638950058,0.0078843,1,1.0
3792,0.0379550436843224,0.0001097497152361834,0.0015493,1.9036383948009792,6.5219724594075945,-34.638562951199184,1.01338506043586,4.189603777342442,0.32696719194081925,-34.169472983593636,-0.8125632746084135,-11.322796970497809,-0.8604110866485712,30.608710595667844,-0.01912858174625246,-0.006471258120760103,-0.001441,0.006465465529347468,0.0078843,1,1.0
3793,0.08119826425770053,0.00025102010669610325,0.0015493,1.9036383948009792,6.5219724594075945,-74.0972943097148,1.01338506043586,8.560041572375974,0.32696719194081925,-69.55366860182933,-0.8125632746084135,17.141469555173707,-0.8604110866485712,60.552436992928655,-0.01912858174625246,-0.00965665317412159,-0.001441,0.009656112076315507,0.0078843,1,1.0
3794,0.024621271974026415,0.0013381589487111488,0.0015493,1.9036383948009792,6.5219724594075945,-47.376549329404156,1.01338506043586,11.62373213633043,0.32696719194081925,-82.46728180005654,-0.8125632746084135,-19.748333457483266,-0.8604110866485712,51.37096853531094,-0.01912858174625246,-0.022245090265613027,-0.001441,0.022375649810328704,0.0078843,1,1.0
3795,0.007371061680779105,7.941514267718018e-05,0.0015493,1.9036383948009792,6.5219724594075945,-1.6338428780265586,1.01338506043586,2.346477466965585,0.32696719194081925,-3.840886909060785,-0.8125632746084135,-45.640643903701,-0.8604110866485712,5.011004479424144,-0.01912858174625246,-0.005372192637645434,-0.001441,0.005364970428293016,0.0078843,1,1.0
3796,0.12042139763393345,0.0005949432313795077,0.0015493,1.9036383948009792,6.5219724594075945,-93.25743396928424,1.01338506043586,11.675292638831584,0.32696719194081925,-78.7648673867581,-0.8125632746084135,-59.58698835174128,-0.8604110866485712,79.99734556751046,-0.01912858174625246,-0.015420476362173634,-0.001441,0.015424290229978835,0.0078843,1,1.0
3797,0.046395094126930506,0.0001439246545215901,0.0015493,1.9036383948009792,6.5219724594075945,-66.6267550133734,1.01338506043586,6.820054857612201,0.32696719194081925,-79.42400969179558,-0.8125632746084135,86.28207194555614,-0.8604110866485712,54.61068176937159,-0.01912858174625246,-0.007715585887197042,-0.001441,0.007714995776587208,0.0078843,1,1.0
3798,0.09261540858139618,0.0004959737996270143,0.0015493,1.9036383948009792,6.5219724594075945,-73.34890982778386,1.01338506043586,11.032367793883543,0.32696719194081925,-67.50127110742606,-0.8125632746084135,-50.4483343430759,-0.8604110866485712,63.99864183131127,-0.01912858174625246,-0.014712674092914059,-0.001441,0.014691278788218872,0.0078843,1,1.0
3799,0.017823854075061357,4.7725129886934997e-05,0.0015493,1.9036383948009792,6.5219724594075945,-27.17380649561387,1.01338506043586,3.513872796026068,0.32696719194081925,-35.179243304884125,-0.8125632746084135,28.829822721671768,-0.8604110866485712,23.387331643917687,-0.01912858174625246,-0.004657037426275545,-0.001441,0.004656404987263482,0.0078843,1,1.0
3800,0.004859994527292577,0.05625311534504959,0.0015493,1.6665574929518563,3.485611170112556,76.99256762110001,1.01338506043586,15.35187771742886,0.32696719194081925,-52.81661762968039,-0.8125632746084135,56.715985458268655,-0.8604110866485712,-24.22369401000515,-0.01912858174625246,0.4363118888728703,-0.001441,0.6049556803541076,0.0078843,0,1.0
3801,0.28640189501654456,0.09604936106034377,0.0015493,1.6665574929518563,3.485611170112556,99.4933624681433,1.01338506043586,24.40187484925687,0.32696719194081925,-41.45667759444498,-0.8125632746084135,-32.612987024512314,-0.8604110866485712,-25.87828563706141,-0.01912858174625246,0.36947889962343,-0.001441,0.7808192695870375,0.0078843,0,1.0
3802,0.4245649619509968,0.12330521965790867,0.0015493,1.6665574929518563,3.485611170112556,94.39205509298723,1.01338506043586,29.346619154219567,0.32696719194081925,-60.98323013894074,-0.8125632746084135,-38.0607620846592,-0.8604110866485712,-10.83147095705243,-0.01912858174625246,0.3480872828403716,-0.001441,0.8636254838683801,0.0078843,0,1.0
3803,0.011302584373008906,0.06745330799118615,0.0015493,1.6665574929518563,3.485611170112556,98.54592022373359,1.01338506043586,13.7272219971774,0.32696719194081925,-11.138690047767149,-0.8125632746084135,3.6036303447045537,-0.8604110866485712,-49.38804780706601,-0.01912858174625246,0.4273068813544075,-0.001441,0.6011316122649463,0.0078843,0,1.0
3804,0.5811611099813655,0.14071475845718148,0.0015493,1.6665574929518563,3.485611170112556,-46.79357207960325,1.01338506043586,16.66826003725693,0.32696719194081925,-79.90881443345158,-0.8125632746084135,-21.72172504628189,-0.8604110866485712,76.78813195526705,-0.01912858174625246,-0.25263272356425087,-0.001441,0.25895244555337676,0.0078843,1,1.0
3805,0.4280548121782829,0.02806267752531002,0.0015493,1.6665574929518563,3.485611170112556,-54.69047282454896,1.01338506043586,7.932624215400458,0.32696719194081925,-69.52120808063108,-0.8125632746084135,28.9636799232972,-0.8604110866485712,68.41043987828945,-0.01912858174625246,-0.09364846023861657,-0.001441,0.0935470454848817,0.0078843,1,1.0
3806,0.8527337256830423,0.2404160718737216,0.0015493,1.6665574929518563,3.485611170112556,60.725083306670676,1.01338506043586,34.44509784134304,0.32696719194081925,-88.55090563639975,-0.8125632746084135,-47.96068294021209,-0.8604110866485712,30.825713344557993,-0.01912858174625246,0.3451746701772709,-0.001441,0.9053745589748499,0.0078843,0,1.0
3807,0.0552472546566639,0.006666384223139161,0.0015493,1.6665574929518563,3.485611170112556,-29.043491642442483,1.01338506043586,-0.40988815242513643,0.32696719194081925,-34.265013587324475,-0.8125632746084135,53.809655018335,-0.8604110866485712,27.158929837458473,-0.01912858174625246,-0.04611113584219279,-0.001441,0.046731540364023084,0.0078843,1,1.0
3808,0.2718187730244502,0.01342249536507278,0.0015493,1.6665574929518563,3.485611170112556,-20.217329205732685,1.01338506043586,4.103427302645341,0.32696719194081925,-20.747048043289933,-0.8125632746084135,-14.094462106946446,-0.8604110866485712,28.761062437292143,-0.01912858174625246,-0.060481168963745474,-0.001441,0.062292140538282914,0.0078843,1,1.0
3809,0.5277174345601486,0.03450614236638924,0.0015493,1.6665574929518563,3.485611170112556,-70.57824600951683,1.01338506043586,7.90863966336805,0.32696719194081925,-82.29601549033035,-0.8125632746084135,42.95565593073459,-0.8604110866485712,84.00604075827285,-0.01912858174625246,-0.08100651909618552,-0.001441,0.08100259399989664,0.0078843,1,1.0
3810,0.8303079670102835,0.1149195436468225,0.0015493,1.6665574929518563,3.485611170112556,-44.52967187269389,1.01338506043586,11.180865230321228,0.32696719194081925,-30.402299289431053,-0.8125632746084135,-82.95839118769082,-0.8604110866485712,67.38384947357474,-0.01912858174625246,-0.17533137786738312,-0.001441,0.17685059727393165,0.0078843,1,1.0
3811,0.6709742552359631,0.08566221433777314,0.0015493,1.6665574929518563,3.485611170112556,-59.700732927249476,1.01338506043586,11.525920712174843,0.32696719194081925,-72.03922489530808,-0.8125632746084135,-13.71882634629291,-0.8604110866485712,83.67006822186951,-0.01912858174625246,-0.17227646728246723,-0.001441,0.17190643763650817,0.0078843,1,1.0
3812,0.06083566490744452,0.07297023447888032,0.0015493,1.6665574929518563,3.485611170112556,69.0173909285295,1.01338506043586,14.912838582328702,0.32696719194081925,-48.01823955631308,-0.8125632746084135,52.67291165753025,-0.8604110866485712,-21.285561295514142,-0.01912858174625246,0.45224789141128946,-0.001441,0.5451538778873917,0.0078843,0,1.0
3813,0.00093644157237463,0.02103995823645999,0.0015493,1.6665574929518563,3.485611170112556,-42.555209744186975,1.01338506043586,-2.144006659922399,0.32696719194081925,-52.95456471168086,-0.8125632746084135,96.4481365978331,-0.8604110866485712,37.637701459981976,-0.01912858174625246,-0.08754852218000318,-0.001441,0.08777512150897405,0.0078843,1,1.0
3814,0.010289045979691158,0.039350898196734416,0.0015493,1.6665574929518563,3.485611170112556,98.77220094484531,1.01338506043586,23.576321496269497,0.32696719194081925,-62.92766129121366,-0.8125632746084135,23.276993873826044,-0.8604110866485712,-28.953839893321714,-0.01912858174625246,0.37589007443144706,-0.001441,0.7433843192994862,0.0078843,0,1.0
3815,0.16072895445200852,0.05369790607032515,0.0015493,1.6665574929518563,3.485611170112556,96.1890323181207,1.01338506043586,31.55486253967588,0.32696719194081925,-95.46228933680275,-0.8125632746084135,22.04902347178495,-0.8604110866485712,-9.93084438650985,-0.01912858174625246,0.347628215600221,-0.001441,0.8900473846408816,0.0078843,0,1.0
3816,0.3893944809812241,0.11497476196163015,0.0015493,1.6665574929518563,3.485611170112556,69.74641403696236,1.01338506043586,23.68239717688938,0.32696719194081925,-68.76694350093108,-0.8125632746084135,4.525112336482608,-0.8604110866485712,1.8256610497505836,-0.01912858174625246,0.3828917694691193,-0.001441,0.7336853203867896,0.0078843,0,1.0
3817,0.029138129302015633,0.0021628231473415473,0.0015493,1.6665574929518563,3.485611170112556,-27.322068755344134,1.01338506043586,2.083196512398107,0.32696719194081925,-46.37047090701845,-0.8125632746084135,55.482545123026426,-0.8604110866485712,30.845857166074364,-0.01912858174625246,-0.016479454737904027,-0.001441,0.016657416825708822,0.0078843,1,1.0
3818,0.29099811574710616,0.0780957231398432,0.0015493,1.6665574929518563,3.485611170112556,-53.36749950883859,1.01338506043586,-3.8306034749757005,0.32696719194081925,-28.063468364516535,-0.8125632746084135,58.125366974742285,-0.8604110866485712,42.95211224299864,-0.01912858174625246,-0.14844977471358928,-0.001441,0.15435859141969238,0.0078843,1,1.0
3819,0.15315229058932217,0.050945119434272206,0.0015493,1.6665574929518563,3.485611170112556,-6.22289386162147,1.01338506043586,8.42204163575243,0.32696719194081925,-31.86472937239259,-0.8125632746084135,-19.420140199200894,-0.8604110866485712,23.24719081662503,-0.01912858174625246,-0.15461719410313068,-0.001441,0.15777420827428434,0.0078843,1,1.0
3820,2.117198375961582e-05,0.03787667795263246,0.0015493,1.6665574929518563,3.485611170112556,88.79398144612298,1.01338506043586,21.440167935061233,0.32696719194081925,-70.51335143633278,-0.8125632746084135,44.61683506377536,-0.8604110866485712,-21.64093794553031,-0.01912858174625246,0.3872728177591416,-0.001441,0.7158777016263898,0.0078843,0,1.0
3821,0.07994927426655463,0.05799468228052221,0.0015493,1.6665574929518563,3.485611170112556,97.09272860628718,1.01338506043586,20.480794500439153,0.32696719194081925,-40.32363865343347,-0.8125632746084135,2.3934689848119506,-0.8604110866485712,-34.137101255622035,-0.01912858174625246,0.3947982255271947,-0.001441,0.68253687899709,0.0078843,0,1.0
3822,0.4328485275476316,0.11103384589229211,0.0015493,1.6665574929518563,3.485611170112556,60.23394520048863,1.01338506043586,29.912365300949375,0.32696719194081925,-99.99010940385978,-0.8125632746084135,23.347432214868583,-0.8604110866485712,17.721507438758344,-0.01912858174625246,0.36646628379035806,-0.001441,0.781312551042948,0.0078843,0,1.0
3823,0.0018131043459665985,0.05130887210869545,0.0015493,1.6665574929518563,3.485611170112556,80.34580337102479,1.01338506043586,16.293272720479592,0.32696719194081925,-49.80070573026738,-0.8125632746084135,46.28819096107308,-0.8604110866485712,-26.80579036790171,-0.01912858174625246,0.42835094909358296,-0.001441,0.5973804624900659,0.0078843,0,1.0
3824,0.7142830602203891,0.06859529529562515,0.0015493,1.6665574929518563,3.485611170112556,-64.28780629510173,1.01338506043586,6.282490816841043,0.32696719194081925,-47.22965717335061,-0.8125632746084135,-13.682504564152627,-0.8604110866485712,75.72164942421698,-0.01912858174625246,-0.06365088758710412,-0.001441,0.05872852372117608,0.0078843,1,1.0
3825,0.5416036385129905,0.038026297067710865,0.0015493,1.6665574929518563,3.485611170112556,-57.42600625716883,1.01338506043586,7.324331298129365,0.32696719194081925,-60.38754564491369,-0.8125632746084135,10.39708422631692,-0.8604110866485712,70.93897059275591,-0.01912858174625246,-0.08192023335185819,-0.001441,0.08345591084409684,0.0078843,1,1.0
3826,0.6235419733506189,0.049406719353659714,0.0015493,1.6665574929518563,3.485611170112556,-48.53462578927418,1.01338506043586,6.579261749358689,0.32696719194081925,-35.52027654626941,-0.8125632746084135,-28.0829428579813,-0.8604110866485712,60.94652200902608,-0.01912858174625246,-0.07778562148450432,-0.001441,0.07845319784626223,0.0078843,1,1.0
3827,0.47224003040293483,0.028111421555816946,0.0015493,1.6665574929518563,3.485611170112556,-57.3254570845009,1.01338506043586,6.545117473534953,0.32696719194081925,-60.7426066696228,-0.8125632746084135,25.473503063017276,-0.8604110866485712,67.01875081091033,-0.01912858174625246,-0.06783449961602579,-0.001441,0.0688000816875013,0.0078843,1,1.0
3828,0.4398836394688448,0.05448570047595737,0.0015493,1.6665574929518563,3.485611170112556,-43.53631851658216,1.01338506043586,8.996542902989823,0.32696719194081925,-63.07701771892488,-0.8125632746084135,1.3979107657256076,-0.8604110866485712,63.9153420211068,-0.01912858174625246,-0.14662333273860514,-0.001441,0.1486567487923617,0.0078843,1,1.0
3829,0.5359582719653212,0.13493234870015444,0.0015493,1.6665574929518563,3.485611170112556,-52.74703749670879,1.01338506043586,17.37403812183364,0.32696719194081925,-92.16361325456604,-0.8125632746084135,0.31047505032155165,-0.8604110866485712,81.22438624447408,-0.01912858174625246,-0.2546886026595058,-0.001441,0.2542838342164783,0.0078843,1,1.0
3830,0.003980326099791487,0.0312749158715674,0.0015493,1.6665574929518563,3.485611170112556,94.87193661072521,1.01338506043586,27.153396967101045,0.32696719194081925,-90.57204563709539,-0.8125632746084135,45.42743693137086,-0.8604110866485712,-16.921431921947526,-0.01912858174625246,0.3604372327468316,-0.001441,0.812662156953405,0.0078843,0,1.0
3831,0.4361345586878617,0.02574457347064702,0.0015493,1.6665574929518563,3.485611170112556,-34.74346808627182,1.01338506043586,5.14676722148405,0.32696719194081925,-29.08290636621192,-0.8125632746084135,-18.053212959689112,-0.8604110866485712,44.946599137725634,-0.01912858174625246,-0.06678704435504357,-0.001441,0.06642187342218664,0.0078843,1,1.0
3832,0.5011255449232941,0.02986409463643133,0.0015493,1.6665574929518563,3.485611170112556,-68.22255688680374,1.01338506043586,5.994278128719509,0.32696719194081925,-74.59018309562515,-0.8125632746084135,43.53384554066133,-0.8604110866485712,79.01300288861616,-0.01912858174625246,-0.05196654278915565,-0.001441,0.05188032282280601,0.0078843,1,1.0
3833,0.504512308786589,0.07730649129528716,0.0015493,1.6665574929518563,3.485611170112556,-31.34699645897964,1.01338506043586,11.600204846874288,0.32696719194081925,-43.86220602304724,-0.8125632746084135,-40.730476318542266,-0.8604110866485712,52.82094909570904,-0.01912858174625246,-0.18284488091657242,-0.001441,0.1841926337276369,0.0078843,1,1.0
3834,0.029338863779324598,0.051573238781784395,0.0015493,1.6665574929518563,3.485611170112556,99.99563700638383,1.01338506043586,19.518447774897727,0.32696719194081925,-36.69191705198481,-0.8125632746084135,5.245291878086716,-0.8604110866485712,-38.79150505115543,-0.01912858174625246,0.39732930958775964,-0.001441,0.6719554493126985,0.0078843,0,1.0
3835,0.5470586804731032,0.04804227507335993,0.0015493,1.6665574929518563,3.485611170112556,-45.828696520226266,1.01338506043586,8.634753044901734,0.32696719194081925,-48.116699013825055,-0.8125632746084135,-16.798368430189527,-0.8604110866485712,61.68690675273656,-0.01912858174625246,-0.11353890054273601,-0.001441,0.1166758229591872,0.0078843,1,1.0
3836,-0.00047357851298113207,0.1310500096170236,0.0015493,1.6665574929518563,3.485611170112556,-0.7463405639727847,1.01338506043586,-3.011677067052381,0.32696719194081925,-0.9701824273830009,-0.8125632746084135,44.2800723447193,-0.8604110866485712,-4.346955832244245,-0.01912858174625246,-0.049679552901294985,-0.001441,0.23874677758435497,0.0078843,1,1.0
3837,0.9722554166211633,0.291159218419162,0.0015493,1.6665574929518563,3.485611170112556,68.57409421049317,1.01338506043586,37.33217888079262,0.32696719194081925,-83.94255535380805,-0.8125632746084135,-77.82995283491589,-0.8604110866485712,30.480882567113966,-0.01912858174625246,0.3329814360163842,-0.001441,0.9824313884234198,0.0078843,0,1.0
3838,0.7014700556826933,0.07714466114557386,0.0015493,1.6665574929518563,3.485611170112556,-65.4753537523964,1.01338506043586,3.32742414972386,0.32696719194081925,-34.72987110932017,-0.8125632746084135,-7.7266482657744975,-0.8604110866485712,69.41981697971374,-0.01912858174625246,-0.04676235334687065,-0.001441,0.04309065960800146,0.0078843,1,1.0
3839,0.16169555643558017,0.009276523117600294,0.0015493,1.6665574929518563,3.485611170112556,-50.30534804514083,1.01338506043586,5.776037163224909,0.32696719194081925,-80.27257991958226,-0.8125632746084135,78.30747984567347,-0.8604110866485712,58.92207105139877,-0.01912858174625246,-0.05988468043765934,-0.001441,0.06073658191645694,0.0078843,1,1.0
3840,0.15441750230685347,0.02925099856850396,0.0015493,1.6665574929518563,3.485611170112556,-59.096651893792306,1.01338506043586,-1.5465636736805792,0.32696719194081925,-68.29970002489189,-0.8125632746084135,99.94338713276339,-0.8604110866485712,58.22394179409099,-0.01912858174625246,-0.07127807541429554,-0.001441,0.07169672496265966,0.0078843,1,1.0
3841,0.5411013747382813,0.03702486991129361,0.0015493,1.6665574929518563,3.485611170112556,-82.37205414071934,1.01338506043586,6.407147750159931,0.32696719194081925,-94.63930950931633,-0.8125632746084135,67.01607474261293,-0.8604110866485712,94.78348189278023,-0.01912858174625246,-0.0486315648649283,-0.001441,0.0497758348840653,0.0078843,1,1.0
3842,0.1381081079928299,0.07868038879726186,0.0015493,1.6665574929518563,3.485611170112556,99.92966903839509,1.01338506043586,19.48953165812054,0.32696719194081925,-20.47252818504636,-0.8125632746084135,-22.671106610231757,-0.8604110866485712,-41.22295721658807,-0.01912858174625246,0.4073866687563983,-0.001441,0.6439150376965483,0.0078843,0,1.0
3843,0.015326112685675686,0.07803636640250543,0.0015493,1.6665574929518563,3.485611170112556,73.22803755965914,1.01338506043586,11.619695700092837,0.32696719194081925,-42.15899928569451,-0.8125632746084135,62.586800500257254,-0.8604110866485712,-26.58846080581662,-0.01912858174625246,0.413805588316574,-0.001441,0.6253735208911998,0.0078843,0,1.0
3844,0.06192300414819685,0.08688880350857912,0.0015493,1.6665574929518563,3.485611170112556,-1.5248650730604634,1.01338506043586,7.205459529099494,0.32696719194081925,-45.000539564833325,-0.8125632746084135,32.80552488923188,-0.8604110866485712,18.75106169214722,-0.01912858174625246,0.03305050529410686,-0.001441,0.16051521435671184,0.0078843,0,1.0
3845,0.09532124819458179,0.0031572781178006632,0.0015493,1.6665574929518563,3.485611170112556,-21.69255611050216,1.01338506043586,3.0514766744109076,0.32696719194081925,-34.935958646959975,-0.8125632746084135,28.14259661907723,-0.8604110866485712,26.8493732579672,-0.01912858174625246,-0.034617585153739534,-0.001441,0.03529791775477303,0.0078843,1,1.0
3846,0.16111178258762837,0.004215079810929645,0.0015493,1.6665574929518563,3.485611170112556,-11.232653297009923,1.01338506043586,1.9344464121711982,0.32696719194081925,-9.588113076663372,-0.8125632746084135,-10.250215871522887,-0.8604110866485712,15.812318947004746,-0.01912858174625246,-0.03149384970985212,-0.001441,0.03165939769839416,0.0078843,1,1.0
3847,0.4589697717140794,0.02547501473021169,0.0015493,1.6665574929518563,3.485611170112556,-62.13559560825176,1.01338506043586,5.089908458283815,0.32696719194081925,-65.33835292323025,-0.8125632746084135,39.33490936268509,-0.8604110866485712,70.73087323940217,-0.01912858174625246,-0.041824155764650574,-0.001441,0.04275916456269505,0.0078843,1,1.0
3848,0.06372773306659665,0.008383740482849851,0.0015493,1.6665574929518563,3.485611170112556,-45.68596713961752,1.01338506043586,4.9807525834121344,0.32696719194081925,-81.28227287908308,-0.8125632746084135,89.55635551765741,-0.8604110866485712,53.519828585625696,-0.01912858174625246,-0.04963533055787807,-0.001441,0.05056865728248765,0.0078843,1,1.0
3849,0.010226952817644519,0.07346404742334348,0.0015493,1.6665574929518563,3.485611170112556,-9.484178670970616,1.01338506043586,6.875275889459127,0.32696719194081925,-57.19845310743302,-0.8125632746084135,53.197060519745534,-0.8604110866485712,25.30936322654187,-0.01912858174625246,0.011903529660733811,-0.001441,0.1409234233542525,0.0078843,0,1.0
3850,0.21469868767504066,0.011869330879970217,0.0015493,1.6665574929518563,3.485611170112556,-10.917074027430568,1.01338506043586,3.7307180584958326,0.32696719194081925,-12.068276154452972,-0.8125632746084135,-22.946845035653226,-0.8604110866485712,19.414243740052704,-0.01912858174625246,-0.06890359828158768,-0.001441,0.06889076012941772,0.0078843,1,1.0
3851,0.6374885766194681,0.05724531477382966,0.0015493,1.6665574929518563,3.485611170112556,-49.4993252803382,1.01338506043586,2.4799866026642396,0.32696719194081925,-18.376889746787473,-0.8125632746084135,-29.03070284960879,-0.8604110866485712,54.81299320710037,-0.01912858174625246,-0.009910851282856736,-0.001441,0.009751859919461897,0.0078843,1,1.0
3852,0.42099649988125665,0.10550810224647277,0.0015493,1.6665574929518563,3.485611170112556,-17.157651579630897,1.01338506043586,13.123243408588577,0.32696719194081925,-38.30244758189349,-0.8125632746084135,-52.36145444526877,-0.8604110866485712,41.19598590015928,-0.01912858174625246,-0.21326603982960543,-0.001441,0.2240108859833019,0.0078843,1,1.0
3853,0.14608785499908405,0.06446569734880184,0.0015493,1.6665574929518563,3.485611170112556,97.90695134473306,1.01338506043586,27.464762104397796,0.32696719194081925,-65.14813578944691,-0.8125632746084135,1.8169403005294513,-0.8604110866485712,-23.30666454625757,-0.01912858174625246,0.36490189391319255,-0.001441,0.7844311812575244,0.0078843,0,1.0
3854,0.0014997055318797248,0.03816305201795812,0.0015493,1.6665574929518563,3.485611170112556,80.18448750459781,1.01338506043586,21.402934205413867,0.32696719194081925,-73.49321127667774,-0.8125632746084135,54.00296713767528,-0.8604110866485712,-17.784123234806465,-0.01912858174625246,0.403071985380308,-0.001441,0.6558991249224186,0.0078843,0,1.0
3855,0.5673927659103067,0.17841394288825718,0.0015493,1.6665574929518563,3.485611170112556,98.75239301991816,1.01338506043586,26.886713595166782,0.32696719194081925,-30.571119894950623,-0.8125632746084135,-82.75478264052053,-0.8604110866485712,-17.786198761471315,-0.01912858174625246,0.34954950085579206,-0.001441,0.8477480613638462,0.0078843,0,1.0
3856,-6.394641222939867e-05,0.04451359537941619,0.0015493,1.6665574929518563,3.485611170112556,99.60104415172897,1.01338506043586,19.625089745082693,0.32696719194081925,-43.53701651087756,-0.8125632746084135,15.401743891188284,-0.8604110866485712,-36.89331961701222,-0.01912858174625246,0.3934087368917873,-0.001441,0.688279468105095,0.0078843,0,1.0
3857,0.043742564931056355,0.00843441557056917,0.0015493,1.6665574929518563,3.485611170112556,-45.49939977926264,1.01338506043586,4.564316453627339,0.32696719194081925,-82.03931867173634,-0.8125632746084135,93.28737588918925,-0.8604110866485712,53.120415081404865,-0.01912858174625246,-0.04389423147520878,-0.001441,0.04360075565436104,0.0078843,1,1.0
3858,0.018493003064051494,0.099333023220209,0.0015493,1.6665574929518563,3.485611170112556,-14.4982764987982,1.01338506043586,9.968484656690807,0.32696719194081925,-75.57866853139878,-0.8125632746084135,76.757946840472,-0.8604110866485712,32.10263000504578,-0.01912858174625246,0.024540924071522224,-0.001441,0.1909802331426733,0.0078843,0,1.0
3859,-0.00027051094631569406,0.07724090716640272,0.0015493,1.6665574929518563,3.485611170112556,85.68988907526288,1.01338506043586,12.879995386826725,0.32696719194081925,-19.728062624751406,-0.8125632746084135,33.067791554703064,-0.8604110866485712,-43.322328024159454,-0.01912858174625246,0.45090147201497255,-0.001441,0.5668947026011252,0.0078843,0,1.0
3860,0.10016567402800325,0.04245466659607249,0.0015493,1.6665574929518563,3.485611170112556,83.620939226533,1.01338506043586,28.056936866688076,0.32696719194081925,-99.07834000839605,-0.8125632746084135,48.50350012934039,-0.8604110866485712,-5.20639468058187,-0.01912858174625246,0.36283453964337153,-0.001441,0.8052073890929788,0.0078843,0,1.0
3861,0.6963773615822423,0.098176191912958,0.0015493,1.6665574929518563,3.485611170112556,-60.112610870645305,1.01338506043586,-0.8599365423296874,0.32696719194081925,-14.631567783648386,-0.8125632746084135,-18.195455969144678,-0.8604110866485712,60.050515000584156,-0.01912858174625246,-0.0625225866374543,-0.001441,0.061026940613782846,0.0078843,1,1.0
3862,0.08547979471663786,0.003045890801884328,0.0015493,1.6665574929518563,3.485611170112556,-34.29106034802934,1.01338506043586,2.284067243842475,0.32696719194081925,-49.2830285240013,-0.8125632746084135,58.84230218716815,-0.8604110866485712,36.50311815219325,-0.01912858174625246,-0.03191883134558573,-0.001441,0.03211685205062751,0.0078843,1,1.0
3863,0.01089830002270302,0.007455770234320993,0.0015493,1.6665574929518563,3.485611170112556,-39.910049835327,1.01338506043586,1.1237468802571537,0.32696719194081925,-59.56433796361952,-0.8125632746084135,88.01410177975664,-0.8604110866485712,39.309813995363776,-0.01912858174625246,-0.05174696584163642,-0.001441,0.0513235569601454,0.0078843,1,1.0
3864,-0.0010767383495854654,0.07725794743072309,0.0015493,1.6665574929518563,3.485611170112556,-15.61560891805908,1.01338506043586,4.286800414081016,0.32696719194081925,-59.21536555848927,-0.8125632746084135,74.8886797919585,-0.8604110866485712,27.596712706377634,-0.01912858174625246,0.08076423012865735,-0.001441,0.09529923796578171,0.0078843,0,1.0
3865,0.022959064087948317,0.0019218577691785456,0.0015493,1.6665574929518563,3.485611170112556,-16.18942430834843,1.01338506043586,1.083703173977332,0.32696719194081925,-23.8405491874639,-0.8125632746084135,31.88546821133363,-0.8604110866485712,16.30014690108952,-0.01912858174625246,-0.025258920346798705,-0.001441,0.02639975095099461,0.0078843,1,1.0
3866,0.3280380414735631,0.028590351484180154,0.0015493,1.6665574929518563,3.485611170112556,-40.82417275252964,1.01338506043586,7.612255265813708,0.32696719194081925,-61.21297784957515,-0.8125632746084135,19.853661324054087,-0.8604110866485712,56.16002922191995,-0.01912858174625246,-0.10838280326614162,-0.001441,0.10927594411326245,0.0078843,1,1.0
3867,0.0009137637387234276,0.03675740037714044,0.0015493,1.6665574929518563,3.485611170112556,60.00770172739488,1.01338506043586,20.094171213446074,0.32696719194081925,-99.38028032848915,-0.8125632746084135,96.83679043086232,-0.8604110866485712,1.4811453917256725,-0.01912858174625246,0.4112816295815596,-0.001441,0.6339869909058407,0.0078843,0,1.0
3868,0.00542927622966638,0.018744024482069358,0.0015493,1.6665574929518563,3.485611170112556,-13.728730082348747,1.01338506043586,-3.789126368737597,0.32696719194081925,-1.9424652522616488,-0.8125632746084135,30.036984558702237,-0.8604110866485712,5.606085141715741,-0.01912858174625246,-0.0901441170026011,-0.001441,0.08990622921694459,0.0078843,1,1.0
3869,0.15855866417822462,0.060912923932239474,0.0015493,1.6665574929518563,3.485611170112556,92.20300726999102,1.01338506043586,26.344876196161632,0.32696719194081925,-70.17319839952764,-0.8125632746084135,11.20091258293011,-0.8604110866485712,-17.671271656727022,-0.01912858174625246,0.367787771315945,-0.001441,0.7780128457738813,0.0078843,0,1.0
3870,0.005902923998141019,0.11466744955734064,0.0015493,1.6665574929518563,3.485611170112556,7.942108693038707,1.01338506043586,4.0272432436851995,0.32696719194081925,-25.805908051329467,-0.8125632746084135,44.37868948085816,-0.8604110866485712,1.2769365007036577,-0.01912858174625246,0.09077838147797757,-0.001441,0.1941626845573794,0.0078843,0,1.0
3871,0.06347281421154742,0.012419383605728513,0.0015493,1.6665574929518563,3.485611170112556,-25.750558154692847,1.01338506043586,-2.11753744758254,0.32696719194081925,-24.183728959902357,-0.8125632746084135,44.721678970007765,-0.8604110866485712,22.833357952692246,-0.01912858174625246,-0.056719770010014915,-0.001441,0.05814831994371377,0.0078843,1,1.0
3872,0.0016314104701495857,0.03043587308108221,0.0015493,1.6665574929518563,3.485611170112556,89.82588227669672,1.01338506043586,25.89405227327607,0.32696719194081925,-93.61368524134461,-0.8125632746084135,54.77284441878047,-0.8604110866485712,-13.196070748355792,-0.01912858174625246,0.36380037602204446,-0.001441,0.7975043469028016,0.0078843,0,1.0
3873,0.022911928815464555,0.1018964919804471,0.0015493,1.6665574929518563,3.485611170112556,61.57816268035497,1.01338506043586,11.094860898907672,0.32696719194081925,-44.12841995673401,-0.8125632746084135,79.63713037641796,-0.8604110866485712,-22.94852617735833,-0.01912858174625246,0.39968489366280363,-0.001441,0.6044955923863381,0.0078843,0,1.0
3874,0.34099231133501495,0.021113949826057438,0.0015493,1.6665574929518563,3.485611170112556,-49.35353568141261,1.01338506043586,1.216045358000953,0.32696719194081925,-43.711810437578464,-0.8125632746084135,36.66153654599508,-0.8604110866485712,52.013278233228476,-0.01912858174625246,-0.024174006987024994,-0.001441,0.025454360483926727,0.0078843,1,1.0
3875,0.014968965572675352,0.011501195349736332,0.0015493,1.6665574929518563,3.485611170112556,-40.149979759829016,1.01338506043586,0.9981813932130541,0.32696719194081925,-56.92150431360842,-0.8125632746084135,87.57696925581851,-0.8604110866485712,37.932547316331814,-0.01912858174625246,-0.0695670232393068,-0.001441,0.06864698909252814,0.0078843,1,1.0
3876,0.20411799720854185,0.07212446142172442,0.0015493,1.6665574929518563,3.485611170112556,99.98037700391168,1.01338506043586,31.604909260618147,0.32696719194081925,-80.59185932340777,-0.8125632746084135,1.8184480750394627,-0.8604110866485712,-16.560141386708462,-0.01912858174625246,0.35893191619310894,-0.001441,0.8694633062176392,0.0078843,0,1.0
3877,0.6074208232926295,0.0472481295946046,0.0015493,1.6665574929518563,3.485611170112556,-71.34883882807998,1.01338506043586,8.475883247506928,0.32696719194081925,-79.71208422261276,-0.8125632746084135,27.097074438669427,-0.8604110866485712,87.36528364037096,-0.01912858174625246,-0.09330395443896534,-0.001441,0.09370851061388326,0.0078843,1,1.0
3878,0.6109054557076607,0.16106902571936987,0.0015493,1.6665574929518563,3.485611170112556,99.57913567775002,1.01338506043586,38.476048485820314,0.32696719194081925,-92.06304366096754,-0.8125632746084135,-49.59692933474746,-0.8604110866485712,5.7315644268335495,-0.01912858174625246,0.329616867201098,-0.001441,1.0690405409002863,0.0078843,0,1.0
3879,0.00013244561660241683,0.07979144431998703,0.0015493,1.6665574929518563,3.485611170112556,74.22291724761347,1.01338506043586,10.983567845183858,0.32696719194081925,-38.79884707291509,-0.8125632746084135,66.16644774665228,-0.8604110866485712,-29.74664842846398,-0.01912858174625246,0.41533448300934533,-0.001441,0.6346836484614173,0.0078843,0,1.0
3880,0.35280691639520534,0.12283574690005127,0.0015493,1.6665574929518563,3.485611170112556,98.59339957098722,1.01338506043586,24.195577772903402,0.32696719194081925,-34.3318459217517,-0.8125632746084135,-48.508910534675856,-0.8604110866485712,-25.09584138421669,-0.01912858174625246,0.356424151847987,-0.001441,0.7794381831517783,0.0078843,0,1.0
3881,0.0009839913534118727,0.06734911670735103,0.0015493,1.6665574929518563,3.485611170112556,97.28146299489876,1.01338506043586,21.217612493276324,0.32696719194081925,-68.0849590276188,-0.8125632746084135,58.53768420592868,-0.8604110866485712,-29.318520190300593,-0.01912858174625246,0.5099122918214799,-0.001441,0.742222012047704,0.0078843,0,1.0
3882,0.015004163593526743,0.04649272595801858,0.0015493,1.6665574929518563,3.485611170112556,53.81285066839866,1.01338506043586,18.01914118161071,0.32696719194081925,-87.70135068617438,-0.8125632746084135,99.60504716425565,-0.8604110866485712,-1.7695102149690194,-0.01912858174625246,0.47182777108827073,-0.001441,0.536218584067981,0.0078843,0,1.0
3883,0.028292416824486244,0.03609753651362812,0.0015493,1.6665574929518563,3.485611170112556,63.53449854858521,1.01338506043586,22.76094132577262,0.32696719194081925,-99.2330896526679,-0.8125632746084135,85.13296546631022,-0.8604110866485712,-0.03353623863109734,-0.01912858174625246,0.40799692150804445,-0.001441,0.6479578137378613,0.0078843,0,1.0
3884,0.10225381230742575,0.020364401235680354,0.0015493,1.6665574929518563,3.485611170112556,-51.736332053872424,1.01338506043586,8.030882589744923,0.32696719194081925,-95.29622235012035,-0.8125632746084135,94.89886390972812,-0.8604110866485712,62.273767250602596,-0.01912858174625246,-0.09475664359804392,-0.001441,0.09659922647141544,0.0078843,1,1.0
3885,0.06818452823815888,0.05633607452917294,0.0015493,1.6665574929518563,3.485611170112556,5.884329381212068,1.01338506043586,7.841241887086675,0.32696719194081925,-20.965733967028484,-0.8125632746084135,-28.43662200233917,-0.8604110866485712,10.65743572358252,-0.01912858174625246,-0.1613773305996408,-0.001441,0.16283258879218113,0.0078843,1,1.0
3886,0.5578962869915137,0.04277106865231937,0.0015493,1.6665574929518563,3.485611170112556,-34.785499104248096,1.01338506043586,3.2142952880148385,0.32696719194081925,-11.272903442996537,-0.8125632746084135,-44.8466794093115,-0.8604110866485712,43.756643704044066,-0.01912858174625246,-0.04877624917334212,-0.001441,0.04862154923628472,0.0078843,1,1.0
3887,0.2319755250957651,0.03896466260643058,0.0015493,1.6665574929518563,3.485611170112556,-11.702530023753145,1.01338506043586,7.746408796735615,0.32696719194081925,-28.25123969884089,-0.8125632746084135,-24.639164020413325,-0.8604110866485712,27.14417430157103,-0.01912858174625246,-0.13588226973798453,-0.001441,0.1380394579939335,0.0078843,1,1.0
3888,0.5055217011868949,0.15006587813308725,0.0015493,1.6665574929518563,3.485611170112556,99.70153232968184,1.01338506043586,28.48211410445262,0.32696719194081925,-41.911589800575925,-0.8125632746084135,-67.55525011845154,-0.8604110866485712,-17.003921231746457,-0.01912858174625246,0.3519791343077569,-0.001441,0.8617631221889908,0.0078843,0,1.0
3889,0.39594961590693145,0.13338568441233148,0.0015493,1.6665574929518563,3.485611170112556,87.9206930361362,1.01338506043586,25.854443005042548,0.32696719194081925,-37.807238570066374,-0.8125632746084135,-42.289367632058976,-0.8604110866485712,-20.146663164803385,-0.01912858174625246,0.38370113420164625,-0.001441,0.7140510612579327,0.0078843,0,1.0
3890,0.522128926886657,0.05008831474241316,0.0015493,1.6665574929518563,3.485611170112556,-65.82576319218605,1.01338506043586,10.581357115162826,0.32696719194081925,-88.98626647420305,-0.8125632746084135,33.64533473522042,-0.8604110866485712,85.2636411733593,-0.01912858174625246,-0.1329916493093629,-0.001441,0.13453506622849642,0.0078843,1,1.0
3891,0.3175682689298769,0.10884608449910829,0.0015493,1.6665574929518563,3.485611170112556,82.47919992894516,1.01338506043586,22.144749785969534,0.32696719194081925,-41.723151008070154,-0.8125632746084135,-18.707996957310954,-0.8604110866485712,-17.879506954150816,-0.01912858174625246,0.39182739859774884,-0.001441,0.6783765934848361,0.0078843,0,1.0
3892,0.5298167711276112,0.16478662555338208,0.0015493,1.6665574929518563,3.485611170112556,66.98396920454688,1.01338506043586,23.919130318114636,0.32696719194081925,-45.12621103204432,-0.8125632746084135,-31.986096451586384,-0.8604110866485712,-2.29284227243359,-0.01912858174625246,0.4009300133323662,-0.001441,0.662929126299678,0.0078843,0,1.0
3893,0.20256398886142335,0.013137347374283076,0.0015493,1.6665574929518563,3.485611170112556,-62.64867322837033,1.01338506043586,2.76157371184926,0.32696719194081925,-79.918028832925,-0.8125632746084135,97.22713905435592,-0.8604110866485712,64.71550735618263,-0.01912858174625246,-0.057595966858251246,-0.001441,0.05777216691642913,0.0078843,1,1.0
3894,0.27920521974860696,0.05007633988201399,0.0015493,1.6665574929518563,3.485611170112556,-52.45747042591104,1.01338506043586,11.790339891426111,0.32696719194081925,-93.96265554059325,-0.8125632746084135,56.573023620447835,-0.8604110866485712,70.1031247585613,-0.01912858174625246,-0.15615666216332555,-0.001441,0.15512790937194645,0.0078843,1,1.0
3895,0.1726471054013916,0.07341711900030898,0.0015493,1.6665574929518563,3.485611170112556,99.99662255629723,1.01338506043586,22.27121572259401,0.32696719194081925,-40.06042538498375,-0.8125632746084135,-15.838158952516785,-0.8604110866485712,-31.256012887437837,-0.01912858174625246,0.3784972498936245,-0.001441,0.73894490785377,0.0078843,0,1.0
3896,0.38517315376360706,0.22951718525355716,0.0015493,1.6665574929518563,3.485611170112556,27.21270020780266,1.01338506043586,20.307037340363692,0.32696719194081925,-69.88388943841538,-0.8125632746084135,-3.697781263800124,-0.8604110866485712,25.64278954703958,-0.01912858174625246,0.12804870272715696,-0.001441,0.5157634587387965,0.0078843,0,1.0
3897,0.9921976735950113,0.2999288675657504,0.0015493,1.6665574929518563,3.485611170112556,35.10318773792503,1.01338506043586,31.090056040495565,0.32696719194081925,-88.6919753511875,-0.8125632746084135,-40.81430024654326,-0.8604110866485712,48.08636121311486,-0.01912858174625246,0.3575913756173515,-0.001441,0.8026557350456047,0.0078843,0,1.0
3898,0.8228412443973476,0.08342193718367003,0.0015493,1.6665574929518563,3.485611170112556,-75.17062231660634,1.01338506043586,8.266352032072815,0.32696719194081925,-63.47763681779854,-0.8125632746084135,-12.027915723504853,-0.8604110866485712,92.03640409135512,-0.01912858174625246,-0.09174513648720636,-0.001441,0.09179963675876182,0.0078843,1,1.0
3899,0.0012238761735254844,0.05315724560289624,0.0015493,1.6665574929518563,3.485611170112556,78.83348777610203,1.01338506043586,16.022434663839494,0.32696719194081925,-48.359194627843344,-0.8125632746084135,48.89115891172685,-0.8604110866485712,-27.396594731104987,-0.01912858174625246,0.4460140472886071,-0.001441,0.5752653568300211,0.0078843,0,1.0
3900,0.0005108055948416235,0.036290713260065256,0.0015493,1.5827871768011013,2.639678061348063,56.53109487772468,1.01338506043586,11.251211858133933,0.32696719194081925,-8.633056442989481,-0.8125632746084135,-23.26860299637106,-0.8604110866485712,-27.92842364508721,-0.01912858174625246,0.34481208580145406,-0.001441,0.9836258167657883,0.0078843,0,1.0
3901,0.07372116762017,0.030048936473987653,0.0015493,1.5827871768011013,2.639678061348063,-18.048635525562084,1.01338506043586,3.4343557016861093,0.32696719194081925,-38.72381886918586,-0.8125632746084135,29.057410859369643,-0.8604110866485712,27.132395832302596,-0.01912858174625246,-0.11466685710071294,-0.001441,0.11558830426376969,0.0078843,1,1.0
3902,0.0003756972618420562,0.04240771692156718,0.0015493,1.5827871768011013,2.639678061348063,61.51321970853136,1.01338506043586,25.206086218554947,0.32696719194081925,-92.09119505275785,-0.8125632746084135,29.29280217175138,-0.8604110866485712,1.7355161294614634,-0.01912858174625246,0.6364976884718736,-0.001441,1.7233495716247802,0.0078843,0,1.0
3903,0.0009606373330212081,0.026919703459427048,0.0015493,1.5827871768011013,2.639678061348063,31.739481281259128,1.01338506043586,10.116615035536013,0.32696719194081925,-30.015623044238335,-0.8125632746084135,8.51104076015699,-0.8604110866485712,-7.167617104890015,-0.01912858174625246,0.4374660838956801,-0.001441,0.7199015112332445,0.0078843,0,1.0
3904,2.149843018279185,1.008561582109368,0.0015493,1.5827871768011013,2.639678061348063,-71.83878093245097,1.01338506043586,6.1044128355304155,0.32696719194081925,-44.34994151646705,-0.8125632746084135,-23.871212887410096,-0.8604110866485712,99.62813599228089,-0.01912858174625246,-0.13687325186619,-0.001441,0.13626942989366006,0.0078843,1,1.0
3905,0.25510153614801667,0.03662553518617884,0.0015493,1.5827871768011013,2.639678061348063,-37.68146436432575,1.01338506043586,4.138669229481226,0.32696719194081925,-63.74364087965379,-0.8125632746084135,50.70917382458189,-0.8604110866485712,51.47997259911823,-0.01912858174625246,-0.11365823894663644,-0.001441,0.11500528324086783,0.0078843,1,1.0
3906,1.3703839140540326,0.4254551621617967,0.0015493,1.5827871768011013,2.639678061348063,-48.04030189427438,1.01338506043586,3.0097840352418963,0.32696719194081925,-26.125968007733725,-0.8125632746084135,-12.785901316714085,-0.8604110866485712,63.31300213418643,-0.01912858174625246,-0.04455803275921796,-0.001441,0.04227457661790209,0.0078843,1,1.0
3907,0.0009930526656625194,0.012377083698096755,0.0015493,1.5827871768011013,2.639678061348063,31.841102726752126,1.01338506043586,14.033545220055577,0.32696719194081925,-52.113971774474095,-0.8125632746084135,17.880740564849475,-0.8604110866485712,2.345636064916168,-0.01912858174625246,0.3458943042202469,-0.001441,0.9243057610802468,0.0078843,0,1.0
3908,0.026485441605413662,0.005092455379229068,0.0015493,1.5827871768011013,2.639678061348063,6.142947384191625,1.01338506043586,14.458510880212705,0.32696719194081925,-87.81767740634443,-0.8125632746084135,56.95613269693218,-0.8604110866485712,30.944512643278077,-0.01912858174625246,0.3606790952960067,-0.001441,0.8373129866300043,0.0078843,0,1.0
3909,1.1080819429646054,0.35755527698872946,0.0015493,1.5827871768011013,2.639678061348063,-14.449809082530635,1.01338506043586,5.269297276675943,0.32696719194081925,-0.2088966795748883,-0.8125632746084135,-48.47690440378899,-0.8604110866485712,30.775452693093907,-0.01912858174625246,-0.24841476997403156,-0.001441,0.25316696807985206,0.0078843,1,1.0
3910,0.2988585254715025,0.04061517728841041,0.0015493,1.5827871768011013,2.639678061348063,-44.79675646217726,1.01338506043586,3.0814824540859207,0.32696719194081925,-68.93223246235027,-0.8125632746084135,59.00029795768782,-0.8604110866485712,58.465495080757464,-0.01912858174625246,-0.06934851655384085,-0.001441,0.0650646265889246,0.0078843,1,1.0
3911,0.005296758322742345,0.15317278094846432,0.0015493,1.5827871768011013,2.639678061348063,74.10526423942537,1.01338506043586,15.042956838527774,0.32696719194081925,-9.362590729957251,-0.8125632746084135,-22.365378833681554,-0.8604110866485712,-40.805385684474096,-0.01912858174625246,0.8118979723540571,-0.001441,1.1791035667271683,0.0078843,0,1.0
3912,1.5018789593873791,0.48169799098689076,0.0015493,1.5827871768011013,2.639678061348063,-54.44926155314338,1.01338506043586,5.787598276489538,0.32696719194081925,-44.99665671807237,-0.8125632746084135,-7.645076396347572,-0.8604110866485712,78.02113345617471,-0.01912858174625246,-0.16167828567131684,-0.001441,0.15916054317189313,0.0078843,1,1.0
3913,1.426360380853573,0.4466798705688124,0.0015493,1.5827871768011013,2.639678061348063,-71.15841133097139,1.01338506043586,9.078468744700697,0.32696719194081925,-82.7810825973525,-0.8125632746084135,27.805634851166467,-0.8604110866485712,99.94562717631285,-0.01912858174625246,-0.27071056175844005,-0.001441,0.2610962853681516,0.0078843,1,1.0
3914,1.2467754126134278,0.791842958510407,0.0015493,1.5827871768011013,2.639678061348063,-9.478847281444445,1.01338506043586,11.788965252558366,0.32696719194081925,-15.611486579506098,-0.8125632746084135,-58.5830572139048,-0.8604110866485712,37.21976500191402,-0.01912858174625246,-0.4892231645174173,-0.001441,0.5545788230046419,0.0078843,1,1.0
3915,0.8542321027696222,0.18960598325172437,0.0015493,1.5827871768011013,2.639678061348063,-31.960784616151436,1.01338506043586,0.6378030651022882,0.32696719194081925,-14.99024154633931,-0.8125632746084135,-5.0599075851374495,-0.8604110866485712,40.1129138622908,-0.01912858174625246,-0.03628651586889624,-0.001441,0.0408486393127345,0.0078843,1,1.0
3916,0.000356283299404625,0.005772544215237309,0.0015493,1.5827871768011013,2.639678061348063,46.58582827977687,1.01338506043586,23.188116967898594,0.32696719194081925,-94.01748464612054,-0.8125632746084135,30.416046675200693,-0.8604110866485712,12.673562115118157,-0.01912858174625246,0.3045853471348199,-0.001441,1.5441508773728985,0.0078843,0,1.0
3917,1.2142123793173427,0.3430352341642271,0.0015493,1.5827871768011013,2.639678061348063,-39.05630716797668,1.01338506043586,6.3876174100259515,0.32696719194081925,-31.488382386730542,-0.8125632746084135,-14.686293728539779,-0.8604110866485712,57.263360888782934,-0.01912858174625246,-0.20314257489753584,-0.001441,0.20428407519372827,0.0078843,1,1.0
3918,0.00010812220539824224,0.02366937749683048,0.0015493,1.5827871768011013,2.639678061348063,94.97805450996898,1.01338506043586,32.27457703273841,0.32696719194081925,-90.69875876099867,-0.8125632746084135,-4.847559702279438,-0.8604110866485712,-14.366818992896237,-0.01912858174625246,0.35493439315722497,-0.001441,2.3036763555140753,0.0078843,0,1.0
3919,1.2118267666773632,0.34880195706747663,0.0015493,1.5827871768011013,2.639678061348063,-63.17960028869795,1.01338506043586,2.3118735206670116,0.32696719194081925,-57.37230609146478,-0.8125632746084135,26.049626906749275,-0.8604110866485712,82.11986749129181,-0.01912858174625246,-0.022276593854273226,-0.001441,0.029546953648832426,0.0078843,1,1.0
3920,0.020950913936746973,0.015215298082722154,0.0015493,1.5827871768011013,2.639678061348063,25.88737485195965,1.01338506043586,12.44868279742261,0.32696719194081925,-48.93833428164374,-0.8125632746084135,20.027778731584274,-0.8604110866485712,4.3962030082046155,-0.01912858174625246,0.3623735079351383,-0.001441,0.8056517780034378,0.0078843,0,1.0
3921,0.004230773235879837,0.022044226334521768,0.0015493,1.5827871768011013,2.639678061348063,17.26728202569383,1.01338506043586,8.54199014690701,0.32696719194081925,-38.01323315406007,-0.8125632746084135,24.248094115967227,-0.8604110866485712,3.4655743234547987,-0.01912858174625246,0.4576403158561749,-0.001441,0.555918853071061,0.0078843,0,1.0
3922,0.013037379779307412,0.11142966703074332,0.0015493,1.5827871768011013,2.639678061348063,16.929395480365095,1.01338506043586,7.8484645985074994,0.32696719194081925,-48.61812705884752,-0.8125632746084135,49.41916208172476,-0.8604110866485712,5.434270731006793,-0.01912858174625246,0.573503948767526,-0.001441,1.0180969382524045,0.0078843,0,1.0
3923,0.012013426710697717,0.027387342237249188,0.0015493,1.5827871768011013,2.639678061348063,48.05371468663152,1.01338506043586,11.977081338930871,0.32696719194081925,-22.58223365644403,-0.8125632746084135,-10.360088292870739,-0.8604110866485712,-17.49204560900472,-0.01912858174625246,0.3386612997226776,-0.001441,0.9599605778764131,0.0078843,0,1.0
3924,0.11452527292359416,0.06886094187255375,0.0015493,1.5827871768011013,2.639678061348063,82.50408837638503,1.01338506043586,18.26329180880058,0.32696719194081925,-18.76260774106162,-0.8125632746084135,-41.85672779389048,-0.8604110866485712,-34.30892948413558,-0.01912858174625246,0.30313695556937303,-0.001441,1.5691776008004454,0.0078843,0,1.0
3925,0.026178699194467914,0.02926161035452392,0.0015493,1.5827871768011013,2.639678061348063,24.811855472558744,1.01338506043586,7.788785619290892,0.32696719194081925,-26.800343011072435,-0.8125632746084135,11.217240026228636,-0.8604110866485712,-3.8497972012437582,-0.01912858174625246,0.4223953867769437,-0.001441,0.613508896629066,0.0078843,0,1.0
3926,0.000841733037812098,0.10292656382137674,0.0015493,1.5827871768011013,2.639678061348063,92.81455395140958,1.01338506043586,24.577250934469593,0.32696719194081925,-45.5802618251346,-0.8125632746084135,-19.42136948656035,-0.8604110866485712,-34.52604140716932,-0.01912858174625246,0.6710736022737905,-0.001441,1.8212828062097541,0.0078843,0,1.0
3927,-3.168768396677457e-05,0.03658859895371633,0.0015493,1.5827871768011013,2.639678061348063,72.1792992344869,1.01338506043586,15.68461850185565,0.32696719194081925,-17.005852761937554,-0.8125632746084135,-30.6782400635392,-0.8604110866485712,-32.36836420613833,-0.01912858174625246,0.3169787463353177,-0.001441,1.3164966566395342,0.0078843,0,1.0
3928,0.06365256749713444,0.36130255837680125,0.0015493,1.5827871768011013,2.639678061348063,-27.953881825945125,1.01338506043586,-5.955210437085131,0.32696719194081925,-7.855805351352923,-0.8125632746084135,36.51261551707505,-0.8604110866485712,17.253503616221195,-0.01912858174625246,-0.4059638938751419,-0.001441,0.4100817933161944,0.0078843,1,1.0
3929,0.0845584406540758,0.0078759129672556,0.0015493,1.5827871768011013,2.639678061348063,-19.69928237920919,1.01338506043586,1.3732487587177404,0.32696719194081925,-31.685729499233442,-0.8125632746084135,29.209434437920038,-0.8604110866485712,25.125919690202142,-0.01912858174625246,-0.04406606007623038,-0.001441,0.04551478323099873,0.0078843,1,1.0
3930,0.001194614141152961,0.038493293935783136,0.0015493,1.5827871768011013,2.639678061348063,62.841105743479076,1.01338506043586,24.985313867841423,0.32696719194081925,-84.98590212994586,-0.8125632746084135,21.44162540493976,-0.8604110866485712,-1.830706131078981,-0.01912858174625246,0.5681127971275641,-0.001441,1.6857263801216176,0.0078843,0,1.0
3931,2.5216199814881435e-06,0.017597549217712713,0.0015493,1.5827871768011013,2.639678061348063,65.6166863589268,1.01338506043586,21.611836119336786,0.32696719194081925,-58.57304629984537,-0.8125632746084135,-3.8280496447008328,-0.8604110866485712,-12.110843005399916,-0.01912858174625246,0.3054336345044669,-0.001441,1.5454773106406559,0.0078843,0,1.0
3932,2.574272686856194,1.5889528037353768,0.0015493,1.5827871768011013,2.639678061348063,-55.74456044174548,1.01338506043586,8.437573074551468,0.32696719194081925,-14.523488240995523,-0.8125632746084135,-78.89097158087289,-0.8604110866485712,87.98371244766834,-0.01912858174625246,-0.3171659814079869,-0.001441,0.3243530979002759,0.0078843,1,1.0
3933,0.009580986543455516,0.008283065221200456,0.0015493,1.5827871768011013,2.639678061348063,43.44311963682345,1.01338506043586,20.301454343292466,0.32696719194081925,-77.24946829114705,-0.8125632746084135,22.54727427114808,-0.8604110866485712,7.204454845142771,-0.01912858174625246,0.31278132803749514,-0.001441,1.3437300954050422,0.0078843,0,1.0
3934,0.011661969019169494,0.04876652891485374,0.0015493,1.5827871768011013,2.639678061348063,56.180887672658145,1.01338506043586,25.43751148633953,0.32696719194081925,-98.39200347965163,-0.8125632746084135,37.78355512730419,-0.8604110866485712,6.60961740962886,-0.01912858174625246,0.6948442456773297,-0.001441,1.6818303205722729,0.0078843,0,1.0
3935,0.477789839074066,0.10755780445457315,0.0015493,1.5827871768011013,2.639678061348063,13.280725038673728,1.01338506043586,15.914632937808003,0.32696719194081925,-64.59226368862329,-0.8125632746084135,16.645474945652428,-0.8604110866485712,25.93613349129956,-0.01912858174625246,0.3452582870740117,-0.001441,0.9311979349779762,0.0078843,0,1.0
3936,0.051376490453406976,0.04480447747471177,0.0015493,1.5827871768011013,2.639678061348063,37.955961883845575,1.01338506043586,9.572138552120027,0.32696719194081925,-13.53606033015275,-0.8125632746084135,-9.320214892206483,-0.8604110866485712,-16.353651433412136,-0.01912858174625246,0.40363497858121605,-0.001441,0.6971083777912586,0.0078843,0,1.0
3937,0.8873300477621204,0.1596400383223559,0.0015493,1.5827871768011013,2.639678061348063,-70.6221289949164,1.01338506043586,5.044301187121406,0.32696719194081925,-92.35216892810755,-0.8125632746084135,63.90007225224685,-0.8604110866485712,93.7735360895238,-0.01912858174625246,-0.08866417290675116,-0.001441,0.09137999650039347,0.0078843,1,1.0
3938,1.089781884666953,0.38367030848362915,0.0015493,1.5827871768011013,2.639678061348063,33.42771111535418,1.01338506043586,29.990186365633186,0.32696719194081925,-99.99816723193915,-0.8125632746084135,-7.680374547136003,-0.8604110866485712,42.09701979959653,-0.01912858174625246,0.30266953727803214,-0.001441,1.8154401202976556,0.0078843,0,1.0
3939,-0.0017735036999235732,0.2058232164485702,0.0015493,1.5827871768011013,2.639678061348063,99.74550714270951,1.01338506043586,29.03706943530193,0.32696719194081925,-84.35568253230062,-0.8125632746084135,16.623229638869038,-0.8604110866485712,-23.968204839698387,-0.01912858174625246,1.1505404346574648,-0.001441,2.255908555865097,0.0078843,0,1.0
3940,0.005067919556810407,0.02726458346110016,0.0015493,1.5827871768011013,2.639678061348063,19.780803851605626,1.01338506043586,7.2383229573426195,0.32696719194081925,-30.67949563083096,-0.8125632746084135,19.093384518672835,-0.8604110866485712,-0.3211138116484036,-0.01912858174625246,0.45629408425374707,-0.001441,0.5501520488388292,0.0078843,0,1.0
3941,1.5006349436973578,1.0292539135431442,0.0015493,1.5827871768011013,2.639678061348063,-29.394015250106182,1.01338506043586,13.85549286846886,0.32696719194081925,-52.60291415183102,-0.8125632746084135,-33.257441726734385,-0.8604110866485712,69.2606533628253,-0.01912858174625246,-0.48432124282112954,-0.001441,0.6638259067713504,0.0078843,1,1.0
3942,0.0001584183335134881,0.40331627809009596,0.0015493,1.5827871768011013,2.639678061348063,74.45406800182536,1.01338506043586,23.57034349766094,0.32696719194081925,-87.64974934732639,-0.8125632746084135,57.129028604822594,-0.8604110866485712,-14.198776365699525,-0.01912858174625246,1.6902736955073292,-0.001441,1.8692183884754943,0.0078843,0,1.0
3943,0.3102304630151595,0.13851170359140338,0.0015493,1.5827871768011013,2.639678061348063,0.9746272387186038,1.01338506043586,4.820687747560027,0.32696719194081925,-9.827774498878698,-0.8125632746084135,-17.67047668832348,-0.8604110866485712,10.827029902996662,-0.01912858174625246,-0.24249098344629,-0.001441,0.25864126664965054,0.0078843,1,1.0
3944,0.01358778985341158,0.24486394570356418,0.0015493,1.5827871768011013,2.639678061348063,46.18318484103924,1.01338506043586,18.148447482113074,0.32696719194081925,-81.18057813681392,-0.8125632746084135,61.630895507011935,-0.8604110866485712,0.13868027563609814,-0.01912858174625246,1.2673479555336185,-0.001441,1.4783049620948536,0.0078843,0,1.0
3945,0.0013389908494474412,0.018062913101637896,0.0015493,1.5827871768011013,2.639678061348063,55.49415446122297,1.01338506043586,17.30450262974681,0.32696719194081925,-48.083133678800905,-0.8125632746084135,-1.5001362708828923,-0.8604110866485712,-10.666102663227578,-0.01912858174625246,0.3103670592514823,-0.001441,1.3033628626096672,0.0078843,0,1.0
3946,-2.2576533859286485e-05,0.014248992495346202,0.0015493,1.5827871768011013,2.639678061348063,60.10647342268352,1.01338506043586,21.674016432237362,0.32696719194081925,-67.35902939431082,-0.8125632746084135,5.850005595775022,-0.8604110866485712,-5.527294775355922,-0.01912858174625246,0.31870232511617325,-0.001441,1.5327045235142203,0.0078843,0,1.0
3947,0.045984866563661964,0.022231811854195687,0.0015493,1.5827871768011013,2.639678061348063,72.96159456350166,1.01338506043586,25.204187765899274,0.32696719194081925,-70.85287874051693,-0.8125632746084135,-4.526006440899782,-0.8604110866485712,-9.738569744269679,-0.01912858174625246,0.29015028819547817,-0.001441,1.7970386385550303,0.0078843,0,1.0
3948,0.0001766028137714093,0.02902127980326086,0.0015493,1.5827871768011013,2.639678061348063,32.75858694776768,1.01338506043586,8.654814077509132,0.32696719194081925,-20.330498965656307,-0.8125632746084135,1.3386223958439334,-0.8604110866485712,-11.28136518126121,-0.01912858174625246,0.3964539798698603,-0.001441,0.6661501290667049,0.0078843,0,1.0
3949,0.11549515788783138,0.037381668772365706,0.0015493,1.5827871768011013,2.639678061348063,97.54393976335126,1.01338506043586,33.94726135768226,0.32696719194081925,-92.01066808574487,-0.8125632746084135,-13.37925674894704,-0.8604110866485712,-12.510166044148297,-0.01912858174625246,0.29123351457808755,-0.001441,2.412928990299937,0.0078843,0,1.0
3950,-0.010928364759262843,0.16624130599870499,0.0015493,1.5827871768011013,2.639678061348063,45.04409858884341,1.01338506043586,17.837287385602025,0.32696719194081925,-75.60850583309315,-0.8125632746084135,49.993280422505,-0.8604110866485712,-0.172686126272652,-0.01912858174625246,1.1686187481564787,-0.001441,1.2320282078110132,0.0078843,0,1.0
3951,-0.0544301163971288,0.40261940968513876,0.0015493,1.5827871768011013,2.639678061348063,68.91267109871418,1.01338506043586,16.492555788342347,0.32696719194081925,-49.44808649530906,-0.8125632746084135,32.909606738518264,-0.8604110866485712,-26.067119225301457,-0.01912858174625246,1.2746588498093707,-0.001441,1.6053365639350592,0.0078843,0,1.0
3952,0.16577661200860194,0.03153450694179855,0.0015493,1.5827871768011013,2.639678061348063,-24.285680181831793,1.01338506043586,3.653849225554085,0.32696719194081925,-46.39304845036271,-0.8125632746084135,33.95409703195923,-0.8604110866485712,35.728044721243066,-0.01912858174625246,-0.10990482631908075,-0.001441,0.11330328386032343,0.0078843,1,1.0
3953,-0.007026141379844031,0.06608801261909286,0.0015493,1.5827871768011013,2.639678061348063,67.55284635186656,1.01338506043586,26.241347210152426,0.32696719194081925,-99.878874592692,-0.8125632746084135,31.936888915817633,-0.8604110866485712,2.6612112727052435,-0.01912858174625246,0.647944021107161,-0.001441,1.9164470821533774,0.0078843,0,1.0
3954,0.011007738303288495,0.04345060424590738,0.0015493,1.5827871768011013,2.639678061348063,63.36619409758155,1.01338506043586,12.422709964480578,0.32696719194081925,-3.7695431920620086,-0.8125632746084135,-32.70205365913871,-0.8604110866485712,-33.557430503223344,-0.01912858174625246,0.3329158717013081,-0.001441,1.0439810450035694,0.0078843,0,1.0
3955,0.004412651881779972,0.03354520436830896,0.0015493,1.5827871768011013,2.639678061348063,96.0908066952015,1.01338506043586,25.92279768287416,0.32696719194081925,-55.76975031607389,-0.8125632746084135,-25.92049080456004,-0.8604110866485712,-27.93044806299367,-0.01912858174625246,0.29057352726481545,-0.001441,2.0667298670042498,0.0078843,0,1.0
3956,0.43908234671302093,0.14967745894738813,0.0015493,1.5827871768011013,2.639678061348063,75.08673247643736,1.01338506043586,26.85975192730762,0.32696719194081925,-53.44126430499586,-0.8125632746084135,-35.47459180902435,-0.8604110866485712,-11.612528633553644,-0.01912858174625246,0.2958368527058096,-0.001441,1.8167392762949555,0.0078843,0,1.0
3957,0.43568837121268833,0.09439785129338445,0.0015493,1.5827871768011013,2.639678061348063,16.15788500067167,1.01338506043586,15.542328956136318,0.32696719194081925,-65.64946974392255,-0.8125632746084135,17.658660809214826,-0.8604110866485712,24.90663965838126,-0.01912858174625246,0.34983922613913987,-0.001441,0.9690439687631343,0.0078843,0,1.0
3958,0.005015066747191099,0.018224079679211046,0.0015493,1.5827871768011013,2.639678061348063,41.316249058311755,1.01338506043586,13.891001367032434,0.32696719194081925,-39.63059940239388,-0.8125632746084135,3.4860032371312615,-0.8604110866485712,-7.501683925005303,-0.01912858174625246,0.33672615903408876,-0.001441,0.9753332532330522,0.0078843,0,1.0
3959,0.0054203127029544,0.13864089424370665,0.0015493,1.5827871768011013,2.639678061348063,51.38144533171089,1.01338506043586,11.789982453721667,0.32696719194081925,-28.069871243034104,-0.8125632746084135,11.082991127433438,-0.8604110866485712,-21.025633058600175,-0.01912858174625246,0.8663291336085908,-0.001441,1.06071235988793,0.0078843,0,1.0
3960,-0.011048100011295636,0.34102945044463356,0.0015493,1.5827871768011013,2.639678061348063,57.038814438336594,1.01338506043586,14.651098995673875,0.32696719194081925,-62.3760707492429,-0.8125632746084135,49.72208482379129,-0.8604110866485712,-12.30443550370209,-0.01912858174625246,1.158323033650221,-0.001441,1.7069231092045443,0.0078843,0,1.0
3961,0.968917465113075,0.363242559461077,0.0015493,1.5827871768011013,2.639678061348063,38.85437219090508,1.01338506043586,27.41832876964419,0.32696719194081925,-98.80081599370742,-0.8125632746084135,-2.907132344377488,-0.8604110866485712,38.54545797368226,-0.01912858174625246,0.3340602057162936,-0.001441,1.8792429814530698,0.0078843,0,1.0
3962,0.0011290120488767208,0.020151731008408495,0.0015493,1.5827871768011013,2.639678061348063,49.10397537749403,1.01338506043586,14.229863709664293,0.32696719194081925,-36.3001432531394,-0.8125632746084135,-3.2451814300779893,-0.8604110866485712,-12.386683540504253,-0.01912858174625246,0.3241112515299669,-0.001441,1.092935937254385,0.0078843,0,1.0
3963,0.0014328751772131332,0.016103465154656056,0.0015493,1.5827871768011013,2.639678061348063,20.799996971611044,1.01338506043586,10.967355714843197,0.32696719194081925,-46.061577835260536,-0.8125632746084135,24.033264226862624,-0.8604110866485712,5.0200548061563355,-0.01912858174625246,0.3939640049201185,-0.001441,0.6883406535399166,0.0078843,0,1.0
3964,0.0004537898519292316,0.039728886562274766,0.0015493,1.5827871768011013,2.639678061348063,53.72839594047275,1.01338506043586,9.96006211338035,0.32696719194081925,-6.7751070349708336,-0.8125632746084135,-20.900929745755402,-0.8604110866485712,-27.108855798486168,-0.01912858174625246,0.3582109613425715,-0.001441,0.9396481281042266,0.0078843,0,1.0
3965,0.5707819036421928,0.3325167459050755,0.0015493,1.5827871768011013,2.639678061348063,-52.337324551412685,1.01338506043586,-3.248107671535166,0.32696719194081925,-38.797080704607204,-0.8125632746084135,46.34376152997426,-0.8604110866485712,54.16288655342311,-0.01912858174625246,-0.300476810462351,-0.001441,0.30888226824495413,0.0078843,1,1.0
3966,0.9099206470115206,0.18427481607597887,0.0015493,1.5827871768011013,2.639678061348063,-70.32652449600465,1.01338506043586,5.971810374938293,0.32696719194081925,-97.4053082901651,-0.8125632746084135,63.22884872296786,-0.8604110866485712,96.92367319040723,-0.01912858174625246,-0.13091116581174295,-0.001441,0.1278181855533908,0.0078843,1,1.0
3967,0.3380646377133183,0.0713291647488058,0.0015493,1.5827871768011013,2.639678061348063,-17.035097913517887,1.01338506043586,-0.7552222209919701,0.32696719194081925,-4.097324500690339,-0.8125632746084135,3.229696389933966,-0.8604110866485712,16.299941162149636,-0.01912858174625246,-0.12834722616017785,-0.001441,0.12860324251026534,0.0078843,1,1.0
3968,0.319130874479985,0.05659139546497089,0.0015493,1.5827871768011013,2.639678061348063,-10.955848434887326,1.01338506043586,13.786409473728087,0.32696719194081925,-99.9546314462463,-0.8125632746084135,64.42283856966804,-0.8604110866485712,51.509397199126184,-0.01912858174625246,0.38216490188782615,-0.001441,0.7862877996217188,0.0078843,0,1.0
3969,0.2542243166472047,0.047063996868844105,0.0015493,1.5827871768011013,2.639678061348063,-11.099764485924162,1.01338506043586,10.740674193304475,0.32696719194081925,-81.8466556098419,-0.8125632746084135,58.76770095371368,-0.8604110866485712,42.02537150324593,-0.01912858174625246,0.43106883436437293,-0.001441,0.5991635127702484,0.0078843,0,1.0
3970,0.6481626116283445,0.3060434304490086,0.0015493,1.5827871768011013,2.639678061348063,43.77919038129773,1.01338506043586,16.446628167185445,0.32696719194081925,-10.184656475450394,-0.8125632746084135,-46.51703267853416,-0.8604110866485712,-10.811832354685976,-0.01912858174625246,0.32880880378476196,-0.001441,1.0147890691632009,0.0078843,0,1.0
3971,0.010591712915026807,0.26205197459481,0.0015493,1.5827871768011013,2.639678061348063,35.37412830955124,1.01338506043586,4.295739779382361,0.32696719194081925,-0.041742750921235826,-0.8125632746084135,16.83564002512995,-0.8604110866485712,-27.32661007575291,-0.01912858174625246,0.3944645880323531,-0.001441,1.3124585038447227,0.0078843,0,1.0
3972,0.4313817659776904,0.10485742480929261,0.0015493,1.5827871768011013,2.639678061348063,-56.32722478115663,1.01338506043586,6.2101964681813016,0.32696719194081925,-96.9909981150457,-0.8125632746084135,75.33513808953525,-0.8604110866485712,79.09480275298165,-0.01912858174625246,-0.11846397938189385,-0.001441,0.17053241522539414,0.0078843,1,1.0
3973,-0.003636630305831723,0.29257864830666064,0.0015493,1.5827871768011013,2.639678061348063,93.76398539309335,1.01338506043586,24.82895585465322,0.32696719194081925,-76.70744516814945,-0.8125632746084135,24.975451158457048,-0.8604110866485712,-24.283330894031685,-0.01912858174625246,1.2865714098981096,-0.001441,2.1538444731016932,0.0078843,0,1.0
3974,0.010582573663457273,0.006768968426323854,0.0015493,1.5827871768011013,2.639678061348063,21.443543253098937,1.01338506043586,15.269317273627344,0.32696719194081925,-74.37157673824862,-0.8125632746084135,38.228560452985256,-0.8604110866485712,17.320520680431805,-0.01912858174625246,0.350726238741242,-0.001441,0.9563957566656265,0.0078843,0,1.0
3975,0.05099758774028684,0.0057965014455384125,0.0015493,1.5827871768011013,2.639678061348063,-6.99038390062471,1.01338506043586,1.4995148423946778,0.32696719194081925,-14.565559626345777,-0.8125632746084135,9.739610151096565,-0.8604110866485712,10.73009362977716,-0.01912858174625246,-0.051656699777306865,-0.001441,0.05225418790464737,0.0078843,1,1.0
3976,0.01914009970152697,0.019333424513609258,0.0015493,1.5827871768011013,2.639678061348063,-16.95449479567299,1.01338506043586,10.936313959355848,0.32696719194081925,-99.99534648947578,-0.8125632746084135,91.67987651056173,-0.8604110866485712,45.700326395470924,-0.01912858174625246,0.43022705878307577,-0.001441,0.7697807951160386,0.0078843,0,1.0
3977,1.009774510552401,0.40621385772715524,0.0015493,1.5827871768011013,2.639678061348063,49.60837359555717,1.01338506043586,27.576050489981224,0.32696719194081925,-81.68915090595574,-0.8125632746084135,-24.398405673481115,-0.8604110866485712,26.726952587748332,-0.01912858174625246,0.28277665572780575,-0.001441,1.9261969536448145,0.0078843,0,1.0
3978,0.001563513213276524,0.05257639322269556,0.0015493,1.5827871768011013,2.639678061348063,51.61956773900962,1.01338506043586,16.70938964167267,0.32696719194081925,-54.258196347120055,-0.8125632746084135,15.048668657726434,-0.8604110866485712,-8.110888190407218,-0.01912858174625246,0.6163106289276719,-0.001441,1.2529217060718747,0.0078843,0,1.0
3979,0.013911428139467663,0.014388239343850823,0.0015493,1.5827871768011013,2.639678061348063,88.29033839947337,1.01338506043586,32.61247960627807,0.32696719194081925,-98.48826612025482,-0.8125632746084135,1.2155564937701606,-0.8604110866485712,-7.059360158912029,-0.01912858174625246,0.2837852664720767,-0.001441,2.2728714536103336,0.0078843,0,1.0
3980,0.9328071292468858,0.38996251103528246,0.0015493,1.5827871768011013,2.639678061348063,23.1684996384385,1.01338506043586,14.405743452686178,0.32696719194081925,-22.408697991514735,-0.8125632746084135,-36.46323416441429,-0.8604110866485712,12.34335584572571,-0.01912858174625246,0.3336860044169858,-0.001441,0.9010847967811386,0.0078843,0,1.0
3981,0.006692631457373643,0.012585093804191937,0.0015493,1.5827871768011013,2.639678061348063,65.58012915917227,1.01338506043586,25.942801941603275,0.32696719194081925,-82.8287125391946,-0.8125632746084135,8.808932616121613,-0.8604110866485712,-2.230560697131029,-0.01912858174625246,0.2921649793868353,-0.001441,1.752213028268684,0.0078843,0,1.0
3982,0.0006245856291926533,0.00855767242954406,0.0015493,1.5827871768011013,2.639678061348063,3.744061682622422,1.01338506043586,10.777014613531877,0.32696719194081925,-69.3204455597091,-0.8125632746084135,51.62963422794639,-0.8604110866485712,23.501178187233464,-0.01912858174625246,0.4168541194581755,-0.001441,0.6321607057826365,0.0078843,0,1.0
3983,0.006295590300865683,0.0900352982797829,0.0015493,1.5827871768011013,2.639678061348063,79.6221235210247,1.01338506043586,23.49463812049805,0.32696719194081925,-62.398783118052215,-0.8125632746084135,3.0479173901876693,-0.8604110866485712,-20.23531924549821,-0.01912858174625246,0.7381679350185536,-0.001441,1.7655369571552906,0.0078843,0,1.0
3984,0.3095686668729194,0.02362136736743296,0.0015493,1.5827871768011013,2.639678061348063,-23.603872034359703,1.01338506043586,2.4987288453669416,0.32696719194081925,-33.075476977144504,-0.8125632746084135,21.111781527520098,-0.8604110866485712,32.313056983538424,-0.01912858174625246,-0.06156474522920573,-0.001441,0.06766238558039715,0.0078843,1,1.0
3985,0.09971912974833697,0.06712064030839975,0.0015493,1.5827871768011013,2.639678061348063,3.216416400602417,1.01338506043586,5.835599796813814,0.32696719194081925,-47.800472748045465,-0.8125632746084135,43.2043915587154,-0.8604110866485712,17.034616512266084,-0.01912858174625246,0.41916188218602735,-0.001441,0.6626523441524957,0.0078843,0,1.0
3986,1.552842371900498,0.7084219710118672,0.0015493,1.5827871768011013,2.639678061348063,8.190652050437242,1.01338506043586,26.153303049250233,0.32696719194081925,-93.28228450218552,-0.8125632746084135,-13.829210816177945,-0.8604110866485712,62.344845151177125,-0.01912858174625246,0.29675162235373953,-0.001441,1.543877742327854,0.0078843,0,1.0
3987,0.013133739758731444,0.007707493463007456,0.0015493,1.5827871768011013,2.639678061348063,60.868286712940275,1.01338506043586,26.767381871697644,0.32696719194081925,-96.66159214398077,-0.8125632746084135,20.329454462010602,-0.8604110866485712,6.487643142244652,-0.01912858174625246,0.2907198367290251,-0.001441,1.8057160727730108,0.0078843,0,1.0
3988,0.21099221073159447,0.09731361354229984,0.0015493,1.5827871768011013,2.639678061348063,85.13906987100728,1.01338506043586,19.799571900428028,0.32696719194081925,-16.88927624820895,-0.8125632746084135,-50.468381525547976,-0.8604110866485712,-35.03139816183339,-0.01912858174625246,0.30189589148394025,-0.001441,1.6136407156051462,0.0078843,0,1.0
3989,0.004752131076982025,0.015744907164618193,0.0015493,1.5827871768011013,2.639678061348063,70.22321853170047,1.01338506043586,24.123337960883216,0.32696719194081925,-68.61465297284211,-0.8125632746084135,-1.9776377538888612,-0.8604110866485712,-10.142141181647645,-0.01912858174625246,0.29299094424786165,-0.001441,1.7130899510581337,0.0078843,0,1.0
3990,2.1202356159151226,1.1016999520100457,0.0015493,1.5827871768011013,2.639678061348063,-61.64830953154922,1.01338506043586,11.347268032643361,0.32696719194081925,-55.96847831407437,-0.8125632746084135,-33.31490544635386,-0.8604110866485712,99.56226070578597,-0.01912858174625246,-0.4175955680417009,-0.001441,0.42290563284723354,0.0078843,1,1.0
3991,0.6695782539800681,0.25814261492884616,0.0015493,1.5827871768011013,2.639678061348063,55.528228145803645,1.01338506043586,18.032966422097743,0.32696719194081925,-20.577137232203597,-0.8125632746084135,-48.664163927832085,-0.8604110866485712,-9.521812995527437,-0.01912858174625246,0.3111553547875191,-0.001441,1.3256093997887533,0.0078843,0,1.0
3992,0.03778388667693833,0.03918244116272586,0.0015493,1.5827871768011013,2.639678061348063,31.62678352770888,1.01338506043586,8.107338163926125,0.32696719194081925,-14.944626336966158,-0.8125632746084135,-2.141360155422669,-0.8604110866485712,-12.670712747241318,-0.01912858174625246,0.42841022865537703,-0.001441,0.6019262099190252,0.0078843,0,1.0
3993,-0.0024925586298107927,0.19172700665736095,0.0015493,1.5827871768011013,2.639678061348063,84.45875373097752,1.01338506043586,15.513469728596617,0.32696719194081925,-28.891922820952164,-0.8125632746084135,-11.102670548241903,-0.8604110866485712,-34.73965914362641,-0.01912858174625246,0.6957216858070584,-0.001441,1.7609756751516534,0.0078843,0,1.0
3994,1.4389205589516036,0.798919881718654,0.0015493,1.5827871768011013,2.639678061348063,-42.47683536606418,1.01338506043586,14.906750511567322,0.32696719194081925,-87.817878685379,-0.8125632746084135,13.284369310713899,-0.8604110866485712,87.1093542945053,-0.01912858174625246,-0.08613514447857151,-0.001441,0.6918407530733636,0.0078843,1,1.0
3995,0.06459134355371869,0.01833946861859266,0.0015493,1.5827871768011013,2.639678061348063,-27.77443697999502,1.01338506043586,0.959594450534083,0.32696719194081925,-43.20571036180535,-0.8125632746084135,44.319981675891015,-0.8604110866485712,33.78693196346561,-0.01912858174625246,-0.06189254703744736,-0.001441,0.06325416698301599,0.0078843,1,1.0
3996,0.7767635214102067,0.20977716812346878,0.0015493,1.5827871768011013,2.639678061348063,19.10657713600981,1.01338506043586,21.607376431392776,0.32696719194081925,-84.34688184326589,-0.8125632746084135,9.186979141314776,-0.8604110866485712,37.851805705843525,-0.01912858174625246,0.31070031237617224,-0.001441,1.3242721562027737,0.0078843,0,1.0
3997,0.16581315353554593,0.050167036746684886,0.0015493,1.5827871768011013,2.639678061348063,-50.59457267400964,1.01338506043586,3.2220422308166765,0.32696719194081925,-85.05963009876598,-0.8125632746084135,79.43398834927324,-0.8604110866485712,65.7287797523218,-0.01912858174625246,-0.06402214491906208,-0.001441,0.06963280035113914,0.0078843,1,1.0
3998,1.0513509019877767,0.22918316608721745,0.0015493,1.5827871768011013,2.639678061348063,-52.951969259335144,1.01338506043586,6.301138377745338,0.32696719194081925,-60.882075042337476,-0.8125632746084135,21.47659925727103,-0.8604110866485712,74.0005344281761,-0.01912858174625246,-0.1759967557133658,-0.001441,0.17445715627420785,0.0078843,1,1.0
3999,0.007321058191535723,0.004576936329859532,0.0015493,1.5827871768011013,2.639678061348063,3.101634409727223,1.01338506043586,13.865365150048303,0.32696719194081925,-87.97578925198299,-0.8125632746084135,61.381528196364066,-0.8604110866485712,31.710687444954697,-0.01912858174625246,0.38966346238419114,-0.001441,0.7875861011359885,0.0078843,0,1.0
4000,0.00862064969373122,0.05793275566412601,0.0015493,1.6458958588694845,2.9575606284736997,60.498043978019986,1.01338506043586,11.073940173104019,0.32696719194081925,-21.055442967217854,-0.8125632746084135,1.403162861339983,-0.8604110866485712,-25.4975933324031,-0.01912858174625246,0.4704207712354759,-0.001441,0.7322534492985183,0.0078843,0,1.0
4001,0.02388526618575365,0.04344239446818158,0.0015493,1.6458958588694845,2.9575606284736997,-46.0294219933768,1.01338506043586,5.311152883480754,0.32696719194081925,-92.02796964477598,-0.8125632746084135,89.33082145462686,-0.8604110866485712,60.922387780872604,-0.01912858174625246,-0.09603817633682056,-0.001441,0.09958637428514518,0.0078843,1,1.0
4002,0.0023228600928490994,0.0635880035803015,0.0015493,1.6458958588694845,2.9575606284736997,26.411172002954324,1.01338506043586,8.929540637277206,0.32696719194081925,-42.04479469973297,-0.8125632746084135,48.32790386859062,-0.8604110866485712,-3.7145582224135847,-0.01912858174625246,0.40345445078343667,-0.001441,0.6535771813322305,0.0078843,0,1.0
4003,0.03814986896307515,0.03200545490923088,0.0015493,1.6458958588694845,2.9575606284736997,28.65370134899538,1.01338506043586,13.344371230092644,0.32696719194081925,-60.107510432229496,-0.8125632746084135,42.39311564654122,-0.8604110866485712,5.511405208365536,-0.01912858174625246,0.4436215588699178,-0.001441,0.5852353778637905,0.0078843,0,1.0
4004,-0.0004641733842453144,0.03536180434786351,0.0015493,1.6458958588694845,2.9575606284736997,48.855449970901155,1.01338506043586,12.761297005118333,0.32696719194081925,-38.90406322135628,-0.8125632746084135,16.43713055800592,-0.8604110866485712,-12.944885282077838,-0.01912858174625246,0.439683395457321,-0.001441,0.6667729753694701,0.0078843,0,1.0
4005,0.0013641029796650495,0.36776762696410736,0.0015493,1.6458958588694845,2.9575606284736997,72.79227403303688,1.01338506043586,14.594945915309552,0.32696719194081925,-61.956291418052125,-0.8125632746084135,84.58020767642813,-0.8604110866485712,-26.001322564040315,-0.01912858174625246,0.8610494367825157,-0.001441,1.541550619197708,0.0078843,0,1.0
4006,0.22542191732417605,0.09091683503421251,0.0015493,1.6458958588694845,2.9575606284736997,94.13405434287917,1.01338506043586,20.441392666155874,0.32696719194081925,-14.68313838457774,-0.8125632746084135,-58.97368406190981,-0.8604110866485712,-37.58515616580699,-0.01912858174625246,0.3231016965198053,-0.001441,1.0978134182679256,0.0078843,0,1.0
4007,0.5710554375589941,0.06857818188703227,0.0015493,1.6458958588694845,2.9575606284736997,-65.7868303490121,1.01338506043586,6.67386431924597,0.32696719194081925,-93.74465767583702,-0.8125632746084135,65.09168563115256,-0.8604110866485712,86.15851960225825,-0.01912858174625246,-0.1185430743098063,-0.001441,0.11660750801604007,0.0078843,1,1.0
4008,0.008199632891487063,0.013992067723544584,0.0015493,1.6458958588694845,2.9575606284736997,50.19921299313428,1.01338506043586,22.089813337280432,0.32696719194081925,-95.75861304634623,-0.8125632746084135,43.83767763022951,-0.8604110866485712,10.661227519093611,-0.01912858174625246,0.32999411485271424,-0.001441,1.0233502583353333,0.0078843,0,1.0
4009,0.003504365588166025,0.03214275430038979,0.0015493,1.6458958588694845,2.9575606284736997,57.22727367664933,1.01338506043586,13.993580368094772,0.32696719194081925,-33.10032345017614,-0.8125632746084135,2.053301790823672,-0.8604110866485712,-18.87728281406019,-0.01912858174625246,0.3903374575109441,-0.001441,0.7238947940714824,0.0078843,0,1.0
4010,0.0011386494490106536,0.162199832585141,0.0015493,1.6458958588694845,2.9575606284736997,22.375333328426073,1.01338506043586,3.8654880934268627,0.32696719194081925,-45.13801247502782,-0.8125632746084135,81.52339737723103,-0.8604110866485712,-1.7558782230884533,-0.01912858174625246,0.3301423740479304,-0.001441,1.042473174448961,0.0078843,0,1.0
4011,0.001204737073121187,0.03632275209337443,0.0015493,1.6458958588694845,2.9575606284736997,54.72813121965879,1.01338506043586,20.674839509737634,0.32696719194081925,-86.65704367950369,-0.8125632746084135,47.52708119462494,-0.8604110866485712,2.4905818821953716,-0.01912858174625246,0.5213479123851155,-0.001441,0.9851170016581186,0.0078843,0,1.0
4012,1.0557472202074567,0.4462850377905043,0.0015493,1.6458958588694845,2.9575606284736997,88.8525284547887,1.01338506043586,34.304363385943326,0.32696719194081925,-46.1131410901113,-0.8125632746084135,-99.88840659535451,-0.8604110866485712,-2.421626184344607,-0.01912858174625246,0.2941073609271255,-0.001441,1.5127355152869075,0.0078843,0,1.0
4013,0.12296907744538332,0.059670451244793,0.0015493,1.6458958588694845,2.9575606284736997,45.38696931764574,1.01338506043586,14.184641385459601,0.32696719194081925,-36.58998759789932,-0.8125632746084135,4.1266182305574235,-0.8604110866485712,-9.359468938359216,-0.01912858174625246,0.39601207847499814,-0.001441,0.654896059486461,0.0078843,0,1.0
4014,-0.0021794076538534934,0.04534459621368399,0.0015493,1.6458958588694845,2.9575606284736997,70.54128768326007,1.01338506043586,21.287457198544267,0.32696719194081925,-61.44949027794212,-0.8125632746084135,13.128303666568046,-0.8604110866485712,-15.62229195362049,-0.01912858174625246,0.4538503155639927,-0.001441,0.9998472756830389,0.0078843,0,1.0
4015,0.03539674081348737,0.1193410636782378,0.0015493,1.6458958588694845,2.9575606284736997,-13.023693547234734,1.01338506043586,1.3362622474218104,0.32696719194081925,-32.041718100801766,-0.8125632746084135,43.31011159430975,-0.8604110866485712,17.924001790266562,-0.01912858174625246,0.03128488525011941,-0.001441,0.221212535362664,0.0078843,0,1.0
4016,0.10587032996771692,0.004080557796663005,0.0015493,1.6458958588694845,2.9575606284736997,-23.915876750725314,1.01338506043586,1.6611683422318446,0.32696719194081925,-36.08350368717756,-0.8125632746084135,34.49152098898263,-0.8604110866485712,29.061435359962022,-0.01912858174625246,-0.024560786478329488,-0.001441,0.024822866404330013,0.0078843,1,1.0
4017,0.7485560895908443,0.2327623957570094,0.0015493,1.6458958588694845,2.9575606284736997,42.001929043859015,1.01338506043586,23.242132849769725,0.32696719194081925,-61.8886516377791,-0.8125632746084135,-26.8465395423203,-0.8604110866485712,19.812017041108284,-0.01912858174625246,0.3223030004535385,-0.001441,1.0147756865753121,0.0078843,0,1.0
4018,0.0022034951594473995,0.025955569919129493,0.0015493,1.6458958588694845,2.9575606284736997,78.28209002018428,1.01338506043586,24.12387268367022,0.32696719194081925,-71.18851027030466,-0.8125632746084135,7.627934448659202,-0.8604110866485712,-13.876196822213261,-0.01912858174625246,0.3613414637044891,-0.001441,1.158271172263652,0.0078843,0,1.0
4019,0.19783570763026276,0.01080203716139038,0.0015493,1.6458958588694845,2.9575606284736997,-22.31983419486041,1.01338506043586,3.1725648387489453,0.32696719194081925,-34.385671064026944,-0.8125632746084135,22.059000971139927,-0.8604110866485712,30.126462277534664,-0.01912858174625246,-0.06467681806598834,-0.001441,0.06494206333185869,0.0078843,1,1.0
4020,0.00766488150624095,0.012144119906605211,0.0015493,1.6458958588694845,2.9575606284736997,-15.441317556794477,1.01338506043586,2.721402718674157,0.32696719194081925,-33.584460993103406,-0.8125632746084135,30.102501565900283,-0.8604110866485712,21.266126538382935,-0.01912858174625246,-0.06162612330242386,-0.001441,0.059887116819786555,0.0078843,1,1.0
4021,1.3146382602622988,0.40384091449062803,0.0015493,1.6458958588694845,2.9575606284736997,-67.24624772370403,1.01338506043586,0.6556001760616942,0.32696719194081925,-19.42427752945697,-0.8125632746084135,-24.089526992917072,-0.8604110866485712,75.61174270496618,-0.01912858174625246,-0.08162690345115539,-0.001441,0.06022562992132932,0.0078843,1,1.0
4022,0.03318777852724617,0.021219340281269795,0.0015493,1.6458958588694845,2.9575606284736997,-38.60688237078947,1.01338506043586,0.8393837017656076,0.32696719194081925,-55.66870604015405,-0.8125632746084135,69.1533840364535,-0.8604110866485712,41.19391950355911,-0.01912858174625246,-0.08970192819030609,-0.001441,0.09032207921229743,0.0078843,1,1.0
4023,0.2220301592459697,0.07672195601579006,0.0015493,1.6458958588694845,2.9575606284736997,93.7779958799642,1.01338506043586,24.165874052623803,0.32696719194081925,-39.24749084633947,-0.8125632746084135,-43.48259207079577,-0.8604110866485712,-27.64478196888315,-0.01912858174625246,0.31513350750971597,-0.001441,1.2313518726926944,0.0078843,0,1.0
4024,0.4583217463953139,0.04052433007517471,0.0015493,1.6458958588694845,2.9575606284736997,-43.652340267876376,1.01338506043586,2.667485201533317,0.32696719194081925,-45.989533986825684,-0.8125632746084135,31.675698787889317,-0.8604110866485712,51.673317545587274,-0.01912858174625246,-0.05235729966650539,-0.001441,0.04932475606647803,0.0078843,1,1.0
4025,0.006193207425526093,0.07279732913004769,0.0015493,1.6458958588694845,2.9575606284736997,-24.069779787727796,1.01338506043586,-3.8307981910738826,0.32696719194081925,-14.771243977759092,-0.8125632746084135,40.94145281189218,-0.8604110866485712,16.425034417867064,-0.01912858174625246,-0.18285371920850207,-0.001441,0.18280185396221166,0.0078843,1,1.0
4026,-0.008309147334714717,0.35547452416718756,0.0015493,1.6458958588694845,2.9575606284736997,42.70929521591814,1.01338506043586,6.922317459041891,0.32696719194081925,-32.08655965475225,-0.8125632746084135,83.32823559909811,-0.8604110866485712,-25.099231609793204,-0.01912858174625246,0.3803170326367127,-0.001441,1.468014932000245,0.0078843,0,1.0
4027,0.5616188986438548,0.21527382702533243,0.0015493,1.6458958588694845,2.9575606284736997,98.93416338292099,1.01338506043586,24.227206920682924,0.32696719194081925,-8.203377322412571,-0.8125632746084135,-92.76707932538645,-0.8604110866485712,-34.23088935371134,-0.01912858174625246,0.3198372373755152,-0.001441,1.2251255314580554,0.0078843,0,1.0
4028,0.4004233560578191,0.22527269278891587,0.0015493,1.6458958588694845,2.9575606284736997,-38.67872859029345,1.01338506043586,-6.790361791002431,0.32696719194081925,-5.78871472968056,-0.8125632746084135,23.475323353505694,-0.8604110866485712,31.99316066537556,-0.01912858174625246,-0.2493500554712016,-0.001441,0.2516650466408751,0.0078843,1,1.0
4029,0.6844749825635814,0.24441017041950547,0.0015493,1.6458958588694845,2.9575606284736997,88.9288043580299,1.01338506043586,30.512070095578665,0.32696719194081925,-45.46123157467663,-0.8125632746084135,-72.37929455587151,-0.8604110866485712,-12.390120105381886,-0.01912858174625246,0.3071871274373401,-0.001441,1.3693754893432788,0.0078843,0,1.0
4030,0.12264057469906793,0.005212385573631079,0.0015493,1.6458958588694845,2.9575606284736997,-19.466672411320168,1.01338506043586,0.963205339373526,0.32696719194081925,-27.019930409537295,-0.8125632746084135,24.145880788028993,-0.8604110866485712,24.073635359334272,-0.01912858174625246,-0.006644066460212235,-0.001441,0.007865376873261264,0.0078843,1,1.0
4031,0.15231797700880012,0.05186238893088897,0.0015493,1.6458958588694845,2.9575606284736997,50.03200510294761,1.01338506043586,16.42795044556975,0.32696719194081925,-45.208802032167576,-0.8125632746084135,2.602345706321551,-0.8604110866485712,-6.838750516667689,-0.01912858174625246,0.3714264378254836,-0.001441,0.7696964713330223,0.0078843,0,1.0
4032,0.00910960281235651,0.03209824989363801,0.0015493,1.6458958588694845,2.9575606284736997,37.18159330739876,1.01338506043586,11.261806752250106,0.32696719194081925,-44.5151444290783,-0.8125632746084135,28.989935440573245,-0.8604110866485712,-4.60830288725905,-0.01912858174625246,0.43883772971365753,-0.001441,0.5874844208282112,0.0078843,0,1.0
4033,0.000489084062073819,0.046782763777811716,0.0015493,1.6458958588694845,2.9575606284736997,86.33201603282053,1.01338506043586,13.534761685900232,0.32696719194081925,-4.990318872078019,-0.8125632746084135,-36.623120353391435,-0.8604110866485712,-42.778077633593085,-0.01912858174625246,0.34486548532198513,-0.001441,0.9248338106497883,0.0078843,0,1.0
4034,0.4830681463445263,0.06431518679576051,0.0015493,1.6458958588694845,2.9575606284736997,-44.82780377337957,1.01338506043586,0.11386267228160987,0.32696719194081925,-36.10488654650222,-0.8125632746084135,29.672898302220375,-0.8604110866485712,48.9503738386946,-0.01912858174625246,-0.07506491528794196,-0.001441,0.0750201524395799,0.0078843,1,1.0
4035,0.010548603366285603,0.014046701393073322,0.0015493,1.6458958588694845,2.9575606284736997,36.80326208370568,1.01338506043586,18.38265416859097,0.32696719194081925,-86.1819080635236,-0.8125632746084135,49.47152072926601,-0.8604110866485712,12.764753472507458,-0.01912858174625246,0.35934948606000466,-0.001441,0.8219681277407576,0.0078843,0,1.0
4036,0.5334937290123039,0.056812330100955724,0.0015493,1.6458958588694845,2.9575606284736997,-58.8381334059053,1.01338506043586,6.14983215268798,0.32696719194081925,-83.15976721279822,-0.8125632746084135,55.835236856834555,-0.8604110866485712,77.36610924402105,-0.01912858174625246,-0.11022831778734737,-0.001441,0.10974081758794457,0.0078843,1,1.0
4037,0.060304215618863566,0.026582957122156248,0.0015493,1.6458958588694845,2.9575606284736997,2.3861985259062695,1.01338506043586,13.547016205937558,0.32696719194081925,-97.46217339744754,-0.8125632746084135,88.75098138409415,-0.8604110866485712,33.76907621119697,-0.01912858174625246,0.4596463653812823,-0.001441,0.5596360482483401,0.0078843,0,1.0
4038,0.18018780900361545,0.012331960582577111,0.0015493,1.6458958588694845,2.9575606284736997,-9.308816625576597,1.01338506043586,2.7154790974445087,0.32696719194081925,-13.0763442998917,-0.8125632746084135,-1.1492871928239907,-0.8604110866485712,14.407217939626838,-0.01912858174625246,-0.06594926386902444,-0.001441,0.06731199805916568,0.0078843,1,1.0
4039,-0.0016604764770000724,0.1027909731240321,0.0015493,1.6458958588694845,2.9575606284736997,97.54392690511084,1.01338506043586,27.198110260143302,0.32696719194081925,-92.06425804792595,-0.8125632746084135,35.12435887109386,-0.8604110866485712,-17.81804509358573,-0.01912858174625246,0.7436521457244425,-0.001441,1.4526529965167956,0.0078843,0,1.0
4040,0.2736914610403649,0.10354430651887866,0.0015493,1.6458958588694845,2.9575606284736997,51.768455424228904,1.01338506043586,12.614875584286166,0.32696719194081925,-13.18817345923568,-0.8125632746084135,-25.516457620861345,-0.8604110866485712,-17.396277590268117,-0.01912858174625246,0.4031831958727993,-0.001441,0.6502450803378579,0.0078843,0,1.0
4041,0.5693625684872347,0.1938204601339713,0.0015493,1.6458958588694845,2.9575606284736997,-17.826664728829464,1.01338506043586,10.399594667694178,0.32696719194081925,-37.91995149448464,-0.8125632746084135,-22.171337117122437,-0.8604110866485712,40.179398944457276,-0.01912858174625246,-0.28842625739850863,-0.001441,0.2982620486982222,0.0078843,1,1.0
4042,0.0024277204598683877,0.020652603860511477,0.0015493,1.6458958588694845,2.9575606284736997,72.92929697942996,1.01338506043586,23.39662434478956,0.32696719194081925,-71.50148315250374,-0.8125632746084135,9.598119762052674,-0.8604110866485712,-10.816283383705851,-0.01912858174625246,0.3262554929092098,-0.001441,1.1093897797525896,0.0078843,0,1.0
4043,0.0089899255272754,0.03741157612601542,0.0015493,1.6458958588694845,2.9575606284736997,93.73984184860325,1.01338506043586,30.051771661202835,0.32696719194081925,-99.92109134473674,-0.8125632746084135,21.51784337165805,-0.8604110866485712,-10.098983119197598,-0.01912858174625246,0.4620611588628941,-0.001441,1.4823795884002826,0.0078843,0,1.0
4044,0.002072517398376217,0.02272438986891859,0.0015493,1.6458958588694845,2.9575606284736997,59.13721656493977,1.01338506043586,17.272552312452742,0.32696719194081925,-57.52977280185698,-0.8125632746084135,15.05567163313919,-0.8604110866485712,-8.852028290523275,-0.01912858174625246,0.34650573668545337,-0.001441,0.9051106110811089,0.0078843,0,1.0
4045,0.17998228930622462,0.05651927633325781,0.0015493,1.6458958588694845,2.9575606284736997,23.86266086404138,1.01338506043586,12.9536384594095,0.32696719194081925,-58.671769769278896,-0.8125632746084135,35.279130671658855,-0.8604110866485712,11.623219308683488,-0.01912858174625246,0.4443882545550726,-0.001441,0.5809498490554981,0.0078843,0,1.0
4046,0.2939254213106104,0.05892820440354831,0.0015493,1.6458958588694845,2.9575606284736997,54.82953076382175,1.01338506043586,25.957835872541466,0.32696719194081925,-96.38495112910765,-0.8125632746084135,18.875211738957663,-0.8604110866485712,16.091118761878214,-0.01912858174625246,0.318941875850232,-0.001441,1.181640768378638,0.0078843,0,1.0
4047,0.03755619786067675,0.0035236941533790932,0.0015493,1.6458958588694845,2.9575606284736997,-8.774683367000804,1.01338506043586,-0.5690019354561007,0.32696719194081925,-8.84533090085351,-0.8125632746084135,12.145043394011665,-0.8604110866485712,8.935681671823204,-0.01912858174625246,-0.02780004782342294,-0.001441,0.028509085559492966,0.0078843,1,1.0
4048,0.34244152710915876,0.10655915000150193,0.0015493,1.6458958588694845,2.9575606284736997,50.35019233967723,1.01338506043586,20.284854951035335,0.32696719194081925,-50.62811585192995,-0.8125632746084135,-10.63919286455936,-0.8604110866485712,-0.6666644322757811,-0.01912858174625246,0.34447462439720816,-0.001441,0.8744269765261952,0.0078843,0,1.0
4049,0.07962090708935451,0.005834054891521156,0.0015493,1.6458958588694845,2.9575606284736997,-14.502117460324538,1.01338506043586,1.588414400765585,0.32696719194081925,-24.230373336588606,-0.8125632746084135,19.656982048831566,-0.8604110866485712,19.276852825255315,-0.01912858174625246,-0.03129172893552923,-0.001441,0.029453911607824654,0.0078843,1,1.0
4050,0.625457813178472,0.10557702813759212,0.0015493,1.6458958588694845,2.9575606284736997,-41.97007043843223,1.01338506043586,8.215318271327718,0.32696719194081925,-60.41284641023481,-0.8125632746084135,15.49640964590435,-0.8604110866485712,62.165249305043986,-0.01912858174625246,-0.18370213546537204,-0.001441,0.19425279166675022,0.0078843,1,1.0
4051,0.870130344074154,0.14984719330577212,0.0015493,1.6458958588694845,2.9575606284736997,-39.90094746476246,1.01338506043586,1.4862133818160799,0.32696719194081925,-12.85472072570581,-0.8125632746084135,-22.072647387198504,-0.8604110866485712,48.209673817185575,-0.01912858174625246,-0.005015721108456898,-0.001441,0.006501429663757456,0.0078843,1,1.0
4052,0.008502927043275932,0.06366021772345734,0.0015493,1.6458958588694845,2.9575606284736997,61.0236302456315,1.01338506043586,13.080667876081643,0.32696719194081925,-37.974372276017135,-0.8125632746084135,15.380257141645293,-0.8604110866485712,-19.10607927457438,-0.01912858174625246,0.5134805446977486,-0.001441,0.8338575877400478,0.0078843,0,1.0
4053,0.27971378784388007,0.193985596365193,0.0015493,1.6458958588694845,2.9575606284736997,29.80114844760894,1.01338506043586,7.828118994477497,0.32696719194081925,-0.33781628240976497,-0.8125632746084135,-31.98972288629164,-0.8604110866485712,-9.399702563380512,-0.01912858174625246,0.1823117284890714,-0.001441,0.3818767206867425,0.0078843,0,1.0
4054,0.6236754176135564,0.0883278620716805,0.0015493,1.6458958588694845,2.9575606284736997,-76.61357120784125,1.01338506043586,2.615570113315564,0.32696719194081925,-85.01350026914315,-0.8125632746084135,75.73161737940413,-0.8604110866485712,87.86695541232115,-0.01912858174625246,-0.07988976215921172,-0.001441,0.08121803512595337,0.0078843,1,1.0
4055,1.0300447023199073,0.16724011909565153,0.0015493,1.6458958588694845,2.9575606284736997,-79.30028283459232,1.01338506043586,6.617972473868465,0.32696719194081925,-82.34424117203069,-0.8125632746084135,37.767457197743155,-0.8604110866485712,99.59750943889487,-0.01912858174625246,-0.09743752392647481,-0.001441,0.09831462269635788,0.0078843,1,1.0
4056,0.012724546230221678,0.013882925066949551,0.0015493,1.6458958588694845,2.9575606284736997,24.76514026609989,1.01338506043586,17.600088375434265,0.32696719194081925,-93.95321413964827,-0.8125632746084135,65.37583737848023,-0.8604110866485712,21.009559270119368,-0.01912858174625246,0.38655106413464624,-0.001441,0.7386794294348221,0.0078843,0,1.0
4057,0.7077427779295478,0.1321079479064153,0.0015493,1.6458958588694845,2.9575606284736997,-14.296061932859905,1.01338506043586,6.582025155010625,0.32696719194081925,-6.502036626967896,-0.8125632746084135,-48.5549651868301,-0.8604110866485712,29.15436753079128,-0.01912858174625246,-0.1873515193543152,-0.001441,0.18696731424820906,0.0078843,1,1.0
4058,0.26934838484386786,0.029658137526437277,0.0015493,1.6458958588694845,2.9575606284736997,-29.373886835041112,1.01338506043586,4.867711698337485,0.32696719194081925,-49.849721014008374,-0.8125632746084135,29.1656215273378,-0.8604110866485712,42.36599186707108,-0.01912858174625246,-0.11058619293179368,-0.001441,0.11154207915948929,0.0078843,1,1.0
4059,-0.002676444672625844,0.08397013524326127,0.0015493,1.6458958588694845,2.9575606284736997,-14.810771656019131,1.01338506043586,-1.3655503971741823,0.32696719194081925,-24.908264012231648,-0.8125632746084135,37.89591514524494,-0.8604110866485712,17.360697014795427,-0.01912858174625246,-0.03958778940029537,-0.001441,0.1469139573728119,0.0078843,1,1.0
4060,0.8744639885440756,0.1292610433610001,0.0015493,1.6458958588694845,2.9575606284736997,-62.57919992165515,1.01338506043586,4.846982795629839,0.32696719194081925,-56.29181239976726,-0.8125632746084135,21.524662504801654,-0.8604110866485712,75.85273691965637,-0.01912858174625246,-0.08673060156215613,-0.001441,0.086445584077347,0.0078843,1,1.0
4061,0.0010884894132707768,0.048517785763110347,0.0015493,1.6458958588694845,2.9575606284736997,52.570356417142996,1.01338506043586,10.095879239897041,0.32696719194081925,-25.209216996384793,-0.8125632746084135,9.226646866373438,-0.8604110866485712,-19.72354397058376,-0.01912858174625246,0.4366478665685937,-0.001441,0.6834216067277301,0.0078843,0,1.0
4062,0.0014928934568663177,0.02523252080828376,0.0015493,1.6458958588694845,2.9575606284736997,66.1407962906475,1.01338506043586,17.944094850904804,0.32696719194081925,-47.65366310247756,-0.8125632746084135,1.89738525204642,-0.8604110866485712,-16.910638680700878,-0.01912858174625246,0.3488094808460321,-0.001441,0.9057009934085201,0.0078843,0,1.0
4063,0.0009458695430707431,0.03942380194656637,0.0015493,1.6458958588694845,2.9575606284736997,11.531057225455358,1.01338506043586,10.499729751987447,0.32696719194081925,-71.51719551051417,-0.8125632746084135,75.34656536984522,-0.8604110866485712,16.24647565811688,-0.01912858174625246,0.42792418066569327,-0.001441,0.594236187618949,0.0078843,0,1.0
4064,0.8943689544751015,1.0013945334718566,0.0015493,1.6458958588694845,2.9575606284736997,-88.83002407169634,1.01338506043586,-10.226581128000959,0.32696719194081925,-3.6259487128800743,-0.8125632746084135,21.705238962473622,-0.8604110866485712,67.30874205802144,-0.01912858174625246,-0.5747806352029703,-0.001441,0.19072171914933883,0.0078843,1,1.0
4065,0.009847832746035401,0.01454107727378303,0.0015493,1.6458958588694845,2.9575606284736997,31.91779148030078,1.01338506043586,17.618652462518362,0.32696719194081925,-87.74056007371914,-0.8125632746084135,55.49926073875444,-0.8604110866485712,15.545951773673691,-0.01912858174625246,0.37640682498451394,-0.001441,0.77764603275617,0.0078843,0,1.0
4066,0.0007404822416239298,0.023503477947425064,0.0015493,1.6458958588694845,2.9575606284736997,84.20342715783394,1.01338506043586,23.176580539638522,0.32696719194081925,-63.324445239111085,-0.8125632746084135,-2.6423838561822532,-0.8604110866485712,-18.70115810756049,-0.01912858174625246,0.3251504634447748,-0.001441,1.1960342483997097,0.0078843,0,1.0
4067,0.0068517215078149896,0.0171796627279562,0.0015493,1.6458958588694845,2.9575606284736997,58.31912826380681,1.01338506043586,22.73712408043967,0.32696719194081925,-83.29111730512687,-0.8125632746084135,28.463909726352274,-0.8604110866485712,0.7372319844785126,-0.01912858174625246,0.333391055830619,-0.001441,1.0238197446558104,0.0078843,0,1.0
4068,0.19523856266988981,0.059328848495950756,0.0015493,1.6458958588694845,2.9575606284736997,99.70645901696767,1.01338506043586,29.29709181015004,0.32696719194081925,-71.25511977589565,-0.8125632746084135,-25.187153249292486,-0.8604110866485712,-17.88636990564985,-0.01912858174625246,0.30838930027062883,-0.001441,1.4749455556598343,0.0078843,0,1.0
4069,0.8048827725711586,0.11946055899822046,0.0015493,1.6458958588694845,2.9575606284736997,-33.9362806116373,1.01338506043586,3.6941174700601485,0.32696719194081925,-15.099971620073669,-0.8125632746084135,-24.689421939229867,-0.8604110866485712,43.87106409236267,-0.01912858174625246,-0.062081188469369344,-0.001441,0.06748479763071348,0.0078843,1,1.0
4070,0.000606971757617647,0.0860938109396823,0.0015493,1.6458958588694845,2.9575606284736997,24.584403051093386,1.01338506043586,6.6736946925700735,0.32696719194081925,-40.986220480214925,-0.8125632746084135,58.68848966053303,-0.8604110866485712,-3.552878304728414,-0.01912858174625246,0.3698155567112189,-0.001441,0.7762378670247885,0.0078843,0,1.0
4071,0.31538670751934794,0.11811561147687161,0.0015493,1.6458958588694845,2.9575606284736997,-33.07029242947773,1.01338506043586,9.22171951392506,0.32696719194081925,-72.68136655374207,-0.8125632746084135,36.54934932791332,-0.8604110866485712,54.753714723778565,-0.01912858174625246,-0.21386129582734062,-0.001441,0.2413634381538097,0.0078843,1,1.0
4072,-0.0004648446223511904,0.06952982637726875,0.0015493,1.6458958588694845,2.9575606284736997,99.75115749822939,1.01338506043586,16.767365747266947,0.32696719194081925,-0.02019901138268579,-0.8125632746084135,-48.68348309915617,-0.8604110866485712,-53.51336429680826,-0.01912858174625246,0.4371614228868714,-0.001441,0.9724144116596349,0.0078843,0,1.0
4073,0.2995910211052127,0.07299660768675029,0.0015493,1.6458958588694845,2.9575606284736997,2.652404846961372,1.01338506043586,4.926178834470738,0.32696719194081925,-2.890998872051594,-0.8125632746084135,-32.984718145760134,-0.8604110866485712,9.007612888923783,-0.01912858174625246,-0.16032377263025152,-0.001441,0.17884186730227722,0.0078843,1,1.0
4074,0.19676776221678952,0.05172354293442002,0.0015493,1.6458958588694845,2.9575606284736997,-16.501143085737475,1.01338506043586,5.830155097546623,0.32696719194081925,-39.38483634953159,-0.8125632746084135,13.66994125837215,-0.8604110866485712,30.05083870135931,-0.01912858174625246,-0.16017030092023402,-0.001441,0.15995431213948233,0.0078843,1,1.0
4075,0.2764795730598283,0.02978770750060087,0.0015493,1.6458958588694845,2.9575606284736997,-65.02987693315657,1.01338506043586,3.740030420317128,0.32696719194081925,-94.51512683668388,-0.8125632746084135,94.28555387318762,-0.8604110866485712,76.94377294362725,-0.01912858174625246,-0.06792977175882098,-0.001441,0.06917396777502438,0.0078843,1,1.0
4076,0.06579227325315817,0.035313032636288356,0.0015493,1.6458958588694845,2.9575606284736997,-31.91964442164425,1.01338506043586,4.266195671828527,0.32696719194081925,-66.19127092379671,-0.8125632746084135,57.390614755232534,-0.8604110866485712,45.40137949645031,-0.01912858174625246,-0.10099750314709163,-0.001441,0.10104832149363438,0.0078843,1,1.0
4077,0.0031541578753198074,0.01451107601307831,0.0015493,1.6458958588694845,2.9575606284736997,51.242370013439825,1.01338506043586,20.697550827019082,0.32696719194081925,-82.74474905986453,-0.8125632746084135,35.06711573588645,-0.8604110866485712,4.304482368045878,-0.01912858174625246,0.34036448079479525,-0.001441,0.9504977201786307,0.0078843,0,1.0
4078,1.2895898548049627,0.4006970204610343,0.0015493,1.6458958588694845,2.9575606284736997,-54.46299598151789,1.01338506043586,12.342070100900001,0.32696719194081925,-61.1572848183584,-0.8125632746084135,-32.88202496171323,-0.8604110866485712,88.33570849914899,-0.01912858174625246,-0.3387261619919889,-0.001441,0.3370794188344678,0.0078843,1,1.0
4079,4.602205313330998e-05,0.028805888667246107,0.0015493,1.6458958588694845,2.9575606284736997,1.761850782267119,1.01338506043586,11.17731914478604,0.32696719194081925,-91.14432106954153,-0.8125632746084135,94.67040351335288,-0.8604110866485712,29.592569961217137,-0.01912858174625246,0.4517970571302868,-0.001441,0.565242080582312,0.0078843,0,1.0
4080,0.722605239668864,0.08940971238213224,0.0015493,1.6458958588694845,2.9575606284736997,-59.34777818169032,1.01338506043586,3.544234343723693,0.32696719194081925,-58.33134748629037,-0.8125632746084135,32.458649471550046,-0.8604110866485712,71.82051000661603,-0.01912858174625246,-0.04344567547429021,-0.001441,0.04134063193729551,0.0078843,1,1.0
4081,-0.000823722821112538,0.020023833047703925,0.0015493,1.6458958588694845,2.9575606284736997,64.28276060539632,1.01338506043586,20.927921804088733,0.32696719194081925,-74.272621679679,-0.8125632746084135,20.611790761155596,-0.8604110866485712,-4.63966214512619,-0.01912858174625246,0.3313424793908256,-0.001441,1.051264636751327,0.0078843,0,1.0
4082,-0.0009132737135369995,0.22340713272173993,0.0015493,1.6458958588694845,2.9575606284736997,62.65313483192798,1.01338506043586,12.225426864972924,0.32696719194081925,-55.273224988874944,-0.8125632746084135,65.65479356212731,-0.8604110866485712,-18.752329653353442,-0.01912858174625246,0.7391915397246568,-0.001441,1.2226938560537821,0.0078843,0,1.0
4083,0.44352027073465505,0.037137823281295904,0.0015493,1.6458958588694845,2.9575606284736997,-31.14726465377316,1.01338506043586,4.398872562210336,0.32696719194081925,-35.92698606216942,-0.8125632746084135,11.27137443452601,-0.8604110866485712,41.23401835806573,-0.01912858174625246,-0.09003809410324287,-0.001441,0.09084589871740695,0.0078843,1,1.0
4084,1.0971454626138804,0.2543498698208009,0.0015493,1.6458958588694845,2.9575606284736997,-65.69993209005204,1.01338506043586,1.3173080034743867,0.32696719194081925,-36.05269928204941,-0.8125632746084135,0.310195772017851,-0.8604110866485712,76.15130086064588,-0.01912858174625246,-0.047978215630457545,-0.001441,0.04402586775052935,0.0078843,1,1.0
4085,0.002114290496517679,0.0747557698881494,0.0015493,1.6458958588694845,2.9575606284736997,47.023634384825826,1.01338506043586,18.618506930421002,0.32696719194081925,-94.18755040350973,-0.8125632746084135,74.15269596482037,-0.8604110866485712,7.426829817855337,-0.01912858174625246,0.7333367486226764,-0.001441,0.9348325925686963,0.0078843,0,1.0
4086,0.09465026968659451,0.06797554548388712,0.0015493,1.6458958588694845,2.9575606284736997,-5.39324364976013,1.01338506043586,9.901156738429659,0.32696719194081925,-89.65211197407538,-0.8125632746084135,96.02572287926115,-0.8604110866485712,34.77321570957538,-0.01912858174625246,0.40526893173945777,-0.001441,0.6082751762383334,0.0078843,0,1.0
4087,0.006170577662037768,0.019945542598355494,0.0015493,1.6458958588694845,2.9575606284736997,83.21624770862728,1.01338506043586,26.176945873781982,0.32696719194081925,-78.34624912470895,-0.8125632746084135,5.160420597122513,-0.8604110866485712,-12.594824146930591,-0.01912858174625246,0.31251160668770683,-0.001441,1.262314267799006,0.0078843,0,1.0
4088,0.010232773410027929,0.024378321859180183,0.0015493,1.6458958588694845,2.9575606284736997,23.181226068462124,1.01338506043586,12.290662607536943,0.32696719194081925,-68.12019426611828,-0.8125632746084135,54.84282476197126,-0.8604110866485712,11.583950999356139,-0.01912858174625246,0.44608258734737477,-0.001441,0.5686088837547827,0.0078843,0,1.0
4089,0.004365439173179442,0.03506460340462323,0.0015493,1.6458958588694845,2.9575606284736997,43.67971582176335,1.01338506043586,10.85032070769063,0.32696719194081925,-35.33417298195555,-0.8125632746084135,18.49894251721327,-0.8604110866485712,-11.34262890405919,-0.01912858174625246,0.42688438233322445,-0.001441,0.6132399250954661,0.0078843,0,1.0
4090,0.24935897231244863,0.10670056884798632,0.0015493,1.6458958588694845,2.9575606284736997,99.9686336600188,1.01338506043586,19.428279914315883,0.32696719194081925,-3.1686730397988394,-0.8125632746084135,-70.88168409427489,-0.8604110866485712,-44.10987660438587,-0.01912858174625246,0.3314811434635035,-0.001441,1.1131116427125451,0.0078843,0,1.0
4091,0.006096510564077229,0.020649054256016288,0.0015493,1.6458958588694845,2.9575606284736997,6.971575705119619,1.01338506043586,13.719730111966486,0.32696719194081925,-92.76345861411761,-0.8125632746084135,85.90475717530595,-0.8604110866485712,27.645268138747426,-0.01912858174625246,0.4406524424548854,-0.001441,0.5797942304500107,0.0078843,0,1.0
4092,0.6688202059181707,0.1234411218520485,0.0015493,1.6458958588694845,2.9575606284736997,-23.187378880790316,1.01338506043586,7.12341628558374,0.32696719194081925,-26.061486092828154,-0.8125632746084135,-26.51443178373291,-0.8604110866485712,40.80026592013523,-0.01912858174625246,-0.19848672022298722,-0.001441,0.19685614339742144,0.0078843,1,1.0
4093,0.0018451356256596885,0.037625921088427286,0.0015493,1.6458958588694845,2.9575606284736997,88.36759483340984,1.01338506043586,18.07481091222128,0.32696719194081925,-27.06743792919266,-0.8125632746084135,-26.56172799853583,-0.8604110866485712,-35.31735691182535,-0.01912858174625246,0.3500477164744509,-0.001441,1.040467275562941,0.0078843,0,1.0
4094,-0.00128568405456142,0.207095814138834,0.0015493,1.6458958588694845,2.9575606284736997,47.91397315107253,1.01338506043586,6.188710872086736,0.32696719194081925,-21.286229333995912,-0.8125632746084135,50.46028428748059,-0.8604110866485712,-26.18853784526176,-0.01912858174625246,0.4393498577879712,-0.001441,1.121324912221339,0.0078843,0,1.0
4095,-0.0025303130059679546,0.1046139339953332,0.0015493,1.6458958588694845,2.9575606284736997,73.69358538444772,1.01338506043586,18.35903844002699,0.32696719194081925,-58.55653061387123,-0.8125632746084135,31.597239789549043,-0.8604110866485712,-20.278824023387756,-0.01912858174625246,0.7405829215424075,-0.001441,1.0109029795230344,0.0078843,0,1.0
4096,0.26852171392232443,0.019541866239761636,0.0015493,1.6458958588694845,2.9575606284736997,-30.914700443415754,1.01338506043586,3.7236014247627045,0.32696719194081925,-47.26512267722953,-0.8125632746084135,31.428716206794185,-0.8604110866485712,41.95425423835376,-0.01912858174625246,-0.07261678943603808,-0.001441,0.07479421690145824,0.0078843,1,1.0
4097,0.2725319067974261,0.014006901545752562,0.0015493,1.6458958588694845,2.9575606284736997,-23.461032763206596,1.01338506043586,3.009529022491848,0.32696719194081925,-30.92936543338008,-0.8125632746084135,15.654793991885839,-0.8604110866485712,31.32241721872882,-0.01912858174625246,-0.05849628797876075,-0.001441,0.05902865047159925,0.0078843,1,1.0
4098,0.008451084717217894,0.028221618579179188,0.0015493,1.6458958588694845,2.9575606284736997,90.35294159340438,1.01338506043586,22.856021869169318,0.32696719194081925,-50.44789937770108,-0.8125632746084135,-17.333091342305504,-0.8604110866485712,-26.846324211901603,-0.01912858174625246,0.3178339172595806,-0.001441,1.1849166818190726,0.0078843,0,1.0
4099,1.7539747710743265,0.5450459055304809,0.0015493,1.6458958588694845,2.9575606284736997,-72.47187780599216,1.01338506043586,7.701023477693166,0.32696719194081925,-32.36774801253809,-0.8125632746084135,-56.89827389246527,-0.8604110866485712,95.73959661112686,-0.01912858174625246,-0.14016266969262162,-0.001441,0.1399375816071661,0.0078843,1,1.0
4100,0.5342777447568055,0.12991458795853814,0.0015493,1.342730565149467,2.3495759267489063,-37.09918115208269,1.01338506043586,3.4343661926754154,0.32696719194081925,-65.53057619696081,-0.8125632746084135,46.76468936766599,-0.8604110866485712,57.13207924583783,-0.01912858174625246,-0.06858162447073164,-0.001441,0.08426405513640962,0.0078843,1,1.0
4101,-0.017631090220071255,0.13058509637960203,0.0015493,1.342730565149467,2.3495759267489063,-8.868328428281405,1.01338506043586,7.989821929324407,0.32696719194081925,-68.33282968237289,-0.8125632746084135,65.81358198916753,-0.8604110866485712,27.191803157923033,-0.01912858174625246,0.5559821495639603,-0.001441,1.4913084233858191,0.0078843,0,1.0
4102,0.7572477415374661,0.2671324726459265,0.0015493,1.342730565149467,2.3495759267489063,39.695287616647626,1.01338506043586,28.106230209728672,0.32696719194081925,-68.37456573770531,-0.8125632746084135,-12.950519476791015,-0.8604110866485712,12.402581082425908,-0.01912858174625246,0.28211434024267157,-0.001441,3.0579833220239356,0.0078843,0,1.0
4103,0.7258941949772808,0.181425452489218,0.0015493,1.342730565149467,2.3495759267489063,-16.516927347979564,1.01338506043586,12.297330718717681,0.32696719194081925,-75.38677417217404,-0.8125632746084135,36.45937851768275,-0.8604110866485712,49.19329473938322,-0.01912858174625246,0.3358164248234664,-0.001441,1.057161865853308,0.0078843,0,1.0
4104,0.007843029645603128,0.08614019240061846,0.0015493,1.342730565149467,2.3495759267489063,74.50680299568315,1.01338506043586,30.558861557676295,0.32696719194081925,-63.83155556402154,-0.8125632746084135,-12.140143346615636,-0.8604110866485712,-20.729296817811477,-0.01912858174625246,0.6689096575570068,-0.001441,3.8816155187488532,0.0078843,0,1.0
4105,0.0015452714289396763,0.01197374160509082,0.0015493,1.342730565149467,2.3495759267489063,3.4166314157762723,1.01338506043586,6.383415960813927,0.32696719194081925,-33.63938714755834,-0.8125632746084135,22.65440245463028,-0.8604110866485712,9.753243207298636,-0.01912858174625246,0.4799646762181024,-0.001441,0.6464310347793052,0.0078843,0,1.0
4106,0.059804774378408115,0.027130840727311402,0.0015493,1.342730565149467,2.3495759267489063,-7.7046145138027455,1.01338506043586,1.8100055491365212,0.32696719194081925,-19.573165463100313,-0.8125632746084135,12.763953205071939,-0.8604110866485712,13.776721900085365,-0.01912858174625246,-0.09941761844008648,-0.001441,0.10293473689660085,0.0078843,1,1.0
4107,0.006092255772387034,0.079409370638032,0.0015493,1.342730565149467,2.3495759267489063,27.878212716223853,1.01338506043586,23.959651534078848,0.32696719194081925,-83.89923905437338,-0.8125632746084135,34.21646907648913,-0.8604110866485712,12.459567860659522,-0.01912858174625246,0.8176101590997771,-0.001441,2.3788199692035423,0.0078843,0,1.0
4108,0.003928986798375611,0.001333374682126642,0.0015493,1.342730565149467,2.3495759267489063,41.50422016231796,1.01338506043586,29.11498543031495,0.32696719194081925,-95.32953870916887,-0.8125632746084135,21.374331147698566,-0.8604110866485712,12.306680931526468,-0.01912858174625246,0.2823560659559945,-0.001441,3.1693052950641865,0.0078843,0,1.0
4109,0.023752685978599697,0.04028688117143469,0.0015493,1.342730565149467,2.3495759267489063,53.23194205191787,1.01338506043586,18.71343629513428,0.32696719194081925,-29.01535304737001,-0.8125632746084135,-20.0869910869139,-0.8604110866485712,-20.33461190863135,-0.01912858174625246,0.29104904463185344,-0.001441,2.5541621962453087,0.0078843,0,1.0
4110,0.03649029130773651,0.00014579860083817524,0.0015493,1.342730565149467,2.3495759267489063,-16.07966575557367,1.01338506043586,12.660978524249602,0.32696719194081925,-90.7778949158068,-0.8125632746084135,65.6799165945031,-0.8604110866485712,44.05163599074127,-0.01912858174625246,0.32816970286701896,-0.001441,1.0741080138034158,0.0078843,0,1.0
4111,-0.20457575644142967,1.2460976481919186,0.0015493,1.342730565149467,2.3495759267489063,74.68529585871285,1.01338506043586,21.292385309350504,0.32696719194081925,-48.419003055767504,-0.8125632746084135,25.54348242882547,-0.8604110866485712,-37.28246274316586,-0.01912858174625246,2.609256689100307,-0.001441,3.5743510880707197,0.0078843,0,1.0
4112,-0.007510130485683053,0.45402955277255985,0.0015493,1.342730565149467,2.3495759267489063,65.25719856208399,1.01338506043586,18.6658693174524,0.32696719194081925,-31.063908857942334,-0.8125632746084135,-2.2027725069429853,-0.8604110866485712,-31.568639961576054,-0.01912858174625246,1.6070088761700463,-0.001441,2.984463533734732,0.0078843,0,1.0
4113,0.006201708076829515,0.024088121033135363,0.0015493,1.342730565149467,2.3495759267489063,61.26440933417629,1.01338506043586,26.62549036260815,0.32696719194081925,-56.01863848949263,-0.8125632746084135,-12.768054959841095,-0.8604110866485712,-15.001540666308564,-0.01912858174625246,0.30235328165219033,-0.001441,3.2703981980846653,0.0078843,0,1.0
4114,-0.001731379752342832,0.4230527045739977,0.0015493,1.342730565149467,2.3495759267489063,45.41056808344015,1.01338506043586,22.945035527493285,0.32696719194081925,-85.6663593776074,-0.8125632746084135,45.68293672217153,-0.8604110866485712,1.1885808497293344,-0.01912858174625246,2.0189376599585813,-0.001441,3.0209551170035587,0.0078843,0,1.0
4115,0.6757264000084325,0.1739370651688837,0.0015493,1.342730565149467,2.3495759267489063,-7.587565629422793,1.01338506043586,11.836156241121705,0.32696719194081925,-57.8380212866044,-0.8125632746084135,22.153681340441583,-0.8604110866485712,35.47882143134444,-0.01912858174625246,0.36001078448007834,-0.001441,1.0539999511548845,0.0078843,0,1.0
4116,0.242556987238165,0.05830704138800543,0.0015493,1.342730565149467,2.3495759267489063,22.02620807504496,1.01338506043586,13.65378244385321,0.32696719194081925,-37.03281987438703,-0.8125632746084135,0.8853538366546818,-0.8604110866485712,3.828781356463363,-0.01912858174625246,0.3393268643700045,-0.001441,1.565502919849371,0.0078843,0,1.0
4117,-0.009132932676340744,0.11070432469758743,0.0015493,1.342730565149467,2.3495759267489063,89.44474544652229,1.01338506043586,27.214272484372604,0.32696719194081925,-18.03238525072812,-0.8125632746084135,-52.23161102329161,-0.8604110866485712,-47.63415755154524,-0.01912858174625246,0.333011904127845,-0.001441,3.6996309289962945,0.0078843,0,1.0
4118,0.7992776842551732,0.29576359657902135,0.0015493,1.342730565149467,2.3495759267489063,4.990602717733928,1.01338506043586,10.345722964914463,0.32696719194081925,-27.2219226461603,-0.8125632746084135,-7.387397669541031,-0.8604110866485712,17.481685790307637,-0.01912858174625246,0.33438233443269366,-0.001441,1.0616739951235428,0.0078843,0,1.0
4119,0.011418967083413278,0.02018627812456428,0.0015493,1.342730565149467,2.3495759267489063,33.150421016738285,1.01338506043586,19.498334869094524,0.32696719194081925,-62.60488605256483,-0.8125632746084135,14.115612796090367,-0.8604110866485712,4.4416147697256,-0.01912858174625246,0.42672927204312516,-0.001441,2.3025198964899096,0.0078843,0,1.0
4120,-5.3173035719167316e-05,0.0029539148018544624,0.0015493,1.342730565149467,2.3495759267489063,19.152324061211655,1.01338506043586,15.936337099147305,0.32696719194081925,-57.374621266762524,-0.8125632746084135,19.320251377317952,-0.8604110866485712,10.197273740668555,-0.01912858174625246,0.29723917685218026,-0.001441,1.6615814367046378,0.0078843,0,1.0
4121,0.02519047717419287,0.2612033925028698,0.0015493,1.342730565149467,2.3495759267489063,57.720729177403584,1.01338506043586,23.873570860769846,0.32696719194081925,-57.61201971798569,-0.8125632746084135,9.44488892099309,-0.8604110866485712,-15.96924318440693,-0.01912858174625246,1.4469367870472294,-0.001441,3.0146593568015927,0.0078843,0,1.0
4122,1.160226623987128,0.36775584807346906,0.0015493,1.342730565149467,2.3495759267489063,-35.30500952138644,1.01338506043586,4.186875780023337,0.32696719194081925,-44.59706461475399,-0.8125632746084135,15.453363928206315,-0.8604110866485712,55.74513324455688,-0.01912858174625246,-0.12203225409360599,-0.001441,0.1481939289286566,0.0078843,1,1.0
4123,0.0779637839273779,0.03298376405032802,0.0015493,1.342730565149467,2.3495759267489063,23.888678068704955,1.01338506043586,10.203320741875979,0.32696719194081925,-23.122291283446376,-0.8125632746084135,-2.1846639620729773,-0.8604110866485712,-4.859372756710192,-0.01912858174625246,0.34627920540164325,-0.001441,1.3264611108838285,0.0078843,0,1.0
4124,0.009547843275231394,2.8680472208513186e-06,0.0015493,1.342730565149467,2.3495759267489063,-14.736658430055739,1.01338506043586,12.635412350135264,0.32696719194081925,-89.39703137398567,-0.8125632746084135,64.91427424994511,-0.8604110866485712,42.259747428416816,-0.01912858174625246,0.3430040775602009,-0.001441,1.08140692257343,0.0078843,0,1.0
4125,0.6474354500102661,0.34483204273954104,0.0015493,1.342730565149467,2.3495759267489063,93.26463141849634,1.01338506043586,41.1403554300749,0.32696719194081925,-65.9363289896727,-0.8125632746084135,-50.878259646116405,-0.8604110866485712,-21.70440901646954,-0.01912858174625246,0.28540690159733373,-0.001441,5.025328404729079,0.0078843,0,1.0
4126,2.0898191368163728,1.2556227264612807,0.0015493,1.342730565149467,2.3495759267489063,-37.31235442032003,1.01338506043586,5.426951319714459,0.32696719194081925,-21.966299765644948,-0.8125632746084135,-23.209711453361276,-0.8604110866485712,60.0632365134396,-0.01912858174625246,-0.22034127144319457,-0.001441,0.22481230537988725,0.0078843,1,1.0
4127,-0.02730137054395687,0.5775709731969466,0.0015493,1.342730565149467,2.3495759267489063,97.83752013758681,1.01338506043586,29.85165230504499,0.32696719194081925,-44.345708301599934,-0.8125632746084135,-18.355321625787013,-0.8604110866485712,-46.2221721818724,-0.01912858174625246,1.7301017405384043,-0.001441,4.383567985624917,0.0078843,0,1.0
4128,0.002911701184100113,0.015586224570233528,0.0015493,1.342730565149467,2.3495759267489063,13.942268029970057,1.01338506043586,6.624437880781613,0.32696719194081925,-17.697740892704644,-0.8125632746084135,4.535075359283633,-0.8604110866485712,-2.625464580035779,-0.01912858174625246,0.37958117382827133,-0.001441,0.7766711961773318,0.0078843,0,1.0
4129,0.042123834501754276,0.0001064170603760796,0.0015493,1.342730565149467,2.3495759267489063,-8.145917223485991,1.01338506043586,16.08491622838734,0.32696719194081925,-95.71787452636852,-0.8125632746084135,60.45818854034185,-0.8604110866485712,41.57916634332531,-0.01912858174625246,0.3366651050610221,-0.001441,1.3784442728893445,0.0078843,0,1.0
4130,-1.850702591821296e-05,0.002271668386964519,0.0015493,1.342730565149467,2.3495759267489063,0.5160323733262869,1.01338506043586,9.88222538522119,0.32696719194081925,-52.72591026769569,-0.8125632746084135,32.69637668254713,-0.8604110866485712,19.017214323679326,-0.01912858174625246,0.3495714185809415,-0.001441,0.9029895196486764,0.0078843,0,1.0
4131,0.0005479916477857394,0.04421377249922524,0.0015493,1.342730565149467,2.3495759267489063,42.83290408277412,1.01338506043586,17.019576095286833,0.32696719194081925,-38.178093432860095,-0.8125632746084135,-3.999248119757924,-0.8604110866485712,-11.237548943104462,-0.01912858174625246,0.4612784622618502,-0.001441,2.275873342836838,0.0078843,0,1.0
4132,0.03457860919573308,0.012281566093648858,0.0015493,1.342730565149467,2.3495759267489063,6.304253862601556,1.01338506043586,6.892017016492313,0.32696719194081925,-30.21860867313202,-0.8125632746084135,16.18546805304915,-0.8604110866485712,7.430515765866647,-0.01912858174625246,0.3950745449797701,-0.001441,0.7203641163968892,0.0078843,0,1.0
4133,0.03278410563894285,0.0227929687218906,0.0015493,1.342730565149467,2.3495759267489063,57.64759000645156,1.01338506043586,26.601431293478274,0.32696719194081925,-61.37845487024762,-0.8125632746084135,-8.129004467796477,-0.8604110866485712,-10.12095687372466,-0.01912858174625246,0.2875137689495606,-0.001441,3.2472690170669134,0.0078843,0,1.0
4134,0.00208773780713023,0.0014821655981131449,0.0015493,1.342730565149467,2.3495759267489063,17.86071983946381,1.01338506043586,18.099156832270932,0.32696719194081925,-72.28598873676228,-0.8125632746084135,28.78429704254771,-0.8604110866485712,16.977489678601998,-0.01912858174625246,0.3443362689973253,-0.001441,1.867455701881487,0.0078843,0,1.0
4135,0.01462413280959507,0.03074494418235833,0.0015493,1.342730565149467,2.3495759267489063,49.99204427814512,1.01338506043586,19.37722371939025,0.32696719194081925,-36.22391854643534,-0.8125632746084135,-13.780071521299329,-0.8604110866485712,-15.853642335554737,-0.01912858174625246,0.3134065882082362,-0.001441,2.5265648846692104,0.0078843,0,1.0
4136,1.6549632701924941,0.9327329436396753,0.0015493,1.342730565149467,2.3495759267489063,-22.651000718480727,1.01338506043586,16.573263162971326,0.32696719194081925,-72.95897338548815,-0.8125632746084135,12.048160489046127,-0.8604110866485712,63.43528858842723,-0.01912858174625246,0.26698033654274866,-0.001441,1.343194132834387,0.0078843,0,1.0
4137,0.04018499001942069,0.18455453709252012,0.0015493,1.342730565149467,2.3495759267489063,2.2102089602553994,1.01338506043586,1.619386340264672,0.32696719194081925,-22.77622811727961,-0.8125632746084135,32.2838910895084,-0.8604110866485712,4.336725346668303,-0.01912858174625246,0.3070968375467851,-0.001441,1.3797462695655687,0.0078843,0,1.0
4138,0.3599799421046048,0.060286750849115806,0.0015493,1.342730565149467,2.3495759267489063,1.3528310087086726,1.01338506043586,12.714148787717367,0.32696719194081925,-60.10273247821569,-0.8125632746084135,25.060451709312662,-0.8604110866485712,27.23489997812206,-0.01912858174625246,0.3324036712630266,-0.001441,1.2481442497453101,0.0078843,0,1.0
4139,0.059451208017304635,0.02757973861958137,0.0015493,1.342730565149467,2.3495759267489063,34.855049072096726,1.01338506043586,17.458785574323663,0.32696719194081925,-45.414415656756816,-0.8125632746084135,1.6358668043865836,-0.8604110866485712,-2.95692103749918,-0.01912858174625246,0.3820832509024361,-0.001441,2.0970578535031654,0.0078843,0,1.0
4140,0.12840152073984168,0.01312761132619595,0.0015493,1.342730565149467,2.3495759267489063,12.930236885502127,1.01338506043586,15.304006572437995,0.32696719194081925,-61.455617997572055,-0.8125632746084135,23.171942895254364,-0.8604110866485712,17.447553631584984,-0.01912858174625246,0.3260310396083882,-0.001441,1.571142116039884,0.0078843,0,1.0
4141,0.3172919200475621,0.05171357778531191,0.0015493,1.342730565149467,2.3495759267489063,38.70863139432857,1.01338506043586,30.822436666293306,0.32696719194081925,-99.97837015899702,-0.8125632746084135,17.939514520476,-0.8604110866485712,19.839590990986217,-0.01912858174625246,0.346792278231179,-0.001441,3.3119506741860834,0.0078843,0,1.0
4142,-0.013797508131287994,0.4766657987304143,0.0015493,1.342730565149467,2.3495759267489063,56.294768198791,1.01338506043586,25.028485044444484,0.32696719194081925,-76.34151338838639,-0.8125632746084135,33.019800239577535,-0.8604110866485712,-10.147321947540698,-0.01912858174625246,2.111089149603893,-0.001441,3.1933742728658996,0.0078843,0,1.0
4143,0.001242184185518358,0.4706556567521269,0.0015493,1.342730565149467,2.3495759267489063,28.00555694821063,1.01338506043586,1.2684382229433122,0.32696719194081925,-0.09220626264373759,-0.8125632746084135,11.415719573715556,-0.8604110866485712,-20.64580083743928,-0.01912858174625246,0.6272960975694579,-0.001441,2.0656720576882757,0.0078843,0,1.0
4144,0.20496137795293823,0.15183763348197946,0.0015493,1.342730565149467,2.3495759267489063,99.25951342951984,1.01338506043586,39.73181553115142,0.32696719194081925,-57.27849067215048,-0.8125632746084135,-48.30299211801644,-0.8604110866485712,-35.362036952595574,-0.01912858174625246,0.27043429005848285,-0.001441,4.823358134816142,0.0078843,0,1.0
4145,1.4412702058820621,1.0029550732549997,0.0015493,1.342730565149467,2.3495759267489063,34.84226375368217,1.01338506043586,21.611407635591014,0.32696719194081925,-16.684921841354544,-0.8125632746084135,-55.469836975479645,-0.8604110866485712,3.0395385363958654,-0.01912858174625246,0.30769026568401725,-0.001441,2.3532949471702844,0.0078843,0,1.0
4146,0.028567445153203863,0.024878113231946504,0.0015493,1.342730565149467,2.3495759267489063,-19.710712879528213,1.01338506043586,11.681710524160176,0.32696719194081925,-99.53417227431746,-0.8125632746084135,81.5759613932194,-0.8604110866485712,48.51720301984871,-0.01912858174625246,0.6269560269983998,-0.001441,1.204026034654773,0.0078843,0,1.0
4147,0.4417334881489949,0.10912165670465473,0.0015493,1.342730565149467,2.3495759267489063,-21.55620538795767,1.01338506043586,3.2023728684624158,0.32696719194081925,-39.58965669481283,-0.8125632746084135,23.54613327145497,-0.8604110866485712,35.56947077124206,-0.01912858174625246,-0.07035024884424235,-0.001441,0.15063099533216362,0.0078843,1,1.0
4148,-0.38084206266493426,1.3584471542743266,0.0015493,1.342730565149467,2.3495759267489063,48.4151537388128,1.01338506043586,12.616463798126365,0.32696719194081925,-48.105456334545444,-0.8125632746084135,51.270100758120506,-0.8604110866485712,-23.928555561364444,-0.01912858174625246,1.903386967216969,-0.001441,3.2119104150028805,0.0078843,0,1.0
4149,0.01421466408589403,0.6865032256829653,0.0015493,1.342730565149467,2.3495759267489063,14.870831226505112,1.01338506043586,1.2858319076953668,0.32696719194081925,-17.291946435335614,-0.8125632746084135,41.57482627531386,-0.8604110866485712,-9.842527522213198,-0.01912858174625246,0.49036808606956517,-0.001441,2.6379763557572957,0.0078843,0,1.0
4150,-0.004445975074098385,0.08982229013361634,0.0015493,1.342730565149467,2.3495759267489063,75.54276144893834,1.01338506043586,26.684963378784595,0.32696719194081925,-41.59694178571248,-0.8125632746084135,-25.860495202140537,-0.8604110866485712,-29.894907717917427,-0.01912858174625246,0.5276904503467859,-0.001441,3.571151581230128,0.0078843,0,1.0
4151,2.1875246179060284,1.3533307061534365,0.0015493,1.342730565149467,2.3495759267489063,-51.53623540906845,1.01338506043586,8.454294688065715,0.32696719194081925,-55.28941230279568,-0.8125632746084135,0.3672356320157557,-0.8604110866485712,83.5617150632824,-0.01912858174625246,-0.3609871631000547,-0.001441,0.37903783115320205,0.0078843,1,1.0
4152,0.8783822554644771,0.2932446361234312,0.0015493,1.342730565149467,2.3495759267489063,-19.00473969214134,1.01338506043586,0.6999500724919399,0.32696719194081925,-13.182388712799883,-0.8125632746084135,-2.9236321338276574,-0.8604110866485712,29.508226880480084,-0.01912858174625246,-0.06839896445842522,-0.001441,0.108464846079674,0.0078843,1,1.0
4153,0.00043182340508307604,0.008515630276611652,0.0015493,1.342730565149467,2.3495759267489063,9.31220371757533,1.01338506043586,7.167296538598498,0.32696719194081925,-28.120814865715378,-0.8125632746084135,13.386203887255785,-0.8604110866485712,4.437576776958093,-0.01912858174625246,0.37025765257785437,-0.001441,0.7821573353115593,0.0078843,0,1.0
4154,0.022068456498551547,0.243147159918522,0.0015493,1.342730565149467,2.3495759267489063,26.169324475278827,1.01338506043586,4.496646773403941,0.32696719194081925,-5.858870254356546,-0.8125632746084135,6.009624036465626,-0.8604110866485712,-16.585832614279514,-0.01912858174625246,0.7811095423520338,-0.001441,1.511595158094312,0.0078843,0,1.0
4155,-0.3080897808099534,1.2993107629415994,0.0015493,1.342730565149467,2.3495759267489063,66.91218968988017,1.01338506043586,25.148969770533405,0.32696719194081925,-80.25243712244367,-0.8125632746084135,52.33129780732573,-0.8604110866485712,-22.38978132091271,-0.01912858174625246,2.9544668633435838,-0.001441,3.5204682349911134,0.0078843,0,1.0
4156,0.007971410401484191,0.0373736602049867,0.0015493,1.342730565149467,2.3495759267489063,29.3163463386174,1.01338506043586,7.695597447585315,0.32696719194081925,-4.474886622744123,-0.8125632746084135,-12.95147355811408,-0.8604110866485712,-16.688569707077345,-0.01912858174625246,0.36748288437465276,-0.001441,1.1952278305267565,0.0078843,0,1.0
4157,0.0028418928942908206,0.11623597201191543,0.0015493,1.342730565149467,2.3495759267489063,10.285157020796447,1.01338506043586,18.326698579281413,0.32696719194081925,-99.509611484829,-0.8125632746084135,67.48955267451119,-0.8604110866485712,29.145818129613637,-0.01912858174625246,1.4558005615997645,-0.001441,1.9012172487535444,0.0078843,0,1.0
4158,2.699713358386736,2.3227238234986163,0.0015493,1.342730565149467,2.3495759267489063,-18.066514086386533,1.01338506043586,25.205436868391317,0.32696719194081925,-82.53621870693124,-0.8125632746084135,-16.945493529588095,-0.8604110866485712,78.90491468608498,-0.01912858174625246,0.28446499691161486,-0.001441,2.2375444274395253,0.0078843,0,1.0
4159,0.005280195919912245,0.0016947809941955374,0.0015493,1.342730565149467,2.3495759267489063,1.8527711556566084,1.01338506043586,10.188927530799942,0.32696719194081925,-53.334613569328646,-0.8125632746084135,31.636167149477064,-0.8604110866485712,18.80653574296304,-0.01912858174625246,0.3510102479796846,-0.001441,0.9515079317122723,0.0078843,0,1.0
4160,-0.3737017162712024,1.4109727205738003,0.0015493,1.342730565149467,2.3495759267489063,88.32556038103313,1.01338506043586,20.517287849612444,0.32696719194081925,-17.965497972735005,-0.8125632746084135,-1.3975476502346833,-0.8604110866485712,-60.18713675036858,-0.01912858174625246,2.496197799388568,-0.001441,3.3109871656967935,0.0078843,0,1.0
4161,0.00247832998397568,0.31330072245982415,0.0015493,1.342730565149467,2.3495759267489063,55.01055128589923,1.01338506043586,19.975265858387335,0.32696719194081925,-41.327049645617066,-0.8125632746084135,5.854287425398101,-0.8604110866485712,-21.864679878466394,-0.01912858174625246,1.5729554758381685,-0.001441,2.599764458783839,0.0078843,0,1.0
4162,-0.2124298712040079,0.8804876755853142,0.0015493,1.342730565149467,2.3495759267489063,28.199100347376522,1.01338506043586,0.10788939609011905,0.32696719194081925,-6.549625799324889,-0.8125632746084135,25.890917345371356,-0.8604110866485712,-21.447646497854134,-0.01912858174625246,0.5876183967208473,-0.001441,2.3556396468599567,0.0078843,0,1.0
4163,0.004619458896507972,0.24114978706143458,0.0015493,1.342730565149467,2.3495759267489063,9.847572936910057,1.01338506043586,2.2342107497410297,0.32696719194081925,-16.937218748930523,-0.8125632746084135,27.8949778560368,-0.8604110866485712,-3.9379110254775673,-0.01912858174625246,0.43799417895295145,-0.001441,1.5950537106452103,0.0078843,0,1.0
4164,0.22439955871472417,0.077059475428223,0.0015493,1.342730565149467,2.3495759267489063,-31.356479980403762,1.01338506043586,7.965770604958712,0.32696719194081925,-94.32824016619833,-0.8125632746084135,76.75849305315623,-0.8604110866485712,58.380412176261096,-0.01912858174625246,0.3989993228188419,-0.001441,0.7130936928823751,0.0078843,0,1.0
4165,0.15120020130276268,0.009235893707349205,0.0015493,1.342730565149467,2.3495759267489063,30.959687160693075,1.01338506043586,27.790426708825,0.32696719194081925,-99.56562365607219,-0.8125632746084135,27.40461525961497,-0.8604110866485712,22.293956220993024,-0.01912858174625246,0.28532440709222406,-0.001441,2.9256600998669193,0.0078843,0,1.0
4166,0.005673083723977346,0.07036404565004542,0.0015493,1.342730565149467,2.3495759267489063,66.96111548966152,1.01338506043586,18.494582278151483,0.32696719194081925,-3.8641492363035366,-0.8125632746084135,-43.46711880335854,-0.8604110866485712,-39.510241222464806,-0.01912858174625246,0.29276500926303184,-0.001441,2.613652534749241,0.0078843,0,1.0
4167,-0.038792652430977514,0.7080394968713405,0.0015493,1.342730565149467,2.3495759267489063,-2.575386247726837,1.01338506043586,1.705067101520704,0.32696719194081925,-48.545279204547576,-0.8125632746084135,76.47160709992697,-0.8604110866485712,11.432934407715265,-0.01912858174625246,0.3117706238312423,-0.001441,2.87472498367473,0.0078843,0,1.0
4168,0.013537650670168322,0.03359168649721612,0.0015493,1.342730565149467,2.3495759267489063,63.50885029021493,1.01338506043586,29.648853237232537,0.32696719194081925,-74.73405469475011,-0.8125632746084135,-4.356882646848625,-0.8604110866485712,-7.820216188450074,-0.01912858174625246,0.2759894679318766,-0.001441,3.729118913082785,0.0078843,0,1.0
4169,0.02516289115972148,0.07125055524271232,0.0015493,1.342730565149467,2.3495759267489063,53.209144568297674,1.01338506043586,22.567056661630687,0.32696719194081925,-50.947536671053,-0.8125632746084135,-3.5727951824820465,-0.8604110866485712,-12.95303006486705,-0.01912858174625246,0.6507598809702002,-0.001441,2.8512926276867976,0.0078843,0,1.0
4170,0.0086264538923857,1.4896140038281048e-05,0.0015493,1.342730565149467,2.3495759267489063,-5.643609879579226,1.01338506043586,14.120493526241143,0.32696719194081925,-84.01937419979598,-0.8125632746084135,53.94726052952805,-0.8604110866485712,35.08712918649404,-0.01912858174625246,0.3733546579529768,-0.001441,1.2330825675025034,0.0078843,0,1.0
4171,0.030029462985202038,0.0039011228059676523,0.0015493,1.342730565149467,2.3495759267489063,33.4415578621665,1.01338506043586,25.019335495500005,0.32696719194081925,-85.01469316071098,-0.8125632746084135,22.220986622724972,-0.8604110866485712,13.189180177652274,-0.01912858174625246,0.3254412846974102,-0.001441,2.694129543908233,0.0078843,0,1.0
4172,0.005356979603990286,0.040313387414080824,0.0015493,1.342730565149467,2.3495759267489063,92.00890627014108,1.01338506043586,38.28271135600398,0.32696719194081925,-73.75327564755696,-0.8125632746084135,-26.868298239873475,-0.8604110866485712,-26.208395607630322,-0.01912858174625246,0.2989423197726775,-0.001441,4.757135147042915,0.0078843,0,1.0
4173,0.0004245117948902255,0.061447035125437185,0.0015493,1.342730565149467,2.3495759267489063,81.0403712845468,1.01338506043586,27.33979039909675,0.32696719194081925,-31.27442124832795,-0.8125632746084135,-39.89814659689987,-0.8604110866485712,-36.89390672551606,-0.01912858174625246,0.3009748035568933,-0.001441,3.6144093702209306,0.0078843,0,1.0
4174,0.07615693117167499,0.01583304555135164,0.0015493,1.342730565149467,2.3495759267489063,34.835521479535785,1.01338506043586,20.060337195257492,0.32696719194081925,-56.795742016108555,-0.8125632746084135,5.119059731075331,-0.8604110866485712,2.060317650552757,-0.01912858174625246,0.2852008991090258,-0.001441,2.3062579200779245,0.0078843,0,1.0
4175,0.06368674773866767,0.030480832676869907,0.0015493,1.342730565149467,2.3495759267489063,-30.424779679124274,1.01338506043586,8.79269660686938,0.32696719194081925,-99.74589299573776,-0.8125632746084135,86.84366027799757,-0.8604110866485712,56.29132178274465,-0.01912858174625246,0.3353081231119412,-0.001441,1.0031364320150633,0.0078843,0,1.0
4176,0.014539032590338952,0.00018438733146884642,0.0015493,1.342730565149467,2.3495759267489063,15.477695137887022,1.01338506043586,20.812849244295172,0.32696719194081925,-88.75592239349663,-0.8125632746084135,37.99445617197071,-0.8604110866485712,25.174014605889585,-0.01912858174625246,0.30691042292687676,-0.001441,2.073727678506792,0.0078843,0,1.0
4177,0.01281040087762908,0.00027611777510133477,0.0015493,1.342730565149467,2.3495759267489063,-4.4663846994861895,1.01338506043586,15.232328550710394,0.32696719194081925,-86.96711970684066,-0.8125632746084135,54.10068099694984,-0.8604110866485712,35.515822276168954,-0.01912858174625246,0.35808878325973964,-0.001441,1.3321684509232523,0.0078843,0,1.0
4178,0.09578660426497487,0.016600509174489967,0.0015493,1.342730565149467,2.3495759267489063,-16.79160649096628,1.01338506043586,9.452348845423014,0.32696719194081925,-75.90836142738725,-0.8125632746084135,60.4849269922418,-0.8604110866485712,38.72147728858809,-0.01912858174625246,0.3687641146515597,-0.001441,0.9639284530487757,0.0078843,0,1.0
4179,0.6690869768486257,0.26548692867170687,0.0015493,1.342730565149467,2.3495759267489063,-9.308633768246251,1.01338506043586,9.03038097731993,0.32696719194081925,-46.36314688600049,-0.8125632746084135,16.34246535256277,-0.8604110866485712,32.42585441445121,-0.01912858174625246,0.26992966857711903,-0.001441,0.7974811843384979,0.0078843,0,1.0
4180,-3.7236389218708865e-05,0.0530615033464979,0.0015493,1.342730565149467,2.3495759267489063,40.95886128271727,1.01338506043586,20.36631594500596,0.32696719194081925,-56.85094167547415,-0.8125632746084135,10.120349185626683,-0.8604110866485712,-4.012250766009075,-0.01912858174625246,0.7192387467050438,-0.001441,2.441393690437382,0.0078843,0,1.0
4181,-0.1565425418783919,1.1290605637458382,0.0015493,1.342730565149467,2.3495759267489063,65.82958110925782,1.01338506043586,15.450321961513275,0.32696719194081925,-28.736553231177105,-0.8125632746084135,18.208944099066187,-0.8604110866485712,-38.41501016174964,-0.01912858174625246,2.1594499540339953,-0.001441,3.2357075405785984,0.0078843,0,1.0
4182,0.03355859282482987,0.060566189624703386,0.0015493,1.342730565149467,2.3495759267489063,65.26493862876349,1.01338506043586,20.363498345330072,0.32696719194081925,-16.667185199225624,-0.8125632746084135,-36.437970579815484,-0.8604110866485712,-32.7618885029622,-0.01912858174625246,0.28505829326805077,-0.001441,2.789304564630088,0.0078843,0,1.0
4183,-0.04568140496262396,0.18822364599991603,0.0015493,1.342730565149467,2.3495759267489063,12.560374196009477,1.01338506043586,19.537462426186654,0.32696719194081925,-98.60887887026108,-0.8125632746084135,66.52680827225183,-0.8604110866485712,25.788919057011803,-0.01912858174625246,1.4329434748695937,-0.001441,1.9768681516402258,0.0078843,0,1.0
4184,0.0075707492152934375,0.0114983863676931,0.0015493,1.342730565149467,2.3495759267489063,-9.6151296349732,1.01338506043586,6.90752203802632,0.32696719194081925,-57.50126821081814,-0.8125632746084135,45.28204047722106,-0.8604110866485712,27.375614467471742,-0.01912858174625246,0.4380718716319738,-0.001441,0.6369155161354105,0.0078843,0,1.0
4185,0.00019642248888551705,0.07814444785743567,0.0015493,1.342730565149467,2.3495759267489063,76.07617082547692,1.01338506043586,21.485193659567948,0.32696719194081925,-6.062407782369449,-0.8125632746084135,-49.44132445126363,-0.8604110866485712,-44.1474126282794,-0.01912858174625246,0.2759793822465533,-0.001441,2.9967116982004933,0.0078843,0,1.0
4186,1.2110674042122849,0.4764786433251526,0.0015493,1.342730565149467,2.3495759267489063,-29.312818465432308,1.01338506043586,1.6776882684379062,0.32696719194081925,-23.941134027666003,-0.8125632746084135,1.2946325826164606,-0.8604110866485712,44.35738110306128,-0.01912858174625246,-0.005115546469825032,-0.001441,0.05079778867478745,0.0078843,1,1.0
4187,0.050695072495122506,0.11812802803061907,0.0015493,1.342730565149467,2.3495759267489063,3.9325279210679183,1.01338506043586,6.954358124065013,0.32696719194081925,-44.81234103660982,-0.8125632746084135,38.347392182143224,-0.8604110866485712,12.762392980999595,-0.01912858174625246,0.7863980612416602,-0.001441,1.1728943002871217,0.0078843,0,1.0
4188,0.6514390769840638,0.2901110631726808,0.0015493,1.342730565149467,2.3495759267489063,23.63071352472233,1.01338506043586,10.336196123541749,0.32696719194081925,-0.7570157235801919,-0.8125632746084135,-31.61167307112663,-0.8604110866485712,-6.665151770722354,-0.01912858174625246,0.31305669486703724,-0.001441,1.2223701747691846,0.0078843,0,1.0
4189,1.8032242145242483,0.9864358172605519,0.0015493,1.342730565149467,2.3495759267489063,-27.263192716199097,1.01338506043586,5.13711476643021,0.32696719194081925,-13.347806481209277,-0.8125632746084135,-28.342851037012807,-0.8604110866485712,47.02583661509318,-0.01912858174625246,-0.2682055680206749,-0.001441,0.2753392109916439,0.0078843,1,1.0
4190,-0.0015261244582558398,0.08554757006123656,0.0015493,1.342730565149467,2.3495759267489063,94.3928621462575,1.01338506043586,37.465763340084045,0.32696719194081925,-72.15237721217454,-0.8125632746084135,-24.409504694944605,-0.8604110866485712,-28.790136295521318,-0.01912858174625246,0.5430230081373946,-0.001441,4.812328725431093,0.0078843,0,1.0
4191,0.09327093404894304,0.0062321703086555495,0.0015493,1.342730565149467,2.3495759267489063,19.48961508474648,1.01338506043586,19.606038012437406,0.32696719194081925,-73.08964301782004,-0.8125632746084135,24.23145859105405,-0.8604110866485712,17.497325685394713,-0.01912858174625246,0.289535577292927,-0.001441,1.9985668523357134,0.0078843,0,1.0
4192,-0.18913619236372758,0.9001270568236606,0.0015493,1.342730565149467,2.3495759267489063,90.53184617492012,1.01338506043586,20.22142290341208,0.32696719194081925,-6.7967164460715885,-0.8125632746084135,-24.67380491729946,-0.8604110866485712,-60.273390784696666,-0.01912858174625246,1.8393625847883244,-0.001441,3.4042677325533455,0.0078843,0,1.0
4193,0.02644348391644158,0.06018015384760834,0.0015493,1.342730565149467,2.3495759267489063,90.63463291606726,1.01338506043586,35.484228851486805,0.32696719194081925,-65.79358535158401,-0.8125632746084135,-29.067173927051225,-0.8604110866485712,-27.69705033764068,-0.01912858174625246,0.3118390486450142,-0.001441,4.624207721200459,0.0078843,0,1.0
4194,0.012357644055736472,0.046413355100439105,0.0015493,1.342730565149467,2.3495759267489063,50.29259175339108,1.01338506043586,16.039250404505584,0.32696719194081925,-12.51849570519354,-0.8125632746084135,-27.47364927822365,-0.8604110866485712,-26.17142054958576,-0.01912858174625246,0.28516208150347,-0.001441,2.099640011837077,0.0078843,0,1.0
4195,-0.004990839180309764,0.3233028731246952,0.0015493,1.342730565149467,2.3495759267489063,-30.110486446904005,1.01338506043586,-0.5095119164023986,0.32696719194081925,-57.94030971929548,-0.8125632746084135,59.59618582355479,-0.8604110866485712,42.046483301513874,-0.01912858174625246,-0.15825119551715075,-0.001441,0.32272684787356254,0.0078843,1,1.0
4196,0.2518381951711872,0.756696315739358,0.0015493,1.342730565149467,2.3495759267489063,-12.791287474935999,1.01338506043586,1.9124995544033772,0.32696719194081925,-45.14773050537454,-0.8125632746084135,57.028245489464304,-0.8604110866485712,23.51109965354466,-0.01912858174625246,0.18031318798255458,-0.001441,1.8499499465244795,0.0078843,0,1.0
4197,-0.002412635964849419,0.12035092565255119,0.0015493,1.342730565149467,2.3495759267489063,-4.976227708862911,1.01338506043586,3.0931706987211367,0.32696719194081925,-22.634210672030125,-0.8125632746084135,15.315875451191067,-0.8604110866485712,11.821047999060754,-0.01912858174625246,-0.03160556623335198,-0.001441,0.22945414796348973,0.0078843,1,1.0
4198,0.0012266450666613693,0.3389700441122869,0.0015493,1.342730565149467,2.3495759267489063,98.60976928720494,1.01338506043586,26.074543906368394,0.32696719194081925,-4.0328965977347,-0.8125632746084135,-54.67312656867847,-0.8604110866485712,-61.333162144704595,-0.01912858174625246,1.0417823552805772,-0.001441,3.7223449049504103,0.0078843,0,1.0
4199,0.0359252044072802,0.18069582661158815,0.0015493,1.342730565149467,2.3495759267489063,26.352913453247805,1.01338506043586,25.783717736239836,0.32696719194081925,-99.67184343496518,-0.8125632746084135,52.12640686348825,-0.8604110866485712,17.920389181460454,-0.01912858174625246,1.3513719482278843,-0.001441,2.568184944727191,0.0078843,0,1.0
4200,0.16948040744916285,0.0418476193742957,0.0015493,2.4597478815145957,3.1087171528187403,-91.56157146457932,1.01338506043586,-2.395386837473769,0.32696719194081925,-44.47864269778255,-0.8125632746084135,76.7187978640114,-0.8604110866485712,60.4941170374227,-0.01912858174625246,-0.13476212222806613,-0.001441,0.1349702505531619,0.0078843,1,1.0
4201,0.12780750315334655,0.010625254600986293,0.0015493,2.4597478815145957,3.1087171528187403,-38.42412128913673,1.01338506043586,4.339405804225841,0.32696719194081925,-60.7746427256694,-0.8125632746084135,45.37330403851909,-0.8604110866485712,48.89339875739523,-0.01912858174625246,-0.0701137912678453,-0.001441,0.07061394621208712,0.0078843,1,1.0
4202,0.006709222042612817,0.06899703466956339,0.0015493,2.4597478815145957,3.1087171528187403,3.1473313535086382,1.01338506043586,7.041597329293725,0.32696719194081925,-63.96716544261068,-0.8125632746084135,34.01520124277484,-0.8604110866485712,30.801127660013698,-0.01912858174625246,-0.07965768856144424,-0.001441,0.1588266080384842,0.0078843,1,1.0
4203,0.3433985539768021,0.022981693224171873,0.0015493,2.4597478815145957,3.1087171528187403,-55.067938726053704,1.01338506043586,-0.4392275118456153,0.32696719194081925,-25.498364100436334,-0.8125632746084135,21.378773678743116,-0.8604110866485712,46.61614505913182,-0.01912858174625246,-0.030888884286712024,-0.001441,0.030059074964232626,0.0078843,1,1.0
4204,-0.0008935094354176054,0.2028826469485105,0.0015493,2.4597478815145957,3.1087171528187403,-27.059267158816724,1.01338506043586,-3.2940108015557854,0.32696719194081925,-22.740849300800427,-0.8125632746084135,63.64674406473364,-0.8604110866485712,18.98554542340864,-0.01912858174625246,-0.04938418552313095,-0.001441,0.34051292745761597,0.0078843,1,1.0
4205,0.005751656435092123,0.10575120720341179,0.0015493,2.4597478815145957,3.1087171528187403,37.13007594285322,1.01338506043586,8.612039089870862,0.32696719194081925,-50.94964125993754,-0.8125632746084135,8.207582340925827,-0.8604110866485712,10.855442166122549,-0.01912858174625246,-0.057343980657891175,-0.001441,0.21706949927920396,0.0078843,1,1.0
4206,0.027832700496132734,0.013713971390064979,0.0015493,2.4597478815145957,3.1087171528187403,-38.45632142583067,1.01338506043586,-2.523976194596294,0.32696719194081925,-10.531379002332544,-0.8125632746084135,33.41495338319345,-0.8604110866485712,19.979785444156377,-0.01912858174625246,-0.0793490347813015,-0.001441,0.07930869829952679,0.0078843,1,1.0
4207,0.24634846042731356,0.025473444259350504,0.0015493,2.4597478815145957,3.1087171528187403,-42.19815477276389,1.01338506043586,-2.2218376411420695,0.32696719194081925,-1.612606809104721,-0.8125632746084135,9.593714152589634,-0.8604110866485712,25.3941623800644,-0.01912858174625246,-0.07101742938249274,-0.001441,0.07141299523400306,0.0078843,1,1.0
4208,-0.0011547371097092862,0.027929758402104057,0.0015493,2.4597478815145957,3.1087171528187403,3.468802695020204,1.01338506043586,2.239769798227008,0.32696719194081925,-16.344243411402598,-0.8125632746084135,9.278964849851885,-0.8604110866485712,5.697570735235643,-0.01912858174625246,0.0006615080184998526,-0.001441,0.05039435159399105,0.0078843,0,1.0
4209,0.09740969070035055,0.0226962200826513,0.0015493,2.4597478815145957,3.1087171528187403,-0.9438136962853529,1.01338506043586,5.275800033028453,0.32696719194081925,-33.6095768533773,-0.8125632746084135,4.898090806065025,-0.8604110866485712,19.895869293071986,-0.01912858174625246,-0.1007537864404045,-0.001441,0.10281614829940028,0.0078843,1,1.0
4210,0.015489319736004648,0.10362253882120875,0.0015493,2.4597478815145957,3.1087171528187403,67.46238145399548,1.01338506043586,13.96569177810411,0.32696719194081925,-99.89454135204834,-0.8125632746084135,71.81305443195761,-0.8604110866485712,13.77037788775094,-0.01912858174625246,0.365315848821338,-0.001441,0.48278529868670733,0.0078843,0,1.0
4211,0.2018905415682996,0.04121606055012583,0.0015493,2.4597478815145957,3.1087171528187403,30.337981277211885,1.01338506043586,5.634394785289173,0.32696719194081925,-4.794432834647451,-0.8125632746084135,-43.58141143431335,-0.8604110866485712,-1.1688568430576836,-0.01912858174625246,-0.12376824893848212,-0.001441,0.13316929638900296,0.0078843,1,1.0
4212,0.1430951531211444,0.0876639731744056,0.0015493,2.4597478815145957,3.1087171528187403,10.997530135858208,1.01338506043586,9.50550876177242,0.32696719194081925,-61.73444671335536,-0.8125632746084135,5.215903800317488,-0.8604110866485712,32.470491941726316,-0.01912858174625246,-0.19067923755923974,-0.001441,0.20578947097456277,0.0078843,1,1.0
4213,0.0013700881100980888,0.13115638588858983,0.0015493,2.4597478815145957,3.1087171528187403,24.512070734466914,1.01338506043586,10.738019060973471,0.32696719194081925,-99.01013830841359,-0.8125632746084135,79.85259661931387,-0.8604110866485712,32.90018140497413,-0.01912858174625246,0.25743609822000846,-0.001441,0.300270338307025,0.0078843,0,1.0
4214,0.14055569104686577,0.005268509506862924,0.0015493,2.4597478815145957,3.1087171528187403,-18.95510298182991,1.01338506043586,-0.5615290523363288,0.32696719194081925,-5.172617095129622,-0.8125632746084135,3.7595395370972797,-0.8604110866485712,15.364924716764193,-0.01912858174625246,-0.017565582913691386,-0.001441,0.01854463188629769,0.0078843,1,1.0
4215,0.17777667179349121,0.005224766995829558,0.0015493,2.4597478815145957,3.1087171528187403,-69.34569897303791,1.01338506043586,2.6001372214686707,0.32696719194081925,-73.38396156605633,-0.8125632746084135,71.82015238160415,-0.8604110866485712,68.86523040127629,-0.01912858174625246,-0.031831374010982634,-0.001441,0.031784063325301766,0.0078843,1,1.0
4216,0.45506702058679893,0.10562142992217707,0.0015493,2.4597478815145957,3.1087171528187403,-22.293700279395352,1.01338506043586,11.666197325824895,0.32696719194081925,-80.78725504925815,-0.8125632746084135,6.452801981504219,-0.8604110866485712,64.7129933788643,-0.01912858174625246,-0.21487069744938908,-0.001441,0.2232194389915106,0.0078843,1,1.0
4217,0.0007251046371885561,0.11897592007547785,0.0015493,2.4597478815145957,3.1087171528187403,44.05785344210816,1.01338506043586,5.3695616255781715,0.32696719194081925,-26.53242433369902,-0.8125632746084135,9.882552728214954,-0.8604110866485712,-6.888491012845109,-0.01912858174625246,0.15021921363265112,-0.001441,0.1900855242621453,0.0078843,0,1.0
4218,0.02190676822865409,0.009985071113641386,0.0015493,2.4597478815145957,3.1087171528187403,18.689994799394608,1.01338506043586,2.5478434977791196,0.32696719194081925,-3.8679365377815476,-0.8125632746084135,-15.926906819300811,-0.8604110866485712,-3.750210091631123,-0.01912858174625246,-0.06700413047502442,-0.001441,0.06643949641479048,0.0078843,1,1.0
4219,0.0030829721661869147,0.08561647125176221,0.0015493,2.4597478815145957,3.1087171528187403,97.27678171325873,1.01338506043586,12.915402956835926,0.32696719194081925,-94.90484606763778,-0.8125632746084135,77.3939787990615,-0.8604110866485712,-1.080248793990413,-0.01912858174625246,0.40035834628726086,-0.001441,0.7331653005172452,0.0078843,0,1.0
4220,-0.0028035283011002554,0.24082497524846502,0.0015493,2.4597478815145957,3.1087171528187403,8.576774504939934,1.01338506043586,3.3709890714650057,0.32696719194081925,-63.07168017116482,-0.8125632746084135,87.90894875602243,-0.8604110866485712,20.397189790658004,-0.01912858174625246,0.12325832343690546,-0.001441,0.5287349940311913,0.0078843,0,1.0
4221,0.11217889458756747,0.15006581893433033,0.0015493,2.4597478815145957,3.1087171528187403,91.08937105331536,1.01338506043586,14.115943825120922,0.32696719194081925,-60.34509762550611,-0.8125632746084135,3.3492123598116903,-0.8604110866485712,-8.108603847694994,-0.01912858174625246,0.26733551004568157,-0.001441,0.37352822183245116,0.0078843,0,1.0
4222,0.12869176784521497,0.06815672385920662,0.0015493,2.4597478815145957,3.1087171528187403,-11.222262809150575,1.01338506043586,9.043594355340598,0.32696719194081925,-74.28561936269357,-0.8125632746084135,30.828922008112485,-0.8604110866485712,44.967249451982525,-0.01912858174625246,-0.15100966228192175,-0.001441,0.17656822721707627,0.0078843,1,1.0
4223,0.10567969075842898,0.034057085820192436,0.0015493,2.4597478815145957,3.1087171528187403,27.989743142111912,1.01338506043586,5.625376746141218,0.32696719194081925,-11.846121651782132,-0.8125632746084135,-29.49986032309273,-0.8604110866485712,-0.6276973523495996,-0.01912858174625246,-0.12751818412658839,-0.001441,0.12746086384084748,0.0078843,1,1.0
4224,0.001655810197088159,0.12959976431053022,0.0015493,2.4597478815145957,3.1087171528187403,42.93749756525537,1.01338506043586,9.893275224647892,0.32696719194081925,-68.02189033173298,-0.8125632746084135,39.5819868092099,-0.8604110866485712,12.051222116088816,-0.01912858174625246,0.19621774652930205,-0.001441,0.2529837392099683,0.0078843,0,1.0
4225,0.08999764749274919,0.16178232093009332,0.0015493,2.4597478815145957,3.1087171528187403,97.69614418965844,1.01338506043586,13.101205235556185,0.32696719194081925,-44.79458028783073,-0.8125632746084135,-18.625800087863865,-0.8604110866485712,-16.414946153131012,-0.01912858174625246,0.15319755559031872,-0.001441,0.36090096834031654,0.0078843,0,1.0
4226,0.25485690581786236,0.1793624931334854,0.0015493,2.4597478815145957,3.1087171528187403,35.940930583649724,1.01338506043586,14.4210301004507,0.32696719194081925,-79.78336444261994,-0.8125632746084135,3.079866729080717,-0.8604110866485712,32.347840345512935,-0.01912858174625246,-0.0776180967441317,-0.001441,0.32512132551447237,0.0078843,1,1.0
4227,0.065041022604993,0.04543166964227434,0.0015493,2.4597478815145957,3.1087171528187403,-65.02282447415955,1.01338506043586,-5.182365429130138,0.32696719194081925,-17.25459159719933,-0.8125632746084135,55.77824420032747,-0.8604110866485712,35.97935950199171,-0.01912858174625246,-0.13071923831376503,-0.001441,0.1291346099235297,0.0078843,1,1.0
4228,0.002187431336159562,0.1113922934439595,0.0015493,2.4597478815145957,3.1087171528187403,60.58698695773884,1.01338506043586,5.934314305964894,0.32696719194081925,-16.03758355220126,-0.8125632746084135,-14.121463943276686,-0.8604110866485712,-16.529430764747158,-0.01912858174625246,0.07786948115562953,-0.001441,0.20203290110527716,0.0078843,0,1.0
4229,0.22030842867950814,0.03322434680673594,0.0015493,2.4597478815145957,3.1087171528187403,-2.5152985054403874,1.01338506043586,5.582012073144094,0.32696719194081925,-38.25155338744321,-0.8125632746084135,-3.0709711047550554,-0.8604110866485712,29.48786006370399,-0.01912858174625246,-0.1253406259267061,-0.001441,0.12613040845238552,0.0078843,1,1.0
4230,0.18533766610864444,0.06673669924784266,0.0015493,2.4597478815145957,3.1087171528187403,22.485583505605067,1.01338506043586,7.847951736099563,0.32696719194081925,-34.484755139129945,-0.8125632746084135,-21.031921670372874,-0.8604110866485712,16.34304544784515,-0.01912858174625246,-0.16508243562209962,-0.001441,0.17952885527333612,0.0078843,1,1.0
4231,0.03852238190288987,0.022259387321460357,0.0015493,2.4597478815145957,3.1087171528187403,12.70664746336413,1.01338506043586,3.2060046634338195,0.32696719194081925,-19.23950221601288,-0.8125632746084135,-3.5018783431298712,-0.8604110866485712,7.5355554569479,-0.01912858174625246,-0.0786892804584222,-0.001441,0.0924486538361343,0.0078843,1,1.0
4232,0.004290544117717565,0.1297914312139195,0.0015493,2.4597478815145957,3.1087171528187403,86.37452813494778,1.01338506043586,8.807183168319705,0.32696719194081925,-11.783831585700904,-0.8125632746084135,-36.53725640821722,-0.8604110866485712,-29.454385034619353,-0.01912858174625246,0.05203601401865093,-0.001441,0.2498445397732026,0.0078843,0,1.0
4233,0.1333490248106354,0.0020444920839389367,0.0015493,2.4597478815145957,3.1087171528187403,-31.334877333995998,1.01338506043586,1.1812113524683954,0.32696719194081925,-30.42425969221628,-0.8125632746084135,25.80083200626291,-0.8604110866485712,31.99109775316378,-0.01912858174625246,-0.011983143207506226,-0.001441,0.011894364875640443,0.0078843,1,1.0
4234,0.22031692325381014,0.00598391548378678,0.0015493,2.4597478815145957,3.1087171528187403,-42.5803534587307,1.01338506043586,1.0946493736975798,0.32696719194081925,-34.408696011343295,-0.8125632746084135,27.918355827800234,-0.8604110866485712,41.509632270290794,-0.01912858174625246,-0.007136228002455682,-0.001441,0.00787158639702415,0.0078843,1,1.0
4235,0.00028381231353546976,0.10067406411505664,0.0015493,2.4597478815145957,3.1087171528187403,45.75462609231444,1.01338506043586,7.9578904474707,0.32696719194081925,-32.27393938984734,-0.8125632746084135,-3.5089409708610284,-0.8604110866485712,-4.238146884404989,-0.01912858174625246,0.01386419703179552,-0.001441,0.19372921666195975,0.0078843,0,1.0
4236,0.015525719842322872,0.12624283184628704,0.0015493,2.4597478815145957,3.1087171528187403,99.93987335891971,1.01338506043586,18.817453352491103,0.32696719194081925,-94.12660952670946,-0.8125632746084135,50.71979104051239,-0.8604110866485712,-7.684202868184083,-0.01912858174625246,0.3451231599454837,-0.001441,0.6318100401001353,0.0078843,0,1.0
4237,0.17418029688564474,0.00625576737272314,0.0015493,2.4597478815145957,3.1087171528187403,-19.40446728846434,1.01338506043586,2.8020545641443833,0.32696719194081925,-26.02481126602226,-0.8125632746084135,8.842793916028256,-0.8604110866485712,26.1604137513675,-0.01912858174625246,-0.04777667327650226,-0.001441,0.04777638801248718,0.0078843,1,1.0
4238,0.0010936786999616865,0.11751503551068412,0.0015493,2.4597478815145957,3.1087171528187403,60.94080235414867,1.01338506043586,9.192647450155219,0.32696719194081925,-31.061431436029565,-0.8125632746084135,-22.612783969332607,-0.8604110866485712,-8.022150271433322,-0.01912858174625246,-0.09941193681230245,-0.001441,0.236681314125231,0.0078843,1,1.0
4239,0.08539161328961531,0.03294426804191237,0.0015493,2.4597478815145957,3.1087171528187403,21.31997647288675,1.01338506043586,5.588741416394254,0.32696719194081925,-20.214885167703528,-0.8125632746084135,-17.535231550147223,-0.8604110866485712,5.342917677730722,-0.01912858174625246,-0.12131596597133158,-0.001441,0.12483981263969328,0.0078843,1,1.0
4240,0.013811926871558966,0.10055812382243048,0.0015493,2.4597478815145957,3.1087171528187403,37.08304332618667,1.01338506043586,8.867655267558085,0.32696719194081925,-45.373177000836606,-0.8125632746084135,3.14044449621187,-0.8604110866485712,7.018095127120046,-0.01912858174625246,-0.051448520611312776,-0.001441,0.20654973022059042,0.0078843,1,1.0
4241,0.06410474018767806,0.005219091899557849,0.0015493,2.4597478815145957,3.1087171528187403,-31.763967963528216,1.01338506043586,2.6575749686269354,0.32696719194081925,-48.53872125022557,-0.8125632746084135,41.67403353003117,-0.8604110866485712,38.63676348114897,-0.01912858174625246,-0.04121490576368128,-0.001441,0.04111339563027813,0.0078843,1,1.0
4242,0.0019553088788155093,0.04915739486670907,0.0015493,2.4597478815145957,3.1087171528187403,-73.82748253834279,1.01338506043586,-5.125476951835953,0.32696719194081925,-24.415365870965438,-0.8125632746084135,72.06442590148522,-0.8604110866485712,39.06258706750814,-0.01912858174625246,-0.14950110278127107,-0.001441,0.15005163704459415,0.0078843,1,1.0
4243,0.37911288457150494,0.1460100490769495,0.0015493,2.4597478815145957,3.1087171528187403,54.98738131416257,1.01338506043586,10.900681949953215,0.32696719194081925,-16.16185105720827,-0.8125632746084135,-77.6633107322206,-0.8604110866485712,2.9942634355590623,-0.01912858174625246,-0.2583703175686494,-0.001441,0.26292866381367613,0.0078843,1,1.0
4244,0.6384711089116816,0.1952728840725311,0.0015493,2.4597478815145957,3.1087171528187403,-12.640076930800202,1.01338506043586,15.166686679554568,0.32696719194081925,-88.53525881479821,-0.8125632746084135,-17.849461183135908,-0.8604110866485712,72.30993304216061,-0.01912858174625246,-0.2971337322153991,-0.001441,0.30063480693239125,0.0078843,1,1.0
4245,0.43772456702182205,0.03717796456500617,0.0015493,2.4597478815145957,3.1087171528187403,-62.7679764909074,1.01338506043586,0.273278126750256,0.32696719194081925,-24.340701223934108,-0.8125632746084135,15.900558272366363,-0.8604110866485712,50.900258866990555,-0.01912858174625246,-0.054242399182505625,-0.001441,0.05349866562366908,0.0078843,1,1.0
4246,0.05996380771105335,0.015856899170489124,0.0015493,2.4597478815145957,3.1087171528187403,-71.91654733024652,1.01338506043586,-0.2531180533808669,0.32696719194081925,-53.540447488344164,-0.8125632746084135,76.18042185171942,-0.8604110866485712,53.99061680416916,-0.01912858174625246,-0.08351416967911102,-0.001441,0.08251236937845768,0.0078843,1,1.0
4247,0.23683180984011187,0.17398536457007424,0.0015493,2.4597478815145957,3.1087171528187403,99.9948334351979,1.01338506043586,20.570974294971595,0.32696719194081925,-95.69019276191547,-0.8125632746084135,10.345699340337925,-0.8604110866485712,7.316719703260184,-0.01912858174625246,0.26081355246133825,-0.001441,0.5141180775924599,0.0078843,0,1.0
4248,0.7615599513516808,0.10214115953058384,0.0015493,2.4597478815145957,3.1087171528187403,-26.525937393174143,1.01338506043586,3.4321919627555464,0.32696719194081925,-6.3696290697980364,-0.8125632746084135,-54.05453323653969,-0.8604110866485712,43.567628887153646,-0.01912858174625246,-0.08316491824971309,-0.001441,0.08486462052413493,0.0078843,1,1.0
4249,0.6477487388767289,0.28004612032352466,0.0015493,2.4597478815145957,3.1087171528187403,98.01362202227418,1.01338506043586,22.28515465295865,0.32696719194081925,-97.702889073371,-0.8125632746084135,-26.678495968155204,-0.8604110866485712,27.648148573614712,-0.01912858174625246,0.21793146056596113,-0.001441,0.568669148878424,0.0078843,0,1.0
4250,0.26177162257410436,0.04981027506695193,0.0015493,2.4597478815145957,3.1087171528187403,-1.3502464785593145,1.01338506043586,7.62467514604401,0.32696719194081925,-44.69714063030822,-0.8125632746084135,-6.887065971215271,-0.8604110866485712,32.53066093297651,-0.01912858174625246,-0.15477740215580227,-0.001441,0.1542632092391879,0.0078843,1,1.0
4251,0.009533321631288838,0.030437812939379638,0.0015493,2.4597478815145957,3.1087171528187403,12.633171600954583,1.01338506043586,4.48891761459404,0.32696719194081925,-29.467245843843386,-0.8125632746084135,4.242283089223821,-0.8604110866485712,10.862300718680075,-0.01912858174625246,-0.08783889367079883,-0.001441,0.1074807977980683,0.0078843,1,1.0
4252,0.21921551503627956,0.1699861362614179,0.0015493,2.4597478815145957,3.1087171528187403,72.60217311141274,1.01338506043586,11.869205490580635,0.32696719194081925,-29.556711442517447,-0.8125632746084135,-52.26998462132606,-0.8604110866485712,-5.1189476062685975,-0.01912858174625246,-0.12838683074191268,-0.001441,0.3027299564558883,0.0078843,1,1.0
4253,0.18464469849745058,0.0117768457823803,0.0015493,2.4597478815145957,3.1087171528187403,-53.94355789823008,1.01338506043586,4.721045240346543,0.32696719194081925,-73.5017447300814,-0.8125632746084135,57.884306896450326,-0.8604110866485712,62.93069975033414,-0.01912858174625246,-0.07249171900127603,-0.001441,0.07350231437820447,0.0078843,1,1.0
4254,0.6239836064892674,0.07669774839520217,0.0015493,2.4597478815145957,3.1087171528187403,-10.644088948686043,1.01338506043586,6.045192738634758,0.32696719194081925,-14.282588684025939,-0.8125632746084135,-50.913349831195056,-0.8604110866485712,34.570409637247586,-0.01912858174625246,-0.11816407490529372,-0.001441,0.11940619930181122,0.0078843,1,1.0
4255,1.2569719629930063,0.3935529930385701,0.0015493,2.4597478815145957,3.1087171528187403,-8.71401322156098,1.01338506043586,16.582599732365015,0.32696719194081925,-61.36731148159442,-0.8125632746084135,-97.20188703238958,-0.8604110866485712,82.86010728539574,-0.01912858174625246,-0.35093352559319174,-0.001441,0.35282954287771234,0.0078843,1,1.0
4256,0.0027688936390211083,0.05888616976603489,0.0015493,2.4597478815145957,3.1087171528187403,95.43838929448938,1.01338506043586,14.788608838182933,0.32696719194081925,-96.72274804191572,-0.8125632746084135,67.55409681434926,-0.8604110866485712,-0.08977298747003976,-0.01912858174625246,0.42118374334161723,-0.001441,0.608641302423232,0.0078843,0,1.0
4257,0.31175030541277116,0.011783921167578473,0.0015493,2.4597478815145957,3.1087171528187403,-66.12317483536336,1.01338506043586,2.2049623915872973,0.32696719194081925,-61.27642388416029,-0.8125632746084135,50.35863844748075,-0.8604110866485712,67.51584803368506,-0.01912858174625246,-0.018378335789510886,-0.001441,0.019600363666304566,0.0078843,1,1.0
4258,0.8307456542714866,0.09299926153683523,0.0015493,2.4597478815145957,3.1087171528187403,-81.77973466617522,1.01338506043586,6.170000270838809,0.32696719194081925,-71.03561800457389,-0.8125632746084135,12.51264277903901,-0.8604110866485712,97.88189835788152,-0.01912858174625246,-0.09546187139377817,-0.001441,0.09436771511612242,0.0078843,1,1.0
4259,0.1662768043984142,0.09776915066372047,0.0015493,2.4597478815145957,3.1087171528187403,27.268276357031745,1.01338506043586,9.407514669542712,0.32696719194081925,-46.880203266465344,-0.8125632746084135,-16.428867669060672,-0.8604110866485712,20.40066568031264,-0.01912858174625246,-0.19843823836586497,-0.001441,0.2191692594990632,0.0078843,1,1.0
4260,0.13910610371921162,0.10722304020998305,0.0015493,2.4597478815145957,3.1087171528187403,-10.99571279160944,1.01338506043586,11.035095679758964,0.32696719194081925,-94.61207796432647,-0.8125632746084135,37.73165096227303,-0.8604110866485712,56.91187349204633,-0.01912858174625246,-0.21868374620439796,-0.001441,0.22446240461564154,0.0078843,1,1.0
4261,0.07925255834783407,0.08578569031573009,0.0015493,2.4597478815145957,3.1087171528187403,8.033114925104739,1.01338506043586,8.956707009434831,0.32696719194081925,-66.92968197804208,-0.8125632746084135,22.947651201364334,-0.8604110866485712,32.58472003311253,-0.01912858174625246,-0.11516624528311462,-0.001441,0.19399925335905113,0.0078843,1,1.0
4262,0.0462608024249917,0.036489033820254604,0.0015493,2.4597478815145957,3.1087171528187403,43.18271360012986,1.01338506043586,4.893455972700455,0.32696719194081925,-0.6786904964347551,-0.8125632746084135,-39.987294791492225,-0.8604110866485712,-13.041181099403389,-0.01912858174625246,-0.13309441035434552,-0.001441,0.13289425290494392,0.0078843,1,1.0
4263,0.11762359768236441,0.12441422902026888,0.0015493,2.4597478815145957,3.1087171528187403,21.57588383608107,1.01338506043586,11.530290980249378,0.32696719194081925,-65.92445833528028,-0.8125632746084135,0.5970722251433704,-0.8604110866485712,28.58285262128378,-0.01912858174625246,-0.2228543935187356,-0.001441,0.24360585369553,0.0078843,1,1.0
4264,-0.0001492193803737385,0.012871650185911193,0.0015493,2.4597478815145957,3.1087171528187403,-5.137770251362028,1.01338506043586,1.7157240716522855,0.32696719194081925,-27.233643846898524,-0.8125632746084135,18.42490417908214,-0.8604110866485712,17.052769344636445,-0.01912858174625246,-0.05576704942900206,-0.001441,0.06041392944580442,0.0078843,1,1.0
4265,0.10920965832964041,0.022316112201839843,0.0015493,2.4597478815145957,3.1087171528187403,-8.225743775625778,1.01338506043586,4.918750830939105,0.32696719194081925,-44.11929259270918,-0.8125632746084135,15.685144713358563,-0.8604110866485712,29.88780044021766,-0.01912858174625246,-0.10321247899573363,-0.001441,0.10357260724230469,0.0078843,1,1.0
4266,0.6812171038829717,0.06611798981254202,0.0015493,2.4597478815145957,3.1087171528187403,-65.49272859859566,1.01338506043586,6.969479949101167,0.32696719194081925,-68.35046376564617,-0.8125632746084135,12.735120168935808,-0.8604110866485712,83.7946560175786,-0.01912858174625246,-0.11245392254143874,-0.001441,0.11244672369993161,0.0078843,1,1.0
4267,0.00047083135034878265,0.047558956664284974,0.0015493,2.4597478815145957,3.1087171528187403,-10.650233658429158,1.01338506043586,2.827510939400348,0.32696719194081925,-41.63203104080588,-0.8125632746084135,38.28864360652748,-0.8604110866485712,23.754111055622438,-0.01912858174625246,0.04083377771697766,-0.001441,0.06274014701574177,0.0078843,0,1.0
4268,0.7525977577466282,0.1123159065000032,0.0015493,2.4597478815145957,3.1087171528187403,-42.760500216343495,1.01338506043586,8.156927178089006,0.32696719194081925,-63.609907821655135,-0.8125632746084135,-12.967504241905168,-0.8604110866485712,78.02110074740462,-0.01912858174625246,-0.16267379519937827,-0.001441,0.1710456109511793,0.0078843,1,1.0
4269,0.7608911801352681,0.08900814264490417,0.0015493,2.4597478815145957,3.1087171528187403,-73.6927685038554,1.01338506043586,8.884145201154928,0.32696719194081925,-84.08833507492245,-0.8125632746084135,17.878125460780023,-0.8604110866485712,97.2274766292697,-0.01912858174625246,-0.14538322018539432,-0.001441,0.1464810733733867,0.0078843,1,1.0
4270,0.24740166761709734,0.008061285745895798,0.0015493,2.4597478815145957,3.1087171528187403,-48.71596908822601,1.01338506043586,2.886296203214935,0.32696719194081925,-48.11887255680741,-0.8125632746084135,35.37990408621347,-0.8604110866485712,50.592580749415376,-0.01912858174625246,-0.04449499564626953,-0.001441,0.045381906939170005,0.0078843,1,1.0
4271,0.003794118944031033,0.14219859221665943,0.0015493,2.4597478815145957,3.1087171528187403,63.609747761513056,1.01338506043586,8.939588824470322,0.32696719194081925,-53.07729041244792,-0.8125632746084135,30.672980649130547,-0.8604110866485712,-4.024973808409459,-0.01912858174625246,0.25637590960107826,-0.001441,0.3367210405542773,0.0078843,0,1.0
4272,0.7753377554967364,0.08460419830939321,0.0015493,2.4597478815145957,3.1087171528187403,-76.8183615943467,1.01338506043586,2.9938064268742104,0.32696719194081925,-43.776936767681654,-0.8125632746084135,2.076191435720673,-0.8604110866485712,80.295654402581,-0.01912858174625246,-0.03200975413571974,-0.001441,0.03153805040773375,0.0078843,1,1.0
4273,0.194031108393288,0.023559924296344254,0.0015493,2.4597478815145957,3.1087171528187403,13.829064528185706,1.01338506043586,4.404189551248624,0.32696719194081925,-11.567939736794642,-0.8125632746084135,-26.619509073436262,-0.8604110866485712,8.454634142208196,-0.01912858174625246,-0.10271417317232477,-0.001441,0.10238590496224041,0.0078843,1,1.0
4274,0.14959541774455232,0.155050604508088,0.0015493,2.4597478815145957,3.1087171528187403,54.54608170004345,1.01338506043586,11.668923621243273,0.32696719194081925,-65.71437815953381,-0.8125632746084135,8.186062389059964,-0.8604110866485712,14.852573340882781,-0.01912858174625246,0.07127326773241127,-0.001441,0.31301831809147096,0.0078843,0,1.0
4275,0.31273929430595665,0.044753502521538514,0.0015493,2.4597478815145957,3.1087171528187403,-9.057392209994696,1.01338506043586,7.277883047876055,0.32696719194081925,-44.58615120425404,-0.8125632746084135,-5.777252159974179,-0.8604110866485712,37.022336060635965,-0.01912858174625246,-0.14008087993394328,-0.001441,0.14252611485182368,0.0078843,1,1.0
4276,0.33975301544533765,0.07766828831841774,0.0015493,2.4597478815145957,3.1087171528187403,1.3872489597084703,1.01338506043586,8.980445184905902,0.32696719194081925,-52.660270500275644,-0.8125632746084135,-12.294512771948206,-0.8604110866485712,39.28886521893998,-0.01912858174625246,-0.18595351553609393,-0.001441,0.19288815362459763,0.0078843,1,1.0
4277,0.563306693096053,0.10022556700914398,0.0015493,2.4597478815145957,3.1087171528187403,6.869797535603369,1.01338506043586,8.603913915304302,0.32696719194081925,-27.999185851444587,-0.8125632746084135,-51.3545296166086,-0.8604110866485712,33.34429059035931,-0.01912858174625246,-0.17886945036898783,-0.001441,0.18894296106025432,0.0078843,1,1.0
4278,0.614098833577767,0.29001106726951376,0.0015493,2.4597478815145957,3.1087171528187403,16.503287677694704,1.01338506043586,17.516544964724822,0.32696719194081925,-95.75222988710478,-0.8125632746084135,-28.529268573774296,-0.8604110866485712,65.45355004960943,-0.01912858174625246,-0.3219822974636402,-0.001441,0.38540108331823825,0.0078843,1,1.0
4279,0.05270301698449878,0.015392780437696358,0.0015493,2.4597478815145957,3.1087171528187403,21.772922817239934,1.01338506043586,3.352449353678973,0.32696719194081925,-6.267553012001624,-0.8125632746084135,-20.415153295373624,-0.8604110866485712,-2.383811221977027,-0.01912858174625246,-0.08576770497431406,-0.001441,0.08659523915240323,0.0078843,1,1.0
4280,0.690869152770246,0.3570102512617327,0.0015493,2.4597478815145957,3.1087171528187403,82.89363048764974,1.01338506043586,20.93655212287612,0.32696719194081925,-80.31579221207181,-0.8125632746084135,-56.56212670878271,-0.8604110866485712,30.303724783072536,-0.01912858174625246,-0.02892375644832612,-0.001441,0.5154609962103808,0.0078843,1,1.0
4281,0.016246689276768034,0.3617442092477211,0.0015493,2.4597478815145957,3.1087171528187403,76.77471523749078,1.01338506043586,4.596856781489403,0.32696719194081925,-39.64963765040908,-0.8125632746084135,76.00839595268597,-0.8604110866485712,-23.867444960334176,-0.01912858174625246,0.21603171747741134,-0.001441,1.0109045297835426,0.0078843,0,1.0
4282,-0.0003957352681517867,0.03465229926716914,0.0015493,2.4597478815145957,3.1087171528187403,-6.674291885877765,1.01338506043586,5.970539189782725,0.32696719194081925,-54.84355074899585,-0.8125632746084135,29.885524976508595,-0.8604110866485712,29.572544250159922,-0.01912858174625246,-0.11729925900732009,-0.001441,0.11687082256141569,0.0078843,1,1.0
4283,0.3838723700761458,0.15114973643717095,0.0015493,2.4597478815145957,3.1087171528187403,64.37405873197008,1.01338506043586,10.726286301113433,0.32696719194081925,-5.928535171937367,-0.8125632746084135,-90.61102959395323,-0.8604110866485712,-5.289371304645524,-0.01912858174625246,-0.26225598286311336,-0.001441,0.26576908312956815,0.0078843,1,1.0
4284,0.03633434792870083,0.09486999105308995,0.0015493,2.4597478815145957,3.1087171528187403,16.484232178154553,1.01338506043586,8.450564287906316,0.32696719194081925,-64.49197578487497,-0.8125632746084135,27.382380059073817,-0.8604110866485712,26.05172038816145,-0.01912858174625246,-0.04256475947786033,-0.001441,0.19712456284329705,0.0078843,1,1.0
4285,1.1987285145377107,0.23198588610817494,0.0015493,2.4597478815145957,3.1087171528187403,-58.57957319146189,1.01338506043586,7.338720737017009,0.32696719194081925,-27.402559535183194,-0.8125632746084135,-65.97585101786144,-0.8604110866485712,80.41483298703163,-0.01912858174625246,-0.12120413027864989,-0.001441,0.12392165506613644,0.0078843,1,1.0
4286,0.16081836062938848,0.0986738986052664,0.0015493,2.4597478815145957,3.1087171528187403,99.94808802168671,1.01338506043586,16.263019866849447,0.32696719194081925,-86.48450480023496,-0.8125632746084135,35.325424245362115,-0.8604110866485712,-0.60822321214688,-0.01912858174625246,0.44399619323841527,-0.001441,0.5207146556132511,0.0078843,0,1.0
4287,0.0021808268021188404,0.09850176102684845,0.0015493,2.4597478815145957,3.1087171528187403,39.52706195610385,1.01338506043586,8.161148615189974,0.32696719194081925,-43.142114470388826,-0.8125632746084135,2.8786123964113677,-0.8604110866485712,5.459617149325785,-0.01912858174625246,-0.04194581689635064,-0.001441,0.20359936658721672,0.0078843,1,1.0
4288,0.6781779833119106,0.0788095856348332,0.0015493,2.4597478815145957,3.1087171528187403,-50.22931142815508,1.01338506043586,7.532403978623355,0.32696719194081925,-62.43246448737608,-0.8125632746084135,-1.8556075756549082,-0.8604110866485712,75.87283768015118,-0.01912858174625246,-0.1366473474198832,-0.001441,0.13476136998745164,0.0078843,1,1.0
4289,0.006393574069486485,0.10650633129637874,0.0015493,2.4597478815145957,3.1087171528187403,65.08113361025569,1.01338506043586,13.111867122248347,0.32696719194081925,-99.93149372457833,-0.8125632746084135,73.4042383753151,-0.8604110866485712,15.834168270766794,-0.01912858174625246,0.36003695867545116,-0.001441,0.4638236284569338,0.0078843,0,1.0
4290,0.0024819843439849443,0.23049901197728137,0.0015493,2.4597478815145957,3.1087171528187403,96.92623567126827,1.01338506043586,9.073403444661775,0.32696719194081925,-45.09076918003439,-0.8125632746084135,58.30839276359638,-0.8604110866485712,-31.41271353555106,-0.01912858174625246,0.2863312111443222,-0.001441,0.9167227040936936,0.0078843,0,1.0
4291,0.0034935532060704766,0.12258022521662779,0.0015493,2.4597478815145957,3.1087171528187403,60.71598496274456,1.01338506043586,8.26553885516445,0.32696719194081925,-25.37227446684451,-0.8125632746084135,-8.115325814145061,-0.8604110866485712,-15.057072750379131,-0.01912858174625246,0.10854630904504242,-0.001441,0.21509129665101007,0.0078843,0,1.0
4292,0.2592033376213646,0.015949996297635397,0.0015493,2.4597478815145957,3.1087171528187403,-44.541921951325264,1.01338506043586,5.035142897379093,0.32696719194081925,-62.16328934984481,-0.8125632746084135,36.96549208101586,-0.8604110866485712,56.73591759316275,-0.01912858174625246,-0.08236366272068836,-0.001441,0.08181744071403081,0.0078843,1,1.0
4293,0.015551849062059642,0.03762275705131478,0.0015493,2.4597478815145957,3.1087171528187403,-47.923069534481876,1.01338506043586,6.373860875353272,0.32696719194081925,-98.39370454852262,-0.8125632746084135,82.63627111915784,-0.8604110866485712,67.67776381749557,-0.01912858174625246,-0.10966637414316435,-0.001441,0.10931359724135045,0.0078843,1,1.0
4294,0.3254039651663786,0.1915878421050509,0.0015493,2.4597478815145957,3.1087171528187403,58.605435121984954,1.01338506043586,13.257991866887917,0.32696719194081925,-40.02196531865734,-0.8125632746084135,-56.07824973629768,-0.8604110866485712,10.14051273273276,-0.01912858174625246,-0.22579121871524488,-0.001441,0.31438007400844525,0.0078843,1,1.0
4295,0.7309304819266258,0.07879090170843377,0.0015493,2.4597478815145957,3.1087171528187403,-70.50307979161417,1.01338506043586,2.632606501680043,0.32696719194081925,-33.515464446577546,-0.8125632746084135,-3.9472961911244604,-0.8604110866485712,70.21120847545603,-0.01912858174625246,-0.03155569229000289,-0.001441,0.030930263801636614,0.0078843,1,1.0
4296,0.8256390871003866,0.10950374591054216,0.0015493,2.4597478815145957,3.1087171528187403,-59.35120391191257,1.01338506043586,5.455032622292956,0.32696719194081925,-51.52695326235747,-0.8125632746084135,-12.266161490844254,-0.8604110866485712,80.93576781226643,-0.01912858174625246,-0.10213127881531085,-0.001441,0.11004369218749437,0.0078843,1,1.0
4297,0.46067288605274503,0.12325133819430284,0.0015493,2.4597478815145957,3.1087171528187403,26.920773724883308,1.01338506043586,10.151860123588134,0.32696719194081925,-31.670623016954487,-0.8125632746084135,-55.12919757111074,-0.8604110866485712,24.309485399194884,-0.01912858174625246,-0.22512014295565988,-0.001441,0.23577396990939029,0.0078843,1,1.0
4298,0.10769678675559505,0.012075354155162098,0.0015493,2.4597478815145957,3.1087171528187403,-35.01597150432468,1.01338506043586,-1.9795130597002601,0.32696719194081925,-6.60583693147166,-0.8125632746084135,20.41068802617719,-0.8604110866485712,19.90780228122368,-0.01912858174625246,-0.06429113095578887,-0.001441,0.06411707102274908,0.0078843,1,1.0
4299,0.21416250018039612,0.017501411066065196,0.0015493,2.4597478815145957,3.1087171528187403,-73.9152983212124,1.01338506043586,-0.2565499382294244,0.32696719194081925,-45.29960571870592,-0.8125632746084135,58.103712831596425,-0.8604110866485712,56.68374213516845,-0.01912858174625246,-0.07737435108070184,-0.001441,0.07728088418800766,0.0078843,1,1.0
4300,0.08202498088865415,0.005990657515476358,0.0015493,1.953679530487697,3.0141450503401943,-21.63768749906886,1.01338506043586,-0.12094888431021977,0.32696719194081925,-17.44761538340677,-0.8125632746084135,22.698799785114755,-0.8604110866485712,18.89921471902213,-0.01912858174625246,-0.04771305084283694,-0.001441,0.04807364178453493,0.0078843,1,1.0
4301,0.15452025635632294,0.09592117632915735,0.0015493,1.953679530487697,3.0141450503401943,97.97101970411887,1.01338506043586,12.872293531425171,0.32696719194081925,-3.916483702552457,-0.8125632746084135,-41.85430216555214,-0.8604110866485712,-42.88029729838335,-0.01912858174625246,0.4343077935117122,-0.001441,0.5964320853156525,0.0078843,0,1.0
4302,0.0298944012679343,0.06679476397207881,0.0015493,1.953679530487697,3.0141450503401943,-57.67437564129714,1.01338506043586,-2.7405607536286976,0.32696719194081925,-49.60336067967066,-0.8125632746084135,82.78434385629824,-0.8604110866485712,46.55980036510035,-0.01912858174625246,-0.14990947969810076,-0.001441,0.16718891354887216,0.0078843,1,1.0
4303,0.22008121181737444,0.08203346448389427,0.0015493,1.953679530487697,3.0141450503401943,-7.744966992080623,1.01338506043586,8.091200784052788,0.32696719194081925,-40.62229245127215,-0.8125632746084135,-0.7545971627330259,-0.8604110866485712,28.223221798695516,-0.01912858174625246,-0.1998995769088224,-0.001441,0.20027876235613848,0.0078843,1,1.0
4304,0.4224796384921674,0.025269262391693234,0.0015493,1.953679530487697,3.0141450503401943,-63.027527228138396,1.01338506043586,3.799893830800086,0.32696719194081925,-68.83933603385238,-0.8125632746084135,53.865014157734564,-0.8604110866485712,70.34461592318156,-0.01912858174625246,-0.06122407028607704,-0.001441,0.06214380366430747,0.0078843,1,1.0
4305,0.0012226406251860666,0.05134979752738715,0.0015493,1.953679530487697,3.0141450503401943,90.77057489593001,1.01338506043586,13.57669074386871,0.32696719194081925,-35.93208770429325,-0.8125632746084135,-0.0790221741863516,-0.8604110866485712,-29.783558993661988,-0.01912858174625246,0.44451256898396924,-0.001441,0.6631204157789673,0.0078843,0,1.0
4306,0.009762693831964743,0.0033485392182630276,0.0015493,1.953679530487697,3.0141450503401943,-16.87480190420032,1.01338506043586,0.5051008330636136,0.32696719194081925,-20.022849262097814,-0.8125632746084135,25.18901050802306,-0.8604110866485712,15.766804085366358,-0.01912858174625246,-0.03663878474969757,-0.001441,0.03767684605437698,0.0078843,1,1.0
4307,-7.568696510862338e-05,0.028208259022618875,0.0015493,1.953679530487697,3.0141450503401943,52.42698696803692,1.01338506043586,14.434308383665297,0.32696719194081925,-79.57419834147056,-0.8125632746084135,51.45956196117891,-0.8604110866485712,6.009536314104067,-0.01912858174625246,0.44289602993434163,-0.001441,0.5755431078391697,0.0078843,0,1.0
4308,0.10515211248399225,0.0020431372249635617,0.0015493,1.953679530487697,3.0141450503401943,-13.15137323546413,1.01338506043586,0.24811163547890228,0.32696719194081925,-10.858611902545478,-0.8125632746084135,8.518428996000077,-0.8604110866485712,13.814365694929503,-0.01912858174625246,-0.005819297304081298,-0.001441,0.005749144048470238,0.0078843,1,1.0
4309,0.020788350446156234,0.06451308545603046,0.0015493,1.953679530487697,3.0141450503401943,51.29656932257186,1.01338506043586,10.434667765168628,0.32696719194081925,-49.28444536458619,-0.8125632746084135,41.889367723978424,-0.8604110866485712,-8.603414682050412,-0.01912858174625246,0.42211121798153955,-0.001441,0.6175843573750495,0.0078843,0,1.0
4310,0.7045622766455965,0.08482862051469024,0.0015493,1.953679530487697,3.0141450503401943,-37.5396419910434,1.01338506043586,2.7670962047106102,0.32696719194081925,-14.780715777497798,-0.8125632746084135,-22.086854815494664,-0.8604110866485712,44.44968577528513,-0.01912858174625246,-0.039554326266734864,-0.001441,0.04178441086444349,0.0078843,1,1.0
4311,0.01068418909505675,0.10525927128247559,0.0015493,1.953679530487697,3.0141450503401943,60.87455382523057,1.01338506043586,7.434228501565846,0.32696719194081925,-36.75307279231714,-0.8125632746084135,40.490932080223125,-0.8604110866485712,-17.769161390337334,-0.01912858174625246,0.38330953279082647,-0.001441,0.788963804618144,0.0078843,0,1.0
4312,0.0033782563203130778,0.03679273496581613,0.0015493,1.953679530487697,3.0141450503401943,85.17615578448519,1.01338506043586,14.87907282115923,0.32696719194081925,-46.70080529180767,-0.8125632746084135,5.179057724320245,-0.8604110866485712,-22.2138016923942,-0.01912858174625246,0.4063208567958641,-0.001441,0.6501010002307703,0.0078843,0,1.0
4313,0.01138008760529919,0.009376456006516036,0.0015493,1.953679530487697,3.0141450503401943,-40.18010575095228,1.01338506043586,0.6425572705281183,0.32696719194081925,-50.33491116499707,-0.8125632746084135,62.75369756769008,-0.8604110866485712,39.560390204824714,-0.01912858174625246,-0.04788927647791456,-0.001441,0.04955138962871505,0.0078843,1,1.0
4314,0.7581191075583129,0.24990028144478937,0.0015493,1.953679530487697,3.0141450503401943,88.7635034677602,1.01338506043586,24.916207980479886,0.32696719194081925,-71.77117745031188,-0.8125632746084135,-45.79966087054409,-0.8604110866485712,10.960425518147924,-0.01912858174625246,0.3316863578071672,-0.001441,0.970285388035192,0.0078843,0,1.0
4315,0.04719554284309546,0.05831743153929773,0.0015493,1.953679530487697,3.0141450503401943,53.63667232964104,1.01338506043586,11.352019967357936,0.32696719194081925,-50.86954241877608,-0.8125632746084135,34.72639462452777,-0.8604110866485712,-7.2390506946400235,-0.01912858174625246,0.45253463489285145,-0.001441,0.5585641377381487,0.0078843,0,1.0
4316,1.1460948713412673,0.4944703453921361,0.0015493,1.953679530487697,3.0141450503401943,-24.44400966150359,1.01338506043586,15.37204665173272,0.32696719194081925,-63.6348932606675,-0.8125632746084135,-57.51014484650594,-0.8604110866485712,77.75485326417514,-0.01912858174625246,-0.3636466308696703,-0.001441,0.45585002769456084,0.0078843,1,1.0
4317,-0.000412878722842569,0.044050508117969484,0.0015493,1.953679530487697,3.0141450503401943,63.6169117377354,1.01338506043586,12.803188187377797,0.32696719194081925,-49.63707677977444,-0.8125632746084135,26.091762067871862,-0.8604110866485712,-13.369819243207376,-0.01912858174625246,0.48675880040648867,-0.001441,0.5119245292551772,0.0078843,0,1.0
4318,0.7669876905210236,0.1758097771261789,0.0015493,1.953679530487697,3.0141450503401943,-62.07329154610428,1.01338506043586,12.22315400300546,0.32696719194081925,-99.4446403467666,-0.8125632746084135,27.85285652842138,-0.8604110866485712,95.88567372749381,-0.01912858174625246,-0.2699839395783527,-0.001441,0.2709895704289797,0.0078843,1,1.0
4319,0.44445579723151774,0.15793175410943835,0.0015493,1.953679530487697,3.0141450503401943,99.95260770157009,1.01338506043586,20.20622758231865,0.32696719194081925,-32.297834051877246,-0.8125632746084135,-54.264804510854646,-0.8604110866485712,-22.675878171969472,-0.01912858174625246,0.3760744269784404,-0.001441,0.7768703121838718,0.0078843,0,1.0
4320,0.057196135646216284,0.11460974392379267,0.0015493,1.953679530487697,3.0141450503401943,17.001556143392335,1.01338506043586,10.492924153243573,0.32696719194081925,-77.0731826781688,-0.8125632746084135,63.67673479806733,-0.8604110866485712,22.793168484785365,-0.01912858174625246,0.36967246304019474,-0.001441,0.3850378710620874,0.0078843,0,1.0
4321,0.06526961214020255,0.042619398072965456,0.0015493,1.953679530487697,3.0141450503401943,98.87828312437576,1.01338506043586,20.36720563726137,0.32696719194081925,-60.644000619428034,-0.8125632746084135,-5.37114706780513,-0.8604110866485712,-21.08450839216704,-0.01912858174625246,0.37102422964604775,-0.001441,0.7805365002335858,0.0078843,0,1.0
4322,0.7352053986193524,0.08992483554005057,0.0015493,1.953679530487697,3.0141450503401943,-69.54155433413686,1.01338506043586,7.5801601152265246,0.32696719194081925,-77.71587372323476,-0.8125632746084135,33.04711001759404,-0.8604110866485712,86.68446655478597,-0.01912858174625246,-0.1307351930851108,-0.001441,0.13932112150490492,0.0078843,1,1.0
4323,0.3698148172837334,0.019478244534691127,0.0015493,1.953679530487697,3.0141450503401943,-63.24401056040435,1.01338506043586,3.1846122181828638,0.32696719194081925,-71.54324267064929,-0.8125632746084135,60.66132341103818,-0.8604110866485712,70.60209510617773,-0.01912858174625246,-0.03954470510434666,-0.001441,0.03940554794077512,0.0078843,1,1.0
4324,0.011992060388154757,0.042452411754086906,0.0015493,1.953679530487697,3.0141450503401943,5.847201542384059,1.01338506043586,3.2787776310525834,0.32696719194081925,-16.30503526797111,-0.8125632746084135,3.227638983637794,-0.8604110866485712,4.962571422526664,-0.01912858174625246,-0.032097369214764374,-0.001441,0.10334791663267266,0.0078843,1,1.0
4325,7.254337600626215e-05,0.03426056517407727,0.0015493,1.953679530487697,3.0141450503401943,64.8256908679367,1.01338506043586,15.114479368715648,0.32696719194081925,-62.897554314566605,-0.8125632746084135,30.5997762868363,-0.8604110866485712,-8.020872499675503,-0.01912858174625246,0.4558992268385681,-0.001441,0.5642396196842973,0.0078843,0,1.0
4326,-0.0009191400465879962,0.04778037665589172,0.0015493,1.953679530487697,3.0141450503401943,93.4974379798729,1.01338506043586,19.621427687137686,0.32696719194081925,-82.40235368543154,-0.8125632746084135,31.036547311616175,-0.8604110866485712,-11.360519196722628,-0.01912858174625246,0.4996451461242456,-0.001441,0.82909002514151,0.0078843,0,1.0
4327,0.4849539359821653,0.14019792632713662,0.0015493,1.953679530487697,3.0141450503401943,78.87859752553558,1.01338506043586,25.197807599012847,0.32696719194081925,-84.11660458971281,-0.8125632746084135,-10.895667507696853,-0.8604110866485712,9.184850594191388,-0.01912858174625246,0.36342148801202084,-0.001441,0.8662840220489127,0.0078843,0,1.0
4328,0.0010725097533342276,0.2650178954014446,0.0015493,1.953679530487697,3.0141450503401943,73.96136277060369,1.01338506043586,5.01519876969486,0.32696719194081925,-12.314315443137552,-0.8125632746084135,49.453939654550176,-0.8604110866485712,-41.63859484967773,-0.01912858174625246,0.3363946945461481,-0.001441,1.2215487818738642,0.0078843,0,1.0
4329,0.3629063623473676,0.025614038263518758,0.0015493,1.953679530487697,3.0141450503401943,-22.899000179235657,1.01338506043586,0.4374689964046088,0.32696719194081925,-7.139970696111584,-0.8125632746084135,-7.0381953531941885,-0.8604110866485712,24.377359690352467,-0.01912858174625246,-0.0070458708093429825,-0.001441,0.008740240978935962,0.0078843,1,1.0
4330,-0.0017711110468798807,0.09373029898938907,0.0015493,1.953679530487697,3.0141450503401943,-1.8959673445315295,1.01338506043586,3.3609592530048484,0.32696719194081925,-38.356439746865625,-0.8125632746084135,33.61119187784507,-0.8604110866485712,17.358559674437412,-0.01912858174625246,0.06446740216804009,-0.001441,0.14625615609866988,0.0078843,0,1.0
4331,0.20792201846372543,0.01649972889244161,0.0015493,1.953679530487697,3.0141450503401943,-19.557067861156106,1.01338506043586,3.6641374040786374,0.32696719194081925,-30.237051514197123,-0.8125632746084135,12.081861562444061,-0.8604110866485712,27.996345520088465,-0.01912858174625246,-0.07014463347502155,-0.001441,0.07737653713891209,0.0078843,1,1.0
4332,0.09183050553370764,0.0638075076859601,0.0015493,1.953679530487697,3.0141450503401943,12.854849160080915,1.01338506043586,12.178617480523547,0.32696719194081925,-99.86886760368526,-0.8125632746084135,93.13876350022309,-0.8604110866485712,33.09729427757583,-0.01912858174625246,0.42088174622426855,-0.001441,0.5779198295746683,0.0078843,0,1.0
4333,0.0018134124288146092,0.11499267361616765,0.0015493,1.953679530487697,3.0141450503401943,-2.5958517585037444,1.01338506043586,7.328226458123565,0.32696719194081925,-62.04576286740679,-0.8125632746084135,47.919911689221564,-0.8604110866485712,26.736058879170535,-0.01912858174625246,0.07177963560297472,-0.001441,0.22089561051929008,0.0078843,0,1.0
4334,0.0004437786066713856,0.14427270086208702,0.0015493,1.953679530487697,3.0141450503401943,-0.8294693949743606,1.01338506043586,5.833141956402216,0.32696719194081925,-58.65706404645907,-0.8125632746084135,63.05760046881951,-0.8604110866485712,21.558011185278282,-0.01912858174625246,0.18293564584869632,-0.001441,0.3245972495943818,0.0078843,0,1.0
4335,0.3445427601476224,0.03362769972999869,0.0015493,1.953679530487697,3.0141450503401943,-20.257877725270813,1.01338506043586,4.4270757719980365,0.32696719194081925,-31.64424833650111,-0.8125632746084135,-0.36854392932820823,-0.8604110866485712,34.5555897906391,-0.01912858174625246,-0.11156422489710652,-0.001441,0.11158950338775178,0.0078843,1,1.0
4336,0.2770519182325586,0.028671297961272567,0.0015493,1.953679530487697,3.0141450503401943,-25.452930355567315,1.01338506043586,5.295242953201964,0.32696719194081925,-43.14239773575597,-0.8125632746084135,15.710506830290615,-0.8604110866485712,38.80522622328509,-0.01912858174625246,-0.1139120265695068,-0.001441,0.11437060126976953,0.0078843,1,1.0
4337,0.33126630257401607,0.023453605959459205,0.0015493,1.953679530487697,3.0141450503401943,-64.14097056335564,1.01338506043586,5.315755914096155,0.32696719194081925,-85.22640985860124,-0.8125632746084135,69.76239457666081,-0.8604110866485712,75.35506897502249,-0.01912858174625246,-0.08781576562444886,-0.001441,0.09030957352720641,0.0078843,1,1.0
4338,0.7109798777607779,0.14519648177308836,0.0015493,1.953679530487697,3.0141450503401943,-61.31252653416138,1.01338506043586,-2.200927698560368,0.32696719194081925,-15.319091842916636,-0.8125632746084135,6.158494419630444,-0.8604110866485712,55.09086221669739,-0.01912858174625246,-0.11266108691852479,-0.001441,0.11404065019348757,0.0078843,1,1.0
4339,0.34831602811430606,0.14820616134965142,0.0015493,1.953679530487697,3.0141450503401943,99.69304000669725,1.01338506043586,16.46807062080194,0.32696719194081925,-8.177529263053927,-0.8125632746084135,-60.56384486604754,-0.8604110866485712,-36.54526608308525,-0.01912858174625246,0.4069322427864127,-0.001441,0.6507145887458586,0.0078843,0,1.0
4340,0.007411630568837868,0.019847751890721924,0.0015493,1.953679530487697,3.0141450503401943,68.76579830913509,1.01338506043586,20.046079310641943,0.32696719194081925,-96.93881662391786,-0.8125632746084135,45.02960435209564,-0.8604110866485712,6.312419961863274,-0.01912858174625246,0.38726985925619495,-0.001441,0.7302742671318039,0.0078843,0,1.0
4341,0.2781103146595342,0.015615494715729395,0.0015493,1.953679530487697,3.0141450503401943,-57.78577185445569,1.01338506043586,4.188346907903749,0.32696719194081925,-76.08055367672742,-0.8125632746084135,64.89246314903554,-0.8604110866485712,67.27509049362988,-0.01912858174625246,-0.06299576199289865,-0.001441,0.0646607339012308,0.0078843,1,1.0
4342,0.3313329757632041,0.11655598548692808,0.0015493,1.953679530487697,3.0141450503401943,69.90742363921683,1.01338506043586,15.426209739580388,0.32696719194081925,-41.40477774697757,-0.8125632746084135,-14.63673403653686,-0.8604110866485712,-8.522999362985415,-0.01912858174625246,0.417036791146159,-0.001441,0.6114839376216763,0.0078843,0,1.0
4343,0.003745595037933702,0.044215270665357694,0.0015493,1.953679530487697,3.0141450503401943,98.79490624617904,1.01338506043586,14.371136089491058,0.32696719194081925,-29.996648929167186,-0.8125632746084135,-14.573997585926545,-0.8604110866485712,-35.191149193532844,-0.01912858174625246,0.39592410908904074,-0.001441,0.6785422502590338,0.0078843,0,1.0
4344,0.007443498430484419,0.12040535272312386,0.0015493,1.953679530487697,3.0141450503401943,49.84627635534269,1.01338506043586,12.54992915333476,0.32696719194081925,-88.47241792176006,-0.8125632746084135,93.13424075828526,-0.8604110866485712,6.235103875825593,-0.01912858174625246,0.5273283311435512,-0.001441,0.9187244419079966,0.0078843,0,1.0
4345,0.698809285908218,0.06738114208406576,0.0015493,1.953679530487697,3.0141450503401943,-79.8049312177216,1.01338506043586,6.347429741055787,0.32696719194081925,-87.67691781954875,-0.8125632746084135,51.89716055170967,-0.8604110866485712,95.03505430782232,-0.01912858174625246,-0.09996041413811411,-0.001441,0.09998062941918744,0.0078843,1,1.0
4346,0.24659630698019236,0.057171061801722704,0.0015493,1.953679530487697,3.0141450503401943,6.1137716253873995,1.01338506043586,5.05850364029292,0.32696719194081925,-11.587806963194856,-0.8125632746084135,-27.709798071335,-0.8604110866485712,11.691301074073353,-0.01912858174625246,-0.16013976035076205,-0.001441,0.16461073626152223,0.0078843,1,1.0
4347,0.8984033286444986,0.12703399001688873,0.0015493,1.953679530487697,3.0141450503401943,-57.604131219626126,1.01338506043586,6.037716250204428,0.32696719194081925,-48.19768782624055,-0.8125632746084135,-7.042958809438879,-0.8604110866485712,74.73261072669185,-0.01912858174625246,-0.11207857108336272,-0.001441,0.11284983159867512,0.0078843,1,1.0
4348,0.22853382021404034,0.012814878476967271,0.0015493,1.953679530487697,3.0141450503401943,-29.40265778042144,1.01338506043586,3.2551039576713285,0.32696719194081925,-38.69498223991759,-0.8125632746084135,23.779102547376645,-0.8604110866485712,36.836404089088745,-0.01912858174625246,-0.060959090671729964,-0.001441,0.05912632223995808,0.0078843,1,1.0
4349,0.002823709087344195,0.04426699062228518,0.0015493,1.953679530487697,3.0141450503401943,75.76510354099146,1.01338506043586,12.869620729920756,0.32696719194081925,-39.38771138171165,-0.8125632746084135,9.848248230255031,-0.8604110866485712,-22.322050761635357,-0.01912858174625246,0.4540966780057017,-0.001441,0.5600222763032171,0.0078843,0,1.0
4350,0.15115271108488293,0.039882189726445104,0.0015493,1.953679530487697,3.0141450503401943,65.33610828915012,1.01338506043586,21.276497612576325,0.32696719194081925,-98.39230587234933,-0.8125632746084135,35.80806402888203,-0.8604110866485712,12.592716862078504,-0.01912858174625246,0.3749656572297681,-0.001441,0.7545363365661399,0.0078843,0,1.0
4351,0.42284682945690955,0.037576272481655924,0.0015493,1.953679530487697,3.0141450503401943,-32.137704478030145,1.01338506043586,4.995824605546247,0.32696719194081925,-42.32938333778343,-0.8125632746084135,9.129467711093271,-0.8604110866485712,46.348421485167414,-0.01912858174625246,-0.1045751450702956,-0.001441,0.10675706014519322,0.0078843,1,1.0
4352,0.5409329366636837,0.04748270165715897,0.0015493,1.953679530487697,3.0141450503401943,-67.91155701147454,1.01338506043586,6.614380452106385,0.32696719194081925,-83.77252565007977,-0.8125632746084135,52.31715913580134,-0.8604110866485712,82.9778677413808,-0.01912858174625246,-0.11484799143059735,-0.001441,0.11548538806011158,0.0078843,1,1.0
4353,0.8489996190689658,0.11840323816083324,0.0015493,1.953679530487697,3.0141450503401943,-81.13028042851673,1.01338506043586,2.592706021711592,0.32696719194081925,-57.64521990163288,-0.8125632746084135,28.72036017264731,-0.8604110866485712,86.81051749913735,-0.01912858174625246,-0.03773178812093777,-0.001441,0.03603609900877094,0.0078843,1,1.0
4354,0.6719928115821985,0.08336966614141358,0.0015493,1.953679530487697,3.0141450503401943,-25.70796050197745,1.01338506043586,2.1568442324470904,0.32696719194081925,-0.7394576890201386,-0.8125632746084135,-36.984879290028836,-0.8604110866485712,32.490638982813984,-0.01912858174625246,-0.03563924174281459,-0.001441,0.03925493752731572,0.0078843,1,1.0
4355,0.3992580572137745,0.24945699476120484,0.0015493,1.953679530487697,3.0141450503401943,37.061274186819674,1.01338506043586,11.135396061286562,0.32696719194081925,-89.32080522670029,-0.8125632746084135,55.97364293687118,-0.8604110866485712,32.97542967584045,-0.01912858174625246,0.3553532211980692,-0.001441,0.8909943537641447,0.0078843,0,1.0
4356,1.3915108050114569,0.3799143942955219,0.0015493,1.953679530487697,3.0141450503401943,-75.32205684584426,1.01338506043586,1.5112502974630837,0.32696719194081925,-6.786714876310254,-0.8125632746084135,-49.57038415938994,-0.8604110866485712,78.04450578682767,-0.01912858174625246,-0.04693307204640837,-0.001441,0.04756138939499854,0.0078843,1,1.0
4357,0.4421807644359834,0.16488949519899707,0.0015493,1.953679530487697,3.0141450503401943,84.96330072492448,1.01338506043586,16.57099819267321,0.32696719194081925,-26.314643150381027,-0.8125632746084135,-43.27530072477763,-0.8604110866485712,-18.58364186980406,-0.01912858174625246,0.42075752917778897,-0.001441,0.6696849891202314,0.0078843,0,1.0
4358,0.4998508466445894,0.06031252079307049,0.0015493,1.953679530487697,3.0141450503401943,-8.25773851718313,1.01338506043586,4.817021096783631,0.32696719194081925,-3.8004286628817625,-0.8125632746084135,-40.14446435847905,-0.8604110866485712,20.62862005450848,-0.01912858174625246,-0.11660539636490783,-0.001441,0.1168052406818049,0.0078843,1,1.0
4359,0.6391144936594189,0.12521115091723456,0.0015493,1.953679530487697,3.0141450503401943,-5.974130113652298,1.01338506043586,7.351477090274574,0.32696719194081925,-11.514457853439128,-0.8125632746084135,-53.361209804901854,-0.8604110866485712,28.51214659808965,-0.01912858174625246,-0.19406234612836357,-0.001441,0.20191630753760378,0.0078843,1,1.0
4360,0.681569194499512,0.11498444810125498,0.0015493,1.953679530487697,3.0141450503401943,-56.76474997128684,1.01338506043586,-0.7458953061990367,0.32696719194081925,-17.406700225409597,-0.8125632746084135,3.6284268505119357,-0.8604110866485712,52.63627464499518,-0.01912858174625246,-0.08709209728399604,-0.001441,0.08512651004736203,0.0078843,1,1.0
4361,0.24831003909955293,0.055371989946241304,0.0015493,1.953679530487697,3.0141450503401943,-51.60986816729116,1.01338506043586,-1.8287747137444934,0.32696719194081925,-29.94120282823363,-0.8125632746084135,45.32836333241815,-0.8604110866485712,41.61664674763888,-0.01912858174625246,-0.13672473343787234,-0.001441,0.13844668236646313,0.0078843,1,1.0
4362,0.13028411590077926,0.06593376451044931,0.0015493,1.953679530487697,3.0141450503401943,-33.98432012821284,1.01338506043586,7.205126055115835,0.32696719194081925,-79.52281187667556,-0.8125632746084135,54.35158046959905,-0.8604110866485712,55.04952188881112,-0.01912858174625246,-0.15126260022655666,-0.001441,0.16774669311382215,0.0078843,1,1.0
4363,0.0649030131805432,0.0402539048726123,0.0015493,1.953679530487697,3.0141450503401943,14.264162330913532,1.01338506043586,3.830067439731428,0.32696719194081925,-6.2080128200521925,-0.8125632746084135,-20.99671995101354,-0.8604110866485712,0.1348186373890628,-0.01912858174625246,-0.14048033322985046,-0.001441,0.1409258143023628,0.0078843,1,1.0
4364,0.0006878730501324037,0.15355434514280245,0.0015493,1.953679530487697,3.0141450503401943,90.96403311085002,1.01338506043586,8.104752310939212,0.32696719194081925,-18.05280527666223,-0.8125632746084135,18.003668823486134,-0.8604110866485712,-40.49271844874774,-0.01912858174625246,0.4478825610996949,-0.001441,0.9321749418713969,0.0078843,0,1.0
4365,0.08002487666565172,0.03391413017643351,0.0015493,1.953679530487697,3.0141450503401943,36.079382869380154,1.01338506043586,16.569481288975936,0.32696719194081925,-98.63671011787204,-0.8125632746084135,67.5561209682708,-0.8604110866485712,22.20133292393488,-0.01912858174625246,0.4468612618454408,-0.001441,0.5705738413599819,0.0078843,0,1.0
4366,0.03480553479769477,0.028836562221572916,0.0015493,1.953679530487697,3.0141450503401943,39.51962606305944,1.01338506043586,15.059425464634709,0.32696719194081925,-94.63588564981268,-0.8125632746084135,67.40049664307311,-0.8604110866485712,18.982415824183647,-0.01912858174625246,0.45565397698365745,-0.001441,0.557629194716285,0.0078843,0,1.0
4367,0.111664580343284,0.010022525018491567,0.0015493,1.953679530487697,3.0141450503401943,-36.373120134762594,1.01338506043586,-0.020967074954474113,0.32696719194081925,-34.54257207755806,-0.8125632746084135,42.834316032831524,-0.8604110866485712,33.85241915656883,-0.01912858174625246,-0.057947579861476306,-0.001441,0.05859117542898788,0.0078843,1,1.0
4368,0.05073355944326485,0.12353967807062415,0.0015493,1.953679530487697,3.0141450503401943,58.06614457220353,1.01338506043586,9.508594871770011,0.32696719194081925,-23.080978682554875,-0.8125632746084135,2.033351346038334,-0.8604110866485712,-19.726745327325695,-0.01912858174625246,0.3817186292159715,-0.001441,0.419977389698106,0.0078843,0,1.0
4369,0.15193820806734443,0.030255060378332112,0.0015493,1.953679530487697,3.0141450503401943,-45.5222806291128,1.01338506043586,-1.9350796781308874,0.32696719194081925,-35.81309113653172,-0.8125632746084135,50.65699742737216,-0.8604110866485712,40.45467520597496,-0.01912858174625246,-0.08928836210449145,-0.001441,0.08868866434651995,0.0078843,1,1.0
4370,0.5293318857723202,0.14137240646673657,0.0015493,1.953679530487697,3.0141450503401943,79.77509999306272,1.01338506043586,27.744666081509934,0.32696719194081925,-99.41709020752505,-0.8125632746084135,-6.698925724697283,-0.8604110866485712,16.985165704500183,-0.01912858174625246,0.33984604991630496,-0.001441,0.9449831886792728,0.0078843,0,1.0
4371,0.0003778714209574652,0.027605741384291147,0.0015493,1.953679530487697,3.0141450503401943,72.59606787758787,1.01338506043586,16.56190048454151,0.32696719194081925,-70.46891597401715,-0.8125632746084135,28.40588174831439,-0.8604110866485712,-6.811233874773477,-0.01912858174625246,0.41170424636104314,-0.001441,0.6526918282067053,0.0078843,0,1.0
4372,0.1761350860827544,0.06962299798013635,0.0015493,1.953679530487697,3.0141450503401943,72.18033404626703,1.01338506043586,15.20340729389103,0.32696719194081925,-49.23743096478912,-0.8125632746084135,1.9979573296241584,-0.8604110866485712,-10.667947561475357,-0.01912858174625246,0.4216670402185676,-0.001441,0.6172773210579161,0.0078843,0,1.0
4373,0.06574190453214479,0.04141186885020247,0.0015493,1.953679530487697,3.0141450503401943,99.98693993436046,1.01338506043586,20.322049866252442,0.32696719194081925,-61.027544329723646,-0.8125632746084135,-5.65916957399562,-0.8604110866485712,-21.07421731159151,-0.01912858174625246,0.36815046278839125,-0.001441,0.791744672440765,0.0078843,0,1.0
4374,0.01047724313758544,0.11371425265699679,0.0015493,1.953679530487697,3.0141450503401943,8.880486366255633,1.01338506043586,2.669552576977518,0.32696719194081925,-19.259027266989232,-0.8125632746084135,20.208060505199374,-0.8604110866485712,2.4801254894692186,-0.01912858174625246,0.10748875956316244,-0.001441,0.19078154022509375,0.0078843,0,1.0
4375,1.4369372428092955,0.34454035364645647,0.0015493,1.953679530487697,3.0141450503401943,-70.56752191486643,1.01338506043586,7.735445986496431,0.32696719194081925,-40.55251041277557,-0.8125632746084135,-48.43056214901321,-0.8604110866485712,94.17679883424697,-0.01912858174625246,-0.15395969424277006,-0.001441,0.15533596603391092,0.0078843,1,1.0
4376,0.3566130632116784,0.08424690737623511,0.0015493,1.953679530487697,3.0141450503401943,8.093232647200846,1.01338506043586,6.315746736274374,0.32696719194081925,-8.325886386326681,-0.8125632746084135,-42.34204073534867,-0.8604110866485712,12.605743590222342,-0.01912858174625246,-0.1877914745995691,-0.001441,0.19417315384158682,0.0078843,1,1.0
4377,0.0021306230458684183,0.07874786795764857,0.0015493,1.953679530487697,3.0141450503401943,35.22508940508229,1.01338506043586,9.459614782359328,0.32696719194081925,-64.55264191639307,-0.8125632746084135,65.48669575907452,-0.8604110866485712,5.131118897069173,-0.01912858174625246,0.3835715780223657,-0.001441,0.6253728688323,0.0078843,0,1.0
4378,0.1283621906016961,0.0038500740918981703,0.0015493,1.953679530487697,3.0141450503401943,-5.770788314318781,1.01338506043586,0.367598242273677,0.32696719194081925,-2.6869606587909667,-0.8125632746084135,-5.035511680555465,-0.8604110866485712,8.138060054943804,-0.01912858174625246,-0.019097277322821953,-0.001441,0.018884631146790468,0.0078843,1,1.0
4379,0.0022091831503234793,0.02575133713925444,0.0015493,1.953679530487697,3.0141450503401943,63.64840011686081,1.01338506043586,18.777120547699145,0.32696719194081925,-97.67422994552022,-0.8125632746084135,54.650955454213204,-0.8604110866485712,8.324652584047538,-0.01912858174625246,0.45082862082004105,-0.001441,0.6976516302167889,0.0078843,0,1.0
4380,0.0006055047757106413,0.035949406515633296,0.0015493,1.953679530487697,3.0141450503401943,55.606201578254506,1.01338506043586,13.212795332821395,0.32696719194081925,-63.34505302662214,-0.8125632746084135,40.358279776234205,-0.8604110866485712,-3.464992350414449,-0.01912858174625246,0.48006697387099384,-0.001441,0.5212666737377541,0.0078843,0,1.0
4381,0.30255792650447433,0.041677643610265214,0.0015493,1.953679530487697,3.0141450503401943,-31.170141623312734,1.01338506043586,5.529308738782043,0.32696719194081925,-49.57880356256153,-0.8125632746084135,21.35285885994337,-0.8604110866485712,45.03017573059215,-0.01912858174625246,-0.12213793717513692,-0.001441,0.11495974358460408,0.0078843,1,1.0
4382,0.011660178265434057,0.022665409198792355,0.0015493,1.953679530487697,3.0141450503401943,-17.354347360116144,1.01338506043586,-2.4910364174433486,0.32696719194081925,-2.089176069189245,-0.8125632746084135,19.723768779989598,-0.8604110866485712,7.740403759092093,-0.01912858174625246,-0.1009862837672996,-0.001441,0.10022768777334373,0.0078843,1,1.0
4383,0.8228285901457815,0.13042319120136706,0.0015493,1.953679530487697,3.0141450503401943,-54.715802359473365,1.01338506043586,8.782457691223732,0.32696719194081925,-64.10095361702292,-0.8125632746084135,2.451175034106739,-0.8604110866485712,77.82668452394358,-0.01912858174625246,-0.17470837645094983,-0.001441,0.18260675128107173,0.0078843,1,1.0
4384,0.29799422553467836,0.06284644214852395,0.0015493,1.953679530487697,3.0141450503401943,10.91571939911814,1.01338506043586,5.756054399589506,0.32696719194081925,-1.1566702204037176,-0.8125632746084135,-43.03575370026778,-0.8604110866485712,5.44405558954634,-0.01912858174625246,-0.1626411799907079,-0.001441,0.16421601653226733,0.0078843,1,1.0
4385,0.4918833964372469,0.03739672499616968,0.0015493,1.953679530487697,3.0141450503401943,-76.9611140339136,1.01338506043586,5.361892148466966,0.32696719194081925,-95.23903978458863,-0.8125632746084135,72.45970182847756,-0.8604110866485712,91.44717776137192,-0.01912858174625246,-0.07723324383917775,-0.001441,0.07740104609174027,0.0078843,1,1.0
4386,0.1287362030461332,0.06187247235768407,0.0015493,1.953679530487697,3.0141450503401943,45.47139529924766,1.01338506043586,13.733640921305263,0.32696719194081925,-66.44494681022721,-0.8125632746084135,39.95437214487607,-0.8604110866485712,5.320616301311042,-0.01912858174625246,0.48414684958866583,-0.001441,0.5186021736997184,0.0078843,0,1.0
4387,0.031093412904216355,0.11356662849870335,0.0015493,1.953679530487697,3.0141450503401943,-63.533540582555936,1.01338506043586,-3.925236607763023,0.32696719194081925,-41.725442531107156,-0.8125632746084135,84.547050220087,-0.8604110866485712,44.05083452468474,-0.01912858174625246,-0.23281755658369258,-0.001441,0.2314482487447459,0.0078843,1,1.0
4388,0.7193128672649447,0.203850695864751,0.0015493,1.953679530487697,3.0141450503401943,54.82666555369179,1.01338506043586,23.418218852595402,0.32696719194081925,-92.74277181033395,-0.8125632746084135,-5.947036830791376,-0.8604110866485712,32.685294512559466,-0.01912858174625246,0.35586025355384754,-0.001441,0.8287508781246329,0.0078843,0,1.0
4389,0.0072126592275173484,0.0500654581204292,0.0015493,1.953679530487697,3.0141450503401943,99.98547178861259,1.01338506043586,13.73580137875427,0.32696719194081925,-20.683552165349745,-0.8125632746084135,-21.536597537029028,-0.8604110866485712,-40.24416692191325,-0.01912858174625246,0.4122533730228554,-0.001441,0.6411271390845472,0.0078843,0,1.0
4390,0.0036548785278718993,0.29529311778114187,0.0015493,1.953679530487697,3.0141450503401943,2.0242966299502094,1.01338506043586,0.6891997954348567,0.32696719194081925,-39.01840700803392,-0.8125632746084135,71.29654187004333,-0.8604110866485712,10.532098541391152,-0.01912858174625246,0.09537634385735061,-0.001441,0.612882967902071,0.0078843,0,1.0
4391,0.4341016378270381,0.027681997983642383,0.0015493,1.953679530487697,3.0141450503401943,-64.42759659904242,1.01338506043586,4.282891539718378,0.32696719194081925,-74.07325059386423,-0.8125632746084135,56.038408468062514,-0.8604110866485712,74.05134220393619,-0.01912858174625246,-0.06422295141420169,-0.001441,0.06285902274723452,0.0078843,1,1.0
4392,0.004489356720184801,0.07952887831761567,0.0015493,1.953679530487697,3.0141450503401943,84.3796364308206,1.01338506043586,9.399158130164716,0.32696719194081925,-5.580810761486596,-0.8125632746084135,-11.224674742074832,-0.8604110866485712,-41.96557984666505,-0.01912858174625246,0.4283216306069676,-0.001441,0.5912146374703616,0.0078843,0,1.0
4393,0.3351134196995603,0.026977933341272596,0.0015493,1.953679530487697,3.0141450503401943,-6.870706102896633,1.01338506043586,3.192402694877264,0.32696719194081925,-2.8172869473389857,-0.8125632746084135,-25.423082549552237,-0.8604110866485712,14.25686236979048,-0.01912858174625246,-0.07447393342214165,-0.001441,0.07432050836030796,0.0078843,1,1.0
4394,0.007335553409215934,0.12835695625446433,0.0015493,1.953679530487697,3.0141450503401943,21.094102177900883,1.01338506043586,6.827285028274752,0.32696719194081925,-36.80876560505261,-0.8125632746084135,21.991324151232266,-0.8604110866485712,4.490920928334908,-0.01912858174625246,0.17121767051767015,-0.001441,0.24684702291163094,0.0078843,0,1.0
4395,0.00159873246287634,0.02886087681848515,0.0015493,1.953679530487697,3.0141450503401943,63.95140374648382,1.01338506043586,19.28089219400942,0.32696719194081925,-97.58960532486812,-0.8125632746084135,55.23209311530026,-0.8604110866485712,7.170598571097977,-0.01912858174625246,0.47262412129759057,-0.001441,0.6926574755814792,0.0078843,0,1.0
4396,0.7307825501347054,0.15403311431170508,0.0015493,1.953679530487697,3.0141450503401943,-59.092063348436795,1.01338506043586,-1.49012586478646,0.32696719194081925,-10.564859782142436,-0.8125632746084135,-0.5509580816898589,-0.8604110866485712,51.458933997370934,-0.01912858174625246,-0.12082222844596549,-0.001441,0.12508778245579533,0.0078843,1,1.0
4397,0.002361823391556661,0.1275562169348619,0.0015493,1.953679530487697,3.0141450503401943,70.41375198748284,1.01338506043586,7.7630293125348695,0.32696719194081925,-4.3811497604937,-0.8125632746084135,-4.56909445100414,-0.8604110866485712,-36.42741335159713,-0.01912858174625246,0.357456455961216,-0.001441,0.5529849418610205,0.0078843,0,1.0
4398,0.08087953388465013,0.07053684487328565,0.0015493,1.953679530487697,3.0141450503401943,22.59052225253146,1.01338506043586,5.625278397687628,0.32696719194081925,-2.2397144480016555,-0.8125632746084135,-31.160563447512267,-0.8604110866485712,-6.247861817911004,-0.01912858174625246,-0.13244905777692884,-0.001441,0.173794287058684,0.0078843,1,1.0
4399,1.187138038017909,0.24314940304152194,0.0015493,1.953679530487697,3.0141450503401943,-77.7756638094293,1.01338506043586,3.2894050369621066,0.32696719194081925,-33.79308381836891,-0.8125632746084135,-17.28686501432913,-0.8604110866485712,84.87260209985277,-0.01912858174625246,-0.04283251700393104,-0.001441,0.04396548654643484,0.0078843,1,1.0
4400,0.062038504367559935,0.0005766426880728411,0.0015493,1.4708938459474281,5.135007074824801,-34.47427773924613,1.01338506043586,5.158755489566775,0.32696719194081925,-52.186573221864116,-0.8125632746084135,49.21839321259507,-0.8604110866485712,35.77923200325249,-0.01912858174625246,-0.014516103992144525,-0.001441,0.014511918701404811,0.0078843,1,1.0
4401,0.15525604746260108,0.0028984091457139975,0.0015493,1.4708938459474281,5.135007074824801,-36.53481877440505,1.01338506043586,0.5614907377390688,0.32696719194081925,-15.5205440733274,-0.8125632746084135,-8.889247690546759,-0.8604110866485712,33.3358618676627,-0.01912858174625246,-0.010147848952485392,-0.001441,0.010113949313422159,0.0078843,1,1.0
4402,0.018601564758819356,0.00031703139776330727,0.0015493,1.4708938459474281,5.135007074824801,-31.05056743607958,1.01338506043586,4.286884476936725,0.32696719194081925,-58.0390252802649,-0.8125632746084135,98.75985588643393,-0.8604110866485712,30.040781202740686,-0.01912858174625246,-0.011801545742454435,-0.001441,0.011848308128336787,0.0078843,1,1.0
4403,0.1659629442620494,0.001791459783822941,0.0015493,1.4708938459474281,5.135007074824801,-36.609529603962756,1.01338506043586,5.035411045707096,0.32696719194081925,-21.2679910874334,-0.8125632746084135,-56.921137026521244,-0.8604110866485712,38.69921432567426,-0.01912858174625246,-0.016409444805088273,-0.001441,0.01647632838063277,0.0078843,1,1.0
4404,0.031558815889823094,0.016258872066110926,0.0015493,1.4708938459474281,5.135007074824801,-36.4131778469337,1.01338506043586,17.90125165588232,0.32696719194081925,-90.94619300015981,-0.8125632746084135,-2.0582901424960705,-0.8604110866485712,50.33341135687539,-0.01912858174625246,-0.0801662207272284,-0.001441,0.07978387396745162,0.0078843,1,1.0
4405,0.0278995807901829,0.0037123682219372864,0.0015493,1.4708938459474281,5.135007074824801,-20.73877497747021,1.01338506043586,9.01161704006732,0.32696719194081925,-46.21901658644195,-0.8125632746084135,-3.1291360314740806,-0.8604110866485712,27.536476294855976,-0.01912858174625246,-0.039520763356664185,-0.001441,0.039481266951287064,0.0078843,1,1.0
4406,0.11288002275465878,0.0010197302214137152,0.0015493,1.4708938459474281,5.135007074824801,-42.953555802686935,1.01338506043586,4.592934732036407,0.32696719194081925,-49.26861532065284,-0.8125632746084135,38.168200340896,-0.8604110866485712,42.58434255757797,-0.01912858174625246,-0.009350672765048916,-0.001441,0.00928393008451662,0.0078843,1,1.0
4407,0.09003426876940868,0.0007374022124718035,0.0015493,1.4708938459474281,5.135007074824801,-23.085927771318566,1.01338506043586,1.9523881695896648,0.32696719194081925,-15.10197911447068,-0.8125632746084135,0.17018100489208504,-0.8604110866485712,21.452630039185827,-0.01912858174625246,-0.0071016737074061035,-0.001441,0.007129237399671124,0.0078843,1,1.0
4408,0.1778686923805648,0.002500689663829045,0.0015493,1.4708938459474281,5.135007074824801,-47.71127138251295,1.01338506043586,7.79866529074338,0.32696719194081925,-43.0579782587097,-0.8125632746084135,-41.42309901215313,-0.8604110866485712,51.472999682889544,-0.01912858174625246,-0.027114390775892314,-0.001441,0.02721177334528042,0.0078843,1,1.0
4409,0.30980294918422113,0.00689202011802195,0.0015493,1.4708938459474281,5.135007074824801,-75.66709999313925,1.01338506043586,14.793381984097936,0.32696719194081925,-62.21836809872729,-0.8125632746084135,-89.56667723321252,-0.8604110866485712,80.97219334809576,-0.01912858174625246,-0.04656406196231742,-0.001441,0.04687718150307597,0.0078843,1,1.0
4410,0.3320790047832689,0.008373081355279728,0.0015493,1.4708938459474281,5.135007074824801,-93.08265442821808,1.01338506043586,17.281076409229463,0.32696719194081925,-91.35714801073625,-0.8125632746084135,-49.98985988157749,-0.8604110866485712,98.43524360174617,-0.01912858174625246,-0.051917809975851596,-0.001441,0.05263799548101846,0.0078843,1,1.0
4411,0.0937250101744047,0.013879435562296339,0.0015493,1.4708938459474281,5.135007074824801,-44.916065913458674,1.01338506043586,18.99666749564339,0.32696719194081925,-87.28632532067832,-0.8125632746084135,-27.476820165852658,-0.8604110866485712,57.760499829077816,-0.01912858174625246,-0.07832465222045804,-0.001441,0.07857160516179373,0.0078843,1,1.0
4412,0.03375507508164502,0.0016142660543359525,0.0015493,1.4708938459474281,5.135007074824801,-17.932845657340117,1.01338506043586,-2.6045700919890966,0.32696719194081925,-17.11169070703878,-0.8125632746084135,52.11992396426708,-0.8604110866485712,14.74762660617165,-0.01912858174625246,-0.015615399153001867,-0.001441,0.015947665453026918,0.0078843,1,1.0
4413,0.20385175026796318,0.0051233028801975725,0.0015493,1.4708938459474281,5.135007074824801,-57.36489409150219,1.01338506043586,1.5858173232947785,0.32696719194081925,-39.19619166487622,-0.8125632746084135,25.443187907540835,-0.8604110866485712,52.72336736710485,-0.01912858174625246,-0.014079128360802811,-0.001441,0.01422574378105065,0.0078843,1,1.0
4414,0.11916949933011814,0.0012603877033300318,0.0015493,1.4708938459474281,5.135007074824801,-38.49414579034132,1.01338506043586,6.789197803724151,0.32696719194081925,-43.483522478922715,-0.8125632746084135,-4.975634293529963,-0.8604110866485712,41.08907410720819,-0.01912858174625246,-0.02160891757184056,-0.001441,0.02166724745282686,0.0078843,1,1.0
4415,0.017409951505710106,0.0005781177781598597,0.0015493,1.4708938459474281,5.135007074824801,-28.19424349241646,1.01338506043586,3.614735763058449,0.32696719194081925,-52.44513220488699,-0.8125632746084135,90.48546066441314,-0.8604110866485712,27.312784329400806,-0.01912858174625246,-0.009097075064821469,-0.001441,0.009838872127536527,0.0078843,1,1.0
4416,0.08593412908589397,0.0036250586759267005,0.0015493,1.4708938459474281,5.135007074824801,-50.09269167931501,1.01338506043586,11.818284762025502,0.32696719194081925,-85.52103933547924,-0.8125632746084135,49.783719618986254,-0.8604110866485712,55.73313386711414,-0.01912858174625246,-0.04135149030135228,-0.001441,0.0414886956529147,0.0078843,1,1.0
4417,0.23344930264219776,0.003759855444447675,0.0015493,1.4708938459474281,5.135007074824801,-61.49340868210043,1.01338506043586,10.664937215148809,0.32696719194081925,-54.46766111780926,-0.8125632746084135,-51.06452370661836,-0.8604110866485712,65.37060673704389,-0.01912858174625246,-0.03340464708679926,-0.001441,0.03346209920750698,0.0078843,1,1.0
4418,0.15907118201298626,0.00237886888640339,0.0015493,1.4708938459474281,5.135007074824801,-54.563793754226005,1.01338506043586,9.981915439735584,0.32696719194081925,-65.40621621237808,-0.8125632746084135,3.8139239235091242,-0.8604110866485712,58.13143768050925,-0.01912858174625246,-0.03133277835065788,-0.001441,0.031335367170609224,0.0078843,1,1.0
4419,0.14119542662481013,0.0012872548130600197,0.0015493,1.4708938459474281,5.135007074824801,-34.73880967605519,1.01338506043586,6.208877042572099,0.32696719194081925,-27.58689663899873,-0.8125632746084135,-34.62460297031663,-0.8604110866485712,36.357914687409014,-0.01912858174625246,-0.018196018384123054,-0.001441,0.018186001938475624,0.0078843,1,1.0
4420,0.13814292938343292,0.0016819450729846155,0.0015493,1.4708938459474281,5.135007074824801,-44.825692018062426,1.01338506043586,7.690595724653216,0.32696719194081925,-50.53142549349351,-0.8125632746084135,-5.542096496567771,-0.8604110866485712,47.889357460433914,-0.01912858174625246,-0.024811040541398856,-0.001441,0.02483248998183206,0.0078843,1,1.0
4421,0.005464268855165974,0.007239263477342267,0.0015493,1.4708938459474281,5.135007074824801,6.276826093931649,1.01338506043586,8.917704649015091,0.32696719194081925,-2.3730445403660085,-0.8125632746084135,-46.24552173470036,-0.8604110866485712,-2.8181251123554767,-0.01912858174625246,-0.03402514166631738,-0.001441,0.03677876008693249,0.0078843,1,1.0
4422,0.1280240057889231,0.0016351354001260452,0.0015493,1.4708938459474281,5.135007074824801,-27.190666178487707,1.01338506043586,6.226742534093356,0.32696719194081925,-19.05789670032652,-0.8125632746084135,-61.420406423352595,-0.8604110866485712,30.870930232034233,-0.01912858174625246,-0.0235377668533518,-0.001441,0.023960828962325792,0.0078843,1,1.0
4423,0.17508674629154486,0.002000439712905526,0.0015493,1.4708938459474281,5.135007074824801,-53.882871583614424,1.01338506043586,6.336846838601262,0.32696719194081925,-51.290573291925476,-0.8125632746084135,14.64729166615336,-0.8604110866485712,53.22990018592596,-0.01912858174625246,-0.013947514507481249,-0.001441,0.014016031998890049,0.0078843,1,1.0
4424,0.11301381786029932,0.0064642059959819365,0.0015493,1.4708938459474281,5.135007074824801,-38.47833800200355,1.01338506043586,-4.2050180930951955,0.32696719194081925,-24.404730743475085,-0.8125632746084135,74.94972614318823,-0.8604110866485712,30.750785800524703,-0.01912858174625246,-0.03356821454223675,-0.001441,0.033903911933758364,0.0078843,1,1.0
4425,0.012880031956626375,0.010745418353416279,0.0015493,1.4708938459474281,5.135007074824801,-7.710403361328792,1.01338506043586,12.006150619398444,0.32696719194081925,-33.698053657410505,-0.8125632746084135,-73.43381864507538,-0.8604110866485712,19.976454209073143,-0.01912858174625246,-0.06391631505224449,-0.001441,0.06352935843411528,0.0078843,1,1.0
4426,0.16445116774459415,0.004310211067538221,0.0015493,1.4708938459474281,5.135007074824801,-62.130075375524015,1.01338506043586,13.093687146239777,0.32696719194081925,-83.36335139776557,-0.8125632746084135,10.1028612360264,-0.8604110866485712,67.78000116254236,-0.01912858174625246,-0.044224495622597185,-0.001441,0.04404490642467325,0.0078843,1,1.0
4427,0.024925332167289666,0.0009127495362853842,0.0015493,1.4708938459474281,5.135007074824801,-10.59281732589027,1.01338506043586,3.85697250270739,0.32696719194081925,-18.956911206155795,-0.8125632746084135,-13.833493545675882,-0.8604110866485712,14.211948550429499,-0.01912858174625246,-0.019599269240952646,-0.001441,0.01955155258837733,0.0078843,1,1.0
4428,0.05417562792598449,0.0005621405439939463,0.0015493,1.4708938459474281,5.135007074824801,-42.04639703191683,1.01338506043586,5.9492894963548295,0.32696719194081925,-69.48467953791122,-0.8125632746084135,95.64514420661214,-0.8604110866485712,41.76144131206566,-0.01912858174625246,-0.014902312478754311,-0.001441,0.01487403310118978,0.0078843,1,1.0
4429,0.22820926114170298,0.003581455599243567,0.0015493,1.4708938459474281,5.135007074824801,-72.34153784427873,1.01338506043586,7.392439415837024,0.32696719194081925,-69.30493980279488,-0.8125632746084135,29.251893231631435,-0.8604110866485712,71.08419083915479,-0.01912858174625246,-0.014485637341061433,-0.001441,0.01446680754352385,0.0078843,1,1.0
4430,0.22594114658684922,0.0031129898091178795,0.0015493,1.4708938459474281,5.135007074824801,-44.69071780398286,1.01338506043586,7.507045491881869,0.32696719194081925,-20.312841237187627,-0.8125632746084135,-98.21071088692253,-0.8604110866485712,47.832668398465685,-0.01912858174625246,-0.02466211354341564,-0.001441,0.024654791274873543,0.0078843,1,1.0
4431,0.0027391416302484095,0.09941549626314601,0.0015493,1.4708938459474281,5.135007074824801,60.47882090196377,1.01338506043586,22.59954992829967,0.32696719194081925,-31.43690532841788,-0.8125632746084135,3.4669042961000707,-0.8604110866485712,-23.134745808708274,-0.01912858174625246,0.035535892790800744,-0.001441,0.17661936149927254,0.0078843,0,1.0
4432,0.030026939548681825,0.0064339539956431244,0.0015493,1.4708938459474281,5.135007074824801,-15.472929819701813,1.01338506043586,10.13202503568825,0.32696719194081925,-38.835382093956866,-0.8125632746084135,-45.19640060183985,-0.8604110866485712,25.325347296063075,-0.01912858174625246,-0.05189864602627104,-0.001441,0.05209610898790918,0.0078843,1,1.0
4433,0.052440467774212504,0.0005500431436621816,0.0015493,1.4708938459474281,5.135007074824801,-32.439188464827076,1.01338506043586,5.395399216213696,0.32696719194081925,-51.90336525761564,-0.8125632746084135,53.513394798911925,-0.8604110866485712,33.55766979709285,-0.01912858174625246,-0.015007612314329963,-0.001441,0.015106962325202639,0.0078843,1,1.0
4434,0.02094056896815121,0.002459480295022453,0.0015493,1.4708938459474281,5.135007074824801,1.8164419960923421,1.01338506043586,6.209602954129817,0.32696719194081925,-1.3777515099365183,-0.8125632746084135,-67.89025608754545,-0.8604110866485712,3.7815479458137564,-0.01912858174625246,-0.03024759908063311,-0.001441,0.030241782944506544,0.0078843,1,1.0
4435,0.22903601090050146,0.005252158164771238,0.0015493,1.4708938459474281,5.135007074824801,-69.97347529427623,1.01338506043586,14.289559319809143,0.32696719194081925,-78.34490773803547,-0.8125632746084135,-30.10309289886516,-0.8604110866485712,75.87744519831732,-0.01912858174625246,-0.047099011162453,-0.001441,0.04732441622197211,0.0078843,1,1.0
4436,0.13993118970116578,0.0040259971226818715,0.0015493,1.4708938459474281,5.135007074824801,-58.43753746081438,1.01338506043586,3.308977030588646,0.32696719194081925,-68.40758828487031,-0.8125632746084135,59.197882723185096,-0.8604110866485712,59.24092115989174,-0.01912858174625246,-0.012070018929290152,-0.001441,0.012969560119981809,0.0078843,1,1.0
4437,0.10864099340643864,0.0011957181592436653,0.0015493,1.4708938459474281,5.135007074824801,-53.91858070756666,1.01338506043586,7.483695291415537,0.32696719194081925,-76.3477363051217,-0.8125632746084135,72.63920246430398,-0.8604110866485712,54.89131397465162,-0.01912858174625246,-0.018920365216360722,-0.001441,0.019011272785873806,0.0078843,1,1.0
4438,0.2169175033147286,0.0054962439906071844,0.0015493,1.4708938459474281,5.135007074824801,-66.18080777639084,1.01338506043586,13.572728301977886,0.32696719194081925,-74.31858052060704,-0.8125632746084135,-36.38814942429616,-0.8604110866485712,72.6837041306202,-0.01912858174625246,-0.04762604758764381,-0.001441,0.04735210495375371,0.0078843,1,1.0
4439,0.0685701353651512,0.0009219186898905678,0.0015493,1.4708938459474281,5.135007074824801,-41.904430049808205,1.01338506043586,6.793248682076838,0.32696719194081925,-66.50361331799381,-0.8125632746084135,69.5642625793101,-0.8604110866485712,43.21137233388585,-0.01912858174625246,-0.01850013676788634,-0.001441,0.01877083483781158,0.0078843,1,1.0
4440,0.2697059489014771,0.007162412338295348,0.0015493,1.4708938459474281,5.135007074824801,-86.52213336296803,1.01338506043586,6.46576925442036,0.32696719194081925,-78.19787644175881,-0.8125632746084135,71.46306053292048,-0.8604110866485712,80.3406714220194,-0.01912858174625246,-0.024221540959269847,-0.001441,0.02422256900762632,0.0078843,1,1.0
4441,0.20005121928900907,0.004352564584978,0.0015493,1.4708938459474281,5.135007074824801,-58.31577312148865,1.01338506043586,3.0022331337208206,0.32696719194081925,-46.211553271771194,-0.8125632746084135,11.211823087726039,-0.8604110866485712,56.916843213009564,-0.01912858174625246,-0.0010704395899873182,-0.001441,0.0017915231450872104,0.0078843,1,1.0
4442,0.01344210861136668,0.0006521219669463293,0.0015493,1.4708938459474281,5.135007074824801,-29.64409058554337,1.01338506043586,5.692485675549671,0.32696719194081925,-60.17552344035667,-0.8125632746084135,85.28866005381312,-0.8604110866485712,30.596114414092476,-0.01912858174625246,-0.01630880383536134,-0.001441,0.016369468644410537,0.0078843,1,1.0
4443,0.09579477001142125,0.0008843671141075611,0.0015493,1.4708938459474281,5.135007074824801,-47.85863167235902,1.01338506043586,6.864690091420249,0.32696719194081925,-68.09598969441524,-0.8125632746084135,67.34884984676084,-0.8604110866485712,48.3777039624199,-0.01912858174625246,-0.0172990538902458,-0.001441,0.017282733071739994,0.0078843,1,1.0
4444,0.03906024011483111,0.019155715242342046,0.0015493,1.4708938459474281,5.135007074824801,1.1396071835888217,1.01338506043586,12.342249556277512,0.32696719194081925,-2.6764123045430686,-0.8125632746084135,-24.634429853687198,-0.8604110866485712,-3.300254122833407,-0.01912858174625246,-0.05857954375474356,-0.001441,0.06072165775827572,0.0078843,1,1.0
4445,0.1252846493123604,0.0011309445685634104,0.0015493,1.4708938459474281,5.135007074824801,-21.3934779883141,1.01338506043586,4.979127797935878,0.32696719194081925,-6.476070670065825,-0.8125632746084135,-71.16585036249957,-0.8604110866485712,23.8270683845102,-0.01912858174625246,-0.017507387011697968,-0.001441,0.01762448599133863,0.0078843,1,1.0
4446,0.3506031993442487,0.012859206336074302,0.0015493,1.4708938459474281,5.135007074824801,-94.16834669735995,1.01338506043586,3.511027963533081,0.32696719194081925,-61.26353892608688,-0.8125632746084135,8.566445970906885,-0.8604110866485712,88.80349956526526,-0.01912858174625246,-0.012286936618212556,-0.001441,0.012256987724910923,0.0078843,1,1.0
4447,0.07288126196319225,0.00041781049124339434,0.0015493,1.4708938459474281,5.135007074824801,-30.08034493759547,1.01338506043586,4.120650954362992,0.32696719194081925,-38.285004328736015,-0.8125632746084135,28.64954767543839,-0.8604110866485712,30.487047916375463,-0.01912858174625246,-0.010219795757018684,-0.001441,0.010254643010532614,0.0078843,1,1.0
4448,0.20753280778490152,0.003399315621542297,0.0015493,1.4708938459474281,5.135007074824801,-51.06033445880157,1.01338506043586,10.00921873246602,0.32696719194081925,-43.0865597438735,-0.8125632746084135,-68.5577295024646,-0.8604110866485712,55.944524000691345,-0.01912858174625246,-0.03514840384913291,-0.001441,0.03514516985218591,0.0078843,1,1.0
4449,0.21181635613837202,0.0027569599419407986,0.0015493,1.4708938459474281,5.135007074824801,-59.2763431953837,1.01338506043586,7.412114810110334,0.32696719194081925,-51.14902006992864,-0.8125632746084135,-12.58252032660452,-0.8604110866485712,59.76992337610408,-0.01912858174625246,-0.017409344674054382,-0.001441,0.017438681694930812,0.0078843,1,1.0
4450,0.013783931785505105,0.013239770915416886,0.0015493,1.4708938459474281,5.135007074824801,-12.230204302575954,1.01338506043586,8.354475254464436,0.32696719194081925,-36.4907517882264,-0.8125632746084135,73.9443310379796,-0.8604110866485712,10.695180588902671,-0.01912858174625246,-0.03090882239088175,-0.001441,0.045651912222060415,0.0078843,1,1.0
4451,0.14938549648297428,0.0037011251498530427,0.0015493,1.4708938459474281,5.135007074824801,-48.671572190180505,1.01338506043586,11.961334809460762,0.32696719194081925,-61.5339212348999,-0.8125632746084135,-22.553193021811815,-0.8604110866485712,54.40300333554892,-0.01912858174625246,-0.0421896749532754,-0.001441,0.042133926672521804,0.0078843,1,1.0
4452,0.15326953623561695,0.00203834417294541,0.0015493,1.4708938459474281,5.135007074824801,-29.28560062620854,1.01338506043586,7.548367140843823,0.32696719194081925,-16.459807219037177,-0.8125632746084135,-84.37852646718639,-0.8604110866485712,33.42459857947473,-0.01912858174625246,-0.028039425206914836,-0.001441,0.028082223169237804,0.0078843,1,1.0
4453,0.3385363903176209,0.008652568135708603,0.0015493,1.4708938459474281,5.135007074824801,-86.12346872243216,1.01338506043586,7.046716966575827,0.32696719194081925,-57.991752128393465,-0.8125632746084135,-45.443605247435876,-0.8604110866485712,86.09662330094434,-0.01912858174625246,-0.013402974204601039,-0.001441,0.013309725238063948,0.0078843,1,1.0
4454,0.15088472094202562,0.003041191601288378,0.0015493,1.4708938459474281,5.135007074824801,-30.949619875847844,1.01338506043586,-0.17094088725222867,0.32696719194081925,-5.252528052082253,-0.8125632746084135,-22.60722449109419,-0.8604110866485712,27.497709727905765,-0.01912858174625246,-0.012251094749366339,-0.001441,0.01216807313921331,0.0078843,1,1.0
4455,0.13875103650922974,0.0015335365680847865,0.0015493,1.4708938459474281,5.135007074824801,-58.23480246867204,1.01338506043586,7.684768452706415,0.32696719194081925,-74.37843977700362,-0.8125632746084135,58.43239628424351,-0.8604110866485712,58.912291072530984,-0.01912858174625246,-0.018752385396596533,-0.001441,0.018708729475620602,0.0078843,1,1.0
4456,0.18317477353460332,0.0025366858363911685,0.0015493,1.4708938459474281,5.135007074824801,-73.89185456654035,1.01338506043586,9.766498994620541,0.32696719194081925,-92.17550877811126,-0.8125632746084135,64.51265949308599,-0.8604110866485712,75.08115604080518,-0.01912858174625246,-0.024237386107385347,-0.001441,0.024235988871375017,0.0078843,1,1.0
4457,0.14075527223427733,0.0016111721667539823,0.0015493,1.4708938459474281,5.135007074824801,-63.125633922967275,1.01338506043586,8.138585090911313,0.32696719194081925,-82.74282031325532,-0.8125632746084135,87.17782012061056,-0.8604110866485712,61.96048811018379,-0.01912858174625246,-0.019737787487615763,-0.001441,0.01984547180722018,0.0078843,1,1.0
4458,0.04096657655310041,0.00030139654313126837,0.0015493,1.4708938459474281,5.135007074824801,-15.745573998446233,1.01338506043586,0.9032886582052452,0.32696719194081925,-16.267267881126703,-0.8125632746084135,26.179396035527933,-0.8604110866485712,13.964623577021326,-0.01912858174625246,-0.007145286628553115,-0.001441,0.007178567943164396,0.0078843,1,1.0
4459,0.09243137146435901,0.0007846368675672694,0.0015493,1.4708938459474281,5.135007074824801,-14.370549771246953,1.01338506043586,3.726915508629932,0.32696719194081925,-2.4869727460312814,-0.8125632746084135,-63.15764676451062,-0.8604110866485712,16.907009155595077,-0.01912858174625246,-0.015515663947094863,-0.001441,0.015440144858574499,0.0078843,1,1.0
4460,0.09041369573062999,0.001321849582970753,0.0015493,1.4708938459474281,5.135007074824801,-23.321611796355366,1.01338506043586,-0.38684822414284903,0.32696719194081925,-12.129953844342731,-0.8125632746084135,-1.3580180159077466,-0.8604110866485712,21.976035884363174,-0.01912858174625246,-0.006178391207509572,-0.001441,0.006231395742930813,0.0078843,1,1.0
4461,0.2531011045295991,0.006316197889969022,0.0015493,1.4708938459474281,5.135007074824801,-57.38792266657861,1.01338506043586,2.975321236127094,0.32696719194081925,-24.483475806631937,-0.8125632746084135,-25.593833642426116,-0.8604110866485712,52.65196840273048,-0.01912858174625246,-0.01612500140337189,-0.001441,0.01608715351801142,0.0078843,1,1.0
4462,0.017965000388258923,0.00015851684650694357,0.0015493,1.4708938459474281,5.135007074824801,-7.981192527350782,1.01338506043586,-0.05640858838250945,0.32696719194081925,-8.724456349066905,-0.8125632746084135,12.98171416264862,-0.8604110866485712,7.566682848805659,-0.01912858174625246,-0.0017855040806568133,-0.001441,0.0019072942447008999,0.0078843,1,1.0
4463,0.029234463742274314,0.00020743617540839112,0.0015493,1.4708938459474281,5.135007074824801,-24.17974332366051,1.01338506043586,3.032462362248813,0.32696719194081925,-40.156052804032,-0.8125632746084135,56.113606789114854,-0.8604110866485712,24.17261829326695,-0.01912858174625246,-0.006928759948769488,-0.001441,0.007006371869083055,0.0078843,1,1.0
4464,0.22418022670890422,0.005217348201079219,0.0015493,1.4708938459474281,5.135007074824801,-70.83866887238597,1.01338506043586,13.794359927511756,0.32696719194081925,-81.01475338640411,-0.8125632746084135,-25.414926094155064,-0.8604110866485712,77.17048931993416,-0.01912858174625246,-0.047208105944638,-0.001441,0.04723974673241047,0.0078843,1,1.0
4465,0.10055842772456133,0.01248847300157118,0.0015493,1.4708938459474281,5.135007074824801,-50.88942240109772,1.01338506043586,17.32165789637642,0.32696719194081925,-93.9281251681332,-0.8125632746084135,-12.683470571603971,-0.8604110866485712,63.76066775411774,-0.01912858174625246,-0.07474662658724479,-0.001441,0.07533023558327301,0.0078843,1,1.0
4466,0.0319495117618557,0.0012047335717890353,0.0015493,1.4708938459474281,5.135007074824801,-17.675020451834833,1.01338506043586,5.300447905060593,0.32696719194081925,-31.686750617174305,-0.8125632746084135,7.8239273988670615,-0.8604110866485712,20.717374993140137,-0.01912858174625246,-0.020399873783773503,-0.001441,0.020181664237701367,0.0078843,1,1.0
4467,0.13248361254626115,0.001328428364330554,0.0015493,1.4708938459474281,5.135007074824801,-56.689025735059474,1.01338506043586,7.437485267790212,0.32696719194081925,-72.54417464937576,-0.8125632746084135,69.46819388264498,-0.8604110866485712,55.95839017171745,-0.01912858174625246,-0.017949217147263965,-0.001441,0.01793742537531873,0.0078843,1,1.0
4468,0.04633925413928579,0.004742628700952905,0.0015493,1.4708938459474281,5.135007074824801,-16.0895396582175,1.01338506043586,-5.996406422738409,0.32696719194081925,-2.128161837168425,-0.8125632746084135,63.41438115369096,-0.8604110866485712,8.462569155932716,-0.01912858174625246,-0.036620552447266155,-0.001441,0.0367885159149266,0.0078843,1,1.0
4469,0.23325794018813628,0.007967807316195934,0.0015493,1.4708938459474281,5.135007074824801,-71.21942924810423,1.01338506043586,0.8847385949552701,0.32696719194081925,-53.509053538747494,-0.8125632746084135,54.518306733324785,-0.8604110866485712,65.0773442442815,-0.01912858174625246,-0.019461874955187034,-0.001441,0.01945637478450146,0.0078843,1,1.0
4470,0.11456559418690064,0.0014303096282562966,0.0015493,1.4708938459474281,5.135007074824801,-26.98073699893184,1.01338506043586,3.441479980485979,0.32696719194081925,-18.34499530463958,-0.8125632746084135,-41.83744743995725,-0.8604110866485712,29.589272505793176,-0.01912858174625246,-0.016480042837612213,-0.001441,0.016346805287593327,0.0078843,1,1.0
4471,0.0014598362837917045,0.016941344718020585,0.0015493,1.4708938459474281,5.135007074824801,-9.196038304596891,1.01338506043586,16.340629723122248,0.32696719194081925,-48.53332566488903,-0.8125632746084135,-67.40679720708538,-0.8604110866485712,23.58893387753196,-0.01912858174625246,-0.07717258108482411,-0.001441,0.07845918651740816,0.0078843,1,1.0
4472,0.24111561197257467,0.0039364085014129465,0.0015493,1.4708938459474281,5.135007074824801,-81.23635685567898,1.01338506043586,11.966992760502144,0.32696719194081925,-89.90595232329986,-0.8125632746084135,28.117715424628596,-0.8604110866485712,82.79873593926371,-0.01912858174625246,-0.03090584712010551,-0.001441,0.031093396087025313,0.0078843,1,1.0
4473,0.011160278578508816,0.0003924904741371279,0.0015493,1.4708938459474281,5.135007074824801,-21.642504255702026,1.01338506043586,0.21651038222140742,0.32696719194081925,-36.38939850373019,-0.8125632746084135,79.38017053400706,-0.8604110866485712,19.715489066531138,-0.01912858174625246,-0.00621316227171991,-0.001441,0.006254266598050184,0.0078843,1,1.0
4474,0.15204780612886998,0.0015993733738095062,0.0015493,1.4708938459474281,5.135007074824801,-30.597087544737256,1.01338506043586,4.69997664422542,0.32696719194081925,-14.025945983174967,-0.8125632746084135,-63.68251213306922,-0.8604110866485712,32.595910573655544,-0.01912858174625246,-0.015625573480915103,-0.001441,0.015501261308326944,0.0078843,1,1.0
4475,0.013449212813460072,0.00020719408926462635,0.0015493,1.4708938459474281,5.135007074824801,-21.645732254029955,1.01338506043586,2.023594275370381,0.32696719194081925,-38.379926840982684,-0.8125632746084135,74.87806125562264,-0.8604110866485712,19.994527621156614,-0.01912858174625246,-0.007892429304644073,-0.001441,0.007855907696655062,0.0078843,1,1.0
4476,0.2222774703558001,0.0031711927285654226,0.0015493,1.4708938459474281,5.135007074824801,-42.862863588818755,1.01338506043586,7.665162962195964,0.32696719194081925,-18.384273711232435,-0.8125632746084135,-98.13029245346812,-0.8604110866485712,45.73704556427104,-0.01912858174625246,-0.02399257594754619,-0.001441,0.024376750973670397,0.0078843,1,1.0
4477,0.031488456842161866,0.001428361542980509,0.0015493,1.4708938459474281,5.135007074824801,-1.5985086882245927,1.01338506043586,5.133913552015271,0.32696719194081925,-1.2717603146388485,-0.8125632746084135,-45.66957558562529,-0.8604110866485712,4.26260269024934,-0.01912858174625246,-0.020191199700788514,-0.001441,0.020314162160882877,0.0078843,1,1.0
4478,0.24189505341617737,0.00356785145349384,0.0015493,1.4708938459474281,5.135007074824801,-69.47122746659758,1.01338506043586,9.92436475197773,0.32696719194081925,-64.01633837711913,-0.8125632746084135,-9.827450661689753,-0.8604110866485712,70.28098348620448,-0.01912858174625246,-0.024982539262308038,-0.001441,0.024985956040603777,0.0078843,1,1.0
4479,0.20139856944336276,0.00780355681523673,0.0015493,1.4708938459474281,5.135007074824801,-56.42613810553059,1.01338506043586,15.00770156301018,0.32696719194081925,-65.43335406361872,-0.8125632746084135,-75.13397522960108,-0.8604110866485712,66.16299451768118,-0.01912858174625246,-0.059664137889931274,-0.001441,0.06059538603735955,0.0078843,1,1.0
4480,0.009962024927515203,0.0002041767546959407,0.0015493,1.4708938459474281,5.135007074824801,-26.915032924572902,1.01338506043586,2.598308658005657,0.32696719194081925,-50.441737831553326,-0.8125632746084135,96.45349121146799,-0.8604110866485712,25.413500019901885,-0.01912858174625246,-0.00761912165422045,-0.001441,0.007658059155418995,0.0078843,1,1.0
4481,0.00646601221197976,0.041313168162957076,0.0015493,1.4708938459474281,5.135007074824801,8.194989820741268,1.01338506043586,17.080923521017226,0.32696719194081925,-41.48982926791428,-0.8125632746084135,18.225358313510956,-0.8604110866485712,4.3460991259632324,-0.01912858174625246,-0.02374286299948368,-0.001441,0.0860738241152597,0.0078843,1,1.0
4482,0.252694666653871,0.0061244872004434705,0.0015493,1.4708938459474281,5.135007074824801,-89.21856992557524,1.01338506043586,5.97536940243046,0.32696719194081925,-89.17729061060025,-0.8125632746084135,86.6614971106027,-0.8604110866485712,84.76725302374359,-0.01912858174625246,-0.01329467660429031,-0.001441,0.013316544057144306,0.0078843,1,1.0
4483,0.3516326569750665,0.007689725570289623,0.0015493,1.4708938459474281,5.135007074824801,-81.05794887763527,1.01338506043586,11.027755989395704,0.32696719194081925,-50.96399333336649,-0.8125632746084135,-94.19604810611918,-0.8604110866485712,83.3885417322682,-0.01912858174625246,-0.02966204165261489,-0.001441,0.029418659274100863,0.0078843,1,1.0
4484,0.0856610490370974,0.0008540145286889089,0.0015493,1.4708938459474281,5.135007074824801,-15.53949063983571,1.01338506043586,4.196335894497973,0.32696719194081925,-8.019000976805309,-0.8125632746084135,-53.994906012855225,-0.8604110866485712,18.477940933298736,-0.01912858174625246,-0.017417946198478952,-0.001441,0.017676702122765627,0.0078843,1,1.0
4485,0.010217059639326398,0.07088135417573647,0.0015493,1.4708938459474281,5.135007074824801,26.62319259924954,1.01338506043586,24.505074357703915,0.32696719194081925,-41.49152483690235,-0.8125632746084135,-41.70009723733288,-0.8604110866485712,-1.6851976828963238,-0.01912858174625246,-0.03227132865225131,-0.001441,0.13710255384317638,0.0078843,1,1.0
4486,0.08998416126592984,0.0006150530167020535,0.0015493,1.4708938459474281,5.135007074824801,-19.727029212282993,1.01338506043586,1.4029020700859023,0.32696719194081925,-8.655125973648135,-0.8125632746084135,-21.5458526389989,-0.8604110866485712,19.472392382099084,-0.01912858174625246,-0.0018211911213159443,-0.001441,0.001835809097573132,0.0078843,1,1.0
4487,0.1925223795767244,0.006065177746172092,0.0015493,1.4708938459474281,5.135007074824801,-56.21683915763866,1.01338506043586,14.300824733761628,0.32696719194081925,-65.74039941475303,-0.8125632746084135,-57.32993491082144,-0.8604110866485712,64.30875272643058,-0.01912858174625246,-0.05399467716675478,-0.001441,0.053910631420968205,0.0078843,1,1.0
4488,0.03306634297914871,0.00023365119037200652,0.0015493,1.4708938459474281,5.135007074824801,-25.45477985960612,1.01338506043586,3.674218723486134,0.32696719194081925,-41.83071128200866,-0.8125632746084135,61.2760558237743,-0.8604110866485712,24.767255317907946,-0.01912858174625246,-0.01006756786358586,-0.001441,0.010056712576909004,0.0078843,1,1.0
4489,0.005172694113341633,0.003817958450323861,0.0015493,1.4708938459474281,5.135007074824801,-8.21478673826488,1.01338506043586,-3.803437936758037,0.32696719194081925,-4.247129604714462,-0.8125632746084135,82.90468168619641,-0.8604110866485712,-0.009703864618554547,-0.01912858174625246,-0.03817574844173018,-0.001441,0.03854674137218541,0.0078843,1,1.0
4490,0.25671085003315197,0.008190111716759405,0.0015493,1.4708938459474281,5.135007074824801,-77.73601435525366,1.01338506043586,16.766017068733703,0.32696719194081925,-88.32195205380198,-0.8125632746084135,-50.58650295839447,-0.8604110866485712,86.23261974296791,-0.01912858174625246,-0.06019469159259932,-0.001441,0.05996917107201782,0.0078843,1,1.0
4491,0.1431950158431638,0.00421961450252698,0.0015493,1.4708938459474281,5.135007074824801,-37.63982109869797,1.01338506043586,10.895586929570182,0.32696719194081925,-42.2331741773525,-0.8125632746084135,-68.60770244355855,-0.8604110866485712,45.24958343531388,-0.01912858174625246,-0.045745781021245824,-0.001441,0.04576287042492096,0.0078843,1,1.0
4492,0.1291058140703208,0.0014137964210403366,0.0015493,1.4708938459474281,5.135007074824801,-55.874154832157444,1.01338506043586,8.73030929813095,0.32696719194081925,-74.65101645657575,-0.8125632746084135,61.63422132004819,-0.8604110866485712,56.34345961348027,-0.01912858174625246,-0.022822678275530667,-0.001441,0.022824604431518833,0.0078843,1,1.0
4493,-0.0016166296757994247,0.03426963618100971,0.0015493,1.4708938459474281,5.135007074824801,-21.999159073583268,1.01338506043586,22.499277743332968,0.32696719194081925,-91.12886762352444,-0.8125632746084135,17.168024288209686,-0.8604110866485712,37.15870041483647,-0.01912858174625246,-0.07705008237431382,-0.001441,0.09624796956954423,0.0078843,1,1.0
4494,0.3435388779750005,0.007565860266196017,0.0015493,1.4708938459474281,5.135007074824801,-81.86270349346017,1.01338506043586,14.465432207498308,0.32696719194081925,-61.55893941839943,-0.8125632746084135,-97.3476734479774,-0.8604110866485712,86.38753746364264,-0.01912858174625246,-0.04355644379735493,-0.001441,0.0437643647277855,0.0078843,1,1.0
4495,0.06673962820995993,0.0009317717567855437,0.0015493,1.4708938459474281,5.135007074824801,-36.45616165629667,1.01338506043586,6.38928707837126,0.32696719194081925,-56.668018395441436,-0.8125632746084135,44.08143482793007,-0.8604110866485712,38.80623553450699,-0.01912858174625246,-0.020110036084419015,-0.001441,0.02013633359041785,0.0078843,1,1.0
4496,0.10142788724255657,0.0010644959145609287,0.0015493,1.4708938459474281,5.135007074824801,-38.954561869435516,1.01338506043586,5.667287816069983,0.32696719194081925,-48.34713026411657,-0.8125632746084135,19.36283394633907,-0.8604110866485712,40.92042164950581,-0.01912858174625246,-0.017330176524431362,-0.001441,0.017277782691827892,0.0078843,1,1.0
4497,0.16347342608184595,0.002153506404627097,0.0015493,1.4708938459474281,5.135007074824801,-69.13391425874448,1.01338506043586,10.232213869287754,0.32696719194081925,-90.29118518642169,-0.8125632746084135,73.19160102910095,-0.8604110866485712,69.64250494657652,-0.01912858174625246,-0.02594178585632204,-0.001441,0.026079605103177025,0.0078843,1,1.0
4498,0.21608054498195678,0.012022082720708187,0.0015493,1.4708938459474281,5.135007074824801,-55.907525963051356,1.01338506043586,-2.6285033512271294,0.32696719194081925,-23.033058965861304,-0.8125632746084135,51.68628701474483,-0.8604110866485712,45.011091171870895,-0.01912858174625246,-0.04426068413833958,-0.001441,0.04441307521826287,0.0078843,1,1.0
4499,0.048664188687480736,0.033320490215532836,0.0015493,1.4708938459474281,5.135007074824801,-35.997836384113455,1.01338506043586,27.72385781967908,0.32696719194081925,-99.75982286477692,-0.8125632746084135,-31.07136858439331,-0.8604110866485712,51.43025663953018,-0.01912858174625246,-0.10812721517196563,-0.001441,0.10817844192873732,0.0078843,1,1.0
4500,0.5830295365982325,0.15067012843956396,0.0015493,1.7394849584049095,3.6335273926818386,-79.37226198429619,1.01338506043586,-6.650490939055986,0.32696719194081925,-11.323761718411784,-0.8125632746084135,28.22975647366317,-0.8604110866485712,61.386888758580476,-0.01912858174625246,-0.17268401313564152,-0.001441,0.1751825749928485,0.0078843,1,1.0
4501,0.08900614732655496,0.0144560537884758,0.0015493,1.7394849584049095,3.6335273926818386,-13.449369955531642,1.01338506043586,5.234900367348221,0.32696719194081925,-35.053820137452824,-0.8125632746084135,7.843042909527046,-0.8604110866485712,24.76385446003909,-0.01912858174625246,-0.07781756763970064,-0.001441,0.08071885797256419,0.0078843,1,1.0
4502,0.5775752649677063,0.040521452262241624,0.0015493,1.7394849584049095,3.6335273926818386,-59.13080658479092,1.01338506043586,4.548677675010101,0.32696719194081925,-41.263931918911666,-0.8125632746084135,-17.33079306386529,-0.8604110866485712,69.06716671472425,-0.01912858174625246,-0.04761224342756458,-0.001441,0.04749791846445943,0.0078843,1,1.0
4503,0.317988444221793,0.025560765516447686,0.0015493,1.7394849584049095,3.6335273926818386,-43.986572276115425,1.01338506043586,8.797700013628486,0.32696719194081925,-65.26672310319489,-0.8125632746084135,16.34040868478095,-0.8604110866485712,59.509119489839904,-0.01912858174625246,-0.10644616309634672,-0.001441,0.10690857842321741,0.0078843,1,1.0
4504,0.06707596705826735,0.07649182963901241,0.0015493,1.7394849584049095,3.6335273926818386,99.78314739433426,1.01338506043586,17.910776360332743,0.32696719194081925,-46.57707513486053,-0.8125632746084135,45.94895052750906,-0.8604110866485712,-35.54322954939667,-0.01912858174625246,0.4529361430378024,-0.001441,0.556327381957752,0.0078843,0,1.0
4505,0.013122136076584745,0.059290867702174385,0.0015493,1.7394849584049095,3.6335273926818386,99.83558667900988,1.01338506043586,19.677423364224396,0.32696719194081925,-60.30571829388906,-0.8125632746084135,59.90642274455847,-0.8604110866485712,-32.64008039139833,-0.01912858174625246,0.44985095919633356,-0.001441,0.5594578832276902,0.0078843,0,1.0
4506,0.04660761189836793,0.08035210233792868,0.0015493,1.7394849584049095,3.6335273926818386,75.93996237431406,1.01338506043586,17.546565790028883,0.32696719194081925,-74.02045840260965,-0.8125632746084135,97.93348014302386,-0.8604110866485712,-17.211115845624654,-0.01912858174625246,0.45852988691568086,-0.001441,0.5249216283642105,0.0078843,0,1.0
4507,0.31278358818208674,0.05756815394894124,0.0015493,1.7394849584049095,3.6335273926818386,-58.7251464640306,1.01338506043586,-3.926013178250791,0.32696719194081925,-27.947517893380063,-0.8125632746084135,49.72756970750287,-0.8604110866485712,48.3335712329395,-0.01912858174625246,-0.10648146062353711,-0.001441,0.10095923731676512,0.0078843,1,1.0
4508,0.5861881460434675,0.17940843799292072,0.0015493,1.7394849584049095,3.6335273926818386,99.9296650787081,1.01338506043586,28.616912824185917,0.32696719194081925,-49.513705464879806,-0.8125632746084135,-62.12114004729527,-0.8604110866485712,-8.64584899914005,-0.01912858174625246,0.3792577674800671,-0.001441,0.7286901979911987,0.0078843,0,1.0
4509,0.1032556998106875,0.13967145018765667,0.0015493,1.7394849584049095,3.6335273926818386,96.20801739082664,1.01338506043586,13.829411120893969,0.32696719194081925,-13.6453815149036,-0.8125632746084135,-3.074832826138871,-0.8604110866485712,-41.45850848391445,-0.01912858174625246,0.35209723290099015,-0.001441,0.491006270442768,0.0078843,0,1.0
4510,0.5917840739464295,0.1829629790825533,0.0015493,1.7394849584049095,3.6335273926818386,99.98015628548093,1.01338506043586,30.977306078537154,0.32696719194081925,-54.89424418113172,-0.8125632746084135,-63.70421333695804,-0.8604110866485712,-7.2967910794010935,-0.01912858174625246,0.37037144513610415,-0.001441,0.7376286350790899,0.0078843,0,1.0
4511,0.09774962541345728,0.09127917159101367,0.0015493,1.7394849584049095,3.6335273926818386,7.0072447687050845,1.01338506043586,12.908969490636428,0.32696719194081925,-36.36242380175752,-0.8125632746084135,-41.633474249136235,-0.8604110866485712,18.007838062953443,-0.01912858174625246,-0.203733805875162,-0.001441,0.20427742039713243,0.0078843,1,1.0
4512,0.0751182140659484,0.0017264566727651454,0.0015493,1.7394849584049095,3.6335273926818386,-27.82822294527489,1.01338506043586,2.1271187709994384,0.32696719194081925,-40.950282121645905,-0.8125632746084135,43.27963735368713,-0.8604110866485712,31.094543768476196,-0.01912858174625246,-0.015302173823162589,-0.001441,0.015198460957321365,0.0078843,1,1.0
4513,0.320286907297285,0.181293195475019,0.0015493,1.7394849584049095,3.6335273926818386,99.98942614474979,1.01338506043586,19.412571001133543,0.32696719194081925,-7.350253275066064,-0.8125632746084135,-67.0014830918103,-0.8604110866485712,-34.6611739273013,-0.01912858174625246,0.3116900147541512,-0.001441,0.5367490058201705,0.0078843,0,1.0
4514,0.003453538504769149,0.05732034453492792,0.0015493,1.7394849584049095,3.6335273926818386,99.26003642216187,1.01338506043586,19.229183509321757,0.32696719194081925,-62.399886294906565,-0.8125632746084135,65.99802322460877,-0.8604110866485712,-31.903595571334556,-0.01912858174625246,0.4498541212176792,-0.001441,0.56732191599695,0.0078843,0,1.0
4515,0.0018521999641560594,0.022622308659406988,0.0015493,1.7394849584049095,3.6335273926818386,16.04939597771814,1.01338506043586,5.630700500349379,0.32696719194081925,-0.21408789978342546,-0.8125632746084135,-35.78987438443555,-0.8604110866485712,-6.135948022537284,-0.01912858174625246,-0.08775075520497176,-0.001441,0.09183059973615808,0.0078843,1,1.0
4516,-0.0003648198907743039,0.05195260074614164,0.0015493,1.7394849584049095,3.6335273926818386,87.99233040415028,1.01338506043586,23.747567914519756,0.32696719194081925,-90.68192643038842,-0.8125632746084135,90.42618068539142,-0.8604110866485712,-18.069776671928526,-0.01912858174625246,0.4458614662393091,-0.001441,0.56422158242908,0.0078843,0,1.0
4517,0.20343421410161083,0.06042458343575664,0.0015493,1.7394849584049095,3.6335273926818386,-14.99149798334273,1.01338506043586,11.715123388430236,0.32696719194081925,-48.55769188714045,-0.8125632746084135,-11.393860851014336,-0.8604110866485712,34.382539524923665,-0.01912858174625246,-0.13440511992958956,-0.001441,0.16271660862893708,0.0078843,1,1.0
4518,0.35366336626327866,0.01674721829293449,0.0015493,1.7394849584049095,3.6335273926818386,-32.53258924002276,1.01338506043586,5.614382203519721,0.32696719194081925,-29.79848174586241,-0.8125632746084135,-18.84509969412726,-0.8604110866485712,42.128029642602094,-0.01912858174625246,-0.06425963174538431,-0.001441,0.06466760826021721,0.0078843,1,1.0
4519,0.3496931075495248,0.09168753053855962,0.0015493,1.7394849584049095,3.6335273926818386,-6.789021352601698,1.01338506043586,13.21300479292848,0.32696719194081925,-30.224377328127716,-0.8125632746084135,-76.80724894386047,-0.8604110866485712,33.942969043766226,-0.01912858174625246,-0.21080949272762134,-0.001441,0.2096102190479806,0.0078843,1,1.0
4520,0.08326142710580187,0.010006829487948924,0.0015493,1.7394849584049095,3.6335273926818386,-22.771303392094847,1.01338506043586,5.9040058461816125,0.32696719194081925,-45.48401867899676,-0.8125632746084135,29.85856979016475,-0.8604110866485712,30.500253663195256,-0.01912858174625246,-0.06789950428083773,-0.001441,0.06856703355478223,0.0078843,1,1.0
4521,0.15512647615610686,0.08170164494103573,0.0015493,1.7394849584049095,3.6335273926818386,99.90146236890918,1.01338506043586,23.172126673930546,0.32696719194081925,-60.49185991167546,-0.8125632746084135,26.00175545077492,-0.8604110866485712,-25.573977726984168,-0.01912858174625246,0.4194478832929023,-0.001441,0.6019520550944524,0.0078843,0,1.0
4522,0.42966047590335643,0.022768138250184863,0.0015493,1.7394849584049095,3.6335273926818386,-26.715410402798305,1.01338506043586,2.552145194927574,0.32696719194081925,-0.18342979786172164,-0.8125632746084135,-51.917789312157595,-0.8604110866485712,31.82921771862621,-0.01912858174625246,-0.02675160868532157,-0.001441,0.026813397629878246,0.0078843,1,1.0
4523,0.2308003727276961,0.0074758291249641205,0.0015493,1.7394849584049095,3.6335273926818386,-60.38114119979541,1.01338506043586,4.309832205770437,0.32696719194081925,-78.10780054832814,-0.8125632746084135,76.34873822323007,-0.8604110866485712,65.99563917897106,-0.01912858174625246,-0.028190916906241984,-0.001441,0.02848511314245331,0.0078843,1,1.0
4524,0.5179307891749352,0.0750146935640678,0.0015493,1.7394849584049095,3.6335273926818386,-31.283537047798426,1.01338506043586,12.800017511726503,0.32696719194081925,-42.40835125646719,-0.8125632746084135,-64.5505824520806,-0.8604110866485712,55.863382077798,-0.01912858174625246,-0.18018093395451923,-0.001441,0.18160603201748526,0.0078843,1,1.0
4525,0.10618935958612677,0.0018818799479216454,0.0015493,1.7394849584049095,3.6335273926818386,-30.579997798959525,1.01338506043586,1.6472123268267278,0.32696719194081925,-38.645020362269676,-0.8125632746084135,41.46365341970141,-0.8604110866485712,32.54878722649764,-0.01912858174625246,-0.008339414612951741,-0.001441,0.00844152270752064,0.0078843,1,1.0
4526,0.06996120769904013,0.14501918023019902,0.0015493,1.7394849584049095,3.6335273926818386,9.680727338784257,1.01338506043586,15.773380782025697,0.32696719194081925,-63.632279307123,-0.8125632746084135,-2.293550675785151,-0.8604110866485712,23.951528381189245,-0.01912858174625246,-0.13589485341658666,-0.001441,0.26942080066167995,0.0078843,1,1.0
4527,0.23788722705574203,0.009307885169569121,0.0015493,1.7394849584049095,3.6335273926818386,-64.6024442836002,1.01338506043586,2.8622584285377752,0.32696719194081925,-75.62743944753353,-0.8125632746084135,84.06873784712656,-0.8604110866485712,66.46595281082494,-0.01912858174625246,-0.02574672769240341,-0.001441,0.02590643364336781,0.0078843,1,1.0
4528,0.5003938257578326,0.14324697938384431,0.0015493,1.7394849584049095,3.6335273926818386,81.73921981912619,1.01338506043586,33.0404188481998,0.32696719194081925,-99.14626265701098,-0.8125632746084135,7.612364253733451,-0.8604110866485712,11.480215801808654,-0.01912858174625246,0.3924765265391207,-0.001441,0.7368522337110149,0.0078843,0,1.0
4529,0.1684053362819563,0.09317799092829608,0.0015493,1.7394849584049095,3.6335273926818386,99.9347957584659,1.01338506043586,19.86862230031057,0.32696719194081925,-44.217652141330774,-0.8125632746084135,19.350706830835772,-0.8604110866485712,-31.164218654523438,-0.01912858174625246,0.4377283520203687,-0.001441,0.5725971025000711,0.0078843,0,1.0
4530,0.5258478047372581,0.051847631306870576,0.0015493,1.7394849584049095,3.6335273926818386,-19.97834929433266,1.01338506043586,9.407313221962026,0.32696719194081925,-6.1143148277606025,-0.8125632746084135,-92.35675690966852,-0.8604110866485712,35.895589445622875,-0.01912858174625246,-0.12548874459132864,-0.001441,0.12597136546448295,0.0078843,1,1.0
4531,0.15362082610882424,0.008149877233524935,0.0015493,1.7394849584049095,3.6335273926818386,-40.522423932356816,1.01338506043586,5.926773831926135,0.32696719194081925,-63.43969057124178,-0.8125632746084135,51.958552085621335,-0.8604110866485712,48.084246679394965,-0.01912858174625246,-0.05830566593314802,-0.001441,0.06004510694160634,0.0078843,1,1.0
4532,0.5532253713043436,0.04229755582569231,0.0015493,1.7394849584049095,3.6335273926818386,-47.7931989837003,1.01338506043586,7.813127917830239,0.32696719194081925,-41.499146937445055,-0.8125632746084135,-36.7477486683484,-0.8604110866485712,63.680470367334976,-0.01912858174625246,-0.10084786868080896,-0.001441,0.10063143673051321,0.0078843,1,1.0
4533,0.5032169495606097,0.03235621367075375,0.0015493,1.7394849584049095,3.6335273926818386,-51.44194064165311,1.01338506043586,6.104900068695891,0.32696719194081925,-44.032846437283894,-0.8125632746084135,-15.672761130611676,-0.8604110866485712,63.267818115720075,-0.01912858174625246,-0.06950912043941582,-0.001441,0.06817947850155973,0.0078843,1,1.0
4534,0.008119220193489984,0.02466618793141468,0.0015493,1.7394849584049095,3.6335273926818386,-32.77049537689311,1.01338506043586,-4.426434994414268,0.32696719194081925,-23.683585096715646,-0.8125632746084135,72.18864180249018,-0.8604110866485712,21.272337266692265,-0.01912858174625246,-0.10206929271683164,-0.001441,0.10191408585098634,0.0078843,1,1.0
4535,0.022844237756692018,0.0010627682766084794,0.0015493,1.7394849584049095,3.6335273926818386,-19.576351238110462,1.01338506043586,0.24742724921798234,0.32696719194081925,-26.05662672825356,-0.8125632746084135,38.33348054232035,-0.8604110866485712,18.976365159641713,-0.01912858174625246,-0.013595222277252954,-0.001441,0.013526247707964522,0.0078843,1,1.0
4536,0.07998825478889585,0.015281395924583288,0.0015493,1.7394849584049095,3.6335273926818386,-51.72484406437887,1.01338506043586,-1.1288192481193593,0.32696719194081925,-56.501235634179324,-0.8125632746084135,96.52489845310423,-0.8604110866485712,45.30080419661394,-0.01912858174625246,-0.07158555181388773,-0.001441,0.07244813136564357,0.0078843,1,1.0
4537,0.00625496197341828,0.09659382773630609,0.0015493,1.7394849584049095,3.6335273926818386,14.326782489010407,1.01338506043586,1.3624244031395387,0.32696719194081925,-0.6452618263085488,-0.8125632746084135,22.696394189020516,-0.8604110866485712,-11.00625887811363,-0.01912858174625246,0.030871719590023494,-0.001441,0.16663194556111624,0.0078843,0,1.0
4538,0.2112388518624414,0.08386703232365901,0.0015493,1.7394849584049095,3.6335273926818386,66.82743600372106,1.01338506043586,22.522425299898728,0.32696719194081925,-99.97117359543915,-0.8125632746084135,85.1816938106769,-0.8604110866485712,6.272840479588683,-0.01912858174625246,0.43526730636453126,-0.001441,0.5825149956423584,0.0078843,0,1.0
4539,0.4604221526354254,0.024911957603765876,0.0015493,1.7394849584049095,3.6335273926818386,-54.84820707641714,1.01338506043586,7.253178334029341,0.32696719194081925,-54.34645396240654,-0.8125632746084135,3.695727231125525,-0.8604110866485712,65.26809083992757,-0.01912858174625246,-0.07121916107607255,-0.001441,0.07144499498513913,0.0078843,1,1.0
4540,0.11570660569782061,0.01622973823954061,0.0015493,1.7394849584049095,3.6335273926818386,-4.600059773102288,1.01338506043586,5.455660185710496,0.32696719194081925,-19.029752473244358,-0.8125632746084135,-20.17339584700141,-0.8604110866485712,16.112287710411454,-0.01912858174625246,-0.0878282417927385,-0.001441,0.08725604938065266,0.0078843,1,1.0
4541,0.27649141484543616,0.0959802468461707,0.0015493,1.7394849584049095,3.6335273926818386,75.89180784697012,1.01338506043586,23.722530208868644,0.32696719194081925,-86.93191583785747,-0.8125632746084135,52.10011657579139,-0.8604110866485712,0.6663658268186796,-0.01912858174625246,0.4233858226867946,-0.001441,0.6102153573273446,0.0078843,0,1.0
4542,0.5032523814155236,0.02969340331486081,0.0015493,1.7394849584049095,3.6335273926818386,-66.34127138110014,1.01338506043586,8.049382888166157,0.32696719194081925,-70.61453876769525,-0.8125632746084135,18.36873130572045,-0.8604110866485712,78.76484810211676,-0.01912858174625246,-0.07827492181991748,-0.001441,0.0780931073211721,0.0078843,1,1.0
4543,0.06914411158269429,0.014253506017386269,0.0015493,1.7394849584049095,3.6335273926818386,2.6896439465921325,1.01338506043586,5.099446279470593,0.32696719194081925,-11.1684663618518,-0.8125632746084135,-24.148510366581224,-0.8604110866485712,7.413626294907534,-0.01912858174625246,-0.08115687254626536,-0.001441,0.08174036000898274,0.0078843,1,1.0
4544,0.19589910647823117,0.032344761416666465,0.0015493,1.7394849584049095,3.6335273926818386,-35.373698212404435,1.01338506043586,10.197782372460162,0.32696719194081925,-70.69164894052427,-0.8125632746084135,29.005965262791513,-0.8604110866485712,51.68750487370258,-0.01912858174625246,-0.12493185483464442,-0.001441,0.12627642507823494,0.0078843,1,1.0
4545,0.0025693792147696293,0.15376356113756628,0.0015493,1.7394849584049095,3.6335273926818386,67.87242148729554,1.01338506043586,13.94568326028747,0.32696719194081925,-23.62804428215903,-0.8125632746084135,-10.136739361719775,-0.8604110866485712,-25.41774179647046,-0.01912858174625246,0.1554539381588373,-0.001441,0.3479597998825689,0.0078843,0,1.0
4546,0.01088589779012732,0.0009931369464601261,0.0015493,1.7394849584049095,3.6335273926818386,-17.177044144470283,1.01338506043586,0.7283332984988354,0.32696719194081925,-24.260728335142034,-0.8125632746084135,36.124427871301606,-0.8604110866485712,16.224352509962742,-0.01912858174625246,-0.020121354597553074,-0.001441,0.020367732657669477,0.0078843,1,1.0
4547,0.001691540108829881,0.09027880348151124,0.0015493,1.7394849584049095,3.6335273926818386,11.353977711662454,1.01338506043586,10.172885787692346,0.32696719194081925,-45.08806338376888,-0.8125632746084135,21.336464959456325,-0.8604110866485712,10.429984243718122,-0.01912858174625246,-0.014471416901037565,-0.001441,0.18065161066562987,0.0078843,1,1.0
4548,0.11771714537135639,0.0018181279244273943,0.0015493,1.7394849584049095,3.6335273926818386,-11.726442631565357,1.01338506043586,0.9517492377681485,0.32696719194081925,-7.623059053671594,-0.8125632746084135,-4.132251476836055,-0.8604110866485712,13.487422217761475,-0.01912858174625246,-0.007868926595368048,-0.001441,0.00830518529675434,0.0078843,1,1.0
4549,0.42017060818566654,0.15953850085066018,0.0015493,1.7394849584049095,3.6335273926818386,99.9983197582446,1.01338506043586,23.434537102562153,0.32696719194081925,-29.112612480724792,-0.8125632746084135,-48.14620059893494,-0.8604110866485712,-24.723045992380907,-0.01912858174625246,0.3963244296856136,-0.001441,0.6090277757600516,0.0078843,0,1.0
4550,0.0029573953448240875,0.08050214372655735,0.0015493,1.7394849584049095,3.6335273926818386,14.050699826321592,1.01338506043586,7.51231528423996,0.32696719194081925,-27.194063586515284,-0.8125632746084135,16.90492240051472,-0.8604110866485712,1.0644169818266096,-0.01912858174625246,0.03227081638883345,-0.001441,0.1405349458697323,0.0078843,0,1.0
4551,0.20608935347368512,0.0138486342223047,0.0015493,1.7394849584049095,3.6335273926818386,-28.478837847607203,1.01338506043586,6.88829254402358,0.32696719194081925,-44.71217420841222,-0.8125632746084135,10.42529052930747,-0.8604110866485712,38.82923164733761,-0.01912858174625246,-0.08104875426462281,-0.001441,0.08101805598533919,0.0078843,1,1.0
4552,0.5187448684233356,0.0668630427811493,0.0015493,1.7394849584049095,3.6335273926818386,-97.44690909401388,1.01338506043586,2.380293349322312,0.32696719194081925,-76.55728522124822,-0.8125632746084135,85.10107607483634,-0.8604110866485712,89.879338611235,-0.01912858174625246,-0.11705978854857563,-0.001441,0.11712300845036522,0.0078843,1,1.0
4553,0.24023608299981886,0.010817784852242092,0.0015493,1.7394849584049095,3.6335273926818386,-35.222211672921325,1.01338506043586,6.0712108660745825,0.32696719194081925,-46.85554756080796,-0.8125632746084135,17.029873337595696,-0.8604110866485712,43.85365059266957,-0.01912858174625246,-0.06446570103951585,-0.001441,0.06527431902838254,0.0078843,1,1.0
4554,0.240155015377288,0.013478864954872643,0.0015493,1.7394849584049095,3.6335273926818386,-40.44078077439074,1.01338506043586,7.008071381284823,0.32696719194081925,-58.50373514646654,-0.8125632746084135,29.11527916027272,-0.8604110866485712,50.55725583190715,-0.01912858174625246,-0.07405501148470486,-0.001441,0.07580997193426134,0.0078843,1,1.0
4555,0.03920608253940994,0.050874781356352164,0.0015493,1.7394849584049095,3.6335273926818386,99.86815650576753,1.01338506043586,24.381247082357234,0.32696719194081925,-83.9031495099569,-0.8125632746084135,62.376250717471976,-0.8604110866485712,-21.591725495123033,-0.01912858174625246,0.41082180706630356,-0.001441,0.6316058046872682,0.0078843,0,1.0
4556,0.11698883307214282,0.0025143428884423814,0.0015493,1.7394849584049095,3.6335273926818386,-28.19701660778684,1.01338506043586,3.240547329134002,0.32696719194081925,-39.62992738590574,-0.8125632746084135,33.31007145939751,-0.8604110866485712,32.27579249093664,-0.01912858174625246,-0.029338587525621764,-0.001441,0.029773794568878766,0.0078843,1,1.0
4557,0.8437735365250619,0.1395493419070172,0.0015493,1.7394849584049095,3.6335273926818386,-63.08828074937557,1.01338506043586,16.799507768334983,0.32696719194081925,-69.77858131260795,-0.8125632746084135,-78.36348487028606,-0.8604110866485712,96.08373790132873,-0.01912858174625246,-0.23079583928892566,-0.001441,0.23050322933551937,0.0078843,1,1.0
4558,0.4474704377618818,0.02272401882840814,0.0015493,1.7394849584049095,3.6335273926818386,-63.06989898777798,1.01338506043586,6.076102909451782,0.32696719194081925,-64.47747304890623,-0.8125632746084135,26.21269341124092,-0.8604110866485712,72.24713597769741,-0.01912858174625246,-0.04997687296292146,-0.001441,0.05194035331646204,0.0078843,1,1.0
4559,0.2768379443011232,0.008761910564674822,0.0015493,1.7394849584049095,3.6335273926818386,-46.89050641489955,1.01338506043586,4.775517284155081,0.32696719194081925,-54.02306941804385,-0.8125632746084135,33.63878621627337,-0.8604110866485712,53.06573656383328,-0.01912858174625246,-0.04120445758672046,-0.001441,0.04106639693934603,0.0078843,1,1.0
4560,0.007636626293535176,0.12810153572520272,0.0015493,1.7394849584049095,3.6335273926818386,50.84282188908487,1.01338506043586,9.981407906548874,0.32696719194081925,-4.109413415246475,-0.8125632746084135,-48.30683212793425,-0.8604110866485712,-19.941149195572155,-0.01912858174625246,-0.013104049738969031,-0.001441,0.25382080559403963,0.0078843,1,1.0
4561,0.008778124835813972,0.09766201861491149,0.0015493,1.7394849584049095,3.6335273926818386,26.85317782734606,1.01338506043586,6.966837398733734,0.32696719194081925,-18.922038505954184,-0.8125632746084135,6.350016298383844,-0.8604110866485712,-6.891794789311315,-0.01912858174625246,0.08032916112269323,-0.001441,0.1620758925912645,0.0078843,0,1.0
4562,0.05874142970127394,0.08246042112148794,0.0015493,1.7394849584049095,3.6335273926818386,99.7900800023428,1.01338506043586,18.158793881255264,0.32696719194081925,-41.68957422855961,-0.8125632746084135,45.389887786742555,-0.8604110866485712,-39.39635471644623,-0.01912858174625246,0.4791483749942135,-0.001441,0.5204535323507679,0.0078843,0,1.0
4563,0.02051859336324921,0.015974976074235207,0.0015493,1.7394849584049095,3.6335273926818386,-13.763503510428354,1.01338506043586,6.011534588972037,0.32696719194081925,-40.74544487602067,-0.8125632746084135,27.845482439210667,-0.8604110866485712,21.810004139759037,-0.01912858174625246,-0.06827452637778737,-0.001441,0.0758213267933452,0.0078843,1,1.0
4564,0.3738171904346497,0.022364557510989775,0.0015493,1.7394849584049095,3.6335273926818386,-15.15852933749199,1.01338506043586,3.924553547600124,0.32696719194081925,-0.07009607134259388,-0.8125632746084135,-63.54264219150687,-0.8604110866485712,25.862207253018873,-0.01912858174625246,-0.07293150180319732,-0.001441,0.07306122160382189,0.0078843,1,1.0
4565,0.6967135324278011,0.06161348908559574,0.0015493,1.7394849584049095,3.6335273926818386,-47.44344070422921,1.01338506043586,3.340477955881869,0.32696719194081925,-4.3059134308743,-0.8125632746084135,-74.7599330268725,-0.8604110866485712,55.19127917862067,-0.01912858174625246,-0.03598757108908264,-0.001441,0.03638261084945478,0.0078843,1,1.0
4566,0.09243538220820549,0.01024567826916649,0.0015493,1.7394849584049095,3.6335273926818386,-26.499697710213983,1.01338506043586,-1.6083633993596649,0.32696719194081925,-23.08216749659134,-0.8125632746084135,37.23770171951077,-0.8604110866485712,24.42425126148055,-0.01912858174625246,-0.035015107945345875,-0.001441,0.039828744340946826,0.0078843,1,1.0
4567,0.18211801651750015,0.07920861800122188,0.0015493,1.7394849584049095,3.6335273926818386,85.70219314715852,1.01338506043586,23.762568492429157,0.32696719194081925,-79.4340316195009,-0.8125632746084135,51.94563653586308,-0.8604110866485712,-11.574870830402878,-0.01912858174625246,0.4313893574272268,-0.001441,0.5929778034791514,0.0078843,0,1.0
4568,0.4291996839709264,0.14923413249986242,0.0015493,1.7394849584049095,3.6335273926818386,96.97727060748785,1.01338506043586,24.047242255730712,0.32696719194081925,-38.58581019348415,-0.8125632746084135,-35.39445804424294,-0.8604110866485712,-19.832783434345423,-0.01912858174625246,0.4123105711724509,-0.001441,0.6218983866155585,0.0078843,0,1.0
4569,0.5024057404166486,0.028533965166897542,0.0015493,1.7394849584049095,3.6335273926818386,-65.87896025334382,1.01338506043586,6.758508075821178,0.32696719194081925,-65.14395192167969,-0.8125632746084135,17.461445224379283,-0.8604110866485712,76.49414181587215,-0.01912858174625246,-0.061208759405946236,-0.001441,0.0606489167054627,0.0078843,1,1.0
4570,0.28488384379872894,0.01000516700994165,0.0015493,1.7394849584049095,3.6335273926818386,-22.575616671961495,1.01338506043586,2.7137804888635135,0.32696719194081925,-11.630650866454388,-0.8125632746084135,-23.155186276673863,-0.8604110866485712,27.625959264337812,-0.01912858174625246,-0.028421904187499875,-0.001441,0.029457527897167032,0.0078843,1,1.0
4571,0.1975750555456211,0.006983367825669445,0.0015493,1.7394849584049095,3.6335273926818386,-23.552507661200114,1.01338506043586,4.442191108468047,0.32696719194081925,-29.126107541245705,-0.8125632746084135,1.4951941518996776,-0.8604110866485712,30.44755334457359,-0.01912858174625246,-0.05027131914394903,-0.001441,0.050049741858375574,0.0078843,1,1.0
4572,0.08176761842561553,0.012123015275800888,0.0015493,1.7394849584049095,3.6335273926818386,-4.998654497138869,1.01338506043586,5.276438102497454,0.32696719194081925,-17.87680247927204,-0.8125632746084135,-9.41972523108791,-0.8604110866485712,12.514571352871533,-0.01912858174625246,-0.06766562222454035,-0.001441,0.07028703023638079,0.0078843,1,1.0
4573,0.11107917543773127,0.04266666376189643,0.0015493,1.7394849584049095,3.6335273926818386,-36.404564785830864,1.01338506043586,9.805057650960059,0.32696719194081925,-86.82091503317642,-0.8125632746084135,53.10051111509848,-0.8604110866485712,56.326656277133424,-0.01912858174625246,-0.13816584383726346,-0.001441,0.1382488100893329,0.0078843,1,1.0
4574,0.00015523043429949146,0.13737551840731427,0.0015493,1.7394849584049095,3.6335273926818386,42.150048572894455,1.01338506043586,12.849287124904265,0.32696719194081925,-66.32057616352297,-0.8125632746084135,83.62089779614526,-0.8604110866485712,-2.261250279420103,-0.01912858174625246,0.30534388626253867,-0.001441,0.3192465105224506,0.0078843,0,1.0
4575,0.8905662547833697,0.09667875284036319,0.0015493,1.7394849584049095,3.6335273926818386,-59.663349786775484,1.01338506043586,6.007297936828323,0.32696719194081925,-11.060364134648447,-0.8125632746084135,-97.81437442547964,-0.8604110866485712,72.34009095565035,-0.01912858174625246,-0.06810207768709613,-0.001441,0.06863383133422556,0.0078843,1,1.0
4576,0.5524599845835257,0.16704297196166432,0.0015493,1.7394849584049095,3.6335273926818386,70.83006037286125,1.01338506043586,27.65296413517983,0.32696719194081925,-83.49889075922755,-0.8125632746084135,-2.1560861075352293,-0.8604110866485712,15.065413355320366,-0.01912858174625246,0.38195526579209316,-0.001441,0.674511025556008,0.0078843,0,1.0
4577,0.020783688117709587,0.011502613832458104,0.0015493,1.7394849584049095,3.6335273926818386,-28.339576074276035,1.01338506043586,-1.7708145990731536,0.32696719194081925,-25.35495431601339,-0.8125632746084135,58.8436512677822,-0.8604110866485712,20.431653652321362,-0.01912858174625246,-0.07245970347677311,-0.001441,0.07247843653028749,0.0078843,1,1.0
4578,0.7573679163105954,0.16867507378425411,0.0015493,1.7394849584049095,3.6335273926818386,-58.83664900326736,1.01338506043586,19.146141989867747,0.32696719194081925,-86.93892188330312,-0.8125632746084135,-63.622005989394246,-0.8604110866485712,97.76653121922854,-0.01912858174625246,-0.2703432179632106,-0.001441,0.2765247952371672,0.0078843,1,1.0
4579,0.03303482521323403,0.03332953617900027,0.0015493,1.7394849584049095,3.6335273926818386,5.360771330421579,1.01338506043586,7.535273236107148,0.32696719194081925,-22.6944707817417,-0.8125632746084135,-20.27006312024834,-0.8604110866485712,9.457307659871779,-0.01912858174625246,-0.11850585808716868,-0.001441,0.12101466142861472,0.0078843,1,1.0
4580,-0.0009438260077827554,0.04817696526763596,0.0015493,1.7394849584049095,3.6335273926818386,90.75871372067269,1.01338506043586,22.285804240662635,0.32696719194081925,-96.12514638640008,-0.8125632746084135,96.34605869866228,-0.8604110866485712,-14.791134509158693,-0.01912858174625246,0.43248977709809144,-0.001441,0.6197272083363315,0.0078843,0,1.0
4581,0.275354463858942,0.1104832803761618,0.0015493,1.7394849584049095,3.6335273926818386,94.45392115457473,1.01338506043586,21.479965919265734,0.32696719194081925,-47.98614867787269,-0.8125632746084135,7.408228335340747,-0.8604110866485712,-22.492076433212997,-0.01912858174625246,0.4350816910939833,-0.001441,0.5879664042471139,0.0078843,0,1.0
4582,0.14832439843406947,0.0031421749322236626,0.0015493,1.7394849584049095,3.6335273926818386,-23.58482613837173,1.01338506043586,3.2858915374967634,0.32696719194081925,-29.710784889272503,-0.8125632746084135,14.542969608828201,-0.8604110866485712,28.13731516975208,-0.01912858174625246,-0.03278290817564757,-0.001441,0.0327802582541613,0.0078843,1,1.0
4583,0.8742521356409724,0.25599705117084326,0.0015493,1.7394849584049095,3.6335273926818386,69.81958515309645,1.01338506043586,34.60995696156201,0.32696719194081925,-90.4767987955061,-0.8125632746084135,-55.43572536594537,-0.8604110866485712,32.74875430754641,-0.01912858174625246,0.3590053975651222,-0.001441,0.7976294852858861,0.0078843,0,1.0
4584,0.15685625087491695,0.08264561604579108,0.0015493,1.7394849584049095,3.6335273926818386,99.90358575414268,1.01338506043586,21.901087791746882,0.32696719194081925,-54.26913512970171,-0.8125632746084135,25.399510010098325,-0.8604110866485712,-28.1784896937143,-0.01912858174625246,0.4360630601495805,-0.001441,0.5846987249369595,0.0078843,0,1.0
4585,0.37312782853613613,0.03324722403174765,0.0015493,1.7394849584049095,3.6335273926818386,-63.127847262684845,1.01338506043586,10.861771541286629,0.32696719194081925,-93.91407631689391,-0.8125632746084135,45.187916577760184,-0.8604110866485712,80.79680235491624,-0.01912858174625246,-0.12155120429654262,-0.001441,0.12188683506544387,0.0078843,1,1.0
4586,0.10078281158523567,0.0031454477839784247,0.0015493,1.7394849584049095,3.6335273926818386,-43.24315563961356,1.01338506043586,2.508188770403859,0.32696719194081925,-58.44146471774162,-0.8125632746084135,71.7072375237776,-0.8604110866485712,44.308243927834376,-0.01912858174625246,-0.02752290258232624,-0.001441,0.028144909134840145,0.0078843,1,1.0
4587,0.4160859549372419,0.11580778425295883,0.0015493,1.7394849584049095,3.6335273926818386,92.02161191321227,1.01338506043586,33.68500160058537,0.32696719194081925,-99.88298548021776,-0.8125632746084135,7.854321888585518,-0.8604110866485712,4.279792005436048,-0.01912858174625246,0.37131161003013435,-0.001441,0.7633073640583512,0.0078843,0,1.0
4588,0.26933315380710665,0.009043315372146575,0.0015493,1.7394849584049095,3.6335273926818386,-53.547763127689194,1.01338506043586,5.519738419860525,0.32696719194081925,-66.42928068239654,-0.8125632746084135,50.6716261089363,-0.8604110866485712,59.909423811009574,-0.01912858174625246,-0.048637096321368985,-0.001441,0.04850794835277487,0.0078843,1,1.0
4589,0.0273164859643347,0.0003008887106665889,0.0015493,1.7394849584049095,3.6335273926818386,-11.908943420116616,1.01338506043586,0.7269194508338155,0.32696719194081925,-16.558206703086366,-0.8125632746084135,19.869875919800545,-0.8604110866485712,12.441774417444982,-0.01912858174625246,-0.006199485769850644,-0.001441,0.006408787406344442,0.0078843,1,1.0
4590,0.05847514130633025,0.004307840227712316,0.0015493,1.7394849584049095,3.6335273926818386,-45.31989965860807,1.01338506043586,4.433066854124155,0.32696719194081925,-74.23535816490502,-0.8125632746084135,87.28525301780591,-0.8604110866485712,49.374791267353515,-0.01912858174625246,-0.04097624777676723,-0.001441,0.041108099291735645,0.0078843,1,1.0
4591,0.002594024995309141,0.0653578521592112,0.0015493,1.7394849584049095,3.6335273926818386,85.33219005010757,1.01338506043586,17.6432577145743,0.32696719194081925,-69.41611042969821,-0.8125632746084135,94.67262086707166,-0.8604110866485712,-25.089100865159384,-0.01912858174625246,0.46771708840470255,-0.001441,0.5383861201425599,0.0078843,0,1.0
4592,0.027470412137020617,0.07378158881011977,0.0015493,1.7394849584049095,3.6335273926818386,82.57195227499932,1.01338506043586,16.54115124410321,0.32696719194081925,-68.28923293073096,-0.8125632746084135,94.5640815388748,-0.8604110866485712,-22.598059342651794,-0.01912858174625246,0.4498412087603242,-0.001441,0.5567590637167547,0.0078843,0,1.0
4593,0.16720755530378037,0.006491069330380219,0.0015493,1.7394849584049095,3.6335273926818386,-35.218934645663516,1.01338506043586,5.021430734631957,0.32696719194081925,-51.80908887705341,-0.8125632746084135,35.81190190494506,-0.8604110866485712,42.54272712241214,-0.01912858174625246,-0.051331767416491175,-0.001441,0.051014489404086344,0.0078843,1,1.0
4594,0.014705857804471867,0.06073816692367584,0.0015493,1.7394849584049095,3.6335273926818386,-15.367352434654416,1.01338506043586,7.670592186033807,0.32696719194081925,-62.892855802270674,-0.8125632746084135,65.83273715873108,-0.8604110866485712,28.348524720676473,-0.01912858174625246,0.002726006922828622,-0.001441,0.11922446203539869,0.0078843,0,1.0
4595,0.4677148643201771,0.029139619067800486,0.0015493,1.7394849584049095,3.6335273926818386,-50.562835494062035,1.01338506043586,3.4779464673731444,0.32696719194081925,-36.621104054075275,-0.8125632746084135,-8.360335384223298,-0.8604110866485712,58.38078529661576,-0.01912858174625246,-0.03692830981081941,-0.001441,0.035463270269782014,0.0078843,1,1.0
4596,0.4190540269836295,0.023424090215084993,0.0015493,1.7394849584049095,3.6335273926818386,-42.97430310034578,1.01338506043586,6.583189511735081,0.32696719194081925,-42.34508534879551,-0.8125632746084135,-12.547874212623237,-0.8604110866485712,54.767707876528085,-0.01912858174625246,-0.07575418817738584,-0.001441,0.07542705609716323,0.0078843,1,1.0
4597,0.879670794432744,0.10405244205561694,0.0015493,1.7394849584049095,3.6335273926818386,-59.52017097105727,1.01338506043586,12.361426611183477,0.32696719194081925,-36.063105279460046,-0.8125632746084135,-95.33018251301355,-0.8604110866485712,81.10040299909853,-0.01912858174625246,-0.14965571634203978,-0.001441,0.15050372393456596,0.0078843,1,1.0
4598,0.2305205463301848,0.007981404260002302,0.0015493,1.7394849584049095,3.6335273926818386,-61.02294040546159,1.01338506043586,5.010021491250905,0.32696719194081925,-82.34737495077798,-0.8125632746084135,77.75655253207064,-0.8604110866485712,68.06421905295984,-0.01912858174625246,-0.03735383129282901,-0.001441,0.037310082949097066,0.0078843,1,1.0
4599,8.947717650142906e-08,0.13165269071100974,0.0015493,1.7394849584049095,3.6335273926818386,16.24547834864114,1.01338506043586,5.717041043129082,0.32696719194081925,-46.932468754834645,-0.8125632746084135,74.01007988224399,-0.8604110866485712,5.036968214428909,-0.01912858174625246,0.15710981320353123,-0.001441,0.22911234339513176,0.0078843,0,1.0
