882.378522
931.310040
886.197218
838.392689
954.312532
792.600483
880.293208
715.959524
826.016846
897.672547
835.962141
877.958482
736.978696
861.542151
844.790652
883.920530
894.447362
825.349495
786.756668
830.668423
944.345221
873.758297
808.803336
894.726118
815.201222
877.716916
848.062503
848.365435
944.917120
928.847836
977.550453
876.892630
938.477523
914.063551
966.291182
918.669242
927.502448
925.580739
843.167016
810.633408
841.748658
606.777782
845.429443
826.506397
905.597272
811.547068
953.880212
942.128242
678.663905
849.811714
943.540936
863.364184
840.369762
953.966820
400.544940
933.224803
645.770842
939.547682
889.506454
890.257959
870.742717
866.652292
896.226308
845.222307
936.692309
907.371513
871.107599
864.041128
940.877103
824.993670
931.455032
919.747202
896.251132
957.801661
943.522085
932.539940
890.809076
807.990132
831.541196
883.816629
928.976553
95.218293
959.219776
866.229411
842.396340
901.496804
947.342560
924.692189
922.037593
872.119237
956.773103
858.881477
889.908697
932.209232
961.809776
925.833366
808.668975
886.956258
932.698903
893.307716
