,V,fitness,V_O,s,tau,AF3,AF3_O,AH3,AH3_O,A3N3,A3N3_O,AF5,AF5_O,AD5,AD5_O,lambda1,lambda1_O,lambda2,lambda2_O,taquiónico,taquiónico_O
0,-0.00020298331000095926,0.0741370403543806,-1.54e-06,1.600149459561681,3.485910062937601,72.57300567280603,1.0052136313683062,12.68621183541113,0.12067054082980143,-39.62659889263888,-1.1573229341274334,61.56077038541431,0.6295741068180681,-29.60465494886046,0.2719344611720337,0.4548574354610106,0.00015748,0.6294761149443435,0.00081957,0,0.0
1,0.00383647754496097,0.3952611036211123,-1.54e-06,1.600149459561681,3.485910062937601,64.66662078672049,1.0052136313683062,10.277320603239787,0.12067054082980143,-5.470579361040855,-1.1573229341274334,84.46020013645128,0.6295741068180681,-51.12163339913309,0.2719344611720337,0.20954359047073562,0.00015748,0.8706771471959021,0.00081957,0,0.0
2,0.6304693440039921,0.05091172012880883,-1.54e-06,1.600149459561681,3.485910062937601,-75.05726062596514,1.0052136313683062,8.625669015649015,0.12067054082980143,-86.17334016365602,-1.1573229341274334,36.06224041166528,0.6295741068180681,91.89778903828268,0.2719344611720337,-0.09037439561819277,0.00015748,0.09033345264967557,0.00081957,1,0.0
3,0.07019998941864514,0.07485698597812558,-1.54e-06,1.600149459561681,3.485910062937601,57.36406813347512,1.0052136313683062,14.177502062338474,0.12067054082980143,-48.917884928397804,-1.1573229341274334,64.32418860694887,0.6295741068180681,-17.003338985503312,0.2719344611720337,0.46411762861971634,0.00015748,0.5379736630004894,0.00081957,0,0.0
4,0.766697253190177,0.0729388724832284,-1.54e-06,1.600149459561681,3.485910062937601,-62.24666605690591,1.0052136313683062,7.656654336138747,0.12067054082980143,-46.4803685685086,-1.1573229341274334,-24.025343456546018,0.6295741068180681,76.21964308161346,0.2719344611720337,-0.08111376927208934,0.00015748,0.0814186717662385,0.00081957,1,0.0
5,0.25281627776138266,0.15051509206815006,-1.54e-06,1.600149459561681,3.485910062937601,-15.684245043849366,1.0052136313683062,14.62225560398554,0.12067054082980143,-59.86798258704255,-1.1573229341274334,-22.88237983737664,0.6295741068180681,43.053210608883454,0.2719344611720337,-0.26742944001596924,0.00015748,0.2725185194242057,0.00081957,1,0.0
6,0.36867788400969886,0.16837142046354248,-1.54e-06,1.600149459561681,3.485910062937601,-9.15442008961689,1.0052136313683062,15.607339405130356,0.12067054082980143,-39.229141184405805,-1.1573229341274334,-64.3665111144252,0.6295741068180681,36.62520374698427,0.2719344611720337,-0.28371788834745043,0.00015748,0.2878115251785052,0.00081957,1,0.0
7,0.0016233276987440703,0.8295008301534572,-1.54e-06,1.600149459561681,3.485910062937601,78.24666520781363,1.0052136313683062,34.08273030903162,0.12067054082980143,-54.96464826629756,-1.1573229341274334,73.10568657948009,0.6295741068180681,-47.003237702871296,0.2719344611720337,0.12272836691972722,0.00015748,1.064830828414028,0.00081957,0,0.0
8,0.8845201979412007,0.16816223040063438,-1.54e-06,1.600149459561681,3.485910062937601,-84.02679163533972,1.0052136313683062,0.15496760265118883,0.12067054082980143,-35.205795599735225,-1.1573229341274334,4.685814796508559,0.6295741068180681,83.73679883101217,0.2719344611720337,-0.11479533552310946,0.00015748,0.11513969279809573,0.00081957,1,0.0
9,1.324885658922942,0.6718864745567114,-1.54e-06,1.600149459561681,3.485910062937601,30.549228209633345,1.0052136313683062,47.635051050311205,0.12067054082980143,-92.14756325537444,-1.1573229341274334,-71.8283117250599,0.6295741068180681,49.83797316483545,0.2719344611720337,0.31607695804488056,0.00015748,1.0682908748091604,0.00081957,0,0.0
10,0.06720341649596528,0.14024425001612315,-1.54e-06,1.600149459561681,3.485910062937601,26.281070247338356,1.0052136313683062,11.194619696048157,0.12067054082980143,-0.22183618480724032,-1.1573229341274334,-80.07519637235373,0.6295741068180681,-5.621772401936089,0.2719344611720337,-0.2462830896143335,0.00015748,0.25350322700270245,0.00081957,1,0.0
11,0.5607688668968706,0.2522450713465029,-1.54e-06,1.600149459561681,3.485910062937601,-3.204249978984588,1.0052136313683062,20.475014592296606,0.12067054082980143,-83.8821861694995,-1.1573229341274334,7.465246034688675,0.6295741068180681,50.63364280034767,0.2719344611720337,0.10946753579950766,0.00015748,0.48558201695322023,0.00081957,0,0.0
12,0.0011398705581571467,0.11058522484021016,-1.54e-06,1.600149459561681,3.485910062937601,-0.313379568017943,1.0052136313683062,0.5697707862428754,0.12067054082980143,-16.778682105321952,-1.1573229341274334,48.51487964573779,0.6295741068180681,1.4862556728943666,0.2719344611720337,0.01152641293945586,0.00015748,0.20361198258613208,0.00081957,0,0.0
13,0.17143703167747731,0.13415656863079276,-1.54e-06,1.600149459561681,3.485910062937601,-14.964335506531032,1.0052136313683062,13.001036301321186,0.12067054082980143,-73.46570013909931,-1.1573229341274334,26.737089178593262,0.6295741068180681,41.739193721902836,0.2719344611720337,-0.10940969820737334,0.00015748,0.2624956263660457,0.00081957,1,0.0
14,0.288134793322238,0.14651074201958697,-1.54e-06,1.600149459561681,3.485910062937601,71.66109727320689,1.0052136313683062,13.985786241180486,0.12067054082980143,-36.84780970573356,-1.1573229341274334,10.86304597074892,0.6295741068180681,-14.381470029039832,0.2719344611720337,0.37082076994031976,0.00015748,0.775211696146373,0.00081957,0,0.0
15,0.0022619440324769258,0.05577291386689945,-1.54e-06,1.600149459561681,3.485910062937601,80.82171324072533,1.0052136313683062,14.755284745925382,0.12067054082980143,-28.80499892479384,-1.1573229341274334,27.815421169042626,0.6295741068180681,-36.04277273412839,0.2719344611720337,0.43421905789065457,0.00015748,0.5914397572211765,0.00081957,0,0.0
16,0.6483565762690516,0.11043834561896164,-1.54e-06,1.600149459561681,3.485910062937601,-22.761359020403383,1.0052136313683062,11.73969650255586,0.12067054082980143,-16.890857809562416,-1.1573229341274334,-93.5743990185294,0.6295741068180681,45.14833508476973,0.2719344611720337,-0.20857478476863306,0.00015748,0.2093896804780787,0.00081957,1,0.0
17,0.7331086899513211,0.20904828811533005,-1.54e-06,1.600149459561681,3.485910062937601,-42.501083564825564,1.0052136313683062,18.31492254352039,0.12067054082980143,-65.5247456270953,-1.1573229341274334,-67.05272211982965,0.6295741068180681,76.60593671385784,0.2719344611720337,-0.30944654371502256,0.00015748,0.31263141002938455,0.00081957,1,0.0
18,0.3607117047352253,0.30187107836524896,-1.54e-06,1.600149459561681,3.485910062937601,89.89759406827217,1.0052136313683062,32.07588339851978,0.12067054082980143,-32.06057041022199,-1.1573229341274334,-81.09944741827438,0.6295741068180681,-25.001826713378925,0.2719344611720337,0.19705408344427872,0.00015748,0.8113658413679754,0.00081957,0,0.0
19,0.2887426295451972,0.30870073941568166,-1.54e-06,1.600149459561681,3.485910062937601,47.1551992085931,1.0052136313683062,16.973620014319103,0.12067054082980143,-34.58896063786721,-1.1573229341274334,64.79092227135234,0.6295741068180681,-19.23899756990647,0.2719344611720337,0.313790654381787,0.00015748,0.7865689960562334,0.00081957,0,0.0
20,0.2831191268380088,0.06978410916508587,-1.54e-06,1.600149459561681,3.485910062937601,-36.49589872238076,1.0052136313683062,12.236563929814832,0.12067054082980143,-74.8584148421034,-1.1573229341274334,21.638059726332788,0.6295741068180681,56.82450518483185,0.2719344611720337,-0.1798181198430348,0.00015748,0.1857131386256307,0.00081957,1,0.0
21,0.5381549749644399,0.14451030187768604,-1.54e-06,1.600149459561681,3.485910062937601,-78.8110498966915,1.0052136313683062,-4.197292245278229,0.12067054082980143,-47.36707541618782,-1.1573229341274334,70.05635537236137,0.6295741068180681,71.84052236981063,0.2719344611720337,-0.17622815243375495,0.00015748,0.17553756411274302,0.00081957,1,0.0
22,0.1767364936677942,0.0678906638690259,-1.54e-06,1.600149459561681,3.485910062937601,78.23081490570169,1.0052136313683062,22.96649142989216,0.12067054082980143,-54.449427233797856,-1.1573229341274334,9.508737253899096,0.6295741068180681,-17.90781652135127,0.2719344611720337,0.383204308329323,0.00015748,0.7193617461679376,0.00081957,0,0.0
23,0.5976143037722058,0.19142386632818853,-1.54e-06,1.600149459561681,3.485910062937601,74.72313485039007,1.0052136313683062,22.48060660084529,0.12067054082980143,-15.825805341264228,-1.1573229341274334,-74.6676219988114,0.6295741068180681,-13.624777982960493,0.2719344611720337,0.381617152113358,0.00015748,0.7246503954437797,0.00081957,0,0.0
24,1.054171580856457,0.14420905933767184,-1.54e-06,1.600149459561681,3.485910062937601,-63.79083219772201,1.0052136313683062,8.32308586764442,0.12067054082980143,-22.787559457491863,-1.1573229341274334,-84.65362039619092,0.6295741068180681,80.13259292367239,0.2719344611720337,-0.09685839914293819,0.00015748,0.09641446154615134,0.00081957,1,0.0
25,0.31985606490383534,0.254084721044893,-1.54e-06,1.600149459561681,3.485910062937601,-15.200733229373611,1.0052136313683062,19.394082619124877,0.12067054082980143,-70.5167517891133,-1.1573229341274334,-37.26142968947613,0.6295741068180681,49.60864347784647,0.2719344611720337,-0.33683114160627436,0.00015748,0.3554014112844973,0.00081957,1,0.0
26,0.06601105918713199,0.0014221656002464103,-1.54e-06,1.600149459561681,3.485910062937601,-1.574431179176738,1.0052136313683062,1.3951297534247549,0.12067054082980143,-0.6389464256390542,-1.1573229341274334,-11.258309847119499,0.6295741068180681,3.6696522563958256,0.2719344611720337,-0.022736509450785276,0.00015748,0.022840258754735204,0.00081957,1,0.0
27,0.20047473757103373,0.01607840005802319,-1.54e-06,1.600149459561681,3.485910062937601,-36.662021292646855,1.0052136313683062,-0.31518959219151516,0.12067054082980143,-33.35215056020465,-1.1573229341274334,43.22947387915717,0.6295741068180681,35.81295868977372,0.2719344611720337,-0.05717794273517909,0.00015748,0.05717212184452452,0.00081957,1,0.0
28,0.008884085400737596,0.07914850624797028,-1.54e-06,1.600149459561681,3.485910062937601,-6.221948264002946,1.0052136313683062,9.303987707184707,0.12067054082980143,-51.021487802715185,-1.1573229341274334,14.724641235165254,0.6295741068180681,24.508849117550927,0.2719344611720337,-0.1605035028859486,0.00015748,0.1849676240144147,0.00081957,1,0.0
29,0.7854986995365051,0.5782139160224719,-1.54e-06,1.600149459561681,3.485910062937601,2.58773700254259,1.0052136313683062,3.4213348992451182,0.12067054082980143,-42.62503126936358,-1.1573229341274334,49.62730879254432,0.6295741068180681,36.972145346324325,0.2719344611720337,0.26053445190140334,0.00015748,0.7990505270701499,0.00081957,0,0.0
30,0.12750721125559927,0.09007903526907986,-1.54e-06,1.600149459561681,3.485910062937601,73.68447369253329,1.0052136313683062,14.33735699423461,0.12067054082980143,-19.39915639146645,-1.1573229341274334,12.993035133264751,0.6295741068180681,-32.46502867775947,0.2719344611720337,0.45923273090087513,0.00015748,0.5449477884632116,0.00081957,0,0.0
31,1.0785919041360499,1.0111976865704293,-1.54e-06,1.600149459561681,3.485910062937601,-33.41230371992938,1.0052136313683062,-4.598645162639085,0.12067054082980143,-14.605703579547102,-1.1573229341274334,-64.83707492424368,0.6295741068180681,72.58482260617417,0.2719344611720337,-0.18762034261714045,0.00015748,0.6430288760108577,0.00081957,1,0.0
32,0.18805938343028178,0.1837571231805634,-1.54e-06,1.600149459561681,3.485910062937601,4.083754644323262,1.0052136313683062,15.631041573051869,0.12067054082980143,-61.462317612752756,-1.1573229341274334,4.469832695034584,0.6295741068180681,27.495126916844505,0.2719344611720337,-0.06329483520797458,0.00015748,0.34038894447703333,0.00081957,1,0.0
33,0.2059576582211019,0.07087902752368315,-1.54e-06,1.600149459561681,3.485910062937601,40.30178304917737,1.0052136313683062,20.470054260983545,0.12067054082980143,-90.22260741122173,-1.1573229341274334,77.73422480012414,0.6295741068180681,12.673601007652783,0.2719344611720337,0.43181129820862435,0.00015748,0.5938354679691734,0.00081957,0,0.0
34,0.5028243279169085,0.5472817853087346,-1.54e-06,1.600149459561681,3.485910062937601,8.725893491414787,1.0052136313683062,32.965730329742016,0.12067054082980143,-90.73545577662891,-1.1573229341274334,-48.625395408276994,0.6295741068180681,45.92270956266559,0.2719344611720337,-0.2221706777044225,0.00015748,0.6432187925652333,0.00081957,1,0.0
35,0.8075043726459649,0.22389798431042,-1.54e-06,1.600149459561681,3.485910062937601,32.86882412864583,1.0052136313683062,29.35720107980312,0.12067054082980143,-87.34506707346408,-1.1573229341274334,-13.835363130411444,0.6295741068180681,39.29772492328169,0.2719344611720337,0.3675123424123241,0.00015748,0.7818722910383091,0.00081957,0,0.0
36,0.451272771123429,0.27590119770610033,-1.54e-06,1.600149459561681,3.485910062937601,-2.971566986435423,1.0052136313683062,20.589120002519156,0.12067054082980143,-33.27419467402086,-1.1573229341274334,-97.0329671772393,0.6295741068180681,33.29125965848967,0.2719344611720337,-0.3478865191584064,0.00015748,0.3561931596606682,0.00081957,1,0.0
37,0.37203833305335765,0.1972914325120928,-1.54e-06,1.600149459561681,3.485910062937601,-27.889428509742835,1.0052136313683062,18.034799160641626,0.12067054082980143,-78.27547728362967,-1.1573229341274334,-20.11048401555127,0.6295741068180681,59.87564910106899,0.2719344611720337,-0.3045621844649989,0.00015748,0.3140164620056059,0.00081957,1,0.0
38,1.1249712232267473,0.5326534058997032,-1.54e-06,1.600149459561681,3.485910062937601,54.28392067252041,1.0052136313683062,29.281058049258842,0.12067054082980143,-37.28037324999116,-1.1573229341274334,-76.95693137507621,0.6295741068180681,17.77240782688455,0.2719344611720337,0.5990959977921907,0.00015748,0.8100561690735991,0.00081957,0,0.0
39,0.0014546284028040812,0.05545082425685459,-1.54e-06,1.600149459561681,3.485910062937601,81.74328662728186,1.0052136313683062,24.966700227022667,0.12067054082980143,-63.78705591931603,-1.1573229341274334,38.118077626035465,0.6295741068180681,-25.828056202164515,0.2719344611720337,0.3990657578715098,0.00015748,0.6914121521786463,0.00081957,0,0.0
40,0.05478923966553695,0.055110992414768516,-1.54e-06,1.600149459561681,3.485910062937601,0.5570008115640823,1.0052136313683062,7.7893510186766735,0.12067054082980143,-27.35020711366133,-1.1573229341274334,-15.87059605267287,0.6295741068180681,14.506792811353664,0.2719344611720337,-0.1571257024168825,0.00015748,0.15975948486973984,0.00081957,1,0.0
41,0.5553437976647643,0.14708836846089177,-1.54e-06,1.600149459561681,3.485910062937601,43.300857034394056,1.0052136313683062,26.36891140669125,0.12067054082980143,-83.77976082187784,-1.1573229341274334,10.94071126288744,0.6295741068180681,23.652540307547163,0.2719344611720337,0.3766198745063453,0.00015748,0.7405537138931009,0.00081957,0,0.0
42,0.0016285304347701812,0.057953267609721436,-1.54e-06,1.600149459561681,3.485910062937601,-18.053469593361765,1.0052136313683062,8.474527052303209,0.12067054082980143,-66.25177100452721,-1.1573229341274334,52.08126335036547,0.6295741068180681,33.26766130021273,0.2719344611720337,-0.09018886399902651,0.00015748,0.14546850862194818,0.00081957,1,0.0
43,0.0013749962697909845,0.05071348481939349,-1.54e-06,1.600149459561681,3.485910062937601,69.95201374635681,1.0052136313683062,21.45994396050203,0.12067054082980143,-100.0,-1.1573229341274334,94.16333853913486,0.6295741068180681,-3.3939381903105295,0.2719344611720337,0.42788640350353224,0.00015748,0.7964125947662631,0.00081957,0,0.0
44,0.6458239477541057,0.050676897769590015,-1.54e-06,1.600149459561681,3.485910062937601,-65.71514859232408,1.0052136313683062,7.388102434477388,0.12067054082980143,-63.13601746610042,-1.1573229341274334,11.18496955248498,0.6295741068180681,78.95148097899306,0.2719344611720337,-0.07306138974352959,0.00015748,0.07344025531746777,0.00081957,1,0.0
45,0.18765486742547421,0.3649128972171775,-1.54e-06,1.600149459561681,3.485910062937601,42.85927811929827,1.0052136313683062,31.09734216248508,0.12067054082980143,-83.84018193002989,-1.1573229341274334,18.466833104210295,0.6295741068180681,6.7390213587406285,0.2719344611720337,0.0851348194296278,0.00015748,0.682399090127124,0.00081957,0,0.0
46,0.47836402940573786,0.14204391772426744,-1.54e-06,1.600149459561681,3.485910062937601,87.53005473615603,1.0052136313683062,27.744395495609027,0.12067054082980143,-37.717086554038474,-1.1573229341274334,-60.12028581182066,0.6295741068180681,-16.17203819737048,0.2719344611720337,0.35501662491622277,0.00015748,0.8436741250553055,0.00081957,0,0.0
47,0.5472949587502403,0.22174185669073282,-1.54e-06,1.600149459561681,3.485910062937601,-77.20430092181174,1.0052136313683062,-7.29238669675644,0.12067054082980143,-29.495241361411004,-1.1573229341274334,65.05068410436289,0.6295741068180681,63.64238754704606,0.2719344611720337,-0.24234263037151643,0.00015748,0.23960356162033775,0.00081957,1,0.0
48,0.24994858426611866,0.1607177400667002,-1.54e-06,1.600149459561681,3.485910062937601,85.54892664539334,1.0052136313683062,24.47186957978557,0.12067054082980143,-20.695895317181627,-1.1573229341274334,-44.95789846504274,0.6295741068180681,-32.81986241485913,0.2719344611720337,0.3346204457818852,0.00015748,0.6685076101246054,0.00081957,0,0.0
49,0.24861797192636242,0.01077531861932628,-1.54e-06,1.600149459561681,3.485910062937601,-54.50126943438731,1.0052136313683062,5.683093796512577,0.12067054082980143,-79.68596500692946,-1.1573229341274334,73.1074886860977,0.6295741068180681,63.83003119314726,0.2719344611720337,-0.054742373907194095,0.00015748,0.054767504945411175,0.00081957,1,0.0
50,0.5698116304117348,0.16937861844830662,-1.54e-06,1.600149459561681,3.485910062937601,48.795231241279296,1.0052136313683062,23.40170159757963,0.12067054082980143,-57.607043280543564,-1.1573229341274334,-14.436055224416984,0.6295741068180681,12.157907995256148,0.2719344611720337,0.38489075675053197,0.00015748,0.6865466957206157,0.00081957,0,0.0
51,1.2069705405782325,0.39596749197136166,-1.54e-06,1.600149459561681,3.485910062937601,24.270065795318477,1.0052136313683062,31.67131357783451,0.12067054082980143,-72.58321588695578,-1.1573229341274334,-74.57843333094227,0.6295741068180681,53.69865504704758,0.2719344611720337,0.35685600084571284,0.00015748,0.8298702383552623,0.00081957,0,0.0
52,1.177075989461429,0.4716919440973655,-1.54e-06,1.600149459561681,3.485910062937601,2.7168282661337693,1.0052136313683062,29.269889145984187,0.12067054082980143,-75.25106218316286,-1.1573229341274334,-79.50015813654461,0.6295741068180681,67.33413933640978,0.2719344611720337,0.17630316008112995,0.00015748,0.7226760567177579,0.00081957,0,0.0
53,0.16186932688817995,0.008804869269741692,-1.54e-06,1.600149459561681,3.485910062937601,-26.54627681709155,1.0052136313683062,4.903055314267089,0.12067054082980143,-43.42900563298301,-1.1573229341274334,25.932695946649165,0.6295741068180681,34.95369244572756,0.2719344611720337,-0.06255366673340451,0.00015748,0.06311621730544192,0.00081957,1,0.0
54,0.41161730496346843,0.11978061218532013,-1.54e-06,1.600149459561681,3.485910062937601,-14.174701464821972,1.0052136313683062,13.061560715809755,0.12067054082980143,-33.78146956246798,-1.1573229341274334,-61.66994191108446,0.6295741068180681,38.52812593317642,0.2719344611720337,-0.24014178581860912,0.00015748,0.24249681994383515,0.00081957,1,0.0
55,0.637536555141047,0.1786555310089045,-1.54e-06,1.600149459561681,3.485910062937601,73.06149091796013,1.0052136313683062,30.251075563318405,0.12067054082980143,-57.21016678186861,-1.1573229341274334,-54.682332971844026,0.6295741068180681,3.954697442502217,0.2719344611720337,0.3488961818966585,0.00015748,0.8823468777205972,0.00081957,0,0.0
56,0.18288142075270297,1.2060167681833736,-1.54e-06,1.600149459561681,3.485910062937601,-5.786878656045781,1.0052136313683062,37.25788799620088,0.12067054082980143,-78.97927400548754,-1.1573229341274334,-31.87799978392265,0.6295741068180681,27.01210646192306,0.2719344611720337,-0.6306122164393745,0.00015748,0.6263578286775412,0.00081957,1,0.0
57,1.2165997011405905,0.21427414116572666,-1.54e-06,1.600149459561681,3.485910062937601,-76.04939538925248,1.0052136313683062,5.077084625372762,0.12067054082980143,-21.016288964007277,-1.1573229341274334,-91.47877112133979,0.6295741068180681,93.63012520456371,0.2719344611720337,-0.08270974521839584,0.00015748,0.08294467547638144,0.00081957,1,0.0
58,0.06450764350803073,0.3974714352978046,-1.54e-06,1.600149459561681,3.485910062937601,28.286190787479956,1.0052136313683062,25.22954244804299,0.12067054082980143,-65.60227212706114,-1.1573229341274334,-20.379772676959767,0.6295741068180681,10.930323602709498,0.2719344611720337,-0.19412915456441548,0.00015748,0.5026317699001083,0.00081957,1,0.0
59,0.4202080811767239,0.2638425660225254,-1.54e-06,1.600149459561681,3.485910062937601,-53.16759911350898,1.0052136313683062,-6.236563678305126,0.12067054082980143,-42.127893797095155,-1.1573229341274334,71.81472748274273,0.6295741068180681,55.917261949779345,0.2719344611720337,-0.10475588075647502,0.00015748,0.27681676297380514,0.00081957,1,0.0
60,0.31439213487129936,0.200820237844025,-1.54e-06,1.600149459561681,3.485910062937601,2.2488953844002904,1.0052136313683062,17.238226885914553,0.12067054082980143,-76.53034354798442,-1.1573229341274334,23.038362422578782,0.6295741068180681,36.755197326993816,0.2719344611720337,0.06453753490860248,0.00015748,0.40717190437887096,0.00081957,0,0.0
61,0.06131697299106437,0.18079188499906806,-1.54e-06,1.600149459561681,3.485910062937601,14.49333553557682,1.0052136313683062,14.585900189796515,0.12067054082980143,-35.28515178603956,-1.1573229341274334,-35.432618131854284,0.6295741068180681,10.603128583545802,0.2719344611720337,-0.21600688932905504,0.00015748,0.2950070214063753,0.00081957,1,0.0
62,0.8096480951272356,0.4697603754805717,-1.54e-06,1.600149459561681,3.485910062937601,-93.99566291822738,1.0052136313683062,-13.922716453854761,0.12067054082980143,-12.336702216375729,-1.1573229341274334,48.33457348464582,0.6295741068180681,77.09321153804473,0.2719344611720337,-0.32732801858343374,0.00015748,0.3275701883803096,0.00081957,1,0.0
63,0.5400670839766608,0.23390701641061493,-1.54e-06,1.600149459561681,3.485910062937601,8.595670830101662,1.0052136313683062,18.347470601355532,0.12067054082980143,-65.18364457208709,-1.1573229341274334,-1.6617602491585655,0.6295741068180681,36.45513147673383,0.2719344611720337,0.1848044412994703,0.00015748,0.4725119853165852,0.00081957,0,0.0
64,0.0005436148313381073,0.11397194854075554,-1.54e-06,1.600149459561681,3.485910062937601,4.642021414379381,1.0052136313683062,5.146675802892065,0.12067054082980143,-40.51123611246328,-1.1573229341274334,57.506283646025,0.6295741068180681,8.740715684260968,0.2719344611720337,0.14269656917957524,0.00015748,0.1754825189794823,0.00081957,0,0.0
65,0.30809364564592956,0.08088693228422827,-1.54e-06,1.600149459561681,3.485910062937601,89.02827089394846,1.0052136313683062,33.480222906426036,0.12067054082980143,-88.24996660687495,-1.1573229341274334,-2.870553178585579,0.6295741068180681,-4.801428480294325,0.2719344611720337,0.3359992411691598,0.00015748,0.9771473816546209,0.00081957,0,0.0
66,0.8285138328237139,0.11257457186441928,-1.54e-06,1.600149459561681,3.485910062937601,-45.10075420420622,1.0052136313683062,11.26719278864381,0.12067054082980143,-30.15608083830838,-1.1573229341274334,-80.20451607046674,0.6295741068180681,66.67859721036557,0.2719344611720337,-0.17387400825792648,0.00015748,0.17387135803583775,0.00081957,1,0.0
67,0.01198288999989322,0.10197455663498885,-1.54e-06,1.600149459561681,3.485910062937601,4.101941178420008,1.0052136313683062,11.794389258850915,0.12067054082980143,-34.21563968682882,-1.1573229341274334,-14.68295845486932,0.6295741068180681,11.855961154816212,0.2719344611720337,-0.199743834091143,0.00015748,0.20390037327352456,0.00081957,1,0.0
68,0.00016164229095161353,0.026883669386149018,-1.54e-06,1.600149459561681,3.485910062937601,77.70320131352756,1.0052136313683062,26.804648291616118,0.12067054082980143,-99.8267396927928,-1.1573229341274334,65.91924892244602,0.6295741068180681,-7.132944711934539,0.2719344611720337,0.3599644840626314,0.00015748,0.8232159592140206,0.00081957,0,0.0
69,0.6254011333948042,0.04831457226762111,-1.54e-06,1.600149459561681,3.485910062937601,-61.55260809676411,1.0052136313683062,6.333756901890765,0.12067054082980143,-57.083228995353345,-1.1573229341274334,5.776943898805001,0.6295741068180681,74.69616498601849,0.2719344611720337,-0.06264675827654402,0.00015748,0.06293952045216054,0.00081957,1,0.0
70,0.481173255148337,0.02871365664478994,-1.54e-06,1.600149459561681,3.485910062937601,-39.27765800308151,1.0052136313683062,4.504067641789502,0.12067054082980143,-28.082673700293043,-1.1573229341274334,-14.444900174767326,0.6295741068180681,47.39096109148194,0.2719344611720337,-0.045254383860463314,0.00015748,0.0454305986918525,0.00081957,1,0.0
71,0.7637915735858533,0.08081542998082267,-1.54e-06,1.600149459561681,3.485910062937601,-61.75641112427219,1.0052136313683062,3.798027123343633,0.12067054082980143,-30.995542975486448,-1.1573229341274334,-23.35801677542126,0.6295741068180681,69.49095789717491,0.2719344611720337,-0.024652747007468345,0.00015748,0.024744216208225627,0.00081957,1,0.0
72,0.7328271185452749,0.08082284861997266,-1.54e-06,1.600149459561681,3.485910062937601,-37.26169934725405,1.0052136313683062,8.519899099362185,0.12067054082980143,-16.72524374266913,-1.1573229341274334,-76.77533276579118,0.6295741068180681,53.82559703423608,0.2719344611720337,-0.12964491172540624,0.00015748,0.12937300262764515,0.00081957,1,0.0
73,1.2404019031857723,0.45785273596275244,-1.54e-06,1.600149459561681,3.485910062937601,-2.3577750704393656,1.0052136313683062,24.965498619643192,0.12067054082980143,-78.20173768115562,-1.1573229341274334,-50.15580614935366,0.6295741068180681,72.26250564104623,0.2719344611720337,0.32407441959665695,0.00015748,0.7141665188322925,0.00081957,0,0.0
74,0.8981069757998982,0.10596475313135391,-1.54e-06,1.600149459561681,3.485910062937601,-74.72321049466667,1.0052136313683062,6.279697793140383,0.12067054082980143,-45.87479626377304,-1.1573229341274334,-23.290355470573683,0.6295741068180681,86.21337036169066,0.2719344611720337,-0.051986825872064976,0.00015748,0.05042610861268777,0.00081957,1,0.0
75,3.499630653447383e-05,0.13326757128070668,-1.54e-06,1.600149459561681,3.485910062937601,97.28956427849832,1.0052136313683062,21.320474785506608,0.12067054082980143,-65.18279593292338,-1.1573229341274334,90.57258795959758,0.6295741068180681,-37.74765708663101,0.2719344611720337,0.7006128189649771,0.00015748,0.7909139529403476,0.00081957,0,0.0
76,0.03415002117155019,0.16757575055840288,-1.54e-06,1.600149459561681,3.485910062937601,31.07141487328736,1.0052136313683062,12.004470716494096,0.12067054082980143,-1e-20,-1.1573229341274334,-83.53235108307726,0.6295741068180681,-8.955016518688849,0.2719344611720337,-0.26378611544934083,0.00015748,0.2751978724218671,0.00081957,1,0.0
77,0.3524261494226574,0.11073593042821567,-1.54e-06,1.600149459561681,3.485910062937601,67.95481334476203,1.0052136313683062,22.158827624688534,0.12067054082980143,-46.08033209283031,-1.1573229341274334,-9.799734121130609,0.6295741068180681,-9.556514084720401,0.2719344611720337,0.3926902860692825,0.00015748,0.6862750278794607,0.00081957,0,0.0
78,0.16125765874878134,0.007835430661550773,-1.54e-06,1.600149459561681,3.485910062937601,-48.91535267530609,1.0052136313683062,3.403557515132972,0.12067054082980143,-73.77481444196559,-1.1573229341274334,79.72918197009923,0.6295741068180681,56.137127304786155,0.2719344611720337,-0.02049213110871733,0.00015748,0.02131700483014664,0.00081957,1,0.0
79,0.33230909247642726,0.013584331077309074,-1.54e-06,1.600149459561681,3.485910062937601,-32.55612888686781,1.0052136313683062,3.773907138308578,0.12067054082980143,-31.123117132242562,-1.1573229341274334,2.6434989922645897,0.6295741068180681,39.80296193277392,0.2719344611720337,-0.039306165580645515,0.00015748,0.039391430656947564,0.00081957,1,0.0
80,0.2238151542637259,0.6271637059600688,-1.54e-06,1.600149459561681,3.485910062937601,87.75053063597633,1.0052136313683062,38.66017355883243,0.12067054082980143,-41.488022689427055,-1.1573229341274334,-57.797988986481116,0.6295741068180681,-33.30139023804025,0.2719344611720337,0.07066511716935764,0.00015748,0.8743513107388087,0.00081957,0,0.0
81,0.37763502283144845,0.11766795789734669,-1.54e-06,1.600149459561681,3.485910062937601,17.41329971149191,1.0052136313683062,19.311071537628028,0.12067054082980143,-100.0,-1.1573229341274334,89.29690616894456,0.6295741068180681,32.92539278236478,0.2719344611720337,0.4641014117623762,0.00015748,0.5368344416945566,0.00081957,0,0.0
82,0.0004495074843201552,0.041667926520603,-1.54e-06,1.600149459561681,3.485910062937601,59.22137942521079,1.0052136313683062,17.92905903989502,0.12067054082980143,-72.4604400294817,-1.1573229341274334,77.42708245016905,0.6295741068180681,-10.45483866723811,0.2719344611720337,0.43887492113413823,0.00015748,0.5799683105627176,0.00081957,0,0.0
83,0.3464132322399242,0.1334809073203593,-1.54e-06,1.600149459561681,3.485910062937601,53.368824887043054,1.0052136313683062,16.839080687653453,0.12067054082980143,-37.76833104836671,-1.1573229341274334,9.305717197467505,0.6295741068180681,-7.13077981822404,0.2719344611720337,0.4433692024580339,0.00015748,0.5489049080254695,0.00081957,0,0.0
84,0.03692599101050109,0.07072984226842956,-1.54e-06,1.600149459561681,3.485910062937601,66.20778377732813,1.0052136313683062,13.613338148158174,0.12067054082980143,-38.63374132654259,-1.1573229341274334,49.975397936972925,0.6295741068180681,-25.270060119980783,0.2719344611720337,0.4482175845397815,0.00015748,0.5516208887662716,0.00081957,0,0.0
85,0.4679068975831844,0.16931041829012847,-1.54e-06,1.600149459561681,3.485910062937601,47.22883435315769,1.0052136313683062,19.3191807022229,0.12067054082980143,-41.76556307901446,-1.1573229341274334,-9.334391357874853,0.6295741068180681,2.5980650415293742,0.2719344611720337,0.3962040981885893,0.00015748,0.5708142220923601,0.00081957,0,0.0
86,0.5770039294965835,0.17404706735426745,-1.54e-06,1.600149459561681,3.485910062937601,-25.351403270978416,1.0052136313683062,16.17949152640284,0.12067054082980143,-46.41627392369588,-1.1573229341274334,-72.7337272799609,0.6295741068180681,55.337366825766416,0.2719344611720337,-0.2872568327741428,0.00015748,0.2897192619952561,0.00081957,1,0.0
87,0.0023499786861546634,0.0989071878190488,-1.54e-06,1.600149459561681,3.485910062937601,-11.344368995231113,1.0052136313683062,11.023122037278313,0.12067054082980143,-65.8054243189484,-1.1573229341274334,28.092400306626377,0.6295741068180681,32.04470268901958,0.2719344611720337,-0.18180867905602496,0.00015748,0.20707559420385727,0.00081957,1,0.0
88,0.4605653274798417,0.27481843230392733,-1.54e-06,1.600149459561681,3.485910062937601,-49.238851124385235,1.0052136313683062,7.9671599593095355,0.12067054082980143,-93.89006554556784,-1.1573229341274334,21.92280311401114,0.6295741068180681,84.78016696015108,0.2719344611720337,-0.2590252439859474,0.00015748,0.3193732689288302,0.00081957,1,0.0
89,0.7030891922947864,0.19608902799235417,-1.54e-06,1.600149459561681,3.485910062937601,88.08434028850458,1.0052136313683062,36.02731225720789,0.12067054082980143,-65.9858175932386,-1.1573229341274334,-75.35769439928511,0.6295741068180681,3.1771010014009455,0.2719344611720337,0.32863171826316934,0.00015748,1.0475964959577533,0.00081957,0,0.0
90,0.5071640348368097,0.2449791700063223,-1.54e-06,1.600149459561681,3.485910062937601,33.05690266959319,1.0052136313683062,11.19525598692373,0.12067054082980143,-55.029171258602645,-1.1573229341274334,45.53058775616283,0.6295741068180681,16.855504583581155,0.2719344611720337,0.38337673231902947,0.00015748,0.7163585026114424,0.00081957,0,0.0
91,0.49121040155367346,0.1449662002196522,-1.54e-06,1.600149459561681,3.485910062937601,45.802254853530066,1.0052136313683062,21.580081716652227,0.12067054082980143,-61.412653087317835,-1.1573229341274334,6.908381585029337,0.6295741068180681,11.574128292556834,0.2719344611720337,0.40703427576516776,0.00015748,0.6469387845720584,0.00081957,0,0.0
92,0.10557903389597878,0.1170310903918523,-1.54e-06,1.600149459561681,3.485910062937601,12.278454336021266,1.0052136313683062,11.187353816920567,0.12067054082980143,-16.87037704813797,-1.1573229341274334,-56.542731515060474,0.6295741068180681,8.12227197283242,0.2719344611720337,-0.2331774287734497,0.00015748,0.23404235876689522,0.00081957,1,0.0
93,0.27184489363369846,0.11330136905832268,-1.54e-06,1.600149459561681,3.485910062937601,18.336605275312667,1.0052136313683062,17.352557543973553,0.12067054082980143,-96.48433704706721,-1.1573229341274334,99.44207071364377,0.6295741068180681,27.26790491964196,0.2719344611720337,0.45666039521471247,0.00015748,0.49065890273709434,0.00081957,0,0.0
94,0.24910188836503566,0.02215492718229897,-1.54e-06,1.600149459561681,3.485910062937601,-52.94420811618325,1.0052136313683062,0.4616086070148552,0.12067054082980143,-57.06932513549811,-1.1573229341274334,71.03125705190384,0.6295741068180681,53.92573712970197,0.2719344611720337,-0.060327016147993726,0.00015748,0.060730485519175384,0.00081957,1,0.0
95,0.16377743859636085,0.057403106291868074,-1.54e-06,1.600149459561681,3.485910062937601,85.2087743801523,1.0052136313683062,27.702656806694076,0.12067054082980143,-74.90855386420856,-1.1573229341274334,14.968669642832092,0.6295741068180681,-13.56862915181768,0.2719344611720337,0.3548122528994715,0.00015748,0.8435623503026668,0.00081957,0,0.0
96,0.05295788320348148,0.005498334919958865,-1.54e-06,1.600149459561681,3.485910062937601,-24.401311713826033,1.0052136313683062,0.9091241820465736,0.12067054082980143,-32.13368568557797,-1.1573229341274334,46.61749877974618,0.6295741068180681,23.57667148894835,0.2719344611720337,-0.049300805326535066,0.00015748,0.04916039304570283,0.00081957,1,0.0
97,0.7869427629982247,0.23236140843937078,-1.54e-06,1.600149459561681,3.485910062937601,78.27226835382203,1.0052136313683062,33.240040415277356,0.12067054082980143,-51.179084318388945,-1.1573229341274334,-87.65318342662657,0.6295741068180681,5.117832464039961,0.2719344611720337,0.33829547314929953,0.00015748,0.9545686103761395,0.00081957,0,0.0
98,1.0368863797294716,0.13442014128837187,-1.54e-06,1.600149459561681,3.485910062937601,-80.39342867455316,1.0052136313683062,9.346257083995377,0.12067054082980143,-53.57346255115575,-1.1573229341274334,-41.51300770286097,0.6295741068180681,98.03025596496627,0.2719344611720337,-0.09736282956690781,0.00015748,0.0967435943961916,0.00081957,1,0.0
99,0.3848702305091274,0.019281458213397183,-1.54e-06,1.600149459561681,3.485910062937601,-46.96551960551943,1.0052136313683062,5.6955587156534815,0.12067054082980143,-55.4107158471888,-1.1573229341274334,24.784143667622,0.6295741068180681,57.48127799063891,0.2719344611720337,-0.059945114874792226,0.00015748,0.06028068500987612,0.00081957,1,0.0
100,0.005440844396932265,0.7026924058919164,-1.54e-06,2.459242111292193,3.0947272010640288,91.87676100941746,1.0052136313683062,20.36534906545907,0.12067054082980143,-15.689679027911769,-1.1573229341274334,-79.27981964050647,0.6295741068180681,-40.983222223491694,0.2719344611720337,-0.45380333563347525,0.00015748,0.48949650191720756,0.00081957,1,0.0
101,0.7876498734857827,0.33446886810411613,-1.54e-06,2.459242111292193,3.0947272010640288,-64.38971059177861,1.0052136313683062,9.63536946958157,0.12067054082980143,-33.0831679982586,-1.1573229341274334,-23.830127594482065,0.6295741068180681,59.38361523417415,0.2719344611720337,-0.2974964318179839,0.00015748,0.2912771767353316,0.00081957,1,0.0
102,0.013929829172622865,0.1165359268870961,-1.54e-06,2.459242111292193,3.0947272010640288,20.719180665280412,1.0052136313683062,9.728910614188758,0.12067054082980143,-76.05126119597345,-1.1573229341274334,36.367960117181035,0.6295741068180681,28.84839863894759,0.2719344611720337,-0.024702486198322438,0.00015748,0.23223321644546352,0.00081957,1,0.0
103,1.1535512594140238,0.2370981470520857,-1.54e-06,2.459242111292193,3.0947272010640288,-35.74093015065516,1.0052136313683062,7.767853653967171,0.12067054082980143,-25.75537104529106,-1.1573229341274334,-76.72319639485092,0.6295741068180681,71.46418739782318,0.2719344611720337,-0.17121076299140722,0.00015748,0.1732962110693463,0.00081957,1,0.0
104,2.2338924033035297,2.7244415476065598,-1.54e-06,2.459242111292193,3.0947272010640288,22.70759069859675,1.0052136313683062,3.4657634003271753,0.12067054082980143,-20.57863704582703,-1.1573229341274334,-60.79038440707386,0.6295741068180681,79.04885538561918,0.2719344611720337,0.22458513656014611,0.00015748,1.4795766015148373,0.00081957,0,0.0
105,0.0013429569991905144,0.14236951062466136,-1.54e-06,2.459242111292193,3.0947272010640288,33.50144002165049,1.0052136313683062,3.692483180404805,0.12067054082980143,-20.807639070270046,-1.1573229341274334,19.004507781642268,0.6295741068180681,-7.128683305185683,0.2719344611720337,0.11680181043211758,0.00015748,0.268037801132457,0.00081957,0,0.0
106,0.5712233365663755,0.17174365599810665,-1.54e-06,2.459242111292193,3.0947272010640288,44.39351868386125,1.0052136313683062,10.511331337987464,0.12067054082980143,-15.470375035757339,-1.1573229341274334,-87.37097724912928,0.6295741068180681,14.915120071946713,0.2719344611720337,-0.27171709787763,0.00015748,0.27163640174037895,0.00081957,1,0.0
107,0.13990313142725563,0.12632881188718204,-1.54e-06,2.459242111292193,3.0947272010640288,100.0,1.0052136313683062,15.43104711788963,0.12067054082980143,-73.02526704697502,-1.1573229341274334,15.464895835172817,0.6295741068180681,-5.738075680125609,0.2719344611720337,0.3898169775692058,0.00015748,0.4267627844494228,0.00081957,0,0.0
108,-0.021899878355539304,0.6309200961315848,-1.54e-06,2.459242111292193,3.0947272010640288,7.906988042174631,1.0052136313683062,8.078423079808756,0.12067054082980143,-54.652426541476785,-1.1573229341274334,92.38292648129602,0.6295741068180681,0.9534785977955644,0.2719344611720337,-0.01643631930214412,0.00015748,0.8583925089581366,0.00081957,1,0.0
109,-0.21534023215355375,1.3272027985658847,-1.54e-06,2.459242111292193,3.0947272010640288,37.34735706117216,1.0052136313683062,4.956420154234298,0.12067054082980143,-0.27481694020886266,-1.1573229341274334,64.60107490470055,0.6295741068180681,-48.45645167673665,0.2719344611720337,-0.12224483194748798,0.00015748,1.0050845637462045,0.00081957,1,0.0
110,0.4958985605566416,0.21487271630356714,-1.54e-06,2.459242111292193,3.0947272010640288,-10.658489525674256,1.0052136313683062,4.393667660213829,0.12067054082980143,-55.20938780618431,-1.1573229341274334,3.4618452937493602,0.6295741068180681,55.5522225464969,0.2719344611720337,-0.12252207432015277,0.00015748,0.2742860273039663,0.00081957,1,0.0
111,0.6804353476095001,0.09872475434452913,-1.54e-06,2.459242111292193,3.0947272010640288,-28.6323055925853,1.0052136313683062,8.820434221494661,0.12067054082980143,-52.97769839077603,-1.1573229341274334,-22.966208842474092,0.6295741068180681,62.86175005893152,0.2719344611720337,-0.17213971858126428,0.00015748,0.17333376157056643,0.00081957,1,0.0
112,-0.0003313562050873964,0.2890929871801951,-1.54e-06,2.459242111292193,3.0947272010640288,-35.43267694104172,1.0052136313683062,-4.904944968927573,0.12067054082980143,-9.487972056164582,-1.1573229341274334,66.23810162683498,0.6295741068180681,12.965941524214076,0.2719344611720337,-0.10441269004440645,0.00015748,0.44077509951216554,0.00081957,1,0.0
113,0.00039513621913578323,0.12607925926298183,-1.54e-06,2.459242111292193,3.0947272010640288,46.67163955941507,1.0052136313683062,8.703343045293348,0.12067054082980143,-54.67194222222979,-1.1573229341274334,25.459361832443737,0.6295741068180681,5.415712481943093,0.2719344611720337,0.16275994774774233,0.00015748,0.2371900336254939,0.00081957,0,0.0
114,0.8414712675578591,0.7294904147694709,-1.54e-06,2.459242111292193,3.0947272010640288,46.456985845401334,1.0052136313683062,7.987842352005404,0.12067054082980143,-100.0,-1.1573229341274334,71.0381930477115,0.6295741068180681,56.56256486915509,0.2719344611720337,0.3026487088006541,0.00015748,1.1483862663342177,0.00081957,0,0.0
115,0.14736410128840605,0.16607015952489823,-1.54e-06,2.459242111292193,3.0947272010640288,78.90736476849278,1.0052136313683062,12.258648575241862,0.12067054082980143,-46.535757601757766,-1.1573229341274334,-18.484180369992007,0.6295741068180681,-4.7751638819769235,0.2719344611720337,0.07758399649751424,0.00015748,0.33564097770995494,0.00081957,0,0.0
116,0.5476136413235113,0.9575956926987791,-1.54e-06,2.459242111292193,3.0947272010640288,-24.896914310356717,1.0052136313683062,18.97370235611648,0.12067054082980143,-45.098049626998446,-1.1573229341274334,-33.88306842557409,0.6295741068180681,31.86025950533805,0.2719344611720337,-0.5557085145660038,0.00015748,0.5606734137768071,0.00081957,1,0.0
117,0.7490932089360823,0.17129817362370847,-1.54e-06,2.459242111292193,3.0947272010640288,9.709600310229167,1.0052136313683062,10.707750239146788,0.12067054082980143,-33.87366832162144,-1.1573229341274334,-69.27665318432109,0.6295741068180681,42.94971601997607,0.2719344611720337,-0.24583432897538315,0.00015748,0.24755804841978357,0.00081957,1,0.0
118,0.7762298229900393,0.08032810100014359,-1.54e-06,2.459242111292193,3.0947272010640288,-84.36744564796764,1.0052136313683062,4.296670621631352,0.12067054082980143,-57.30498706945007,-1.1573229341274334,14.626773142475672,0.6295741068180681,88.54193574201743,0.2719344611720337,-0.05570315897372447,0.00015748,0.05711183496611794,0.00081957,1,0.0
119,0.0007731984742354037,0.09637476377206253,-1.54e-06,2.459242111292193,3.0947272010640288,100.0,1.0052136313683062,13.563889206006747,0.12067054082980143,-71.66083669359368,-1.1573229341274334,37.6379835976598,0.6295741068180681,-12.924053007643026,0.2719344611720337,0.3906520235057969,0.00015748,0.5120900037974356,0.00081957,0,0.0
120,0.0031715285968630935,0.3367484385612043,-1.54e-06,2.459242111292193,3.0947272010640288,77.98555977271273,1.0052136313683062,5.747737099830101,0.12067054082980143,-37.24992064157593,-1.1573229341274334,68.15976739436998,0.6295741068180681,-27.212692782426785,0.2719344611720337,0.22055252445983492,0.00015748,0.9797176184844965,0.00081957,0,0.0
121,0.13830921405307817,0.1482633806062699,-1.54e-06,2.459242111292193,3.0947272010640288,48.93399117252923,1.0052136313683062,13.727773691795946,0.12067054082980143,-92.58020312930093,-1.1573229341274334,40.79322740365127,0.6295741068180681,26.600533030052073,0.2719344611720337,0.20067088972529265,0.00015748,0.3493286784630186,0.00081957,0,0.0
122,0.25907670533163757,0.02615713878974274,-1.54e-06,2.459242111292193,3.0947272010640288,-37.75105897129552,1.0052136313683062,6.024129282903473,0.12067054082980143,-69.17350909225468,-1.1573229341274334,35.70867381843788,0.6295741068180681,58.70068766636418,0.2719344611720337,-0.11026043136937685,0.00015748,0.1103792699810155,0.00081957,1,0.0
123,0.0009994847567390552,0.13261874826622785,-1.54e-06,2.459242111292193,3.0947272010640288,67.22632028265227,1.0052136313683062,9.297777974716825,0.12067054082980143,-41.549832112616684,-1.1573229341274334,1.8947278092983137,0.6295741068180681,-8.231924871455604,0.2719344611720337,0.1237518230838693,0.00015748,0.2668433463099484,0.00081957,0,0.0
124,-0.5333500501961931,2.1430224825654074,-1.54e-06,2.459242111292193,3.0947272010640288,30.731711292093923,1.0052136313683062,8.65109338668422,0.12067054082980143,-5.141276000936136,-1.1573229341274334,55.43329695246112,0.6295741068180681,-55.58142522202563,0.2719344611720337,-0.3569514211589458,0.00015748,0.7859043614738541,0.00081957,1,0.0
125,0.20465604867691434,0.20620469046015574,-1.54e-06,2.459242111292193,3.0947272010640288,97.35595465155079,1.0052136313683062,13.359936670501614,0.12067054082980143,-22.874002446508182,-1.1573229341274334,-66.23536647357656,0.6295741068180681,-19.701240482222726,0.2719344611720337,-0.09615560561701209,0.00015748,0.35165998474832283,0.00081957,1,0.0
126,1.3044638756088505,0.32648999363992504,-1.54e-06,2.459242111292193,3.0947272010640288,-67.208453660988,1.0052136313683062,8.708866151810078,0.12067054082980143,-20.357540377737795,-1.1573229341274334,-74.77469419531661,0.6295741068180681,79.42195748673677,0.2719344611720337,-0.16791226032224094,0.00015748,0.16920908314160965,0.00081957,1,0.0
127,0.37318873994347657,0.1193012735358185,-1.54e-06,2.459242111292193,3.0947272010640288,-24.352068262634898,1.0052136313683062,11.65931217073793,0.12067054082980143,-99.45303081586643,-1.1573229341274334,27.22524753039187,0.6295741068180681,73.94088969506487,0.2719344611720337,-0.24011791329858853,0.00015748,0.24254294217084435,0.00081957,1,0.0
128,0.6574744213964439,0.519801235310045,-1.54e-06,2.459242111292193,3.0947272010640288,27.005856831073668,1.0052136313683062,22.649144358263595,0.12067054082980143,-75.40795798374474,-1.1573229341274334,-64.69078031162354,0.6295741068180681,43.78498940743619,0.2719344611720337,-0.45973917521709545,0.00015748,0.46009402120391757,0.00081957,1,0.0
129,0.0006831680688855757,0.10774634286153092,-1.54e-06,2.459242111292193,3.0947272010640288,-12.006299613053558,1.0052136313683062,4.103637837618275,0.12067054082980143,-57.07629244699404,-1.1573229341274334,61.23400047374646,0.6295741068180681,28.615278150368212,0.2719344611720337,0.07590658318989164,0.00015748,0.19489919861951033,0.00081957,0,0.0
130,0.36284417811765834,0.036629614733994925,-1.54e-06,2.459242111292193,3.0947272010640288,-1.8686641096811483,1.0052136313683062,5.165520319985276,0.12067054082980143,-20.48664063845018,-1.1573229341274334,-26.506633135528197,0.6295741068180681,24.837818974092006,0.2719344611720337,-0.10856499440585894,0.00015748,0.11090472173814432,0.00081957,1,0.0
131,0.4390849626354967,0.042770782619185335,-1.54e-06,2.459242111292193,3.0947272010640288,-0.4442275548514486,1.0052136313683062,4.537745507068302,0.12067054082980143,-8.870114750985978,-1.1573229341274334,-40.929382644757865,0.6295741068180681,21.51121047647029,0.2719344611720337,-0.10031718012758911,0.00015748,0.10041540822004802,0.00081957,1,0.0
132,0.848116539578329,0.14647308099666953,-1.54e-06,2.459242111292193,3.0947272010640288,-1.8278180899708947,1.0052136313683062,7.169712200701704,0.12067054082980143,-1e-20,-1.1573229341274334,-86.80096603204353,0.6295741068180681,32.356165589711274,0.2719344611720337,-0.14974723298789824,0.00015748,0.149948619395433,0.00081957,1,0.0
133,0.024861204966512007,0.05928010004883842,-1.54e-06,2.459242111292193,3.0947272010640288,-10.008990710904758,1.0052136313683062,7.629875144157148,0.12067054082980143,-73.95306456361075,-1.1573229341274334,39.476297767481086,0.6295741068180681,42.1115322374959,0.2719344611720337,-0.15590950422591499,0.00015748,0.15793931163129926,0.00081957,1,0.0
134,0.29215385719039966,0.19278693712992606,-1.54e-06,2.459242111292193,3.0947272010640288,50.86093412897379,1.0052136313683062,13.817827456232521,0.12067054082980143,-69.90394240436481,-1.1573229341274334,-11.219307060597458,0.6295741068180681,24.537206410892797,0.2719344611720337,-0.052742955647168716,0.00015748,0.3474048569758338,0.00081957,1,0.0
135,0.1873217758008551,0.04172193678987035,-1.54e-06,2.459242111292193,3.0947272010640288,-97.6081241689972,1.0052136313683062,-2.82870870130355,0.12067054082980143,-50.31678173727482,-1.1573229341274334,83.15659174405339,0.6295741068180681,67.43279157760956,0.2719344611720337,-0.12736932605392584,0.00015748,0.12693975846769193,0.00081957,1,0.0
136,-1.9915365475901836e-05,0.05676612521274999,-1.54e-06,2.459242111292193,3.0947272010640288,-2.8003036578177944,1.0052136313683062,0.7011601569179149,0.12067054082980143,-17.966675767773204,-1.1573229341274334,22.598152377575502,0.6295741068180681,8.984146258326954,0.2719344611720337,0.024657330800720113,0.00015748,0.09518519806882492,0.00081957,0,0.0
137,0.007877581776099984,0.17834824298319032,-1.54e-06,2.459242111292193,3.0947272010640288,49.93060225471977,1.0052136313683062,7.695693908047634,0.12067054082980143,-81.17741015679813,-1.1573229341274334,77.12643752012322,0.6295741068180681,15.386327387674612,0.2719344611720337,0.24971457641276618,0.00015748,0.5636474745720902,0.00081957,0,0.0
138,0.7795023696022202,0.4082501631328789,-1.54e-06,2.459242111292193,3.0947272010640288,-54.950249282241906,1.0052136313683062,16.20522534852759,0.12067054082980143,-77.05345964919094,-1.1573229341274334,-11.787919205105078,0.6295741068180681,77.07179429624823,0.2719344611720337,-0.37110158654029674,0.00015748,0.36300622918964637,0.00081957,1,0.0
139,-0.0017082367642902302,0.5375724443465448,-1.54e-06,2.459242111292193,3.0947272010640288,40.93217887908938,1.0052136313683062,-0.8152999405602713,0.12067054082980143,-12.283070561231291,-1.1573229341274334,70.621603125163,0.6295741068180681,-22.487989269392205,0.2719344611720337,0.06658625615394348,0.00015748,0.9433753871078097,0.00081957,0,0.0
140,0.7537633552457699,0.34375110773998924,-1.54e-06,2.459242111292193,3.0947272010640288,10.968120652436538,1.0052136313683062,12.052678998154994,0.12067054082980143,-99.94381793618473,-1.1573229341274334,19.260162466430252,0.6295741068180681,73.06272097710777,0.2719344611720337,0.12773796124177128,0.00015748,0.446397390032912,0.00081957,0,0.0
141,0.43279205240151364,0.2520885796832076,-1.54e-06,2.459242111292193,3.0947272010640288,75.09827989285463,1.0052136313683062,16.04361685850795,0.12067054082980143,-60.004196591690025,-1.1573229341274334,-43.31879512457562,0.6295741068180681,15.009205333749733,0.2719344611720337,-0.04638554891400379,0.00015748,0.4125589908579733,0.00081957,1,0.0
142,-0.0007891774123993597,0.06006844344606895,-1.54e-06,2.459242111292193,3.0947272010640288,-55.8456801606607,1.0052136313683062,-0.5382875496626047,0.12067054082980143,-54.41696990648338,-1.1573229341274334,79.89980709804257,0.6295741068180681,46.89641491106989,0.2719344611720337,-0.03357603512907352,0.00015748,0.1246345764569217,0.00081957,1,0.0
143,0.2505553878650173,0.12118395405308467,-1.54e-06,2.459242111292193,3.0947272010640288,95.47979953927788,1.0052136313683062,16.89216290727384,0.12067054082980143,-87.83207270216536,-1.1573229341274334,24.893344966264152,0.6295741068180681,6.104316876449365,0.2719344611720337,0.4602086041379323,0.00015748,0.4638527601179466,0.00081957,0,0.0
144,0.0012463612173553296,0.11379849212945038,-1.54e-06,2.459242111292193,3.0947272010640288,79.07574857374043,1.0052136313683062,6.499686188019482,0.12067054082980143,-1e-20,-1.1573229341274334,-38.95059191319708,0.6295741068180681,-31.65998008661302,0.2719344611720337,0.051381450693212774,0.00015748,0.21225751430098116,0.00081957,0,0.0
145,0.0011596317628474462,0.06679466297861958,-1.54e-06,2.459242111292193,3.0947272010640288,12.16997120515297,1.0052136313683062,2.6876820151878347,0.12067054082980143,-20.388725376403084,-1.1573229341274334,14.30986183683291,0.6295741068180681,3.780412055178277,0.2719344611720337,0.07276720248661377,0.00015748,0.08340373009221537,0.00081957,0,0.0
146,0.7228755182688397,0.4050435628718565,-1.54e-06,2.459242111292193,3.0947272010640288,70.67340421617934,1.0052136313683062,8.61983994135445,0.12067054082980143,-16.087410630094485,-1.1573229341274334,-81.55630303418356,0.6295741068180681,12.417727986362076,0.2719344611720337,-0.06706836306700253,0.00015748,0.44953599053890875,0.00081957,1,0.0
147,0.12429996015878875,0.7796379325688727,-1.54e-06,2.459242111292193,3.0947272010640288,20.853038653913543,1.0052136313683062,-7.123188079043471,0.12067054082980143,-17.475657346705457,-1.1573229341274334,55.13230728059492,0.6295741068180681,11.038708938727993,0.2719344611720337,-0.12248194438997057,0.00015748,0.7849355565733243,0.00081957,1,0.0
148,0.5697389640790718,0.28305680316490717,-1.54e-06,2.459242111292193,3.0947272010640288,47.344628154841836,1.0052136313683062,15.822230640395968,0.12067054082980143,-55.974320511898156,-1.1573229341274334,-68.74104584440404,0.6295741068180681,32.90360972388197,0.2719344611720337,-0.3393053797392851,0.00015748,0.3738044004419705,0.00081957,1,0.0
149,0.7890247124395928,0.15942490503075957,-1.54e-06,2.459242111292193,3.0947272010640288,-19.008991450027263,1.0052136313683062,9.705259175831635,0.12067054082980143,-23.87263874752431,-1.1573229341274334,-59.05726192526453,0.6295741068180681,44.75353892862826,0.2719344611720337,-0.18855773959971592,0.00015748,0.18838345023395534,0.00081957,1,0.0
150,0.33764365690172704,0.053485450856074944,-1.54e-06,2.459242111292193,3.0947272010640288,-79.81855334690036,1.0052136313683062,-2.951795678538234,0.12067054082980143,-21.65446360314639,-1.1573229341274334,39.97835727244871,0.6295741068180681,52.11281329690952,0.2719344611720337,-0.11806234200484082,0.00015748,0.11833912680326457,0.00081957,1,0.0
151,0.11032590518728641,0.0029703004497528534,-1.54e-06,2.459242111292193,3.0947272010640288,-40.61223148333046,1.0052136313683062,2.019529088586534,0.12067054082980143,-47.676964864097805,-1.1573229341274334,43.714379961351526,0.6295741068180681,43.117900943772156,0.2719344611720337,-0.02472724778845893,0.00015748,0.02538961635568386,0.00081957,1,0.0
152,0.0040742884123053935,0.12892396192859537,-1.54e-06,2.459242111292193,3.0947272010640288,30.11273992115635,1.0052136313683062,10.161496329369738,0.12067054082980143,-84.59381472825189,-1.1573229341274334,57.61122307474985,0.6295741068180681,25.730670421264648,0.2719344611720337,0.19774674722041063,0.00015748,0.25891588023606515,0.00081957,0,0.0
153,0.7819732778866918,0.17871607649909343,-1.54e-06,2.459242111292193,3.0947272010640288,-3.3668454483936974,1.0052136313683062,10.081921959135505,0.12067054082980143,-45.90890337080422,-1.1573229341274334,-54.98063182196135,0.6295741068180681,56.54108695421997,0.2719344611720337,-0.24711456823742792,0.00015748,0.2501287731079146,0.00081957,1,0.0
154,0.0003313068324316548,0.1357154022419523,-1.54e-06,2.459242111292193,3.0947272010640288,49.755450021721224,1.0052136313683062,9.414172076586826,0.12067054082980143,-64.03350012121571,-1.1573229341274334,41.22651097998549,0.6295741068180681,6.5413755136911425,0.2719344611720337,0.2563430758081485,0.00015748,0.2919287719992425,0.00081957,0,0.0
155,-0.09338947792081184,0.7751236149435496,-1.54e-06,2.459242111292193,3.0947272010640288,-61.35365743845784,1.0052136313683062,1.080456295590279,0.12067054082980143,-10.31837468141283,-1.1573229341274334,66.69408961126794,0.6295741068180681,7.390524058607473,0.2719344611720337,-0.3771927772527099,0.00015748,0.5289480329954037,0.00081957,1,0.0
156,0.4852100943456129,0.06226070129667291,-1.54e-06,2.459242111292193,3.0947272010640288,-92.8143283430958,1.0052136313683062,-2.2537040617854496,0.12067054082980143,-35.711865374968895,-1.1573229341274334,42.899116121348705,0.6295741068180681,70.88202184433413,0.2719344611720337,-0.08926664808760033,0.00015748,0.08910839364769503,0.00081957,1,0.0
157,0.018527939545434413,0.013728273628522199,-1.54e-06,2.459242111292193,3.0947272010640288,-63.858947532870374,1.0052136313683062,3.0522591003344224,0.12067054082980143,-85.85922374525565,-1.1573229341274334,90.01848326062792,0.6295741068180681,67.5541215720022,0.2719344611720337,-0.034886488045207,0.00015748,0.03758151233160445,0.00081957,1,0.0
158,0.22946918761853197,0.10308577481364235,-1.54e-06,2.459242111292193,3.0947272010640288,50.91426274919793,1.0052136313683062,9.295283079160562,0.12067054082980143,-14.673946524195719,-1.1573229341274334,-59.21657216239192,0.6295741068180681,-2.6321198421160235,0.2719344611720337,-0.22253777176357006,0.00015748,0.22323635149273494,0.00081957,1,0.0
159,0.00016965480504751822,0.42905675179409625,-1.54e-06,2.459242111292193,3.0947272010640288,1.1361859493634896,1.0052136313683062,-0.13907707215299142,0.12067054082980143,-30.268062672614683,-1.1573229341274334,84.00523355732552,0.6295741068180681,2.681859364152604,0.2719344611720337,0.01669358920398567,0.00015748,0.7318180143269978,0.00081957,0,0.0
160,0.6909253861844967,0.30111181120612335,-1.54e-06,2.459242111292193,3.0947272010640288,39.68439520373293,1.0052136313683062,15.676374140371,0.12067054082980143,-56.25160876850346,-1.1573229341274334,-75.46024847679772,0.6295741068180681,41.384639270449114,0.2719344611720337,-0.3552941296764098,0.00015748,0.37657236059607463,0.00081957,1,0.0
161,0.4851065589778331,0.05116981741254005,-1.54e-06,2.459242111292193,3.0947272010640288,-1.110470443109007,1.0052136313683062,5.011210118472159,0.12067054082980143,-7.077440527165639,-1.1573229341274334,-46.55161820512651,0.6295741068180681,21.952145474154054,0.2719344611720337,-0.10359787209903416,0.00015748,0.10354358187650549,0.00081957,1,0.0
162,0.3682102521172237,0.19515431435904723,-1.54e-06,2.459242111292193,3.0947272010640288,75.64909241954454,1.0052136313683062,17.243151439194467,0.12067054082980143,-88.24324233024855,-1.1573229341274334,4.089558687407849,0.6295741068180681,21.99082608745626,0.2719344611720337,0.21473286210637244,0.00015748,0.4478501582605896,0.00081957,0,0.0
163,0.0515257427265472,0.1303164384133899,-1.54e-06,2.459242111292193,3.0947272010640288,75.70936782711279,1.0052136313683062,13.359206490801501,0.12067054082980143,-77.96471672224037,-1.1573229341274334,33.701760167866794,0.6295741068180681,4.4238943268597986,0.2719344611720337,0.31464957015895956,0.00015748,0.36424948292167836,0.00081957,0,0.0
164,0.7928269229903472,0.09453636378589626,-1.54e-06,2.459242111292193,3.0947272010640288,-77.53531238683803,1.0052136313683062,8.742260927302308,0.12067054082980143,-84.6167454457256,-1.1573229341274334,19.07886756077865,0.6295741068180681,99.82228097364018,0.2719344611720337,-0.1426078328624653,0.00015748,0.14441834628649092,0.00081957,1,0.0
165,0.5193719661201941,0.2780875710298674,-1.54e-06,2.459242111292193,3.0947272010640288,-18.444344958500192,1.0052136313683062,5.536594333454483,0.12067054082980143,-81.74656501101524,-1.1573229341274334,38.093823469619025,0.6295741068180681,70.16951595372247,0.2719344611720337,-0.0013028505660765688,0.00015748,0.3434040435362875,0.00081957,1,0.0
166,0.32372700279638844,0.06423489278404848,-1.54e-06,2.459242111292193,3.0947272010640288,35.76563768107817,1.0052136313683062,6.921580303366059,0.12067054082980143,-0.6818974754261212,-1.1573229341274334,-63.09039099340125,0.6295741068180681,-0.8039528386953897,0.2719344611720337,-0.16307741090389896,0.00015748,0.16297264277144166,0.00081957,1,0.0
167,0.7870618480349351,0.11112176751635353,-1.54e-06,2.459242111292193,3.0947272010640288,-37.40541720578624,1.0052136313683062,7.871562808219969,0.12067054082980143,-38.91365663857248,-1.1573229341274334,-34.27716410155797,0.6295741068180681,61.660192663686864,0.2719344611720337,-0.14038772696612997,0.00015748,0.14216593151818643,0.00081957,1,0.0
168,0.0143870011112055,0.10910862995492107,-1.54e-06,2.459242111292193,3.0947272010640288,100.0,1.0052136313683062,13.558964941473718,0.12067054082980143,-66.45940728614475,-1.1573229341274334,27.73878883405886,0.6295741068180681,-14.338837421686458,0.2719344611720337,0.38542208930100097,0.00015748,0.45575991433119545,0.00081957,0,0.0
169,0.0740219688338697,0.0019578471523765757,-1.54e-06,2.459242111292193,3.0947272010640288,2.9740765208642777,1.0052136313683062,0.9511955618471221,0.12067054082980143,-0.3208616205520932,-1.1573229341274334,-9.947868977639803,0.6295741068180681,1.943957810531075,0.2719344611720337,-0.023001673461917758,0.00015748,0.02280694552662427,0.00081957,1,0.0
170,0.044794331236853946,0.07872324699436666,-1.54e-06,2.459242111292193,3.0947272010640288,99.47629645007358,1.0052136313683062,14.871397919245304,0.12067054082980143,-85.2341185326228,-1.1573229341274334,46.07184702283418,0.6295741068180681,-4.767185219216623,0.2719344611720337,0.42465243362922567,0.00015748,0.541196283221224,0.00081957,0,0.0
171,0.0003435184604705377,0.24158835561811712,-1.54e-06,2.459242111292193,3.0947272010640288,3.606889495250422,1.0052136313683062,2.5051047859615707,0.12067054082980143,-52.00446732942884,-1.1573229341274334,78.88719192519662,0.6295741068180681,16.84497848898559,0.2719344611720337,0.09108054705377477,0.00015748,0.5068222805315102,0.00081957,0,0.0
172,-0.13001833730012868,1.3562662244316395,-1.54e-06,2.459242111292193,3.0947272010640288,97.53278444100394,1.0052136313683062,16.689629528970347,0.12067054082980143,-27.663010034089574,-1.1573229341274334,46.19566417311976,0.6295741068180681,-64.02406212598537,0.2719344611720337,-0.01617073825397186,0.00015748,1.2382343614531344,0.00081957,1,0.0
173,0.0008431657827931982,0.10701748380160797,-1.54e-06,2.459242111292193,3.0947272010640288,51.58051156658327,1.0052136313683062,6.845382614150186,0.12067054082980143,-26.201672680918012,-1.1573229341274334,-4.145208727103274,0.6295741068180681,-9.130515416893406,0.2719344611720337,0.08054894548327499,0.00015748,0.1911871279355206,0.00081957,0,0.0
174,-0.00044846976403331573,0.3783231744711067,-1.54e-06,2.459242111292193,3.0947272010640288,-15.610969533086763,1.0052136313683062,-2.325607279579271,0.12067054082980143,-35.311504201274126,-1.1573229341274334,89.83986205186588,0.6295741068180681,16.344758653454438,0.2719344611720337,-0.008227140537816258,0.00015748,0.6217663858527885,0.00081957,1,0.0
175,0.7708860935416585,0.36396981798682154,-1.54e-06,2.459242111292193,3.0947272010640288,30.418381362394264,1.0052136313683062,18.17837840481513,0.12067054082980143,-78.84724190082395,-1.1573229341274334,-65.08640422491814,0.6295741068180681,58.525413509265505,0.2719344611720337,-0.3840032387699909,0.00015748,0.4182046082863641,0.00081957,1,0.0
176,0.001191858579845828,0.09092220698117107,-1.54e-06,2.459242111292193,3.0947272010640288,64.02893546466959,1.0052136313683062,5.929110589851522,0.12067054082980143,-3.448890886837136,-1.1573229341274334,-33.705168888982975,0.6295741068180681,-23.392834157165446,0.2719344611720337,-0.005258882086952382,0.00015748,0.1809551773676921,0.00081957,1,0.0
177,0.8120981614658361,0.24631619894426637,-1.54e-06,2.459242111292193,3.0947272010640288,12.694805205835879,1.0052136313683062,13.887502327800389,0.12067054082980143,-54.364762914874554,-1.1573229341274334,-69.00902562895179,0.6295741068180681,54.75086790337367,0.2719344611720337,-0.3173372531127216,0.00015748,0.31780603167023863,0.00081957,1,0.0
178,0.0007871519817619355,0.1201229818945469,-1.54e-06,2.459242111292193,3.0947272010640288,70.60888578170147,1.0052136313683062,15.035048615604115,0.12067054082980143,-96.0148815456733,-1.1573229341274334,71.63093916145276,0.6295741068180681,6.423337511500561,0.2719344611720337,0.3301520120192565,0.00015748,0.5911435429689129,0.00081957,0,0.0
179,0.27167619439706625,0.17336212051942512,-1.54e-06,2.459242111292193,3.0947272010640288,15.28817828967385,1.0052136313683062,8.946101309136067,0.12067054082980143,-82.77287243520942,-1.1573229341274334,39.47679798447096,0.6295741068180681,44.439572244048755,0.2719344611720337,0.10386459253294629,0.00015748,0.3032159534609112,0.00081957,0,0.0
180,0.6288415040350247,0.07269911534885436,-1.54e-06,2.459242111292193,3.0947272010640288,-47.113871160377485,1.0052136313683062,8.03179585499535,0.12067054082980143,-67.36024775103895,-1.1573229341274334,4.05263581442656,0.6295741068180681,74.96506000310865,0.2719344611720337,-0.14727783315795545,0.00015748,0.14738670253308866,0.00081957,1,0.0
181,0.39504387983597833,0.20182998531394444,-1.54e-06,2.459242111292193,3.0947272010640288,23.684372974339773,1.0052136313683062,14.217442639437309,0.12067054082980143,-75.43249654982986,-1.1573229341274334,-21.82927830054851,0.6295741068180681,44.21524592423423,0.2719344611720337,-0.27818740660221475,0.00015748,0.32147413110545076,0.00081957,1,0.0
182,-0.6938750831704468,3.5283687343097876,-1.54e-06,2.459242111292193,3.0947272010640288,87.93925625752935,1.0052136313683062,23.21454785898834,0.12067054082980143,-58.983170356743024,-1.1573229341274334,82.71228364368145,0.6295741068180681,-72.34747173726556,0.2719344611720337,-0.3883468351758227,0.00015748,1.2607736368846632,0.00081957,1,0.0
183,0.0031243274203549,0.031014417572015847,-1.54e-06,2.459242111292193,3.0947272010640288,-30.564308227650578,1.0052136313683062,1.8577654790149407,0.12067054082980143,-47.415243578900764,-1.1573229341274334,52.297076564405614,0.6295741068180681,34.292352703239594,0.2719344611720337,0.015453424873983377,0.00015748,0.04656273134268363,0.00081957,0,0.0
184,0.0025340994370366965,0.1817846136851837,-1.54e-06,2.459242111292193,3.0947272010640288,21.15662987449556,1.0052136313683062,0.7309849491428214,0.12067054082980143,-11.756084685578069,-1.1573229341274334,27.09548222174686,0.6295741068180681,-6.529537049141378,0.2719344611720337,0.05635762173126169,0.00015748,0.34276549438590803,0.00081957,0,0.0
185,0.27323901844587767,0.01624917295001647,-1.54e-06,2.459242111292193,3.0947272010640288,-55.0235615763823,1.0052136313683062,5.089034341392702,0.12067054082980143,-75.03823286316079,-1.1573229341274334,50.9428860729436,0.6295741068180681,68.2256481580289,0.2719344611720337,-0.0805149874843887,0.00015748,0.08111923785691469,0.00081957,1,0.0
186,0.1671377741525013,0.15510230362148458,-1.54e-06,2.459242111292193,3.0947272010640288,85.83124277063624,1.0052136313683062,10.595643004638102,0.12067054082980143,-1e-20,-1.1573229341274334,-86.28491125383337,0.6295741068180681,-25.070393279750792,0.2719344611720337,-0.25711640605202707,0.00015748,0.2745006244508304,0.00081957,1,0.0
187,0.060251375505094296,0.13781359027964374,-1.54e-06,2.459242111292193,3.0947272010640288,46.18593530182727,1.0052136313683062,11.009690111880312,0.12067054082980143,-63.7609430580576,-1.1573229341274334,13.248000135240469,0.6295741068180681,13.736889071262183,0.2719344611720337,0.01728743717743117,0.00015748,0.27643566710211653,0.00081957,0,0.0
188,0.8038297321189872,0.1221435431287461,-1.54e-06,2.459242111292193,3.0947272010640288,-87.00912912977803,1.0052136313683062,-0.3929974926499331,0.12067054082980143,-19.611437355687613,-1.1573229341274334,-2.8240437250073485,0.6295741068180681,71.93503889373756,0.2719344611720337,-0.05807675122499269,0.00015748,0.058509078864035974,0.00081957,1,0.0
189,0.013084491974571177,0.3797318421675468,-1.54e-06,2.459242111292193,3.0947272010640288,-19.67329354254707,1.0052136313683062,-6.907670880475606,0.12067054082980143,-15.498565195285098,-1.1573229341274334,64.46542889539958,0.6295741068180681,17.86704250583403,0.2719344611720337,-0.11430065477859619,0.00015748,0.4828847736036006,0.00081957,1,0.0
190,0.37856451418693904,0.5641049130843545,-1.54e-06,2.459242111292193,3.0947272010640288,62.599251302315366,1.0052136313683062,3.081494041677658,0.12067054082980143,-52.01552685319592,-1.1573229341274334,53.88805928068125,0.6295741068180681,11.401624230756708,0.2719344611720337,0.18677637029137928,0.00015748,0.9693697703448757,0.00081957,0,0.0
191,-0.0012447620810831506,0.47213450259062745,-1.54e-06,2.459242111292193,3.0947272010640288,76.75232217739683,1.0052136313683062,5.366265438903608,0.12067054082980143,-36.59270874610833,-1.1573229341274334,85.9310628094113,0.6295741068180681,-31.750940495005967,0.2719344611720337,0.19739744344082583,0.00015748,1.1905663680346512,0.00081957,0,0.0
192,0.053948712516181385,0.13597344671980205,-1.54e-06,2.459242111292193,3.0947272010640288,65.68477037470215,1.0052136313683062,9.093052078179289,0.12067054082980143,-37.29694455915538,-1.1573229341274334,-9.509897512449504,0.6295741068180681,-6.331406931903396,0.2719344611720337,0.06066875087291643,0.00015748,0.2699294440271911,0.00081957,0,0.0
193,0.7735708540838013,0.08574666979914303,-1.54e-06,2.459242111292193,3.0947272010640288,-70.20055787857201,1.0052136313683062,7.216393128696961,0.12067054082980143,-72.31379744394626,-1.1573229341274334,10.519189423809207,0.6295741068180681,91.49820754970149,0.2719344611720337,-0.11963938772860917,0.00015748,0.12049080611425113,0.00081957,1,0.0
194,0.16447805255901216,0.09509957684585249,-1.54e-06,2.459242111292193,3.0947272010640288,84.9488254392641,1.0052136313683062,14.34094322593358,0.12067054082980143,-100.0,-1.1573229341274334,61.371321018408295,0.6295741068180681,13.579701774903342,0.2719344611720337,0.4169400724017022,0.00015748,0.6227583407324435,0.00081957,0,0.0
195,0.002859905275274799,0.08375567868775301,-1.54e-06,2.459242111292193,3.0947272010640288,18.604271294878924,1.0052136313683062,8.213897518641991,0.12067054082980143,-56.93005263538438,-1.1573229341274334,14.94953279436744,0.6295741068180681,21.76808837249384,0.2719344611720337,-0.14310237863637795,0.00015748,0.18982285033499288,0.00081957,1,0.0
196,-0.0019234665201222079,0.2533769346611127,-1.54e-06,2.459242111292193,3.0947272010640288,-7.010574596444451,1.0052136313683062,9.20117968859195,0.12067054082980143,-69.65430633056702,-1.1573229341274334,69.09032193945497,0.6295741068180681,24.50990301792219,0.2719344611720337,-0.021163289124641244,0.00015748,0.41637086479616114,0.00081957,1,0.0
197,0.4699498495455656,0.14637008886288908,-1.54e-06,2.459242111292193,3.0947272010640288,37.26707978255017,1.0052136313683062,10.231707997521118,0.12067054082980143,-26.72889794878386,-1.1573229341274334,-65.89571500660358,0.6295741068180681,19.28584766542928,0.2719344611720337,-0.2592915722772756,0.00015748,0.2599329163341687,0.00081957,1,0.0
198,0.5833882721808462,0.19479447330675512,-1.54e-06,2.459242111292193,3.0947272010640288,31.084154094142157,1.0052136313683062,13.518166057194914,0.12067054082980143,-37.772398815925705,-1.1573229341274334,-69.57013400731135,0.6295741068180681,28.222486785790146,0.2719344611720337,-0.2825413454049918,0.00015748,0.29097079487531347,0.00081957,1,0.0
199,0.34125866868499166,0.238079284323533,-1.54e-06,2.459242111292193,3.0947272010640288,5.165362230286956,1.0052136313683062,7.808124248979994,0.12067054082980143,-95.43228524912207,-1.1573229341274334,64.1392520050053,0.6295741068180681,56.62315996410681,0.2719344611720337,0.1622507437893853,0.00015748,0.4113833175657515,0.00081957,0,0.0
200,4.967126324833227,61.61936808124094,-1.54e-06,1.053781742958659,1.4533862399266007,-25.398756363797855,1.0052136313683062,9.321582703449629,0.12067054082980143,-9.455678579335638,-1.1573229341274334,-31.09126085775578,0.6295741068180681,51.410849933663286,0.2719344611720337,-29.522712026549065,0.00015748,0.23465953584680754,0.00081957,1,0.0
201,-4.0627734985436215,8.452400033293317,-1.54e-06,1.053781742958659,1.4533862399266007,24.88547731851697,1.0052136313683062,9.172790456026284,0.12067054082980143,-45.13604069087843,-1.1573229341274334,38.35525314618104,0.6295741068180681,-22.99782983946422,0.2719344611720337,7.718921310379553,0.00015748,23.204629340463374,0.00081957,0,0.0
202,4.218697239841826,31.4260436414746,-1.54e-06,1.053781742958659,1.4533862399266007,-61.886680503700006,1.0052136313683062,-10.736843209253333,0.12067054082980143,-38.886107832580855,-1.1573229341274334,30.3624633396838,0.6295741068180681,85.99239832435114,0.2719344611720337,-13.177810663232108,0.00015748,0.06743526223150109,0.00081957,1,0.0
203,-2.4232754395220066,5.053963658948638,-1.54e-06,1.053781742958659,1.4533862399266007,72.26838294492096,1.0052136313683062,43.434261773309956,0.12067054082980143,-78.93068090428643,-1.1573229341274334,2.7417600161137465,0.6295741068180681,-38.10087642997218,0.2719344611720337,10.62803097143705,0.00015748,30.74667937418868,0.00081957,0,0.0
204,0.851065858252321,84.26675420007888,-1.54e-06,1.053781742958659,1.4533862399266007,35.06271057075715,1.0052136313683062,19.074515690916872,0.12067054082980143,-100.0,-1.1573229341274334,26.388660271780317,0.6295741068180681,26.466785333028547,0.2719344611720337,0.7900339477569212,0.00015748,37.224122282167116,0.00081957,0,0.0
205,-7.0582431416661695,14.401041122372682,-1.54e-06,1.053781742958659,1.4533862399266007,8.74476153940103,1.0052136313683062,1.0903226266255213,0.12067054082980143,-78.59777584895501,-1.1573229341274334,88.17285219158573,0.6295741068180681,-11.227773592299974,0.2719344611720337,1.9392047724254304,0.00015748,41.380035645711814,0.00081957,0,0.0
206,-8.207649456043253,148.43268762061587,-1.54e-06,1.053781742958659,1.4533862399266007,-54.59694462930248,1.0052136313683062,-23.8930297560348,0.12067054082980143,-79.90569002939357,-1.1573229341274334,94.53425737125916,0.6295741068180681,56.75446771584589,0.2719344611720337,-15.764843545501959,0.00015748,0.2427937937839868,0.00081957,1,0.0
207,-7.203996739749489,14.646082239378787,-1.54e-06,1.053781742958659,1.4533862399266007,32.00429116623815,1.0052136313683062,1.2332353826680924,0.12067054082980143,-33.572350223754725,-1.1573229341274334,56.50602993582768,0.6295741068180681,-50.318129706310096,0.2719344611720337,4.565821664513962,0.00015748,36.903309835364574,0.00081957,0,0.0
208,8.710023924520204,61.877995136892636,-1.54e-06,1.053781742958659,1.4533862399266007,-42.017612446573054,1.0052136313683062,3.083496285062917,0.12067054082980143,-6.0224361487253635,-1.1573229341274334,-31.840822620329092,0.6295741068180681,77.7371762531778,0.2719344611720337,-23.811652229746024,0.00015748,-2.794448096630889,0.00081957,1,0.0
209,-3.350097768995976,6.946898059238653,-1.54e-06,1.053781742958659,1.4533862399266007,48.03000441621146,1.0052136313683062,16.027379743547176,0.12067054082980143,-20.437763253977774,-1.1573229341274334,6.675367667491436,0.6295741068180681,-48.45733980410143,0.2719344611720337,11.476926969093569,0.00015748,17.89717780844833,0.00081957,0,0.0
210,4.600220453978493,45.77452424822748,-1.54e-06,1.053781742958659,1.4533862399266007,-72.9618589478466,1.0052136313683062,-20.88766021871521,0.12067054082980143,-13.481837532943736,-1.1573229341274334,27.37739831314213,0.6295741068180681,85.16437325555123,0.2719344611720337,-19.29292135183331,0.00015748,-0.07609424309975665,0.00081957,1,0.0
211,3.671925368477039,15.509242174968705,-1.54e-06,1.053781742958659,1.4533862399266007,-37.44636770775707,1.0052136313683062,-1.6622870817653286,0.12067054082980143,-39.02495299834143,-1.1573229341274334,18.94433130623657,0.6295741068180681,63.479502473372335,0.2719344611720337,-5.091649859171134,0.00015748,0.22352656228052492,0.00081957,1,0.0
212,-8.629090448860511,17.544535095227246,-1.54e-06,1.053781742958659,1.4533862399266007,29.073156781612507,1.0052136313683062,-4.004689807105977,0.12067054082980143,-37.800609724520044,-1.1573229341274334,73.35955422309912,0.6295741068180681,-53.2487360398051,0.2719344611720337,2.1107622273402242,0.00015748,44.903605055404775,0.00081957,0,0.0
213,-7.808029734521458,15.79827873431606,-1.54e-06,1.053781742958659,1.4533862399266007,21.124772863341548,1.0052136313683062,-2.6384718325234027,0.12067054082980143,-47.409710597708575,-1.1573229341274334,74.47177335279049,0.6295741068180681,-38.37511009027033,0.2719344611720337,1.6779524866240045,0.00015748,41.60857994782954,0.00081957,0,0.0
214,-3.5531919230674514,416.2139052977304,-1.54e-06,1.053781742958659,1.4533862399266007,80.34799884918979,1.0052136313683062,-10.99372640486854,0.12067054082980143,-60.56049986319425,-1.1573229341274334,56.751822835600805,0.6295741068180681,-46.030587448766966,0.2719344611720337,0.8307972029205786,0.00015748,87.08495820190431,0.00081957,0,0.0
215,5.610791679498745,27.961340155399455,-1.54e-06,1.053781742958659,1.4533862399266007,-21.849209247671276,1.0052136313683062,4.541705249827492,0.12067054082980143,-10.656754001043334,-1.1573229341274334,-16.26222623251288,0.6295741068180681,46.84903514599591,0.2719344611720337,-9.784428328721209,0.00015748,0.22223204139190766,0.00081957,1,0.0
216,-6.5851988502062015,13.36942630959717,-1.54e-06,1.053781742958659,1.4533862399266007,31.94786438000698,1.0052136313683062,13.331689154927851,0.12067054082980143,-79.82235220594606,-1.1573229341274334,67.95225740716832,0.6295741068180681,-26.834950225611415,0.2719344611720337,10.694778722229252,0.00015748,36.21967073979102,0.00081957,0,0.0
217,3.7682893373641093,9.624522783937081,-1.54e-06,1.053781742958659,1.4533862399266007,15.211161745700668,1.0052136313683062,33.103438298810765,0.12067054082980143,-79.48853860232501,-1.1573229341274334,-0.006574842097444189,0.6295741068180681,35.54435401800634,0.2719344611720337,0.26304702649495404,0.00015748,17.870337484476998,0.00081957,0,0.0
218,12.25948011530653,225.36195611480656,-1.54e-06,1.053781742958659,1.4533862399266007,17.967845828764887,1.0052136313683062,66.64186977861975,0.12067054082980143,-94.01301150849628,-1.1573229341274334,-29.3215328066017,0.6295741068180681,54.96251575161168,0.2719344611720337,0.5311143688165245,0.00015748,36.080484200776034,0.00081957,0,0.0
219,11.458464785685303,119.90174971339965,-1.54e-06,1.053781742958659,1.4533862399266007,32.25871940688184,1.0052136313683062,63.98332240600015,0.12067054082980143,-99.9883568516671,-1.1573229341274334,-37.47075925000511,0.6295741068180681,53.56884813834866,0.2719344611720337,0.3086726262504236,0.00015748,33.251547130906744,0.00081957,0,0.0
220,-6.825536602686072,356.45011989476484,-1.54e-06,1.053781742958659,1.4533862399266007,14.399346977106877,1.0052136313683062,15.85195121122427,0.12067054082980143,-34.540358341915606,-1.1573229341274334,14.123101547925051,0.6295741068180681,-22.5652616606672,0.2719344611720337,-17.588876210710882,0.00015748,6.2685551982874514,0.00081957,1,0.0
221,10.588050369509162,125.72557413588181,-1.54e-06,1.053781742958659,1.4533862399266007,5.000467650954034,1.0052136313683062,24.436844321122113,0.12067054082980143,-58.51284789384324,-1.1573229341274334,-22.288518378681236,0.6295741068180681,64.59288700478317,0.2719344611720337,0.7682739032139612,0.00015748,21.918545445616026,0.00081957,0,0.0
222,-8.52935543698861,17.19710657163463,-1.54e-06,1.053781742958659,1.4533862399266007,45.52063815625908,1.0052136313683062,15.403164797580127,0.12067054082980143,-85.79915336897288,-1.1573229341274334,77.75965514237781,0.6295741068180681,-45.39998472037262,0.2719344611720337,13.315650459393755,0.00015748,44.565041966899386,0.00081957,0,0.0
223,15.375180460465582,219.713915565295,-1.54e-06,1.053781742958659,1.4533862399266007,24.923419296543553,1.0052136313683062,44.72457853012906,0.12067054082980143,-39.28187725206852,-1.1573229341274334,-66.23413842938206,0.6295741068180681,52.17579926241297,0.2719344611720337,0.3536434746261552,0.00015748,27.41918026001902,0.00081957,0,0.0
224,-1.4075818767227255,3.0621068955287245,-1.54e-06,1.053781742958659,1.4533862399266007,12.93734615578477,1.0052136313683062,8.66389575573776,0.12067054082980143,-31.68576142600899,-1.1573229341274334,17.59344289863518,0.6295741068180681,-5.234701206037762,0.2719344611720337,5.816746858215012,0.00015748,10.05108430250451,0.00081957,0,0.0
225,0.08940425849684797,19.064362853350517,-1.54e-06,1.053781742958659,1.4533862399266007,30.99403970735369,1.0052136313683062,18.255584247839177,0.12067054082980143,-61.98942558166242,-1.1573229341274334,8.83950422843004,0.6295741068180681,6.413748747092417,0.2719344611720337,0.34896486048634934,0.00015748,22.79898362348633,0.00081957,0,0.0
226,-7.509273197061413,206.84711394361085,-1.54e-06,1.053781742958659,1.4533862399266007,-38.05105743581489,1.0052136313683062,-29.598500115642288,0.12067054082980143,-52.362536658264695,-1.1573229341274334,67.87077483815648,0.6295741068180681,42.49825285096924,0.2719344611720337,-20.26427968387074,0.00015748,-0.0034442755846182393,0.00081957,1,0.0
227,-1.1457605148584284,27.371532552298895,-1.54e-06,1.053781742958659,1.4533862399266007,-46.896835752770485,1.0052136313683062,-4.520140503046335,0.12067054082980143,-89.47230672477887,-1.1573229341274334,62.28607970216383,0.6295741068180681,78.64930162089153,0.2719344611720337,-5.895547305219823,0.00015748,0.17654074938667863,0.00081957,1,0.0
228,5.5483171413000045,44.17181498135783,-1.54e-06,1.053781742958659,1.4533862399266007,-57.520203204690326,1.0052136313683062,-8.937983976107692,0.12067054082980143,-13.042065146402457,-1.1573229341274334,9.116385187634549,0.6295741068180681,74.76709792567458,0.2719344611720337,-15.494034724185141,0.00015748,-1.9589876719737669,0.00081957,1,0.0
229,-1.831591945812212,243.5188595131318,-1.54e-06,1.053781742958659,1.4533862399266007,58.54136555248315,1.0052136313683062,-15.625159085627322,0.12067054082980143,-9.707994412683743,-1.1573229341274334,34.60695220509093,0.6295741068180681,-50.08047982880807,0.2719344611720337,0.4884977463100597,0.00015748,67.60818416842827,0.00081957,0,0.0
230,3.125148129125896,7.029571672687282,-1.54e-06,1.053781742958659,1.4533862399266007,-36.83130151725829,1.0052136313683062,4.934878182073742,0.12067054082980143,-79.45546959196847,-1.1573229341274334,34.934662662172975,0.6295741068180681,80.69183507613081,0.2719344611720337,-0.3479142392220948,0.00015748,0.6050456664379142,0.00081957,1,0.0
231,-2.2312533213771886,4.883477162832728,-1.54e-06,1.053781742958659,1.4533862399266007,39.11389921248328,1.0052136313683062,24.798847934791073,0.12067054082980143,-61.38484942067258,-1.1573229341274334,18.470377675844006,0.6295741068180681,-18.242463366059976,0.2719344611720337,13.282492407351636,0.00015748,17.518562624048155,0.00081957,0,0.0
232,-5.432803690431284,61.01865912583368,-1.54e-06,1.053781742958659,1.4533862399266007,-19.44199897183958,1.0052136313683062,-11.273028095140871,0.12067054082980143,-37.98658664858962,-1.1573229341274334,47.71239215496827,0.6295741068180681,16.01528621190764,0.2719344611720337,-6.779350442245357,0.00015748,0.3021772930911846,0.00081957,1,0.0
233,13.03223801324218,159.29529493333717,-1.54e-06,1.053781742958659,1.4533862399266007,11.677835835140854,1.0052136313683062,27.925101126957657,0.12067054082980143,-2.90848731932606,-1.1573229341274334,-60.79979895986166,0.6295741068180681,37.67233262350271,0.2719344611720337,0.25574811527377594,0.00015748,16.23463188402463,0.00081957,0,0.0
234,1.3108727538123723,7.895304505185585,-1.54e-06,1.053781742958659,1.4533862399266007,59.14578320541867,1.0052136313683062,39.34775693719751,0.12067054082980143,-31.539370026798316,-1.1573229341274334,-31.939126331684527,0.6295741068180681,-34.10399916115697,0.2719344611720337,0.3393070987748228,0.00015748,24.18645196425289,0.00081957,0,0.0
235,1.4892431061707976,5.355302736678929,-1.54e-06,1.053781742958659,1.4533862399266007,-25.49306715262587,1.0052136313683062,9.301656336724193,0.12067054082980143,-92.72236728123357,-1.1573229341274334,41.8662239134062,0.6295741068180681,70.57104517847179,0.2719344611720337,2.3890941646569894,0.00015748,4.112141304256464,0.00081957,0,0.0
236,0.6160636999507334,6.861726579061628,-1.54e-06,1.053781742958659,1.4533862399266007,-18.275428231017464,1.0052136313683062,-3.787729961574886,0.12067054082980143,-17.97386025060604,-1.1573229341274334,14.463064840464414,0.6295741068180681,26.607730002563905,0.2719344611720337,-3.312799253148725,0.00015748,0.12870478920437356,0.00081957,1,0.0
237,2.2475089115820737,12.72457785839195,-1.54e-06,1.053781742958659,1.4533862399266007,79.4806893686228,1.0052136313683062,49.171466473269014,0.12067054082980143,-36.66376717108204,-1.1573229341274334,-45.5563036160112,0.6295741068180681,-44.560374990300296,0.2719344611720337,0.2856981050623624,0.00015748,32.77629360039998,0.00081957,0,0.0
238,-1.2980144121319523,68.83996772031455,-1.54e-06,1.053781742958659,1.4533862399266007,-17.308926202267966,1.0052136313683062,-8.437893304949275,0.12067054082980143,-99.32027984689401,-1.1573229341274334,89.03602596195535,0.6295741068180681,50.57185695703502,0.2719344611720337,0.2695403399963965,0.00015748,41.59504299894304,0.00081957,0,0.0
239,8.09930734866929,68.24055607139223,-1.54e-06,1.053781742958659,1.4533862399266007,50.29579636976778,1.0052136313683062,48.23757431805427,0.12067054082980143,-46.6143095145606,-1.1573229341274334,-49.68851238244212,0.6295741068180681,6.051462670793288,0.2719344611720337,0.27416951984770144,0.00015748,29.564308375227682,0.00081957,0,0.0
240,4.2409108567439855,109.9498756579075,-1.54e-06,1.053781742958659,1.4533862399266007,-18.65741549205495,1.0052136313683062,13.176207212283025,0.12067054082980143,-42.49456152337477,-1.1573229341274334,-4.316748754028401,0.6295741068180681,53.05254382537097,0.2719344611720337,-11.657951384990483,0.00015748,4.181377645675176,0.00081957,1,0.0
241,0.00020928532968511604,0.3840815737756417,-1.54e-06,1.053781742958659,1.4533862399266007,45.185088035694854,1.0052136313683062,28.680875547409084,0.12067054082980143,-37.347120463889645,-1.1573229341274334,-14.655107893813614,0.6295741068180681,-21.85901696181605,0.2719344611720337,0.34584627293561176,0.00015748,19.589299191062786,0.00081957,0,0.0
242,-7.259759954685531,22.381753525153645,-1.54e-06,1.053781742958659,1.4533862399266007,62.34201770437074,1.0052136313683062,3.2594594173581237,0.12067054082980143,-12.930268115315329,-1.1573229341274334,31.179803953379583,0.6295741068180681,-79.53497059524771,0.2719344611720337,9.136294135105961,0.00015748,37.05616083424903,0.00081957,0,0.0
243,-13.1552901254007,356.72750568379223,-1.54e-06,1.053781742958659,1.4533862399266007,-50.479797413548866,1.0052136313683062,-17.369152249859436,0.12067054082980143,-59.78830070037904,-1.1573229341274334,92.42200957016128,0.6295741068180681,18.74754016805884,0.2719344611720337,-30.56628460283003,0.00015748,-0.013859600484600776,0.00081957,1,0.0
244,6.457554154463525,30.333088404182085,-1.54e-06,1.053781742958659,1.4533862399266007,17.471379478099564,1.0052136313683062,43.368246210725175,0.12067054082980143,-97.90416000809974,-1.1573229341274334,-6.991168038522447,0.6295741068180681,51.31053137051496,0.2719344611720337,0.2627500919119061,0.00015748,23.271968131054066,0.00081957,0,0.0
245,5.69456363890346,41.92089757781713,-1.54e-06,1.053781742958659,1.4533862399266007,-59.66125595911117,1.0052136313683062,-8.618907558552978,0.12067054082980143,-26.593918123667866,-1.1573229341274334,14.21455391465434,0.6295741068180681,85.14568721755676,0.2719344611720337,-13.108363443423006,0.00015748,-3.8055008200976275,0.00081957,1,0.0
246,-1.3215574096513656,240.13987661537726,-1.54e-06,1.053781742958659,1.4533862399266007,55.105973596839156,1.0052136313683062,62.326339766842196,0.12067054082980143,-99.99259295125074,-1.1573229341274334,42.55268864999124,0.6295741068180681,-43.694598043210576,0.2719344611720337,8.623589378251172,0.00015748,65.09371885208022,0.00081957,0,0.0
247,-0.5861899500573725,5.229663011378488,-1.54e-06,1.053781742958659,1.4533862399266007,-8.020903627877306,1.0052136313683062,-2.4604771465222286,0.12067054082980143,-12.673255966602527,-1.1573229341274334,11.955167930459856,0.6295741068180681,10.943692472569227,0.2719344611720337,-1.6605339824793348,0.00015748,0.398960915498884,0.00081957,1,0.0
248,-6.416034399838795,13.017659701557655,-1.54e-06,1.053781742958659,1.4533862399266007,18.991133858779452,1.0052136313683062,0.5188790492311517,0.12067054082980143,-46.17716161270808,-1.1573229341274334,62.928106838571026,0.6295741068180681,-30.131641744083694,0.2719344611720337,2.6929190843584614,0.00015748,34.7933859979932,0.00081957,0,0.0
249,-8.20589118512463,16.777414796589373,-1.54e-06,1.053781742958659,1.4533862399266007,53.77864066259926,1.0052136313683062,5.55574326553491,0.12067054082980143,-26.23168863193802,-1.1573229341274334,48.69853731662705,0.6295741068180681,-76.08675433050543,0.2719344611720337,9.426385493346844,0.00015748,40.35503110209075,0.00081957,0,0.0
250,-2.058710422257313,61.106561486700386,-1.54e-06,1.053781742958659,1.4533862399266007,-61.884155998890044,1.0052136313683062,-25.818471506217346,0.12067054082980143,-46.81745308418373,-1.1573229341274334,62.8803149373887,0.6295741068180681,70.8152460572613,0.2719344611720337,-16.39963852019721,0.00015748,0.2417140228848247,0.00081957,1,0.0
251,-1.957983222769006,4.283529094806407,-1.54e-06,1.053781742958659,1.4533862399266007,-7.787871511661726,1.0052136313683062,1.9712037481590412,0.12067054082980143,-53.13072327301593,-1.1573229341274334,44.78755273185143,0.6295741068180681,18.406738882621728,0.2719344611720337,0.414473538563934,0.00015748,16.06435802839303,0.00081957,0,0.0
252,8.944472751537521,347.891188769685,-1.54e-06,1.053781742958659,1.4533862399266007,51.29250312860571,1.0052136313683062,73.29868958439305,0.12067054082980143,-47.556211912299005,-1.1573229341274334,-43.143864776858585,0.6295741068180681,-18.064072771527805,0.2719344611720337,0.48566119123219664,0.00015748,48.2270370753736,0.00081957,0,0.0
253,1.061466893808141,25.68107610473886,-1.54e-06,1.053781742958659,1.4533862399266007,-61.629085760252934,1.0052136313683062,-1.874782950973546,0.12067054082980143,-94.35998921527928,-1.1573229341274334,59.25332240296896,0.6295741068180681,99.88858119482852,0.2719344611720337,-11.21193584192912,0.00015748,0.24293014521466283,0.00081957,1,0.0
254,-6.784299244179348,13.777188782679584,-1.54e-06,1.053781742958659,1.4533862399266007,34.99750417465969,1.0052136313683062,12.54628823596821,0.12067054082980143,-71.2289356994527,-1.1573229341274334,64.42329474411697,0.6295741068180681,-34.3646985380427,0.2719344611720337,10.446845720256643,0.00015748,36.525263939653925,0.00081957,0,0.0
255,-4.711052399548783,9.627423214533977,-1.54e-06,1.053781742958659,1.4533862399266007,47.68246027015518,1.0052136313683062,15.573786952419109,0.12067054082980143,-36.224313432180885,-1.1573229341274334,24.5839097987825,0.6295741068180681,-48.377106963902364,0.2719344611720337,12.921890648878364,0.00015748,23.70146723475862,0.00081957,0,0.0
256,2.564897440563371,24.822527147901923,-1.54e-06,1.053781742958659,1.4533862399266007,-42.85549028092826,1.0052136313683062,-9.100387052029498,0.12067054082980143,-47.819474390738286,-1.1573229341274334,31.443777474506973,0.6295741068180681,71.79600121525378,0.2719344611720337,-6.5199129745966005,0.00015748,0.2148782885867888,0.00081957,1,0.0
257,-1.6690055860133786,3.456460406120935,-1.54e-06,1.053781742958659,1.4533862399266007,1.6791620294677685,1.0052136313683062,8.180299813444922,0.12067054082980143,-54.36127952574229,-1.1573229341274334,35.20037116755849,0.6295741068180681,12.605700614369352,0.2719344611720337,4.157665559199433,0.00015748,13.011220881746869,0.00081957,0,0.0
258,7.668255243873512,40.634095033265055,-1.54e-06,1.053781742958659,1.4533862399266007,-17.940429351863358,1.0052136313683062,20.476627173565646,0.12067054082980143,-66.54623828061496,-1.1573229341274334,-0.0014741133711092397,0.6295741068180681,72.83390008209783,0.2719344611720337,0.276404473447454,0.00015748,9.247668450443907,0.00081957,0,0.0
259,-4.7863011258877854,9.99290036361907,-1.54e-06,1.053781742958659,1.4533862399266007,60.79211507647757,1.0052136313683062,21.997085783410746,0.12067054082980143,-38.2530895412927,-1.1573229341274334,17.731076680562722,0.6295741068180681,-59.188175045748956,0.2719344611720337,16.522900556998046,0.00015748,24.72449553786774,0.00081957,0,0.0
260,16.60019419088896,634.262421822543,-1.54e-06,1.053781742958659,1.4533862399266007,10.520620639204095,1.0052136313683062,4.661889089320614,0.12067054082980143,-30.15458046522637,-1.1573229341274334,-27.845892265954863,0.6295741068180681,72.70174445847162,0.2719344611720337,0.2755122399927501,0.00015748,52.24439705240156,0.00081957,0,0.0
261,4.027803646487657,88.3176442089818,-1.54e-06,1.053781742958659,1.4533862399266007,77.69695321847814,1.0052136313683062,56.845390394034574,0.12067054082980143,-5.504092774737322,-1.1573229341274334,-64.0235692804504,0.6295741068180681,-61.063880933357154,0.2719344611720337,0.5792920605051535,0.00015748,31.37787987878211,0.00081957,0,0.0
262,12.095790166942095,124.37374601418412,-1.54e-06,1.053781742958659,1.4533862399266007,18.123593067220447,1.0052136313683062,47.787274301272255,0.12067054082980143,-94.67781545364815,-1.1573229341274334,-30.254255902947484,0.6295741068180681,72.43943964208093,0.2719344611720337,0.32552457167623317,0.00015748,28.88030651537035,0.00081957,0,0.0
263,0.009617493775216701,0.2134253258542612,-1.54e-06,1.053781742958659,1.4533862399266007,68.92429542834681,1.0052136313683062,53.16756506642822,0.12067054082980143,-95.17226701401798,-1.1573229341274334,-10.79709510990526,0.6295741068180681,-16.010680924861113,0.2719344611720337,0.28477429614492067,0.00015748,34.26340118012861,0.00081957,0,0.0
264,0.5387176244867717,125.68253192499321,-1.54e-06,1.053781742958659,1.4533862399266007,86.52977182715516,1.0052136313683062,72.3330999915074,0.12067054082980143,-53.62315063318754,-1.1573229341274334,-35.70577556297816,0.6295741068180681,-66.8364138869488,0.2719344611720337,1.9732799776744194,0.00015748,41.022175397607924,0.00081957,0,0.0
265,5.4985350151136325,48.208906019915325,-1.54e-06,1.053781742958659,1.4533862399266007,-61.07038268624866,1.0052136313683062,-15.196787694461912,0.12067054082980143,-2.297372810981172,-1.1573229341274334,9.15396661575424,0.6295741068180681,73.95052570787443,0.2719344611720337,-16.060148058474933,0.00015748,-3.3505991376592528,0.00081957,1,0.0
266,10.232290295239796,98.36656873962787,-1.54e-06,1.053781742958659,1.4533862399266007,51.26309912963107,1.0052136313683062,64.06955274082178,0.12067054082980143,-87.27821461051855,-1.1573229341274334,-47.245994430878355,0.6295741068180681,29.83410452721097,0.2719344611720337,0.26113937016365085,0.00015748,36.45335642263481,0.00081957,0,0.0
267,-10.041307481902734,161.99804431192345,-1.54e-06,1.053781742958659,1.4533862399266007,-27.944158226077985,1.0052136313683062,-29.056761598319472,0.12067054082980143,-20.460476999627303,-1.1573229341274334,67.19899346946649,0.6295741068180681,0.45523690535757083,0.2719344611720337,-15.92572956839382,0.00015748,0.21277037981813152,0.00081957,1,0.0
268,-0.10070375558242972,15.125539945464066,-1.54e-06,1.053781742958659,1.4533862399266007,-24.002676233844863,1.0052136313683062,-10.428316467910008,0.12067054082980143,-8.201646036978243,-1.1573229341274334,18.0515524774158,0.6295741068180681,24.896987963705346,0.2719344611720337,-6.9392252526277485,0.00015748,0.10555156692889733,0.00081957,1,0.0
269,2.3908083997835914,127.53472056600178,-1.54e-06,1.053781742958659,1.4533862399266007,-1.101503814606271,1.0052136313683062,-10.54203144026099,0.12067054082980143,-36.54838578230331,-1.1573229341274334,43.69066231707381,0.6295741068180681,22.12303977184319,0.2719344611720337,0.340764492301286,0.00015748,42.40749186086934,0.00081957,0,0.0
270,-0.9369358368425189,8.285878631536653,-1.54e-06,1.053781742958659,1.4533862399266007,70.93434819170996,1.0052136313683062,57.6511039757545,0.12067054082980143,-96.00952552963506,-1.1573229341274334,-7.923509857541478,0.6295741068180681,-25.102997022102414,0.2719344611720337,2.292708284107306,0.00015748,33.43856721563472,0.00081957,0,0.0
271,0.1580043615058475,5.037086832783865,-1.54e-06,1.053781742958659,1.4533862399266007,3.926630111547354,1.0052136313683062,7.104313602995031,0.12067054082980143,-16.496933796237148,-1.1573229341274334,9.388197361218035,0.6295741068180681,-0.5876580634449083,0.2719344611720337,1.2015657506958828,0.00015748,10.044785059669751,0.00081957,0,0.0
272,0.03585363096475125,6.632397956283141,-1.54e-06,1.053781742958659,1.4533862399266007,-16.612648186195834,1.0052136313683062,-3.3419737369614846,0.12067054082980143,-19.1368667671355,-1.1573229341274334,16.119154044587017,0.6295741068180681,23.36745280960639,0.2719344611720337,-3.2890449529237555,0.00015748,0.21013967299296055,0.00081957,1,0.0
273,3.8852785214822747,9.207744009730156,-1.54e-06,1.053781742958659,1.4533862399266007,-13.338501461675806,1.0052136313683062,12.719727179550475,0.12067054082980143,-52.899441346116845,-1.1573229341274334,8.899081320020025,0.6295741068180681,49.351517871678936,0.2719344611720337,0.28369457194855485,0.00015748,5.620173928677275,0.00081957,0,0.0
274,18.24858617667363,422.46641852844897,-1.54e-06,1.053781742958659,1.4533862399266007,5.92117961543659,1.0052136313683062,21.407330165606794,0.12067054082980143,-25.113980857603064,-1.1573229341274334,-57.41776609715119,0.6295741068180681,78.73509924347391,0.2719344611720337,0.4208963737125,0.00015748,31.81009513339626,0.00081957,0,0.0
275,-2.457606257441175,44.242327704634455,-1.54e-06,1.053781742958659,1.4533862399266007,-45.52334645351942,1.0052136313683062,-10.70193225213187,0.12067054082980143,-75.50868878355428,-1.1573229341274334,63.04078806647704,0.6295741068180681,67.32482791655585,0.2719344611720337,-8.002955148461226,0.00015748,-0.023975185619746764,0.00081957,1,0.0
276,-6.480959577622768,13.148502214906468,-1.54e-06,1.053781742958659,1.4533862399266007,57.36742861067865,1.0052136313683062,10.5665149665182,0.12067054082980143,-16.94819556373675,-1.1573229341274334,26.503396827947547,0.6295741068180681,-73.87494174121983,0.2719344611720337,11.659705022487081,0.00015748,30.349358761238697,0.00081957,0,0.0
277,-0.4170538668812833,96.80668025896117,-1.54e-06,1.053781742958659,1.4533862399266007,-0.9161697385758891,1.0052136313683062,-7.957920594138718,0.12067054082980143,-77.87797607088778,-1.1573229341274334,64.54376406778695,0.6295741068180681,35.2893229347683,0.2719344611720337,0.5622402787301972,0.00015748,39.69048134922875,0.00081957,0,0.0
278,-5.205103777800348,10.633632463099072,-1.54e-06,1.053781742958659,1.4533862399266007,5.480866544916113,1.0052136313683062,8.621930959388921,0.12067054082980143,-93.18712872300952,-1.1573229341274334,78.8913828852054,0.6295741068180681,7.356473881217629,0.2719344611720337,4.95076810038611,0.00015748,33.064362411144415,0.00081957,0,0.0
279,0.0026455150073090294,0.22654797895963139,-1.54e-06,1.053781742958659,1.4533862399266007,67.93158559902916,1.0052136313683062,51.68022676594713,0.12067054082980143,-91.09280887445077,-1.1573229341274334,-11.445605240886179,0.6295741068180681,-16.98588811806854,0.2719344611720337,0.2621246433541238,0.00015748,33.4653442593811,0.00081957,0,0.0
280,1.7084232580696828,2.167362142629392,-1.54e-06,1.053781742958659,1.4533862399266007,21.850375050423885,1.0052136313683062,27.166263856619562,0.12067054082980143,-61.10936489131543,-1.1573229341274334,-0.7768762189869522,0.6295741068180681,14.923647759053578,0.2719344611720337,0.2535299535036275,0.00015748,16.0291910459179,0.00081957,0,0.0
281,13.971782041896306,168.72124249796732,-1.54e-06,1.053781742958659,1.4533862399266007,-0.9367662437537951,1.0052136313683062,30.465892625171676,0.12067054082980143,-29.94503833420119,-1.1573229341274334,-48.69444456752683,0.6295741068180681,63.97114636978309,0.2719344611720337,0.315775272196114,0.00015748,16.080445985668625,0.00081957,0,0.0
282,-8.483513437304595,17.301630787412385,-1.54e-06,1.053781742958659,1.4533862399266007,83.47002463072461,1.0052136313683062,32.617260862178846,0.12067054082980143,-85.0611342245853,-1.1573229341274334,51.75014001621185,0.6295741068180681,-76.78113197513701,0.2719344611720337,25.259150549293388,0.00015748,42.29430046925496,0.00081957,0,0.0
283,-7.315825008181259,14.806779466736794,-1.54e-06,1.053781742958659,1.4533862399266007,32.99726865616038,1.0052136313683062,9.93243518045434,0.12067054082980143,-70.03065994642729,-1.1573229341274334,69.85814136695545,0.6295741068180681,-35.99696896262713,0.2719344611720337,8.928048295653713,0.00015748,39.06299179099206,0.00081957,0,0.0
284,9.103431417020296,69.19772953029705,-1.54e-06,1.053781742958659,1.4533862399266007,-1.8258219927451014,1.0052136313683062,23.065899835883858,0.12067054082980143,-34.85420119153856,-1.1573229341274334,-26.0134359350865,0.6295741068180681,49.4949518451182,0.2719344611720337,0.38649147872080913,0.00015748,11.889635088984644,0.00081957,0,0.0
285,-9.372249612559084,19.104147585603695,-1.54e-06,1.053781742958659,1.4533862399266007,27.833811920970906,1.0052136313683062,-5.198894492433971,0.12067054082980143,-44.033701905712604,-1.1573229341274334,83.43817910728225,0.6295741068180681,-53.71577458380072,0.2719344611720337,1.3498578869160944,0.00015748,49.46163221582067,0.00081957,0,0.0
286,-9.478819266235462,125.61576130437527,-1.54e-06,1.053781742958659,1.4533862399266007,-8.841348972608982,1.0052136313683062,-17.89695270043857,0.12067054082980143,-15.45825917175353,-1.1573229341274334,51.01502789002699,0.6295741068180681,-18.30150429645819,0.2719344611720337,-9.744171121953906,0.00015748,0.3181027871907762,0.00081957,1,0.0
287,17.30529592458728,281.3805075483397,-1.54e-06,1.053781742958659,1.4533862399266007,44.24177975707956,1.0052136313683062,65.2813021855971,0.12067054082980143,-59.07919296301784,-1.1573229341274334,-81.25947712069757,0.6295741068180681,48.82623802794843,0.2719344611720337,0.5057579339633556,0.00015748,37.33934284347548,0.00081957,0,0.0
288,-2.858009711228201,6.094965809756829,-1.54e-06,1.053781742958659,1.4533862399266007,43.96787868068141,1.0052136313683062,33.39994194593311,0.12067054082980143,-96.94983196184975,-1.1573229341274334,33.47852907779124,0.6295741068180681,-10.030115535044722,0.2719344611720337,17.82101327990136,0.00015748,22.14893733459643,0.00081957,0,0.0
289,-6.350153695758129,17.25227094913737,-1.54e-06,1.053781742958659,1.4533862399266007,54.61522018403854,1.0052136313683062,29.231649948699623,0.12067054082980143,-79.39607055277511,-1.1573229341274334,47.659795607102524,0.6295741068180681,-47.2778235871559,0.2719344611720337,18.062144280647594,0.00015748,32.3329431470043,0.00081957,0,0.0
290,7.013492569015773,62.32637719953484,-1.54e-06,1.053781742958659,1.4533862399266007,71.47938842818681,1.0052136313683062,55.022188618322126,0.12067054082980143,-36.125249777305875,-1.1573229341274334,-61.71136462485764,0.6295741068180681,-21.879615931403517,0.2719344611720337,0.3314379907619589,0.00015748,34.14975236502134,0.00081957,0,0.0
291,3.8046252599444266,27.753589330477155,-1.54e-06,1.053781742958659,1.4533862399266007,14.088959983184335,1.0052136313683062,21.5824553766902,0.12067054082980143,-71.6998705363481,-1.1573229341274334,3.69029296745125,0.6295741068180681,38.085903806109265,0.2719344611720337,0.31847796348976054,0.00015748,19.695249892079595,0.00081957,0,0.0
292,-15.25398847460891,723.0537370944287,-1.54e-06,1.053781742958659,1.4533862399266007,-0.5388895038574362,1.0052136313683062,-7.354926850416818,0.12067054082980143,-65.11823796443902,-1.1573229341274334,43.785293651607226,0.6295741068180681,-3.0454288743338465,0.2719344611720337,-47.98641331563013,0.00015748,-0.7999654273775256,0.00081957,1,0.0
293,2.4126062170243587,8.403429081046614,-1.54e-06,1.053781742958659,1.4533862399266007,33.887848371566804,1.0052136313683062,23.65045902132883,0.12067054082980143,-16.58665337477236,-1.1573229341274334,-25.15572517144783,0.6295741068180681,-13.435780210795041,0.2719344611720337,0.2497933155852321,0.00015748,15.406391877695135,0.00081957,0,0.0
294,1.69621849061258,11.46189783414157,-1.54e-06,1.053781742958659,1.4533862399266007,99.90429563099043,1.0052136313683062,61.43780404331608,0.12067054082980143,-52.814412164252964,-1.1573229341274334,-50.39261138939505,0.6295741068180681,-56.92544794102379,0.2719344611720337,0.31835488333691586,0.00015748,40.95987368353183,0.00081957,0,0.0
295,-0.9280359572214731,2.186386343317408,-1.54e-06,1.053781742958659,1.4533862399266007,-0.7555494267854708,1.0052136313683062,4.261277115620895,0.12067054082980143,-32.945373683772935,-1.1573229341274334,23.51227069328293,0.6295741068180681,8.638662802245149,0.2719344611720337,1.7613909798693013,0.00015748,9.650534870448942,0.00081957,0,0.0
296,-9.325646078501821,18.99139593285573,-1.54e-06,1.053781742958659,1.4533862399266007,43.31444564608646,1.0052136313683062,-3.6109918941605974,0.12067054082980143,-20.975391799002345,-1.1573229341274334,63.89057055665891,0.6295741068180681,-75.70950747775923,0.2719344611720337,3.9521889314154954,0.00015748,46.41276451334393,0.00081957,0,0.0
297,-8.654846189090296,17.515500394296737,-1.54e-06,1.053781742958659,1.4533862399266007,36.524686708380585,1.0052136313683062,-0.25372308699010615,0.12067054082980143,-35.67200344030331,-1.1573229341274334,66.72490171405734,0.6295741068180681,-60.62838514946927,0.2719344611720337,4.3791888762354105,0.00015748,43.44254375151822,0.00081957,0,0.0
298,-0.300476117305295,0.8207101273067545,-1.54e-06,1.053781742958659,1.4533862399266007,-20.041177497546382,1.0052136313683062,11.338205867942529,0.12067054082980143,-91.3387168805396,-1.1573229341274334,51.93314003627777,0.6295741068180681,52.58361662988886,0.2719344611720337,1.323766840614244,0.00015748,12.52957394862015,0.00081957,0,0.0
299,0.0022865120803299277,0.00014545971066937222,-1.54e-06,1.053781742958659,1.4533862399266007,17.17266480455009,1.0052136313683062,24.40766460400286,0.12067054082980143,-70.33420681107938,-1.1573229341274334,13.675259618494522,0.6295741068180681,16.106477536314774,0.2719344611720337,2.05775658418686,0.00015748,13.804720719772787,0.00081957,0,0.0
300,0.7719204095221558,0.19072980495886852,-1.54e-06,1.1211449964209517,4.787338469101568,55.638462927641335,1.0052136313683062,61.45608279771016,0.12067054082980143,-76.50090327467508,-1.1573229341274334,-12.861032828411354,0.6295741068180681,21.948308806149278,0.2719344611720337,0.33700085704115956,0.00015748,0.9663275684857053,0.00081957,0,0.0
301,1.0524175072153574,0.4090087620188272,-1.54e-06,1.1211449964209517,4.787338469101568,6.134115886582267,1.0052136313683062,47.95921942208242,0.12067054082980143,-32.031360825129696,-1.1573229341274334,65.09425459023369,0.6295741068180681,36.132256697659344,0.2719344611720337,0.4038091225743056,0.00015748,0.5793690322445973,0.00081957,0,0.0
302,0.5275692578600705,0.13400593432147134,-1.54e-06,1.1211449964209517,4.787338469101568,98.22799663470701,1.0052136313683062,62.3435666044266,0.12067054082980143,-67.01575992700407,-1.1573229341274334,7.353106661648613,0.6295741068180681,-16.524283527873145,0.2719344611720337,0.3248333177871104,0.00015748,1.0852904701886117,0.00081957,0,0.0
303,-0.0006218283703081917,0.0442441315696995,-1.54e-06,1.1211449964209517,4.787338469101568,7.4329478778753115,1.0052136313683062,17.256629943245024,0.12067054082980143,-2.4663316579607804,-1.1573229341274334,-90.37994226731352,0.6295741068180681,-2.274433218838916,0.2719344611720337,-0.08927664017104792,0.00015748,0.10554899567275197,0.00081957,1,0.0
304,0.09549013343675122,0.06989323243088338,-1.54e-06,1.1211449964209517,4.787338469101568,-46.54321862116674,1.0052136313683062,-6.511000500714707,0.12067054082980143,-77.18887719778242,-1.1573229341274334,70.37313165631105,0.6295741068180681,58.933124577169686,0.2719344611720337,-0.10383634578533227,0.00015748,0.10343930553914929,0.00081957,1,0.0
305,0.0004914191888169273,0.06357222493154457,-1.54e-06,1.1211449964209517,4.787338469101568,-10.843036516219506,1.0052136313683062,22.76720523483694,0.12067054082980143,-62.76882378317687,-1.1573229341274334,8.191633876663909,0.6295741068180681,21.901620846854367,0.2719344611720337,-0.08844789410919696,0.00015748,0.14152289164978876,0.00081957,1,0.0
306,0.4812465279978882,0.12827927209938722,-1.54e-06,1.1211449964209517,4.787338469101568,95.14821639540563,1.0052136313683062,56.59879566477847,0.12067054082980143,-61.565295955546524,-1.1573229341274334,40.67140656758272,0.6295741068180681,-20.543289625546628,0.2719344611720337,0.33333041909503336,0.00015748,1.000414023805258,0.00081957,0,0.0
307,0.0016763301657301555,0.1084855390622823,-1.54e-06,1.1211449964209517,4.787338469101568,8.823342131147157,1.0052136313683062,17.380109309288,0.12067054082980143,-61.02003333391704,-1.1573229341274334,79.45031426709606,0.6295741068180681,8.349013327365787,0.2719344611720337,0.028543085310135316,0.00015748,0.21078637900846697,0.00081957,0,0.0
308,0.2277473078733027,0.00582565646848868,-1.54e-06,1.1211449964209517,4.787338469101568,-41.9045510075887,1.0052136313683062,11.666318067119247,0.12067054082980143,-51.561731043416856,-1.1573229341274334,-23.7420859829668,0.6295741068180681,51.20297065489982,0.2719344611720337,-0.04647103068158483,0.00015748,0.04655660382577975,0.00081957,1,0.0
309,0.001517973524469432,0.07373368616260903,-1.54e-06,1.1211449964209517,4.787338469101568,19.084740726539522,1.0052136313683062,8.475774300532322,0.12067054082980143,-3.8564373737020525,-1.1573229341274334,58.78490015080326,0.6295741068180681,-16.83179942942344,0.2719344611720337,0.03324592287888355,0.00015748,0.10927786009167947,0.00081957,0,0.0
310,0.06212208741967888,0.03617387484194766,-1.54e-06,1.1211449964209517,4.787338469101568,-3.9852106301143975,1.0052136313683062,15.092119521427065,0.12067054082980143,-10.886672540079168,-1.1573229341274334,-14.815370995294915,0.6295741068180681,3.59633110315988,0.2719344611720337,-0.08838417587537131,0.00015748,0.09032623151187444,0.00081957,1,0.0
311,0.32911543827361334,0.05932566624664953,-1.54e-06,1.1211449964209517,4.787338469101568,-45.738328354880494,1.0052136313683062,14.550880674055758,0.12067054082980143,-64.01150836141021,-1.1573229341274334,52.75139730851877,0.6295741068180681,54.9674819631338,0.2719344611720337,-0.009407701903535258,0.00015748,0.09606273738151386,0.00081957,1,0.0
312,0.45575425632543864,0.05029136718381724,-1.54e-06,1.1211449964209517,4.787338469101568,-75.74451512979589,1.0052136313683062,1.1491682230789402,0.12067054082980143,-66.35030987316445,-1.1573229341274334,78.87944500400673,0.6295741068180681,80.4052908391094,0.2719344611720337,-0.07621241009826021,0.00015748,0.07633272101695368,0.00081957,1,0.0
313,0.712572364884052,0.29203126843580574,-1.54e-06,1.1211449964209517,4.787338469101568,19.085650055118894,1.0052136313683062,56.51388226519975,0.12067054082980143,-49.06245417330042,-1.1573229341274334,-96.99676193360702,0.6295741068180681,32.482819733333336,0.2719344611720337,0.20059552696805008,0.00015748,0.6331878691958127,0.00081957,0,0.0
314,0.0006280887370127414,0.022192058282659435,-1.54e-06,1.1211449964209517,4.787338469101568,1.1900841356153355,1.0052136313683062,7.830559714273857,0.12067054082980143,-14.917735044435478,-1.1573229341274334,18.244369664204235,0.6295741068180681,0.6460497304147514,0.2719344611720337,-0.020275919387501985,0.00015748,0.05365719162424298,0.00081957,1,0.0
315,0.27046332933713796,0.008985428950629142,-1.54e-06,1.1211449964209517,4.787338469101568,-55.99923032379917,1.0052136313683062,8.604236245262005,0.12067054082980143,-73.6086759283429,-1.1573229341274334,62.61029601691055,0.6295741068180681,63.15644995339256,0.2719344611720337,-0.03035110701751678,0.00015748,0.030278011559989323,0.00081957,1,0.0
316,0.3902127492507986,0.10676233272121276,-1.54e-06,1.1211449964209517,4.787338469101568,100.0,1.0052136313683062,61.03708248900284,0.12067054082980143,-91.30258121228484,-1.1573229341274334,99.96529411802219,0.6295741068180681,-21.48207570398802,0.2719344611720337,0.3279323228833998,0.00015748,1.0522658946216739,0.00081957,0,0.0
317,0.0019023431895697496,0.07203603299300321,-1.54e-06,1.1211449964209517,4.787338469101568,-0.1658294013581276,1.0052136313683062,20.534468868561383,0.12067054082980143,-45.70522390069756,-1.1573229341274334,13.3053697143195,0.6295741068180681,9.80467222345335,0.2719344611720337,-0.05160956980016734,0.00015748,0.14329755930607457,0.00081957,1,0.0
318,0.12746439775903842,0.04741218294350549,-1.54e-06,1.1211449964209517,4.787338469101568,-35.67442595810268,1.0052136313683062,22.011298635507554,0.12067054082980143,-70.2025701869728,-1.1573229341274334,-89.17578443036064,0.6295741068180681,53.21167556264533,0.2719344611720337,-0.1451488226388133,0.00015748,0.14703746195211348,0.00081957,1,0.0
319,0.6977758359730813,0.1683275905629209,-1.54e-06,1.1211449964209517,4.787338469101568,60.951178609050395,1.0052136313683062,64.66823959462513,0.12067054082980143,-99.41335152134837,-1.1573229341274334,31.106352324403137,0.6295741068180681,20.61910701237243,0.2719344611720337,0.3309479487410486,0.00015748,1.0201096113202115,0.00081957,0,0.0
320,0.10850965935015268,0.0016214322995670304,-1.54e-06,1.1211449964209517,4.787338469101568,-17.830827099142937,1.0052136313683062,1.6439350462071114,0.12067054082980143,-16.002788948291304,-1.1573229341274334,1.2275553063598732,0.6295741068180681,20.18622729895166,0.2719344611720337,-0.004234866107513001,0.00015748,0.004157723055341439,0.00081957,1,0.0
321,0.7821930427032642,0.19438235814712465,-1.54e-06,1.1211449964209517,4.787338469101568,43.432278341591214,1.0052136313683062,59.30564272070675,0.12067054082980143,-92.5694294799624,-1.1573229341274334,28.817306919933518,0.6295741068180681,32.49214984112314,0.2719344611720337,0.3419206506043215,0.00015748,0.9269253661094319,0.00081957,0,0.0
322,0.022416894514782945,0.008571122971843767,-1.54e-06,1.1211449964209517,4.787338469101568,-10.117011796944094,1.0052136313683062,8.558600109834302,0.12067054082980143,-25.184925949308198,-1.1573229341274334,-35.173077702536276,0.6295741068180681,16.656911210253906,0.2719344611720337,-0.0601982169710376,0.00015748,0.0603959048455479,0.00081957,1,0.0
323,0.7917241644792679,0.18465718424099847,-1.54e-06,1.1211449964209517,4.787338469101568,81.64852830706107,1.0052136313683062,78.20521081978131,0.12067054082980143,-89.63090905929919,-1.1573229341274334,-86.49095791651008,0.6295741068180681,16.48241859177772,0.2719344611720337,0.3130309521157692,0.00015748,1.2413477130039623,0.00081957,0,0.0
324,0.6056334142994266,0.1481926294798729,-1.54e-06,1.1211449964209517,4.787338469101568,87.380276823598,1.0052136313683062,65.25266069052978,0.12067054082980143,-78.24387100461539,-1.1573229341274334,-1.5605307400241468,0.6295741068180681,-2.9407064642279486,0.2719344611720337,0.32375188475674344,0.00015748,1.097376336789051,0.00081957,0,0.0
325,0.14092936587659363,0.007491448737237937,-1.54e-06,1.1211449964209517,4.787338469101568,-41.1563090122164,1.0052136313683062,12.507560865056547,0.12067054082980143,-76.8605614025142,-1.1573229341274334,88.77819419112978,0.6295741068180681,46.68255299466014,0.2719344611720337,-0.05408899222637007,0.00015748,0.05444511444652148,0.00081957,1,0.0
326,0.13005814293757667,0.0019747610773315103,-1.54e-06,1.1211449964209517,4.787338469101568,-33.52462707539749,1.0052136313683062,7.304126587124277,0.12067054082980143,-54.15002695148128,-1.1573229341274334,40.3486580279431,0.6295741068180681,39.539539898421324,0.2719344611720337,-0.02322375667423839,0.00015748,0.02322605726357124,0.00081957,1,0.0
327,0.5995442520993528,0.041332414232891315,-1.54e-06,1.1211449964209517,4.787338469101568,-80.26817064634166,1.0052136313683062,7.4138898947058856,0.12067054082980143,-41.831825231321645,-1.1573229341274334,-77.9619473866624,0.6295741068180681,90.58281956926683,0.2719344611720337,-0.022556224654319588,0.00015748,0.022411633172916574,0.00081957,1,0.0
328,0.5057732900365227,0.03735789354978523,-1.54e-06,1.1211449964209517,4.787338469101568,-80.5327214912029,1.0052136313683062,7.0845603130286,0.12067054082980143,-69.29940672870428,-1.1573229341274334,25.70242922738099,0.6295741068180681,88.71021741802801,0.2719344611720337,-0.048010021564124525,0.00015748,0.048193293161115244,0.00081957,1,0.0
329,0.00014136118811704929,0.0942773168704996,-1.54e-06,1.1211449964209517,4.787338469101568,24.91629169585046,1.0052136313683062,4.688186793565769,0.12067054082980143,-9.572072646941029,-1.1573229341274334,98.97997099739428,0.6295741068180681,-18.664213335478014,0.2719344611720337,0.10928607253110906,0.00015748,0.11896082894452159,0.00081957,0,0.0
330,0.30856207020423776,0.017638935738132525,-1.54e-06,1.1211449964209517,4.787338469101568,-58.926683178513,1.0052136313683062,4.145823202409409,0.12067054082980143,-66.56193915023943,-1.1573229341274334,69.5954322313703,0.6295741068180681,64.74567790253354,0.2719344611720337,-0.03541487886647456,0.00015748,0.03568032036810672,0.00081957,1,0.0
331,0.20419620599318372,0.012688864619773055,-1.54e-06,1.1211449964209517,4.787338469101568,-54.09450236779548,1.0052136313683062,17.213546834638088,0.12067054082980143,-92.47080235054358,-1.1573229341274334,17.61657317926719,0.6295741068180681,67.8208905866231,0.2719344611720337,-0.07799461548238704,0.00015748,0.07792103221698721,0.00081957,1,0.0
332,0.09902272670087972,0.039169507807059176,-1.54e-06,1.1211449964209517,4.787338469101568,-31.02464597458682,1.0052136313683062,24.463827851651292,0.12067054082980143,-72.00646405150397,-1.1573229341274334,-27.002521950986655,0.6295741068180681,42.95198454687768,0.2719344611720337,-0.12257873092850555,0.00015748,0.12314391700103125,0.00081957,1,0.0
333,0.001635385162399583,0.008449723767346169,-1.54e-06,1.1211449964209517,4.787338469101568,-15.465975121811166,1.0052136313683062,10.931811354185912,0.12067054082980143,-48.81600054010312,-1.1573229341274334,52.475475695965265,0.6295741068180681,19.150515187159606,0.2719344611720337,-0.05118631832194866,0.00015748,0.05092357806957745,0.00081957,1,0.0
334,0.5985347867007661,0.14819701797364332,-1.54e-06,1.1211449964209517,4.787338469101568,99.76962598127012,1.0052136313683062,66.01334746986291,0.12067054082980143,-58.84087189659368,-1.1573229341274334,-44.864020213873715,0.6295741068180681,-14.090436050969421,0.2719344611720337,0.32094622124294153,0.00015748,1.1324249770251367,0.00081957,0,0.0
335,0.0002476589431374965,0.12073452088414456,-1.54e-06,1.1211449964209517,4.787338469101568,6.104352251674147,1.0052136313683062,27.56550801051804,0.12067054082980143,-53.06813984611212,-1.1573229341274334,-14.087144163125265,0.6295741068180681,9.527746836233474,0.2719344611720337,-0.06541387607998936,0.00015748,0.21676354196919104,0.00081957,1,0.0
336,0.08650376353374235,0.015031774726688535,-1.54e-06,1.1211449964209517,4.787338469101568,-16.39690036166858,1.0052136313683062,14.885877144191845,0.12067054082980143,-30.58965749684082,-1.1573229341274334,-45.63670610984771,0.6295741068180681,23.01068782634618,0.2719344611720337,-0.07479738474074976,0.00015748,0.07479897976851052,0.00081957,1,0.0
337,0.5949204972590493,0.12659686733620015,-1.54e-06,1.1211449964209517,4.787338469101568,-79.14285812886551,1.0052136313683062,-8.830139857161356,0.12067054082980143,-28.616279443990116,-1.1573229341274334,54.50533418030747,0.6295741068180681,78.87893592980492,0.2719344611720337,-0.14214779670851702,0.00015748,0.14190355655388726,0.00081957,1,0.0
338,0.23488286981959283,0.024791239488322552,-1.54e-06,1.1211449964209517,4.787338469101568,-54.30001775942232,1.0052136313683062,21.972925126022538,0.12067054082980143,-88.25759671019217,-1.1573229341274334,-38.85750696282075,0.6295741068180681,70.62653849367503,0.2719344611720337,-0.11076104161444783,0.00015748,0.11060228515371684,0.00081957,1,0.0
339,0.5927972988520078,0.1534334307761643,-1.54e-06,1.1211449964209517,4.787338469101568,69.63741638637102,1.0052136313683062,53.78899892471754,0.12067054082980143,-73.8905006819737,-1.1573229341274334,57.986016784588585,0.6295741068180681,2.1299314245522667,0.2719344611720337,0.3426386316010732,0.00015748,0.9252777036322231,0.00081957,0,0.0
340,0.2494799844751288,0.013157525803244786,-1.54e-06,1.1211449964209517,4.787338469101568,-36.66299509601265,1.0052136313683062,1.962124293903936,0.12067054082980143,-22.115883749962236,-1.1573229341274334,-60.6874869700715,0.6295741068180681,44.84439527862998,0.2719344611720337,-0.03499158694397634,0.00015748,0.03523037373341018,0.00081957,1,0.0
341,0.00041518215889162213,0.05000189254557286,-1.54e-06,1.1211449964209517,4.787338469101568,-17.476973064522106,1.0052136313683062,11.364833367031471,0.12067054082980143,-78.22739638827895,-1.1573229341274334,95.6163891834052,0.6295741068180681,29.59098482691109,0.2719344611720337,-0.01698059492936564,0.00015748,0.10817774030522374,0.00081957,1,0.0
342,0.6021722948375271,0.11210744997350783,-1.54e-06,1.1211449964209517,4.787338469101568,-80.23138200536951,1.0052136313683062,-4.141586085232726,0.12067054082980143,-34.57915206284497,-1.1573229341274334,52.94855792727355,0.6295741068180681,80.23301232053227,0.2719344611720337,-0.13660552454603653,0.00015748,0.13664392924787055,0.00081957,1,0.0
343,0.0008291884512860517,0.0003970147627186302,-1.54e-06,1.1211449964209517,4.787338469101568,-15.982837664060508,1.0052136313683062,3.0207979673166254,0.12067054082980143,-42.70419432809758,-1.1573229341274334,80.24302867538935,0.6295741068180681,17.8583882772472,0.2719344611720337,-0.013032166985311441,0.00015748,0.013045156176218639,0.00081957,1,0.0
344,0.4318727665239286,0.025482122105992065,-1.54e-06,1.1211449964209517,4.787338469101568,-57.43385911884469,1.0052136313683062,3.8715251096373002,0.12067054082980143,-28.503615667078396,-1.1573229341274334,-39.474118294637336,0.6295741068180681,63.405260948960326,0.2719344611720337,-0.03078351663424104,0.00015748,0.030958071128102324,0.00081957,1,0.0
345,0.0019115895549828288,0.026888394945092885,-1.54e-06,1.1211449964209517,4.787338469101568,-16.505021792202466,1.0052136313683062,13.900138696010783,0.12067054082980143,-63.548086261296895,-1.1573229341274334,91.29837978085533,0.6295741068180681,21.20806659062366,0.2719344611720337,-0.04722249691827048,0.00015748,0.07709072758520316,0.00081957,1,0.0
346,-3.8242667527693675e-05,0.1005925952858511,-1.54e-06,1.1211449964209517,4.787338469101568,27.86582411253844,1.0052136313683062,13.10541145989054,0.12067054082980143,-8.711546637127203,-1.1573229341274334,21.559201455358536,0.6295741068180681,-17.104017018119997,0.2719344611720337,0.05520273184281843,0.00015748,0.17301821054118238,0.00081957,0,0.0
347,0.049426252535812676,0.0026276061431578478,-1.54e-06,1.1211449964209517,4.787338469101568,-22.31976771845389,1.0052136313683062,0.5581214022329943,0.12067054082980143,-43.15517127425065,-1.1573229341274334,89.91154421595422,0.6295741068180681,23.7510354636634,0.2719344611720337,-0.021804228559375603,0.00015748,0.02220128878623942,0.00081957,1,0.0
348,0.17988294438391755,0.024629472873841658,-1.54e-06,1.1211449964209517,4.787338469101568,-32.11343344030148,1.0052136313683062,-4.915528613913437,0.12067054082980143,-28.132275021507525,-1.1573229341274334,93.96926787864895,0.6295741068180681,30.194715191701157,0.2719344611720337,-0.07745731219278235,0.00015748,0.07737901015043058,0.00081957,1,0.0
349,0.11381936526360714,0.016512181965617823,-1.54e-06,1.1211449964209517,4.787338469101568,-27.1485741806355,1.0052136313683062,13.390363588444794,0.12067054082980143,-45.769297430150026,-1.1573229341274334,-59.356764758530375,0.6295741068180681,38.64611629579148,0.2719344611720337,-0.08842478430108411,0.00015748,0.08848537795550532,0.00081957,1,0.0
350,0.3437085402090606,0.035601352179731115,-1.54e-06,1.1211449964209517,4.787338469101568,-64.89038581244576,1.0052136313683062,26.170338365633633,0.12067054082980143,-88.0256757866887,-1.1573229341274334,-98.00510849887816,0.6295741068180681,84.56544060900654,0.2719344611720337,-0.13309219034617642,0.00015748,0.13303437829320935,0.00081957,1,0.0
351,0.4761491440566271,0.22259229040009554,-1.54e-06,1.1211449964209517,4.787338469101568,99.73892832090755,1.0052136313683062,66.50397651413687,0.12067054082980143,-28.44052354069283,-1.1573229341274334,37.12967126662972,0.6295741068180681,-43.841707292525626,0.2719344611720337,0.3588208817288585,0.00015748,0.8296878405466186,0.00081957,0,0.0
352,0.4630654662903101,0.14110239912483558,-1.54e-06,1.1211449964209517,4.787338469101568,80.78880122072444,1.0052136313683062,40.844137156309756,0.12067054082980143,-38.513434450909116,-1.1573229341274334,95.97924551689903,0.6295741068180681,-23.509084510452503,0.2719344611720337,0.3667506219753456,0.00015748,0.7830842946266652,0.00081957,0,0.0
353,0.001245336678776826,0.07299274579503282,-1.54e-06,1.1211449964209517,4.787338469101568,-9.27229321985179,1.0052136313683062,21.165890234105657,0.12067054082980143,-73.70937154153795,-1.1573229341274334,74.18193480655314,0.6295741068180681,20.756259789458014,0.2719344611720337,-0.039408295168993523,0.00015748,0.14723690590579927,0.00081957,1,0.0
354,0.3843122763279195,0.014660145503464084,-1.54e-06,1.1211449964209517,4.787338469101568,-63.65450493982793,1.0052136313683062,11.434655036086422,0.12067054082980143,-61.36959672813183,-1.1573229341274334,-52.57443186575823,0.6295741068180681,76.69074922923977,0.2719344611720337,-0.042604658317480025,0.00015748,0.042522301452636115,0.00081957,1,0.0
355,0.0015345265076670556,0.016976795364116386,-1.54e-06,1.1211449964209517,4.787338469101568,-5.009460806666457,1.0052136313683062,11.977802364030214,0.12067054082980143,-21.62588015123792,-1.1573229341274334,-56.8055361780755,0.6295741068180681,11.952789401061414,0.2719344611720337,-0.07897796745765898,0.00015748,0.07963220490222869,0.00081957,1,0.0
356,0.2081005695454541,0.010513229660254773,-1.54e-06,1.1211449964209517,4.787338469101568,-39.36024599836276,1.0052136313683062,14.760477901652576,0.12067054082980143,-52.83448361873727,-1.1573229341274334,-48.404201121984904,0.6295741068180681,50.49172506432628,0.2719344611720337,-0.07144907157633879,0.00015748,0.07167580830931816,0.00081957,1,0.0
357,0.4533546392532962,0.12538028016684077,-1.54e-06,1.1211449964209517,4.787338469101568,100.0,1.0052136313683062,53.84794572809774,0.12067054082980143,-48.87564963971304,-1.1573229341274334,36.010425689140774,0.6295741068180681,-28.295744467094767,0.2719344611720337,0.3360660890141196,0.00015748,0.9763202582679538,0.00081957,0,0.0
358,0.7390290918823786,0.1885628173184216,-1.54e-06,1.1211449964209517,4.787338469101568,78.70838588682719,1.0052136313683062,57.65897621468398,0.12067054082980143,-28.194810491764805,-1.1573229341274334,-90.4540977305361,0.6295741068180681,-3.229155850861304,0.2719344611720337,0.33515297030451235,0.00015748,0.9821053515511562,0.00081957,0,0.0
359,0.009733129247793404,0.11282330006048664,-1.54e-06,1.1211449964209517,4.787338469101568,11.108604361522197,1.0052136313683062,9.643174229324663,0.12067054082980143,-20.712994767555312,-1.1573229341274334,-63.73389324064176,0.6295741068180681,6.956152837118814,0.2719344611720337,-0.05823275157331148,0.00015748,0.22425536200738605,0.00081957,1,0.0
360,0.49379190934670736,0.24434318605499317,-1.54e-06,1.1211449964209517,4.787338469101568,-20.545788630385275,1.0052136313683062,42.78955385013812,0.12067054082980143,-90.77495216575198,-1.1573229341274334,-84.36048379514936,0.6295741068180681,64.32773888285371,0.2719344611720337,0.02355459743932986,0.00015748,0.46425655524327547,0.00081957,0,0.0
361,0.6201206544084796,0.1571538265227906,-1.54e-06,1.1211449964209517,4.787338469101568,64.95722737763985,1.0052136313683062,56.79263359020597,0.12067054082980143,-83.08432264259129,-1.1573229341274334,58.549580931339264,0.6295741068180681,8.363432716021812,0.2719344611720337,0.34116857614414914,0.00015748,0.9342922016456858,0.00081957,0,0.0
362,0.543819816027152,0.038938886336218996,-1.54e-06,1.1211449964209517,4.787338469101568,-71.00756821158993,1.0052136313683062,5.416580507001424,0.12067054082980143,-33.19719416309773,-1.1573229341274334,-56.21707664471219,0.6295741068180681,78.3337852081912,0.2719344611720337,-0.03948098165309449,0.00015748,0.039459427565485476,0.00081957,1,0.0
363,0.21328773234784218,0.029336997220550994,-1.54e-06,1.1211449964209517,4.787338469101568,-31.402228216037212,1.0052136313683062,21.915097789454613,0.12067054082980143,-40.15461921152707,-1.1573229341274334,-82.0276093596369,0.6295741068180681,40.713013279082595,0.2719344611720337,-0.10316035511396951,0.00015748,0.10292221866231352,0.00081957,1,0.0
364,0.3300092585513813,0.028084397460157902,-1.54e-06,1.1211449964209517,4.787338469101568,-43.263510868262834,1.0052136313683062,-1.5790536755955955,0.12067054082980143,-17.203241763378465,-1.1573229341274334,9.627952911587657,0.6295741068180681,44.40529527832727,0.2719344611720337,-0.061028680150569406,0.00015748,0.06102126726865287,0.00081957,1,0.0
365,0.7624936553674131,0.19257129807345513,-1.54e-06,1.1211449964209517,4.787338469101568,71.49073550132319,1.0052136313683062,58.55272851829508,0.12067054082980143,-40.22822716723272,-1.1573229341274334,-75.506155069534,0.6295741068180681,4.959573982436468,0.2719344611720337,0.3355827182166355,0.00015748,0.9806870474564013,0.00081957,0,0.0
366,0.18387842271832341,0.008665400175298103,-1.54e-06,1.1211449964209517,4.787338469101568,-26.940178104138642,1.0052136313683062,-0.08766108526435859,0.12067054082980143,-17.48755650259285,-1.1573229341274334,19.681810587900582,0.6295741068180681,27.91256601748659,0.2719344611720337,-0.03480298067669479,0.00015748,0.034813876322449054,0.00081957,1,0.0
367,0.01880568266425728,0.058054404733699216,-1.54e-06,1.1211449964209517,4.787338469101568,-17.85629928758889,1.0052136313683062,24.074979614766256,0.12067054082980143,-58.690482407930155,-1.1573229341274334,-77.15516454318593,0.6295741068180681,31.845412263018677,0.2719344611720337,-0.14906830519252406,0.00015748,0.1494866302536233,0.00081957,1,0.0
368,0.34045638436286496,0.18804390400907636,-1.54e-06,1.1211449964209517,4.787338469101568,-0.925567450424623,1.0052136313683062,20.077040468509015,0.12067054082980143,-59.126755905929414,-1.1573229341274334,35.78565866569397,0.6295741068180681,32.57950082373686,0.2719344611720337,0.11264040709576291,0.00015748,0.3565317504261678,0.00081957,0,0.0
369,0.39921986294087386,0.013849198258575494,-1.54e-06,1.1211449964209517,4.787338469101568,-66.84334538079713,1.0052136313683062,15.97715031865049,0.12067054082980143,-70.22049449441828,-1.1573229341274334,-49.659993222030835,0.6295741068180681,80.38277829047185,0.2719344611720337,-0.05736916358614007,0.00015748,0.057410783093575696,0.00081957,1,0.0
370,0.0917685047967775,0.023278817108630546,-1.54e-06,1.1211449964209517,4.787338469101568,-39.20183813135878,1.0052136313683062,20.708785730419088,0.12067054082980143,-90.27752111821913,-1.1573229341274334,26.10803363638483,0.6295741068180681,51.60696347405833,0.2719344611720337,-0.10069678349998912,0.00015748,0.10113284388889646,0.00081957,1,0.0
371,0.5849510924659534,0.2778404327850128,-1.54e-06,1.1211449964209517,4.787338469101568,-6.273627346037732,1.0052136313683062,48.111951361391085,0.12067054082980143,-87.79020208728494,-1.1573229341274334,-81.94365933847162,0.6295741068180681,58.43110903406895,0.2719344611720337,0.09120474330949935,0.00015748,0.5800359618488933,0.00081957,0,0.0
372,0.041219820313297115,0.00950245021406664,-1.54e-06,1.1211449964209517,4.787338469101568,-1.8046327778937963,1.0052136313683062,9.727258382697606,0.12067054082980143,-1.7306242540996017,-1.1573229341274334,-71.07248240277237,0.6295741068180681,5.71190176074873,0.2719344611720337,-0.05631975612520816,0.00015748,0.056261323412962805,0.00081957,1,0.0
373,0.8783829450168246,0.21867670983148688,-1.54e-06,1.1211449964209517,4.787338469101568,28.030480852399574,1.0052136313683062,60.98331553174696,0.12067054082980143,-99.97525578808549,-1.1573229341274334,20.90769123516275,0.6295741068180681,47.720765664020824,0.2719344611720337,0.34611498153608833,0.00015748,0.8990795109833928,0.00081957,0,0.0
374,0.4468363931940096,0.05638106534703592,-1.54e-06,1.1211449964209517,4.787338469101568,-57.016090278299224,1.0052136313683062,-5.821565370290292,0.12067054082980143,-11.384992206177614,-1.1573229341274334,-66.12470372827721,0.6295741068180681,63.68826186765756,0.2719344611720337,-0.05838508357883345,0.00015748,0.056512133834942184,0.00081957,1,0.0
375,0.0002752217780453113,0.0028840672314290354,-1.54e-06,1.1211449964209517,4.787338469101568,-6.336697538841435,1.0052136313683062,-2.768909350491405,0.12067054082980143,-14.234361288810996,-1.1573229341274334,66.33589925085197,0.6295741068180681,4.434924093308784,0.2719344611720337,-0.03277003676876203,0.00015748,0.03302622662591222,0.00081957,1,0.0
376,0.30723447297546475,0.033225376653113384,-1.54e-06,1.1211449964209517,4.787338469101568,-45.27434367699105,1.0052136313683062,-3.2628854235741933,0.12067054082980143,-27.21693813408186,-1.1573229341274334,50.34677424310274,0.6295741068180681,45.70741683911018,0.2719344611720337,-0.07321298470542084,0.00015748,0.07348558812725675,0.00081957,1,0.0
377,0.0007078527336010516,0.0020464068786014227,-1.54e-06,1.1211449964209517,4.787338469101568,-14.726097966503207,1.0052136313683062,0.6675819842642057,0.12067054082980143,-38.34282653919792,-1.1573229341274334,98.86798530484069,0.6295741068180681,14.592921130505944,0.2719344611720337,-0.02732098622582979,0.00015748,0.027928682886909854,0.00081957,1,0.0
378,0.18874689555711596,0.004512363488559947,-1.54e-06,1.1211449964209517,4.787338469101568,-51.225924458292305,1.0052136313683062,8.841505215859582,0.12067054082980143,-83.70142204095002,-1.1573229341274334,85.87105734965388,0.6295741068180681,59.16137340447171,0.2719344611720337,-0.0238067439415244,0.00015748,0.02392243463470311,0.00081957,1,0.0
379,0.4201625127915607,0.16936587915950835,-1.54e-06,1.1211449964209517,4.787338469101568,-18.037186700253365,1.0052136313683062,32.23838081099089,0.12067054082980143,-57.808629428889425,-1.1573229341274334,-42.9428019499702,0.6295741068180681,44.919900134888586,0.2719344611720337,0.04995947700932707,0.00015748,0.2930088199516672,0.00081957,0,0.0
380,0.43342319239600874,0.126777693256242,-1.54e-06,1.1211449964209517,4.787338469101568,99.9623559877376,1.0052136313683062,50.49451845533354,0.12067054082980143,-35.746626585832736,-1.1573229341274334,40.270850785965365,0.6295741068180681,-34.302575091505105,0.2719344611720337,0.344892235022593,0.00015748,0.9079430431582227,0.00081957,0,0.0
381,0.2622781280361017,0.00970555742249958,-1.54e-06,1.1211449964209517,4.787338469101568,-47.591068009110685,1.0052136313683062,5.837448849355677,0.12067054082980143,-52.671229540893336,-1.1573229341274334,40.74707267940571,0.6295741068180681,52.67145340516208,0.2719344611720337,-0.030085892849290648,0.00015748,0.030133395148992236,0.00081957,1,0.0
382,0.001845191015868173,0.0015330164283734909,-1.54e-06,1.1211449964209517,4.787338469101568,-4.453358379591429,1.0052136313683062,-0.1611774215086418,0.12067054082980143,-11.620927311237036,-1.1573229341274334,46.80222314209924,0.6295741068180681,3.000367210763552,0.2719344611720337,-0.02466434237801758,0.00015748,0.02483268793902068,0.00081957,1,0.0
383,0.03525116610100596,0.005467381836703083,-1.54e-06,1.1211449964209517,4.787338469101568,-4.566666580685875,1.0052136313683062,4.940893767801357,0.12067054082980143,-4.369309980840979,-1.1573229341274334,-62.89252561645959,0.6295741068180681,9.634135511877279,0.2719344611720337,-0.0495242911306634,0.00015748,0.049651196194146145,0.00081957,1,0.0
384,0.15185249717854324,0.004589733526457933,-1.54e-06,1.1211449964209517,4.787338469101568,-33.97385460273327,1.0052136313683062,3.6650067415813443,0.12067054082980143,-46.91847563048597,-1.1573229341274334,61.394471552271504,0.6295741068180681,37.23807489006741,0.2719344611720337,-0.024165567865687278,0.00015748,0.02403818851470528,0.00081957,1,0.0
385,0.7320450871778271,0.18796653942032823,-1.54e-06,1.1211449964209517,4.787338469101568,57.90989026587561,1.0052136313683062,54.364793464358485,0.12067054082980143,-58.87024865153327,-1.1573229341274334,-2.0668360213397596,0.6295741068180681,13.074891523175092,0.2719344611720337,0.34681862175118305,0.00015748,0.8961682854173054,0.00081957,0,0.0
386,0.0003370220195025031,0.075600567418556,-1.54e-06,1.1211449964209517,4.787338469101568,8.219067202047983,1.0052136313683062,18.247109673620603,0.12067054082980143,-21.89000576523271,-1.1573229341274334,-66.17457158429198,0.6295741068180681,3.852675219347474,0.2719344611720337,-0.06568821295909688,0.00015748,0.16120640857765067,0.00081957,1,0.0
387,0.20054825851968183,0.010662536357214585,-1.54e-06,1.1211449964209517,4.787338469101568,-34.922570856388646,1.0052136313683062,13.668932498737341,0.12067054082980143,-42.48635812068757,-1.1573229341274334,-68.65731073219732,0.6295741068180681,45.80698621631592,0.2719344611720337,-0.07243590026296755,0.00015748,0.07251662827898851,0.00081957,1,0.0
388,0.003519605454195468,0.10957867824114156,-1.54e-06,1.1211449964209517,4.787338469101568,31.39581423749992,1.0052136313683062,15.794194577440646,0.12067054082980143,-3.647255413180305,-1.1573229341274334,-4.507512780983175,0.6295741068180681,-19.71341048674548,0.2719344611720337,0.043304945537745984,0.00015748,0.19276209252561854,0.00081957,0,0.0
389,0.39835211240272944,0.15065097232020586,-1.54e-06,1.1211449964209517,4.787338469101568,-11.106053891324224,1.0052136313683062,13.86117074959548,0.12067054082980143,-18.974204629598724,-1.1573229341274334,29.06151936855566,0.6295741068180681,24.66897086720661,0.2719344611720337,0.12206599258507793,0.00015748,0.17349997283716506,0.00081957,0,0.0
390,0.19494923314671425,0.16260986431817584,-1.54e-06,1.1211449964209517,4.787338469101568,35.41469339642611,1.0052136313683062,16.49046506081493,0.12067054082980143,-12.722422975147897,-1.1573229341274334,62.525152766803096,0.6295741068180681,-14.045921225253494,0.2719344611720337,0.18091729117798822,0.00015748,0.3004631426969894,0.00081957,0,0.0
391,-4.4201092961881905e-05,0.07127532637238417,-1.54e-06,1.1211449964209517,4.787338469101568,15.690767475738003,1.0052136313683062,13.782934760961593,0.12067054082980143,-11.337248014451111,-1.1573229341274334,-10.39559374722431,0.6295741068180681,-7.715850808487021,0.2719344611720337,-0.0008656725693468453,0.00015748,0.13079197226850842,0.00081957,1,0.0
392,0.0038583915987059694,0.0001132712285877546,-1.54e-06,1.1211449964209517,4.787338469101568,-7.8757676768783345,1.0052136313683062,1.6084877788712162,0.12067054082980143,-19.963062832145866,-1.1573229341274334,31.412833710812762,0.6295741068180681,9.217035017484655,0.2719344611720337,-0.004865050136648721,0.00015748,0.0048491836960336526,0.00081957,1,0.0
393,0.8020869688060119,0.21417351620226077,-1.54e-06,1.1211449964209517,4.787338469101568,47.331054326922775,1.0052136313683062,49.41596521125507,0.12067054082980143,-43.51422798914434,-1.1573229341274334,-16.27602285773769,0.6295741068180681,18.050233039430754,0.2719344611720337,0.36062608177950095,0.00015748,0.8153784755701706,0.00081957,0,0.0
394,0.4004724826529215,0.0258475754709849,-1.54e-06,1.1211449964209517,4.787338469101568,-62.85810928791562,1.0052136313683062,3.6889456688513316,0.12067054082980143,-50.515561151391616,-1.1573229341274334,17.174760976361334,0.6295741068180681,69.10428053210202,0.2719344611720337,-0.03667437665722699,0.00015748,0.03671428286744606,0.00081957,1,0.0
395,0.17212733502745375,0.04657751803293231,-1.54e-06,1.1211449964209517,4.787338469101568,-26.19660912255465,1.0052136313683062,-13.74131784191711,0.12067054082980143,-6.549351976159998,-1.1573229341274334,81.62541246874174,0.6295741068180681,22.820607818211794,0.2719344611720337,-0.10156905248549511,0.00015748,0.10258762833915752,0.00081957,1,0.0
396,0.6861126419318885,0.19594748183320115,-1.54e-06,1.1211449964209517,4.787338469101568,-51.42039317945508,1.0052136313683062,10.879343577372936,0.12067054082980143,-23.915525853717224,-1.1573229341274334,-4.438044389305592,0.6295741068180681,64.74475453394422,0.2719344611720337,0.061315327039166444,0.00015748,0.1845189111290073,0.00081957,0,0.0
397,0.5233442481011079,0.14786899541255583,-1.54e-06,1.1211449964209517,4.787338469101568,74.27932760077888,1.0052136313683062,46.353162057629646,0.12067054082980143,-51.243577515551905,-1.1573229341274334,79.03472556028458,0.6295741068180681,-12.614335066472632,0.2719344611720337,0.35956848786627593,0.00015748,0.8197016546280271,0.00081957,0,0.0
398,-6.757234875703899e-05,0.03802757855165411,-1.54e-06,1.1211449964209517,4.787338469101568,0.9466180956334215,1.0052136313683062,14.198131418306897,0.12067054082980143,-23.71959659730726,-1.1573229341274334,-7.589303360205286,0.6295741068180681,4.130341951860658,0.2719344611720337,-0.04829700734743674,0.00015748,0.09084647797367543,0.00081957,1,0.0
399,0.5014281903137179,0.04550272513886573,-1.54e-06,1.1211449964209517,4.787338469101568,-73.23460762759849,1.0052136313683062,3.134984233005471,0.12067054082980143,-48.93793197741205,-1.1573229341274334,13.531092635484692,0.6295741068180681,78.84900900689173,0.2719344611720337,-0.06140129342983155,0.00015748,0.061142059772272,0.00081957,1,0.0
400,0.6927546355647582,2.793387742934633,-1.54e-06,2.1555968919717063,3.134572259162862,-47.84309535681771,1.0052136313683062,29.24124081922401,0.12067054082980143,-55.45137456541383,-1.1573229341274334,-58.39598967548869,0.6295741068180681,45.26107619407577,0.2719344611720337,-1.0351650296345745,0.00015748,0.7784240323738704,0.00081957,1,0.0
401,0.21687007429510513,0.054819865125260575,-1.54e-06,2.1555968919717063,3.134572259162862,-62.715848478260774,1.0052136313683062,-4.001596548926619,0.12067054082980143,-33.59345758531945,-1.1573229341274334,56.267034803888585,0.6295741068180681,49.791373324355455,0.2719344611720337,-0.11268660801588523,0.00015748,0.11531832402272416,0.00081957,1,0.0
402,0.5784971613948572,0.06607834283852734,-1.54e-06,2.1555968919717063,3.134572259162862,-40.30426080954324,1.0052136313683062,7.5813361469035065,0.12067054082980143,-54.203375881302186,-1.1573229341274334,-3.4940724675375576,0.6295741068180681,62.60166392651387,0.2719344611720337,-0.14331166849878846,0.00015748,0.14394447370898306,0.00081957,1,0.0
403,0.12120828522093063,0.19894534705323097,-1.54e-06,2.1555968919717063,3.134572259162862,79.67850871013604,1.0052136313683062,7.400243655629877,0.12067054082980143,-51.40617995241439,-1.1573229341274334,60.54209661078243,0.6295741068180681,-14.172628934526719,0.2719344611720337,0.34616770480926595,0.00015748,0.9230168765765825,0.00081957,0,0.0
404,0.0020272948754700426,0.1006570402878296,-1.54e-06,2.1555968919717063,3.134572259162862,62.8135082606444,1.0052136313683062,10.931268853258768,0.12067054082980143,-66.96612132916242,-1.1573229341274334,62.36069182677612,0.6295741068180681,-4.618240407487331,0.2719344611720337,0.3680438171309859,0.00015748,0.5982255845150862,0.00081957,0,0.0
405,0.001301881214381878,0.1766214946409681,-1.54e-06,2.1555968919717063,3.134572259162862,-4.595528476001594,1.0052136313683062,3.1530093542777666,0.12067054082980143,-54.18211724003633,-1.1573229341274334,75.37915451577322,0.6295741068180681,21.154475092770372,0.2719344611720337,0.10159999130475209,0.00015748,0.3656465302295945,0.00081957,0,0.0
406,1.6693527476522387,1.5475706122138269,-1.54e-06,2.1555968919717063,3.134572259162862,52.62721553065415,1.0052136313683062,10.822628067379936,0.12067054082980143,-66.00185792207152,-1.1573229341274334,-41.17384677753819,0.6295741068180681,68.6699791485728,0.2719344611720337,0.2754746507738154,0.00015748,1.3019036208749393,0.00081957,0,0.0
407,-0.3234634042796851,2.376099579325963,-1.54e-06,2.1555968919717063,3.134572259162862,0.41728046386370615,1.0052136313683062,17.616085191456644,0.12067054082980143,-28.806908444155088,-1.1573229341274334,30.85217300127011,0.6295741068180681,-24.185341682382838,0.2719344611720337,-0.7241932911532234,0.00015748,0.7524257547587578,0.00081957,1,0.0
408,0.024189942296426126,0.0592125248578807,-1.54e-06,2.1555968919717063,3.134572259162862,77.84076761377435,1.0052136313683062,13.97129362052157,0.12067054082980143,-71.18481176376771,-1.1573229341274334,50.24610542329903,0.6295741068180681,-8.5640932272654,0.2719344611720337,0.4455286755630436,0.00015748,0.5692276570976528,0.00081957,0,0.0
409,0.3245930584405622,0.12186690478162336,-1.54e-06,2.1555968919717063,3.134572259162862,-75.85338294942335,1.0052136313683062,5.36038263901371,0.12067054082980143,-64.82253674541305,-1.1573229341274334,62.27466004017874,0.6295741068180681,65.1694908848693,0.2719344611720337,-0.21778783130606785,0.00015748,0.21550111030651511,0.00081957,1,0.0
410,0.5363724372684049,2.0971750148176946,-1.54e-06,2.1555968919717063,3.134572259162862,-38.16489098559071,1.0052136313683062,30.068230098460162,0.12067054082980143,-86.03275977610974,-1.1573229341274334,-13.034401962831296,0.6295741068180681,49.42495330813348,0.2719344611720337,-0.8504456500119543,0.00015748,0.8204169666229465,0.00081957,1,0.0
411,0.008957198096638752,0.06625843999772234,-1.54e-06,2.1555968919717063,3.134572259162862,98.07243793000096,1.0052136313683062,13.166877827876933,0.12067054082980143,-46.273593755040515,-1.1573229341274334,21.59575574767396,0.6295741068180681,-28.37687298400634,0.2719344611720337,0.44217588908970507,0.00015748,0.574894729047542,0.00081957,0,0.0
412,0.24027285822757616,0.21744846927542508,-1.54e-06,2.1555968919717063,3.134572259162862,73.57113960331284,1.0052136313683062,11.985607957074905,0.12067054082980143,-2.0245303185217165,-1.1573229341274334,-83.50429150787157,0.6295741068180681,-19.821142291867837,0.2719344611720337,-0.15524314849548904,0.00015748,0.3528524866122422,0.00081957,1,0.0
413,0.3534244883044728,0.21289106840288047,-1.54e-06,2.1555968919717063,3.134572259162862,38.66919975953834,1.0052136313683062,14.312797071410438,0.12067054082980143,-58.50659430026655,-1.1573229341274334,-16.25689878718794,0.6295741068180681,21.383819441606157,0.2719344611720337,0.014958264278755046,0.00015748,0.38847819108806825,0.00081957,0,0.0
414,0.6792166430061277,0.14511370425948839,-1.54e-06,2.1555968919717063,3.134572259162862,-20.914967248536584,1.0052136313683062,11.177033352412304,0.12067054082980143,-52.34046644877421,-1.1573229341274334,-36.3157132392902,0.6295741068180681,58.42568400897512,0.2719344611720337,-0.2420182095048816,0.00015748,0.2422481209739785,0.00081957,1,0.0
415,0.4945942487400807,0.13506929836906753,-1.54e-06,2.1555968919717063,3.134572259162862,4.037620849919188,1.0052136313683062,10.566327866672362,0.12067054082980143,-35.92230965215084,-1.1573229341274334,-47.56023289263086,0.6295741068180681,34.5623954934912,0.2719344611720337,-0.24993032107979038,0.00015748,0.24986037279704484,0.00081957,1,0.0
416,0.759636138313021,0.39655319622293583,-1.54e-06,2.1555968919717063,3.134572259162862,37.37633861734518,1.0052136313683062,12.57993736262591,0.12067054082980143,-89.98267832189596,-1.1573229341274334,30.565659699983442,0.6295741068180681,49.06858150897843,0.2719344611720337,0.33677493821548965,0.00015748,0.7656969380144178,0.00081957,0,0.0
417,0.19304528184100542,0.013556152257914778,-1.54e-06,2.1555968919717063,3.134572259162862,-59.3833389563278,1.0052136313683062,1.6351245896103292,0.12067054082980143,-68.34339532139586,-1.1573229341274334,67.83004685465835,0.6295741068180681,63.58276977207903,0.2719344611720337,-0.01993959424218145,0.00015748,0.021146490743198774,0.00081957,1,0.0
418,0.7299255857864223,0.11492410336254288,-1.54e-06,2.1555968919717063,3.134572259162862,-57.57281703749919,1.0052136313683062,10.592913799103522,0.12067054082980143,-83.92661887539826,-1.1573229341274334,8.742789836206127,0.6295741068180681,89.14030867872023,0.2719344611720337,-0.20124456300810994,0.00015748,0.20208324272129669,0.00081957,1,0.0
419,0.919696960116609,0.3338197374227508,-1.54e-06,2.1555968919717063,3.134572259162862,-84.06818474373702,1.0052136313683062,8.508132921332912,0.12067054082980143,-40.405482515628655,-1.1573229341274334,-9.494763185602608,0.6295741068180681,76.64090977459462,0.2719344611720337,-0.28216567957662453,0.00015748,0.27207157654183645,0.00081957,1,0.0
420,0.15071788657874263,0.07586923417390733,-1.54e-06,2.1555968919717063,3.134572259162862,72.58568970708001,1.0052136313683062,15.684850222953216,0.12067054082980143,-78.30128142293535,-1.1573229341274334,42.26578505850324,0.6295741068180681,1.6387417843412506,0.2719344611720337,0.47854591065311425,0.00015748,0.5217097041983736,0.00081957,0,0.0
421,0.4938782743155985,0.14123038225450685,-1.54e-06,2.1555968919717063,3.134572259162862,99.53719417959364,1.0052136313683062,24.026190235097985,0.12067054082980143,-92.1939926972174,-1.1573229341274334,-9.850098253801793,0.6295741068180681,10.432474739241334,0.2719344611720337,0.3849059579543077,0.00015748,0.711342750514294,0.00081957,0,0.0
422,0.37549120644284734,0.13008194495989372,-1.54e-06,2.1555968919717063,3.134572259162862,21.960715495853655,1.0052136313683062,10.417213952868813,0.12067054082980143,-20.794391227348292,-1.1573229341274334,-58.80773885756927,0.6295741068180681,15.322398148475976,0.2719344611720337,-0.24477989680863002,0.00015748,0.248172591430771,0.00081957,1,0.0
423,1.255291734083229,0.5758208823415601,-1.54e-06,2.1555968919717063,3.134572259162862,29.85963778004456,1.0052136313683062,19.21681108168664,0.12067054082980143,-82.10002250052162,-1.1573229341274334,-51.664428562162215,0.6295741068180681,67.9733005508747,0.2719344611720337,0.19598692063383144,0.00015748,0.6442330379788881,0.00081957,0,0.0
424,0.007230662474269622,0.12337938266590706,-1.54e-06,2.1555968919717063,3.134572259162862,27.502298827252865,1.0052136313683062,9.0207337131027,0.12067054082980143,-50.41519866338173,-1.1573229341274334,18.286665094396927,0.6295741068180681,10.449112351655009,0.2719344611720337,0.025769695659675934,0.00015748,0.24630103080845003,0.00081957,0,0.0
425,2.434807259299454e-05,0.06865397519344545,-1.54e-06,2.1555968919717063,3.134572259162862,75.58460744269945,1.0052136313683062,13.105891423827089,0.12067054082980143,-70.04627634699561,-1.1573229341274334,59.85477272671238,0.6295741068180681,-10.252549779551517,0.2719344611720337,0.4225712677631041,0.00015748,0.6402775942329734,0.00081957,0,0.0
426,4.207180129917054e-05,0.19265354841915425,-1.54e-06,2.1555968919717063,3.134572259162862,67.05627675705864,1.0052136313683062,6.119012511176473,0.12067054082980143,-18.540895586965153,-1.1573229341274334,25.039766117933937,0.6295741068180681,-27.982946426385688,0.2719344611720337,0.24838909408721246,0.00015748,0.5831417422356664,0.00081957,0,0.0
427,0.26270192162619743,0.046473785717075125,-1.54e-06,2.1555968919717063,3.134572259162862,-7.012992913883052,1.0052136313683062,6.638144726016396,0.12067054082980143,-36.765828467316005,-1.1573229341274334,-8.659879187223835,0.6295741068180681,30.32106626570875,0.2719344611720337,-0.14869713044820748,0.00015748,0.14997199730449767,0.00081957,1,0.0
428,-0.13625795417911346,1.2088841165982935,-1.54e-06,2.1555968919717063,3.134572259162862,71.79069259580244,1.0052136313683062,12.672530148311393,0.12067054082980143,-0.18415206349306684,-1.1573229341274334,29.24897679538788,0.6295741068180681,-61.33653517141394,0.2719344611720337,-0.05938297587920838,0.00015748,1.0118150562570538,0.00081957,1,0.0
429,0.7591409240682822,0.3392887255576714,-1.54e-06,2.1555968919717063,3.134572259162862,44.85133831736258,1.0052136313683062,20.587917410459962,0.12067054082980143,-81.55548798814074,-1.1573229341274334,-32.35206842226457,0.6295741068180681,41.52229167324588,0.2719344611720337,0.11308074057596454,0.00015748,0.5566570869502613,0.00081957,0,0.0
430,0.24661846453448333,0.08997600766780413,-1.54e-06,2.1555968919717063,3.134572259162862,77.71261925972141,1.0052136313683062,17.597900160708928,0.12067054082980143,-80.27659146417889,-1.1573229341274334,26.62490461694326,0.6295741068180681,4.471972253719194,0.2719344611720337,0.46740170831564004,0.00015748,0.5325184285380191,0.00081957,0,0.0
431,0.8163863992315743,0.08869178843441133,-1.54e-06,2.1555968919717063,3.134572259162862,-81.21151267590123,1.0052136313683062,6.405307341890034,0.12067054082980143,-71.42646544397314,-1.1573229341274334,18.713454467216955,0.6295741068180681,94.92433275785874,0.2719344611720337,-0.0924402595351879,0.00015748,0.09135407836986313,0.00081957,1,0.0
432,0.4575351547611435,0.13150189930788433,-1.54e-06,2.1555968919717063,3.134572259162862,88.59456104273497,1.0052136313683062,22.323477179852986,0.12067054082980143,-92.01952578052006,-1.1573229341274334,1.9756909259233726,0.6295741068180681,13.484390077572707,0.2719344611720337,0.4007708633498305,0.00015748,0.6596460108765018,0.00081957,0,0.0
433,0.590404221061938,0.04808588498609391,-1.54e-06,2.1555968919717063,3.134572259162862,-73.28344677456417,1.0052136313683062,2.548657835928137,0.12067054082980143,-57.42346783300623,-1.1573229341274334,32.174653015904745,0.6295741068180681,77.82322849844941,0.2719344611720337,-0.016403900163671298,0.00015748,0.017651516096156283,0.00081957,1,0.0
434,0.7776270110116114,0.6885925089606284,-1.54e-06,2.1555968919717063,3.134572259162862,70.8598926480078,1.0052136313683062,10.009366246430302,0.12067054082980143,-89.3750756930083,-1.1573229341274334,43.62897409960356,0.6295741068180681,37.28204236047248,0.2719344611720337,0.32642830912718834,0.00015748,1.203428594392252,0.00081957,0,0.0
435,0.6895868611467502,0.35907858714813556,-1.54e-06,2.1555968919717063,3.134572259162862,54.81576851852603,1.0052136313683062,19.24511701061302,0.12067054082980143,-55.74263072300202,-1.1573229341274334,-63.740851877217345,0.6295741068180681,25.211134869018792,0.2719344611720337,-0.02629068436627735,0.00015748,0.5191198582878278,0.00081957,1,0.0
436,0.0003990064250518621,0.22059102747804482,-1.54e-06,2.1555968919717063,3.134572259162862,-1.538736156437806,1.0052136313683062,3.9583547456136885,0.12067054082980143,-61.67069515881435,-1.1573229341274334,90.58362623620854,0.6295741068180681,20.703457231716055,0.2719344611720337,0.12012543839991083,0.00015748,0.497057665294256,0.00081957,0,0.0
437,0.33615187485394704,0.11052345894320624,-1.54e-06,2.1555968919717063,3.134572259162862,77.07214456802504,1.0052136313683062,18.633358043459705,0.12067054082980143,-80.295331772347,-1.1573229341274334,17.51132051341642,0.6295741068180681,7.580731531038422,0.2719344611720337,0.4591998492288197,0.00015748,0.5484395108849943,0.00081957,0,0.0
438,0.05201756919543771,0.1371919951618957,-1.54e-06,2.1555968919717063,3.134572259162862,30.300178042276173,1.0052136313683062,6.770034570120458,0.12067054082980143,-42.125039325128725,-1.1573229341274334,15.907563882601554,0.6295741068180681,8.29455462838367,0.2719344611720337,0.07455280295854086,0.00015748,0.26457820563285095,0.00081957,0,0.0
439,0.13385993572212346,0.006741193518708513,-1.54e-06,2.1555968919717063,3.134572259162862,2.6029404992912473,1.0052136313683062,1.9917159995165714,0.12067054082980143,-2.1459398687807085,-1.1573229341274334,-17.23817173380914,0.6295741068180681,5.1971699094057096,0.2719344611720337,-0.04967659529989403,0.00015748,0.05019078419197297,0.00081957,1,0.0
440,0.5768322300636136,0.25853715353295675,-1.54e-06,2.1555968919717063,3.134572259162862,-1.28559237686594,1.0052136313683062,15.522365505276216,0.12067054082980143,-71.73713606464885,-1.1573229341274334,-35.68240864256946,0.6295741068180681,56.40914215965043,0.2719344611720337,-0.3368948882420054,0.00015748,0.35805716633113194,0.00081957,1,0.0
441,0.18863060198727954,0.16735329809873734,-1.54e-06,2.1555968919717063,3.134572259162862,30.355252894100143,1.0052136313683062,11.82375922381151,0.12067054082980143,-54.78504571681861,-1.1573229341274334,-4.2867980776332,0.6295741068180681,18.569720200333773,0.2719344611720337,-0.04873633472871572,0.00015748,0.316620936941726,0.00081957,1,0.0
442,0.6277500119889051,0.20714860571314603,-1.54e-06,2.1555968919717063,3.134572259162862,-21.341535358242325,1.0052136313683062,13.916035144922573,0.12067054082980143,-80.36940548361902,-1.1573229341274334,-16.78097733091699,0.6295741068180681,70.4546262790688,0.2719344611720337,-0.29428987716807475,0.00015748,0.3138832847040699,0.00081957,1,0.0
443,0.8803121721761752,0.19938817341647833,-1.54e-06,2.1555968919717063,3.134572259162862,-24.60610776735627,1.0052136313683062,12.07061561282727,0.12067054082980143,-48.4585015802214,-1.1573229341274334,-56.88263863316399,0.6295741068180681,65.60632603773014,0.2719344611720337,-0.2622854959959106,0.00015748,0.2631123055769466,0.00081957,1,0.0
444,0.8720821395668341,0.41991169441574727,-1.54e-06,2.1555968919717063,3.134572259162862,35.94326699156383,1.0052136313683062,23.086053914194327,0.12067054082980143,-94.44614202843916,-1.1573229341274334,-38.51352776071689,0.6295741068180681,55.68810261914415,0.2719344611720337,0.009630504946089802,0.00015748,0.5943906325799104,0.00081957,0,0.0
445,0.5222654027557185,0.03221862079522759,-1.54e-06,2.1555968919717063,3.134572259162862,-84.04923478617754,1.0052136313683062,4.029549762921521,0.12067054082980143,-78.24110643305653,-1.1573229341274334,58.162746748355886,0.6295741068180681,87.96548589228672,0.2719344611720337,-0.05125016452599533,0.00015748,0.051404500651425586,0.00081957,1,0.0
446,0.12213300447723285,0.49664470588473175,-1.54e-06,2.1555968919717063,3.134572259162862,-45.421339572490254,1.0052136313683062,-9.243725684796326,0.12067054082980143,-34.33234751264173,-1.1573229341274334,87.18012229233682,0.6295741068180681,42.52364045673402,0.2719344611720337,-0.18846595927458715,0.00015748,0.49642540220643977,0.00081957,1,0.0
447,0.6894527240453245,0.2649093901821676,-1.54e-06,2.1555968919717063,3.134572259162862,-89.09332252748322,1.0052136313683062,-8.356688811003771,0.12067054082980143,-10.739116529172994,-1.1573229341274334,23.301824865565354,0.6295741068180681,69.56267522559894,0.2719344611720337,-0.21725582817659425,0.00015748,0.21691828030865798,0.00081957,1,0.0
448,0.2645856489737957,0.031193699327826476,-1.54e-06,2.1555968919717063,3.134572259162862,8.21749594306126,1.0052136313683062,4.761667837110027,0.12067054082980143,-4.475480938792335,-1.1573229341274334,-37.70922177884925,0.6295741068180681,8.772089992113234,0.2719344611720337,-0.1124236916970043,0.00015748,0.11264133397183464,0.00081957,1,0.0
449,0.46260632971849147,0.04234574422828757,-1.54e-06,2.1555968919717063,3.134572259162862,-40.695116887238555,1.0052136313683062,6.249473383956433,0.12067054082980143,-55.64829331714688,-1.1573229341274334,11.073419084128624,0.6295741068180681,59.51722764530089,0.2719344611720337,-0.11782399275850412,0.00015748,0.11769626881953148,0.00081957,1,0.0
450,0.06604663107412434,1.1959234278574349,-1.54e-06,2.1555968919717063,3.134572259162862,12.01192944334333,1.0052136313683062,26.35883522165155,0.12067054082980143,-80.20781333094854,-1.1573229341274334,-4.984847882840616,0.6295741068180681,17.78015339071082,0.2719344611720337,-0.6398665854105222,0.00015748,0.6384628482270894,0.00081957,1,0.0
451,0.41176964971126706,0.13653888648309084,-1.54e-06,2.1555968919717063,3.134572259162862,84.055909308869,1.0052136313683062,19.74681886783676,0.12067054082980143,-74.41695494579206,-1.1573229341274334,-0.772436345488626,0.6295741068180681,4.797294729736629,0.2719344611720337,0.43229263312212696,0.00015748,0.5772334953277741,0.00081957,0,0.0
452,1.349743239143979,0.3188631338770069,-1.54e-06,2.1555968919717063,3.134572259162862,-53.37180993371364,1.0052136313683062,11.608482862157967,0.12067054082980143,-39.88218913562345,-1.1573229341274334,-83.58727095748151,0.6295741068180681,89.44100924915023,0.2719344611720337,-0.2257912859118437,0.00015748,0.2301716441609278,0.00081957,1,0.0
453,0.4190008446394697,0.022239081179514564,-1.54e-06,2.1555968919717063,3.134572259162862,-51.64286879091416,1.0052136313683062,3.1013540040636713,0.12067054082980143,-47.87787641150686,-1.1573229341274334,24.862254518132772,0.6295741068180681,58.150979068443924,0.2719344611720337,-0.037687673178810874,0.00015748,0.03867854428584043,0.00081957,1,0.0
454,0.5199770638085561,0.08849552259972654,-1.54e-06,2.1555968919717063,3.134572259162862,-22.905008761114864,1.0052136313683062,6.87987072973889,0.12067054082980143,-45.95136779611643,-1.1573229341274334,-16.41732392728716,0.6295741068180681,52.24317114303798,0.2719344611720337,-0.18036157440803055,0.00015748,0.1820240598341649,0.00081957,1,0.0
455,0.7357094896395756,0.6452887389574536,-1.54e-06,2.1555968919717063,3.134572259162862,-80.4852679965079,1.0052136313683062,14.995301302095386,0.12067054082980143,-68.21798580056313,-1.1573229341274334,12.507098703899816,0.6295741068180681,76.21046578463603,0.2719344611720337,-0.46470180132892874,0.00015748,0.4415438666902038,0.00081957,1,0.0
456,-0.6974911186458399,2.2859276897081435,-1.54e-06,2.1555968919717063,3.134572259162862,93.85945765711624,1.0052136313683062,20.145559862122525,0.12067054082980143,-32.44417434329156,-1.1573229341274334,-9.251873798340114,0.6295741068180681,-60.581411854141614,0.2719344611720337,-0.4346715924483677,0.00015748,0.5150296582466671,0.00081957,1,0.0
457,0.7862719908782192,0.3925863011147031,-1.54e-06,2.1555968919717063,3.134572259162862,57.04596742153147,1.0052136313683062,20.108831481309412,0.12067054082980143,-55.076406374735896,-1.1573229341274334,-72.10057736958714,0.6295741068180681,26.937738697618567,0.2719344611720337,-0.0009684929119077035,0.00015748,0.5443856985040315,0.00081957,1,0.0
458,0.7935616609979923,0.25935887584815087,-1.54e-06,2.1555968919717063,3.134572259162862,8.971792342082454,1.0052136313683062,14.230028148817924,0.12067054082980143,-30.863792354936088,-1.1573229341274334,-89.82437161346101,0.6295741068180681,40.73720460544775,0.2719344611720337,-0.32775207034995973,0.00015748,0.3274117209975452,0.00081957,1,0.0
459,0.1654954246444365,0.0793130675182192,-1.54e-06,2.1555968919717063,3.134572259162862,-85.67969524899266,1.0052136313683062,-4.457361629232783,0.12067054082980143,-45.57530406751951,-1.1573229341274334,88.57369976745689,0.6295741068180681,59.51749909349918,0.2719344611720337,-0.17938158570867008,0.00015748,0.17835980890838243,0.00081957,1,0.0
460,0.5317014483208057,0.05469462333391205,-1.54e-06,2.1555968919717063,3.134572259162862,-41.949260637961196,1.0052136313683062,7.029600122944018,0.12067054082980143,-56.22273357686182,-1.1573229341274334,4.51266550998506,0.6295741068180681,62.58194437596752,0.2719344611720337,-0.13125093599183463,0.00015748,0.13172441249637074,0.00081957,1,0.0
461,0.3374663696002028,0.25486273208327986,-1.54e-06,2.1555968919717063,3.134572259162862,81.56780859158924,1.0052136313683062,14.273159113312493,0.12067054082980143,-13.051788193984782,-1.1573229341274334,-78.68118659754111,0.6295741068180681,-16.63570501314353,0.2719344611720337,-0.03672709060258633,0.00015748,0.4244376774867677,0.00081957,1,0.0
462,0.45760915251776724,0.20561648671032332,-1.54e-06,2.1555968919717063,3.134572259162862,-22.073492219362464,1.0052136313683062,9.881702807240128,0.12067054082980143,-99.75664922077839,-1.1573229341274334,55.763338213188504,0.6295741068180681,70.48759940095543,0.2719344611720337,0.10081452943662898,0.00015748,0.3178406187207434,0.00081957,0,0.0
463,0.41749302866256033,0.1303671859645303,-1.54e-06,2.1555968919717063,3.134572259162862,22.366287893803406,1.0052136313683062,7.217548793077095,0.12067054082980143,-10.546565237352068,-1.1573229341274334,-65.51225023411621,0.6295741068180681,15.234259110668868,0.2719344611720337,-0.24254786771668638,0.00015748,0.24390743333946377,0.00081957,1,0.0
464,0.9862724038792885,0.48354576897919405,-1.54e-06,2.1555968919717063,3.134572259162862,17.3606910429543,1.0052136313683062,13.800362091151156,0.12067054082980143,-91.16272208840032,-1.1573229341274334,7.884489681602647,0.6295741068180681,67.35449649319453,0.2719344611720337,0.2799774760484435,0.00015748,0.6569772070945408,0.00081957,0,0.0
465,0.0010036548657560984,0.09116244764313199,-1.54e-06,2.1555968919717063,3.134572259162862,21.340200147006072,1.0052136313683062,6.447620054134888,0.12067054082980143,-35.16773672683793,-1.1573229341274334,10.758236745799202,0.6295741068180681,6.607729835217518,0.2719344611720337,0.00583347066350115,0.00015748,0.18066161359889643,0.00081957,0,0.0
466,0.17263823468877276,0.023173448352238366,-1.54e-06,2.1555968919717063,3.134572259162862,-44.72763693602726,1.0052136313683062,5.8164633017364515,0.12067054082980143,-77.33757040494973,-1.1573229341274334,56.80595768266811,0.6295741068180681,60.32408805260197,0.2719344611720337,-0.10090405557152311,0.00015748,0.10083859905600885,0.00081957,1,0.0
467,0.004122312758214952,0.23031207613706506,-1.54e-06,2.1555968919717063,3.134572259162862,29.160106853060764,1.0052136313683062,4.352120587506444,0.12067054082980143,-43.63747629053883,-1.1573229341274334,67.47713367210973,0.6295741068180681,-0.5567267656795838,0.2719344611720337,0.17783408958077285,0.00015748,0.5890290662771928,0.00081957,0,0.0
468,0.0018549455044480079,0.1924828636223677,-1.54e-06,2.1555968919717063,3.134572259162862,-18.117696946348687,1.0052136313683062,-3.531313524869928,0.12067054082980143,-19.261333469003524,-1.1573229341274334,56.94048838382885,0.6295741068180681,14.238683759994814,0.2719344611720337,-0.051531539729168574,0.00015748,0.3221384678491998,0.00081957,1,0.0
469,0.0012985606005676553,0.13181931952450582,-1.54e-06,2.1555968919717063,3.134572259162862,56.8682339314061,1.0052136313683062,9.267131314543429,0.12067054082980143,-60.092334916948225,-1.1573229341274334,62.88489631526491,0.6295741068180681,-5.213812027944275,0.2719344611720337,0.3248933135415476,0.00015748,0.6103117155730579,0.00081957,0,0.0
470,0.1894681807981985,0.14787285744384646,-1.54e-06,2.1555968919717063,3.134572259162862,21.861267568744886,1.0052136313683062,11.20012282419647,0.12067054082980143,-42.591034374731336,-1.1573229341274334,-27.894714992724683,0.6295741068180681,19.107077673150116,0.2719344611720337,-0.2590284860252369,0.00015748,0.2702010901002267,0.00081957,1,0.0
471,0.1141684207455751,0.12945129864579413,-1.54e-06,2.1555968919717063,3.134572259162862,9.724745348055066,1.0052136313683062,10.284474214583613,0.12067054082980143,-58.74436976849859,-1.1573229341274334,2.1089406892367295,0.6295741068180681,28.947450866051526,0.2719344611720337,-0.22197618505547828,0.00015748,0.2502910377530639,0.00081957,1,0.0
472,0.628306469154801,0.31257245305592685,-1.54e-06,2.1555968919717063,3.134572259162862,8.855627602461404,1.0052136313683062,17.718225795973957,0.12067054082980143,-84.28702368058812,-1.1573229341274334,-25.3691005565695,0.6295741068180681,57.57597692831124,0.2719344611720337,-0.20113413080066195,0.00015748,0.43015260797240934,0.00081957,1,0.0
473,0.2077172970158414,0.27895064185918916,-1.54e-06,2.1555968919717063,3.134572259162862,43.33211341512175,1.0052136313683062,2.192745544514364,0.12067054082980143,-10.18933865065506,-1.1573229341274334,-15.56693269014642,0.6295741068180681,-2.716524915526396,0.2719344611720337,0.001837042350019663,0.00015748,0.41950830614899415,0.00081957,0,0.0
474,0.41069470327101465,4.31871668877996,-1.54e-06,2.1555968919717063,3.134572259162862,-63.89578876476764,1.0052136313683062,32.3036334268116,0.12067054082980143,-70.7613916493706,-1.1573229341274334,-59.53422349597264,0.6295741068180681,51.755658519374755,0.2719344611720337,-1.4748088733344626,0.00015748,0.716846773942261,0.00081957,1,0.0
475,0.0017964144051070274,0.27033067215631906,-1.54e-06,2.1555968919717063,3.134572259162862,-3.127254241963813,1.0052136313683062,-0.16957165874614,0.12067054082980143,-33.86386065964795,-1.1573229341274334,73.6711176437005,0.6295741068180681,10.144189173085174,0.2719344611720337,0.03649318781652455,0.00015748,0.499481855906042,0.00081957,0,0.0
476,1.0496305208185255,0.5172827190174857,-1.54e-06,2.1555968919717063,3.134572259162862,41.94395634950073,1.0052136313683062,14.876887199439736,0.12067054082980143,-83.21343188146007,-1.1573229341274334,-4.091402803186489,0.6295741068180681,54.16724307856313,0.2719344611720337,0.36676575265604705,0.00015748,0.7933926182849758,0.00081957,0,0.0
477,0.0020746989016894313,0.057125481035561324,-1.54e-06,2.1555968919717063,3.134572259162862,-16.526330632212137,1.0052136313683062,6.602742891742546,0.12067054082980143,-68.803815940147,-1.1573229341274334,47.2966037662369,0.6295741068180681,39.152101577592056,0.2719344611720337,-0.10975469077966288,0.00015748,0.14440938666387199,0.00081957,1,0.0
478,0.8804428980593152,0.4237264960718615,-1.54e-06,2.1555968919717063,3.134572259162862,45.61802536467592,1.0052136313683062,13.147231708390102,0.12067054082980143,-30.118239852140256,-1.1573229341274334,-81.22263163276895,0.6295741068180681,27.899903344226093,0.2719344611720337,0.007997330502243716,0.00015748,0.4930279871249016,0.00081957,0,0.0
479,4.056620872966432e-06,0.3707436967138675,-1.54e-06,2.1555968919717063,3.134572259162862,62.98946409638628,1.0052136313683062,3.467192895263753,0.12067054082980143,-28.138735259656197,-1.1573229341274334,78.50104668062077,0.6295741068180681,-27.863378193786637,0.2719344611720337,0.2168135375188049,0.00015748,1.0383904600261655,0.00081957,0,0.0
480,0.13262287203650197,0.01694522425466952,-1.54e-06,2.1555968919717063,3.134572259162862,-31.768019535922456,1.0052136313683062,4.910871243860092,0.12067054082980143,-59.10413152004256,-1.1573229341274334,40.77184216244272,0.6295741068180681,45.056771622607634,0.2719344611720337,-0.08673760535688826,0.00015748,0.08783330510223866,0.00081957,1,0.0
481,0.0003820806872737448,0.11700974000685135,-1.54e-06,2.1555968919717063,3.134572259162862,18.888293435295637,1.0052136313683062,5.1668216610827224,0.12067054082980143,-38.12390326918468,-1.1573229341274334,31.119445074663272,0.6295741068180681,6.889414502578156,0.2719344611720337,0.15371804443955714,0.00015748,0.18597487139488425,0.00081957,0,0.0
482,0.7634863829421774,0.09357426891709382,-1.54e-06,2.1555968919717063,3.134572259162862,-40.570338604361325,1.0052136313683062,4.5849164467523185,0.12067054082980143,-14.966037740806714,-1.1573229341274334,-40.0817349924899,0.6295741068180681,49.92625164999209,0.2719344611720337,-0.0737330274702515,0.00015748,0.07405060114556859,0.00081957,1,0.0
483,-2.9790213395886056e-05,0.763102282193217,-1.54e-06,2.1555968919717063,3.134572259162862,61.30161107535963,1.0052136313683062,27.510246748857348,0.12067054082980143,-92.75274075560687,-1.1573229341274334,9.350144191620306,0.6295741068180681,1.6830525346068381,0.2719344611720337,-0.2344178462010002,0.00015748,0.6995110570384424,0.00081957,1,0.0
484,0.9029424315299616,0.13803249530135536,-1.54e-06,2.1555968919717063,3.134572259162862,-32.70524535565101,1.0052136313683062,4.450836095823225,0.12067054082980143,-2.312945281476423,-1.1573229341274334,-68.28233118338181,0.6295741068180681,47.66978876180987,0.2719344611720337,-0.0912333070578441,0.00015748,0.08998713519022294,0.00081957,1,0.0
485,0.3850346416365179,0.5418169164765341,-1.54e-06,2.1555968919717063,3.134572259162862,58.19160028638433,1.0052136313683062,1.065116456376432,0.12067054082980143,-12.672675775343283,-1.1573229341274334,12.69265271973906,0.6295741068180681,-7.305417802927667,0.2719344611720337,0.1537428350816667,0.00015748,0.8492625694887908,0.00081957,0,0.0
486,0.0636830688063077,0.07188988081198876,-1.54e-06,2.1555968919717063,3.134572259162862,91.39420995901204,1.0052136313683062,14.294976592687807,0.12067054082980143,-54.9120872001873,-1.1573229341274334,23.62819943233583,0.6295741068180681,-19.800626713485414,0.2719344611720337,0.4598480904036273,0.00015748,0.5410340005725713,0.00081957,0,0.0
487,0.0017481100463201393,0.11403289961594491,-1.54e-06,2.1555968919717063,3.134572259162862,84.81476959524655,1.0052136313683062,13.86447754976364,0.12067054082980143,-76.78115707217673,-1.1573229341274334,75.63522287849405,0.6295741068180681,-13.705213541287447,0.2719344611720337,0.459417512655511,0.00015748,0.8213612553998383,0.00081957,0,0.0
488,0.236612604461369,0.15202404477988052,-1.54e-06,2.1555968919717063,3.134572259162862,22.217058738051374,1.0052136313683062,14.517373245588125,0.12067054082980143,-98.67241158111173,-1.1573229341274334,56.73378149319597,0.6295741068180681,38.36204127492389,0.2719344611720337,0.2655965411381963,0.00015748,0.39151344440363045,0.00081957,0,0.0
489,0.08982248285885575,0.09481907280966523,-1.54e-06,2.1555968919717063,3.134572259162862,-9.745525628568878,1.0052136313683062,9.473360795173695,0.12067054082980143,-72.66122155836881,-1.1573229341274334,28.533822645950195,0.6295741068180681,41.8158119823402,0.2719344611720337,-0.1992251505375521,0.00015748,0.20910459418708863,0.00081957,1,0.0
490,1.5639868347424344,0.40032632614557995,-1.54e-06,2.1555968919717063,3.134572259162862,-87.77921505621771,1.0052136313683062,5.562077285879304,0.12067054082980143,-15.333705310471492,-1.1573229341274334,-82.2608217529665,0.6295741068180681,98.24975011576953,0.2719344611720337,-0.07448865258633672,0.00015748,0.0702295735363043,0.00081957,1,0.0
491,0.44883868830090123,0.22456588154714469,-1.54e-06,2.1555968919717063,3.134572259162862,69.52821372370865,1.0052136313683062,16.188444868595948,0.12067054082980143,-48.99990157550532,-1.1573229341274334,-30.975919746315782,0.6295741068180681,4.606707728122676,0.2719344611720337,0.2271784753353688,0.00015748,0.4799691303082064,0.00081957,0,0.0
492,0.0005929323145423826,0.8429376828599406,-1.54e-06,2.1555968919717063,3.134572259162862,15.739484183267596,1.0052136313683062,17.90758012105453,0.12067054082980143,-66.06926710832157,-1.1573229341274334,59.970919712459995,0.6295741068180681,0.8725816105074121,0.2719344611720337,-0.18390100356017958,0.00015748,0.7866611290047942,0.00081957,1,0.0
493,0.7778959084362347,0.32781020590917076,-1.54e-06,2.1555968919717063,3.134572259162862,66.13787797480074,1.0052136313683062,15.810915392101935,0.12067054082980143,-50.55288828385044,-1.1573229341274334,-39.99652129664806,0.6295741068180681,18.66441999411044,0.2719344611720337,0.335802644527739,0.00015748,0.581948541854264,0.00081957,0,0.0
494,0.00023501036510642503,0.131179887918852,-1.54e-06,2.1555968919717063,3.134572259162862,43.357493507615004,1.0052136313683062,7.578454758339533,0.12067054082980143,-33.31716229480931,-1.1573229341274334,13.395133278658747,0.6295741068180681,-6.135718038085428,0.2719344611720337,0.19077379185655005,0.00015748,0.24426827610496635,0.00081957,0,0.0
495,0.14816712783157393,0.02292494213202069,-1.54e-06,2.1555968919717063,3.134572259162862,-63.390383681249375,1.0052136313683062,3.4082862746552807,0.12067054082980143,-90.07309695562122,-1.1573229341274334,85.720454660752,0.6295741068180681,74.09517617966671,0.2719344611720337,-0.05610525849327796,0.00015748,0.057697581062388474,0.00081957,1,0.0
496,0.0007126972155955813,0.08519479107992295,-1.54e-06,2.1555968919717063,3.134572259162862,24.523400583716235,1.0052136313683062,4.17615270060138,0.12067054082980143,-14.408755222713063,-1.1573229341274334,1.5841174909098628,0.6295741068180681,-5.351580643596909,0.2719344611720337,0.08305014195750376,0.00015748,0.1256585144225419,0.00081957,0,0.0
497,0.8481429848286064,0.23290867950531943,-1.54e-06,2.1555968919717063,3.134572259162862,1.7172614622294868,1.0052136313683062,12.309455957538344,0.12067054082980143,-26.348900353806442,-1.1573229341274334,-88.99157265988906,0.6295741068180681,44.390864599288236,0.2719344611720337,-0.29377180296020083,0.00015748,0.29585483353260217,0.00081957,1,0.0
498,0.00043344560862761117,0.08751502529524746,-1.54e-06,2.1555968919717063,3.134572259162862,18.16715885777864,1.0052136313683062,1.7420889712360201,0.12067054082980143,-3.2449011808684665,-1.1573229341274334,3.443479905893254,0.6295741068180681,-8.3121136822608,0.2719344611720337,0.06454789895212631,0.00015748,0.13792365272756696,0.00081957,0,0.0
499,0.17454976155544744,0.011583022988310194,-1.54e-06,2.1555968919717063,3.134572259162862,-43.78425547006708,1.0052136313683062,4.640286034859724,0.12067054082980143,-63.2638890718348,-1.1573229341274334,49.543508835670075,0.6295741068180681,52.36295405614975,0.2719344611720337,-0.07453708144550279,0.00015748,0.07446396268819498,0.00081957,1,0.0
500,3.5297945213513784,4.620164463047901,-1.54e-06,0.7631940241558249,2.47659447396597,-3.249127449401165,1.0052136313683062,75.47201339879544,0.12067054082980143,-80.24373795267745,-1.1573229341274334,-71.29980010134412,0.6295741068180681,60.680114593622044,0.2719344611720337,0.2597838607201588,0.00015748,8.664601662832723,0.00081957,0,0.0
501,-0.9700656016399178,3.1264229051716654,-1.54e-06,0.7631940241558249,2.47659447396597,93.2395447864605,1.0052136313683062,59.257163487655355,0.12067054082980143,-28.97866052643849,-1.1573229341274334,13.100612523710165,0.6295741068180681,-87.95469823855449,0.2719344611720337,3.95570369817334,0.00015748,14.312836344901758,0.00081957,0,0.0
502,3.060826530122243,3.9141922170583543,-1.54e-06,0.7631940241558249,2.47659447396597,-41.386814192072535,1.0052136313683062,4.937436950176847,0.12067054082980143,-35.23859246989172,-1.1573229341274334,-30.194163043391587,0.6295741068180681,80.15175277558328,0.2719344611720337,-0.28625631890743575,0.00015748,0.17229006589907847,0.00081957,1,0.0
503,3.0309828271667922,2.89187118129036,-1.54e-06,0.7631940241558249,2.47659447396597,-22.073796506067502,1.0052136313683062,33.578841288266446,0.12067054082980143,-52.18796251511104,-1.1573229341274334,-41.52266125590263,0.6295741068180681,65.6662338921439,0.2719344611720337,0.27017701424831153,0.00015748,3.583202078569901,0.00081957,0,0.0
504,-0.304042524793638,1.4925920341345944,-1.54e-06,0.7631940241558249,2.47659447396597,39.63215265870497,1.0052136313683062,23.01144990216909,0.12067054082980143,-21.268495806723568,-1.1573229341274334,37.640533975607745,0.6295741068180681,-37.77064920632451,0.2719344611720337,2.9526161617230473,0.00015748,6.1017982240266475,0.00081957,0,0.0
505,0.0026987337963788605,0.01982470855616807,-1.54e-06,0.7631940241558249,2.47659447396597,26.970591350148954,1.0052136313683062,31.806398587036814,0.12067054082980143,-31.2152431027038,-1.1573229341274334,-14.886722986520473,0.6295741068180681,-12.404997379254102,0.2719344611720337,0.26289010142308467,0.00015748,6.09976146232001,0.00081957,0,0.0
506,-0.8616613740506276,7.3416326227726305,-1.54e-06,0.7631940241558249,2.47659447396597,77.78183833607932,1.0052136313683062,45.885123951720416,0.12067054082980143,-73.84132181297376,-1.1573229341274334,6.6390658419641895,0.6295741068180681,-43.779137548232505,0.2719344611720337,0.4975869333576739,0.00015748,17.150392759738708,0.00081957,0,0.0
507,0.518838509084544,0.4782563175652486,-1.54e-06,0.7631940241558249,2.47659447396597,-15.857645530094862,1.0052136313683062,15.001705681943196,0.12067054082980143,-78.91150013494742,-1.1573229341274334,82.98496954543484,0.6295741068180681,34.75846793141099,0.2719344611720337,0.31545210340326624,0.00015748,2.0034547887637,0.00081957,0,0.0
508,2.6479835065296102,20.065991630139557,-1.54e-06,0.7631940241558249,2.47659447396597,-70.96883134646806,1.0052136313683062,-10.349366344208352,0.12067054082980143,-0.08292735523165759,-1.1573229341274334,-83.67966002803365,0.6295741068180681,97.13696233536899,0.2719344611720337,-6.74225175901172,0.00015748,-3.2691745126242386,0.00081957,1,0.0
509,2.106787551376608,5.261621404468205,-1.54e-06,0.7631940241558249,2.47659447396597,-34.918415164028566,1.0052136313683062,-6.618261997278623,0.12067054082980143,-23.64148203499823,-1.1573229341274334,-22.858574778985506,0.6295741068180681,64.21561225199552,0.2719344611720337,-1.409119235951435,0.00015748,0.1667237438986955,0.00081957,1,0.0
510,1.9380954255606346,2.7702549025784475,-1.54e-06,0.7631940241558249,2.47659447396597,-42.2711027036965,1.0052136313683062,2.849630463221071,0.12067054082980143,-76.32993132673832,-1.1573229341274334,40.119523128794846,0.6295741068180681,79.26220609258854,0.2719344611720337,-0.4766864917268602,0.00015748,0.26210518812296735,0.00081957,1,0.0
511,0.36110285612048476,9.144048848693933,-1.54e-06,0.7631940241558249,2.47659447396597,21.355585532081992,1.0052136313683062,-1.2801574931600694,0.12067054082980143,-63.295826663360536,-1.1573229341274334,91.83048393646632,0.6295741068180681,2.607351303685469,0.2719344611720337,1.6639281536518515,0.00015748,8.785834718795662,0.00081957,0,0.0
512,-1.1771771456116467,3.032657104732709,-1.54e-06,0.7631940241558249,2.47659447396597,62.98419328662109,1.0052136313683062,37.714459629853835,0.12067054082980143,-54.925372118570195,-1.1573229341274334,78.22986357366273,0.6295741068180681,-58.76235759236675,0.2719344611720337,3.925482307319225,0.00015748,9.858063485324326,0.00081957,0,0.0
513,1.4710156402292345,2.2896244379161947,-1.54e-06,0.7631940241558249,2.47659447396597,-36.796451466874856,1.0052136313683062,7.318755081442174,0.12067054082980143,-93.99541840290385,-1.1573229341274334,77.55461746616186,0.6295741068180681,70.86358400079737,0.2719344611720337,-0.08108546915222281,0.00015748,1.1173607379394,0.00081957,1,0.0
514,-0.09529057645160988,0.9280016724613325,-1.54e-06,0.7631940241558249,2.47659447396597,79.52773279821123,1.0052136313683062,58.82577842312829,0.12067054082980143,-10.40664188430903,-1.1573229341274334,-55.22225862232621,0.6295741068180681,-65.41719786576256,0.2719344611720337,1.9120245410473817,0.00015748,13.6632378056135,0.00081957,0,0.0
515,-0.13414291607314777,1.0327535671821435,-1.54e-06,0.7631940241558249,2.47659447396597,46.69964255093041,1.0052136313683062,44.42540757155558,0.12067054082980143,-54.558746921770265,-1.1573229341274334,29.252517929413962,0.6295741068180681,-30.190670434387414,0.2719344611720337,2.61353583629659,0.00015748,9.256884852325431,0.00081957,0,0.0
516,-0.8992571550529278,4.207569957354322,-1.54e-06,0.7631940241558249,2.47659447396597,85.72098283858449,1.0052136313683062,74.23159465530829,0.12067054082980143,-85.96024918840472,-1.1573229341274334,74.80396116293946,0.6295741068180681,-70.43185449435228,0.2719344611720337,5.250765781129831,0.00015748,14.643356714266556,0.00081957,0,0.0
517,-0.27872815845943044,1.217271519717547,-1.54e-06,0.7631940241558249,2.47659447396597,22.97749847355956,1.0052136313683062,10.918185927129304,0.12067054082980143,-22.656902283894887,-1.1573229341274334,54.75689796616834,0.6295741068180681,-23.385441810917982,0.2719344611720337,2.5417732732565046,0.00015748,3.515451153993662,0.00081957,0,0.0
518,-2.2080056638315684,19.400795543905808,-1.54e-06,0.7631940241558249,2.47659447396597,0.6829266932030879,1.0052136313683062,-35.832468153914014,0.12067054082980143,-1e-20,-1.1573229341274334,30.464486845086565,0.6295741068180681,-10.763189577781988,0.2719344611720337,-4.197655182108029,0.00015748,0.1690692411278505,0.00081957,1,0.0
519,0.5152222179479626,5.096279734336291,-1.54e-06,0.7631940241558249,2.47659447396597,-22.079523801723862,1.0052136313683062,-8.323386237701191,0.12067054082980143,-13.102754935657327,-1.1573229341274334,24.374427326807766,0.6295741068180681,25.74108540577824,0.2719344611720337,-2.649096732192972,0.00015748,0.27573669713900584,0.00081957,1,0.0
520,0.001693140898520018,0.2058072885823537,-1.54e-06,0.7631940241558249,2.47659447396597,4.166707352277457,1.0052136313683062,6.242361338059225,0.12067054082980143,-24.991186957274483,-1.1573229341274334,40.26241063351101,0.6295741068180681,-0.8126787857296315,0.2719344611720337,1.1097792350990785,0.00015748,1.4505328310387102,0.00081957,0,0.0
521,-0.5042527313973539,1.4034960891639723,-1.54e-06,0.7631940241558249,2.47659447396597,8.0630056212011,1.0052136313683062,1.099849433046785,0.12067054082980143,-44.734430413038936,-1.1573229341274334,83.70652493477908,0.6295741068180681,-4.512353752450146,0.2719344611720337,1.2411969287251372,0.00015748,2.657041190370372,0.00081957,0,0.0
522,-0.7937752877777164,3.2927609936761755,-1.54e-06,0.7631940241558249,2.47659447396597,99.93632551080158,1.0052136313683062,77.32792793087489,0.12067054082980143,-50.92507447963246,-1.1573229341274334,10.18668781892338,0.6295741068180681,-86.15902973527943,0.2719344611720337,4.167338064947858,0.00015748,16.489915619862153,0.00081957,0,0.0
523,-0.003007300648333544,0.0753628330830961,-1.54e-06,0.7631940241558249,2.47659447396597,40.68822986490866,1.0052136313683062,59.72002622721921,0.12067054082980143,-86.43957061540883,-1.1573229341274334,6.219523028808268,0.6295741068180681,-8.331571561843187,0.2719344611720337,0.7309005036627987,0.00015748,10.781331133718346,0.00081957,0,0.0
524,0.00023067707086910083,0.5942745453473536,-1.54e-06,0.7631940241558249,2.47659447396597,13.895570436396499,1.0052136313683062,9.968536246738335,0.12067054082980143,-25.696893411697534,-1.1573229341274334,47.49773504360555,0.6295741068180681,-10.71017746936659,0.2719344611720337,2.1209866504303463,0.00015748,2.679436877644272,0.00081957,0,0.0
525,2.616238747717679,2.2163436819142444,-1.54e-06,0.7631940241558249,2.47659447396597,14.599207010258327,1.0052136313683062,74.37843459531028,0.12067054082980143,-87.45467429107143,-1.1573229341274334,-62.071132303615286,0.6295741068180681,42.39193968029382,0.2719344611720337,0.2676394999021916,0.00015748,10.832342656898229,0.00081957,0,0.0
526,0.6096513507934596,0.8839683016765076,-1.54e-06,0.7631940241558249,2.47659447396597,20.5957187310008,1.0052136313683062,60.658227461557495,0.12067054082980143,-87.5112835914459,-1.1573229341274334,6.867389406880727,0.6295741068180681,11.501562820688065,0.2719344611720337,0.5381247546158123,0.00015748,8.026386384124201,0.00081957,0,0.0
527,-0.1157381741282339,0.9930113277677547,-1.54e-06,0.7631940241558249,2.47659447396597,10.557451078814042,1.0052136313683062,9.470777652768207,0.12067054082980143,-42.54175267030403,-1.1573229341274334,79.129337790226,0.6295741068180681,-6.7883295373951995,0.2719344611720337,2.0621259702377586,0.00015748,2.9718224952843393,0.00081957,0,0.0
528,-0.39037614454904634,1.514529173636598,-1.54e-06,0.7631940241558249,2.47659447396597,66.62945553327135,1.0052136313683062,49.268939007938855,0.12067054082980143,-40.901988310037936,-1.1573229341274334,3.9960486011895315,0.6295741068180681,-50.81973714919931,0.2719344611720337,2.4156143310463847,0.00015748,12.126953922584987,0.00081957,0,0.0
529,-0.8769532458576952,2.5178213055109344,-1.54e-06,0.7631940241558249,2.47659447396597,34.245412355073974,1.0052136313683062,3.851795630906298,0.12067054082980143,-10.3004346266021,-1.1573229341274334,78.16420648563275,0.6295741068180681,-45.73817053569669,0.2719344611720337,2.6436558999868214,0.00015748,4.383421289819157,0.00081957,0,0.0
530,0.005162222327435018,0.031725073206741616,-1.54e-06,0.7631940241558249,2.47659447396597,61.4224722942008,1.0052136313683062,81.55354458389967,0.12067054082980143,-94.06439245277689,-1.1573229341274334,-29.443244061508654,0.6295741068180681,-20.367821436602597,0.2719344611720337,0.2627298270666403,0.00015748,15.08857463833267,0.00081957,0,0.0
531,2.381187590223461,1.7983063942097697,-1.54e-06,0.7631940241558249,2.47659447396597,8.034580661099922,1.0052136313683062,63.6505322274375,0.12067054082980143,-83.21956068301004,-1.1573229341274334,-46.47527962292566,0.6295741068180681,43.88305425705464,0.2719344611720337,0.2575394408098042,0.00015748,9.112952661388489,0.00081957,0,0.0
532,3.1483541999149893,10.383087852496711,-1.54e-06,0.7631940241558249,2.47659447396597,-52.620292817274425,1.0052136313683062,-0.6040963587361171,0.12067054082980143,-29.37080219010699,-1.1573229341274334,-83.05593745913254,0.6295741068180681,100.0,0.2719344611720337,-3.1689480256853497,0.00015748,-0.15009106216408163,0.00081957,1,0.0
533,1.2840715591363878,1.0920214974376679,-1.54e-06,0.7631940241558249,2.47659447396597,66.27350441693349,1.0052136313683062,86.4987623522269,0.12067054082980143,-62.94399405338446,-1.1573229341274334,-95.25848082046797,0.6295741068180681,-17.730397139526612,0.2719344611720337,0.28665707469690993,0.00015748,16.95873287774309,0.00081957,0,0.0
534,3.4080714124406626,3.6248546405276536,-1.54e-06,0.7631940241558249,2.47659447396597,-23.352941587933255,1.0052136313683062,39.2263266185239,0.12067054082980143,-59.02672067857197,-1.1573229341274334,-49.45285131551737,0.6295741068180681,72.95767382683151,0.2719344611720337,0.2764711338972732,0.00015748,4.3160831312975905,0.00081957,0,0.0
535,0.00036927349278137456,0.31313902813937944,-1.54e-06,0.7631940241558249,2.47659447396597,8.699150180939206,1.0052136313683062,22.380810131378762,0.12067054082980143,-64.67592971362993,-1.1573229341274334,64.46863011804824,0.6295741068180681,5.6462389647637075,0.2719344611720337,1.8665969872424073,0.00015748,3.4532100995090493,0.00081957,0,0.0
536,1.071642551276553,0.8227360643482459,-1.54e-06,0.7631940241558249,2.47659447396597,-21.380820060701456,1.0052136313683062,1.196987531520759,0.12067054082980143,-36.84764905950855,-1.1573229341274334,15.217144510743834,0.6295741068180681,41.12534439942108,0.2719344611720337,-0.21432239732974398,0.00015748,0.20148905398441816,0.00081957,1,0.0
537,0.13871447736264586,3.8317431427014146,-1.54e-06,0.7631940241558249,2.47659447396597,58.850932095691554,1.0052136313683062,34.23811977578241,0.12067054082980143,-40.046406380529724,-1.1573229341274334,43.38219841684554,0.6295741068180681,-43.63555550113882,0.2719344611720337,3.9827145889389204,0.00015748,11.302253005465916,0.00081957,0,0.0
538,-0.3797093927634555,1.7674550647753242,-1.54e-06,0.7631940241558249,2.47659447396597,-2.342390200677103,1.0052136313683062,-7.066208449236517,0.12067054082980143,-15.015776212327317,-1.1573229341274334,40.877539418505954,0.6295741068180681,0.6686114092945827,0.2719344611720337,-0.6591699396054869,0.00015748,0.6998351187183673,0.00081957,1,0.0
539,0.0002040825691786985,0.4987849351320179,-1.54e-06,0.7631940241558249,2.47659447396597,50.83551165747733,1.0052136313683062,35.97895989128256,0.12067054082980143,-2.6912698870588168,-1.1573229341274334,-31.588136471845377,0.6295741068180681,-43.64317829845495,0.2719344611720337,1.582145634451157,0.00015748,8.457851888543768,0.00081957,0,0.0
540,0.49320609417336203,7.134172124568161,-1.54e-06,0.7631940241558249,2.47659447396597,-21.53858718560165,1.0052136313683062,16.358832624680115,0.12067054082980143,-34.98726850029666,-1.1573229341274334,-40.73531433810976,0.6295741068180681,41.4477708794732,0.2719344611720337,-3.356014017571326,0.00015748,0.25383556503944593,0.00081957,1,0.0
541,1.6564241326015607,1.0380329872278864,-1.54e-06,0.7631940241558249,2.47659447396597,-29.620569783488943,1.0052136313683062,17.443029800845128,0.12067054082980143,-81.65510872497603,-1.1573229341274334,37.73493854813937,0.6295741068180681,64.99329771165498,0.2719344611720337,0.3186564771570182,0.00015748,1.2976556791378302,0.00081957,0,0.0
542,0.0048216776842700815,0.156338391474338,-1.54e-06,0.7631940241558249,2.47659447396597,-4.445408805796086,1.0052136313683062,2.4409564167207023,0.12067054082980143,-38.33732440169298,-1.1573229341274334,56.43262058610681,0.6295741068180681,10.872663265485949,0.2719344611720337,0.3409955291200834,0.00015748,1.2853674082411044,0.00081957,0,0.0
543,0.3043801272521631,0.03589201321946876,-1.54e-06,0.7631940241558249,2.47659447396597,5.5461023226885535,1.0052136313683062,33.016055597422856,0.12067054082980143,-76.73443749179563,-1.1573229341274334,28.496149563421742,0.6295741068180681,20.754557405827907,0.2719344611720337,0.26602711726034345,0.00015748,4.825159151009153,0.00081957,0,0.0
544,-0.007679141131051281,0.2904435525733395,-1.54e-06,0.7631940241558249,2.47659447396597,80.46271715098776,1.0052136313683062,89.136133230944,0.12067054082980143,-80.18880230042208,-1.1573229341274334,-44.00988098260322,0.6295741068180681,-41.97548296165071,0.2719344611720337,1.0735592294431644,0.00015748,17.445288736513405,0.00081957,0,0.0
545,0.0012052027085664996,0.00028665810393624434,-1.54e-06,0.7631940241558249,2.47659447396597,17.557131625863278,1.0052136313683062,47.61541810294605,0.12067054082980143,-100.0,-1.1573229341274334,34.5245860559543,0.6295741068180681,14.840325309076052,0.2719344611720337,0.2595087987571518,0.00015748,7.473538689067521,0.00081957,0,0.0
546,-0.8729869888826944,2.5607836662753996,-1.54e-06,0.7631940241558249,2.47659447396597,56.88974330441983,1.0052136313683062,44.40862262817641,0.12067054082980143,-75.97080615566095,-1.1573229341274334,83.81199510173383,0.6295741068180681,-44.16886319576367,0.2719344611720337,3.8748155531173816,0.00015748,10.203724186963667,0.00081957,0,0.0
547,-0.0032144850562638716,0.3446124527791557,-1.54e-06,0.7631940241558249,2.47659447396597,56.868845846873086,1.0052136313683062,45.8943979235413,0.12067054082980143,-13.233418412799045,-1.1573229341274334,-43.18240294016319,0.6295741068180681,-43.81028244369815,0.2719344611720337,1.1963138713496946,0.00015748,10.206971830070295,0.00081957,0,0.0
548,-1.4738098431736923,3.62710080821509,-1.54e-06,0.7631940241558249,2.47659447396597,77.2297628712032,1.0052136313683062,44.90510841474064,0.12067054082980143,-56.81074259777701,-1.1573229341274334,78.59774106464539,0.6295741068180681,-73.70778358226013,0.2719344611720337,4.273272260559401,0.00015748,11.818954975311737,0.00081957,0,0.0
549,-0.0015521355707068807,0.08721787389905321,-1.54e-06,0.7631940241558249,2.47659447396597,65.99795417474515,1.0052136313683062,67.66693269658202,0.12067054082980143,-44.296890711787036,-1.1573229341274334,-59.350728903184866,0.6295741068180681,-38.79263126647938,0.2719344611720337,0.3500009126457888,0.00015748,13.650755460462111,0.00081957,0,0.0
550,-0.5124361258822265,1.7111230296317606,-1.54e-06,0.7631940241558249,2.47659447396597,92.07906210470567,1.0052136313683062,65.82271037947882,0.12067054082980143,-22.438194043218587,-1.1573229341274334,-38.97087622371766,0.6295741068180681,-77.9923032426084,0.2719344611720337,2.4281233598324397,0.00015748,15.481926709074699,0.00081957,0,0.0
551,1.3972410035298064,8.888063125710318,-1.54e-06,0.7631940241558249,2.47659447396597,60.0795138720067,1.0052136313683062,87.70324694198725,0.12067054082980143,-68.639005675555,-1.1573229341274334,7.86951066618946,0.6295741068180681,-32.73558972881663,0.2719344611720337,4.839250244532197,0.00015748,13.020107086674967,0.00081957,0,0.0
552,-0.08607244722312224,0.8777950974110525,-1.54e-06,0.7631940241558249,2.47659447396597,78.44327615613999,1.0052136313683062,84.84828947688754,0.12067054082980143,-90.84072368219456,-1.1573229341274334,-5.752384284410798,0.6295741068180681,-42.01324192898553,0.2719344611720337,2.2405988171012643,0.00015748,16.849766064786028,0.00081957,0,0.0
553,0.0047111097738836705,0.18020143720725765,-1.54e-06,0.7631940241558249,2.47659447396597,49.97278831963213,1.0052136313683062,44.28745408177754,0.12067054082980143,-15.732468700166915,-1.1573229341274334,-43.733801276069954,0.6295741068180681,-36.53578097226665,0.2719344611720337,0.7653809212921772,0.00015748,9.24549603227427,0.00081957,0,0.0
554,1.7595816403257338,1.0505904831235637,-1.54e-06,0.7631940241558249,2.47659447396597,-19.171664221913332,1.0052136313683062,8.44372107535216,0.12067054082980143,-10.49269016408229,-1.1573229341274334,-37.479182001654436,0.6295741068180681,39.43080448198808,0.2719344611720337,-0.3921641033615046,0.00015748,0.40028818062024146,0.00081957,1,0.0
555,-0.7042867676820004,2.1506616961300873,-1.54e-06,0.7631940241558249,2.47659447396597,66.63116146075039,1.0052136313683062,49.07289986583126,0.12067054082980143,-62.00832949402011,-1.1573229341274334,28.90057275848486,0.6295741068180681,-47.250629450746075,0.2719344611720337,2.3705122023838276,0.00015748,12.74258627008457,0.00081957,0,0.0
556,1.5934700101670392,1.0393945435848393,-1.54e-06,0.7631940241558249,2.47659447396597,43.91264515608738,1.0052136313683062,81.81195086514022,0.12067054082980143,-76.52669691319633,-1.1573229341274334,-72.45762602787636,0.6295741068180681,5.558166657688398,0.2719344611720337,0.2557314460556146,0.00015748,13.855340967490887,0.00081957,0,0.0
557,-0.9640776826812916,3.532440647779472,-1.54e-06,0.7631940241558249,2.47659447396597,67.15033702015711,1.0052136313683062,41.94179957220686,0.12067054082980143,-64.32750419955991,-1.1573229341274334,32.275028070804275,0.6295741068180681,-46.26667453490874,0.2719344611720337,1.6970493304858465,0.00015748,13.266963132204754,0.00081957,0,0.0
558,0.0025491805027342274,1.0232670632835283,-1.54e-06,0.7631940241558249,2.47659447396597,33.9860045515544,1.0052136313683062,56.02597618377491,0.12067054082980143,-97.34463721943443,-1.1573229341274334,62.65649264965759,0.6295741068180681,-8.441251205420553,0.2719344611720337,2.670519259237678,0.00015748,8.814341061938958,0.00081957,0,0.0
559,-0.7741087922646201,2.2880382234606276,-1.54e-06,0.7631940241558249,2.47659447396597,38.67029604144467,1.0052136313683062,13.098054579374674,0.12067054082980143,-20.270935362486835,-1.1573229341274334,68.45304036307857,0.6295741068180681,-44.29519683769536,0.2719344611720337,3.2298274751494973,0.00015748,5.102013827415615,0.00081957,0,0.0
560,0.005245086197984472,0.0034876041388074287,-1.54e-06,0.7631940241558249,2.47659447396597,-16.49344188927278,1.0052136313683062,17.440112899367648,0.12067054082980143,-99.08311141043117,-1.1573229341274334,91.52821939725956,0.6295741068180681,39.13978560541869,0.2719344611720337,0.3001705732264448,0.00015748,1.5155095770441074,0.00081957,0,0.0
561,0.2500987455649102,29.321920092313775,-1.54e-06,0.7631940241558249,2.47659447396597,-56.57487271197324,1.0052136313683062,-47.430311159789824,0.12067054082980143,-73.38755503995131,-1.1573229341274334,52.5238737715118,0.6295741068180681,92.32052638296939,0.2719344611720337,-6.378456758926138,0.00015748,0.22834538172859276,0.00081957,1,0.0
562,0.6406257764029591,0.1920767779310717,-1.54e-06,0.7631940241558249,2.47659447396597,-7.294768209156416,1.0052136313683062,13.230666210351634,0.12067054082980143,-36.51455871741375,-1.1573229341274334,16.73603975620042,0.6295741068180681,21.621404208954743,0.2719344611720337,0.3189759372600775,0.00015748,1.2969790993971468,0.00081957,0,0.0
563,0.6430673487307803,0.19290546296263045,-1.54e-06,0.7631940241558249,2.47659447396597,18.911615586505636,1.0052136313683062,41.07778572273569,0.12067054082980143,-52.80978896258416,-1.1573229341274334,-15.793685949795709,0.6295741068180681,7.119705263598739,0.2719344611720337,0.26062047875949945,0.00015748,6.691032074831016,0.00081957,0,0.0
564,2.9790405273096647,2.699715469574174,-1.54e-06,0.7631940241558249,2.47659447396597,-24.79354206423727,1.0052136313683062,38.27763041046616,0.12067054082980143,-73.6948790912719,-1.1573229341274334,-23.694222351794565,0.6295741068180681,73.15856341217336,0.2719344611720337,0.2684452446318897,0.00015748,3.969162501050741,0.00081957,0,0.0
565,-0.24468900904023072,1.3087556632431725,-1.54e-06,0.7631940241558249,2.47659447396597,41.27947397750861,1.0052136313683062,27.614411894731088,0.12067054082980143,-25.71662961483593,-1.1573229341274334,30.733946572438796,0.6295741068180681,-36.40112380373135,0.2719344611720337,2.783183065581604,0.00015748,6.758875833270613,0.00081957,0,0.0
566,1.061145998326995,0.3539032231024695,-1.54e-06,0.7631940241558249,2.47659447396597,-4.914409056449069,1.0052136313683062,30.76875219745241,0.12067054082980143,-67.42832427008673,-1.1573229341274334,11.635574248814017,0.6295741068180681,34.30994691854038,0.2719344611720337,0.26954371904264707,0.00015748,3.8375431700445723,0.00081957,0,0.0
567,-0.5984090223947073,1.9670964845431322,-1.54e-06,0.7631940241558249,2.47659447396597,36.58620406700828,1.0052136313683062,19.752111310485873,0.12067054082980143,-36.117396491942166,-1.1573229341274334,69.65919185937203,0.6295741068180681,-35.59042090606429,0.2719344611720337,3.2856168429896315,0.00015748,5.596744895659599,0.00081957,0,0.0
568,2.414755720727526,12.832053737544863,-1.54e-06,0.7631940241558249,2.47659447396597,-62.40890898013919,1.0052136313683062,-23.91837103033021,0.12067054082980143,-32.71864625486436,-1.1573229341274334,28.811883377513553,0.6295741068180681,87.59489655273407,0.2719344611720337,-5.118959343418004,0.00015748,0.22921346477383864,0.00081957,1,0.0
569,0.5367954550098137,0.29282228812606315,-1.54e-06,0.7631940241558249,2.47659447396597,46.657949645706246,1.0052136313683062,48.95558922928753,0.12067054082980143,-11.309450845886753,-1.1573229341274334,-72.5423140250074,0.6295741068180681,-27.613569531193157,0.2719344611720337,0.25946310122355776,0.00015748,9.613575262513079,0.00081957,0,0.0
570,-0.020353621821656544,0.8250599219300581,-1.54e-06,0.7631940241558249,2.47659447396597,10.773024439106262,1.0052136313683062,1.2222998491548032,0.12067054082980143,-11.537203976903605,-1.1573229341274334,53.31975940164892,0.6295741068180681,-14.07239436067044,0.2719344611720337,0.9977285908806158,0.00015748,2.7372952268108492,0.00081957,0,0.0
571,1.4634763655935283,3.361567541756397,-1.54e-06,0.7631940241558249,2.47659447396597,-17.240868860489503,1.0052136313683062,39.66572360388995,0.12067054082980143,-99.59077636560116,-1.1573229341274334,79.0221791642452,0.6295741068180681,45.64868767761024,0.2719344611720337,0.30768532301096085,0.00015748,4.290903372169707,0.00081957,0,0.0
572,-0.0018708844309855976,0.18664861983282538,-1.54e-06,0.7631940241558249,2.47659447396597,44.42038744226993,1.0052136313683062,65.42367168313805,0.12067054082980143,-97.95539237682944,-1.1573229341274334,18.14602807420061,0.6295741068180681,-9.733689022347777,0.2719344611720337,1.23613568202056,0.00015748,11.671223422740862,0.00081957,0,0.0
573,0.6419695542326362,0.15879586025616113,-1.54e-06,0.7631940241558249,2.47659447396597,-10.208060363261014,1.0052136313683062,15.162373456081594,0.12067054082980143,-52.18776697595271,-1.1573229341274334,28.166826824195415,0.6295741068180681,29.07175905736497,0.2719344611720337,0.3092999073734308,0.00015748,1.5122287771461185,0.00081957,0,0.0
574,-0.2123405731411463,1.1800520729377395,-1.54e-06,0.7631940241558249,2.47659447396597,56.836434892651006,1.0052136313683062,49.5051072103183,0.12067054082980143,-49.79818040901175,-1.1573229341274334,15.60880401822099,0.6295741068180681,-39.95985772537972,0.2719344611720337,2.5766730462478007,0.00015748,10.792194163229674,0.00081957,0,0.0
575,0.004422281280913598,0.07469587498075421,-1.54e-06,0.7631940241558249,2.47659447396597,65.66582395802173,1.0052136313683062,65.35923136410184,0.12067054082980143,-37.65054161466465,-1.1573229341274334,-64.43162471309313,0.6295741068180681,-40.07364790687116,0.2719344611720337,0.26201192344635515,0.00015748,13.360790108851283,0.00081957,0,0.0
576,-0.5264767279579297,1.8418321634341983,-1.54e-06,0.7631940241558249,2.47659447396597,70.51040637928078,1.0052136313683062,43.92820655089749,0.12067054082980143,-16.393379368253502,-1.1573229341274334,-2.319897217635573,0.6295741068180681,-64.71720265411352,0.2719344611720337,2.815072387449198,0.00015748,11.142866130608354,0.00081957,0,0.0
577,0.7443257808611362,0.5040965844923843,-1.54e-06,0.7631940241558249,2.47659447396597,-29.498236249978643,1.0052136313683062,9.979324981581914,0.12067054082980143,-86.53214632462037,-1.1573229341274334,58.99087752646627,0.6295741068180681,58.31808508239281,0.2719344611720337,-0.30626017756353424,0.00015748,0.3114287717430105,0.00081957,1,0.0
578,-0.008796416351044722,1.2071301804566212,-1.54e-06,0.7631940241558249,2.47659447396597,0.3518457817590168,1.0052136313683062,-5.766049005007947,0.12067054082980143,-36.66642922899636,-1.1573229341274334,90.45719348166126,0.6295741068180681,2.1913941275374933,0.2719344611720337,0.2684620150018693,0.00015748,3.1516608719215276,0.00081957,0,0.0
579,0.3588561219651706,0.053295649689395735,-1.54e-06,0.7631940241558249,2.47659447396597,-10.273717287094989,1.0052136313683062,15.594927056126606,0.12067054082980143,-63.79885075413039,-1.1573229341274334,44.734442027102084,0.6295741068180681,29.280903562824008,0.2719344611720337,0.3019992030476758,0.00015748,1.5393845099126562,0.00081957,0,0.0
580,1.1959844580258119,0.5977277332462105,-1.54e-06,0.7631940241558249,2.47659447396597,-10.397528796277435,1.0052136313683062,28.014293887611387,0.12067054082980143,-61.065049012695056,-1.1573229341274334,15.34123087836201,0.6295741068180681,36.23917288066329,0.2719344611720337,0.28772132238587145,0.00015748,2.7610045374706464,0.00081957,0,0.0
581,1.4782430587425583,0.9161955237117034,-1.54e-06,0.7631940241558249,2.47659447396597,47.68687369810642,1.0052136313683062,86.5106928198489,0.12067054082980143,-86.40359817402799,-1.1573229341274334,-68.0234246830564,0.6295741068180681,4.339544171274532,0.2719344611720337,0.26097111855966215,0.00015748,14.786755909383512,0.00081957,0,0.0
582,-0.4331518230247178,13.306165787203756,-1.54e-06,0.7631940241558249,2.47659447396597,-33.949990496457374,1.0052136313683062,-41.3538807339973,0.12067054082980143,-19.756941554982294,-1.1573229341274334,81.29097356411371,0.6295741068180681,31.308269356975735,0.2719344611720337,-5.496705174674417,0.00015748,0.2256581807572342,0.00081957,1,0.0
583,0.5391325944485357,0.11628029887964138,-1.54e-06,0.7631940241558249,2.47659447396597,9.287907593543544,1.0052136313683062,34.37967542652401,0.12067054082980143,-62.11045019639456,-1.1573229341274334,6.765859967026772,0.6295741068180681,16.187381157238892,0.2719344611720337,0.26408930831338484,0.00015748,5.230826242094557,0.00081957,0,0.0
584,1.9295285336008576,1.2584829861951057,-1.54e-06,0.7631940241558249,2.47659447396597,-12.499790434643167,1.0052136313683062,21.07033706766304,0.12067054082980143,-28.306739870324705,-1.1573229341274334,-28.811215775090204,0.6295741068180681,38.60757278666236,0.2719344611720337,0.28096676192230785,0.00015748,2.2622949658673956,0.00081957,0,0.0
585,0.0004512035998991415,0.18231188067718293,-1.54e-06,0.7631940241558249,2.47659447396597,80.6360205100265,1.0052136313683062,72.61234589082486,0.12067054082980143,-26.57416188855745,-1.1573229341274334,-84.5425163866576,0.6295741068180681,-55.70985136093496,0.2719344611720337,0.5182727809686583,0.00015748,15.428330036085601,0.00081957,0,0.0
586,0.16094325497324435,8.838008065458634,-1.54e-06,0.7631940241558249,2.47659447396597,-32.61706637876383,1.0052136313683062,-27.89916974530815,0.12067054082980143,-24.532724377345254,-1.1573229341274334,61.43733499795216,0.6295741068180681,36.749415307271406,0.2719344611720337,-4.145120533900558,0.00015748,0.23180183337096172,0.00081957,1,0.0
587,1.799880840061375,2.2124462181998084,-1.54e-06,0.7631940241558249,2.47659447396597,-25.402511341842878,1.0052136313683062,8.108423001586198,0.12067054082980143,-53.541358457982504,-1.1573229341274334,38.79494254159356,0.6295741068180681,51.2454566369343,0.2719344611720337,0.2931296035712121,0.00015748,1.6545153285106602,0.00081957,0,0.0
588,-0.024156869018011395,0.894750176664223,-1.54e-06,0.7631940241558249,2.47659447396597,65.12829870668186,1.0052136313683062,67.24773496121382,0.12067054082980143,-69.90636875027154,-1.1573229341274334,3.536013213429271,0.6295741068180681,-38.052592981977675,0.2719344611720337,2.437075966415902,0.00015748,13.508696059559243,0.00081957,0,0.0
589,0.30230481547569266,0.16331956170716255,-1.54e-06,0.7631940241558249,2.47659447396597,21.75810836533607,1.0052136313683062,49.42017097442575,0.12067054082980143,-76.13902971272667,-1.1573229341274334,6.8450480403414895,0.6295741068180681,6.517579981937221,0.2719344611720337,0.39037160859406805,0.00015748,7.468464405063401,0.00081957,0,0.0
590,-0.334067361614673,11.717968034436936,-1.54e-06,0.7631940241558249,2.47659447396597,66.96981691491197,1.0052136313683062,48.87121417614503,0.12067054082980143,-16.83911935039976,-1.1573229341274334,90.84947573563552,0.6295741068180681,-83.24989124091046,0.2719344611720337,6.132007106293699,0.00015748,8.718564203058792,0.00081957,0,0.0
591,1.889260170449635,1.165824731486922,-1.54e-06,0.7631940241558249,2.47659447396597,-23.051304366727933,1.0052136313683062,9.005228818987971,0.12067054082980143,-19.638167656520412,-1.1573229341274334,-30.708251622509437,0.6295741068180681,46.66753685655657,0.2719344611720337,-0.36945427442420975,0.00015748,0.3672618365497978,0.00081957,1,0.0
592,0.3942014984890454,7.7133362612129766,-1.54e-06,0.7631940241558249,2.47659447396597,-42.662671917412816,1.0052136313683062,-18.77145866141728,0.12067054082980143,-69.06836403665302,-1.1573229341274334,92.158513287883,0.6295741068180681,59.99282089855629,0.2719344611720337,-3.5102853963876752,0.00015748,0.23179880891045124,0.00081957,1,0.0
593,1.2914116088735221,0.51909781833726,-1.54e-06,0.7631940241558249,2.47659447396597,-18.735344313337094,1.0052136313683062,24.638981977940418,0.12067054082980143,-79.40186275616679,-1.1573229341274334,31.85035320602041,0.6295741068180681,51.01725826800288,0.2719344611720337,0.2823535481745356,0.00015748,2.3839144812404918,0.00081957,0,0.0
594,-0.10081201842716636,0.8890761447366352,-1.54e-06,0.7631940241558249,2.47659447396597,59.26419967403465,1.0052136313683062,68.07690773527248,0.12067054082980143,-90.76919085224701,-1.1573229341274334,25.729300407062542,0.6295741068180681,-28.17804190426896,0.2719344611720337,2.444561587756933,0.00015748,13.271186696101283,0.00081957,0,0.0
595,-0.5774846168213239,3.246854072556277,-1.54e-06,0.7631940241558249,2.47659447396597,67.38208220439634,1.0052136313683062,62.60336719141632,0.12067054082980143,-84.31919362041161,-1.1573229341274334,78.26116960157563,0.6295741068180681,-51.13877716488589,0.2719344611720337,4.790248910659145,0.00015748,12.155306361731093,0.00081957,0,0.0
596,0.905780755958324,1.6166520389588506,-1.54e-06,0.7631940241558249,2.47659447396597,57.35135563844345,1.0052136313683062,69.64796343585675,0.12067054082980143,-70.99747796190572,-1.1573229341274334,-58.577543366347605,0.6295741068180681,-11.042771808010434,0.2719344611720337,0.2984560638899101,0.00015748,15.436940679166797,0.00081957,0,0.0
597,-0.6113180696809712,2.032122282378465,-1.54e-06,0.7631940241558249,2.47659447396597,58.791049467961685,1.0052136313683062,34.60196300931325,0.12067054082980143,-24.43087794126012,-1.1573229341274334,28.881218046544614,0.6295741068180681,-55.48896048796293,0.2719344611720337,3.140423673592218,0.00015748,9.091474003704246,0.00081957,0,0.0
598,2.2046873346997398,1.7478542031905293,-1.54e-06,0.7631940241558249,2.47659447396597,-38.95251225804493,1.0052136313683062,9.940831931533573,0.12067054082980143,-64.07062855729424,-1.1573229341274334,13.155066451114964,0.6295741068180681,75.33068117766791,0.2719344611720337,-0.21964568394015369,0.00015748,0.22138649551254283,0.00081957,1,0.0
599,3.2474218642940067,11.752604800213973,-1.54e-06,0.7631940241558249,2.47659447396597,-61.11666185412849,1.0052136313683062,-16.67190820943317,0.12067054082980143,-32.71915874663837,-1.1573229341274334,-2.8702758909830557,0.6295741068180681,97.70807826551041,0.2719344611720337,-3.2963326873068595,0.00015748,0.22875820592609708,0.00081957,1,0.0
600,0.0066388285011447015,7.549069153614135e-06,-1.54e-06,4.121352885726401,32.50711697721612,43.65871755667937,1.0052136313683062,81.94567913085478,0.12067054082980143,-27.315448393302677,-1.1573229341274334,18.246076346717004,0.6295741068180681,-33.29856438493065,0.2719344611720337,-0.0002529745265814492,0.00015748,0.0002529632000132025,0.00081957,1,0.0
601,0.003294833138128262,2.9467543495378886e-06,-1.54e-06,4.121352885726401,32.50711697721612,52.25301338319779,1.0052136313683062,52.18197407561615,0.12067054082980143,-44.63859947525614,-1.1573229341274334,-92.08464054739895,0.6295741068180681,-23.887700535610126,0.2719344611720337,-0.00015611731083758207,0.00015748,0.0001561391239777133,0.00081957,1,0.0
602,2.901286474093611e-06,2.0481987910205608e-07,-1.54e-06,4.121352885726401,32.50711697721612,9.366104835722574,1.0052136313683062,15.156943329018096,0.12067054082980143,-57.171306448653084,-1.1573229341274334,-36.926203842471,0.6295741068180681,-2.254889422889273,0.2719344611720337,-4.0961578862009856e-05,0.00015748,4.096080920533467e-05,0.00081957,1,0.0
603,0.00040458247994766756,4.496624776264026e-08,-1.54e-06,4.121352885726401,32.50711697721612,-10.28218776646237,1.0052136313683062,6.836652320949844,0.12067054082980143,-14.662223438911274,-1.1573229341274334,-17.139549602421877,0.6295741068180681,1.2126770290173547,0.2719344611720337,-1.95205920941767e-05,0.00015748,1.9519868028220243e-05,0.00081957,1,0.0
604,0.0029519854865044854,1.646513789283716e-06,-1.54e-06,4.121352885726401,32.50711697721612,-5.085051342501616,1.0052136313683062,39.19071885336657,0.12067054082980143,-36.385525094653026,-1.1573229341274334,79.31204560254709,0.6295741068180681,-8.879060546140165,0.2719344611720337,-0.00011855355751790148,0.00015748,0.00011856328127613836,0.00081957,1,0.0
605,0.0032070841331522932,2.8137794392623982e-06,-1.54e-06,4.121352885726401,32.50711697721612,37.518298332231645,1.0052136313683062,51.12251507411311,0.12067054082980143,-53.43824960180513,-1.1573229341274334,14.676729606041196,0.6295741068180681,-20.169378944994897,0.2719344611720337,-0.00015258772436297968,0.00015748,0.00015257019418267524,0.00081957,1,0.0
606,0.0024310780887788117,1.1463528158255975e-06,-1.54e-06,4.121352885726401,32.50711697721612,-48.14110783429412,1.0052136313683062,33.95125378162588,0.12067054082980143,-53.65653004452989,-1.1573229341274334,-59.575252677879625,0.6295741068180681,3.8292082132904572,0.2719344611720337,-9.941737986658434e-05,0.00015748,9.944181605794634e-05,0.00081957,1,0.0
607,1.4809417175732937e-05,3.5678753158606966e-07,-1.54e-06,4.121352885726401,32.50711697721612,67.05496720672889,1.0052136313683062,16.884511140143346,0.12067054082980143,-36.55406846697201,-1.1573229341274334,-84.47172795954884,0.6295741068180681,-16.448767380969624,0.2719344611720337,-4.7385449333714646e-05,0.00015748,4.75065556634945e-05,0.00081957,1,0.0
608,0.005611033785235446,7.355815922130923e-06,-1.54e-06,4.121352885726401,32.50711697721612,92.61717362416493,1.0052136313683062,81.27337724413574,0.12067054082980143,-45.42866215539519,-1.1573229341274334,-64.86501166298821,0.6295741068180681,-41.752983621061986,0.2719344611720337,-0.00024678536215282386,0.00015748,0.0002468633559690791,0.00081957,1,0.0
609,0.006264148667487646,7.787368125674165e-06,-1.54e-06,4.121352885726401,32.50711697721612,65.17456318663722,1.0052136313683062,83.57903555824427,0.12067054082980143,-41.22814791980014,-1.1573229341274334,36.536726407545814,0.6295741068180681,-37.38360109941736,0.2719344611720337,-0.0002558212473375457,0.00015748,0.0002558540893146621,0.00081957,1,0.0
610,3.724729532631941e-05,2.299852006581127e-07,-1.54e-06,4.121352885726401,32.50711697721612,21.841934012476695,1.0052136313683062,15.308951044874878,0.12067054082980143,-52.67117973401388,-1.1573229341274334,44.14509565744376,0.6295741068180681,-5.626077533897898,0.2719344611720337,-4.202458734744893e-05,0.00015748,4.2017328379665176e-05,0.00081957,1,0.0
611,0.004935628747457765,4.907708337766607e-05,-1.54e-06,4.121352885726401,32.50711697721612,-64.0449026763229,1.0052136313683062,47.56072210058221,0.12067054082980143,-88.4154242576091,-1.1573229341274334,22.73348394820535,0.6295741068180681,27.34002412763732,0.2719344611720337,-6.968831561438057e-05,0.00015748,0.00016444873166031578,0.00081957,1,0.0
612,0.005247799053576362,2.6121371149361545e-06,-1.54e-06,4.121352885726401,32.50711697721612,-82.80109211354292,1.0052136313683062,48.065188246710605,0.12067054082980143,-5.223460566956909,-1.1573229341274334,-9.710831583487128,0.6295741068180681,2.771910324618948,0.2719344611720337,-0.00015198555204465287,0.00015748,0.00015195633582711473,0.00081957,1,0.0
613,0.0070101609680449165,8.183974424365479e-06,-1.54e-06,4.121352885726401,32.50711697721612,33.67651424744438,1.0052136313683062,85.3631117903085,0.12067054082980143,-31.283321006436264,-1.1573229341274334,81.73760937518064,0.6295741068180681,-32.19196006553236,0.2719344611720337,-0.00026373860848185416,0.00015748,0.0002637888818046936,0.00081957,1,0.0
614,0.004186025916509741,3.98627272321633e-06,-1.54e-06,4.121352885726401,32.50711697721612,-28.267072231446885,1.0052136313683062,62.5755664636948,0.12067054082980143,-85.1148323561928,-1.1573229341274334,-81.42167074860711,0.6295741068180681,-6.987759926566202,0.2719344611720337,-0.000184471241238805,0.00015748,0.0001844762311435006,0.00081957,1,0.0
615,0.0027273125230051834,3.2649240398638414e-06,-1.54e-06,4.121352885726401,32.50711697721612,99.89003528590827,1.0052136313683062,54.93074310429613,0.12067054082980143,-61.96714932760433,-1.1573229341274334,15.103468939592656,0.6295741068180681,-33.98245309164364,0.2719344611720337,-0.00016258954069646052,0.00015748,0.0001626094255598279,0.00081957,1,0.0
616,7.668409403800312e-06,1.6842178212223106e-07,-1.54e-06,4.121352885726401,32.50711697721612,-72.44805973531004,1.0052136313683062,14.821259529305427,0.12067054082980143,-92.84946675372318,-1.1573229341274334,-29.626397265736895,0.6295741068180681,17.988223143940193,0.2719344611720337,-3.782173946992311e-05,0.00015748,3.7867239995414514e-05,0.00081957,1,0.0
617,0.002868118660676836,1.2469014175119124e-06,-1.54e-06,4.121352885726401,32.50711697721612,-48.8354306967394,1.0052136313683062,34.37104986295341,0.12067054082980143,-38.200290312428464,-1.1573229341274334,8.174092100870364,0.6295741068180681,2.373113106891569,0.2719344611720337,-0.000103358689622853,0.00015748,0.00010333753371163641,0.00081957,1,0.0
618,2.6632037247646982e-05,1.3142461311636298e-07,-1.54e-06,4.121352885726401,32.50711697721612,-75.91409658189556,1.0052136313683062,14.079629672475434,0.12067054082980143,-91.84001231198341,-1.1573229341274334,24.11017452395702,0.6295741068180681,18.659906803248692,0.2719344611720337,-3.585059562517555e-05,0.00015748,3.584893911710344e-05,0.00081957,1,0.0
619,0.005568759308126923,4.4304940303522614e-06,-1.54e-06,4.121352885726401,32.50711697721612,-55.658321911606734,1.0052136313683062,64.36193522587465,0.12067054082980143,-45.29696389667294,-1.1573229341274334,-40.36241106680116,0.6295741068180681,-4.957896576237335,0.2719344611720337,-0.00019628701840652716,0.00015748,0.00019630844572148207,0.00081957,1,0.0
620,0.006554961598887605,7.703460684900149e-06,-1.54e-06,4.121352885726401,32.50711697721612,53.246466619980296,1.0052136313683062,82.69100871636807,0.12067054082980143,-30.12756505830036,-1.1573229341274334,31.49252594787019,0.6295741068180681,-35.390235151146285,0.2719344611720337,-0.00025477109992668297,0.00015748,0.00025484636268184954,0.00081957,1,0.0
621,0.0008630060543764751,1.7195766423228064e-07,-1.54e-06,4.121352885726401,32.50711697721612,-61.935671079983265,1.0052136313683062,14.332790801777357,0.12067054082980143,-49.44934314925686,-1.1573229341274334,6.543323703815072,0.6295741068180681,12.409049826235696,0.2719344611720337,-3.940995711627106e-05,0.00015748,3.9418903910377545e-05,0.00081957,1,0.0
622,0.0011026905888686972,2.310899767617501e-07,-1.54e-06,4.121352885726401,32.50711697721612,-47.524189903298605,1.0052136313683062,15.789615175676602,0.12067054082980143,-40.16848863252156,-1.1573229341274334,76.68745884909836,0.6295741068180681,7.884799664322161,0.2719344611720337,-4.529557909876004e-05,0.00015748,4.5292992834558056e-05,0.00081957,1,0.0
623,0.004336442530745124,5.84328529992805e-06,-1.54e-06,4.121352885726401,32.50711697721612,97.32025372438174,1.0052136313683062,73.34305074948631,0.12067054082980143,-69.45414070741546,-1.1573229341274334,55.19129655481926,0.6295741068180681,-38.87180582399174,0.2719344611720337,-0.00021948914673130396,0.00015748,0.00021949527458283826,0.00081957,1,0.0
624,1.6722316578060038e-05,7.902007269419767e-07,-1.54e-06,4.121352885726401,32.50711697721612,97.12263270347158,1.0052136313683062,27.77093917741725,0.12067054082980143,-69.10924986739116,-1.1573229341274334,-25.22833387212931,0.6295741068180681,-24.055756086551828,0.2719344611720337,-7.783360171077533e-05,0.00015748,7.783691401182485e-05,0.00081957,1,0.0
625,0.003212334263710745,2.2506964250434176e-06,-1.54e-06,4.121352885726401,32.50711697721612,0.8241227627128319,1.0052136313683062,45.96131427492637,0.12067054082980143,-47.21849393102737,-1.1573229341274334,-41.000199190634525,0.6295741068180681,-10.965813253117506,0.2719344611720337,-0.0001373199711462144,0.00015748,0.00013737666888329715,0.00081957,1,0.0
626,0.0024191609123655256,2.5166032969958243e-06,-1.54e-06,4.121352885726401,32.50711697721612,27.20236930999947,1.0052136313683062,49.736189609310216,0.12067054082980143,-88.05326997560564,-1.1573229341274334,57.49550930324436,0.6295741068180681,-15.024690119865259,0.2719344611720337,-0.0001442780578221284,0.00015748,0.0001443022994877958,0.00081957,1,0.0
627,6.292229324438839e-05,7.104965365286756e-07,-1.54e-06,4.121352885726401,32.50711697721612,39.61768967257013,1.0052136313683062,27.60307901905716,0.12067054082980143,-92.51425435175189,-1.1573229341274334,-21.99527969168809,0.6295741068180681,-9.977866631253486,0.2719344611720337,-7.556452043279828e-05,0.00015748,7.556880749767263e-05,0.00081957,1,0.0
628,0.005341845695496374,4.266901066416549e-06,-1.54e-06,4.121352885726401,32.50711697721612,-40.22827246723666,1.0052136313683062,63.036274043615144,0.12067054082980143,-43.37183816203789,-1.1573229341274334,-16.944384425775905,0.6295741068180681,-8.062996491722451,0.2719344611720337,-0.000192327125694726,0.00015748,0.00019233508779629413,0.00081957,1,0.0
629,0.005355577480614036,5.72545880788211e-06,-1.54e-06,4.121352885726401,32.50711697721612,40.83198437565374,1.0052136313683062,71.92698243292162,0.12067054082980143,-45.2212617409493,-1.1573229341274334,84.30324858077157,0.6295741068180681,-28.395661128953805,0.2719344611720337,-0.00021943288812003057,0.00015748,0.00021941277881035593,0.00081957,1,0.0
630,0.0036133243084333585,2.9713471433938126e-06,-1.54e-06,4.121352885726401,32.50711697721612,92.75875313324462,1.0052136313683062,50.65097416584467,0.12067054082980143,-8.41068417295882,-1.1573229341274334,3.268652762404732,0.6295741068180681,-35.18899178837735,0.2719344611720337,-0.00015641370082225488,0.00015748,0.0001564313704919597,0.00081957,1,0.0
631,0.0030849050549581476,1.1551158410570304e-06,-1.54e-06,4.121352885726401,32.50711697721612,-80.0968804674517,1.0052136313683062,33.45399206538655,0.12067054082980143,-40.89500601387298,-1.1573229341274334,78.79998273428157,0.6295741068180681,9.257155586314548,0.2719344611720337,-0.00010107927130816825,0.00015748,0.00010111895737196141,0.00081957,1,0.0
632,0.0023031662454913197,8.965235709720073e-07,-1.54e-06,4.121352885726401,32.50711697721612,-34.52220481819199,1.0052136313683062,29.506351558267436,0.12067054082980143,-33.85540090784446,-1.1573229341274334,-95.29765890615298,0.6295741068180681,0.9516450702469694,0.2719344611720337,-8.773034466826775e-05,0.00015748,8.772246286957628e-05,0.00081957,1,0.0
633,0.0033536686717148094,3.4783233330828136e-06,-1.54e-06,4.121352885726401,32.50711697721612,12.466141790488585,1.0052136313683062,58.070273187836754,0.12067054082980143,-84.36376955577026,-1.1573229341274334,-93.12187263719845,0.6295741068180681,-14.21544956437311,0.2719344611720337,-0.000169865234325814,0.00015748,0.0001699421255929288,0.00081957,1,0.0
634,0.0009436777721266628,1.6193313835888418e-07,-1.54e-06,4.121352885726401,32.50711697721612,-57.26699082466202,1.0052136313683062,13.558554319901928,0.12067054082980143,-41.492684903745904,-1.1573229341274334,41.76492956743957,0.6295741068180681,10.909678369670232,0.2719344611720337,-3.806194427538703e-05,0.00015748,3.80729998959255e-05,0.00081957,1,0.0
635,0.0015894469548908786,5.550576477321148e-07,-1.54e-06,4.121352885726401,32.50711697721612,-30.280767574040357,1.0052136313683062,23.716264172509746,0.12067054082980143,-41.11985363550741,-1.1573229341274334,-26.034029412067724,0.6295741068180681,2.1803732913373914,0.2719344611720337,-6.904476178102846e-05,0.00015748,6.90559969100906e-05,0.00081957,1,0.0
636,0.0018080670398856313,1.1498441258288587e-06,-1.54e-06,4.121352885726401,32.50711697721612,45.46158677100236,1.0052136313683062,32.618891696140054,0.12067054082980143,-34.380421973535476,-1.1573229341274334,-7.945442382778114,0.6295741068180681,-17.351646864083826,0.2719344611720337,-9.691049509527304e-05,0.00015748,9.692263011835066e-05,0.00081957,1,0.0
637,0.004660509546540616,2.8576048884457086e-06,-1.54e-06,4.121352885726401,32.50711697721612,-84.12541155308952,1.0052136313683062,52.191086170730856,0.12067054082980143,-48.20709247242444,-1.1573229341274334,-24.85432298401988,0.6295741068180681,5.1193612188953335,0.2719344611720337,-0.00015823640127209747,0.00015748,0.0001582179965631179,0.00081957,1,0.0
638,0.0019677549786970027,1.9401029327419965e-06,-1.54e-06,4.121352885726401,32.50711697721612,9.113776752964396,1.0052136313683062,44.46102541146176,0.12067054082980143,-90.90020758278474,-1.1573229341274334,-77.50243197760804,0.6295741068180681,-8.749552682309892,0.2719344611720337,-0.0001269674390367728,0.00015748,0.0001269814556494464,0.00081957,1,0.0
639,0.00537688121789707,6.770835847367571e-06,-1.54e-06,4.121352885726401,32.50711697721612,-3.107206056687751,1.0052136313683062,80.39914595243768,0.12067054082980143,-97.53780836870257,-1.1573229341274334,18.390732665314992,0.6295741068180681,-17.421505665672285,0.2719344611720337,-0.00023889853503543677,0.00015748,0.00023898649441419503,0.00081957,1,0.0
640,1.3123545745340388e-05,5.766126567320311e-06,-1.54e-06,4.121352885726401,32.50711697721612,-33.571099426681926,1.0052136313683062,8.136057716716007,0.12067054082980143,-55.844110497190336,-1.1573229341274334,-75.86012972743396,0.6295741068180681,11.83658036607242,0.2719344611720337,-1.4549140094617812e-05,0.00015748,2.601673527076487e-05,0.00081957,1,0.0
641,0.0027183912075068395,1.372942261333833e-06,-1.54e-06,4.121352885726401,32.50711697721612,34.54923389695627,1.0052136313683062,34.71463664808564,0.12067054082980143,-9.327660332374238,-1.1573229341274334,43.61751703787913,0.6295741068180681,-17.83527569924236,0.2719344611720337,-0.00010749061835419963,0.00015748,0.00010748965311641687,0.00081957,1,0.0
642,0.004287901906973993,5.200021284966638e-06,-1.54e-06,4.121352885726401,32.50711697721612,41.106467170700796,1.0052136313683062,70.30190465203496,0.12067054082980143,-82.30260845882918,-1.1573229341274334,-32.51759168861567,0.6295741068180681,-24.610470844812685,0.2719344611720337,-0.00020843850998768216,0.00015748,0.00020844316817251514,0.00081957,1,0.0
643,0.007296503391320666,8.139315329145778e-06,-1.54e-06,4.121352885726401,32.50711697721612,11.170574211526352,1.0052136313683062,85.15893948208395,0.12067054082980143,-24.416560493937503,-1.1573229341274334,-65.61972044500764,0.6295741068180681,-27.276589605582878,0.2719344611720337,-0.0002633569298532543,0.00015748,0.00026345011996555516,0.00081957,1,0.0
644,0.0018307576735711597,7.756030486119456e-07,-1.54e-06,4.121352885726401,32.50711697721612,55.234224320324685,1.0052136313683062,25.552730008802953,0.12067054082980143,-2.2060620567319558,-1.1573229341274334,86.48650230121174,0.6295741068180681,-20.039575270312685,0.2719344611720337,-7.969849775664213e-05,0.00015748,7.970888597023873e-05,0.00081957,1,0.0
645,3.0320511001311057e-06,4.187448869617231e-07,-1.54e-06,4.121352885726401,32.50711697721612,33.47059060251663,1.0052136313683062,21.210825737651657,0.12067054082980143,-69.93191810802116,-1.1573229341274334,-87.59864168529414,0.6295741068180681,-8.12106282597043,0.2719344611720337,-5.790388189267077e-05,0.00015748,5.7906923192311786e-05,0.00081957,1,0.0
646,0.0028104856784650113,2.0205725274668394e-06,-1.54e-06,4.121352885726401,32.50711697721612,-11.444604370142144,1.0052136313683062,44.39637358989626,0.12067054082980143,-64.20058930279816,-1.1573229341274334,-28.511209615693826,0.6295741068180681,-6.614445886131735,0.2719344611720337,-0.00013048325629139962,0.00015748,0.00013047171248075547,0.00081957,1,0.0
647,0.0028702613137291146,6.32792352281378e-07,-1.54e-06,4.121352885726401,32.50711697721612,-97.11102150471389,1.0052136313683062,24.70389281601044,0.12067054082980143,-21.547132005316776,-1.1573229341274334,63.79946873530143,0.6295741068180681,14.217497790721872,0.2719344611720337,-7.67534123138437e-05,0.00015748,7.67628493093638e-05,0.00081957,1,0.0
648,0.001953260446255275,4.537732266057223e-06,-1.54e-06,4.121352885726401,32.50711697721612,-64.91356326796522,1.0052136313683062,22.762492951930852,0.12067054082980143,-45.862214907109966,-1.1573229341274334,59.45327912572613,0.6295741068180681,11.774178966666646,0.2719344611720337,-6.027846112582637e-05,0.00015748,6.841797956234102e-05,0.00081957,1,0.0
649,0.0016846816080976377,1.8321562604332196e-06,-1.54e-06,4.121352885726401,32.50711697721612,70.57212074643562,1.0052136313683062,41.87354362903837,0.12067054082980143,-68.30446156997188,-1.1573229341274334,61.85977008074979,0.6295741068180681,-23.296595511743732,0.2719344611720337,-0.00012178600149340356,0.00015748,0.00012178829078397328,0.00081957,1,0.0
650,0.00017850072196154594,7.84303199492401e-05,-1.54e-06,4.121352885726401,32.50711697721612,-1.6059101176159152,1.0052136313683062,-27.891996375183805,0.12067054082980143,-8.00630633988137,-1.1573229341274334,63.47641476557922,0.6295741068180681,45.40827810134689,0.2719344611720337,-6.213934160353208e-05,0.00015748,0.00021577000928032727,0.00081957,1,0.0
651,0.00236527461098141,2.7033492913431167e-06,-1.54e-06,4.121352885726401,32.50711697721612,72.96425009695706,1.0052136313683062,50.67532228120216,0.12067054082980143,-70.11901012258065,-1.1573229341274334,-78.64566331521567,0.6295741068180681,-25.91011359765334,0.2719344611720337,-0.00014806415167527664,0.00015748,0.00014805440473966125,0.00081957,1,0.0
652,0.002733479397397477,2.9313431817634342e-06,-1.54e-06,4.121352885726401,32.50711697721612,84.04633198706915,1.0052136313683062,52.089867695588346,0.12067054082980143,-57.83830407412637,-1.1573229341274334,42.30962956593789,0.6295741068180681,-30.137434271805873,0.2719344611720337,-0.00015461024916445633,0.00015748,0.0001546210890709626,0.00081957,1,0.0
653,0.006094808977516369,3.5002187841640674e-05,-1.54e-06,4.121352885726401,32.50711697721612,-79.39662654651922,1.0052136313683062,48.303978182957906,0.12067054082980143,-24.728302852356762,-1.1573229341274334,80.93730655418103,0.6295741068180681,18.439338450889526,0.2719344611720337,-9.94423254497215e-05,0.00015748,0.000165098717821714,0.00081957,1,0.0
654,0.0029883022309078995,2.1978914053549307e-06,-1.54e-06,4.121352885726401,32.50711697721612,-13.966455968550237,1.0052136313683062,46.10063839051075,0.12067054082980143,-67.39060514482203,-1.1573229341274334,81.91459331524182,0.6295741068180681,-6.796329862804904,0.2719344611720337,-0.0001361188840540735,0.00015748,0.00013616694572328745,0.00081957,1,0.0
655,0.0029073819132515027,3.00009584955332e-06,-1.54e-06,4.121352885726401,32.50711697721612,64.48867218753561,1.0052136313683062,52.82117576133911,0.12067054082980143,-63.55265746304991,-1.1573229341274334,99.90552189507574,0.6295741068180681,-25.990083425052497,0.2719344611720337,-0.00015676084515077652,0.00015748,0.0001567999374836805,0.00081957,1,0.0
656,0.003544680571896992,1.70068001046361e-06,-1.54e-06,4.121352885726401,32.50711697721612,1.1879098731549296,1.0052136313683062,38.5034167258227,0.12067054082980143,-1.5457583352954347,-1.1573229341274334,-46.64137264135169,0.6295741068180681,-12.18872881357615,0.2719344611720337,-0.0001204974557739147,0.00015748,0.00012048528809353408,0.00081957,1,0.0
657,0.0032516456492648143,8.37513072544273e-07,-1.54e-06,4.121352885726401,32.50711697721612,-84.97957322756027,1.0052136313683062,27.8404632217903,0.12067054082980143,-12.387573922056507,-1.1573229341274334,69.11589985214044,0.6295741068180681,9.911673309866721,0.2719344611720337,-8.789990894743742e-05,0.00015748,8.790469783448207e-05,0.00081957,1,0.0
658,0.006328735382622165,5.6109181351827755e-06,-1.54e-06,4.121352885726401,32.50711697721612,-6.030891124171564,1.0052136313683062,70.62805506371873,0.12067054082980143,-18.741186074561266,-1.1573229341274334,96.05313079303897,0.6295741068180681,-20.09533405139094,0.2719344611720337,-0.00022014612241121623,0.00015748,0.00022015781354968193,0.00081957,1,0.0
659,8.698378707536962e-05,1.7023358425794712e-07,-1.54e-06,4.121352885726401,32.50711697721612,-66.11362195095731,1.0052136313683062,15.633777104505969,0.12067054082980143,-88.07188006575352,-1.1573229341274334,-99.1246120418813,0.6295741068180681,16.278834073934483,0.2719344611720337,-4.0218255862652985e-05,0.00015748,4.022054876815365e-05,0.00081957,1,0.0
660,0.006761353853256567,7.0556310281705214e-06,-1.54e-06,4.121352885726401,32.50711697721612,22.562738055996295,1.0052136313683062,78.87091723700989,0.12067054082980143,-16.107888853863557,-1.1573229341274334,-94.8377972620966,0.6295741068180681,-28.217182553857054,0.2719344611720337,-0.0002443693068263449,0.00015748,0.0002445032187858033,0.00081957,1,0.0
661,0.0008489369229166687,9.666592794143147e-07,-1.54e-06,4.121352885726401,32.50711697721612,3.251251330760407,1.0052136313683062,32.16158382389143,0.12067054082980143,-95.54409265342942,-1.1573229341274334,66.98594550967347,0.6295741068180681,-3.8074564747638835,0.2719344611720337,-8.947534372630024e-05,0.00015748,8.948634070494305e-05,0.00081957,1,0.0
662,0.0028395522498148407,2.204446809397511e-06,-1.54e-06,4.121352885726401,32.50711697721612,-24.79719720607718,1.0052136313683062,46.993058603388,0.12067054082980143,-81.21969496620207,-1.1573229341274334,32.27653306264769,0.6295741068180681,-3.5218045800955617,0.2719344611720337,-0.00013697583479870012,0.00015748,0.00013698792292470376,0.00081957,1,0.0
663,0.0015351826950991178,3.850636113708556e-07,-1.54e-06,4.121352885726401,32.50711697721612,12.357467197910282,1.0052136313683062,18.180506645488535,0.12067054082980143,-3.1778231058497193,-1.1573229341274334,45.743944560843104,0.6295741068180681,-8.339598261234363,0.2719344611720337,-5.681929046824636e-05,0.00015748,5.683132776131007e-05,0.00081957,1,0.0
664,0.007492929474005319,6.569512525683012e-06,-1.54e-06,4.121352885726401,32.50711697721612,-38.80979199837712,1.0052136313683062,76.15743197228096,0.12067054082980143,-0.9370697100582213,-1.1573229341274334,-79.11089295203784,0.6295741068180681,-15.558999638801943,0.2719344611720337,-0.00023953571170271684,0.00015748,0.00023955342892223395,0.00081957,1,0.0
665,0.0004989367644220228,2.996468295594164e-07,-1.54e-06,4.121352885726401,32.50711697721612,79.85260140203198,1.0052136313683062,15.829539350999058,0.12067054082980143,-7.792108172642465,-1.1573229341274334,23.452949454318627,0.6295741068180681,-21.50817497315338,0.2719344611720337,-4.764656102166871e-05,0.00015748,4.764851549951101e-05,0.00081957,1,0.0
666,0.002320824496535797,7.123870046345957e-07,-1.54e-06,4.121352885726401,32.50711697721612,-50.80506734017796,1.0052136313683062,25.896071507747255,0.12067054082980143,-29.807435911758308,-1.1573229341274334,71.53345709310157,0.6295741068180681,4.60365827040936,0.2719344611720337,-7.839087975367921e-05,0.00015748,7.843759576706916e-05,0.00081957,1,0.0
667,1.1529143452935217e-06,2.5780912376251603e-05,-1.54e-06,4.121352885726401,32.50711697721612,71.50654634523984,1.0052136313683062,5.300564316692241,0.12067054082980143,-34.38798681732733,-1.1573229341274334,74.2642064931417,0.6295741068180681,-2.5112342732206017,0.2719344611720337,6.758470013734637e-07,0.00015748,5.087963792267742e-05,0.00081957,0,0.0
668,0.003200107406474691,3.3023992200766324e-06,-1.54e-06,4.121352885726401,32.50711697721612,40.73985206566017,1.0052136313683062,56.122755081714935,0.12067054082980143,-74.11322029214743,-1.1573229341274334,62.68351404011004,0.6295741068180681,-21.034947413157713,0.2719344611720337,-0.00016580442980000844,0.00015748,0.00016580545795309172,0.00081957,1,0.0
669,1.9133151551169354e-06,3.962095007035584e-07,-1.54e-06,4.121352885726401,32.50711697721612,50.15283940721857,1.0052136313683062,19.880529056903516,0.12067054082980143,-61.45930480748243,-1.1573229341274334,92.62248293697932,0.6295741068180681,-12.61470018103266,0.2719344611720337,-5.523686087431034e-05,0.00015748,5.523156896772797e-05,0.00081957,1,0.0
670,0.0038076640880189984,3.3384099521956733e-06,-1.54e-06,4.121352885726401,32.50711697721612,-6.40514433546137,1.0052136313683062,56.64424524100432,0.12067054082980143,-69.24355612327408,-1.1573229341274334,-5.9818569397271455,0.6295741068180681,-11.277809741541864,0.2719344611720337,-0.0001682234130719863,0.00015748,0.0001682175031265713,0.00081957,1,0.0
671,0.0041304103094129165,3.800130799099628e-06,-1.54e-06,4.121352885726401,32.50711697721612,36.02999969372365,1.0052136313683062,58.806912092795876,0.12067054082980143,-46.21691002343749,-1.1573229341274334,47.99743334913415,0.6295741068180681,-22.960395062666784,0.2719344611720337,-0.0001778350570081672,0.00015748,0.00017791691192838507,0.00081957,1,0.0
672,0.006658521776085746,4.241855043811719e-06,-1.54e-06,4.121352885726401,32.50711697721612,-86.75780614266002,1.0052136313683062,61.32649637314406,0.12067054082980143,-1.5044501279794014,-1.1573229341274334,56.64866180419848,0.6295741068180681,-1.143245098281112,0.2719344611720337,-0.00019490506649915245,0.00015748,0.00019490552241954438,0.00081957,1,0.0
673,0.0029819633146191274,9.8668804562839e-07,-1.54e-06,4.121352885726401,32.50711697721612,-52.214505244525306,1.0052136313683062,30.384207093787357,0.12067054082980143,-16.02907314687985,-1.1573229341274334,-83.21227178934807,0.6295741068180681,3.014664979930114,0.2719344611720337,-9.34420236329188e-05,0.00015748,9.343839405134031e-05,0.00081957,1,0.0
674,0.00015695165376362799,4.115357081872324e-08,-1.54e-06,4.121352885726401,32.50711697721612,-45.558869671074405,1.0052136313683062,7.191372957511019,0.12067054082980143,-45.68983223560681,-1.1573229341274334,91.28390918778923,0.6295741068180681,10.571343810267951,0.2719344611720337,-1.8457313474920565e-05,0.00015748,1.84715594605527e-05,0.00081957,1,0.0
675,0.0011612731537258597,7.519504952027502e-07,-1.54e-06,4.121352885726401,32.50711697721612,-15.876052696162866,1.0052136313683062,28.266790900249482,0.12067054082980143,-73.85099606947826,-1.1573229341274334,42.88852235797777,0.6295741068180681,-0.07944245946979897,0.2719344611720337,-7.966184517602753e-05,0.00015748,7.966881967112512e-05,0.00081957,1,0.0
676,5.439978946716103e-05,1.3540734066618747e-09,-1.54e-06,4.121352885726401,32.50711697721612,-64.39693652074747,1.0052136313683062,0.9727789449421055,0.12067054082980143,-32.148572490297255,-1.1573229341274334,54.262070769547485,0.6295741068180681,15.654103774143834,0.2719344611720337,-3.0727999556510435e-06,0.00015748,3.0745734030090314e-06,0.00081957,1,0.0
677,0.0026564707317904244,1.4019647518386319e-06,-1.54e-06,4.121352885726401,32.50711697721612,-14.413539390087777,1.0052136313683062,36.72531964153757,0.12067054082980143,-39.294548403763486,-1.1573229341274334,-84.4206848333906,0.6295741068180681,-5.240438414449771,0.2719344611720337,-0.00010939886123079902,0.00015748,0.00010940472102188292,0.00081957,1,0.0
678,0.004225831853163997,2.7167150509832582e-06,-1.54e-06,4.121352885726401,32.50711697721612,25.578222151536348,1.0052136313683062,48.704395169271685,0.12067054082980143,-2.3508007045974613,-1.1573229341274334,-60.77998097134531,0.6295741068180681,-20.492858829665987,0.2719344611720337,-0.00015186889623274686,0.00015748,0.00015189145240923987,0.00081957,1,0.0
679,0.004450947809517238,3.5408375077295434e-06,-1.54e-06,4.121352885726401,32.50711697721612,-51.38144221894322,1.0052136313683062,58.71962991102084,0.12067054082980143,-67.9955330669079,-1.1573229341274334,-84.3464786474623,0.6295741068180681,-2.1555720083117214,0.2719344611720337,-0.000174980382412794,0.00015748,0.00017497884787884749,0.00081957,1,0.0
680,6.841700850210709e-06,3.5603696544646706e-08,-1.54e-06,4.121352885726401,32.50711697721612,-22.731695974943992,1.0052136313683062,6.8503796441497995,0.12067054082980143,-37.60280985869364,-1.1573229341274334,-24.82467299947408,0.6295741068180681,5.6558452151912615,0.2719344611720337,-1.775059349270308e-05,0.00015748,1.7749463841191634e-05,0.00081957,1,0.0
681,0.0039078200058260985,3.5242845153588236e-06,-1.54e-06,4.121352885726401,32.50711697721612,23.40208237027839,1.0052136313683062,57.43536830751294,0.12067054082980143,-55.523506068455895,-1.1573229341274334,30.04125488973572,0.6295741068180681,-19.0687764544034,0.2719344611720337,-0.00017237507571959878,0.00015748,0.00017237506456836362,0.00081957,1,0.0
682,7.871754929774841e-06,4.062027936283947e-05,-1.54e-06,4.121352885726401,32.50711697721612,-64.9173731889041,1.0052136313683062,-4.473781854034595,0.12067054082980143,-77.805389437989,-1.1573229341274334,-17.522393085563507,0.6295741068180681,40.16580123945935,0.2719344611720337,-1.9613550886455414e-05,0.00015748,0.00010049276339001758,0.00081957,1,0.0
683,0.003286711373161521,2.7469493631347404e-06,-1.54e-06,4.121352885726401,32.50711697721612,48.170853415899636,1.0052136313683062,50.05700231540561,0.12067054082980143,-38.22978323073613,-1.1573229341274334,-87.53323056389787,0.6295741068180681,-22.847833719874636,0.2719344611720337,-0.0001503790175741923,0.00015748,0.0001504367710960886,0.00081957,1,0.0
684,0.0002735522885610373,5.88478971166315e-07,-1.54e-06,4.121352885726401,32.50711697721612,4.613914003988512,1.0052136313683062,25.593852654727012,0.12067054082980143,-91.0475241197957,-1.1573229341274334,-14.246067030589428,0.6295741068180681,-2.0361060312808794,0.2719344611720337,-6.966897805166574e-05,0.00015748,6.967781586289102e-05,0.00081957,1,0.0
685,6.7071824775099e-05,6.64401429399691e-09,-1.54e-06,4.121352885726401,32.50711697721612,-86.48675030240474,1.0052136313683062,4.154260447009878,0.12067054082980143,-52.83682255217046,-1.1573229341274334,-20.206696380833574,0.6295741068180681,21.230891898256253,0.2719344611720337,-9.847220149572026e-06,0.00015748,9.845835765141323e-06,0.00081957,1,0.0
686,0.0027875542632283374,1.9916606884299692e-06,-1.54e-06,4.121352885726401,32.50711697721612,65.3291361406664,1.0052136313683062,41.97029681551514,0.12067054082980143,-22.845798860710417,-1.1573229341274334,67.16394201611084,0.6295741068180681,-25.740636060641982,0.2719344611720337,-0.00012801834948022095,0.00015748,0.000128011524949183,0.00081957,1,0.0
687,7.126825887525238e-06,4.9249386841398256e-08,-1.54e-06,4.121352885726401,32.50711697721612,53.97631365196019,1.0052136313683062,5.811018763765295,0.12067054082980143,-1.282613848388296,-1.1573229341274334,82.9877372769131,0.6295741068180681,-13.555968404074372,0.2719344611720337,-1.7876161083682027e-05,0.00015748,1.7883440116927594e-05,0.00081957,1,0.0
688,0.00029308877009901407,1.2848868531251854e-06,-1.54e-06,4.121352885726401,32.50711697721612,-84.50034006738831,1.0052136313683062,2.1289707996766736,0.12067054082980143,-34.24022293907526,-1.1573229341274334,-83.57043087419993,0.6295741068180681,20.868208728524955,0.2719344611720337,-3.6389277272983296e-06,0.00015748,6.208606512372772e-06,0.00081957,1,0.0
689,0.0013793661613374464,2.4547383992024014e-07,-1.54e-06,4.121352885726401,32.50711697721612,-76.04671385479074,1.0052136313683062,16.67409652950472,0.12067054082980143,-40.85343737001227,-1.1573229341274334,-72.98868341470896,0.6295741068180681,14.318475091536834,0.2719344611720337,-4.7332043431695686e-05,0.00015748,4.734218692802327e-05,0.00081957,1,0.0
690,0.0007157665991970761,0.00010160896503533916,-1.54e-06,4.121352885726401,32.50711697721612,-31.050822478823928,1.0052136313683062,-35.4181866007219,0.12067054082980143,-2.581303683473418,-1.1573229341274334,14.886198360317211,0.6295741068180681,64.16860744877951,0.2719344611720337,-7.65256028401083e-05,0.00015748,0.0002744469210222705,0.00081957,1,0.0
691,0.0012934722202559198,8.211887318466369e-07,-1.54e-06,4.121352885726401,32.50711697721612,49.89968743579368,1.0052136313683062,27.699839974717975,0.12067054082980143,-35.51878678345383,-1.1573229341274334,26.66662349598938,0.6295741068180681,-16.78435477644477,0.2719344611720337,-8.159480023944921e-05,0.00015748,8.159443119053496e-05,0.00081957,1,0.0
692,0.003856275385601955,3.3625233676672686e-06,-1.54e-06,4.121352885726401,32.50711697721612,-27.48146836323277,1.0052136313683062,57.33530552302574,0.12067054082980143,-77.50894459410857,-1.1573229341274334,-85.27061323636417,0.6295741068180681,-6.064941066194128,0.2719344611720337,-0.00016904790126311345,0.00015748,0.00016903495071021027,0.00081957,1,0.0
693,0.00032478459115485537,1.1845535035945014e-06,-1.54e-06,4.121352885726401,32.50711697721612,99.12452491109592,1.0052136313683062,33.99634528265777,0.12067054082980143,-82.14919621021541,-1.1573229341274334,46.06277717272213,0.6295741068180681,-25.734190954682592,0.2719344611720337,-9.585413149147952e-05,0.00015748,9.586692272741347e-05,0.00081957,1,0.0
694,8.655460403115579e-07,3.232956076712724e-07,-1.54e-06,4.121352885726401,32.50711697721612,74.98625358997636,1.0052136313683062,17.022750203043802,0.12067054082980143,-36.985918796923926,-1.1573229341274334,31.93352279935358,0.6295741068180681,-18.628681385073424,0.2719344611720337,-4.831875995323548e-05,0.00015748,4.834581739585495e-05,0.00081957,1,0.0
695,0.0003291570762509768,7.523629061490285e-09,-1.54e-06,4.121352885726401,32.50711697721612,-65.20580793280047,1.0052136313683062,3.849657812528075,0.12067054082980143,-32.272371280959824,-1.1573229341274334,52.1536430437394,0.6295741068180681,14.930004107013692,0.2719344611720337,-9.271922591748825e-06,0.00015748,9.274813971541598e-06,0.00081957,1,0.0
696,4.805843177685095e-07,7.361522846365078e-06,-1.54e-06,4.121352885726401,32.50711697721612,64.063919079093,1.0052136313683062,7.860953983654206,0.12067054082980143,-14.272029299601487,-1.1573229341274334,-52.35023673198632,0.6295741068180681,-11.409496488368267,0.2719344611720337,-1.2956730007356535e-05,0.00015748,2.757016381823212e-05,0.00081957,1,0.0
697,0.002299246599962579,3.581372276844205e-05,-1.54e-06,4.121352885726401,32.50711697721612,89.60169754036642,1.0052136313683062,27.559652441043255,0.12067054082980143,-32.93543976501293,-1.1573229341274334,74.02476157484678,0.6295741068180681,-9.1455434321301,0.2719344611720337,-3.193311205254997e-05,0.00015748,0.00010235200560355401,0.00081957,1,0.0
698,0.004424223006613738,2.1278675893645393e-06,-1.54e-06,4.121352885726401,32.50711697721612,-46.21083835854128,1.0052136313683062,43.496888392752496,0.12067054082980143,-6.343486015482887,-1.1573229341274334,4.524622997318293,0.6295741068180681,-3.51583662407386,0.2719344611720337,-0.00013675758370107211,0.00015748,0.00013678696525543614,0.00081957,1,0.0
699,0.00030333473693815584,1.8229725097794606e-07,-1.54e-06,4.121352885726401,32.50711697721612,19.570478653158855,1.0052136313683062,13.633172664266377,0.12067054082980143,-31.947690981368527,-1.1573229341274334,-82.90114639316994,0.6295741068180681,-5.703460391602102,0.2719344611720337,-3.812546759717926e-05,0.00015748,3.812943177669212e-05,0.00081957,1,0.0
700,0.1411863643569667,0.12798269541087176,-1.54e-06,1.2158541232221989,2.735354949826481,-41.835420895823844,1.0052136313683062,1.2704029611821586,0.12067054082980143,-82.63541313899769,-1.1573229341274334,91.29309979716774,0.6295741068180681,56.67887522694862,0.2719344611720337,-0.16876090309901048,0.00015748,0.16739445806934916,0.00081957,1,0.0
701,1.566657444937563,2.109068728912201,-1.54e-06,1.2158541232221989,2.735354949826481,-13.379430717186139,1.0052136313683062,25.69278240304796,0.12067054082980143,-30.721866122591255,-1.1573229341274334,-54.342131114797,0.6295741068180681,41.61421998897686,0.2719344611720337,-0.3051166003922029,0.00015748,1.2750049233512661,0.00081957,1,0.0
702,0.3187783725301788,0.0585466568430522,-1.54e-06,1.2158541232221989,2.735354949826481,-7.375211441242733,1.0052136313683062,12.952704768265445,0.12067054082980143,-68.6116384484972,-1.1573229341274334,46.67726008792416,0.6295741068180681,32.26101633455219,0.2719344611720337,0.36357537829330633,0.00015748,0.8107224880402729,0.00081957,0,0.0
703,2.502288226592584,7.095633909467657,-1.54e-06,1.2158541232221989,2.735354949826481,-49.85536412320538,1.0052136313683062,26.74120962436769,0.12067054082980143,-2.5219482107966065,-1.1573229341274334,-96.38408851306453,0.6295741068180681,64.97851640091433,0.2719344611720337,-1.559374128542381,0.00015748,1.3687076549216324,0.00081957,1,0.0
704,0.056395568399245644,0.05510372807480815,-1.54e-06,1.2158541232221989,2.735354949826481,29.843825045049037,1.0052136313683062,26.721089522901696,0.12067054082980143,-69.90908839806438,-1.1573229341274334,20.668256787260738,0.6295741068180681,4.31546458951189,0.2719344611720337,0.3114786614816861,0.00015748,1.8193420676646377,0.00081957,0,0.0
705,1.0885579449251361,0.8725226885676995,-1.54e-06,1.2158541232221989,2.735354949826481,-11.357575429560551,1.0052136313683062,12.69077654070826,0.12067054082980143,-7.718099072422293,-1.1573229341274334,-67.9729470969909,0.6295741068180681,32.50709083158458,0.2719344611720337,-0.6190355452288819,0.00015748,0.6230282559558372,0.00081957,1,0.0
706,0.9202612555743783,0.3313018512124284,-1.54e-06,1.2158541232221989,2.735354949826481,-49.24747382991342,1.0052136313683062,11.380358730213587,0.12067054082980143,-88.89174897348519,-1.1573229341274334,41.07146514485843,0.6295741068180681,79.59040694466938,0.2719344611720337,-0.33944668401004935,0.00015748,0.3479442236517311,0.00081957,1,0.0
707,1.1836469995232735,2.4351252146513325,-1.54e-06,1.2158541232221989,2.735354949826481,-40.08782432243516,1.0052136313683062,22.330679708767942,0.12067054082980143,-82.99151655306765,-1.1573229341274334,-20.270732638077813,0.6295741068180681,80.30278065075305,0.2719344611720337,-1.1434482240655393,0.00015748,0.9046031257924794,0.00081957,1,0.0
708,0.3026083749091055,0.06750892000288686,-1.54e-06,1.2158541232221989,2.735354949826481,16.55853560563702,1.0052136313683062,15.086841763854915,0.12067054082980143,-36.16656859949245,-1.1573229341274334,2.121424569098446,0.6295741068180681,6.41507846235377,0.2719344611720337,0.3204167078020415,0.00015748,1.1399918482830984,0.00081957,0,0.0
709,0.3330601775837134,0.09635915153353926,-1.54e-06,1.2158541232221989,2.735354949826481,45.22680138032254,1.0052136313683062,24.222458662034338,0.12067054082980143,-31.154535048424876,-1.1573229341274334,-31.90285897954499,0.6295741068180681,-11.343529325191913,0.2719344611720337,0.28547994518648623,0.00015748,2.03761037673366,0.00081957,0,0.0
710,0.0003023035785212347,0.0037679183812329453,-1.54e-06,1.2158541232221989,2.735354949826481,29.702076046709188,1.0052136313683062,29.088985354753895,0.12067054082980143,-96.53231391397361,-1.1573229341274334,39.69107145586952,0.6295741068180681,14.821636038181591,0.2719344611720337,0.2838197183151747,0.00015748,2.168832064987938,0.00081957,0,0.0
711,-0.0008511035495423064,0.09107986058344192,-1.54e-06,1.2158541232221989,2.735354949826481,-10.737876552345357,1.0052136313683062,0.7207924594954462,0.12067054082980143,-26.668583894350817,-1.1573229341274334,34.084780895107066,0.6295741068180681,14.764528916974212,0.2719344611720337,-0.036908080107935365,0.00015748,0.18168557137852423,0.00081957,1,0.0
712,-0.07011881521924501,1.0831078147130502,-1.54e-06,1.2158541232221989,2.735354949826481,47.47766687116165,1.0052136313683062,6.166554437903832,0.12067054082980143,-17.630946850839777,-1.1573229341274334,78.98803334494241,0.6295741068180681,-39.48714260361725,0.2719344611720337,1.0556491985376546,0.00015748,2.710573728138164,0.00081957,0,0.0
713,1.164454983266438,0.49949329038872964,-1.54e-06,1.2158541232221989,2.735354949826481,-63.92057022165155,1.0052136313683062,2.305117205554798,0.12067054082980143,-80.99198715403425,-1.1573229341274334,59.673640269235506,0.6295741068180681,88.52403424296405,0.2719344611720337,-0.18382680233596677,0.00015748,0.18927371767910278,0.00081957,1,0.0
714,0.4251324581247322,0.13131658852819866,-1.54e-06,1.2158541232221989,2.735354949826481,44.99929581950737,1.0052136313683062,24.35405149382734,0.12067054082980143,-26.533536143574363,-1.1573229341274334,-39.488163110150666,0.6295741068180681,-11.30114956981549,0.2719344611720337,0.28727933490847457,0.00015748,2.0264645476352237,0.00081957,0,0.0
715,0.5782952057411659,0.1204285336052893,-1.54e-06,1.2158541232221989,2.735354949826481,15.044224026897636,1.0052136313683062,28.236814524381163,0.12067054082980143,-84.8734079378178,-1.1573229341274334,16.269983786343623,0.6295741068180681,29.37220625877503,0.2719344611720337,0.2876690147219665,0.00015748,1.9255545133813206,0.00081957,0,0.0
716,1.0251398927844297,0.4143544849555044,-1.54e-06,1.2158541232221989,2.735354949826481,-16.80504159630098,1.0052136313683062,8.64608581156516,0.12067054082980143,-9.488871221068186,-1.1573229341274334,-47.34339405641612,0.6295741068180681,34.05993423081655,0.2719344611720337,-0.3693012969487092,0.00015748,0.3777204809335149,0.00081957,1,0.0
717,-0.0010496942382022256,0.1676060858835996,-1.54e-06,1.2158541232221989,2.735354949826481,38.37661407056945,1.0052136313683062,15.396231256963262,0.12067054082980143,-36.34912161564763,-1.1573229341274334,28.854331777252945,0.6295741068180681,-16.33701004248851,0.2719344611720337,1.0388475123676955,0.00015748,1.509650214823127,0.00081957,0,0.0
718,0.9444755285924377,0.20449853176861676,-1.54e-06,1.2158541232221989,2.735354949826481,-25.466205643834865,1.0052136313683062,2.8156565418203883,0.12067054082980143,-13.441564800426367,-1.1573229341274334,-17.52716409941281,0.6295741068180681,37.80278096050429,0.2719344611720337,-0.04074684763739014,0.00015748,0.03837707887001232,0.00081957,1,0.0
719,0.8519851058006508,0.22882641657575606,-1.54e-06,1.2158541232221989,2.735354949826481,-44.76769383127367,1.0052136313683062,9.38486570223879,0.12067054082980143,-76.6277905771304,-1.1573229341274334,36.10539117847305,0.6295741068180681,70.85386517420169,0.2719344611720337,-0.2646530191049076,0.00015748,0.2656367036902612,0.00081957,1,0.0
720,1.3809273869742589,0.6705772505547944,-1.54e-06,1.2158541232221989,2.735354949826481,36.553940212191314,1.0052136313683062,32.663354818212106,0.12067054082980143,-33.7146594497825,-1.1573229341274334,-78.18558138544427,0.6295741068180681,13.855668623899007,0.2719344611720337,0.2795653811996768,0.00015748,2.503396983712859,0.00081957,0,0.0
721,1.5841331080196013,1.041818355101427,-1.54e-06,1.2158541232221989,2.735354949826481,67.85571901579846,1.0052136313683062,49.61205698366755,0.12067054082980143,-84.28948583831601,-1.1573229341274334,-82.71814547806018,0.6295741068180681,20.54866258119605,0.2719344611720337,0.27444161690857305,0.00015748,4.485471320079164,0.00081957,0,0.0
722,1.159109103555629,0.4952061772419485,-1.54e-06,1.2158541232221989,2.735354949826481,29.812771408535163,1.0052136313683062,27.171183376428473,0.12067054082980143,-29.451336673459767,-1.1573229341274334,-61.98067047713471,0.6295741068180681,12.1853612674295,0.2719344611720337,0.28645214487301585,0.00015748,2.074813125177662,0.00081957,0,0.0
723,-0.002681925257363549,0.610432839928897,-1.54e-06,1.2158541232221989,2.735354949826481,4.594237729936356,1.0052136313683062,-2.3035261814621673,0.12067054082980143,-34.86121543469141,-1.1573229341274334,87.49691020501598,0.6295741068180681,1.227445938884809,0.2719344611720337,0.2208954485484983,0.00015748,1.7022405192368724,0.00081957,0,0.0
724,9.081956044987294e-06,0.022022288685583792,-1.54e-06,1.2158541232221989,2.735354949826481,24.747954350205003,1.0052136313683062,21.93204797427889,0.12067054082980143,-76.11295249351534,-1.1573229341274334,41.4300143530947,0.6295741068180681,9.298184741509044,0.2719344611720337,0.49488269779860583,0.00015748,1.691625162535644,0.00081957,0,0.0
725,1.3754540193098963,0.49180592403993595,-1.54e-06,1.2158541232221989,2.735354949826481,-43.80755395446058,1.0052136313683062,9.966022545644345,0.12067054082980143,-51.54539593301885,-1.1573229341274334,-11.08752535267343,0.6295741068180681,71.77910221285258,0.2719344611720337,-0.3250592866261758,0.00015748,0.32140688287339514,0.00081957,1,0.0
726,0.6575158866908923,0.15137920585495612,-1.54e-06,1.2158541232221989,2.735354949826481,20.71405543378485,1.0052136313683062,31.55846758274644,0.12067054082980143,-90.59474715681434,-1.1573229341274334,10.184395292741792,0.6295741068180681,29.949302309593687,0.2719344611720337,0.28884220443562125,0.00015748,2.2465531005590087,0.00081957,0,0.0
727,0.01693854190879529,0.027886698569706034,-1.54e-06,1.2158541232221989,2.735354949826481,63.866494772361456,1.0052136313683062,40.46639539739232,0.12067054082980143,-89.20611596702763,-1.1573229341274334,-0.15621373496887164,0.6295741068180681,-8.0800865076444,0.2719344611720337,0.27940465767667355,0.00015748,3.173869057295673,0.00081957,0,0.0
728,-0.4281549284274362,4.856330464024888,-1.54e-06,1.2158541232221989,2.735354949826481,6.447018453473112,1.0052136313683062,22.855235797033178,0.12067054082980143,-39.52780735913719,-1.1573229341274334,19.427350849526636,0.6295741068180681,-6.285952286877085,0.2719344611720337,-1.169360250247976,0.00015748,1.170615704345695,0.00081957,1,0.0
729,0.1666851551937536,1.0218862150150454,-1.54e-06,1.2158541232221989,2.735354949826481,24.066632260872762,1.0052136313683062,36.43099893799688,0.12067054082980143,-90.96862869247063,-1.1573229341274334,64.66403877014436,0.6295741068180681,4.4343813933533776,0.2719344611720337,0.45790847865895556,0.00015748,2.3766069466214876,0.00081957,0,0.0
730,1.3254862623526862,0.5475215104687133,-1.54e-06,1.2158541232221989,2.735354949826481,3.7791867180926926,1.0052136313683062,26.52053639155879,0.12067054082980143,-57.918930761466456,-1.1573229341274334,-28.211209091359013,0.6295741068180681,40.00699964337646,0.2719344611720337,0.2898188523746912,0.00015748,1.7166340197347432,0.00081957,0,0.0
731,0.001121645253996828,0.1500752966670158,-1.54e-06,1.2158541232221989,2.735354949826481,72.15421868386042,1.0052136313683062,40.38473472704817,0.12067054082980143,-100.0,-1.1573229341274334,31.731378421071078,0.6295741068180681,-13.350053968684001,0.2719344611720337,1.029884654450703,0.00015748,3.4294436121578857,0.00081957,0,0.0
732,0.5982492710983818,1.392213252969432,-1.54e-06,1.2158541232221989,2.735354949826481,8.790690501099728,1.0052136313683062,17.468788211390855,0.12067054082980143,-1e-20,-1.1573229341274334,-67.59983771511475,0.6295741068180681,5.658871497632208,0.2719344611720337,-0.6687396569213849,0.00015748,0.8453357398533835,0.00081957,1,0.0
733,0.14209465542483057,0.03529262091137523,-1.54e-06,1.2158541232221989,2.735354949826481,67.98990105533557,1.0052136313683062,41.93845928850429,0.12067054082980143,-90.66949804693456,-1.1573229341274334,-8.893250228836271,0.6295741068180681,-6.721468956742857,0.2719344611720337,0.27168442060500597,0.00015748,3.4468965257332274,0.00081957,0,0.0
734,0.8294244441151122,0.2024569716090231,-1.54e-06,1.2158541232221989,2.735354949826481,-10.739146527942173,1.0052136313683062,23.151323392809097,0.12067054082980143,-93.19227647734877,-1.1573229341274334,34.961764967988906,0.6295741068180681,52.049760820943746,0.2719344611720337,0.30428988074908225,0.00015748,1.388174418943521,0.00081957,0,0.0
735,0.0004220055157865277,0.005350039155548494,-1.54e-06,1.2158541232221989,2.735354949826481,-1.1229966106594758,1.0052136313683062,13.580097951054807,0.12067054082980143,-72.84219288914642,-1.1573229341274334,59.51720538657418,0.6295741068180681,23.671067465718092,0.2719344611720337,0.35467486361247613,0.00015748,0.8482500649963407,0.00081957,0,0.0
736,1.9570974728266854e-05,0.00992397296570979,-1.54e-06,1.2158541232221989,2.735354949826481,16.625777349474454,1.0052136313683062,14.029137235698807,0.12067054082980143,-47.35791319243556,-1.1573229341274334,25.24509022080748,0.6295741068180681,4.932013696756753,0.2719344611720337,0.32495152933693006,0.00015748,1.087521540720626,0.00081957,0,0.0
737,0.4475733827133286,0.10683456019750899,-1.54e-06,1.2158541232221989,2.735354949826481,6.204046333279204,1.0052136313683062,13.428490973446818,0.12067054082980143,-39.4029924038932,-1.1573229341274334,7.447633791356333,0.6295741068180681,16.274782291601937,0.2719344611720337,0.3384182363412961,0.00015748,0.9459865456193898,0.00081957,0,0.0
738,1.4778078591997574,0.79827686698411,-1.54e-06,1.2158541232221989,2.735354949826481,-40.07634588574765,1.0052136313683062,13.866791652635024,0.12067054082980143,-49.727067891318576,-1.1573229341274334,-29.997707845456823,0.6295741068180681,71.36452419312815,0.2719344611720337,-0.5274120275062467,0.00015748,0.5273945512560027,0.00081957,1,0.0
739,-0.000998235841895706,0.19143477697125952,-1.54e-06,1.2158541232221989,2.735354949826481,-18.712848614913113,1.0052136313683062,-3.1469256202960474,0.12067054082980143,-27.63527649158864,-1.1573229341274334,47.723878700594184,0.6295741068180681,19.59093401600436,0.2719344611720337,-0.29052188591911343,0.00015748,0.28778177391747317,0.00081957,1,0.0
740,1.0534732207791717,1.2346570012647433,-1.54e-06,1.2158541232221989,2.735354949826481,-46.34432661450933,1.0052136313683062,7.577391555321831,0.12067054082980143,-47.54159631724303,-1.1573229341274334,-5.953370681350333,0.6295741068180681,66.79221094672936,0.2719344611720337,-0.6492543489960398,0.00015748,0.06267215038741397,0.00081957,1,0.0
741,-0.0059289554128874045,0.35152628281139053,-1.54e-06,1.2158541232221989,2.735354949826481,50.92990224823664,1.0052136313683062,19.701775640177747,0.12067054082980143,-46.42308227639821,-1.1573229341274334,42.31918085122805,0.6295741068180681,-23.342751694862457,0.2719344611720337,1.4890509775111829,0.00015748,1.9538175039251326,0.00081957,0,0.0
742,-0.0009674283725518151,0.06601281001090499,-1.54e-06,1.2158541232221989,2.735354949826481,17.58348311368782,1.0052136313683062,10.559587546339408,0.12067054082980143,-37.54503766041206,-1.1573229341274334,35.245270848158384,0.6295741068180681,-1.7738344419589402,0.2719344611720337,0.7249475441633823,0.00015748,0.8931409788782384,0.00081957,0,0.0
743,0.00035957676530551375,0.09057585762284112,-1.54e-06,1.2158541232221989,2.735354949826481,16.285285185311036,1.0052136313683062,16.102387703215836,0.12067054082980143,-69.4764498673981,-1.1573229341274334,63.93417092951377,0.6295741068180681,8.759360862309478,0.2719344611720337,0.9392093063003805,0.00015748,1.2146835978756303,0.00081957,0,0.0
744,0.3193229557737034,0.0837353793778,-1.54e-06,1.2158541232221989,2.735354949826481,23.61788169357239,1.0052136313683062,15.918820476100878,0.12067054082980143,-26.411584717879837,-1.1573229341274334,-12.063072433424848,0.6295741068180681,-0.9486324220952058,0.2719344611720337,0.31137479386035555,0.00015748,1.2493556980396399,0.00081957,0,0.0
745,1.285831530656275,0.48016508645178213,-1.54e-06,1.2158541232221989,2.735354949826481,-2.790257998586765,1.0052136313683062,27.103783717623465,0.12067054082980143,-78.95334779586675,-1.1573229341274334,-6.494970319668345,0.6295741068180681,51.32615047153329,0.2719344611720337,0.29097268305359225,0.00015748,1.7700028413356526,0.00081957,0,0.0
746,0.563509812809046,0.07461725131142277,-1.54e-06,1.2158541232221989,2.735354949826481,-31.602948397117878,1.0052136313683062,4.4608165303614,0.12067054082980143,-49.59636091812916,-1.1573229341274334,29.427268514627833,0.6295741068180681,47.296027931099296,0.2719344611720337,-0.09088785042568366,0.00015748,0.09142311761773582,0.00081957,1,0.0
747,1.3788738118688793,0.6486167255094697,-1.54e-06,1.2158541232221989,2.735354949826481,24.176274788942667,1.0052136313683062,28.086634693060905,0.12067054082980143,-31.353066699880596,-1.1573229341274334,-67.17927651921215,0.6295741068180681,20.067697401437574,0.2719344611720337,0.2863354104621,0.00015748,2.063812351085148,0.00081957,0,0.0
748,-0.00034509968268081614,0.24538432887616132,-1.54e-06,1.2158541232221989,2.735354949826481,39.52704282139274,1.0052136313683062,16.75214902667601,0.12067054082980143,-46.26630390913444,-1.1573229341274334,44.418855842823966,0.6295741068180681,-15.239156310248319,0.2719344611720337,1.2877386406832887,0.00015748,1.6275720017783648,0.00081957,0,0.0
749,1.655589628702716,0.7197620616471562,-1.54e-06,1.2158541232221989,2.735354949826481,-46.013162026650384,1.0052136313683062,11.7274436957584,0.12067054082980143,-47.058052973241715,-1.1573229341274334,-29.43368491684138,0.6295741068180681,76.86304807819164,0.2719344611720337,-0.3963781605181347,0.00015748,0.39889380941899577,0.00081957,1,0.0
750,6.105789072896606e-05,0.03837749546235257,-1.54e-06,1.2158541232221989,2.735354949826481,84.53885194017866,1.0052136313683062,33.453412672787756,0.12067054082980143,-34.56942250045774,-1.1573229341274334,-48.96969187296613,0.6295741068180681,-38.4900429017487,0.2719344611720337,0.27460432327344875,0.00015748,3.180605381663728,0.00081957,0,0.0
751,0.0031893022456888076,0.5753268968764454,-1.54e-06,1.2158541232221989,2.735354949826481,77.37392149320488,1.0052136313683062,25.54372576367041,0.12067054082980143,-34.94868430120273,-1.1573229341274334,22.458241283405368,0.6295741068180681,-45.26351955627132,0.2719344611720337,1.823801672491175,0.00015748,2.5748503687615156,0.00081957,0,0.0
752,0.7727599490102455,0.23628887305562568,-1.54e-06,1.2158541232221989,2.735354949826481,-8.270650520980343,1.0052136313683062,12.013610449597895,0.12067054082980143,-43.810309075378115,-1.1573229341274334,8.924627904924701,0.6295741068180681,32.37437780809967,0.2719344611720337,0.37219245658344,0.00015748,0.7610971788152594,0.00081957,0,0.0
753,2.276698568031816,1.5143756026315451,-1.54e-06,1.2158541232221989,2.735354949826481,23.6627882374878,1.0052136313683062,42.7355307898379,0.12067054082980143,-61.35528659743534,-1.1573229341274334,-96.77804017848406,0.6295741068180681,47.94241949770726,0.2719344611720337,0.2724175242340625,0.00015748,3.073525662863025,0.00081957,0,0.0
754,0.2908509720000144,0.09456281261560673,-1.54e-06,1.2158541232221989,2.735354949826481,34.667021951100295,1.0052136313683062,13.735609974229389,0.12067054082980143,-4.652838299697933,-1.1573229341274334,-32.79440267994878,0.6295741068180681,-15.079801520654938,0.2719344611720337,0.3092612222839193,0.00015748,1.3350089377655088,0.00081957,0,0.0
755,-0.002075604761076155,0.3359371581444104,-1.54e-06,1.2158541232221989,2.735354949826481,77.98651024019385,1.0052136313683062,23.975402962173092,0.12067054082980143,-25.989608414645677,-1.1573229341274334,-2.8542455420698234,0.6295741068180681,-44.20345162412253,0.2719344611720337,1.2698643015077105,0.00015748,2.6758782180076004,0.00081957,0,0.0
756,0.0016396657694235373,0.02273249130420143,-1.54e-06,1.2158541232221989,2.735354949826481,38.67639462038681,1.0052136313683062,15.331358964334406,0.12067054082980143,-19.735916569879127,-1.1573229341274334,-12.781008551783788,0.6295741068180681,-17.34017760939086,0.2719344611720337,0.30138482193027216,0.00015748,1.4671714943639766,0.00081957,0,0.0
757,0.12502706325525326,0.021631959236127474,-1.54e-06,1.2158541232221989,2.735354949826481,-12.02768947042089,1.0052136313683062,12.349321693371166,0.12067054082980143,-82.46200218829871,-1.1573229341274334,71.49974723546735,0.6295741068180681,35.84150726468081,0.2719344611720337,0.38372153148646165,0.00015748,0.7201186796677825,0.00081957,0,0.0
758,0.0009381865979863901,0.5126741789335468,-1.54e-06,1.2158541232221989,2.735354949826481,60.87554761086475,1.0052136313683062,15.898606103192128,0.12067054082980143,-20.23294126255518,-1.1573229341274334,28.05708892624261,0.6295741068180681,-39.60468000600466,0.2719344611720337,1.5530646383315323,0.00015748,2.08218592054462,0.00081957,0,0.0
759,0.6886816603992099,0.1609299050249273,-1.54e-06,1.2158541232221989,2.735354949826481,14.837507388391602,1.0052136313683062,29.09993492350531,0.12067054082980143,-85.97415975949916,-1.1573229341274334,11.509718467952702,0.6295741068180681,32.18625296495065,0.2719344611720337,0.2891176866376406,0.00015748,2.0140399654566097,0.00081957,0,0.0
760,0.001050674533743745,0.1458495445488916,-1.54e-06,1.2158541232221989,2.735354949826481,80.3104883456245,1.0052136313683062,37.64036980228525,0.12067054082980143,-75.88986188082531,-1.1573229341274334,5.776870890939069,0.6295741068180681,-25.34713064261005,0.2719344611720337,0.903659177213026,0.00015748,3.4391348611557175,0.00081957,0,0.0
761,0.7582152780058065,0.17724584971978416,-1.54e-06,1.2158541232221989,2.735354949826481,-18.875943355346756,1.0052136313683062,19.25485060613283,0.12067054082980143,-94.30306047082071,-1.1573229341274334,48.75308309075572,0.6295741068180681,56.077530710453125,0.2719344611720337,0.3221411633850803,0.00015748,1.0986733527422652,0.00081957,0,0.0
762,-0.005662721278426888,0.6874312222771665,-1.54e-06,1.2158541232221989,2.735354949826481,23.760411155947043,1.0052136313683062,-2.0622395276984062,0.12067054082980143,-3.9706262918702646,-1.1573229341274334,71.96800099199855,0.6295741068180681,-26.32841784247648,0.2719344611720337,0.2812510593353946,0.00015748,2.235181615002825,0.00081957,0,0.0
763,0.19925476198796105,0.06569675923816437,-1.54e-06,1.2158541232221989,2.735354949826481,-40.234982582582646,1.0052136313683062,5.050276075698205,0.12067054082980143,-87.52722130775648,-1.1573229341274334,81.31232313439767,0.6295741068180681,59.22367656138461,0.2719344611720337,-0.09789277104506158,0.00015748,0.09965788828832936,0.00081957,1,0.0
764,-0.0012079684522436906,0.2678317992687435,-1.54e-06,1.2158541232221989,2.735354949826481,78.41948702027199,1.0052136313683062,37.32878934056426,0.12067054082980143,-87.65196201728635,-1.1573229341274334,31.659412823743562,0.6295741068180681,-22.555120707611298,0.2719344611720337,1.2977575784120703,0.00015748,3.4478627979502585,0.00081957,0,0.0
765,1.5257052205239687,0.6782531340245613,-1.54e-06,1.2158541232221989,2.735354949826481,2.200843623630353,1.0052136313683062,29.997471956839313,0.12067054082980143,-69.07910330924376,-1.1573229341274334,-30.688720483470995,0.6295741068180681,48.83041438550741,0.2719344611720337,0.28615522864266785,0.00015748,1.9554693623307915,0.00081957,0,0.0
766,2.056483695493012,1.6255908334418125,-1.54e-06,1.2158541232221989,2.735354949826481,-65.49528676460484,1.0052136313683062,-1.5500713680676825,0.12067054082980143,-23.01707826827686,-1.1573229341274334,-21.70688441457398,0.6295741068180681,85.86757962092578,0.2719344611720337,-0.3785796651378103,0.00015748,0.16057660500236867,0.00081957,1,0.0
767,0.001595205438810865,0.0734288841703647,-1.54e-06,1.2158541232221989,2.735354949826481,48.352066003632764,1.0052136313683062,16.784396113599602,0.12067054082980143,-18.70242862256959,-1.1573229341274334,-10.388139867661678,0.6295741068180681,-25.096488842241314,0.2719344611720337,0.5795390296964359,0.00015748,1.7192150719666177,0.00081957,0,0.0
768,1.0270477867940482,0.24665423455472524,-1.54e-06,1.2158541232221989,2.735354949826481,-42.83477077676631,1.0052136313683062,7.446256043162573,0.12067054082980143,-59.198492633868796,-1.1573229341274334,16.926464065362218,0.6295741068180681,66.80856258514451,0.2719344611720337,-0.19209263965488996,0.00015748,0.19100362398339374,0.00081957,1,0.0
769,0.0014996286903534717,0.029868241359960353,-1.54e-06,1.2158541232221989,2.735354949826481,66.20038643472778,1.0052136313683062,27.58388044735294,0.12067054082980143,-36.357294968995944,-1.1573229341274334,-29.71102228297868,0.6295741068180681,-27.15875557101232,0.2719344611720337,0.2864391073030017,0.00015748,2.6024675149205496,0.00081957,0,0.0
770,-0.20311715648770345,1.274759579510416,-1.54e-06,1.2158541232221989,2.735354949826481,61.967506468681634,1.0052136313683062,10.495153202206781,0.12067054082980143,-23.722563355049658,-1.1573229341274334,77.26246302713399,0.6295741068180681,-48.274251127153946,0.2719344611720337,1.4709705249791125,0.00015748,2.78978414135227,0.00081957,0,0.0
771,1.1846101072332957,0.489766879968244,-1.54e-06,1.2158541232221989,2.735354949826481,39.55646700352826,1.0052136313683062,38.01183833993126,0.12067054082980143,-61.431434349434326,-1.1573229341274334,-54.88035360348297,0.6295741068180681,17.993517563337544,0.2719344611720337,0.27441318385550395,0.00015748,2.8241673626084722,0.00081957,0,0.0
772,0.5017566826850994,0.14807370967325284,-1.54e-06,1.2158541232221989,2.735354949826481,83.78685858857752,1.0052136313683062,53.029650278430736,0.12067054082980143,-99.00693551437477,-1.1573229341274334,-38.93492578040936,0.6295741068180681,-6.585858598417081,0.2719344611720337,0.27071091703077865,0.00015748,4.310515062736859,0.00081957,0,0.0
773,1.4784185539906893,1.1987169436288136,-1.54e-06,1.2158541232221989,2.735354949826481,-54.06337477003328,1.0052136313683062,-3.923864037841065,0.12067054082980143,-24.755635859539446,-1.1573229341274334,6.4191167617596685,0.6295741068180681,67.93925780414693,0.2719344611720337,-0.4327101924485516,0.00015748,0.3504256996550402,0.00081957,1,0.0
774,-0.21735624573521156,2.6465887128197974,-1.54e-06,1.2158541232221989,2.735354949826481,-29.919338852315576,1.0052136313683062,-4.750248307724309,0.12067054082980143,-30.132290379269158,-1.1573229341274334,84.45558974121322,0.6295741068180681,16.795322273996245,0.2719344611720337,-1.0768968880027172,0.00015748,0.8044664820548831,0.00081957,1,0.0
775,0.7407906793377175,0.725954325482579,-1.54e-06,1.2158541232221989,2.735354949826481,-64.13850803111157,1.0052136313683062,-1.208447524616798,0.12067054082980143,-87.79470966756196,-1.1573229341274334,96.92216874354772,0.6295741068180681,81.16736639183172,0.2719344611720337,-0.4698405783476096,0.00015748,0.4560221333048672,0.00081957,1,0.0
776,0.001961650731988951,0.0038600177385640657,-1.54e-06,1.2158541232221989,2.735354949826481,-5.568344911451351,1.0052136313683062,15.663621631493537,0.12067054082980143,-89.39779159692692,-1.1573229341274334,74.38888263722383,0.6295741068180681,31.85365139090486,0.2719344611720337,0.3585710909113638,0.00015748,0.9329301432199171,0.00081957,0,0.0
777,1.1043013735654068,0.4304540635351628,-1.54e-06,1.2158541232221989,2.735354949826481,57.36068593787175,1.0052136313683062,49.305444144364984,0.12067054082980143,-91.86448373033726,-1.1573229341274334,-49.97211729324531,0.6295741068180681,17.073657517448098,0.2719344611720337,0.2707110357416911,0.00015748,3.755874068969119,0.00081957,0,0.0
778,2.1370197618769273,1.0302111288963458,-1.54e-06,1.2158541232221989,2.735354949826481,-53.766022126940626,1.0052136313683062,10.61947181769027,0.12067054082980143,-35.459848686171085,-1.1573229341274334,-50.63371655100339,0.6295741068180681,86.01618470159616,0.2719344611720337,-0.31533249905484473,0.00015748,0.31251732548015454,0.00081957,1,0.0
779,0.17556869422441412,0.06832098551110434,-1.54e-06,1.2158541232221989,2.735354949826481,85.37099741752075,1.0052136313683062,42.299062723999704,0.12067054082980143,-61.4962474097841,-1.1573229341274334,-45.04354041472118,0.6295741068180681,-26.726652665218072,0.2719344611720337,0.2696016843659559,0.00015748,3.6502267740352234,0.00081957,0,0.0
780,0.38515802710210234,0.07862973224908906,-1.54e-06,1.2158541232221989,2.735354949826481,-43.51234415411156,1.0052136313683062,5.987590157207667,0.12067054082980143,-87.23947526818102,-1.1573229341274334,73.45733615983819,0.6295741068180681,64.52035514205787,0.2719344611720337,-0.12543049253107275,0.00015748,0.12547061158984718,0.00081957,1,0.0
781,0.0013943223316760234,0.37638253664488364,-1.54e-06,1.2158541232221989,2.735354949826481,33.38607535424317,1.0052136313683062,15.270874568691028,0.12067054082980143,-55.589909880509616,-1.1573229341274334,71.15912529435394,0.6295741068180681,-10.948795958218536,0.2719344611720337,1.3830850560686814,0.00015748,1.7347960285802888,0.00081957,0,0.0
782,0.5879991905280977,0.20698751649612332,-1.54e-06,1.2158541232221989,2.735354949826481,57.576457569012575,1.0052136313683062,33.434082314041646,0.12067054082980143,-38.31774541145746,-1.1573229341274334,-54.56606710694129,0.6295741068180681,-11.804220780510509,0.2719344611720337,0.2762923760868732,0.00015748,2.691794876090139,0.00081957,0,0.0
783,0.2695493146637675,0.10899960171256404,-1.54e-06,1.2158541232221989,2.735354949826481,91.69429744622879,1.0052136313683062,43.323780506313945,0.12067054082980143,-51.19942068394921,-1.1573229341274334,-62.18377080645637,0.6295741068180681,-32.429526605536076,0.2719344611720337,0.27361567238004225,0.00015748,3.7828684526172034,0.00081957,0,0.0
784,0.004106173613077635,0.023069791928595762,-1.54e-06,1.2158541232221989,2.735354949826481,52.83914268031622,1.0052136313683062,23.683075285516765,0.12067054082980143,-35.94521096161196,-1.1573229341274334,-17.99639400442733,0.6295741068180681,-19.764604898001373,0.2719344611720337,0.28644217903412583,0.00015748,2.143498577714386,0.00081957,0,0.0
785,0.4270469905112375,0.07823688152927846,-1.54e-06,1.2158541232221989,2.735354949826481,-4.4021421908039375,1.0052136313683062,16.07190645826515,0.12067054082980143,-70.13737317584717,-1.1573229341274334,37.50785218311432,0.6295741068180681,32.831741283572974,0.2719344611720337,0.3351226724285796,0.00015748,1.0023849284116229,0.00081957,0,0.0
786,1.0471059466332489,3.330755396701304,-1.54e-06,1.2158541232221989,2.735354949826481,-48.40575030517397,1.0052136313683062,17.450720925928177,0.12067054082980143,-45.576645483055096,-1.1573229341274334,-41.13048336725981,0.6295741068180681,67.0961104182801,0.2719344611720337,-1.6963823630505734,0.00015748,0.3172943286562818,0.00081957,1,0.0
787,0.8652111879599429,0.5169203484222442,-1.54e-06,1.2158541232221989,2.735354949826481,-56.55135943054343,1.0052136313683062,-0.9701874543950805,0.12067054082980143,-71.50650455163463,-1.1573229341274334,67.16087790341273,0.6295741068180681,74.90606577736719,0.2719344611720337,-0.29681349347347163,0.00015748,0.2931491965414087,0.00081957,1,0.0
788,0.5704147013642673,0.1824802626685665,-1.54e-06,1.2158541232221989,2.735354949826481,35.53680578350403,1.0052136313683062,21.114756346796206,0.12067054082980143,-19.718827329989526,-1.1573229341274334,-41.75233085081613,0.6295741068180681,-5.4957921514633234,0.2719344611720337,0.292345361697924,0.00015748,1.7277497804837862,0.00081957,0,0.0
789,2.0342248433451737,2.806758198880258,-1.54e-06,1.2158541232221989,2.735354949826481,-45.815555555459426,1.0052136313683062,23.08899007369128,0.12067054082980143,-100.0,-1.1573229341274334,80.04873637708593,0.6295741068180681,81.3231668479204,0.2719344611720337,0.3046260658414104,0.00015748,2.43073718450876,0.00081957,0,0.0
790,0.8486172738686719,0.4895597565176101,-1.54e-06,1.2158541232221989,2.735354949826481,34.78640516987283,1.0052136313683062,32.218889241309064,0.12067054082980143,-36.008135384499354,-1.1573229341274334,-47.30539553159684,0.6295741068180681,1.924230644882005,0.2719344611720337,0.29428745989057703,0.00015748,2.064819394623167,0.00081957,0,0.0
791,-0.00023373836440132578,0.270031530807365,-1.54e-06,1.2158541232221989,2.735354949826481,81.4887285725347,1.0052136313683062,52.12451929298188,0.12067054082980143,-100.0,-1.1573229341274334,-1.6534772810567897,0.6295741068180681,-19.866423191011638,0.2719344611720337,0.5528617437353054,0.00015748,3.739330272636473,0.00081957,0,0.0
792,0.9614682417263439,0.2436241572406797,-1.54e-06,1.2158541232221989,2.735354949826481,-41.37831346798889,1.0052136313683062,8.496351677189063,0.12067054082980143,-61.97695822989332,-1.1573229341274334,18.697449961126626,0.6295741068180681,65.68462781688616,0.2719344611720337,-0.2409899842964435,0.00015748,0.24172159329722556,0.00081957,1,0.0
793,1.2423194655777356,0.4951917793041508,-1.54e-06,1.2158541232221989,2.735354949826481,22.382238999984892,1.0052136313683062,35.15274024133211,0.12067054082980143,-70.97362427352681,-1.1573229341274334,-35.367328548196355,0.6295741068180681,32.12176219305584,0.2719344611720337,0.27793043098960446,0.00015748,2.427708187300619,0.00081957,0,0.0
794,0.0017800163992776064,0.022710068655527004,-1.54e-06,1.2158541232221989,2.735354949826481,53.26821231996794,1.0052136313683062,23.760553688488343,0.12067054082980143,-35.51875265929588,-1.1573229341274334,-18.712474375518408,0.6295741068180681,-20.20421529829823,0.2719344611720337,0.2831374459017397,0.00015748,2.1503729656651407,0.00081957,0,0.0
795,0.00247113906923091,0.03244091687634838,-1.54e-06,1.2158541232221989,2.735354949826481,16.34643431703452,1.0052136313683062,23.894472118137944,0.12067054082980143,-99.99786270651117,-1.1573229341274334,70.55191720398852,0.6295741068180681,21.17405341752457,0.2719344611720337,0.6665343981899039,0.00015748,1.6868542217070408,0.00081957,0,0.0
796,1.1616160855989826,0.31164695714042945,-1.54e-06,1.2158541232221989,2.735354949826481,-58.21929539473324,1.0052136313683062,9.192551906998842,0.12067054082980143,-88.29773491802374,-1.1573229341274334,43.38419265875708,0.6295741068180681,88.61708529652593,0.2719344611720337,-0.2073425301489185,0.00015748,0.20759158016012963,0.00081957,1,0.0
797,-0.0004322360196062913,0.03910619565920656,-1.54e-06,1.2158541232221989,2.735354949826481,46.681409375941406,1.0052136313683062,26.85189931665477,0.12067054082980143,-54.93630893056552,-1.1573229341274334,2.01833323396277,0.6295741068180681,-11.235531673138821,0.2719344611720337,0.39368670177069365,0.00015748,2.122062586765027,0.00081957,0,0.0
798,0.9411116920122443,0.8848965049480908,-1.54e-06,1.2158541232221989,2.735354949826481,-10.49457783558675,1.0052136313683062,17.38388699997911,0.12067054082980143,-36.217137891957236,-1.1573229341274334,-26.382448711804237,0.6295741068180681,35.08099482329403,0.2719344611720337,-0.23464725336701853,0.00015748,0.857180183763814,0.00081957,1,0.0
799,1.032329190557184,0.46357886895842687,-1.54e-06,1.2158541232221989,2.735354949826481,99.89640108003583,1.0052136313683062,64.26857719583036,0.12067054082980143,-96.07447056049523,-1.1573229341274334,-85.78963036830139,0.6295741068180681,-7.825086102690043,0.2719344611720337,0.2659740640373722,0.00015748,5.140537610368497,0.00081957,0,0.0
800,0.6658327669214787,0.33172438701922613,-1.54e-06,2.387138367997413,2.9709305229720875,53.89749700648149,1.0052136313683062,11.553714083733256,0.12067054082980143,-26.71276412363873,-1.1573229341274334,-75.17951356300499,0.6295741068180681,17.317304131178997,0.2719344611720337,-0.2444448834848641,0.00015748,0.4029163506418805,0.00081957,1,0.0
801,0.1443908502917236,0.17100848094986715,-1.54e-06,2.387138367997413,2.9709305229720875,71.81825175745405,1.0052136313683062,10.03459170143826,0.12067054082980143,-1e-20,-1.1573229341274334,-71.2419242206705,0.6295741068180681,-23.55103736663246,0.2719344611720337,-0.27467122622188295,0.00015748,0.28186850366034527,0.00081957,1,0.0
802,0.4653057548647036,0.027684902063379018,-1.54e-06,2.387138367997413,2.9709305229720875,-75.9781452761487,1.0052136313683062,4.859050651421853,0.12067054082980143,-83.43425938265484,-1.1573229341274334,57.17043155107851,0.6295741068180681,86.6096240518524,0.2719344611720337,-0.07806108718956888,0.00015748,0.07802269638152719,0.00081957,1,0.0
803,0.0012604220822229895,0.11630659344002774,-1.54e-06,2.387138367997413,2.9709305229720875,89.6114448518867,1.0052136313683062,10.725566381595158,0.12067054082980143,-68.98705242817907,-1.1573229341274334,56.56438560373094,0.6295741068180681,-11.798043121362818,0.2719344611720337,0.411375317938794,0.00015748,0.8696105548333959,0.00081957,0,0.0
804,0.06366806328855634,0.13701487909285145,-1.54e-06,2.387138367997413,2.9709305229720875,28.489625497073842,1.0052136313683062,9.623920376562094,0.12067054082980143,-58.09447548564104,-1.1573229341274334,12.219880755583247,0.6295741068180681,18.593277742861094,0.2719344611720337,-0.06704973787381707,0.00015748,0.2683628379359222,0.00081957,1,0.0
805,1.2527822275744043,0.6332203225482552,-1.54e-06,2.387138367997413,2.9709305229720875,81.26981594981865,1.0052136313683062,19.254978789828794,0.12067054082980143,-99.73324461592416,-1.1573229341274334,-30.266412797583882,0.6295741068180681,56.259489319639634,0.2719344611720337,0.3457608428405749,0.00015748,0.8947223785739506,0.00081957,0,0.0
806,0.5061941687170345,0.12918337649575412,-1.54e-06,2.387138367997413,2.9709305229720875,-95.42661031401667,1.0052136313683062,-4.6545276114286835,0.12067054082980143,-22.056569270363248,-1.1573229341274334,42.645627884266894,0.6295741068180681,64.5953225854036,0.2719344611720337,-0.17436566580524998,0.00015748,0.17347560796973632,0.00081957,1,0.0
807,0.88747430763906,0.20772739288117495,-1.54e-06,2.387138367997413,2.9709305229720875,-32.82152353047015,1.0052136313683062,11.279953894476996,0.12067054082980143,-72.17087859957203,-1.1573229341274334,-19.13993728494802,0.6295741068180681,79.51593987631782,0.2719344611720337,-0.2684980540677238,0.00015748,0.26798863585160443,0.00081957,1,0.0
808,0.00041756128266201564,0.0698040477006966,-1.54e-06,2.387138367997413,2.9709305229720875,-9.321311243183874,1.0052136313683062,6.00339825048522,0.12067054082980143,-65.31917212995084,-1.1573229341274334,43.29678020781661,0.6295741068180681,36.15149553410767,0.2719344611720337,-0.06450477635483613,0.00015748,0.15264448879766307,0.00081957,1,0.0
809,0.09061905015553667,0.061518423139582314,-1.54e-06,2.387138367997413,2.9709305229720875,29.50864566500964,1.0052136313683062,5.9801956106414815,0.12067054082980143,-17.72942762234297,-1.1573229341274334,-23.51194979169209,0.6295741068180681,1.2393694368626007,0.2719344611720337,-0.17111107291549627,0.00015748,0.17374659229193495,0.00081957,1,0.0
810,0.5513816488655604,0.07696484294553399,-1.54e-06,2.387138367997413,2.9709305229720875,-46.93231057256108,1.0052136313683062,4.862352683934169,0.12067054082980143,-35.31819820703081,-1.1573229341274334,2.7992072362660965,0.6295741068180681,50.9934002546175,0.2719344611720337,-0.12068118568872219,0.00015748,0.1264585174730348,0.00081957,1,0.0
811,0.10931007509727608,0.04825884874891108,-1.54e-06,2.387138367997413,2.9709305229720875,14.895217708531398,1.0052136313683062,5.120778057128928,0.12067054082980143,-26.257671803379825,-1.1573229341274334,-8.60546469549197,0.6295741068180681,12.152097842115225,0.2719344611720337,-0.14196599078312394,0.00015748,0.15165881973281564,0.00081957,1,0.0
812,1.0105780632571428,1.3078602237920065,-1.54e-06,2.387138367997413,2.9709305229720875,-61.16105400577303,1.0052136313683062,-4.148167691752114,0.12067054082980143,-27.2107958343725,-1.1573229341274334,53.37352631174691,0.6295741068180681,63.88412510191376,0.2719344611720337,-0.03462470811974716,0.00015748,1.0435623565277017,0.00081957,1,0.0
813,0.7383451772584637,0.3742829905945717,-1.54e-06,2.387138367997413,2.9709305229720875,58.30073571556519,1.0052136313683062,18.711109333689098,0.12067054082980143,-75.31609131619318,-1.1573229341274334,-39.043997207655885,0.6295741068180681,34.7174075925706,0.2719344611720337,-0.0026412768240237083,0.00015748,0.5296495305539847,0.00081957,1,0.0
814,-1.2565346718872872,6.384975277568676,-1.54e-06,2.387138367997413,2.9709305229720875,-1.409011797028708,1.0052136313683062,16.182241632349047,0.12067054082980143,-85.64598332761439,-1.1573229341274334,53.15064272953257,0.6295741068180681,-2.897987632557391,0.2719344611720337,-1.3641422614303726,0.00015748,0.295449231581301,0.00081957,1,0.0
815,0.9209409597970311,1.7356865867078917,-1.54e-06,2.387138367997413,2.9709305229720875,19.579946632461763,1.0052136313683062,-3.9538543307465464,0.12067054082980143,-28.519639315470247,-1.1573229341274334,46.33799295911746,0.6295741068180681,34.338736453779156,0.2719344611720337,0.05653213727785511,0.00015748,1.4987820137941803,0.00081957,0,0.0
816,0.023046691473163322,0.02715623927681688,-1.54e-06,2.387138367997413,2.9709305229720875,-40.57872200176053,1.0052136313683062,2.6605909950340427,0.12067054082980143,-68.2322332200533,-1.1573229341274334,62.84568372529054,0.6295741068180681,52.2865591763863,0.2719344611720337,-0.058490612074916876,0.00015748,0.06716593394322504,0.00081957,1,0.0
817,0.002067406120797588,0.42197382594208804,-1.54e-06,2.387138367997413,2.9709305229720875,84.01154857604725,1.0052136313683062,4.486276256020046,0.12067054082980143,-35.31453448862756,-1.1573229341274334,77.84382110968984,0.6295741068180681,-32.92931994057907,0.2719344611720337,0.26770871211266534,0.00015748,1.4432437002514027,0.00081957,0,0.0
818,0.0032973974881302937,0.13808315839444898,-1.54e-06,2.387138367997413,2.9709305229720875,92.25673958624562,1.0052136313683062,9.539752848678551,0.12067054082980143,-22.260508910752833,-1.1573229341274334,-11.960126856952519,0.6295741068180681,-31.415850024748597,0.2719344611720337,0.32737729037288404,0.00015748,0.37144956502720033,0.00081957,0,0.0
819,0.29975910996388455,0.1635975535033343,-1.54e-06,2.387138367997413,2.9709305229720875,6.62181198771568,1.0052136313683062,10.815101494660885,0.12067054082980143,-76.18197461842709,-1.1573229341274334,13.472332947239439,0.6295741068180681,45.64071074344998,0.2719344611720337,-0.15263305765910024,0.00015748,0.29463745854034734,0.00081957,1,0.0
820,0.18851456581508197,0.09831427645158096,-1.54e-06,2.387138367997413,2.9709305229720875,67.73999311133738,1.0052136313683062,13.163292380495163,0.12067054082980143,-99.95035629203844,-1.1573229341274334,57.06352699726979,0.6295741068180681,23.204391784368454,0.2719344611720337,0.40615734566020384,0.00015748,0.6602670821685739,0.00081957,0,0.0
821,0.7593387206522295,3.1632510554959268,-1.54e-06,2.387138367997413,2.9709305229720875,13.334660354704404,1.0052136313683062,33.63261774361445,0.12067054082980143,-70.62189216497528,-1.1573229341274334,-75.26853952427167,0.6295741068180681,26.888785148699647,0.2719344611720337,-1.0524581149562,0.00015748,1.0132473583891335,0.00081957,1,0.0
822,0.42267668190742647,0.26705520426650475,-1.54e-06,2.387138367997413,2.9709305229720875,59.730685353073284,1.0052136313683062,13.703640946750493,0.12067054082980143,-44.99915663639399,-1.1573229341274334,-44.94794771925078,0.6295741068180681,12.08121104119882,0.2719344611720337,-0.13959776239307375,0.00015748,0.40461468605119966,0.00081957,1,0.0
823,-0.001117947944311859,0.14242756074624696,-1.54e-06,2.387138367997413,2.9709305229720875,53.27241619293098,1.0052136313683062,8.627894232797756,0.12067054082980143,-79.84668275058503,-1.1573229341274334,87.95428915322685,0.6295741068180681,6.543572991204611,0.2719344611720337,0.325393353936698,0.00015748,0.9291869938463269,0.00081957,0,0.0
824,1.0574540579253708,0.21207776089934244,-1.54e-06,2.387138367997413,2.9709305229720875,-33.82303389816762,1.0052136313683062,7.756819509698917,0.12067054082980143,-30.16245990801137,-1.1573229341274334,-52.13685361000962,0.6295741068180681,63.72642215016317,0.2719344611720337,-0.17432356959948117,0.00015748,0.17433487802785355,0.00081957,1,0.0
825,0.8206279248178063,0.11254802778155323,-1.54e-06,2.387138367997413,2.9709305229720875,-44.56083435627338,1.0052136313683062,5.543090869866263,0.12067054082980143,-37.19672113612826,-1.1573229341274334,-19.55064383157792,0.6295741068180681,63.40224966191639,0.2719344611720337,-0.11202144694893469,0.00015748,0.11222579701625936,0.00081957,1,0.0
826,0.617447243736235,0.2620988526094832,-1.54e-06,2.387138367997413,2.9709305229720875,86.11260035127269,1.0052136313683062,18.022072619359893,0.12067054082980143,-66.89064740624048,-1.1573229341274334,-29.906467499801405,0.6295741068180681,12.597196372743028,0.2719344611720337,0.292989842007221,0.00015748,0.5545490413526286,0.00081957,0,0.0
827,0.01063732575320775,0.055311942812552035,-1.54e-06,2.387138367997413,2.9709305229720875,75.8926038079541,1.0052136313683062,12.83896809204208,0.12067054082980143,-78.50138945202542,-1.1573229341274334,50.622430118913215,0.6295741068180681,-0.6271158582656797,0.2719344611720337,0.4210241159559722,0.00015748,0.6142188373331137,0.00081957,0,0.0
828,1.5695511875216266,0.45903647226928934,-1.54e-06,2.387138367997413,2.9709305229720875,-62.68252347539889,1.0052136313683062,11.856106732401825,0.12067054082980143,-49.87521127260162,-1.1573229341274334,-66.74027785015362,0.6295741068180681,99.90504241348768,0.2719344611720337,-0.24544087620063892,0.00015748,0.24580649476444216,0.00081957,1,0.0
829,0.23845114576469328,0.045967051913980914,-1.54e-06,2.387138367997413,2.9709305229720875,-14.374644922984256,1.0052136313683062,6.458646258109405,0.12067054082980143,-52.45858353782992,-1.1573229341274334,13.775345854793365,0.6295741068180681,40.04915619514559,0.2719344611720337,-0.1499793160993413,0.00015748,0.15071569822476633,0.00081957,1,0.0
830,0.05152006244387586,0.05307493291431752,-1.54e-06,2.387138367997413,2.9709305229720875,-9.295863969881518,1.0052136313683062,6.457439880436653,0.12067054082980143,-59.58207901543205,-1.1573229341274334,29.25191740302992,0.6295741068180681,35.46653621094487,0.2719344611720337,-0.15215917917236504,0.00015748,0.1534124975056122,0.00081957,1,0.0
831,0.00954944390861212,0.08209993280549999,-1.54e-06,2.387138367997413,2.9709305229720875,61.662950669707186,1.0052136313683062,11.098561354887769,0.12067054082980143,-79.9986171815272,-1.1573229341274334,63.5224401839325,0.6295741068180681,5.864637028459555,0.2719344611720337,0.3746915128249876,0.00015748,0.6640261448524188,0.00081957,0,0.0
832,0.9633927586921767,0.4907461386689639,-1.54e-06,2.387138367997413,2.9709305229720875,-2.5874688390511094,1.0052136313683062,9.581795740939036,0.12067054082980143,-81.3608785711602,-1.1573229341274334,5.183256611043405,0.6295741068180681,74.48013190421331,0.2719344611720337,0.10417781051392622,0.00015748,0.5017143987863839,0.00081957,0,0.0
833,0.7520294776742478,0.333872012803049,-1.54e-06,2.387138367997413,2.9709305229720875,95.25743450006522,1.0052136313683062,18.9557450856301,0.12067054082980143,-60.641895979067456,-1.1573229341274334,-51.204451124260586,0.6295741068180681,11.153546707656945,0.2719344611720337,0.2519643893988732,0.00015748,0.5965670837338972,0.00081957,0,0.0
834,0.09262849860124595,0.01253852203282373,-1.54e-06,2.387138367997413,2.9709305229720875,13.965116051146541,1.0052136313683062,2.7543546591688375,0.12067054082980143,-3.0582910178186915,-1.1573229341274334,-18.148835053849528,0.6295741068180681,-0.7431976905827794,0.2719344611720337,-0.07556234380910454,0.00015748,0.0761304692189897,0.00081957,1,0.0
835,0.2644112548408809,0.142562895040576,-1.54e-06,2.387138367997413,2.9709305229720875,24.02127479876704,1.0052136313683062,10.212818250486908,0.12067054082980143,-44.46673790107071,-1.1573229341274334,-22.346312478947926,0.6295741068180681,21.94319518901141,0.2719344611720337,-0.25287787285743407,0.00015748,0.2661911141519901,0.00081957,1,0.0
836,1.4004457362351155,0.3438133130581884,-1.54e-06,2.387138367997413,2.9709305229720875,-68.28537921999352,1.0052136313683062,6.063741163785103,0.12067054082980143,-23.05981533368048,-1.1573229341274334,-58.20243358283385,0.6295741068180681,83.81562232706503,0.2719344611720337,-0.10875377496272819,0.00015748,0.10907732249750611,0.00081957,1,0.0
837,-1.6533012269198677e-05,0.08257833604169172,-1.54e-06,2.387138367997413,2.9709305229720875,-12.489866275995473,1.0052136313683062,-0.7972428131114133,0.12067054082980143,-10.62894058863248,-1.1573229341274334,25.440854431868747,0.6295741068180681,8.247173792367429,0.2719344611720337,-0.024197158525857854,0.00015748,0.16711598670288225,0.00081957,1,0.0
838,0.6431185609042314,0.22985951186327283,-1.54e-06,2.387138367997413,2.9709305229720875,77.039336405965,1.0052136313683062,16.597603609128413,0.12067054082980143,-89.3680631777116,-1.1573229341274334,4.297479016948332,0.6295741068180681,29.484127139354644,0.2719344611720337,0.4071145067973373,0.00015748,0.6524105286825376,0.00081957,0,0.0
839,-0.018642375758001206,3.9276981641857835,-1.54e-06,2.387138367997413,2.9709305229720875,-70.26716769565924,1.0052136313683062,19.19133227499791,0.12067054082980143,-45.421018024065575,-1.1573229341274334,32.27775122036728,0.6295741068180681,15.857878367289223,0.2719344611720337,-1.2154071705902392,0.00015748,1.011989190626676,0.00081957,1,0.0
840,0.35209646145812556,0.20966146194539442,-1.54e-06,2.387138367997413,2.9709305229720875,49.700271860409245,1.0052136313683062,11.220535288035153,0.12067054082980143,-29.49970261457333,-1.1573229341274334,-53.36857178125992,0.6295741068180681,8.149195558663726,0.2719344611720337,-0.27192948278177703,0.00015748,0.32636090001225554,0.00081957,1,0.0
841,0.07831669562712218,0.4375046229119798,-1.54e-06,2.387138367997413,2.9709305229720875,67.11843216946157,1.0052136313683062,14.091898758721202,0.12067054082980143,-0.7554569183034011,-1.1573229341274334,-68.4034444133868,0.6295741068180681,-32.20034862785498,0.2719344611720337,-0.3759437202584717,0.00015748,0.38704222560674567,0.00081957,1,0.0
842,1.161266978768555,0.7580920217479812,-1.54e-06,2.387138367997413,2.9709305229720875,41.8693361206693,1.0052136313683062,9.1454295654981,0.12067054082980143,-34.98742747933529,-1.1573229341274334,-69.25947974920031,0.6295741068180681,44.263658667001266,0.2719344611720337,-0.04992453766993554,0.00015748,0.6121685357718083,0.00081957,1,0.0
843,0.280291522627897,4.140731813147805,-1.54e-06,2.387138367997413,2.9709305229720875,68.57279721643903,1.0052136313683062,37.53459366006498,0.12067054082980143,-58.533370787882006,-1.1573229341274334,-86.22517548772197,0.6295741068180681,-20.99313542343651,0.2719344611720337,-1.1864757661765777,0.00015748,1.16017610629149,0.00081957,1,0.0
844,0.7233765728963195,0.38752026098562553,-1.54e-06,2.387138367997413,2.9709305229720875,42.661140628138085,1.0052136313683062,15.626875970882915,0.12067054082980143,-46.605913798689755,-1.1573229341274334,-75.9327779229698,0.6295741068180681,32.23262186788303,0.2719344611720337,-0.4110682248315801,0.00015748,0.4258777295304058,0.00081957,1,0.0
845,0.8608009904770939,0.12581226421528138,-1.54e-06,2.387138367997413,2.9709305229720875,-49.64531994525738,1.0052136313683062,3.91822947748283,0.12067054082980143,-22.734682508834524,-1.1573229341274334,-25.788052714255652,0.6295741068180681,58.6510789045587,0.2719344611720337,-0.06701497054604347,0.00015748,0.06858510134016046,0.00081957,1,0.0
846,0.6361168419706811,0.1947394708423532,-1.54e-06,2.387138367997413,2.9709305229720875,91.30874825940512,1.0052136313683062,21.26227325454491,0.12067054082980143,-98.60485987773875,-1.1573229341274334,-5.865954069415554,0.6295741068180681,25.32610154293351,0.2719344611720337,0.3993079208576618,0.00015748,0.6543145053651234,0.00081957,0,0.0
847,0.0026201034453084693,0.012238446010557916,-1.54e-06,2.387138367997413,2.9709305229720875,-2.6108367325043584,1.0052136313683062,2.727862922830238,0.12067054082980143,-26.85364462074157,-1.1573229341274334,14.02041552147325,0.6295741068180681,15.045818484459287,0.2719344611720337,-0.06971263016915166,0.00015748,0.07030682697758886,0.00081957,1,0.0
848,1.0172305558022052,0.4957952459120993,-1.54e-06,2.387138367997413,2.9709305229720875,74.11214865055156,1.0052136313683062,15.560586049666579,0.12067054082980143,-61.75158806660495,-1.1573229341274334,-46.48606118413074,0.6295741068180681,32.16338270875844,0.2719344611720337,0.274769789945982,0.00015748,0.6591760198802912,0.00081957,0,0.0
849,0.48744900776818634,0.40619964204800324,-1.54e-06,2.387138367997413,2.9709305229720875,76.94856055396535,1.0052136313683062,19.42996688206333,0.12067054082980143,-52.819393687700945,-1.1573229341274334,-54.798504781072424,0.6295741068180681,4.867218414675765,0.2719344611720337,-0.11512341931704062,0.00015748,0.5227501771332376,0.00081957,1,0.0
850,-0.0011380159299274606,1.0931592137287929,-1.54e-06,2.387138367997413,2.9709305229720875,82.88780443025014,1.0052136313683062,20.584595911951983,0.12067054082980143,-43.852621147687714,-1.1573229341274334,8.333479453055718,0.6295741068180681,-38.40379555308794,0.2719344611720337,-0.09317414333264873,0.00015748,1.0398773951391471,0.00081957,1,0.0
851,0.02143742041929702,0.2088732371052745,-1.54e-06,2.387138367997413,2.9709305229720875,7.9541423665935564,1.0052136313683062,0.28101856135590597,0.12067054082980143,-32.27554512630125,-1.1573229341274334,39.144269249418514,0.6295741068180681,14.036443945992115,0.2719344611720337,0.029733076166404332,0.00015748,0.35813550524075277,0.00081957,0,0.0
852,2.4428297986878178e-05,0.04230027569196311,-1.54e-06,2.387138367997413,2.9709305229720875,59.987898121124104,1.0052136313683062,13.388755518165373,0.12067054082980143,-99.96822362160361,-1.1573229341274334,73.67252849775853,0.6295741068180681,16.20712864589664,0.2719344611720337,0.42636704421631333,0.00015748,0.6039934671979706,0.00081957,0,0.0
853,1.2443407412980945,0.3803092278005258,-1.54e-06,2.387138367997413,2.9709305229720875,-9.579251370241254,1.0052136313683062,12.220339283484641,0.12067054082980143,-36.344284189520394,-1.1573229341274334,-84.70755275483174,0.6295741068180681,64.83308282249224,0.2719344611720337,-0.3132422453922667,0.00015748,0.3131955629428366,0.00081957,1,0.0
854,0.004719875159636677,0.08334758967172608,-1.54e-06,2.387138367997413,2.9709305229720875,-20.636437921682575,1.0052136313683062,5.669326890305809,0.12067054082980143,-75.66571055608786,-1.1573229341274334,63.80218836879122,0.6295741068180681,44.30394806003729,0.2719344611720337,0.047028805253048644,0.00015748,0.14002169578693913,0.00081957,0,0.0
855,0.008643564358614908,0.6113653642133305,-1.54e-06,2.387138367997413,2.9709305229720875,69.08569138791982,1.0052136313683062,11.616559103759343,0.12067054082980143,-39.1462245196132,-1.1573229341274334,55.985807657611375,0.6295741068180681,-32.397700390858944,0.2719344611720337,0.15672207615130906,0.00015748,1.2198330972780689,0.00081957,0,0.0
856,0.4067281067034083,0.20950333522218034,-1.54e-06,2.387138367997413,2.9709305229720875,35.124617664052295,1.0052136313683062,14.300030382396809,0.12067054082980143,-85.6316113201597,-1.1573229341274334,13.979134692491225,0.6295741068180681,38.31271008631071,0.2719344611720337,0.11316842510830347,0.00015748,0.4137341859324656,0.00081957,0,0.0
857,1.1783655920385199,0.586081748882113,-1.54e-06,2.387138367997413,2.9709305229720875,9.993269061344696,1.0052136313683062,18.800725933380235,0.12067054082980143,-78.88692832700455,-1.1573229341274334,-75.53999557617183,0.6295741068180681,77.22052306759561,0.2719344611720337,-0.49255665846314606,0.00015748,0.49452348285028586,0.00081957,1,0.0
858,0.0009332519654154936,0.03839956586714349,-1.54e-06,2.387138367997413,2.9709305229720875,87.46161485070044,1.0052136313683062,15.096555789070898,0.12067054082980143,-96.79189315183395,-1.1573229341274334,52.47833855269417,0.6295741068180681,5.805115603480371,0.2719344611720337,0.46864594903446805,0.00015748,0.5751173187881455,0.00081957,0,0.0
859,0.5503276262461709,0.06015476153235358,-1.54e-06,2.387138367997413,2.9709305229720875,-42.23977932752153,1.0052136313683062,-0.07164971065370389,0.12067054082980143,-7.102246088431709,-1.1573229341274334,-10.585748079896302,0.6295741068180681,38.51049663760232,0.2719344611720337,-0.022044520276238953,0.00015748,0.022624376110829715,0.00081957,1,0.0
860,0.00018641057979629228,0.2536831525153506,-1.54e-06,2.387138367997413,2.9709305229720875,-29.56914118890231,1.0052136313683062,8.616371449831774,0.12067054082980143,-85.52365304895488,-1.1573229341274334,85.5305835081183,0.6295741068180681,43.526253727306084,0.2719344611720337,-0.04092383123300661,0.00015748,0.4323459978907688,0.00081957,1,0.0
861,0.29712581829043794,0.33307030607358007,-1.54e-06,2.387138367997413,2.9709305229720875,35.25697671320094,1.0052136313683062,15.676791876551476,0.12067054082980143,-49.84858220222606,-1.1573229341274334,-37.388083104487556,0.6295741068180681,16.163927336912625,0.2719344611720337,-0.37426433168882156,0.00015748,0.3782251932384505,0.00081957,1,0.0
862,-0.0015565476935515913,0.47702515060820927,-1.54e-06,2.387138367997413,2.9709305229720875,39.124930906881005,1.0052136313683062,-0.08983526460059145,0.12067054082980143,-7.011595378945502,-1.1573229341274334,46.22812218550966,0.6295741068180681,-22.198700067521976,0.2719344611720337,0.0822379368031741,0.00015748,0.8962823603327732,0.00081957,0,0.0
863,0.07655965311194335,0.15351231896640144,-1.54e-06,2.387138367997413,2.9709305229720875,53.25655097189866,1.0052136313683062,10.056164097313374,0.12067054082980143,-36.49107654925746,-1.1573229341274334,-16.217930520724206,0.6295741068180681,-2.113390820375657,0.2719344611720337,-0.05691916625868146,0.00015748,0.2921986838296895,0.00081957,1,0.0
864,0.002275517423271811,0.13362807999296408,-1.54e-06,2.387138367997413,2.9709305229720875,88.13452844787152,1.0052136313683062,10.222168497443754,0.12067054082980143,-63.65764612005229,-1.1573229341274334,57.53978705843451,0.6295741068180681,-15.213903915617875,0.2719344611720337,0.39403145599439354,0.00015748,0.9257842793339166,0.00081957,0,0.0
865,0.001272893504365158,0.39341380502074386,-1.54e-06,2.387138367997413,2.9709305229720875,65.44299106278042,1.0052136313683062,4.363036465684566,0.12067054082980143,-47.139014277306075,-1.1573229341274334,86.53614623669036,0.6295741068180681,-17.735102049616692,0.2719344611720337,0.24840402493358305,0.00015748,1.305545939861826,0.00081957,0,0.0
866,0.13494155309889233,0.12938029192275693,-1.54e-06,2.387138367997413,2.9709305229720875,8.922135756680913,1.0052136313683062,6.323711466036831,0.12067054082980143,-59.74912523222923,-1.1573229341274334,29.31509865461898,0.6295741068180681,31.00328883659933,0.2719344611720337,0.026542661934472772,0.00015748,0.2359327062522679,0.00081957,0,0.0
867,0.5557554431048077,0.07244163984445773,-1.54e-06,2.387138367997413,2.9709305229720875,-54.78667801427648,1.0052136313683062,7.67363294520714,0.12067054082980143,-84.52250581777197,-1.1573229341274334,33.37933666491332,0.6295741068180681,82.90926849639463,0.2719344611720337,-0.16094616536480327,0.00015748,0.16315343719029657,0.00081957,1,0.0
868,0.2267197679653713,0.17195322891943635,-1.54e-06,2.387138367997413,2.9709305229720875,33.258358520212475,1.0052136313683062,11.241328328414482,0.12067054082980143,-64.17464506595361,-1.1573229341274334,5.255087132416983,0.6295741068180681,24.725854413075748,0.2719344611720337,-0.019452512193242594,0.00015748,0.326423165536165,0.00081957,1,0.0
869,0.16236370196449648,0.01630280184613732,-1.54e-06,2.387138367997413,2.9709305229720875,-39.06223741822101,1.0052136313683062,0.18288850886057229,0.12067054082980143,-37.81211442371292,-1.1573229341274334,35.977775685653775,0.6295741068180681,41.132082442081185,0.2719344611720337,-0.03515373985192808,0.00015748,0.041431614219656666,0.00081957,1,0.0
870,-0.17910613759900312,1.1102272731717142,-1.54e-06,2.387138367997413,2.9709305229720875,-43.676436085152496,1.0052136313683062,-0.01563804617063913,0.12067054082980143,-18.879481388324734,-1.1573229341274334,83.70245904910222,0.6295741068180681,3.8929026774060986,0.2719344611720337,-0.2960318369486243,0.00015748,0.7422631883259669,0.00081957,1,0.0
871,0.010887488658206768,0.11410771373995404,-1.54e-06,2.387138367997413,2.9709305229720875,52.99222965405755,1.0052136313683062,11.01834679836078,0.12067054082980143,-74.51700162782528,-1.1573229341274334,47.010061584918155,0.6295741068180681,9.39207720324364,0.2719344611720337,0.34943423126452866,0.00015748,0.4148736158519002,0.00081957,0,0.0
872,0.0032125950516029844,0.47478455955135446,-1.54e-06,2.387138367997413,2.9709305229720875,86.55665302219765,1.0052136313683062,7.731140508554942,0.12067054082980143,-47.07633939490243,-1.1573229341274334,95.5592040400169,0.6295741068180681,-35.60339070157194,0.2719344611720337,0.28566083139501475,0.00015748,1.6741382770116409,0.00081957,0,0.0
873,0.0004151721973326937,0.32550217748255666,-1.54e-06,2.387138367997413,2.9709305229720875,37.11163640534075,1.0052136313683062,-0.34189885907190687,0.12067054082980143,-10.048797881435437,-1.1573229341274334,30.70018336056263,0.6295741068180681,-13.44945494778736,0.2719344611720337,0.07847425830910193,0.00015748,0.622717554772396,0.00081957,0,0.0
874,0.6958593745403278,0.11234338831002412,-1.54e-06,2.387138367997413,2.9709305229720875,-47.17478373572233,1.0052136313683062,9.025529983666692,0.12067054082980143,-77.95083395543628,-1.1573229341274334,11.626316884200262,0.6295741068180681,81.12395669830406,0.2719344611720337,-0.19816598776014932,0.00015748,0.19842298183339796,0.00081957,1,0.0
875,0.5244769354570673,0.1980309620124574,-1.54e-06,2.387138367997413,2.9709305229720875,88.74841766662998,1.0052136313683062,17.411106129553954,0.12067054082980143,-70.21362740914023,-1.1573229341274334,-15.027053880830191,0.6295741068180681,9.2187368166053,0.2719344611720337,0.3937997283763509,0.00015748,0.5492353994128852,0.00081957,0,0.0
876,0.004560034836835092,0.10265393727431242,-1.54e-06,2.387138367997413,2.9709305229720875,48.90521450069257,1.0052136313683062,6.584083049873038,0.12067054082980143,-16.752715140666776,-1.1573229341274334,-19.38538816113655,0.6295741068180681,-11.47973915417302,0.2719344611720337,-0.03983796316459404,0.00015748,0.21025999208513907,0.00081957,1,0.0
877,0.003992442700423426,0.1308177688636419,-1.54e-06,2.387138367997413,2.9709305229720875,27.93066742114261,1.0052136313683062,7.520846975258577,0.12067054082980143,-59.29916394097863,-1.1573229341274334,39.716117304589005,0.6295741068180681,14.684359229974094,0.2719344611720337,0.22887654594373805,0.00015748,0.24741155930943484,0.00081957,0,0.0
878,1.2012259142782071,0.27477494357872845,-1.54e-06,2.387138367997413,2.9709305229720875,-37.812175343819,1.0052136313683062,5.335359586684144,0.12067054082980143,-0.30723340544150857,-1.1573229341274334,-75.46194909553739,0.6295741068180681,54.0611295397676,0.2719344611720337,-0.1072849388583182,0.00015748,0.10631424566790089,0.00081957,1,0.0
879,-0.0014965928176580712,0.4784253916044508,-1.54e-06,2.387138367997413,2.9709305229720875,-27.215143645353685,1.0052136313683062,-2.6704504808316147,0.12067054082980143,-33.14114705152071,-1.1573229341274334,87.70022313681648,0.6295741068180681,19.14483945658784,0.2719344611720337,-0.05047049973174167,0.00015748,0.7234584629748148,0.00081957,1,0.0
880,0.00013201343684460243,0.10112244174178245,-1.54e-06,2.387138367997413,2.9709305229720875,28.61904103720693,1.0052136313683062,4.3725939755636185,0.12067054082980143,-20.98087416524339,-1.1573229341274334,6.5016492272360376,0.6295741068180681,-3.254688432233365,0.2719344611720337,0.12678087465613014,0.00015748,0.14226316955446722,0.00081957,0,0.0
881,0.268316767530539,0.16394801996687489,-1.54e-06,2.387138367997413,2.9709305229720875,37.56575115141309,1.0052136313683062,10.12195937667259,0.12067054082980143,-35.128893634751584,-1.1573229341274334,-36.81968407806271,0.6295741068180681,13.14000581902145,0.2719344611720337,-0.27192629047002276,0.00015748,0.2867151026943073,0.00081957,1,0.0
882,0.21774483496839014,0.17484401924492995,-1.54e-06,2.387138367997413,2.9709305229720875,45.12149275803219,1.0052136313683062,10.505024909204437,0.12067054082980143,-37.46761774324959,-1.1573229341274334,-31.06760268252846,0.6295741068180681,8.655279729649495,0.2719344611720337,-0.2033807111185375,0.00015748,0.3038403423614351,0.00081957,1,0.0
883,1.1245119729698065,0.2392508368590165,-1.54e-06,2.387138367997413,2.9709305229720875,-32.996523417074414,1.0052136313683062,7.369617369233982,0.12067054082980143,-23.625103003307352,-1.1573229341274334,-61.22763076041796,0.6295741068180681,62.70370748294808,0.2719344611720337,-0.16973352351906074,0.00015748,0.17007845505209146,0.00081957,1,0.0
884,1.3953110213101807,0.4636433228614957,-1.54e-06,2.387138367997413,2.9709305229720875,-30.177488862759507,1.0052136313683062,14.890208444985166,0.12067054082980143,-66.4475879346851,-1.1573229341274334,-68.27481832898977,0.6295741068180681,92.42948587195202,0.2719344611720337,-0.35530797177077794,0.00015748,0.35842881574561397,0.00081957,1,0.0
885,0.0030560841462759503,0.12192323938663051,-1.54e-06,2.387138367997413,2.9709305229720875,-28.44323142921796,1.0052136313683062,5.169200678393437,0.12067054082980143,-84.5204266063266,-1.1573229341274334,85.61973623035134,0.6295741068180681,49.62095545345076,0.2719344611720337,0.11495840953008098,0.00015748,0.22636846303347957,0.00081957,0,0.0
886,-0.21140117891407972,1.6818413220551767,-1.54e-06,2.387138367997413,2.9709305229720875,24.982488503163445,1.0052136313683062,12.515633312584752,0.12067054082980143,-0.9812031471105571,-1.1573229341274334,-6.661963744561753,0.6295741068180681,-38.24133333355602,0.2719344611720337,-0.5393148032655535,0.00015748,0.6993923981528889,0.00081957,1,0.0
887,0.0009256516535701143,0.03976277562660752,-1.54e-06,2.387138367997413,2.9709305229720875,18.09191945481917,1.0052136313683062,2.5974584644053396,0.12067054082980143,-13.568749694357075,-1.1573229341274334,-3.8754004390032963,0.6295741068180681,1.0022027610296824,0.2719344611720337,-0.06468202578618362,0.00015748,0.1122045674091868,0.00081957,1,0.0
888,0.25483619318311845,0.10151690360945068,-1.54e-06,2.387138367997413,2.9709305229720875,53.5487040686439,1.0052136313683062,14.969263057069416,0.12067054082980143,-99.62625919896759,-1.1573229341274334,50.07815756242303,0.6295741068180681,28.04490992814753,0.2719344611720337,0.4567182544251297,0.00015748,0.4903137890421304,0.00081957,0,0.0
889,0.8138933602969163,0.11355077106187755,-1.54e-06,2.387138367997413,2.9709305229720875,-56.56303850730193,1.0052136313683062,1.8464570057915553,0.12067054082980143,-21.4153401106069,-1.1573229341274334,-15.553102614999561,0.6295741068180681,60.30857765135774,0.2719344611720337,-0.019176661583759275,0.00015748,0.020578014915288767,0.00081957,1,0.0
890,0.7725342419758986,1.1995246598949179,-1.54e-06,2.387138367997413,2.9709305229720875,41.02647618959994,1.0052136313683062,2.482549280861228,0.12067054082980143,-85.23935312491456,-1.1573229341274334,95.82345040060915,0.6295741068180681,44.936422849689386,0.2719344611720337,0.2581018580845006,0.00015748,1.684742812281466,0.00081957,0,0.0
891,0.0011486317630965415,0.13654129576585938,-1.54e-06,2.387138367997413,2.9709305229720875,99.75927018691236,1.0052136313683062,9.843704492363901,0.12067054082980143,-19.19161590298491,-1.1573229341274334,-17.468063655049082,0.6295741068180681,-36.02303942111864,0.2719344611720337,0.3350462813139162,0.00015748,0.3852187438703156,0.00081957,0,0.0
892,0.4800521446146253,0.6751515619797236,-1.54e-06,2.387138367997413,2.9709305229720875,43.43563233408584,1.0052136313683062,19.514806621525704,0.12067054082980143,-34.41931067245861,-1.1573229341274334,-71.96155912365938,0.6295741068180681,5.7809695280422035,0.2719344611720337,-0.4974025523951973,0.00015748,0.49819541525203365,0.00081957,1,0.0
893,1.3117767918747756,0.37213732333852756,-1.54e-06,2.387138367997413,2.9709305229720875,-29.586107032798232,1.0052136313683062,9.830222742716348,0.12067054082980143,-39.97922878507937,-1.1573229341274334,-71.27714359786818,0.6295741068180681,78.25130875497821,0.2719344611720337,-0.27174625424700405,0.00015748,0.2723959208225052,0.00081957,1,0.0
894,0.7700232163187607,0.35032315567304784,-1.54e-06,2.387138367997413,2.9709305229720875,54.59733808687128,1.0052136313683062,18.400540772011986,0.12067054082980143,-85.00419190720497,-1.1573229341274334,-24.67974808893428,0.6295741068180681,41.867495041973044,0.2719344611720337,0.1024034029108026,0.00015748,0.5420544771188066,0.00081957,0,0.0
895,0.004493852452605029,0.515307290482429,-1.54e-06,2.387138367997413,2.9709305229720875,98.45144064332743,1.0052136313683062,17.79832932142713,0.12067054082980143,-20.66370050633484,-1.1573229341274334,-74.68595494417217,0.6295741068180681,-33.89132987604735,0.2719344611720337,-0.4271461641571939,0.00015748,0.4574873786968661,0.00081957,1,0.0
896,-0.015226986015274002,0.6166591239968942,-1.54e-06,2.387138367997413,2.9709305229720875,66.03798287211116,1.0052136313683062,4.444730439967877,0.12067054082980143,-12.094170764787457,-1.1573229341274334,53.39900934766865,0.6295741068180681,-39.93665129041221,0.2719344611720337,0.14609794076200733,0.00015748,1.2267046786260871,0.00081957,0,0.0
897,0.0005238626307379479,0.70907996615283,-1.54e-06,2.387138367997413,2.9709305229720875,16.460488756886473,1.0052136313683062,-2.9681834050115063,0.12067054082980143,-8.071640841364715,-1.1573229341274334,71.2307889347392,0.6295741068180681,-14.073686339523844,0.2719344611720337,-0.0002250211968107818,0.00015748,1.0635992965818843,0.00081957,1,0.0
898,0.014700540526324246,0.029820259373472772,-1.54e-06,2.387138367997413,2.9709305229720875,-35.37294215063599,1.0052136313683062,-2.9093940937211604,0.12067054082980143,-3.5960051621446594,-1.1573229341274334,28.083531685879954,0.6295741068180681,14.60382077359281,0.2719344611720337,-0.11785791382359428,0.00015748,0.1192450703774584,0.00081957,1,0.0
899,0.39734548204555403,0.023146664168295788,-1.54e-06,2.387138367997413,2.9709305229720875,-93.4185859632372,1.0052136313683062,1.4869151283952098,0.12067054082980143,-78.60724863111443,-1.1573229341274334,75.49567119372709,0.6295741068180681,88.92090843237392,0.2719344611720337,-0.033866081350554425,0.00015748,0.03358026704520552,0.00081957,1,0.0
900,0.0038827082213750697,0.4195367529428324,-1.54e-06,2.4469845184420502,3.085375171979975,0.9858283792964307,1.0052136313683062,-1.6592585323453681,0.12067054082980143,-18.153156114244315,-1.1573229341274334,71.31419089193832,0.6295741068180681,-1.0589778854144258,0.2719344611720337,-0.004697183170265962,0.00015748,0.6842537636764923,0.00081957,1,0.0
901,0.4275933415496455,0.16193668064033367,-1.54e-06,2.4469845184420502,3.085375171979975,-84.68005019286481,1.0052136313683062,5.404604107560852,0.12067054082980143,-55.135121715200974,-1.1573229341274334,44.050801290064435,0.6295741068180681,66.61161861540899,0.2719344611720337,-0.23626606082693138,0.00015748,0.23979020237555917,0.00081957,1,0.0
902,0.1519353603766881,0.044624224792333425,-1.54e-06,2.4469845184420502,3.085375171979975,-59.65770995767636,1.0052136313683062,-4.249060000507775,0.12067054082980143,-6.993554615470971,-1.1573229341274334,36.59639306164447,0.6295741068180681,30.610514500373938,0.2719344611720337,-0.1307519278640437,0.00015748,0.1314473024030138,0.00081957,1,0.0
903,0.16279066715230683,0.2520337516250606,-1.54e-06,2.4469845184420502,3.085375171979975,-71.65783836870415,1.0052136313683062,-3.9107667169665703,0.12067054082980143,-74.30108132002552,-1.1573229341274334,89.1040690280757,0.6295741068180681,79.31004642408382,0.2719344611720337,-0.21508950545013542,0.00015748,0.2581989991835535,0.00081957,1,0.0
904,0.0020934586546942358,0.32565966650582556,-1.54e-06,2.4469845184420502,3.085375171979975,46.700494856534895,1.0052136313683062,3.15912711190913,0.12067054082980143,-38.88178532439948,-1.1573229341274334,69.55966548577048,0.6295741068180681,-9.276876930672385,0.2719344611720337,0.15787338255008282,0.00015748,0.7835212237133717,0.00081957,0,0.0
905,0.9482995886316721,0.36223355225264664,-1.54e-06,2.4469845184420502,3.085375171979975,25.732580059454847,1.0052136313683062,16.72736705003913,0.12067054082980143,-55.316176430773794,-1.1573229341274334,-92.04228520365885,0.6295741068180681,54.81659288178052,0.2719344611720337,-0.37909900063745827,0.00015748,0.38755511847907986,0.00081957,1,0.0
906,0.9066279903832617,0.14993791479431923,-1.54e-06,2.4469845184420502,3.085375171979975,-95.61816109175993,1.0052136313683062,0.3611771120462369,0.12067054082980143,-25.700173023646183,-1.1573229341274334,-2.893703537148842,0.6295741068180681,81.44948844443363,0.2719344611720337,-0.05990667765623006,0.00015748,0.05850023432547197,0.00081957,1,0.0
907,0.2755834314435055,0.17230820358504825,-1.54e-06,2.4469845184420502,3.085375171979975,77.55599619776541,1.0052136313683062,10.997188594877466,0.12067054082980143,-4.609445394901815,-1.1573229341274334,-89.49336662484065,0.6295741068180681,-15.046044083441132,0.2719344611720337,-0.2877552277717082,0.00015748,0.29000089188177675,0.00081957,1,0.0
908,0.03338961393110029,0.07378703993399538,-1.54e-06,2.4469845184420502,3.085375171979975,86.78159761312047,1.0052136313683062,14.851805402762416,0.12067054082980143,-94.36077140888474,-1.1573229341274334,59.53351569716647,0.6295741068180681,3.775276498083698,0.2719344611720337,0.4202293671628281,0.00015748,0.5460564749982799,0.00081957,0,0.0
909,1.055286424881974,0.2798254732393519,-1.54e-06,2.4469845184420502,3.085375171979975,-17.620549941243926,1.0052136313683062,12.363764207643174,0.12067054082980143,-60.04747218147587,-1.1573229341274334,-63.22283743258863,0.6295741068180681,78.79716005992148,0.2719344611720337,-0.2846184865118527,0.00015748,0.2955510229754264,0.00081957,1,0.0
910,0.0015866953271922446,0.13323047274274877,-1.54e-06,2.4469845184420502,3.085375171979975,51.82937155867922,1.0052136313683062,7.0964849181005585,0.12067054082980143,-39.12288571502544,-1.1573229341274334,17.52057922943057,0.6295741068180681,-4.50176848387925,0.2719344611720337,0.1980624166116872,0.00015748,0.24448766272480874,0.00081957,0,0.0
911,0.5982380642088583,0.2860740515058364,-1.54e-06,2.4469845184420502,3.085375171979975,51.496942458467494,1.0052136313683062,15.951296698192037,0.12067054082980143,-60.51983296855839,-1.1573229341274334,-55.93746591986078,0.6295741068180681,32.187509994693976,0.2719344611720337,-0.18743316516357972,0.00015748,0.3961639454949351,0.00081957,1,0.0
912,0.4467739412009669,0.13232535293479095,-1.54e-06,2.4469845184420502,3.085375171979975,45.461206447920134,1.0052136313683062,9.421954843059153,0.12067054082980143,-10.800510957176753,-1.1573229341274334,-77.59860172464688,0.6295741068180681,6.625284878431032,0.2719344611720337,-0.24360787088663555,0.00015748,0.24371704895768925,0.00081957,1,0.0
913,0.002484116098404071,0.004378230096617683,-1.54e-06,2.4469845184420502,3.085375171979975,-11.592099032268775,1.0052136313683062,1.9208141560428236,0.12067054082980143,-21.81730445573318,-1.1573229341274334,18.173928010434892,0.6295741068180681,14.281874671150389,0.2719344611720337,-0.04015782221935065,0.00015748,0.03993296072909399,0.00081957,1,0.0
914,0.10359618195604836,0.30504273757502753,-1.54e-06,2.4469845184420502,3.085375171979975,2.785681185711853,1.0052136313683062,8.257107624052145,0.12067054082980143,-2.1494948704648067,-1.1573229341274334,-22.270751268995287,0.6295741068180681,-7.955350281968487,0.2719344611720337,-0.3080675991580327,0.00015748,0.3108154831446639,0.00081957,1,0.0
915,0.5310135297614207,0.20731062491851435,-1.54e-06,2.4469845184420502,3.085375171979975,41.706905737384105,1.0052136313683062,13.024162045168776,0.12067054082980143,-36.934159857995866,-1.1573229341274334,-71.35848155079655,0.6295741068180681,23.817578919352755,0.2719344611720337,-0.3072677905835714,0.00015748,0.3119177911537698,0.00081957,1,0.0
916,0.6331413923135696,0.3333333256778476,-1.54e-06,2.4469845184420502,3.085375171979975,65.02765622290966,1.0052136313683062,17.061792817407383,0.12067054082980143,-48.79609805952424,-1.1573229341274334,-82.711557406378,0.6295741068180681,23.04349786366933,0.2719344611720337,-0.27481471549638486,0.00015748,0.41769922030739587,0.00081957,1,0.0
917,0.22616317809274603,0.6955490580150185,-1.54e-06,2.4469845184420502,3.085375171979975,33.383454904134005,1.0052136313683062,-1.4204639600661508,0.12067054082980143,-54.283980719853574,-1.1573229341274334,80.35405363463285,0.6295741068180681,22.011298455870865,0.2719344611720337,0.05930801754605458,0.00015748,0.9442029365237221,0.00081957,0,0.0
918,0.06504552521368973,0.023634439295589924,-1.54e-06,2.4469845184420502,3.085375171979975,25.139524984300326,1.0052136313683062,4.264727364629968,0.12067054082980143,-8.654275626271469,-1.1573229341274334,-23.396743207064315,0.6295741068180681,-2.2811928000075756,0.2719344611720337,-0.1065025696966473,0.00015748,0.10721245145748555,0.00081957,1,0.0
919,0.16469564109907914,0.3946003980132094,-1.54e-06,2.4469845184420502,3.085375171979975,41.045417068664975,1.0052136313683062,3.5520671017436376,0.12067054082980143,-72.0017430889222,-1.1573229341274334,87.70958189231413,0.6295741068180681,20.434556764666272,0.2719344611720337,0.18800186966006205,0.00015748,0.8548742820973683,0.00081957,0,0.0
920,0.0012324131079605172,0.2893586878954979,-1.54e-06,2.4469845184420502,3.085375171979975,55.16983223079217,1.0052136313683062,3.005155829239158,0.12067054082980143,-22.32011693927196,-1.1573229341274334,43.60778990090815,0.6295741068180681,-19.30460971102425,0.2719344611720337,0.15027183930461968,0.00015748,0.6715982121947699,0.00081957,0,0.0
921,0.7866642521083881,0.9208722579244042,-1.54e-06,2.4469845184420502,3.085375171979975,1.4983086186800618,1.0052136313683062,0.31009697709304207,0.12067054082980143,-62.81698212481158,-1.1573229341274334,43.9024318271203,0.6295741068180681,62.62578872519232,0.2719344611720337,0.02649017978163898,0.00015748,0.8617346579439036,0.00081957,0,0.0
922,0.3770832633105976,0.05028718209168698,-1.54e-06,2.4469845184420502,3.085375171979975,-34.37084060522667,1.0052136313683062,-1.6479151969784522,0.12067054082980143,-7.911823496180462,-1.1573229341274334,-3.503975059724799,0.6295741068180681,34.020664824199855,0.2719344611720337,-0.07890824182310353,0.00015748,0.08088687122216918,0.00081957,1,0.0
923,0.0016143812618173436,0.15594983570772314,-1.54e-06,2.4469845184420502,3.085375171979975,20.93683030404311,1.0052136313683062,8.324581144215168,0.12067054082980143,-90.60229514587199,-1.1573229341274334,89.75340535973237,0.6295741068180681,29.061954660810525,0.2719344611720337,0.2338384876369775,0.00015748,0.45767086565922427,0.00081957,0,0.0
924,0.4573090506432181,0.06934128808928045,-1.54e-06,2.4469845184420502,3.085375171979975,-39.46820686546059,1.0052136313683062,0.407162326436718,0.12067054082980143,-29.606880244889673,-1.1573229341274334,2.9788944863861264,0.6295741068180681,50.94535331213449,0.2719344611720337,-0.10936155240396861,0.00015748,0.10904203449066757,0.00081957,1,0.0
925,0.9575781409510541,0.15578837514650656,-1.54e-06,2.4469845184420502,3.085375171979975,-45.67458864159842,1.0052136313683062,7.932491608549873,0.12067054082980143,-46.837298214139395,-1.1573229341274334,-38.452311987927125,0.6295741068180681,77.19382708124202,0.2719344611720337,-0.1592609350368192,0.00015748,0.15960454139996189,0.00081957,1,0.0
926,0.7844233211969207,1.0791403918547307,-1.54e-06,2.4469845184420502,3.085375171979975,-28.151021583727008,1.0052136313683062,-3.26682678183761,0.12067054082980143,-63.828810466724946,-1.1573229341274334,60.12600383501162,0.6295741068180681,77.37087115882076,0.2719344611720337,-0.07838415162066315,0.00015748,0.8545939965365161,0.00081957,1,0.0
927,0.8221498429397478,0.1207750582853643,-1.54e-06,2.4469845184420502,3.085375171979975,-57.44008812309452,1.0052136313683062,4.768806605070832,0.12067054082980143,-23.09697594439784,-1.1573229341274334,-28.60835906854964,0.6295741068180681,60.84418021059471,0.2719344611720337,-0.09271261388445558,0.00015748,0.09405349298005734,0.00081957,1,0.0
928,0.002318592146434484,0.13295503107452042,-1.54e-06,2.4469845184420502,3.085375171979975,64.19302762076641,1.0052136313683062,9.094541986983844,0.12067054082980143,-41.18803623368576,-1.1573229341274334,7.663388087079784,0.6295741068180681,-8.652088392853024,0.2719344611720337,0.18690484823598302,0.00015748,0.2569128016507745,0.00081957,0,0.0
929,0.19688840855044654,0.11476750313848516,-1.54e-06,2.4469845184420502,3.085375171979975,-7.071932265884503,1.0052136313683062,10.949685878034753,0.12067054082980143,-89.23604415428916,-1.1573229341274334,29.717649552471453,0.6295741068180681,54.75454227060462,0.2719344611720337,-0.1979679823619155,0.00015748,0.2364142898371581,0.00081957,1,0.0
930,0.002994145079379229,0.14353087245801202,-1.54e-06,2.4469845184420502,3.085375171979975,88.71467507776826,1.0052136313683062,10.075441807636585,0.12067054082980143,-21.745926944590693,-1.1573229341274334,-29.338917135819663,0.6295741068180681,-26.33042273989625,0.2719344611720337,0.07492145432752473,0.00015748,0.2866554242219934,0.00081957,0,0.0
931,0.7323822522978063,0.3431547849119147,-1.54e-06,2.4469845184420502,3.085375171979975,-15.938955494365768,1.0052136313683062,7.474574226453859,0.12067054082980143,-81.89965853016824,-1.1573229341274334,11.873908266270158,0.6295741068180681,78.17825180995358,0.2719344611720337,-0.05789603281254033,0.00015748,0.37112341080509703,0.00081957,1,0.0
932,0.10225379954855099,0.005473896754431647,-1.54e-06,2.4469845184420502,3.085375171979975,-51.43113407503739,1.0052136313683062,0.5806912743147591,0.12067054082980143,-42.18366965594184,-1.1573229341274334,50.44885300220611,0.6295741068180681,43.13257418316111,0.2719344611720337,-0.04441807466583769,0.00015748,0.045703387576632185,0.00081957,1,0.0
933,0.29607653120698374,0.14865156096057114,-1.54e-06,2.4469845184420502,3.085375171979975,82.76375288303576,1.0052136313683062,16.675978896589392,0.12067054082980143,-88.10350889972844,-1.1573229341274334,20.04549549133821,0.6295741068180681,13.95869620324349,0.2719344611720337,0.3764253734201312,0.00015748,0.4519803677587631,0.00081957,0,0.0
934,0.30512552600070203,0.0714389104530742,-1.54e-06,2.4469845184420502,3.085375171979975,-11.300820867083885,1.0052136313683062,8.539168606896842,0.12067054082980143,-65.4711664091901,-1.1573229341274334,8.214886852258687,0.6295741068180681,49.420239851315465,0.2719344611720337,-0.1870482220624569,0.00015748,0.18695583703426213,0.00081957,1,0.0
935,0.0008620266645129604,0.14172762156454283,-1.54e-06,2.4469845184420502,3.085375171979975,89.64056235324877,1.0052136313683062,10.023356607765995,0.12067054082980143,-30.10268602377443,-1.1573229341274334,-11.771429297662916,0.6295741068180681,-24.23813473688788,0.2719344611720337,0.20713523588141997,0.00015748,0.3016788645912292,0.00081957,0,0.0
936,0.00023770780757270682,0.1463716476464899,-1.54e-06,2.4469845184420502,3.085375171979975,87.04347086768895,1.0052136313683062,9.206740205388762,0.12067054082980143,-32.24030088007879,-1.1573229341274334,5.204397513224582,0.6295741068180681,-24.52592787491238,0.2719344611720337,0.28189662460033366,0.00015748,0.3738636297512559,0.00081957,0,0.0
937,-0.004655908434735956,2.6911818068607642,-1.54e-06,2.4469845184420502,3.085375171979975,-40.19762057564322,1.0052136313683062,24.989417014187914,0.12067054082980143,-76.83799512151757,-1.1573229341274334,37.94657883158324,0.6295741068180681,17.527124196657578,0.2719344611720337,-0.937811274803755,0.00015748,0.9521878529866499,0.00081957,1,0.0
938,0.47586713679946846,0.2459408566071375,-1.54e-06,2.4469845184420502,3.085375171979975,99.21289037253892,1.0052136313683062,18.149991331450035,0.12067054082980143,-65.18418324265905,-1.1573229341274334,-37.48726710549258,0.6295741068180681,5.657994931864883,0.2719344611720337,0.17749797711031656,0.00015748,0.4890562955282206,0.00081957,0,0.0
939,0.5657204595502628,0.7811270587918897,-1.54e-06,2.4469845184420502,3.085375171979975,-25.382186536501457,1.0052136313683062,12.560164637897412,0.12067054082980143,-0.020118111910868937,-1.1573229341274334,-53.07981061695952,0.6295741068180681,12.00300355144348,0.2719344611720337,-0.4823156354129725,0.00015748,0.4860607431095274,0.00081957,1,0.0
940,0.6544565685096531,0.0892254350042965,-1.54e-06,2.4469845184420502,3.085375171979975,-8.597088267281055,1.0052136313683062,6.305255928582613,0.12067054082980143,-11.835001680812562,-1.1573229341274334,-54.892477613079684,0.6295741068180681,32.89087735623158,0.2719344611720337,-0.122964049321961,0.00015748,0.12715780839257293,0.00081957,1,0.0
941,1.3353255413758978,0.6931829017027581,-1.54e-06,2.4469845184420502,3.085375171979975,84.73831952795271,1.0052136313683062,21.47430027803997,0.12067054082980143,-78.39830925355339,-1.1573229341274334,-95.23003425070125,0.6295741068180681,54.59703683780898,0.2719344611720337,0.06937242899616886,0.00015748,0.6734326686960581,0.00081957,0,0.0
942,0.0008402174988474398,0.0372974293281362,-1.54e-06,2.4469845184420502,3.085375171979975,-51.711239793215896,1.0052136313683062,2.930338007774179,0.12067054082980143,-78.6764061498618,-1.1573229341274334,84.48479202829829,0.6295741068180681,58.13634131834307,0.2719344611720337,0.015750279636791296,0.00015748,0.04804247254637242,0.00081957,0,0.0
943,0.8709592442346331,0.6736895969541132,-1.54e-06,2.4469845184420502,3.085375171979975,-35.529576119494486,1.0052136313683062,16.536202972873337,0.12067054082980143,-36.00857034850696,-1.1573229341274334,-56.347458026635124,0.6295741068180681,48.008567115922155,0.2719344611720337,-0.43702396894455253,0.00015748,0.45054911646511275,0.00081957,1,0.0
944,0.73047450481962,0.6537538523321024,-1.54e-06,2.4469845184420502,3.085375171979975,37.921436848136594,1.0052136313683062,7.133563154466181,0.12067054082980143,-96.56016471175379,-1.1573229341274334,69.33614565092103,0.6295741068180681,55.73971954071157,0.2719344611720337,0.2587669181023898,0.00015748,1.0206625074610196,0.00081957,0,0.0
945,0.0011386969322701801,0.12440416159372446,-1.54e-06,2.4469845184420502,3.085375171979975,-31.08554828178324,1.0052136313683062,0.032286549726941505,0.12067054082980143,-45.51350257148574,-1.1573229341274334,69.34602834055599,0.6295741068180681,31.789170652277043,0.2719344611720337,0.004210159429866578,0.00015748,0.2331460078668402,0.00081957,0,0.0
946,0.1088272628415261,0.002151427512579719,-1.54e-06,2.4469845184420502,3.085375171979975,-7.5591289768426675,1.0052136313683062,0.8396913151119867,0.12067054082980143,-7.887942162292223,-1.1573229341274334,-1.0727643740126795,0.6295741068180681,11.102116146287432,0.2719344611720337,-0.01768387258536801,0.00015748,0.018046750455648315,0.00081957,1,0.0
947,0.6621306914772852,0.07505670225274336,-1.54e-06,2.4469845184420502,3.085375171979975,-85.82280007069662,1.0052136313683062,0.24028990845081794,0.12067054082980143,-38.623711352197674,-1.1573229341274334,20.884980508570447,0.6295741068180681,76.39842456763796,0.2719344611720337,-0.033029604148207437,0.00015748,0.03119185266323442,0.00081957,1,0.0
948,-0.0014108757687882334,0.22896879014927474,-1.54e-06,2.4469845184420502,3.085375171979975,51.22168878073273,1.0052136313683062,4.729233779246889,0.12067054082980143,-32.06097121591483,-1.1573229341274334,42.17852007345583,0.6295741068180681,-12.606608765700992,0.2719344611720337,0.17193746329423937,0.00015748,0.5596486891883525,0.00081957,0,0.0
949,1.499577241443205,1.8914005649214343,-1.54e-06,2.4469845184420502,3.085375171979975,81.01884507752298,1.0052136313683062,6.493616581474915,0.12067054082980143,-83.09749487800929,-1.1573229341274334,24.551673156597996,0.6295741068180681,62.503927710447996,0.2719344611720337,0.28672124058198745,0.00015748,1.6913009586315144,0.00081957,0,0.0
950,-0.25535577539035503,1.6987595716887567,-1.54e-06,2.4469845184420502,3.085375171979975,-15.193120292550553,1.0052136313683062,12.831773107763686,0.12067054082980143,-56.90096357901236,-1.1573229341274334,86.87248166493762,0.6295741068180681,-3.51380650419944,0.2719344611720337,-0.39307118644101835,0.00015748,0.8352150699811522,0.00081957,1,0.0
951,0.001762733218177881,0.15432413337897005,-1.54e-06,2.4469845184420502,3.085375171979975,92.37654463526825,1.0052136313683062,10.27298456603865,0.12067054082980143,-68.56555806081234,-1.1573229341274334,78.4459222945704,0.6295741068180681,-17.54108577094952,0.2719344611720337,0.3395745169435362,0.00015748,0.9643768288283838,0.00081957,0,0.0
952,1.1997379225172042,0.24960180453912637,-1.54e-06,2.4469845184420502,3.085375171979975,-46.20607666371452,1.0052136313683062,9.813529444079835,0.12067054082980143,-43.20452596508594,-1.1573229341274334,-65.00325163311675,0.6295741068180681,84.05070085110178,0.2719344611720337,-0.19362096781929838,0.00015748,0.19387173019797288,0.00081957,1,0.0
953,0.16337140663976224,0.1272972912563245,-1.54e-06,2.4469845184420502,3.085375171979975,74.38328456596378,1.0052136313683062,9.536531495998153,0.12067054082980143,-1e-20,-1.1573229341274334,-78.08016342508881,0.6295741068180681,-21.04270495768674,0.2719344611720337,-0.24636666799783782,0.00015748,0.24781014241734625,0.00081957,1,0.0
954,-0.0007289704120118645,0.1813907394976632,-1.54e-06,2.4469845184420502,3.085375171979975,-69.7315190648043,1.0052136313683062,-4.496893083407478,0.12067054082980143,-26.529145368178405,-1.1573229341274334,82.55440119795337,0.6295741068180681,34.95595660204616,0.2719344611720337,-0.1571893543177038,0.00015748,0.30890564783119684,0.00081957,1,0.0
955,0.22610775232904134,0.22167834629059513,-1.54e-06,2.4469845184420502,3.085375171979975,84.97078145372959,1.0052136313683062,13.43832299799505,0.12067054082980143,-14.436762763773329,-1.1573229341274334,-86.69284321790599,0.6295741068180681,-16.414934627412105,0.2719344611720337,-0.31456036278041544,0.00015748,0.3261807453575316,0.00081957,1,0.0
956,-0.00014634553184750265,0.3888789382463367,-1.54e-06,2.4469845184420502,3.085375171979975,65.74089452139584,1.0052136313683062,3.3998953064126143,0.12067054082980143,-18.1621727622525,-1.1573229341274334,52.738101044896204,0.6295741068180681,-30.386360346034113,0.2719344611720337,0.15531723216395243,0.00015748,0.8901866112649892,0.00081957,0,0.0
957,0.7848243046457899,0.8628536380326866,-1.54e-06,2.4469845184420502,3.085375171979975,0.03915441263814945,1.0052136313683062,3.4840588934666736,0.12067054082980143,-100.0,-1.1573229341274334,89.4051161106412,0.6295741068180681,76.17185797299992,0.2719344611720337,0.16163413096003038,0.00015748,1.0275198086281012,0.00081957,0,0.0
958,0.0012572142999061064,0.0769056617568,-1.54e-06,2.4469845184420502,3.085375171979975,5.336602628479601,1.0052136313683062,6.667528118488378,0.12067054082980143,-52.68075292370853,-1.1573229341274334,32.263968185000685,0.6295741068180681,21.163535991496584,0.2719344611720337,-0.0011951692194688557,0.00015748,0.15189555305453575,0.00081957,1,0.0
959,0.10122705215873218,0.08541593918636016,-1.54e-06,2.4469845184420502,3.085375171979975,62.66392918930651,1.0052136313683062,7.646243825324135,0.12067054082980143,-0.24832920032850775,-1.1573229341274334,-61.88153235229358,0.6295741068180681,-18.738173854081097,0.2719344611720337,-0.20325872804678458,0.00015748,0.20307435984586297,0.00081957,1,0.0
960,0.8920229423134014,0.1852676876702538,-1.54e-06,2.4469845184420502,3.085375171979975,-82.63503818064407,1.0052136313683062,-2.3449587091877597,0.12067054082980143,-14.454759628758525,-1.1573229341274334,-12.877911246901418,0.6295741068180681,75.10667876212884,0.2719344611720337,-0.09907759783554483,0.00015748,0.0994241701114539,0.00081957,1,0.0
961,-0.021398846305271224,0.6946807081523279,-1.54e-06,2.4469845184420502,3.085375171979975,-7.582468987503211,1.0052136313683062,4.048649035417436,0.12067054082980143,-0.8939444692794403,-1.1573229341274334,38.40738060453756,0.6295741068180681,-16.912613233258494,0.2719344611720337,-0.2202198285975305,0.00015748,0.6539330267660651,0.00081957,1,0.0
962,0.9080618681348699,0.42190650123527995,-1.54e-06,2.4469845184420502,3.085375171979975,83.34107466306676,1.0052136313683062,17.329206159273028,0.12067054082980143,-69.60792383416754,-1.1573229341274334,-53.87979672527059,0.6295741068180681,33.19898571896864,0.2719344611720337,0.18549638680116856,0.00015748,0.572504094332956,0.00081957,0,0.0
963,-0.28249658235197006,1.620584045559455,-1.54e-06,2.4469845184420502,3.085375171979975,11.478405233522752,1.0052136313683062,13.894495015347397,0.12067054082980143,-53.83223882636063,-1.1573229341274334,74.58453900691563,0.6295741068180681,-15.432539629568168,0.2719344611720337,-0.3091862542786311,0.00015748,0.8256098256311722,0.00081957,1,0.0
964,0.009418698885189203,0.11247481706745921,-1.54e-06,2.4469845184420502,3.085375171979975,17.641648267770957,1.0052136313683062,9.098329074314913,0.12067054082980143,-49.054006995991735,-1.1573229341274334,16.415962237937496,0.6295741068180681,12.946075492908406,0.2719344611720337,-0.07310990287439542,0.00015748,0.21222411121759407,0.00081957,1,0.0
965,0.8843075646134517,1.87109764705781,-1.54e-06,2.4469845184420502,3.085375171979975,-39.2307586827391,1.0052136313683062,23.59614262443533,0.12067054082980143,-40.321051446315586,-1.1573229341274334,-83.20162805129702,0.6295741068180681,45.911503137358515,0.2719344611720337,-0.8317803904773676,0.00015748,0.6132288230198394,0.00081957,1,0.0
966,0.7049851450062852,0.13400711277237695,-1.54e-06,2.4469845184420502,3.085375171979975,8.424407802526037,1.0052136313683062,8.793479630099277,0.12067054082980143,-19.28572784852577,-1.1573229341274334,-69.92477211034414,0.6295741068180681,33.569637662947315,0.2719344611720337,-0.20048530500396852,0.00015748,0.2024693427361742,0.00081957,1,0.0
967,0.6118163575855406,0.30294291216322533,-1.54e-06,2.4469845184420502,3.085375171979975,48.01996055925227,1.0052136313683062,16.183271943435145,0.12067054082980143,-65.08521091521075,-1.1573229341274334,-56.285103908971244,0.6295741068180681,37.46864443758276,0.2719344611720337,-0.2414693568008262,0.00015748,0.4042930278979527,0.00081957,1,0.0
968,0.004523310079653398,0.2747939995850376,-1.54e-06,2.4469845184420502,3.085375171979975,21.259985863561802,1.0052136313683062,3.5996217750076607,0.12067054082980143,-46.964025665714445,-1.1573229341274334,73.07943785053038,0.6295741068180681,5.267349243652953,0.2719344611720337,0.12198571028301858,0.00015748,0.6166934237762458,0.00081957,0,0.0
969,0.38700776124456404,0.07149048423712417,-1.54e-06,2.4469845184420502,3.085375171979975,-1.1819558296709165,1.0052136313683062,7.95289407095587,0.12067054082980143,-44.996971919977895,-1.1573229341274334,-17.61395659672652,0.6295741068180681,38.37870889020177,0.2719344611720337,-0.17844465675596655,0.00015748,0.18031551373680488,0.00081957,1,0.0
970,-0.08397479171275002,1.6500083244197383,-1.54e-06,2.4469845184420502,3.085375171979975,99.87323970781858,1.0052136313683062,20.918064060781603,0.12067054082980143,-21.524621448710338,-1.1573229341274334,8.411804675572087,0.6295741068180681,-67.38770310952987,0.2719344611720337,-0.17232897084230814,0.00015748,1.1654909789821501,0.00081957,1,0.0
971,0.009864574467595921,0.04554715022601151,-1.54e-06,2.4469845184420502,3.085375171979975,-0.4293078985810466,1.0052136313683062,6.382810218259558,0.12067054082980143,-55.29538688004937,-1.1573229341274334,24.660418294641445,0.6295741068180681,28.630731216692126,0.2719344611720337,-0.13644748643246754,0.00015748,0.13898500139987616,0.00081957,1,0.0
972,1.1844529002493336,1.8578086462565593,-1.54e-06,2.4469845184420502,3.085375171979975,26.419786687492238,1.0052136313683062,-3.4153895431382852,0.12067054082980143,-28.303867320015762,-1.1573229341274334,-7.988458409054051,0.6295741068180681,56.32105353996282,0.2719344611720337,-0.09445018098585312,0.00015748,1.170824910572308,0.00081957,1,0.0
973,0.003290940075066695,0.1403167993096232,-1.54e-06,2.4469845184420502,3.085375171979975,66.89729585437352,1.0052136313683062,10.389991559320123,0.12067054082980143,-45.5512206877194,-1.1573229341274334,-3.161695957056319,0.6295741068180681,-5.423668558200899,0.2719344611720337,0.04532252182976956,0.00015748,0.285224645804358,0.00081957,0,0.0
974,0.6137963283684156,0.3006411813289379,-1.54e-06,2.4469845184420502,3.085375171979975,44.404957942271416,1.0052136313683062,15.491027900776414,0.12067054082980143,-59.244116039752306,-1.1573229341274334,-65.1193301570755,0.6295741068180681,37.69267106933134,0.2719344611720337,-0.3232847134657424,0.00015748,0.38802867035332844,0.00081957,1,0.0
975,0.9807598557533049,0.6936386502091298,-1.54e-06,2.4469845184420502,3.085375171979975,-22.773641599885565,1.0052136313683062,0.10751701801827909,0.12067054082980143,-34.723861159504835,-1.1573229341274334,-30.545540257250703,0.6295741068180681,73.44772424999425,0.2719344611720337,-0.238090220690031,0.00015748,0.47836539353351276,0.00081957,1,0.0
976,0.061490832745330515,0.14112438878912756,-1.54e-06,2.4469845184420502,3.085375171979975,95.46355361325297,1.0052136313683062,13.859568220653829,0.12067054082980143,-58.86922749583652,-1.1573229341274334,4.4018177280004736,0.6295741068180681,-12.18126489363046,0.2719344611720337,0.2767168695736034,0.00015748,0.3859359241621001,0.00081957,0,0.0
977,0.20068794811444723,0.3828014303552546,-1.54e-06,2.4469845184420502,3.085375171979975,47.21630497467859,1.0052136313683062,18.847475084541422,0.12067054082980143,-63.398279529316575,-1.1573229341274334,-37.81219025187225,0.6295741068180681,14.367230756845817,0.2719344611720337,-0.3936533732897512,0.00015748,0.396694267462054,0.00081957,1,0.0
978,0.3145836161325213,0.4150209665914879,-1.54e-06,2.4469845184420502,3.085375171979975,-5.538629513500437,1.0052136313683062,-2.5355147017117545,0.12067054082980143,-31.589297514533996,-1.1573229341274334,28.06725718107596,0.6295741068180681,35.80037398679767,0.2719344611720337,-0.11315170687852791,0.00015748,0.4484091503326153,0.00081957,1,0.0
979,0.12963457565559255,0.13598407269450996,-1.54e-06,2.4469845184420502,3.085375171979975,94.84296392603886,1.0052136313683062,14.096710773642998,0.12067054082980143,-63.602096619241124,-1.1573229341274334,10.038466796133912,0.6295741068180681,-8.101819875684992,0.2719344611720337,0.3612406049221991,0.00015748,0.4029884861564882,0.00081957,0,0.0
980,0.39585522077169666,0.21686369495157587,-1.54e-06,2.4469845184420502,3.085375171979975,54.72912336365039,1.0052136313683062,13.349928433727642,0.12067054082980143,-39.46995080323279,-1.1573229341274334,-64.45991100588351,0.6295741068180681,15.100122271477895,0.2719344611720337,-0.29891861467162806,0.00015748,0.3297228379312567,0.00081957,1,0.0
981,1.6810134636970786,4.841691710238861,-1.54e-06,2.4469845184420502,3.085375171979975,69.78299389903647,1.0052136313683062,-9.013859010149135,0.12067054082980143,-50.46994201111819,-1.1573229341274334,90.55798337605272,0.6295741068180681,57.02384667361105,0.2719344611720337,0.0845336973734141,0.00015748,2.7273748053656632,0.00081957,0,0.0
982,0.49597891617340395,0.9217265071248525,-1.54e-06,2.4469845184420502,3.085375171979975,-70.9540530099874,1.0052136313683062,10.754014044911786,0.12067054082980143,-22.273299290961656,-1.1573229341274334,-2.0602063590388946,0.6295741068180681,35.79167774066913,0.2719344611720337,-0.5522125158839034,0.00015748,0.5328031123440965,0.00081957,1,0.0
983,1.4694076143875723,0.5352447478975687,-1.54e-06,2.4469845184420502,3.085375171979975,-73.75413624643029,1.0052136313683062,12.542525953852206,0.12067054082980143,-26.735972454653233,-1.1573229341274334,-85.73099942349545,0.6295741068180681,86.49993161122995,0.2719344611720337,-0.28476531302611785,0.00015748,0.28446747025964214,0.00081957,1,0.0
984,-4.598781490583459e-05,0.1166491336291675,-1.54e-06,2.4469845184420502,3.085375171979975,-41.54428180057083,1.0052136313683062,-1.7520909183914017,0.12067054082980143,-38.41696903858982,-1.1573229341274334,69.69694370925909,0.6295741068180681,33.03186348956211,0.2719344611720337,-0.04036949447138653,0.00015748,0.22061132993265525,0.00081957,1,0.0
985,0.7687184926384387,0.583087955153724,-1.54e-06,2.4469845184420502,3.085375171979975,34.48920743923357,1.0052136313683062,24.268020198569275,0.12067054082980143,-80.55874608334592,-1.1573229341274334,-77.3461384244611,0.6295741068180681,48.738067903566105,0.2719344611720337,-0.489199946944929,0.00015748,0.4984922326649894,0.00081957,1,0.0
986,0.3471171982015794,0.01471241809491191,-1.54e-06,2.4469845184420502,3.085375171979975,-68.4440709054471,1.0052136313683062,2.2487276182247875,0.12067054082980143,-63.00127807043678,-1.1573229341274334,50.15477965037597,0.6295741068180681,70.71832215148966,0.2719344611720337,-0.02101011412821617,0.00015748,0.021213660546455612,0.00081957,1,0.0
987,0.04449080230151936,0.22776396579575298,-1.54e-06,2.4469845184420502,3.085375171979975,-5.4305041056574845,1.0052136313683062,12.6398730518087,0.12067054082980143,-66.92938854944471,-1.1573229341274334,22.605137551520382,0.6295741068180681,28.67529597467556,0.2719344611720337,-0.2870951350392604,0.00015748,0.2906107432248522,0.00081957,1,0.0
988,0.18542506785949775,0.16462486131541548,-1.54e-06,2.4469845184420502,3.085375171979975,-50.719018760517386,1.0052136313683062,10.68681179182218,0.12067054082980143,-86.2182870590535,-1.1573229341274334,54.32729745901032,0.6295741068180681,61.12172399744235,0.2719344611720337,-0.25578486651256294,0.00015748,0.2525359166233002,0.00081957,1,0.0
989,0.0004930955944324467,0.19181188304679364,-1.54e-06,2.4469845184420502,3.085375171979975,61.86660424518605,1.0052136313683062,5.821133061930105,0.12067054082980143,-29.88255818446807,-1.1573229341274334,28.460015842917787,0.6295741068180681,-16.790684141622354,0.2719344611720337,0.2005675870787285,0.00015748,0.4902470749276814,0.00081957,0,0.0
990,0.0014094723118206476,0.16595978715160511,-1.54e-06,2.4469845184420502,3.085375171979975,81.87251069438737,1.0052136313683062,8.593221314309329,0.12067054082980143,-36.373365062076786,-1.1573229341274334,23.288689280403744,0.6295741068180681,-22.815476057142533,0.2719344611720337,0.2689513574553199,0.00015748,0.5178241011800008,0.00081957,0,0.0
991,0.14418530880694064,0.14002559539914472,-1.54e-06,2.4469845184420502,3.085375171979975,17.453423731384845,1.0052136313683062,5.418137674978418,0.12067054082980143,-52.18238271218062,-1.1573229341274334,14.004065648747293,0.6295741068180681,28.0416051215167,0.2719344611720337,-0.08426270827680882,0.00015748,0.24527581947533889,0.00081957,1,0.0
992,0.916824111757185,0.15168599646337366,-1.54e-06,2.4469845184420502,3.085375171979975,-79.57116872159428,1.0052136313683062,0.3545135427897035,0.12067054082980143,-13.05662711668434,-1.1573229341274334,-22.189357523827308,0.6295741068180681,70.2002224574549,0.2719344611720337,-0.034422659449619405,0.00015748,0.03446690054259138,0.00081957,1,0.0
993,1.4719163980514178,1.8315524169915909,-1.54e-06,2.4469845184420502,3.085375171979975,38.32810015214046,1.0052136313683062,3.0603592934869313,0.12067054082980143,-60.72333852214095,-1.1573229341274334,-0.6639484860585523,0.6295741068180681,72.15171145921461,0.2719344611720337,0.11670318773255217,0.00015748,1.3144880806998056,0.00081957,0,0.0
994,0.4723957314688526,0.05446255077426135,-1.54e-06,2.4469845184420502,3.085375171979975,-10.338356580570776,1.0052136313683062,6.246330874276485,0.12067054082980143,-30.51733459055292,-1.1573229341274334,-25.888577752220087,0.6295741068180681,37.15691258962699,0.2719344611720337,-0.13271572504805562,0.00015748,0.13303187504529268,0.00081957,1,0.0
995,0.5814842836923029,0.12647364648073667,-1.54e-06,2.4469845184420502,3.085375171979975,-21.955823032087988,1.0052136313683062,11.142484204757654,0.12067054082980143,-77.54632423927005,-1.1573229341274334,-5.868289546685794,0.6295741068180681,69.67216842801581,0.2719344611720337,-0.2359793337789837,0.00015748,0.2367853287977166,0.00081957,1,0.0
996,1.0727909551814587,0.4855893715039845,-1.54e-06,2.4469845184420502,3.085375171979975,39.10095677221099,1.0052136313683062,19.082178158351827,0.12067054082980143,-74.5681259820492,-1.1573229341274334,-83.86197689113027,0.6295741068180681,62.85985366544198,0.2719344611720337,-0.24625124428804623,0.00015748,0.48315976050332354,0.00081957,1,0.0
997,1.3255156408761624,0.31154847527613844,-1.54e-06,2.4469845184420502,3.085375171979975,-43.84468500192603,1.0052136313683062,10.791653190250909,0.12067054082980143,-39.99025896004823,-1.1573229341274334,-81.38898384274749,0.6295741068180681,86.21679728227382,0.2719344611720337,-0.2160151579744878,0.00015748,0.2159392578809647,0.00081957,1,0.0
998,1.6397548805342568,0.9946751215215974,-1.54e-06,2.4469845184420502,3.085375171979975,72.78158739294302,1.0052136313683062,19.679792568105057,0.12067054082980143,-93.6529502996278,-1.1573229341274334,-75.51616165106414,0.6295741068180681,78.71699343318387,0.2719344611720337,0.21515011364318504,0.00015748,0.8393408497575459,0.00081957,0,0.0
999,0.0010183029243501784,0.2699320936900272,-1.54e-06,2.4469845184420502,3.085375171979975,35.2496409798246,1.0052136313683062,1.65565227350164,0.12067054082980143,-16.062768689644688,-1.1573229341274334,39.16081358693739,0.6295741068180681,-13.4085934646523,0.2719344611720337,0.09278824612428338,0.00015748,0.546273744176164,0.00081957,0,0.0
1000,1.1440159066558833,1.1519132875820308,-1.54e-06,0.8719611650083201,3.0023031448610418,32.59988074098853,1.0052136313683062,69.01819698565235,0.12067054082980143,-59.65978687940992,-1.1573229341274334,-59.55874563321714,0.6295741068180681,6.9461243424814425,0.2719344611720337,0.5476219891061016,0.00015748,4.25694047779595,0.00081957,0,0.0
1001,-0.0022863569802606953,0.49274482516576285,-1.54e-06,0.8719611650083201,3.0023031448610418,82.66378642921978,1.0052136313683062,43.47788248937708,0.12067054082980143,-18.228248335121105,-1.1573229341274334,-0.6553579328343005,0.6295741068180681,-61.61349382126209,0.2719344611720337,1.470100552867277,0.00015748,5.090487572866244,0.00081957,0,0.0
1002,-0.00184014067488536,0.432340548957486,-1.54e-06,0.8719611650083201,3.0023031448610418,43.762932209176284,1.0052136313683062,31.118158886076095,0.12067054082980143,-64.41503359392428,-1.1573229341274334,93.58481922057881,0.6295741068180681,-23.781666171011274,0.2719344611720337,1.5845776173304722,0.00015748,3.293118981132407,0.00081957,0,0.0
1003,-0.05755522806541924,1.2408487638968744,-1.54e-06,0.8719611650083201,3.0023031448610418,86.06675866474015,1.0052136313683062,44.15191511863688,0.12067054082980143,-47.79470798652495,-1.1573229341274334,90.83787309755613,0.6295741068180681,-65.32877327987332,0.2719344611720337,2.468447196942187,0.00015748,5.237895994563521,0.00081957,0,0.0
1004,-0.19809044318247548,0.6881865972014815,-1.54e-06,0.8719611650083201,3.0023031448610418,49.17273596260753,1.0052136313683062,50.845991801094215,0.12067054082980143,-88.37460162249792,-1.1573229341274334,74.84329790079985,0.6295741068180681,-22.981432506005927,0.2719344611720337,1.1012972820603815,0.00015748,3.947805941191976,0.00081957,0,0.0
1005,0.08429468620881864,0.013255253705792414,-1.54e-06,0.8719611650083201,3.0023031448610418,0.9334095380977253,1.0052136313683062,23.44095060574498,0.12067054082980143,-80.7883019733556,-1.1573229341274334,66.48650207711616,0.6295741068180681,21.240990650008463,0.2719344611720337,0.30080507801430423,0.00015748,1.5532761447696015,0.00081957,0,0.0
1006,1.7746685423579742,0.8294538455749214,-1.54e-06,0.8719611650083201,3.0023031448610418,-57.631767362506864,1.0052136313683062,20.61792483224964,0.12067054082980143,-82.27942337560724,-1.1573229341274334,-21.048743868295368,0.6295741068180681,99.93295474775452,0.2719344611720337,-0.44457950459315004,0.00015748,0.4413395577978468,0.00081957,1,0.0
1007,-0.0018368244734159322,0.25799072530351463,-1.54e-06,0.8719611650083201,3.0023031448610418,42.75571047641307,1.0052136313683062,40.69639183357752,0.12067054082980143,-86.64867779736011,-1.1573229341274334,84.30277409279027,0.6295741068180681,-14.011841298851342,0.2719344611720337,1.2596779390301949,0.00015748,3.8236164123593044,0.00081957,0,0.0
1008,1.3028387928068028,0.5024435023638725,-1.54e-06,0.8719611650083201,3.0023031448610418,4.953707006626725,1.0052136313683062,60.44578509079889,0.12067054082980143,-100.0,-1.1573229341274334,-23.953819718752438,0.6295741068180681,45.72635685808865,0.2719344611720337,0.2699557249538105,0.00015748,3.7173650347043816,0.00081957,0,0.0
1009,1.3151984909819587,0.49046290037916496,-1.54e-06,0.8719611650083201,3.0023031448610418,1.962896764780814,1.0052136313683062,35.08106438619812,0.12067054082980143,-36.28238830682348,-1.1573229341274334,-61.151359075408266,0.6295741068180681,32.01286144061768,0.2719344611720337,0.2805184088427002,0.00015748,2.3950245735344824,0.00081957,0,0.0
1010,0.049701672127003604,0.2193264280423676,-1.54e-06,0.8719611650083201,3.0023031448610418,31.347285134943633,1.0052136313683062,42.00442387383984,0.12067054082980143,-83.17558138432837,-1.1573229341274334,67.83192773720708,0.6295741068180681,-5.739041604280331,0.2719344611720337,0.9274969721059283,0.00015748,3.1277650747715335,0.00081957,0,0.0
1011,0.0013568819636260443,0.09499571121862266,-1.54e-06,0.8719611650083201,3.0023031448610418,85.92147737873172,1.0052136313683062,51.27408624015641,0.12067054082980143,-7.051950865243631,-1.1573229341274334,-86.36945199523915,0.6295741068180681,-57.874651050952735,0.2719344611720337,0.4607104216683586,0.00015748,5.692026861270252,0.00081957,0,0.0
1012,1.374971400888512,0.4836173670701841,-1.54e-06,0.8719611650083201,3.0023031448610418,-50.2612870955288,1.0052136313683062,16.172824404719332,0.12067054082980143,-81.33994262154931,-1.1573229341274334,7.968980902832446,0.6295741068180681,85.92213405908092,0.2719344611720337,-0.30515691464751704,0.00015748,0.3071352606129091,0.00081957,1,0.0
1013,0.0005796100616124455,0.04427009840531481,-1.54e-06,0.8719611650083201,3.0023031448610418,27.792428540284195,1.0052136313683062,35.17182130356196,0.12067054082980143,-75.9415582592921,-1.1573229341274334,47.547987442886374,0.6295741068180681,-1.3051796523789523,0.2719344611720337,0.5524022540086928,0.00015748,3.009892898134466,0.00081957,0,0.0
1014,0.3824953493280462,0.0787930224222657,-1.54e-06,0.8719611650083201,3.0023031448610418,27.319209398331925,1.0052136313683062,42.39597424995667,0.12067054082980143,-65.62444939026321,-1.1573229341274334,-8.8845644930652,0.6295741068180681,5.732166897550845,0.2719344611720337,0.2696253206847141,0.00015748,3.4339186713519965,0.00081957,0,0.0
1015,-0.0006760073021221391,0.4830473098775972,-1.54e-06,0.8719611650083201,3.0023031448610418,75.16176659066569,1.0052136313683062,49.70094736478413,0.12067054082980143,-56.838016457714275,-1.1573229341274334,40.19740318200276,0.6295741068180681,-46.403361619826455,0.2719344611720337,1.561618198941537,0.00015748,5.263819514513436,0.00081957,0,0.0
1016,0.41639815102716604,0.10093560120373463,-1.54e-06,0.8719611650083201,3.0023031448610418,32.70264932072232,1.0052136313683062,40.559570633969116,0.12067054082980143,-44.849422877852476,-1.1573229341274334,-33.01599889844764,0.6295741068180681,-3.1020570362566913,0.2719344611720337,0.2703467788218472,0.00015748,3.435732107927688,0.00081957,0,0.0
1017,0.0020167270578388408,0.04141878343753109,-1.54e-06,0.8719611650083201,3.0023031448610418,77.58687414484038,1.0052136313683062,53.95929088698814,0.12067054082980143,-25.169046257797138,-1.1573229341274334,-78.26229292162697,0.6295741068180681,-45.66728028243098,0.2719344611720337,0.26194822724674793,0.00015748,5.575002752780696,0.00081957,0,0.0
1018,-0.001198559579139613,0.6659434542365458,-1.54e-06,0.8719611650083201,3.0023031448610418,64.76418334570543,1.0052136313683062,22.388659818530694,0.12067054082980143,-1.3058926877769816,-1.1573229341274334,39.40229209657389,0.6295741068180681,-56.93476238693721,0.2719344611720337,1.7117195048933223,0.00015748,3.4933254365552564,0.00081957,0,0.0
1019,2.1274309447427595,1.369890005737502,-1.54e-06,0.8719611650083201,3.0023031448610418,-44.89275040100542,1.0052136313683062,22.556966614469772,0.12067054082980143,-61.54300612715809,-1.1573229341274334,-8.442487900033818,0.6295741068180681,82.85516947115828,0.2719344611720337,0.34176240890042425,0.00015748,0.9495230143578761,0.00081957,0,0.0
1020,1.2618057302572818,0.8017368748946885,-1.54e-06,0.8719611650083201,3.0023031448610418,17.78247483844338,1.0052136313683062,73.65113324850871,0.12067054082980143,-99.7863197069675,-1.1573229341274334,-39.09182794474572,0.6295741068180681,33.59584162444415,0.2719344611720337,0.27850861544670646,0.00015748,4.398330678331791,0.00081957,0,0.0
1021,0.608001650832967,0.1841140999273854,-1.54e-06,0.8719611650083201,3.0023031448610418,31.69964126449674,1.0052136313683062,36.44380209659118,0.12067054082980143,-17.185306872612063,-1.1573229341274334,-64.75884623891548,0.6295741068180681,-6.964462000488418,0.2719344611720337,0.27378897780081934,0.00015748,3.0630635614230233,0.00081957,0,0.0
1022,0.0049250489674133036,0.3182769773156909,-1.54e-06,0.8719611650083201,3.0023031448610418,87.17456981842007,1.0052136313683062,63.77137143553473,0.12067054082980143,-59.653429416755245,-1.1573229341274334,-6.487484990462096,0.6295741068180681,-50.460833008562325,0.2719344611720337,1.1731793449182115,0.00015748,6.314747327260283,0.00081957,0,0.0
1023,0.5959046046495697,0.6597588247594119,-1.54e-06,0.8719611650083201,3.0023031448610418,40.17519290814308,1.0052136313683062,58.510139050835456,0.12067054082980143,-55.638524813980794,-1.1573229341274334,-26.439053537090267,0.6295741068180681,-8.903866339830603,0.2719344611720337,0.6469533910948269,0.00015748,3.9539600253789935,0.00081957,0,0.0
1024,1.385343133668128,0.6707586709393504,-1.54e-06,0.8719611650083201,3.0023031448610418,-44.974388643018465,1.0052136313683062,3.1151628197556156,0.12067054082980143,-50.18118437255272,-1.1573229341274334,3.703690831831466,0.6295741068180681,72.91546705837091,0.2719344611720337,-0.12010931871077364,0.00015748,0.12048476830591952,0.00081957,1,0.0
1025,1.0187445266340958,0.30003851571294643,-1.54e-06,0.8719611650083201,3.0023031448610418,0.4943086164244074,1.0052136313683062,36.23706041498438,0.12067054082980143,-64.53606263720506,-1.1573229341274334,-17.490429270036334,0.6295741068180681,35.44292421675516,0.2719344611720337,0.27810198160379707,0.00015748,2.4631953410825895,0.00081957,0,0.0
1026,0.5683918565548042,0.13492756862838293,-1.54e-06,0.8719611650083201,3.0023031448610418,16.36444354531634,1.0052136313683062,32.93167199986838,0.12067054082980143,-44.93604289415054,-1.1573229341274334,-19.803257320840753,0.6295741068180681,10.471940250500428,0.2719344611720337,0.2787546202878233,0.00015748,2.535229397045028,0.00081957,0,0.0
1027,0.9137480108131473,0.366000958439906,-1.54e-06,0.8719611650083201,3.0023031448610418,-27.420258580445665,1.0052136313683062,3.6931521203697972,0.12067054082980143,-25.765661858280936,-1.1573229341274334,3.417444779022771,0.6295741068180681,41.81010272498313,0.2719344611720337,-0.24967945115907836,0.00015748,0.24106869637365386,0.00081957,1,0.0
1028,-1.4791080871212614e-07,0.09844287927643519,-1.54e-06,0.8719611650083201,3.0023031448610418,52.446574566867426,1.0052136313683062,54.99504057201548,0.12067054082980143,-100.0,-1.1573229341274334,42.361522665690316,0.6295741068180681,-11.969897469890002,0.2719344611720337,0.7550416142888836,0.00015748,5.040463032165269,0.00081957,0,0.0
1029,0.0008912621812724453,0.021569631494617592,-1.54e-06,0.8719611650083201,3.0023031448610418,47.86560359958953,1.0052136313683062,41.03862525220388,0.12067054082980143,-45.6362401276918,-1.1573229341274334,-21.337331076780288,0.6295741068180681,-20.43081846715186,0.2719344611720337,0.2678628216256591,0.00015748,3.9592572349023616,0.00081957,0,0.0
1030,1.1071120038025475,0.2785554750274146,-1.54e-06,0.8719611650083201,3.0023031448610418,-24.19610565080758,1.0052136313683062,9.089887497659612,0.12067054082980143,-10.87960581098378,-1.1573229341274334,-55.78806090817693,0.6295741068180681,42.70659162003579,0.2719344611720337,-0.2219392432186341,0.00015748,0.22190157314084716,0.00081957,1,0.0
1031,1.1336912132351906,0.3914194508620726,-1.54e-06,0.8719611650083201,3.0023031448610418,-3.1259516094976405,1.0052136313683062,29.21448900998241,0.12067054082980143,-35.40695838856224,-1.1573229341274334,-38.81226128181242,0.6295741068180681,30.785989098200393,0.2719344611720337,0.289888844377302,0.00015748,1.768110805141372,0.00081957,0,0.0
1032,1.0185578850088208,0.35449878536899027,-1.54e-06,0.8719611650083201,3.0023031448610418,39.4652242555316,1.0052136313683062,59.1268582097064,0.12067054082980143,-52.69157291905306,-1.1573229341274334,-85.29551402606162,0.6295741068180681,6.385848563139602,0.2719344611720337,0.26566866677742107,0.00015748,4.83200263942269,0.00081957,0,0.0
1033,0.00011449195929813527,0.008188711854024137,-1.54e-06,0.8719611650083201,3.0023031448610418,17.09536835125613,1.0052136313683062,29.913304774594668,0.12067054082980143,-72.63650412077672,-1.1573229341274334,41.66311193245268,0.6295741068180681,7.045607485591791,0.2719344611720337,0.2801711963255886,0.00015748,2.3831416839630792,0.00081957,0,0.0
1034,0.8573192717087406,0.221262941739649,-1.54e-06,0.8719611650083201,3.0023031448610418,-6.48818749624211,1.0052136313683062,30.669762555814035,0.12067054082980143,-68.71377645483918,-1.1573229341274334,9.775332269513694,0.6295741068180681,37.37754998590556,0.2719344611720337,0.2909755004245683,0.00015748,1.837910364544617,0.00081957,0,0.0
1035,0.7377505345542739,0.2153924249431579,-1.54e-06,0.8719611650083201,3.0023031448610418,6.095960169507082,1.0052136313683062,17.760264902571866,0.12067054082980143,-8.357967465102714,-1.1573229341274334,-38.80903483806288,0.6295741068180681,10.116650915032816,0.2719344611720337,0.3073504987509551,0.00015748,1.3645692217621215,0.00081957,0,0.0
1036,0.3804355028610662,0.12139871948205426,-1.54e-06,0.8719611650083201,3.0023031448610418,55.165169275955826,1.0052136313683062,47.060007138681605,0.12067054082980143,-21.13854815968867,-1.1573229341274334,-78.60102212665325,0.6295741068180681,-25.15979196920427,0.2719344611720337,0.26656672286233407,0.00015748,4.451088593943572,0.00081957,0,0.0
1037,0.2505200202837816,0.04963476080935691,-1.54e-06,0.8719611650083201,3.0023031448610418,39.81761826306374,1.0052136313683062,53.963526778725814,0.12067054082980143,-86.91761146567207,-1.1573229341274334,-3.5609888918220127,0.6295741068180681,1.1666398287976167,0.2719344611720337,0.2656735184660426,0.00015748,4.517650955931343,0.00081957,0,0.0
1038,0.1361302675687881,0.044564979372769827,-1.54e-06,0.8719611650083201,3.0023031448610418,65.03210170148178,1.0052136313683062,66.46343534329132,0.12067054082980143,-81.82831382523759,-1.1573229341274334,-35.506701034081004,0.6295741068180681,-18.967785603085616,0.2719344611720337,0.2610873477213258,0.00015748,5.967704641233222,0.00081957,0,0.0
1039,1.5388426684099468,1.842717419298666,-1.54e-06,0.8719611650083201,3.0023031448610418,-52.46258194039606,1.0052136313683062,-6.168396136645527,0.12067054082980143,-44.22449335309406,-1.1573229341274334,7.618969701497418,0.6295741068180681,80.23175148135844,0.2719344611720337,-0.5553455124540487,0.00015748,0.2820736380140199,0.00081957,1,0.0
1040,0.0007193967299339299,0.10853766461223478,-1.54e-06,0.8719611650083201,3.0023031448610418,75.70240857458218,1.0052136313683062,56.98673416030332,0.12067054082980143,-52.136736961519134,-1.1573229341274334,-30.963287589710603,0.6295741068180681,-39.90103274942148,0.2719344611720337,0.6353288071889973,0.00015748,5.753951841764671,0.00081957,0,0.0
1041,1.5267529742634096,0.5351842584941494,-1.54e-06,0.8719611650083201,3.0023031448610418,-41.270403686923366,1.0052136313683062,14.26839006464206,0.12067054082980143,-41.22937999652963,-1.1573229341274334,-46.087603527279825,0.6295741068180681,71.56083002703227,0.2719344611720337,-0.30507306703109593,0.00015748,0.3045754264401298,0.00081957,1,0.0
1042,0.002190215414446195,0.14306164316085856,-1.54e-06,0.8719611650083201,3.0023031448610418,58.828140854797695,1.0052136313683062,50.276351389566614,0.12067054082980143,-72.60142973212217,-1.1573229341274334,22.347767733240037,0.6295741068180681,-24.837753594560013,0.2719344611720337,0.8523613096862004,0.00015748,4.886604312484378,0.00081957,0,0.0
1043,-0.07592734067582851,1.236479118971488,-1.54e-06,0.8719611650083201,3.0023031448610418,94.61200380469498,1.0052136313683062,45.404869257887995,0.12067054082980143,-39.08232686166511,-1.1573229341274334,70.14366117414103,0.6295741068180681,-72.44750668585438,0.2719344611720337,2.365267480551375,0.00015748,5.737643477298962,0.00081957,0,0.0
1044,-0.0008138284558838471,0.14063841332414426,-1.54e-06,0.8719611650083201,3.0023031448610418,74.27672573391403,1.0052136313683062,65.72780232838916,0.12067054082980143,-74.32876362426808,-1.1573229341274334,-13.827867286118433,0.6295741068180681,-34.26598010805711,0.2719344611720337,0.6943555216589692,0.00015748,5.962960494568944,0.00081957,0,0.0
1045,-0.0030509602132858804,0.2942589048755321,-1.54e-06,0.8719611650083201,3.0023031448610418,43.61468209348688,1.0052136313683062,21.501723014222318,0.12067054082980143,-18.91103360253841,-1.1573229341274334,37.814505936226446,0.6295741068180681,-33.700822387612945,0.2719344611720337,1.206730632693982,0.00015748,2.617945799489028,0.00081957,0,0.0
1046,0.9572774293413393,1.2579418772656838,-1.54e-06,0.8719611650083201,3.0023031448610418,28.69528552297652,1.0052136313683062,64.1749784076715,0.12067054082980143,-81.70009661083704,-1.1573229341274334,10.990372870369788,0.6295741068180681,8.126060809187036,0.2719344611720337,1.0095267341066232,0.00015748,3.9324518548686584,0.00081957,0,0.0
1047,1.8295940704460911,0.9949497075905122,-1.54e-06,0.8719611650083201,3.0023031448610418,-50.20517471042908,1.0052136313683062,4.961275680650799,0.12067054082980143,-39.60367411174206,-1.1573229341274334,-39.17774811866189,0.6295741068180681,83.75678980799617,0.2719344611720337,-0.13476815076646936,0.00015748,0.14030283357877749,0.00081957,1,0.0
1048,-0.006124900922844345,0.7477991336456079,-1.54e-06,0.8719611650083201,3.0023031448610418,-11.323018957447507,1.0052136313683062,-7.067631396208857,0.12067054082980143,-30.443254455114698,-1.1573229341274334,83.27339740409649,0.6295741068180681,11.688763946586569,0.2719344611720337,-0.47968681855770495,0.00015748,0.620560864879665,0.00081957,1,0.0
1049,0.5208522903486033,0.061919237418644545,-1.54e-06,0.8719611650083201,3.0023031448610418,-16.80684509057562,1.0052136313683062,4.134436704626364,0.12067054082980143,-21.606236849029965,-1.1573229341274334,-1.7937301898358926,0.6295741068180681,28.006837170677898,0.2719344611720337,-0.054436707695778006,0.00015748,0.05660966995303328,0.00081957,1,0.0
1050,1.1033943989394546,0.3731861344456371,-1.54e-06,0.8719611650083201,3.0023031448610418,25.7118639262956,1.0052136313683062,54.2227258731002,0.12067054082980143,-65.36827886207851,-1.1573229341274334,-62.26327544896711,0.6295741068180681,21.125298047964876,0.2719344611720337,0.26558735199103545,0.00015748,4.296005543174506,0.00081957,0,0.0
1051,0.11527487550028026,0.04852880473611302,-1.54e-06,0.8719611650083201,3.0023031448610418,43.718623360965,1.0052136313683062,30.810884631440235,0.12067054082980143,-10.307832224431161,-1.1573229341274334,-46.86907414602148,0.6295741068180681,-25.84949439135263,0.2719344611720337,0.2737552384073736,0.00015748,3.131925113728518,0.00081957,0,0.0
1052,1.5998978863992082,0.5953805630205632,-1.54e-06,0.8719611650083201,3.0023031448610418,-52.70951235851043,1.0052136313683062,16.41472938821615,0.12067054082980143,-73.92691351240833,-1.1573229341274334,-9.593807077085158,0.6295741068180681,89.75951249487153,0.2719344611720337,-0.2984442175386567,0.00015748,0.29978122944994534,0.00081957,1,0.0
1053,0.8957993198961176,0.7446605499295252,-1.54e-06,0.8719611650083201,3.0023031448610418,-15.215187051617248,1.0052136313683062,19.344772638452486,0.12067054082980143,-94.59408846445115,-1.1573229341274334,49.343903938857586,0.6295741068180681,55.498979665184784,0.2719344611720337,0.2848422142748155,0.00015748,2.1323320954807063,0.00081957,0,0.0
1054,0.056352598421812394,0.021646185204146726,-1.54e-06,0.8719611650083201,3.0023031448610418,26.219917313266038,1.0052136313683062,27.752873195214185,0.12067054082980143,-41.91849434472232,-1.1573229341274334,3.898207744455135,0.6295741068180681,-6.534016917548099,0.2719344611720337,0.27859395586871916,0.00015748,2.4814551008325214,0.00081957,0,0.0
1055,0.001570276680620264,0.8811574259884647,-1.54e-06,0.8719611650083201,3.0023031448610418,67.71184151457125,1.0052136313683062,37.4005909987979,0.12067054082980143,-10.92962170817192,-1.1573229341274334,35.021275141211476,0.6295741068180681,-59.79772000211785,0.2719344611720337,1.8614382018268099,0.00015748,3.50516312230201,0.00081957,0,0.0
1056,0.001473856235126636,0.20930394340477163,-1.54e-06,0.8719611650083201,3.0023031448610418,53.27388696237988,1.0052136313683062,45.884935200266675,0.12067054082980143,-80.91699504296957,-1.1573229341274334,52.2785138409632,0.6295741068180681,-20.24300596585319,0.2719344611720337,1.058392109423922,0.00015748,4.584592656332909,0.00081957,0,0.0
1057,0.26266886200460055,0.01760410483810633,-1.54e-06,0.8719611650083201,3.0023031448610418,-8.839472155924446,1.0052136313683062,2.7332083708413277,0.12067054082980143,-12.868598723220396,-1.1573229341274334,-1.6306869204042131,0.6295741068180681,15.237512385214647,0.2719344611720337,-0.054654026056555616,0.00015748,0.055062236532389494,0.00081957,1,0.0
1058,-0.002271587849401069,0.5120340317091132,-1.54e-06,0.8719611650083201,3.0023031448610418,89.45084648724433,1.0052136313683062,52.0259916989895,0.12067054082980143,-37.38366129409499,-1.1573229341274334,5.289782642621207,0.6295741068180681,-60.56889748766529,0.2719344611720337,1.5078202292847123,0.00015748,5.91914067719056,0.00081957,0,0.0
1059,1.6705065985880236,1.9377735123468616,-1.54e-06,0.8719611650083201,3.0023031448610418,-50.617263868668566,1.0052136313683062,-6.3098712565336825,0.12067054082980143,-27.06127736255979,-1.1573229341274334,-14.385774413478845,0.6295741068180681,75.7782917618905,0.2719344611720337,-0.5996430314891458,0.00015748,0.2758729391387217,0.00081957,1,0.0
1060,0.0005526558439267193,0.009454266776513794,-1.54e-06,0.8719611650083201,3.0023031448610418,20.24248486836234,1.0052136313683062,31.013917393052473,0.12067054082980143,-68.97212934591926,-1.1573229341274334,34.40956042828526,0.6295741068180681,3.9169548256295017,0.2719344611720337,0.27926180340848594,0.00015748,2.5219588323155393,0.00081957,0,0.0
1061,0.0008853407399400659,1.005031345270042,-1.54e-06,0.8719611650083201,3.0023031448610418,76.37416874375576,1.0052136313683062,39.531138228137976,0.12067054082980143,-46.10813337026248,-1.1573229341274334,86.83235855162876,0.6295741068180681,-56.50450783092762,0.2719344611720337,2.2804601006420935,0.00015748,4.7581421899896466,0.00081957,0,0.0
1062,-0.2652772483804729,2.7197001021955867,-1.54e-06,0.8719611650083201,3.0023031448610418,80.72829002426377,1.0052136313683062,11.989887097671943,0.12067054082980143,-31.777718478594178,-1.1573229341274334,68.5927615880807,0.6295741068180681,-54.5842125144424,0.2719344611720337,1.070850885017045,0.00015748,5.981952557928624,0.00081957,0,0.0
1063,1.3033401908441187,1.8364854612344828,-1.54e-06,0.8719611650083201,3.0023031448610418,-53.495213659307595,1.0052136313683062,-6.225009250267285,0.12067054082980143,-69.97065886218518,-1.1573229341274334,72.4397295353133,0.6295741068180681,79.70157956249304,0.2719344611720337,-0.6220384300645095,0.00015748,0.6054519949979654,0.00081957,1,0.0
1064,0.00011010928654808794,0.03251125452902175,-1.54e-06,0.8719611650083201,3.0023031448610418,76.00506906117639,1.0052136313683062,62.60175190901236,0.12067054082980143,-56.41945900774166,-1.1573229341274334,-56.46878850105647,0.6295741068180681,-35.849263777825385,0.2719344611720337,0.2622584856609689,0.00015748,6.055218870505577,0.00081957,0,0.0
1065,2.399079365591831,1.3565007765005477,-1.54e-06,0.8719611650083201,3.0023031448610418,-11.02905732362682,1.0052136313683062,59.60920446993407,0.12067054082980143,-80.24441033155998,-1.1573229341274334,-97.0211233086491,0.6295741068180681,74.45455653539626,0.2719344611720337,0.26810140358558776,0.00015748,3.8316621966004316,0.00081957,0,0.0
1066,1.0596780078779215,0.36761661337364904,-1.54e-06,0.8719611650083201,3.0023031448610418,21.302320919964053,1.0052136313683062,40.45670582801918,0.12067054082980143,-28.090076999927994,-1.1573229341274334,-76.58329275997194,0.6295741068180681,12.162520984409865,0.2719344611720337,0.27221579634135606,0.00015748,3.1985705395313424,0.00081957,0,0.0
1067,1.4949559150662903,1.2026487552842888,-1.54e-06,0.8719611650083201,3.0023031448610418,-63.73962695803632,1.0052136313683062,4.931431741420943,0.12067054082980143,-100.0,-1.1573229341274334,77.3349300022241,0.6295741068180681,98.88976314961734,0.2719344611720337,-0.41872824165743283,0.00015748,0.39216893589366886,0.00081957,1,0.0
1068,0.18150336690788832,0.05155836884956822,-1.54e-06,0.8719611650083201,3.0023031448610418,23.708808092882723,1.0052136313683062,18.82260501416523,0.12067054082980143,-9.632517321747724,-1.1573229341274334,-21.662080354027932,0.6295741068180681,-11.77167418267253,0.2719344611720337,0.2927878355913367,0.00015748,1.8499698419995547,0.00081957,0,0.0
1069,-0.00016797623851982912,0.26224965322669064,-1.54e-06,0.8719611650083201,3.0023031448610418,86.17871896079183,1.0052136313683062,51.80875000231898,0.12067054082980143,-26.466064898715832,-1.1573229341274334,-34.496734482935246,0.6295741068180681,-57.15574458269337,0.2719344611720337,1.0020559799712325,0.00015748,5.774811333849903,0.00081957,0,0.0
1070,0.0001503243019245204,0.032376047875366784,-1.54e-06,0.8719611650083201,3.0023031448610418,93.88162655039757,1.0052136313683062,83.87601559401195,0.12067054082980143,-92.06030721002409,-1.1573229341274334,-59.576274070177185,0.6295741068180681,-37.12914342472829,0.2719344611720337,0.2594319863819057,0.00015748,7.962006657184489,0.00081957,0,0.0
1071,0.6888466112020507,3.7751102291882943,-1.54e-06,0.8719611650083201,3.0023031448610418,-47.68190563903254,1.0052136313683062,-23.55348300568638,0.12067054082980143,-16.97718366453124,-1.1573229341274334,49.74223166233192,0.6295741068180681,50.80478470621638,0.2719344611720337,-1.9014898069377044,0.00015748,0.22684703209109547,0.00081957,1,0.0
1072,0.14033153211189647,0.06151977264032762,-1.54e-06,0.8719611650083201,3.0023031448610418,-4.027756134877674,1.0052136313683062,7.440751236207012,0.12067054082980143,-44.632294155242285,-1.1573229341274334,62.10595487223919,0.6295741068180681,13.944469875290565,0.2719344611720337,0.48825588058009994,0.00015748,0.5264076214802947,0.00081957,0,0.0
1073,0.00707703861970943,0.4816418619749703,-1.54e-06,0.8719611650083201,3.0023031448610418,38.15692368198293,1.0052136313683062,45.63035448475889,0.12067054082980143,-77.81163338788976,-1.1573229341274334,75.02418164007919,0.6295741068180681,-16.45500461093814,0.2719344611720337,1.1662157922419216,0.00015748,3.2100971141051917,0.00081957,0,0.0
1074,-0.007512769339103942,0.8281733509346384,-1.54e-06,0.8719611650083201,3.0023031448610418,96.20383225020555,1.0052136313683062,60.41780813344527,0.12067054082980143,-68.90489691585014,-1.1573229341274334,53.034980932808324,0.6295741068180681,-60.34545868144912,0.2719344611720337,2.014397320598072,0.00015748,6.689505261057054,0.00081957,0,0.0
1075,1.3133612808307364,3.323861105027931,-1.54e-06,0.8719611650083201,3.0023031448610418,-46.46584942682797,1.0052136313683062,-16.895488744969825,0.12067054082980143,-34.00339509643628,-1.1573229341274334,57.256123742517474,0.6295741068180681,63.85956210934718,0.2719344611720337,-0.9787731806058277,0.00015748,0.9134136759576676,0.00081957,1,0.0
1076,1.6621238019468945,2.3155491311286025,-1.54e-06,0.8719611650083201,3.0023031448610418,13.444661151324008,1.0052136313683062,66.84328121604044,0.12067054082980143,-67.30881670310184,-1.1573229341274334,-24.013306678727076,0.6295741068180681,25.10502213875763,0.2719344611720337,0.900226634592781,0.00015748,3.6263293887229855,0.00081957,0,0.0
1077,0.39461793027552305,0.07763259555760542,-1.54e-06,0.8719611650083201,3.0023031448610418,37.59876732215901,1.0052136313683062,59.11657182660163,0.12067054082980143,-98.96304411193597,-1.1573229341274334,-3.8726543777607088,0.6295741068180681,8.765501936723213,0.2719344611720337,0.26526272307402854,0.00015748,4.785248162762006,0.00081957,0,0.0
1078,1.262258038161899,0.4668455234806899,-1.54e-06,0.8719611650083201,3.0023031448610418,-15.173641647851616,1.0052136313683062,21.936438817297795,0.12067054082980143,-41.424716648442946,-1.1573229341274334,-24.441679022964816,0.6295741068180681,44.190720392306474,0.2719344611720337,0.31079389508578964,0.00015748,1.3075891616939834,0.00081957,0,0.0
1079,0.3648646572084624,1.3574331960632589,-1.54e-06,0.8719611650083201,3.0023031448610418,57.21706550628782,1.0052136313683062,44.799269299084415,0.12067054082980143,-23.895791968720882,-1.1573229341274334,31.9178381153214,0.6295741068180681,-43.94502227942308,0.2719344611720337,1.8570664027532882,0.00015748,3.4696934420382473,0.00081957,0,0.0
1080,-0.00031735393610110574,0.10886390177977119,-1.54e-06,0.8719611650083201,3.0023031448610418,39.7103774042141,1.0052136313683062,21.52734942227046,0.12067054082980143,-11.794646934754947,-1.1573229341274334,0.9296687821005218,0.6295741068180681,-28.474211542914087,0.2719344611720337,0.6912723513075547,0.00015748,2.5231975330203613,0.00081957,0,0.0
1081,0.9026235944231515,0.19684881984432345,-1.54e-06,0.8719611650083201,3.0023031448610418,-26.630797362726568,1.0052136313683062,5.33845836258629,0.12067054082980143,-27.527483086001467,-1.1573229341274334,-8.789692010125927,0.6295741068180681,43.52744831222894,0.2719344611720337,-0.06824199191389113,0.00015748,0.07317987459238445,0.00081957,1,0.0
1082,0.0011337425534185819,0.02282523867589259,-1.54e-06,0.8719611650083201,3.0023031448610418,69.78148613736076,1.0052136313683062,66.49565164600294,0.12067054082980143,-83.94101018704337,-1.1573229341274334,-29.695469714515863,0.6295741068180681,-23.791667156462008,0.2719344611720337,0.26126813981621,0.00015748,6.17370461000653,0.00081957,0,0.0
1083,0.388279884179773,0.11636013668912469,-1.54e-06,0.8719611650083201,3.0023031448610418,49.00102203121457,1.0052136313683062,42.62601692645059,0.12067054082980143,-20.431944903722375,-1.1573229341274334,-70.19867962266201,0.6295741068180681,-21.04106545223337,0.2719344611720337,0.2666588285935534,0.00015748,4.04283084299942,0.00081957,0,0.0
1084,0.6510528493213454,1.7257345623773896,-1.54e-06,0.8719611650083201,3.0023031448610418,-19.385307460496552,1.0052136313683062,10.59444766506564,0.12067054082980143,-24.290921253822518,-1.1573229341274334,-68.73748987412529,0.6295741068180681,41.926977757583096,0.2719344611720337,-0.921654741209228,0.00015748,0.675841395840727,0.00081957,1,0.0
1085,0.29740103889603603,0.06052004937163099,-1.54e-06,0.8719611650083201,3.0023031448610418,-2.5829687737236675,1.0052136313683062,14.795100689810958,0.12067054082980143,-47.31069623205727,-1.1573229341274334,36.83164635078645,0.6295741068180681,17.866547930300747,0.2719344611720337,0.34350321808402645,0.00015748,0.9335506362656918,0.00081957,0,0.0
1086,0.960734424018074,0.2895681725641972,-1.54e-06,0.8719611650083201,3.0023031448610418,-39.765787365123344,1.0052136313683062,14.104719668509322,0.12067054082980143,-74.29623438682181,-1.1573229341274334,19.91439701169157,0.6295741068180681,68.42568408791765,0.2719344611720337,-0.2878844463128756,0.00015748,0.28801071771472,0.00081957,1,0.0
1087,0.6429783163006896,0.15697232799860125,-1.54e-06,0.8719611650083201,3.0023031448610418,0.3224989019911056,1.0052136313683062,21.431382892261695,0.12067054082980143,-38.74007700565341,-1.1573229341274334,-3.2674616911024867,0.6295741068180681,20.571315918494044,0.2719344611720337,0.3024478754553308,0.00015748,1.4366038620443922,0.00081957,0,0.0
1088,2.0610027561532096,1.0657027675496353,-1.54e-06,0.8719611650083201,3.0023031448610418,-27.186404212799875,1.0052136313683062,32.19652062742102,0.12067054082980143,-49.08630108650043,-1.1573229341274334,-63.58060970863331,0.6295741068180681,69.59740359645801,0.2719344611720337,0.2903392367548663,0.00015748,1.7150639881350194,0.00081957,0,0.0
1089,-0.008769645681280025,0.4356525285038497,-1.54e-06,0.8719611650083201,3.0023031448610418,77.45714156871166,1.0052136313683062,61.399231632347814,0.12067054082980143,-95.04705655118222,-1.1573229341274334,58.237709311665625,0.6295741068180681,-36.08402660767024,0.2719344611720337,1.4956976791747447,0.00015748,6.214751415459764,0.00081957,0,0.0
1090,0.11755101220196457,1.8387504875169591,-1.54e-06,0.8719611650083201,3.0023031448610418,44.51490340040296,1.0052136313683062,12.18632020415154,0.12067054082980143,-49.299058744670205,-1.1573229341274334,29.77538589709308,0.6295741068180681,-10.301242326777448,0.2719344611720337,0.26420986229262633,0.00015748,4.737735646309515,0.00081957,0,0.0
1091,0.0008601602952127418,0.02077519565531764,-1.54e-06,0.8719611650083201,3.0023031448610418,40.420512852862004,1.0052136313683062,37.60200749614027,0.12067054082980143,-49.28503138566574,-1.1573229341274334,-6.619667042389379,0.6295741068180681,-14.890354639739087,0.2719344611720337,0.2945940810855434,0.00015748,3.5010818954515486,0.00081957,0,0.0
1092,1.7255798053095788,0.7717392132663486,-1.54e-06,0.8719611650083201,3.0023031448610418,-9.425410545523645,1.0052136313683062,36.63655770314407,0.12067054082980143,-40.614538246450415,-1.1573229341274334,-72.24697365748084,0.6295741068180681,48.63192000866495,0.2719344611720337,0.2814122560367476,0.00015748,2.262954832531098,0.00081957,0,0.0
1093,1.9009860590835372,0.9433210369620304,-1.54e-06,0.8719611650083201,3.0023031448610418,-16.807557686912325,1.0052136313683062,29.009119887377626,0.12067054082980143,-22.83504373479377,-1.1573229341274334,-84.78187637434543,0.6295741068180681,52.00524361586053,0.2719344611720337,0.2936814390502057,0.00015748,1.6691205013978987,0.00081957,0,0.0
1094,0.0033344518982008076,0.5386007783395795,-1.54e-06,0.8719611650083201,3.0023031448610418,20.382689780720813,1.0052136313683062,26.711282434836164,0.12067054082980143,-49.24363465614293,-1.1573229341274334,84.09622192122282,0.6295741068180681,-13.658069781852381,0.2719344611720337,0.8588020420987481,0.00015748,1.750284446847757,0.00081957,0,0.0
1095,-0.0022744076012922165,0.179492603196681,-1.54e-06,0.8719611650083201,3.0023031448610418,26.98523098111225,1.0052136313683062,9.186545434920411,0.12067054082980143,-5.936338594617466,-1.1573229341274334,35.17920694679119,0.6295741068180681,-24.143812213017732,0.2719344611720337,0.9081243324776597,0.00015748,1.445174498439926,0.00081957,0,0.0
1096,0.6595672419600143,0.1778558289104128,-1.54e-06,0.8719611650083201,3.0023031448610418,2.057149462278273,1.0052136313683062,16.549934735174485,0.12067054082980143,-20.300734567614455,-1.1573229341274334,-18.14570457274276,0.6295741068180681,14.768409437846564,0.2719344611720337,0.3139124978620115,0.00015748,1.2290423251113887,0.00081957,0,0.0
1097,1.253047039548865,3.326301617615366,-1.54e-06,0.8719611650083201,3.0023031448610418,15.203693747096704,1.0052136313683062,36.611309183969006,0.12067054082980143,-15.79826974940607,-1.1573229341274334,49.396130349842764,0.6295741068180681,-8.678745686627867,0.2719344611720337,0.652552684308275,0.00015748,2.877573560399468,0.00081957,0,0.0
1098,-0.0005163017504035139,0.7003525519631228,-1.54e-06,0.8719611650083201,3.0023031448610418,90.49657530836424,1.0052136313683062,44.588298763729654,0.12067054082980143,-16.13234911698568,-1.1573229341274334,9.433987907406605,0.6295741068180681,-69.89110173695768,0.2719344611720337,1.7712227680932104,0.00015748,5.419860164721829,0.00081957,0,0.0
1099,1.5427472316114774,0.597365409972882,-1.54e-06,0.8719611650083201,3.0023031448610418,-27.25703786711282,1.0052136313683062,34.280019661105534,0.12067054082980143,-90.42827274996824,-1.1573229341274334,3.873715693509368,0.6295741068180681,71.27535653533396,0.2719344611720337,0.2901764694651159,0.00015748,1.8262524220517564,0.00081957,0,0.0
1100,0.14412075156563933,0.001280249944426112,-1.54e-06,1.9464841943037883,5.142739189835587,-75.88025305467397,1.0052136313683062,7.834350243380961,0.12067054082980143,-80.70654240366899,-1.1573229341274334,53.7339826170157,0.6295741068180681,69.88509809746631,0.2719344611720337,-0.020666241388610757,0.00015748,0.02069394478822688,0.00081957,1,0.0
1101,0.00015756480083908148,0.008829943755703392,-1.54e-06,1.9464841943037883,5.142739189835587,-0.44636220143745464,1.0052136313683062,-3.2011437019107825,0.12067054082980143,-9.712430491702992,-1.1573229341274334,-8.391621609384625,0.6295741068180681,10.966790741285285,0.2719344611720337,-0.03439119514873101,0.00015748,0.039782228029830696,0.00081957,1,0.0
1102,2.6048449623491954e-05,0.025355347572774696,-1.54e-06,1.9464841943037883,5.142739189835587,-14.600254159552092,1.0052136313683062,2.3487354532038642,0.12067054082980143,-69.01618433287362,-1.1573229341274334,63.46523387765973,0.6295741068180681,36.67186757672363,0.2719344611720337,-0.03494068082924883,0.00015748,0.06618496462886572,0.00081957,1,0.0
1103,0.10121485333428473,0.06666629124039875,-1.54e-06,1.9464841943037883,5.142739189835587,23.34936552200989,1.0052136313683062,22.92992684492588,0.12067054082980143,-99.99797365929747,-1.1573229341274334,29.455855616466238,0.6295741068180681,31.62740185365957,0.2719344611720337,0.006880559940337344,0.00015748,0.12670931470552005,0.00081957,0,0.0
1104,0.0011854511865336814,0.06559193178435799,-1.54e-06,1.9464841943037883,5.142739189835587,64.13800189746031,1.0052136313683062,16.633935506249124,0.12067054082980143,-63.62240509974578,-1.1573229341274334,48.17503491259228,0.6295741068180681,-6.713445524479568,0.2719344611720337,0.030291168986668296,0.00015748,0.11293866002109769,0.00081957,0,0.0
1105,0.11553866890800348,0.0008873648096899594,-1.54e-06,1.9464841943037883,5.142739189835587,-71.21685987023022,1.0052136313683062,4.0903155987786946,0.12067054082980143,-68.06562865658738,-1.1573229341274334,84.72377785368892,0.6295741068180681,59.0188270405156,0.2719344611720337,-0.010359068665620395,0.00015748,0.010369458689100945,0.00081957,1,0.0
1106,-7.479529687515196e-05,0.011517023854324076,-1.54e-06,1.9464841943037883,5.142739189835587,17.057220432114978,1.0052136313683062,13.223951464413886,0.12067054082980143,-32.39268449589148,-1.1573229341274334,-89.74709819771655,0.6295741068180681,9.431539100302064,0.2719344611720337,-0.057478394831426374,0.00015748,0.06110521543654111,0.00081957,1,0.0
1107,0.0004079091138514124,0.03202060818735271,-1.54e-06,1.9464841943037883,5.142739189835587,43.33732648555312,1.0052136313683062,12.675568831647801,0.12067054082980143,-23.723796572048087,-1.1573229341274334,-48.45907860919036,0.6295741068180681,-8.450072946148845,0.2719344611720337,-0.012432264977839814,0.00015748,0.07048962824442964,0.00081957,1,0.0
1108,0.000496653564174776,0.04407612264112998,-1.54e-06,1.9464841943037883,5.142739189835587,42.07616131181616,1.0052136313683062,20.427128048558295,0.12067054082980143,-63.22623335277159,-1.1573229341274334,-95.82354479979128,0.6295741068180681,12.642086401605235,0.2719344611720337,-0.06230899192228688,0.00015748,0.11633178511597174,0.00081957,1,0.0
1109,0.003675117067703043,0.009969524357654774,-1.54e-06,1.9464841943037883,5.142739189835587,11.529237542302347,1.0052136313683062,12.128536086863809,0.12067054082980143,-37.52850890628538,-1.1573229341274334,-88.85953505292214,0.6295741068180681,15.857768618254479,0.2719344611720337,-0.06195844849824538,0.00015748,0.06241351661758134,0.00081957,1,0.0
1110,0.0004756509833985789,0.056582665333204184,-1.54e-06,1.9464841943037883,5.142739189835587,43.29483292483676,1.0052136313683062,10.778511710620377,0.12067054082980143,-64.59124799397657,-1.1573229341274334,8.150880976061453,0.6295741068180681,12.210964251478597,0.2719344611720337,-0.017515446859207258,0.00015748,0.11853420789140362,0.00081957,1,0.0
1111,0.3147328591673769,0.007708277340752019,-1.54e-06,1.9464841943037883,5.142739189835587,-81.5276908360067,1.0052136313683062,1.6950066331479428,0.12067054082980143,-9.019365389689503,-1.1573229341274334,-92.49619835822784,0.6295741068180681,66.68857855799297,0.2719344611720337,-0.004793796799139099,0.00015748,0.004869238919091857,0.00081957,1,0.0
1112,0.14543269256728233,0.0012592373619848324,-1.54e-06,1.9464841943037883,5.142739189835587,-72.35101553087036,1.0052136313683062,4.145782578703016,0.12067054082980143,-61.07491907471812,-1.1573229341274334,54.08136656949458,0.6295741068180681,61.17724237367994,0.2719344611720337,-0.008400937927164741,0.00015748,0.008399046410752634,0.00081957,1,0.0
1113,0.00047441337929973737,0.007157387462542915,-1.54e-06,1.9464841943037883,5.142739189835587,-6.76735334395552,1.0052136313683062,11.746360416901743,0.12067054082980143,-57.03100490742423,-1.1573229341274334,-21.792601767796707,0.6295741068180681,25.805687545580493,0.2719344611720337,-0.05097608147913026,0.00015748,0.05142470892332875,0.00081957,1,0.0
1114,0.10090889489334949,0.0007367598035517237,-1.54e-06,1.9464841943037883,5.142739189835587,-58.44333347971318,1.0052136313683062,2.9218164981205703,0.12067054082980143,-53.163885077456,-1.1573229341274334,63.057372958312605,0.6295741068180681,48.580762442487426,0.2719344611720337,-0.006355929513838629,0.00015748,0.006463600609851126,0.00081957,1,0.0
1115,0.06533038448028748,0.008707478823177945,-1.54e-06,1.9464841943037883,5.142739189835587,-58.9326012778177,1.0052136313683062,1.4860870099535888,0.12067054082980143,-81.49961590225574,-1.1573229341274334,71.29626900593219,0.6295741068180681,63.92457521304836,0.2719344611720337,-0.04014052868544441,0.00015748,0.04045765747868205,0.00081957,1,0.0
1116,0.05987966295670967,0.046357912258428474,-1.54e-06,1.9464841943037883,5.142739189835587,-28.120229973409437,1.0052136313683062,-6.4429473940553725,0.12067054082980143,-42.601118680201324,-1.1573229341274334,-42.526272548845185,0.6295741068180681,52.91021363603727,0.2719344611720337,-0.10165227221803291,0.00015748,0.1018295718269249,0.00081957,1,0.0
1117,0.25817037548045657,0.003634618324539565,-1.54e-06,1.9464841943037883,5.142739189835587,-88.78176544515286,1.0052136313683062,9.902224418978781,0.12067054082980143,-69.01179326379828,-1.1573229341274334,-37.16665715863471,0.6295741068180681,84.70945349641569,0.2719344611720337,-0.028606910289812996,0.00015748,0.02864816667055652,0.00081957,1,0.0
1118,0.0783805189141632,0.09097715097056402,-1.54e-06,1.9464841943037883,5.142739189835587,-25.727056432341747,1.0052136313683062,24.51468236660919,0.12067054082980143,-33.73629521437415,-1.1573229341274334,31.78211967226132,0.6295741068180681,2.286694925674084,0.2719344611720337,-0.1386423298311521,0.00015748,0.13870461623598312,0.00081957,1,0.0
1119,0.08444562164566131,0.003649489855587994,-1.54e-06,1.9464841943037883,5.142739189835587,-57.7065192470592,1.0052136313683062,11.426668156730805,0.12067054082980143,-94.34105451905685,-1.1573229341274334,43.79771382733598,0.6295741068180681,64.4225082819086,0.2719344611720337,-0.04154738914552287,0.00015748,0.04153750315317412,0.00081957,1,0.0
1120,0.16978145056042335,0.0017749632100340683,-1.54e-06,1.9464841943037883,5.142739189835587,-64.85915198995437,1.0052136313683062,3.356719081453987,0.12067054082980143,-42.257491075865914,-1.1573229341274334,4.4914987427021025,0.6295741068180681,56.14724045455727,0.2719344611720337,-0.00531719081614625,0.00015748,0.005343681815610671,0.00081957,1,0.0
1121,-1.1467064852388464e-05,0.0651366027027035,-1.54e-06,1.9464841943037883,5.142739189835587,50.73357649133774,1.0052136313683062,24.435164525044488,0.12067054082980143,-95.45001775836585,-1.1573229341274334,-33.10527063719395,0.6295741068180681,17.385330669267,0.2719344611720337,-0.04233850664196427,0.00015748,0.14476929832610042,0.00081957,1,0.0
1122,0.00035416471980479446,0.0006871231157411793,-1.54e-06,1.9464841943037883,5.142739189835587,-16.124392854768185,1.0052136313683062,0.7884036731896076,0.12067054082980143,-27.680809702288276,-1.1573229341274334,42.392226086733075,0.6295741068180681,16.1402737351954,0.2719344611720337,-0.005721323488488568,0.00015748,0.006543802726539698,0.00081957,1,0.0
1123,7.055052026876119e-05,0.028818519410003424,-1.54e-06,1.9464841943037883,5.142739189835587,33.69614665244496,1.0052136313683062,4.92166174648774,0.12067054082980143,-6.4472310933418955,-1.1573229341274334,12.291109427866711,0.6295741068180681,-14.041948117698825,0.2719344611720337,0.024367843238566386,0.00015748,0.035567458526210065,0.00081957,0,0.0
1124,0.29461054643775186,0.007030583088550121,-1.54e-06,1.9464841943037883,5.142739189835587,-90.6366669498767,1.0052136313683062,15.114739307919763,0.12067054082980143,-82.49392772275363,-1.1573229341274334,-92.37445124259807,0.6295741068180681,97.00177658181788,0.2719344611720337,-0.05373840780409639,0.00015748,0.05376867117972001,0.00081957,1,0.0
1125,0.18684569633464482,0.005326832129445138,-1.54e-06,1.9464841943037883,5.142739189835587,-59.94182930900448,1.0052136313683062,12.841666219567589,0.12067054082980143,-70.92742745197519,-1.1573229341274334,-66.36045233304574,0.6295741068180681,70.77675031019139,0.2719344611720337,-0.05089063217212806,0.00015748,0.0509492291778686,0.00081957,1,0.0
1126,0.0006229343981736246,0.058984133843557336,-1.54e-06,1.9464841943037883,5.142739189835587,41.60997556310966,1.0052136313683062,16.001461835530748,0.12067054082980143,-85.48780142486783,-1.1573229341274334,19.523073682185476,0.6295741068180681,17.996755824215644,0.2719344611720337,-0.017901683518045573,0.00015748,0.12573613353097568,0.00081957,1,0.0
1127,0.0656638028324576,0.031371876924979655,-1.54e-06,1.9464841943037883,5.142739189835587,-18.58014646911675,1.0052136313683062,14.618537365670223,0.12067054082980143,-95.0797936550896,-1.1573229341274334,-60.79822201245905,0.6295741068180681,59.62919625059172,0.2719344611720337,-0.08421204548645239,0.00015748,0.10416147603419376,0.00081957,1,0.0
1128,0.0003084833140462595,0.029004154391012095,-1.54e-06,1.9464841943037883,5.142739189835587,-1.0309478781043842,1.0052136313683062,21.894047244872713,0.12067054082980143,-89.59312632560805,-1.1573229341274334,-6.05072075464678,0.6295741068180681,29.976358676847195,0.2719344611720337,-0.06537247937408336,0.00015748,0.08773229610169206,0.00081957,1,0.0
1129,0.0011554609702348131,0.01828447241366828,-1.54e-06,1.9464841943037883,5.142739189835587,2.1315661604563725,1.0052136313683062,2.9689423001273996,0.12067054082980143,-20.14802672366427,-1.1573229341274334,70.48328473132716,0.6295741068180681,-0.1687517889411913,0.2719344611720337,0.0002458799144078594,0.00015748,0.034856619534194014,0.00081957,0,0.0
1130,-0.00019463766555477546,0.09212833204872839,-1.54e-06,1.9464841943037883,5.142739189835587,94.87991335759746,1.0052136313683062,21.23429999911501,0.12067054082980143,-49.24404238355963,-1.1573229341274334,85.39167565159906,0.6295741068180681,-35.35234405856193,0.2719344611720337,0.05977072800494634,0.00015748,0.134529606707482,0.00081957,0,0.0
1131,0.0018961027437745942,0.0321837879470893,-1.54e-06,1.9464841943037883,5.142739189835587,29.132652637508837,1.0052136313683062,7.701570870278367,0.12067054082980143,-25.20625962550944,-1.1573229341274334,31.37597530041417,0.6295741068180681,-6.518013248367315,0.2719344611720337,0.019814800905963777,0.00015748,0.04685261872418305,0.00081957,0,0.0
1132,0.06772272324255167,0.00507292182103699,-1.54e-06,1.9464841943037883,5.142739189835587,-38.6199754887937,1.0052136313683062,-6.728675295570464,0.12067054082980143,-9.897669462422863,-1.1573229341274334,54.08846187450472,0.6295741068180681,25.549715147091817,0.2719344611720337,-0.028553205871843294,0.00015748,0.02858864523099187,0.00081957,1,0.0
1133,0.20736577587881203,0.09019246395880973,-1.54e-06,1.9464841943037883,5.142739189835587,47.06094526497895,1.0052136313683062,9.386254328751344,0.12067054082980143,-6.992375136644546,-1.1573229341274334,-5.136787167686607,0.6295741068180681,-3.846179221395042,0.2719344611720337,0.0814402115276712,0.00015748,0.10080771850705164,0.00081957,0,0.0
1134,0.03655339322796833,0.03598810629067642,-1.54e-06,1.9464841943037883,5.142739189835587,-16.574090250736177,1.0052136313683062,-7.083590036699878,0.12067054082980143,-26.964205005950166,-1.1573229341274334,-39.27986693720218,0.6295741068180681,38.06769998095941,0.2719344611720337,-0.08848616510474831,0.00015748,0.08918966711735508,0.00081957,1,0.0
1135,0.2498499111302372,0.10611917785937648,-1.54e-06,1.9464841943037883,5.142739189835587,-23.081878042909374,1.0052136313683062,30.905138400692675,0.12067054082980143,-85.22361169693457,-1.1573229341274334,32.9015517644074,0.6295741068180681,39.688186931043276,0.2719344611720337,-0.041439851320301,0.00015748,0.15861329387133105,0.00081957,1,0.0
1136,0.170831618236719,0.003940655188487286,-1.54e-06,1.9464841943037883,5.142739189835587,-56.14932494915787,1.0052136313683062,2.5757511442137875,0.12067054082980143,-17.240634743448823,-1.1573229341274334,-2.7709957418264852,0.6295741068180681,39.89546494270485,0.2719344611720337,-0.02313507777053996,0.00015748,0.023284062725213602,0.00081957,1,0.0
1137,0.00042655742793107354,0.006835472945610931,-1.54e-06,1.9464841943037883,5.142739189835587,-31.867145258134006,1.0052136313683062,9.394045746421094,0.12067054082980143,-78.22088675529453,-1.1573229341274334,93.4990010981165,0.6295741068180681,35.79602573578024,0.2719344611720337,-0.02368594523077378,0.00015748,0.03288624400299761,0.00081957,1,0.0
1138,0.0001462475256594556,0.06589376201368821,-1.54e-06,1.9464841943037883,5.142739189835587,63.4894304584042,1.0052136313683062,2.933185050901657,0.12067054082980143,-17.663633880526394,-1.1573229341274334,83.86171817164988,0.6295741068180681,-22.732373473101198,0.2719344611720337,0.045850230768695294,0.00015748,0.0966765001387972,0.00081957,0,0.0
1139,0.1517556887553707,0.0024277619970091615,-1.54e-06,1.9464841943037883,5.142739189835587,-60.033466541429036,1.0052136313683062,0.48506499534233466,0.12067054082980143,-28.395126121052535,-1.1573229341274334,22.507486814260425,0.6295741068180681,45.868899081795306,0.2719344611720337,-0.011300921771690614,0.00015748,0.011340427535037051,0.00081957,1,0.0
1140,0.05025430607257386,0.015750709977642444,-1.54e-06,1.9464841943037883,5.142739189835587,-26.803986834357033,1.0052136313683062,16.431422155130818,0.12067054082980143,-58.45900239787,-1.1573229341274334,15.58376146280993,0.6295741068180681,27.10091740900517,0.2719344611720337,-0.06106672714419889,0.00015748,0.061476430757143916,0.00081957,1,0.0
1141,2.105593130141692e-05,0.05037868518974985,-1.54e-06,1.9464841943037883,5.142739189835587,31.194055552423606,1.0052136313683062,22.5139668331126,0.12067054082980143,-92.83596832495816,-1.1573229341274334,-38.20964498282146,0.6295741068180681,24.866896846029416,0.2719344611720337,-0.05631740790521382,0.00015748,0.12430839567881814,0.00081957,1,0.0
1142,0.13525762402319233,0.0011962299782232874,-1.54e-06,1.9464841943037883,5.142739189835587,-32.44461638090565,1.0052136313683062,1.6889974679435362,0.12067054082980143,-4.557507063872133,-1.1573229341274334,-51.552352305929375,0.6295741068180681,28.521107658472094,0.2719344611720337,-0.003142724048626375,0.00015748,0.0031158242881632048,0.00081957,1,0.0
1143,0.019017668418631173,0.04171618422114051,-1.54e-06,1.9464841943037883,5.142739189835587,-0.4256201632989203,1.0052136313683062,13.28858322628637,0.12067054082980143,-96.9374360885266,-1.1573229341274334,-16.67407054665084,0.6295741068180681,47.44490677722403,0.2719344611720337,-0.06923918571572454,0.00015748,0.1123719616236864,0.00081957,1,0.0
1144,0.17570534115675956,0.003685123202389426,-1.54e-06,1.9464841943037883,5.142739189835587,-85.87125379971874,1.0052136313683062,0.37805185493309573,0.12067054082980143,-56.54875310405513,-1.1573229341274334,71.0928276690451,0.6295741068180681,67.67595239179023,0.2719344611720337,-0.011327581019995054,0.00015748,0.011290139091039143,0.00081957,1,0.0
1145,0.000549148415903089,0.013777811038996304,-1.54e-06,1.9464841943037883,5.142739189835587,-21.904249997741154,1.0052136313683062,9.621724559193131,0.12067054082980143,-76.31322611810172,-1.1573229341274334,92.08080179727982,0.6295741068180681,31.380739061348972,0.2719344611720337,-0.014266560997665927,0.00015748,0.03881280178957052,0.00081957,1,0.0
1146,0.20159229419169855,0.002809099757979187,-1.54e-06,1.9464841943037883,5.142739189835587,-57.12004866475197,1.0052136313683062,2.2232228502538414,0.12067054082980143,-16.52780142421333,-1.1573229341274334,-47.88727074350339,0.6295741068180681,48.15706091935111,0.2719344611720337,-0.002294057648655878,0.00015748,0.0023660054585166617,0.00081957,1,0.0
1147,0.23813369658899763,0.0036211245678059796,-1.54e-06,1.9464841943037883,5.142739189835587,-82.39383506429702,1.0052136313683062,4.149301991481418,0.12067054082980143,-44.20133206744303,-1.1573229341274334,-15.382704663648742,0.6295741068180681,70.03320978967004,0.2719344611720337,-0.006736709826074565,0.00015748,0.006677494042678209,0.00081957,1,0.0
1148,0.0008052095433347395,0.06256148001954898,-1.54e-06,1.9464841943037883,5.142739189835587,61.44509914295451,1.0052136313683062,17.05654145475551,0.12067054082980143,-57.66379039574878,-1.1573229341274334,44.9323742777415,0.6295741068180681,-9.678130238194777,0.2719344611720337,0.029374861680466546,0.00015748,0.10425129821981294,0.00081957,0,0.0
1149,0.09929189369711376,0.0005891221023588432,-1.54e-06,1.9464841943037883,5.142739189835587,-27.798972753746483,1.0052136313683062,3.650288090324708,0.12067054082980143,-17.95595965196688,-1.1573229341274334,-33.50715437765925,0.6295741068180681,27.778809436141213,0.2719344611720337,-0.011694904828067823,0.00015748,0.011749710887795571,0.00081957,1,0.0
1150,0.0872264771154781,0.006665030439839228,-1.54e-06,1.9464841943037883,5.142739189835587,-35.584160281588595,1.0052136313683062,14.597876894837517,0.12067054082980143,-71.96729698335432,-1.1573229341274334,-28.62300710735382,0.6295741068180681,48.76438476853411,0.2719344611720337,-0.05366253471580904,0.00015748,0.05365879077675106,0.00081957,1,0.0
1151,0.0004857626391790437,0.07471024067115317,-1.54e-06,1.9464841943037883,5.142739189835587,99.22570505585925,1.0052136313683062,25.105052804631637,0.12067054082980143,-38.567932691319584,-1.1573229341274334,-98.98781620093871,0.6295741068180681,-25.815358503254725,0.2719344611720337,-0.012368780303596227,0.00015748,0.14446585923196065,0.00081957,1,0.0
1152,-6.336168247952911e-06,0.019432607183118823,-1.54e-06,1.9464841943037883,5.142739189835587,21.49657549591989,1.0052136313683062,5.158795757082278,0.12067054082980143,-23.06637921023746,-1.1573229341274334,-91.58619335511257,0.6295741068180681,12.174550818493723,0.2719344611720337,-0.06062543594477092,0.00015748,0.07480023309651625,0.00081957,1,0.0
1153,0.171444555374668,0.004252072095381532,-1.54e-06,1.9464841943037883,5.142739189835587,-51.02313550723336,1.0052136313683062,11.35645490522344,0.12067054082980143,-57.93405562142513,-1.1573229341274334,-71.31153128157126,0.6295741068180681,61.046222833313635,0.2719344611720337,-0.04537842337889322,0.00015748,0.04536139468121282,0.00081957,1,0.0
1154,0.25561233805348593,0.0120002487938601,-1.54e-06,1.9464841943037883,5.142739189835587,-55.050195991936505,1.0052136313683062,10.429658979632205,0.12067054082980143,-27.946819519834936,-1.1573229341274334,-96.76008056591878,0.6295741068180681,55.06759712105982,0.2719344611720337,-0.021469163491667977,0.00015748,0.03524338305213904,0.00081957,1,0.0
1155,0.00032815601960003993,0.02415625570614673,-1.54e-06,1.9464841943037883,5.142739189835587,3.1351584987624532,1.0052136313683062,5.251263072585555,0.12067054082980143,-41.35262869089051,-1.1573229341274334,84.2691918979183,0.6295741068180681,8.10796215733157,0.2719344611720337,0.018173591071599212,0.00015748,0.03194118601500627,0.00081957,0,0.0
1156,0.12765299361424282,0.005689944643285642,-1.54e-06,1.9464841943037883,5.142739189835587,-53.08922659207488,1.0052136313683062,0.7915972372358026,0.12067054082980143,-45.697136125504734,-1.1573229341274334,-1.6907026818633637,0.6295741068180681,54.82939478608166,0.2719344611720337,-0.02961424652932001,0.00015748,0.030137902842642138,0.00081957,1,0.0
1157,0.10563749910641437,0.002547885137135623,-1.54e-06,1.9464841943037883,5.142739189835587,-46.973870389734785,1.0052136313683062,9.682429425051149,0.12067054082980143,-65.93737040615225,-1.1573229341274334,-4.643444192680975,0.6295741068180681,53.21283142848457,0.2719344611720337,-0.035666603288489,0.00015748,0.03566732775468549,0.00081957,1,0.0
1158,0.24724325586794896,0.014123031939565768,-1.54e-06,1.9464841943037883,5.142739189835587,-57.3553120423294,1.0052136313683062,15.751443938157355,0.12067054082980143,-56.092215275225335,-1.1573229341274334,-98.3054614585406,0.6295741068180681,66.22335852542064,0.2719344611720337,-0.04115496638317475,0.00015748,0.055875477466905805,0.00081957,1,0.0
1159,0.0054336631920793715,0.021231142632784507,-1.54e-06,1.9464841943037883,5.142739189835587,-14.621193695877995,1.0052136313683062,-8.069436136474256,0.12067054082980143,-20.10830784299131,-1.1573229341274334,34.25742715247276,0.6295741068180681,23.011977873178846,0.2719344611720337,-0.05202702968656164,0.00015748,0.06079822220972145,0.00081957,1,0.0
1160,0.12182677250202008,0.05666688282736808,-1.54e-06,1.9464841943037883,5.142739189835587,21.303556227096802,1.0052136313683062,12.52534806692541,0.12067054082980143,-57.89571465891436,-1.1573229341274334,-38.136946392084894,0.6295741068180681,28.642352817363392,0.2719344611720337,-0.004779032128092005,0.00015748,0.11173444693057658,0.00081957,1,0.0
1161,-0.0006037246549590036,0.1265963765832232,-1.54e-06,1.9464841943037883,5.142739189835587,53.595601340773996,1.0052136313683062,20.118252949565882,0.12067054082980143,-1e-20,-1.1573229341274334,94.79064463152503,0.6295741068180681,-52.42168972989049,0.2719344611720337,-0.07353672151602968,0.00015748,0.1740879109015379,0.00081957,1,0.0
1162,0.1250614136227906,0.004205181951561753,-1.54e-06,1.9464841943037883,5.142739189835587,-65.23432506040864,1.0052136313683062,7.558832785529274,0.12067054082980143,-58.47963668977494,-1.1573229341274334,65.88576777225941,0.6295741068180681,50.127309435508096,0.2719344611720337,-0.03344496572461939,0.00015748,0.033581484879922456,0.00081957,1,0.0
1163,0.012120478086255104,0.00025703523513793454,-1.54e-06,1.9464841943037883,5.142739189835587,-21.104085470255946,1.0052136313683062,2.958008199253583,0.12067054082980143,-35.87598722468843,-1.1573229341274334,40.27889514965035,0.6295741068180681,21.39526835934915,0.2719344611720337,-0.009687764068189098,0.00015748,0.009720520690500091,0.00081957,1,0.0
1164,-4.234803579863944e-05,0.024889987346511343,-1.54e-06,1.9464841943037883,5.142739189835587,9.578268813664273,1.0052136313683062,14.040336006672117,0.12067054082980143,-68.6841751019631,-1.1573229341274334,-55.89996259738266,0.6295741068180681,29.098527393352082,0.2719344611720337,-0.06715285743508217,0.00015748,0.08816257548657605,0.00081957,1,0.0
1165,0.20341205007678956,0.003876938550078378,-1.54e-06,1.9464841943037883,5.142739189835587,-81.24032734703498,1.0052136313683062,1.4398975779042167,0.12067054082980143,-42.01996992934415,-1.1573229341274334,29.994117918542315,0.6295741068180681,63.23736352733474,0.2719344611720337,-0.012945838077838803,0.00015748,0.012958518204216958,0.00081957,1,0.0
1166,0.22393130175203235,0.0028047259990244284,-1.54e-06,1.9464841943037883,5.142739189835587,-64.79688320444835,1.0052136313683062,7.867587141218567,0.12067054082980143,-42.24142502219693,-1.1573229341274334,-69.06514632522648,0.6295741068180681,64.04647361031896,0.2719344611720337,-0.025113741363211425,0.00015748,0.025111325878118988,0.00081957,1,0.0
1167,0.06268383579430167,0.01074499459942855,-1.54e-06,1.9464841943037883,5.142739189835587,-8.794067957243056,1.0052136313683062,14.584071327599302,0.12067054082980143,-53.50204392584571,-1.1573229341274334,-97.8798899880954,0.6295741068180681,35.18475247067472,0.2719344611720337,-0.06853486201800663,0.00015748,0.06867949709540752,0.00081957,1,0.0
1168,0.35552969415936486,0.11502532773774943,-1.54e-06,1.9464841943037883,5.142739189835587,-22.247143753409166,1.0052136313683062,-3.431397580764434,0.12067054082980143,-16.518082855744037,-1.1573229341274334,-57.19169654406533,0.6295741068180681,57.894675221590106,0.2719344611720337,-0.006572405396876965,0.00015748,0.15073317813666237,0.00081957,1,0.0
1169,0.09663374811315607,0.004284177468726987,-1.54e-06,1.9464841943037883,5.142739189835587,-57.31024147046645,1.0052136313683062,4.559931717721658,0.12067054082980143,-45.56476187867734,-1.1573229341274334,82.56143647322922,0.6295741068180681,38.894890924977275,0.2719344611720337,-0.03449142850055942,0.00015748,0.03466361217926571,0.00081957,1,0.0
1170,0.0007152163907541698,0.07879081066173976,-1.54e-06,1.9464841943037883,5.142739189835587,90.07231429596399,1.0052136313683062,23.647468057099797,0.12067054082980143,-67.85680269031045,-1.1573229341274334,-32.97013278879267,0.6295741068180681,-11.036187593021898,0.2719344611720337,0.0006140666888152235,0.00015748,0.15514355520448317,0.00081957,0,0.0
1171,-8.171750723755256e-05,0.05763572825829732,-1.54e-06,1.9464841943037883,5.142739189835587,72.44427396036083,1.0052136313683062,8.701348694810552,0.12067054082980143,-11.381451545465646,-1.1573229341274334,19.594993394984115,0.6295741068180681,-28.665989450243558,0.2719344611720337,0.050394462401200275,0.00015748,0.07676910547827526,0.00081957,0,0.0
1172,0.0007745704156084388,0.015231956963255926,-1.54e-06,1.9464841943037883,5.142739189835587,-20.40872366666426,1.0052136313683062,11.376781775499866,0.12067054082980143,-80.70750452571237,-1.1573229341274334,84.16892963802202,0.6295741068180681,32.475136450585815,0.2719344611720337,-0.020617901652103428,0.00015748,0.045808689495313075,0.00081957,1,0.0
1173,0.06769654311975912,0.001337754097859137,-1.54e-06,1.9464841943037883,5.142739189835587,-11.067659001963948,1.0052136313683062,5.8730957818202665,0.12067054082980143,-16.227535905645826,-1.1573229341274334,-59.741120839545545,0.6295741068180681,19.25991134933321,0.2719344611720337,-0.025061747646482016,0.00015748,0.025153908316879983,0.00081957,1,0.0
1174,0.0013823685832031196,0.020570184473321387,-1.54e-06,1.9464841943037883,5.142739189835587,-6.019709570741766,1.0052136313683062,20.59583288303358,0.12067054082980143,-79.17798673853338,-1.1573229341274334,-23.258092544239798,0.6295741068180681,28.848538563969715,0.2719344611720337,-0.07282388141960745,0.00015748,0.07727119162881115,0.00081957,1,0.0
1175,0.17562363457509875,0.0025220534953429605,-1.54e-06,1.9464841943037883,5.142739189835587,-70.69069086617324,1.0052136313683062,3.207034799380721,0.12067054082980143,-41.88013717575464,-1.1573229341274334,25.635462519758214,0.6295741068180681,55.896931235140535,0.2719344611720337,-0.013544757438333593,0.00015748,0.01351362148689729,0.00081957,1,0.0
1176,0.11547084770136884,0.0013031996187051597,-1.54e-06,1.9464841943037883,5.142739189835587,-31.032505971928767,1.0052136313683062,2.966438739291326,0.12067054082980143,-19.258167331776228,-1.1573229341274334,-47.13659810037517,0.6295741068180681,33.40516461768454,0.2719344611720337,-0.01716459153191399,0.00015748,0.01726654396397335,0.00081957,1,0.0
1177,0.0017097627705900398,0.04012290671432984,-1.54e-06,1.9464841943037883,5.142739189835587,6.131980662813194,1.0052136313683062,21.021676122012405,0.12067054082980143,-90.4007321276592,-1.1573229341274334,55.38723520697745,0.6295741068180681,22.021470791611574,0.2719344611720337,-0.0335265581794154,0.00015748,0.0902356968926116,0.00081957,1,0.0
1178,-3.7807745182111274e-05,0.04497757923793397,-1.54e-06,1.9464841943037883,5.142739189835587,69.72841956551275,1.0052136313683062,14.667658163240164,0.12067054082980143,-13.398952782318931,-1.1573229341274334,-80.98360231629854,0.6295741068180681,-21.675400425415734,0.2719344611720337,-0.006046709972333746,0.00015748,0.09059255581996312,0.00081957,1,0.0
1179,0.1087766495362729,0.0820493004977447,-1.54e-06,1.9464841943037883,5.142739189835587,-46.31215115432428,1.0052136313683062,-6.98279180671402,0.12067054082980143,-65.69299620456187,-1.1573229341274334,-58.36305839813038,0.6295741068180681,79.49916779246702,0.2719344611720337,-0.13304854125760301,0.00015748,0.13614421965740553,0.00081957,1,0.0
1180,0.015260511655430506,0.000416062026557306,-1.54e-06,1.9464841943037883,5.142739189835587,-6.25737464545527,1.0052136313683062,3.0111713714712036,0.12067054082980143,-15.747774690244317,-1.1573229341274334,-8.778911242789942,0.6295741068180681,10.38730559932845,0.2719344611720337,-0.012934236128753643,0.00015748,0.01290418462371412,0.00081957,1,0.0
1181,0.20222782940993578,0.0023371230993794764,-1.54e-06,1.9464841943037883,5.142739189835587,-52.81812783876517,1.0052136313683062,4.2156526779205326,0.12067054082980143,-16.99297880821142,-1.1573229341274334,-65.96427269720144,0.6295741068180681,46.91330238846936,0.2719344611720337,-0.009688059774092496,0.00015748,0.009692827190425997,0.00081957,1,0.0
1182,-5.225846364484421e-05,0.01637211032481608,-1.54e-06,1.9464841943037883,5.142739189835587,3.1843905436652626,1.0052136313683062,15.148726871384511,0.12067054082980143,-64.97067278490604,-1.1573229341274334,-52.39255028665126,0.6295741068180681,27.087079959479052,0.2719344611720337,-0.06568133575074192,0.00015748,0.07365033680576957,0.00081957,1,0.0
1183,0.00024561682939094887,0.06626886226362051,-1.54e-06,1.9464841943037883,5.142739189835587,64.33688174592466,1.0052136313683062,7.307525514948289,0.12067054082980143,-11.791374311048084,-1.1573229341274334,95.24880521228265,0.6295741068180681,-33.2051541046569,0.2719344611720337,0.048174718314451206,0.00015748,0.09161580090474052,0.00081957,0,0.0
1184,0.0003774946458692807,0.060456865239647085,-1.54e-06,1.9464841943037883,5.142739189835587,51.724365478243215,1.0052136313683062,19.724209385637433,0.12067054082980143,-79.63793857137743,-1.1573229341274334,23.261123140482407,0.6295741068180681,6.2752697714245205,0.2719344611720337,-0.0013170937571385447,0.00015748,0.12030787860770809,0.00081957,1,0.0
1185,0.25922624891554114,0.12441744146596996,-1.54e-06,1.9464841943037883,5.142739189835587,63.694634126070774,1.0052136313683062,22.919250677350163,0.12067054082980143,-92.8718958811384,-1.1573229341274334,-21.34310480939869,0.6295741068180681,33.803429646262344,0.2719344611720337,0.05488029764811457,0.00015748,0.21083065847578059,0.00081957,0,0.0
1186,0.0003312910502013544,0.011048018883638457,-1.54e-06,1.9464841943037883,5.142739189835587,-3.7987528860740154,1.0052136313683062,12.61743284763372,0.12067054082980143,-59.56641955278453,-1.1573229341274334,-13.988080779136606,0.6295741068180681,24.438509565448577,0.2719344611720337,-0.04675272749411822,0.00015748,0.05520384079683601,0.00081957,1,0.0
1187,0.004970734178890102,0.094982645946531,-1.54e-06,1.9464841943037883,5.142739189835587,98.80244124683648,1.0052136313683062,30.546954570671655,0.12067054082980143,-62.53121117560624,-1.1573229341274334,-22.659427024551896,0.6295741068180681,-26.211434924429422,0.2719344611720337,0.0048468696163182085,0.00015748,0.16109313152905275,0.00081957,0,0.0
1188,0.00016209665824629127,0.022772214409044964,-1.54e-06,1.9464841943037883,5.142739189835587,4.6705463102139815,1.0052136313683062,13.902734250462839,0.12067054082980143,-37.85313089818965,-1.1573229341274334,21.82981758705284,0.6295741068180681,2.56512405742627,0.2719344611720337,-0.040177746877554585,0.00015748,0.061304904067785174,0.00081957,1,0.0
1189,0.06259021938633744,0.01044292649153814,-1.54e-06,1.9464841943037883,5.142739189835587,-18.356352492409755,1.0052136313683062,15.08552744902904,0.12067054082980143,-66.90414426011303,-1.1573229341274334,-67.78973078313292,0.6295741068180681,42.24429472496141,0.2719344611720337,-0.06682135972991046,0.00015748,0.06720295715120364,0.00081957,1,0.0
1190,0.18824227867283616,0.07747754352011577,-1.54e-06,1.9464841943037883,5.142739189835587,-25.749128753390327,1.0052136313683062,17.829565495188184,0.12067054082980143,-8.666475501013124,-1.1573229341274334,-0.57386566109024,0.6295741068180681,7.939499869626887,0.2719344611720337,-0.08725301719218706,0.00015748,0.12819750328956864,0.00081957,1,0.0
1191,0.1596158542534642,0.015483141867349413,-1.54e-06,1.9464841943037883,5.142739189835587,-79.49394729299229,1.0052136313683062,-10.632219041277883,0.12067054082980143,-20.860602710202702,-1.1573229341274334,88.50236513205199,0.6295741068180681,53.46025255609085,0.2719344611720337,-0.047710167230248554,0.00015748,0.047863505533695186,0.00081957,1,0.0
1192,0.0004871308024300136,0.07080588120498664,-1.54e-06,1.9464841943037883,5.142739189835587,78.97348042967913,1.0052136313683062,23.129585837590803,0.12067054082980143,-65.83828889727155,-1.1573229341274334,-53.61443241745741,0.6295741068180681,-5.699326614658116,0.2719344611720337,-0.01668049852917418,0.00015748,0.1460655203893939,0.00081957,1,0.0
1193,-0.0002145188300670675,0.04879863750431383,-1.54e-06,1.9464841943037883,5.142739189835587,-4.376769895255007,1.0052136313683062,23.904237856611662,0.12067054082980143,-55.12120605121685,-1.1573229341274334,10.971871932169428,0.6295741068180681,5.338783970217014,0.2719344611720337,-0.09921786486326394,0.00015748,0.09992798184416378,0.00081957,1,0.0
1194,0.06214955838176535,0.016977175883384293,-1.54e-06,1.9464841943037883,5.142739189835587,-34.87017559677399,1.0052136313683062,8.010376751864491,0.12067054082980143,-82.15597113568273,-1.1573229341274334,-28.379311158057185,0.6295741068180681,60.56801695886304,0.2719344611720337,-0.07486392241738808,0.00015748,0.07560023990441662,0.00081957,1,0.0
1195,0.009215714545522558,0.0005545627323842413,-1.54e-06,1.9464841943037883,5.142739189835587,-34.229008306018116,1.0052136313683062,5.0549619767474985,0.12067054082980143,-59.68901633215373,-1.1573229341274334,80.4789689271081,0.6295741068180681,32.63052990672889,0.2719344611720337,-0.014746075187584296,0.00015748,0.014754884036278625,0.00081957,1,0.0
1196,0.22587643953356365,0.0030896812952453966,-1.54e-06,1.9464841943037883,5.142739189835587,-64.46637601164669,1.0052136313683062,9.02631276041937,0.12067054082980143,-45.49961013024935,-1.1573229341274334,-75.57645597131335,0.6295741068180681,65.50061846279185,0.2719344611720337,-0.029841278589295552,0.00015748,0.029869193462601026,0.00081957,1,0.0
1197,3.9996394565117166e-05,0.06491761683697236,-1.54e-06,1.9464841943037883,5.142739189835587,73.18449111922284,1.0052136313683062,9.437859916015585,0.12067054082980143,-11.196240091442695,-1.1573229341274334,58.94111782613331,0.6295741068180681,-34.592593856974595,0.2719344611720337,0.05910525960495239,0.00015748,0.08128735319209934,0.00081957,0,0.0
1198,0.013272693735489859,0.0009900890198550807,-1.54e-06,1.9464841943037883,5.142739189835587,-30.57666827482016,1.0052136313683062,-2.4406606444159045,0.12067054082980143,-24.83658017991352,-1.1573229341274334,89.05090687054482,0.6295741068180681,18.32446208312029,0.2719344611720337,-0.01790484955924953,0.00015748,0.017909416767549022,0.00081957,1,0.0
1199,0.2401913006940003,0.004652713693100748,-1.54e-06,1.9464841943037883,5.142739189835587,-69.86454226442494,1.0052136313683062,1.9636473481490335,0.12067054082980143,-16.295998841837402,-1.1573229341274334,-44.2598109439454,0.6295741068180681,55.1493370512482,0.2719344611720337,-0.010256481777201027,0.00015748,0.01027251709520546,0.00081957,1,0.0
1200,0.19896319258453146,0.005540414417313345,-1.54e-06,0.9287244942797835,7.711917279670906,-73.29973619397003,1.0052136313683062,1.7218017215931247,0.12067054082980143,-38.45598649764059,-1.1573229341274334,47.040141846693956,0.6295741068180681,69.73077530904436,0.2719344611720337,-0.01830078768678312,0.00015748,0.01822845904381443,0.00081957,1,0.0
1201,0.022858142175185593,6.112033765166218e-05,-1.54e-06,0.9287244942797835,7.711917279670906,-15.021163911827708,1.0052136313683062,5.28409786608439,0.12067054082980143,-12.973779349743252,-1.1573229341274334,-80.49251094540595,0.6295741068180681,15.672301367561824,0.2719344611720337,-0.004350957615086207,0.00015748,0.004371936211783214,0.00081957,1,0.0
1202,0.14179756669532273,0.07041530132771653,-1.54e-06,0.9287244942797835,7.711917279670906,-0.6679156802355461,1.0052136313683062,87.6685083278743,0.12067054082980143,-46.29515027695761,-1.1573229341274334,97.85777214575533,0.6295741068180681,6.2261976628177775,0.2719344611720337,-0.03789930571616816,0.00015748,0.09847203510015497,0.00081957,1,0.0
1203,0.02869061097728115,0.013059294618464895,-1.54e-06,0.9287244942797835,7.711917279670906,-58.35815011818273,1.0052136313683062,-22.23941126465389,0.12067054082980143,-86.59147018398093,-1.1573229341274334,70.8732367435267,0.6295741068180681,60.400488420231795,0.2719344611720337,-0.030281937690581247,0.00015748,0.030326517342978455,0.00081957,1,0.0
1204,0.1939712493476369,0.0623285660619607,-1.54e-06,0.9287244942797835,7.711917279670906,-9.625148326595303,1.0052136313683062,54.727928806462465,0.12067054082980143,-27.58084697829998,-1.1573229341274334,27.99230142541526,0.6295741068180681,25.143383761548474,0.2719344611720337,0.019352831656915717,0.00015748,0.09718234821713916,0.00081957,0,0.0
1205,0.15014192002926083,0.004483996305810028,-1.54e-06,0.9287244942797835,7.711917279670906,-60.404478637402356,1.0052136313683062,40.359684317300996,0.12067054082980143,-62.41669022615851,-1.1573229341274334,-85.12132872353439,0.6295741068180681,58.95109273957895,0.2719344611720337,-0.02974356349451399,0.00015748,0.029801192186212393,0.00081957,1,0.0
1206,0.014051346970892505,0.0020452156172479307,-1.54e-06,0.9287244942797835,7.711917279670906,-37.860956294581726,1.0052136313683062,31.206473559382893,0.12067054082980143,-95.34475593505101,-1.1573229341274334,-7.821164071741572,0.6295741068180681,39.76505863877493,0.2719344611720337,-0.022956801888598853,0.00015748,0.022984015538121412,0.00081957,1,0.0
1207,0.2794099083026114,0.02347509652164235,-1.54e-06,0.9287244942797835,7.711917279670906,-67.67371172512192,1.0052136313683062,60.73028773032255,0.12067054082980143,-25.811235659215864,-1.1573229341274334,-51.38711460080374,0.6295741068180681,61.456005826434385,0.2719344611720337,-0.060118739709607905,0.00015748,0.0607957649686202,0.00081957,1,0.0
1208,0.20492622254043347,0.018017085204483013,-1.54e-06,0.9287244942797835,7.711917279670906,-57.25706471521971,1.0052136313683062,60.37445664432825,0.12067054082980143,-44.71211291295837,-1.1573229341274334,-72.35815162862366,0.6295741068180681,53.32593847523965,0.2719344611720337,-0.053115874258918824,0.00015748,0.053046373166305213,0.00081957,1,0.0
1209,0.2768025156566625,0.02432964806146758,-1.54e-06,0.9287244942797835,7.711917279670906,-79.41706443725008,1.0052136313683062,67.1376285815689,0.12067054082980143,-66.53102601052301,-1.1573229341274334,43.45319571416848,0.6295741068180681,73.2271182811426,0.2719344611720337,-0.06351853579439462,0.00015748,0.06361588774274027,0.00081957,1,0.0
1210,0.1085114103854831,0.0010954894661430773,-1.54e-06,0.9287244942797835,7.711917279670906,-35.92937702393332,1.0052136313683062,7.641731654308648,0.12067054082980143,-15.242589984535572,-1.1573229341274334,-10.61971206792267,0.6295741068180681,34.0012065408517,0.2719344611720337,-0.010825524790201343,0.00015748,0.010810631450348699,0.00081957,1,0.0
1211,0.09877150844439953,0.001065010976201081,-1.54e-06,0.9287244942797835,7.711917279670906,-55.2006584479059,1.0052136313683062,8.395941887771176,0.12067054082980143,-57.74424258264821,-1.1573229341274334,-30.18630716881658,0.6295741068180681,55.038417754941975,0.2719344611720337,-0.0010239324505343405,0.00015748,0.0011009857805316518,0.00081957,1,0.0
1212,0.3939213284243015,0.05185752781086975,-1.54e-06,0.9287244942797835,7.711917279670906,-83.12971418453498,1.0052136313683062,80.09580189791045,0.12067054082980143,-21.0719796121667,-1.1573229341274334,62.3696848455393,0.6295741068180681,72.45266564312978,0.2719344611720337,-0.09021588812612005,0.00015748,0.09048867071125699,0.00081957,1,0.0
1213,0.17343027958120097,0.0061588050507985085,-1.54e-06,0.9287244942797835,7.711917279670906,-72.81552942629308,1.0052136313683062,47.23693642250004,0.12067054082980143,-85.21108938898608,-1.1573229341274334,-38.850300091903954,0.6295741068180681,70.90693613193712,0.2719344611720337,-0.035028384728842746,0.00015748,0.03519541013521105,0.00081957,1,0.0
1214,0.0765512676440039,0.03250548238338391,-1.54e-06,0.9287244942797835,7.711917279670906,-65.76546714759796,1.0052136313683062,-48.058673905636134,0.12067054082980143,-42.761602791532404,-1.1573229341274334,6.397206420029539,0.6295741068180681,66.79863090633769,0.2719344611720337,-0.050001330115177434,0.00015748,0.04968563542135368,0.00081957,1,0.0
1215,0.27362668034500126,0.011392461626221099,-1.54e-06,0.9287244942797835,7.711917279670906,-89.20115099815668,1.0052136313683062,44.16157759548671,0.12067054082980143,-71.23841190782653,-1.1573229341274334,87.69291444715185,0.6295741068180681,83.42539376025125,0.2719344611720337,-0.044972301608453086,0.00015748,0.04506380873369084,0.00081957,1,0.0
1216,0.23464854975769442,0.010619034042238122,-1.54e-06,0.9287244942797835,7.711917279670906,-73.42143149998886,1.0052136313683062,44.62209089096009,0.12067054082980143,-57.70459795330157,-1.1573229341274334,41.962557933738395,0.6295741068180681,68.5379795988608,0.2719344611720337,-0.04303157030909319,0.00015748,0.04319709827895471,0.00081957,1,0.0
1217,0.0007798421910700237,0.04489602357125991,-1.54e-06,0.9287244942797835,7.711917279670906,37.44156815243968,1.0052136313683062,64.09140431019325,0.12067054082980143,-1e-20,-1.1573229341274334,31.639730701258177,0.6295741068180681,-35.9461287435017,0.2719344611720337,-0.04647287113941519,0.00015748,0.06761298399081471,0.00081957,1,0.0
1218,0.28517998952389556,0.009005803424696474,-1.54e-06,0.9287244942797835,7.711917279670906,-79.87365701755398,1.0052136313683062,25.11742181697614,0.12067054082980143,-14.887279876159518,-1.1573229341274334,-37.549786407418274,0.6295741068180681,73.99719486291639,0.2719344611720337,-0.0358045025833533,0.00015748,0.03596883020495269,0.00081957,1,0.0
1219,0.24982488535448433,0.012911336956738234,-1.54e-06,0.9287244942797835,7.711917279670906,-91.9211765580294,1.0052136313683062,62.40436530302142,0.12067054082980143,-87.81455360583548,-1.1573229341274334,-90.89268974387791,0.6295741068180681,88.56230206612044,0.2719344611720337,-0.04908639733188853,0.00015748,0.049077107810038136,0.00081957,1,0.0
1220,0.18117450672482227,0.003963763419334906,-1.54e-06,0.9287244942797835,7.711917279670906,-75.6293522202548,1.0052136313683062,4.911439866266096,0.12067054082980143,-47.9453440456029,-1.1573229341274334,-29.791371682798797,0.6295741068180681,73.49228878892741,0.2719344611720337,-0.010401631602222882,0.00015748,0.01039490948677521,0.00081957,1,0.0
1221,0.07436764307073634,0.0006407040186065498,-1.54e-06,0.9287244942797835,7.711917279670906,-30.59353028432596,1.0052136313683062,13.390295058914587,0.12067054082980143,-33.25280307895568,-1.1573229341274334,23.94360244974557,0.6295741068180681,29.41490210471473,0.2719344611720337,-0.010892215836214237,0.00015748,0.010867722076381075,0.00081957,1,0.0
1222,0.1576170237561158,0.04559739457879248,-1.54e-06,0.9287244942797835,7.711917279670906,-15.697722542269677,1.0052136313683062,79.43324850495455,0.12067054082980143,-9.764755090755894,-1.1573229341274334,-50.591143184270116,0.6295741068180681,11.01729256964485,0.2719344611720337,-0.07482769716150656,0.00015748,0.07566068910402132,0.00081957,1,0.0
1223,0.3100724705723378,0.01948868473331105,-1.54e-06,0.9287244942797835,7.711917279670906,-92.02055575130785,1.0052136313683062,60.379454766395135,0.12067054082980143,-59.6943290321019,-1.1573229341274334,-19.03799068321705,0.6295741068180681,85.84957182585745,0.2719344611720337,-0.05717839772568401,0.00015748,0.057628329258144186,0.00081957,1,0.0
1224,0.2241696187479652,0.01715848926179843,-1.54e-06,0.9287244942797835,7.711917279670906,-79.6256690383916,1.0052136313683062,-24.403435561537574,0.12067054082980143,-16.392450467604483,-1.1573229341274334,83.72887493105088,0.6295741068180681,75.21889176648725,0.2719344611720337,-0.033544288185285605,0.00015748,0.03361539966215046,0.00081957,1,0.0
1225,0.023923374931401897,0.014170726737870374,-1.54e-06,0.9287244942797835,7.711917279670906,-22.085863589514485,1.0052136313683062,56.10320455697881,0.12067054082980143,-78.4643277072021,-1.1573229341274334,-35.44394991690157,0.6295741068180681,22.802869849703654,0.2719344611720337,-0.044511541967328205,0.00015748,0.04451035361773249,0.00081957,1,0.0
1226,-0.00011041169707969034,0.01984069655780232,-1.54e-06,0.9287244942797835,7.711917279670906,6.660323927738612,1.0052136313683062,31.650750001726482,0.12067054082980143,-34.16320567262252,-1.1573229341274334,2.966621145866614,0.6295741068180681,-0.9850049360840548,0.2719344611720337,-0.010590323753384867,0.00015748,0.041893681796716466,0.00081957,1,0.0
1227,0.28736596662396885,0.016572733493478188,-1.54e-06,0.9287244942797835,7.711917279670906,-75.8233663650391,1.0052136313683062,52.29400206636973,0.12067054082980143,-24.84333735968103,-1.1573229341274334,-92.30752605815776,0.6295741068180681,69.99195243223276,0.2719344611720337,-0.051954235077732155,0.00015748,0.05201932474645271,0.00081957,1,0.0
1228,0.005436462059176063,0.0013076229858543635,-1.54e-06,0.9287244942797835,7.711917279670906,-10.08892445150092,1.0052136313683062,-10.230307718139317,0.12067054082980143,-6.740100686720385,-1.1573229341274334,-6.56350000028559,0.6295741068180681,10.56659887750941,0.2719344611720337,-0.01070000798004764,0.00015748,0.010726193173583242,0.00081957,1,0.0
1229,0.26640151339908674,0.012408638798380759,-1.54e-06,0.9287244942797835,7.711917279670906,-84.70809610993221,1.0052136313683062,-7.632618898991374,0.12067054082980143,-18.209003096329067,-1.1573229341274334,86.69132871922426,0.6295741068180681,78.93184235567335,0.2719344611720337,-0.031442446022797464,0.00015748,0.03149031105039598,0.00081957,1,0.0
1230,0.04019773642497751,0.04133792535952846,-1.54e-06,0.9287244942797835,7.711917279670906,8.111553453544962,1.0052136313683062,73.86297935506016,0.12067054082980143,-38.9436843654207,-1.1573229341274334,84.65849255696607,0.6295741068180681,-10.73332584505659,0.2719344611720337,-0.0677899676753459,0.00015748,0.06832375426235426,0.00081957,1,0.0
1231,0.3265930923193597,0.031173831450090145,-1.54e-06,0.9287244942797835,7.711917279670906,-78.43920195715518,1.0052136313683062,66.54508370799496,0.12067054082980143,-34.345946045047796,-1.1573229341274334,32.5165406428882,0.6295741068180681,70.30072230262809,0.2719344611720337,-0.07093421942969676,0.00015748,0.07100250494852044,0.00081957,1,0.0
1232,6.0737070260705184e-05,0.02507897688439217,-1.54e-06,0.9287244942797835,7.711917279670906,23.274285591461933,1.0052136313683062,43.049274149775954,0.12067054082980143,-9.984327428668422,-1.1573229341274334,26.341746731565735,0.6295741068180681,-20.281923665808666,0.2719344611720337,-0.02414781962814987,0.00015748,0.048018004015007124,0.00081957,1,0.0
1233,0.0021975055615548397,0.0016685155675255957,-1.54e-06,0.9287244942797835,7.711917279670906,-33.037462315542484,1.0052136313683062,27.11510305196214,0.12067054082980143,-89.51669838253278,-1.1573229341274334,-1.129617081710814,0.6295741068180681,35.071007956924895,0.2719344611720337,-0.020602158640315966,0.00015748,0.020716619190838,0.00081957,1,0.0
1234,0.09116934196736963,0.007808404624820807,-1.54e-06,0.9287244942797835,7.711917279670906,-40.748831949149654,1.0052136313683062,45.63234122236667,0.12067054082980143,-74.90282179626269,-1.1573229341274334,34.450802943465646,0.6295741068180681,39.47326722880462,0.2719344611720337,-0.03603047683292274,0.00015748,0.03601115281694691,0.00081957,1,0.0
1235,5.4303770481994515e-05,0.0003671710568707323,-1.54e-06,0.9287244942797835,7.711917279670906,-0.8943019787758704,1.0052136313683062,7.525730403106849,0.12067054082980143,-12.510373796503885,-1.1573229341274334,34.731616119050535,0.6295741068180681,0.6958766737383406,0.2719344611720337,-0.006575209913892117,0.00015748,0.006601521471511383,0.00081957,1,0.0
1236,0.1162478802684805,0.002115735159981552,-1.54e-06,0.9287244942797835,7.711917279670906,-66.06891325038592,1.0052136313683062,6.209168989776572,0.12067054082980143,-70.22841561779752,-1.1573229341274334,-3.1734160121697426,0.6295741068180681,65.70264556838647,0.2719344611720337,-0.0019231200286662414,0.00015748,0.001990042932551622,0.00081957,1,0.0
1237,0.07735524958804851,0.021475698422282228,-1.54e-06,0.9287244942797835,7.711917279670906,-48.9556477035768,1.0052136313683062,-27.641448983616996,0.12067054082980143,-44.708976833377854,-1.1573229341274334,84.3227264617448,0.6295741068180681,51.234398398194934,0.2719344611720337,-0.024752233795268093,0.00015748,0.03938216832986471,0.00081957,1,0.0
1238,0.008646286673378828,0.0820809608184451,-1.54e-06,0.9287244942797835,7.711917279670906,52.98923277158525,1.0052136313683062,81.78501643535499,0.12067054082980143,-15.06369962967881,-1.1573229341274334,-32.87122256324068,0.6295741068180681,-38.075682572738195,0.2719344611720337,-0.020821758767882136,0.00015748,0.11482747786946407,0.00081957,1,0.0
1239,0.06273951729400776,0.000600323360154408,-1.54e-06,0.9287244942797835,7.711917279670906,-23.50121018788732,1.0052136313683062,10.461924479047818,0.12067054082980143,-26.786009950573234,-1.1573229341274334,57.80686142435838,0.6295741068180681,22.08983566382473,0.2719344611720337,-0.010617941906869186,0.00015748,0.01063985487626945,0.00081957,1,0.0
1240,0.19604659154791498,0.005084800412459336,-1.54e-06,0.9287244942797835,7.711917279670906,-52.72814654316147,1.0052136313683062,13.621637061613624,0.12067054082980143,-12.554540730110553,-1.1573229341274334,67.34234681659993,0.6295741068180681,47.84252270742026,0.2719344611720337,-0.027894933527256117,0.00015748,0.027926096658946332,0.00081957,1,0.0
1241,0.10560175927079607,0.005355347005929274,-1.54e-06,0.9287244942797835,7.711917279670906,-20.326191079621953,1.0052136313683062,24.259491713290547,0.12067054082980143,-11.362258724514907,-1.1573229341274334,80.94542448880318,0.6295741068180681,16.885165339795908,0.2719344611720337,-0.028684816488278732,0.00015748,0.028871698878334018,0.00081957,1,0.0
1242,0.1860738707875487,0.002528798950724078,-1.54e-06,0.9287244942797835,7.711917279670906,-70.98023370234705,1.0052136313683062,17.85377543856357,0.12067054082980143,-46.61050306619955,-1.1573229341274334,-41.99721912045311,0.6295741068180681,68.44972921374699,0.2719344611720337,-0.01588567910414204,0.00015748,0.01589434406553023,0.00081957,1,0.0
1243,0.0008722173139595335,0.015179913311024938,-1.54e-06,0.9287244942797835,7.711917279670906,11.426757457373855,1.0052136313683062,44.21454040968581,0.12067054082980143,-19.691245515968397,-1.1573229341274334,16.606561741321244,0.6295741068180681,-12.29475931578675,0.2719344611720337,-0.040026700084563174,0.00015748,0.0400901413550923,0.00081957,1,0.0
1244,0.03681472912225141,0.023114472854354286,-1.54e-06,0.9287244942797835,7.711917279670906,-66.3399989316766,1.0052136313683062,-33.10087345797823,0.12067054082980143,-77.19302135526794,-1.1573229341274334,-26.171771919766517,0.6295741068180681,69.28200819859207,0.2719344611720337,-0.04250755278596026,0.00015748,0.04252245020681869,0.00081957,1,0.0
1245,0.20781227234204006,0.010262140764354503,-1.54e-06,0.9287244942797835,7.711917279670906,-91.81691538753431,1.0052136313683062,-7.45347568337339,0.12067054082980143,-64.22188439245905,-1.1573229341274334,69.68524059551422,0.6295741068180681,88.93791221253107,0.2719344611720337,-0.019425256977434566,0.00015748,0.01953629906075384,0.00081957,1,0.0
1246,0.05211547408168443,0.00044406854141546047,-1.54e-06,0.9287244942797835,7.711917279670906,-35.10350165376385,1.0052136313683062,18.342050931941305,0.12067054082980143,-60.892917003574794,-1.1573229341274334,36.14439805044967,0.6295741068180681,35.00522611228574,0.2719344611720337,-0.011682087674267694,0.00015748,0.01170261610060756,0.00081957,1,0.0
1247,0.2285164473108215,0.02290427775421315,-1.54e-06,0.9287244942797835,7.711917279670906,-59.19408949127143,1.0052136313683062,63.71718003303754,0.12067054082980143,-45.38767111583179,-1.1573229341274334,-9.329625216796467,0.6295741068180681,54.125381549236245,0.2719344611720337,-0.05900696699762407,0.00015748,0.05964284630321189,0.00081957,1,0.0
1248,0.0011942986512420983,0.0267701435099896,-1.54e-06,0.9287244942797835,7.711917279670906,-15.807420415270887,1.0052136313683062,17.575827818149925,0.12067054082980143,-74.21435108085562,-1.1573229341274334,-12.820377398208235,0.6295741068180681,26.763355833636783,0.2719344611720337,-0.009452710180465018,0.00015748,0.06017958236488108,0.00081957,1,0.0
1249,0.018211347941178915,0.013429712230865339,-1.54e-06,0.9287244942797835,7.711917279670906,-21.183313284192092,1.0052136313683062,53.47383813306978,0.12067054082980143,-89.6980914886049,-1.1573229341274334,75.88289375591991,0.6295741068180681,21.292736283262208,0.2719344611720337,-0.04271453870189384,0.00015748,0.042976050184005334,0.00081957,1,0.0
1250,0.07833437606137743,0.007313996839387401,-1.54e-06,0.9287244942797835,7.711917279670906,-39.91722892098285,1.0052136313683062,45.05183086382711,0.12067054082980143,-81.94496208673104,-1.1573229341274334,50.87843137349693,0.6295741068180681,39.011324673608925,0.2719344611720337,-0.034857739242255034,0.00015748,0.03503527027865792,0.00081957,1,0.0
1251,-2.8337343619240507e-05,0.11371386941407999,-1.54e-06,0.9287244942797835,7.711917279670906,61.435431122847234,1.0052136313683062,18.230228772172346,0.12067054082980143,-20.95610006789173,-1.1573229341274334,-15.446314454755285,0.6295741068180681,-20.86848019577398,0.2719344611720337,0.0043183148613578914,0.00015748,0.2226738075308896,0.00081957,0,0.0
1252,0.00011290986372458622,0.06406466149907189,-1.54e-06,0.9287244942797835,7.711917279670906,54.55480242591757,1.0052136313683062,37.618548628888426,0.12067054082980143,-0.1402632600128433,-1.1573229341274334,26.661412659510532,0.6295741068180681,-33.64211889018634,0.2719344611720337,0.010354936664867455,0.00015748,0.11541400798680326,0.00081957,0,0.0
1253,-0.00018989637153935673,0.022488139312655277,-1.54e-06,0.9287244942797835,7.711917279670906,23.16678443026412,1.0052136313683062,26.76706495908209,0.12067054082980143,-7.142459201250737,-1.1573229341274334,73.84156874251649,0.6295741068180681,-18.157658362030855,0.2719344611720337,-0.003801479081993967,0.00015748,0.039718005798153835,0.00081957,1,0.0
1254,0.26208177318159076,0.019702968946241982,-1.54e-06,0.9287244942797835,7.711917279670906,-56.48272216670922,1.0052136313683062,45.69240444623949,0.12067054082980143,-15.491566385629701,-1.1573229341274334,99.19666761587445,0.6295741068180681,49.00566502927896,0.2719344611720337,-0.05677407636466096,0.00015748,0.056857334762456455,0.00081957,1,0.0
1255,0.23563466263857388,0.005086882178185103,-1.54e-06,0.9287244942797835,7.711917279670906,-80.91137660784307,1.0052136313683062,14.233821191704173,0.12067054082980143,-35.382942884725665,-1.1573229341274334,-34.60960120108169,0.6295741068180681,76.98695588474176,0.2719344611720337,-0.021131654626534626,0.00015748,0.021069012904100317,0.00081957,1,0.0
1256,0.2098316942916676,0.004580184539908199,-1.54e-06,0.9287244942797835,7.711917279670906,-61.93607623025678,1.0052136313683062,22.561655334055306,0.12067054082980143,-17.383433746086382,-1.1573229341274334,-60.61561160477587,0.6295741068180681,58.02966215051764,0.2719344611720337,-0.025973919932453272,0.00015748,0.02595225188297188,0.00081957,1,0.0
1257,0.19631922995122802,0.0030055633347950464,-1.54e-06,0.9287244942797835,7.711917279670906,-86.38475914694699,1.0052136313683062,16.84556200367011,0.12067054082980143,-75.96881303290071,-1.1573229341274334,9.24930899178923,0.6295741068180681,84.04349191019743,0.2719344611720337,-0.013166463468789545,0.00015748,0.01317219390725349,0.00081957,1,0.0
1258,0.11794832293610502,0.0011683990836780587,-1.54e-06,0.9287244942797835,7.711917279670906,-39.872849608729574,1.0052136313683062,6.553234500241205,0.12067054082980143,-12.061334874058682,-1.1573229341274334,-53.24577787577467,0.6295741068180681,38.141704680280434,0.2719344611720337,-0.009164002658074922,0.00015748,0.009164026948311425,0.00081957,1,0.0
1259,0.28283664919215346,0.028710814282594522,-1.54e-06,0.9287244942797835,7.711917279670906,-76.53210338573723,1.0052136313683062,69.36301098189728,0.12067054082980143,-65.17335275800946,-1.1573229341274334,96.87708252673367,0.6295741068180681,69.51717795509866,0.2719344611720337,-0.06857321172751947,0.00015748,0.0686301614987919,0.00081957,1,0.0
1260,0.3605240956971164,0.05926011617303085,-1.54e-06,0.9287244942797835,7.711917279670906,-65.30554434913984,1.0052136313683062,61.829001989917465,0.12067054082980143,-25.58320040253911,-1.1573229341274334,-81.37060225467397,0.6295741068180681,74.39768860589994,0.2719344611720337,0.01228068238724863,0.00015748,0.08277203736704353,0.00081957,0,0.0
1261,0.0035406034735942227,0.008350583090848707,-1.54e-06,0.9287244942797835,7.711917279670906,-12.673340596718695,1.0052136313683062,42.458241598066486,0.12067054082980143,-52.443476570562886,-1.1573229341274334,-94.15599087367538,0.6295741068180681,14.051266177784823,0.2719344611720337,-0.03391537857820462,0.00015748,0.03400023262014193,0.00081957,1,0.0
1262,0.0010184025042548894,0.030282375173465555,-1.54e-06,0.9287244942797835,7.711917279670906,26.84057952369952,1.0052136313683062,57.39161864546328,0.12067054082980143,-0.004728321059273233,-1.1573229341274334,-7.316034629619267,0.6295741068180681,-28.03311909231737,0.2719344611720337,-0.05241082258645906,0.00015748,0.054923308345490016,0.00081957,1,0.0
1263,0.002566713985502553,0.0035002115566445027,-1.54e-06,0.9287244942797835,7.711917279670906,-33.1310041404974,1.0052136313683062,35.81705690155532,0.12067054082980143,-95.44969967244357,-1.1573229341274334,-20.117907303099784,0.6295741068180681,35.273513356743926,0.2719344611720337,-0.027244612460839947,0.00015748,0.027239040205484278,0.00081957,1,0.0
1264,0.08445064519981947,0.016392247105785098,-1.54e-06,0.9287244942797835,7.711917279670906,-73.12651201695454,1.0052136313683062,-24.906228205433354,0.12067054082980143,-81.0005493644754,-1.1573229341274334,64.74954356884012,0.6295741068180681,73.98875626829442,0.2719344611720337,-0.030818031756458076,0.00015748,0.031056772661183302,0.00081957,1,0.0
1265,0.15558153532918914,0.0015928994662036,-1.54e-06,0.9287244942797835,7.711917279670906,-77.38995080070373,1.0052136313683062,23.612699257846355,0.12067054082980143,-93.33988800381381,-1.1573229341274334,61.13457181124308,0.6295741068180681,75.71091638314313,0.2719344611720337,-0.015168075493076276,0.00015748,0.015230222333771507,0.00081957,1,0.0
1266,0.002557018189975252,0.00774092618460681,-1.54e-06,0.9287244942797835,7.711917279670906,-15.35686608787775,1.0052136313683062,41.90100343307525,0.12067054082980143,-61.16571279909937,-1.1573229341274334,-62.7093900229487,0.6295741068180681,16.68881827242757,0.2719344611720337,-0.033228862839622765,0.00015748,0.03320686991654862,0.00081957,1,0.0
1267,0.06426457438522416,0.000949191998598252,-1.54e-06,0.9287244942797835,7.711917279670906,-32.69006125133051,1.0052136313683062,-0.6085093757048552,0.12067054082980143,-32.36249059721403,-1.1573229341274334,43.82485309570678,0.6295741068180681,31.89833500215313,0.2719344611720337,-0.004980499700225593,0.00015748,0.004975582360503367,0.00081957,1,0.0
1268,0.10843392009377857,0.0008732781761495045,-1.54e-06,0.9287244942797835,7.711917279670906,-58.75985237889124,1.0052136313683062,15.4900979868581,0.12067054082980143,-79.1302010344613,-1.1573229341274334,92.14220923538514,0.6295741068180681,57.53674307276998,0.2719344611720337,-0.00956710056495769,0.00015748,0.009661952577208196,0.00081957,1,0.0
1269,0.035154361179768084,0.036532012920115355,-1.54e-06,0.9287244942797835,7.711917279670906,-74.54782988205486,1.0052136313683062,-44.92022375325495,0.12067054082980143,-84.01539660675552,-1.1573229341274334,-20.265541817989288,0.6295741068180681,77.99571325677834,0.2719344611720337,-0.05436694832029453,0.00015748,0.05420377297639454,0.00081957,1,0.0
1270,0.30542945490449214,0.026663001789159653,-1.54e-06,0.9287244942797835,7.711917279670906,-72.14527828776724,1.0052136313683062,59.67455746099251,0.12067054082980143,-29.352455311515087,-1.1573229341274334,45.57267978706547,0.6295741068180681,64.47434981574361,0.2719344611720337,-0.06487638737839521,0.00015748,0.0656026649812588,0.00081957,1,0.0
1271,0.30822557334451606,0.014299931531077201,-1.54e-06,0.9287244942797835,7.711917279670906,-98.34192326480895,1.0052136313683062,51.677904318882526,0.12067054082980143,-68.47921615664019,-1.1573229341274334,12.596966829147279,0.6295741068180681,92.34713671292121,0.2719344611720337,-0.049902245620708545,0.00015748,0.050037862824856776,0.00081957,1,0.0
1272,0.28959589766724714,0.012758962017433283,-1.54e-06,0.9287244942797835,7.711917279670906,-90.32541568455775,1.0052136313683062,47.586714532514044,0.12067054082980143,-59.216008588611174,-1.1573229341274334,11.427261997649424,0.6295741068180681,84.54310863933952,0.2719344611720337,-0.04711549941258855,0.00015748,0.04713124213406035,0.00081957,1,0.0
1273,0.0026419649914532772,0.010160919377864147,-1.54e-06,0.9287244942797835,7.711917279670906,-5.6788098488784176,1.0052136313683062,42.1645933259655,0.12067054082980143,-53.016748773584034,-1.1573229341274334,36.24694233157212,0.6295741068180681,5.720284147444941,0.2719344611720337,-0.03493161818289303,0.00015748,0.03521671574423131,0.00081957,1,0.0
1274,0.16613167396277345,0.006996289742214003,-1.54e-06,0.9287244942797835,7.711917279670906,-87.30993656613153,1.0052136313683062,-2.488004359767361,0.12067054082980143,-83.70323689441699,-1.1573229341274334,70.23583929109955,0.6295741068180681,85.75515284559185,0.2719344611720337,-0.012333652092427514,0.00015748,0.012294743737499395,0.00081957,1,0.0
1275,0.1153030516233915,0.016343499424166276,-1.54e-06,0.9287244942797835,7.711917279670906,-63.407557037406704,1.0052136313683062,-29.423006129102422,0.12067054082980143,-26.616598477009873,-1.1573229341274334,-56.81432859845881,0.6295741068180681,63.32110499759825,0.2719344611720337,-0.03197906772390649,0.00015748,0.0321097500277048,0.00081957,1,0.0
1276,0.22654510166112965,0.005346124506244918,-1.54e-06,0.9287244942797835,7.711917279670906,-69.6584778031572,1.0052136313683062,11.22486619355334,0.12067054082980143,-18.329486736573923,-1.1573229341274334,-8.74200658064812,0.6295741068180681,65.22322104048678,0.2719344611720337,-0.023772794951160078,0.00015748,0.02388810436572952,0.00081957,1,0.0
1277,0.09752933320150564,0.0009673636251083174,-1.54e-06,0.9287244942797835,7.711917279670906,-28.765596153665943,1.0052136313683062,11.180646935724633,0.12067054082980143,-7.059356428776876,-1.1573229341274334,-43.32559332552614,0.6295741068180681,27.06778865240484,0.2719344611720337,-0.011885815344405162,0.00015748,0.011910265246488538,0.00081957,1,0.0
1278,0.06962993897874611,0.0002722436263237415,-1.54e-06,0.9287244942797835,7.711917279670906,-39.66023293643544,1.0052136313683062,16.052771337278983,0.12067054082980143,-51.2225487802689,-1.1573229341274334,-24.50007994395736,0.6295741068180681,39.606457719604364,0.2719344611720337,-0.009197644665893807,0.00015748,0.009198214478124023,0.00081957,1,0.0
1279,0.12457643029145803,0.002596909541560489,-1.54e-06,0.9287244942797835,7.711917279670906,-52.58892801388818,1.0052136313683062,-0.29746763619884015,0.12067054082980143,-35.530417954833226,-1.1573229341274334,23.71980446127126,0.6295741068180681,50.83710881087565,0.2719344611720337,-0.009554447567882896,0.00015748,0.00959555524693446,0.00081957,1,0.0
1280,0.13375014112820882,0.04070006649040498,-1.54e-06,0.9287244942797835,7.711917279670906,-24.808306504502657,1.0052136313683062,80.56139093118229,0.12067054082980143,-50.43495183534816,-1.1573229341274334,26.39061178387649,0.6295741068180681,20.908710251119068,0.2719344611720337,-0.07283762591287248,0.00015748,0.0728302976949785,0.00081957,1,0.0
1281,0.10083330016340024,0.008005186571679434,-1.54e-06,0.9287244942797835,7.711917279670906,-59.99261855948598,1.0052136313683062,-14.635465399181523,0.12067054082980143,-42.26963315097111,-1.1573229341274334,-52.05593353950837,0.6295741068180681,60.19398475695952,0.2719344611720337,-0.019572232313570654,0.00015748,0.01954359726425205,0.00081957,1,0.0
1282,0.1627566335198113,0.020217135066809763,-1.54e-06,0.9287244942797835,7.711917279670906,-45.47381251449235,1.0052136313683062,61.18718554907015,0.12067054082980143,-59.03651651765649,-1.1573229341274334,46.83544015186034,0.6295741068180681,41.55652251261896,0.2719344611720337,-0.05506155397928939,0.00015748,0.054902468860949606,0.00081957,1,0.0
1283,0.0002394069765621898,0.054885892953273126,-1.54e-06,0.9287244942797835,7.711917279670906,43.04448936964726,1.0052136313683062,64.61454798422082,0.12067054082980143,-10.425395600741533,-1.1573229341274334,47.966327474568075,0.6295741068180681,-35.41112398586226,0.2719344611720337,-0.025583998143280037,0.00015748,0.08047482942416005,0.00081957,1,0.0
1284,0.13135929082838727,0.029033462523079572,-1.54e-06,0.9287244942797835,7.711917279670906,-46.2819339233934,1.0052136313683062,78.5630295482989,0.12067054082980143,-89.72236470990748,-1.1573229341274334,-3.837472019399594,0.6295741068180681,44.19002306348769,0.2719344611720337,-0.06427588041564808,0.00015748,0.06493854883626976,0.00081957,1,0.0
1285,0.1005601549074383,0.01467812835269533,-1.54e-06,0.9287244942797835,7.711917279670906,-79.11711226685269,1.0052136313683062,-19.969448878648592,0.12067054082980143,-85.25373789861621,-1.1573229341274334,36.754636536753885,0.6295741068180681,79.93589713983857,0.2719344611720337,-0.02729750664472828,0.00015748,0.027559837875260947,0.00081957,1,0.0
1286,0.07796145953575602,0.001572836134357083,-1.54e-06,0.9287244942797835,7.711917279670906,-27.439555968218766,1.0052136313683062,21.9884897488125,0.12067054082980143,-21.767448491734225,-1.1573229341274334,-79.23718143798493,0.6295741068180681,26.694557980107444,0.2719344611720337,-0.016730972897584632,0.00015748,0.01674904384829357,0.00081957,1,0.0
1287,0.1835606100632197,0.006866181824202962,-1.54e-06,0.9287244942797835,7.711917279670906,-53.19941910853962,1.0052136313683062,34.34863961962718,0.12067054082980143,-33.623954567709944,-1.1573229341274334,9.322399198162806,0.6295741068180681,49.27359742988162,0.2719344611720337,-0.034164492438381586,0.00015748,0.034231276049909096,0.00081957,1,0.0
1288,-0.00018506765931715352,0.077983025815647,-1.54e-06,0.9287244942797835,7.711917279670906,68.24329891833742,1.0052136313683062,51.34501086994155,0.12067054082980143,-0.5993527538326837,-1.1573229341274334,67.51492994058086,0.6295741068180681,-44.9073398218049,0.2719344611720337,0.012161207430556771,0.00015748,0.13194003526055129,0.00081957,0,0.0
1289,0.00041314104603348833,0.06083994860149347,-1.54e-06,0.9287244942797835,7.711917279670906,42.16390932398036,1.0052136313683062,72.04441940969438,0.12067054082980143,-18.84705745085096,-1.1573229341274334,55.345985073557706,0.6295741068180681,-34.858558657488764,0.2719344611720337,-0.032572391490101146,0.00015748,0.08581443847539633,0.00081957,1,0.0
1290,0.09592693006232851,0.004451715504202458,-1.54e-06,0.9287244942797835,7.711917279670906,-44.868943025212694,1.0052136313683062,-11.19011769571384,0.12067054082980143,-17.258681146808325,-1.1573229341274334,-61.38655706335802,0.6295741068180681,44.391965766240176,0.2719344611720337,-0.01413001205771943,0.00015748,0.014180539929899046,0.00081957,1,0.0
1291,0.06719603914222383,0.04697623309973028,-1.54e-06,0.9287244942797835,7.711917279670906,-80.4857543489023,1.0052136313683062,-54.81076069089641,0.12067054082980143,-64.1971611151816,-1.1573229341274334,-59.82448687379907,0.6295741068180681,83.4046985256061,0.2719344611720337,-0.06124491501080681,0.00015748,0.06141170967109179,0.00081957,1,0.0
1292,-7.528641136791969e-05,0.054341037685961796,-1.54e-06,0.9287244942797835,7.711917279670906,-42.50987149047668,1.0052136313683062,-32.022088606132975,0.12067054082980143,-89.05278055241205,-1.1573229341274334,51.14443333874287,0.6295741068180681,54.79488031984156,0.2719344611720337,-0.03662890355300288,0.00015748,0.08769065478755889,0.00081957,1,0.0
1293,0.20986258395771762,0.004180566972609299,-1.54e-06,0.9287244942797835,7.711917279670906,-72.78499835564452,1.0052136313683062,11.933863745925859,0.12067054082980143,-35.25740836345739,-1.1573229341274334,-3.5793108262390394,0.6295741068180681,69.14980329698173,0.2719344611720337,-0.01934854692501773,0.00015748,0.01937794144243815,0.00081957,1,0.0
1294,0.17612264317812074,0.01264663127817093,-1.54e-06,0.9287244942797835,7.711917279670906,-65.43931542265777,1.0052136313683062,56.41428771825979,0.12067054082980143,-88.83879307639873,-1.1573229341274334,66.31069790390181,0.6295741068180681,62.1482959230607,0.2719344611720337,-0.04710300910995155,0.00015748,0.04712311195630925,0.00081957,1,0.0
1295,0.158833996891676,0.001496409633541866,-1.54e-06,0.9287244942797835,7.711917279670906,-70.32985811213868,1.0052136313683062,18.492440917608,0.12067054082980143,-60.41168508513326,-1.1573229341274334,-52.04942332824101,0.6295741068180681,68.9069294871175,0.2719344611720337,-0.011274041753934243,0.00015748,0.011285349333405977,0.00081957,1,0.0
1296,0.11457016249955446,0.07782427551520547,-1.54e-06,0.9287244942797835,7.711917279670906,23.897464446128257,1.0052136313683062,56.7017550956759,0.12067054082980143,-21.80028368022321,-1.1573229341274334,-37.244652994987234,0.6295741068180681,0.2728570860245595,0.2719344611720337,0.01647928763775957,0.00015748,0.136705153021087,0.00081957,0,0.0
1297,0.13379828974945626,0.0008561014787259748,-1.54e-06,0.9287244942797835,7.711917279670906,-63.16136751610672,1.0052136313683062,20.35871859629406,0.12067054082980143,-58.63723077839128,-1.1573229341274334,-85.12106413791768,0.6295741068180681,62.51444688035441,0.2719344611720337,-0.011071082879728324,0.00015748,0.01106731957927616,0.00081957,1,0.0
1298,0.14117117429895107,0.0008592912176207825,-1.54e-06,0.9287244942797835,7.711917279670906,-82.10954169072981,1.0052136313683062,27.352519566597405,0.12067054082980143,-98.78471420108973,-1.1573229341274334,-83.10367617981241,0.6295741068180681,82.35551607010277,0.2719344611720337,-0.013953123116237486,0.00015748,0.013949863573432666,0.00081957,1,0.0
1299,0.14095374581284914,0.004969358490083885,-1.54e-06,0.9287244942797835,7.711917279670906,-66.89077084081377,1.0052136313683062,46.57037847401349,0.12067054082980143,-86.59627035494259,-1.1573229341274334,-82.52093924186447,0.6295741068180681,66.18459036965002,0.2719344611720337,-0.032788708513281806,0.00015748,0.032816638162425193,0.00081957,1,0.0
1300,0.000790572012242613,0.0014147572125192348,-1.54e-06,3.450317238911107,5.9334145391034205,63.033199304202626,1.0052136313683062,4.941581248020997,0.12067054082980143,-42.020289925943835,-1.1573229341274334,-66.94958578111003,0.6295741068180681,13.840624657560568,0.2719344611720337,-0.02094935924941583,0.00015748,0.02108993919546523,0.00081957,1,0.0
1301,0.051635596088354524,0.000268016117080123,-1.54e-06,3.450317238911107,5.9334145391034205,-40.72741535522744,1.0052136313683062,6.2033595319302925,0.12067054082980143,-67.97820352557574,-1.1573229341274334,7.720794192294448,0.6295741068180681,51.75031906344988,0.2719344611720337,-0.011507729970457101,0.00015748,0.011506306450748485,0.00081957,1,0.0
1302,8.181750845951546e-05,0.011352633305841783,-1.54e-06,3.450317238911107,5.9334145391034205,44.443403853214754,1.0052136313683062,-2.0648392724573315,0.12067054082980143,-39.620051531715134,-1.1573229341274334,53.72381316759585,0.6295741068180681,18.93151266703787,0.2719344611720337,-0.014925587139966515,0.00015748,0.031678935178921085,0.00081957,1,0.0
1303,0.00014153751719159224,0.0036588835131541007,-1.54e-06,3.450317238911107,5.9334145391034205,65.88871162105069,1.0052136313683062,11.616560027525622,0.12067054082980143,-78.38664660765201,-1.1573229341274334,-38.865603015942845,0.6295741068180681,19.666005514693552,0.2719344611720337,-0.019679658292334028,0.00015748,0.02434152844834963,0.00081957,1,0.0
1304,0.07292588311676436,0.0009437913759309798,-1.54e-06,3.450317238911107,5.9334145391034205,-92.34881224345371,1.0052136313683062,-1.2050866318372815,0.12067054082980143,-43.808020296174625,-1.1573229341274334,45.1701235796186,0.6295741068180681,62.798633309026634,0.2719344611720337,-0.008816222714014072,0.00015748,0.008871650581380185,0.00081957,1,0.0
1305,0.0001637400100520381,0.016153213427153805,-1.54e-06,3.450317238911107,5.9334145391034205,44.21173650131034,1.0052136313683062,15.952387841565153,0.12067054082980143,-26.90847304050406,-1.1573229341274334,-23.407993450022737,0.6295741068180681,-28.189627703933585,0.2719344611720337,-0.035314758058884926,0.00015748,0.04657242995335531,0.00081957,1,0.0
1306,0.0004020544386017233,0.002350395202764398,-1.54e-06,3.450317238911107,5.9334145391034205,33.12901705699029,1.0052136313683062,8.167770634202183,0.12067054082980143,-60.72756021948803,-1.1573229341274334,-5.474309887207508,0.6295741068180681,18.2642359092182,0.2719344611720337,-0.012764996851859335,0.00015748,0.016259439667875304,0.00081957,1,0.0
1307,0.028941221269747852,0.007822424991351155,-1.54e-06,3.450317238911107,5.9334145391034205,0.3172572009748508,1.0052136313683062,12.087094736398607,0.12067054082980143,-4.526639197945238,-1.1573229341274334,-68.74304012334464,0.6295741068180681,-14.975561719135118,0.2719344611720337,-0.035380678326318915,0.00015748,0.03547197148895892,0.00081957,1,0.0
1308,0.0051484085314655315,0.02172728414988835,-1.54e-06,3.450317238911107,5.9334145391034205,-0.5554038254381258,1.0052136313683062,-9.07314468183116,0.12067054082980143,-83.46749989434831,-1.1573229341274334,73.73092147600964,0.6295741068180681,78.98863561291228,0.2719344611720337,-0.06024594247515522,0.00015748,0.06085271644891811,0.00081957,1,0.0
1309,0.05970285982921271,0.004314044318236031,-1.54e-06,3.450317238911107,5.9334145391034205,-1.0939016586289383,1.0052136313683062,5.443970353162444,0.12067054082980143,-99.99361213800147,-1.1573229341274334,-33.403698941663706,0.6295741068180681,75.97304510562215,0.2719344611720337,-0.03369683115749127,0.00015748,0.033686035354420066,0.00081957,1,0.0
1310,0.00011181550105382465,0.006916529458769213,-1.54e-06,3.450317238911107,5.9334145391034205,33.296601566701156,1.0052136313683062,6.53752181709731,0.12067054082980143,-69.20890690144421,-1.1573229341274334,53.243276925335586,0.6295741068180681,21.391469060878592,0.2719344611720337,-0.002636062919079406,0.00015748,0.016260518601986823,0.00081957,1,0.0
1311,0.055288822706519136,0.007141778344729637,-1.54e-06,3.450317238911107,5.9334145391034205,-42.453801781099166,1.0052136313683062,15.072985069401973,0.12067054082980143,-56.47354502230034,-1.1573229341274334,-24.05536013372473,0.6295741068180681,24.68782173298966,0.2719344611720337,-0.03565482219897607,0.00015748,0.03565072848246258,0.00081957,1,0.0
1312,0.009789682011256864,0.00037055799775017543,-1.54e-06,3.450317238911107,5.9334145391034205,-15.960249467376554,1.0052136313683062,5.584021282798665,0.12067054082980143,-69.36845416807714,-1.1573229341274334,40.32217767078934,0.6295741068180681,38.110518778966124,0.2719344611720337,-0.011559188821706116,0.00015748,0.011554874415988977,0.00081957,1,0.0
1313,0.0002334611872999437,0.09489933432330984,-1.54e-06,3.450317238911107,5.9334145391034205,-36.04950763706831,1.0052136313683062,40.239190664282276,0.12067054082980143,-86.0356610921063,-1.1573229341274334,56.432609843306494,0.6295741068180681,-39.51336740092239,0.2719344611720337,-0.11860939025627301,0.00015748,0.12790416502372517,0.00081957,1,0.0
1314,0.00530467325211742,0.0005977708475585132,-1.54e-06,3.450317238911107,5.9334145391034205,22.922771162865494,1.0052136313683062,7.131911002591531,0.12067054082980143,-57.5069278952036,-1.1573229341274334,-15.976687096298848,0.6295741068180681,22.920164470460385,0.2719344611720337,-0.014901119298869676,0.00015748,0.014905219678551553,0.00081957,1,0.0
1315,0.005616962305293346,2.2640177064277828e-05,-1.54e-06,3.450317238911107,5.9334145391034205,-42.63392518768354,1.0052136313683062,1.5740682934619308,0.12067054082980143,-43.10049988973133,-1.1573229341274334,73.48076043538967,0.6295741068180681,29.59903997483238,0.2719344611720337,-0.0020988485290936764,0.00015748,0.0021004114337602854,0.00081957,1,0.0
1316,0.07274715664818951,0.00023941114123086812,-1.54e-06,3.450317238911107,5.9334145391034205,-49.1600150440444,1.0052136313683062,3.9916447500528873,0.12067054082980143,-30.79287709649998,-1.1573229341274334,-33.02233088385526,0.6295741068180681,39.67622307764158,0.2719344611720337,-0.0061566866530245725,0.00015748,0.006137778594991791,0.00081957,1,0.0
1317,0.0520730869710491,8.35774420037729e-05,-1.54e-06,3.450317238911107,5.9334145391034205,-89.74486043325706,1.0052136313683062,3.134839301974267,0.12067054082980143,-65.1951060981596,-1.1573229341274334,77.32452987843793,0.6295741068180681,59.65926753781514,0.2719344611720337,-0.003972370068365261,0.00015748,0.003999960370642482,0.00081957,1,0.0
1318,0.07405779659951252,0.007005295163107293,-1.54e-06,3.450317238911107,5.9334145391034205,-23.82938590184433,1.0052136313683062,-4.598263874834116,0.12067054082980143,-33.02177271300811,-1.1573229341274334,-45.84140629166699,0.6295741068180681,60.234635272054405,0.2719344611720337,-0.03443963714016999,0.00015748,0.03463826925387611,0.00081957,1,0.0
1319,0.040583841237531115,0.019015835482839014,-1.54e-06,3.450317238911107,5.9334145391034205,-58.56834914357131,1.0052136313683062,21.87343857648307,0.12067054082980143,-79.20495352741868,-1.1573229341274334,19.470768504215716,0.6295741068180681,19.754539870092863,0.2719344611720337,-0.05752541091004881,0.00015748,0.057640811404681344,0.00081957,1,0.0
1320,0.07675045245696355,0.01319380763336236,-1.54e-06,3.450317238911107,5.9334145391034205,-71.21712267822394,1.0052136313683062,21.166942695948144,0.12067054082980143,-92.25384023204391,-1.1573229341274334,-8.453709649757362,0.6295741068180681,43.709457033442355,0.2719344611720337,-0.04898169293444254,0.00015748,0.04894807030434197,0.00081957,1,0.0
1321,0.029317238660826972,0.018133283058180825,-1.54e-06,3.450317238911107,5.9334145391034205,3.217640154296496,1.0052136313683062,23.039093505702947,0.12067054082980143,-64.11858242259432,-1.1573229341274334,-58.31100126530824,0.6295741068180681,-0.27038494285640585,0.2719344611720337,-0.05516743674755622,0.00015748,0.05526934816848699,0.00081957,1,0.0
1322,6.167391614731593e-05,0.013112050327572502,-1.54e-06,3.450317238911107,5.9334145391034205,43.33140568937056,1.0052136313683062,-1.658350985818366,0.12067054082980143,-58.92285547007059,-1.1573229341274334,71.99087590937188,0.6295741068180681,30.476522163783713,0.2719344611720337,-0.019026089373973987,0.00015748,0.03673780998250049,0.00081957,1,0.0
1323,0.008585184220478673,0.008337322301322728,-1.54e-06,3.450317238911107,5.9334145391034205,-28.16462452610602,1.0052136313683062,-5.4930774445338075,0.12067054082980143,-67.7745691984074,-1.1573229341274334,84.806407950497,0.6295741068180681,62.82827921311651,0.2719344611720337,-0.036293536583116584,0.00015748,0.0366407581839745,0.00081957,1,0.0
1324,0.09269630411932078,0.0004037736329682019,-1.54e-06,3.450317238911107,5.9334145391034205,-62.16687077890723,1.0052136313683062,7.148905990526931,0.12067054082980143,-72.10537322086277,-1.1573229341274334,-25.142381354262838,0.6295741068180681,67.91233134334668,0.2719344611720337,-0.012975173878758697,0.00015748,0.012972511166610523,0.00081957,1,0.0
1325,0.08082062838339826,0.010023570952085385,-1.54e-06,3.450317238911107,5.9334145391034205,28.902138463973714,1.0052136313683062,3.3680571931455705,0.12067054082980143,-71.1742356450501,-1.1573229341274334,-67.77909409870043,0.6295741068180681,60.61059711783651,0.2719344611720337,-0.027544174101807907,0.00015748,0.03824829577063827,0.00081957,1,0.0
1326,1.8863064699559118e-05,0.05884824843997748,-1.54e-06,3.450317238911107,5.9334145391034205,17.726557058812396,1.0052136313683062,27.01556179185073,0.12067054082980143,-45.12685399255351,-1.1573229341274334,81.7446851242745,0.6295741068180681,-51.08893911029502,0.2719344611720337,-0.07257739478409564,0.00015748,0.10110518895278015,0.00081957,1,0.0
1327,-2.948756326633117e-05,0.008384286877646632,-1.54e-06,3.450317238911107,5.9334145391034205,47.30193143824833,1.0052136313683062,-0.05000177560909807,0.12067054082980143,-37.57100452368044,-1.1573229341274334,27.206717325543853,0.6295741068180681,14.826244104571266,0.2719344611720337,-0.011880675524220697,0.00015748,0.025156215437397933,0.00081957,1,0.0
1328,0.020759055314504116,0.03680201299738525,-1.54e-06,3.450317238911107,5.9334145391034205,-39.771211690314466,1.0052136313683062,25.10720205247082,0.12067054082980143,-42.3894365126341,-1.1573229341274334,-8.773870722700758,0.6295741068180681,-20.5103457135278,0.2719344611720337,-0.07867564138505179,0.00015748,0.07864689339077724,0.00081957,1,0.0
1329,0.00021640633448588575,0.02098544405543594,-1.54e-06,3.450317238911107,5.9334145391034205,-14.488701020380256,1.0052136313683062,17.909060590072112,0.12067054082980143,-40.40880366898818,-1.1573229341274334,35.51150658234604,0.6295741068180681,-17.633335089291112,0.2719344611720337,-0.05153726222014962,0.00015748,0.05798962005097767,0.00081957,1,0.0
1330,0.10989293055217508,0.013563178652850321,-1.54e-06,3.450317238911107,5.9334145391034205,-83.78093063509347,1.0052136313683062,16.93510132616385,0.12067054082980143,-37.027022455707964,-1.1573229341274334,-68.08350767625167,0.6295741068180681,28.44947593783617,0.2719344611720337,-0.04775520311371337,0.00015748,0.04796553015733332,0.00081957,1,0.0
1331,0.01209241205217905,0.000525377907957458,-1.54e-06,3.450317238911107,5.9334145391034205,-27.216232181825173,1.0052136313683062,7.028778783116652,0.12067054082980143,-88.58846537302773,-1.1573229341274334,61.66664460852989,0.6295741068180681,49.077067938459855,0.2719344611720337,-0.013538505525668865,0.00015748,0.013590460398386048,0.00081957,1,0.0
1332,-9.497856103829472e-05,0.020642082268411056,-1.54e-06,3.450317238911107,5.9334145391034205,59.52142848294207,1.0052136313683062,16.718545502357067,0.12067054082980143,-3.999035860882336,-1.1573229341274334,-57.07243903796222,0.6295741068180681,-46.77368969269859,0.2719344611720337,-0.04150299212958115,0.00015748,0.053489135224861865,0.00081957,1,0.0
1333,0.00010352109220651551,0.01288287513855764,-1.54e-06,3.450317238911107,5.9334145391034205,17.930080547454402,1.0052136313683062,19.86610159657672,0.12067054082980143,-79.6578245970209,-1.1573229341274334,3.8452524862733983,0.6295741068180681,4.034262778088589,0.2719344611720337,-0.04096310294248521,0.00015748,0.045140411649989255,0.00081957,1,0.0
1334,0.05395890327628952,0.0010597390616716577,-1.54e-06,3.450317238911107,5.9334145391034205,-32.952069455096236,1.0052136313683062,-1.3246100456103616,0.12067054082980143,-19.18615933634508,-1.1573229341274334,-21.563673122275976,0.6295741068180681,36.76525924142937,0.2719344611720337,-0.012631641951681257,0.00015748,0.01262324289954352,0.00081957,1,0.0
1335,5.5236858413076906e-05,0.00798052490954152,-1.54e-06,3.450317238911107,5.9334145391034205,83.82449848340221,1.0052136313683062,7.897667153861899,0.12067054082980143,-23.41948088743484,-1.1573229341274334,-40.79129188610975,0.6295741068180681,-16.195608595573322,0.2719344611720337,-0.0024688245518544646,0.00015748,0.017528777843852525,0.00081957,1,0.0
1336,0.06035416256862772,0.0005047118351469913,-1.54e-06,3.450317238911107,5.9334145391034205,-18.864172401670135,1.0052136313683062,7.827334250995533,0.12067054082980143,-68.21412274500238,-1.1573229341274334,-37.92369735735975,0.6295741068180681,50.08037297028575,0.2719344611720337,-0.015815989102099196,0.00015748,0.01582140627838202,0.00081957,1,0.0
1337,0.007244691045688853,0.0006174558263072198,-1.54e-06,3.450317238911107,5.9334145391034205,62.23396790665761,1.0052136313683062,6.920865100105261,0.12067054082980143,-25.318922981286857,-1.1573229341274334,-92.08640255865434,0.6295741068180681,0.3323786480801446,0.2719344611720337,-0.015136115857603494,0.00015748,0.015167671320590964,0.00081957,1,0.0
1338,0.02531208201949292,0.0014615938990091273,-1.54e-06,3.450317238911107,5.9334145391034205,-14.018917091680942,1.0052136313683062,9.194037299653303,0.12067054082980143,-51.52959472307641,-1.1573229341274334,-5.768791100879053,0.6295741068180681,22.976085663236613,0.2719344611720337,-0.017255758040531522,0.00015748,0.01732972290913275,0.00081957,1,0.0
1339,0.0001956041168693634,0.010207782066127154,-1.54e-06,3.450317238911107,5.9334145391034205,49.056131211363024,1.0052136313683062,9.545598778603285,0.12067054082980143,-2.1492845282441304,-1.1573229341274334,-28.92690558646278,0.6295741068180681,-30.56957945911604,0.2719344611720337,-0.019789844206128566,0.00015748,0.03161374086068315,0.00081957,1,0.0
1340,0.06341057531011601,0.0052039583589328555,-1.54e-06,3.450317238911107,5.9334145391034205,2.426200973930452,1.0052136313683062,16.608908408922826,0.12067054082980143,-61.51283496700466,-1.1573229341274334,-95.4953543806796,0.6295741068180681,25.045609406692158,0.2719344611720337,-0.031835787000001003,0.00015748,0.031897700369375864,0.00081957,1,0.0
1341,0.0073583737106551195,0.03678221091212739,-1.54e-06,3.450317238911107,5.9334145391034205,-44.65942118560666,1.0052136313683062,26.797319288850783,0.12067054082980143,-71.83966194127727,-1.1573229341274334,36.1932568636997,0.6295741068180681,-9.332922653317462,0.2719344611720337,-0.07860729928202652,0.00015748,0.07905873994023359,0.00081957,1,0.0
1342,0.0003767660937381012,0.03819433468082131,-1.54e-06,3.450317238911107,5.9334145391034205,33.78003624762309,1.0052136313683062,-17.499423800261958,0.12067054082980143,-35.22416462715773,-1.1573229341274334,39.31472895781214,0.6295741068180681,60.444778166860466,0.2719344611720337,-0.07622083066158758,0.00015748,0.08030745643634885,0.00081957,1,0.0
1343,0.14819069617847205,0.0008280044123110774,-1.54e-06,3.450317238911107,5.9334145391034205,-78.86568075158681,1.0052136313683062,8.828960677070945,0.12067054082980143,-69.56586111363583,-1.1573229341274334,-92.23022611686326,0.6295741068180681,82.70798570767485,0.2719344611720337,-0.015423336826926095,0.00015748,0.015420927834100527,0.00081957,1,0.0
1344,0.000897348762355591,0.023064377561634822,-1.54e-06,3.450317238911107,5.9334145391034205,84.06440948666162,1.0052136313683062,-1.4203771138374932,0.12067054082980143,-98.78524310614874,-1.1573229341274334,44.26242362588028,0.6295741068180681,54.94233400550454,0.2719344611720337,-0.04375183808473566,0.00015748,0.06165685996864525,0.00081957,1,0.0
1345,0.019408969681276818,0.0002760645711200408,-1.54e-06,3.450317238911107,5.9334145391034205,-47.7191785947201,1.0052136313683062,4.842902037180616,0.12067054082980143,-80.69940573755484,-1.1573229341274334,77.27889828160866,0.6295741068180681,52.50277584849148,0.2719344611720337,-0.009730436212985496,0.00015748,0.009729023838666015,0.00081957,1,0.0
1346,0.10094321415356215,0.001414887177700242,-1.54e-06,3.450317238911107,5.9334145391034205,-41.82303145354287,1.0052136313683062,4.524410665338571,0.12067054082980143,-62.73184245743615,-1.1573229341274334,-64.7701999298537,0.6295741068180681,69.58008131346932,0.2719344611720337,-0.019200798934330382,0.00015748,0.019178898097233686,0.00081957,1,0.0
1347,0.033036976922627664,0.00018454603957941665,-1.54e-06,3.450317238911107,5.9334145391034205,-27.65908854343635,1.0052136313683062,4.559830760660523,0.12067054082980143,-53.92640768343247,-1.1573229341274334,12.844534619614965,0.6295741068180681,38.84981027519375,0.2719344611720337,-0.009073108731615692,0.00015748,0.009091953839817486,0.00081957,1,0.0
1348,0.00011881244679029512,0.0317801980856839,-1.54e-06,3.450317238911107,5.9334145391034205,6.725824130748352,1.0052136313683062,23.690786738421444,0.12067054082980143,-83.11164271399402,-1.1573229341274334,83.53114872593605,0.6295741068180681,-11.157625789096231,0.2719344611720337,-0.052013690783842166,0.00015748,0.07099011307875236,0.00081957,1,0.0
1349,0.10692758541248319,0.008650911474652056,-1.54e-06,3.450317238911107,5.9334145391034205,-31.06682718253194,1.0052136313683062,-3.550967857330059,0.12067054082980143,-42.97788313946504,-1.1573229341274334,-81.28325905691422,0.6295741068180681,76.4617254062497,0.2719344611720337,-0.038889924411740266,0.00015748,0.039121094514626344,0.00081957,1,0.0
1350,0.038488575813410524,0.0007623513213337862,-1.54e-06,3.450317238911107,5.9334145391034205,-85.03468188275339,1.0052136313683062,0.3411771858605812,0.12067054082980143,-11.482992298430093,-1.1573229341274334,61.746765893920106,0.6295741068180681,24.84780646582157,0.2719344611720337,-0.01317328553460787,0.00015748,0.013218876284706691,0.00081957,1,0.0
1351,0.0013137578641143344,0.0014149827611473283,-1.54e-06,3.450317238911107,5.9334145391034205,30.516842690467588,1.0052136313683062,5.564114210200527,0.12067054082980143,-68.97947634895539,-1.1573229341274334,-8.37690287601097,0.6295741068180681,32.50291866069292,0.2719344611720337,-0.020590336152750143,0.00015748,0.020634075917884343,0.00081957,1,0.0
1352,4.263250747889996e-05,0.004285403326160393,-1.54e-06,3.450317238911107,5.9334145391034205,42.311390922767984,1.0052136313683062,1.3997811411597214,0.12067054082980143,-35.92171183452868,-1.1573229341274334,-5.0735498990981105,0.6295741068180681,15.01717667643137,0.2719344611720337,-0.013698685139235528,0.00015748,0.01988205673745727,0.00081957,1,0.0
1353,0.06931398593290118,0.0017652814074269232,-1.54e-06,3.450317238911107,5.9334145391034205,-93.81151807776551,1.0052136313683062,-3.577852139815953,0.12067054082980143,-36.16304894243416,-1.1573229341274334,52.894360747345544,0.6295741068180681,61.9670199193018,0.2719344611720337,-0.013566608154388602,0.00015748,0.013619164458723363,0.00081957,1,0.0
1354,0.0003632206915173547,0.011838515848060425,-1.54e-06,3.450317238911107,5.9334145391034205,25.03981170218679,1.0052136313683062,-5.692183338749286,0.12067054082980143,-12.850075950903308,-1.1573229341274334,73.36305646750466,0.6295741068180681,9.870760150109607,0.2719344611720337,-0.013874978506906919,0.00015748,0.03146948773495176,0.00081957,1,0.0
1355,0.08188892648315198,0.004859804703015629,-1.54e-06,3.450317238911107,5.9334145391034205,-34.699801703739205,1.0052136313683062,10.566998537772402,0.12067054082980143,-9.748548576273652,-1.1573229341274334,-95.41761368578538,0.6295741068180681,12.607554826415935,0.2719344611720337,-0.02796809308665114,0.00015748,0.02797775327209744,0.00081957,1,0.0
1356,0.001121744506206928,0.0009112214425122074,-1.54e-06,3.450317238911107,5.9334145391034205,18.34888996802348,1.0052136313683062,0.778856309607261,0.12067054082980143,-29.580397641991496,-1.1573229341274334,-7.414628387649768,0.6295741068180681,17.584017636140672,0.2719344611720337,-0.014079971239808062,0.00015748,0.014143946478544615,0.00081957,1,0.0
1357,0.07516447642888355,0.0007206831246310706,-1.54e-06,3.450317238911107,5.9334145391034205,-34.98121660175649,1.0052136313683062,6.151543059063892,0.12067054082980143,-22.948266042798977,-1.1573229341274334,-65.71201853658918,0.6295741068180681,29.46395171013773,0.2719344611720337,-0.011267955869126387,0.00015748,0.011264074509450198,0.00081957,1,0.0
1358,0.031032947754318335,0.014949720732214716,-1.54e-06,3.450317238911107,5.9334145391034205,-59.72706171340105,1.0052136313683062,12.183538310871294,0.12067054082980143,-0.06981954754584112,-1.1573229341274334,4.282593067867681,0.6295741068180681,-14.409445108377767,0.2719344611720337,-0.051047947930823824,0.00015748,0.05114047711658141,0.00081957,1,0.0
1359,-3.759501228221135e-06,0.01621455370465367,-1.54e-06,3.450317238911107,5.9334145391034205,90.3475472043777,1.0052136313683062,0.7121048470515905,0.12067054082980143,-15.294761637440791,-1.1573229341274334,43.22408994214915,0.6295741068180681,-15.734134696475023,0.2719344611720337,0.005267489645957234,0.00015748,0.026611481684276385,0.00081957,0,0.0
1360,0.00030069444070933427,0.003105673451576328,-1.54e-06,3.450317238911107,5.9334145391034205,-23.85365898448205,1.0052136313683062,5.2641642340661345,0.12067054082980143,-56.96081638490983,-1.1573229341274334,84.55457109377869,0.6295741068180681,24.038722405311834,0.2719344611720337,-0.005643852681692624,0.00015748,0.011264557424438694,0.00081957,1,0.0
1361,0.048551155602871626,0.0019363468080565221,-1.54e-06,3.450317238911107,5.9334145391034205,-22.973012303968414,1.0052136313683062,-0.762201265678031,0.12067054082980143,-35.95248132050454,-1.1573229341274334,-16.207574747197377,0.6295741068180681,44.315651522136626,0.2719344611720337,-0.018617956120198897,0.00015748,0.018684857566574065,0.00081957,1,0.0
1362,6.927542469326031e-05,0.019871458065527668,-1.54e-06,3.450317238911107,5.9334145391034205,70.14102339056551,1.0052136313683062,23.523812230444122,0.12067054082980143,-46.23123922105024,-1.1573229341274334,-100.0,0.6295741068180681,-29.277990411852876,0.2719344611720337,-0.05227344151697619,0.00015748,0.055700751747871924,0.00081957,1,0.0
1363,0.0002687268133902132,0.0015920694167087723,-1.54e-06,3.450317238911107,5.9334145391034205,7.327618684001117,1.0052136313683062,8.442305326400831,0.12067054082980143,-39.647407407418086,-1.1573229341274334,-2.7110709348358224,0.6295741068180681,6.79298964019476,0.2719344611720337,-0.01688838529088233,0.00015748,0.01694084224996588,0.00081957,1,0.0
1364,0.1292931775782451,0.0008769026866842491,-1.54e-06,3.450317238911107,5.9334145391034205,-58.01815076930236,1.0052136313683062,9.669855904110344,0.12067054082980143,-82.29046131543392,-1.1573229341274334,-84.71247220003772,0.6295741068180681,81.61488477595056,0.2719344611720337,-0.019164728448718145,0.00015748,0.019159981486453086,0.00081957,1,0.0
1365,0.020555972373584253,0.01978792251746532,-1.54e-06,3.450317238911107,5.9334145391034205,-60.202398878945715,1.0052136313683062,18.151906543986566,0.12067054082980143,-46.10631281187483,-1.1573229341274334,38.90784687937135,0.6295741068180681,-1.0208219311112783,0.2719344611720337,-0.058270546636285496,0.00015748,0.05856542629343301,0.00081957,1,0.0
1366,0.09546527453357408,0.0008252680224171347,-1.54e-06,3.450317238911107,5.9334145391034205,-51.682179543128015,1.0052136313683062,10.370238788825924,0.12067054082980143,-100.0,-1.1573229341274334,-31.69706110655777,0.6295741068180681,79.67441413833961,0.2719344611720337,-0.020095319983541388,0.00015748,0.02011406953031046,0.00081957,1,0.0
1367,0.06440751090638538,0.004003455358474765,-1.54e-06,3.450317238911107,5.9334145391034205,16.263680964834247,1.0052136313683062,5.573272147870308,0.12067054082980143,-84.55176068431102,-1.1573229341274334,-73.99985293865717,0.6295741068180681,65.98800966866841,0.2719344611720337,-0.0334605682492133,0.00015748,0.033494014030492125,0.00081957,1,0.0
1368,0.1357810730979898,0.0006562808424242991,-1.54e-06,3.450317238911107,5.9334145391034205,-76.81934345034331,1.0052136313683062,6.486682521711482,0.12067054082980143,-55.78849688261733,-1.1573229341274334,-80.07235881780254,0.6295741068180681,74.37305010807309,0.2719344611720337,-0.011839430349410126,0.00015748,0.011847074821643733,0.00081957,1,0.0
1369,0.002519991055216525,0.03409462643988638,-1.54e-06,3.450317238911107,5.9334145391034205,86.28592420035429,1.0052136313683062,-12.657746759028294,0.12067054082980143,-18.291719865730453,-1.1573229341274334,72.42631412598692,0.6295741068180681,19.2751629176489,0.2719344611720337,-0.041581747668025304,0.00015748,0.07228528743495262,0.00081957,1,0.0
1370,0.005726454811584042,0.006912367139808256,-1.54e-06,3.450317238911107,5.9334145391034205,2.287218359392294,1.0052136313683062,15.010055879489926,0.12067054082980143,-55.07418993070667,-1.1573229341274334,-9.11628906800459,0.6295741068180681,4.083123536240319,0.2719344611720337,-0.034335615715150945,0.00015748,0.03439783054824621,0.00081957,1,0.0
1371,0.021617341211013157,0.003484417875855914,-1.54e-06,3.450317238911107,5.9334145391034205,13.45932384744809,1.0052136313683062,2.322204309807416,0.12067054082980143,-70.42430013962795,-1.1573229341274334,-5.467682483619872,0.6295741068180681,48.764677665495505,0.2719344611720337,-0.02695566342370945,0.00015748,0.02748460376181035,0.00081957,1,0.0
1372,0.03477294968286078,8.271655963324151e-05,-1.54e-06,3.450317238911107,5.9334145391034205,-42.2579728860284,1.0052136313683062,0.9202890351561637,0.12067054082980143,-14.804931419037148,-1.1573229341274334,11.576850535828006,0.6295741068180681,22.259087678174023,0.2719344611720337,-0.0025071361822942445,0.00015748,0.002535565354256975,0.00081957,1,0.0
1373,0.11776380713995424,0.0011518314894929094,-1.54e-06,3.450317238911107,5.9334145391034205,-82.88541213110814,1.0052136313683062,9.833883554603716,0.12067054082980143,-68.36036921702055,-1.1573229341274334,-44.08104090613308,0.6295741068180681,68.99819917345606,0.2719344611720337,-0.016259466083503444,0.00015748,0.01629968908266159,0.00081957,1,0.0
1374,0.047773109793265565,0.0001320362273411393,-1.54e-06,3.450317238911107,5.9334145391034205,-28.78654275575173,1.0052136313683062,3.129073828109829,0.12067054082980143,-34.2388775281402,-1.1573229341274334,-17.87812571412213,0.6295741068180681,34.14624088772596,0.2719344611720337,-0.006791518480362799,0.00015748,0.006803330860399412,0.00081957,1,0.0
1375,0.07106434876715575,0.0005394423662273862,-1.54e-06,3.450317238911107,5.9334145391034205,-80.85783958736793,1.0052136313683062,4.584674011912593,0.12067054082980143,-85.78401076553816,-1.1573229341274334,47.87605986328158,0.6295741068180681,76.39072776640772,0.2719344611720337,-0.011404592813848187,0.00015748,0.01149873142357175,0.00081957,1,0.0
1376,0.010031410843628935,0.010115854204265709,-1.54e-06,3.450317238911107,5.9334145391034205,-57.21653901687464,1.0052136313683062,8.832723782113199,0.12067054082980143,-0.7824743524762349,-1.1573229341274334,41.43056455655046,0.6295741068180681,-13.724185579992168,0.2719344611720337,-0.042569212134446754,0.00015748,0.04277309478565014,0.00081957,1,0.0
1377,0.09938236388626205,0.001679504630556657,-1.54e-06,3.450317238911107,5.9334145391034205,-42.65212109600483,1.0052136313683062,5.434102770770262,0.12067054082980143,-76.40281307947018,-1.1573229341274334,-53.293091660000584,0.6295741068180681,76.07117410248392,0.2719344611720337,-0.021280332527415447,0.00015748,0.021442799047786922,0.00081957,1,0.0
1378,0.06425829655521084,0.023355961727210266,-1.54e-06,3.450317238911107,5.9334145391034205,-71.34415884937661,1.0052136313683062,17.62976986783621,0.12067054082980143,-10.8479024731789,-1.1573229341274334,-36.32167480210227,0.6295741068180681,-7.441480134140992,0.2719344611720337,-0.0631471810493563,0.00015748,0.06313006109817143,0.00081957,1,0.0
1379,0.00018764368315515867,0.00824699412461806,-1.54e-06,3.450317238911107,5.9334145391034205,57.810257689746614,1.0052136313683062,4.670854465187353,0.12067054082980143,-13.357726402265783,-1.1573229341274334,-0.32444923097756745,0.6295741068180681,-14.808550316496433,0.2719344611720337,0.002852286050022507,0.00015748,0.013352931130928159,0.00081957,0,0.0
1380,0.09133827521786073,0.0004071698384474757,-1.54e-06,3.450317238911107,5.9334145391034205,-60.12754327581075,1.0052136313683062,6.343827524146906,0.12067054082980143,-67.49118583610158,-1.1573229341274334,-27.07591827713983,0.6295741068180681,66.09340657958717,0.2719344611720337,-0.012340760876974229,0.00015748,0.012330814129637171,0.00081957,1,0.0
1381,0.11415580583783558,0.02885757531390209,-1.54e-06,3.450317238911107,5.9334145391034205,-42.96353610275591,1.0052136313683062,-8.876282399357093,0.12067054082980143,-59.896829349566396,-1.1573229341274334,75.23944982279117,0.6295741068180681,87.03926793388611,0.2719344611720337,-0.03408763915297252,0.00015748,0.06076004545466269,0.00081957,1,0.0
1382,0.10344103548467126,0.006635405595835309,-1.54e-06,3.450317238911107,5.9334145391034205,-47.40035749901961,1.0052136313683062,-2.954116711548758,0.12067054082980143,-47.44006337155554,-1.1573229341274334,-53.84856788400071,0.6295741068180681,77.8226877368887,0.2719344611720337,-0.03370684346396237,0.00015748,0.0337217499995022,0.00081957,1,0.0
1383,0.00031992531188843043,0.006479791793415396,-1.54e-06,3.450317238911107,5.9334145391034205,53.49640765851019,1.0052136313683062,8.599427386470817,0.12067054082980143,-74.70622599132392,-1.1573229341274334,17.846752455057608,0.6295741068180681,20.276376554767804,0.2719344611720337,-0.008531443034478232,0.00015748,0.02065091923684309,0.00081957,1,0.0
1384,0.0004209985517322212,0.024714528711510503,-1.54e-06,3.450317238911107,5.9334145391034205,76.32719192138528,1.0052136313683062,13.18007821423372,0.12067054082980143,-39.99025630480203,-1.1573229341274334,78.65245288925536,0.6295741068180681,-31.093527486404685,0.2719344611720337,-0.012337097075235524,0.00015748,0.05041488819908128,0.00081957,1,0.0
1385,0.107680855253064,0.0070779214410999795,-1.54e-06,3.450317238911107,5.9334145391034205,-12.839998471213542,1.0052136313683062,1.511859450028531,0.12067054082980143,-70.49849886061669,-1.1573229341274334,-99.96911531171871,0.6295741068180681,82.62036484713242,0.2719344611720337,-0.038911453083892246,0.00015748,0.039088719480706864,0.00081957,1,0.0
1386,0.07140456319256688,0.04647180568893582,-1.54e-06,3.450317238911107,5.9334145391034205,-51.316131634988004,1.0052136313683062,29.99450519725647,0.12067054082980143,-48.34420392646371,-1.1573229341274334,-77.66629755978514,0.6295741068180681,-9.355350851092682,0.2719344611720337,-0.08808339167767745,0.00015748,0.08794263481227121,0.00081957,1,0.0
1387,0.021221581927654026,0.0017307934390478697,-1.54e-06,3.450317238911107,5.9334145391034205,52.33171014437881,1.0052136313683062,8.68325160940451,0.12067054082980143,-73.16167586295111,-1.1573229341274334,-71.82010518625398,0.6295741068180681,33.98889708834192,0.2719344611720337,-0.025768708236610743,0.00015748,0.025777898100712408,0.00081957,1,0.0
1388,0.07233065905069705,0.0007731804910613531,-1.54e-06,3.450317238911107,5.9334145391034205,-38.548170137801556,1.0052136313683062,4.911157571931327,0.12067054082980143,-66.71346683283939,-1.1573229341274334,-24.029019504237464,0.6295741068180681,61.081175988651864,0.2719344611720337,-0.015592225701428335,0.00015748,0.015614563006934172,0.00081957,1,0.0
1389,0.05846749072675153,0.001546326532231764,-1.54e-06,3.450317238911107,5.9334145391034205,-30.236959986466168,1.0052136313683062,11.723153489979913,0.12067054082980143,-75.17191963305334,-1.1573229341274334,-24.472762042021476,0.6295741068180681,45.62017105557255,0.2719344611720337,-0.020277776852132633,0.00015748,0.02027608336522365,0.00081957,1,0.0
1390,0.001350469388672032,0.0009873537393410747,-1.54e-06,3.450317238911107,5.9334145391034205,29.376372301743906,1.0052136313683062,8.913238355964546,0.12067054082980143,-74.8220449630131,-1.1573229341274334,-10.974941226262267,0.6295741068180681,28.738211060305424,0.2719344611720337,-0.01877528657922378,0.00015748,0.018782203349970005,0.00081957,1,0.0
1391,0.005947448052702146,0.00031836705972708613,-1.54e-06,3.450317238911107,5.9334145391034205,-21.80882012206939,1.0052136313683062,-0.4507681704306589,0.12067054082980143,-27.448438929897023,-1.1573229341274334,39.50705334823813,0.6295741068180681,22.80719046651729,0.2719344611720337,-0.006690254536266327,0.00015748,0.006679885653296142,0.00081957,1,0.0
1392,0.00019102702183245585,0.00022483460261818662,-1.54e-06,3.450317238911107,5.9334145391034205,26.65270346174402,1.0052136313683062,2.3995359154407145,0.12067054082980143,-19.069232406457655,-1.1573229341274334,-28.21838093736921,0.6295741068180681,5.994608748529068,0.2719344611720337,-0.008792311085751644,0.00015748,0.008793294608534346,0.00081957,1,0.0
1393,0.0004371725230769563,0.011502218997228027,-1.54e-06,3.450317238911107,5.9334145391034205,-19.38046815791698,1.0052136313683062,8.164416184017556,0.12067054082980143,-15.950243740477774,-1.1573229341274334,70.22036821964718,0.6295741068180681,-13.99001418707755,0.2719344611720337,-0.027442264965690043,0.00015748,0.03852270550126103,0.00081957,1,0.0
1394,4.691284660091055e-05,0.03013205920793499,-1.54e-06,3.450317238911107,5.9334145391034205,52.57346625970859,1.0052136313683062,20.22089660312868,0.12067054082980143,-31.41827628518463,-1.1573229341274334,6.735324872733087,0.6295741068180681,-41.72214749630649,0.2719344611720337,-0.04564857544135627,0.00015748,0.06683250960505328,0.00081957,1,0.0
1395,0.08093197972711276,0.004496514105969073,-1.54e-06,3.450317238911107,5.9334145391034205,-40.981665021093555,1.0052136313683062,-3.6746637046107273,0.12067054082980143,-29.116886442174785,-1.1573229341274334,-38.74550110060249,0.6295741068180681,58.80073123585319,0.2719344611720337,-0.02677782948609834,0.00015748,0.026886272815484367,0.00081957,1,0.0
1396,0.00035399272670480486,0.009823240459523869,-1.54e-06,3.450317238911107,5.9334145391034205,84.79046924036822,1.0052136313683062,8.810553980936156,0.12067054082980143,-79.98046602145826,-1.1573229341274334,10.142265620599261,0.6295741068180681,17.822048236171042,0.2719344611720337,-0.008561478035733304,0.00015748,0.02702627887856348,0.00081957,1,0.0
1397,0.13438647788611452,0.00991422696068185,-1.54e-06,3.450317238911107,5.9334145391034205,-94.14239551907134,1.0052136313683062,18.88177937190022,0.12067054082980143,-75.05007903066206,-1.1573229341274334,-70.8540890591158,0.6295741068180681,58.87035553496934,0.2719344611720337,-0.04228034091988151,0.00015748,0.04231777677439661,0.00081957,1,0.0
1398,1.692750761631001e-05,0.007357023451168821,-1.54e-06,3.450317238911107,5.9334145391034205,54.169427578610886,1.0052136313683062,11.248248592538202,0.12067054082980143,-67.18464584041361,-1.1573229341274334,8.572037604930975,0.6295741068180681,8.566364034044774,0.2719344611720337,-0.009849780775892325,0.00015748,0.022477455223633383,0.00081957,1,0.0
1399,0.00044331956749303625,0.0057374316337588495,-1.54e-06,3.450317238911107,5.9334145391034205,63.797908588211634,1.0052136313683062,6.0361893518808,0.12067054082980143,-97.9900443713813,-1.1573229341274334,-29.550598427330605,0.6295741068180681,48.61035190035404,0.2719344611720337,-0.0374735176484554,0.00015748,0.038131974148268785,0.00081957,1,0.0
1400,9.538407158710127e-05,0.19071778139644152,-1.54e-06,1.9101617833100923,3.129449789051122,60.056464779185575,1.0052136313683062,5.983029150741008,0.12067054082980143,-36.427381224908025,-1.1573229341274334,79.5282761151848,0.6295741068180681,-24.88471401049841,0.2719344611720337,0.3310629009569458,0.00015748,1.039960814465398,0.00081957,0,0.0
1401,0.7784047122379997,0.35638850306486897,-1.54e-06,1.9101617833100923,3.129449789051122,27.02641877033476,1.0052136313683062,16.02678907121847,0.12067054082980143,-42.21609863651343,-1.1573229341274334,-55.26381915479413,0.6295741068180681,30.445699735638442,0.2719344611720337,0.0611207754883952,0.00015748,0.5144410094711702,0.00081957,0,0.0
1402,0.04821761919993783,0.15895150309235073,-1.54e-06,1.9101617833100923,3.129449789051122,62.223151712341846,1.0052136313683062,6.352086843914488,0.12067054082980143,-47.595355104362625,-1.1573229341274334,62.30677140082667,0.6295741068180681,-12.1448421667805,0.2719344611720337,0.3501555134987445,0.00015748,0.8862449994551372,0.00081957,0,0.0
1403,0.4979780940113878,0.133774336035312,-1.54e-06,1.9101617833100923,3.129449789051122,30.785051297174867,1.0052136313683062,18.827893648226443,0.12067054082980143,-95.36373484024872,-1.1573229341274334,37.75989270360618,0.6295741068180681,36.31269074881897,0.2719344611720337,0.4281425454241256,0.00015748,0.6003296720203131,0.00081957,0,0.0
1404,0.027400310224053787,0.016957605984080276,-1.54e-06,1.9101617833100923,3.129449789051122,12.814661895114702,1.0052136313683062,3.1707505825620395,0.12067054082980143,-1e-20,-1.1573229341274334,-20.591660504705327,0.6295741068180681,-4.176352549244935,0.2719344611720337,-0.08779236235471212,0.00015748,0.08800218239126935,0.00081957,1,0.0
1405,1.1819461130999733,0.6796713979357213,-1.54e-06,1.9101617833100923,3.129449789051122,78.93221788742242,1.0052136313683062,14.935682590471759,0.12067054082980143,-16.950074868167235,-1.1573229341274334,-93.29730576719227,0.6295741068180681,10.262260857293931,0.2719344611720337,0.33107406605095197,0.00015748,1.0074809726563672,0.00081957,0,0.0
1406,0.4985808648541527,0.17026272792551442,-1.54e-06,1.9101617833100923,3.129449789051122,0.6969479604608463,1.0052136313683062,10.803558009687057,0.12067054082980143,-29.675588047708878,-1.1573229341274334,-52.419096990524174,0.6295741068180681,31.80159944391073,0.2719344611720337,-0.2815227205907564,0.00015748,0.28476707866887646,0.00081957,1,0.0
1407,0.000960258051071472,0.1369356826506969,-1.54e-06,1.9101617833100923,3.129449789051122,66.10382219826604,1.0052136313683062,7.292134576190714,0.12067054082980143,-30.343210322007238,-1.1573229341274334,54.23549403527666,0.6295741068180681,-27.730077869175076,0.2719344611720337,0.36173970467384037,0.00015748,0.8665576467453848,0.00081957,0,0.0
1408,0.13690342068025865,0.008057728534986828,-1.54e-06,1.9101617833100923,3.129449789051122,-33.209421718237664,1.0052136313683062,-0.24363023559183108,0.12067054082980143,-30.2683026323609,-1.1573229341274334,36.47968913085877,0.6295741068180681,31.765079225332546,0.2719344611720337,-0.03825381489833657,0.00015748,0.03820176352181193,0.00081957,1,0.0
1409,1.3561622863419447,0.5312309945042473,-1.54e-06,1.9101617833100923,3.129449789051122,50.86254811223416,1.0052136313683062,29.26042306292568,0.12067054082980143,-78.84899434472817,-1.1573229341274334,-75.21585080698844,0.6295741068180681,48.38262662901042,0.2719344611720337,0.3446845408286083,0.00015748,0.8974425512751218,0.00081957,0,0.0
1410,1.2082228666046342,0.52922167968948,-1.54e-06,1.9101617833100923,3.129449789051122,52.17274506717555,1.0052136313683062,19.130929543928044,0.12067054082980143,-35.03481975811809,-1.1573229341274334,-86.34319379609097,0.6295741068180681,27.968441709220652,0.2719344611720337,0.33539459886534095,0.00015748,0.7506390046128889,0.00081957,0,0.0
1411,0.01334197905721013,0.028025068541038617,-1.54e-06,1.9101617833100923,3.129449789051122,17.056754661565034,1.0052136313683062,4.026845026829232,0.12067054082980143,-0.04600943813715612,-1.1573229341274334,-24.44039156333882,0.6295741068180681,-6.528827364428158,0.2719344611720337,-0.1077136019740483,0.00015748,0.11004597554745796,0.00081957,1,0.0
1412,0.8604386581170196,0.27510241801838115,-1.54e-06,1.9101617833100923,3.129449789051122,-0.6486670379164782,1.0052136313683062,12.063777040000797,0.12067054082980143,-14.68540282148687,-1.1573229341274334,-98.44743528234893,0.6295741068180681,38.91539957924699,0.2719344611720337,-0.3263393698490804,0.00015748,0.33082877037618863,0.00081957,1,0.0
1413,0.1284428173919261,0.6377386527834733,-1.54e-06,1.9101617833100923,3.129449789051122,-50.51414294671025,1.0052136313683062,1.2647559639635286,0.12067054082980143,-4.671347031999283,-1.1573229341274334,44.10128181396832,0.6295741068180681,14.488339139186149,0.2719344611720337,-0.4936137717433914,0.00015748,0.4772145972281502,0.00081957,1,0.0
1414,0.8515182571559062,0.2740484149615564,-1.54e-06,1.9101617833100923,3.129449789051122,-9.471575205480747,1.0052136313683062,13.460950138372379,0.12067054082980143,-30.274805140057964,-1.1573229341274334,-82.06391654772213,0.6295741068180681,48.314734976615426,0.2719344611720337,-0.3349241934826348,0.00015748,0.3358315574779178,0.00081957,1,0.0
1415,0.9156933896982592,0.3181629405345095,-1.54e-06,1.9101617833100923,3.129449789051122,99.86753178470443,1.0052136313683062,28.972794715478628,0.12067054082980143,-59.348424012217905,-1.1573229341274334,-83.87010739511541,0.6295741068180681,5.1470238756423985,0.2719344611720337,0.336316452102037,0.00015748,0.9792871182661669,0.00081957,0,0.0
1416,0.9198830265980918,0.3375576320405815,-1.54e-06,1.9101617833100923,3.129449789051122,71.61091179207898,1.0052136313683062,21.613880171515774,0.12067054082980143,-35.27661491370202,-1.1573229341274334,-76.1901997676509,0.6295741068180681,7.062717657093585,0.2719344611720337,0.3803497175243351,0.00015748,0.7311245299069291,0.00081957,0,0.0
1417,0.3150904926998529,0.03870677859535822,-1.54e-06,1.9101617833100923,3.129449789051122,-8.020750167967407,1.0052136313683062,5.325282018430921,0.12067054082980143,-19.103711074460247,-1.1573229341274334,-22.06857617191611,0.6295741068180681,23.312614939781675,0.2719344611720337,-0.12893616968563895,0.00015748,0.12899487579627864,0.00081957,1,0.0
1418,0.4480446111459961,0.02764139523958846,-1.54e-06,1.9101617833100923,3.129449789051122,-38.56767148811876,1.0052136313683062,2.991444451431877,0.12067054082980143,-31.746353045992514,-1.1573229341274334,6.023346660383371,0.6295741068180681,45.33708869520625,0.2719344611720337,-0.039810444912701554,0.00015748,0.03984905524024482,0.00081957,1,0.0
1419,0.8624952677782539,0.3543787893860877,-1.54e-06,1.9101617833100923,3.129449789051122,-17.546436292610103,1.0052136313683062,14.834183947141353,0.12067054082980143,-80.82917702185352,-1.1573229341274334,-10.916140339193543,0.6295741068180681,71.5654051284987,0.2719344611720337,-0.028231978833322652,0.00015748,0.4503007587706275,0.00081957,1,0.0
1420,0.014773668619726177,0.36478705155276764,-1.54e-06,1.9101617833100923,3.129449789051122,66.1429992111221,1.0052136313683062,24.395619110085633,0.12067054082980143,-75.07803374711169,-1.1573229341274334,37.14362988992223,0.6295741068180681,-13.722794976565046,0.2719344611720337,0.19696156198216513,0.00015748,0.8291725866878163,0.00081957,0,0.0
1421,1.268578241571788,0.7196840611325719,-1.54e-06,1.9101617833100923,3.129449789051122,-15.862484894233646,1.0052136313683062,24.081144723697033,0.12067054082980143,-83.21493172826025,-1.1573229341274334,-84.83908049050464,0.6295741068180681,87.11922026088357,0.2719344611720337,-0.3922067097437638,0.00015748,0.6159805308544355,0.00081957,1,0.0
1422,0.044550189271865714,0.5660995757981524,-1.54e-06,1.9101617833100923,3.129449789051122,-5.095940325767873,1.0052136313683062,-6.221447591040466,0.12067054082980143,-35.697921439932685,-1.1573229341274334,80.73104089797108,0.6295741068180681,20.170731096831886,0.2719344611720337,-0.07393029143790664,0.00015748,0.661986775544633,0.00081957,1,0.0
1423,0.7116813313882482,0.1146633647781227,-1.54e-06,1.9101617833100923,3.129449789051122,-25.464107725495,1.0052136313683062,7.863468759972756,0.12067054082980143,-28.218938606407907,-1.1573229341274334,-44.00949915270539,0.6295741068180681,48.75438247311078,0.2719344611720337,-0.1825810287622755,0.00015748,0.18419380584228978,0.00081957,1,0.0
1424,0.3619681902125187,2.0052258080421574,-1.54e-06,1.9101617833100923,3.129449789051122,-28.063660271677065,1.0052136313683062,31.326638548078865,0.12067054082980143,-99.88289486559167,-1.1573229341274334,21.379507070237164,0.6295741068180681,46.093088446727116,0.2719344611720337,-0.7612992555397027,0.00015748,0.8810161983004099,0.00081957,1,0.0
1425,0.8308960203285422,0.23349239788946502,-1.54e-06,1.9101617833100923,3.129449789051122,-68.14800924187908,1.0052136313683062,0.18030358639555316,0.12067054082980143,-6.512240868824693,-1.1573229341274334,-10.690090788275075,0.6295741068180681,55.25591319496643,0.2719344611720337,-0.19594971867166153,0.00015748,0.19347135888862851,0.00081957,1,0.0
1426,0.41907112025573484,0.02737829330702035,-1.54e-06,1.9101617833100923,3.129449789051122,-77.51974969900701,1.0052136313683062,2.9362670280544627,0.12067054082980143,-81.11184522684061,-1.1573229341274334,75.63781620537529,0.6295741068180681,81.84581673526088,0.2719344611720337,-0.04761438572655015,0.00015748,0.04776614841507194,0.00081957,1,0.0
1427,0.0019042282663082055,0.12714781950348208,-1.54e-06,1.9101617833100923,3.129449789051122,17.29841109389027,1.0052136313683062,9.973089630449387,0.12067054082980143,-72.74009946937163,-1.1573229341274334,66.51671598834152,0.6295741068180681,18.310754903387213,0.2719344611720337,0.31284999364669897,0.00015748,0.3213795369774648,0.00081957,0,0.0
1428,0.30657634329517824,0.02484375645142474,-1.54e-06,1.9101617833100923,3.129449789051122,-63.540508740116884,1.0052136313683062,6.280590316254701,0.12067054082980143,-92.64107809027446,-1.1573229341274334,73.98092554497856,0.6295741068180681,77.86475964145193,0.2719344611720337,-0.09553804184721594,0.00015748,0.09562460611299724,0.00081957,1,0.0
1429,0.481391273132521,0.054566768463087154,-1.54e-06,1.9101617833100923,3.129449789051122,-43.12839714342376,1.0052136313683062,-0.693357518172852,0.12067054082980143,-13.496839663869476,-1.1573229341274334,2.9406576899881736,0.6295741068180681,40.01174799710539,0.2719344611720337,-0.06034620702165452,0.00015748,0.06037782469657298,0.00081957,1,0.0
1430,-0.000564847728984505,0.21918108121804686,-1.54e-06,1.9101617833100923,3.129449789051122,-25.065717019926197,1.0052136313683062,-1.2637704777440475,0.12067054082980143,-43.522913002655336,-1.1573229341274334,84.80596399334244,0.6295741068180681,24.955781318697685,0.2719344611720337,-0.024984679274875077,0.00015748,0.3802495871740214,0.00081957,1,0.0
1431,0.2847677338693448,0.018793160594293323,-1.54e-06,1.9101617833100923,3.129449789051122,-5.427991995429509,1.0052136313683062,2.8074145038670397,0.12067054082980143,-3.063421376832632,-1.1573229341274334,-26.307283691645168,0.6295741068180681,13.810042265721087,0.2719344611720337,-0.06791830252897778,0.00015748,0.0691219408068197,0.00081957,1,0.0
1432,0.368106113524986,0.1445862114333286,-1.54e-06,1.9101617833100923,3.129449789051122,37.75030355843124,1.0052136313683062,14.14747494564763,0.12067054082980143,-62.50787305648081,-1.1573229341274334,24.746727780456258,0.6295741068180681,14.91842253981804,0.2719344611720337,0.4508277974037274,0.00015748,0.4857458422270217,0.00081957,0,0.0
1433,0.2434501779256122,0.08065956939809331,-1.54e-06,1.9101617833100923,3.129449789051122,60.40278399183552,1.0052136313683062,16.947425707476068,0.12067054082980143,-66.46127984116536,-1.1573229341274334,20.393324353204598,0.6295741068180681,2.6655732588741414,0.2719344611720337,0.43426320546694913,0.00015748,0.5892179350978772,0.00081957,0,0.0
1434,0.3041775925289844,0.05839495603005134,-1.54e-06,1.9101617833100923,3.129449789051122,-68.25942759806397,1.0052136313683062,-1.7513474676018672,0.12067054082980143,-50.0115781942566,-1.1573229341274334,68.57192058085033,0.6295741068180681,59.769090416613516,0.2719344611720337,-0.12630262445073598,0.00015748,0.12864999175954028,0.00081957,1,0.0
1435,0.5955956941798569,0.308191242633256,-1.54e-06,1.9101617833100923,3.129449789051122,31.191351589280547,1.0052136313683062,16.302325200364717,0.12067054082980143,-41.94142218766642,-1.1573229341274334,-48.136341669356284,0.6295741068180681,21.959774820631544,0.2719344611720337,0.009993830191820097,0.00015748,0.4860326889622516,0.00081957,0,0.0
1436,0.23197837390194753,0.4435010327388756,-1.54e-06,1.9101617833100923,3.129449789051122,-78.13210421148418,1.0052136313683062,-14.693217460232447,0.12067054082980143,-19.42160291205281,-1.1573229341274334,84.67174710373412,0.6295741068180681,53.47377645554019,0.2719344611720337,-0.37556104614720237,0.00015748,0.36733153697489357,0.00081957,1,0.0
1437,-0.003420675032286713,0.8859418612574466,-1.54e-06,1.9101617833100923,3.129449789051122,59.10958295144026,1.0052136313683062,19.23552375332013,0.12067054082980143,-1e-20,-1.1573229341274334,-43.46592626464106,0.6295741068180681,-42.11301321064785,0.2719344611720337,-0.26220378239434244,0.00015748,0.6633991167259654,0.00081957,1,0.0
1438,1.2862533810331107,0.6369807144356112,-1.54e-06,1.9101617833100923,3.129449789051122,7.761808688775897,1.0052136313683062,22.4575752538515,0.12067054082980143,-67.81112983807135,-1.1573229341274334,-81.03763940042033,0.6295741068180681,67.31931363712134,0.2719344611720337,-0.050421577373020054,0.00015748,0.6538648140351571,0.00081957,1,0.0
1439,0.340507472477754,0.06494769194073927,-1.54e-06,1.9101617833100923,3.129449789051122,-56.63871595175085,1.0052136313683062,-2.2253687394784336,0.12067054082980143,-28.62817278820342,-1.1573229341274334,42.11692219967321,0.6295741068180681,46.49174474283813,0.2719344611720337,-0.13157330088769792,0.00015748,0.13196152807340228,0.00081957,1,0.0
1440,0.8540698605997163,0.27068910576422733,-1.54e-06,1.9101617833100923,3.129449789051122,-31.1518204721235,1.0052136313683062,14.464764483063364,0.12067054082980143,-63.96640797731434,-1.1573229341274334,-43.46236018730339,0.6295741068180681,72.43048565254692,0.2719344611720337,-0.3388067946878305,0.00015748,0.3414081148783149,0.00081957,1,0.0
1441,0.26378243999221174,0.21701233392914468,-1.54e-06,1.9101617833100923,3.129449789051122,-72.71735360868337,1.0052136313683062,-8.169394718252855,0.12067054082980143,-18.875166064966006,-1.1573229341274334,70.12681606597538,0.6295741068180681,45.48903683607521,0.2719344611720337,-0.29183905534276017,0.00015748,0.2915178553088192,0.00081957,1,0.0
1442,1.0620080816561095,0.3710340643563957,-1.54e-06,1.9101617833100923,3.129449789051122,-14.898297432341108,1.0052136313683062,14.252598223898246,0.12067054082980143,-31.9298436461379,-1.1573229341274334,-98.68900065773072,0.6295741068180681,59.83644953279273,0.2719344611720337,-0.37201239997713853,0.00015748,0.377654903190338,0.00081957,1,0.0
1443,0.14890321665974826,0.02236036502034319,-1.54e-06,1.9101617833100923,3.129449789051122,-2.3942674161800626,1.0052136313683062,4.085355640783718,0.12067054082980143,-17.46675725295678,-1.1573229341274334,-9.660136454347262,0.6295741068180681,14.505804423012934,0.2719344611720337,-0.10314234103101341,0.00015748,0.1043871368651911,0.00081957,1,0.0
1444,0.0004173905208787465,0.11161882846857171,-1.54e-06,1.9101617833100923,3.129449789051122,57.818799533722405,1.0052136313683062,10.26806865553744,0.12067054082980143,-56.5520403909881,-1.1573229341274334,73.28396756565984,0.6295741068180681,-13.074882135164026,0.2719344611720337,0.4197016754528194,0.00015748,0.8152884140558352,0.00081957,0,0.0
1445,0.6451555209925239,0.18615153511554378,-1.54e-06,1.9101617833100923,3.129449789051122,60.47287372161912,1.0052136313683062,22.595448605930237,0.12067054082980143,-78.02446803257254,-1.1573229341274334,-14.003294647564948,0.6295741068180681,21.447802733794628,0.2719344611720337,0.37399426495361904,0.00015748,0.7503301966381468,0.00081957,0,0.0
1446,1.2359722499323667,0.7022306761367288,-1.54e-06,1.9101617833100923,3.129449789051122,-22.20531193633568,1.0052136313683062,23.37370818229212,0.12067054082980143,-79.48495408198177,-1.1573229341274334,-91.30826906392042,0.6295741068180681,88.6894128389332,0.2719344611720337,-0.5126425559048275,0.00015748,0.5736960562357185,0.00081957,1,0.0
1447,0.32403186439196374,0.08053087787049983,-1.54e-06,1.9101617833100923,3.129449789051122,56.094660056325296,1.0052136313683062,21.594244945064393,0.12067054082980143,-96.67785652043732,-1.1573229341274334,31.93741038917675,0.6295741068180681,20.147732535834713,0.2719344611720337,0.3886929258706817,0.00015748,0.6992933644563517,0.00081957,0,0.0
1448,0.20086489072784075,0.07678798976141518,-1.54e-06,1.9101617833100923,3.129449789051122,29.70949676340652,1.0052136313683062,14.546747687584189,0.12067054082980143,-89.07770397132695,-1.1573229341274334,70.4080777512028,0.6295741068180681,22.965626682302982,0.2719344611720337,0.4753180857196953,0.00015748,0.5274934691520179,0.00081957,0,0.0
1449,0.1338124352926484,0.6453815092527191,-1.54e-06,1.9101617833100923,3.129449789051122,7.458413087053062,1.0052136313683062,13.783247067531075,0.12067054082980143,-3.96520857132158,-1.1573229341274334,-34.18560526408857,0.6295741068180681,-8.78356819648974,0.2719344611720337,-0.44940736847232793,0.00015748,0.43837800281837597,0.00081957,1,0.0
1450,0.7660947853197718,0.1985657795796384,-1.54e-06,1.9101617833100923,3.129449789051122,-3.7425475127374255,1.0052136313683062,10.57333372078205,0.12067054082980143,-13.383056453653236,-1.1573229341274334,-83.6435072467316,0.6295741068180681,35.432774102530225,0.2719344611720337,-0.2700390110057285,0.00015748,0.27441399891800405,0.00081957,1,0.0
1451,0.3328407629368882,0.016938739465665008,-1.54e-06,1.9101617833100923,3.129449789051122,-45.50903966613085,1.0052136313683062,4.220840084060722,0.12067054082980143,-56.78909516735127,-1.1573229341274334,36.59023978937767,0.6295741068180681,55.51706182551674,0.2719344611720337,-0.06230673536954036,0.00015748,0.0628310358050866,0.00081957,1,0.0
1452,0.12592810138402116,0.03661525278961283,-1.54e-06,1.9101617833100923,3.129449789051122,14.501291434838578,1.0052136313683062,4.860549345062036,0.12067054082980143,-0.36393667671382923,-1.1573229341274334,-34.66837473334511,0.6295741068180681,-1.2301789330073463,0.2719344611720337,-0.12972011420149338,0.00015748,0.1310181273028702,0.00081957,1,0.0
1453,0.021975698758002878,0.006193435357431302,-1.54e-06,1.9101617833100923,3.129449789051122,-26.484952652439148,1.0052136313683062,-0.3454246537893506,0.12067054082980143,-27.3905237979908,-1.1573229341274334,40.371015679364504,0.6295741068180681,23.194958958812663,0.2719344611720337,-0.05073104644411554,0.00015748,0.05116630166140432,0.00081957,1,0.0
1454,0.3830744586863742,0.2600608355914644,-1.54e-06,1.9101617833100923,3.129449789051122,-89.195662761009,1.0052136313683062,-7.747547533472113,0.12067054082980143,-31.515322212072977,-1.1573229341274334,81.36162158358438,0.6295741068180681,61.52621634017317,0.2719344611720337,-0.30733250562661607,0.00015748,0.30998683307500285,0.00081957,1,0.0
1455,0.7229251014967857,0.6293000716885289,-1.54e-06,1.9101617833100923,3.129449789051122,-26.51884887428899,1.0052136313683062,20.406041975666195,0.12067054082980143,-98.66584460300761,-1.1573229341274334,57.23693087364554,0.6295741068180681,60.498858519346214,0.2719344611720337,0.04080045084084105,0.00015748,0.7650706475434292,0.00081957,0,0.0
1456,0.046216215406363614,0.022522991841276464,-1.54e-06,1.9101617833100923,3.129449789051122,-50.73672164728333,1.0052136313683062,5.26536248553831,0.12067054082980143,-89.21900743587989,-1.1573229341274334,87.677629763985,0.6295741068180681,61.815858379661876,0.2719344611720337,-0.07976522002724053,0.00015748,0.0820210353284317,0.00081957,1,0.0
1457,0.8195594775468673,0.3679783824924758,-1.54e-06,1.9101617833100923,3.129449789051122,-17.807123015212834,1.0052136313683062,17.021115850893153,0.12067054082980143,-64.61242584385744,-1.1573229341274334,-56.87489030939885,0.6295741068180681,66.18426457054423,0.2719344611720337,-0.4115536637196618,0.00015748,0.4155300471699828,0.00081957,1,0.0
1458,0.12796383674684475,0.061006360898945435,-1.54e-06,1.9101617833100923,3.129449789051122,100.0,1.0052136313683062,19.413677860514824,0.12067054082980143,-47.00822001687597,-1.1573229341274334,-15.55514039898818,0.6295741068180681,-26.199270425375335,0.2719344611720337,0.3860341536180294,0.00015748,0.7127767346656526,0.00081957,0,0.0
1459,1.286019169563627,1.004296474651374,-1.54e-06,1.9101617833100923,3.129449789051122,-1.3695850385044757,1.0052136313683062,4.12978044212397,0.12067054082980143,-22.90622442711784,-1.1573229341274334,-50.633497842837976,0.6295741068180681,55.72675931760349,0.2719344611720337,0.06999034815277388,0.00015748,0.7677664808608018,0.00081957,0,0.0
1460,0.19282113925231026,0.06648713591839021,-1.54e-06,1.9101617833100923,3.129449789051122,63.53136305888276,1.0052136313683062,17.46817840954299,0.12067054082980143,-70.04240578104071,-1.1573229341274334,24.28456061272905,0.6295741068180681,1.222906003991165,0.2719344611720337,0.42570296688794185,0.00015748,0.6057860430209364,0.00081957,0,0.0
1461,0.3549431639668996,0.025040958033587968,-1.54e-06,1.9101617833100923,3.129449789051122,-38.622436534597746,1.0052136313683062,5.315468539692194,0.12067054082980143,-52.48291545086386,-1.1573229341274334,23.327290971508386,0.6295741068180681,51.54286921940241,0.2719344611720337,-0.0935472667347739,0.00015748,0.09363695353345144,0.00081957,1,0.0
1462,0.974638511394702,0.17606994153268152,-1.54e-06,1.9101617833100923,3.129449789051122,-51.651537529763566,1.0052136313683062,10.297788699156213,0.12067054082980143,-52.184731882717315,-1.1573229341274334,-34.582968593537466,0.6295741068180681,78.49914583684064,0.2719344611720337,-0.20421406428859573,0.00015748,0.20622393953865764,0.00081957,1,0.0
1463,0.6125113827074207,0.5151889063115437,-1.54e-06,1.9101617833100923,3.129449789051122,7.460170525914565,1.0052136313683062,0.8593236579091945,0.12067054082980143,-16.85367464789248,-1.1573229341274334,-14.413445850058453,0.6295741068180681,27.09817545192854,0.2719344611720337,0.0024582070711900994,0.00015748,0.552210664735723,0.00081957,0,0.0
1464,1.437411478167738,1.222360864549466,-1.54e-06,1.9101617833100923,3.129449789051122,-42.97858946724529,1.0052136313683062,32.606088772593196,0.12067054082980143,-92.50982093173477,-1.1573229341274334,-97.68853214651087,0.6295741068180681,100.0,0.2719344611720337,-0.6884180390281406,0.00015748,0.6877948072817212,0.00081957,1,0.0
1465,0.11721498572848954,0.057253269906166145,-1.54e-06,1.9101617833100923,3.129449789051122,44.24369082153374,1.0052136313683062,14.581939620493618,0.12067054082980143,-79.98244777046472,-1.1573229341274334,58.76495194842964,0.6295741068180681,10.766433264052331,0.2719344611720337,0.4826125535355865,0.00015748,0.5189709731747472,0.00081957,0,0.0
1466,0.8066455632252597,0.2735972359186647,-1.54e-06,1.9101617833100923,3.129449789051122,48.67372185302529,1.0052136313683062,20.192619138511382,0.12067054082980143,-58.259329284152464,-1.1573229341274334,-32.79308147220347,0.6295741068180681,22.975378575288968,0.2719344611720337,0.38995676446688593,0.00015748,0.6536785342254514,0.00081957,0,0.0
1467,0.00014059572773128526,0.05038644052416194,-1.54e-06,1.9101617833100923,3.129449789051122,67.76810446858818,1.0052136313683062,12.5789889812141,0.12067054082980143,-48.41547740081508,-1.1573229341274334,33.280106669465574,0.6295741068180681,-16.969405927541885,0.2719344611720337,0.4617670790950232,0.00015748,0.5458729217216226,0.00081957,0,0.0
1468,-0.006480264475704267,3.991428772516638,-1.54e-06,1.9101617833100923,3.129449789051122,91.7017978629452,1.0052136313683062,44.111275394955314,0.12067054082980143,-43.933571294301565,-1.1573229341274334,-54.49040056659609,0.6295741068180681,-55.56385205737999,0.2719344611720337,-0.739848651827165,0.00015748,1.4195125789770526,0.00081957,1,0.0
1469,0.09213610335441325,0.007602357345904341,-1.54e-06,1.9101617833100923,3.129449789051122,-46.26937611807292,1.0052136313683062,3.3019132588463416,0.12067054082980143,-67.1430395575895,-1.1573229341274334,69.39912937669428,0.6295741068180681,51.33432086448021,0.2719344611720337,-0.052177456494503206,0.00015748,0.052138919025087195,0.00081957,1,0.0
1470,0.40890966098255765,0.18521062035462701,-1.54e-06,1.9101617833100923,3.129449789051122,-29.47615738152222,1.0052136313683062,6.225833712102074,0.12067054082980143,-74.45565732391893,-1.1573229341274334,43.804133983240106,0.6295741068180681,59.790168483608035,0.2719344611720337,0.019787604378714574,0.00015748,0.2629608329961528,0.00081957,0,0.0
1471,0.3121427679420641,0.15736910500750806,-1.54e-06,1.9101617833100923,3.129449789051122,44.068021016642554,1.0052136313683062,13.602119733477146,0.12067054082980143,-92.5626247476735,-1.1573229341274334,57.78491769281083,0.6295741068180681,27.041139761968267,0.2719344611720337,0.3703817296643773,0.00015748,0.7742106350551757,0.00081957,0,0.0
1472,0.0003057956993433031,0.13591936257162207,-1.54e-06,1.9101617833100923,3.129449789051122,-0.27875333363998805,1.0052136313683062,8.308992816101084,0.12067054082980143,-77.4340051214339,-1.1573229341274334,81.719556593865,0.6295741068180681,27.816890351233944,0.2719344611720337,0.2314643294377878,0.00015748,0.31556954541378024,0.00081957,0,0.0
1473,0.0013481263832839652,0.036685490967537045,-1.54e-06,1.9101617833100923,3.129449789051122,96.33723002861896,1.0052136313683062,18.688276544684605,0.12067054082980143,-54.00293945183787,-1.1573229341274334,3.928330321444263,0.6295741068180681,-26.049663916495795,0.2719344611720337,0.39546553872802404,0.00015748,0.6790573679721398,0.00081957,0,0.0
1474,0.27792527316964744,0.03886913816338783,-1.54e-06,1.9101617833100923,3.129449789051122,-9.96261520248592,1.0052136313683062,5.506117553432103,0.12067054082980143,-15.07127072312687,-1.1573229341274334,-17.32960793502173,0.6295741068180681,18.613568555532446,0.2719344611720337,-0.11486174610873916,0.00015748,0.11634787393192829,0.00081957,1,0.0
1475,0.5717815111681199,0.05221174409744481,-1.54e-06,1.9101617833100923,3.129449789051122,-57.508221122690756,1.0052136313683062,6.905071306578566,0.12067054082980143,-69.0035414051229,-1.1573229341274334,26.860234800751282,0.6295741068180681,74.11218608603372,0.2719344611720337,-0.11563643693971076,0.00015748,0.11563284551634173,0.00081957,1,0.0
1476,0.16797610257178336,0.10471435699775097,-1.54e-06,1.9101617833100923,3.129449789051122,-56.53200915397119,1.0052136313683062,-5.850786909366103,0.12067054082980143,-23.32828404946449,-1.1573229341274334,61.95925751760887,0.6295741068180681,38.63303017232213,0.2719344611720337,-0.20087055965261197,0.00015748,0.201302468502082,0.00081957,1,0.0
1477,-0.26362147852416196,1.5605320103376155,-1.54e-06,1.9101617833100923,3.129449789051122,59.69471581623583,1.0052136313683062,16.531044322246192,0.12067054082980143,-33.77918947701249,-1.1573229341274334,76.7795911362916,0.6295741068180681,-48.175404928065,0.2719344611720337,-0.030954403809143383,0.00015748,1.1749004681477582,0.00081957,1,0.0
1478,0.00042194441020160234,0.1319976513405005,-1.54e-06,1.9101617833100923,3.129449789051122,64.41554152096352,1.0052136313683062,7.266856276431331,0.12067054082980143,-30.757467672464244,-1.1573229341274334,54.460630392967886,0.6295741068180681,-26.747283162718002,0.2719344611720337,0.356099294238527,0.00015748,0.8524644705549485,0.00081957,0,0.0
1479,-0.057043171670486004,1.6887052108697143,-1.54e-06,1.9101617833100923,3.129449789051122,99.5007289117031,1.0052136313683062,32.91762542280523,0.12067054082980143,-66.98578443219678,-1.1573229341274334,71.71672398161739,0.6295741068180681,-56.75722726119476,0.2719344611720337,0.08160488184571546,0.00015748,1.6903149546913934,0.00081957,0,0.0
1480,1.2856909329221946,0.47664276786363746,-1.54e-06,1.9101617833100923,3.129449789051122,-34.64147052405695,1.0052136313683062,7.476434345783,0.12067054082980143,-21.945683169158315,-1.1573229341274334,-98.92659026591822,0.6295741068180681,75.63892552861297,0.2719344611720337,-0.34077070664558473,0.00015748,0.3502593604704052,0.00081957,1,0.0
1481,1.3835581385644793,0.7638070020675485,-1.54e-06,1.9101617833100923,3.129449789051122,-2.341869922925089,1.0052136313683062,15.665230678104173,0.12067054082980143,-100.0,-1.1573229341274334,2.9227107290217447,0.6295741068180681,88.10568851390794,0.2719344611720337,0.3319447005397375,0.00015748,0.9015644306150288,0.00081957,0,0.0
1482,0.6234061724492002,0.1977130257028363,-1.54e-06,1.9101617833100923,3.129449789051122,99.6280286795261,1.0052136313683062,26.0182139560009,0.12067054082980143,-55.77225095561359,-1.1573229341274334,-58.92252291509897,0.6295741068180681,-6.366545687463995,0.2719344611720337,0.34981673086522763,0.00015748,0.8786107885146721,0.00081957,0,0.0
1483,0.00024701723182696256,0.030517481253851307,-1.54e-06,1.9101617833100923,3.129449789051122,73.45613047347425,1.0052136313683062,17.260267590347464,0.12067054082980143,-72.95643964769425,-1.1573229341274334,36.48345645645873,0.6295741068180681,-7.906020496138027,0.2719344611720337,0.41845727425343243,0.00015748,0.6220451383719219,0.00081957,0,0.0
1484,0.000535349822189668,0.1627972439144793,-1.54e-06,1.9101617833100923,3.129449789051122,79.63089896438535,1.0052136313683062,7.756194736301579,0.12067054082980143,-24.632208642054433,-1.1573229341274334,46.50597966725946,0.6295741068180681,-36.497618183443755,0.2719344611720337,0.40282924471746784,0.00015748,0.9320172220359387,0.00081957,0,0.0
1485,0.01249749884489565,0.04457710418926761,-1.54e-06,1.9101617833100923,3.129449789051122,-35.777793130083474,1.0052136313683062,-4.1849254312901065,0.12067054082980143,-21.40880355691965,-1.1573229341274334,53.23948625288238,0.6295741068180681,24.612770393221943,0.2719344611720337,-0.12965277002599687,0.00015748,0.1335862475059161,0.00081957,1,0.0
1486,0.025983888190327264,0.12170593457820207,-1.54e-06,1.9101617833100923,3.129449789051122,12.10577672310514,1.0052136313683062,10.791102326397167,0.12067054082980143,-86.11650457333758,-1.1573229341274334,81.45762001896588,0.6295741068180681,26.510963956661442,0.2719344611720337,0.34064603147852307,0.00015748,0.3584655485861468,0.00081957,0,0.0
1487,0.6203692732499024,0.22914149394089162,-1.54e-06,1.9101617833100923,3.129449789051122,-72.53042080301235,1.0052136313683062,1.9934683065597394,0.12067054082980143,-29.04591669005866,-1.1573229341274334,25.911243072396484,0.6295741068180681,57.76884913660274,0.2719344611720337,-0.2569873325945794,0.00015748,0.2539912875977973,0.00081957,1,0.0
1488,0.31122938311969445,0.015986887580364192,-1.54e-06,1.9101617833100923,3.129449789051122,-56.57714528647627,1.0052136313683062,4.713454878467217,0.12067054082980143,-73.75050273829521,-1.1573229341274334,58.68394854281383,0.6295741068180681,66.5270921793486,0.2719344611720337,-0.06561129058073428,0.00015748,0.06611844220482221,0.00081957,1,0.0
1489,0.8854189650986237,0.25093600015212447,-1.54e-06,1.9101617833100923,3.129449789051122,-39.23262508805327,1.0052136313683062,14.325466960366185,0.12067054082980143,-68.3245131757083,-1.1573229341274334,-35.88032613914141,0.6295741068180681,78.20610592922014,0.2719344611720337,-0.3210214510343037,0.00015748,0.32048458130484736,0.00081957,1,0.0
1490,0.0003218739824422112,0.02124080990885892,-1.54e-06,1.9101617833100923,3.129449789051122,87.10723287405833,1.0052136313683062,22.88049415966413,0.12067054082980143,-100.0,-1.1573229341274334,40.12496804174074,0.6295741068180681,-1.6557699687578307,0.2719344611720337,0.364452600420277,0.00015748,0.8020024785152229,0.00081957,0,0.0
1491,0.9435144621475402,0.49391884934304375,-1.54e-06,1.9101617833100923,3.129449789051122,-30.240900939309846,1.0052136313683062,20.780367399500083,0.12067054082980143,-95.91863569069328,-1.1573229341274334,-39.081252854924884,0.6295741068180681,88.6440797442721,0.2719344611720337,-0.42550589350178136,0.00015748,0.4980231323584433,0.00081957,1,0.0
1492,0.5596669594415958,0.12322410888393737,-1.54e-06,1.9101617833100923,3.129449789051122,-75.1531544296114,1.0052136313683062,-2.9489106869981554,0.12067054082980143,-33.84102416568787,-1.1573229341274334,41.97159147095235,0.6295741068180681,64.50064342803601,0.2719344611720337,-0.15037709097282131,0.00015748,0.149720899437843,0.00081957,1,0.0
1493,0.006761823858552063,0.30970016355486024,-1.54e-06,1.9101617833100923,3.129449789051122,43.91660885773712,1.0052136313683062,13.504611141259085,0.12067054082980143,-0.004832378697158238,-1.1573229341274334,-58.65014031806649,0.6295741068180681,-23.308097431105104,0.2719344611720337,-0.2919299853707426,0.00015748,0.33483497597677286,0.00081957,1,0.0
1494,-0.010754217608679228,0.551026263563674,-1.54e-06,1.9101617833100923,3.129449789051122,38.84389050159935,1.0052136313683062,8.52381750049746,0.12067054082980143,-12.999425131599649,-1.1573229341274334,44.43625704307897,0.6295741068180681,-29.802960126946775,0.2719344611720337,0.05581769302784828,0.00015748,0.8303656032772795,0.00081957,0,0.0
1495,0.4862137491199989,0.04373075565101456,-1.54e-06,1.9101617833100923,3.129449789051122,-54.43044860734569,1.0052136313683062,0.8672928110286033,0.12067054082980143,-35.439313744615006,-1.1573229341274334,23.579308144126266,0.6295741068180681,54.411337272564964,0.2719344611720337,-0.046411633216340925,0.00015748,0.046353381383522976,0.00081957,1,0.0
1496,-9.860026758107265e-05,0.2682666187812851,-1.54e-06,1.9101617833100923,3.129449789051122,80.22666817039988,1.0052136313683062,4.797056000017391,0.12067054082980143,-13.334079036002896,-1.1573229341274334,63.33968159957053,0.6295741068180681,-45.36983223928551,0.2719344611720337,0.33758406969731164,0.00015748,1.192234222973465,0.00081957,0,0.0
1497,1.0747581677758509,0.6782193047979652,-1.54e-06,1.9101617833100923,3.129449789051122,80.46795564547122,1.0052136313683062,16.26412838685887,0.12067054082980143,-51.53717677477115,-1.1573229341274334,-54.264891339863716,0.6295741068180681,22.362451603581675,0.2719344611720337,0.3187433571308728,0.00015748,1.171461855595288,0.00081957,0,0.0
1498,0.0005135358785161026,0.11380109354274638,-1.54e-06,1.9101617833100923,3.129449789051122,22.314500522240376,1.0052136313683062,6.307111008239459,0.12067054082980143,-28.032213348593913,-1.1573229341274334,9.25231940334755,0.6295741068180681,1.063950888181955,0.2719344611720337,0.0646135892107867,0.00015748,0.2181356124471271,0.00081957,0,0.0
1499,0.7252847348737319,0.23596124609356675,-1.54e-06,1.9101617833100923,3.129449789051122,92.60631446686425,1.0052136313683062,26.038764143270967,0.12067054082980143,-56.0490717950912,-1.1573229341274334,-62.885792742915456,0.6295741068180681,0.11985044075494072,0.2719344611720337,0.350705347072412,0.00015748,0.8688410419130723,0.00081957,0,0.0
1500,-0.8058611561470121,2.32815240055373,-1.54e-06,0.7950698454640701,2.498501227223157,42.90327908080113,1.0052136313683062,23.200032408548036,0.12067054082980143,-51.499345369303676,-1.1573229341274334,89.69593437882159,0.6295741068180681,-39.13605770792535,0.2719344611720337,3.5253771249647237,0.00015748,5.859845558463835,0.00081957,0,0.0
1501,-0.7014928854257307,2.3635422125074923,-1.54e-06,0.7950698454640701,2.498501227223157,56.72640138423885,1.0052136313683062,32.42863496132237,0.12067054082980143,-36.13414057937279,-1.1573229341274334,57.573250023186276,0.6295741068180681,-53.57951669247274,0.2719344611720337,3.622563063296359,0.00015748,7.340671744285074,0.00081957,0,0.0
1502,1.291644211384682,0.5966013614803263,-1.54e-06,0.7950698454640701,2.498501227223157,29.521219675664025,1.0052136313683062,70.52931733538243,0.12067054082980143,-98.38116079709917,-1.1573229341274334,-29.484507694519856,0.6295741068180681,20.940633058022115,0.2719344611720337,0.2629476785038616,0.00015748,10.367059753434331,0.00081957,0,0.0
1503,-1.45613918175959,9.193838673951436,-1.54e-06,0.7950698454640701,2.498501227223157,10.008938027548645,1.0052136313683062,-2.532166538361716,0.12067054082980143,-11.485348870400662,-1.1573229341274334,6.785561601340644,0.6295741068180681,-13.830416625420803,0.2719344611720337,-1.8292515644541751,0.00015748,0.7602836865969755,0.00081957,1,0.0
1504,1.0251655593185474,8.36112066656265,-1.54e-06,0.7950698454640701,2.498501227223157,-53.71201323482461,1.0052136313683062,-19.819074596960636,0.12067054082980143,-64.96386341656908,-1.1573229341274334,80.23307952904845,0.6295741068180681,74.54962289680704,0.2719344611720337,-3.676814872278479,0.00015748,0.22372340127466805,0.00081957,1,0.0
1505,0.0018177281451134952,0.3730066560254935,-1.54e-06,0.7950698454640701,2.498501227223157,28.14587035782254,1.0052136313683062,26.743353608638014,0.12067054082980143,-40.53517781593121,-1.1573229341274334,25.79557673200334,0.6295741068180681,-14.906137776884728,0.2719344611720337,1.7073719757049095,0.00015748,5.197479345426601,0.00081957,0,0.0
1506,0.0010367821649053255,0.7596449633506116,-1.54e-06,0.7950698454640701,2.498501227223157,5.188187692071997,1.0052136313683062,20.1889365299962,0.12067054082980143,-85.3671554072223,-1.1573229341274334,55.39598493620946,0.6295741068180681,22.92232117700618,0.2719344611720337,0.3411728529856979,0.00015748,4.540966176188686,0.00081957,0,0.0
1507,-0.005476811211243771,0.4434907960451414,-1.54e-06,0.7950698454640701,2.498501227223157,78.00934304013539,1.0052136313683062,83.40105389484697,0.12067054082980143,-95.23853641926348,-1.1573229341274334,-14.579195154981056,0.6295741068180681,-35.78576982462372,0.2719344611720337,1.607462208867763,0.00015748,15.09757406363721,0.00081957,0,0.0
1508,-0.9887591190403362,18.2478903248702,-1.54e-06,0.7950698454640701,2.498501227223157,-31.212966163134066,1.0052136313683062,-33.27112659257037,0.12067054082980143,-24.776440917214792,-1.1573229341274334,39.651617885673765,0.6295741068180681,33.392814396675995,0.2719344611720337,-4.247809835817235,0.00015748,-1.7854641009408427,0.00081957,1,0.0
1509,0.21437283386214495,0.3089004223177819,-1.54e-06,0.7950698454640701,2.498501227223157,-27.984112445432697,1.0052136313683062,7.707536086733171,0.12067054082980143,-94.60423188214034,-1.1573229341274334,83.11552559351432,0.6295741068180681,52.88556615045094,0.2719344611720337,-0.21547938329018096,0.00015748,0.22329845521881092,0.00081957,1,0.0
1510,0.001024053154332405,0.002567731830970895,-1.54e-06,0.7950698454640701,2.498501227223157,7.361123425879909,1.0052136313683062,22.015488673121247,0.12067054082980143,-54.017906125057266,-1.1573229341274334,25.618609163024292,0.6295741068180681,9.5999890175091,0.2719344611720337,0.2720973918341876,0.00015748,3.1769654854353027,0.00081957,0,0.0
1511,-0.00014177465798259625,0.008729740990012287,-1.54e-06,0.7950698454640701,2.498501227223157,-14.069910715655647,1.0052136313683062,16.292215310734875,0.12067054082980143,-90.30700135108617,-1.1573229341274334,85.08173168245094,0.6295741068180681,34.40763401294555,0.2719344611720337,0.3788713036599717,0.00015748,1.4329439809123627,0.00081957,0,0.0
1512,0.0009721771610256003,0.0002926740906775712,-1.54e-06,0.7950698454640701,2.498501227223157,0.2238940815963865,1.0052136313683062,21.463073119745907,0.12067054082980143,-68.29794652567627,-1.1573229341274334,43.48158808193633,0.6295741068180681,18.933631768525363,0.2719344611720337,0.27995226907570214,0.00015748,2.641813207185823,0.00081957,0,0.0
1513,-0.5543633971574553,1.8501943947150385,-1.54e-06,0.7950698454640701,2.498501227223157,59.02110071329348,1.0052136313683062,46.75905361189995,0.12067054082980143,-69.08339901046796,-1.1573229341274334,56.63199822587476,0.6295741068180681,-41.54092391002344,0.2719344611720337,3.1940289927542076,0.00015748,9.517584058892174,0.00081957,0,0.0
1514,-0.0005812283400330465,0.06981047581093319,-1.54e-06,0.7950698454640701,2.498501227223157,50.9808142148144,1.0052136313683062,54.816399954710796,0.12067054082980143,-57.26508011395849,-1.1573229341274334,-25.04923047555052,0.6295741068180681,-22.80258897989749,0.2719344611720337,0.5108140739020914,0.00015748,9.945827145700473,0.00081957,0,0.0
1515,-0.6079411180711569,1.9724361684928595,-1.54e-06,0.7950698454640701,2.498501227223157,34.53094421164504,1.0052136313683062,1.6575232454498752,0.12067054082980143,-2.3324701176427607,-1.1573229341274334,36.78508423787846,0.6295741068180681,-37.581816334173475,0.2719344611720337,1.4295761559597753,0.00015748,4.577594082791753,0.00081957,0,0.0
1516,0.7945442423199589,0.3667378225868156,-1.54e-06,0.7950698454640701,2.498501227223157,59.69746805063218,1.0052136313683062,85.78195539258893,0.12067054082980143,-92.3209857236621,-1.1573229341274334,-55.36018164527791,0.6295741068180681,-9.260648517834097,0.2719344611720337,0.254752372118797,0.00015748,13.982311089442025,0.00081957,0,0.0
1517,-0.6686506431552601,2.1989868075704773,-1.54e-06,0.7950698454640701,2.498501227223157,71.7023366753381,1.0052136313683062,63.15783162014211,0.12067054082980143,-99.23451145432382,-1.1573229341274334,69.37925573132102,0.6295741068180681,-44.768410505771925,0.2719344611720337,3.593791450181649,0.00015748,12.308556866311648,0.00081957,0,0.0
1518,0.002581219188026118,0.009190307455239622,-1.54e-06,0.7950698454640701,2.498501227223157,-2.9133665741182395,1.0052136313683062,13.061018630154113,0.12067054082980143,-51.7357911228655,-1.1573229341274334,43.44326582321552,0.6295741068180681,15.607867601896071,0.2719344611720337,0.4450883100152388,0.00015748,1.4263925993595683,0.00081957,0,0.0
1519,3.6089201905986323,4.041529962794713,-1.54e-06,0.7950698454640701,2.498501227223157,0.7283685063841218,1.0052136313683062,67.28095941277967,0.12067054082980143,-72.26030565081213,-1.1573229341274334,-89.65917665896495,0.6295741068180681,62.06569733226738,0.2719344611720337,0.26501998764496015,0.00015748,8.606633591332637,0.00081957,0,0.0
1520,0.7552016298272908,0.3284437112570859,-1.54e-06,0.7950698454640701,2.498501227223157,44.15859872422209,1.0052136313683062,60.80472162144104,0.12067054082980143,-55.759600125386584,-1.1573229341274334,-52.04568596639672,0.6295741068180681,-8.75234512374874,0.2719344611720337,0.25753737634920526,0.00015748,10.08680637363343,0.00081957,0,0.0
1521,1.2870912970852681,0.5563261242520978,-1.54e-06,0.7950698454640701,2.498501227223157,-19.62651778314608,1.0052136313683062,7.785334956229869,0.12067054082980143,-25.199956961876246,-1.1573229341274334,-11.91321903317964,0.6295741068180681,38.66297001991662,0.2719344611720337,-0.30408357715203554,0.00015748,0.30489179245396775,0.00081957,1,0.0
1522,-1.129258740873349,2.8729476110848355,-1.54e-06,0.7950698454640701,2.498501227223157,37.36786215468234,1.0052136313683062,-1.5957572558524729,0.12067054082980143,-1.8542452954185955,-1.1573229341274334,87.68084070656082,0.6295741068180681,-54.48321358780182,0.2719344611720337,1.891655336091659,0.00015748,4.231914020943407,0.00081957,0,0.0
1523,2.0854021335895387,1.3841777454220148,-1.54e-06,0.7950698454640701,2.498501227223157,4.879695691899051,1.0052136313683062,51.962008856187495,0.12067054082980143,-70.03528515987179,-1.1573229341274334,-40.30305222233946,0.6295741068180681,40.18775638501269,0.2719344611720337,0.2611749114693773,0.00015748,6.7084594321710505,0.00081957,0,0.0
1524,2.349906540430294,1.868321937623496,-1.54e-06,0.7950698454640701,2.498501227223157,-17.482479152871374,1.0052136313683062,17.34720654354863,0.12067054082980143,-16.8941765978281,-1.1573229341274334,-45.86244627978026,0.6295741068180681,45.18388282395376,0.2719344611720337,0.2947434669585538,0.00015748,1.6731670907109861,0.00081957,0,0.0
1525,0.0005941426474738165,0.508078296332139,-1.54e-06,0.7950698454640701,2.498501227223157,69.43534311691334,1.0052136313683062,66.89000743890571,0.12067054082980143,-66.37753369992137,-1.1573229341274334,-15.52646398176817,0.6295741068180681,-38.31060025438241,0.2719344611720337,1.7278070635945681,0.00015748,12.579122240717867,0.00081957,0,0.0
1526,1.6094841887844753,10.293865259788078,-1.54e-06,0.7950698454640701,2.498501227223157,-55.43384734751025,1.0052136313683062,8.998240517770704,0.12067054082980143,-76.78092423210921,-1.1573229341274334,-30.49993746115791,0.6295741068180681,99.65487009148626,0.2719344611720337,-3.8379364994838205,0.00015748,-0.6729224591298584,0.00081957,1,0.0
1527,-0.8267723664497,2.3659814598234057,-1.54e-06,0.7950698454640701,2.498501227223157,73.61817969208253,1.0052136313683062,44.04384363976408,0.12067054082980143,-40.58773037300203,-1.1573229341274334,35.964608128801515,0.6295741068180681,-64.48503535339158,0.2719344611720337,3.273110443024623,0.00015748,10.223120135633941,0.00081957,0,0.0
1528,3.849721672156778,4.463159898019358,-1.54e-06,0.7950698454640701,2.498501227223157,-21.622622508598326,1.0052136313683062,51.64869994286722,0.12067054082980143,-68.13107837427822,-1.1573229341274334,-68.37700205293912,0.6295741068180681,79.91933337376338,0.2719344611720337,0.2628164367449459,0.00015748,5.42012962280071,0.00081957,0,0.0
1529,-1.5837996066972893,3.91936642585421,-1.54e-06,0.7950698454640701,2.498501227223157,66.50796737330079,1.0052136313683062,17.707820574893926,0.12067054082980143,-23.833200700736676,-1.1573229341274334,97.45668698532629,0.6295741068180681,-77.62400321150999,0.2719344611720337,4.1552747083387835,0.00015748,7.099556339561552,0.00081957,0,0.0
1530,-0.016924554616737364,0.5469865916397157,-1.54e-06,0.7950698454640701,2.498501227223157,35.03449163903257,1.0052136313683062,33.0211042803685,0.12067054082980143,-48.349526260671766,-1.1573229341274334,29.072726487495377,0.6295741068180681,-19.105950799334085,0.2719344611720337,2.0245447894317703,0.00015748,6.39177374790051,0.00081957,0,0.0
1531,-1.0157260524900154,2.85677612399257,-1.54e-06,0.7950698454640701,2.498501227223157,57.24335927655883,1.0052136313683062,19.141781108926438,0.12067054082980143,-16.764977408053035,-1.1573229341274334,66.22993605932375,0.6295741068180681,-63.63261781070223,0.2719344611720337,3.6182554439210897,0.00015748,6.396723965392274,0.00081957,0,0.0
1532,0.8378978994882131,0.36477104418777034,-1.54e-06,0.7950698454640701,2.498501227223157,17.221499041684723,1.0052136313683062,23.124301663020987,0.12067054082980143,-0.835834064170997,-1.1573229341274334,-47.88831452081125,0.6295741068180681,-3.934389168942983,0.2719344611720337,0.2682882365379855,0.00015748,3.863666550692079,0.00081957,0,0.0
1533,-1.382920639838239,3.5312202743249506,-1.54e-06,0.7950698454640701,2.498501227223157,60.42192029338135,1.0052136313683062,12.128813080294783,0.12067054082980143,-10.095756292021612,-1.1573229341274334,83.39295997661166,0.6295741068180681,-73.6103995286531,0.2719344611720337,3.6913365214959635,0.00015748,6.2380964252454865,0.00081957,0,0.0
1534,1.068556463053656,0.6125544055916019,-1.54e-06,0.7950698454640701,2.498501227223157,68.83483801899018,1.0052136313683062,93.40279289472777,0.12067054082980143,-87.01952575285269,-1.1573229341274334,-80.09288551997776,0.6295741068180681,-14.157301196199484,0.2719344611720337,0.2557719954848503,0.00015748,15.655393803791885,0.00081957,0,0.0
1535,-0.0023170691904859098,0.13978204152206666,-1.54e-06,0.7950698454640701,2.498501227223157,32.01770579341448,1.0052136313683062,43.38515849222245,0.12067054082980143,-71.62435576339244,-1.1573229341274334,21.392499647039486,0.6295741068180681,-6.621764567580866,0.2719344611720337,1.0897038156415602,0.00015748,7.277184988176529,0.00081957,0,0.0
1536,2.186563680703767,2.556741996412194,-1.54e-06,0.7950698454640701,2.498501227223157,26.861501114244835,1.0052136313683062,74.94974427409474,0.12067054082980143,-58.24147941345655,-1.1573229341274334,-81.61381481602538,0.6295741068180681,17.845508319220414,0.2719344611720337,0.2966133356639249,0.00015748,9.426546951350357,0.00081957,0,0.0
1537,2.256803159089979,6.78027483649569,-1.54e-06,0.7950698454640701,2.498501227223157,-47.57553085553713,1.0052136313683062,2.7068383998496257,0.12067054082980143,-51.40982396159267,-1.1573229341274334,-40.45090915123278,0.6295741068180681,90.53106080655017,0.2719344611720337,-2.4379739275073913,0.00015748,0.1587081384091784,0.00081957,1,0.0
1538,2.081973130428891,6.050732927579272,-1.54e-06,0.7950698454640701,2.498501227223157,21.821006235540434,1.0052136313683062,53.56096097267585,0.12067054082980143,-55.43673388073665,-1.1573229341274334,7.200771656589052,0.6295741068180681,8.459913813358108,0.2719344611720337,3.506904063674884,0.00015748,6.939675957262642,0.00081957,0,0.0
1539,2.8651171555751294,2.4921654606328816,-1.54e-06,0.7950698454640701,2.498501227223157,3.3342321450296186,1.0052136313683062,66.89710863035125,0.12067054082980143,-92.25021243551596,-1.1573229341274334,-55.00452195885151,0.6295741068180681,57.29692324471928,0.2719344611720337,0.2581321818852942,0.00015748,8.627333567428106,0.00081957,0,0.0
1540,3.1505254841035106,3.133873118830383,-1.54e-06,0.7950698454640701,2.498501227223157,-4.734328158939243,1.0052136313683062,50.71435480188721,0.12067054082980143,-49.123940620499134,-1.1573229341274334,-77.59532957130975,0.6295741068180681,53.56343794897769,0.2719344611720337,0.2615324680540665,0.00015748,6.088515887332383,0.00081957,0,0.0
1541,1.2081268192346957,0.96330889700615,-1.54e-06,0.7950698454640701,2.498501227223157,-34.40536578110272,1.0052136313683062,10.792318567555986,0.12067054082980143,-78.8077744792264,-1.1573229341274334,49.232253136480765,0.6295741068180681,63.540565126818024,0.2719344611720337,-0.529176262606751,0.00015748,0.5010303872582286,0.00081957,1,0.0
1542,0.6013531782181849,0.6546991685174997,-1.54e-06,0.7950698454640701,2.498501227223157,21.746578758779936,1.0052136313683062,40.84919098778284,0.12067054082980143,-70.76404914851132,-1.1573229341274334,22.49709231360537,0.6295741068180681,6.3796891384831955,0.2719344611720337,1.5179926732276106,0.00015748,6.409008445495456,0.00081957,0,0.0
1543,-0.06185363632677077,0.6058701148139286,-1.54e-06,0.7950698454640701,2.498501227223157,29.343835556352925,1.0052136313683062,20.839721965287655,0.12067054082980143,-30.890150614421298,-1.1573229341274334,27.228080605484564,0.6295741068180681,-19.43276769325754,0.2719344611720337,1.8163188269814203,0.00015748,4.976333114222464,0.00081957,0,0.0
1544,0.06790644579232819,0.04846189364041356,-1.54e-06,0.7950698454640701,2.498501227223157,56.820473080165385,1.0052136313683062,65.05503755314317,0.12067054082980143,-67.6038149796088,-1.1573229341274334,-36.462709074060804,0.6295741068180681,-22.526293133234,0.2719344611720337,0.25630158889109467,0.00015748,11.467477827084421,0.00081957,0,0.0
1545,3.1516615174125313,3.27441642308497,-1.54e-06,0.7950698454640701,2.498501227223157,-17.211380453613703,1.0052136313683062,24.088198500774407,0.12067054082980143,-5.071409119085357,-1.1573229341274334,-83.04397856111244,0.6295741068180681,50.74776499890429,0.2719344611720337,0.27717384869010075,0.00015748,2.4994205823562456,0.00081957,0,0.0
1546,3.160695365977129,3.2114796645884005,-1.54e-06,0.7950698454640701,2.498501227223157,-36.15804640991788,1.0052136313683062,15.045379529831024,0.12067054082980143,-17.432785266004267,-1.1573229341274334,-70.94614268678542,0.6295741068180681,72.56755028861059,0.2719344611720337,-0.6642178160837638,0.00015748,0.673257439148948,0.00081957,1,0.0
1547,0.23728767154641517,0.041402616270223,-1.54e-06,0.7950698454640701,2.498501227223157,34.95641129454185,1.0052136313683062,60.38530170664414,0.12067054082980143,-97.40838051911496,-1.1573229341274334,2.315963999315205,0.6295741068180681,4.628736114864206,0.2719344611720337,0.25801189420996007,0.00015748,9.54329212914551,0.00081957,0,0.0
1548,0.9832920095979976,0.4433032247914447,-1.54e-06,0.7950698454640701,2.498501227223157,33.99644514215294,1.0052136313683062,60.53003800933082,0.12067054082980143,-66.70330641983038,-1.1573229341274334,-41.49055461695703,0.6295741068180681,4.378121652072389,0.2719344611720337,0.26191994892412396,0.00015748,9.268915429025846,0.00081957,0,0.0
1549,0.7600938844629348,0.46734144853460935,-1.54e-06,0.7950698454640701,2.498501227223157,54.176441206471516,1.0052136313683062,72.25320993586848,0.12067054082980143,-58.25335452688403,-1.1573229341274334,-65.91948725706338,0.6295741068180681,-16.412599686670404,0.2719344611720337,0.2627898886717057,0.00015748,11.610935150906542,0.00081957,0,0.0
1550,1.597513713185776,0.8650819800142968,-1.54e-06,0.7950698454640701,2.498501227223157,17.7097346438634,1.0052136313683062,59.413442675702136,0.12067054082980143,-79.96520922371381,-1.1573229341274334,-34.70341917095983,0.6295741068180681,27.787385620766475,0.2719344611720337,0.26230528883790516,0.00015748,8.28862458716819,0.00081957,0,0.0
1551,1.3558567506574541,1.0954696088221,-1.54e-06,0.7950698454640701,2.498501227223157,-3.809616982505719,1.0052136313683062,43.95128258414586,0.12067054082980143,-76.8158203856993,-1.1573229341274334,7.127131481837496,0.6295741068180681,36.643180877841836,0.2719344611720337,0.2660500300385751,0.00015748,4.3757540094596035,0.00081957,0,0.0
1552,0.000663126074260667,0.05992928829514494,-1.54e-06,0.7950698454640701,2.498501227223157,68.28551499077233,1.0052136313683062,66.94829125702782,0.12067054082980143,-50.7561678925045,-1.1573229341274334,-57.74230030139644,0.6295741068180681,-36.80102702496613,0.2719344611720337,0.25694371982313235,0.00015748,12.482677563414653,0.00081957,0,0.0
1553,1.3887465785729773,15.960711196553754,-1.54e-06,0.7950698454640701,2.498501227223157,-77.2426580748728,1.0052136313683062,7.474238573681324,0.12067054082980143,-90.8638832523004,-1.1573229341274334,66.5920310023165,0.6295741068180681,99.89280743354722,0.2719344611720337,-7.488391525738759,0.00015748,0.19993155060773837,0.00081957,1,0.0
1554,1.9713268827939068,4.748865005136281,-1.54e-06,0.7950698454640701,2.498501227223157,-48.97109247491398,1.0052136313683062,-5.005240573786853,0.12067054082980143,-67.7364024235228,-1.1573229341274334,38.27104014629258,0.6295741068180681,83.90462791310996,0.2719344611720337,-1.308032544621736,0.00015748,0.21132695737452112,0.00081957,1,0.0
1555,0.21429714625516805,0.577630149079631,-1.54e-06,0.7950698454640701,2.498501227223157,-7.103705200598291,1.0052136313683062,-4.956575774493166,0.12067054082980143,-10.34654234443534,-1.1573229341274334,17.00239382208864,0.6295741068180681,11.146449115109517,0.2719344611720337,-0.44019785093185004,0.00015748,0.44238341554442173,0.00081957,1,0.0
1556,-0.5611606705239608,1.8200851090625538,-1.54e-06,0.7950698454640701,2.498501227223157,20.27330995320005,1.0052136313683062,-1.2021747479114588,0.12067054082980143,-14.384514552796894,-1.1573229341274334,82.12574492691043,0.6295741068180681,-29.21002082783188,0.2719344611720337,1.1328907320697275,0.00015748,3.4511658875022597,0.00081957,0,0.0
1557,0.0002555504339089021,0.06234304791815044,-1.54e-06,0.7950698454640701,2.498501227223157,1.9764245246564003,1.0052136313683062,18.209754350607565,0.12067054082980143,-63.09395869030505,-1.1573229341274334,54.589902096544655,0.6295741068180681,13.699386280455274,0.2719344611720337,0.9614390969612384,0.00015748,2.3752858209035246,0.00081957,0,0.0
1558,2.4400239285273946,13.327837916957861,-1.54e-06,0.7950698454640701,2.498501227223157,17.36969410727335,1.0052136313683062,62.09617745363374,0.12067054082980143,-8.449955304042664,-1.1573229341274334,-41.21884661426036,0.6295741068180681,-4.63320642224422,0.2719344611720337,0.709919969541156,0.00015748,6.706067417303619,0.00081957,0,0.0
1559,1.976212509110498,1.5100034412731904,-1.54e-06,0.7950698454640701,2.498501227223157,-45.31338932620322,1.0052136313683062,14.492959718398687,0.12067054082980143,-92.91225072476284,-1.1573229341274334,33.70129279131285,0.6295741068180681,87.8410540266152,0.2719344611720337,-0.45755362838554964,0.00015748,0.4510733703178233,0.00081957,1,0.0
1560,1.9501360917038615,1.1965241332924792,-1.54e-06,0.7950698454640701,2.498501227223157,-9.576397237912431,1.0052136313683062,32.50787339067053,0.12067054082980143,-53.7426325631591,-1.1573229341274334,-23.099757476881237,0.6295741068180681,44.90468305111685,0.2719344611720337,0.2693914438317402,0.00015748,3.674629575495075,0.00081957,0,0.0
1561,-0.2711943906413459,1.2837650814084702,-1.54e-06,0.7950698454640701,2.498501227223157,67.6599377263457,1.0052136313683062,39.76620752932304,0.12067054082980143,-10.379604975439388,-1.1573229341274334,-15.470998548850579,0.6295741068180681,-58.878489888134425,0.2719344611720337,2.320209541066345,0.00015748,9.456602679372935,0.00081957,0,0.0
1562,-1.1377787134715924,2.9777847504152377,-1.54e-06,0.7950698454640701,2.498501227223157,82.2840088384846,1.0052136313683062,46.44540277771096,0.12067054082980143,-46.53823577485336,-1.1573229341274334,49.958619681230886,0.6295741068180681,-74.2497922861342,0.2719344611720337,3.673072942046498,0.00015748,11.157538124021134,0.00081957,0,0.0
1563,1.1948895459431335,1.611600146053567,-1.54e-06,0.7950698454640701,2.498501227223157,-4.283232489254833,1.0052136313683062,32.25468928159641,0.12067054082980143,-48.16232167501762,-1.1573229341274334,10.151754574402691,0.6295741068180681,23.962372963865654,0.2719344611720337,0.3042632347529952,0.00015748,3.0471036224406935,0.00081957,0,0.0
1564,0.3106246259223425,0.0670032915143638,-1.54e-06,0.7950698454640701,2.498501227223157,-11.652756288040765,1.0052136313683062,3.937189967031257,0.12067054082980143,-31.526583506963338,-1.1573229341274334,20.987322219974136,0.6295741068180681,22.280791132118978,0.2719344611720337,-0.13228328122661331,0.00015748,0.13266051708879584,0.00081957,1,0.0
1565,-0.0794373939160623,1.2622039296708256,-1.54e-06,0.7950698454640701,2.498501227223157,23.769566375397883,1.0052136313683062,13.326498280149536,0.12067054082980143,-24.64233180780483,-1.1573229341274334,59.84064725262123,0.6295741068180681,-23.15043755416805,0.2719344611720337,2.8187194610423263,0.00015748,3.3090824469708093,0.00081957,0,0.0
1566,-0.29269965624269745,1.291038912357684,-1.54e-06,0.7950698454640701,2.498501227223157,27.644222873148834,1.0052136313683062,17.50460562047523,0.12067054082980143,-39.47159779335267,-1.1573229341274334,65.69349661784467,0.6295741068180681,-22.605932823845684,0.2719344611720337,2.800954784723678,0.00015748,4.139148706989269,0.00081957,0,0.0
1567,0.9470303916187719,6.066952071109246,-1.54e-06,0.7950698454640701,2.498501227223157,50.977102150660286,1.0052136313683062,79.06869197628149,0.12067054082980143,-44.99441763201317,-1.1573229341274334,-37.23424516762882,0.6295741068180681,-29.5106954534984,0.2719344611720337,1.794944901056922,0.00015748,9.573982764540432,0.00081957,0,0.0
1568,-0.7781896738988809,2.3734344288171223,-1.54e-06,0.7950698454640701,2.498501227223157,79.40532268806027,1.0052136313683062,56.56778159146458,0.12067054082980143,-64.78906207229437,-1.1573229341274334,42.5192086121259,0.6295741068180681,-61.60838081339291,0.2719344611720337,3.4506517579815554,0.00015748,12.048741326169518,0.00081957,0,0.0
1569,0.8291971711061832,0.49852666534372075,-1.54e-06,0.7950698454640701,2.498501227223157,55.82794015570514,1.0052136313683062,57.71915053982863,0.12067054082980143,-17.490793285120823,-1.1573229341274334,-90.22028499760975,0.6295741068180681,-27.96565772304567,0.2719344611720337,0.2694020349232984,0.00015748,10.48506639384648,0.00081957,0,0.0
1570,-0.0002650768065808329,0.4042294366701317,-1.54e-06,0.7950698454640701,2.498501227223157,15.193784617199743,1.0052136313683062,17.676568360353983,0.12067054082980143,-45.80921003381905,-1.1573229341274334,51.39224342624642,0.6295741068180681,-4.472400759061309,0.2719344611720337,1.9327498229079638,0.00015748,3.294890482397521,0.00081957,0,0.0
1571,2.8823956907013515,2.820750354367018,-1.54e-06,0.7950698454640701,2.498501227223157,25.76606900863218,1.0052136313683062,79.7217912587567,0.12067054082980143,-71.1176851679401,-1.1573229341274334,-98.87824605188415,0.6295741068180681,33.76613810018213,0.2719344611720337,0.25964439131720685,0.00015748,11.158688587169785,0.00081957,0,0.0
1572,0.7997716575937313,0.1738734136889335,-1.54e-06,0.7950698454640701,2.498501227223157,-2.8439215279656036,1.0052136313683062,39.43149406366867,0.12067054082980143,-99.91056747368509,-1.1573229341274334,35.13964839480814,0.6295741068180681,39.795843780684606,0.2719344611720337,0.2724623851081738,0.00015748,4.706568302914816,0.00081957,0,0.0
1573,0.7808575366402235,9.779234613112198,-1.54e-06,0.7950698454640701,2.498501227223157,66.11032116225249,1.0052136313683062,26.66254975755604,0.12067054082980143,-20.67162766681726,-1.1573229341274334,-51.25230998182256,0.6295741068180681,-28.76114397768353,0.2719344611720337,0.2936265412937864,0.00015748,14.212652027795146,0.00081957,0,0.0
1574,-1.1533948467133512,2.92984358093104,-1.54e-06,0.7950698454640701,2.498501227223157,69.09125606542803,1.0052136313683062,30.028554388832102,0.12067054082980143,-36.011133180477195,-1.1573229341274334,52.73643396509276,0.6295741068180681,-64.22936868331362,0.2719344611720337,2.939976857860491,0.00015748,9.344303104764236,0.00081957,0,0.0
1575,-0.0014771410597267387,0.25688772575965596,-1.54e-06,0.7950698454640701,2.498501227223157,38.56090198638385,1.0052136313683062,32.19218907217805,0.12067054082980143,-24.239315296226707,-1.1573229341274334,-8.750293944921452,0.6295741068180681,-26.16142647764186,0.2719344611720337,1.2337566676439957,0.00015748,6.3341920156572815,0.00081957,0,0.0
1576,2.903566407697215,2.6832723199182134,-1.54e-06,0.7950698454640701,2.498501227223157,-11.753672895474372,1.0052136313683062,36.19795746687511,0.12067054082980143,-35.14851666643165,-1.1573229341274334,-65.65019623427605,0.6295741068180681,52.30095991468903,0.2719344611720337,0.26752644452849417,0.00015748,4.114177669433992,0.00081957,0,0.0
1577,1.6962605589597377,0.9791615200893415,-1.54e-06,0.7950698454640701,2.498501227223157,-15.098948521132774,1.0052136313683062,17.31454987420085,0.12067054082980143,-34.29824630505319,-1.1573229341274334,-15.415882870737883,0.6295741068180681,40.69998185848363,0.2719344611720337,0.2946668962632224,0.00015748,1.6868099157193825,0.00081957,0,0.0
1578,1.3908044786841915,5.887281732820597,-1.54e-06,0.7950698454640701,2.498501227223157,-40.57174945889206,1.0052136313683062,-2.095202234814068,0.12067054082980143,-62.04486049637953,-1.1573229341274334,1.6729219434134182,0.6295741068180681,76.58484353517163,0.2719344611720337,-2.044070550057012,0.00015748,0.21691129157919686,0.00081957,1,0.0
1579,-0.08352715133228727,0.9564307180828877,-1.54e-06,0.7950698454640701,2.498501227223157,76.5349089791447,1.0052136313683062,60.30769470636416,0.12067054082980143,-39.62429301066038,-1.1573229341274334,-24.015552370325473,0.6295741068180681,-54.310806589418206,0.2719344611720337,2.2003980848799394,0.00015748,12.266181023135324,0.00081957,0,0.0
1580,0.0002820086757467921,0.6906689218261911,-1.54e-06,0.7950698454640701,2.498501227223157,9.03759369179611,1.0052136313683062,14.275989047957694,0.12067054082980143,-58.508736223700325,-1.1573229341274334,83.34458177545537,0.6295741068180681,1.37521344795957,0.2719344611720337,2.444846007187681,0.00015748,2.7064822863007927,0.00081957,0,0.0
1581,0.8950647351333736,0.3892249320641056,-1.54e-06,0.7950698454640701,2.498501227223157,21.52259558894678,1.0052136313683062,33.31590752425659,0.12067054082980143,-19.917360650173507,-1.1573229341274334,-45.65981691844112,0.6295741068180681,-0.7931654985195431,0.2719344611720337,0.26594650132258124,0.00015748,5.384277905662252,0.00081957,0,0.0
1582,-0.04579905364126824,1.5887443472908507,-1.54e-06,0.7950698454640701,2.498501227223157,8.845640832141642,1.0052136313683062,-10.733615944490522,0.12067054082980143,-11.811269932015321,-1.1573229341274334,72.70126422894452,0.6295741068180681,-11.616491580618389,0.2719344611720337,0.2676679157607318,0.00015748,3.412919095662499,0.00081957,0,0.0
1583,2.617302539443637,4.600778755268081,-1.54e-06,0.7950698454640701,2.498501227223157,-49.1822180476343,1.0052136313683062,-0.2382146680274017,0.12067054082980143,-50.878549032668616,-1.1573229341274334,6.531997012711786,0.6295741068180681,85.25625046064481,0.2719344611720337,-1.0640859123740785,0.00015748,0.2137881354651029,0.00081957,1,0.0
1584,1.806461768245693,5.163007399982184,-1.54e-06,0.7950698454640701,2.498501227223157,-43.39579271491695,1.0052136313683062,-7.12665746289961,0.12067054082980143,-54.81236692658113,-1.1573229341274334,17.686577977757505,0.6295741068180681,76.80680616490325,0.2719344611720337,-1.3677281840331421,0.00015748,0.1624917455802244,0.00081957,1,0.0
1585,0.047472388345913163,0.013223600973064693,-1.54e-06,0.7950698454640701,2.498501227223157,34.93592400689325,1.0052136313683062,53.90186136141341,0.12067054082980143,-85.43323360480578,-1.1573229341274334,3.2143707853340038,0.6295741068180681,-1.0770561735925424,0.2719344611720337,0.26060474927982114,0.00015748,8.768339831060718,0.00081957,0,0.0
1586,-0.2738757424147096,1.2589200965492084,-1.54e-06,0.7950698454640701,2.498501227223157,75.09600966844339,1.0052136313683062,58.909684803727565,0.12067054082980143,-50.54898951741722,-1.1573229341274334,-3.1849561585613735,0.6295741068180681,-52.878025710498385,0.2719344611720337,2.4262345093930398,0.00015748,12.100783894601303,0.00081957,0,0.0
1587,1.1151589564570297,0.47555355804949434,-1.54e-06,0.7950698454640701,2.498501227223157,30.49416786852623,1.0052136313683062,65.08307452449192,0.12067054082980143,-86.50341140619257,-1.1573229341274334,-30.69841379759495,0.6295741068180681,14.713941456791613,0.2719344611720337,0.2571776599268851,0.00015748,9.770672378805212,0.00081957,0,0.0
1588,0.1865727382968687,0.2628193206720345,-1.54e-06,0.7950698454640701,2.498501227223157,13.361747731506506,1.0052136313683062,34.95035049126058,0.12067054082980143,-62.89046407542874,-1.1573229341274334,23.3384643066745,0.6295741068180681,6.693553608677127,0.2719344611720337,0.637061346366226,0.00015748,4.404736738151739,0.00081957,0,0.0
1589,0.0027641417113482003,0.20920164726856275,-1.54e-06,0.7950698454640701,2.498501227223157,31.98682306125282,1.0052136313683062,24.995439506670643,0.12067054082980143,-18.83102695359849,-1.1573229341274334,-5.141259876724063,0.6295741068180681,-22.09766764084419,0.2719344611720337,1.106334204630067,0.00015748,5.218687419553214,0.00081957,0,0.0
1590,0.8023821098437875,0.23749198516983755,-1.54e-06,0.7950698454640701,2.498501227223157,-0.11594695972600506,1.0052136313683062,22.482504862102303,0.12067054082980143,-42.63121339453232,-1.1573229341274334,0.06009306485194815,0.6295741068180681,21.093447600699427,0.2719344611720337,0.2742543513086624,0.00015748,2.8368414871541123,0.00081957,0,0.0
1591,-1.0616521943106432,2.82903770475534,-1.54e-06,0.7950698454640701,2.498501227223157,90.8634480099887,1.0052136313683062,58.68689513699484,0.12067054082980143,-59.97229477483695,-1.1573229341274334,39.12200011207224,0.6295741068180681,-75.13261964830923,0.2719344611720337,3.5464672071918883,0.00015748,13.196240982923513,0.00081957,0,0.0
1592,4.003358985723816,4.908965988352006,-1.54e-06,0.7950698454640701,2.498501227223157,-7.067836315640968,1.0052136313683062,73.66607741377916,0.12067054082980143,-87.17677855869792,-1.1573229341274334,-84.99044610897725,0.6295741068180681,75.56423338303354,0.2719344611720337,0.27261379191888757,0.00015748,8.543220881026722,0.00081957,0,0.0
1593,-0.18733496540723849,10.87723304624155,-1.54e-06,0.7950698454640701,2.498501227223157,-27.471000001604875,1.0052136313683062,-31.994123403824332,0.12067054082980143,-25.146358137848548,-1.1573229341274334,41.179651092984585,0.6295741068180681,37.080005745121774,0.2719344611720337,-3.419397800734113,0.00015748,0.2107083391694895,0.00081957,1,0.0
1594,-0.0494555877287528,0.8896522669834598,-1.54e-06,0.7950698454640701,2.498501227223157,6.655811987448375,1.0052136313683062,-2.523813536196647,0.12067054082980143,-16.897513703235436,-1.1573229341274334,69.23432661736196,0.6295741068180681,-10.125149629099004,0.2719344611720337,0.30100287795529423,0.00015748,2.812691744991113,0.00081957,0,0.0
1595,3.4257246590110304,3.730384775047447,-1.54e-06,0.7950698454640701,2.498501227223157,-19.338062165961293,1.0052136313683062,33.071944340023194,0.12067054082980143,-27.90568639629289,-1.1573229341274334,-77.92436800727637,0.6295741068180681,62.363822450490304,0.2719344611720337,0.2717431058493347,0.00015748,3.5365137663765536,0.00081957,0,0.0
1596,-0.11620001394305612,0.9812835903954439,-1.54e-06,0.7950698454640701,2.498501227223157,61.45646600184179,1.0052136313683062,55.95891490054617,0.12067054082980143,-58.769573922366746,-1.1573229341274334,10.51329306645159,0.6295741068180681,-38.94540059999136,0.2719344611720337,2.4078059481437135,0.00015748,10.447200264247108,0.00081957,0,0.0
1597,2.258730680504883,5.552505518327177,-1.54e-06,0.7950698454640701,2.498501227223157,5.477649327877196,1.0052136313683062,43.13733641027197,0.12067054082980143,-0.24313823315046262,-1.1573229341274334,-83.59186406424804,0.6295741068180681,15.649763269866014,0.2719344611720337,-0.003676177544044812,0.00015748,4.178509641575752,0.00081957,1,0.0
1598,0.002409419401325774,0.16761150833326316,-1.54e-06,0.7950698454640701,2.498501227223157,60.64678309848847,1.0052136313683062,66.40878456304279,0.12067054082980143,-74.22683237418306,-1.1573229341274334,-19.267134871112987,0.6295741068180681,-26.57081715218148,0.2719344611720337,0.930582375909859,0.00015748,11.902949564128265,0.00081957,0,0.0
1599,-0.0018642913643482917,3.785901853656009,-1.54e-06,0.7950698454640701,2.498501227223157,-21.292796119051886,1.0052136313683062,-13.691141343055303,0.12067054082980143,-32.34801721211108,-1.1573229341274334,54.450694340491744,0.6295741068180681,27.185557905636784,0.2719344611720337,-1.8476690464328356,0.00015748,0.25946157307672424,0.00081957,1,0.0
1600,0.007000568907029603,0.3021196625713311,-1.54e-06,2.0955878038400533,3.0496499206866825,51.73464472964718,1.0052136313683062,20.93904261369549,0.12067054082980143,-92.23255593496737,-1.1573229341274334,55.08397426275976,0.6295741068180681,4.8093169603461625,0.2719344611720337,0.17939964042908935,0.00015748,0.7372877431160496,0.00081957,0,0.0
1601,-0.027095811686767224,1.037353718593213,-1.54e-06,2.0955878038400533,3.0496499206866825,100.0,1.0052136313683062,20.604390996267007,0.12067054082980143,-33.8786238926009,-1.1573229341274334,48.99735464042497,0.6295741068180681,-61.22126667188143,0.2719344611720337,0.16419944054215496,0.00015748,1.5195601886760657,0.00081957,0,0.0
1602,0.7473833283700926,0.30718194671573423,-1.54e-06,2.0955878038400533,3.0496499206866825,-2.0221776642384017,1.0052136313683062,9.169811808687953,0.12067054082980143,-46.95256576019864,-1.1573229341274334,-32.61790854614026,0.6295741068180681,50.230128538847794,0.2719344611720337,-0.12154797345408788,0.00015748,0.36430643600493606,0.00081957,1,0.0
1603,-9.572921719080973e-05,0.07544146035575322,-1.54e-06,2.0955878038400533,3.0496499206866825,63.99956069796198,1.0052136313683062,12.06376994841078,0.12067054082980143,-83.73273770912807,-1.1573229341274334,71.14515618851496,0.6295741068180681,3.7967760429463113,0.2719344611720337,0.4484647964456532,0.00015748,0.7204619827414953,0.00081957,0,0.0
1604,0.4938420757878753,0.2108539077794083,-1.54e-06,2.0955878038400533,3.0496499206866825,-19.160820321470112,1.0052136313683062,12.300204348306575,0.12067054082980143,-80.40409985224004,-1.1573229341274334,1.3706869108763473,0.6295741068180681,64.10153980970041,0.2719344611720337,-0.30511625029934974,0.00015748,0.3220108807246048,0.00081957,1,0.0
1605,0.9677579807732993,0.35063516045518445,-1.54e-06,2.0955878038400533,3.0496499206866825,84.17261297873253,1.0052136313683062,24.464821051407196,0.12067054082980143,-67.9727294590847,-1.1573229341274334,-59.73067593263837,0.6295741068180681,19.54033723861262,0.2719344611720337,0.3631834413962039,0.00015748,0.7879591220569409,0.00081957,0,0.0
1606,0.9954768413948668,0.4458169831443692,-1.54e-06,2.0955878038400533,3.0496499206866825,-6.396734714352713,1.0052136313683062,18.013541921200687,0.12067054082980143,-42.19858631588148,-1.1573229341274334,-83.65499280028827,0.6295741068180681,52.362805818329825,0.2719344611720337,-0.4038850893025019,0.00015748,0.40947935937065916,0.00081957,1,0.0
1607,0.23116458231628823,0.9921554874279589,-1.54e-06,2.0955878038400533,3.0496499206866825,-8.197728201014495,1.0052136313683062,19.385261853780673,0.12067054082980143,-51.96893202106964,-1.1573229341274334,-5.413771628347082,0.6295741068180681,19.55409317287788,0.2719344611720337,-0.5613213966571072,0.00015748,0.5943422591049706,0.00081957,1,0.0
1608,1.2393861128843053,0.25422239020634285,-1.54e-06,2.0955878038400533,3.0496499206866825,-82.88213467327006,1.0052136313683062,3.89210703033699,0.12067054082980143,-31.509164941932003,-1.1573229341274334,-28.805087226078204,0.6295741068180681,89.11336892912567,0.2719344611720337,-0.049495344995845736,0.00015748,0.04993534516535564,0.00081957,1,0.0
1609,-0.0001503152608892666,0.10589572627920939,-1.54e-06,2.0955878038400533,3.0496499206866825,86.29666047239898,1.0052136313683062,14.426917666666121,0.12067054082980143,-82.23589260844486,-1.1573229341274334,65.73254687951476,0.6295741068180681,-8.899218900776964,0.2719344611720337,0.5482518743202291,0.00015748,0.8341035879237793,0.00081957,0,0.0
1610,0.9401272791185813,0.4361594459641194,-1.54e-06,2.0955878038400533,3.0496499206866825,-48.80719801264231,1.0052136313683062,10.278644706605037,0.12067054082980143,-16.77559501215839,-1.1573229341274334,-46.04988172911998,0.6295741068180681,49.978178283132856,0.2719344611720337,-0.3257505777321086,0.00015748,0.32705571809318323,0.00081957,1,0.0
1611,1.0775754066521168,0.4674420472177782,-1.54e-06,2.0955878038400533,3.0496499206866825,-81.28154731289118,1.0052136313683062,14.123071559899138,0.12067054082980143,-69.59848004805404,-1.1573229341274334,-6.706045642774677,0.6295741068180681,92.47045455914927,0.2719344611720337,-0.366829340477514,0.00015748,0.36501069185274887,0.00081957,1,0.0
1612,0.023109992939178925,0.2973547657412625,-1.54e-06,2.0955878038400533,3.0496499206866825,43.646602261916854,1.0052136313683062,18.190868042199476,0.12067054082980143,-76.33938728741172,-1.1573229341274334,34.01521647402785,0.6295741068180681,5.713635967101158,0.2719344611720337,0.08641359737650833,0.00015748,0.5726922041390219,0.00081957,0,0.0
1613,0.8831263444780968,0.2089139495099105,-1.54e-06,2.0955878038400533,3.0496499206866825,-77.62260400540023,1.0052136313683062,-3.0729749501255648,0.12067054082980143,-9.349457900101921,-1.1573229341274334,-4.467195544297065,0.6295741068180681,65.7712566663023,0.2719344611720337,-0.12387268747403812,0.00015748,0.12435077401374522,0.00081957,1,0.0
1614,1.0542663198207936,0.7675092281235114,-1.54e-06,2.0955878038400533,3.0496499206866825,26.89109613555529,1.0052136313683062,24.69709705840668,0.12067054082980143,-73.89218559180739,-1.1573229341274334,-92.87666688830849,0.6295741068180681,57.7461550303345,0.2719344611720337,-0.446640895582024,0.00015748,0.6505381592995962,0.00081957,1,0.0
1615,1.340860757893615,1.2874076331961093,-1.54e-06,2.0955878038400533,3.0496499206866825,-70.9561138420651,1.0052136313683062,24.738299835553825,0.12067054082980143,-79.42636224229173,-1.1573229341274334,-46.526851570687704,0.6295741068180681,95.10696005865583,0.2719344611720337,-0.6436426788329045,0.00015748,0.6446115284920816,0.00081957,1,0.0
1616,0.8033083585996073,0.26373825364414594,-1.54e-06,2.0955878038400533,3.0496499206866825,81.92926678600999,1.0052136313683062,24.931815603408158,0.12067054082980143,-80.26546511392215,-1.1573229341274334,-37.061209417849696,0.6295741068180681,19.778155034930755,0.2719344611720337,0.3669871217370747,0.00015748,0.7784143908910733,0.00081957,0,0.0
1617,0.5692884678695584,1.8666728132877328,-1.54e-06,2.0955878038400533,3.0496499206866825,-1.9553139949238991,1.0052136313683062,20.898301082256246,0.12067054082980143,-0.23473457456750083,-1.1573229341274334,-84.45204678223983,0.6295741068180681,1.0051782201172057,0.2719344611720337,-0.7980305868127827,0.00015748,0.6700997288859568,0.00081957,1,0.0
1618,0.6525872590293702,0.26995882631890317,-1.54e-06,2.0955878038400533,3.0496499206866825,-1.5688135688494211,1.0052136313683062,10.320800705169098,0.12067054082980143,-54.43880657711409,-1.1573229341274334,-26.11997516190239,0.6295741068180681,50.2620418387633,0.2719344611720337,-0.16915457922572008,0.00015748,0.35745141224591326,0.00081957,1,0.0
1619,0.0014068199603928244,0.16001758371516198,-1.54e-06,2.0955878038400533,3.0496499206866825,35.87797270454609,1.0052136313683062,7.1483509895876445,0.12067054082980143,-47.55596862235565,-1.1573229341274334,51.68908468589492,0.6295741068180681,-1.2053201543296654,0.2719344611720337,0.26376439135545116,0.00015748,0.536150448570949,0.00081957,0,0.0
1620,1.1369505257635926,0.676455950291339,-1.54e-06,2.0955878038400533,3.0496499206866825,-7.553566819269801,1.0052136313683062,22.560988629661836,0.12067054082980143,-56.211066570282334,-1.1573229341274334,-93.8176429814633,0.6295741068180681,62.625143838020485,0.2719344611720337,-0.5104652637377692,0.00015748,0.5106869980783241,0.00081957,1,0.0
1621,0.0027680307323322273,0.32455977182247364,-1.54e-06,2.0955878038400533,3.0496499206866825,100.0,1.0052136313683062,8.676715004328427,0.12067054082980143,-1.310638751176987,-1.1573229341274334,31.385714767946524,0.6295741068180681,-62.009181205136684,0.2719344611720337,0.31501437214683925,0.00015748,1.2381233090776167,0.00081957,0,0.0
1622,0.3958462197895374,1.2641011562995537,-1.54e-06,2.0955878038400533,3.0496499206866825,0.1489285798397202,1.0052136313683062,19.02307920750513,0.12067054082980143,-63.53110622999059,-1.1573229341274334,46.76518701667552,0.6295741068180681,16.154750849265906,0.2719344611720337,-0.1812131065658945,0.00015748,1.0354070165033171,0.00081957,1,0.0
1623,0.0735113823137542,0.06274237719518963,-1.54e-06,2.0955878038400533,3.0496499206866825,-75.90513567346473,1.0052136313683062,-3.1651793347699773,0.12067054082980143,-54.55556059276783,-1.1573229341274334,92.71200327836752,0.6295741068180681,57.27542083171764,0.2719344611720337,-0.1660954072034947,0.00015748,0.16608436137693938,0.00081957,1,0.0
1624,-0.021956391229897676,1.2151540815426198,-1.54e-06,2.0955878038400533,3.0496499206866825,-67.9219086417736,1.0052136313683062,14.711126972679091,0.12067054082980143,-90.72946104697812,-1.1573229341274334,95.56589928683228,0.6295741068180681,50.029940700408524,0.2719344611720337,-0.6416877552187787,0.00015748,0.6631073583249996,0.00081957,1,0.0
1625,1.132878814216602,0.6115316065138368,-1.54e-06,2.0955878038400533,3.0496499206866825,11.873900132187522,1.0052136313683062,21.48898613737352,0.12067054082980143,-78.71024842044343,-1.1573229341274334,-68.49974415361964,0.6295741068180681,68.47554899631102,0.2719344611720337,-0.24527630548800117,0.00015748,0.5964251572677226,0.00081957,1,0.0
1626,0.5026789122105804,0.24337284657103814,-1.54e-06,2.0955878038400533,3.0496499206866825,5.966058095875715,1.0052136313683062,13.319676127904728,0.12067054082980143,-52.809631453866515,-1.1573229341274334,-37.211531547664514,0.6295741068180681,40.21185622452075,0.2719344611720337,-0.3288100787115832,0.00015748,0.34748919233360087,0.00081957,1,0.0
1627,0.00043987497424091693,0.2667600768771158,-1.54e-06,2.0955878038400533,3.0496499206866825,79.37729477836209,1.0052136313683062,8.291262448392926,0.12067054082980143,-40.713247752196786,-1.1573229341274334,75.95387940497757,0.6295741068180681,-32.68829553425886,0.2719344611720337,0.36558618117258856,0.00015748,1.2469338878103957,0.00081957,0,0.0
1628,0.10645933149930742,0.32765673780546095,-1.54e-06,2.0955878038400533,3.0496499206866825,86.50493673901649,1.0052136313683062,15.452253155602715,0.12067054082980143,-2.7715991279383103,-1.1573229341274334,-77.8063712003648,0.6295741068180681,-35.111642600797,0.2719344611720337,-0.1520040192142395,0.00015748,0.44525383873824315,0.00081957,1,0.0
1629,0.01080199555528738,0.0732496496816777,-1.54e-06,2.0955878038400533,3.0496499206866825,73.3564841527507,1.0052136313683062,11.435200658187357,0.12067054082980143,-45.6594444625087,-1.1573229341274334,28.73429840612156,0.6295741068180681,-18.58920052851508,0.2719344611720337,0.4219264818674155,0.00015748,0.5811075941979268,0.00081957,0,0.0
1630,-0.31768824835826404,1.5180157113984216,-1.54e-06,2.0955878038400533,3.0496499206866825,-34.79873092909933,1.0052136313683062,2.4291690714465592,0.12067054082980143,-26.719977060579538,-1.1573229341274334,95.2490470497418,0.6295741068180681,-1.6646736363627586,0.2719344611720337,-0.42031001676537283,0.00015748,0.7036349927499483,0.00081957,1,0.0
1631,0.08128718864171847,0.31589294972938115,-1.54e-06,2.0955878038400533,3.0496499206866825,-85.20671422825224,1.0052136313683062,-11.011194634124871,0.12067054082980143,-6.737622807512394,-1.1573229341274334,83.73767453489867,0.6295741068180681,37.56798977266337,0.2719344611720337,-0.380600677685312,0.00015748,0.379861320396922,0.00081957,1,0.0
1632,1.077203615805642,1.358861102991373,-1.54e-06,2.0955878038400533,3.0496499206866825,42.580284627768286,1.0052136313683062,5.451300877285553,0.12067054082980143,-92.36227699827455,-1.1573229341274334,65.18334959935515,0.6295741068180681,57.859088625479735,0.2719344611720337,0.29777904731319516,0.00015748,1.6269251142641405,0.00081957,0,0.0
1633,0.23603661845981516,0.1408651736128528,-1.54e-06,2.0955878038400533,3.0496499206866825,9.599693772422828,1.0052136313683062,5.218627222038572,0.12067054082980143,-31.545560799383594,-1.1573229341274334,-12.55053750865243,0.6295741068180681,22.247867858259855,0.2719344611720337,-0.16681026903664165,0.00015748,0.2510447827262756,0.00081957,1,0.0
1634,0.005142101589969472,0.16016673506065793,-1.54e-06,2.0955878038400533,3.0496499206866825,-56.9678855902959,1.0052136313683062,-2.4360581916262247,0.12067054082980143,-56.33282876642963,-1.1573229341274334,97.72257169099406,0.6295741068180681,47.02170015544904,0.2719344611720337,-0.09670739459470552,0.00015748,0.2813321795962961,0.00081957,1,0.0
1635,-8.364624267681586e-05,0.5557971065218865,-1.54e-06,2.0955878038400533,3.0496499206866825,-68.71774986353319,1.0052136313683062,4.1094164347083995,0.12067054082980143,-54.48706232744731,-1.1573229341274334,93.60395192344893,0.6295741068180681,39.76580443813135,0.2719344611720337,-0.40611963654929994,0.00015748,0.5081496474744354,0.00081957,1,0.0
1636,0.19977053157167568,0.233515781357734,-1.54e-06,2.0955878038400533,3.0496499206866825,-12.227919754191673,1.0052136313683062,8.94828654875996,0.12067054082980143,-43.45298212099119,-1.1573229341274334,24.962961846239935,0.6295741068180681,23.224410821608544,0.2719344611720337,-0.10007538159056933,0.00015748,0.33590410109822894,0.00081957,1,0.0
1637,0.3345592375403116,0.05720279128655679,-1.54e-06,2.0955878038400533,3.0496499206866825,-38.67505373645753,1.0052136313683062,7.971132871467261,0.12067054082980143,-74.027422110269,-1.1573229341274334,33.4973841695322,0.6295741068180681,61.577439145911114,0.2719344611720337,-0.16574732089941077,0.00015748,0.16626862285935737,0.00081957,1,0.0
1638,0.36322472739139267,0.18494397459119527,-1.54e-06,2.0955878038400533,3.0496499206866825,55.389300710424,1.0052136313683062,14.481219054630298,0.12067054082980143,-52.77616107196606,-1.1573229341274334,-7.117333500054792,0.6295741068180681,7.1571598108722565,0.2719344611720337,0.29135311367996275,0.00015748,0.4765512377951737,0.00081957,0,0.0
1639,0.5252579817717435,0.14090190413868395,-1.54e-06,2.0955878038400533,3.0496499206866825,21.41060324618094,1.0052136313683062,8.608992116333308,0.12067054082980143,-1e-20,-1.1573229341274334,-77.06997530574466,0.6295741068180681,9.874170689912008,0.2719344611720337,-0.24017857924439584,0.00015748,0.24049085983060264,0.00081957,1,0.0
1640,0.0007131102777612197,0.2161798945658321,-1.54e-06,2.0955878038400533,3.0496499206866825,49.22040161688172,1.0052136313683062,5.936215809790501,0.12067054082980143,-47.578110945309106,-1.1573229341274334,75.7254341687397,0.6295741068180681,-10.90898941878344,0.2719344611720337,0.28447466882114636,0.00015748,0.9295514875591155,0.00081957,0,0.0
1641,1.3860812561478824,0.661631876552518,-1.54e-06,2.0955878038400533,3.0496499206866825,55.805637814143445,1.0052136313683062,19.470789321720822,0.12067054082980143,-59.90964063216847,-1.1573229341274334,-70.78008683913089,0.6295741068180681,45.59162873054897,0.2719344611720337,0.3550402197189362,0.00015748,0.8106478560268213,0.00081957,0,0.0
1642,0.9414233598579136,0.33201169548998566,-1.54e-06,2.0955878038400533,3.0496499206866825,63.57950419802159,1.0052136313683062,23.283814633004738,0.12067054082980143,-76.86432579869306,-1.1573229341274334,-37.961093003748566,0.6295741068180681,30.572056227144497,0.2719344611720337,0.37498253486241395,0.00015748,0.7170501590649826,0.00081957,0,0.0
1643,1.1752183050071938,0.43514741190696593,-1.54e-06,2.0955878038400533,3.0496499206866825,52.79050146170215,1.0052136313683062,24.138363351115505,0.12067054082980143,-99.76541029496475,-1.1573229341274334,-31.861791191976963,0.6295741068180681,56.17815883316787,0.2719344611720337,0.3596280327992307,0.00015748,0.8174683272203045,0.00081957,0,0.0
1644,0.200074339662206,0.04763473682454959,-1.54e-06,2.0955878038400533,3.0496499206866825,-50.4730350455453,1.0052136313683062,0.5351083105503284,0.12067054082980143,-62.09832773257537,-1.1573229341274334,58.31695258859672,0.6295741068180681,59.36479926966919,0.2719344611720337,-0.08846430257078823,0.00015748,0.08869931720833756,0.00081957,1,0.0
1645,0.3053720415470533,0.012848823861861458,-1.54e-06,2.0955878038400533,3.0496499206866825,-30.641265513797475,1.0052136313683062,2.1157008897430734,0.12067054082980143,-26.81626263621552,-1.1573229341274334,10.676620513587244,0.6295741068180681,34.952408994488884,0.2719344611720337,-0.031316859179805895,0.00015748,0.031116271778255742,0.00081957,1,0.0
1646,-0.0006257759621755496,0.5845708613357956,-1.54e-06,2.0955878038400533,3.0496499206866825,41.826414236832385,1.0052136313683062,0.4695059782942886,0.12067054082980143,-22.866098509704624,-1.1573229341274334,88.23452200453664,0.6295741068180681,-22.404416533019077,0.2719344611720337,0.14247114196675204,0.00015748,1.2249249339405788,0.00081957,0,0.0
1647,0.002653966318106993,0.09132385690609361,-1.54e-06,2.0955878038400533,3.0496499206866825,83.58536447027744,1.0052136313683062,9.816361757095144,0.12067054082980143,-26.574111534522014,-1.1573229341274334,15.70407400151169,0.6295741068180681,-32.293779795323616,0.2719344611720337,0.39522585596311477,0.00015748,0.6502327969490784,0.00081957,0,0.0
1648,0.005655449250382083,0.19952850427357932,-1.54e-06,2.0955878038400533,3.0496499206866825,53.01709497107466,1.0052136313683062,6.952428494562086,0.12067054082980143,-54.81020309803272,-1.1573229341274334,87.80861716853057,0.6295741068180681,-11.349328766765739,0.2719344611720337,0.314381377811481,0.00015748,1.0586226983170262,0.00081957,0,0.0
1649,0.7614962236612409,1.500173220725156,-1.54e-06,2.0955878038400533,3.0496499206866825,-26.990629698602344,1.0052136313683062,-8.974820783305413,0.12067054082980143,-26.342045085661034,-1.1573229341274334,53.42932364668768,0.6295741068180681,51.48412880267364,0.2719344611720337,-0.14345221669784064,0.00015748,1.0592844408391082,0.00081957,1,0.0
1650,0.0024080562234687908,0.12733468402266462,-1.54e-06,2.0955878038400533,3.0496499206866825,42.42302914348246,1.0052136313683062,5.828965119098466,0.12067054082980143,-12.941006721491148,-1.1573229341274334,-5.37728767822163,0.6295741068180681,-14.661236061996679,0.2719344611720337,0.16530427282311858,0.00015748,0.22079916648398665,0.00081957,0,0.0
1651,0.0007660417385593199,0.040417066515082686,-1.54e-06,2.0955878038400533,3.0496499206866825,65.67952613841037,1.0052136313683062,14.102905585717727,0.12067054082980143,-73.55317120449214,-1.1573229341274334,47.988531086391546,0.6295741068180681,-2.5337204806938107,0.2719344611720337,0.4826725382492004,0.00015748,0.5180595024373774,0.00081957,0,0.0
1652,0.6079689216903861,0.24232586989882732,-1.54e-06,2.0955878038400533,3.0496499206866825,19.511568967113835,1.0052136313683062,12.1655081403862,0.12067054082980143,-22.196815984026582,-1.1573229341274334,-75.28687984693033,0.6295741068180681,24.307221683673955,0.2719344611720337,-0.3320787197974921,0.00015748,0.33261453506102473,0.00081957,1,0.0
1653,0.43889795778162777,0.12176428741750571,-1.54e-06,2.0955878038400533,3.0496499206866825,-58.866279146917165,1.0052136313683062,5.9213926407663005,0.12067054082980143,-50.33612573152144,-1.1573229341274334,31.680280215604483,0.6295741068180681,56.43332137597942,0.2719344611720337,-0.2044054319809375,0.00015748,0.20585951386387466,0.00081957,1,0.0
1654,0.04168116461617988,0.24997627437999903,-1.54e-06,2.0955878038400533,3.0496499206866825,67.38066556070993,1.0052136313683062,18.593452854466552,0.12067054082980143,-62.16897476511512,-1.1573229341274334,23.273677869899227,0.6295741068180681,-12.764341731838291,0.2719344611720337,0.22885034956755737,0.00015748,0.6696700492608794,0.00081957,0,0.0
1655,0.29704231855227703,0.28962442450163006,-1.54e-06,2.0955878038400533,3.0496499206866825,84.27847930365895,1.0052136313683062,12.191330976778195,0.12067054082980143,-89.48994740606761,-1.1573229341274334,46.89954600930803,0.6295741068180681,13.902422755883045,0.2719344611720337,0.33272472106231227,0.00015748,1.0570677041473175,0.00081957,0,0.0
1656,0.7152861159376783,0.25111413812720496,-1.54e-06,2.0955878038400533,3.0496499206866825,40.323705288785064,1.0052136313683062,19.09059377572591,0.12067054082980143,-85.12631951198425,-1.1573229341274334,-0.6601993894101219,0.6295741068180681,38.44844946467486,0.2719344611720337,0.3425848191170184,0.00015748,0.5905668727116931,0.00081957,0,0.0
1657,1.1674269766547685,0.42598199233485173,-1.54e-06,2.0955878038400533,3.0496499206866825,49.532989490169825,1.0052136313683062,24.34775038315346,0.12067054082980143,-93.15152284352928,-1.1573229341274334,-35.75566566317217,0.6295741068180681,52.495658106016144,0.2719344611720337,0.36977952959920934,0.00015748,0.761563862422529,0.00081957,0,0.0
1658,0.0005934508603065991,0.0767750684061237,-1.54e-06,2.0955878038400533,3.0496499206866825,61.406782665569956,1.0052136313683062,9.794582888366394,0.12067054082980143,-57.803748299805434,-1.1573229341274334,55.29810710721983,0.6295741068180681,-8.405817310963494,0.2719344611720337,0.38961325025402904,0.00015748,0.6954703551318229,0.00081957,0,0.0
1659,1.2306084326577245,0.5026413507971725,-1.54e-06,2.0955878038400533,3.0496499206866825,73.13670251176133,1.0052136313683062,24.888637668652397,0.12067054082980143,-62.09155545569431,-1.1573229341274334,-78.23495924001834,0.6295741068180681,29.50414573255348,0.2719344611720337,0.36732320312225697,0.00015748,0.7786726407272268,0.00081957,0,0.0
1660,0.6273632241885706,0.30439657694482425,-1.54e-06,2.0955878038400533,3.0496499206866825,40.68988621280994,1.0052136313683062,10.128473028241444,0.12067054082980143,-8.889796993619864,-1.1573229341274334,-81.11352506647233,0.6295741068180681,10.477275541747101,0.2719344611720337,-0.15889202070940273,0.00015748,0.3938778515045896,0.00081957,1,0.0
1661,0.24658034896808834,0.0766432927820788,-1.54e-06,2.0955878038400533,3.0496499206866825,-36.677181980727916,1.0052136313683062,2.304753151767193,0.12067054082980143,-59.088895826692706,-1.1573229341274334,39.51212434518746,0.6295741068180681,54.54371736926446,0.2719344611720337,-0.1286336132830738,0.00015748,0.1442106969929909,0.00081957,1,0.0
1662,1.2927731756667744,0.7536522393081967,-1.54e-06,2.0955878038400533,3.0496499206866825,13.597482422626888,1.0052136313683062,11.052072713353596,0.12067054082980143,-41.079785922515924,-1.1573229341274334,-69.0659135870395,0.6295741068180681,58.643577596453056,0.2719344611720337,0.021310268145503186,0.00015748,0.618435646800252,0.00081957,0,0.0
1663,0.2043621725256387,0.1827778001595595,-1.54e-06,2.0955878038400533,3.0496499206866825,47.244922180759126,1.0052136313683062,10.064640657083444,0.12067054082980143,-18.54936600724235,-1.1573229341274334,-41.38231628784718,0.6295741068180681,-4.742499145787413,0.2719344611720337,-0.07794726358701934,0.00015748,0.3281428073872936,0.00081957,1,0.0
1664,1.58557216075077,0.732999443568216,-1.54e-06,2.0955878038400533,3.0496499206866825,35.37370152770986,1.0052136313683062,23.588816761151662,0.12067054082980143,-85.49871562670823,-1.1573229341274334,-65.81760619989949,0.6295741068180681,71.07375031263884,0.2719344611720337,0.32890468735827344,0.00015748,0.7933347349788946,0.00081957,0,0.0
1665,1.1275730313697445,0.2899837680739129,-1.54e-06,2.0955878038400533,3.0496499206866825,-29.823542303739877,1.0052136313683062,12.111887926348755,0.12067054082980143,-37.42197206897825,-1.1573229341274334,-71.54242783297757,0.6295741068180681,67.7354762766535,0.2719344611720337,-0.27898410158078946,0.00015748,0.27915169114984995,0.00081957,1,0.0
1666,1.1380707557296061,0.25688991957881646,-1.54e-06,2.0955878038400533,3.0496499206866825,-70.13642708907446,1.0052136313683062,9.691571822181356,0.12067054082980143,-48.10667794213873,-1.1573229341274334,-28.18110095688526,0.6295741068180681,85.20392808765811,0.2719344611720337,-0.1964126302165482,0.00015748,0.19970375387352512,0.00081957,1,0.0
1667,0.0024592098330917245,0.09710764693575943,-1.54e-06,2.0955878038400533,3.0496499206866825,-3.1837198687074273,1.0052136313683062,5.9675606452248235,0.12067054082980143,-57.41372476887917,-1.1573229341274334,46.52514454390584,0.6295741068180681,25.89743522668859,0.2719344611720337,0.07770416118648993,0.00015748,0.16695540982253576,0.00081957,0,0.0
1668,1.1627408884554122,0.44178756999704366,-1.54e-06,2.0955878038400533,3.0496499206866825,66.5094241859547,1.0052136313683062,25.398038344837435,0.12067054082980143,-80.53082299318142,-1.1573229341274334,-56.37379744651725,0.6295741068180681,38.988096634059815,0.2719344611720337,0.35790780199279837,0.00015748,0.7950728653754844,0.00081957,0,0.0
1669,0.2701006557361024,0.03783204040090104,-1.54e-06,2.0955878038400533,3.0496499206866825,-36.635951396438855,1.0052136313683062,-2.5249854972238768,0.12067054082980143,-6.418658832866154,-1.1573229341274334,13.751486283000407,0.6295741068180681,26.81156289573202,0.2719344611720337,-0.08854302594872449,0.00015748,0.08934041447458357,0.00081957,1,0.0
1670,0.3341901224225262,0.1902612658277021,-1.54e-06,2.0955878038400533,3.0496499206866825,93.8935922344935,1.0052136313683062,13.787645014850467,0.12067054082980143,-9.212893133442666,-1.1573229341274334,-53.35192365680146,0.6295741068180681,-31.096100671110936,0.2719344611720337,0.36264332107928954,0.00015748,0.4937326681166141,0.00081957,0,0.0
1671,0.24872387773714688,0.07509081427690616,-1.54e-06,2.0955878038400533,3.0496499206866825,-74.1391928267331,1.0052136313683062,-3.6663273057957637,0.12067054082980143,-39.74405524002608,-1.1573229341274334,67.66809651176443,0.6295741068180681,56.096310914284786,0.2719344611720337,-0.1608155387678832,0.00015748,0.1603144477053127,0.00081957,1,0.0
1672,0.4085993884262573,0.10962558430962352,-1.54e-06,2.0955878038400533,3.0496499206866825,48.77612503770058,1.0052136313683062,18.918823364202165,0.12067054082980143,-98.00114366107077,-1.1573229341274334,34.66729343806236,0.6295741068180681,29.262632646114245,0.2719344611720337,0.4321233761329028,0.00015748,0.5912078432827284,0.00081957,0,0.0
1673,1.318666694765278,3.6596434087220775,-1.54e-06,2.0955878038400533,3.0496499206866825,58.28563821749996,1.0052136313683062,-8.253200119971858,0.12067054082980143,-36.09148254110878,-1.1573229341274334,99.32127667408315,0.6295741068180681,25.205318667070856,0.2719344611720337,0.19770578352746204,0.00015748,2.746518818977457,0.00081957,0,0.0
1674,0.6640434072974165,0.07242045544255356,-1.54e-06,2.0955878038400533,3.0496499206866825,-51.508549515224736,1.0052136313683062,1.8027884226890376,0.12067054082980143,-24.0046338102444,-1.1573229341274334,-5.013146204405542,0.6295741068180681,54.11734318673075,0.2719344611720337,-0.018727091704602194,0.00015748,0.019753052531444448,0.00081957,1,0.0
1675,0.9804181141134222,0.23904026009759724,-1.54e-06,2.0955878038400533,3.0496499206866825,-21.794675455457106,1.0052136313683062,10.869007974820853,0.12067054082980143,-34.08989793733822,-1.1573229341274334,-65.50029881831942,0.6295741068180681,58.85426595167876,0.2719344611720337,-0.2678199905772252,0.00015748,0.2672133387068581,0.00081957,1,0.0
1676,0.6337185673531849,0.3029162301555066,-1.54e-06,2.0955878038400533,3.0496499206866825,13.602906236472094,1.0052136313683062,14.57746410032255,0.12067054082980143,-42.35119033171681,-1.1573229341274334,-62.64156657075174,0.6295741068180681,36.329750223349414,0.2719344611720337,-0.3579228617806627,0.00015748,0.38080218005717015,0.00081957,1,0.0
1677,0.5289989034789263,0.2306100126134364,-1.54e-06,2.0955878038400533,3.0496499206866825,54.104317247822664,1.0052136313683062,16.460498565263524,0.12067054082980143,-56.99824849263103,-1.1573229341274334,-18.516415517227717,0.6295741068180681,14.723129333525002,0.2719344611720337,0.27775474526792665,0.00015748,0.523343276902761,0.00081957,0,0.0
1678,0.00040199078221231366,0.2196509444571776,-1.54e-06,2.0955878038400533,3.0496499206866825,37.25647639210533,1.0052136313683062,3.591289793206394,0.12067054082980143,-22.619132013892557,-1.1573229341274334,36.93665932184373,0.6295741068180681,-12.256538814677842,0.2719344611720337,0.1839131797926585,0.00015748,0.56253846199369,0.00081957,0,0.0
1679,0.22843575936291183,0.47211033002914143,-1.54e-06,2.0955878038400533,3.0496499206866825,-50.22482897390011,1.0052136313683062,12.464742518329114,0.12067054082980143,-70.53369097914933,-1.1573229341274334,46.75209040240444,0.6295741068180681,49.34606017154858,0.2719344611720337,-0.4193729017504938,0.00015748,0.4192278127199879,0.00081957,1,0.0
1680,1.1892493385327594,0.24896541196305289,-1.54e-06,2.0955878038400533,3.0496499206866825,-43.249213241664876,1.0052136313683062,4.635368014540102,0.12067054082980143,-0.12350642057849665,-1.1573229341274334,-76.71337113924922,0.6295741068180681,57.97109889570914,0.2719344611720337,-0.09227147799691068,0.00015748,0.0919225506876162,0.00081957,1,0.0
1681,0.009780647728242942,0.04167245079137769,-1.54e-06,2.0955878038400533,3.0496499206866825,-38.47144029274627,1.0052136313683062,-1.7128103209087966,0.12067054082980143,-43.43834938855012,-1.1573229341274334,59.420926565163924,0.6295741068180681,38.279962829372025,0.2719344611720337,-0.0694039755096735,0.00015748,0.08727196991813865,0.00081957,1,0.0
1682,1.1447793913968978,0.39419557227682045,-1.54e-06,2.0955878038400533,3.0496499206866825,-25.599185535864876,1.0052136313683062,15.10701690580785,0.12067054082980143,-59.227125744466335,-1.1573229341274334,-68.04790617561677,0.6295741068180681,78.39154354023185,0.2719344611720337,-0.37211283172117626,0.00015748,0.38062583854516785,0.00081957,1,0.0
1683,0.017957778775932937,0.024537036428817383,-1.54e-06,2.0955878038400533,3.0496499206866825,-39.582646818001834,1.0052136313683062,-2.4777579116002726,0.12067054082980143,-24.46804017597652,-1.1573229341274334,49.07792663778226,0.6295741068180681,27.32658344413246,0.2719344611720337,-0.10480005155885458,0.00015748,0.1050817872839549,0.00081957,1,0.0
1684,0.8284225005242827,0.2548389274530189,-1.54e-06,2.0955878038400533,3.0496499206866825,66.61232759524493,1.0052136313683062,24.271015244076125,0.12067054082980143,-95.78218371872072,-1.1573229341274334,-17.521001686682563,0.6295741068180681,35.126621906129664,0.2719344611720337,0.37116581059207365,0.00015748,0.7669631231912348,0.00081957,0,0.0
1685,0.9845659606215731,0.17854013511688074,-1.54e-06,2.0955878038400533,3.0496499206866825,-67.9498209904145,1.0052136313683062,0.9863651021560726,0.12067054082980143,-15.933617927136353,-1.1573229341274334,-23.46299416593355,0.6295741068180681,67.89969515897876,0.2719344611720337,-0.02808203103772737,0.00015748,0.028480248834497582,0.00081957,1,0.0
1686,0.14236493028877784,0.40168785721235495,-1.54e-06,2.0955878038400533,3.0496499206866825,12.163194309502103,1.0052136313683062,10.730694539864183,0.12067054082980143,-2.283263919330226,-1.1573229341274334,-33.34360922514293,0.6295741068180681,-9.148763710415393,0.2719344611720337,-0.34534354613589663,0.00015748,0.36016261746083716,0.00081957,1,0.0
1687,0.4158617220717631,0.24191629706783918,-1.54e-06,2.0955878038400533,3.0496499206866825,54.75853835698536,1.0052136313683062,12.474940881069141,0.12067054082980143,-92.28010835343208,-1.1573229341274334,47.7461171207421,0.6295741068180681,29.963318034558558,0.2719344611720337,0.3500403000220006,0.00015748,0.8532406548829427,0.00081957,0,0.0
1688,0.46426750772959624,0.26422662147421216,-1.54e-06,2.0955878038400533,3.0496499206866825,33.49991190650219,1.0052136313683062,12.879190441551483,0.12067054082980143,-20.04039338939447,-1.1573229341274334,-76.3307833861262,0.6295741068180681,12.651675810945802,0.2719344611720337,-0.35647378739498004,0.00015748,0.3569690321099762,0.00081957,1,0.0
1689,0.3979504181063349,0.04301711240857929,-1.54e-06,2.0955878038400533,3.0496499206866825,-51.081175440622374,1.0052136313683062,-0.1749574777447076,0.12067054082980143,-23.67057376439384,-1.1573229341274334,21.10816051841453,0.6295741068180681,43.7505346693807,0.2719344611720337,-0.08084670131372848,0.00015748,0.08036036251117568,0.00081957,1,0.0
1690,0.09627474299708577,0.017056228236795805,-1.54e-06,2.0955878038400533,3.0496499206866825,-60.91270533542518,1.0052136313683062,4.377590900360145,0.12067054082980143,-90.89658251369441,-1.1573229341274334,88.08853135374522,0.6295741068180681,70.1588678051302,0.2719344611720337,-0.06501624724240905,0.00015748,0.06537284954038318,0.00081957,1,0.0
1691,0.0034911929425071597,0.22572988925647902,-1.54e-06,2.0955878038400533,3.0496499206866825,46.446687803022904,1.0052136313683062,5.887211105684082,0.12067054082980143,-55.59335471909129,-1.1573229341274334,89.80929225088224,0.6295741068180681,-6.845363891303782,0.2719344611720337,0.29040973073727644,0.00015748,1.0151273003943926,0.00081957,0,0.0
1692,0.15107584625438797,0.08545838080141122,-1.54e-06,2.0955878038400533,3.0496499206866825,92.14362347535203,1.0052136313683062,14.334955391169576,0.12067054082980143,-36.65490508951788,-1.1573229341274334,-9.054891046833589,0.6295741068180681,-24.952575801745326,0.2719344611720337,0.4666709741029645,0.00015748,0.5338630870930066,0.00081957,0,0.0
1693,0.05887962726406426,0.05548008858593987,-1.54e-06,2.0955878038400533,3.0496499206866825,36.83753847509746,1.0052136313683062,13.181960693079262,0.12067054082980143,-95.00750093867484,-1.1573229341274334,82.20225050649348,0.6295741068180681,20.32605866471785,0.2719344611720337,0.4298596149316222,0.00015748,0.591388730954618,0.00081957,0,0.0
1694,0.29852243098659237,0.11518136031753906,-1.54e-06,2.0955878038400533,3.0496499206866825,96.50650501120221,1.0052136313683062,17.230234190995056,0.12067054082980143,-43.02169095006508,-1.1573229341274334,-24.481560622863974,0.6295741068180681,-18.770231431520706,0.2719344611720337,0.42030582957979057,0.00015748,0.6035115063694863,0.00081957,0,0.0
1695,1.0413662040221996,0.39160123411301934,-1.54e-06,2.0955878038400533,3.0496499206866825,-18.077096797766327,1.0052136313683062,16.44069935802609,0.12067054082980143,-60.751278154054155,-1.1573229341274334,-65.82501054922777,0.6295741068180681,71.32708871573864,0.2719344611720337,-0.3896916722545197,0.00015748,0.39819947251899357,0.00081957,1,0.0
1696,0.00033936786917643236,0.06505133787807209,-1.54e-06,2.0955878038400533,3.0496499206866825,47.12893035445801,1.0052136313683062,13.344651851572857,0.12067054082980143,-95.2159801276073,-1.1573229341274334,89.83934039924634,0.6295741068180681,12.693047888917452,0.2719344611720337,0.45243297618256684,0.00015748,0.7060906507366501,0.00081957,0,0.0
1697,0.7213819659867512,0.13705745825231222,-1.54e-06,2.0955878038400533,3.0496499206866825,-80.77427777145405,1.0052136313683062,-1.8021468399727474,0.12067054082980143,-28.052545785445414,-1.1573229341274334,21.811866849267908,0.6295741068180681,69.36832044958443,0.2719344611720337,-0.11504647138042709,0.00015748,0.11668325788202072,0.00081957,1,0.0
1698,0.05473046086619582,0.3267317132027445,-1.54e-06,2.0955878038400533,3.0496499206866825,52.212444924785565,1.0052136313683062,15.384893713634838,0.12067054082980143,-31.832836124316547,-1.1573229341274334,-41.48417332138896,0.6295741068180681,-8.428536276219909,0.2719344611720337,-0.27618940969940325,0.00015748,0.39837968076120783,0.00081957,1,0.0
1699,0.639893499173814,0.12226591444659929,-1.54e-06,2.0955878038400533,3.0496499206866825,-34.91312324678616,1.0052136313683062,9.945510471653314,0.12067054082980143,-52.038428351180634,-1.1573229341274334,-11.35656850535271,0.6295741068180681,57.80274531694082,0.2719344611720337,-0.20164260462463873,0.00015748,0.2075800148432307,0.00081957,1,0.0
1700,0.005716186804174794,0.20984876863456978,-1.54e-06,2.0214205979719013,3.067752800365439,30.057216563456365,1.0052136313683062,3.519583842633404,0.12067054082980143,-28.433652111393013,-1.1573229341274334,43.634397266128985,0.6295741068180681,-6.176383518151701,0.2719344611720337,0.18589444226608579,0.00015748,0.5349088401058821,0.00081957,0,0.0
1701,0.7081220481220407,0.1958425952199955,-1.54e-06,2.0214205979719013,3.067752800365439,-49.400183745075914,1.0052136313683062,13.76487664520956,0.12067054082980143,-95.21931504220125,-1.1573229341274334,12.450724955657922,0.6295741068180681,87.84564050654919,0.2719344611720337,-0.297320030616441,0.00015748,0.2989809620411466,0.00081957,1,0.0
1702,0.5986958071824645,0.08426780705002172,-1.54e-06,2.0214205979719013,3.067752800365439,-74.08480411888446,1.0052136313683062,-0.4703041932887393,0.12067054082980143,-40.05496663848094,-1.1573229341274334,34.10892427937927,0.6295741068180681,68.0417794529464,0.2719344611720337,-0.08938592212532444,0.00015748,0.08907806119722723,0.00081957,1,0.0
1703,0.9406012401235236,0.45032447802943365,-1.54e-06,2.0214205979719013,3.067752800365439,29.33542364695495,1.0052136313683062,12.530481290365428,0.12067054082980143,-57.36723273006195,-1.1573229341274334,-15.985232527831572,0.6295741068180681,40.49973852079539,0.2719344611720337,0.3296319335949701,0.00015748,0.6827376652918237,0.00081957,0,0.0
1704,0.06897979613798264,0.019027490355797236,-1.54e-06,2.0214205979719013,3.067752800365439,-5.433015953322644,1.0052136313683062,3.8304937250568742,0.12067054082980143,-27.274147868726292,-1.1573229341274334,8.345797689964172,0.6295741068180681,17.444220212328332,0.2719344611720337,-0.09233100122173876,0.00015748,0.09439451530478754,0.00081957,1,0.0
1705,1.3686626207085772,0.4029000225700345,-1.54e-06,2.0214205979719013,3.067752800365439,-90.5027319609442,1.0052136313683062,-0.6253982679402386,0.12067054082980143,-3.377081367425568,-1.1573229341274334,-42.61041930181743,0.6295741068180681,83.46130610395548,0.2719344611720337,-0.10595830523607139,0.00015748,0.10695263179104969,0.00081957,1,0.0
1706,1.2261498242793079,0.48826487722507483,-1.54e-06,2.0214205979719013,3.067752800365439,51.05241026828761,1.0052136313683062,24.578487795790217,0.12067054082980143,-73.19034551470843,-1.1573229341274334,-60.665489511266976,0.6295741068180681,43.36855422893851,0.2719344611720337,0.3390706930422371,0.00015748,0.7709026075321326,0.00081957,0,0.0
1707,0.00012118789422049803,0.20660628437039472,-1.54e-06,2.0214205979719013,3.067752800365439,73.34736209129727,1.0052136313683062,5.781682956925525,0.12067054082980143,-23.296524449657657,-1.1573229341274334,56.00382090566861,0.6295741068180681,-34.8463885100509,0.2719344611720337,0.3248270480060606,0.00015748,1.0685522656065698,0.00081957,0,0.0
1708,0.4335452964856967,0.2545547898979284,-1.54e-06,2.0214205979719013,3.067752800365439,24.696445441865855,1.0052136313683062,13.255549295762917,0.12067054082980143,-38.019272426591705,-1.1573229341274334,-44.92811524709925,0.6295741068180681,21.24249264339145,0.2719344611720337,-0.19804698361884504,0.00015748,0.38012598559281235,0.00081957,1,0.0
1709,0.5947519319741841,0.30182282907106,-1.54e-06,2.0214205979719013,3.067752800365439,25.994051187693024,1.0052136313683062,16.13220819129035,0.12067054082980143,-60.0754622042235,-1.1573229341274334,-27.348316938470557,0.6295741068180681,33.03142572557151,0.2719344611720337,0.0045000857340107,0.00015748,0.48135527829044533,0.00081957,0,0.0
1710,0.8846016417871055,0.28870424827821245,-1.54e-06,2.0214205979719013,3.067752800365439,-9.850947639673262,1.0052136313683062,11.51866127025252,0.12067054082980143,-36.178287591243624,-1.1573229341274334,-69.5869995413417,0.6295741068180681,53.56701646736049,0.2719344611720337,-0.3294486719862709,0.00015748,0.3370989013340019,0.00081957,1,0.0
1711,0.34636619745611774,0.2298527664654136,-1.54e-06,2.0214205979719013,3.067752800365439,73.89838402240926,1.0052136313683062,13.314535522667107,0.12067054082980143,-9.973188975071245,-1.1573229341274334,-58.89872096093523,0.6295741068180681,-19.724939380270836,0.2719344611720337,0.16679249352069556,0.00015748,0.4655083495911416,0.00081957,0,0.0
1712,1.4371196215012518,0.49516264790060494,-1.54e-06,2.0214205979719013,3.067752800365439,-44.24123312057694,1.0052136313683062,16.57045151227749,0.12067054082980143,-59.66890876592894,-1.1573229341274334,-83.88941479281065,0.6295741068180681,94.88928985321267,0.2719344611720337,-0.38740106180865364,0.00015748,0.3885950433640306,0.00081957,1,0.0
1713,0.001173884265611158,0.21044294604763086,-1.54e-06,2.0214205979719013,3.067752800365439,64.07982410943825,1.0052136313683062,5.664345354121673,0.12067054082980143,-34.68469809413287,-1.1573229341274334,70.45507759403473,0.6295741068180681,-25.48722530529388,0.2719344611720337,0.31818909378659044,0.00015748,1.0728948955458222,0.00081957,0,0.0
1714,0.611278860299876,0.13076903287210273,-1.54e-06,2.0214205979719013,3.067752800365439,-41.31503663199073,1.0052136313683062,10.620227002784299,0.12067054082980143,-76.25865318195433,-1.1573229341274334,7.756752901797899,0.6295741068180681,73.3401379041495,0.2719344611720337,-0.23776614821215222,0.00015748,0.23883996072725464,0.00081957,1,0.0
1715,0.003985740957722306,0.1478980555873827,-1.54e-06,2.0214205979719013,3.067752800365439,47.256036737129946,1.0052136313683062,6.055743011216631,0.12067054082980143,-18.674456584596584,-1.1573229341274334,2.6916724799776253,0.6295741068180681,-14.37329341957596,0.2719344611720337,0.19699494977505594,0.00015748,0.32947675137957677,0.00081957,0,0.0
1716,1.2386410038406384,0.479586172209804,-1.54e-06,2.0214205979719013,3.067752800365439,70.92580092518666,1.0052136313683062,28.07930471514789,0.12067054082980143,-78.56470254650463,-1.1573229341274334,-71.06691275807277,0.6295741068180681,37.05119866145285,0.2719344611720337,0.34764951951662787,0.00015748,0.8887084014501709,0.00081957,0,0.0
1717,0.049819269362278235,0.5651218038682628,-1.54e-06,2.0214205979719013,3.067752800365439,-47.589794517333814,1.0052136313683062,1.9372206038584767,0.12067054082980143,-8.530301810202484,-1.1573229341274334,42.21618651587152,0.6295741068180681,12.853262979794057,0.2719344611720337,-0.4630604077034763,0.00015748,0.44390207730842096,0.00081957,1,0.0
1718,1.239541190059747,0.29868519906717594,-1.54e-06,2.0214205979719013,3.067752800365439,-88.01092187721986,1.0052136313683062,0.9265337546968845,0.12067054082980143,-19.08330585281794,-1.1573229341274334,-26.346918418138312,0.6295741068180681,85.33409161812061,0.2719344611720337,-0.07482274733677269,0.00015748,0.07523780386711343,0.00081957,1,0.0
1719,-0.3909786807186575,4.1090141942449225,-1.54e-06,2.0214205979719013,3.067752800365439,86.47523463271952,1.0052136313683062,33.089493518531974,0.12067054082980143,-38.595903247624655,-1.1573229341274334,0.21777493317413854,0.6295741068180681,-66.91210372206467,0.2719344611720337,-0.6446707131868139,0.00015748,1.33541220000124,0.00081957,1,0.0
1720,0.008547858353014415,0.20291992704895065,-1.54e-06,2.0214205979719013,3.067752800365439,61.33848040467068,1.0052136313683062,5.950919422596298,0.12067054082980143,-30.411126921865645,-1.1573229341274334,57.40657131707702,0.6295741068180681,-24.70014043816793,0.2719344611720337,0.306582513079352,0.00015748,0.9402432190490695,0.00081957,0,0.0
1721,0.7016253683682563,0.09056022506233229,-1.54e-06,2.0214205979719013,3.067752800365439,-45.733585596029414,1.0052136313683062,1.56801559290547,0.12067054082980143,-11.35256979562394,-1.1573229341274334,-19.823799696224494,0.6295741068180681,46.696297184003356,0.2719344611720337,-0.03579511492813013,0.00015748,0.03423715329824774,0.00081957,1,0.0
1722,0.08694979635781885,0.12113437695225618,-1.54e-06,2.0214205979719013,3.067752800365439,0.800858835620285,1.0052136313683062,8.747958640612302,0.12067054082980143,-60.455784184951604,-1.1573229341274334,25.61422390729155,0.6295741068180681,29.658717004001627,0.2719344611720337,-0.08402826590739437,0.00015748,0.2427020704857305,0.00081957,1,0.0
1723,0.21090528736147052,0.08441975671541374,-1.54e-06,2.0214205979719013,3.067752800365439,58.64839351590087,1.0052136313683062,14.539672073115325,0.12067054082980143,-63.94022282553171,-1.1573229341274334,26.423631128143672,0.6295741068180681,2.444692966487349,0.2719344611720337,0.4796204209887449,0.00015748,0.5179073287542021,0.00081957,0,0.0
1724,0.006120130518071143,1.06966232210692,-1.54e-06,2.0214205979719013,3.067752800365439,22.410200709665848,1.0052136313683062,18.408461379872072,0.12067054082980143,-22.224533470588348,-1.1573229341274334,-21.175750855524527,0.6295741068180681,-15.417978041592955,0.2719344611720337,-0.5211709760326484,0.00015748,0.6201252181472758,0.00081957,1,0.0
1725,0.11862453281154783,0.05085053859696033,-1.54e-06,2.0214205979719013,3.067752800365439,82.89381280620468,1.0052136313683062,17.911476251692363,0.12067054082980143,-70.64321880539252,-1.1573229341274334,16.584054938389514,0.6295741068180681,-6.9422116627039046,0.2719344611720337,0.41085248712538747,0.00015748,0.6427170293737338,0.00081957,0,0.0
1726,0.09800479049444522,0.04162091267908066,-1.54e-06,2.0214205979719013,3.067752800365439,68.15959655140196,1.0052136313683062,18.031103496132342,0.12067054082980143,-86.59209908646429,-1.1573229341274334,39.25077021383201,0.6295741068180681,5.243735374657964,0.2719344611720337,0.4244115456142067,0.00015748,0.6127150079091647,0.00081957,0,0.0
1727,0.637490225401312,0.08114264056392267,-1.54e-06,2.0214205979719013,3.067752800365439,-54.733118468461306,1.0052136313683062,7.457578982589845,0.12067054082980143,-71.62956314444507,-1.1573229341274334,19.17224787604924,0.6295741068180681,77.75400215988466,0.2719344611720337,-0.15351810007214695,0.00015748,0.15456975339522316,0.00081957,1,0.0
1728,-0.001936995203756009,0.33721147844746735,-1.54e-06,2.0214205979719013,3.067752800365439,-3.1128147428458592,1.0052136313683062,-1.5678551117384312,0.12067054082980143,-1.4947577664974392,-1.1573229341274334,42.92263444270923,0.6295741068180681,-6.366910144220178,0.2719344611720337,-0.07727064905365305,0.00015748,0.504607389581156,0.00081957,1,0.0
1729,1.0884175144086354,0.18839034245007494,-1.54e-06,2.0214205979719013,3.067752800365439,-72.31795662981303,1.0052136313683062,9.171204343688853,0.12067054082980143,-67.89770017171867,-1.1573229341274334,-11.220961331541451,0.6295741068180681,97.5844166689251,0.2719344611720337,-0.1729691248569593,0.00015748,0.17290679421837868,0.00081957,1,0.0
1730,1.0800157729919788,0.19707569141909606,-1.54e-06,2.0214205979719013,3.067752800365439,-49.894275035010025,1.0052136313683062,4.42652046262482,0.12067054082980143,-9.320966383074312,-1.1573229341274334,-56.34969557383332,0.6295741068180681,60.560325644983465,0.2719344611720337,-0.07049110482265203,0.00015748,0.07024379107980239,0.00081957,1,0.0
1731,0.30284737027985353,0.13258047493329309,-1.54e-06,2.0214205979719013,3.067752800365439,-75.31029187661734,1.0052136313683062,4.893657743491754,0.12067054082980143,-71.44823904572496,-1.1573229341274334,74.7862357871111,0.6295741068180681,67.51871701893668,0.2719344611720337,-0.23147651098132008,0.00015748,0.23767774896918784,0.00081957,1,0.0
1732,0.2352896306868817,0.16228584614047226,-1.54e-06,2.0214205979719013,3.067752800365439,-5.759700277359868,1.0052136313683062,11.384428406321152,0.12067054082980143,-74.44758203186841,-1.1573229341274334,23.73353744507043,0.6295741068180681,43.29896209803132,0.2719344611720337,-0.11928213188763284,0.00015748,0.2998639870094769,0.00081957,1,0.0
1733,0.003664814077492473,0.07995037108969674,-1.54e-06,2.0214205979719013,3.067752800365439,6.3376968288037165,1.0052136313683062,4.295364036620571,0.12067054082980143,-30.949409873295295,-1.1573229341274334,20.98470120829761,0.6295741068180681,10.063003188067164,0.2719344611720337,0.05724651066549059,0.00015748,0.13251476318749011,0.00081957,0,0.0
1734,0.0022700493360083562,0.4970466896385884,-1.54e-06,2.0214205979719013,3.067752800365439,87.61918797710572,1.0052136313683062,3.3312968743009477,0.12067054082980143,-17.495033797141964,-1.1573229341274334,93.03029236812885,0.6295741068180681,-51.01309615285744,0.2719344611720337,0.3124542597477933,0.00015748,1.670337424303571,0.00081957,0,0.0
1735,0.5392854837605453,0.06642004350604264,-1.54e-06,2.0214205979719013,3.067752800365439,-48.53347945968008,1.0052136313683062,0.4270410152227954,0.12067054082980143,-32.88540977305091,-1.1573229341274334,10.604350480041571,0.6295741068180681,55.31596492781632,0.2719344611720337,-0.06419899298887986,0.00015748,0.06469555393240368,0.00081957,1,0.0
1736,-0.001312048100104407,0.35004350613420765,-1.54e-06,2.0214205979719013,3.067752800365439,-35.65488864279346,1.0052136313683062,-3.4308141126017295,0.12067054082980143,-24.523862714355758,-1.1573229341274334,80.02976603577817,0.6295741068180681,18.64751231002534,0.2719344611720337,-0.1535435498815346,0.00015748,0.49220769947263365,0.00081957,1,0.0
1737,0.02637399978827637,0.5451225558326398,-1.54e-06,2.0214205979719013,3.067752800365439,100.0,1.0052136313683062,21.343443348538916,0.12067054082980143,-14.057908850686735,-1.1573229341274334,-44.34655103859971,0.6295741068180681,-51.41508379544572,0.2719344611720337,0.06275748161681777,0.00015748,0.738876324779316,0.00081957,0,0.0
1738,0.00020525731854484364,0.09954537724244654,-1.54e-06,2.0214205979719013,3.067752800365439,-20.9173214620555,1.0052136313683062,1.5499405635037125,0.12067054082980143,-43.11482707865198,-1.1573229341274334,58.46288895901526,0.6295741068180681,25.389892068263805,0.2719344611720337,0.023077615907483362,0.00015748,0.1875840966778246,0.00081957,0,0.0
1739,0.003818009845863335,0.12945602615227061,-1.54e-06,2.0214205979719013,3.067752800365439,79.73232507185074,1.0052136313683062,8.79859357240723,0.12067054082980143,-16.31405568003145,-1.1573229341274334,21.210949781520295,0.6295741068180681,-38.735729895345465,0.2719344611720337,0.36320116580410916,0.00015748,0.7813597661997336,0.00081957,0,0.0
1740,0.1412649854137632,0.13957642954966432,-1.54e-06,2.0214205979719013,3.067752800365439,-26.55197911058132,1.0052136313683062,11.629682925697383,0.12067054082980143,-91.50222851060767,-1.1573229341274334,46.04719918010637,0.6295741068180681,56.98222453086709,0.2719344611720337,-0.25000555850577055,0.00015748,0.2560133443563022,0.00081957,1,0.0
1741,0.002254029267174218,0.11238677619841846,-1.54e-06,2.0214205979719013,3.067752800365439,61.52674161041099,1.0052136313683062,8.176407316118736,0.12067054082980143,-43.11851370824804,-1.1573229341274334,55.77475052207295,0.6295741068180681,-17.82807253765707,0.2719344611720337,0.36190567561178716,0.00015748,0.8153705577151251,0.00081957,0,0.0
1742,1.3068084640273963,0.6463400320929718,-1.54e-06,2.0214205979719013,3.067752800365439,21.794988047631794,1.0052136313683062,25.624637114292444,0.12067054082980143,-92.09737996740994,-1.1573229341274334,-59.017733057778656,0.6295741068180681,70.20279756656247,0.2719344611720337,0.05510937668454885,0.00015748,0.742897171789839,0.00081957,0,0.0
1743,0.2759710618553652,0.03127749514215234,-1.54e-06,2.0214205979719013,3.067752800365439,-58.58860204946514,1.0052136313683062,-0.8293960696631361,0.12067054082980143,-42.299496959792414,-1.1573229341274334,51.87694906947351,0.6295741068180681,51.965361857486734,0.2719344611720337,-0.08505128315279856,0.00015748,0.08472127667591031,0.00081957,1,0.0
1744,0.511480430084539,0.15955731099629472,-1.54e-06,2.0214205979719013,3.067752800365439,-39.76686070298209,1.0052136313683062,12.425707837710059,0.12067054082980143,-91.60031164730178,-1.1573229341274334,22.47009336859656,0.6295741068180681,75.97727092861341,0.2719344611720337,-0.2694496141644893,0.00015748,0.27926478936763033,0.00081957,1,0.0
1745,-0.0017701212795322996,0.3268676412939634,-1.54e-06,2.0214205979719013,3.067752800365439,37.10919092562011,1.0052136313683062,3.926686688589383,0.12067054082980143,-16.706337367280028,-1.1573229341274334,47.32069494325299,0.6295741068180681,-20.346666917145235,0.2719344611720337,0.15187532898971196,0.00015748,0.7517309925826281,0.00081957,0,0.0
1746,0.00047600220698318374,0.06918946539042972,-1.54e-06,2.0214205979719013,3.067752800365439,79.05255948646237,1.0052136313683062,16.75577498914108,0.12067054082980143,-84.57512724992604,-1.1573229341274334,59.24042117145126,0.6295741068180681,-6.25018464566256,0.2719344611720337,0.5962734186787342,0.00015748,0.6790563777875072,0.00081957,0,0.0
1747,0.8559889539450098,0.6351884324016879,-1.54e-06,2.0214205979719013,3.067752800365439,-44.236649204455446,1.0052136313683062,-4.2669263179801,0.12067054082980143,-21.5286192120129,-1.1573229341274334,-10.826478935494334,0.6295741068180681,65.16679255145908,0.2719344611720337,-0.259613583336046,0.00015748,0.42627975901319926,0.00081957,1,0.0
1748,0.1759061779538163,0.018358066480454217,-1.54e-06,2.0214205979719013,3.067752800365439,-60.03465474888739,1.0052136313683062,5.153056000009366,0.12067054082980143,-89.9824646177557,-1.1573229341274334,80.5420385387868,0.6295741068180681,71.50587322712143,0.2719344611720337,-0.08025146252707914,0.00015748,0.08042297199315727,0.00081957,1,0.0
1749,0.24412098343378272,0.04137200386194718,-1.54e-06,2.0214205979719013,3.067752800365439,-42.75349023490972,1.0052136313683062,-2.109322558804128,0.12067054082980143,-15.584174996492711,-1.1573229341274334,27.691953098826605,0.6295741068180681,31.67372904810286,0.2719344611720337,-0.11100153009354077,0.00015748,0.1108295958756225,0.00081957,1,0.0
1750,0.058507558168971574,0.060394700727702005,-1.54e-06,2.0214205979719013,3.067752800365439,29.407442629704253,1.0052136313683062,12.385793628434783,0.12067054082980143,-94.54603805546768,-1.1573229341274334,89.69332143063032,0.6295741068180681,22.252236193317312,0.2719344611720337,0.4196130320431327,0.00015748,0.6088571787366569,0.00081957,0,0.0
1751,0.0008531446054699243,0.05701644043678604,-1.54e-06,2.0214205979719013,3.067752800365439,93.35628136708898,1.0052136313683062,12.665415236580019,0.12067054082980143,-27.81404088276358,-1.1573229341274334,-1.9662382149673059,0.6295741068180681,-35.15332967196806,0.2719344611720337,0.46125517813149175,0.00015748,0.546608148398859,0.00081957,0,0.0
1752,0.0012333882758539527,0.16816637559844422,-1.54e-06,2.0214205979719013,3.067752800365439,-19.31495555699861,1.0052136313683062,-3.0063064909487727,0.12067054082980143,-14.064121782997645,-1.1573229341274334,47.81805615536602,0.6295741068180681,11.481734305792468,0.2719344611720337,-0.07652087549460959,0.00015748,0.29578156258860877,0.00081957,1,0.0
1753,-0.08130351317723494,1.1049032607301756,-1.54e-06,2.0214205979719013,3.067752800365439,11.677374106315984,1.0052136313683062,8.654790072647618,0.12067054082980143,-23.28031031752825,-1.1573229341274334,63.79213922636979,0.6295741068180681,-18.778200904766667,0.2719344611720337,-0.18158923750134032,0.00015748,0.9177508558524861,0.00081957,1,0.0
1754,1.0181754541184405,1.7732652455978446,-1.54e-06,2.0214205979719013,3.067752800365439,56.196230475667036,1.0052136313683062,-1.170868908377782,0.12067054082980143,-46.17391925944754,-1.1573229341274334,67.8517574915913,0.6295741068180681,22.74365997051431,0.2719344611720337,0.2808172957607169,0.00015748,1.982966848122121,0.00081957,0,0.0
1755,0.5507646314858803,0.043067941974283194,-1.54e-06,2.0214205979719013,3.067752800365439,-48.593908454842996,1.0052136313683062,3.205829473292205,0.12067054082980143,-37.44760968275094,-1.1573229341274334,9.027605090900781,0.6295741068180681,55.17016138770214,0.2719344611720337,-0.043910749553143794,0.00015748,0.04441084359975851,0.00081957,1,0.0
1756,0.004611321081711486,0.00168544669541918,-1.54e-06,2.0214205979719013,3.067752800365439,-11.182692018973922,1.0052136313683062,1.0645558275824656,0.12067054082980143,-20.03092734775822,-1.1573229341274334,19.300384978148454,0.6295741068180681,14.004880281579993,0.2719344611720337,-0.01732241356321669,0.00015748,0.017971280229802364,0.00081957,1,0.0
1757,1.0887578378913056,0.4002104716734025,-1.54e-06,2.0214205979719013,3.067752800365439,-29.43854535684952,1.0052136313683062,16.338253784022662,0.12067054082980143,-67.56699782705796,-1.1573229341274334,-59.68665857813868,0.6295741068180681,81.1688975202467,0.2719344611720337,-0.3932597301906189,0.00015748,0.4014194996030227,0.00081957,1,0.0
1758,0.9204731376440984,0.8799893159941242,-1.54e-06,2.0214205979719013,3.067752800365439,-43.10642716044884,1.0052136313683062,24.043295381055582,0.12067054082980143,-84.47758806938201,-1.1573229341274334,-29.08420244572953,0.6295741068180681,75.7001211936572,0.2719344611720337,-0.562402134215398,0.00015748,0.5728209051143605,0.00081957,1,0.0
1759,0.012268599428727073,0.018980526978158496,-1.54e-06,2.0214205979719013,3.067752800365439,9.204586940164637,1.0052136313683062,3.4611758312571195,0.12067054082980143,-10.10937921507459,-1.1573229341274334,-8.613562052204278,0.6295741068180681,1.3972886229618167,0.2719344611720337,-0.09225213835880137,0.00015748,0.09277645980623946,0.00081957,1,0.0
1760,0.5141962322034414,0.10350404790774115,-1.54e-06,2.0214205979719013,3.067752800365439,5.316961249253306,1.0052136313683062,7.234735035457381,0.12067054082980143,-7.469129920403775,-1.1573229341274334,-58.68738343053827,0.6295741068180681,19.636148690639324,0.2719344611720337,-0.19955355874139716,0.00015748,0.20096877539045702,0.00081957,1,0.0
1761,1.381117221259264,0.4514602232313776,-1.54e-06,2.0214205979719013,3.067752800365439,-32.26444628527993,1.0052136313683062,13.575879247144004,0.12067054082980143,-37.21188025633224,-1.1573229341274334,-98.36312709468348,0.6295741068180681,79.28151631206835,0.2719344611720337,-0.3541866304945585,0.00015748,0.3532541307756106,0.00081957,1,0.0
1762,0.25034795063719045,0.04720938086118392,-1.54e-06,2.0214205979719013,3.067752800365439,-63.07702243158741,1.0052136313683062,-2.2040455042894416,0.12067054082980143,-41.2188455772905,-1.1573229341274334,59.58845491059908,0.6295741068180681,52.50519261697057,0.2719344611720337,-0.11784928033486028,0.00015748,0.11748991480187804,0.00081957,1,0.0
1763,0.33279071528332904,0.05564352356085714,-1.54e-06,2.0214205979719013,3.067752800365439,-67.45580597445502,1.0052136313683062,-1.7721046658016701,0.12067054082980143,-41.79601700858052,-1.1573229341274334,55.66663705437826,0.6295741068180681,56.993177965681696,0.2719344611720337,-0.11971069314419275,0.00015748,0.11912560227739141,0.00081957,1,0.0
1764,1.4814175132968073,0.4243206998543966,-1.54e-06,2.0214205979719013,3.067752800365439,-52.747803317625355,1.0052136313683062,12.81495217392613,0.12067054082980143,-43.330431566072996,-1.1573229341274334,-84.36303571130568,0.6295741068180681,92.36841575094643,0.2719344611720337,-0.2921465458178493,0.00015748,0.29133819334090844,0.00081957,1,0.0
1765,0.005226951808059807,0.0005240967294751344,-1.54e-06,2.0214205979719013,3.067752800365439,-8.008268823706265,1.0052136313683062,0.6949779841995017,0.12067054082980143,-13.463000162654833,-1.1573229341274334,13.231618027380497,0.6295741068180681,9.625345482944835,0.2719344611720337,-0.010846348605899312,0.00015748,0.010891533986726026,0.00081957,1,0.0
1766,-0.09353014234463522,2.4594706685325063,-1.54e-06,2.0214205979719013,3.067752800365439,-88.82892264603502,1.0052136313683062,2.605880996716711,0.12067054082980143,-2.6285659175968057,-1.1573229341274334,57.63349757321693,0.6295741068180681,16.086793605419828,0.2719344611720337,-1.0094132925475499,0.00015748,0.5872535275178467,0.00081957,1,0.0
1767,0.3596466149519766,0.09280272929295172,-1.54e-06,2.0214205979719013,3.067752800365439,-9.148418273703742,1.0052136313683062,4.504147480674448,0.12067054082980143,-30.214926484554468,-1.1573229341274334,-14.73340582307821,0.6295741068180681,33.1368596398148,0.2719344611720337,-0.17994773472106604,0.00015748,0.19163472250041516,0.00081957,1,0.0
1768,0.6586593063826967,0.07611984960908227,-1.54e-06,2.0214205979719013,3.067752800365439,-26.39766086060519,1.0052136313683062,4.566473929322142,0.12067054082980143,-15.006902656068565,-1.1573229341274334,-35.608682805592025,0.6295741068180681,40.147668371693115,0.2719344611720337,-0.09767168345467221,0.00015748,0.09720546387044039,0.00081957,1,0.0
1769,1.3484159854981468,0.5933769155647405,-1.54e-06,2.0214205979719013,3.067752800365439,68.79339363614356,1.0052136313683062,26.52435839708493,0.12067054082980143,-99.58006260026056,-1.1573229341274334,-55.62016267345727,0.6295741068180681,56.00341106334015,0.2719344611720337,0.3261052146793823,0.00015748,1.0497578786075226,0.00081957,0,0.0
1770,0.34373735776016767,0.021242514403163368,-1.54e-06,2.0214205979719013,3.067752800365439,-68.13169814592999,1.0052136313683062,1.507846908157759,0.12067054082980143,-64.23666645099891,-1.1573229341274334,63.081093152910064,0.6295741068180681,68.39327934244834,0.2719344611720337,-0.045149452940160296,0.00015748,0.04531467672552459,0.00081957,1,0.0
1771,-0.23660920337891378,1.9058063188222565,-1.54e-06,2.0214205979719013,3.067752800365439,3.4374849792187923,1.0052136313683062,16.716053386966145,0.12067054082980143,-62.49589472239063,-1.1573229341274334,86.42693247590331,0.6295741068180681,-6.492849771488532,0.2719344611720337,-0.37490169749275726,0.00015748,0.9763581001738437,0.00081957,1,0.0
1772,-0.6970200026156044,3.6984008047702663,-1.54e-06,2.0214205979719013,3.067752800365439,69.1070099517832,1.0052136313683062,23.269989327197216,0.12067054082980143,-26.112681704780492,-1.1573229341274334,23.81927741954621,0.6295741068180681,-67.3755324166506,0.2719344611720337,-0.6148593487310112,0.00015748,0.9994259725782912,0.00081957,1,0.0
1773,0.0011895115968452719,0.04200173488960876,-1.54e-06,2.0214205979719013,3.067752800365439,-24.249230671110663,1.0052136313683062,5.506460599738279,0.12067054082980143,-66.23825158929714,-1.1573229341274334,50.58049624979247,0.6295741068180681,41.11478965173412,0.2719344611720337,-0.12361367270735486,0.00015748,0.12337603974583951,0.00081957,1,0.0
1774,-0.3145866919103403,2.1534228922351435,-1.54e-06,2.0214205979719013,3.067752800365439,-18.65079096285485,1.0052136313683062,9.144148391073383,0.12067054082980143,-6.858200235923408,-1.1573229341274334,43.69510721545951,0.6295741068180681,-20.88220820675811,0.2719344611720337,-0.7174022412926293,0.00015748,0.723388759922623,0.00081957,1,0.0
1775,0.7613579810689897,0.2044637742954691,-1.54e-06,2.0214205979719013,3.067752800365439,-38.728615748838294,1.0052136313683062,13.082852618801617,0.12067054082980143,-76.35083216617343,-1.1573229341274334,-11.901379236674579,0.6295741068180681,77.05433619537712,0.2719344611720337,-0.2967363187760896,0.00015748,0.29655211307508605,0.00081957,1,0.0
1776,0.107252078147964,0.045785624435116835,-1.54e-06,2.0214205979719013,3.067752800365439,99.38535514630544,1.0052136313683062,21.736687803353004,0.12067054082980143,-78.56511020632588,-1.1573229341274334,7.678124116710057,0.6295741068180681,-11.320843856162547,0.2719344611720337,0.37700590974701,0.00015748,0.7451262037985742,0.00081957,0,0.0
1777,1.0373416818256351,0.36579111277545995,-1.54e-06,2.0214205979719013,3.067752800365439,89.70995782889378,1.0052136313683062,29.7369413618841,0.12067054082980143,-86.74190413855098,-1.1573229341274334,-62.12462107434484,0.6295741068180681,26.342072184088067,0.2719344611720337,0.33608411518187925,0.00015748,0.9608953933720976,0.00081957,0,0.0
1778,0.002645708431819549,0.23106292062615705,-1.54e-06,2.0214205979719013,3.067752800365439,92.02066273680795,1.0052136313683062,9.72357576258508,0.12067054082980143,-37.125683393073395,-1.1573229341274334,57.653189926260865,0.6295741068180681,-37.964727321720936,0.2719344611720337,0.45708463123601434,0.00015748,1.1334815283159718,0.00081957,0,0.0
1779,0.8963146384027416,0.4701877160419223,-1.54e-06,2.0214205979719013,3.067752800365439,-6.475837086148448,1.0052136313683062,18.86969932026984,0.12067054082980143,-73.16745381594029,-1.1573229341274334,-55.809934841464056,0.6295741068180681,66.80425089853108,0.2719344611720337,-0.39337260341283203,0.00015748,0.4851092781371907,0.00081957,1,0.0
1780,0.9487052184332603,0.3281857535245616,-1.54e-06,2.0214205979719013,3.067752800365439,70.68602349919213,1.0052136313683062,24.835383553694797,0.12067054082980143,-72.99501278608608,-1.1573229341274334,-48.97505277521369,0.6295741068180681,25.308712695864784,0.2719344611720337,0.36339568703594355,0.00015748,0.7943531814605225,0.00081957,0,0.0
1781,1.8474298146816304,1.1717191352507865,-1.54e-06,2.0214205979719013,3.067752800365439,57.470648434116036,1.0052136313683062,24.929661964566417,0.12067054082980143,-100.0,-1.1573229341274334,-76.10939617383646,0.6295741068180681,80.62418706906857,0.2719344611720337,0.3059633013849827,0.00015748,1.2446048230086988,0.00081957,0,0.0
1782,0.646591905061088,0.06345035279432282,-1.54e-06,2.0214205979719013,3.067752800365439,-65.7661088675584,1.0052136313683062,2.4882275125204436,0.12067054082980143,-46.31028344977105,-1.1573229341274334,21.59560363104918,0.6295741068180681,69.35793829072595,0.2719344611720337,-0.03343845209957623,0.00015748,0.034784618541084625,0.00081957,1,0.0
1783,1.4848952489961715,0.5313002599671078,-1.54e-06,2.0214205979719013,3.067752800365439,-67.99118131523686,1.0052136313683062,13.853771718712844,0.12067054082980143,-34.27812345303232,-1.1573229341274334,-75.40214069013133,0.6295741068180681,87.1473975865011,0.2719344611720337,-0.3062340862306069,0.00015748,0.3040637653226669,0.00081957,1,0.0
1784,1.2031110392573237,0.6365863972112156,-1.54e-06,2.0214205979719013,3.067752800365439,2.9738071520331983,1.0052136313683062,23.138448019768436,0.12067054082980143,-89.57853861068577,-1.1573229341274334,-57.99442614638228,0.6295741068180681,77.09469128126675,0.2719344611720337,-0.17010032401940905,0.00015748,0.6402760719216949,0.00081957,1,0.0
1785,0.7236597861305714,0.24370346051979155,-1.54e-06,2.0214205979719013,3.067752800365439,94.61021552076504,1.0052136313683062,22.594972593612066,0.12067054082980143,-58.44901245478106,-1.1573229341274334,-53.22180032701694,0.6295741068180681,3.419692402330296,0.2719344611720337,0.3564925144910174,0.00015748,0.8253042534109007,0.00081957,0,0.0
1786,-0.0014576029464556939,1.110864290731158,-1.54e-06,2.0214205979719013,3.067752800365439,71.70894253860193,1.0052136313683062,22.276083346337906,0.12067054082980143,-22.699897485452862,-1.1573229341274334,-16.000909296612264,0.6295741068180681,-42.722163470940124,0.2719344611720337,-0.16718911567968364,0.00015748,0.9081039094361303,0.00081957,1,0.0
1787,0.6256908572304795,0.24944057608946876,-1.54e-06,2.0214205979719013,3.067752800365439,-25.850794363222413,1.0052136313683062,14.344884193057682,0.12067054082980143,-82.3786807539139,-1.1573229341274334,-8.234450692901847,0.6295741068180681,70.55546270678825,0.2719344611720337,-0.3338921878157175,0.00015748,0.34878391678830156,0.00081957,1,0.0
1788,-0.0035960112736315164,0.35322920126025614,-1.54e-06,2.0214205979719013,3.067752800365439,29.227528709194,1.0052136313683062,10.828847982003754,0.12067054082980143,-17.30146999038107,-1.1573229341274334,-0.20341761092142208,0.6295741068180681,-15.491779366071029,0.2719344611720337,-0.08960192304763753,0.00015748,0.43513907570324545,0.00081957,1,0.0
1789,0.5857559809625628,0.059793495389901835,-1.54e-06,2.0214205979719013,3.067752800365439,-28.073179692467818,1.0052136313683062,2.307515041888196,0.12067054082980143,-11.329708465968563,-1.1573229341274334,-26.29136400608852,0.6295741068180681,37.36828307007536,0.2719344611720337,-0.05705590412642779,0.00015748,0.05819163959024019,0.00081957,1,0.0
1790,0.095529734725054,0.22609766092828637,-1.54e-06,2.0214205979719013,3.067752800365439,48.57942877102202,1.0052136313683062,14.507713375751205,0.12067054082980143,-41.590385673309875,-1.1573229341274334,-12.312873496616435,0.6295741068180681,-4.055826305145792,0.2719344611720337,0.02040198152887482,0.00015748,0.41865934414109096,0.00081957,0,0.0
1791,1.0415104355803808,0.18665559518197172,-1.54e-06,2.0214205979719013,3.067752800365439,-43.53364725113179,1.0052136313683062,4.124036684680822,0.12067054082980143,-3.350586655075749,-1.1573229341274334,-61.353116213884,0.6295741068180681,54.07754190169094,0.2719344611720337,-0.06764718894960847,0.00015748,0.06838040921051602,0.00081957,1,0.0
1792,9.73096669618645e-05,0.07594670669658987,-1.54e-06,2.0214205979719013,3.067752800365439,82.88593010415521,1.0052136313683062,14.561789003142586,0.12067054082980143,-59.723370821894285,-1.1573229341274334,38.944817107868325,0.6295741068180681,-19.00128156542434,0.2719344611720337,0.5383318489035294,0.00015748,0.661901056500698,0.00081957,0,0.0
1793,0.7036331412450768,0.1108891012421275,-1.54e-06,2.0214205979719013,3.067752800365439,-14.092873543463108,1.0052136313683062,6.398163455950205,0.12067054082980143,-11.610975121063296,-1.1573229341274334,-55.313351650862636,0.6295741068180681,35.71219293925429,0.2719344611720337,-0.1620721580424493,0.00015748,0.16365060489777544,0.00081957,1,0.0
1794,0.0008479167018727862,0.6116166197479047,-1.54e-06,2.0214205979719013,3.067752800365439,-4.215305673186137,1.0052136313683062,-3.8197545153001315,0.12067054082980143,-14.384266664768957,-1.1573229341274334,84.01619096442448,0.6295741068180681,-2.57443132318809,0.2719344611720337,-0.06128082428639264,0.00015748,0.851144904158343,0.00081957,1,0.0
1795,0.7502112154897668,0.2218335708296896,-1.54e-06,2.0214205979719013,3.067752800365439,51.836173298381546,1.0052136313683062,22.288542215392035,0.12067054082980143,-93.94080533564093,-1.1573229341274334,-3.1504474938966927,0.6295741068180681,37.28260521893149,0.2719344611720337,0.37691284028128547,0.00015748,0.7267970727652545,0.00081957,0,0.0
1796,0.7193912923680583,0.267167575696742,-1.54e-06,2.0214205979719013,3.067752800365439,96.1633728251264,1.0052136313683062,20.651267990218297,0.12067054082980143,-30.106335153971656,-1.1573229341274334,-73.83534985084053,0.6295741068180681,-11.667177274137355,0.2719344611720337,0.38053660113780857,0.00015748,0.7151531365451025,0.00081957,0,0.0
1797,0.0037492512664708544,0.05613699090141202,-1.54e-06,2.0214205979719013,3.067752800365439,97.44829564834775,1.0052136313683062,12.963689343809417,0.12067054082980143,-26.430954785555482,-1.1573229341274334,-6.9462978341213075,0.6295741068180681,-37.023079482343604,0.2719344611720337,0.45070625235493694,0.00015748,0.5602796462900032,0.00081957,0,0.0
1798,1.1476398713905254,0.7181315056538667,-1.54e-06,2.0214205979719013,3.067752800365439,0.7521364013104563,1.0052136313683062,23.966068797824846,0.12067054082980143,-82.05850615766069,-1.1573229341274334,-78.9710111609346,0.6295741068180681,74.77499616070112,0.2719344611720337,-0.4224396617082081,0.00015748,0.6179387078203843,0.00081957,1,0.0
1799,0.7141303952263208,0.20586556102827577,-1.54e-06,2.0214205979719013,3.067752800365439,-35.41737254960746,1.0052136313683062,13.065763289870608,0.12067054082980143,-76.902048714992,-1.1573229341274334,-10.290574057533494,0.6295741068180681,74.66708503614919,0.2719344611720337,-0.30336654486277415,0.00015748,0.3026743488728433,0.00081957,1,0.0
1800,0.0077755432837085525,0.003228505516631487,-1.54e-06,2.4578938558003998,3.4873681643987795,-49.008733154861645,1.0052136313683062,2.555994402494552,0.12067054082980143,-65.92501437314861,-1.1573229341274334,77.11056571563823,0.6295741068180681,48.52473824847854,0.2719344611720337,-0.022268383585547218,0.00015748,0.022241492290343605,0.00081957,1,0.0
1801,0.5501776783904889,0.1189679440022859,-1.54e-06,2.4578938558003998,3.4873681643987795,20.521816043340806,1.0052136313683062,14.732179994654926,0.12067054082980143,-50.728674778845196,-1.1573229341274334,-93.92486917452408,0.6295741068180681,47.37970941415735,0.2719344611720337,-0.23322527007234614,0.00015748,0.23314291114435623,0.00081957,1,0.0
1802,0.08389318271816604,0.08668487592641318,-1.54e-06,2.4578938558003998,3.4873681643987795,51.80397825256319,1.0052136313683062,12.252319020173534,0.12067054082980143,-46.6930433452257,-1.1573229341274334,-45.791276805105035,0.6295741068180681,10.23403739699499,0.2719344611720337,-0.20034638979831898,0.00015748,0.20286416443973943,0.00081957,1,0.0
1803,0.3943376965776462,0.30255836007030745,-1.54e-06,2.4578938558003998,3.4873681643987795,-64.35650020962626,1.0052136313683062,13.832449327376088,0.12067054082980143,-48.38868498490069,-1.1573229341274334,0.9736829189130313,0.6295741068180681,47.868949787400716,0.2719344611720337,-0.3043650408932249,0.00015748,0.3010451817711337,0.00081957,1,0.0
1804,0.0009929757776189208,0.07770011419710234,-1.54e-06,2.4578938558003998,3.4873681643987795,15.843565395452424,1.0052136313683062,5.7585216984371685,0.12067054082980143,-24.73244053491121,-1.1573229341274334,18.65122429164933,0.6295741068180681,-0.9851770432972228,0.2719344611720337,-0.0020962102424077894,0.00015748,0.14029914155385315,0.00081957,1,0.0
1805,0.432843617695892,0.4292578335837324,-1.54e-06,2.4578938558003998,3.4873681643987795,-35.19042358318406,1.0052136313683062,15.735308421061049,0.12067054082980143,-17.6146985458638,-1.1573229341274334,-52.30242741575799,0.6295741068180681,22.341328311950512,0.2719344611720337,-0.35065987105444607,0.00015748,0.3436033264202051,0.00081957,1,0.0
1806,0.07263795031417564,0.07237319803121253,-1.54e-06,2.4578938558003998,3.4873681643987795,25.236504632503223,1.0052136313683062,9.697240618559137,0.12067054082980143,-64.0025417281038,-1.1573229341274334,-4.139640287143584,0.6295741068180681,28.684837374578038,0.2719344611720337,-0.16211287618508066,0.00015748,0.18024828367940718,0.00081957,1,0.0
1807,0.3735028321446387,0.10508377733922492,-1.54e-06,2.4578938558003998,3.4873681643987795,23.81626952249625,1.0052136313683062,14.589138793247471,0.12067054082980143,-62.94112826811057,-1.1573229341274334,-61.29293207443088,0.6295741068180681,42.6559495756022,0.2719344611720337,-0.22795862665345593,0.00015748,0.22812224264632144,0.00081957,1,0.0
1808,0.0012720668134075241,0.12018670356758016,-1.54e-06,2.4578938558003998,3.4873681643987795,59.022009008886215,1.0052136313683062,9.611248708426421,0.12067054082980143,-58.227123422787884,-1.1573229341274334,37.38857953429761,0.6295741068180681,-0.06442908705816225,0.2719344611720337,0.1675755239408253,0.00015748,0.1876589004670326,0.00081957,0,0.0
1809,-0.0008505275888252006,0.2645192233079592,-1.54e-06,2.4578938558003998,3.4873681643987795,-7.276730060880833,1.0052136313683062,1.1232549343869644,0.12067054082980143,-28.98849124812966,-1.1573229341274334,98.13908520555842,0.6295741068180681,0.8486140171204837,0.2719344611720337,-0.024367547403906092,0.00015748,0.43346977690807875,0.00081957,1,0.0
1810,0.3363950057477621,0.05202893957729915,-1.54e-06,2.4578938558003998,3.4873681643987795,-9.224458086554774,1.0052136313683062,11.000575573002738,0.12067054082980143,-65.5220375801819,-1.1573229341274334,-20.305428120803427,0.6295741068180681,52.324694049192956,0.2719344611720337,-0.15620912274535068,0.00015748,0.15826146468886435,0.00081957,1,0.0
1811,0.21897215409086024,0.14100747767450195,-1.54e-06,2.4578938558003998,3.4873681643987795,12.094022731192313,1.0052136313683062,18.43144717258045,0.12067054082980143,-87.02259248333564,-1.1573229341274334,-17.925117791105286,0.6295741068180681,43.00602348089016,0.2719344611720337,-0.24356924886312442,0.00015748,0.2454961599223528,0.00081957,1,0.0
1812,0.5041659162716375,0.4753903359843764,-1.54e-06,2.4578938558003998,3.4873681643987795,21.607508996659,1.0052136313683062,3.2821365521453454,0.12067054082980143,-86.13864606211219,-1.1573229341274334,59.921029003278505,0.6295741068180681,61.689034637565726,0.2719344611720337,0.033561736986738255,0.00015748,0.5511109374093102,0.00081957,0,0.0
1813,0.07567789327286505,0.0009344558271937918,-1.54e-06,2.4578938558003998,3.4873681643987795,-29.692408869291924,1.0052136313683062,1.75978437646628,0.12067054082980143,-34.070793556970855,-1.1573229341274334,31.663318259034206,0.6295741068180681,30.18598763648442,0.2719344611720337,-0.01615610049336357,0.00015748,0.016046709962797254,0.00081957,1,0.0
1814,-0.00024166964670364888,0.10613930476041059,-1.54e-06,2.4578938558003998,3.4873681643987795,-7.783604740423022,1.0052136313683062,-0.3615914063687134,0.12067054082980143,-20.190463079244402,-1.1573229341274334,56.03032932225683,0.6295741068180681,6.858142630787185,0.2719344611720337,-0.0012411591229490176,0.00015748,0.19791174656729543,0.00081957,1,0.0
1815,-0.0005377725370135505,0.27196958378376046,-1.54e-06,2.4578938558003998,3.4873681643987795,38.282314946876944,1.0052136313683062,-0.4171649697105887,0.12067054082980143,-16.10749857205462,-1.1573229341274334,77.63610756105483,0.6295741068180681,-17.40105183120243,0.2719344611720337,0.05073136020654784,0.00015748,0.48551652375424753,0.00081957,0,0.0
1816,0.25632892697017307,1.1521014572046149,-1.54e-06,2.4578938558003998,3.4873681643987795,-74.96813306966669,1.0052136313683062,19.803895908573576,0.12067054082980143,-35.68785944413699,-1.1573229341274334,12.334179179767002,0.6295741068180681,20.860195693766713,0.2719344611720337,-0.5966529979814995,0.00015748,0.5825197149820808,0.00081957,1,0.0
1817,0.3650665528136736,0.1647163090277783,-1.54e-06,2.4578938558003998,3.4873681643987795,34.51037826734282,1.0052136313683062,19.485328028063307,0.12067054082980143,-81.4214167008069,-1.1573229341274334,-64.940274031227,0.6295741068180681,44.99244342264784,0.2719344611720337,-0.2827391330415438,0.00015748,0.28293019019476867,0.00081957,1,0.0
1818,0.3388728869651324,0.012520425540417627,-1.54e-06,2.4578938558003998,3.4873681643987795,-44.50324600545641,1.0052136313683062,3.6253647947526697,0.12067054082980143,-37.01788085151591,-1.1573229341274334,2.0747056672668522,0.6295741068180681,50.363732261574256,0.2719344611720337,-0.03823179658292081,0.00015748,0.03810513309024585,0.00081957,1,0.0
1819,0.0020544028282547533,0.09204836120915655,-1.54e-06,2.4578938558003998,3.4873681643987795,-51.20260118566023,1.0052136313683062,-3.7902664445555083,0.12067054082980143,-30.186135679882998,-1.1573229341274334,90.06961158210774,0.6295741068180681,29.042339669704344,0.2719344611720337,-0.0636503176935535,0.00015748,0.18693555043212468,0.00081957,1,0.0
1820,0.4591625721684317,0.18102563750044415,-1.54e-06,2.4578938558003998,3.4873681643987795,31.110698075636243,1.0052136313683062,15.285515570714944,0.12067054082980143,-85.7706613588581,-1.1573229341274334,-45.288039186248376,0.6295741068180681,57.09054797597777,0.2719344611720337,-0.17850591025551935,0.00015748,0.2995291485278053,0.00081957,1,0.0
1821,0.11777805077628406,0.14117929350435615,-1.54e-06,2.4578938558003998,3.4873681643987795,-9.538889659180988,1.0052136313683062,-3.7540178122291143,0.12067054082980143,-24.947938524799596,-1.1573229341274334,18.196727508209513,0.6295741068180681,31.761842152888445,0.2719344611720337,-0.16491690296870148,0.00015748,0.20412693240162116,0.00081957,1,0.0
1822,0.06079024701824648,0.12089460685942287,-1.54e-06,2.4578938558003998,3.4873681643987795,-8.881329456406158,1.0052136313683062,5.906252772246695,0.12067054082980143,-99.57759830211774,-1.1573229341274334,87.12876016778013,0.6295741068180681,55.6336930351411,0.2719344611720337,-0.005756082696573003,0.00015748,0.20146075901176785,0.00081957,1,0.0
1823,0.21016990456914414,0.0166897119005215,-1.54e-06,2.4578938558003998,3.4873681643987795,-44.86025513558365,1.0052136313683062,7.154154689492902,0.12067054082980143,-80.25949761024101,-1.1573229341274334,44.08642477388075,0.6295741068180681,64.81027980197288,0.2719344611720337,-0.08830673757163945,0.00015748,0.08884258268525488,0.00081957,1,0.0
1824,0.5679519495594993,0.4118347617483752,-1.54e-06,2.4578938558003998,3.4873681643987795,47.91277860891573,1.0052136313683062,8.6532893803261,0.12067054082980143,-96.51543755543265,-1.1573229341274334,50.32179856145908,0.6295741068180681,54.914586549124934,0.2719344611720337,0.1471010987118729,0.00015748,0.568580503883307,0.00081957,0,0.0
1825,-0.00034802633526195836,0.012550726709847507,-1.54e-06,2.4578938558003998,3.4873681643987795,-16.525491595090358,1.0052136313683062,-2.108571214958487,0.12067054082980143,-3.820217872716337,-1.1573229341274334,22.499771301391675,0.6295741068180681,7.773770932830244,0.2719344611720337,-0.030466918067401115,0.00015748,0.04646819760516196,0.00081957,1,0.0
1826,0.001251157612241538,0.030680192285288857,-1.54e-06,2.4578938558003998,3.4873681643987795,-35.61065127791872,1.0052136313683062,6.359560065956565,0.12067054082980143,-90.61042496683395,-1.1573229341274334,83.48209429349473,0.6295741068180681,55.057791643795916,0.2719344611720337,-0.04499879067199421,0.00015748,0.08316656344175284,0.00081957,1,0.0
1827,0.2128160180516,0.010860713819922773,-1.54e-06,2.4578938558003998,3.4873681643987795,-47.26165066715183,1.0052136313683062,5.8303465638740875,0.12067054082980143,-71.64142858918062,-1.1573229341274334,42.27380722256564,0.6295741068180681,61.6576346849829,0.2719344611720337,-0.06920098340174588,0.00015748,0.06932914010846772,0.00081957,1,0.0
1828,0.5109166091033439,0.054167983073150634,-1.54e-06,2.4578938558003998,3.4873681643987795,-43.512200779726136,1.0052136313683062,1.3037669590809842,0.12067054082980143,-21.798293742806237,-1.1573229341274334,-31.823015937749364,0.6295741068180681,56.32467001346586,0.2719344611720337,-0.0839285009939179,0.00015748,0.0819949739212902,0.00081957,1,0.0
1829,0.3049320481459513,0.021317314139019505,-1.54e-06,2.4578938558003998,3.4873681643987795,-17.546189085110182,1.0052136313683062,6.689638081054589,0.12067054082980143,-41.02951177592317,-1.1573229341274334,-17.29324014417893,0.6295741068180681,41.65507165027184,0.2719344611720337,-0.09183545509511765,0.00015748,0.09268803396018732,0.00081957,1,0.0
1830,0.4307625441769889,0.10297737010691822,-1.54e-06,2.4578938558003998,3.4873681643987795,24.91938138329431,1.0052136313683062,14.083060821129127,0.12067054082980143,-52.57749022775516,-1.1573229341274334,-76.70201126148683,0.6295741068180681,40.371195839334916,0.2719344611720337,-0.22211804496680934,0.00015748,0.22293459929942108,0.00081957,1,0.0
1831,0.03722502331212496,0.08393937425191682,-1.54e-06,2.4578938558003998,3.4873681643987795,22.539973385003485,1.0052136313683062,12.316761376506092,0.12067054082980143,-81.18656704725349,-1.1573229341274334,10.086135663606143,0.6295741068180681,33.94145489014548,0.2719344611720337,-0.17651844185066887,0.00015748,0.19329172098361289,0.00081957,1,0.0
1832,0.42150810929417487,0.017755056268941177,-1.54e-06,2.4578938558003998,3.4873681643987795,-68.25160834968594,1.0052136313683062,4.241817771385254,0.12067054082980143,-53.96825379953654,-1.1573229341274334,18.78845556449226,0.6295741068180681,70.35226009750453,0.2719344611720337,-0.0393237904735927,0.00015748,0.039321988643723445,0.00081957,1,0.0
1833,0.4145760272083404,0.14609421743381562,-1.54e-06,2.4578938558003998,3.4873681643987795,32.0964494060793,1.0052136313683062,18.05025962752964,0.12067054082980143,-70.78366722749423,-1.1573229341274334,-74.56907785391965,0.6295741068180681,43.92833027749648,0.2719344611720337,-0.2641131933376681,0.00015748,0.2669425862806904,0.00081957,1,0.0
1834,0.0008836558961348717,0.17417556144886734,-1.54e-06,2.4578938558003998,3.4873681643987795,73.23737366833822,1.0052136313683062,6.409527377824294,0.12067054082980143,-30.42900058841251,-1.1573229341274334,40.62072531312045,0.6295741068180681,-22.44231708711424,0.2719344611720337,0.15144175845497876,0.00015748,0.35285484154526214,0.00081957,0,0.0
1835,0.3365760722450977,0.028614943786064315,-1.54e-06,2.4578938558003998,3.4873681643987795,17.892430177196204,1.0052136313683062,6.234582153270915,0.12067054082980143,-0.035846934532886066,-1.1573229341274334,-77.00567579251906,0.6295741068180681,11.575898863211444,0.2719344611720337,-0.09908596782387841,0.00015748,0.09901714316956178,0.00081957,1,0.0
1836,0.3925807504027546,0.06690902213069365,-1.54e-06,2.4578938558003998,3.4873681643987795,7.426451483796385,1.0052136313683062,11.639384145338864,0.12067054082980143,-50.89193918248169,-1.1573229341274334,-53.56766539912053,0.6295741068180681,43.044782097866694,0.2719344611720337,-0.17739423781764693,0.00015748,0.17712655997923651,0.00081957,1,0.0
1837,0.5777218240489715,0.7654799737314393,-1.54e-06,2.4578938558003998,3.4873681643987795,93.71980040317042,1.0052136313683062,0.21794853992632612,0.12067054082980143,-38.21428716595074,-1.1573229341274334,43.77161810444029,0.6295741068180681,9.654172966006412,0.2719344611720337,0.11817869149646443,0.00015748,0.9053643184122484,0.00081957,0,0.0
1838,0.209968989556873,0.1116778421302161,-1.54e-06,2.4578938558003998,3.4873681643987795,-46.51666668157754,1.0052136313683062,-2.529389815048265,0.12067054082980143,-52.89642059051674,-1.1573229341274334,43.42153248612901,0.6295741068180681,62.53861296551298,0.2719344611720337,-0.1659260342675038,0.00015748,0.16717502821419739,0.00081957,1,0.0
1839,0.006717819870543741,0.1986229692907966,-1.54e-06,2.4578938558003998,3.4873681643987795,37.584251098195864,1.0052136313683062,-0.4552221756594133,0.12067054082980143,-33.26226544855012,-1.1573229341274334,48.44444629689026,0.6295741068180681,4.603461351900637,0.2719344611720337,0.005010517115030089,0.00015748,0.31792757379696673,0.00081957,0,0.0
1840,0.4036184647300504,0.2695943447774274,-1.54e-06,2.4578938558003998,3.4873681643987795,-51.08389919638982,1.0052136313683062,-2.0948381208774385,0.12067054082980143,-65.37691343811503,-1.1573229341274334,73.0393769494551,0.6295741068180681,73.44473764381866,0.2719344611720337,-0.04330105189134584,0.00015748,0.30901463713976185,0.00081957,1,0.0
1841,0.5055115551045586,0.05862260446893304,-1.54e-06,2.4578938558003998,3.4873681643987795,-94.81664534114591,1.0052136313683062,-3.342215598646031,0.12067054082980143,-14.54752727549174,-1.1573229341274334,15.263800969807658,0.6295741068180681,65.82014109997498,0.2719344611720337,-0.07408945272169469,0.00015748,0.07514689499017839,0.00081957,1,0.0
1842,0.7644277505458033,0.3825231571133699,-1.54e-06,2.4578938558003998,3.4873681643987795,29.609033155113302,1.0052136313683062,11.345286569102749,0.12067054082980143,-88.40904645051513,-1.1573229341274334,-20.441472402874822,0.6295741068180681,72.8369106084266,0.2719344611720337,0.02870835449335543,0.00015748,0.43597601688369325,0.00081957,0,0.0
1843,0.27571194203147,0.006656234048326461,-1.54e-06,2.4578938558003998,3.4873681643987795,-91.3149467101058,1.0052136313683062,3.6887992950123647,0.12067054082980143,-86.02541597729463,-1.1573229341274334,81.70375632896847,0.6295741068180681,85.94666452524368,0.2719344611720337,-0.030918626651617154,0.00015748,0.03095693378205025,0.00081957,1,0.0
1844,0.08837985340865817,0.09947885948291774,-1.54e-06,2.4578938558003998,3.4873681643987795,55.07582800608155,1.0052136313683062,9.38072304649493,0.12067054082980143,-44.84161520009348,-1.1573229341274334,-28.386014998241542,0.6295741068180681,9.457340841063875,0.2719344611720337,-0.11348437696306615,0.00015748,0.2113485636436925,0.00081957,1,0.0
1845,0.05671882803546041,0.0160648478880479,-1.54e-06,2.4578938558003998,3.4873681643987795,-36.969436746897614,1.0052136313683062,6.382001473805708,0.12067054082980143,-82.32846670202355,-1.1573229341274334,63.957803485673416,0.6295741068180681,55.1978264867705,0.2719344611720337,-0.07877644548027696,0.00015748,0.0799645953626778,0.00081957,1,0.0
1846,0.2259404634031233,0.22600334967838945,-1.54e-06,2.4578938558003998,3.4873681643987795,58.52417855108886,1.0052136313683062,8.550845797840479,0.12067054082980143,-80.24188247664769,-1.1573229341274334,42.85981813464238,0.6295741068180681,27.458098246792556,0.2719344611720337,0.1040440946085211,0.00015748,0.385022282321594,0.00081957,0,0.0
1847,-8.120202364625406e-06,0.07456650701914672,-1.54e-06,2.4578938558003998,3.4873681643987795,58.02800736669783,1.0052136313683062,10.345049904584927,0.12067054082980143,-37.17689469697915,-1.1573229341274334,-38.29916480963787,0.6295741068180681,-0.736315090769335,0.2719344611720337,-0.16574688003398644,0.00015748,0.18265008102882888,0.00081957,1,0.0
1848,0.028947433618419893,0.007228254617213905,-1.54e-06,2.4578938558003998,3.4873681643987795,-60.71623843442048,1.0052136313683062,4.563320968497459,0.12067054082980143,-89.38633933235057,-1.1573229341274334,95.19767711916899,0.6295741068180681,64.47756075306157,0.2719344611720337,-0.04546767112913092,0.00015748,0.04548400260755076,0.00081957,1,0.0
1849,0.41029556490563635,0.5362929621645645,-1.54e-06,2.4578938558003998,3.4873681643987795,-1.3591599586010201,1.0052136313683062,-3.8292178011102314,0.12067054082980143,-57.108258623523476,-1.1573229341274334,55.04917815974325,0.6295741068180681,57.66632389620846,0.2719344611720337,-0.10264283721894565,0.00015748,0.5162554568232618,0.00081957,1,0.0
1850,-0.0005571592688065063,0.2973277568614541,-1.54e-06,2.4578938558003998,3.4873681643987795,70.03830389647906,1.0052136313683062,3.8917128898267395,0.12067054082980143,-8.711107664481668,-1.1573229341274334,58.39877456317013,0.6295741068180681,-38.71796107020785,0.2719344611720337,0.08741636645603809,0.00015748,0.5497689143196459,0.00081957,0,0.0
1851,0.7805577586900226,0.18052161004711315,-1.54e-06,2.4578938558003998,3.4873681643987795,-8.756897848885108,1.0052136313683062,18.57980082691285,0.12067054082980143,-87.68402736210342,-1.1573229341274334,-87.67872841068,0.6295741068180681,87.16498933024096,0.2719344611720337,-0.27832804065969396,0.00015748,0.28048024565343477,0.00081957,1,0.0
1852,0.007289629907213491,0.07227003324493118,-1.54e-06,2.4578938558003998,3.4873681643987795,-37.73940449235679,1.0052136313683062,-6.858109507676108,0.12067054082980143,-16.114148460547135,-1.1573229341274334,54.32057644062158,0.6295741068180681,27.752796320731115,0.2719344611720337,-0.12130761005606513,0.00015748,0.1387071988332906,0.00081957,1,0.0
1853,0.21006816195675648,0.07207708281983459,-1.54e-06,2.4578938558003998,3.4873681643987795,8.490747163702457,1.0052136313683062,12.395892274158443,0.12067054082980143,-75.78829250192693,-1.1573229341274334,-11.1855432993281,0.6295741068180681,45.31995650937102,0.2719344611720337,-0.1863539760738138,0.00015748,0.18872693590736314,0.00081957,1,0.0
1854,0.5662456272099886,0.035024492846768354,-1.54e-06,2.4578938558003998,3.4873681643987795,-73.92589851889718,1.0052136313683062,4.185492872898527,0.12067054082980143,-47.417823551250606,-1.1573229341274334,-2.929947000966252,0.6295741068180681,77.28925353598821,0.2719344611720337,-0.03814250011426519,0.00015748,0.03846690235824739,0.00081957,1,0.0
1855,0.3026379133743331,0.010193706375508019,-1.54e-06,2.4578938558003998,3.4873681643987795,-75.11156723756793,1.0052136313683062,3.6670474400777873,0.12067054082980143,-74.95297293464907,-1.1573229341274334,56.99814684323566,0.6295741068180681,78.0676955295037,0.2719344611720337,-0.03449046655708872,0.00015748,0.03434159926743764,0.00081957,1,0.0
1856,-0.024722372414364813,0.924690151824904,-1.54e-06,2.4578938558003998,3.4873681643987795,7.669274393906409,1.0052136313683062,11.312133705907764,0.12067054082980143,-0.09749569304062888,-1.1573229341274334,55.58563125563589,0.6295741068180681,-40.14134661280191,0.2719344611720337,-0.2834036748513836,0.00015748,0.6918850836301484,0.00081957,1,0.0
1857,0.28869064946458195,0.04356447436216267,-1.54e-06,2.4578938558003998,3.4873681643987795,27.651987778665827,1.0052136313683062,8.835146936353402,0.12067054082980143,-17.95055407926449,-1.1573229341274334,-70.10095389117575,0.6295741068180681,14.548846592926585,0.2719344611720337,-0.13869147077526514,0.00015748,0.1411289762385826,0.00081957,1,0.0
1858,0.0036048832140938014,0.13505798473016972,-1.54e-06,2.4578938558003998,3.4873681643987795,87.92048803751081,1.0052136313683062,14.272174536957502,0.12067054082980143,-55.0943226877813,-1.1573229341274334,3.476224541571439,0.6295741068180681,-13.935866504596767,0.2719344611720337,0.1029390528077251,0.00015748,0.25129379907017846,0.00081957,0,0.0
1859,0.0010485211903049074,0.07734625392049349,-1.54e-06,2.4578938558003998,3.4873681643987795,83.290764363046,1.0052136313683062,8.29743918581478,0.12067054082980143,-4.855132490304072,-1.1573229341274334,-57.20815247964022,0.6295741068180681,-27.685186926923357,0.2719344611720337,-0.04562817135303743,0.00015748,0.16800207626658187,0.00081957,1,0.0
1860,0.5990251480282898,0.08018446900095938,-1.54e-06,2.4578938558003998,3.4873681643987795,-17.090078060295706,1.0052136313683062,11.52791231938841,0.12067054082980143,-56.132992030267985,-1.1573229341274334,-61.63898493609549,0.6295741068180681,65.34243671813056,0.2719344611720337,-0.17507452353622757,0.00015748,0.1751471899285432,0.00081957,1,0.0
1861,0.036785589770388594,0.13930613994850083,-1.54e-06,2.4578938558003998,3.4873681643987795,80.92568748151285,1.0052136313683062,15.569809123480297,0.12067054082980143,-80.90247116106144,-1.1573229341274334,11.622961592369194,0.6295741068180681,6.662468564897491,0.2719344611720337,0.03682350421860342,0.00015748,0.2813914148198075,0.00081957,0,0.0
1862,1.0065118200660654,0.13312998062921128,-1.54e-06,2.4578938558003998,3.4873681643987795,-87.60929634349641,1.0052136313683062,4.338825567769238,0.12067054082980143,-12.214711226123727,-1.1573229341274334,-82.35845705154712,0.6295741068180681,86.89001123123246,0.2719344611720337,-0.03654334787625672,0.00015748,0.03599487760294521,0.00081957,1,0.0
1863,0.6089415495624082,0.057224082472884685,-1.54e-06,2.4578938558003998,3.4873681643987795,-45.64316382213916,1.0052136313683062,8.359364509024351,0.12067054082980143,-57.86155130139437,-1.1573229341274334,-33.3456050711985,0.6295741068180681,76.62636619479613,0.2719344611720337,-0.1228798677418038,0.00015748,0.12254564417595458,0.00081957,1,0.0
1864,0.30809430602484095,0.025478197324545777,-1.54e-06,2.4578938558003998,3.4873681643987795,-13.519945312198846,1.0052136313683062,7.480786385780353,0.12067054082980143,-42.052245462894106,-1.1573229341274334,-21.577649728971576,0.6295741068180681,40.649959565951455,0.2719344611720337,-0.10173285042299371,0.00015748,0.10347673043453878,0.00081957,1,0.0
1865,0.011272244613336646,0.053061754114808096,-1.54e-06,2.4578938558003998,3.4873681643987795,-88.4319909620426,1.0052136313683062,-8.02823151874233,0.12067054082980143,-13.60574957680495,-1.1573229341274334,93.32232086464266,0.6295741068180681,36.12891227767736,0.2719344611720337,-0.15549216660083295,0.00015748,0.15562952593606513,0.00081957,1,0.0
1866,0.7077294868423025,0.5902969399825144,-1.54e-06,2.4578938558003998,3.4873681643987795,-67.23090596554144,1.0052136313683062,22.209944636449073,0.12067054082980143,-58.43360837741979,-1.1573229341274334,-52.393386703887096,0.6295741068180681,64.00296122457411,0.2719344611720337,-0.41695495232000357,0.00015748,0.4115525659669974,0.00081957,1,0.0
1867,0.002049118490810631,0.23387564369652666,-1.54e-06,2.4578938558003998,3.4873681643987795,99.52191324600575,1.0052136313683062,5.666375061841364,0.12067054082980143,-11.252259604363442,-1.1573229341274334,35.27273678012845,0.6295741068180681,-44.65703736738496,0.2719344611720337,0.1564495080560512,0.00015748,0.49795651860810997,0.00081957,0,0.0
1868,0.2787537984677845,0.009934501666890166,-1.54e-06,2.4578938558003998,3.4873681643987795,-37.0490015972845,1.0052136313683062,1.2758327738545348,0.12067054082980143,-14.317253106526946,-1.1573229341274334,-5.365002018964623,0.6295741068180681,33.25847171427256,0.2719344611720337,-0.014207187922341038,0.00015748,0.014084782937914283,0.00081957,1,0.0
1869,0.14028264141681773,0.010700722214161663,-1.54e-06,2.4578938558003998,3.4873681643987795,18.272536413909215,1.0052136313683062,3.9466180269190687,0.12067054082980143,-3.642724691560952,-1.1573229341274334,-40.96001700799962,0.6295741068180681,3.5286114295576434,0.2719344611720337,-0.07035847336528404,0.00015748,0.07046047948912985,0.00081957,1,0.0
1870,0.2815286607396166,0.18417663972048326,-1.54e-06,2.4578938558003998,3.4873681643987795,77.45251347279222,1.0052136313683062,19.06538021076606,0.12067054082980143,-77.88363750098777,-1.1573229341274334,-51.37032243629546,0.6295741068180681,21.98034043239192,0.2719344611720337,-0.11868657894563511,0.00015748,0.325650011109427,0.00081957,1,0.0
1871,0.11150394648260648,0.06079815507110128,-1.54e-06,2.4578938558003998,3.4873681643987795,10.800907956031331,1.0052136313683062,10.17942593182406,0.12067054082980143,-71.32621730340867,-1.1573229341274334,3.423396124050402,0.6295741068180681,38.33211661055421,0.2719344611720337,-0.16297099026101425,0.00015748,0.16847926170402794,0.00081957,1,0.0
1872,0.40222487527238426,0.5757239358061275,-1.54e-06,2.4578938558003998,3.4873681643987795,16.402015210107216,1.0052136313683062,27.24839415849788,0.12067054082980143,-60.476258242060204,-1.1573229341274334,-80.00116799134179,0.6295741068180681,22.523576373038942,0.2719344611720337,-0.4241503473512372,0.00015748,0.42680838922702075,0.00081957,1,0.0
1873,0.24082821254757347,0.0867387433457191,-1.54e-06,2.4578938558003998,3.4873681643987795,28.097325050622356,1.0052136313683062,13.464998216527563,0.12067054082980143,-60.323001320591665,-1.1573229341274334,-43.993893787664184,0.6295741068180681,32.426857495947374,0.2719344611720337,-0.20656905237017503,0.00015748,0.20745923587541787,0.00081957,1,0.0
1874,0.1781396021951669,0.094088413622272,-1.54e-06,2.4578938558003998,3.4873681643987795,63.53104000558869,1.0052136313683062,12.59558345134643,0.12067054082980143,-29.84295420923915,-1.1573229341274334,-81.75868925119805,0.6295741068180681,3.38845543168071,0.2719344611720337,-0.21513933723049913,0.00015748,0.2154413078280791,0.00081957,1,0.0
1875,0.11772436566511768,0.12478967061036411,-1.54e-06,2.4578938558003998,3.4873681643987795,35.03500946101211,1.0052136313683062,16.82139219201845,0.12067054082980143,-74.79082667624589,-1.1573229341274334,-25.951780770532476,0.6295741068180681,26.550912774508895,0.2719344611720337,-0.2289859043376307,0.00015748,0.23429440618054667,0.00081957,1,0.0
1876,0.5880096139805434,0.04787543349986214,-1.54e-06,2.4578938558003998,3.4873681643987795,-58.22674825387876,1.0052136313683062,1.008688878743195,0.12067054082980143,-7.638678957197975,-1.1573229341274334,-39.511992729065355,0.6295741068180681,54.66813645196934,0.2719344611720337,-0.009887227972007497,0.00015748,0.009752756049515681,0.00081957,1,0.0
1877,0.050446540758142644,0.021811023004938455,-1.54e-06,2.4578938558003998,3.4873681643987795,4.426040904565036,1.0052136313683062,6.9845691424780645,0.12067054082980143,-46.60886682046346,-1.1573229341274334,6.7768317640014875,0.6295741068180681,23.369891184758778,0.2719344611720337,-0.10041424996579092,0.00015748,0.1004722792614194,0.00081957,1,0.0
1878,0.6979214970638542,0.09186256026253373,-1.54e-06,2.4578938558003998,3.4873681643987795,-19.138282878244027,1.0052136313683062,11.883779012118705,0.12067054082980143,-47.35460207060044,-1.1573229341274334,-81.25033146265024,0.6295741068180681,66.18046470751779,0.2719344611720337,-0.17282734282660955,0.00015748,0.17339000764294205,0.00081957,1,0.0
1879,0.19473732786143147,0.004885156158684247,-1.54e-06,2.4578938558003998,3.4873681643987795,-24.161522473066242,1.0052136313683062,0.6009684641937362,0.12067054082980143,-7.582897507328967,-1.1573229341274334,-6.232561960489357,0.6295741068180681,21.81284577607048,0.2719344611720337,-0.004011408556329115,0.00015748,0.0040536448252196785,0.00081957,1,0.0
1880,0.2758232494745827,0.2441097707308657,-1.54e-06,2.4578938558003998,3.4873681643987795,47.04870277717099,1.0052136313683062,23.087805565411983,0.12067054082980143,-74.50978709953846,-1.1573229341274334,-70.92466767870725,0.6295741068180681,25.736812169095426,0.2719344611720337,-0.31254531820863896,0.00015748,0.31526319807082726,0.00081957,1,0.0
1881,0.04857409968681996,0.001831403374623689,-1.54e-06,2.4578938558003998,3.4873681643987795,-39.75521015489966,1.0052136313683062,0.4772822387952377,0.12067054082980143,-32.38966641771475,-1.1573229341274334,45.233269455385056,0.6295741068180681,30.626309849194396,0.2719344611720337,-0.02635614021784498,0.00015748,0.02612752967749933,0.00081957,1,0.0
1882,0.3413458572737324,0.24043422277926887,-1.54e-06,2.4578938558003998,3.4873681643987795,47.36530243912521,1.0052136313683062,10.001213734157567,0.12067054082980143,-90.64541116381568,-1.1573229341274334,36.571058338923635,0.6295741068180681,42.633835699415364,0.2719344611720337,0.09546713668384318,0.00015748,0.383079327400486,0.00081957,0,0.0
1883,0.30792920759602893,0.03624263942244539,-1.54e-06,2.4578938558003998,3.4873681643987795,7.985699965602117,1.0052136313683062,8.321179756494514,0.12067054082980143,-31.07559216087191,-1.1573229341274334,-48.107600163064056,0.6295741068180681,28.73592199774546,0.2719344611720337,-0.1281096091816251,0.00015748,0.12787577847759743,0.00081957,1,0.0
1884,5.114190126365159e-05,0.18244902049956258,-1.54e-06,2.4578938558003998,3.4873681643987795,78.88920011762538,1.0052136313683062,5.701030885534906,0.12067054082980143,-16.634671217500365,-1.1573229341274334,27.829784700580873,0.6295741068180681,-31.441918001053903,0.2719344611720337,0.1390108198297252,0.00015748,0.3616923416122326,0.00081957,0,0.0
1885,-0.00010354860328287696,0.12043049312470167,-1.54e-06,2.4578938558003998,3.4873681643987795,69.54946036666077,1.0052136313683062,12.160234705412476,0.12067054082980143,-67.03697097330902,-1.1573229341274334,26.266577569531695,0.6295741068180681,1.1045846832144437,0.2719344611720337,0.10779016286210347,0.00015748,0.2253581912845014,0.00081957,0,0.0
1886,0.4490721593608754,0.040521866462529255,-1.54e-06,2.4578938558003998,3.4873681643987795,-49.605700841134635,1.0052136313683062,10.108003597745865,0.12067054082980143,-83.43322207214663,-1.1573229341274334,8.200882046394709,0.6295741068180681,80.14564253778958,0.2719344611720337,-0.12940247886446501,0.00015748,0.12937112062558356,0.00081957,1,0.0
1887,0.19007707627329906,0.015404506009689406,-1.54e-06,2.4578938558003998,3.4873681643987795,11.500763769477082,1.0052136313683062,5.23147173684895,0.12067054082980143,-14.035129217304956,-1.1573229341274334,-38.435415685350286,0.6295741068180681,13.080251483093178,0.2719344611720337,-0.08273307169651274,0.00015748,0.08330603377893632,0.00081957,1,0.0
1888,0.002627555715362828,0.010472816605820738,-1.54e-06,2.4578938558003998,3.4873681643987795,3.9393095477937212,1.0052136313683062,4.301419009964841,0.12067054082980143,-32.31758029612945,-1.1573229341274334,10.179689981819523,0.6295741068180681,14.553011308867973,0.2719344611720337,-0.06300355139313804,0.00015748,0.06489750230898511,0.00081957,1,0.0
1889,0.00802805030863385,0.10245465179740244,-1.54e-06,2.4578938558003998,3.4873681643987795,48.25678554964954,1.0052136313683062,13.007150408872562,0.12067054082980143,-70.33549776764207,-1.1573229341274334,-1.7376561843403957,0.6295741068180681,16.43003401309573,0.2719344611720337,-0.12664992703701428,0.00015748,0.21407035347279124,0.00081957,1,0.0
1890,-0.00037066894347143053,0.1140277448610299,-1.54e-06,2.4578938558003998,3.4873681643987795,-32.38451403672692,1.0052136313683062,-2.29675132230078,0.12067054082980143,-32.0027292486991,-1.1573229341274334,84.84375177423654,0.6295741068180681,22.22974883642205,0.2719344611720337,-0.028833570363993963,0.00015748,0.21362295781264412,0.00081957,1,0.0
1891,0.8535389259748103,0.09543185268757809,-1.54e-06,2.4578938558003998,3.4873681643987795,-49.32029192200058,1.0052136313683062,7.9471095645607095,0.12067054082980143,-28.297715774248825,-1.1573229341274334,-86.08281544361694,0.6295741068180681,75.31823720632293,0.2719344611720337,-0.10750085575462107,0.00015748,0.10754839998252921,0.00081957,1,0.0
1892,0.6021266614829455,0.6791949279534677,-1.54e-06,2.4578938558003998,3.4873681643987795,13.92898477801537,1.0052136313683062,-6.09702561658224,0.12067054082980143,-14.725030825064966,-1.1573229341274334,9.704975660225548,0.6295741068180681,39.28851263486198,0.2719344611720337,-0.07918724598640647,0.00015748,0.6028207344351304,0.00081957,1,0.0
1893,0.1561157884572568,0.1472556274693348,-1.54e-06,2.4578938558003998,3.4873681643987795,-12.681705838999743,1.0052136313683062,-2.329129119601523,0.12067054082980143,-36.61440845998431,-1.1573229341274334,19.554860938277443,0.6295741068180681,40.727496534339856,0.2719344611720337,-0.1720520359287833,0.00015748,0.20912045825961859,0.00081957,1,0.0
1894,0.3258362047158796,0.1781744605139125,-1.54e-06,2.4578938558003998,3.4873681643987795,56.02114423776759,1.0052136313683062,18.399792214762478,0.12067054082980143,-74.33247050282579,-1.1573229341274334,-72.77346998284806,0.6295741068180681,34.4226678596972,0.2719344611720337,-0.26396243550808624,0.00015748,0.301395723672851,0.00081957,1,0.0
1895,0.7850037565498631,0.3487283403523244,-1.54e-06,2.4578938558003998,3.4873681643987795,13.344651112632386,1.0052136313683062,9.509692946015408,0.12067054082980143,-71.69859260297751,-1.1573229341274334,-46.365230115461834,0.6295741068180681,75.12439172265645,0.2719344611720337,-0.064524988987609,0.00015748,0.3733751606054393,0.00081957,1,0.0
1896,0.21588657942794395,0.01709118651266731,-1.54e-06,2.4578938558003998,3.4873681643987795,-4.966621504687843,1.0052136313683062,6.364510992622325,0.12067054082980143,-33.44361136073409,-1.1573229341274334,-18.347525592285418,0.6295741068180681,28.743943929393176,0.2719344611720337,-0.08884860015645359,0.00015748,0.08898458323294357,0.00081957,1,0.0
1897,-3.450584140651802e-05,0.13312040392605895,-1.54e-06,2.4578938558003998,3.4873681643987795,83.01091114368812,1.0052136313683062,14.145142262891243,0.12067054082980143,-81.20216149456154,-1.1573229341274334,37.427155523740694,0.6295741068180681,1.6186385656153017,0.2719344611720337,0.1542486102200754,0.00015748,0.26928762968321635,0.00081957,0,0.0
1898,0.4581444857937638,0.039842967209817476,-1.54e-06,2.4578938558003998,3.4873681643987795,-86.94080232238127,1.0052136313683062,-1.5995366152340447,0.12067054082980143,-21.86059727430307,-1.1573229341274334,17.745677071664545,0.6295741068180681,63.389566226461504,0.2719344611720337,-0.05508556043097987,0.00015748,0.055222791692192894,0.00081957,1,0.0
1899,-0.0001411497398486894,0.1618403993800796,-1.54e-06,2.4578938558003998,3.4873681643987795,70.16517608526044,1.0052136313683062,9.081216480259933,0.12067054082980143,-54.75707459868926,-1.1573229341274334,58.49952103060082,0.6295741068180681,-10.822408700425747,0.2719344611720337,0.18477546919608134,0.00015748,0.34157199596854315,0.00081957,0,0.0
1900,0.6888998012549026,0.21366228261466902,-1.54e-06,1.9316863821678012,3.010182037802922,95.18031416702058,1.0052136313683062,27.596946409244442,0.12067054082980143,-74.32439706396124,-1.1573229341274334,-46.54086223052703,0.6295741068180681,4.8016718626291395,0.2719344611720337,0.33180732600252677,0.00015748,1.0136670150302078,0.00081957,0,0.0
1901,0.15503811344980978,0.08241178906289705,-1.54e-06,1.9316863821678012,3.010182037802922,-66.66178726982359,1.0052136313683062,-3.868074605873331,0.12067054082980143,-54.43190319591311,-1.1573229341274334,83.26373061292294,0.6295741068180681,58.46352127360298,0.2719344611720337,-0.15411697741848845,0.00015748,0.15475077307723217,0.00081957,1,0.0
1902,0.36126598365199736,0.4519424927292791,-1.54e-06,1.9316863821678012,3.010182037802922,90.10931630426023,1.0052136313683062,13.169919697779925,0.12067054082980143,-86.61757844535559,-1.1573229341274334,33.921688351421814,0.6295741068180681,10.505485900810818,0.2719344611720337,0.30923365228226385,0.00015748,1.3748203033545352,0.00081957,0,0.0
1903,0.0006883317181995974,0.01904139173001035,-1.54e-06,1.9316863821678012,3.010182037802922,67.26376252406475,1.0052136313683062,19.27003832317625,0.12067054082980143,-91.57823371863307,-1.1573229341274334,42.21363929734745,0.6295741068180681,4.428695654638698,0.2719344611720337,0.3821304218726058,0.00015748,0.7250124502950586,0.00081957,0,0.0
1904,-0.0025659838664067736,0.14048332051228987,-1.54e-06,1.9316863821678012,3.010182037802922,-1.0532472877260184,1.0052136313683062,2.106583485462013,0.12067054082980143,-31.495403049835108,-1.1573229341274334,41.20472967762073,0.6295741068180681,11.38560734817569,0.2719344611720337,0.09025721035276003,0.00015748,0.25654627219068393,0.00081957,0,0.0
1905,0.7932505136670914,0.7474569117735727,-1.54e-06,1.9316863821678012,3.010182037802922,81.09809424826925,1.0052136313683062,10.519093922423734,0.12067054082980143,-51.34740101578308,-1.1573229341274334,-11.761245895038813,0.6295741068180681,11.686442574660665,0.2719344611720337,0.2981408502591274,0.00015748,1.3665778615387796,0.00081957,0,0.0
1906,0.4463958397803718,0.1477330911386999,-1.54e-06,1.9316863821678012,3.010182037802922,81.44255408345693,1.0052136313683062,17.955643685346402,0.12067054082980143,-37.34872741728569,-1.1573229341274334,-37.38689556696602,0.6295741068180681,-11.937064666082483,0.2719344611720337,0.3833848065063772,0.00015748,0.7204081484287397,0.00081957,0,0.0
1907,0.28145205311791566,0.5217712746509671,-1.54e-06,1.9316863821678012,3.010182037802922,43.691205807865735,1.0052136313683062,19.786204704787558,0.12067054082980143,-48.3433092714534,-1.1573229341274334,-44.486113578008556,0.6295741068180681,7.978515390993724,0.2719344611720337,-0.2943753651752492,0.00015748,0.5756348074179902,0.00081957,1,0.0
1908,1.0401785938608754,0.355986772518112,-1.54e-06,1.9316863821678012,3.010182037802922,23.79703123700259,1.0052136313683062,21.28038123313167,0.12067054082980143,-99.42409293408039,-1.1573229341274334,-2.2357477189109205,0.6295741068180681,60.170372090705975,0.2719344611720337,0.3606067784721019,0.00015748,0.8007650566107067,0.00081957,0,0.0
1909,0.6068137996172017,0.3988521218094527,-1.54e-06,1.9316863821678012,3.010182037802922,50.04250772970441,1.0052136313683062,9.252804667525863,0.12067054082980143,-52.37864848270442,-1.1573229341274334,11.759138162278493,0.6295741068180681,17.017920087215614,0.2719344611720337,0.3387099721495867,0.00015748,0.9776253037471889,0.00081957,0,0.0
1910,0.3399779413713353,0.19497719433354999,-1.54e-06,1.9316863821678012,3.010182037802922,-17.434630718923025,1.0052136313683062,12.589268183356806,0.12067054082980143,-92.7643243170623,-1.1573229341274334,45.228261362812084,0.6295741068180681,57.452535405633256,0.2719344611720337,-0.018118143885952037,0.00015748,0.3627492352314209,0.00081957,1,0.0
1911,0.16582819497301193,0.09420120160992165,-1.54e-06,1.9316863821678012,3.010182037802922,79.61170175370533,1.0052136313683062,12.140635051064908,0.12067054082980143,-14.845912733407598,-1.1573229341274334,-22.407877342154105,0.6295741068180681,-30.322547810688572,0.2719344611720337,0.4571987159681751,0.00015748,0.5501517672337276,0.00081957,0,0.0
1912,0.0008616150371564268,0.1312389786224422,-1.54e-06,1.9316863821678012,3.010182037802922,39.478316044471036,1.0052136313683062,7.99350732817537,0.12067054082980143,-32.656125762733794,-1.1573229341274334,18.741097098270885,0.6295741068180681,-7.549671421515662,0.2719344611720337,0.3089577073564257,0.00015748,0.3497951941224986,0.00081957,0,0.0
1913,1.2559996829634148,0.5473547113522556,-1.54e-06,1.9316863821678012,3.010182037802922,84.86160276222837,1.0052136313683062,25.490397030583534,0.12067054082980143,-49.214865894141006,-1.1573229341274334,-95.38187019413633,0.6295741068180681,17.614729241555445,0.2719344611720337,0.34079236129133356,0.00015748,1.0330830214404016,0.00081957,0,0.0
1914,0.5166292306592364,0.07644672019569207,-1.54e-06,1.9316863821678012,3.010182037802922,-51.08239063202315,1.0052136313683062,-1.4493410412501568,0.12067054082980143,-21.327498229440987,-1.1573229341274334,16.50981806249685,0.6295741068180681,47.40625432603645,0.2719344611720337,-0.08573394946531375,0.00015748,0.08570138986191382,0.00081957,1,0.0
1915,0.0055600231138363265,0.4188593278940589,-1.54e-06,1.9316863821678012,3.010182037802922,66.97865934345835,1.0052136313683062,2.637718596167146,0.12067054082980143,-5.529637561690542,-1.1573229341274334,59.64522792669406,0.6295741068180681,-43.17951402851209,0.2719344611720337,0.26752049664213684,0.00015748,1.374173096323148,0.00081957,0,0.0
1916,1.0529749387000558,0.1823077360346547,-1.54e-06,1.9316863821678012,3.010182037802922,-68.07582636149192,1.0052136313683062,7.849168326021436,0.12067054082980143,-64.64271394283365,-1.1573229341274334,-3.5479300986391946,0.6295741068180681,91.82028748865825,0.2719344611720337,-0.15896469314821735,0.00015748,0.16017021416383356,0.00081957,1,0.0
1917,1.6018153910240982,3.5567096805338085,-1.54e-06,1.9316863821678012,3.010182037802922,61.00738221559001,1.0052136313683062,-0.5389460555403705,0.12067054082980143,-71.0604100023627,-1.1573229341274334,53.94825649320065,0.6295741068180681,53.10149729905651,0.2719344611720337,0.27429083623328276,0.00015748,2.66457033713658,0.00081957,0,0.0
1918,0.005625983290939773,0.13292606292216272,-1.54e-06,1.9316863821678012,3.010182037802922,4.65048507585978,1.0052136313683062,8.049678408546052,0.12067054082980143,-76.6934316261065,-1.1573229341274334,80.59608741374514,0.6295741068180681,25.726823915243948,0.2719344611720337,0.28384596858293387,0.00015748,0.4519177114900623,0.00081957,0,0.0
1919,0.3208798727597548,0.09449875573183418,-1.54e-06,1.9316863821678012,3.010182037802922,86.49949739648955,1.0052136313683062,21.494973206966478,0.12067054082980143,-63.629325678236235,-1.1573229341274334,-16.10934192802893,0.6295741068180681,-6.86326936592772,0.2719344611720337,0.36431038993571246,0.00015748,0.8168870509141697,0.00081957,0,0.0
1920,0.8274514873597331,0.3267027270527877,-1.54e-06,1.9316863821678012,3.010182037802922,86.20572759958368,1.0052136313683062,18.625491256350536,0.12067054082980143,-26.25638132682305,-1.1573229341274334,-75.0106855944343,0.6295741068180681,-5.496147034684929,0.2719344611720337,0.35404930345287455,0.00015748,0.85178964659923,0.00081957,0,0.0
1921,0.1389947526406911,0.7321170368304191,-1.54e-06,1.9316863821678012,3.010182037802922,-45.88016566530489,1.0052136313683062,4.580380164853635,0.12067054082980143,-17.44344510507515,-1.1573229341274334,38.35622316677897,0.6295741068180681,18.741880458776286,0.2719344611720337,-0.5241236876557677,0.00015748,0.518667954354182,0.00081957,1,0.0
1922,0.008898900225338346,0.15256517067200373,-1.54e-06,1.9316863821678012,3.010182037802922,-41.935544328042454,1.0052136313683062,-6.83623909839498,0.12067054082980143,-3.0162103511226417,-1.1573229341274334,50.10317381106431,0.6295741068180681,17.246399504641165,0.2719344611720337,-0.26810011347271756,0.00015748,0.26759062462239547,0.00081957,1,0.0
1923,0.31101592753320406,0.22690495216583914,-1.54e-06,1.9316863821678012,3.010182037802922,-81.8807085582352,1.0052136313683062,-6.237138277716926,0.12067054082980143,-35.3391148611623,-1.1573229341274334,77.9851801648304,0.6295741068180681,57.95889320558585,0.2719344611720337,-0.2998206208579439,0.00015748,0.2990815634373166,0.00081957,1,0.0
1924,0.0015680553868073765,0.05305436399392104,-1.54e-06,1.9316863821678012,3.010182037802922,84.8861015851408,1.0052136313683062,11.796219243087974,0.12067054082980143,-19.785192256470978,-1.1573229341274334,-9.435574697541519,0.6295741068180681,-35.061445750652155,0.2719344611720337,0.44452268639040327,0.00015748,0.5726387559421715,0.00081957,0,0.0
1925,0.9193762259304832,0.2827947485849187,-1.54e-06,1.9316863821678012,3.010182037802922,44.142926889904956,1.0052136313683062,25.15805041369957,0.12067054082980143,-97.04151594186469,-1.1573229341274334,-12.802146762324048,0.6295741068180681,43.99631602124517,0.2719344611720337,0.35184644702329526,0.00015748,0.859614335517285,0.00081957,0,0.0
1926,0.011048372054779154,0.10868306952779128,-1.54e-06,1.9316863821678012,3.010182037802922,48.64538593016611,1.0052136313683062,8.430845355545427,0.12067054082980143,-34.176281324014994,-1.1573229341274334,30.202789695853216,0.6295741068180681,-13.637874742910551,0.2719344611720337,0.3635792924449233,0.00015748,0.5691023234418053,0.00081957,0,0.0
1927,0.6814562864108327,0.2226993364336271,-1.54e-06,1.9316863821678012,3.010182037802922,54.476957481092555,1.0052136313683062,17.86583332684065,0.12067054082980143,-51.370978583751025,-1.1573229341274334,-27.083451026171332,0.6295741068180681,13.011511161442206,0.2719344611720337,0.3973819986271321,0.00015748,0.6741488686433119,0.00081957,0,0.0
1928,1.2269395922775903,0.6436454167962516,-1.54e-06,1.9316863821678012,3.010182037802922,66.14147457012558,1.0052136313683062,20.833988778802446,0.12067054082980143,-74.25667846270747,-1.1573229341274334,-49.88746615403496,0.6295741068180681,39.90174832102867,0.2719344611720337,0.32460638353626703,0.00015748,1.148722631077904,0.00081957,0,0.0
1929,0.35325650279648957,0.150583955292324,-1.54e-06,1.9316863821678012,3.010182037802922,-16.91742620066859,1.0052136313683062,4.477335727700202,0.12067054082980143,-0.32219865868808856,-1.1573229341274334,-18.934768428857698,0.6295741068180681,13.103029950717353,0.2719344611720337,-0.20778420429724676,0.00015748,0.20535080957838525,0.00081957,1,0.0
1930,2.1401107689504015,5.989652348153247,-1.54e-06,1.9316863821678012,3.010182037802922,79.9745310629606,1.0052136313683062,0.7618778349999471,0.12067054082980143,-100.0,-1.1573229341274334,60.09090789930359,0.6295741068180681,76.53262246035192,0.2719344611720337,0.32176321752455683,0.00015748,3.4198936243934543,0.00081957,0,0.0
1931,0.6952981520863284,0.09567529126847116,-1.54e-06,1.9316863821678012,3.010182037802922,-34.892807549323344,1.0052136313683062,5.660235042191297,0.12067054082980143,-35.61813958945729,-1.1573229341274334,-16.245759793407707,0.6295741068180681,53.75960066199142,0.2719344611720337,-0.13774833293614436,0.00015748,0.14095448367697722,0.00081957,1,0.0
1932,0.6843346521339672,0.08201403126920839,-1.54e-06,1.9316863821678012,3.010182037802922,-28.16478647895627,1.0052136313683062,2.7513040740606196,0.12067054082980143,-6.250985277925644,-1.1573229341274334,-33.268127520390244,0.6295741068180681,36.23605612546151,0.2719344611720337,-0.05031640203808072,0.00015748,0.050858594119873014,0.00081957,1,0.0
1933,0.002131019275678492,0.12645778073213712,-1.54e-06,1.9316863821678012,3.010182037802922,95.13952638045713,1.0052136313683062,15.889985255990542,0.12067054082980143,-39.59063051435549,-1.1573229341274334,16.25140642964271,0.6295741068180681,-36.60628280917074,0.2719344611720337,0.6305359772867718,0.00015748,0.7790399223314934,0.00081957,0,0.0
1934,-0.0006910867201934123,0.6026182752127083,-1.54e-06,1.9316863821678012,3.010182037802922,38.20411831678246,1.0052136313683062,-0.40143419774020256,0.12067054082980143,-9.967204481378571,-1.1573229341274334,71.65464640757281,0.6295741068180681,-26.321558590042446,0.2719344611720337,0.13078042198781648,0.00015748,1.2174021806885524,0.00081957,0,0.0
1935,0.5121824565724101,0.12411715653533512,-1.54e-06,1.9316863821678012,3.010182037802922,-74.05197376810095,1.0052136313683062,-3.3057045318544493,0.12067054082980143,-44.209585801961445,-1.1573229341274334,52.906050461449915,0.6295741068180681,68.35159625238786,0.2719344611720337,-0.14193663164685866,0.00015748,0.14257330293983356,0.00081957,1,0.0
1936,0.7735060228685255,0.3628446938979538,-1.54e-06,1.9316863821678012,3.010182037802922,11.294262629794439,1.0052136313683062,13.735632537122282,0.12067054082980143,-20.92166870856196,-1.1573229341274334,-84.29826533239635,0.6295741068180681,30.15582232836411,0.2719344611720337,-0.38856595332494215,0.00015748,0.40375562852443414,0.00081957,1,0.0
1937,0.25095320989494957,0.021692137769133653,-1.54e-06,1.9316863821678012,3.010182037802922,-31.713380225193813,1.0052136313683062,4.532745988783981,0.12067054082980143,-50.555273868154245,-1.1573229341274334,28.880686693437852,0.6295741068180681,44.433514059206374,0.2719344611720337,-0.09488896750177364,0.00015748,0.09452910173416498,0.00081957,1,0.0
1938,1.909427446292011,1.3893658200216978,-1.54e-06,1.9316863821678012,3.010182037802922,30.507324808354408,1.0052136313683062,14.177969711725012,0.12067054082980143,-29.940405895057996,-1.1573229341274334,-98.63494648816763,0.6295741068180681,57.36342901266094,0.2719344611720337,0.3036337957390259,0.00015748,1.0608379308687836,0.00081957,0,0.0
1939,0.0023093850990349996,0.021761949716014736,-1.54e-06,1.9316863821678012,3.010182037802922,34.53136823747544,1.0052136313683062,15.496597189862639,0.12067054082980143,-99.34832923778124,-1.1573229341274334,75.40286872163801,0.6295741068180681,21.269442203143424,0.2719344611720337,0.46062302544105266,0.00015748,0.5510442862542404,0.00081957,0,0.0
1940,0.43091824462825634,0.21361966215425057,-1.54e-06,1.9316863821678012,3.010182037802922,24.389812652482025,1.0052136313683062,9.874777096731542,0.12067054082980143,-6.241770471552552,-1.1573229341274334,-69.70607263381602,0.6295741068180681,7.570974929930381,0.2719344611720337,-0.30676986689609737,0.00015748,0.321370180666768,0.00081957,1,0.0
1941,0.9530477633731415,0.2464535659754374,-1.54e-06,1.9316863821678012,3.010182037802922,-76.60293655764092,1.0052136313683062,-0.7230836225145323,0.12067054082980143,-19.116670741163194,-1.1573229341274334,0.7570861505237272,0.6295741068180681,68.82264699808353,0.2719344611720337,-0.15354806291355405,0.00015748,0.14792276428565831,0.00081957,1,0.0
1942,0.6642945886354048,0.3234563194276464,-1.54e-06,1.9316863821678012,3.010182037802922,13.59804973285803,1.0052136313683062,15.18530590847871,0.12067054082980143,-58.19247087781702,-1.1573229341274334,-22.801893458225447,0.6295741068180681,38.06206574395042,0.2719344611720337,0.005141704285957921,0.00015748,0.4930745019815046,0.00081957,0,0.0
1943,1.6495533109828047,0.8430907393863736,-1.54e-06,1.9316863821678012,3.010182037802922,44.35224382915332,1.0052136313683062,30.594015202855775,0.12067054082980143,-79.17964665524325,-1.1573229341274334,-91.15543725090113,0.6295741068180681,57.994910135733384,0.2719344611720337,0.2353154114944671,0.00015748,1.0017105192148694,0.00081957,0,0.0
1944,1.5819284871914148,0.4236419489303955,-1.54e-06,1.9316863821678012,3.010182037802922,-74.66642175746549,1.0052136313683062,9.039491207787801,0.12067054082980143,-40.79179198149296,-1.1573229341274334,-57.59229248932117,0.6295741068180681,99.54510494270222,0.2719344611720337,-0.17848143247835466,0.00015748,0.17626139674257033,0.00081957,1,0.0
1945,-0.0003687124444922002,0.41470972112104,-1.54e-06,1.9316863821678012,3.010182037802922,3.7263361185178057,1.0052136313683062,0.9772363611228643,0.12067054082980143,-40.41216126971994,-1.1573229341274334,87.14640222968256,0.6295741068180681,6.116021302541003,0.2719344611720337,0.08919453665183169,0.00015748,0.8411828484689667,0.00081957,0,0.0
1946,0.0015434276525507773,0.6113618968021389,-1.54e-06,1.9316863821678012,3.010182037802922,83.87453666628213,1.0052136313683062,9.01123182496029,0.12067054082980143,-28.993916631930873,-1.1573229341274334,95.42545447625378,0.6295741068180681,-50.861803772318346,0.2719344611720337,0.385319627768301,0.00015748,1.863119533925,0.00081957,0,0.0
1947,0.0013274139005678975,0.12758386602085062,-1.54e-06,1.9316863821678012,3.010182037802922,-17.595268212277308,1.0052136313683062,1.357882388418354,0.12067054082980143,-43.88886619511305,-1.1573229341274334,59.29175731206374,0.6295741068180681,24.60395683583448,0.2719344611720337,0.04520098761093061,0.00015748,0.23758317465745526,0.00081957,0,0.0
1948,1.2502850690100076,0.784119736487292,-1.54e-06,1.9316863821678012,3.010182037802922,-72.04227711433344,1.0052136313683062,10.220112410100166,0.12067054082980143,-23.552445250848848,-1.1573229341274334,-55.804816129388584,0.6295741068180681,75.09790756509547,0.2719344611720337,-0.4561997018560209,0.00015748,0.23710937662102838,0.00081957,1,0.0
1949,0.018115125841861035,0.4362885782189277,-1.54e-06,1.9316863821678012,3.010182037802922,74.86895183382282,1.0052136313683062,19.26219731037097,0.12067054082980143,-26.19614356027841,-1.1573229341274334,-24.641109551415333,0.6295741068180681,-32.91663155963694,0.2719344611720337,0.07395549395703327,0.00015748,0.684232733167006,0.00081957,0,0.0
1950,0.11060622111182994,0.04534865167236799,-1.54e-06,1.9316863821678012,3.010182037802922,52.7432171161737,1.0052136313683062,15.529165173695526,0.12067054082980143,-72.0812068405712,-1.1573229341274334,34.755747530786294,0.6295741068180681,5.006954912842958,0.2719344611720337,0.438000762684145,0.00015748,0.5826261291066529,0.00081957,0,0.0
1951,0.866687090370047,1.309790788138684,-1.54e-06,1.9316863821678012,3.010182037802922,13.885964130178758,1.0052136313683062,28.221769422242033,0.12067054082980143,-50.04328328549742,-1.1573229341274334,-95.87696870993086,0.6295741068180681,35.110752105433676,0.2719344611720337,-0.7157003636685189,0.00015748,0.7203941137263805,0.00081957,1,0.0
1952,1.500869904136962,0.4531655658232833,-1.54e-06,1.9316863821678012,3.010182037802922,-74.75889895996932,1.0052136313683062,13.08722070417629,0.12067054082980143,-54.823554277176605,-1.1573229341274334,-47.111160467515724,0.6295741068180681,100.0,0.2719344611720337,-0.2777180285330855,0.00015748,0.27663097416690235,0.00081957,1,0.0
1953,0.2360805618904811,0.15623617240682622,-1.54e-06,1.9316863821678012,3.010182037802922,-10.069750206784352,1.0052136313683062,11.64916568175305,0.12067054082980143,-93.09910006034126,-1.1573229341274334,64.22634500166457,0.6295741068180681,48.79528417353827,0.2719344611720337,0.1898326894941516,0.00015748,0.358887448948312,0.00081957,0,0.0
1954,0.001678939124038381,0.19391030183119726,-1.54e-06,1.9316863821678012,3.010182037802922,86.39663957041843,1.0052136313683062,6.419721142334139,0.12067054082980143,-10.289423136540762,-1.1573229341274334,23.620902523388505,0.6295741068180681,-43.76956225051874,0.2719344611720337,0.4175836127778657,0.00015748,1.033391024938819,0.00081957,0,0.0
1955,0.7837724600961777,0.7833326404125293,-1.54e-06,1.9316863821678012,3.010182037802922,6.509532297915532,1.0052136313683062,23.283560626413085,0.12067054082980143,-56.20819473491351,-1.1573229341274334,-67.01452081005692,0.6295741068180681,41.257215243394555,0.2719344611720337,-0.5115928673292177,0.00015748,0.5974470044206882,0.00081957,1,0.0
1956,0.19779131029552477,0.22257549280593023,-1.54e-06,1.9316863821678012,3.010182037802922,-68.45800967739187,1.0052136313683062,-8.411003392936797,0.12067054082980143,-22.02399600093564,-1.1573229341274334,70.38216071025253,0.6295741068180681,44.639362854633866,0.2719344611720337,-0.29574792411790807,0.00015748,0.29597107300686043,0.00081957,1,0.0
1957,0.6300487708424343,1.3954441417408876,-1.54e-06,1.9316863821678012,3.010182037802922,-16.16370820572374,1.0052136313683062,-9.804797795292705,0.12067054082980143,-8.187796113053814,-1.1573229341274334,12.792776366741741,0.6295741068180681,38.79638148314141,0.2719344611720337,-0.32225311151498076,0.00015748,0.8498090136273959,0.00081957,1,0.0
1958,0.6491581635171579,0.06482219648594223,-1.54e-06,1.9316863821678012,3.010182037802922,-49.91932341109989,1.0052136313683062,5.1788554313744095,0.12067054082980143,-49.813849673240206,-1.1573229341274334,10.294572619829086,0.6295741068180681,64.0367118010341,0.2719344611720337,-0.09394205503358265,0.00015748,0.09440930196598367,0.00081957,1,0.0
1959,0.39911878159938113,0.19110384858299817,-1.54e-06,1.9316863821678012,3.010182037802922,8.374608668443406,1.0052136313683062,8.551246909144172,0.12067054082980143,-32.97386147552099,-1.1573229341274334,-24.041250946984192,0.6295741068180681,24.827721484700767,0.2719344611720337,-0.13793008799455023,0.00015748,0.31400548794418837,0.00081957,1,0.0
1960,0.010192287986349635,0.1332629457811288,-1.54e-06,1.9316863821678012,3.010182037802922,18.166656470388133,1.0052136313683062,8.596370037950294,0.12067054082980143,-55.08967112735175,-1.1573229341274334,39.48045375207213,0.6295741068180681,13.0110138778741,0.2719344611720337,0.22362465954080574,0.00015748,0.30532506829158285,0.00081957,0,0.0
1961,0.05153498674040935,0.05941805916190912,-1.54e-06,1.9316863821678012,3.010182037802922,-37.66266162191642,1.0052136313683062,-3.9450903240762663,0.12067054082980143,-16.45563734650752,-1.1573229341274334,45.36158579732247,0.6295741068180681,23.959994952369875,0.2719344611720337,-0.16310622030248476,0.00015748,0.1630940783659284,0.00081957,1,0.0
1962,1.3659099429930301,1.3148250870064784,-1.54e-06,1.9316863821678012,3.010182037802922,79.22123742334924,1.0052136313683062,9.750855791167842,0.12067054082980143,-21.353992629046164,-1.1573229341274334,-66.61179803752043,0.6295741068180681,16.73612243046649,0.2719344611720337,0.30046233100129294,0.00015748,1.4772994368761245,0.00081957,0,0.0
1963,1.2911662960427552,0.7175549164625822,-1.54e-06,1.9316863821678012,3.010182037802922,9.614089317789265,1.0052136313683062,22.109423039398113,0.12067054082980143,-66.50928910563731,-1.1573229341274334,-73.92900255589154,0.6295741068180681,62.9651752610277,0.2719344611720337,-0.12963113913068214,0.00015748,0.688020000136506,0.00081957,1,0.0
1964,0.0032434860390483378,0.049695843398552125,-1.54e-06,1.9316863821678012,3.010182037802922,59.76475858454645,1.0052136313683062,11.167516842069961,0.12067054082980143,-43.6238636929681,-1.1573229341274334,27.149284110614182,0.6295741068180681,-14.27360964788798,0.2719344611720337,0.45804582754170353,0.00015748,0.5491680938325619,0.00081957,0,0.0
1965,0.06833228756129073,0.03953200193749943,-1.54e-06,1.9316863821678012,3.010182037802922,30.75878752040425,1.0052136313683062,13.529006644452611,0.12067054082980143,-88.70584708016568,-1.1573229341274334,69.23457901981084,0.6295741068180681,20.437333342645797,0.2719344611720337,0.49223151815303823,0.00015748,0.5081705385587837,0.00081957,0,0.0
1966,0.00034848069123316616,0.14090571082752076,-1.54e-06,1.9316863821678012,3.010182037802922,46.345518029367355,1.0052136313683062,6.989387761236156,0.12067054082980143,-9.843359446026188,-1.1573229341274334,-10.006957287887055,0.6295741068180681,-19.47914730942595,0.2719344611720337,0.21203578077009086,0.00015748,0.29285277912258745,0.00081957,0,0.0
1967,0.00044889147531279594,0.09124392965766424,-1.54e-06,1.9316863821678012,3.010182037802922,58.43721089802235,1.0052136313683062,13.658361830761562,0.12067054082980143,-76.13595359398555,-1.1573229341274334,68.79953440415811,0.6295741068180681,-2.677981444363575,0.2719344611720337,0.5600634575182564,0.00015748,0.7941359273357183,0.00081957,0,0.0
1968,0.7373580465215321,0.9312187504696794,-1.54e-06,1.9316863821678012,3.010182037802922,10.392430347428556,1.0052136313683062,0.4112482190833508,0.12067054082980143,-43.17267182789282,-1.1573229341274334,54.59798356110378,0.6295741068180681,31.219877713595835,0.2719344611720337,0.2087278838117177,0.00015748,1.2353016195339,0.00081957,0,0.0
1969,1.465495396245318,0.6611388181897803,-1.54e-06,1.9316863821678012,3.010182037802922,37.75357174929578,1.0052136313683062,24.93936078584364,0.12067054082980143,-69.32476109100332,-1.1573229341274334,-72.37630365531751,0.6295741068180681,52.56786386691803,0.2719344611720337,0.2985698504395444,0.00015748,0.8686728101889245,0.00081957,0,0.0
1970,0.440010389191677,0.14780390935058388,-1.54e-06,1.9316863821678012,3.010182037802922,83.4453391512029,1.0052136313683062,18.40634146676538,0.12067054082980143,-35.706021885512826,-1.1573229341274334,-40.17443244786877,0.6295741068180681,-14.178667489717808,0.2719344611720337,0.3833885719015832,0.00015748,0.7185234096891688,0.00081957,0,0.0
1971,-0.0021683215568824576,0.18436842208889018,-1.54e-06,1.9316863821678012,3.010182037802922,25.541463572915116,1.0052136313683062,4.038670071285446,0.12067054082980143,-34.963010832789855,-1.1573229341274334,41.129445264566975,0.6295741068180681,0.17352615956597034,0.2719344611720337,0.21284655647249412,0.00015748,0.4851274415936356,0.00081957,0,0.0
1972,0.46974385985102174,0.13376130444921655,-1.54e-06,1.9316863821678012,3.010182037802922,93.4916871437606,1.0052136313683062,25.73094865245601,0.12067054082980143,-75.08864015076195,-1.1573229341274334,-27.39232847341772,0.6295741068180681,-0.8827246111917297,0.2719344611720337,0.3401854866532532,0.00015748,0.9448026438879391,0.00081957,0,0.0
1973,1.0657108246346532,0.20564770332805737,-1.54e-06,1.9316863821678012,3.010182037802922,-37.20362966552679,1.0052136313683062,5.511134520302761,0.12067054082980143,-9.898897600370185,-1.1573229341274334,-59.923423472325695,0.6295741068180681,54.0626782769644,0.2719344611720337,-0.12513854350165057,0.00015748,0.12352803914680202,0.00081957,1,0.0
1974,1.2171580121226033,0.48799744698060293,-1.54e-06,1.9316863821678012,3.010182037802922,80.6648176411401,1.0052136313683062,30.172416877050097,0.12067054082980143,-72.6332479401876,-1.1573229341274334,-80.01417658772777,0.6295741068180681,25.931556423383732,0.2719344611720337,0.3213711061411368,0.00015748,1.063605365493152,0.00081957,0,0.0
1975,0.36328038204452673,0.22389057513149777,-1.54e-06,1.9316863821678012,3.010182037802922,-72.82215390677236,1.0052136313683062,-6.608797969966646,0.12067054082980143,-20.5770933189334,-1.1573229341274334,57.3073943015819,0.6295741068180681,49.596729689632696,0.2719344611720337,-0.2850406341213144,0.00015748,0.2836618681991626,0.00081957,1,0.0
1976,0.548511114196057,0.49902946087430516,-1.54e-06,1.9316863821678012,3.010182037802922,13.505872422335868,1.0052136313683062,5.651156972143392,0.12067054082980143,-83.92199242373907,-1.1573229341274334,80.87926371941238,0.6295741068180681,43.34325692329183,0.2719344611720337,0.31741094049652363,0.00015748,1.1033146620187848,0.00081957,0,0.0
1977,0.7510973401018294,0.40601884241530384,-1.54e-06,1.9316863821678012,3.010182037802922,28.561693928221505,1.0052136313683062,15.33490151893566,0.12067054082980143,-30.800386854958028,-1.1573229341274334,-67.47687740166062,0.6295741068180681,23.46767301801606,0.2719344611720337,-0.12006348839875852,0.00015748,0.5103811263147882,0.00081957,1,0.0
1978,-0.0014097223758644528,0.6113277692780101,-1.54e-06,1.9316863821678012,3.010182037802922,28.54626889390677,1.0052136313683062,15.803103439388002,0.12067054082980143,-69.22083921147302,-1.1573229341274334,86.66387887053588,0.6295741068180681,-3.935187433103886,0.2719344611720337,0.12404835719337837,0.00015748,1.1247834509845167,0.00081957,0,0.0
1979,0.08691232564145612,0.06187802574064541,-1.54e-06,1.9316863821678012,3.010182037802922,-38.455221945447896,1.0052136313683062,-3.7791321579371,0.12067054082980143,-15.635993777233104,-1.1573229341274334,42.533193098133815,0.6295741068180681,24.900956806928324,0.2719344611720337,-0.16226625727969818,0.00015748,0.1638385027960333,0.00081957,1,0.0
1980,0.6766086748970332,0.2081266047757962,-1.54e-06,1.9316863821678012,3.010182037802922,-86.01878708268877,1.0052136313683062,-4.043300545236365,0.12067054082980143,-35.99584812172998,-1.1573229341274334,47.03105924308834,0.6295741068180681,73.03198034083717,0.2719344611720337,-0.2046459074974198,0.00015748,0.2043510748024584,0.00081957,1,0.0
1981,1.64049791495194,0.48415992447669054,-1.54e-06,1.9316863821678012,3.010182037802922,-56.80195748021116,1.0052136313683062,6.699368256570247,0.12067054082980143,-5.458401048591922,-1.1573229341274334,-95.44974867672043,0.6295741068180681,78.80763401958451,0.2719344611720337,-0.14968520619458767,0.00015748,0.14932585858349542,0.00081957,1,0.0
1982,0.005640323208425835,0.11628080147929643,-1.54e-06,1.9316863821678012,3.010182037802922,-34.33755841354747,1.0052136313683062,-5.272078458259726,0.12067054082980143,-1.0181288064533422,-1.1573229341274334,40.110580658872195,0.6295741068180681,12.662520874933506,0.2719344611720337,-0.2336074698523196,0.00015748,0.23170300584416384,0.00081957,1,0.0
1983,0.0003342269896020045,0.10077397312514157,-1.54e-06,1.9316863821678012,3.010182037802922,22.521709670177856,1.0052136313683062,6.634723954079684,0.12067054082980143,-14.657329959433216,-1.1573229341274334,-22.376430497894525,0.6295741068180681,-1.9027650208336215,0.2719344611720337,-0.21282400693712042,0.00015748,0.2154912943535657,0.00081957,1,0.0
1984,7.667578835235389e-05,0.02908999753334498,-1.54e-06,1.9316863821678012,3.010182037802922,35.9534244656279,1.0052136313683062,14.853547858700374,0.12067054082980143,-99.97527687365994,-1.1573229341274334,79.2185338215018,0.6295741068180681,21.11279933994398,0.2719344611720337,0.50048427395138,0.00015748,0.5648531241248624,0.00081957,0,0.0
1985,-0.004122058022491104,0.4714387943264714,-1.54e-06,1.9316863821678012,3.010182037802922,3.106245767517917,1.0052136313683062,7.9388587424947525,0.12067054082980143,-0.3552925677389981,-1.1573229341274334,-7.538913382759099,0.6295741068180681,-11.372110626318916,0.2719344611720337,-0.36792735514142677,0.00015748,0.39506579447470497,0.00081957,1,0.0
1986,0.00814883839053615,0.418612599103826,-1.54e-06,1.9316863821678012,3.010182037802922,54.89411137453593,1.0052136313683062,17.440207955280382,0.12067054082980143,-34.14314567896742,-1.1573229341274334,-13.51639138363342,0.6295741068180681,-18.625813536416654,0.2719344611720337,-0.023706969312558113,0.00015748,0.5819939688593331,0.00081957,1,0.0
1987,0.5117940474747995,0.17006789914000062,-1.54e-06,1.9316863821678012,3.010182037802922,100.0,1.0052136313683062,23.088882602565242,0.12067054082980143,-44.88003787617792,-1.1573229341274334,-54.23319776224999,0.6295741068180681,-15.630913932379498,0.2719344611720337,0.35056046291520865,0.00015748,0.8741290896792828,0.00081957,0,0.0
1988,0.6934978421684078,0.3580543275259089,-1.54e-06,1.9316863821678012,3.010182037802922,19.432174840823553,1.0052136313683062,15.145808608862941,0.12067054082980143,-45.586711184821844,-1.1573229341274334,-43.3211318615158,0.6295741068180681,31.704325822916143,0.2719344611720337,-0.07251725131166648,0.00015748,0.49399188918967823,0.00081957,1,0.0
1989,-0.00023664159424297004,0.35766299796790607,-1.54e-06,1.9316863821678012,3.010182037802922,38.56099503887859,1.0052136313683062,1.442557102699856,0.12067054082980143,-43.09876724511863,-1.1573229341274334,88.27044635920653,0.6295741068180681,-7.194080702801366,0.2719344611720337,0.24731834943087744,0.00015748,1.1457378957322588,0.00081957,0,0.0
1990,0.0006110285833587081,0.5074047849358124,-1.54e-06,1.9316863821678012,3.010182037802922,99.90297757079877,1.0052136313683062,16.361308699786193,0.12067054082980143,-58.9147021202723,-1.1573229341274334,90.64994391577939,0.6295741068180681,-43.66326750824991,0.2719344611720337,0.6124045970788555,0.00015748,1.6945559821884544,0.00081957,0,0.0
1991,0.005392001240331679,0.25190365519775165,-1.54e-06,1.9316863821678012,3.010182037802922,95.9086249237872,1.0052136313683062,15.174085564622159,0.12067054082980143,-1.9791772446530016,-1.1573229341274334,-12.246277150606938,0.6295741068180681,-58.29185409622599,0.2719344611720337,0.3634248931807058,0.00015748,0.9083451655798875,0.00081957,0,0.0
1992,0.9741489009339548,0.3799381573190035,-1.54e-06,1.9316863821678012,3.010182037802922,74.89677811877715,1.0052136313683062,21.654130228566665,0.12067054082980143,-53.18591560626389,-1.1573229341274334,-62.63291221402299,0.6295741068180681,15.990966290759571,0.2719344611720337,0.3367921306225731,0.00015748,0.9263199388207477,0.00081957,0,0.0
1993,1.154939245482618,2.051562594777557,-1.54e-06,1.9316863821678012,3.010182037802922,-19.51471533434177,1.0052136313683062,31.95690015329403,0.12067054082980143,-77.52495717224818,-1.1573229341274334,-50.41540878711697,0.6295741068180681,59.39706790119992,0.2719344611720337,-0.612201976347806,0.00015748,0.9724515023773216,0.00081957,1,0.0
1994,0.5300135101658539,1.4800759604498483,-1.54e-06,1.9316863821678012,3.010182037802922,-51.94062386913829,1.0052136313683062,16.68019032694915,0.12067054082980143,-48.611355213599964,-1.1573229341274334,-3.0040405608160534,0.6295741068180681,47.04998957536792,0.2719344611720337,-0.754335092610307,0.00015748,0.5560336230095073,0.00081957,1,0.0
1995,0.08624813023249078,0.06869492557519906,-1.54e-06,1.9316863821678012,3.010182037802922,81.38897404066986,1.0052136313683062,11.872709906119864,0.12067054082980143,-24.391184171970185,-1.1573229341274334,-9.906153863612301,0.6295741068180681,-28.06432622420428,0.2719344611720337,0.41834802751273437,0.00015748,0.6198283661205216,0.00081957,0,0.0
1996,0.38526560002694243,0.09405564135408392,-1.54e-06,1.9316863821678012,3.010182037802922,-42.89204685382654,1.0052136313683062,8.953632857254114,0.12067054082980143,-84.07629467205295,-1.1573229341274334,39.621968895536895,0.6295741068180681,69.15735756799032,0.2719344611720337,-0.2098342761595243,0.00015748,0.2107164306786605,0.00081957,1,0.0
1997,0.0005668782996511856,0.10678260398703271,-1.54e-06,1.9316863821678012,3.010182037802922,58.989640165753855,1.0052136313683062,11.810514055607175,0.12067054082980143,-60.95370892903934,-1.1573229341274334,61.22307650121099,0.6295741068180681,-10.190924676832159,0.2719344611720337,0.4999115777569537,0.00015748,0.8328092286360024,0.00081957,0,0.0
1998,0.0007737136856419136,0.3127248813769705,-1.54e-06,1.9316863821678012,3.010182037802922,5.132289260801005,1.0052136313683062,2.343070031219929,0.12067054082980143,-47.8572270845769,-1.1573229341274334,84.2767433835861,0.6295741068180681,10.17212822407325,0.2719344611720337,0.13881800470276318,0.00015748,0.7472470001245992,0.00081957,0,0.0
1999,0.30856019060923257,1.125093967509253,-1.54e-06,1.9316863821678012,3.010182037802922,-12.648170784612194,1.0052136313683062,15.509061458372686,0.12067054082980143,-19.002472095033294,-1.1573229341274334,-22.2725313472131,0.6295741068180681,9.137732269385381,0.2719344611720337,-0.6142089419100716,0.00015748,0.5887369210737123,0.00081957,1,0.0
2000,0.010753354414590091,0.0005278039860437537,-1.54e-06,1.6678666942165532,5.531167055040017,-6.039997906871359,1.0052136313683062,4.193724284298402,0.12067054082980143,-15.528521927075165,-1.1573229341274334,-22.021178963493075,0.6295741068180681,9.860281168355266,0.2719344611720337,-0.014514604627623629,0.00015748,0.01453079808880581,0.00081957,1,0.0
2001,0.1775453306640363,0.002995671010824987,-1.54e-06,1.6678666942165532,5.531167055040017,-81.00870158071037,1.0052136313683062,14.507587450063586,0.12067054082980143,-90.085667227515,-1.1573229341274334,-26.345069393819404,0.6295741068180681,81.96608153173081,0.2719344611720337,-0.03741852667816835,0.00015748,0.03745346651341394,0.00081957,1,0.0
2002,0.0008942044282674311,0.07786505297721014,-1.54e-06,1.6678666942165532,5.531167055040017,70.86744964780027,1.0052136313683062,23.34719888523958,0.12067054082980143,-62.48634846895535,-1.1573229341274334,56.19609139290353,0.6295741068180681,-15.898374170213664,0.2719344611720337,0.03162141969915248,0.00015748,0.1370030893681092,0.00081957,0,0.0
2003,6.246526285558218e-06,0.03861678893236497,-1.54e-06,1.6678666942165532,5.531167055040017,-18.218605164269704,1.0052136313683062,28.657446331719527,0.12067054082980143,-83.11735437389798,-1.1573229341274334,64.32064771308787,0.6295741068180681,19.00863621974899,0.2719344611720337,-0.08286359072060684,0.00015748,0.08784757830363898,0.00081957,1,0.0
2004,0.08585023598879646,0.036586467799789725,-1.54e-06,1.6678666942165532,5.531167055040017,-58.13713017147472,1.0052136313683062,3.7422851680714295,0.12067054082980143,-88.31930040033542,-1.1573229341274334,-96.74794931537664,0.6295741068180681,81.79445377829587,0.2719344611720337,-0.09564453059039937,0.00015748,0.09800552590594613,0.00081957,1,0.0
2005,0.09876511058463006,0.0006311509011169261,-1.54e-06,1.6678666942165532,5.531167055040017,-53.0642962890008,1.0052136313683062,5.395283576672589,0.12067054082980143,-56.87760072392089,-1.1573229341274334,31.946557623820826,0.6295741068180681,49.768364565639516,0.2719344611720337,-0.010936547754521036,0.00015748,0.010930251932035536,0.00081957,1,0.0
2006,5.175994078085444e-05,0.023485408692897947,-1.54e-06,1.6678666942165532,5.531167055040017,-4.958396545181927,1.0052136313683062,21.68188758710807,0.12067054082980143,-74.3409023366251,-1.1573229341274334,-35.14197609568268,0.6295741068180681,26.09091858771915,0.2719344611720337,-0.05166220591618867,0.00015748,0.07510787246621223,0.00081957,1,0.0
2007,0.17662750669262273,0.004644485712376555,-1.54e-06,1.6678666942165532,5.531167055040017,-68.80870377760512,1.0052136313683062,16.335719490560614,0.12067054082980143,-76.01686580921815,-1.1573229341274334,-92.54228944889309,0.6295741068180681,75.03616792862964,0.2719344611720337,-0.047829412466997054,0.00015748,0.04790412099811557,0.00081957,1,0.0
2008,0.00012368523802495923,0.010641056406210275,-1.54e-06,1.6678666942165532,5.531167055040017,-24.467301260686966,1.0052136313683062,11.615622947335337,0.12067054082980143,-77.62237244689517,-1.1573229341274334,87.38606376678482,0.6295741068180681,31.37760801760179,0.2719344611720337,-0.019442028907849063,0.00015748,0.03674578947063517,0.00081957,1,0.0
2009,0.009842249439297124,0.005128509002372274,-1.54e-06,1.6678666942165532,5.531167055040017,-36.737601526978594,1.0052136313683062,14.884476394083777,0.12067054082980143,-89.4010259964679,-1.1573229341274334,43.261024005873814,0.6295741068180681,44.17533963566046,0.2719344611720337,-0.04301466887084131,0.00015748,0.043047182294488714,0.00081957,1,0.0
2010,0.24744519297288092,0.012915477721853724,-1.54e-06,1.6678666942165532,5.531167055040017,-94.31269762971415,1.0052136313683062,-3.38456958670411,0.12067054082980143,-34.4650422366036,-1.1573229341274334,90.21446092672029,0.6295741068180681,67.11383612536056,0.2719344611720337,-0.04552352577967321,0.00015748,0.045535338845015066,0.00081957,1,0.0
2011,0.0009098506135448992,0.004707475005919199,-1.54e-06,1.6678666942165532,5.531167055040017,-9.820291412745723,1.0052136313683062,12.170688502636633,0.12067054082980143,-44.337392451415035,-1.1573229341274334,-41.767224889636786,0.6295741068180681,20.66442405600973,0.2719344611720337,-0.040350952836077834,0.00015748,0.040356013290662886,0.00081957,1,0.0
2012,0.3358746481726992,0.10132689608157905,-1.54e-06,1.6678666942165532,5.531167055040017,-29.513062881303405,1.0052136313683062,20.89687528395466,0.12067054082980143,-14.901207219929208,-1.1573229341274334,37.265818274883046,0.6295741068180681,26.271416391910574,0.2719344611720337,-0.027159801850654815,0.00015748,0.14032339553565357,0.00081957,1,0.0
2013,0.0004951456524178166,0.06412338509488053,-1.54e-06,1.6678666942165532,5.531167055040017,39.65112351120067,1.0052136313683062,23.14966698377869,0.12067054082980143,-84.73447804930126,-1.1573229341274334,49.22083398547002,0.6295741068180681,7.432609451276675,0.2719344611720337,0.002839189060660177,0.00015748,0.12518141150523038,0.00081957,0,0.0
2014,0.03292068325941666,8.029507293911492e-05,-1.54e-06,1.6678666942165532,5.531167055040017,-19.577668303960294,1.0052136313683062,2.6247069697463066,0.12067054082980143,-23.667426279518267,-1.1573229341274334,15.539727878769128,0.6295741068180681,18.554567548909606,0.2719344611720337,-0.005565762606245364,0.00015748,0.0055713300732607865,0.00081957,1,0.0
2015,0.18015508882516962,0.20511262824529963,-1.54e-06,1.6678666942165532,5.531167055040017,81.23831919256325,1.0052136313683062,54.25061242486254,0.12067054082980143,-72.60264091749288,-1.1573229341274334,97.26920112492877,0.6295741068180681,-29.481482795741762,0.2719344611720337,0.0031007682367672623,0.00015748,0.249847459324823,0.00081957,0,0.0
2016,0.05043465430636156,0.004457594788916993,-1.54e-06,1.6678666942165532,5.531167055040017,-43.627704999116816,1.0052136313683062,13.788391867943687,0.12067054082980143,-82.98821900438459,-1.1573229341274334,-0.4811312810398126,0.6295741068180681,52.04087909094283,0.2719344611720337,-0.043963570123419365,0.00015748,0.04397511869857719,0.00081957,1,0.0
2017,0.17876387765089702,0.004568355769754168,-1.54e-06,1.6678666942165532,5.531167055040017,-60.407683829073896,1.0052136313683062,-0.8499183167303966,0.12067054082980143,-17.748753504318284,-1.1573229341274334,12.066356536841344,0.6295741068180681,45.82659441528144,0.2719344611720337,-0.020918234178938986,0.00015748,0.02109922761811921,0.00081957,1,0.0
2018,0.0697550318970956,0.0008543721388522865,-1.54e-06,1.6678666942165532,5.531167055040017,-55.321483711261244,1.0052136313683062,9.070873981509507,0.12067054082980143,-80.19233529750298,-1.1573229341274334,70.02242382922141,0.6295741068180681,53.47207462256431,0.2719344611720337,-0.02054500847423761,0.00015748,0.020559480190057204,0.00081957,1,0.0
2019,4.343429134717747e-05,0.07625871860610925,-1.54e-06,1.6678666942165532,5.531167055040017,67.72853576459352,1.0052136313683062,25.451380384675286,0.12067054082980143,-64.18537341456525,-1.1573229341274334,28.9492709270483,0.6295741068180681,-13.233129153517643,0.2719344611720337,0.01871521809141659,0.00015748,0.13865358226382102,0.00081957,0,0.0
2020,0.09279439785223696,0.009935147155485812,-1.54e-06,1.6678666942165532,5.531167055040017,-50.55323256485313,1.0052136313683062,-10.19372045556894,0.12067054082980143,-24.05819169925717,-1.1573229341274334,78.92063933860057,0.6295741068180681,39.97878161049358,0.2719344611720337,-0.0351418752185224,0.00015748,0.035101285640366214,0.00081957,1,0.0
2021,0.1404944112032948,0.0009710845257301667,-1.54e-06,1.6678666942165532,5.531167055040017,-58.47902502640414,1.0052136313683062,6.197360913253718,0.12067054082980143,-48.864958528267096,-1.1573229341274334,-1.220853489072029,0.6295741068180681,53.586971345501894,0.2719344611720337,-0.011180865394223286,0.00015748,0.01119673413538289,0.00081957,1,0.0
2022,0.0001606680692187168,0.012604335781407912,-1.54e-06,1.6678666942165532,5.531167055040017,-6.619056204079259,1.0052136313683062,13.952366744364486,0.12067054082980143,-48.708808149486735,-1.1573229341274334,27.292589237417797,0.6295741068180681,13.453352412829098,0.2719344611720337,-0.02873434699124544,0.00015748,0.04321519981275726,0.00081957,1,0.0
2023,0.26497259656618427,0.034457172847230655,-1.54e-06,1.6678666942165532,5.531167055040017,-60.04095981015613,1.0052136313683062,1.603364452689923,0.12067054082980143,-29.80529627037425,-1.1573229341274334,-74.47032818213624,0.6295741068180681,66.68153254240538,0.2719344611720337,-0.00471159732353138,0.00015748,0.05213272184072156,0.00081957,1,0.0
2024,0.031107487979533114,0.00488940971305001,-1.54e-06,1.6678666942165532,5.531167055040017,-16.16072180363813,1.0052136313683062,-0.1050598105526385,0.12067054082980143,-20.5555016192437,-1.1573229341274334,-50.15583233472326,0.6295741068180681,24.574520637624104,0.2719344611720337,-0.034658500157887726,0.00015748,0.03488793299241623,0.00081957,1,0.0
2025,0.09444405422081786,0.09698695127697592,-1.54e-06,1.6678666942165532,5.531167055040017,-25.21401514312094,1.0052136313683062,-22.18510838563066,0.12067054082980143,-20.60324304705501,-1.1573229341274334,80.59312674029512,0.6295741068180681,40.70872163967435,0.2719344611720337,-0.07000072812951533,0.00015748,0.13690676034323598,0.00081957,1,0.0
2026,0.001452051923107267,0.05186975346789595,-1.54e-06,1.6678666942165532,5.531167055040017,22.098282301872338,1.0052136313683062,26.983695213677123,0.12067054082980143,-81.29328798509272,-1.1573229341274334,18.02158649609028,0.6295741068180681,10.996902238015025,0.2719344611720337,-0.024869404281563874,0.00015748,0.10610194973916381,0.00081957,1,0.0
2027,0.014049910723521906,0.04563082847728563,-1.54e-06,1.6678666942165532,5.531167055040017,-6.473090480857021,1.0052136313683062,-0.00016841948353047385,0.12067054082980143,-55.83539356414099,-1.1573229341274334,-15.303541975175667,0.6295741068180681,35.61690382610517,0.2719344611720337,-0.05357037722862646,0.00015748,0.10093948813186271,0.00081957,1,0.0
2028,0.23413409264773755,0.012276565996903724,-1.54e-06,1.6678666942165532,5.531167055040017,-92.40552816415503,1.0052136313683062,-5.227369203585864,0.12067054082980143,-35.25141847133985,-1.1573229341274334,89.9376778544996,0.6295741068180681,67.39607898994102,0.2719344611720337,-0.04075448023927399,0.00015748,0.040822429426475466,0.00081957,1,0.0
2029,0.03809738294276488,0.0532062693360118,-1.54e-06,1.6678666942165532,5.531167055040017,10.387159484748958,1.0052136313683062,26.515870557316337,0.12067054082980143,-93.9584242208677,-1.1573229341274334,-40.86608208061088,0.6295741068180681,31.487356691805243,0.2719344611720337,-0.03721001315289327,0.00015748,0.12255875684781514,0.00081957,1,0.0
2030,0.000575363577698218,0.05319409548847437,-1.54e-06,1.6678666942165532,5.531167055040017,57.364698163923585,1.0052136313683062,20.04458360335715,0.12067054082980143,-25.434317852905192,-1.1573229341274334,-49.90825091341293,0.6295741068180681,-18.26996699501754,0.2719344611720337,0.0005309553380491092,0.00015748,0.09975884203679056,0.00081957,0,0.0
2031,0.023272870623338104,0.005181923082261744,-1.54e-06,1.6678666942165532,5.531167055040017,-23.021619913778952,1.0052136313683062,12.961987292395083,0.12067054082980143,-59.64333200249141,-1.1573229341274334,-41.209217981629635,0.6295741068180681,34.713618975050665,0.2719344611720337,-0.0455458633291076,0.00015748,0.0455513510883943,0.00081957,1,0.0
2032,0.001615207042285377,0.04298505310050761,-1.54e-06,1.6678666942165532,5.531167055040017,35.66036667811567,1.0052136313683062,15.796844830109046,0.12067054082980143,-37.718518024827695,-1.1573229341274334,-97.58912552251223,0.6295741068180681,4.342206685476264,0.2719344611720337,-0.03167095996880423,0.00015748,0.10351598958236591,0.00081957,1,0.0
2033,0.27675446383073554,0.005243425560358091,-1.54e-06,1.6678666942165532,5.531167055040017,-79.47362616997229,1.0052136313683062,3.9445626913370413,0.12067054082980143,-19.53944550399501,-1.1573229341274334,-92.94272920149844,0.6295741068180681,68.22675647184167,0.2719344611720337,-0.006507057623431426,0.00015748,0.006602982652276969,0.00081957,1,0.0
2034,8.2260243095586e-05,0.01296192494323844,-1.54e-06,1.6678666942165532,5.531167055040017,21.095957187110134,1.0052136313683062,11.506453486921638,0.12067054082980143,-0.14466183870197943,-1.1573229341274334,-71.38286405840363,0.6295741068180681,-10.31014684599453,0.2719344611720337,-0.024045221721797204,0.00015748,0.03974673299884659,0.00081957,1,0.0
2035,0.14624202686284601,0.004493515402238229,-1.54e-06,1.6678666942165532,5.531167055040017,-80.85884000794563,1.0052136313683062,7.296904216070407,0.12067054082980143,-91.11092273372442,-1.1573229341274334,16.30802397059041,0.6295741068180681,81.94045044722041,0.2719344611720337,-0.03189267856820247,0.00015748,0.03190227641460552,0.00081957,1,0.0
2036,0.28805278249747834,0.03366573388172028,-1.54e-06,1.6678666942165532,5.531167055040017,-72.11128946638564,1.0052136313683062,23.077696464017915,0.12067054082980143,-29.676163568693223,-1.1573229341274334,-89.59752067412296,0.6295741068180681,54.56343907208991,0.2719344611720337,-0.08147725727374591,0.00015748,0.08167068607085365,0.00081957,1,0.0
2037,0.06691633399150906,0.001778501414991125,-1.54e-06,1.6678666942165532,5.531167055040017,-43.519406167922654,1.0052136313683062,10.670377105113305,0.12067054082980143,-66.58231559614154,-1.1573229341274334,12.818959085648155,0.6295741068180681,46.06311491221747,0.2719344611720337,-0.0285752490478921,0.00015748,0.02853275590363954,0.00081957,1,0.0
2038,0.125522656045886,0.004676074096002517,-1.54e-06,1.6678666942165532,5.531167055040017,-61.803467928290466,1.0052136313683062,9.242705241156745,0.12067054082980143,-60.36309056737606,-1.1573229341274334,82.60961516545939,0.6295741068180681,48.492508552082356,0.2719344611720337,-0.03442741859601151,0.00015748,0.03456509697153074,0.00081957,1,0.0
2039,0.1615679986689559,0.0013785626042988278,-1.54e-06,1.6678666942165532,5.531167055040017,-63.53514546367918,1.0052136313683062,5.6438418790762395,0.12067054082980143,-47.621035767971314,-1.1573229341274334,-15.081610634260382,0.6295741068180681,58.409816898175784,0.2719344611720337,-0.009771190487702449,0.00015748,0.009780334963453667,0.00081957,1,0.0
2040,0.00038712094095536,0.0060488854177121005,-1.54e-06,1.6678666942165532,5.531167055040017,-11.878244937069137,1.0052136313683062,8.722868724419987,0.12067054082980143,-39.573430983113454,-1.1573229341274334,56.7958962083383,0.6295741068180681,12.049939396487929,0.2719344611720337,-0.02063148247852553,0.00015748,0.027578926266066388,0.00081957,1,0.0
2041,0.24723966555487603,0.0058842630887295105,-1.54e-06,1.6678666942165532,5.531167055040017,-74.77419945816449,1.0052136313683062,10.429618474966388,0.12067054082980143,-34.11258245071417,-1.1573229341274334,-61.132595636844044,0.6295741068180681,62.84188723009978,0.2719344611720337,-0.02914563338697863,0.00015748,0.02905514919172845,0.00081957,1,0.0
2042,0.20881560404423108,0.009417568889920486,-1.54e-06,1.6678666942165532,5.531167055040017,-56.37684177487866,1.0052136313683062,13.082575886080704,0.12067054082980143,-23.793206459268827,-1.1573229341274334,-64.50337723788356,0.6295741068180681,45.452532431702316,0.2719344611720337,-0.04220648875711369,0.00015748,0.042393540192902396,0.00081957,1,0.0
2043,0.1753034913527314,0.12209832128620715,-1.54e-06,1.6678666942165532,5.531167055040017,57.007741936448646,1.0052136313683062,39.45814938207936,0.12067054082980143,-50.41078576965361,-1.1573229341274334,-7.247196646802385,0.6295741068180681,-10.21658981718324,0.2719344611720337,0.019065459737522453,0.00015748,0.17492800486233678,0.00081957,0,0.0
2044,0.10615839783230861,0.002839593303381224,-1.54e-06,1.6678666942165532,5.531167055040017,-36.24493212876093,1.0052136313683062,11.849934375734342,0.12067054082980143,-42.36117094402583,-1.1573229341274334,-88.08574758014831,0.6295741068180681,42.951446875504686,0.2719344611720337,-0.036339339534611374,0.00015748,0.036558500123297484,0.00081957,1,0.0
2045,0.06331617246556642,0.006299776896796373,-1.54e-06,1.6678666942165532,5.531167055040017,-51.116103736038205,1.0052136313683062,6.7992728806432705,0.12067054082980143,-78.95796319409351,-1.1573229341274334,1.3010025635953024,0.6295741068180681,59.71441161452883,0.2719344611720337,-0.043538714980077026,0.00015748,0.043516799093500536,0.00081957,1,0.0
2046,4.101563500231997e-05,0.03601777180910027,-1.54e-06,1.6678666942165532,5.531167055040017,26.746624989496137,1.0052136313683062,-1.8511555359902057,0.12067054082980143,-7.2419905409607015,-1.1573229341274334,93.78739963986796,0.6295741068180681,-12.441108061485789,0.2719344611720337,0.017160600401336493,0.00015748,0.055317080943471736,0.00081957,0,0.0
2047,0.008432177486530218,0.0010880138899047307,-1.54e-06,1.6678666942165532,5.531167055040017,-34.68943493749912,1.0052136313683062,7.576812223674364,0.12067054082980143,-70.22048377374036,-1.1573229341274334,76.32483853260034,0.6295741068180681,36.24777371866298,0.2719344611720337,-0.020309353271159035,0.00015748,0.020304922483095032,0.00081957,1,0.0
2048,0.0013050903736739616,0.015999387352276698,-1.54e-06,1.6678666942165532,5.531167055040017,-5.606543780928921,1.0052136313683062,3.8208281313910466,0.12067054082980143,-42.855137727848486,-1.1573229341274334,57.56251951304488,0.6295741068180681,16.285944743960478,0.2719344611720337,-0.002736564319672584,0.00015748,0.03368264823390412,0.00081957,1,0.0
2049,0.1586712508267672,0.0029396153507921328,-1.54e-06,1.6678666942165532,5.531167055040017,-63.97431443586759,1.0052136313683062,8.08115241849238,0.12067054082980143,-58.995430552410404,-1.1573229341274334,-57.155401024441346,0.6295741068180681,66.47598124245825,0.2719344611720337,-0.029847646135326096,0.00015748,0.03002970791773668,0.00081957,1,0.0
2050,0.24469354265278886,0.09563038656447148,-1.54e-06,1.6678666942165532,5.531167055040017,21.10396061456866,1.0052136313683062,33.88868203327577,0.12067054082980143,-79.37599615334402,-1.1573229341274334,-77.26808254565081,0.6295741068180681,36.01028779305506,0.2719344611720337,0.02560216660221963,0.00015748,0.16586352012497163,0.00081957,0,0.0
2051,0.18131815648317168,0.004780727544179998,-1.54e-06,1.6678666942165532,5.531167055040017,-63.675137919591556,1.0052136313683062,8.745767718122261,0.12067054082980143,-39.590311128837094,-1.1573229341274334,4.498679249373705,0.6295741068180681,51.09640413563779,0.2719344611720337,-0.030292307038409065,0.00015748,0.03030307366881231,0.00081957,1,0.0
2052,0.10713435916672516,0.0006453478736989079,-1.54e-06,1.6678666942165532,5.531167055040017,-26.32614629249028,1.0052136313683062,3.137848984071119,0.12067054082980143,-3.662246759550027,-1.1573229341274334,-58.949356392873455,0.6295741068180681,23.612403003011178,0.2719344611720337,-0.006129017079355728,0.00015748,0.006135291275465848,0.00081957,1,0.0
2053,8.821578946632824e-05,0.03549271262613624,-1.54e-06,1.6678666942165532,5.531167055040017,30.099936222003095,1.0052136313683062,20.811902314347556,0.12067054082980143,-34.95544900558057,-1.1573229341274334,-74.60083100863955,0.6295741068180681,-2.3616339101351183,0.2719344611720337,-0.030630391038831504,0.00015748,0.08234728882574133,0.00081957,1,0.0
2054,0.09626934132413256,0.00735207602532486,-1.54e-06,1.6678666942165532,5.531167055040017,-32.88474414034004,1.0052136313683062,5.121271098494567,0.12067054082980143,-36.16809700862291,-1.1573229341274334,-42.641318432849296,0.6295741068180681,39.176363130825486,0.2719344611720337,-0.01910200545365302,0.00015748,0.03006060940469334,0.00081957,1,0.0
2055,0.28016555510404795,0.0038226240893293314,-1.54e-06,1.6678666942165532,5.531167055040017,-91.38402864289228,1.0052136313683062,9.687019889811966,0.12067054082980143,-51.93098777439288,-1.1573229341274334,-98.37194252713006,0.6295741068180681,85.53180298904097,0.2719344611720337,-0.01927129962751336,0.00015748,0.01927440398752784,0.00081957,1,0.0
2056,0.07196486560645252,0.0004402903106344837,-1.54e-06,1.6678666942165532,5.531167055040017,-38.58565089511032,1.0052136313683062,5.651469586925455,0.12067054082980143,-45.20992102782528,-1.1573229341274334,13.474192833928072,0.6295741068180681,37.70332447201987,0.2719344611720337,-0.013459769648230771,0.00015748,0.013450213711210447,0.00081957,1,0.0
2057,0.21730035245816878,0.0027445668742983407,-1.54e-06,1.6678666942165532,5.531167055040017,-67.10196581410243,1.0052136313683062,4.63249580198853,0.12067054082980143,-27.093854113051776,-1.1573229341274334,-70.18983711606779,0.6295741068180681,59.888273183195956,0.2719344611720337,-0.005612233468774107,0.00015748,0.005599099433992573,0.00081957,1,0.0
2058,0.07097869764438264,0.010781466957337405,-1.54e-06,1.6678666942165532,5.531167055040017,-45.287307613128796,1.0052136313683062,21.760338644770556,0.12067054082980143,-93.82070270766475,-1.1573229341274334,-54.43971291160889,0.6295741068180681,58.500365679088965,0.2719344611720337,-0.06544149204351345,0.00015748,0.0655661062954541,0.00081957,1,0.0
2059,0.5027543644783481,0.12216174296840368,-1.54e-06,1.6678666942165532,5.531167055040017,-60.36639730161607,1.0052136313683062,4.402084804367684,0.12067054082980143,-22.00666365314014,-1.1573229341274334,0.7967535439450363,0.6295741068180681,74.56593760855398,0.2719344611720337,0.05211248272933661,0.00015748,0.1226367735861042,0.00081957,0,0.0
2060,0.06757112277719265,0.0561476288535882,-1.54e-06,1.6678666942165532,5.531167055040017,17.026221520787615,1.0052136313683062,12.884071304889819,0.12067054082980143,-63.96067951143846,-1.1573229341274334,62.38573289648929,0.6295741068180681,17.802010118204436,0.2719344611720337,0.023325911320179464,0.00015748,0.09527972187824565,0.00081957,0,0.0
2061,0.15004549821576377,0.05834061876204373,-1.54e-06,1.6678666942165532,5.531167055040017,-1.044994128977245,1.0052136313683062,18.02453849091141,0.12067054082980143,-69.25389481765544,-1.1573229341274334,6.920150052788671,0.6295741068180681,35.12070038720184,0.2719344611720337,0.019876592957609462,0.00015748,0.09999872200625128,0.00081957,0,0.0
2062,0.17673976673751424,0.021225804462954734,-1.54e-06,1.6678666942165532,5.531167055040017,-68.59996951660038,1.0052136313683062,-12.550655358035733,0.12067054082980143,-17.473892278070377,-1.1573229341274334,0.7767469368773378,0.6295741068180681,60.021957540660544,0.2719344611720337,-0.048552647656475524,0.00015748,0.04887560207424845,0.00081957,1,0.0
2063,2.7386596845202504e-05,0.035728637906032874,-1.54e-06,1.6678666942165532,5.531167055040017,25.32914373464954,1.0052136313683062,11.062949389382045,0.12067054082980143,-30.33942281893514,-1.1573229341274334,79.72317747951551,0.6295741068180681,-9.723635709357822,0.2719344611720337,0.014350239762874317,0.00015748,0.055359984375267735,0.00081957,0,0.0
2064,0.1357892785817346,0.000892589690208659,-1.54e-06,1.6678666942165532,5.531167055040017,-33.76277165848291,1.0052136313683062,4.693579269622303,0.12067054082980143,-8.412335786359954,-1.1573229341274334,-91.00948213655052,0.6295741068180681,33.08996196671012,0.2719344611720337,-0.011501394553856214,0.00015748,0.011510186853960295,0.00081957,1,0.0
2065,0.12412416842876957,0.03548601756826554,-1.54e-06,1.6678666942165532,5.531167055040017,-47.899766475030404,1.0052136313683062,-0.8753791019330935,0.12067054082980143,-60.09120512093092,-1.1573229341274334,-32.55647720949097,0.6295741068180681,64.33599035549196,0.2719344611720337,-0.049053907910440765,0.00015748,0.07974324529984236,0.00081957,1,0.0
2066,2.471256762592855e-05,0.07033483163887612,-1.54e-06,1.6678666942165532,5.531167055040017,60.89735845868881,1.0052136313683062,23.008774790355904,0.12067054082980143,-38.937728592738424,-1.1573229341274334,73.610196881377,0.6295741068180681,-27.046692200293325,0.2719344611720337,0.019253272644482733,0.00015748,0.1088961021966601,0.00081957,0,0.0
2067,0.0001814354576826216,0.03977547126408102,-1.54e-06,1.6678666942165532,5.531167055040017,46.264816089696865,1.0052136313683062,11.232555011510726,0.12067054082980143,-5.775412202310938,-1.1573229341274334,7.973419081802214,0.6295741068180681,-23.123024368183845,0.2719344611720337,0.019981819777804794,0.00015748,0.0595156267253269,0.00081957,0,0.0
2068,0.0010019889460432946,0.0032917118896430195,-1.54e-06,1.6678666942165532,5.531167055040017,-16.107709891518805,1.0052136313683062,8.226363920082,0.12067054082980143,-40.69719754729872,-1.1573229341274334,61.92922722682332,0.6295741068180681,14.061772151010146,0.2719344611720337,-0.023746612689353557,0.00015748,0.02513254858006622,0.00081957,1,0.0
2069,0.333316792434902,0.10945574128403249,-1.54e-06,1.6678666942165532,5.531167055040017,-85.993852557107,1.0052136313683062,22.54888313608412,0.12067054082980143,-13.982152609181634,-1.1573229341274334,72.40148638280778,0.6295741068180681,39.12347809348251,0.2719344611720337,-0.1554711612100258,0.00015748,0.15616591252879858,0.00081957,1,0.0
2070,0.0006214737765779799,0.023082316213017616,-1.54e-06,1.6678666942165532,5.531167055040017,-1.941046885834299,1.0052136313683062,22.1833857133374,0.12067054082980143,-67.75416178992018,-1.1573229341274334,-93.1761734846572,0.6295741068180681,26.835721998116306,0.2719344611720337,-0.0649535870931571,0.00015748,0.08140526069889917,0.00081957,1,0.0
2071,0.19433253119967026,0.11731799957135111,-1.54e-06,1.6678666942165532,5.531167055040017,61.007599738242476,1.0052136313683062,37.87061339011931,0.12067054082980143,-90.62520608705356,-1.1573229341274334,-99.2694726269563,0.6295741068180681,22.907348291152218,0.2719344611720337,0.020747514631365302,0.00015748,0.22343012898696857,0.00081957,0,0.0
2072,0.19566311072392056,0.010818467579902761,-1.54e-06,1.6678666942165532,5.531167055040017,-86.06813914748835,1.0052136313683062,2.882902524638939,0.12067054082980143,-72.64234690033686,-1.1573229341274334,-44.01581311297585,0.6295741068180681,88.13783477706771,0.2719344611720337,-0.041498206291837356,0.00015748,0.04166588500466774,0.00081957,1,0.0
2073,0.20101968241848805,0.04323850529076857,-1.54e-06,1.6678666942165532,5.531167055040017,-53.65274780062903,1.0052136313683062,26.09960430012531,0.12067054082980143,-41.782727290252055,-1.1573229341274334,-29.909950809851885,0.6295741068180681,38.35346986659928,0.2719344611720337,-0.09262536827977,0.00015748,0.09387661267640476,0.00081957,1,0.0
2074,0.12582269567368567,0.0023460925837753585,-1.54e-06,1.6678666942165532,5.531167055040017,-47.15495249315633,1.0052136313683062,-0.4494849179586069,0.12067054082980143,-20.02572153131927,-1.1573229341274334,27.435294412862014,0.6295741068180681,35.90162746912882,0.2719344611720337,-0.01596428451905209,0.00015748,0.015982933991345104,0.00081957,1,0.0
2075,0.08628650420561482,0.0020617623231744078,-1.54e-06,1.6678666942165532,5.531167055040017,-47.473627324319516,1.0052136313683062,-1.029990013086825,0.12067054082980143,-35.50755504230686,-1.1573229341274334,92.01563660544518,0.6295741068180681,34.954436949982345,0.2719344611720337,-0.019519842304101757,0.00015748,0.019595992659605637,0.00081957,1,0.0
2076,0.14686835206269697,0.001119372919849536,-1.54e-06,1.6678666942165532,5.531167055040017,-69.99491758563468,1.0052136313683062,8.05770464886828,0.12067054082980143,-69.10021114199888,-1.1573229341274334,23.752092186755327,0.6295741068180681,64.8993341460239,0.2719344611720337,-0.01545850350744598,0.00015748,0.015505704650145898,0.00081957,1,0.0
2077,-2.3894766081195007e-05,0.023253848850096757,-1.54e-06,1.6678666942165532,5.531167055040017,-8.277193396269794,1.0052136313683062,20.984804060266903,0.12067054082980143,-73.12058475315857,-1.1573229341274334,30.397874371347992,0.6295741068180681,20.638191585562858,0.2719344611720337,-0.0420804722927876,0.00015748,0.0657652432722694,0.00081957,1,0.0
2078,0.2567169282839405,0.030350763181575934,-1.54e-06,1.6678666942165532,5.531167055040017,-69.21499333249271,1.0052136313683062,26.817682863078517,0.12067054082980143,-79.12590944150281,-1.1573229341274334,-79.66762394699471,0.6295741068180681,73.44104137698346,0.2719344611720337,-0.04669062047796253,0.00015748,0.07793657723253063,0.00081957,1,0.0
2079,0.0713330836173855,0.1105795303062124,-1.54e-06,1.6678666942165532,5.531167055040017,87.18977256626167,1.0052136313683062,29.9301995300756,0.12067054082980143,-92.24051052216602,-1.1573229341274334,83.75308950589428,0.6295741068180681,-7.153127505963101,0.2719344611720337,0.05931037651233155,0.00015748,0.20159719106557822,0.00081957,0,0.0
2080,0.31653189732352577,0.006400455047937056,-1.54e-06,1.6678666942165532,5.531167055040017,-95.47149728335556,1.0052136313683062,5.3853949455551025,0.12067054082980143,-32.044353284947334,-1.1573229341274334,-97.22640911784093,0.6295741068180681,83.16254631356765,0.2719344611720337,-0.006292708111926036,0.00015748,0.006301933189202005,0.00081957,1,0.0
2081,-8.798052124375788e-05,0.06940941953842701,-1.54e-06,1.6678666942165532,5.531167055040017,48.888695022660166,1.0052136313683062,26.9456689475427,0.12067054082980143,-71.63849596002292,-1.1573229341274334,64.53456706319292,0.6295741068180681,-7.851259663973911,0.2719344611720337,0.00851406887372548,0.00015748,0.12021505618154348,0.00081957,0,0.0
2082,0.0006522735159546489,0.005579679349639036,-1.54e-06,1.6678666942165532,5.531167055040017,-22.860551731346902,1.0052136313683062,13.531135739225833,0.12067054082980143,-64.49930567301381,-1.1573229341274334,51.977560787992054,0.6295741068180681,25.45244570244341,0.2719344611720337,-0.03522111240974206,0.00015748,0.03651505861997573,0.00081957,1,0.0
2083,0.05258140184433105,0.008727828279288082,-1.54e-06,1.6678666942165532,5.531167055040017,-36.92624503361491,1.0052136313683062,18.102727084125796,0.12067054082980143,-81.61759267107118,-1.1573229341274334,-58.763128146219245,0.6295741068180681,51.116118675703184,0.2719344611720337,-0.060153592454229333,0.00015748,0.06016986044405665,0.00081957,1,0.0
2084,6.395850180318519e-05,0.08455462591884368,-1.54e-06,1.6678666942165532,5.531167055040017,54.46769524915099,1.0052136313683062,34.00435954218359,0.12067054082980143,-57.73635103493482,-1.1573229341274334,23.582462639913707,0.6295741068180681,-19.707171588314328,0.2719344611720337,-0.02406275715240344,0.00015748,0.1347767611473088,0.00081957,1,0.0
2085,0.0019704808990946843,0.07181862454706174,-1.54e-06,1.6678666942165532,5.531167055040017,63.133217435662964,1.0052136313683062,25.795172474897818,0.12067054082980143,-42.86394991165008,-1.1573229341274334,34.70544504167927,0.6295741068180681,-24.135594391362325,0.2719344611720337,0.01216067218315612,0.00015748,0.11669686810286597,0.00081957,0,0.0
2086,0.0004698912308834513,0.029871207808225605,-1.54e-06,1.6678666942165532,5.531167055040017,23.50953287791106,1.0052136313683062,18.69188971558834,0.12067054082980143,-36.72289776454994,-1.1573229341274334,-74.88989097457694,0.6295741068180681,2.784553732094473,0.2719344611720337,-0.032182147487822346,0.00015748,0.07622790720099012,0.00081957,1,0.0
2087,0.059966370038766814,0.09674873722047227,-1.54e-06,1.6678666942165532,5.531167055040017,71.7139041774345,1.0052136313683062,18.505885309794177,0.12067054082980143,-50.5872266199712,-1.1573229341274334,-86.09205555679637,0.6295741068180681,1.3381491122351197,0.2719344611720337,-0.005386485982878997,0.00015748,0.1898915672758416,0.00081957,1,0.0
2088,0.1722125913645581,0.005376458632234816,-1.54e-06,1.6678666942165532,5.531167055040017,-68.69241151656077,1.0052136313683062,-1.2521953940030395,0.12067054082980143,-31.973262698159957,-1.1573229341274334,64.43768550151852,0.6295741068180681,50.92561901104112,0.2719344611720337,-0.027242075229429095,0.00015748,0.027345597645253888,0.00081957,1,0.0
2089,0.07981756203208915,0.0006734743191736405,-1.54e-06,1.6678666942165532,5.531167055040017,-50.82780811003198,1.0052136313683062,2.4692426511498393,0.12067054082980143,-52.76675836987739,-1.1573229341274334,83.19658883909597,0.6295741068180681,42.60583564278972,0.2719344611720337,-0.00730037212997716,0.00015748,0.007283943429666286,0.00081957,1,0.0
2090,0.0005260240465246174,0.031951490166820515,-1.54e-06,1.6678666942165532,5.531167055040017,28.625369996668677,1.0052136313683062,9.547829556349608,0.12067054082980143,-18.853968646512136,-1.1573229341274334,41.470466944489075,0.6295741068180681,-11.884185338881588,0.2719344611720337,0.015595045292080945,0.00015748,0.04822187454092694,0.00081957,0,0.0
2091,0.23978912513324813,0.012797456167232673,-1.54e-06,1.6678666942165532,5.531167055040017,-83.40756711728615,1.0052136313683062,-6.185983605199491,0.12067054082980143,-24.579023874716746,-1.1573229341274334,-26.064625909413092,0.6295741068180681,71.49309869388858,0.2719344611720337,-0.028422522812385994,0.00015748,0.028425186288084953,0.00081957,1,0.0
2092,0.06531250693401952,0.05885789498885232,-1.54e-06,1.6678666942165532,5.531167055040017,18.427402656684233,1.0052136313683062,24.446467843817025,0.12067054082980143,-79.16020870713831,-1.1573229341274334,-75.39150750747261,0.6295741068180681,28.565952174906503,0.2719344611720337,-0.029602620978578423,0.00015748,0.13132564836854516,0.00081957,1,0.0
2093,0.08024675816651204,0.0032061064769163925,-1.54e-06,1.6678666942165532,5.531167055040017,-35.463164027683064,1.0052136313683062,10.233414630020766,0.12067054082980143,-41.516239884215125,-1.1573229341274334,15.910834480253637,0.6295741068180681,30.978190177636087,0.2719344611720337,-0.028468835813119805,0.00015748,0.028518254338293803,0.00081957,1,0.0
2094,0.001094381845074155,0.028054458077865156,-1.54e-06,1.6678666942165532,5.531167055040017,7.906769374121758,1.0052136313683062,15.25576460355021,0.12067054082980143,-19.510902923990933,-1.1573229341274334,57.26458048708527,0.6295741068180681,-11.445006651817765,0.2719344611720337,-0.052132280110763145,0.00015748,0.0685784290621495,0.00081957,1,0.0
2095,0.30465755622661495,0.15766087731665537,-1.54e-06,1.6678666942165532,5.531167055040017,-52.31599666120118,1.0052136313683062,41.24768793959414,0.12067054082980143,-9.751498710962004,-1.1573229341274334,-90.24779969113963,0.6295741068180681,22.071083403640554,0.2719344611720337,-0.1746670268943048,0.00015748,0.17448868185379474,0.00081957,1,0.0
2096,0.23880426680985972,0.015981163504967023,-1.54e-06,1.6678666942165532,5.531167055040017,-80.72708305165898,1.0052136313683062,-6.123971519913611,0.12067054082980143,-8.776214935331478,-1.1573229341274334,75.36297472781233,0.6295741068180681,51.71494294433566,0.2719344611720337,-0.05563164467935062,0.00015748,0.055637905097292904,0.00081957,1,0.0
2097,-0.00011210861511652681,0.03703111480855059,-1.54e-06,1.6678666942165532,5.531167055040017,41.87497647378894,1.0052136313683062,12.42845150792768,0.12067054082980143,-9.907376539013994,-1.1573229341274334,-5.72918282683938,0.6295741068180681,-19.170936021114645,0.2719344611720337,0.010787170901028296,0.00015748,0.060533048571251274,0.00081957,0,0.0
2098,0.1527054340434202,0.002636602714223196,-1.54e-06,1.6678666942165532,5.531167055040017,-66.37297381473755,1.0052136313683062,1.262550868728767,0.12067054082980143,-44.04039479990227,-1.1573229341274334,50.37333692233504,0.6295741068180681,54.06879826326167,0.2719344611720337,-0.012315107990172148,0.00015748,0.0122729609581422,0.00081957,1,0.0
2099,0.24186435127192463,0.003133787343614616,-1.54e-06,1.6678666942165532,5.531167055040017,-93.42280118461794,1.0052136313683062,7.8536155378674755,0.12067054082980143,-65.83955788550456,-1.1573229341274334,-13.415452453997998,0.6295741068180681,83.5263509849411,0.2719344611720337,-0.0118549089290311,0.00015748,0.011850088270407937,0.00081957,1,0.0
2100,-4.6954442088409376e-05,0.021725511628568037,-1.54e-06,3.5650423254874415,4.237187022381605,82.04815702847294,1.0052136313683062,5.868221194166914,0.12067054082980143,-57.83941625225855,-1.1573229341274334,4.865290851621299,0.6295741068180681,11.697399650284451,0.2719344611720337,-0.02802400116370176,0.00015748,0.061872335919817494,0.00081957,1,0.0
2101,0.015616575699376245,0.022234463547917308,-1.54e-06,3.5650423254874415,4.237187022381605,58.93987480044146,1.0052136313683062,8.677207311720773,0.12067054082980143,-0.30491883281093163,-1.1573229341274334,-67.31568597983033,0.6295741068180681,-27.598158922703156,0.2719344611720337,-0.0712535491134417,0.00015748,0.0710908343750479,0.00081957,1,0.0
2102,0.09774086639562621,0.0019497083294692965,-1.54e-06,3.5650423254874415,4.237187022381605,-16.2364879717408,1.0052136313683062,5.257279791863784,0.12067054082980143,-62.10211070497167,-1.1573229341274334,18.663430174689438,0.6295741068180681,46.729791247759174,0.2719344611720337,-0.030578931384435893,0.00015748,0.030578622640261083,0.00081957,1,0.0
2103,0.00011021721735729809,0.08897836871630369,-1.54e-06,3.5650423254874415,4.237187022381605,32.57094263282766,1.0052136313683062,-0.35932611995296876,0.12067054082980143,-12.339477237970769,-1.1573229341274334,87.38021970856849,0.6295741068180681,-14.795027700615167,0.2719344611720337,0.005780077822124904,0.00015748,0.15985337515325548,0.00081957,0,0.0
2104,0.11517205470656228,0.05388673584102661,-1.54e-06,3.5650423254874415,4.237187022381605,-86.25515573999333,1.0052136313683062,12.733840626532064,0.12067054082980143,-78.92291400247356,-1.1573229341274334,45.34149826580704,0.6295741068180681,51.1663778472263,0.2719344611720337,-0.12112177950419024,0.00015748,0.121266531750671,0.00081957,1,0.0
2105,0.2147947825955393,0.0255819923866852,-1.54e-06,3.5650423254874415,4.237187022381605,40.69292378688171,1.0052136313683062,14.077046602935978,0.12067054082980143,-50.852567672368046,-1.1573229341274334,-89.317635518083,0.6295741068180681,24.465685636960885,0.2719344611720337,-0.08400478288063618,0.00015748,0.08493307152491203,0.00081957,1,0.0
2106,0.003621253716482309,0.004121177501863827,-1.54e-06,3.5650423254874415,4.237187022381605,80.44464360043601,1.0052136313683062,6.309823214160363,0.12067054082980143,-17.684994073174533,-1.1573229341274334,-52.2403319363377,0.6295741068180681,-13.54809998657599,0.2719344611720337,-0.03809011604204863,0.00015748,0.03866075124147084,0.00081957,1,0.0
2107,0.2818947705488092,0.07105245861383781,-1.54e-06,3.5650423254874415,4.237187022381605,-92.55605787542677,1.0052136313683062,15.235193249816538,0.12067054082980143,-72.0300276722418,-1.1573229341274334,-17.295521830768706,0.6295741068180681,63.47874723286864,0.2719344611720337,-0.1343897709072255,0.00015748,0.13419748379253812,0.00081957,1,0.0
2108,0.15659752403697458,0.0020383655883742515,-1.54e-06,3.5650423254874415,4.237187022381605,-74.85870944112321,1.0052136313683062,0.9558893498782539,0.12067054082980143,-25.038068495271975,-1.1573229341274334,14.888288951763757,0.6295741068180681,46.80556063557064,0.2719344611720337,-0.009075846275717088,0.00015748,0.009048661287401684,0.00081957,1,0.0
2109,-0.00019282424515387753,0.06922262845461843,-1.54e-06,3.5650423254874415,4.237187022381605,44.96946274604776,1.0052136313683062,7.2819593134894935,0.12067054082980143,-47.980863698744706,-1.1573229341274334,65.35262348439039,0.6295741068180681,-5.532825777135355,0.2719344611720337,0.004313908695254803,0.00015748,0.1216656992792014,0.00081957,0,0.0
2110,0.0009888339420844883,0.06656491270018895,-1.54e-06,3.5650423254874415,4.237187022381605,11.887000248945476,1.0052136313683062,7.0058908918666765,0.12067054082980143,-23.51562118958422,-1.1573229341274334,39.00236758641576,0.6295741068180681,-12.772467169625157,0.2719344611720337,-0.043134686375469036,0.00015748,0.1269413279364624,0.00081957,1,0.0
2111,0.1736095389004465,0.07220190335719566,-1.54e-06,3.5650423254874415,4.237187022381605,-49.890247525456275,1.0052136313683062,-7.468758719924988,0.12067054082980143,-34.01514566122685,-1.1573229341274334,35.14218469086856,0.6295741068180681,72.96747624878915,0.2719344611720337,-0.11886796143855995,0.00015748,0.1269528654593431,0.00081957,1,0.0
2112,0.09775080407685816,0.07061327082031249,-1.54e-06,3.5650423254874415,4.237187022381605,78.16495113808877,1.0052136313683062,-3.0078916684885857,0.12067054082980143,-24.05122716593994,-1.1573229341274334,-39.75068061809544,0.6295741068180681,27.212160873331243,0.2719344611720337,-0.12986163279973595,0.00015748,0.13801976032691432,0.00081957,1,0.0
2113,0.07266076143042191,0.001348828695420749,-1.54e-06,3.5650423254874415,4.237187022381605,-60.26009838114444,1.0052136313683062,-0.9596865402830156,0.12067054082980143,-4.680842864388937,-1.1573229341274334,20.196233726534587,0.6295741068180681,23.63449687199384,0.2719344611720337,-0.016595239917062247,0.00015748,0.01678907161026461,0.00081957,1,0.0
2114,0.001793554352041215,0.07389745906105086,-1.54e-06,3.5650423254874415,4.237187022381605,-58.33652875329705,1.0052136313683062,-0.49462199814876473,0.12067054082980143,-4.38477447328296,-1.1573229341274334,98.9478245397486,0.6295741068180681,-0.6459276520224602,0.2719344611720337,-0.04268594008897176,0.00015748,0.1479477767258697,0.00081957,1,0.0
2115,0.003342923919050122,0.0743676851350221,-1.54e-06,3.5650423254874415,4.237187022381605,69.79412152439482,1.0052136313683062,-0.38188192518382114,0.12067054082980143,-63.91348006059787,-1.1573229341274334,68.94070854277994,0.6295741068180681,27.225679782478824,0.2719344611720337,-0.04364204431444994,0.00015748,0.13407046480699508,0.00081957,1,0.0
2116,0.1912185200585851,0.0677834250295786,-1.54e-06,3.5650423254874415,4.237187022381605,56.76661031071288,1.0052136313683062,3.6922554092247672,0.12067054082980143,-95.67476420049222,-1.1573229341274334,-16.869184625304715,0.6295741068180681,78.07411850130575,0.2719344611720337,-0.1397656679329841,0.00015748,0.14067809013909546,0.00081957,1,0.0
2117,0.06925149861776428,0.000479470629166095,-1.54e-06,3.5650423254874415,4.237187022381605,-85.96695101015476,1.0052136313683062,2.9899772721962012,0.12067054082980143,-77.72330290239078,-1.1573229341274334,89.86248437851557,0.6295741068180681,69.01290348380509,0.2719344611720337,-0.012357312958129502,0.00015748,0.012316353177979841,0.00081957,1,0.0
2118,0.02926231297046944,0.023300255009109382,-1.54e-06,3.5650423254874415,4.237187022381605,-14.874110275064334,1.0052136313683062,8.154770831614387,0.12067054082980143,-32.319145117401945,-1.1573229341274334,2.724677318068283,0.6295741068180681,8.257468439652975,0.2719344611720337,-0.07688871504775259,0.00015748,0.07714495335203815,0.00081957,1,0.0
2119,0.05704543104753179,0.3164646334839603,-1.54e-06,3.5650423254874415,4.237187022381605,-81.9806745188239,1.0052136313683062,18.983118504380993,0.12067054082980143,-2.956320534565048,-1.1573229341274334,-30.787581157529015,0.6295741068180681,-27.62602113243439,0.2719344611720337,-0.2800328045954531,0.00015748,0.2763376641697527,0.00081957,1,0.0
2120,0.23423057611724685,0.39436257332278496,-1.54e-06,3.5650423254874415,4.237187022381605,-81.50238567419949,1.0052136313683062,25.754887533709777,0.12067054082980143,-25.31572004839485,-1.1573229341274334,-87.01704992541003,0.6295741068180681,-4.847513776070985,0.2719344611720337,-0.3104953300886244,0.00015748,0.3079470376679936,0.00081957,1,0.0
2121,0.4074233455043156,0.012647946722854858,-1.54e-06,3.5650423254874415,4.237187022381605,-67.65518776680705,1.0052136313683062,6.33270239029144,0.12067054082980143,-47.616048722573794,-1.1573229341274334,-64.04118109956345,0.6295741068180681,82.66848874175963,0.2719344611720337,-0.03240176802482874,0.00015748,0.03238584136679256,0.00081957,1,0.0
2122,0.0041130392128457816,0.089595700754243,-1.54e-06,3.5650423254874415,4.237187022381605,-0.24364873509323967,1.0052136313683062,18.715982102103442,0.12067054082980143,-93.000453098205,-1.1573229341274334,22.686105896827026,0.6295741068180681,19.541697263025576,0.2719344611720337,-0.15219064596563894,0.00015748,0.15199008325686972,0.00081957,1,0.0
2123,0.0329983978158962,0.039495806612973555,-1.54e-06,3.5650423254874415,4.237187022381605,-62.89821962137996,1.0052136313683062,11.87288262777501,0.12067054082980143,-86.03166306143522,-1.1573229341274334,66.639703869155,0.6295741068180681,44.14814403185793,0.2719344611720337,-0.10396439815806977,0.00015748,0.10445153326090648,0.00081957,1,0.0
2124,0.04162059335632913,0.00016702629624732948,-1.54e-06,3.5650423254874415,4.237187022381605,-13.050950067790529,1.0052136313683062,0.15236134735208223,0.12067054082980143,-1.8078930340098682,-1.1573229341274334,-4.117441550239126,0.6295741068180681,8.313597799785024,0.2719344611720337,-0.0012358001379805502,0.00015748,0.0012534930897870082,0.00081957,1,0.0
2125,0.25687259076475355,0.26018717971747785,-1.54e-06,3.5650423254874415,4.237187022381605,-25.6685345583292,1.0052136313683062,28.105991599874507,0.12067054082980143,-77.19392865081244,-1.1573229341274334,-85.47818578112235,0.6295741068180681,21.93123754264613,0.2719344611720337,-0.2542530198424942,0.00015748,0.254539324581686,0.00081957,1,0.0
2126,0.2032715235779879,0.1753049269274634,-1.54e-06,3.5650423254874415,4.237187022381605,46.173518132969846,1.0052136313683062,-8.987988733115762,0.12067054082980143,-25.4415108194365,-1.1573229341274334,-20.630166280692027,0.6295741068180681,59.49796039294402,0.2719344611720337,-0.18294545436106546,0.00015748,0.21304898036611647,0.00081957,1,0.0
2127,0.09164030947534818,0.07858858070122866,-1.54e-06,3.5650423254874415,4.237187022381605,-91.06466029247368,1.0052136313683062,15.032521307337932,0.12067054082980143,-91.1266147143679,-1.1573229341274334,58.96484556416352,0.6295741068180681,51.48976192042674,0.2719344611720337,-0.14587937522264938,0.00015748,0.1457723119641,0.00081957,1,0.0
2128,0.07871091407577235,0.031158056757971793,-1.54e-06,3.5650423254874415,4.237187022381605,33.158506011945086,1.0052136313683062,13.710388906490447,0.12067054082980143,-59.02646853727799,-1.1573229341274334,-34.60366288867933,0.6295741068180681,13.760590295319497,0.2719344611720337,-0.09235066682881718,0.00015748,0.09230387102370266,0.00081957,1,0.0
2129,0.10160278270466211,0.04657217259436498,-1.54e-06,3.5650423254874415,4.237187022381605,63.82430932684521,1.0052136313683062,4.042933214216206,0.12067054082980143,-89.004296151114,-1.1573229341274334,0.994078250803919,0.6295741068180681,58.87256241620175,0.2719344611720337,-0.11440029814422942,0.00015748,0.11777787441123619,0.00081957,1,0.0
2130,0.0006325328010088338,0.09122281872750619,-1.54e-06,3.5650423254874415,4.237187022381605,99.55500651709055,1.0052136313683062,13.86767367292004,0.12067054082980143,-0.13296475644780012,-1.1573229341274334,-74.35069660195698,0.6295741068180681,-54.70177299789611,0.2719344611720337,-0.09631604805591648,0.00015748,0.14737048096573413,0.00081957,1,0.0
2131,-0.0001444015612697136,0.12320203333740262,-1.54e-06,3.5650423254874415,4.237187022381605,91.80588507294372,1.0052136313683062,16.444041089106832,0.12067054082980143,-21.899923277672077,-1.1573229341274334,-46.781170391400394,0.6295741068180681,-47.18932813120694,0.2719344611720337,-0.10798958124587221,0.00015748,0.17900410884688733,0.00081957,1,0.0
2132,0.20479406793929297,0.002924379829583365,-1.54e-06,3.5650423254874415,4.237187022381605,-65.86673057077788,1.0052136313683062,5.752319839446067,0.12067054082980143,-72.4101371967478,-1.1573229341274334,22.27843342411013,0.6295741068180681,74.02319640585029,0.2719344611720337,-0.028081428041049385,0.00015748,0.02811107673878114,0.00081957,1,0.0
2133,0.04152540382463754,0.04973980828454798,-1.54e-06,3.5650423254874415,4.237187022381605,-51.14189885963281,1.0052136313683062,7.668385457784358,0.12067054082980143,-11.102937701592927,-1.1573229341274334,1.9692994024153712,0.6295741068180681,0.7378602402812265,0.2719344611720337,-0.11196658661232839,0.00015748,0.11147938289560014,0.00081957,1,0.0
2134,0.47401848209702957,0.018450078687013947,-1.54e-06,3.5650423254874415,4.237187022381605,-79.76187771797748,1.0052136313683062,4.492930722181478,0.12067054082980143,-27.60735867835425,-1.1573229341274334,-89.78850926761012,0.6295741068180681,83.66716100254476,0.2719344611720337,-0.024363725857425737,0.00015748,0.024495691876196622,0.00081957,1,0.0
2135,0.0003339767909271152,0.05912788482923318,-1.54e-06,3.5650423254874415,4.237187022381605,75.23632858839183,1.0052136313683062,2.8897557799593954,0.12067054082980143,-60.05467392146599,-1.1573229341274334,66.10557352997458,0.6295741068180681,11.99117004779866,0.2719344611720337,0.014594908412729306,0.00015748,0.09969862826322445,0.00081957,0,0.0
2136,0.2821558596715418,0.048145734001715984,-1.54e-06,3.5650423254874415,4.237187022381605,88.63664961015,1.0052136313683062,9.571344448942238,0.12067054082980143,-99.87955978411209,-1.1573229341274334,-78.70673522822233,0.6295741068180681,74.23805612327004,0.2719344611720337,-0.1295341484881231,0.00015748,0.13094474121109662,0.00081957,1,0.0
2137,0.18372143067434424,0.00582828146708965,-1.54e-06,3.5650423254874415,4.237187022381605,-76.56886926565844,1.0052136313683062,6.106936336367258,0.12067054082980143,-60.72467962431425,-1.1573229341274334,23.384410705507833,0.6295741068180681,63.18867989116718,0.2719344611720337,-0.0388995063897281,0.00015748,0.03910793621314558,0.00081957,1,0.0
2138,0.23071684469751408,0.00994144623483117,-1.54e-06,3.5650423254874415,4.237187022381605,36.465478586671885,1.0052136313683062,10.708708160091485,0.12067054082980143,-51.231247952648644,-1.1573229341274334,-81.04247749743993,0.6295741068180681,36.23509260154734,0.2719344611720337,-0.05987858925606574,0.00015748,0.059856416908644274,0.00081957,1,0.0
2139,0.0111987674725414,0.005759671011576898,-1.54e-06,3.5650423254874415,4.237187022381605,43.105053321325585,1.0052136313683062,0.7798098844380331,0.12067054082980143,-14.613149494325201,-1.1573229341274334,-17.41415938640866,0.6295741068180681,4.314642923174672,0.2719344611720337,-0.04033015788286005,0.00015748,0.041209239058248255,0.00081957,1,0.0
2140,0.29580002326029536,0.010111771555048641,-1.54e-06,3.5650423254874415,4.237187022381605,3.429618304605247,1.0052136313683062,8.861898480961749,0.12067054082980143,-37.19622153825454,-1.1573229341274334,-88.67068330903263,0.6295741068180681,44.09322181257828,0.2719344611720337,-0.04802778347922211,0.00015748,0.0480526155326373,0.00081957,1,0.0
2141,0.004076019435356775,0.043753041012509236,-1.54e-06,3.5650423254874415,4.237187022381605,77.65686165782687,1.0052136313683062,0.4064988568838806,0.12067054082980143,-48.54739699500255,-1.1573229341274334,9.617883533499354,0.6295741068180681,21.423156584446872,0.2719344611720337,-0.08199291855546094,0.00015748,0.1056132564710948,0.00081957,1,0.0
2142,0.059042614902136706,0.029725564995926115,-1.54e-06,3.5650423254874415,4.237187022381605,80.1879440642865,1.0052136313683062,2.8380081065644225,0.12067054082980143,-52.480332112102104,-1.1573229341274334,-26.235072743899906,0.6295741068180681,28.025174886669994,0.2719344611720337,-0.0954362910575577,0.00015748,0.09615829949561104,0.00081957,1,0.0
2143,0.06495810536223581,0.026969091842730136,-1.54e-06,3.5650423254874415,4.237187022381605,38.03869998122557,1.0052136313683062,-2.3265266661300372,0.12067054082980143,-14.88101277793693,-1.1573229341274334,-20.380524584474973,0.6295741068180681,20.415292340598924,0.2719344611720337,-0.08236958851239529,0.00015748,0.08398810850682106,0.00081957,1,0.0
2144,0.2414966290400719,0.0054300276769426396,-1.54e-06,3.5650423254874415,4.237187022381605,6.511122620082576,1.0052136313683062,4.4970633590140885,0.12067054082980143,-10.54916962816074,-1.1573229341274334,-83.74495746928687,0.6295741068180681,28.27582254633235,0.2719344611720337,-0.027934002081573175,0.00015748,0.027917375130488222,0.00081957,1,0.0
2145,0.0003467071618383777,0.015456389744021425,-1.54e-06,3.5650423254874415,4.237187022381605,34.35613600518688,1.0052136313683062,5.402808217513972,0.12067054082980143,-84.68616819448934,-1.1573229341274334,46.4732782620357,0.6295741068180681,41.13590836057207,0.2719344611720337,-0.0477032636699504,0.00015748,0.060186270085422246,0.00081957,1,0.0
2146,0.3844918692567856,0.011518253010338462,-1.54e-06,3.5650423254874415,4.237187022381605,-63.291281030450286,1.0052136313683062,5.1877379709717735,0.12067054082980143,-34.80185137167463,-1.1573229341274334,-67.4196858870836,0.6295741068180681,72.66706185810078,0.2719344611720337,-0.026128576896340613,0.00015748,0.02613496430984448,0.00081957,1,0.0
2147,0.16373562789807206,0.003938951381434344,-1.54e-06,3.5650423254874415,4.237187022381605,-34.98502981245632,1.0052136313683062,7.843905706223493,0.12067054082980143,-91.66480914095793,-1.1573229341274334,27.689938403824943,0.6295741068180681,72.86296299302751,0.2719344611720337,-0.04307254035714476,0.00015748,0.04308737589878001,0.00081957,1,0.0
2148,0.0007503203670140568,0.022128889958073134,-1.54e-06,3.5650423254874415,4.237187022381605,14.45962032057663,1.0052136313683062,5.4897154549219245,0.12067054082980143,-99.62054193249905,-1.1573229341274334,82.69795633245668,0.6295741068180681,51.8559763382173,0.2719344611720337,-0.025379842617253207,0.00015748,0.05791973046370688,0.00081957,1,0.0
2149,0.14895033131698043,0.029794104926685567,-1.54e-06,3.5650423254874415,4.237187022381605,7.1773127848463565,1.0052136313683062,1.8927910202884481,0.12067054082980143,-72.2386974735659,-1.1573229341274334,9.302564464195587,0.6295741068180681,66.60541471226877,0.2719344611720337,-0.08988973586380944,0.00015748,0.0900095748857988,0.00081957,1,0.0
2150,0.0634181961281029,0.011284978767815824,-1.54e-06,3.5650423254874415,4.237187022381605,21.443487560102554,1.0052136313683062,7.226764502361251,0.12067054082980143,-98.3485070115376,-1.1573229341274334,34.537905866437704,0.6295741068180681,58.0105568729681,0.2719344611720337,-0.0627497068455758,0.00015748,0.06389172953013773,0.00081957,1,0.0
2151,0.408709160777438,0.013445140984417453,-1.54e-06,3.5650423254874415,4.237187022381605,-67.41631596943316,1.0052136313683062,4.4444595255785915,0.12067054082980143,-28.733994656625747,-1.1573229341274334,-75.57055700186814,0.6295741068180681,74.04752755170789,0.2719344611720337,-0.023566417442783493,0.00015748,0.023684492384449318,0.00081957,1,0.0
2152,0.036473350167718036,0.06520121057855523,-1.54e-06,3.5650423254874415,4.237187022381605,32.70818614121344,1.0052136313683062,-2.085453300774301,0.12067054082980143,-66.74104987169125,-1.1573229341274334,48.499145065421736,0.6295741068180681,51.669073611221975,0.2719344611720337,-0.10710396695642593,0.00015748,0.12716039048697064,0.00081957,1,0.0
2153,0.0021951626931622226,0.45416882032703826,-1.54e-06,3.5650423254874415,4.237187022381605,-77.86842634250024,1.0052136313683062,27.56060468977568,0.12067054082980143,-62.87840293655093,-1.1573229341274334,14.13662539510454,0.6295741068180681,-15.321428338171778,0.2719344611720337,-0.33567507443379685,0.00015748,0.33829211274452864,0.00081957,1,0.0
2154,0.026794958608073127,0.19139596834516037,-1.54e-06,3.5650423254874415,4.237187022381605,30.286150631595195,1.0052136313683062,22.962087211119165,0.12067054082980143,-53.862802319791605,-1.1573229341274334,-51.96647195587525,0.6295741068180681,-20.354562945081195,0.2719344611720337,-0.21605202895307313,0.00015748,0.21528768996277808,0.00081957,1,0.0
2155,0.3139751444054963,0.062181310791154173,-1.54e-06,3.5650423254874415,4.237187022381605,32.98415431661916,1.0052136313683062,0.5866744863736887,0.12067054082980143,-43.835186700281206,-1.1573229341274334,-76.9706785921547,0.6295741068180681,68.37477889160662,0.2719344611720337,-0.1235695624724437,0.00015748,0.126608067640337,0.00081957,1,0.0
2156,0.00014343961282659023,0.2096013762587926,-1.54e-06,3.5650423254874415,4.237187022381605,9.735502261067031,1.0052136313683062,11.610285205540919,0.12067054082980143,-2.888519667650356,-1.1573229341274334,46.25427730308637,0.6295741068180681,-47.824972451777334,0.2719344611720337,-0.11640633173020724,0.00015748,0.2697140464344697,0.00081957,1,0.0
2157,0.10126995090278795,0.014943360270425272,-1.54e-06,3.5650423254874415,4.237187022381605,79.98689176111607,1.0052136313683062,8.520568135357427,0.12067054082980143,-75.53422202776198,-1.1573229341274334,-36.909186355915494,0.6295741068180681,35.898263373563374,0.2719344611720337,-0.07951479509842557,0.00015748,0.07982246929459347,0.00081957,1,0.0
2158,0.07441768974905652,0.006689510808437766,-1.54e-06,3.5650423254874415,4.237187022381605,-48.01448458103891,1.0052136313683062,2.8284160341914864,0.12067054082980143,-12.863325409566581,-1.1573229341274334,7.507004723517099,0.6295741068180681,18.471417970535423,0.2719344611720337,-0.04144274834588363,0.00015748,0.04140269439625377,0.00081957,1,0.0
2159,0.11237051042689712,0.011316985829823975,-1.54e-06,3.5650423254874415,4.237187022381605,-20.110550554068215,1.0052136313683062,-1.131473205092101,0.12067054082980143,-27.600072031230052,-1.1573229341274334,6.229347308170613,0.6295741068180681,40.68343446031402,0.2719344611720337,-0.04890660136929042,0.00015748,0.04982026872406554,0.00081957,1,0.0
2160,0.18363565447222263,0.0027963733395902496,-1.54e-06,3.5650423254874415,4.237187022381605,-16.580120718109033,1.0052136313683062,3.78738628331875,0.12067054082980143,-26.16077586998379,-1.1573229341274334,-35.704733959834556,0.6295741068180681,36.4204878810934,0.2719344611720337,-0.021512913841968778,0.00015748,0.021592936826964403,0.00081957,1,0.0
2161,0.06642392099757535,0.06642032852952981,-1.54e-06,3.5650423254874415,4.237187022381605,44.00399528244219,1.0052136313683062,-5.016908767025367,0.12067054082980143,-23.713753374576758,-1.1573229341274334,-6.87516431028355,0.6295741068180681,32.95881753830348,0.2719344611720337,-0.12755537056309357,0.00015748,0.13035179869469188,0.00081957,1,0.0
2162,0.3540432157383596,0.03877745353744426,-1.54e-06,3.5650423254874415,4.237187022381605,4.085170633362013,1.0052136313683062,18.408357617763894,0.12067054082980143,-91.98490090298574,-1.1573229341274334,-88.24650769834682,0.6295741068180681,66.9348093792176,0.2719344611720337,-0.10674657668863538,0.00015748,0.10672820645187417,0.00081957,1,0.0
2163,0.00024110815743194625,0.04307150753289006,-1.54e-06,3.5650423254874415,4.237187022381605,86.53200448113007,1.0052136313683062,8.36335155375342,0.12067054082980143,-79.19141327299486,-1.1573229341274334,47.49456804479988,0.6295741068180681,12.761597979213242,0.2719344611720337,0.03269471307610264,0.00015748,0.06101649443573107,0.00081957,0,0.0
2164,0.003584503393568833,0.03545717893465468,-1.54e-06,3.5650423254874415,4.237187022381605,79.52420516362473,1.0052136313683062,2.7615199050858013,0.12067054082980143,-65.45983562165786,-1.1573229341274334,10.28018720477968,0.6295741068180681,28.57706608235188,0.2719344611720337,-0.08579062890215272,0.00015748,0.09857280392017045,0.00081957,1,0.0
2165,0.23375635055646538,0.02458020064573095,-1.54e-06,3.5650423254874415,4.237187022381605,73.38437054329559,1.0052136313683062,10.42885949819184,0.12067054082980143,-92.46065382076587,-1.1573229341274334,-64.26662255283978,0.6295741068180681,62.049879810673765,0.2719344611720337,-0.0983061165855765,0.00015748,0.09979009631229038,0.00081957,1,0.0
2166,0.0033599108665468558,0.13674936512217634,-1.54e-06,3.5650423254874415,4.237187022381605,86.64786244908667,1.0052136313683062,-7.2156183618860705,0.12067054082980143,-25.473005950887135,-1.1573229341274334,59.918595984784815,0.6295741068180681,11.93046560749076,0.2719344611720337,-0.08754334110533056,0.00015748,0.2020341735044066,0.00081957,1,0.0
2167,0.21687887073369583,0.24183604232791045,-1.54e-06,3.5650423254874415,4.237187022381605,85.1365683199546,1.0052136313683062,-4.327799473317783,0.12067054082980143,-91.38665440156439,-1.1573229341274334,89.32678901779559,0.6295741068180681,71.86895842585413,0.2719344611720337,-0.09229074981688652,0.00015748,0.28446722282946335,0.00081957,1,0.0
2168,0.12387011102924969,0.06863706539439222,-1.54e-06,3.5650423254874415,4.237187022381605,66.22016896347682,1.0052136313683062,-3.3858298288244395,0.12067054082980143,-20.922240237041503,-1.1573229341274334,-45.02518096114018,0.6295741068180681,31.615666857152032,0.2719344611720337,-0.13162183884222733,0.00015748,0.13531603869266984,0.00081957,1,0.0
2169,0.8056190462169848,0.24535708691279523,-1.54e-06,3.5650423254874415,4.237187022381605,10.247756602916702,1.0052136313683062,9.653787960893432,0.12067054082980143,-39.43595717965749,-1.1573229341274334,-95.0637808839701,0.6295741068180681,78.76261463112711,0.2719344611720337,0.07162103799416904,0.00015748,0.20365731350114846,0.00081957,0,0.0
2170,0.0006449372879064885,0.23273117782865096,-1.54e-06,3.5650423254874415,4.237187022381605,64.97461632937387,1.0052136313683062,23.514989486396015,0.12067054082980143,-21.547350664629782,-1.1573229341274334,-95.19505059139186,0.6295741068180681,-53.196105951822425,0.2719344611720337,-0.2346897191086318,0.00015748,0.23424045507037405,0.00081957,1,0.0
2171,0.008074773431049231,0.009248906260765638,-1.54e-06,3.5650423254874415,4.237187022381605,41.067485936973284,1.0052136313683062,3.877515383355223,0.12067054082980143,-58.4535578568384,-1.1573229341274334,14.240722071254572,0.6295741068180681,27.85169802010541,0.2719344611720337,-0.05434329196370631,0.00015748,0.054556039631741465,0.00081957,1,0.0
2172,0.057966362896811396,0.006530969899017336,-1.54e-06,3.5650423254874415,4.237187022381605,-3.3508828203697716,1.0052136313683062,6.395861518106557,0.12067054082980143,-94.07068497948613,-1.1573229341274334,48.93729308831121,0.6295741068180681,59.685630284131584,0.2719344611720337,-0.04923468667695699,0.00015748,0.049322652312929954,0.00081957,1,0.0
2173,0.002848743889498545,0.0066043281953466265,-1.54e-06,3.5650423254874415,4.237187022381605,43.586653344798286,1.0052136313683062,3.9638386076200973,0.12067054082980143,-50.32175474593381,-1.1573229341274334,6.8525427574908635,0.6295741068180681,20.69697027088548,0.2719344611720337,-0.04659958504064696,0.00015748,0.047077966547724046,0.00081957,1,0.0
2174,0.21943724445470716,0.012416429823958497,-1.54e-06,3.5650423254874415,4.237187022381605,-34.45316137252284,1.0052136313683062,-1.219237153066374,0.12067054082980143,-12.172823227088145,-1.1573229341274334,-32.81633205742284,0.6295741068180681,46.433467670943934,0.2719344611720337,-0.04538274321014382,0.00015748,0.04550646907548586,0.00081957,1,0.0
2175,0.09598342516993019,0.0032045018871696327,-1.54e-06,3.5650423254874415,4.237187022381605,35.49413801128709,1.0052136313683062,6.40768179879008,0.12067054082980143,-40.69998209410804,-1.1573229341274334,-34.26802303010269,0.6295741068180681,21.362484797709453,0.2719344611720337,-0.03951917314378036,0.00015748,0.039544244348693296,0.00081957,1,0.0
2176,1.2089447938845588e-06,0.19721376756852735,-1.54e-06,3.5650423254874415,4.237187022381605,-88.48489217412452,1.0052136313683062,9.874693497200179,0.12067054082980143,-11.123058417989238,-1.1573229341274334,79.01408238311518,0.6295741068180681,-16.426485285051072,0.2719344611720337,-0.16362568282972592,0.00015748,0.250233115799235,0.00081957,1,0.0
2177,0.10434193475465248,0.23211297886403942,-1.54e-06,3.5650423254874415,4.237187022381605,-83.05507691549654,1.0052136313683062,19.015923437682336,0.12067054082980143,-34.16470048276875,-1.1573229341274334,-14.521783439401425,0.6295741068180681,0.9485211979729016,0.2719344611720337,-0.24144852196407343,0.00015748,0.2412646563929284,0.00081957,1,0.0
2178,0.2290638849029002,0.085566960420383,-1.54e-06,3.5650423254874415,4.237187022381605,-23.829715747169516,1.0052136313683062,16.727264838168885,0.12067054082980143,-45.65715162669127,-1.1573229341274334,-69.2303623565955,0.6295741068180681,24.282174236743206,0.2719344611720337,-0.14390828192131755,0.00015748,0.14502450055355265,0.00081957,1,0.0
2179,0.2884570777247834,0.02178165140571829,-1.54e-06,3.5650423254874415,4.237187022381605,83.84543279910292,1.0052136313683062,14.5728610421694,0.12067054082980143,-98.82872309362125,-1.1573229341274334,-95.85004260582956,0.6295741068180681,62.3024203657633,0.2719344611720337,-0.10132499192548657,0.00015748,0.10133838811305775,0.00081957,1,0.0
2180,0.0013795076924774108,0.22122216207786255,-1.54e-06,3.5650423254874415,4.237187022381605,54.388690236089886,1.0052136313683062,22.989565646317956,0.12067054082980143,-43.0604294968253,-1.1573229341274334,-48.01170163389841,0.6295741068180681,-39.18405228879264,0.2719344611720337,-0.20409925551558736,0.00015748,0.23872326055259704,0.00081957,1,0.0
2181,0.3621381308850362,0.010243502402770353,-1.54e-06,3.5650423254874415,4.237187022381605,-77.90442375698387,1.0052136313683062,4.085082287454646,0.12067054082980143,-32.34008574592187,-1.1573229341274334,-50.635601959401505,0.6295741068180681,72.58138466458132,0.2719344611720337,-0.018568496330477212,0.00015748,0.018506581081814903,0.00081957,1,0.0
2182,0.04653871646944496,0.07547361936285357,-1.54e-06,3.5650423254874415,4.237187022381605,46.02726093543992,1.0052136313683062,-0.6579030086771811,0.12067054082980143,-84.6253881037519,-1.1573229341274334,43.08567210807396,0.6295741068180681,61.85284619681121,0.2719344611720337,-0.1308332176144263,0.00015748,0.14005549347068147,0.00081957,1,0.0
2183,0.2455828806795893,0.016893148458427217,-1.54e-06,3.5650423254874415,4.237187022381605,-3.5847280549046703,1.0052136313683062,6.090504562273091,0.12067054082980143,-82.79556829036842,-1.1573229341274334,-18.583467653650963,0.6295741068180681,78.11067409306752,0.2719344611720337,-0.07232502994016389,0.00015748,0.0721221383662788,0.00081957,1,0.0
2184,-0.00024212213133686933,0.05148757338695206,-1.54e-06,3.5650423254874415,4.237187022381605,30.449866272757703,1.0052136313683062,1.5005634968563721,0.12067054082980143,-39.81160929417673,-1.1573229341274334,72.61663983541924,0.6295741068180681,8.039295920309371,0.2719344611720337,0.019164627212917264,0.00015748,0.08466782870483497,0.00081957,0,0.0
2185,0.04485762201758753,0.06987615677884396,-1.54e-06,3.5650423254874415,4.237187022381605,-18.646117319049356,1.0052136313683062,-6.29238320748145,0.12067054082980143,-53.81356106887511,-1.1573229341274334,66.6950084552154,0.6295741068180681,63.42732239852279,0.2719344611720337,-0.12722502821875215,0.00015748,0.12768184911638414,0.00081957,1,0.0
2186,0.18721945838291912,0.0020745852705933354,-1.54e-06,3.5650423254874415,4.237187022381605,-94.92411408181756,1.0052136313683062,2.2867413374719447,0.12067054082980143,-52.77997267564072,-1.1573229341274334,38.102624786187384,0.6295741068180681,70.17422878198758,0.2719344611720337,-0.008674229041451254,0.00015748,0.008702057552464216,0.00081957,1,0.0
2187,0.17144050706061473,0.00528273807233508,-1.54e-06,3.5650423254874415,4.237187022381605,58.51222721826564,1.0052136313683062,6.55708693611426,0.12067054082980143,-20.384823205768107,-1.1573229341274334,-90.18125257969942,0.6295741068180681,13.686568070981163,0.2719344611720337,-0.04562295561347861,0.00015748,0.04556686883353485,0.00081957,1,0.0
2188,0.020162743691450213,0.004976107652596247,-1.54e-06,3.5650423254874415,4.237187022381605,77.36215386978365,1.0052136313683062,6.633568992215807,0.12067054082980143,-37.84573477428378,-1.1573229341274334,-38.37143267773661,0.6295741068180681,2.8309439662170512,0.2719344611720337,-0.04694282930069179,0.00015748,0.04731398040949183,0.00081957,1,0.0
2189,0.2906821924394747,0.05732393352226267,-1.54e-06,3.5650423254874415,4.237187022381605,46.452411506346515,1.0052136313683062,1.235407319066016,0.12067054082980143,-43.25031074548484,-1.1573229341274334,-80.80416528735506,0.6295741068180681,61.456095932232074,0.2719344611720337,-0.12211194223144847,0.00015748,0.12419464552510104,0.00081957,1,0.0
2190,0.0134036241156274,0.00378671845562143,-1.54e-06,3.5650423254874415,4.237187022381605,39.14773884087733,1.0052136313683062,6.549239714728726,0.12067054082980143,-54.306735859508116,-1.1573229341274334,1.218872414754686,0.6295741068180681,18.995965141748325,0.2719344611720337,-0.039846849991613566,0.00015748,0.03999074574253692,0.00081957,1,0.0
2191,0.00034129821926165427,0.3959127139819626,-1.54e-06,3.5650423254874415,4.237187022381605,54.39448642132698,1.0052136313683062,27.51201091013276,0.12067054082980143,-67.59579174075772,-1.1573229341274334,25.072688998752323,0.6295741068180681,-47.36261976367776,0.2719344611720337,-0.2101582202358147,0.00015748,0.3594216194932172,0.00081957,1,0.0
2192,0.0160976487037926,0.010891172567829125,-1.54e-06,3.5650423254874415,4.237187022381605,99.12148843988493,1.0052136313683062,10.693047013254928,0.12067054082980143,-70.17608720585187,-1.1573229341274334,-33.76651505268433,0.6295741068180681,12.332480032514043,0.2719344611720337,-0.06901763743433792,0.00015748,0.0690494087356825,0.00081957,1,0.0
2193,0.19908454117277855,0.006702833587127835,-1.54e-06,3.5650423254874415,4.237187022381605,29.384782824929886,1.0052136313683062,8.817145461731089,0.12067054082980143,-58.229698849239135,-1.1573229341274334,-54.52317846924351,0.6295741068180681,42.71373168646784,0.2719344611720337,-0.0540262030256065,0.00015748,0.05408455469607386,0.00081957,1,0.0
2194,0.07206759779391397,0.1086868731016357,-1.54e-06,3.5650423254874415,4.237187022381605,59.67896951791858,1.0052136313683062,-0.0859937418708257,0.12067054082980143,-100.0,-1.1573229341274334,82.63760364398831,0.6295741068180681,63.79193485592155,0.2719344611720337,-0.0858501088552001,0.00015748,0.17134153307661237,0.00081957,1,0.0
2195,0.132985757071454,0.028199391846781732,-1.54e-06,3.5650423254874415,4.237187022381605,32.389585322082084,1.0052136313683062,10.998876800998856,0.12067054082980143,-17.80214389647305,-1.1573229341274334,-79.50703134574991,0.6295741068180681,-1.4803325889882475,0.2719344611720337,-0.08207730908772343,0.00015748,0.08243665102788877,0.00081957,1,0.0
2196,0.1384617443564643,0.02741961684492418,-1.54e-06,3.5650423254874415,4.237187022381605,74.06830374235126,1.0052136313683062,17.0632350847575,0.12067054082980143,-87.1482455384524,-1.1573229341274334,-62.21354134804733,0.6295741068180681,28.212068327084147,0.2719344611720337,-0.09742951541725418,0.00015748,0.09762084132648728,0.00081957,1,0.0
2197,0.14210895346354174,0.009132294344354596,-1.54e-06,3.5650423254874415,4.237187022381605,81.28739900699702,1.0052136313683062,8.959012992809939,0.12067054082980143,-51.58125970037403,-1.1573229341274334,-73.72227686093399,0.6295741068180681,22.97773262545848,0.2719344611720337,-0.06662309773092803,0.00015748,0.066683886906624,0.00081957,1,0.0
2198,0.056477067036926565,0.0032903599221501974,-1.54e-06,3.5650423254874415,4.237187022381605,44.089622662572445,1.0052136313683062,6.083543006900839,0.12067054082980143,-42.3930245939988,-1.1573229341274334,-24.46971254399149,0.6295741068180681,16.88599181650465,0.2719344611720337,-0.040115402181118705,0.00015748,0.04009453228996971,0.00081957,1,0.0
2199,0.21099783949123113,0.016485193518616586,-1.54e-06,3.5650423254874415,4.237187022381605,39.814171809394594,1.0052136313683062,11.582002738650969,0.12067054082980143,-36.70114939293708,-1.1573229341274334,-93.01356544807605,0.6295741068180681,20.40535438625729,0.2719344611720337,-0.06787091571122399,0.00015748,0.06774189758582387,0.00081957,1,0.0
2200,0.5984595725152606,1.4145214393854124,-1.54e-06,4.315939991898444,2.5855106271620985,-33.07683770133352,1.0052136313683062,11.045085254434484,0.12067054082980143,-48.57536606304253,-1.1573229341274334,-14.968000234621446,0.6295741068180681,31.915331361053383,0.2719344611720337,-0.7065046229837446,0.00015748,0.695047959449113,0.00081957,1,0.0
2201,-0.005258960205404006,1.060868930690779,-1.54e-06,4.315939991898444,2.5855106271620985,15.655863517349095,1.0052136313683062,1.5435607530236726,0.12067054082980143,-55.022835708620214,-1.1573229341274334,81.59659870831567,0.6295741068180681,16.903821682061086,0.2719344611720337,0.0522074505045248,0.00015748,1.8085084002532263,0.00081957,0,0.0
2202,1.7653676169325367,0.8618093962657403,-1.54e-06,4.315939991898444,2.5855106271620985,23.770542467204052,1.0052136313683062,7.437731163531745,0.12067054082980143,-23.33010289672872,-1.1573229341274334,-76.02311776092965,0.6295741068180681,58.963859692082096,0.2719344611720337,-0.19235687650117902,0.00015748,0.1822623410812266,0.00081957,1,0.0
2203,0.020147449979645682,1.5926011357219039,-1.54e-06,4.315939991898444,2.5855106271620985,48.055883270417766,1.0052136313683062,13.031649699968005,0.12067054082980143,-54.91081360600262,-1.1573229341274334,-10.362128257901846,0.6295741068180681,-10.480136592096265,0.2719344611720337,-0.736344060974797,0.00015748,0.7734525126491686,0.00081957,1,0.0
2204,0.6871285233967446,0.7679741421070305,-1.54e-06,4.315939991898444,2.5855106271620985,81.85765961292937,1.0052136313683062,14.321719715023141,0.12067054082980143,-88.30279158863027,-1.1573229341274334,-22.686984968981886,0.6295741068180681,36.40304442583401,0.2719344611720337,-0.5061201873455257,0.00015748,0.5229359702013345,0.00081957,1,0.0
2205,1.0733471968108743,0.7632309152411538,-1.54e-06,4.315939991898444,2.5855106271620985,-31.687956205817702,1.0052136313683062,10.444977650198568,0.12067054082980143,-70.04474125725189,-1.1573229341274334,-15.919450273202509,0.6295741068180681,73.66450554308409,0.2719344611720337,-0.46401276825038135,0.00015748,0.4478819256124917,0.00081957,1,0.0
2206,0.002814003000307097,0.8083278216172166,-1.54e-06,4.315939991898444,2.5855106271620985,-49.67551030908586,1.0052136313683062,-3.5408338747494077,0.12067054082980143,-15.09502053094418,-1.1573229341274334,60.906116459527,0.6295741068180681,23.745461253253893,0.2719344611720337,-0.05559363438777265,0.00015748,1.1460573625744348,0.00081957,1,0.0
2207,0.07408018280495487,1.9123260183719242,-1.54e-06,4.315939991898444,2.5855106271620985,44.10742776852979,1.0052136313683062,-4.862894538756244,0.12067054082980143,-56.09082487321768,-1.1573229341274334,73.50539328851953,0.6295741068180681,51.30526877610882,0.2719344611720337,-0.28025490763567873,0.00015748,1.4207191504575807,0.00081957,1,0.0
2208,-0.05147266780399906,1.5796916283730589,-1.54e-06,4.315939991898444,2.5855106271620985,-0.851362015583018,1.0052136313683062,-2.8068223199659936,0.12067054082980143,-23.064395985423157,-1.1573229341274334,81.5635304406874,0.6295741068180681,3.798107941383324,0.2719344611720337,-0.015020012984747089,0.00015748,2.0298325592531326,0.00081957,1,0.0
2209,-1.516936890605693,6.565517572410591,-1.54e-06,4.315939991898444,2.5855106271620985,-37.94864515716705,1.0052136313683062,6.301442198467509,0.12067054082980143,-15.055947068096126,-1.1573229341274334,76.77382041012183,0.6295741068180681,-76.56468654753786,0.2719344611720337,-0.7128374432085511,0.00015748,1.520046891088319,0.00081957,1,0.0
2210,0.00046623600635636864,0.04975112727375371,-1.54e-06,4.315939991898444,2.5855106271620985,59.83173884172623,1.0052136313683062,1.258229986597329,0.12067054082980143,-14.12632281727021,-1.1573229341274334,-5.742803159141551,0.6295741068180681,-3.7957633181877424,0.2719344611720337,-0.1303032020981237,0.00015748,0.13926115935283542,0.00081957,1,0.0
2211,0.0420757278025361,0.4046307205193304,-1.54e-06,4.315939991898444,2.5855106271620985,71.93437176984033,1.0052136313683062,7.896638885797262,0.12067054082980143,-26.93381626606969,-1.1573229341274334,-21.304790570538408,0.6295741068180681,-19.182986271247536,0.2719344611720337,-0.37853166888547757,0.00015748,0.37010940891532645,0.00081957,1,0.0
2212,-0.515207334210288,2.334012017065234,-1.54e-06,4.315939991898444,2.5855106271620985,46.4457868631392,1.0052136313683062,-1.1293521631024492,0.12067054082980143,-14.74443890679308,-1.1573229341274334,81.2090995509866,0.6295741068180681,-40.64242856811995,0.2719344611720337,-0.007150953758431333,0.00015748,2.1355049106958326,0.00081957,1,0.0
2213,-0.42739369431533536,2.3409498853955313,-1.54e-06,4.315939991898444,2.5855106271620985,29.97278379924546,1.0052136313683062,8.666124744982117,0.12067054082980143,-55.36697954941533,-1.1573229341274334,51.60218764454855,0.6295741068180681,-21.092473538647834,0.2719344611720337,-0.24883058961475835,0.00015748,1.3278514839487685,0.00081957,1,0.0
2214,0.9266814807130397,1.4880812281972335,-1.54e-06,4.315939991898444,2.5855106271620985,2.2070817015614552,1.0052136313683062,10.440477403151048,0.12067054082980143,-11.767006392676347,-1.1573229341274334,-58.2109677641614,0.6295741068180681,6.106051022660748,0.2719344611720337,-0.6697377786763695,0.00015748,0.6555772790661084,0.00081957,1,0.0
2215,-0.31720708954637955,1.68406061558075,-1.54e-06,4.315939991898444,2.5855106271620985,38.92475021294334,1.0052136313683062,2.681656776929683,0.12067054082980143,-53.481105935931716,-1.1573229341274334,86.87435961325973,0.6295741068180681,-8.003466303789015,0.2719344611720337,0.038224066009629576,0.00015748,1.9347031962246037,0.00081957,0,0.0
2216,-0.020321381645715952,0.7637615719203945,-1.54e-06,4.315939991898444,2.5855106271620985,50.1552514724202,1.0052136313683062,8.558089550029168,0.12067054082980143,-43.485540930744,-1.1573229341274334,6.064252686912618,0.6295741068180681,-10.03669006001516,0.2719344611720337,-0.26797708094861156,0.00015748,0.6665066928386318,0.00081957,1,0.0
2217,-0.001964979495075736,0.46244547953840104,-1.54e-06,4.315939991898444,2.5855106271620985,-36.55458531629152,1.0052136313683062,1.4767157631624739,0.12067054082980143,-82.43139075328425,-1.1573229341274334,88.24694688476895,0.6295741068180681,65.06844560406189,0.2719344611720337,0.054438587870596966,0.00015748,0.9533681293951571,0.00081957,0,0.0
2218,0.0019727583316316855,0.4027441314503195,-1.54e-06,4.315939991898444,2.5855106271620985,-52.691769940114206,1.0052136313683062,2.1923704547144496,0.12067054082980143,-83.5147468757479,-1.1573229341274334,87.0649093357596,0.6295741068180681,67.98688487221592,0.2719344611720337,0.04672247952149716,0.00015748,0.8549942785658109,0.00081957,0,0.0
2219,0.782582872773647,0.12223081852291427,-1.54e-06,4.315939991898444,2.5855106271620985,-8.87512979827104,1.0052136313683062,5.7881320326213626,0.12067054082980143,-67.43428863675467,-1.1573229341274334,2.8791978656321526,0.6295741068180681,73.54334323071122,0.2719344611720337,-0.12990493828592906,0.00015748,0.13050754167358067,0.00081957,1,0.0
2220,1.1708792605384035,3.1326943429762353,-1.54e-06,4.315939991898444,2.5855106271620985,-6.4373763815211165,1.0052136313683062,13.6892786429382,0.12067054082980143,-2.2217245220582633,-1.1573229341274334,-85.52125972931826,0.6295741068180681,-2.6544115874550287,0.2719344611720337,-1.0296356749007707,0.00015748,0.8849525152643362,0.00081957,1,0.0
2221,-1.0959893751674623,5.21055610267438,-1.54e-06,4.315939991898444,2.5855106271620985,41.85431946048437,1.0052136313683062,9.819064411109508,0.12067054082980143,-26.60492877733627,-1.1573229341274334,44.80052619344476,0.6295741068180681,-79.77047097745444,0.2719344611720337,-0.607202672025331,0.00015748,1.4926855749887298,0.00081957,1,0.0
2222,0.05644791706053842,0.01592105973874124,-1.54e-06,4.315939991898444,2.5855106271620985,-76.68577636741955,1.0052136313683062,1.0185217087369922,0.12067054082980143,-61.49684016640876,-1.1573229341274334,53.6034174843813,0.6295741068180681,71.20554576283426,0.2719344611720337,-0.017740296753266403,0.00015748,0.022336514544903784,0.00081957,1,0.0
2223,0.020215295560129576,0.03265162460065687,-1.54e-06,4.315939991898444,2.5855106271620985,-67.6492682020059,1.0052136313683062,2.975101871806993,0.12067054082980143,-87.99063634515474,-1.1573229341274334,65.80392564911843,0.6295741068180681,84.91440697704786,0.2719344611720337,-0.053026628500213134,0.00015748,0.05857506878362342,0.00081957,1,0.0
2224,0.8606119314961023,0.18794751440123952,-1.54e-06,4.315939991898444,2.5855106271620985,48.68082515934072,1.0052136313683062,6.678642969810278,0.12067054082980143,-55.893033667345534,-1.1573229341274334,-22.326358482623775,0.6295741068180681,50.77444189422609,0.2719344611720337,-0.15948320330823798,0.00015748,0.16264997682474994,0.00081957,1,0.0
2225,0.007382605050580637,0.24023672514361158,-1.54e-06,4.315939991898444,2.5855106271620985,72.6021463554374,1.0052136313683062,1.074124129135424,0.12067054082980143,-32.25858743711711,-1.1573229341274334,10.475371729478868,0.6295741068180681,8.884998529657024,0.2719344611720337,-0.12390423620789096,0.00015748,0.344768496161065,0.00081957,1,0.0
2226,0.004910994152219406,0.0767851725500348,-1.54e-06,4.315939991898444,2.5855106271620985,84.33621439958013,1.0052136313683062,6.421534605930218,0.12067054082980143,-76.02734602895387,-1.1573229341274334,18.434657203943797,0.6295741068180681,28.070956162987894,0.2719344611720337,-0.10931137764387408,0.00015748,0.17266581236164866,0.00081957,1,0.0
2227,0.0015511425404985957,0.10765047976752677,-1.54e-06,4.315939991898444,2.5855106271620985,76.32942006088409,1.0052136313683062,5.947207319067602,0.12067054082980143,-76.9829832253943,-1.1573229341274334,28.621142454097605,0.6295741068180681,29.182168508343995,0.2719344611720337,0.12178592784653444,0.00015748,0.17461856015668595,0.00081957,0,0.0
2228,0.01132285303750824,2.8407292258230576,-1.54e-06,4.315939991898444,2.5855106271620985,64.37836842993744,1.0052136313683062,-7.769628342234212,0.12067054082980143,-24.724864848718013,-1.1573229341274334,84.0154777177759,0.6295741068180681,14.26718889938781,0.2719344611720337,-0.19730486308666717,0.00015748,2.2753423251251865,0.00081957,1,0.0
2229,0.8203915269238311,1.4959812516775584,-1.54e-06,4.315939991898444,2.5855106271620985,-24.362276527540192,1.0052136313683062,12.040361833079468,0.12067054082980143,-51.55260241822082,-1.1573229341274334,-25.46554863098679,0.6295741068180681,37.804935134607454,0.2719344611720337,-0.7068505596487439,0.00015748,0.7075959336123153,0.00081957,1,0.0
2230,-0.04847671130433806,2.6114419131052946,-1.54e-06,4.315939991898444,2.5855106271620985,78.29843865161286,1.0052136313683062,13.473036099393108,0.12067054082980143,-10.6154329947192,-1.1573229341274334,-46.68601539078104,0.6295741068180681,-62.60563048062612,0.2719344611720337,-0.9236584235677199,0.00015748,0.949214632862758,0.00081957,1,0.0
2231,0.004276118319289979,0.6896941443978376,-1.54e-06,4.315939991898444,2.5855106271620985,-58.30307916051838,1.0052136313683062,2.9977499186646264,0.12067054082980143,-43.16914439773467,-1.1573229341274334,54.82712680384367,0.6295741068180681,29.209918325565802,0.2719344611720337,-0.10544190740086745,0.00015748,0.9141999076752874,0.00081957,1,0.0
2232,0.45232688907724583,6.518156577054575,-1.54e-06,4.315939991898444,2.5855106271620985,-10.223306700258417,1.0052136313683062,20.341207715399587,0.12067054082980143,-42.233975091210944,-1.1573229341274334,-49.553458603578115,0.6295741068180681,-20.93691983424509,0.2719344611720337,-1.5632969425802101,0.00015748,1.45158460790898,0.00081957,1,0.0
2233,0.2908099602279878,2.182282244519942,-1.54e-06,4.315939991898444,2.5855106271620985,41.06277948368987,1.0052136313683062,-3.3851752336085004,0.12067054082980143,-89.53173000650466,-1.1573229341274334,88.21244026779338,0.6295741068180681,84.67294644615525,0.2719344611720337,-0.27468738443545115,0.00015748,1.5273779641140088,0.00081957,1,0.0
2234,0.002531711973504547,0.01613669270019866,-1.54e-06,4.315939991898444,2.5855106271620985,65.60693470267869,1.0052136313683062,3.127307651216569,0.12067054082980143,-23.357826974941457,-1.1573229341274334,-6.400861565185712,0.6295741068180681,-3.6448755274019318,0.2719344611720337,-0.08790104709921501,0.00015748,0.08824338746826046,0.00081957,1,0.0
2235,-0.11892567370202153,1.1031475255462666,-1.54e-06,4.315939991898444,2.5855106271620985,-29.009300577341676,1.0052136313683062,-0.38752506437619805,0.12067054082980143,-11.950693851628179,-1.1573229341274334,52.77977954809222,0.6295741068180681,-2.7448694763754533,0.2719344611720337,-0.05319276596441991,0.00015748,1.2662127901928764,0.00081957,1,0.0
2236,0.737208034006164,5.175834477320758,-1.54e-06,4.315939991898444,2.5855106271620985,54.094266343568215,1.0052136313683062,-11.034463462934404,0.12067054082980143,-19.344828817007034,-1.1573229341274334,47.16700230155225,0.6295741068180681,63.22333323781416,0.2719344611720337,-0.6514166238558223,0.00015748,2.0533069362667895,0.00081957,1,0.0
2237,-0.13485139096921195,2.965681160112527,-1.54e-06,4.315939991898444,2.5855106271620985,29.502642906381396,1.0052136313683062,12.55450768107327,0.12067054082980143,-18.79320451658588,-1.1573229341274334,-23.162676856152874,0.6295741068180681,-45.99429430053239,0.2719344611720337,-0.922105707048311,0.00015748,1.0206321635351954,0.00081957,1,0.0
2238,0.5845279368345166,5.306982581136218,-1.54e-06,4.315939991898444,2.5855106271620985,73.84954606163217,1.0052136313683062,-8.883620707169833,0.12067054082980143,-67.48609220177093,-1.1573229341274334,93.09568956404429,0.6295741068180681,81.15418842111023,0.2719344611720337,-0.4663861868049828,0.00015748,2.494559102626562,0.00081957,1,0.0
2239,-0.22786628950463927,1.5757894628642353,-1.54e-06,4.315939991898444,2.5855106271620985,51.74490933221615,1.0052136313683062,7.602045155319091,0.12067054082980143,-18.099070377423345,-1.1573229341274334,3.6452161293047194,0.6295741068180681,-41.40674174991172,0.2719344611720337,-0.31305675325019444,0.00015748,0.9029381865309507,0.00081957,1,0.0
2240,-1.1714203027910408,5.22745451295091,-1.54e-06,4.315939991898444,2.5855106271620985,-10.522033313924982,1.0052136313683062,7.604634639856783,0.12067054082980143,-32.318345084821196,-1.1573229341274334,72.3188225884692,0.6295741068180681,-59.79693969741375,0.2719344611720337,-0.5499558622842768,0.00015748,1.562748172033383,0.00081957,1,0.0
2241,1.9826197384103892,1.0069813306172561,-1.54e-06,4.315939991898444,2.5855106271620985,-4.270144396742285,1.0052136313683062,5.564997137692521,0.12067054082980143,-20.20211561840911,-1.1573229341274334,-74.71284280958196,0.6295741068180681,77.95607690162538,0.2719344611720337,-0.1390481985748676,0.00015748,0.13442786453610334,0.00081957,1,0.0
2242,0.013828250958475952,1.7348466635978532,-1.54e-06,4.315939991898444,2.5855106271620985,25.003730708941266,1.0052136313683062,-4.833837536091558,0.12067054082980143,-39.544598417455674,-1.1573229341274334,85.60634298700585,0.6295741068180681,28.091798804242686,0.2719344611720337,-0.08564092600231932,0.00015748,1.878050391042036,0.00081957,1,0.0
2243,0.002703980538406592,0.26264511106994404,-1.54e-06,4.315939991898444,2.5855106271620985,77.52698034141959,1.0052136313683062,5.40223647682706,0.12067054082980143,-81.69531947862478,-1.1573229341274334,49.83667439904487,0.6295741068180681,27.37504119843935,0.2719344611720337,0.15597204828322098,0.00015748,0.7484648772341991,0.00081957,0,0.0
2244,-0.005303215818552087,0.6598862132366559,-1.54e-06,4.315939991898444,2.5855106271620985,-16.88963245279317,1.0052136313683062,2.897333482658971,0.12067054082980143,-6.112226000338908,-1.1573229341274334,14.606370754601613,0.6295741068180681,-10.620488146861394,0.2719344611720337,-0.16580462881027952,0.00015748,0.7352088437639541,0.00081957,1,0.0
2245,0.46904589368631333,0.9456310722343155,-1.54e-06,4.315939991898444,2.5855106271620985,-75.19745370260723,1.0052136313683062,-6.14257000539469,0.12067054082980143,-24.67308876094597,-1.1573229341274334,33.674212060449726,0.6295741068180681,82.28777760366313,0.2719344611720337,-0.5596813969743258,0.00015748,0.5520740686117668,0.00081957,1,0.0
2246,0.2305337251395665,6.668052067208587,-1.54e-06,4.315939991898444,2.5855106271620985,14.955095738971304,1.0052136313683062,21.741014643105455,0.12067054082980143,-60.19012895117541,-1.1573229341274334,-40.00907455321898,0.6295741068180681,-22.802655246896137,0.2719344611720337,-1.6120525595092168,0.00015748,1.431294968599192,0.00081957,1,0.0
2247,0.039071388321377576,0.2003503854882618,-1.54e-06,4.315939991898444,2.5855106271620985,71.40455126635509,1.0052136313683062,4.58309896196098,0.12067054082980143,-84.37592057930394,-1.1573229341274334,37.738077585832286,0.6295741068180681,44.09678012770846,0.2719344611720337,-0.02211942366575695,0.00015748,0.32511939277026713,0.00081957,1,0.0
2248,0.7004320925520506,3.364473215366688,-1.54e-06,4.315939991898444,2.5855106271620985,-26.9028787626134,1.0052136313683062,12.665164764360966,0.12067054082980143,-0.2320488671576187,-1.1573229341274334,-65.90150179632283,0.6295741068180681,-13.69754846094097,0.2719344611720337,-1.1548877252698797,0.00015748,0.8821806427756758,0.00081957,1,0.0
2249,1.1187008536947978,0.40680650650809896,-1.54e-06,4.315939991898444,2.5855106271620985,96.68922614803506,1.0052136313683062,6.440082845285839,0.12067054082980143,-43.40274893232247,-1.1573229341274334,-49.663631553104956,0.6295741068180681,41.019577068282814,0.2719344611720337,-0.2471524130624393,0.00015748,0.24540956698099692,0.00081957,1,0.0
2250,-1.2774667900069288,14.072291529680939,-1.54e-06,4.315939991898444,2.5855106271620985,-4.391323287882749,1.0052136313683062,23.59313215546618,0.12067054082980143,-72.97857830475176,-1.1573229341274334,26.485166558658477,0.6295741068180681,-77.71888367889098,0.2719344611720337,-2.012786648090681,0.00015748,1.974482187215071,0.00081957,1,0.0
2251,-0.0006006575568523465,0.07757562784024656,-1.54e-06,4.315939991898444,2.5855106271620985,-9.218621510229637,1.0052136313683062,3.7982862395058388,0.12067054082980143,-46.22861362515713,-1.1573229341274334,24.226386473338845,0.6295741068180681,29.187637216906754,0.2719344611720337,-0.11664242153890678,0.00015748,0.16824993138744923,0.00081957,1,0.0
2252,-0.17220183617454532,1.456607607247388,-1.54e-06,4.315939991898444,2.5855106271620985,13.092003295012548,1.0052136313683062,-0.4856626200090925,0.12067054082980143,-24.32604465553566,-1.1573229341274334,70.3461262613277,0.6295741068180681,-8.779696792866647,0.2719344611720337,0.002289186548862787,0.00015748,1.7666272537527907,0.00081957,0,0.0
2253,0.040800953068584,0.03295427869448451,-1.54e-06,4.315939991898444,2.5855106271620985,25.985291142906068,1.0052136313683062,4.661923193930969,0.12067054082980143,-67.59313293595619,-1.1573229341274334,26.681579158920133,0.6295741068180681,41.13400839967333,0.2719344611720337,-0.10853487011035397,0.00015748,0.11233338725386662,0.00081957,1,0.0
2254,-0.015279867463041441,17.415860540818414,-1.54e-06,4.315939991898444,2.5855106271620985,-18.290955302435172,1.0052136313683062,29.259874436273293,0.12067054082980143,-28.787997251021697,-1.1573229341274334,-88.47998017424011,0.6295741068180681,-76.61658505078493,0.2719344611720337,-2.877665379398342,0.00015748,1.9843179609623447,0.00081957,1,0.0
2255,-0.022792886139512136,0.8304198746335494,-1.54e-06,4.315939991898444,2.5855106271620985,40.70575040902515,1.0052136313683062,5.9483238812713735,0.12067054082980143,-3.1922602900161836,-1.1573229341274334,-11.766236776192017,0.6295741068180681,-35.85956313078133,0.2719344611720337,-0.2738538570914153,0.00015748,0.6924850121913353,0.00081957,1,0.0
2256,0.5898201192846501,0.07707744210155355,-1.54e-06,4.315939991898444,2.5855106271620985,-23.079946288539748,1.0052136313683062,1.7010631716214786,0.12067054082980143,-15.900526427396906,-1.1573229341274334,-10.979854057778976,0.6295741068180681,36.62508849346159,0.2719344611720337,-0.03537086292138589,0.00015748,0.03555111184079926,0.00081957,1,0.0
2257,0.3655717365044233,1.3105335029130858,-1.54e-06,4.315939991898444,2.5855106271620985,-27.801971740623735,1.0052136313683062,-5.391580400761981,0.12067054082980143,-37.626148443191006,-1.1573229341274334,44.25284689768375,0.6295741068180681,73.05045661338505,0.2719344611720337,-0.461915040265546,0.00015748,0.8045309762332754,0.00081957,1,0.0
2258,-0.00950330578182279,0.6604813215512945,-1.54e-06,4.315939991898444,2.5855106271620985,15.679537746308858,1.0052136313683062,2.4442074022344182,0.12067054082980143,-46.8245823755641,-1.1573229341274334,56.50541689467471,0.6295741068180681,13.725877624548348,0.2719344611720337,0.04601415633814998,0.00015748,1.1986310944048053,0.00081957,0,0.0
2259,0.11121219694068263,1.3380533551047638,-1.54e-06,4.315939991898444,2.5855106271620985,10.780800478113362,1.0052136313683062,-2.7886048621941133,0.12067054082980143,-79.61997323377133,-1.1573229341274334,79.74657738264649,0.6295741068180681,77.82532904014634,0.2719344611720337,-0.26408457493993576,0.00015748,1.0608124084765733,0.00081957,1,0.0
2260,-0.0008104784446891777,0.22292667491216894,-1.54e-06,4.315939991898444,2.5855106271620985,78.2312465034018,1.0052136313683062,7.300998200519237,0.12067054082980143,-50.58173246108422,-1.1573229341274334,4.42745838634647,0.6295741068180681,-1.0096735784031066,0.2719344611720337,-0.08878828616790208,0.00015748,0.3386644213885723,0.00081957,1,0.0
2261,0.2435451406988891,0.030003978026393922,-1.54e-06,4.315939991898444,2.5855106271620985,55.33024185371207,1.0052136313683062,3.3216126242123085,0.12067054082980143,-25.71122245949486,-1.1573229341274334,-12.122768539010295,0.6295741068180681,9.629944617996017,0.2719344611720337,-0.10021907605249764,0.00015748,0.10010282867211057,0.00081957,1,0.0
2262,1.120057112538034,0.6071553169489573,-1.54e-06,4.315939991898444,2.5855106271620985,64.93724352003305,1.0052136313683062,3.9144152638718177,0.12067054082980143,-53.18789266302201,-1.1573229341274334,-28.612647959976794,0.6295741068180681,66.76178812317275,0.2719344611720337,-0.3697391007220606,0.00015748,0.3744454079349818,0.00081957,1,0.0
2263,0.09276991806379165,0.1641508872250916,-1.54e-06,4.315939991898444,2.5855106271620985,-6.749630500826879,1.0052136313683062,3.50867322353637,0.12067054082980143,-99.07915646157547,-1.1573229341274334,60.88711389371384,0.6295741068180681,82.11198997029683,0.2719344611720337,-0.0912642364033947,0.00015748,0.23899814671958303,0.00081957,1,0.0
2264,1.179010925950934,0.36709574603416384,-1.54e-06,4.315939991898444,2.5855106271620985,36.18588917614277,1.0052136313683062,5.289862620442801,0.12067054082980143,-23.685111856928838,-1.1573229341274334,-50.0298858332893,0.6295741068180681,41.60002943464896,0.2719344611720337,-0.1300546458545591,0.00015748,0.12809021307625426,0.00081957,1,0.0
2265,0.13304460593448925,0.03142784687899764,-1.54e-06,4.315939991898444,2.5855106271620985,-87.22031488003077,1.0052136313683062,-1.3101859220477314,0.12067054082980143,-0.22128419170080602,-1.1573229341274334,16.828110278857263,0.6295741068180681,28.263589973379865,0.2719344611720337,-0.1128579081618105,0.00015748,0.11242591591631255,0.00081957,1,0.0
2266,0.748431423630797,0.1412744195649239,-1.54e-06,4.315939991898444,2.5855106271620985,-29.426586357933743,1.0052136313683062,3.589481592208574,0.12067054082980143,-29.90442766402459,-1.1573229341274334,-11.461089974311534,0.6295741068180681,49.870275215081804,0.2719344611720337,-0.10906713115661681,0.00015748,0.10746283021408287,0.00081957,1,0.0
2267,1.6630800677386206,0.7524781460088891,-1.54e-06,4.315939991898444,2.5855106271620985,87.55777407395524,1.0052136313683062,9.277611298985168,0.12067054082980143,-74.87618145026177,-1.1573229341274334,-54.25811704648278,0.6295741068180681,83.04663254583932,0.2719344611720337,-0.296565872478699,0.00015748,0.29664113854056556,0.00081957,1,0.0
2268,1.498380234462588,0.6684476708965453,-1.54e-06,4.315939991898444,2.5855106271620985,-57.585491238262065,1.0052136313683062,3.8096291408994083,0.12067054082980143,-0.3349313380091881,-1.1573229341274334,-54.623215157800125,0.6295741068180681,57.18375801600049,0.2719344611720337,-0.17638555139284223,0.00015748,0.17855972895660893,0.00081957,1,0.0
2269,-0.006653392860985319,0.7799181448762209,-1.54e-06,4.315939991898444,2.5855106271620985,87.96269568535159,1.0052136313683062,5.066218062640561,0.12067054082980143,-87.92139797532612,-1.1573229341274334,83.9972100254132,0.6295741068180681,16.889557271979225,0.2719344611720337,0.1548464536416142,0.00015748,1.8720141322356758,0.00081957,0,0.0
2270,0.0057773357489991906,0.04210797649923492,-1.54e-06,4.315939991898444,2.5855106271620985,-3.122773427966356,1.0052136313683062,0.29743885582811,0.12067054082980143,-29.18102944167638,-1.1573229341274334,20.017905891346402,0.6295741068180681,27.104165084023585,0.2719344611720337,-0.1132456272276325,0.00015748,0.11397640643168476,0.00081957,1,0.0
2271,0.00403919428573829,0.029536038560179716,-1.54e-06,4.315939991898444,2.5855106271620985,60.542174710686126,1.0052136313683062,4.2117160649411725,0.12067054082980143,-45.770273146015995,-1.1573229341274334,7.069571383107713,0.6295741068180681,14.083760328764733,0.2719344611720337,-0.11021617778358919,0.00015748,0.11270165731204909,0.00081957,1,0.0
2272,-0.17977393168535905,8.927819254974043,-1.54e-06,4.315939991898444,2.5855106271620985,-52.565580039872316,1.0052136313683062,20.86365313273768,0.12067054082980143,-52.271268118012124,-1.1573229341274334,-8.933139578259363,0.6295741068180681,-32.620179542218914,0.2719344611720337,-1.7525218203167217,0.00015748,1.766292043717219,0.00081957,1,0.0
2273,0.14617901667078792,1.1719315052685522,-1.54e-06,4.315939991898444,2.5855106271620985,-95.540818656445,1.0052136313683062,-8.589638285450931,0.12067054082980143,-20.457044368597796,-1.1573229341274334,55.104139224638786,0.6295741068180681,78.65732380049413,0.2719344611720337,-0.612017565948841,0.00015748,0.6419405685678391,0.00081957,1,0.0
2274,0.5013372328282019,0.0454657333663738,-1.54e-06,4.315939991898444,2.5855106271620985,-34.26783287517119,1.0052136313683062,2.1440826933279915,0.12067054082980143,-30.816739323923418,-1.1573229341274334,3.6462763185834253,0.6295741068180681,47.491004169875914,0.2719344611720337,-0.04663681468800351,0.00015748,0.04659241123854096,0.00081957,1,0.0
2275,0.0042831998111784175,0.17292201255574285,-1.54e-06,4.315939991898444,2.5855106271620985,91.2862786416519,1.0052136313683062,3.352197550545473,0.12067054082980143,-22.942143145068258,-1.1573229341274334,-0.5154749580856559,0.6295741068180681,-16.025139207957796,0.2719344611720337,0.10020886943194095,0.00015748,0.3450641718449152,0.00081957,0,0.0
2276,1.0888235918383027,0.3292760915284965,-1.54e-06,4.315939991898444,2.5855106271620985,74.18788318263701,1.0052136313683062,7.12262601953927,0.12067054082980143,-39.17512583542848,-1.1573229341274334,-49.06139056241957,0.6295741068180681,37.51925364420795,0.2719344611720337,-0.17761812619756825,0.00015748,0.17587933373548473,0.00081957,1,0.0
2277,1.0118446794329494,3.855424942824239,-1.54e-06,4.315939991898444,2.5855106271620985,-1.6311450622193933,1.0052136313683062,16.40914320054168,0.12067054082980143,-24.133691642334647,-1.1573229341274334,-72.10442438393036,0.6295741068180681,-1.2052531943443274,0.2719344611720337,-1.1607488960476384,0.00015748,1.0678673036443704,0.00081957,1,0.0
2278,-0.004570143106812502,0.9866106217457565,-1.54e-06,4.315939991898444,2.5855106271620985,-9.211779052036531,1.0052136313683062,0.10061144050249901,0.12067054082980143,-56.63722429040833,-1.1573229341274334,87.54759501914289,0.6295741068180681,31.52173123619135,0.2719344611720337,0.03493046267815658,0.00015748,1.6587007928371476,0.00081957,0,0.0
2279,1.278586648370474,0.4410575719482268,-1.54e-06,4.315939991898444,2.5855106271620985,67.34338206937481,1.0052136313683062,7.251400008523469,0.12067054082980143,-39.01798575774254,-1.1573229341274334,-55.17806672818336,0.6295741068180681,45.941222391821135,0.2719344611720337,-0.18320269695991273,0.00015748,0.18027759241582927,0.00081957,1,0.0
2280,0.0012869645406651253,0.39361956405404264,-1.54e-06,4.315939991898444,2.5855106271620985,-76.06351413180253,1.0052136313683062,-1.0574344305899614,0.12067054082980143,-27.465941696952388,-1.1573229341274334,54.70764554914019,0.6295741068180681,36.843550818144124,0.2719344611720337,-0.04352479232159434,0.00015748,0.6657224661966088,0.00081957,1,0.0
2281,-0.06882354828118498,4.796066766303338,-1.54e-06,4.315939991898444,2.5855106271620985,58.29725618307103,1.0052136313683062,16.430411502928422,0.12067054082980143,-5.241631459954058,-1.1573229341274334,-54.559444163847715,0.6295741068180681,-76.57202913636512,0.2719344611720337,-1.2647139644671617,0.00015748,1.292992414862181,0.00081957,1,0.0
2282,0.003788011261845803,0.127035903427913,-1.54e-06,4.315939991898444,2.5855106271620985,-25.681354681081864,1.0052136313683062,2.0136324280601516,0.12067054082980143,-57.46941081197546,-1.1573229341274334,47.35376488517625,0.6295741068180681,47.13168464220494,0.2719344611720337,0.04764087547508808,0.00015748,0.24918861853869648,0.00081957,0,0.0
2283,0.8826999935095279,0.23660621665053275,-1.54e-06,4.315939991898444,2.5855106271620985,-45.91200861369305,1.0052136313683062,7.761974931266897,0.12067054082980143,-84.80425415250937,-1.1573229341274334,12.936178737501265,0.6295741068180681,93.27621743740478,0.2719344611720337,-0.23967231583720122,0.00015748,0.24197932175424547,0.00081957,1,0.0
2284,1.4996479164933691,0.5196468214698327,-1.54e-06,4.315939991898444,2.5855106271620985,-83.16719650047229,1.0052136313683062,2.950645705618181,0.12067054082980143,-24.301156719054774,-1.1573229341274334,-30.153400994859286,0.6295741068180681,88.39669667044592,0.2719344611720337,-0.06759806438411599,0.00015748,0.06725848536633773,0.00081957,1,0.0
2285,-0.8139856370810574,4.59202196084499,-1.54e-06,4.315939991898444,2.5855106271620985,-11.472675185157279,1.0052136313683062,8.774601683388369,0.12067054082980143,-1e-20,-1.1573229341274334,10.522881443737152,0.6295741068180681,-68.92999928703057,0.2719344611720337,-0.9128969987335707,0.00015748,1.0934236029075335,0.00081957,1,0.0
2286,0.46790775951636543,0.5675066988777542,-1.54e-06,4.315939991898444,2.5855106271620985,27.697808146088672,1.0052136313683062,6.6721508632641235,0.12067054082980143,-0.02044525972407237,-1.1573229341274334,-42.94656246298243,0.6295741068180681,-13.560924733962004,0.2719344611720337,-0.41615835106382554,0.00015748,0.41664327515901095,0.00081957,1,0.0
2287,0.010521950413918846,0.011222369214627655,-1.54e-06,4.315939991898444,2.5855106271620985,-68.21746854509293,1.0052136313683062,1.0995341562886367,0.12067054082980143,-48.42391485559403,-1.1573229341274334,44.05576106089637,0.6295741068180681,55.07395824918404,0.2719344611720337,-0.043019616289514215,0.00015748,0.043797776456584545,0.00081957,1,0.0
2288,0.33153524139483037,0.06143541138056577,-1.54e-06,4.315939991898444,2.5855106271620985,-25.357987678113627,1.0052136313683062,0.2661247359181206,0.12067054082980143,-28.9752001266666,-1.1573229341274334,12.539114848104914,0.6295741068180681,44.680759479856505,0.2719344611720337,-0.12152369498390439,0.00015748,0.12375920222761014,0.00081957,1,0.0
2289,0.15745684299569884,9.085724409159168,-1.54e-06,4.315939991898444,2.5855106271620985,-5.319015903323132,1.0052136313683062,21.434537288843853,0.12067054082980143,-15.15750824130975,-1.1573229341274334,-64.00721924366937,0.6295741068180681,-62.84663828584418,0.2719344611720337,-1.8657167288993988,0.00015748,1.6815390221048931,0.00081957,1,0.0
2290,-0.00025308659891024043,0.18813772982448707,-1.54e-06,4.315939991898444,2.5855106271620985,18.136931386101306,1.0052136313683062,0.956676885631786,0.12067054082980143,-20.604546872427868,-1.1573229341274334,18.806613167889,0.6295741068180681,6.453635513315163,0.2719344611720337,0.03432083836060604,0.00015748,0.3661041820170723,0.00081957,0,0.0
2291,1.78501411552777,2.328837827834195,-1.54e-06,4.315939991898444,2.5855106271620985,66.9767744962713,1.0052136313683062,18.213899551435723,0.12067054082980143,-68.36851779466171,-1.1573229341274334,-87.34559305978779,0.6295741068180681,50.22607024751356,0.2719344611720337,-0.7790881473762284,0.00015748,0.7377124299529624,0.00081957,1,0.0
2292,0.887703502084517,2.252051439109727,-1.54e-06,4.315939991898444,2.5855106271620985,29.60574945808861,1.0052136313683062,-5.552582153562994,0.12067054082980143,-21.79448608616124,-1.1573229341274334,-1.772261921037226,0.6295741068180681,70.96705828883192,0.2719344611720337,-0.7539600200230425,0.00015748,0.9255296581220609,0.00081957,1,0.0
2293,-0.01722953293037044,17.526243749067383,-1.54e-06,4.315939991898444,2.5855106271620985,-15.678663465283167,1.0052136313683062,32.53152457577348,0.12067054082980143,-81.38801775152518,-1.1573229341274334,-39.29713781760017,0.6295741068180681,-52.303197050428075,0.2719344611720337,-2.535028270153715,0.00015748,2.473562576756782,0.00081957,1,0.0
2294,1.5658671996923046,0.6605147347902135,-1.54e-06,4.315939991898444,2.5855106271620985,88.46114205452892,1.0052136313683062,9.344331174153364,0.12067054082980143,-50.35049386458568,-1.1573229341274334,-68.29253052617716,0.6295741068180681,55.55912477674428,0.2719344611720337,-0.2295370543177406,0.00015748,0.22944434894003637,0.00081957,1,0.0
2295,1.1664808723547393,0.4282954488021843,-1.54e-06,4.315939991898444,2.5855106271620985,-4.5703474497984375,1.0052136313683062,2.59585356714701,0.12067054082980143,-42.09663396494479,-1.1573229341274334,-20.190545609116977,0.6295741068180681,77.42004380495659,0.2719344611720337,-0.2376633619794409,0.00015748,0.2383759589035855,0.00081957,1,0.0
2296,1.6137258807065484,0.8134275433653755,-1.54e-06,4.315939991898444,2.5855106271620985,72.88601038027768,1.0052136313683062,9.980777077269282,0.12067054082980143,-34.91845645590846,-1.1573229341274334,-79.85162367459236,0.6295741068180681,43.57931608959636,0.2719344611720337,-0.26913211970662815,0.00015748,0.26219654279345544,0.00081957,1,0.0
2297,-0.5276242442290134,2.329803803468317,-1.54e-06,4.315939991898444,2.5855106271620985,-71.94111763175262,1.0052136313683062,3.812211141022735,0.12067054082980143,-37.425913384145005,-1.1573229341274334,70.08109623986394,0.6295741068180681,1.8303499592831214,0.2719344611720337,-0.3131126576540585,0.00015748,1.1026553064301279,0.00081957,1,0.0
2298,1.3454564266591822,0.4326536534944309,-1.54e-06,4.315939991898444,2.5855106271620985,44.34482360431394,1.0052136313683062,9.66160543540206,0.12067054082980143,-88.71956742517254,-1.1573229341274334,-25.512795066597857,0.6295741068180681,90.27011749906572,0.2719344611720337,-0.23611331877953154,0.00015748,0.2293850199481738,0.00081957,1,0.0
2299,0.002544585661986898,0.020408114713140614,-1.54e-06,4.315939991898444,2.5855106271620985,-83.88636060349002,1.0052136313683062,-0.5892540043543728,0.12067054082980143,-35.375321487438846,-1.1573229341274334,44.061558737617865,0.6295741068180681,52.141703889298775,0.2719344611720337,-0.026746683596165166,0.00015748,0.04935941699202806,0.00081957,1,0.0
2300,0.00012935779424666505,0.01221751977308593,-1.54e-06,2.360253898083111,5.634017415187891,37.61451109631256,1.0052136313683062,4.85191216374148,0.12067054082980143,-5.661502705802468,-1.1573229341274334,-16.697410070416236,0.6295741068180681,-12.129459229290495,0.2719344611720337,0.0052141057350211985,0.00015748,0.01927237969089924,0.00081957,0,0.0
2301,0.0734291535028139,0.013262062570068536,-1.54e-06,2.360253898083111,5.634017415187891,-55.409862668501276,1.0052136313683062,17.831827510817632,0.12067054082980143,-70.15756167527329,-1.1573229341274334,36.15409381616237,0.6295741068180681,37.709152568995286,0.2719344611720337,-0.05210471725156681,0.00015748,0.05228316847516174,0.00081957,1,0.0
2302,0.19092889237121,0.062396590283202866,-1.54e-06,2.360253898083111,5.634017415187891,46.21345915813476,1.0052136313683062,25.638865389996326,0.12067054082980143,-32.44277408761782,-1.1573229341274334,-87.0010440743723,0.6295741068180681,1.2528766884419582,0.2719344611720337,-0.005764831933505722,0.00015748,0.09583824763261017,0.00081957,1,0.0
2303,0.1006748614525632,0.0006875895431721704,-1.54e-06,2.360253898083111,5.634017415187891,-82.41265156964432,1.0052136313683062,8.574508698926284,0.12067054082980143,-86.84780290716574,-1.1573229341274334,47.99920330997411,0.6295741068180681,71.85182158561999,0.2719344611720337,-0.017552996896752115,0.00015748,0.017537946008520242,0.00081957,1,0.0
2304,0.13098592659844502,0.013767933645611026,-1.54e-06,2.360253898083111,5.634017415187891,-48.711238738120244,1.0052136313683062,20.423263858846095,0.12067054082980143,-55.72832483451845,-1.1573229341274334,-77.51199527622273,0.6295741068180681,42.29450955346589,0.2719344611720337,-0.05279376066533308,0.00015748,0.053273828216523496,0.00081957,1,0.0
2305,0.0005510318361640343,0.024422914067124418,-1.54e-06,2.360253898083111,5.634017415187891,29.170617804262136,1.0052136313683062,9.953881638039489,0.12067054082980143,-91.57274798321878,-1.1573229341274334,-11.392894474585038,0.6295741068180681,37.43721573960039,0.2719344611720337,-0.03826573829293231,0.00015748,0.07086363330357723,0.00081957,1,0.0
2306,0.16159259338627616,0.0011087435469955271,-1.54e-06,2.360253898083111,5.634017415187891,-70.76996930345649,1.0052136313683062,6.830665004839794,0.12067054082980143,-42.203350801369496,-1.1573229341274334,-74.24136739412654,0.6295741068180681,63.52161963228947,0.2719344611720337,-0.015168405077322162,0.00015748,0.01518822010491266,0.00081957,1,0.0
2307,0.07914394537874332,0.0014058689140100818,-1.54e-06,2.360253898083111,5.634017415187891,-67.85769589496815,1.0052136313683062,-2.3111039821572237,0.12067054082980143,-19.189875416082128,-1.1573229341274334,71.67841540463108,0.6295741068180681,35.48609566522193,0.2719344611720337,-0.016452065291611733,0.00015748,0.016470243781371612,0.00081957,1,0.0
2308,0.028626678472216976,0.005879605810689942,-1.54e-06,2.360253898083111,5.634017415187891,-35.68463915923436,1.0052136313683062,10.662501344727929,0.12067054082980143,-46.68130333436866,-1.1573229341274334,55.61783396341106,0.6295741068180681,20.635385909563233,0.2719344611720337,-0.03459561831625209,0.00015748,0.034726571253492794,0.00081957,1,0.0
2309,3.1828295335392665e-05,0.001760787522660635,-1.54e-06,2.360253898083111,5.634017415187891,18.721269066964382,1.0052136313683062,6.487387507688725,0.12067054082980143,-17.488558407328274,-1.1573229341274334,-62.63524326160336,0.6295741068180681,3.4743027839261282,0.2719344611720337,-0.019787720463359363,0.00015748,0.021023395921317942,0.00081957,1,0.0
2310,0.07609843433922246,0.0006842275451744049,-1.54e-06,2.360253898083111,5.634017415187891,-64.952175377162,1.0052136313683062,0.5411860895166433,0.12067054082980143,-44.79306867203234,-1.1573229341274334,51.23693866403832,0.6295741068180681,48.899404445507024,0.2719344611720337,-0.003784089627032072,0.00015748,0.0037453598811817614,0.00081957,1,0.0
2311,0.2582366907422731,0.05089499554922462,-1.54e-06,2.360253898083111,5.634017415187891,-45.69098609416818,1.0052136313683062,13.418838770575217,0.12067054082980143,-91.45746095275184,-1.1573229341274334,56.662443508150844,0.6295741068180681,74.60747094583509,0.2719344611720337,0.04292866381830073,0.00015748,0.05079012011225335,0.00081957,0,0.0
2312,0.00011957132525081127,0.028570080789269946,-1.54e-06,2.360253898083111,5.634017415187891,83.14297551319558,1.0052136313683062,14.183129008840238,0.12067054082980143,-48.60055638819388,-1.1573229341274334,-56.408594694483014,0.6295741068180681,-6.51647702220388,0.2719344611720337,-0.008433489414380064,0.00015748,0.06327068286129589,0.00081957,1,0.0
2313,2.021283532846474e-05,0.010264794072863076,-1.54e-06,2.360253898083111,5.634017415187891,2.9121463517239063,1.0052136313683062,4.0475295159417035,0.12067054082980143,-34.16287219616614,-1.1573229341274334,64.47152076713711,0.6295741068180681,7.725675571505089,0.2719344611720337,0.006024542550294491,0.00015748,0.014738874015954001,0.00081957,0,0.0
2314,0.0005175081898569356,0.02745142979632204,-1.54e-06,2.360253898083111,5.634017415187891,58.85834921584836,1.0052136313683062,17.548538154901834,0.12067054082980143,-93.93554467451163,-1.1573229341274334,-74.57427908474317,0.6295741068180681,26.47773809465542,0.2719344611720337,-0.04188325728377468,0.00015748,0.08086241186277032,0.00081957,1,0.0
2315,8.371977538062722e-06,0.008758587108074633,-1.54e-06,2.360253898083111,5.634017415187891,-3.8519719233810594,1.0052136313683062,0.8504662408600436,0.12067054082980143,-3.6223975424283825,-1.1573229341274334,78.02256694606966,0.6295741068180681,-6.8607464634368815,0.2719344611720337,-0.013873271469103549,0.00015748,0.028205509459694113,0.00081957,1,0.0
2316,0.09936871257469863,0.0003997083801485121,-1.54e-06,2.360253898083111,5.634017415187891,-55.93243712747209,1.0052136313683062,4.662890711951694,0.12067054082980143,-40.704347416067534,-1.1573229341274334,-12.919142112031258,0.6295741068180681,47.546869682697945,0.2719344611720337,-0.009291021741553667,0.00015748,0.009296585990413784,0.00081957,1,0.0
2317,0.0001498563469731068,0.02240880605351506,-1.54e-06,2.360253898083111,5.634017415187891,24.888986190177498,1.0052136313683062,9.165235590492276,0.12067054082980143,-60.87531572672824,-1.1573229341274334,90.06479138933075,0.6295741068180681,8.245215627189422,0.2719344611720337,0.012397248687156475,0.00015748,0.03365414338572739,0.00081957,0,0.0
2318,0.013349909607594398,0.0009134577276144831,-1.54e-06,2.360253898083111,5.634017415187891,-0.6724679254568195,1.0052136313683062,3.789491467573407,0.12067054082980143,-24.8927796538648,-1.1573229341274334,-36.04100438475193,0.6295741068180681,16.192838887433595,0.2719344611720337,-0.01835381032293589,0.00015748,0.018324082845907808,0.00081957,1,0.0
2319,-1.7295821817669976e-05,0.030050118526034095,-1.54e-06,2.360253898083111,5.634017415187891,80.26895686947694,1.0052136313683062,5.6840400080881475,0.12067054082980143,-5.945571650673079,-1.1573229341274334,9.146376382446897,0.6295741068180681,-27.899809921319513,0.2719344611720337,0.02585392093818083,0.00015748,0.03692842404221459,0.00081957,0,0.0
2320,0.005646201429967676,0.04079427063738799,-1.54e-06,2.360253898083111,5.634017415187891,56.336399878870104,1.0052136313683062,-3.344843801756802,0.12067054082980143,-30.017420590760356,-1.1573229341274334,28.145019474044002,0.6295741068180681,6.509693752788292,0.2719344611720337,-0.0228454375770618,0.00015748,0.08175029383662898,0.00081957,1,0.0
2321,0.0014950445221977235,0.00422136328084874,-1.54e-06,2.360253898083111,5.634017415187891,-9.544426465041482,1.0052136313683062,4.6487693135835615,0.12067054082980143,-3.7966308230169226,-1.1573229341274334,35.95868282893866,0.6295741068180681,-5.9850230513864195,0.2719344611720337,-0.02823020088400842,0.00015748,0.028004891716936806,0.00081957,1,0.0
2322,0.00012370613237563943,0.008360597139869133,-1.54e-06,2.360253898083111,5.634017415187891,39.60923821832258,1.0052136313683062,9.23411058184442,0.12067054082980143,-26.607789699564638,-1.1573229341274334,-87.73137396105176,0.6295741068180681,2.3462864399766206,0.2719344611720337,-0.024295228564540364,0.00015748,0.03674014791351393,0.00081957,1,0.0
2323,0.000412973142430606,0.022933154854249474,-1.54e-06,2.360253898083111,5.634017415187891,42.80434122458603,1.0052136313683062,11.3026385827587,0.12067054082980143,-55.95842417805926,-1.1573229341274334,34.52772152231205,0.6295741068180681,3.295306419078169,0.2719344611720337,0.004064670279813668,0.00015748,0.04205328182588658,0.00081957,0,0.0
2324,0.052642507781995945,0.014164854715350037,-1.54e-06,2.360253898083111,5.634017415187891,-17.906599606464344,1.0052136313683062,20.52480904788167,0.12067054082980143,-58.434667292139494,-1.1573229341274334,-43.49948965744844,0.6295741068180681,22.467809314119187,0.2719344611720337,-0.053528950904254344,0.00015748,0.053577442271923764,0.00081957,1,0.0
2325,0.1459086785230651,0.00984396114216935,-1.54e-06,2.360253898083111,5.634017415187891,-47.748564166076655,1.0052136313683062,11.931184107705858,0.12067054082980143,-73.08465001320121,-1.1573229341274334,-69.90295477520456,0.6295741068180681,67.09061314416519,0.2719344611720337,-0.022389970229742102,0.00015748,0.03814073899633007,0.00081957,1,0.0
2326,0.07103872396883737,0.0005577650613970502,-1.54e-06,2.360253898083111,5.634017415187891,-73.46487498895614,1.0052136313683062,0.24730559616664277,0.12067054082980143,-45.57530013407555,-1.1573229341274334,89.95275860157976,0.6295741068180681,47.1556543044858,0.2719344611720337,-0.007826772601159649,0.00015748,0.007833364758622174,0.00081957,1,0.0
2327,0.03289905487347528,0.0002171916668625049,-1.54e-06,2.360253898083111,5.634017415187891,2.9607447072405835,1.0052136313683062,2.9708503603351613,0.12067054082980143,-0.03910741281185183,-1.1573229341274334,-66.49256106080944,0.6295741068180681,6.121819627931777,0.2719344611720337,-0.00987912817464483,0.00015748,0.009907653896140095,0.00081957,1,0.0
2328,0.12325776380814302,0.019545293433454316,-1.54e-06,2.360253898083111,5.634017415187891,-60.37623796180275,1.0052136313683062,3.479353772001468,0.12067054082980143,-22.262223432986346,-1.1573229341274334,91.47624561361322,0.6295741068180681,29.408948034240776,0.2719344611720337,-0.02247671582363294,0.00015748,0.04879468091425596,0.00081957,1,0.0
2329,0.14692971092373283,0.0013046143904296165,-1.54e-06,2.360253898083111,5.634017415187891,-62.76429896344686,1.0052136313683062,1.3073078756219743,0.12067054082980143,-7.9671437438678,-1.1573229341274334,-57.603893797065,0.6295741068180681,43.99621413913937,0.2719344611720337,-0.0027945976224762878,0.00015748,0.002803143688127379,0.00081957,1,0.0
2330,0.0003016729231418991,0.00924341790766573,-1.54e-06,2.360253898083111,5.634017415187891,-12.424858519299162,1.0052136313683062,-9.269633164179089,0.12067054082980143,-5.648743181685255,-1.1573229341274334,35.93906682201539,0.6295741068180681,17.13046457149078,0.2719344611720337,-0.03405770072535442,0.00015748,0.037365336336003356,0.00081957,1,0.0
2331,0.14322160413051313,0.01754595259514496,-1.54e-06,2.360253898083111,5.634017415187891,-59.5444999867677,1.0052136313683062,20.51629933929059,0.12067054082980143,-52.205237215427424,-1.1573229341274334,-60.04488997247575,0.6295741068180681,42.25249072159031,0.2719344611720337,-0.05849704323650539,0.00015748,0.05874603841517879,0.00081957,1,0.0
2332,0.00016494177524391945,0.026937741662166833,-1.54e-06,2.360253898083111,5.634017415187891,44.394144946311144,1.0052136313683062,2.5427541925512,0.12067054082980143,-3.730836235271412,-1.1573229341274334,87.04586503964677,0.6295741068180681,-23.62473417685235,0.2719344611720337,0.010001069960498432,0.00015748,0.04301341138564396,0.00081957,0,0.0
2333,0.005275371081651284,0.00488087569713025,-1.54e-06,2.360253898083111,5.634017415187891,-35.681023776619796,1.0052136313683062,-4.760546990766742,0.12067054082980143,-40.952868502523245,-1.1573229341274334,76.49626979116576,0.6295741068180681,35.38648368801997,0.2719344611720337,-0.025728226967485574,0.00015748,0.026365888011762647,0.00081957,1,0.0
2334,9.45603264093653e-06,0.030404036349747934,-1.54e-06,2.360253898083111,5.634017415187891,70.40238525940887,1.0052136313683062,6.416981945617121,0.12067054082980143,-18.246684666839425,-1.1573229341274334,39.37567539266944,0.6295741068180681,-21.821657215626985,0.2719344611720337,0.0290378549409728,0.00015748,0.03461722321476998,0.00081957,0,0.0
2335,0.00039055759095957265,0.0037427609577794806,-1.54e-06,2.360253898083111,5.634017415187891,4.864826459627606,1.0052136313683062,11.676458390849339,0.12067054082980143,-62.190431523702976,-1.1573229341274334,-44.75577483323014,0.6295741068180681,26.267609256370847,0.2719344611720337,-0.03594436053122292,0.00015748,0.03635162149917402,0.00081957,1,0.0
2336,0.018453213907829835,0.008404339768790223,-1.54e-06,2.360253898083111,5.634017415187891,10.700764632902894,1.0052136313683062,18.545044694088062,0.12067054082980143,-56.40501802938476,-1.1573229341274334,-82.83421530899169,0.6295741068180681,16.89501855544885,0.2719344611720337,-0.04584725506320819,0.00015748,0.04591110590647261,0.00081957,1,0.0
2337,0.0008005835384256865,0.016563387882757578,-1.54e-06,2.360253898083111,5.634017415187891,45.34738263355349,1.0052136313683062,5.350326316228052,0.12067054082980143,-32.34058976772631,-1.1573229341274334,-57.18891910740597,0.6295741068180681,6.985970299728221,0.2719344611720337,-0.022986700913020193,0.00015748,0.04950034323655326,0.00081957,1,0.0
2338,0.0004501473887024987,0.007143708484715839,-1.54e-06,2.360253898083111,5.634017415187891,25.518259401575232,1.0052136313683062,14.798085666469047,0.12067054082980143,-37.12939201919316,-1.1573229341274334,-78.36639797469763,0.6295741068180681,3.4825157725031173,0.2719344611720337,-0.035037614130934654,0.00015748,0.038279923244277377,0.00081957,1,0.0
2339,0.11836040730759606,0.0005929378266283053,-1.54e-06,2.360253898083111,5.634017415187891,-71.97318746721172,1.0052136313683062,5.293970874946296,0.12067054082980143,-54.659913139333135,-1.1573229341274334,-1.9240975807597882,0.6295741068180681,60.949486760033295,0.2719344611720337,-0.010745899489339291,0.00015748,0.010771420307806718,0.00081957,1,0.0
2340,7.348567888040142e-05,0.01738029217690346,-1.54e-06,2.360253898083111,5.634017415187891,9.418043931229011,1.0052136313683062,-4.546939310710261,0.12067054082980143,-10.517726386958927,-1.1573229341274334,90.84318852015025,0.6295741068180681,0.7433508896188076,0.2719344611720337,-0.004798503869440907,0.00015748,0.03576725246480611,0.00081957,1,0.0
2341,0.0010166331675527385,0.05235117832286187,-1.54e-06,2.360253898083111,5.634017415187891,59.27281608641874,1.0052136313683062,24.990011400827555,0.12067054082980143,-54.140937985033915,-1.1573229341274334,55.25775211377922,0.6295741068180681,-25.618566628720128,0.2719344611720337,-0.035306980068590094,0.00015748,0.09279164668223933,0.00081957,1,0.0
2342,6.980867837158566e-05,0.03058657160301677,-1.54e-06,2.360253898083111,5.634017415187891,84.55022985584058,1.0052136313683062,22.540460468232407,0.12067054082980143,-71.09790138720047,-1.1573229341274334,-91.76361164550408,0.6295741068180681,-1.0523710884591764,0.2719344611720337,-0.02729160281038464,0.00015748,0.07598532202142286,0.00081957,1,0.0
2343,4.926328820636927e-05,0.01626934360138701,-1.54e-06,2.360253898083111,5.634017415187891,40.282522337634155,1.0052136313683062,14.46680387016134,0.12067054082980143,-13.334102309660954,-1.1573229341274334,-51.57683336973431,0.6295741068180681,-18.585647553304433,0.2719344611720337,-0.0288172842716266,0.00015748,0.04501966321594313,0.00081957,1,0.0
2344,-5.626947740033916e-06,0.07946342361942771,-1.54e-06,2.360253898083111,5.634017415187891,99.95351922082972,1.0052136313683062,25.988767394513467,0.12067054082980143,-7.445923847313502,-1.1573229341274334,34.33421927984661,0.6295741068180681,-66.23792881943288,0.2719344611720337,-0.04561873158399184,0.00015748,0.12076932519893706,0.00081957,1,0.0
2345,0.1576595405509077,0.0045624030337303376,-1.54e-06,2.360253898083111,5.634017415187891,-99.40850250346651,1.0052136313683062,-5.858925298881974,0.12067054082980143,-14.773545348291806,-1.1573229341274334,32.52860073660272,0.6295741068180681,60.28551083565614,0.2719344611720337,-0.019609620809089245,0.00015748,0.019589952187634364,0.00081957,1,0.0
2346,0.14062667412580657,0.029113118379655883,-1.54e-06,2.360253898083111,5.634017415187891,-24.364411955608837,1.0052136313683062,12.187571544061445,0.12067054082980143,-99.890780325894,-1.1573229341274334,10.267988123500134,0.6295741068180681,67.81495129712944,0.2719344611720337,-0.004781404453491397,0.00015748,0.05868031902548411,0.00081957,1,0.0
2347,0.02222762651966609,0.042263384986835004,-1.54e-06,2.360253898083111,5.634017415187891,-13.169991468498226,1.0052136313683062,20.738799872213583,0.12067054082980143,-18.45323322196499,-1.1573229341274334,29.71027860416311,0.6295741068180681,-16.96692398363385,0.2719344611720337,-0.08820271309672398,0.00015748,0.08810951950304693,0.00081957,1,0.0
2348,0.0007560266755342604,0.013732536524926085,-1.54e-06,2.360253898083111,5.634017415187891,-0.5516731666630529,1.0052136313683062,10.382925905849463,0.12067054082980143,-70.03946489585418,-1.1573229341274334,81.80072341796864,0.6295741068180681,20.31255496398879,0.2719344611720337,-0.004928861615984669,0.00015748,0.03086515232014154,0.00081957,1,0.0
2349,0.01114552815292973,0.00026271656759747843,-1.54e-06,2.360253898083111,5.634017415187891,-24.214618764401475,1.0052136313683062,-2.2725862881116856,0.12067054082980143,-8.803099516466462,-1.1573229341274334,53.311039205199044,0.6295741068180681,10.975488840788444,0.2719344611720337,-0.008294532255885806,0.00015748,0.008304778216703664,0.00081957,1,0.0
2350,0.0008013124749695066,0.007429752793988166,-1.54e-06,2.360253898083111,5.634017415187891,25.169794501280712,1.0052136313683062,11.694357598904974,0.12067054082980143,-44.72101852177769,-1.1573229341274334,-62.57211307985434,0.6295741068180681,11.459369001471309,0.2719344611720337,-0.027810804324714798,0.00015748,0.037062242830145774,0.00081957,1,0.0
2351,0.008722707531061573,0.023095892698520203,-1.54e-06,2.360253898083111,5.634017415187891,-10.275525298037621,1.0052136313683062,3.752305377443369,0.12067054082980143,-99.13049893229518,-1.1573229341274334,45.50077023378208,0.6295741068180681,57.02995076845184,0.2719344611720337,-0.04438701720488453,0.00015748,0.06621228454858588,0.00081957,1,0.0
2352,0.001979945036537173,0.035770914605942415,-1.54e-06,2.360253898083111,5.634017415187891,80.62547121102328,1.0052136313683062,10.170229376324299,0.12067054082980143,-63.572204013232806,-1.1573229341274334,-46.34572720453164,0.6295741068180681,9.053927805401381,0.2719344611720337,-0.02284107344983485,0.00015748,0.08309465019194548,0.00081957,1,0.0
2353,0.06562673082449846,0.0002475606899798333,-1.54e-06,2.360253898083111,5.634017415187891,-78.13650321081114,1.0052136313683062,5.0030955785706706,0.12067054082980143,-81.02960378623155,-1.1573229341274334,96.77439225526973,0.6295741068180681,62.70905311925903,0.2719344611720337,-0.008628094388863812,0.00015748,0.008654096421289087,0.00081957,1,0.0
2354,0.0005382706614020516,0.06797024961475248,-1.54e-06,2.360253898083111,5.634017415187891,95.27968914897353,1.0052136313683062,22.774355861462244,0.12067054082980143,-33.82267987461248,-1.1573229341274334,98.63615946095467,0.6295741068180681,-50.297576173367915,0.2719344611720337,-0.016346199754240023,0.00015748,0.10825176924752176,0.00081957,1,0.0
2355,0.04270774788962596,0.000718842493906153,-1.54e-06,2.360253898083111,5.634017415187891,-10.8607507469017,1.0052136313683062,5.963942954403434,0.12067054082980143,-28.39180588379407,-1.1573229341274334,-53.49635655826644,0.6295741068180681,23.33315097323589,0.2719344611720337,-0.018460696548972172,0.00015748,0.018486671029316303,0.00081957,1,0.0
2356,0.19929190276335101,0.004685726226834549,-1.54e-06,2.360253898083111,5.634017415187891,-80.99987888475268,1.0052136313683062,7.968541375279921,0.12067054082980143,-15.625773026298521,-1.1573229341274334,-84.5697643468463,0.6295741068180681,52.93666262932291,0.2719344611720337,-0.025106659090930357,0.00015748,0.025145485617280146,0.00081957,1,0.0
2357,0.13039158881657398,0.0007223521889642652,-1.54e-06,2.360253898083111,5.634017415187891,-60.124648062655844,1.0052136313683062,4.734646129479311,0.12067054082980143,-34.56532356277194,-1.1573229341274334,-51.17033136350074,0.6295741068180681,52.59870901843501,0.2719344611720337,-0.010630376719208448,0.00015748,0.010637456978574817,0.00081957,1,0.0
2358,0.0007779270408106859,0.032055794404935896,-1.54e-06,2.360253898083111,5.634017415187891,55.0926404685316,1.0052136313683062,3.3399320704753355,0.12067054082980143,-14.603303588237049,-1.1573229341274334,97.65407655653864,0.6295741068180681,-21.88694634508401,0.2719344611720337,0.021271409439723624,0.00015748,0.044211996642850596,0.00081957,0,0.0
2359,0.023320356509403766,0.0004300791351566839,-1.54e-06,2.360253898083111,5.634017415187891,-34.07687844006467,1.0052136313683062,-2.288092583941374,0.12067054082980143,-11.162450884385299,-1.1573229341274334,63.3812854489162,0.6295741068180681,15.483125885779543,0.2719344611720337,-0.011038069532257246,0.00015748,0.01103721522705024,0.00081957,1,0.0
2360,0.0004813800226662335,0.024108094853444596,-1.54e-06,2.360253898083111,5.634017415187891,40.44749886006131,1.0052136313683062,25.57903766395826,0.12067054082980143,-70.74794192464688,-1.1573229341274334,-79.70724781070834,0.6295741068180681,4.835958357057543,0.2719344611720337,-0.05190189823681358,0.00015748,0.06789567304658359,0.00081957,1,0.0
2361,0.10954589172960114,0.0016077281249546934,-1.54e-06,2.360253898083111,5.634017415187891,-70.9022423477078,1.0052136313683062,7.948593790824922,0.12067054082980143,-81.16881529941487,-1.1573229341274334,-6.067731609913453,0.6295741068180681,73.21397732228091,0.2719344611720337,-0.024954780889923877,0.00015748,0.024938758500038075,0.00081957,1,0.0
2362,0.040594017522001855,0.0004075798033091625,-1.54e-06,2.360253898083111,5.634017415187891,-12.15525697182127,1.0052136313683062,4.793584861274388,0.12067054082980143,-21.692300972672676,-1.1573229341274334,-41.3790410945045,0.6295741068180681,19.50309440327971,0.2719344611720337,-0.013207136461361995,0.00015748,0.013297108026692577,0.00081957,1,0.0
2363,0.12687876655718422,0.014214946311878392,-1.54e-06,2.360253898083111,5.634017415187891,-47.51470905106811,1.0052136313683062,-6.5543497143111615,0.12067054082980143,-15.036804171165997,-1.1573229341274334,-94.32981399058528,0.6295741068180681,58.2984047508611,0.2719344611720337,-0.049543464780117494,0.00015748,0.04973973103860095,0.00081957,1,0.0
2364,0.0005043218112092407,0.02451178669283201,-1.54e-06,2.360253898083111,5.634017415187891,50.17283025379237,1.0052136313683062,14.07044898034284,0.12067054082980143,-71.86617542599409,-1.1573229341274334,3.022488170163725,0.6295741068180681,10.972574376248552,0.2719344611720337,-0.009346210435441815,0.00015748,0.0560238248911947,0.00081957,1,0.0
2365,0.13532167625660993,0.0026287446276250007,-1.54e-06,2.360253898083111,5.634017415187891,-71.48464432827073,1.0052136313683062,3.4330141355107657,0.12067054082980143,-16.22887722761719,-1.1573229341274334,-6.775588792142542,0.6295741068180681,41.30468659348599,0.2719344611720337,-0.019576434640741887,0.00015748,0.01974391308883272,0.00081957,1,0.0
2366,0.07097125259915141,0.00033414577686723313,-1.54e-06,2.360253898083111,5.634017415187891,-17.945035931860573,1.0052136313683062,3.9930656173619465,0.12067054082980143,-11.615786429911664,-1.1573229341274334,-71.62097052947996,0.6295741068180681,22.7821935334444,0.2719344611720337,-0.01162499122564054,0.00015748,0.011623205952980548,0.00081957,1,0.0
2367,0.12938894353939512,0.010717373516371278,-1.54e-06,2.360253898083111,5.634017415187891,-84.31197770978552,1.0052136313683062,13.307091623974996,0.12067054082980143,-54.74998024218792,-1.1573229341274334,36.48706374495141,0.6295741068180681,49.01384610101062,0.2719344611720337,-0.047233327526571715,0.00015748,0.04721677824553049,0.00081957,1,0.0
2368,0.03355375137194508,0.0032031048041897456,-1.54e-06,2.360253898083111,5.634017415187891,-8.32338762320805,1.0052136313683062,11.29738146715544,0.12067054082980143,-62.97608945264142,-1.1573229341274334,-63.47861644192754,0.6295741068180681,36.961394895155614,0.2719344611720337,-0.0367836759050824,0.00015748,0.03680644280938189,0.00081957,1,0.0
2369,6.404845579252583e-05,0.004780758716696851,-1.54e-06,2.360253898083111,5.634017415187891,-11.370812247482805,1.0052136313683062,11.601090643044598,0.12067054082980143,-63.96135659171636,-1.1573229341274334,29.253980012520262,0.6295741068180681,23.44105253420454,0.2719344611720337,-0.024468040149529864,0.00015748,0.02866801154832372,0.00081957,1,0.0
2370,0.11546035406389352,0.005835161056397264,-1.54e-06,2.360253898083111,5.634017415187891,-51.48870300957866,1.0052136313683062,6.842042314636782,0.12067054082980143,-5.919894797689268,-1.1573229341274334,-25.6517186038824,0.6295741068180681,23.810477724465333,0.2719344611720337,-0.03276282874936355,0.00015748,0.03283457415417734,0.00081957,1,0.0
2371,0.08358266772105882,0.0003197210422927865,-1.54e-06,2.360253898083111,5.634017415187891,-51.17348151535051,1.0052136313683062,4.541177518562786,0.12067054082980143,-42.9494137233406,-1.1573229341274334,-2.1536471471467125,0.6295741068180681,44.816869438716864,0.2719344611720337,-0.009679646025086933,0.00015748,0.009697490209318597,0.00081957,1,0.0
2372,0.10898734886005734,0.034366265658242336,-1.54e-06,2.360253898083111,5.634017415187891,-30.97262370398931,1.0052136313683062,29.82842740643564,0.12067054082980143,-68.19236298799551,-1.1573229341274334,-90.20631163807292,0.6295741068180681,30.041426103060925,0.2719344611720337,-0.08106067151031171,0.00015748,0.0817233141241698,0.00081957,1,0.0
2373,0.17677102235032816,0.025274627316179833,-1.54e-06,2.360253898083111,5.634017415187891,-61.23936777936351,1.0052136313683062,-4.448363573820344,0.12067054082980143,-35.713824436224975,-1.1573229341274334,-51.44754091164414,0.6295741068180681,73.07666386301216,0.2719344611720337,-0.034315048581513866,0.00015748,0.05654248267259103,0.00081957,1,0.0
2374,0.08524633040408354,0.0170572890279394,-1.54e-06,2.360253898083111,5.634017415187891,-67.38779518618297,1.0052136313683062,11.93407781266708,0.12067054082980143,-34.945642063170546,-1.1573229341274334,74.88605235287648,0.6295741068180681,24.13106225437507,0.2719344611720337,-0.059529318119657934,0.00015748,0.05989349916951035,0.00081957,1,0.0
2375,0.0004025030648099892,0.011513162208250466,-1.54e-06,2.360253898083111,5.634017415187891,-4.5623352145302265,1.0052136313683062,12.155061473759952,0.12067054082980143,-94.97721810699257,-1.1573229341274334,42.23221931604725,0.6295741068180681,39.35083871626452,0.2719344611720337,-0.024759840366751794,0.00015748,0.04255682605814768,0.00081957,1,0.0
2376,0.11102410912802016,0.01275438197705708,-1.54e-06,2.360253898083111,5.634017415187891,-73.76086259209599,1.0052136313683062,4.930532351541541,0.12067054082980143,-3.116209762275691,-1.1573229341274334,59.95608375582125,0.6295741068180681,20.67530138648387,0.2719344611720337,-0.05375259068535509,0.00015748,0.05374417325463184,0.00081957,1,0.0
2377,0.037848331017313164,0.003963223135285365,-1.54e-06,2.360253898083111,5.634017415187891,-13.91535782302689,1.0052136313683062,13.142772504776788,0.12067054082980143,-75.92400570064709,-1.1573229341274334,-58.82292382653384,0.6295741068180681,44.018474732373996,0.2719344611720337,-0.04080304845938288,0.00015748,0.04082347918032652,0.00081957,1,0.0
2378,0.0003148153138899934,0.007816659075298577,-1.54e-06,2.360253898083111,5.634017415187891,1.8586324791061686,1.0052136313683062,14.877162650018642,0.12067054082980143,-69.55320458563699,-1.1573229341274334,-3.9387599070104566,0.6295741068180681,22.270004370670723,0.2719344611720337,-0.03137038469366369,0.00015748,0.038288456107464446,0.00081957,1,0.0
2379,0.04045376053124756,0.008929987293505283,-1.54e-06,2.360253898083111,5.634017415187891,-47.36505244469628,1.0052136313683062,2.6277692770766303,0.12067054082980143,-1.1994428691244574,-1.1573229341274334,96.21252624908335,0.6295741068180681,3.3802672890039847,0.2719344611720337,-0.047384930672918456,0.00015748,0.04740009752315392,0.00081957,1,0.0
2380,0.014712574426157476,0.0013326503608337833,-1.54e-06,2.360253898083111,5.634017415187891,-25.331399898446783,1.0052136313683062,8.299122213599015,0.12067054082980143,-67.05889584418775,-1.1573229341274334,23.081016863066186,0.6295741068180681,36.72336433496646,0.2719344611720337,-0.02276445625267658,0.00015748,0.022783851077149395,0.00081957,1,0.0
2381,0.007818603460252455,0.006091985654213062,-1.54e-06,2.360253898083111,5.634017415187891,5.773635783525736,1.0052136313683062,14.396665030307075,0.12067054082980143,-78.61158399579026,-1.1573229341274334,-71.978120355236,0.6295741068180681,36.47852490132701,0.2719344611720337,-0.048393150644254194,0.00015748,0.048416489009260134,0.00081957,1,0.0
2382,0.003510558009723585,0.03778911435506518,-1.54e-06,2.360253898083111,5.634017415187891,42.43245285375916,1.0052136313683062,1.0341890191765464,0.12067054082980143,-61.97807864865616,-1.1573229341274334,-45.97388846710022,0.6295741068180681,32.58701269583849,0.2719344611720337,-0.05539665048178445,0.00015748,0.09039212584274998,0.00081957,1,0.0
2383,4.795220692627167e-05,0.030403108405933167,-1.54e-06,2.360253898083111,5.634017415187891,43.0739173763469,1.0052136313683062,23.85164155477144,0.12067054082980143,-44.59980621535026,-1.1573229341274334,-50.0915363975255,0.6295741068180681,-13.622184609656562,0.2719344611720337,-0.049841590937422985,0.00015748,0.07017182292744026,0.00081957,1,0.0
2384,0.13769851412101683,0.0007702058123152851,-1.54e-06,2.360253898083111,5.634017415187891,-78.93585907548574,1.0052136313683062,6.807029934458955,0.12067054082980143,-58.47223866588772,-1.1573229341274334,-13.874574011281778,0.6295741068180681,66.62621124396712,0.2719344611720337,-0.01329658943560074,0.00015748,0.013302722624618117,0.00081957,1,0.0
2385,0.0003096350220367916,0.05484397256088333,-1.54e-06,2.360253898083111,5.634017415187891,68.21633740421078,1.0052136313683062,30.752715482148847,0.12067054082980143,-86.54228390919366,-1.1573229341274334,32.15710549509479,0.6295741068180681,-13.330929987164003,0.2719344611720337,-0.03565520677950335,0.00015748,0.09812392220501201,0.00081957,1,0.0
2386,0.17024099082253902,0.0017395906791407346,-1.54e-06,2.360253898083111,5.634017415187891,-68.07740748540768,1.0052136313683062,9.298057962175685,0.12067054082980143,-38.52229520790295,-1.1573229341274334,-92.44772458388597,0.6295741068180681,59.72397745156812,0.2719344611720337,-0.01941865554853971,0.00015748,0.019386150734808174,0.00081957,1,0.0
2387,0.035203244226151585,0.0009059295361983554,-1.54e-06,2.360253898083111,5.634017415187891,-40.21125891090256,1.0052136313683062,6.452347451101197,0.12067054082980143,-68.10898193353009,-1.1573229341274334,32.97670902022206,0.6295741068180681,45.53973891749455,0.2719344611720337,-0.019090715843568674,0.00015748,0.01913162961308837,0.00081957,1,0.0
2388,0.0008707875193631337,0.00043860067216340646,-1.54e-06,2.360253898083111,5.634017415187891,-23.94637820853082,1.0052136313683062,-1.30076702562991,0.12067054082980143,-9.996926314147466,-1.1573229341274334,72.47846079155764,0.6295741068180681,6.798709876475717,0.2719344611720337,-0.01291699053843657,0.00015748,0.012902110030233463,0.00081957,1,0.0
2389,0.00012497910048045457,0.013650422573785318,-1.54e-06,2.360253898083111,5.634017415187891,-3.2177193235717505,1.0052136313683062,11.64988895013039,0.12067054082980143,-94.01528051771251,-1.1573229341274334,67.10929302623326,0.6295741068180681,36.24117968396033,0.2719344611720337,-0.01609976624859488,0.00015748,0.04029200224314122,0.00081957,1,0.0
2390,0.08418548080896053,0.0027136406836702777,-1.54e-06,2.360253898083111,5.634017415187891,-47.03990405512496,1.0052136313683062,12.26322637500509,0.12067054082980143,-86.03868782260407,-1.1573229341274334,-38.21785664902777,0.6295741068180681,63.988923560540016,0.2719344611720337,-0.03567479540672121,0.00015748,0.035755769868655835,0.00081957,1,0.0
2391,0.14960460372901002,0.0392767214284342,-1.54e-06,2.360253898083111,5.634017415187891,-9.567669723297314,1.0052136313683062,1.0468217744036576,0.12067054082980143,-54.681218515019616,-1.1573229341274334,-96.79280224842849,0.6295741068180681,64.85343663991361,0.2719344611720337,-0.04293425088447736,0.00015748,0.0852075971594434,0.00081957,1,0.0
2392,0.11315201711093723,0.0006641330485241797,-1.54e-06,2.360253898083111,5.634017415187891,-44.54585464554915,1.0052136313683062,1.8927620857227174,0.12067054082980143,-7.059612947217278,-1.1573229341274334,-56.76256100579468,0.6295741068180681,33.51197639359296,0.2719344611720337,-0.0024637356321437795,0.00015748,0.0024884364804999156,0.00081957,1,0.0
2393,0.09197665571942643,0.01040576321392383,-1.54e-06,2.360253898083111,5.634017415187891,-47.76506619799715,1.0052136313683062,-3.289089507306007,0.12067054082980143,-40.60621538847816,-1.1573229341274334,-42.17972926154141,0.6295741068180681,59.897496921616124,0.2719344611720337,-0.043656699524477545,0.00015748,0.043935604629480755,0.00081957,1,0.0
2394,0.00772925070038058,0.002563813922411514,-1.54e-06,2.360253898083111,5.634017415187891,-30.113890342472384,1.0052136313683062,11.575530165015964,0.12067054082980143,-90.52272971317203,-1.1573229341274334,40.078414870870105,0.6295741068180681,45.45547418544707,0.2719344611720337,-0.03048577040609224,0.00015748,0.030481489738233905,0.00081957,1,0.0
2395,0.058267911341901575,0.0012581542918668602,-1.54e-06,2.360253898083111,5.634017415187891,-27.972792996114585,1.0052136313683062,9.080435511123412,0.12067054082980143,-44.93129040147919,-1.1573229341274334,-29.446407868928993,0.6295741068180681,33.008118510413134,0.2719344611720337,-0.02100804276219604,0.00015748,0.021072689219528845,0.00081957,1,0.0
2396,0.00045446437617713276,0.008612752228294723,-1.54e-06,2.360253898083111,5.634017415187891,-22.74806280567764,1.0052136313683062,12.506788086373687,0.12067054082980143,-97.09049577229187,-1.1573229341274334,85.17715806564861,0.6295741068180681,40.240776396670604,0.2719344611720337,-0.02000558251286838,0.00015748,0.03334445001616391,0.00081957,1,0.0
2397,0.10654908669204602,0.0005102802782704525,-1.54e-06,2.360253898083111,5.634017415187891,-40.565462777158764,1.0052136313683062,2.9221658635646137,0.12067054082980143,-10.643041893073558,-1.1573229341274334,-59.534185702837725,0.6295741068180681,32.72133362943203,0.2719344611720337,-0.005210259051015134,0.00015748,0.00521073636470886,0.00081957,1,0.0
2398,0.143592067977269,0.004751986450270904,-1.54e-06,2.360253898083111,5.634017415187891,-74.64580730799669,1.0052136313683062,-4.254534846597674,0.12067054082980143,-18.15461196903754,-1.1573229341274334,-28.18324042514287,0.6295741068180681,58.5786757052382,0.2719344611720337,-0.020827904777838135,0.00015748,0.020890134783048873,0.00081957,1,0.0
2399,0.17516730407282705,0.027522502668049835,-1.54e-06,2.360253898083111,5.634017415187891,-59.3451674319705,1.0052136313683062,18.287628420510686,0.12067054082980143,-7.895196475111263,-1.1573229341274334,-90.93073750112272,0.6295741068180681,24.16891790550294,0.2719344611720337,-0.07029143903204016,0.00015748,0.07002390009690143,0.00081957,1,0.0
2400,2.087810131869658,2.8992326397424986,-1.54e-06,1.0400317752440658,2.5682498578706694,-52.25862899026394,1.0052136313683062,-5.28637037086456,0.12067054082980143,-17.290991599178383,-1.1573229341274334,-12.712886524341956,0.6295741068180681,72.1339472120802,0.2719344611720337,-0.8713615864734846,0.00015748,0.1734454193113052,0.00081957,1,0.0
2401,0.8176517719255078,0.2516054289316334,-1.54e-06,1.0400317752440658,2.5682498578706694,-35.42918962859347,1.0052136313683062,3.855804256810014,0.12067054082980143,-61.47705797637277,-1.1573229341274334,42.14030277482535,0.6295741068180681,56.62047843977566,0.2719344611720337,-0.10151197813754449,0.00015748,0.09948176007856736,0.00081957,1,0.0
2402,0.0017957827534059723,0.002547405782873879,-1.54e-06,1.0400317752440658,2.5682498578706694,-6.492040835893328,1.0052136313683062,12.74444211068737,0.12067054082980143,-68.11107608942238,-1.1573229341274334,55.84239094332846,0.6295741068180681,25.063564861775582,0.2719344611720337,0.34319948918901566,0.00015748,1.0020287682878695,0.00081957,0,0.0
2403,0.5013246911350744,0.09775615002709939,-1.54e-06,1.0400317752440658,2.5682498578706694,15.479231372872418,1.0052136313683062,29.824123237665198,0.12067054082980143,-75.51309492731751,-1.1573229341274334,12.173574316563844,0.6295741068180681,21.231615162918775,0.2719344611720337,0.27292236221689214,0.00015748,2.998231236872982,0.00081957,0,0.0
2404,0.0064427755184857105,0.013561733003691326,-1.54e-06,1.0400317752440658,2.5682498578706694,22.19990995557516,1.0052136313683062,16.222110307908192,0.12067054082980143,-29.629721999117724,-1.1573229341274334,0.851208841263803,0.6295741068180681,-5.606035585388833,0.2719344611720337,0.29000326723240855,0.00015748,1.9709629492838978,0.00081957,0,0.0
2405,0.03793645920391775,0.9378605112707907,-1.54e-06,1.0400317752440658,2.5682498578706694,35.53700206555623,1.0052136313683062,27.590802413365953,0.12067054082980143,-30.81177686656406,-1.1573229341274334,15.382549305157347,0.6295741068180681,-23.799675936381483,0.2719344611720337,1.1551926444443463,0.00015748,2.629259397461703,0.00081957,0,0.0
2406,0.2729841790573033,0.11347188494829777,-1.54e-06,1.0400317752440658,2.5682498578706694,85.41497436913292,1.0052136313683062,59.092622315775444,0.12067054082980143,-76.33217669002828,-1.1573229341274334,-52.34971126462794,0.6295741068180681,-26.883488373751778,0.2719344611720337,0.2600850223699047,0.00015748,7.240976617222447,0.00081957,0,0.0
2407,0.2790538185110014,0.0251915153402935,-1.54e-06,1.0400317752440658,2.5682498578706694,-10.789094797695657,1.0052136313683062,19.714929559994715,0.12067054082980143,-93.82596834869898,-1.1573229341274334,61.938955125498865,0.6295741068180681,40.92167939168119,0.2719344611720337,0.3027412421658434,0.00015748,1.5610596488171042,0.00081957,0,0.0
2408,2.7308501590787753,2.100209144922975,-1.54e-06,1.0400317752440658,2.5682498578706694,-49.06372947287623,1.0052136313683062,13.737023848034816,0.12067054082980143,-38.31004043306894,-1.1573229341274334,-51.864664825889825,0.6295741068180681,87.59742168308,0.2719344611720337,-0.5529533630812477,0.00015748,0.5565613587810591,0.00081957,1,0.0
2409,0.7434523244995993,1.8151213288228,-1.54e-06,1.0400317752440658,2.5682498578706694,-31.947154626381337,1.0052136313683062,-8.575404134503644,0.12067054082980143,-16.065018861386434,-1.1573229341274334,20.22635300120725,0.6295741068180681,38.44883149923325,0.2719344611720337,-0.9259426268504491,0.00015748,0.20520763972644923,0.00081957,1,0.0
2410,-0.39547652967033575,1.6518838815723522,-1.54e-06,1.0400317752440658,2.5682498578706694,52.62113970791515,1.0052136313683062,18.83305467361747,0.12067054082980143,-48.682954539591066,-1.1573229341274334,79.0904819433534,0.6295741068180681,-37.5419272865831,0.2719344611720337,2.725868525466884,0.00015748,3.5833215525827318,0.00081957,0,0.0
2411,3.0608312240325697,2.9187500460038898,-1.54e-06,1.0400317752440658,2.5682498578706694,-9.581352738697968,1.0052136313683062,33.857775552967226,0.12067054082980143,-28.75197911034361,-1.1573229341274334,-92.3768501581403,0.6295741068180681,57.63565595304889,0.2719344611720337,0.2777574604974984,0.00015748,2.782741219824443,0.00081957,0,0.0
2412,1.0031867447402723,0.2979407538957808,-1.54e-06,1.0400317752440658,2.5682498578706694,-30.436102588487017,1.0052136313683062,6.884056366772824,0.12067054082980143,-48.73358425281468,-1.1573229341274334,14.289920213577233,0.6295741068180681,52.35252773687154,0.2719344611720337,-0.220820978541894,0.00015748,0.22449596252038975,0.00081957,1,0.0
2413,-0.3864517238303584,1.4968108207312358,-1.54e-06,1.0400317752440658,2.5682498578706694,79.53094493285347,1.0052136313683062,45.217449339951536,0.12067054082980143,-100.0,-1.1573229341274334,71.24088867702906,0.6295741068180681,-36.770851827405195,0.2719344611720337,2.922347542347051,0.00015748,6.022937447449703,0.00081957,0,0.0
2414,0.7055117911296277,3.2086174790370103,-1.54e-06,1.0400317752440658,2.5682498578706694,-41.436344167699815,1.0052136313683062,8.006696314292414,0.12067054082980143,-75.99627495074402,-1.1573229341274334,15.622958655922591,0.6295741068180681,72.14996065067128,0.2719344611720337,-1.5807643297621958,0.00015748,0.29406046230485505,0.00081957,1,0.0
2415,-0.008555842698718848,0.22043265248074717,-1.54e-06,1.0400317752440658,2.5682498578706694,-2.425723297009875,1.0052136313683062,0.978154244019735,0.12067054082980143,-38.34975781493248,-1.1573229341274334,63.45679810054095,0.6295741068180681,9.425598820460818,0.2719344611720337,0.3168821294066979,0.00015748,1.357479638723358,0.00081957,0,0.0
2416,2.8291826281808055,2.2910797158064122,-1.54e-06,1.0400317752440658,2.5682498578706694,-40.43237018696836,1.0052136313683062,25.9607203407976,0.12067054082980143,-79.73571599211226,-1.1573229341274334,-18.775860060334445,0.6295741068180681,93.44907090944342,0.2719344611720337,0.28705658012675994,0.00015748,1.8326766595385051,0.00081957,0,0.0
2417,0.006583726938255374,0.06343566387189213,-1.54e-06,1.0400317752440658,2.5682498578706694,34.95153952218872,1.0052136313683062,34.36774464297808,0.12067054082980143,-87.80777752918033,-1.1573229341274334,33.94679179207268,0.6295741068180681,3.4056006236623624,0.2719344611720337,0.8026813865106284,0.00015748,3.887192751200102,0.00081957,0,0.0
2418,0.5159882708903802,0.12829200685151057,-1.54e-06,1.0400317752440658,2.5682498578706694,24.910122798401,1.0052136313683062,30.251410539872257,0.12067054082980143,-58.21827381118594,-1.1573229341274334,-8.337283632950381,0.6295741068180681,9.412844070552953,0.2719344611720337,0.2733600612712621,0.00015748,3.2224454329238617,0.00081957,0,0.0
2419,0.003825082865958618,0.2151708807430959,-1.54e-06,1.0400317752440658,2.5682498578706694,33.1532491021674,1.0052136313683062,13.842976387863889,0.12067054082980143,-4.060512383148397,-1.1573229341274334,-3.9834297892559496,0.6295741068180681,-25.835016643840557,0.2719344611720337,1.074891067809075,0.00015748,1.8195552326939926,0.00081957,0,0.0
2420,0.007717003282362078,0.04871752919226834,-1.54e-06,1.0400317752440658,2.5682498578706694,-3.202577569444667,1.0052136313683062,-1.651001792728497,0.12067054082980143,-3.5976435538663085,-1.1573229341274334,9.564893653411639,0.6295741068180681,3.0548499973861656,0.2719344611720337,-0.14585317513086488,0.00015748,0.14729779151592598,0.00081957,1,0.0
2421,0.029090977437453924,0.010240627905542038,-1.54e-06,1.0400317752440658,2.5682498578706694,3.5721955933356786,1.0052136313683062,9.549153383986678,0.12067054082980143,-36.58235316147438,-1.1573229341274334,25.01646099594484,0.6295741068180681,8.888946279120185,0.2719344611720337,0.34072497886447534,0.00015748,0.9499636681601182,0.00081957,0,0.0
2422,0.7316227400327256,0.39807542609678814,-1.54e-06,1.0400317752440658,2.5682498578706694,-28.54197588893511,1.0052136313683062,-0.5749383954972018,0.12067054082980143,-39.492293106214696,-1.1573229341274334,30.87863346753367,0.6295741068180681,43.21159354704981,0.2719344611720337,-0.23638456521698267,0.00015748,0.23711392300001757,0.00081957,1,0.0
2423,0.4350526666990644,0.08049750375305213,-1.54e-06,1.0400317752440658,2.5682498578706694,12.02731513954419,1.0052136313683062,25.09869840856793,0.12067054082980143,-66.6290385933485,-1.1573229341274334,14.042061782020102,0.6295741068180681,19.64033129017754,0.2719344611720337,0.2797240296223076,0.00015748,2.5310570200464455,0.00081957,0,0.0
2424,0.3893723972006269,0.16168301300384086,-1.54e-06,1.0400317752440658,2.5682498578706694,61.62279280425704,1.0052136313683062,39.0821539320159,0.12067054082980143,-32.16261875826097,-1.1573229341274334,-56.5427507307301,0.6295741068180681,-24.896371211107056,0.2719344611720337,0.2649693391836969,0.00015748,4.870963604941759,0.00081957,0,0.0
2425,0.577612233703277,0.18322469708521288,-1.54e-06,1.0400317752440658,2.5682498578706694,48.25225834880636,1.0052136313683062,43.76105887930431,0.12067054082980143,-67.6613402204398,-1.1573229341274334,-30.78990453797334,0.6295741068180681,-1.57381963552966,0.2719344611720337,0.2644009428049543,0.00015748,4.962818057232397,0.00081957,0,0.0
2426,-0.007076575698946597,0.4016790684511679,-1.54e-06,1.0400317752440658,2.5682498578706694,17.64987083237808,1.0052136313683062,19.359300677734282,0.12067054082980143,-77.91813035470418,-1.1573229341274334,81.48727457625246,0.6295741068180681,5.704823585847751,0.2719344611720337,1.9917844117018826,0.00015748,2.2255873990660198,0.00081957,0,0.0
2427,-0.2017923999412421,1.1330393408820694,-1.54e-06,1.0400317752440658,2.5682498578706694,64.4477467810349,1.0052136313683062,19.725904890485932,0.12067054082980143,-14.342376764497107,-1.1573229341274334,19.412944964079884,0.6295741068180681,-50.347393888297866,0.2719344611720337,2.2308218531634894,0.00015748,3.7698762218376145,0.00081957,0,0.0
2428,1.7445959822178254,3.7629117881914134,-1.54e-06,1.0400317752440658,2.5682498578706694,-58.78759670818213,1.0052136313683062,-2.2578916491258214,0.12067054082980143,-24.31186850457034,-1.1573229341274334,4.4619086948367706,0.6295741068180681,70.63686876089439,0.2719344611720337,-1.7759150877469163,0.00015748,0.21931661723187146,0.00081957,1,0.0
2429,-0.0074615571041922735,0.5787535237677344,-1.54e-06,1.0400317752440658,2.5682498578706694,70.53852865502071,1.0052136313683062,39.48932841377964,0.12067054082980143,-64.07099975713685,-1.1573229341274334,18.006722860077886,0.6295741068180681,-33.0655756700483,0.2719344611720337,1.9652073365540625,0.00015748,5.31072037091791,0.00081957,0,0.0
2430,0.44690714987667335,9.62179139045905,-1.54e-06,1.0400317752440658,2.5682498578706694,-65.37476966643013,1.0052136313683062,18.271744445969905,0.12067054082980143,-80.68976425836755,-1.1573229341274334,32.560701682202904,0.6295741068180681,76.00550835347262,0.2719344611720337,-3.9936131590178983,0.00015748,0.2680713061004736,0.00081957,1,0.0
2431,0.24064862125695308,0.0545402508593269,-1.54e-06,1.0400317752440658,2.5682498578706694,-4.954074259423664,1.0052136313683062,9.218433688200966,0.12067054082980143,-47.05576184860725,-1.1573229341274334,32.75200095855306,0.6295741068180681,21.35353263552363,0.2719344611720337,0.37360766079797314,0.00015748,0.8548009949214627,0.00081957,0,0.0
2432,-0.3193992654118065,1.486220651065898,-1.54e-06,1.0400317752440658,2.5682498578706694,50.65665015090565,1.0052136313683062,26.134624631609054,0.12067054082980143,-73.26449587016471,-1.1573229341274334,89.48469195604537,0.6295741068180681,-27.284971122165075,0.2719344611720337,3.0463500640848284,0.00015748,3.675760591535446,0.00081957,0,0.0
2433,-0.07307655082960007,1.015887664091074,-1.54e-06,1.0400317752440658,2.5682498578706694,70.21625215270976,1.0052136313683062,40.54951810250545,0.12067054082980143,-83.79495410472043,-1.1573229341274334,52.27221907182089,0.6295741068180681,-30.216123522668276,0.2719344611720337,2.656420954013093,0.00015748,5.474610364564505,0.00081957,0,0.0
2434,-0.012339236470471526,0.7843511404698418,-1.54e-06,1.0400317752440658,2.5682498578706694,20.29232123880153,1.0052136313683062,15.238231019362274,0.12067054082980143,-84.02538586187181,-1.1573229341274334,74.8123398272914,0.6295741068180681,12.29908708212131,0.2719344611720337,1.1585991320843592,0.00015748,3.263172716981109,0.00081957,0,0.0
2435,0.0005799173067679853,0.5002055810830127,-1.54e-06,1.0400317752440658,2.5682498578706694,26.57705424522288,1.0052136313683062,30.1038494018653,0.12067054082980143,-97.17290837249163,-1.1573229341274334,86.18451238452026,0.6295741068180681,4.303091079612544,0.2719344611720337,2.164953714903233,0.00015748,3.1081075536024363,0.00081957,0,0.0
2436,0.6488814379114651,0.2084597805230119,-1.54e-06,1.0400317752440658,2.5682498578706694,56.461842278430545,1.0052136313683062,54.30410426033333,0.12067054082980143,-92.14452058711588,-1.1573229341274334,-29.015673570284203,0.6295741068180681,2.334052629042161,0.2719344611720337,0.2645931129637993,0.00015748,6.076073401891,0.00081957,0,0.0
2437,1.2598367409999118,2.914660166809029,-1.54e-06,1.0400317752440658,2.5682498578706694,-59.435541746348306,1.0052136313683062,-8.168598091586778,0.12067054082980143,-54.20525164087187,-1.1573229341274334,51.51053557945159,0.6295741068180681,77.08486731499426,0.2719344611720337,-1.2892874121394529,0.00015748,0.2144117038796105,0.00081957,1,0.0
2438,0.4213514196400621,0.8642478018906444,-1.54e-06,1.0400317752440658,2.5682498578706694,-26.98318291066675,1.0052136313683062,-5.003516446462767,0.12067054082980143,-37.77271743439217,-1.1573229341274334,49.440430862602675,0.6295741068180681,36.15058038119097,0.2719344611720337,-0.5430487576480092,0.00015748,0.528938348631683,0.00081957,1,0.0
2439,-0.43917288207033023,1.7489721295051721,-1.54e-06,1.0400317752440658,2.5682498578706694,81.48096987006396,1.0052136313683062,33.10481744811764,0.12067054082980143,-50.63302250875915,-1.1573229341274334,48.142169954271196,0.6295741068180681,-56.207633387970034,0.2719344611720337,2.9975672063202037,0.00015748,5.050728682918066,0.00081957,0,0.0
2440,0.02710271643124007,0.22300272328288095,-1.54e-06,1.0400317752440658,2.5682498578706694,11.010876330376751,1.0052136313683062,24.805929302036958,0.12067054082980143,-86.53172901031472,-1.1573229341274334,71.9829186024834,0.6295741068180681,14.367051240878116,0.2719344611720337,1.22588644061703,0.00015748,2.2531752288880393,0.00081957,0,0.0
2441,0.13803226189872153,0.03542339537125811,-1.54e-06,1.0400317752440658,2.5682498578706694,24.91931518088933,1.0052136313683062,24.671126321498193,0.12067054082980143,-48.95187950128254,-1.1573229341274334,2.2986345821446466,0.6295741068180681,0.4939538350660486,0.2719344611720337,0.28910217727277177,0.00015748,2.6505546936520106,0.00081957,0,0.0
2442,-0.7400673573086554,2.3551315694191306,-1.54e-06,1.0400317752440658,2.5682498578706694,88.73393949136643,1.0052136313683062,34.83919609553524,0.12067054082980143,-70.10563139994089,-1.1573229341274334,78.91318095646986,0.6295741068180681,-60.26981932625934,0.2719344611720337,3.4076989389015493,0.00015748,5.636603542933172,0.00081957,0,0.0
2443,-0.11490882047114259,6.436623764223606,-1.54e-06,1.0400317752440658,2.5682498578706694,-24.901839290105805,1.0052136313683062,-22.212624076874555,0.12067054082980143,-13.487280512386679,-1.1573229341274334,28.03035217612254,0.6295741068180681,30.33650586235923,0.2719344611720337,-2.00166063634795,0.00015748,0.5252686509823957,0.00081957,1,0.0
2444,2.981709596613398,2.777910178921248,-1.54e-06,1.0400317752440658,2.5682498578706694,-13.677139874351235,1.0052136313683062,33.28010710320882,0.12067054082980143,-35.03113970521349,-1.1573229341274334,-80.43529302819394,0.6295741068180681,60.708071070722156,0.2719344611720337,0.27855350376514276,0.00015748,2.5982462280153493,0.00081957,0,0.0
2445,-0.02366726730354296,1.067679754376265,-1.54e-06,1.0400317752440658,2.5682498578706694,31.721011493710797,1.0052136313683062,19.1726479990836,0.12067054082980143,-88.56791863010152,-1.1573229341274334,71.94458656049152,0.6295741068180681,6.181444314894016,0.2719344611720337,1.2944521743323485,0.00015748,4.112325622239568,0.00081957,0,0.0
2446,0.11042927652020906,0.2085791210442806,-1.54e-06,1.0400317752440658,2.5682498578706694,0.14978010784132106,1.0052136313683062,22.156973513415007,0.12067054082980143,-76.03795319280133,-1.1573229341274334,56.7584716659204,0.6295741068180681,20.75852349617598,0.2719344611720337,0.4236655190016987,0.00015748,1.7616631550790625,0.00081957,0,0.0
2447,-0.0063632212254609855,0.46538626107241177,-1.54e-06,1.0400317752440658,2.5682498578706694,6.890142183986817,1.0052136313683062,1.1105110314090159,0.12067054082980143,-24.500620680002704,-1.1573229341274334,64.6380614939268,0.6295741068180681,-5.4442152146716944,0.2719344611720337,0.36341495648169164,0.00015748,2.0487893908248047,0.00081957,0,0.0
2448,2.098785088396017,1.5599036339199726,-1.54e-06,1.0400317752440658,2.5682498578706694,-10.969932702538408,1.0052136313683062,24.512870026893715,0.12067054082980143,-28.56265125168736,-1.1573229341274334,-47.92722977865375,0.6295741068180681,43.165051579496904,0.2719344611720337,0.3073589925623972,0.00015748,1.8269909332777832,0.00081957,0,0.0
2449,0.3403040924066907,0.1126051772758799,-1.54e-06,1.0400317752440658,2.5682498578706694,40.69931933892919,1.0052136313683062,28.023335909040863,0.12067054082980143,-27.37811916640197,-1.1573229341274334,-34.91300370405494,0.6295741068180681,-13.707882237291978,0.2719344611720337,0.2709192320511917,0.00015748,3.3910952419317697,0.00081957,0,0.0
2450,0.53731874044164,0.25949496443484327,-1.54e-06,1.0400317752440658,2.5682498578706694,81.60033366245551,1.0052136313683062,52.02623785028419,0.12067054082980143,-43.77592826680858,-1.1573229341274334,-77.08526411195771,0.6295741068180681,-31.61170961938398,0.2719344611720337,0.2640935742985433,0.00015748,6.539941066186094,0.00081957,0,0.0
2451,-0.011541189089247172,1.7459691664635155,-1.54e-06,1.0400317752440658,2.5682498578706694,97.21993449671162,1.0052136313683062,50.44681946963793,0.12067054082980143,-16.51019317987158,-1.1573229341274334,-39.68750452461614,0.6295741068180681,-72.65754772801527,0.2719344611720337,2.137810752308236,0.00015748,5.585547077331122,0.00081957,0,0.0
2452,0.43917250378798034,0.13105482293954776,-1.54e-06,1.0400317752440658,2.5682498578706694,39.91356676438321,1.0052136313683062,33.65295462550092,0.12067054082980143,-47.16429149851356,-1.1573229341274334,-27.464643091969165,0.6295741068180681,-5.1415801096441465,0.2719344611720337,0.2683345116805418,0.00015748,3.8581788804264656,0.00081957,0,0.0
2453,0.0006616847917233493,0.009746164856173297,-1.54e-06,1.0400317752440658,2.5682498578706694,-9.051648972246253,1.0052136313683062,8.611065446997083,0.12067054082980143,-59.71132592803349,-1.1573229341274334,56.840917057405825,0.6295741068180681,23.76040333684758,0.2719344611720337,0.39429231225813166,0.00015748,0.6838260464833916,0.00081957,0,0.0
2454,2.6152442169976773,1.8600500869673597,-1.54e-06,1.0400317752440658,2.5682498578706694,-40.79473456645965,1.0052136313683062,11.23329447943845,0.12067054082980143,-16.547146105995555,-1.1573229341274334,-65.55266001654232,0.6295741068180681,72.49124843019942,0.2719344611720337,-0.44597300997106265,0.00015748,0.4443144307239178,0.00081957,1,0.0
2455,1.1078469844926115,0.49216273875889216,-1.54e-06,1.0400317752440658,2.5682498578706694,45.588489772899116,1.0052136313683062,49.52076116033911,0.12067054082980143,-73.13039717314464,-1.1573229341274334,-47.09137192005149,0.6295741068180681,9.479462572944202,0.2719344611720337,0.26756775377163855,0.00015748,5.396028078353358,0.00081957,0,0.0
2456,2.434363394601574,2.1033973198676157,-1.54e-06,1.0400317752440658,2.5682498578706694,-5.058028141371888,1.0052136313683062,23.303345195984075,0.12067054082980143,-27.984432995028605,-1.1573229341274334,-68.19781115714815,0.6295741068180681,48.62046903175507,0.2719344611720337,0.2910110698516055,0.00015748,2.610739555474592,0.00081957,0,0.0
2457,1.1294351354793326,0.4582963653425658,-1.54e-06,1.0400317752440658,2.5682498578706694,-52.21832261103705,1.0052136313683062,6.8870272798884695,0.12067054082980143,-96.4160241832617,-1.1573229341274334,66.68080715249128,0.6295741068180681,84.40123980884779,0.2719344611720337,-0.14753927590583313,0.00015748,0.1519623114080849,0.00081957,1,0.0
2458,0.001323068877281175,0.010382593788458244,-1.54e-06,1.0400317752440658,2.5682498578706694,31.620302641873693,1.0052136313683062,26.78063294655401,0.12067054082980143,-54.178311458175756,-1.1573229341274334,3.9335978256560575,0.6295741068180681,-3.5552429167698842,0.2719344611720337,0.27449478381179415,0.00015748,3.0899207858439146,0.00081957,0,0.0
2459,-0.0009709130501255325,0.48380193380806735,-1.54e-06,1.0400317752440658,2.5682498578706694,12.310381663842913,1.0052136313683062,4.289831278121036,0.12067054082980143,-25.73713094326066,-1.1573229341274334,59.82538941639928,0.6295741068180681,-8.827396908162948,0.2719344611720337,0.7159139012627777,0.00015748,2.077809860070773,0.00081957,0,0.0
2460,0.23938250523841909,0.13151282389414834,-1.54e-06,1.0400317752440658,2.5682498578706694,81.09713650670196,1.0052136313683062,47.28976568297009,0.12067054082980143,-36.785547150275455,-1.1573229341274334,-68.11778646664388,0.6295741068180681,-38.051165519876676,0.2719344611720337,0.2643443166376169,0.00015748,6.074983635975993,0.00081957,0,0.0
2461,-0.15988437536222944,3.129928418715656,-1.54e-06,1.0400317752440658,2.5682498578706694,77.91863105636607,1.0052136313683062,19.760730493496094,0.12067054082980143,-57.95583755711451,-1.1573229341274334,58.03304408660405,0.6295741068180681,-39.97642253447385,0.2719344611720337,2.14480148634086,0.00015748,6.615592017312551,0.00081957,0,0.0
2462,-0.4896408876423832,3.9322523242230707,-1.54e-06,1.0400317752440658,2.5682498578706694,95.7315784904948,1.0052136313683062,40.848184055432235,0.12067054082980143,-21.724675035705438,-1.1573229341274334,39.6081975929692,0.6295741068180681,-86.87766147055557,0.2719344611720337,3.817230376644183,0.00015748,4.826067877178684,0.00081957,0,0.0
2463,1.8810345726602837,1.6209252423216944,-1.54e-06,1.0400317752440658,2.5682498578706694,-33.67142774971637,1.0052136313683062,-2.4140326386412725,0.12067054082980143,-0.9105573778993464,-1.1573229341274334,-33.694850627019704,0.6295741068180681,51.40600454785591,0.2719344611720337,-0.3565273320875506,0.00015748,0.2623839625539094,0.00081957,1,0.0
2464,0.003999115647400853,0.017579983428950847,-1.54e-06,1.0400317752440658,2.5682498578706694,11.981299283509225,1.0052136313683062,18.06508415465291,0.12067054082980143,-57.82699338501843,-1.1573229341274334,33.13992049226314,0.6295741068180681,9.343490100914682,0.2719344611720337,0.4998062328126025,0.00015748,1.8626882709871682,0.00081957,0,0.0
2465,-0.004882807232204467,0.5308416407131064,-1.54e-06,1.0400317752440658,2.5682498578706694,56.760715059951906,1.0052136313683062,41.38259920310806,0.12067054082980143,-99.79236697257107,-1.1573229341274334,55.45468994047982,0.6295741068180681,-12.407743390736035,0.2719344611720337,2.0875643005686797,0.00015748,5.175573083917893,0.00081957,0,0.0
2466,2.3442724882531025,2.458100117599421,-1.54e-06,1.0400317752440658,2.5682498578706694,-54.071898107938885,1.0052136313683062,-0.12755125525025005,0.12067054082980143,-27.40224595619367,-1.1573229341274334,-15.72338075369349,0.6295741068180681,79.77414653477042,0.2719344611720337,-0.5445076322809496,0.00015748,0.18115326579777036,0.00081957,1,0.0
2467,-0.0032517222295931347,0.2088951669858832,-1.54e-06,1.0400317752440658,2.5682498578706694,82.35540748156708,1.0052136313683062,46.554514414562014,0.12067054082980143,-46.020138491401916,-1.1573229341274334,-38.02294247725646,0.6295741068180681,-42.530399644777354,0.2719344611720337,0.8706077711700417,0.00015748,5.91496969903671,0.00081957,0,0.0
2468,-0.09013946926291538,0.9408649211161547,-1.54e-06,1.0400317752440658,2.5682498578706694,46.31750335509795,1.0052136313683062,27.851620987107648,0.12067054082980143,-75.34346011382031,-1.1573229341274334,72.73888616491396,0.6295741068180681,-17.822686907384092,0.2719344611720337,2.6175830736026384,0.00015748,3.7755080494476223,0.00081957,0,0.0
2469,-0.758177236258971,2.29615363963239,-1.54e-06,1.0400317752440658,2.5682498578706694,61.13148046877101,1.0052136313683062,10.214991433897376,0.12067054082980143,-26.446017730671155,-1.1573229341274334,81.24859788205995,0.6295741068180681,-55.64076820313095,0.2719344611720337,2.301151371363948,0.00015748,3.9646199305152607,0.00081957,0,0.0
2470,1.98012705326647,1.7886223412766256,-1.54e-06,1.0400317752440658,2.5682498578706694,22.753568301359348,1.0052136313683062,58.97216690976343,0.12067054082980143,-87.82159074727784,-1.1573229341274334,-50.532941378657775,0.6295741068180681,36.80094796857347,0.2719344611720337,0.2798637406467064,0.00015748,4.986761887413821,0.00081957,0,0.0
2471,-0.4600834007485024,1.7671210017081393,-1.54e-06,1.0400317752440658,2.5682498578706694,74.65252982151584,1.0052136313683062,21.247307906702577,0.12067054082980143,-17.20638515221175,-1.1573229341274334,36.257158734659335,0.6295741068180681,-62.73378481058599,0.2719344611720337,2.7353217569520405,0.00015748,4.10548943169738,0.00081957,0,0.0
2472,4.691716264235343,13.60812021628156,-1.54e-06,1.0400317752440658,2.5682498578706694,-21.113913205211457,1.0052136313683062,60.139299912078556,0.12067054082980143,-42.432208944713025,-1.1573229341274334,-88.44743210061613,0.6295741068180681,72.61077316320365,0.2719344611720337,0.2572762748169022,0.00015748,4.948251476382385,0.00081957,0,0.0
2473,0.6104676816645092,0.16000786712084827,-1.54e-06,1.0400317752440658,2.5682498578706694,-3.974925041032073,1.0052136313683062,12.438746257105622,0.12067054082980143,-39.71224290338028,-1.1573229341274334,10.525448510686115,0.6295741068180681,23.44389623324815,0.2719344611720337,0.32115725400012135,0.00015748,1.1020965959368763,0.00081957,0,0.0
2474,1.2282408626238068,0.41377579710616685,-1.54e-06,1.0400317752440658,2.5682498578706694,-23.54109708109267,1.0052136313683062,3.5269901210872923,0.12067054082980143,-14.163686151983095,-1.1573229341274334,-17.84079252779507,0.6295741068180681,38.74397169850568,0.2719344611720337,-0.07400348867918875,0.00015748,0.06170248536379895,0.00081957,1,0.0
2475,2.1490746357553085,1.3061165254210736,-1.54e-06,1.0400317752440658,2.5682498578706694,-56.96253754137936,1.0052136313683062,13.002847369787418,0.12067054082980143,-80.55864392391832,-1.1573229341274334,8.401186698290239,0.6295741068180681,98.5975715586041,0.2719344611720337,-0.43905938723423427,0.00015748,0.4401186666766898,0.00081957,1,0.0
2476,0.33216723732243514,0.24187103941826618,-1.54e-06,1.0400317752440658,2.5682498578706694,-0.1444688413992624,1.0052136313683062,6.882445053818846,0.12067054082980143,-20.26530710075396,-1.1573229341274334,22.434353800882366,0.6295741068180681,6.451366012285276,0.2719344611720337,0.3310559702980872,0.00015748,1.0036071005620752,0.00081957,0,0.0
2477,-0.134992199339798,7.989860932815752,-1.54e-06,1.0400317752440658,2.5682498578706694,66.39786258858447,1.0052136313683062,62.30197279853873,0.12067054082980143,-81.906103547652,-1.1573229341274334,81.14460274712347,0.6295741068180681,-51.29981771976616,0.2719344611720337,1.6987608160673253,0.00015748,6.331376901872181,0.00081957,0,0.0
2478,0.5304837641577635,0.21178589757184899,-1.54e-06,1.0400317752440658,2.5682498578706694,56.917738715247665,1.0052136313683062,38.98728066296979,0.12067054082980143,-35.592042827042604,-1.1573229341274334,-55.32027620810302,0.6295741068180681,-18.55408203964828,0.2719344611720337,0.26693368710681087,0.00015748,4.784062116680932,0.00081957,0,0.0
2479,0.8010836490121462,3.8796002028466,-1.54e-06,1.0400317752440658,2.5682498578706694,-69.19650656772598,1.0052136313683062,-6.331548813479819,0.12067054082980143,-75.02582067913445,-1.1573229341274334,86.14790110590931,0.6295741068180681,81.56309643719801,0.2719344611720337,-2.100258961894205,0.00015748,0.21534898774287792,0.00081957,1,0.0
2480,-0.017515842314933305,0.7634814703695213,-1.54e-06,1.0400317752440658,2.5682498578706694,72.31611967384964,1.0052136313683062,32.226385931685336,0.12067054082980143,-38.55778374071937,-1.1573229341274334,9.159170367412889,0.6295741068180681,-43.4981304009919,0.2719344611720337,2.118323720174008,0.00015748,4.885034663636381,0.00081957,0,0.0
2481,-0.01736335095144348,0.8578434374131222,-1.54e-06,1.0400317752440658,2.5682498578706694,62.356278335794805,1.0052136313683062,28.36521004312724,0.12067054082980143,-44.12354476364092,-1.1573229341274334,29.558486812199853,0.6295741068180681,-36.35961709099473,0.2719344611720337,2.3496767765296567,0.00015748,4.310249646374736,0.00081957,0,0.0
2482,1.7154518929729516,7.1677112059163,-1.54e-06,1.0400317752440658,2.5682498578706694,37.58462518441552,1.0052136313683062,10.717133530528441,0.12067054082980143,-37.947524714985626,-1.1573229341274334,-25.59693954342914,0.6295741068180681,18.893441932245562,0.2719344611720337,0.28492513678264997,0.00015748,6.418543587100325,0.00081957,0,0.0
2483,0.8633206686761346,0.24302810094767596,-1.54e-06,1.0400317752440658,2.5682498578706694,11.741525561354186,1.0052136313683062,36.0040278749266,0.12067054082980143,-88.81138824978177,-1.1573229341274334,8.384543066485096,0.6295741068180681,32.732189425425425,0.2719344611720337,0.27622810894012306,0.00015748,3.369666052079647,0.00081957,0,0.0
2484,-0.5374479426738539,1.9184901730195703,-1.54e-06,1.0400317752440658,2.5682498578706694,98.61769425449312,1.0052136313683062,32.70178492978746,0.12067054082980143,-24.29244376856655,-1.1573229341274334,17.85758601260534,0.6295741068180681,-76.74393792348737,0.2719344611720337,2.837510621395075,0.00015748,5.603953651373751,0.00081957,0,0.0
2485,2.090336668871563,1.2742372534620665,-1.54e-06,1.0400317752440658,2.5682498578706694,-11.983434273089124,1.0052136313683062,33.61501808211553,0.12067054082980143,-82.19141009303918,-1.1573229341274334,-19.49263718090815,0.6295741068180681,64.75176217390765,0.2719344611720337,0.2720264533878842,0.00015748,2.9350846795291776,0.00081957,0,0.0
2486,2.4364956124337094,1.7846562096410503,-1.54e-06,1.0400317752440658,2.5682498578706694,-38.476010893496145,1.0052136313683062,21.030309148633364,0.12067054082980143,-66.9945199324838,-1.1573229341274334,-9.2232951047152,0.6295741068180681,80.80706101057828,0.2719344611720337,0.3004570800833247,0.00015748,1.3411807535337852,0.00081957,0,0.0
2487,0.29786637428140494,0.08967287851230517,-1.54e-06,1.0400317752440658,2.5682498578706694,41.83849825226982,1.0052136313683062,31.435568833551166,0.12067054082980143,-40.92626743498593,-1.1573229341274334,-26.884314347163144,0.6295741068180681,-10.488547934675623,0.2719344611720337,0.27126584837889633,0.00015748,3.7168440528265814,0.00081957,0,0.0
2488,-0.0874759291168542,1.0410082586897667,-1.54e-06,1.0400317752440658,2.5682498578706694,36.387584952957326,1.0052136313683062,14.877573827544795,0.12067054082980143,-41.679756171250745,-1.1573229341274334,67.97737729172955,0.6295741068180681,-23.373974638624475,0.2719344611720337,2.1888505817397794,0.00015748,2.9308833870320576,0.00081957,0,0.0
2489,1.5464897576772139,0.8658302746674644,-1.54e-06,1.0400317752440658,2.5682498578706694,34.814915310398675,1.0052136313683062,45.1718929961674,0.12067054082980143,-57.59580291926585,-1.1573229341274334,-62.4055454599095,0.6295741068180681,17.58718129047298,0.2719344611720337,0.2660564313579319,0.00015748,4.78886479616463,0.00081957,0,0.0
2490,-0.007871583413266103,0.6914020151586129,-1.54e-06,1.0400317752440658,2.5682498578706694,49.20089049269286,1.0052136313683062,23.17172140016912,0.12067054082980143,-42.573046569982786,-1.1573229341274334,36.75600537507439,0.6295741068180681,-27.54076979059658,0.2719344611720337,2.1726660699481433,0.00015748,3.48868197920943,0.00081957,0,0.0
2491,1.0792258636142402,0.4524443735120686,-1.54e-06,1.0400317752440658,2.5682498578706694,14.21049426270441,1.0052136313683062,24.75944534917787,0.12067054082980143,-31.236348623604275,-1.1573229341274334,-35.26677038823503,0.6295741068180681,15.168383332153601,0.2719344611720337,0.2776241573256133,0.00015748,2.4763479871228684,0.00081957,0,0.0
2492,-0.7967635675644162,2.618238841096286,-1.54e-06,1.0400317752440658,2.5682498578706694,73.05155331509242,1.0052136313683062,12.767034467496973,0.12067054082980143,-30.161017377410168,-1.1573229341274334,79.26955904636532,0.6295741068180681,-62.18482609415031,0.2719344611720337,2.5572263699352007,0.00015748,4.712368767696136,0.00081957,0,0.0
2493,2.895161173338062,2.488919900317897,-1.54e-06,1.0400317752440658,2.5682498578706694,-4.435297685205417,1.0052136313683062,43.29556580816667,0.12067054082980143,-68.77169893389781,-1.1573229341274334,-69.28273563352681,0.6295741068180681,66.19953063141166,0.2719344611720337,0.26575870771375176,0.00015748,3.836630679046676,0.00081957,0,0.0
2494,0.008072594921026965,0.12016875992796755,-1.54e-06,1.0400317752440658,2.5682498578706694,45.22616799805404,1.0052136313683062,35.9341754635489,0.12067054082980143,-78.85108700544224,-1.1573229341274334,23.382897546034215,0.6295741068180681,-6.983967394926577,0.2719344611720337,0.9826406719876988,0.00015748,4.3003718048998785,0.00081957,0,0.0
2495,-0.0004925221200671182,0.24086618533625467,-1.54e-06,1.0400317752440658,2.5682498578706694,70.43213326274052,1.0052136313683062,43.93210127077129,0.12067054082980143,-68.25567929726665,-1.1573229341274334,-2.1430150682805267,0.6295741068180681,-28.210054002332605,0.2719344611720337,1.2160153800473985,0.00015748,5.590059436413338,0.00081957,0,0.0
2496,-0.0014706743105428188,0.7005053826262333,-1.54e-06,1.0400317752440658,2.5682498578706694,74.96577967036214,1.0052136313683062,44.10929944792193,0.12067054082980143,-79.94409727708226,-1.1573229341274334,29.47762825764196,0.6295741068180681,-31.50878128134711,0.2719344611720337,2.2215727175015783,0.00015748,5.878655582626896,0.00081957,0,0.0
2497,1.5490361980051988,0.6249410217387924,-1.54e-06,1.0400317752440658,2.5682498578706694,-35.29025598955523,1.0052136313683062,7.516419339409523,0.12067054082980143,-39.16003215073583,-1.1573229341274334,-8.483542103017736,0.6295741068180681,60.33890849515351,0.2719344611720337,-0.23045938237050978,0.00015748,0.2315285734678878,0.00081957,1,0.0
2498,-0.0008316261603589226,0.5840034936576627,-1.54e-06,1.0400317752440658,2.5682498578706694,91.03508233205157,1.0052136313683062,39.66300270234028,0.12067054082980143,-23.526028670225454,-1.1573229341274334,-33.205488921640544,0.6295741068180681,-58.76215311774536,0.2719344611720337,1.6930620744535685,0.00015748,5.840025543352935,0.00081957,0,0.0
2499,-0.0019190822877512836,0.34276356166190597,-1.54e-06,1.0400317752440658,2.5682498578706694,49.632379663726,1.0052136313683062,50.88106081757547,0.12067054082980143,-99.45149169493811,-1.1573229341274334,17.750629886471863,0.6295741068180681,-5.175211420783936,0.2719344611720337,0.6512356910197079,0.00015748,4.952674342158883,0.00081957,0,0.0
2500,0.7867925492020122,0.21106234657093872,-1.54e-06,1.0352253157245797,4.45778214968442,27.0559999034824,1.0052136313683062,37.828702542290536,0.12067054082980143,-18.291940729909836,-1.1573229341274334,-51.693740363666095,0.6295741068180681,16.523938641830956,0.2719344611720337,0.3589288323147919,0.00015748,0.8216688683666242,0.00081957,0,0.0
2501,0.41959927347884113,0.19346423259886555,-1.54e-06,1.0352253157245797,4.45778214968442,52.7220340036339,1.0052136313683062,11.786039875986814,0.12067054082980143,-5.568951447818347,-1.1573229341274334,90.47456132825056,0.6295741068180681,-19.60678356815655,0.2719344611720337,0.3561491033431832,0.00015748,0.8160644529704053,0.00081957,0,0.0
2502,0.22816296644070516,0.07910456849880071,-1.54e-06,1.0352253157245797,4.45778214968442,90.43644995100843,1.0052136313683062,39.425130216111086,0.12067054082980143,-18.406152006737155,-1.1573229341274334,16.79400920518998,0.6295741068180681,-44.97229179817605,0.2719344611720337,0.32314609995380805,0.00015748,1.1071904033156117,0.00081957,0,0.0
2503,0.5793256319202132,0.1649630985944622,-1.54e-06,1.0352253157245797,4.45778214968442,44.03829055520752,1.0052136313683062,33.223253838228864,0.12067054082980143,-7.078004282135839,-1.1573229341274334,-9.462940080509082,0.6295741068180681,-7.909657915201601,0.2719344611720337,0.3702611638790332,0.00015748,0.766752038634094,0.00081957,0,0.0
2504,0.27650870781758896,0.009288205796979462,-1.54e-06,1.0352253157245797,4.45778214968442,-45.18251224662151,1.0052136313683062,11.028498666362461,0.12067054082980143,-69.3681291421908,-1.1573229341274334,31.8443388118153,0.6295741068180681,57.320716584352155,0.2719344611720337,-0.04510805726788432,0.00015748,0.045167789256073024,0.00081957,1,0.0
2505,0.0068910113314546995,0.02657609112088537,-1.54e-06,1.0352253157245797,4.45778214968442,-20.106515670964583,1.0052136313683062,15.645699104436693,0.12067054082980143,-65.52944035010101,-1.1573229341274334,44.92163030703021,0.6295741068180681,28.57109568669987,0.2719344611720337,-0.09984572864206115,0.00015748,0.09955706008304588,0.00081957,1,0.0
2506,0.42940277207915306,0.019017014496970963,-1.54e-06,1.0352253157245797,4.45778214968442,-50.5712074674938,1.0052136313683062,11.849236237304137,0.12067054082980143,-49.965448219852675,-1.1573229341274334,-47.518423833452225,0.6295741068180681,65.17580625143336,0.2719344611720337,-0.05219356328688266,0.00015748,0.052691786744086,0.00081957,1,0.0
2507,0.2804183553446949,0.009740670867824716,-1.54e-06,1.0352253157245797,4.45778214968442,-33.403538223293864,1.0052136313683062,10.30072417857662,0.12067054082980143,-35.40188792032188,-1.1573229341274334,-44.18582815300836,0.6295741068180681,44.21827181281209,0.2719344611720337,-0.05678098601847749,0.00015748,0.05679539965160613,0.00081957,1,0.0
2508,0.36442905764273303,0.12064925359293234,-1.54e-06,1.0352253157245797,4.45778214968442,56.37732906995495,1.0052136313683062,29.980422476429784,0.12067054082980143,-14.947685774896444,-1.1573229341274334,61.497226126822504,0.6295741068180681,-25.08806677219347,0.2719344611720337,0.378428287110536,0.00015748,0.7364551466834259,0.00081957,0,0.0
2509,0.9404293356512249,0.33000162311850645,-1.54e-06,1.0352253157245797,4.45778214968442,-53.42251688358942,1.0052136313683062,32.93390080779093,0.12067054082980143,-99.0777631446565,-1.1573229341274334,84.08497371424406,0.6295741068180681,87.24011703538535,0.2719344611720337,0.25493309602047776,0.00015748,0.40748416213969063,0.00081957,0,0.0
2510,0.2531533391592905,0.07121850275193121,-1.54e-06,1.0352253157245797,4.45778214968442,86.20299562586463,1.0052136313683062,57.746162064144414,0.12067054082980143,-89.04726153513083,-1.1573229341274334,65.91411766618059,0.6295741068180681,-22.3427340192923,0.2719344611720337,0.30480325109739326,0.00015748,1.3888338156407545,0.00081957,0,0.0
2511,0.400790683257639,0.09929927019357608,-1.54e-06,1.0352253157245797,4.45778214968442,95.76669314988068,1.0052136313683062,62.99665217725667,0.12067054082980143,-58.26000582467911,-1.1573229341274334,-41.76817045504286,0.6295741068180681,-26.307145266940683,0.2719344611720337,0.29931727037298295,0.00015748,1.5185142692458202,0.00081957,0,0.0
2512,0.3695459311217692,0.12776485957171457,-1.54e-06,1.0352253157245797,4.45778214968442,-41.517146881835274,1.0052136313683062,-13.131899881872204,0.12067054082980143,-21.43496786341169,-1.1573229341274334,86.78588016177993,0.6295741068180681,42.6007657380417,0.2719344611720337,-0.1648227581786236,0.00015748,0.1667475652626085,0.00081957,1,0.0
2513,0.40845026400901874,0.10779763458711016,-1.54e-06,1.0352253157245797,4.45778214968442,63.14363276430855,1.0052136313683062,46.52706720078634,0.12067054082980143,-73.64311191242841,-1.1573229341274334,52.189042494922525,0.6295741068180681,-5.321677559448157,0.2719344611720337,0.31610941053559516,0.00015748,1.201879209341485,0.00081957,0,0.0
2514,0.4677641297379044,0.11128492817257711,-1.54e-06,1.0352253157245797,4.45778214968442,62.285857320633234,1.0052136313683062,54.60216816099932,0.12067054082980143,-77.03656533826836,-1.1573229341274334,23.99830154014113,0.6295741068180681,-1.7359924126578128,0.2719344611720337,0.31331896637248174,0.00015748,1.2393371216877807,0.00081957,0,0.0
2515,1.043198082933746,0.34079857152881304,-1.54e-06,1.0352253157245797,4.45778214968442,-29.680035435536446,1.0052136313683062,42.9069143168623,0.12067054082980143,-55.497665911852756,-1.1573229341274334,-85.44683923594751,0.6295741068180681,72.92534042535354,0.2719344611720337,0.24768357662955723,0.00015748,0.6072936433960817,0.00081957,0,0.0
2516,0.0064405793754774565,0.008297537605084478,-1.54e-06,1.0352253157245797,4.45778214968442,-23.2268372383835,1.0052136313683062,10.551547020933025,0.12067054082980143,-70.1852288246446,-1.1573229341274334,83.90222331906153,0.6295741068180681,30.575437592412253,0.2719344611720337,-0.05765128075753837,0.00015748,0.05851080254730922,0.00081957,1,0.0
2517,0.44379801394974355,0.11403228157353902,-1.54e-06,1.0352253157245797,4.45778214968442,73.97772586985087,1.0052136313683062,49.034674616580745,0.12067054082980143,-33.65340996489183,-1.1573229341274334,-28.245728851420587,0.6295741068180681,-20.68283605423929,0.2719344611720337,0.3179367692817751,0.00015748,1.1668969923549506,0.00081957,0,0.0
2518,0.7524794080507557,0.16846835234710966,-1.54e-06,1.0352253157245797,4.45778214968442,43.87551769930849,1.0052136313683062,67.94726314115276,0.12067054082980143,-97.79254793755003,-1.1573229341274334,-36.41945968268242,0.6295741068180681,28.8644030342361,0.2719344611720337,0.3062290761127504,0.00015748,1.366527835100801,0.00081957,0,0.0
2519,0.14403640514504393,0.06850015408178843,-1.54e-06,1.0352253157245797,4.45778214968442,86.86476778436374,1.0052136313683062,33.3093223677578,0.12067054082980143,-22.948064880226955,-1.1573229341274334,70.5209186009558,0.6295741068180681,-47.4692015345711,0.2719344611720337,0.3349541852928881,0.00015748,0.995302108464134,0.00081957,0,0.0
2520,0.7250288338971125,0.1704839145017106,-1.54e-06,1.0352253157245797,4.45778214968442,45.37976376330127,1.0052136313683062,56.74013967084926,0.12067054082980143,-59.123214045223285,-1.1573229341274334,-57.84322421319277,0.6295741068180681,16.264487827008516,0.2719344611720337,0.31649798675113305,0.00015748,1.1901662198785736,0.00081957,0,0.0
2521,0.13894862534853503,0.00885312310071354,-1.54e-06,1.0352253157245797,4.45778214968442,-15.688231200107666,1.0052136313683062,8.563774205851859,0.12067054082980143,-17.296269791449053,-1.1573229341274334,-53.6176567963293,0.6295741068180681,23.093565725777456,0.2719344611720337,-0.06627168951938686,0.00015748,0.06637160887756008,0.00081957,1,0.0
2522,0.35005284523112773,0.10952786733115652,-1.54e-06,1.0352253157245797,4.45778214968442,96.36404717170156,1.0052136313683062,61.61612709758465,0.12067054082980143,-34.4137109920196,-1.1573229341274334,-49.77712497390103,0.6295741068180681,-38.6882084664696,0.2719344611720337,0.30794943552469256,0.00015748,1.32769688557257,0.00081957,0,0.0
2523,0.13712828800404236,0.004310182853619927,-1.54e-06,1.0352253157245797,4.45778214968442,-37.94019906340909,1.0052136313683062,8.099886935603612,0.12067054082980143,-78.5972481442278,-1.1573229341274334,91.84808648944838,0.6295741068180681,47.4213341500665,0.2719344611720337,-0.030016618825129696,0.00015748,0.03010231409670603,0.00081957,1,0.0
2524,0.752610908847697,0.25644263329896233,-1.54e-06,1.0352253157245797,4.45778214968442,49.65828089499912,1.0052136313683062,73.48542781352234,0.12067054082980143,-54.626656950071876,-1.1573229341274334,-71.46551829375527,0.6295741068180681,6.402160939688066,0.2719344611720337,0.3225000651178751,0.00015748,1.1501054502030268,0.00081957,0,0.0
2525,0.002336497375587915,0.09250552428550304,-1.54e-06,1.0352253157245797,4.45778214968442,-0.755563052432003,1.0052136313683062,20.949320876545492,0.12067054082980143,-30.561029224347024,-1.1573229341274334,-27.859452784343937,0.6295741068180681,7.739436820046509,0.2719344611720337,-0.11534835099367216,0.00015748,0.17020830621584151,0.00081957,1,0.0
2526,0.5324984463530305,0.2503947686705284,-1.54e-06,1.0352253157245797,4.45778214968442,53.64906636185914,1.0052136313683062,51.639271213275556,0.12067054082980143,-19.163396425283292,-1.1573229341274334,23.8134006898421,0.6295741068180681,-21.343143014615496,0.2719344611720337,0.36927757757411983,0.00015748,0.8002052061574633,0.00081957,0,0.0
2527,0.6428866493913885,0.1524359208340642,-1.54e-06,1.0352253157245797,4.45778214968442,62.06546310924722,1.0052136313683062,56.539728185967824,0.12067054082980143,-44.45838572100801,-1.1573229341274334,-75.23471879761455,0.6295741068180681,-0.09626216583531602,0.2719344611720337,0.31178720517465414,0.00015748,1.2615685728047932,0.00081957,0,0.0
2528,0.47696717584461695,0.11982163495229757,-1.54e-06,1.0352253157245797,4.45778214968442,61.505663199795855,1.0052136313683062,47.271413932356545,0.12067054082980143,-45.868042741506684,-1.1573229341274334,-0.5658721358193235,0.6295741068180681,-9.687481085285544,0.2719344611720337,0.324254653759751,0.00015748,1.0931483601302125,0.00081957,0,0.0
2529,0.5606291997179333,0.1438542519678215,-1.54e-06,1.0352253157245797,4.45778214968442,63.57125378437413,1.0052136313683062,44.22405542492907,0.12067054082980143,-12.144692061204275,-1.1573229341274334,-65.54463665445513,0.6295741068180681,-14.784230873565878,0.2719344611720337,0.3277651792960136,0.00015748,1.051921668668323,0.00081957,0,0.0
2530,0.3490201078862294,0.12891014103309856,-1.54e-06,1.0352253157245797,4.45778214968442,96.65763572560387,1.0052136313683062,75.46888976381491,0.12067054082980143,-71.0802498574118,-1.1573229341274334,-20.070295954433217,0.6295741068180681,-31.321535214614233,0.2719344611720337,0.3037334232028389,0.00015748,1.4600933047333773,0.00081957,0,0.0
2531,0.5495198477942689,0.10624370168024344,-1.54e-06,1.0352253157245797,4.45778214968442,-66.89898578946426,1.0052136313683062,-2.989876233506929,0.12067054082980143,-57.380957499815366,-1.1573229341274334,66.97472704658544,0.6295741068180681,76.50343940518258,0.2719344611720337,-0.11247046433653747,0.00015748,0.11225689199362028,0.00081957,1,0.0
2532,0.8052948105943668,0.24885226983360453,-1.54e-06,1.0352253157245797,4.45778214968442,-37.24661316854039,1.0052136313683062,13.766321407036969,0.12067054082980143,-7.499964883077604,-1.1573229341274334,-72.07636181610705,0.6295741068180681,56.25379950183066,0.2719344611720337,0.16052132615505516,0.00015748,0.20100591207871288,0.00081957,0,0.0
2533,0.014197496321713271,0.032469300131937856,-1.54e-06,1.0352253157245797,4.45778214968442,-30.041548545966286,1.0052136313683062,18.251821826592273,0.12067054082980143,-92.31553970927914,-1.1573229341274334,72.92520932359756,0.6295741068180681,42.08863573264761,0.2719344611720337,-0.11521685522532207,0.00015748,0.11552387679237813,0.00081957,1,0.0
2534,0.17047196367906922,0.08008200052364366,-1.54e-06,1.0352253157245797,4.45778214968442,78.35491375324547,1.0052136313683062,27.0920760202155,0.12067054082980143,-9.22764892617167,-1.1573229341274334,79.25138270516935,0.6295741068180681,-46.83336968145348,0.2719344611720337,0.3573017933955255,0.00015748,0.8326290127391568,0.00081957,0,0.0
2535,0.16015503493817895,0.06680288479342471,-1.54e-06,1.0352253157245797,4.45778214968442,96.13441176806188,1.0052136313683062,41.123078325546466,0.12067054082980143,-27.30745402069415,-1.1573229341274334,37.056031141082855,0.6295741068180681,-49.275805555548885,0.2719344611720337,0.31943701050173623,0.00015748,1.1523798482431187,0.00081957,0,0.0
2536,0.8670877339784355,0.19676779631212585,-1.54e-06,1.0352253157245797,4.45778214968442,37.52224274075003,1.0052136313683062,71.92238115747246,0.12067054082980143,-99.18893041374905,-1.1573229341274334,-67.8706194948419,0.6295741068180681,38.80417672137598,0.2719344611720337,0.30468308407144107,0.00015748,1.4007969373843365,0.00081957,0,0.0
2537,0.1518407279277667,0.004207846472559411,-1.54e-06,1.0352253157245797,4.45778214968442,-18.242316841953354,1.0052136313683062,4.552024908588728,0.12067054082980143,-20.18165701681914,-1.1573229341274334,6.541737582578479,0.6295741068180681,21.721257107562863,0.2719344611720337,-0.030152872860516097,0.00015748,0.030153157428971605,0.00081957,1,0.0
2538,0.027971415816473756,0.0002982406608204366,-1.54e-06,1.0352253157245797,4.45778214968442,-8.134957638876774,1.0052136313683062,2.374636022063542,0.12067054082980143,-17.714723193021566,-1.1573229341274334,18.316506398250905,0.6295741068180681,10.352941783147628,0.2719344611720337,-0.01079991229606142,0.00015748,0.010875338765367698,0.00081957,1,0.0
2539,0.3866423742648494,0.09337157835299928,-1.54e-06,1.0352253157245797,4.45778214968442,94.54575010327922,1.0052136313683062,68.75920779904595,0.12067054082980143,-83.61106331568192,-1.1573229341274334,-13.216354244264073,0.6295741068180681,-20.087411337360795,0.2719344611720337,0.29664582047606913,0.00015748,1.5950390239725136,0.00081957,0,0.0
2540,0.3152528756147468,0.010063656801824588,-1.54e-06,1.0352253157245797,4.45778214968442,-28.720467016833542,1.0052136313683062,9.564552923106836,0.12067054082980143,-14.995345060784722,-1.1573229341274334,-77.91804443626641,0.6295741068180681,37.70521718751352,0.2719344611720337,-0.04991108318464737,0.00015748,0.05005285752407595,0.00081957,1,0.0
2541,0.2140326544641077,0.08514917760894951,-1.54e-06,1.0352253157245797,4.45778214968442,-33.584624575944495,1.0052136313683062,28.347623043310296,0.12067054082980143,-65.86607066912319,-1.1573229341274334,-63.712279892643814,0.6295741068180681,49.25706923454174,0.2719344611720337,-0.1880251569313281,0.00015748,0.18765938715326502,0.00081957,1,0.0
2542,0.5790758676157202,0.12997081708085045,-1.54e-06,1.0352253157245797,4.45778214968442,70.89085462912924,1.0052136313683062,71.05714876897855,0.12067054082980143,-92.3039364143425,-1.1573229341274334,-33.17141952036819,0.6295741068180681,4.338723527579074,0.2719344611720337,0.2991683525330465,0.00015748,1.5138497038054552,0.00081957,0,0.0
2543,0.016450822981233404,0.04104229112384354,-1.54e-06,1.0352253157245797,4.45778214968442,-19.742827504023655,1.0052136313683062,17.713995911737364,0.12067054082980143,-62.9908944192962,-1.1573229341274334,7.385408670008662,0.6295741068180681,30.612533811249982,0.2719344611720337,-0.1280715239418443,0.00015748,0.1283352286316976,0.00081957,1,0.0
2544,0.8714634878803962,0.14922401284764086,-1.54e-06,1.0352253157245797,4.45778214968442,-81.5285216095783,1.0052136313683062,3.1066974295118475,0.12067054082980143,-31.42901045185391,-1.1573229341274334,-54.101475272630395,0.6295741068180681,94.59798179151072,0.2719344611720337,-0.10831931221710628,0.00015748,0.10868281100430827,0.00081957,1,0.0
2545,-0.0008223592508576072,0.2528758781608913,-1.54e-06,1.0352253157245797,4.45778214968442,2.7279685476256894,1.0052136313683062,-13.451393689582627,0.12067054082980143,-1.1056388483280175,-1.1573229341274334,-32.95377694124043,0.6295741068180681,9.500819607881501,0.2719344611720337,-0.15961861344095074,0.00015748,0.3003955030704159,0.00081957,1,0.0
2546,0.7887054876244305,0.23771047316784027,-1.54e-06,1.0352253157245797,4.45778214968442,7.561525032884103,1.0052136313683062,43.529976592471506,0.12067054082980143,-61.11134101510682,-1.1573229341274334,61.896989303325086,0.6295741068180681,31.191301101785047,0.2719344611720337,0.3965420795124091,0.00015748,0.6885564035436598,0.00081957,0,0.0
2547,0.07304118308985988,0.0009488342012458292,-1.54e-06,1.0352253157245797,4.45778214968442,-15.303278076841092,1.0052136313683062,4.186774170964329,0.12067054082980143,-28.52552757933133,-1.1573229341274334,22.916342386698897,0.6295741068180681,19.422247616180194,0.2719344611720337,-0.01839917527358808,0.00015748,0.01843694794574629,0.00081957,1,0.0
2548,-2.809812245904708e-05,0.1673632529262813,-1.54e-06,1.0352253157245797,4.45778214968442,19.699878460038086,1.0052136313683062,21.21688555349329,0.12067054082980143,-13.213685658998893,-1.1573229341274334,-59.85707567777381,0.6295741068180681,-6.917725961115764,0.2719344611720337,-0.047323526467590665,0.00015748,0.30027616232779986,0.00081957,1,0.0
2549,0.520972212700275,0.13136181972048055,-1.54e-06,1.0352253157245797,4.45778214968442,66.21254648073484,1.0052136313683062,47.68794706440799,0.12067054082980143,-27.110629410666053,-1.1573229341274334,-45.667363897716086,0.6295741068180681,-14.371424005789224,0.2719344611720337,0.32278197780383344,0.00015748,1.1121583500339018,0.00081957,0,0.0
2550,0.4452260786322429,0.10828387974800387,-1.54e-06,1.0352253157245797,4.45778214968442,61.7341382733574,1.0052136313683062,52.71058607530658,0.12067054082980143,-71.46688879514535,-1.1573229341274334,29.649154032699336,0.6295741068180681,-4.792533309441575,0.2719344611720337,0.3173930729876054,0.00015748,1.177788378953049,0.00081957,0,0.0
2551,0.21509567217828163,0.22533790081827415,-1.54e-06,1.0352253157245797,4.45778214968442,-10.296832284952593,1.0052136313683062,32.78883197458721,0.12067054082980143,-63.071871236967915,-1.1573229341274334,-64.76064152806272,0.6295741068180681,35.01308402485964,0.2719344611720337,-0.09214300568955411,0.00015748,0.3863212538313364,0.00081957,1,0.0
2552,0.13115652255485086,0.04617621533026898,-1.54e-06,1.0352253157245797,4.45778214968442,-21.706312249081183,1.0052136313683062,14.554774972810407,0.12067054082980143,-37.98942739476578,-1.1573229341274334,-81.77306944639031,0.6295741068180681,35.58935264867234,0.2719344611720337,-0.14570408964693246,0.00015748,0.14690434999851412,0.00081957,1,0.0
2553,0.5054057351746735,0.1255683115962939,-1.54e-06,1.0352253157245797,4.45778214968442,35.6646666072936,1.0052136313683062,44.672216863043225,0.12067054082980143,-81.28527804503821,-1.1573229341274334,83.37131772204378,0.6295741068180681,12.846002738111755,0.2719344611720337,0.3409365284600272,0.00015748,0.9364195991408051,0.00081957,0,0.0
2554,0.4127544422401897,0.03578549598575874,-1.54e-06,1.0352253157245797,4.45778214968442,-53.203412222629176,1.0052136313683062,6.548533087953265,0.12067054082980143,-59.36911864199742,-1.1573229341274334,51.61751602221373,0.6295741068180681,62.14951678390165,0.2719344611720337,-0.07166456148468986,0.00015748,0.07159228515197344,0.00081957,1,0.0
2555,0.343375207050694,0.09287346418400456,-1.54e-06,1.0352253157245797,4.45778214968442,99.92816581553595,1.0052136313683062,57.270431369742596,0.12067054082980143,-36.64041925289686,-1.1573229341274334,-46.30301438738388,0.6295741068180681,-37.7669244673801,0.2719344611720337,0.30382094139709537,0.00015748,1.415438934856562,0.00081957,0,0.0
2556,0.3171855881813829,0.009293306781113423,-1.54e-06,1.0352253157245797,4.45778214968442,-30.176235445987825,1.0052136313683062,7.047889935225554,0.12067054082980143,-16.428216377701176,-1.1573229341274334,-61.448353374883155,0.6295741068180681,38.63096522263712,0.2719344611720337,-0.029378206623967312,0.00015748,0.029482091155541318,0.00081957,1,0.0
2557,0.14430431499444996,0.05514426127406366,-1.54e-06,1.0352253157245797,4.45778214968442,93.63428727904797,1.0052136313683062,57.01343242501985,0.12067054082980143,-92.87748186413009,-1.1573229341274334,96.05148443205555,0.6295741068180681,-31.495289604564494,0.2719344611720337,0.3048530520846263,0.00015748,1.390026709050805,0.00081957,0,0.0
2558,0.4449366588063804,0.03005731898923326,-1.54e-06,1.0352253157245797,4.45778214968442,-50.08319064895072,1.0052136313683062,4.722520045903529,0.12067054082980143,-40.185117804759656,-1.1573229341274334,-15.147065780019222,0.6295741068180681,60.95450099614059,0.2719344611720337,-0.02036213536390945,0.00015748,0.02014359057150158,0.00081957,1,0.0
2559,0.20391909061997684,0.23858031500991833,-1.54e-06,1.0352253157245797,4.45778214968442,47.00481786553931,1.0052136313683062,29.009905693465363,0.12067054082980143,-1e-20,-1.1573229341274334,-65.64874957312568,0.6295741068180681,-20.55134870405026,0.2719344611720337,0.13431212045047175,0.00015748,0.6202820075281581,0.00081957,0,0.0
2560,0.23355082465022492,0.005576578518495565,-1.54e-06,1.0352253157245797,4.45778214968442,-24.008938427914398,1.0052136313683062,6.033864020880087,0.12067054082980143,-18.138295404746376,-1.1573229341274334,-29.103699053271413,0.6295741068180681,30.023190017864433,0.2719344611720337,-0.02581888534939435,0.00015748,0.025763148750170512,0.00081957,1,0.0
2561,0.24449925599357458,0.04482824239262274,-1.54e-06,1.0352253157245797,4.45778214968442,-41.357545549110824,1.0052136313683062,22.287944504835945,0.12067054082980143,-73.9939017431833,-1.1573229341274334,-38.940735670081615,0.6295741068180681,58.43793197837361,0.2719344611720337,-0.14777447062948598,0.00015748,0.14821489191976625,0.00081957,1,0.0
2562,0.6013247896017984,0.14868487452058743,-1.54e-06,1.0352253157245797,4.45778214968442,43.25327027090611,1.0052136313683062,45.00209883971266,0.12067054082980143,-51.37055843119057,-1.1573229341274334,-0.3757949408198381,0.6295741068180681,7.8809885847041805,0.2719344611720337,0.33222482656199515,0.00015748,1.0097323023694325,0.00081957,0,0.0
2563,-1.4240839411774897e-05,0.13643144599124407,-1.54e-06,1.0352253157245797,4.45778214968442,31.929718577263337,1.0052136313683062,5.647005466844353,0.12067054082980143,-1e-20,-1.1573229341274334,89.688098344624,0.6295741068180681,-27.376751998609556,0.2719344611720337,0.18863087374320375,0.00015748,0.20865043996266885,0.00081957,0,0.0
2564,0.2128484455228518,0.006365895342695272,-1.54e-06,1.0352253157245797,4.45778214968442,-39.66350044168136,1.0052136313683062,9.048438313490095,0.12067054082980143,-66.84675720140345,-1.1573229341274334,45.389193247563945,0.6295741068180681,50.34252104430751,0.2719344611720337,-0.03541239990465058,0.00015748,0.03548748154973621,0.00081957,1,0.0
2565,0.46376809820038145,0.02593301067516101,-1.54e-06,1.0352253157245797,4.45778214968442,-66.4501423759714,1.0052136313683062,18.062075358781797,0.12067054082980143,-90.10252961254776,-1.1573229341274334,-7.589520186231195,0.6295741068180681,85.96074710682429,0.2719344611720337,-0.08486016627228102,0.00015748,0.08478900318993138,0.00081957,1,0.0
2566,0.392496849824265,0.11336761843428544,-1.54e-06,1.0352253157245797,4.45778214968442,45.599681974554514,1.0052136313683062,34.557960772828615,0.12067054082980143,-54.11710409433871,-1.1573229341274334,95.94914864761,0.6295741068180681,-6.005053885465452,0.2719344611720337,0.3567602380736802,0.00015748,0.8305990036486189,0.00081957,0,0.0
2567,1.1514187293865201,0.3224018217731638,-1.54e-06,1.0352253157245797,4.45778214968442,-29.66352908733159,1.0052136313683062,49.723503643306614,0.12067054082980143,-90.89338875352338,-1.1573229341274334,6.875459481999595,0.6295741068180681,81.21372885841568,0.2719344611720337,0.3761330167036122,0.00015748,0.7427748225836125,0.00081957,0,0.0
2568,0.8448512235805301,0.24641356813263446,-1.54e-06,1.0352253157245797,4.45778214968442,-2.7521229559379528,1.0052136313683062,33.48946999403989,0.12067054082980143,-67.1075349042975,-1.1573229341274334,46.12811049403114,0.6295741068180681,47.992352812861945,0.2719344611720337,0.3707414988060742,0.00015748,0.7333645991567608,0.00081957,0,0.0
2569,0.27047320433898836,0.07434614476224996,-1.54e-06,1.0352253157245797,4.45778214968442,97.79810084229875,1.0052136313683062,62.84612678817493,0.12067054082980143,-81.30658682467403,-1.1573229341274334,25.64891734358343,0.6295741068180681,-28.92262207470568,0.2719344611720337,0.29942839004515187,0.00015748,1.516920963259024,0.00081957,0,0.0
2570,0.9430166993117503,0.25883433350662094,-1.54e-06,1.0352253157245797,4.45778214968442,-76.59903109349116,1.0052136313683062,15.545339036708045,0.12067054082980143,-19.20844519364145,-1.1573229341274334,-55.39418985519438,0.6295741068180681,83.40310821384739,0.2719344611720337,-0.2323725353889999,0.00015748,0.23430719155869115,0.00081957,1,0.0
2571,1.0887185047162964,0.5643147452373789,-1.54e-06,1.0352253157245797,4.45778214968442,28.80704739636607,1.0052136313683062,38.32660931065359,0.12067054082980143,-73.06244956095077,-1.1573229341274334,-77.48782191065152,0.6295741068180681,57.5317016751789,0.2719344611720337,0.2953672801010244,0.00015748,1.5920535369740558,0.00081957,0,0.0
2572,0.18475556278315813,0.026834721256563124,-1.54e-06,1.0352253157245797,4.45778214968442,-24.588870683850544,1.0052136313683062,-4.4254309540647565,0.12067054082980143,-22.832306771657933,-1.1573229341274334,57.74103735605687,0.6295741068180681,26.301873598438814,0.2719344611720337,-0.0739831102201976,0.00015748,0.07444658740551177,0.00081957,1,0.0
2573,0.6616360793981949,0.17457773800793677,-1.54e-06,1.0352253157245797,4.45778214968442,44.34179861139627,1.0052136313683062,57.72333857669546,0.12067054082980143,-53.22121157950864,-1.1573229341274334,-31.98231872887931,0.6295741068180681,7.911172577999134,0.2719344611720337,0.328841432648108,0.00015748,1.0398447603178333,0.00081957,0,0.0
2574,0.6018930894764115,0.03663833823059388,-1.54e-06,1.0352253157245797,4.45778214968442,-56.5296186208275,1.0052136313683062,10.362640473379034,0.12067054082980143,-27.38298470808047,-1.1573229341274334,-96.56371699929342,0.6295741068180681,70.47395515731871,0.2719344611720337,-0.03268536531896837,0.00015748,0.032648115188169076,0.00081957,1,0.0
2575,0.06363755022816087,0.0063237869328953795,-1.54e-06,1.0352253157245797,4.45778214968442,-29.341733903136625,1.0052136313683062,10.361309235109,0.12067054082980143,-73.15286332071976,-1.1573229341274334,73.53510419092554,0.6295741068180681,38.50935020498159,0.2719344611720337,-0.05439927522643173,0.00015748,0.054459928672495286,0.00081957,1,0.0
2576,0.6237227514466067,0.14347344531484119,-1.54e-06,1.0352253157245797,4.45778214968442,44.53894707228423,1.0052136313683062,56.75563144962801,0.12067054082980143,-83.056713571084,-1.1573229341274334,5.5202627308983265,0.6295741068180681,17.007298441981078,0.2719344611720337,0.3170521663191495,0.00015748,1.1852546537831432,0.00081957,0,0.0
2577,0.9114746879443472,0.2374877672705449,-1.54e-06,1.0352253157245797,4.45778214968442,19.690948478373134,1.0052136313683062,44.64275436909044,0.12067054082980143,-28.280254263238668,-1.1573229341274334,-86.27228913159769,0.6295741068180681,30.427003950238113,0.2719344611720337,0.3458125036452742,0.00015748,0.8996023997967528,0.00081957,0,0.0
2578,0.4159444461739483,0.11818775354312173,-1.54e-06,1.0352253157245797,4.45778214968442,57.32537881610734,1.0052136313683062,35.834318734405315,0.12067054082980143,-27.090741947838517,-1.1573229341274334,31.371340178698947,0.6295741068180681,-17.142161690808447,0.2719344611720337,0.3476370971212823,0.00015748,0.8867560188757622,0.00081957,0,0.0
2579,-1.5061583446371318e-05,0.11464073994399458,-1.54e-06,1.0352253157245797,4.45778214968442,16.587178248342376,1.0052136313683062,9.380690352076684,0.12067054082980143,-23.932261984240462,-1.1573229341274334,71.06508672826993,0.6295741068180681,-8.55122857248818,0.2719344611720337,0.10452213441643239,0.00015748,0.1980453364837213,0.00081957,0,0.0
2580,0.4995730927557904,0.12605773264439782,-1.54e-06,1.0352253157245797,4.45778214968442,51.61055046584834,1.0052136313683062,43.88776158449561,0.12067054082980143,-51.96246940705589,-1.1573229341274334,22.22144222819047,0.6295741068180681,-1.9546981710897482,0.2719344611720337,0.33123578825086075,0.00015748,1.0188251205351395,0.00081957,0,0.0
2581,0.6550917139881517,0.14609032633452076,-1.54e-06,1.0352253157245797,4.45778214968442,71.23345893165164,1.0052136313683062,74.92295828365795,0.12067054082980143,-89.99046183489072,-1.1573229341274334,-66.41523874784208,0.6295741068180681,7.974611036533311,0.2719344611720337,0.29718473243295107,0.00015748,1.5804937729546615,0.00081957,0,0.0
2582,0.5562710387773009,0.14085659535539882,-1.54e-06,1.0352253157245797,4.45778214968442,-52.26664838759827,1.0052136313683062,33.19115017392855,0.12067054082980143,-70.20349255441714,-1.1573229341274334,-87.23222459825085,0.6295741068180681,74.7798592622836,0.2719344611720337,-0.11788019919345312,0.00015748,0.24065176555618756,0.00081957,1,0.0
2583,0.0024774760292848724,0.01570291491717759,-1.54e-06,1.0352253157245797,4.45778214968442,-2.9880799251988126,1.0052136313683062,8.427117522357062,0.12067054082980143,-16.385270790582375,-1.1573229341274334,15.09850438971207,0.6295741068180681,3.5565162551850507,0.2719344611720337,-0.062323420680117994,0.00015748,0.06308285835156703,0.00081957,1,0.0
2584,0.3269547441966446,0.0918169678508998,-1.54e-06,1.0352253157245797,4.45778214968442,73.77162906086885,1.0052136313683062,44.797903175490454,0.12067054082980143,-45.200255904910286,-1.1573229341274334,32.71845452780456,0.6295741068180681,-24.487171830424494,0.2719344611720337,0.32365171903019485,0.00015748,1.1007891919987316,0.00081957,0,0.0
2585,0.22212622353753722,0.008154471799057605,-1.54e-06,1.0352253157245797,4.45778214968442,-43.505974501552494,1.0052136313683062,11.766746668847482,0.12067054082980143,-77.36172103741956,-1.1573229341274334,49.64565177104683,0.6295741068180681,55.77820137111222,0.2719344611720337,-0.052543562764617316,0.00015748,0.05265133800055283,0.00081957,1,0.0
2586,0.022662088346698195,0.08183498159503735,-1.54e-06,1.0352253157245797,4.45778214968442,-26.740789346966473,1.0052136313683062,25.017364581045232,0.12067054082980143,-86.88768530244505,-1.1573229341274334,11.30989425869957,0.6295741068180681,41.58342745988478,0.2719344611720337,-0.1767431023424047,0.00015748,0.18017074947264555,0.00081957,1,0.0
2587,0.9166747393257451,0.22630272284486352,-1.54e-06,1.0352253157245797,4.45778214968442,4.64104425977764,1.0052136313683062,51.736217576481636,0.12067054082980143,-83.20842426697948,-1.1573229341274334,-12.61378846037411,0.6295741068180681,52.62323404763684,0.2719344611720337,0.33797246243378526,0.00015748,0.9582478362429929,0.00081957,0,0.0
2588,0.7912242935109716,0.2891117715508149,-1.54e-06,1.0352253157245797,4.45778214968442,37.082784541555675,1.0052136313683062,69.16612887989393,0.12067054082980143,-53.827367821142765,-1.1573229341274334,-41.45244802175896,0.6295741068180681,12.429566328920544,0.2719344611720337,0.3338735290973446,0.00015748,1.0124525778368207,0.00081957,0,0.0
2589,0.22870375702784984,0.007581574420108707,-1.54e-06,1.0352253157245797,4.45778214968442,-32.21351107206729,1.0052136313683062,6.566860305201868,0.12067054082980143,-42.39818507076796,-1.1573229341274334,25.969104526412664,0.6295741068180681,39.10694928925877,0.2719344611720337,-0.033303541173954766,0.00015748,0.03361646089010651,0.00081957,1,0.0
2590,0.6117254261285383,0.15141204696510624,-1.54e-06,1.0352253157245797,4.45778214968442,58.12059056787879,1.0052136313683062,47.62941027091694,0.12067054082980143,-32.94556115049138,-1.1573229341274334,-57.07669201687521,0.6295741068180681,-2.6559874911407957,0.2719344611720337,0.32003532567012816,0.00015748,1.1405791887436467,0.00081957,0,0.0
2591,0.16567928893349348,0.06449763003694058,-1.54e-06,1.0352253157245797,4.45778214968442,99.05405667457947,1.0052136313683062,47.26760809113762,0.12067054082980143,-42.709109594527156,-1.1573229341274334,37.271934518759906,0.6295741068180681,-46.0657108136537,0.2719344611720337,0.3118130440184495,0.00015748,1.2633021478430464,0.00081957,0,0.0
2592,0.2971142372645349,0.0945018394966092,-1.54e-06,1.0352253157245797,4.45778214968442,66.28054242622082,1.0052136313683062,43.45319913394452,0.12067054082980143,-48.25156587061095,-1.1573229341274334,67.38995071617597,0.6295741068180681,-23.880734588649805,0.2719344611720337,0.33938697753222796,0.00015748,0.9575541215610859,0.00081957,0,0.0
2593,0.33977938990133083,0.053723476243323715,-1.54e-06,1.0352253157245797,4.45778214968442,-34.3465620873605,1.0052136313683062,13.33873928080441,0.12067054082980143,-32.75664864561651,-1.1573229341274334,10.730793254526326,0.6295741068180681,38.46429872833077,0.2719344611720337,-0.12168766799985901,0.00015748,0.1220594102057984,0.00081957,1,0.0
2594,0.49131560967893656,0.12495131047668534,-1.54e-06,1.0352253157245797,4.45778214968442,70.36709505800626,1.0052136313683062,47.47439203887402,0.12067054082980143,-26.008467866490708,-1.1573229341274334,-43.91037162583447,0.6295741068180681,-18.18592047950178,0.2719344611720337,0.32096111179473996,0.00015748,1.1344878800020912,0.00081957,0,0.0
2595,0.30303643564016103,0.011921235053703818,-1.54e-06,1.0352253157245797,4.45778214968442,-50.17324463371329,1.0052136313683062,13.073189044316662,0.12067054082980143,-78.36225933958941,-1.1573229341274334,30.34659246182236,0.6295741068180681,64.25250543628108,0.2719344611720337,-0.057219029530101835,0.00015748,0.05728952814240237,0.00081957,1,0.0
2596,0.3615415241845472,0.017403192794945538,-1.54e-06,1.0352253157245797,4.45778214968442,-62.923496501988,1.0052136313683062,12.57081596816799,0.12067054082980143,-100.0,-1.1573229341274334,76.52043775070469,0.6295741068180681,78.37163819827735,0.2719344611720337,-0.04427992725134583,0.00015748,0.04465481151299881,0.00081957,1,0.0
2597,0.341118251778877,0.08920356709695994,-1.54e-06,1.0352253157245797,4.45778214968442,74.71459059570235,1.0052136313683062,51.828490821610075,0.12067054082980143,-68.07718599109552,-1.1573229341274334,40.172871315075305,0.6295741068180681,-17.610320826793178,0.2719344611720337,0.3137788224341607,0.00015748,1.2323947242699238,0.00081957,0,0.0
2598,0.3490840491944402,0.01742744490109735,-1.54e-06,1.0352253157245797,4.45778214968442,-56.209323793377536,1.0052136313683062,16.35953214983511,0.12067054082980143,-87.16169475510796,-1.1573229341274334,21.499535060794646,0.6295741068180681,72.58541910199357,0.2719344611720337,-0.07682600169427162,0.00015748,0.07753094983494299,0.00081957,1,0.0
2599,0.001583225865209148,0.08949463362649093,-1.54e-06,1.0352253157245797,4.45778214968442,-19.5935552068449,1.0052136313683062,24.571395968881454,0.12067054082980143,-73.21957522398041,-1.1573229341274334,-6.862435168123654,0.6295741068180681,32.956825084663436,0.2719344611720337,-0.17512511229530375,0.00015748,0.18437334083999485,0.00081957,1,0.0
2600,1.2008869199914152,0.8970803602037203,-1.54e-06,2.301058337073141,3.47893708472098,15.246327954202188,1.0052136313683062,5.817367590473617,0.12067054082980143,-62.38232786599263,-1.1573229341274334,-45.95346489342487,0.6295741068180681,86.32450291983294,0.2719344611720337,0.023465613968745636,0.00015748,0.6994233107605929,0.00081957,0,0.0
2601,0.5190658489378164,0.20466759807989848,-1.54e-06,2.301058337073141,3.47893708472098,39.49282597362462,1.0052136313683062,13.63085684859395,0.12067054082980143,-51.40951812435145,-1.1573229341274334,-77.32539101477188,0.6295741068180681,38.19453451754529,0.2719344611720337,-0.13884613181765249,0.00015748,0.3170143992620791,0.00081957,1,0.0
2602,0.47445625232921984,0.4528860901829063,-1.54e-06,2.301058337073141,3.47893708472098,-41.645140543178016,1.0052136313683062,19.013793530584813,0.12067054082980143,-44.4570934662973,-1.1573229341274334,-36.148419926776604,0.6295741068180681,39.990164300162036,0.2719344611720337,-0.3697814299829847,0.00015748,0.3665511619613344,0.00081957,1,0.0
2603,0.0053870977643544204,0.10633243710892099,-1.54e-06,2.301058337073141,3.47893708472098,63.048705372630444,1.0052136313683062,11.38644060446836,0.12067054082980143,-32.99226318821832,-1.1573229341274334,-21.371301765979037,0.6295741068180681,-11.579973408849805,0.2719344611720337,-0.008873360819798157,0.00015748,0.20648590958194102,0.00081957,1,0.0
2604,0.0009736474133188455,0.2332069886964486,-1.54e-06,2.301058337073141,3.47893708472098,22.305956501779416,1.0052136313683062,18.359224819011697,0.12067054082980143,-87.27665981431815,-1.1573229341274334,48.04959069225128,0.6295741068180681,17.539746650886443,0.2719344611720337,-0.09357652223831162,0.00015748,0.3333346697120543,0.00081957,1,0.0
2605,0.04321055755354382,0.008547732665784414,-1.54e-06,2.301058337073141,3.47893708472098,-68.44479366622001,1.0052136313683062,-1.230890864966804,0.12067054082980143,-54.98288074635934,-1.1573229341274334,91.78267348106618,0.6295741068180681,51.234387812233074,0.2719344611720337,-0.055226507523483584,0.00015748,0.05555722913049947,0.00081957,1,0.0
2606,0.04120252966278461,0.010360244869873424,-1.54e-06,2.301058337073141,3.47893708472098,-73.35801078052769,1.0052136313683062,-1.507284039601138,0.12067054082980143,-58.37982179424817,-1.1573229341274334,99.12285174113124,0.6295741068180681,54.46611890644057,0.2719344611720337,-0.06086457108122996,0.00015748,0.06119736967407391,0.00081957,1,0.0
2607,0.1341687725004056,0.0031712214228831665,-1.54e-06,2.301058337073141,3.47893708472098,-65.81671972494135,1.0052136313683062,3.4192745780060694,0.12067054082980143,-75.48258858392029,-1.1573229341274334,80.04762786253738,0.6295741068180681,64.1332731715499,0.2719344611720337,-0.03330631623288572,0.00015748,0.03331956495833991,0.00081957,1,0.0
2608,0.0007870288188913666,0.1372018893052118,-1.54e-06,2.301058337073141,3.47893708472098,-29.66018800797023,1.0052136313683062,-4.0301626699821975,0.12067054082980143,-16.86993546011563,-1.1573229341274334,78.19242750310451,0.6295741068180681,13.49278624869976,0.2719344611720337,-0.06259426763996605,0.00015748,0.2505852965824673,0.00081957,1,0.0
2609,-0.0012970368712857394,0.4617852670267333,-1.54e-06,2.301058337073141,3.47893708472098,48.18085633264856,1.0052136313683062,3.318394957947969,0.12067054082980143,-7.146804375838408,-1.1573229341274334,90.0318782200811,0.6295741068180681,-38.518057679659215,0.2719344611720337,0.023715208517897823,0.00015748,0.7118183175759023,0.00081957,0,0.0
2610,0.2535283526875668,0.035369677612006795,-1.54e-06,2.301058337073141,3.47893708472098,-3.8138638802722857,1.0052136313683062,5.321538063825218,0.12067054082980143,-28.467734123901693,-1.1573229341274334,-21.783476131283066,0.6295741068180681,28.315588016269352,0.2719344611720337,-0.06913671230652446,0.00015748,0.10242554441069462,0.00081957,1,0.0
2611,0.00280623212200537,0.12997618619610518,-1.54e-06,2.301058337073141,3.47893708472098,86.15351013416092,1.0052136313683062,12.398819374896789,0.12067054082980143,-34.94897079762192,-1.1573229341274334,-26.016352156959613,0.6295741068180681,-19.051794428621015,0.2719344611720337,0.034526334991309124,0.00015748,0.2573280418296937,0.00081957,0,0.0
2612,0.0017878161199475495,0.011723686977040354,-1.54e-06,2.301058337073141,3.47893708472098,-16.746945542985195,1.0052136313683062,4.571605804797627,0.12067054082980143,-51.4908639463274,-1.1573229341274334,39.681694592303295,0.6295741068180681,30.02492184038802,0.2719344611720337,-0.05854587434888267,0.00015748,0.06283964394401523,0.00081957,1,0.0
2613,0.14494741209051232,0.003644834159805256,-1.54e-06,2.301058337073141,3.47893708472098,-77.84163810580195,1.0052136313683062,2.8866341546822833,0.12067054082980143,-84.48117858547562,-1.1573229341274334,95.68311017102499,0.6295741068180681,73.41245019965201,0.2719344611720337,-0.02545677203313929,0.00015748,0.025448944837980023,0.00081957,1,0.0
2614,0.5748125264389851,0.29355043662823355,-1.54e-06,2.301058337073141,3.47893708472098,58.45544148634361,1.0052136313683062,23.754626386462334,0.12067054082980143,-84.39363288625033,-1.1573229341274334,-92.19822820445103,0.6295741068180681,44.7579246949539,0.2719344611720337,-0.20224836205538194,0.00015748,0.41818456154947,0.00081957,1,0.0
2615,0.4234080905276941,0.5512187527673909,-1.54e-06,2.301058337073141,3.47893708472098,27.118002044563156,1.0052136313683062,-1.664535718374357,0.12067054082980143,-43.23609158804986,-1.1573229341274334,77.10442656086411,0.6295741068180681,25.167710660894056,0.2719344611720337,0.07883818619859628,0.00015748,0.7013637456665441,0.00081957,0,0.0
2616,0.63645983939937,1.1360823347497506,-1.54e-06,2.301058337073141,3.47893708472098,44.424503693083246,1.0052136313683062,-7.548811749961119,0.12067054082980143,-30.070433640912764,-1.1573229341274334,73.53541944368568,0.6295741068180681,27.485445785933724,0.2719344611720337,0.010065046863650062,0.00015748,1.024153653284538,0.00081957,0,0.0
2617,0.00019416840900071675,0.2003510108945575,-1.54e-06,2.301058337073141,3.47893708472098,59.41287393864177,1.0052136313683062,7.043230983223837,0.12067054082980143,-53.84221333506079,-1.1573229341274334,85.47733806642461,0.6295741068180681,-10.366286999781005,0.2719344611720337,0.18357772468909025,0.00015748,0.4723615250567895,0.00081957,0,0.0
2618,0.7932271520789803,0.08453394396054822,-1.54e-06,2.301058337073141,3.47893708472098,-52.326647208763106,1.0052136313683062,4.236841891498027,0.12067054082980143,-13.228271618904692,-1.1573229341274334,-74.84576923918816,0.6295741068180681,65.98356616127802,0.2719344611720337,-0.06967242919794976,0.00015748,0.06992581250280024,0.00081957,1,0.0
2619,1.8611239430810222e-05,0.13752610885022926,-1.54e-06,2.301058337073141,3.47893708472098,81.11170978286542,1.0052136313683062,14.652659854625028,0.12067054082980143,-78.90891270163782,-1.1573229341274334,47.30594609386629,0.6295741068180681,-2.9721228894372334,0.2719344611720337,0.23678960689964024,0.00015748,0.30392731670364426,0.00081957,0,0.0
2620,0.4807328987619097,0.25308441468267384,-1.54e-06,2.301058337073141,3.47893708472098,77.88906516296376,1.0052136313683062,22.204668414166186,0.12067054082980143,-74.89878176910227,-1.1573229341274334,-74.44877518771237,0.6295741068180681,25.69699994131103,0.2719344611720337,-0.06359563562054449,0.00015748,0.41273552034376726,0.00081957,1,0.0
2621,0.2542909674565643,0.007976447496772393,-1.54e-06,2.301058337073141,3.47893708472098,-30.487122753888055,1.0052136313683062,1.1956659836243906,0.12067054082980143,-14.188901854332977,-1.1573229341274334,-4.973955581802008,0.6295741068180681,29.94791401657527,0.2719344611720337,-0.007824691484433386,0.00015748,0.007685186761641436,0.00081957,1,0.0
2622,0.07638419074650277,0.028605818723428482,-1.54e-06,2.301058337073141,3.47893708472098,-78.1338699424835,1.0052136313683062,-4.603369621780022,0.12067054082980143,-37.00299471220921,-1.1573229341274334,90.05205076683029,0.6295741068180681,47.88801479736435,0.2719344611720337,-0.10703521338792514,0.00015748,0.10707340438949563,0.00081957,1,0.0
2623,0.4688125290131949,0.20258716773255,-1.54e-06,2.301058337073141,3.47893708472098,-16.793988978819783,1.0052136313683062,1.3651226899994908,0.12067054082980143,-39.08356712858299,-1.1573229341274334,-20.0365204257268,0.6295741068180681,55.90469770488734,0.2719344611720337,-0.14770187483086542,0.00015748,0.24949659798118376,0.00081957,1,0.0
2624,0.5268922137068365,0.11079647682003337,-1.54e-06,2.301058337073141,3.47893708472098,-9.315535084758746,1.0052136313683062,14.72266353801325,0.12067054082980143,-68.17997623983946,-1.1573229341274334,-56.22664957330197,0.6295741068180681,62.376819855171384,0.2719344611720337,-0.2267438675522475,0.00015748,0.22799302676863842,0.00081957,1,0.0
2625,0.3459217687649794,0.2026039858032757,-1.54e-06,2.301058337073141,3.47893708472098,58.7328438998526,1.0052136313683062,18.612262046215907,0.12067054082980143,-52.80599102481757,-1.1573229341274334,-95.67410566327958,0.6295741068180681,21.568218597572816,0.2719344611720337,-0.26320489167421096,0.00015748,0.3235191376825935,0.00081957,1,0.0
2626,0.651931970347803,0.26178803123663036,-1.54e-06,2.301058337073141,3.47893708472098,37.44043244770009,1.0052136313683062,19.044323308696118,0.12067054082980143,-79.87088417345197,-1.1573229341274334,-76.35804731347355,0.6295741068180681,56.259898354360104,0.2719344611720337,-0.13959715384733346,0.00015748,0.3789274605353847,0.00081957,1,0.0
2627,-0.0043438777137351225,0.3140164913724656,-1.54e-06,2.301058337073141,3.47893708472098,69.09611573159135,1.0052136313683062,10.330502757204249,0.12067054082980143,-17.769564148988497,-1.1573229341274334,39.237294557086926,0.6295741068180681,-38.62346104532708,0.2719344611720337,0.07354265420268061,0.00015748,0.5116934608329545,0.00081957,0,0.0
2628,0.5001991332556541,0.2429141485027951,-1.54e-06,2.301058337073141,3.47893708472098,-30.23423653235423,1.0052136313683062,19.97268858340669,0.12067054082980143,-71.77339419288332,-1.1573229341274334,-36.63404990582655,0.6295741068180681,57.373518850611156,0.2719344611720337,-0.2899790549853326,0.00015748,0.29015770084102355,0.00081957,1,0.0
2629,0.0009829340684869292,0.17654351425225617,-1.54e-06,2.301058337073141,3.47893708472098,30.897906459812322,1.0052136313683062,4.208996333780224,0.12067054082980143,-63.02843495371397,-1.1573229341274334,87.19609761411363,0.6295741068180681,12.112172359320269,0.2719344611720337,0.12549626992174495,0.00015748,0.34452405680310944,0.00081957,0,0.0
2630,0.7455343044437004,0.10403256819300505,-1.54e-06,2.301058337073141,3.47893708472098,-48.2832840753899,1.0052136313683062,13.677413695111337,0.12067054082980143,-58.165158440628424,-1.1573229341274334,-58.05341279991949,0.6295741068180681,77.8748747656196,0.2719344611720337,-0.17401753655126195,0.00015748,0.1744612727003263,0.00081957,1,0.0
2631,0.1437584071401061,0.02267585608434923,-1.54e-06,2.301058337073141,3.47893708472098,-72.48906481551037,1.0052136313683062,-2.344423069752179,0.12067054082980143,-33.692418347958146,-1.1573229341274334,69.01762991885165,0.6295741068180681,46.19750733451437,0.2719344611720337,-0.0940502411217222,0.00015748,0.0942434408606028,0.00081957,1,0.0
2632,0.9916078827679671,0.1486102075217379,-1.54e-06,2.301058337073141,3.47893708472098,-86.60958671042587,1.0052136313683062,4.3729426169947505,0.12067054082980143,-4.046092002015707,-1.1573229341274334,-78.93692397672817,0.6295741068180681,78.12774396089041,0.2719344611720337,-0.06989019058412911,0.00015748,0.06972246226484442,0.00081957,1,0.0
2633,0.0010048672285513094,0.4233346376367729,-1.54e-06,2.301058337073141,3.47893708472098,3.474691134388474,1.0052136313683062,9.863948413756273,0.12067054082980143,-8.153573478059625,-1.1573229341274334,26.28156726417243,0.6295741068180681,-19.16590504255708,0.2719344611720337,-0.22090932679852218,0.00015748,0.425060529839578,0.00081957,1,0.0
2634,-0.01564981616964284,0.7142601096230633,-1.54e-06,2.301058337073141,3.47893708472098,-86.86665439270028,1.0052136313683062,3.2191905415478392,0.12067054082980143,-3.6238490852275973,-1.1573229341274334,87.32911707082458,0.6295741068180681,6.673666799771539,0.2719344611720337,-0.4818411220804473,0.00015748,0.4970060469179228,0.00081957,1,0.0
2635,0.005477064158116635,0.0035375967847921545,-1.54e-06,2.301058337073141,3.47893708472098,-25.51290816588715,1.0052136313683062,3.0369375440466917,0.12067054082980143,-46.217524723347985,-1.1573229341274334,45.81900450331815,0.6295741068180681,30.398023724474125,0.2719344611720337,-0.03436355659727597,0.00015748,0.03445204072460903,0.00081957,1,0.0
2636,0.3652921452314274,0.20900109715617882,-1.54e-06,2.301058337073141,3.47893708472098,47.9992383101216,1.0052136313683062,9.674887223565154,0.12067054082980143,-54.74703445582001,-1.1573229341274334,-4.022926571106481,0.6295741068180681,22.903716521641435,0.2719344611720337,0.11404421163284495,0.00015748,0.33225086283790994,0.00081957,0,0.0
2637,0.0006270323265737954,0.1335015605829622,-1.54e-06,2.301058337073141,3.47893708472098,63.63582476664952,1.0052136313683062,13.189640802222916,0.12067054082980143,-78.98494619129656,-1.1573229341274334,49.10335934585136,0.6295741068180681,5.604902432670844,0.2719344611720337,0.17821876029899208,0.00015748,0.2713006790367164,0.00081957,0,0.0
2638,0.19906968198632335,0.14720225537124565,-1.54e-06,2.301058337073141,3.47893708472098,48.75653618086835,1.0052136313683062,16.17589396535759,0.12067054082980143,-21.969552498325065,-1.1573229341274334,-85.85847670191419,0.6295741068180681,-2.748407200022129,0.2719344611720337,-0.22778204764289361,0.00015748,0.23799235778842526,0.00081957,1,0.0
2639,0.054728755220145475,0.036895381082256304,-1.54e-06,2.301058337073141,3.47893708472098,7.290757045153643,1.0052136313683062,7.846189040505285,0.12067054082980143,-48.96466894294571,-1.1573229341274334,2.172220360503529,0.6295741068180681,23.9280945406764,0.2719344611720337,-0.12573162598782933,0.00015748,0.129560343596004,0.00081957,1,0.0
2640,0.20702777258316044,0.006277384034882908,-1.54e-06,2.301058337073141,3.47893708472098,-14.855441563840168,1.0052136313683062,2.27758995729106,0.12067054082980143,-13.870321510137092,-1.1573229341274334,-14.032313224293793,0.6295741068180681,22.638405744344748,0.2719344611720337,-0.03558824196583249,0.00015748,0.03573772016894848,0.00081957,1,0.0
2641,0.06928592639204767,0.14731296805241043,-1.54e-06,2.301058337073141,3.47893708472098,66.9199503891038,1.0052136313683062,16.7435970872038,0.12067054082980143,-96.90866161180115,-1.1573229341274334,45.16780770139692,0.6295741068180681,15.641442292005475,0.2719344611720337,0.14893764491464379,0.00015748,0.32651287841281806,0.00081957,0,0.0
2642,0.3985819490233152,0.2159813899676604,-1.54e-06,2.301058337073141,3.47893708472098,90.68158709732333,1.0052136313683062,15.314453567963977,0.12067054082980143,-48.72353106716178,-1.1573229341274334,-50.29971427603758,0.6295741068180681,4.323661539936616,0.2719344611720337,0.12139661700665288,0.00015748,0.38432908012865635,0.00081957,0,0.0
2643,0.5066951367223098,0.07551329800407788,-1.54e-06,2.301058337073141,3.47893708472098,-44.94298599855268,1.0052136313683062,1.6316463574130873,0.12067054082980143,-35.98719611056333,-1.1573229341274334,-19.419363683674746,0.6295741068180681,63.989586676167086,0.2719344611720337,-0.12098585425629554,0.00015748,0.12342765517309029,0.00081957,1,0.0
2644,0.21060828453249264,0.08690662339336383,-1.54e-06,2.301058337073141,3.47893708472098,-41.66902452216733,1.0052136313683062,1.0277082010770686,0.12067054082980143,-66.69144770315982,-1.1573229341274334,49.93703365903213,0.6295741068180681,62.58110030353486,0.2719344611720337,-0.10850451445327747,0.00015748,0.14832790019774966,0.00081957,1,0.0
2645,0.23101519637295975,0.056349445482719404,-1.54e-06,2.301058337073141,3.47893708472098,13.067026770580703,1.0052136313683062,10.50875000970337,0.12067054082980143,-41.456715451532894,-1.1573229341274334,-40.096326087834136,0.6295741068180681,26.715664096176436,0.2719344611720337,-0.16697178193942738,0.00015748,0.1670433775471166,0.00081957,1,0.0
2646,-0.00023977618369162845,0.06284248585023462,-1.54e-06,2.301058337073141,3.47893708472098,10.734801819433498,1.0052136313683062,2.2191367218743463,0.12067054082980143,-21.405131907223833,-1.1573229341274334,24.828812314099366,0.6295741068180681,3.648880673916526,0.2719344611720337,0.051796345057660495,0.00015748,0.08833471802173938,0.00081957,0,0.0
2647,0.7571942898437196,0.09613373737706642,-1.54e-06,2.301058337073141,3.47893708472098,-70.45546492744367,1.0052136313683062,-0.163670846091397,0.12067054082980143,-11.875612705629297,-1.1573229341274334,-46.56030522195106,0.6295741068180681,71.67976218736162,0.2719344611720337,-0.06141914165911434,0.00015748,0.06179980526756165,0.00081957,1,0.0
2648,0.37798661494220176,0.12448419995451061,-1.54e-06,2.301058337073141,3.47893708472098,23.16650971763433,1.0052136313683062,7.9245638435485395,0.12067054082980143,-29.765780802961178,-1.1573229341274334,-75.00622963674223,0.6295741068180681,31.668001618767,0.2719344611720337,-0.2235810011690001,0.00015748,0.23286869567727403,0.00081957,1,0.0
2649,0.0006924660972734836,0.04590744424472911,-1.54e-06,2.301058337073141,3.47893708472098,-38.490684674430064,1.0052136313683062,1.0713073952363095,0.12067054082980143,-59.87081842442151,-1.1573229341274334,85.94715028061076,0.6295741068180681,40.22260391568161,0.2719344611720337,0.013652135943711084,0.00015748,0.0757702665541845,0.00081957,0,0.0
2650,0.0004906285138892574,0.05771586847943245,-1.54e-06,2.301058337073141,3.47893708472098,-44.09065879533703,1.0052136313683062,-4.903848390553973,0.12067054082980143,-20.369293925372684,-1.1573229341274334,71.20978000351568,0.6295741068180681,24.696244405556815,0.2719344611720337,-0.07848009335810076,0.00015748,0.13689829020014865,0.00081957,1,0.0
2651,0.0018724067147198875,0.14288162666019222,-1.54e-06,2.301058337073141,3.47893708472098,82.20885289407708,1.0052136313683062,14.824391409674435,0.12067054082980143,-68.77241415041104,-1.1573229341274334,15.254041490633893,0.6295741068180681,-4.368750225522808,0.2719344611720337,0.10479187208091871,0.00015748,0.3025832572502895,0.00081957,0,0.0
2652,0.4432923192528845,0.8051423947478594,-1.54e-06,2.301058337073141,3.47893708472098,72.18477075088883,1.0052136313683062,-3.519120957511038,0.12067054082980143,-32.58496264351714,-1.1573229341274334,68.25691182755291,0.6295741068180681,6.796955926492293,0.2719344611720337,0.07394370929691485,0.00015748,0.9298147157856063,0.00081957,0,0.0
2653,0.44881007094409175,0.1597426828949865,-1.54e-06,2.301058337073141,3.47893708472098,10.50542589207582,1.0052136313683062,17.842174815115104,0.12067054082980143,-44.275055852998115,-1.1573229341274334,-80.44075592478092,0.6295741068180681,33.07883776527312,0.2719344611720337,-0.24838180127153464,0.00015748,0.24877940679316224,0.00081957,1,0.0
2654,0.17457468659515224,0.09513305020935042,-1.54e-06,2.301058337073141,3.47893708472098,52.627160405173285,1.0052136313683062,11.91920479769483,0.12067054082980143,-22.154631683950566,-1.1573229341274334,-81.43006062300752,0.6295741068180681,2.1260441381249633,0.2719344611720337,-0.21325872286532996,0.00015748,0.21619426285927099,0.00081957,1,0.0
2655,0.00047735246993685365,0.2793718718587518,-1.54e-06,2.301058337073141,3.47893708472098,36.20983605478918,1.0052136313683062,15.6817970627894,0.12067054082980143,-27.86487127224219,-1.1573229341274334,-16.417200841254992,0.6295741068180681,-15.62873414834025,0.2719344611720337,-0.19001738309186317,0.00015748,0.31548503350522367,0.00081957,1,0.0
2656,0.064247322489421,0.011586063125152802,-1.54e-06,2.301058337073141,3.47893708472098,23.689715693153335,1.0052136313683062,3.913966871818852,0.12067054082980143,-0.44027727427541924,-1.1573229341274334,-38.017539585124055,0.6295741068180681,-4.251863501757959,0.2719344611720337,-0.0749278193449744,0.00015748,0.07518758092901641,0.00081957,1,0.0
2657,-0.004760640773733282,0.8239112783459641,-1.54e-06,2.301058337073141,3.47893708472098,94.0887503601106,1.0052136313683062,21.778663232574274,0.12067054082980143,-51.80283167301102,-1.1573229341274334,92.63235629350494,0.6295741068180681,-53.698944223363206,0.2719344611720337,0.014325200108875669,0.00015748,0.9647338588269319,0.00081957,0,0.0
2658,0.0007034634803837481,0.12581089423425526,-1.54e-06,2.301058337073141,3.47893708472098,41.947750309185174,1.0052136313683062,5.746461260296612,0.12067054082980143,-35.65532695093365,-1.1573229341274334,36.7202613248777,0.6295741068180681,-5.142198068389177,0.2719344611720337,0.1359655327148588,0.00015748,0.21301979180474748,0.00081957,0,0.0
2659,0.00026053772400125297,0.13497508765173633,-1.54e-06,2.301058337073141,3.47893708472098,76.98961986156871,1.0052136313683062,13.392416696058376,0.12067054082980143,-60.91003615671315,-1.1573229341274334,14.15635150159026,0.6295741068180681,-6.037176903767888,0.2719344611720337,0.11138103362644522,0.00015748,0.27527701563312135,0.00081957,0,0.0
2660,0.0006570996573244114,0.05620711864738217,-1.54e-06,2.301058337073141,3.47893708472098,43.1683276986528,1.0052136313683062,6.4854817774725095,0.12067054082980143,-16.07461758926847,-1.1573229341274334,-25.17843182773749,0.6295741068180681,-8.412577010137348,0.2719344611720337,-0.04709380369426633,0.00015748,0.13359574803901572,0.00081957,1,0.0
2661,0.6751909564738725,0.27608913493567233,-1.54e-06,2.301058337073141,3.47893708472098,-9.806126394687015,1.0052136313683062,7.624228999434707,0.12067054082980143,-64.99550146380227,-1.1573229341274334,-37.074749159692146,0.6295741068180681,73.84549781173267,0.2719344611720337,-0.12836752627867498,0.00015748,0.3186678468507006,0.00081957,1,0.0
2662,0.0014624128379777668,0.01278170311285616,-1.54e-06,2.301058337073141,3.47893708472098,-48.52051809450447,1.0052136313683062,5.523718371761322,0.12067054082980143,-87.92415766060985,-1.1573229341274334,89.1313801621606,0.6295741068180681,57.53247618806457,0.2719344611720337,-0.06097476439202244,0.00015748,0.06228932957471568,0.00081957,1,0.0
2663,-1.691752694155113e-05,0.24630326689413182,-1.54e-06,2.301058337073141,3.47893708472098,91.40262023167587,1.0052136313683062,4.770374563134515,0.12067054082980143,-8.482392739059861,-1.1573229341274334,41.92290441704072,0.6295741068180681,-44.134890414696926,0.2719344611720337,0.16571569752908583,0.00015748,0.5433143640517977,0.00081957,0,0.0
2664,0.4868693821367609,0.26383205324628245,-1.54e-06,2.301058337073141,3.47893708472098,62.96908223396884,1.0052136313683062,22.84001200730996,0.12067054082980143,-83.15847058839233,-1.1573229341274334,-75.72360435600525,0.6295741068180681,37.0069010129559,0.2719344611720337,-0.15472765254583776,0.00015748,0.40412617021496444,0.00081957,1,0.0
2665,0.006337926401622451,0.14373301677578984,-1.54e-06,2.301058337073141,3.47893708472098,58.99441561151614,1.0052136313683062,15.38138399485041,0.12067054082980143,-74.30600388599741,-1.1573229341274334,4.014047783973189,0.6295741068180681,10.074630753424657,0.2719344611720337,-0.059651110542654956,0.00015748,0.27671398095161626,0.00081957,1,0.0
2666,1.3354172027350324,1.0765361794716055,-1.54e-06,2.301058337073141,3.47893708472098,78.74488526658618,1.0052136313683062,12.027336407996545,0.12067054082980143,-99.80728012186471,-1.1573229341274334,10.692742022424943,0.6295741068180681,74.06180502678502,0.2719344611720337,0.2965672012366048,0.00015748,1.10831043555333,0.00081957,0,0.0
2667,0.441168379522499,0.17560460005893366,-1.54e-06,2.301058337073141,3.47893708472098,16.46215202396824,1.0052136313683062,18.31460340029969,0.12067054082980143,-79.18121855517448,-1.1573229341274334,-64.3029975052582,0.6295741068180681,54.44366424014738,0.2719344611720337,-0.28660438363283813,0.00015748,0.29630633758064284,0.00081957,1,0.0
2668,0.5743588809684729,0.508957992626272,-1.54e-06,2.301058337073141,3.47893708472098,-77.89558703813127,1.0052136313683062,12.49570181689317,0.12067054082980143,-16.355312246330282,-1.1573229341274334,-24.057095899707434,0.6295741068180681,42.740209554031004,0.2719344611720337,-0.3842756782490208,0.00015748,0.38314385864721295,0.00081957,1,0.0
2669,0.12557778989775492,0.03735479828843502,-1.54e-06,2.301058337073141,3.47893708472098,41.46637620167915,1.0052136313683062,7.07765688841949,0.12067054082980143,-1.232699086642675,-1.1573229341274334,-68.64043657675705,0.6295741068180681,-6.551914812398173,0.2719344611720337,-0.13462252096659572,0.00015748,0.13533327611395102,0.00081957,1,0.0
2670,0.03213056971038952,0.13270655541732648,-1.54e-06,2.301058337073141,3.47893708472098,76.16759599734455,1.0052136313683062,13.506584606439759,0.12067054082980143,-27.126906668727557,-1.1573229341274334,-73.06275791241586,0.6295741068180681,-11.954667382449557,0.2719344611720337,-0.2070227368378713,0.00015748,0.25043054069613024,0.00081957,1,0.0
2671,0.15873910427248855,0.09034173340638955,-1.54e-06,2.301058337073141,3.47893708472098,51.281966338179934,1.0052136313683062,11.489709673252522,0.12067054082980143,-22.509355324670416,-1.1573229341274334,-77.38225728085526,0.6295741068180681,2.205201749560236,0.2719344611720337,-0.21081001682630562,0.00015748,0.2107725179791804,0.00081957,1,0.0
2672,0.48734845166922686,0.10190922225723667,-1.54e-06,2.301058337073141,3.47893708472098,-19.222528331341586,1.0052136313683062,8.436323161591128,0.12067054082980143,-59.97871760985334,-1.1573229341274334,-36.167793244037746,0.6295741068180681,64.92935942793122,0.2719344611720337,-0.195318448732378,0.00015748,0.19979345974614618,0.00081957,1,0.0
2673,0.6928380666668874,0.10402633714300893,-1.54e-06,2.301058337073141,3.47893708472098,-39.46536722092997,1.0052136313683062,14.158523280345868,0.12067054082980143,-74.97230814397952,-1.1573229341274334,-49.40010618985741,0.6295741068180681,83.69945111867341,0.2719344611720337,-0.20174722570332815,0.00015748,0.2017864759273904,0.00081957,1,0.0
2674,0.007704489716356844,0.09528147517131998,-1.54e-06,2.301058337073141,3.47893708472098,35.84085856982293,1.0052136313683062,11.247560505380786,0.12067054082980143,-59.16807352555216,-1.1573229341274334,-3.8662959129314025,0.6295741068180681,15.571653445747128,0.2719344611720337,-0.13318799133348194,0.00015748,0.2054121789506286,0.00081957,1,0.0
2675,0.3190692062662839,0.24355263665436822,-1.54e-06,2.301058337073141,3.47893708472098,15.000458609599185,1.0052136313683062,2.895174360815714,0.12067054082980143,-49.07751415569935,-1.1573229341274334,15.532730112549231,0.6295741068180681,36.48899408651952,0.2719344611720337,-0.019030347319676677,0.00015748,0.32875370354054656,0.00081957,1,0.0
2676,0.35211866863314106,0.06299884945767042,-1.54e-06,2.301058337073141,3.47893708472098,-29.962235673097002,1.0052136313683062,0.31437751198202535,0.12067054082980143,-27.73502969495528,-1.1573229341274334,-11.941811694297593,0.6295741068180681,47.40732831706454,0.2719344611720337,-0.12057965831489782,0.00015748,0.12334788976577378,0.00081957,1,0.0
2677,0.3391406280675975,0.08738554910804677,-1.54e-06,2.301058337073141,3.47893708472098,-44.143037167479044,1.0052136313683062,5.8903160417260745,0.12067054082980143,-15.613181926900598,-1.1573229341274334,-10.788224027017462,0.6295741068180681,31.411951010452285,0.2719344611720337,-0.154356984304733,0.00015748,0.15344510613615076,0.00081957,1,0.0
2678,0.3792012663871213,0.08785007775419085,-1.54e-06,2.301058337073141,3.47893708472098,14.55023171111477,1.0052136313683062,12.590768675982805,0.12067054082980143,-43.400912593629606,-1.1573229341274334,-66.35380910586204,0.6295741068180681,35.089037520097364,0.2719344611720337,-0.20287203916726404,0.00015748,0.20614033088363015,0.00081957,1,0.0
2679,0.2725942557070643,0.09419065463428311,-1.54e-06,2.301058337073141,3.47893708472098,11.67177944132715,1.0052136313683062,13.50175045487621,0.12067054082980143,-63.326539774730996,-1.1573229341274334,-36.3730089030477,0.6295741068180681,39.947394071405554,0.2719344611720337,-0.2128304133409784,0.00015748,0.2164618632148091,0.00081957,1,0.0
2680,0.45624738740626347,0.09143197738304452,-1.54e-06,2.301058337073141,3.47893708472098,-4.397066064882833,1.0052136313683062,13.262227564647077,0.12067054082980143,-59.81374805836271,-1.1573229341274334,-52.20700412063814,0.6295741068180681,53.20860247615516,0.2719344611720337,-0.20563933192061823,0.00015748,0.20812901942401918,0.00081957,1,0.0
2681,0.46830114096844355,0.14242675088232934,-1.54e-06,2.301058337073141,3.47893708472098,1.3674412971665961,1.0052136313683062,16.89398543933179,0.12067054082980143,-79.33694509968957,-1.1573229341274334,-53.601562546741825,0.6295741068180681,60.99132858858889,0.2719344611720337,-0.26335253340143044,0.00015748,0.2651369245833463,0.00081957,1,0.0
2682,0.08458866422957062,0.012041979311606664,-1.54e-06,2.301058337073141,3.47893708472098,-57.345878337141144,1.0052136313683062,6.043831486635664,0.12067054082980143,-94.1054611922762,-1.1573229341274334,86.90071986890914,0.6295741068180681,68.07349910641855,0.2719344611720337,-0.06765810220167,0.00015748,0.06786204340264933,0.00081957,1,0.0
2683,0.3509687955733473,0.13386867538270358,-1.54e-06,2.301058337073141,3.47893708472098,-100.0,1.0052136313683062,-8.800052345299536,0.12067054082980143,-38.348314910400866,-1.1573229341274334,73.69987091007839,0.6295741068180681,77.78963093155951,0.2719344611720337,-0.16233184595531752,0.00015748,0.16478925966825236,0.00081957,1,0.0
2684,0.002306713445290598,0.027372040665525774,-1.54e-06,2.301058337073141,3.47893708472098,31.98167429757489,1.0052136313683062,5.552597965899537,0.12067054082980143,-13.199971854477948,-1.1573229341274334,-29.858444697068453,0.6295741068180681,-3.900332561344998,0.2719344611720337,-0.10215064442412293,0.00015748,0.1088387137462707,0.00081957,1,0.0
2685,0.22688251556361483,0.1741715647067503,-1.54e-06,2.301058337073141,3.47893708472098,70.19405631536776,1.0052136313683062,16.61674901921041,0.12067054082980143,-45.422668214491225,-1.1573229341274334,-77.52624927092397,0.6295741068180681,6.928279895019571,0.2719344611720337,-0.18206906256514502,0.00015748,0.3051754833524213,0.00081957,1,0.0
2686,0.011233265635428424,0.020511433433424882,-1.54e-06,2.301058337073141,3.47893708472098,8.730968172644156,1.0052136313683062,5.146265305628519,0.12067054082980143,-33.86920940921366,-1.1573229341274334,2.103915838014525,0.6295741068180681,14.721399796156515,0.2719344611720337,-0.09491584820520059,0.00015748,0.09503905731517885,0.00081957,1,0.0
2687,0.0004825843162317156,0.09218855932179384,-1.54e-06,2.301058337073141,3.47893708472098,41.229337605761216,1.0052136313683062,9.450358255950857,0.12067054082980143,-47.798184520009826,-1.1573229341274334,11.124634617996643,0.6295741068180681,4.0317691455276545,0.2719344611720337,0.017522359096024204,0.00015748,0.17895270537743221,0.00081957,0,0.0
2688,0.17032106872855224,0.12748633723382413,-1.54e-06,2.301058337073141,3.47893708472098,28.384409358745696,1.0052136313683062,14.769492155138172,0.12067054082980143,-75.09998128641226,-1.1573229341274334,-16.85095900258776,0.6295741068180681,33.17724132055355,0.2719344611720337,-0.17142224466302117,0.00015748,0.25198367640326713,0.00081957,1,0.0
2689,0.0030521656171991207,0.08407187791620967,-1.54e-06,2.301058337073141,3.47893708472098,23.441693006023808,1.0052136313683062,9.88060281538831,0.12067054082980143,-65.82849002914048,-1.1573229341274334,25.397182817268835,0.6295741068180681,20.928591281260346,0.2719344611720337,-0.04765735402287838,0.00015748,0.17913011456865965,0.00081957,1,0.0
2690,0.01716213723594584,0.06897994534721931,-1.54e-06,2.301058337073141,3.47893708472098,34.46501032429198,1.0052136313683062,10.050556878433627,0.12067054082980143,-42.07455540173697,-1.1573229341274334,-25.377301286175694,0.6295741068180681,9.748732436300081,0.2719344611720337,-0.17619033719784,0.00015748,0.17693635974933325,0.00081957,1,0.0
2691,0.4958911499258716,0.7879097421046828,-1.54e-06,2.301058337073141,3.47893708472098,99.71320411966724,1.0052136313683062,39.70700790789165,0.12067054082980143,-92.51712655335369,-1.1573229341274334,-96.00431097550788,0.6295741068180681,5.116365931191524,0.2719344611720337,-0.23499412430434974,0.00015748,0.6632354229940206,0.00081957,1,0.0
2692,0.2455226590887087,0.021147537884152266,-1.54e-06,2.301058337073141,3.47893708472098,-37.50351899268695,1.0052136313683062,6.8814522151597375,0.12067054082980143,-49.634236671719236,-1.1573229341274334,15.695111637227194,0.6295741068180681,45.48224155792991,0.2719344611720337,-0.08943398726746891,0.00015748,0.08895569557462789,0.00081957,1,0.0
2693,0.0009850179078094087,0.17721317943710538,-1.54e-06,2.301058337073141,3.47893708472098,1.9661856671870628,1.0052136313683062,0.45290123990105974,0.12067054082980143,-34.99834115946875,-1.1573229341274334,83.76118897671236,0.6295741068180681,7.373636973595911,0.2719344611720337,0.03460252457168256,0.00015748,0.3246847379619192,0.00081957,0,0.0
2694,0.03522209904396201,0.2779095042968955,-1.54e-06,2.301058337073141,3.47893708472098,-51.5571982566233,1.0052136313683062,-13.530136882029213,0.12067054082980143,-13.682746090715868,-1.1573229341274334,85.57529581747438,0.6295741068180681,35.871519449258045,0.2719344611720337,-0.21614348550382956,0.00015748,0.3033046481944418,0.00081957,1,0.0
2695,0.49734303991614726,0.2445992125949618,-1.54e-06,2.301058337073141,3.47893708472098,78.13074333282432,1.0052136313683062,20.069660206248372,0.12067054082980143,-69.75118288199941,-1.1573229341274334,-69.28670271311287,0.6295741068180681,24.782646853708126,0.2719344611720337,-0.013920527978187214,0.00015748,0.4071528100981483,0.00081957,1,0.0
2696,0.7920901127071334,0.27784609846560493,-1.54e-06,2.301058337073141,3.47893708472098,-7.406587119145465,1.0052136313683062,7.99348184602047,0.12067054082980143,-48.65695367309346,-1.1573229341274334,-55.21065035190738,0.6295741068180681,67.26129625335783,0.2719344611720337,-0.03690615327124788,0.00015748,0.2950247821507014,0.00081957,1,0.0
2697,0.005120749714703665,1.2811412834711249,-1.54e-06,2.301058337073141,3.47893708472098,61.877404697890576,1.0052136313683062,31.844460345005132,0.12067054082980143,-24.95696558105373,-1.1573229341274334,-91.27743109059139,0.6295741068180681,-39.653188205377795,0.2719344611720337,-0.6092553038982437,0.00015748,0.5906094802146374,0.00081957,1,0.0
2698,0.0017108986297612594,0.2489673534182478,-1.54e-06,2.301058337073141,3.47893708472098,-10.003918184314879,1.0052136313683062,9.554859327185076,0.12067054082980143,-41.060748565955855,-1.1573229341274334,55.7971712519062,0.6295741068180681,6.063381555186446,0.2719344611720337,-0.1381353843170266,0.00015748,0.3301449950046835,0.00081957,1,0.0
2699,0.6488184590179095,0.07432393377522771,-1.54e-06,2.301058337073141,3.47893708472098,-20.01596352413039,1.0052136313683062,8.506827848580038,0.12067054082980143,-26.00629775013451,-1.1573229341274334,-81.26108018615835,0.6295741068180681,53.51963743316046,0.2719344611720337,-0.14327443507152654,0.00015748,0.14354768640259102,0.00081957,1,0.0
2700,5.575409056952224e-05,0.004400507851596702,-1.54e-06,2.687540073637388,7.505384807007876,12.319847143976496,1.0052136313683062,9.583080847501007,0.12067054082980143,-58.07687720158547,-1.1573229341274334,80.95850032577906,0.6295741068180681,10.157677988904105,0.2719344611720337,-0.0015133197626159634,0.00015748,0.010003459723204437,0.00081957,1,0.0
2701,0.017010230287772793,0.0009089150087525187,-1.54e-06,2.687540073637388,7.505384807007876,-6.451841730422844,1.0052136313683062,12.235141619842175,0.12067054082980143,-25.164967202542496,-1.1573229341274334,-74.80562361094492,0.6295741068180681,7.086105147039241,0.2719344611720337,-0.010761926449099995,0.00015748,0.01075767157506572,0.00081957,1,0.0
2702,0.00013724515973227713,0.0051837634579701905,-1.54e-06,2.687540073637388,7.505384807007876,38.72394148471339,1.0052136313683062,16.902257661633023,0.12067054082980143,-0.12720493007974987,-1.1573229341274334,-4.298866067608589,0.6295741068180681,-35.35114236068898,0.2719344611720337,-0.01920388423835138,0.00015748,0.022030075913577096,0.00081957,1,0.0
2703,0.014710676938943554,0.0023124073157693202,-1.54e-06,2.687540073637388,7.505384807007876,-26.075605913594643,1.0052136313683062,16.771793595541006,0.12067054082980143,-49.5205874843119,-1.1573229341274334,32.79358674749019,0.6295741068180681,9.573327245267544,0.2719344611720337,-0.017100621048475567,0.00015748,0.01709363837127418,0.00081957,1,0.0
2704,0.00016634357858971716,0.004052249550871936,-1.54e-06,2.687540073637388,7.505384807007876,13.488754359484613,1.0052136313683062,12.437384644304236,0.12067054082980143,-88.39966877276805,-1.1573229341274334,-54.682571567317446,0.6295741068180681,34.29474107475212,0.2719344611720337,-0.01032443083557399,0.00015748,0.017454425032499013,0.00081957,1,0.0
2705,0.042183866093223915,0.00914619612721219,-1.54e-06,2.687540073637388,7.505384807007876,-80.0479234158815,1.0052136313683062,-19.644805416749254,0.12067054082980143,-27.17648716929085,-1.1573229341274334,-98.99600361317988,0.6295741068180681,84.24394978087093,0.2719344611720337,-0.032140452319275974,0.00015748,0.03255354453197689,0.00081957,1,0.0
2706,0.00026506465918824107,0.0068573587849317195,-1.54e-06,2.687540073637388,7.505384807007876,32.081346892181024,1.0052136313683062,15.512346289445066,0.12067054082980143,-67.26030515011972,-1.1573229341274334,90.3485257954637,0.6295741068180681,1.0217207878761854,0.2719344611720337,-0.004395134269448189,0.00015748,0.016499650089256638,0.00081957,1,0.0
2707,4.487478085149488e-05,0.0020514514049098393,-1.54e-06,2.687540073637388,7.505384807007876,-2.6641394536874103,1.0052136313683062,8.237413638396733,0.12067054082980143,-44.22569614353338,-1.1573229341274334,57.03656680981592,0.6295741068180681,9.27408795556961,0.2719344611720337,-0.004217175971916164,0.00015748,0.007821674072704865,0.00081957,1,0.0
2708,0.000325215565251748,0.008752002646663436,-1.54e-06,2.687540073637388,7.505384807007876,2.953204327415616,1.0052136313683062,0.4898534931436312,0.12067054082980143,-98.79906480771506,-1.1573229341274334,11.671892011232712,0.6295741068180681,56.82762110664467,0.2719344611720337,-0.017033073968044054,0.00015748,0.028708847638044304,0.00081957,1,0.0
2709,0.00012940644721154415,0.005436085894645899,-1.54e-06,2.687540073637388,7.505384807007876,36.50864447021751,1.0052136313683062,14.650861587666538,0.12067054082980143,-32.46293919497237,-1.1573229341274334,39.52045648908969,0.6295741068180681,-15.383137802088426,0.2719344611720337,-0.00896870208134003,0.00015748,0.01685638554653367,0.00081957,1,0.0
2710,0.0178482676438569,0.006706024253481472,-1.54e-06,2.687540073637388,7.505384807007876,-64.99134189427542,1.0052136313683062,-14.360812050085574,0.12067054082980143,-52.608261116141136,-1.1573229341274334,-43.68804191044111,0.6295741068180681,77.04559695421142,0.2719344611720337,-0.028629890980539696,0.00015748,0.028690553412863418,0.00081957,1,0.0
2711,0.0003068492501561368,0.004084922711065472,-1.54e-06,2.687540073637388,7.505384807007876,61.668106126459854,1.0052136313683062,9.549152845993003,0.12067054082980143,-3.5338220643540255,-1.1573229341274334,-89.81229248142692,0.6295741068180681,-19.73504168227797,0.2719344611720337,-0.0028739192694418386,0.00015748,0.010348487978840807,0.00081957,1,0.0
2712,0.014993636423292028,0.0003932711639140901,-1.54e-06,2.687540073637388,7.505384807007876,-35.43569087707323,1.0052136313683062,6.685507394210126,0.12067054082980143,-32.15279824057092,-1.1573229341274334,58.62639472576213,0.6295741068180681,15.497483434533303,0.2719344611720337,-0.00751236642013675,0.00015748,0.0075213023045470956,0.00081957,1,0.0
2713,0.0002578496974869199,0.00840793148067976,-1.54e-06,2.687540073637388,7.505384807007876,72.94402365634792,1.0052136313683062,16.01195127029919,0.12067054082980143,-71.77766033136727,-1.1573229341274334,-59.9029828679794,0.6295741068180681,5.80069669789446,0.2719344611720337,-0.004649708895315472,0.00015748,0.020857645154974694,0.00081957,1,0.0
2714,0.0459734880111407,0.0006749043800789913,-1.54e-06,2.687540073637388,7.505384807007876,-68.8553331454219,1.0052136313683062,9.314314760636174,0.12067054082980143,-40.187211211766765,-1.1573229341274334,15.72699312144392,0.6295741068180681,34.77672665300986,0.2719344611720337,-0.009609744720236514,0.00015748,0.00967025025919552,0.00081957,1,0.0
2715,0.0009512817362460589,0.0094893916487933,-1.54e-06,2.687540073637388,7.505384807007876,79.54038419415618,1.0052136313683062,4.5252791665690255,0.12067054082980143,-38.162263470700026,-1.1573229341274334,-35.05239327799788,0.6295741068180681,0.8837757256784002,0.2719344611720337,-0.0033158528540045556,0.00015748,0.021494457575900707,0.00081957,1,0.0
2716,0.04617317810565307,9.717231263233e-05,-1.54e-06,2.687540073637388,7.505384807007876,-72.13172680529908,1.0052136313683062,0.9919661470300043,0.12067054082980143,-22.794816394856174,-1.1573229341274334,16.232637479097335,0.6295741068180681,38.493031287108785,0.2719344611720337,-0.0020170957733078093,0.00015748,0.002022124282124567,0.00081957,1,0.0
2717,2.4173359170917563e-05,0.008325835940571895,-1.54e-06,2.687540073637388,7.505384807007876,52.26093978669606,1.0052136313683062,12.031128322719047,0.12067054082980143,-63.06547870324223,-1.1573229341274334,83.04361359801561,0.6295741068180681,0.13845786388695575,0.2719344611720337,0.00184117050879233,0.00015748,0.01464165867892124,0.00081957,0,0.0
2718,0.03612285291996936,0.00015824279215191162,-1.54e-06,2.687540073637388,7.505384807007876,-79.37316155045693,1.0052136313683062,0.5688557357648527,0.12067054082980143,-50.6532702016709,-1.1573229341274334,46.73238799471345,0.6295741068180681,52.48192348908202,0.2719344611720337,-0.0029095855133553588,0.00015748,0.0029253141669143222,0.00081957,1,0.0
2719,0.04430454415038569,0.0005996791030841359,-1.54e-06,2.687540073637388,7.505384807007876,-59.51028128309634,1.0052136313683062,-3.4526349329955353,0.12067054082980143,-15.61586977920126,-1.1573229341274334,-70.04019312466262,0.6295741068180681,44.94052939795825,0.2719344611720337,-0.007589500386924807,0.00015748,0.007586922046756204,0.00081957,1,0.0
2720,0.06313745711870042,0.022163392796952605,-1.54e-06,2.687540073637388,7.505384807007876,51.33892693156859,1.0052136313683062,-10.41421535019574,0.12067054082980143,-21.79980722023576,-1.1573229341274334,74.04043654535887,0.6295741068180681,28.432583722916142,0.2719344611720337,-0.00730518789282214,0.00015748,0.041765618414099925,0.00081957,1,0.0
2721,2.0766384234885416e-05,0.0022512819995876305,-1.54e-06,2.687540073637388,7.505384807007876,20.7822690403781,1.0052136313683062,15.650243732649686,0.12067054082980143,-54.11722678666262,-1.1573229341274334,-91.94322839015175,0.6295741068180681,9.92315133798927,0.2719344611720337,-0.010994649424526107,0.00015748,0.013758403924808892,0.00081957,1,0.0
2722,0.02085872581026331,0.0003508056542134276,-1.54e-06,2.687540073637388,7.505384807007876,-65.9387745548685,1.0052136313683062,6.176590057801516,0.12067054082980143,-88.25183919038984,-1.1573229341274334,6.531668175554873,0.6295741068180681,62.314584052584394,0.2719344611720337,-0.009508040039356874,0.00015748,0.009540071246212072,0.00081957,1,0.0
2723,0.008236129719209041,6.627847205670468e-06,-1.54e-06,2.687540073637388,7.505384807007876,-24.756074838376673,1.0052136313683062,0.08836577446848223,0.12067054082980143,-14.44396056518229,-1.1573229341274334,44.479221718593585,0.6295741068180681,12.550643812097452,0.2719344611720337,-0.0009163923816983006,0.00015748,0.0009177341391738549,0.00081957,1,0.0
2724,0.00022642278630966017,0.005675079738086675,-1.54e-06,2.687540073637388,7.505384807007876,27.02011246765457,1.0052136313683062,27.78471478422458,0.12067054082980143,-85.34574046345577,-1.1573229341274334,-88.26870292017956,0.6295741068180681,7.465511605980786,0.2719344611720337,-0.02022903286627267,0.00015748,0.02427295207651942,0.00081957,1,0.0
2725,0.03134158922035238,4.301656511609757e-05,-1.54e-06,2.687540073637388,7.505384807007876,-82.21154210901965,1.0052136313683062,5.992319524318291,0.12067054082980143,-77.6299093744864,-1.1573229341274334,61.60071305980808,0.6295741068180681,58.139503129052606,0.2719344611720337,-0.004405026856568788,0.00015748,0.004407814934388909,0.00081957,1,0.0
2726,-1.5160035504391267e-05,0.01115931870435575,-1.54e-06,2.687540073637388,7.505384807007876,8.955601371757767,1.0052136313683062,-13.025573789159033,0.12067054082980143,-40.698426486260104,-1.1573229341274334,61.15983799623113,0.6295741068180681,38.42782348637277,0.2719344611720337,-0.019887139854356157,0.00015748,0.03181222348403705,0.00081957,1,0.0
2727,1.578421760824872e-05,0.0011546937935630738,-1.54e-06,2.687540073637388,7.505384807007876,-27.389528749286985,1.0052136313683062,8.887648592378874,0.12067054082980143,-97.5046239672074,-1.1573229341274334,-67.12443245273656,0.6295741068180681,55.50762153298431,0.2719344611720337,-0.015740558406541913,0.00015748,0.0161886863698169,0.00081957,1,0.0
2728,0.03745669409108236,0.00020279590638392953,-1.54e-06,2.687540073637388,7.505384807007876,-99.12399773771098,1.0052136313683062,4.458392437997929,0.12067054082980143,-89.99571145482241,-1.1573229341274334,64.1916072196401,0.6295741068180681,73.1122713325695,0.2719344611720337,-0.005864989670131594,0.00015748,0.005895730124449784,0.00081957,1,0.0
2729,0.00010259018819844257,0.002048204653475589,-1.54e-06,2.687540073637388,7.505384807007876,23.94313651837109,1.0052136313683062,12.990048990377094,0.12067054082980143,-45.28532804830686,-1.1573229341274334,-98.77891033026062,0.6295741068180681,8.77824986272941,0.2719344611720337,-0.009049200485732913,0.00015748,0.012085922980250133,0.00081957,1,0.0
2730,0.009801518325869174,0.0012328336476254752,-1.54e-06,2.687540073637388,7.505384807007876,-28.384098853508686,1.0052136313683062,19.19753972375386,0.12067054082980143,-94.77733041163394,-1.1573229341274334,-49.335471730345226,0.6295741068180681,38.573896050535105,0.2719344611720337,-0.015287089269736478,0.00015748,0.015285205418303647,0.00081957,1,0.0
2731,0.00019690400604503722,0.019687273838198696,-1.54e-06,2.687540073637388,7.505384807007876,13.847353324451044,1.0052136313683062,-11.770664355920543,0.12067054082980143,-98.76801367544161,-1.1573229341274334,6.388529361607984,0.6295741068180681,74.48979209848166,0.2719344611720337,-0.03151675511315097,0.00015748,0.04880486964579267,0.00081957,1,0.0
2732,6.40651129335118e-05,0.00599954976615889,-1.54e-06,2.687540073637388,7.505384807007876,24.819267289256636,1.0052136313683062,15.867048480186533,0.12067054082980143,-27.583314706237235,-1.1573229341274334,96.30770747490007,0.6295741068180681,-22.200419101017722,0.2719344611720337,-0.015121179131374408,0.00015748,0.021444518227538234,0.00081957,1,0.0
2733,0.028753274856325707,1.6797403184278263e-05,-1.54e-06,2.687540073637388,7.505384807007876,-59.65622580019128,1.0052136313683062,3.7311407467180926,0.12067054082980143,-44.879823362274315,-1.1573229341274334,28.46292470470916,0.6295741068180681,39.143485525789494,0.2719344611720337,-0.0023213773726422,0.00015748,0.002321717237825129,0.00081957,1,0.0
2734,0.03990104907520657,9.94655105317396e-05,-1.54e-06,2.687540073637388,7.505384807007876,-68.09484993068178,1.0052136313683062,7.830116067809947,0.12067054082980143,-57.694204361327856,-1.1573229341274334,-16.57432089587674,0.6295741068180681,48.50956314081781,0.2719344611720337,-0.0055273755667268575,0.00015748,0.005538574624782761,0.00081957,1,0.0
2735,0.00028874157264252576,0.006050090246398424,-1.54e-06,2.687540073637388,7.505384807007876,24.527101820736995,1.0052136313683062,10.099125602412325,0.12067054082980143,-75.64059271620435,-1.1573229341274334,53.31407323216245,0.6295741068180681,19.3828634351936,0.2719344611720337,-0.002129947755858022,0.00015748,0.01408983057450124,0.00081957,1,0.0
2736,0.00019006073052839356,0.010741042577221029,-1.54e-06,2.687540073637388,7.505384807007876,81.56666401280049,1.0052136313683062,17.49058523971796,0.12067054082980143,-74.807136142804,-1.1573229341274334,38.89732384714905,0.6295741068180681,-4.578759568279489,0.2719344611720337,0.00010226163844459686,0.00015748,0.020721400009479106,0.00081957,0,0.0
2737,0.008144603603245745,0.00013978612321068661,-1.54e-06,2.687540073637388,7.505384807007876,-8.503632694050038,1.0052136313683062,6.872078886829969,0.12067054082980143,-34.441808033701044,-1.1573229341274334,-69.7858922207395,0.6295741068180681,19.07603039806151,0.2719344611720337,-0.006445719513230199,0.00015748,0.006464262179194857,0.00081957,1,0.0
2738,0.053564103154088244,6.102384683984922e-05,-1.54e-06,2.687540073637388,7.505384807007876,-87.41059802649157,1.0052136313683062,3.9626302686900243,0.12067054082980143,-47.87632728360111,-1.1573229341274334,-6.361789882089662,0.6295741068180681,55.797541811558325,0.2719344611720337,-0.0022061217924548462,0.00015748,0.002207058087721954,0.00081957,1,0.0
2739,0.00032661935433849626,0.0026283904312148394,-1.54e-06,2.687540073637388,7.505384807007876,-24.60101105737503,1.0052136313683062,7.996514839788118,0.12067054082980143,-95.26229114206224,-1.1573229341274334,45.860210636086755,0.6295741068180681,46.048520825379875,0.2719344611720337,-0.008390902309361759,0.00015748,0.012916360872501363,0.00081957,1,0.0
2740,0.010019523280741596,0.0023883700448554626,-1.54e-06,2.687540073637388,7.505384807007876,-48.61768432205846,1.0052136313683062,-0.7236310070362415,0.12067054082980143,-82.17978799723078,-1.1573229341274334,-62.12303260867265,0.6295741068180681,68.65304132347322,0.2719344611720337,-0.019740675685230847,0.00015748,0.01976803422786418,0.00081957,1,0.0
2741,0.004027882828761403,0.0006228916411007052,-1.54e-06,2.687540073637388,7.505384807007876,-40.853395722615495,1.0052136313683062,9.238144496773309,0.12067054082980143,-99.37574388958781,-1.1573229341274334,-29.147372789984633,0.6295741068180681,57.048596273012386,0.2719344611720337,-0.01345676032068117,0.00015748,0.013459254036869442,0.00081957,1,0.0
2742,-1.787377200440643e-06,0.00879416014556139,-1.54e-06,2.687540073637388,7.505384807007876,65.05516100745419,1.0052136313683062,29.135679147149563,0.12067054082980143,-82.31036135661896,-1.1573229341274334,-100.0,0.6295741068180681,-4.114678348834962,0.2719344611720337,-0.01659252732311815,0.00015748,0.027219691420347716,0.00081957,1,0.0
2743,0.013973458387701226,0.0015491198097582954,-1.54e-06,2.687540073637388,7.505384807007876,-11.973063155290653,1.0052136313683062,18.521678130571452,0.12067054082980143,-62.431094849814215,-1.1573229341274334,-84.08321538718495,0.6295741068180681,20.476729815938096,0.2719344611720337,-0.015074165681042858,0.00015748,0.015104503743537188,0.00081957,1,0.0
2744,0.00022997460774908107,0.0009469901814196321,-1.54e-06,2.687540073637388,7.505384807007876,-17.610144026177675,1.0052136313683062,6.668968107831382,0.12067054082980143,-35.69199940479898,-1.1573229341274334,90.88646310727582,0.6295741068180681,7.365769324716572,0.2719344611720337,-0.006469229276910399,0.00015748,0.007637838387607232,0.00081957,1,0.0
2745,0.032457070852969526,0.00023864120676496658,-1.54e-06,2.687540073637388,7.505384807007876,-73.66247214685107,1.0052136313683062,10.988634504622878,0.12067054082980143,-96.29892874560134,-1.1573229341274334,-24.18951234312901,0.6295741068180681,66.49454334559864,0.2719344611720337,-0.01005484498617594,0.00015748,0.010062811528537673,0.00081957,1,0.0
2746,0.00017824641721936318,0.006910868404740401,-1.54e-06,2.687540073637388,7.505384807007876,48.94882396359099,1.0052136313683062,16.065757652735844,0.12067054082980143,-44.46456052803425,-1.1573229341274334,39.08648394004888,0.6295741068180681,-13.199778598064148,0.2719344611720337,-0.006391457172820283,0.00015748,0.01769993786390459,0.00081957,1,0.0
2747,0.011827400704228918,1.971157731129459e-05,-1.54e-06,2.687540073637388,7.505384807007876,-24.34852926548313,1.0052136313683062,2.9082620598956055,0.12067054082980143,-25.913277982233858,-1.1573229341274334,-3.3356971959718242,0.6295741068180681,19.508932541502855,0.2719344611720337,-0.0023798239885032494,0.00015748,0.002374589814921256,0.00081957,1,0.0
2748,0.012391841458068958,0.00018361724638895109,-1.54e-06,2.687540073637388,7.505384807007876,0.5368447380459176,1.0052136313683062,6.8935814006415805,0.12067054082980143,-13.268727920821643,-1.1573229341274334,-90.81585636008612,0.6295741068180681,7.10980105783754,0.2719344611720337,-0.005604872954638011,0.00015748,0.005607647806237619,0.00081957,1,0.0
2749,0.028408522392142,2.774954181610768e-05,-1.54e-06,2.687540073637388,7.505384807007876,-35.59254952789472,1.0052136313683062,3.722117160521567,0.12067054082980143,-25.265146851488822,-1.1573229341274334,-59.40774932439803,0.6295741068180681,28.981297235187405,0.2719344611720337,-0.0033922460036704713,0.00015748,0.003397172218188738,0.00081957,1,0.0
2750,0.00013225890783878647,0.0021806648258331164,-1.54e-06,2.687540073637388,7.505384807007876,-15.787583214235633,1.0052136313683062,14.500427593194944,0.12067054082980143,-64.55344267979098,-1.1573229341274334,76.04698771637982,0.6295741068180681,12.794323755517201,0.2719344611720337,-0.011690601869797626,0.00015748,0.013608465651646135,0.00081957,1,0.0
2751,0.010938112093878648,0.0011333976767607847,-1.54e-06,2.687540073637388,7.505384807007876,-39.011092427393805,1.0052136313683062,-0.6372422477215921,0.12067054082980143,-56.93748823304606,-1.1573229341274334,-42.62438559153843,0.6295741068180681,49.94794757848444,0.2719344611720337,-0.013416515641131107,0.00015748,0.013441816535290758,0.00081957,1,0.0
2752,0.008922328006761793,0.000193122926838795,-1.54e-06,2.687540073637388,7.505384807007876,-53.23753053058848,1.0052136313683062,8.520928298272596,0.12067054082980143,-74.04245349960856,-1.1573229341274334,96.58669402028362,0.6295741068180681,37.01360441374512,0.2719344611720337,-0.006357106289513616,0.00015748,0.006357613866185347,0.00081957,1,0.0
2753,0.009834864080823888,0.0007087875055610052,-1.54e-06,2.687540073637388,7.505384807007876,-7.663282523175418,1.0052136313683062,14.256668342875995,0.12067054082980143,-55.981187664934275,-1.1573229341274334,-95.74911946722277,0.6295741068180681,22.399665957111612,0.2719344611720337,-0.011578440711989504,0.00015748,0.011606007856685821,0.00081957,1,0.0
2754,0.000323478475637351,0.004133973168386441,-1.54e-06,2.687540073637388,7.505384807007876,-20.963786762686535,1.0052136313683062,24.268818857144414,0.12067054082980143,-88.8998350877949,-1.1573229341274334,65.66253200527315,0.6295741068180681,13.682285481834942,0.2719344611720337,-0.022142030894250226,0.00015748,0.02253639772663887,0.00081957,1,0.0
2755,0.0004970984076087467,0.007320694915158242,-1.54e-06,2.687540073637388,7.505384807007876,-25.71772007385394,1.0052136313683062,-6.623964699340768,0.12067054082980143,-79.45469045616501,-1.1573229341274334,28.043257664360002,0.6295741068180681,61.814545688554624,0.2719344611720337,-0.020874081160262115,0.00015748,0.027241767035305463,0.00081957,1,0.0
2756,0.00018757785714770825,0.002386368659824753,-1.54e-06,2.687540073637388,7.505384807007876,32.15063253769474,1.0052136313683062,10.01286376995578,0.12067054082980143,-0.2801623384211448,-1.1573229341274334,-31.742400587278915,0.6295741068180681,-20.515559165481875,0.2719344611720337,-0.009108784667450225,0.00015748,0.011821318682576822,0.00081957,1,0.0
2757,0.0010690892806448499,0.01016433951546567,-1.54e-06,2.687540073637388,7.505384807007876,-21.880889951807404,1.0052136313683062,-19.152569148307023,0.12067054082980143,-26.85617158135403,-1.1573229341274334,-28.282606221190076,0.6295741068180681,54.26964572690752,0.2719344611720337,-0.030558106909412304,0.00015748,0.03408566632697683,0.00081957,1,0.0
2758,0.05408639647966797,0.004657279436553356,-1.54e-06,2.687540073637388,7.505384807007876,-47.61472165952052,1.0052136313683062,17.87395971182156,0.12067054082980143,-11.758248174196442,-1.1573229341274334,-12.579962340486276,0.6295741068180681,3.5790931363038605,0.2719344611720337,-0.024450928113201733,0.00015748,0.024459086438432125,0.00081957,1,0.0
2759,6.792846519872858e-05,0.006397485096611157,-1.54e-06,2.687540073637388,7.505384807007876,29.607350921303933,1.0052136313683062,9.141364622870075,0.12067054082980143,-69.1402935534873,-1.1573229341274334,61.30648389151246,0.6295741068180681,15.209135808723024,0.2719344611720337,-0.0007862920288019591,0.00015748,0.013533655615140486,0.00081957,1,0.0
2760,0.0003788495182456414,0.008242423187892685,-1.54e-06,2.687540073637388,7.505384807007876,61.21949296716476,1.0052136313683062,6.265805607074194,0.12067054082980143,-52.2672124545908,-1.1573229341274334,-15.828662764621233,0.6295741068180681,8.926768259395645,0.2719344611720337,-0.0034917437217133005,0.00015748,0.019410987775084897,0.00081957,1,0.0
2761,0.01978234244693907,0.00020859418612021924,-1.54e-06,2.687540073637388,7.505384807007876,-53.13204011517931,1.0052136313683062,9.823191013070613,0.12067054082980143,-82.14234331059055,-1.1573229341274334,-13.65385665367518,0.6295741068180681,51.2796762956427,0.2719344611720337,-0.008888799256042827,0.00015748,0.008896454661447872,0.00081957,1,0.0
2762,5.3045388493155876e-05,0.0035645272248786847,-1.54e-06,2.687540073637388,7.505384807007876,1.2528429360617037,1.0052136313683062,12.695777502114591,0.12067054082980143,-66.13105549350415,-1.1573229341274334,74.98253342881037,0.6295741068180681,12.911303788029196,0.2719344611720337,-0.006041288638341422,0.00015748,0.012068635398638521,0.00081957,1,0.0
2763,0.03169104227867783,0.009528240215584925,-1.54e-06,2.687540073637388,7.505384807007876,-52.53874353969399,1.0052136313683062,-21.12068571163945,0.12067054082980143,-7.202027798519519,-1.1573229341274334,-37.865885268166565,0.6295741068180681,61.011203524496835,0.2719344611720337,-0.028263860478743606,0.00015748,0.03164421255263161,0.00081957,1,0.0
2764,0.06073391525636754,0.001961095732002465,-1.54e-06,2.687540073637388,7.505384807007876,-98.54214428488281,1.0052136313683062,-7.116391297869883,0.12067054082980143,-35.76193428023581,-1.1573229341274334,-55.100742512637325,0.6295741068180681,74.5441790128551,0.2719344611720337,-0.013724762899341847,0.00015748,0.013778078722642717,0.00081957,1,0.0
2765,0.015278367799675716,0.004833329064788383,-1.54e-06,2.687540073637388,7.505384807007876,15.021629202444279,1.0052136313683062,6.751234781338964,0.12067054082980143,-43.01185518188177,-1.1573229341274334,-2.7786980514538917,0.6295741068180681,15.622983729184266,0.2719344611720337,-0.00046546128943435097,0.00015748,0.010105876068500719,0.00081957,1,0.0
2766,0.007086325796145272,0.0011010425086053106,-1.54e-06,2.687540073637388,7.505384807007876,-38.452315264117345,1.0052136313683062,-5.464968192742399,0.12067054082980143,-34.35285126633074,-1.1573229341274334,20.71941166814954,0.6295741068180681,38.048122155997056,0.2719344611720337,-0.011325801422958906,0.00015748,0.011331426018252449,0.00081957,1,0.0
2767,0.0123939320073816,7.279579417483447e-05,-1.54e-06,2.687540073637388,7.505384807007876,-22.283625768881482,1.0052136313683062,2.8182888923916694,0.12067054082980143,-30.025736327366477,-1.1573229341274334,-37.69802608505635,0.6295741068180681,24.537770003411126,0.2719344611720337,-0.004662574106778979,0.00015748,0.004660486486869989,0.00081957,1,0.0
2768,0.00031799134624070375,0.004711971161176449,-1.54e-06,2.687540073637388,7.505384807007876,23.847813763905638,1.0052136313683062,0.9102571786479676,0.12067054082980143,-44.830950326511605,-1.1573229341274334,-88.770055243807,0.6295741068180681,27.211055240725738,0.2719344611720337,-0.012787382412860053,0.00015748,0.019656559911053702,0.00081957,1,0.0
2769,0.0002489828190045118,0.000536259366239655,-1.54e-06,2.687540073637388,7.505384807007876,-12.122574134984859,1.0052136313683062,11.148212357567566,0.12067054082980143,-76.88249340693034,-1.1573229341274334,-89.53163914136769,0.6295741068180681,37.97808467479974,0.2719344611720337,-0.012926908208943311,0.00015748,0.012945232456763229,0.00081957,1,0.0
2770,0.03471876774907401,0.004740826547233035,-1.54e-06,2.687540073637388,7.505384807007876,-62.005887122921,1.0052136313683062,24.67627658414643,0.12067054082980143,-83.00260938271477,-1.1573229341274334,60.21342653660322,0.6295741068180681,27.77266095605661,0.2719344611720337,-0.024901567153649586,0.00015748,0.02494729661960736,0.00081957,1,0.0
2771,0.05941938692148162,0.0003717899845081068,-1.54e-06,2.687540073637388,7.505384807007876,-90.43678513126413,1.0052136313683062,-2.9419557633674027,0.12067054082980143,-4.188534815993244,-1.1573229341274334,54.74384394428877,0.6295741068180681,38.042149631619,0.2719344611720337,-0.00643058938400825,0.00015748,0.006437952739202483,0.00081957,1,0.0
2772,0.0006117768343112256,0.00199742592177924,-1.54e-06,2.687540073637388,7.505384807007876,-8.20505301348626,1.0052136313683062,16.93802512093389,0.12067054082980143,-92.35842182524692,-1.1573229341274334,-41.03471431116329,0.6295741068180681,33.28045978265586,0.2719344611720337,-0.012588685011861545,0.00015748,0.014952737230620215,0.00081957,1,0.0
2773,7.851471674742011e-05,0.006935222536944594,-1.54e-06,2.687540073637388,7.505384807007876,62.25820883840298,1.0052136313683062,4.791498324583375,0.12067054082980143,-5.102736508191919,-1.1573229341274334,63.60689335199568,0.6295741068180681,-23.56600501172192,0.2719344611720337,0.004317166362779365,0.00015748,0.009420304933844327,0.00081957,0,0.0
2774,0.0003286561634675937,0.0038109860818943842,-1.54e-06,2.687540073637388,7.505384807007876,-10.42208013453195,1.0052136313683062,3.871755883647816,0.12067054082980143,-77.83308803831063,-1.1573229341274334,35.363171183879665,0.6295741068180681,39.932828215731874,0.2719344611720337,-0.008467751331547963,0.00015748,0.014863767065651496,0.00081957,1,0.0
2775,-9.11465040950854e-06,0.01045036045483578,-1.54e-06,2.687540073637388,7.505384807007876,67.44043180061487,1.0052136313683062,21.52129090365312,0.12067054082980143,-50.517328135289674,-1.1573229341274334,74.19830177832478,0.6295741068180681,-25.315640172049882,0.2719344611720337,-0.010217412870021314,0.00015748,0.02535402286915106,0.00081957,1,0.0
2776,0.00042120899458512884,0.003333851259120561,-1.54e-06,2.687540073637388,7.505384807007876,-13.130295833521556,1.0052136313683062,11.1259389230729,0.12067054082980143,-96.61462845806253,-1.1573229341274334,47.32736610152185,0.6295741068180681,39.17787245596236,0.2719344611720337,-0.007076047101587097,0.00015748,0.013229580171986272,0.00081957,1,0.0
2777,0.003438805618928377,0.00029704294418460135,-1.54e-06,2.687540073637388,7.505384807007876,-4.547746873146797,1.0052136313683062,9.215933543010832,0.12067054082980143,-50.66117788577636,-1.1573229341274334,-92.55944182764885,0.6295741068180681,24.756626678587573,0.2719344611720337,-0.009619432775747703,0.00015748,0.009616332968204636,0.00081957,1,0.0
2778,0.03912996381196174,0.0008559198221834248,-1.54e-06,2.687540073637388,7.505384807007876,-85.59900105002795,1.0052136313683062,14.025430516808374,0.12067054082980143,-85.00411087603979,-1.1573229341274334,69.81732850663558,0.6295741068180681,51.70274147971774,0.2719344611720337,-0.011789969827346182,0.00015748,0.011820172406293645,0.00081957,1,0.0
2779,0.010977019343674094,0.001652294097337549,-1.54e-06,2.687540073637388,7.505384807007876,-42.606154332240735,1.0052136313683062,18.000268605948023,0.12067054082980143,-87.18029992593307,-1.1573229341274334,55.66887718625316,0.6295741068180681,31.04542439696152,0.2719344611720337,-0.015111903950747832,0.00015748,0.015221108193001162,0.00081957,1,0.0
2780,0.04470039290511479,0.0007720353694213276,-1.54e-06,2.687540073637388,7.505384807007876,-87.50647735863629,1.0052136313683062,-3.912582980035706,0.12067054082980143,-40.955381825586116,-1.1573229341274334,21.483015986631614,0.6295741068180681,59.8799803633994,0.2719344611720337,-0.007582055083238335,0.00015748,0.007662208166919534,0.00081957,1,0.0
2781,0.03644184180043332,0.000162811041498707,-1.54e-06,2.687540073637388,7.505384807007876,-86.29662670550775,1.0052136313683062,9.746871826241248,0.12067054082980143,-97.89947541948371,-1.1573229341274334,8.534449025854908,0.6295741068180681,70.66148326650513,0.2719344611720337,-0.008588447685288323,0.00015748,0.00859097979673997,0.00081957,1,0.0
2782,0.011864948208909584,0.005810359462444292,-1.54e-06,2.687540073637388,7.505384807007876,-66.50125025576351,1.0052136313683062,-12.976672166732623,0.12067054082980143,-61.30487710958303,-1.1573229341274334,6.72559596863446,0.6295741068180681,74.82664486075143,0.2719344611720337,-0.026052730636276902,0.00015748,0.026322442937146674,0.00081957,1,0.0
2783,0.00017458588119079188,0.0076070547046942355,-1.54e-06,2.687540073637388,7.505384807007876,33.560440291778846,1.0052136313683062,22.230365459421495,0.12067054082980143,-19.30194588668437,-1.1573229341274334,31.316385980400977,0.6295741068180681,-34.126215849307066,0.2719344611720337,-0.024395445616603666,0.00015748,0.02778867965763862,0.00081957,1,0.0
2784,7.68259155526918e-05,0.0043592549201927795,-1.54e-06,2.687540073637388,7.505384807007876,15.152726403734835,1.0052136313683062,16.528490778124112,0.12067054082980143,-29.026496981183573,-1.1573229341274334,51.92325129418167,0.6295741068180681,-16.7062738013231,0.2719344611720337,-0.016843581645570413,0.00015748,0.0198295202898559,0.00081957,1,0.0
2785,0.0027566401776659005,0.00011203448367334053,-1.54e-06,2.687540073637388,7.505384807007876,-4.323026604991725,1.0052136313683062,5.720980193497067,0.12067054082980143,-32.50631674592157,-1.1573229341274334,-56.44779013873886,0.6295741068180681,16.411656350659342,0.2719344611720337,-0.006008605881566261,0.00015748,0.006009180364402776,0.00081957,1,0.0
2786,0.004970617493027979,0.0001996387941664037,-1.54e-06,2.687540073637388,7.505384807007876,-27.332856187069634,1.0052136313683062,-0.018731121107212506,0.12067054082980143,-34.3793254953994,-1.1573229341274334,17.809612195719126,0.6295741068180681,26.52611879161199,0.2719344611720337,-0.005116835032488902,0.00015748,0.005149854779207303,0.00081957,1,0.0
2787,0.022464670934518254,0.00031105320995779176,-1.54e-06,2.687540073637388,7.505384807007876,-42.93733622581958,1.0052136313683062,1.5837901774982992,0.12067054082980143,-7.923287906514167,-1.1573229341274334,83.20574074736159,0.6295741068180681,10.803980694032788,0.2719344611720337,-0.007504656852476557,0.00015748,0.007521073059026735,0.00081957,1,0.0
2788,-1.3268551293910136e-05,0.003523048893947821,-1.54e-06,2.687540073637388,7.505384807007876,12.239535620047452,1.0052136313683062,15.556903926656137,0.12067054082980143,-23.14230824659235,-1.1573229341274334,37.042028120898,0.6295741068180681,-16.852522160366885,0.2719344611720337,-0.017085456988660323,0.00015748,0.01864957484653906,0.00081957,1,0.0
2789,0.00013971834167292307,0.0017520395849280525,-1.54e-06,2.687540073637388,7.505384807007876,-12.979693875529808,1.0052136313683062,16.877295123851063,0.12067054082980143,-95.28513765277158,-1.1573229341274334,-32.5674283924616,0.6295741068180681,35.398059129036554,0.2719344611720337,-0.012835811339087235,0.00015748,0.0147009250784474,0.00081957,1,0.0
2790,0.00012262805101554558,0.005819665817402638,-1.54e-06,2.687540073637388,7.505384807007876,63.37489772192071,1.0052136313683062,8.725754063229639,0.12067054082980143,-24.900948144546792,-1.1573229341274334,-50.83448409252563,0.6295741068180681,-9.159072595940428,0.2719344611720337,-0.0005549142194739495,0.00015748,0.01207955268570872,0.00081957,1,0.0
2791,0.046488985140344205,6.05639899335438e-05,-1.54e-06,2.687540073637388,7.505384807007876,-96.49074331583662,1.0052136313683062,7.546574866039263,0.12067054082980143,-80.80037032626183,-1.1573229341274334,31.165117760225016,0.6295741068180681,66.97528535435357,0.2719344611720337,-0.005204831627860175,0.00015748,0.005203985072254827,0.00081957,1,0.0
2792,0.031488869444548186,3.798829672489571e-05,-1.54e-06,2.687540073637388,7.505384807007876,-71.1457810786272,1.0052136313683062,5.415553414700319,0.12067054082980143,-64.26762980732913,-1.1573229341274334,28.59083474677193,0.6295741068180681,51.27634231310156,0.2719344611720337,-0.004152048364762009,0.00015748,0.0041537583998975496,0.00081957,1,0.0
2793,0.0013500111763591754,0.006038390547701543,-1.54e-06,2.687540073637388,7.505384807007876,-47.09457023515187,1.0052136313683062,-12.469604939636394,0.12067054082980143,-57.06157748092817,-1.1573229341274334,95.0421892105845,0.6295741068180681,57.44931586506484,0.2719344611720337,-0.020470551608941488,0.00015748,0.02401296845448676,0.00081957,1,0.0
2794,0.02972408469610283,0.0003021412633434299,-1.54e-06,2.687540073637388,7.505384807007876,-57.08893442138619,1.0052136313683062,6.285346537351884,0.12067054082980143,-70.4530489338931,-1.1573229341274334,-64.3893785561768,0.6295741068180681,57.415787783331936,0.2719344611720337,-0.00966516428572054,0.00015748,0.009674809967317592,0.00081957,1,0.0
2795,0.006517996408630156,0.03260360216197104,-1.54e-06,2.687540073637388,7.505384807007876,51.47091077618335,1.0052136313683062,-26.324277128574437,0.12067054082980143,-46.69404631886603,-1.1573229341274334,59.73441826375803,0.6295741068180681,55.703033274598916,0.2719344611720337,-0.03695990185491503,0.00015748,0.0637244044591791,0.00081957,1,0.0
2796,0.00044342887410923904,0.0005404660919649617,-1.54e-06,2.687540073637388,7.505384807007876,-10.47253332165221,1.0052136313683062,13.048433698983391,0.12067054082980143,-69.86552843140298,-1.1573229341274334,-58.73725425169572,0.6295741068180681,27.94974678255263,0.2719344611720337,-0.011242979489490072,0.00015748,0.011254064722659775,0.00081957,1,0.0
2797,0.0005561012736001736,0.017673452676427316,-1.54e-06,2.687540073637388,7.505384807007876,75.10930230092478,1.0052136313683062,32.02697162927299,0.12067054082980143,-0.7002959452264501,-1.1573229341274334,31.328922656494065,0.6295741068180681,-70.16816035230605,0.2719344611720337,-0.03664468307491174,0.00015748,0.04367153405226906,0.00081957,1,0.0
2798,0.0180834439488588,0.002805574986065155,-1.54e-06,2.687540073637388,7.505384807007876,-2.5485904976285623,1.0052136313683062,18.18112156021808,0.12067054082980143,-28.147216901981412,-1.1573229341274334,-60.78742900615284,0.6295741068180681,-2.4070037759102867,0.2719344611720337,-0.018150899079523716,0.00015748,0.018222482542402035,0.00081957,1,0.0
2799,0.09546341154148817,0.00821766450987241,-1.54e-06,2.687540073637388,7.505384807007876,-63.828534091304405,1.0052136313683062,1.5771110105058375,0.12067054082980143,-42.257947906595916,-1.1573229341274334,-41.71556968577492,0.6295741068180681,64.44024235367343,0.2719344611720337,0.0004098118930406843,0.00015748,0.014257637862254436,0.00081957,0,0.0
2800,0.08962798652882872,0.0005328141416581312,-1.54e-06,1.4256683997023072,6.1063824138390705,-65.25264121080349,1.0052136313683062,10.243225687148092,0.12067054082980143,-87.91158291458855,-1.1573229341274334,76.3325598027331,0.6295741068180681,61.357940040839296,0.2719344611720337,-0.013831281078046905,0.00015748,0.013838328502618976,0.00081957,1,0.0
2801,0.1458890552704044,0.07277459664206212,-1.54e-06,1.4256683997023072,6.1063824138390705,-8.922900602000581,1.0052136313683062,46.08270629600021,0.12067054082980143,-99.72885030806667,-1.1573229341274334,-22.567048755558304,0.6295741068180681,37.30350708560517,0.2719344611720337,-0.017471762256473594,0.00015748,0.12945298490357934,0.00081957,1,0.0
2802,0.15137003539931357,0.0010030920075960864,-1.54e-06,1.4256683997023072,6.1063824138390705,-61.71166239381235,1.0052136313683062,8.353620672140798,0.12067054082980143,-43.69532930159833,-1.1573229341274334,-57.235744298640554,0.6295741068180681,57.45658718139284,0.2719344611720337,-0.010239224581667336,0.00015748,0.010245013590469936,0.00081957,1,0.0
2803,0.00022550559668435555,0.023664310248449602,-1.54e-06,1.4256683997023072,6.1063824138390705,4.088897601230244,1.0052136313683062,25.514189408970434,0.12067054082980143,-48.44130881001243,-1.1573229341274334,-82.2852450235672,0.6295741068180681,10.980528956335569,0.2719344611720337,-0.03672303485793239,0.00015748,0.06462190363936325,0.00081957,1,0.0
2804,0.0003960002963316195,0.029441910398951665,-1.54e-06,1.4256683997023072,6.1063824138390705,-10.736660068171803,1.0052136313683062,-17.45183069380716,0.12067054082980143,-2.700281691595226,-1.1573229341274334,-51.082307461739966,0.6295741068180681,21.051267460150886,0.2719344611720337,-0.05534229937007375,0.00015748,0.06896921210322979,0.00081957,1,0.0
2805,0.006934367649349821,0.0001901371415344199,-1.54e-06,1.4256683997023072,6.1063824138390705,-28.81486765110171,1.0052136313683062,5.520583670562152,0.12067054082980143,-58.479083212979546,-1.1573229341274334,93.15668440268168,0.6295741068180681,27.61104305542238,0.2719344611720337,-0.00834133170195875,0.00015748,0.008334164051990575,0.00081957,1,0.0
2806,-0.0002597310667400935,0.06801148958643559,-1.54e-06,1.4256683997023072,6.1063824138390705,21.790098028399825,1.0052136313683062,2.190081467792667,0.12067054082980143,-56.06752495901882,-1.1573229341274334,35.348634143773275,0.6295741068180681,15.37176079222673,0.2719344611720337,-0.01773993042563897,0.00015748,0.1285403263807008,0.00081957,1,0.0
2807,1.6748519563958286e-05,0.06505499411988426,-1.54e-06,1.4256683997023072,6.1063824138390705,59.15529427362641,1.0052136313683062,28.744106215950946,0.12067054082980143,-34.64199193500132,-1.1573229341274334,-72.3102922097833,0.6295741068180681,-17.387578150210217,0.2719344611720337,-0.0013047332412331192,0.00015748,0.12492484073479673,0.00081957,1,0.0
2808,0.07252405067397734,0.0012077926476261,-1.54e-06,1.4256683997023072,6.1063824138390705,-58.76584419281386,1.0052136313683062,14.155837514798687,0.12067054082980143,-89.0614741385555,-1.1573229341274334,40.52563432686978,0.6295741068180681,57.97135614198882,0.2719344611720337,-0.023775755576644318,0.00015748,0.023740812448834053,0.00081957,1,0.0
2809,0.00035800418087886254,0.018812405520689888,-1.54e-06,1.4256683997023072,6.1063824138390705,10.066378214846486,1.0052136313683062,20.02477589170503,0.12067054082980143,-15.571742334836994,-1.1573229341274334,38.51719465608753,0.6295741068180681,-12.69045345639475,0.2719344611720337,-0.04903108078891663,0.00015748,0.053094178837713224,0.00081957,1,0.0
2810,0.00014979205808607343,0.07378845631331443,-1.54e-06,1.4256683997023072,6.1063824138390705,52.36059172351351,1.0052136313683062,34.58630574441075,0.12067054082980143,-62.21216578557719,-1.1573229341274334,-88.3750615438424,0.6295741068180681,-4.5017805797038175,0.2719344611720337,-0.013962101099421906,0.00015748,0.14755940747959295,0.00081957,1,0.0
2811,0.00019561238193033237,0.08325405025048531,-1.54e-06,1.4256683997023072,6.1063824138390705,67.197405946768,1.0052136313683062,41.62482963273832,0.12067054082980143,-51.433448026148405,-1.1573229341274334,-80.09818682547075,0.6295741068180681,-20.236959455083085,0.2719344611720337,-0.010076047749632333,0.00015748,0.1496303701620434,0.00081957,1,0.0
2812,0.0038655972521085824,0.05307487117943523,-1.54e-06,1.4256683997023072,6.1063824138390705,45.37293992442191,1.0052136313683062,7.32701924435379,0.12067054082980143,-8.764231126800667,-1.1573229341274334,-70.5502449251174,0.6295741068180681,-10.182585611943493,0.2719344611720337,-0.004932250123280815,0.00015748,0.10674190726692043,0.00081957,1,0.0
2813,0.00018881380090644828,0.004457286298498426,-1.54e-06,1.4256683997023072,6.1063824138390705,-34.84828571979979,1.0052136313683062,18.89955290986252,0.12067054082980143,-89.37374016190856,-1.1573229341274334,41.752767635768016,0.6295741068180681,38.69289960159497,0.2719344611720337,-0.03643195509049019,0.00015748,0.036421693537343466,0.00081957,1,0.0
2814,0.09367720789364534,0.0797783219310953,-1.54e-06,1.4256683997023072,6.1063824138390705,-18.984905402535986,1.0052136313683062,54.216947904853285,0.12067054082980143,-62.386665253677,-1.1573229341274334,-84.49131762842708,0.6295741068180681,16.22263796899121,0.2719344611720337,-0.11546352567314876,0.00015748,0.11658284906137102,0.00081957,1,0.0
2815,0.0993303796618856,0.05660715232200188,-1.54e-06,1.4256683997023072,6.1063824138390705,-13.044463200834787,1.0052136313683062,39.86641154620307,0.12067054082980143,-30.264088513055178,-1.1573229341274334,-23.78602850755591,0.6295741068180681,4.392069005413369,0.2719344611720337,-0.0973465040252314,0.00015748,0.09735281603640195,0.00081957,1,0.0
2816,0.236838049231754,0.00909650312958094,-1.54e-06,1.4256683997023072,6.1063824138390705,-77.14401600950751,1.0052136313683062,-4.368500404760323,0.12067054082980143,-13.267144028395265,-1.1573229341274334,4.121722014090168,0.6295741068180681,61.29623593814616,0.2719344611720337,-0.02924452600873671,0.00015748,0.02928023825706778,0.00081957,1,0.0
2817,0.3844419576954516,0.08638248593638982,-1.54e-06,1.4256683997023072,6.1063824138390705,-63.57574213085885,1.0052136313683062,6.674680148300335,0.12067054082980143,-48.48832966116072,-1.1573229341274334,84.37332824913047,0.6295741068180681,75.99796757185797,0.2719344611720337,0.050633415583690916,0.00015748,0.08807817367381221,0.00081957,0,0.0
2818,0.000917389996712259,0.08425884892107517,-1.54e-06,1.4256683997023072,6.1063824138390705,68.6747218302168,1.0052136313683062,39.53788350920698,0.12067054082980143,-54.810844339772835,-1.1573229341274334,-85.13418514748749,0.6295741068180681,-17.190201052101944,0.2719344611720337,-0.0069331188256255005,0.00015748,0.1582256865572786,0.00081957,1,0.0
2819,0.06139216469390754,0.026009472070115537,-1.54e-06,1.4256683997023072,6.1063824138390705,-37.90113084231801,1.0052136313683062,-20.677053273664644,0.12067054082980143,-5.151768301642868,-1.1573229341274334,-47.368527751168465,0.6295741068180681,40.08106117098182,0.2719344611720337,-0.05980577549505313,0.00015748,0.060042060679614345,0.00081957,1,0.0
2820,0.05041483503365543,0.05977003676305858,-1.54e-06,1.4256683997023072,6.1063824138390705,18.56044102033891,1.0052136313683062,34.46156260369326,0.12067054082980143,-77.98774164175634,-1.1573229341274334,35.96920647113009,0.6295741068180681,10.353274098912243,0.2719344611720337,-0.004208190775692941,0.00015748,0.1087665874071599,0.00081957,1,0.0
2821,0.17005056375152547,0.0015833589388133357,-1.54e-06,1.4256683997023072,6.1063824138390705,-91.52107791700926,1.0052136313683062,14.479773573139802,0.12067054082980143,-99.7927994682966,-1.1573229341274334,55.23867486046088,0.6295741068180681,83.6004977036124,0.2719344611720337,-0.019527503447691025,0.00015748,0.019514034258073992,0.00081957,1,0.0
2822,0.05608139259680929,0.012788321485902383,-1.54e-06,1.4256683997023072,6.1063824138390705,-17.380084659158065,1.0052136313683062,24.892689453098455,0.12067054082980143,-35.36542453029452,-1.1573229341274334,-79.1849726509988,0.6295741068180681,18.26673764249639,0.2719344611720337,-0.04911219080196523,0.00015748,0.04905225478000974,0.00081957,1,0.0
2823,0.05378471883872521,0.0002794196274374826,-1.54e-06,1.4256683997023072,6.1063824138390705,-39.27351518175801,1.0052136313683062,7.4396527912987676,0.12067054082980143,-54.23414763608198,-1.1573229341274334,31.457044592043733,0.6295741068180681,37.81925963066719,0.2719344611720337,-0.011452328436461472,0.00015748,0.011449590354835535,0.00081957,1,0.0
2824,0.2164452630187375,0.007477638444952965,-1.54e-06,1.4256683997023072,6.1063824138390705,-89.27308251327602,1.0052136313683062,-1.9549558515250278,0.12067054082980143,-46.63204809538646,-1.1573229341274334,-22.974478732946714,0.6295741068180681,79.76646525100729,0.2719344611720337,-0.013957743049029457,0.00015748,0.013798717120523081,0.00081957,1,0.0
2825,0.01710653746642435,0.0006302678539028914,-1.54e-06,1.4256683997023072,6.1063824138390705,-29.921121598778797,1.0052136313683062,0.026917132870563576,0.12067054082980143,-47.55480452057587,-1.1573229341274334,90.9601989425777,0.6295741068180681,27.784831795024758,0.2719344611720337,-0.005076252918035391,0.00015748,0.005095621306390409,0.00081957,1,0.0
2826,0.00032571542588130664,0.02527818425328828,-1.54e-06,1.4256683997023072,6.1063824138390705,20.472764118236313,1.0052136313683062,17.742774569787233,0.12067054082980143,-20.354155098256843,-1.1573229341274334,39.372726929684895,0.6295741068180681,-12.405840407077752,0.2719344611720337,-0.014586585921185558,0.00015748,0.05104481176911149,0.00081957,1,0.0
2827,0.7338310816734164,0.22589937446886366,-1.54e-06,1.4256683997023072,6.1063824138390705,-5.0426365175378844,1.0052136313683062,69.33832598855426,0.12067054082980143,-74.57388461702119,-1.1573229341274334,-40.6643081671879,0.6295741068180681,73.9307874107708,0.2719344611720337,0.13596023648537403,0.00015748,0.26803083947785133,0.00081957,0,0.0
2828,0.16587862068660364,0.004090195471975865,-1.54e-06,1.4256683997023072,6.1063824138390705,-66.6018313498872,1.0052136313683062,16.53849761968952,0.12067054082980143,-58.676978936324616,-1.1573229341274334,-10.053245437800125,0.6295741068180681,58.577386859675876,0.2719344611720337,-0.0304243750054487,0.00015748,0.030427739121811403,0.00081957,1,0.0
2829,0.00017138222668691,0.08610712213388581,-1.54e-06,1.4256683997023072,6.1063824138390705,61.69513641961145,1.0052136313683062,-6.417801129407016,0.12067054082980143,-7.139526419080746,-1.1573229341274334,67.85555967764935,0.6295741068180681,-18.389489268614156,0.2719344611720337,0.0005508808798887627,0.00015748,0.14987987706862893,0.00081957,0,0.0
2830,1.1950855847625563e-05,0.034556130093270326,-1.54e-06,1.4256683997023072,6.1063824138390705,31.832125651306907,1.0052136313683062,17.69759254787827,0.12067054082980143,-21.861279814122557,-1.1573229341274334,28.559668109275776,0.6295741068180681,-14.67531640049476,0.2719344611720337,0.0033995885943296465,0.00015748,0.05990849246541065,0.00081957,0,0.0
2831,0.31583820253641876,0.01334338335505137,-1.54e-06,1.4256683997023072,6.1063824138390705,-93.9228126550993,1.0052136313683062,9.724327678203878,0.12067054082980143,-22.71771568294443,-1.1573229341274334,-38.09842266084118,0.6295741068180681,73.87361568175068,0.2719344611720337,-0.04417512019433068,0.00015748,0.04447868512104925,0.00081957,1,0.0
2832,0.0006467106797125588,0.05150943333033101,-1.54e-06,1.4256683997023072,6.1063824138390705,60.83329187261228,1.0052136313683062,23.248318742148275,0.12067054082980143,-1e-20,-1.1573229341274334,-42.56035123865793,0.6295741068180681,-33.193816949708626,0.2719344611720337,0.007245669623709906,0.00015748,0.08576312960556384,0.00081957,0,0.0
2833,0.1341610642924691,0.0008997162396640591,-1.54e-06,1.4256683997023072,6.1063824138390705,-74.79401519641404,1.0052136313683062,11.209614642963654,0.12067054082980143,-82.0934520271028,-1.1573229341274334,21.654701866972932,0.6295741068180681,70.34082412846927,0.2719344611720337,-0.014957661482930451,0.00015748,0.014948438993380319,0.00081957,1,0.0
2834,0.09758658352852521,0.0010712663510021195,-1.54e-06,1.4256683997023072,6.1063824138390705,-45.97299832447341,1.0052136313683062,11.5627540878298,0.12067054082980143,-45.800210066304686,-1.1573229341274334,-87.91166913829468,0.6295741068180681,47.438926659582265,0.2719344611720337,-0.02301993492056668,0.00015748,0.023029100079044223,0.00081957,1,0.0
2835,0.04732420602359738,0.00021561992056867306,-1.54e-06,1.4256683997023072,6.1063824138390705,-20.561300551097453,1.0052136313683062,1.9225267956235454,0.12067054082980143,-16.016637406741093,-1.1573229341274334,11.38414372021313,0.6295741068180681,17.6891308905943,0.2719344611720337,-0.0041676772286736346,0.00015748,0.004142221869744282,0.00081957,1,0.0
2836,0.045655891467905205,0.0005562858175457933,-1.54e-06,1.4256683997023072,6.1063824138390705,-17.257495347516624,1.0052136313683062,6.887629172693298,0.12067054082980143,-14.28082484380855,-1.1573229341274334,-87.69179867268534,0.6295741068180681,19.966566633828158,0.2719344611720337,-0.01629580871005251,0.00015748,0.016294152381811134,0.00081957,1,0.0
2837,0.23356394578854484,0.021351186058515825,-1.54e-06,1.4256683997023072,6.1063824138390705,-69.03984155763463,1.0052136313683062,17.008922715868223,0.12067054082980143,-57.67141338929636,-1.1573229341274334,-80.04026849669444,0.6295741068180681,71.57841211291174,0.2719344611720337,-0.002214098050062587,0.00015748,0.03911518383240907,0.00081957,1,0.0
2838,0.2004771856100725,0.00618115003749603,-1.54e-06,1.4256683997023072,6.1063824138390705,-67.70639478913236,1.0052136313683062,-2.8438654346300227,0.12067054082980143,-16.894789195943915,-1.1573229341274334,9.73634023424195,0.6295741068180681,54.355516520355046,0.2719344611720337,-0.02351210890544106,0.00015748,0.02354021328272396,0.00081957,1,0.0
2839,0.135316482582336,0.002145260655492595,-1.54e-06,1.4256683997023072,6.1063824138390705,-43.155802365518916,1.0052136313683062,-0.6196753806634873,0.12067054082980143,-7.166372857596953,-1.1573229341274334,-34.09107979633804,0.6295741068180681,36.1010208902556,0.2719344611720337,-0.010087851141002932,0.00015748,0.010039292991142661,0.00081957,1,0.0
2840,0.3161493972719751,0.057690148045234375,-1.54e-06,1.4256683997023072,6.1063824138390705,-59.61917828997813,1.0052136313683062,31.727758998492266,0.12067054082980143,-41.285372157544884,-1.1573229341274334,-17.68254969143809,0.6295741068180681,54.480385597219154,0.2719344611720337,-0.0374264673387276,0.00015748,0.09528358360884992,0.00081957,1,0.0
2841,0.00035456508182588053,0.05677038676912706,-1.54e-06,1.4256683997023072,6.1063824138390705,39.101417062040035,1.0052136313683062,20.900912851964808,0.12067054082980143,-57.60947895205526,-1.1573229341274334,48.581104478696474,0.6295741068180681,-3.619124834046697,0.2719344611720337,0.00976268972491677,0.00015748,0.10710300834460133,0.00081957,0,0.0
2842,0.009188030066254849,0.10914357858752725,-1.54e-06,1.4256683997023072,6.1063824138390705,26.231530943043676,1.0052136313683062,53.45542670464494,0.12067054082980143,-49.695192207308054,-1.1573229341274334,50.512276381362774,0.6295741068180681,-24.688055411637595,0.2719344611720337,-0.10737454941672792,0.00015748,0.13439649007281076,0.00081957,1,0.0
2843,0.0017945588593508144,0.045209344952363485,-1.54e-06,1.4256683997023072,6.1063824138390705,22.634447388743858,1.0052136313683062,25.205485297202596,0.12067054082980143,-59.42225288975421,-1.1573229341274334,-42.128475852312185,0.6295741068180681,7.20865827505389,0.2719344611720337,-0.015680113386663454,0.00015748,0.09683423109594372,0.00081957,1,0.0
2844,0.127150812661231,0.003367329548216136,-1.54e-06,1.4256683997023072,6.1063824138390705,-81.61008044500223,1.0052136313683062,2.2827645730602315,0.12067054082980143,-87.37015250028306,-1.1573229341274334,87.89577032170178,0.6295741068180681,75.33717223544814,0.2719344611720337,-0.00851182552943757,0.00015748,0.008606031439176796,0.00081957,1,0.0
2845,0.00021939031703772233,0.004481206883869203,-1.54e-06,1.4256683997023072,6.1063824138390705,7.33129358421046,1.0052136313683062,8.093760540575591,0.12067054082980143,-0.16768165227068796,-1.1573229341274334,28.506069755095094,0.6295741068180681,-10.210745682576942,0.2719344611720337,-0.02581646823378507,0.00015748,0.02635174073667925,0.00081957,1,0.0
2846,0.0006015413206338083,0.015884556582946994,-1.54e-06,1.4256683997023072,6.1063824138390705,-25.53697318025524,1.0052136313683062,31.211371227815953,0.12067054082980143,-86.43806447139978,-1.1573229341274334,-68.91195900909615,0.6295741068180681,34.43954668158493,0.2719344611720337,-0.06216764418026892,0.00015748,0.06254292412870247,0.00081957,1,0.0
2847,0.018908187014765432,0.0011681005279051597,-1.54e-06,1.4256683997023072,6.1063824138390705,-40.02419971388505,1.0052136313683062,10.469514674428654,0.12067054082980143,-77.78534020587873,-1.1573229341274334,55.099584283087744,0.6295741068180681,41.65829665701337,0.2719344611720337,-0.021304852509036437,0.00015748,0.02128536575265779,0.00081957,1,0.0
2848,0.00032090120820998935,0.09078964975185241,-1.54e-06,1.4256683997023072,6.1063824138390705,89.82421193512555,1.0052136313683062,41.285451525868496,0.12067054082980143,-20.92769730704169,-1.1573229341274334,-65.616222615818,0.6295741068180681,-43.54408070810966,0.2719344611720337,0.0036295302001350532,0.00015748,0.14708114883033518,0.00081957,0,0.0
2849,0.00018977792062693788,0.055749577182780626,-1.54e-06,1.4256683997023072,6.1063824138390705,43.64877723318928,1.0052136313683062,24.73461297066107,0.12067054082980143,-49.634157233016204,-1.1573229341274334,46.004179219568925,0.6295741068180681,-11.469044685970713,0.2719344611720337,0.010442097443804622,0.00015748,0.09964786546539059,0.00081957,0,0.0
2850,0.010225310151544723,0.005010534235042135,-1.54e-06,1.4256683997023072,6.1063824138390705,-7.25846787437338,1.0052136313683062,14.477470249554754,0.12067054082980143,-28.601905331046257,-1.1573229341274334,2.3760819832148727,0.6295741068180681,7.244087509705479,0.2719344611720337,-0.02946369249374238,0.00015748,0.029676086327150318,0.00081957,1,0.0
2851,0.07174577063370793,0.0004972465333774984,-1.54e-06,1.4256683997023072,6.1063824138390705,-53.23039888555445,1.0052136313683062,9.898221719945681,0.12067054082980143,-73.94466041473721,-1.1573229341274334,45.79764435438527,0.6295741068180681,51.22113578785013,0.2719344611720337,-0.015163312659488745,0.00015748,0.015178603167870201,0.00081957,1,0.0
2852,0.2108515979891697,0.009180398083893225,-1.54e-06,1.4256683997023072,6.1063824138390705,-77.99219173046816,1.0052136313683062,10.345717466101432,0.12067054082980143,-51.82645792410498,-1.1573229341274334,92.95055565002649,0.6295741068180681,60.19108660677216,0.2719344611720337,-0.043572588161212525,0.00015748,0.04355014254246743,0.00081957,1,0.0
2853,0.0001653197383592389,0.0017669315496689959,-1.54e-06,1.4256683997023072,6.1063824138390705,-17.6052174867355,1.0052136313683062,9.495716956850165,0.12067054082980143,-47.92528073011537,-1.1573229341274334,93.14040023507232,0.6295741068180681,15.23059232500659,0.2719344611720337,-0.019401704724667332,0.00015748,0.01947770321045622,0.00081957,1,0.0
2854,0.0008210711639827228,0.05988429925431738,-1.54e-06,1.4256683997023072,6.1063824138390705,52.44577645620943,1.0052136313683062,27.82142572019749,0.12067054082980143,-36.598724627439694,-1.1573229341274334,-53.55467362996813,0.6295741068180681,-14.928117366480254,0.2719344611720337,-0.0013277268319831642,0.00015748,0.11406299206441121,0.00081957,1,0.0
2855,0.11372636217536597,0.0022050493984681722,-1.54e-06,1.4256683997023072,6.1063824138390705,-43.688072421004144,1.0052136313683062,-0.47996882087694354,0.12067054082980143,-22.130442624211796,-1.1573229341274334,49.700794858558346,0.6295741068180681,34.40999437845666,0.2719344611720337,-0.01702625016647684,0.00015748,0.017013862427295884,0.00081957,1,0.0
2856,0.00043092417345449996,0.05477931354423627,-1.54e-06,1.4256683997023072,6.1063824138390705,39.31383086757019,1.0052136313683062,32.16429145292903,0.12067054082980143,-46.86916417315229,-1.1573229341274334,-37.48680239654655,0.6295741068180681,-9.820867539255527,0.2719344611720337,-0.014185838159801775,0.00015748,0.10255198968658251,0.00081957,1,0.0
2857,0.01803510486782335,0.004365134654577411,-1.54e-06,1.4256683997023072,6.1063824138390705,-25.55184589914056,1.0052136313683062,18.000487663872807,0.12067054082980143,-59.657539501867454,-1.1573229341274334,-48.02273701296717,0.6295741068180681,30.87017192168454,0.2719344611720337,-0.03658253902366307,0.00015748,0.03660283650481973,0.00081957,1,0.0
2858,0.09917084457446676,0.003805879051621619,-1.54e-06,1.4256683997023072,6.1063824138390705,-51.5959694798268,1.0052136313683062,-3.436431270303405,0.12067054082980143,-37.65216430401021,-1.1573229341274334,17.12794127240039,0.6295741068180681,47.60274246379086,0.2719344611720337,-0.015060140648776617,0.00015748,0.015162505794339294,0.00081957,1,0.0
2859,0.21285671526425742,0.02893408096398542,-1.54e-06,1.4256683997023072,6.1063824138390705,-59.03661673706474,1.0052136313683062,21.297093483787837,0.12067054082980143,-32.732273014694584,-1.1573229341274334,77.96927091308442,0.6295741068180681,38.402536168027126,0.2719344611720337,-0.07706899606879891,0.00015748,0.07702319665822929,0.00081957,1,0.0
2860,0.00022272785994864597,0.05799670706655099,-1.54e-06,1.4256683997023072,6.1063824138390705,66.1562115066926,1.0052136313683062,20.852879591645344,0.12067054082980143,-9.337677646552228,-1.1573229341274334,8.401128905096662,0.6295741068180681,-32.915016191509146,0.2719344611720337,0.022781870951166794,0.00015748,0.09480353559981082,0.00081957,0,0.0
2861,0.2083469827801348,0.0038835449329193876,-1.54e-06,1.4256683997023072,6.1063824138390705,-71.20770146535726,1.0052136313683062,2.0178942098798953,0.12067054082980143,-23.74501747558439,-1.1573229341274334,-51.60280456200088,0.6295741068180681,61.222539889276206,0.2719344611720337,-0.010512208159820121,0.00015748,0.010585921950658023,0.00081957,1,0.0
2862,0.16823033431115536,0.0031941541202765594,-1.54e-06,1.4256683997023072,6.1063824138390705,-50.154650151814195,1.0052136313683062,-0.14930717837579396,0.12067054082980143,-3.70833484688641,-1.1573229341274334,-43.65706090413163,0.6295741068180681,40.85627499217477,0.2719344611720337,-0.015007464146539001,0.00015748,0.015041472494232166,0.00081957,1,0.0
2863,0.15316388956544744,0.10136758302600805,-1.54e-06,1.4256683997023072,6.1063824138390705,-13.491127642205146,1.0052136313683062,59.06034333238477,0.12067054082980143,-85.77012224645793,-1.1573229341274334,-37.2518348035896,0.6295741068180681,25.129553381602584,0.2719344611720337,-0.07589373451861335,0.00015748,0.14291649579018584,0.00081957,1,0.0
2864,0.022328373062126636,0.007375250346727015,-1.54e-06,1.4256683997023072,6.1063824138390705,-46.428343828219845,1.0052136313683062,8.478002483416278,0.12067054082980143,-80.42657590748883,-1.1573229341274334,-56.099090400903606,0.6295741068180681,55.65217972108573,0.2719344611720337,-0.045837630694074726,0.00015748,0.04619585502832931,0.00081957,1,0.0
2865,0.022871673462610945,0.028480984714921168,-1.54e-06,1.4256683997023072,6.1063824138390705,3.0604594579365503,1.0052136313683062,20.002098930710584,0.12067054082980143,-54.57867575821147,-1.1573229341274334,37.059263457346404,0.6295741068180681,11.139657540982036,0.2719344611720337,-0.0076111205530369035,0.00015748,0.05850387581517863,0.00081957,1,0.0
2866,0.11522140316734861,0.0011168295651006856,-1.54e-06,1.4256683997023072,6.1063824138390705,-69.43980360585407,1.0052136313683062,13.009115053464004,0.12067054082980143,-83.52564984088959,-1.1573229341274334,-5.631977915462642,0.6295741068180681,68.05399887430035,0.2719344611720337,-0.021938742076011715,0.00015748,0.021995605690876247,0.00081957,1,0.0
2867,0.10833799718688916,0.001943009059132093,-1.54e-06,1.4256683997023072,6.1063824138390705,-50.51268565272683,1.0052136313683062,-0.400887454835591,0.12067054082980143,-37.64467389480997,-1.1573229341274334,71.21271924113051,0.6295741068180681,41.8698013931169,0.2719344611720337,-0.012827528543839513,0.00015748,0.01282327233413802,0.00081957,1,0.0
2868,0.24394778263195527,0.020314695057992556,-1.54e-06,1.4256683997023072,6.1063824138390705,-99.3255909170031,1.0052136313683062,29.438632727163352,0.12067054082980143,-100.0,-1.1573229341274334,78.72919929714372,0.6295741068180681,82.31241170278955,0.2719344611720337,-0.0662882481032035,0.00015748,0.06672397088537607,0.00081957,1,0.0
2869,0.0011411929056137915,0.0665221211692289,-1.54e-06,1.4256683997023072,6.1063824138390705,46.58056186990023,1.0052136313683062,38.933848677784574,0.12067054082980143,-48.78718829221685,-1.1573229341274334,-62.03882668881226,0.6295741068180681,-13.999367376583113,0.2719344611720337,-0.022102335530075908,0.00015748,0.11823169233231545,0.00081957,1,0.0
2870,0.0005071282413742217,0.08100325071628112,-1.54e-06,1.4256683997023072,6.1063824138390705,64.22521224880087,1.0052136313683062,33.86329868505474,0.12067054082980143,-69.10905851733415,-1.1573229341274334,39.70421364154319,0.6295741068180681,-14.787806184164197,0.2719344611720337,0.013557723276155398,0.00015748,0.14953292772681787,0.00081957,0,0.0
2871,0.00022217094755275224,0.02052777829308071,-1.54e-06,1.4256683997023072,6.1063824138390705,-13.642317094107208,1.0052136313683062,30.672407830548323,0.12067054082980143,-72.55794704051812,-1.1573229341274334,-37.51315406510238,0.6295741068180681,21.546466137056424,0.2719344611720337,-0.054943045077684396,0.00015748,0.06306860544319484,0.00081957,1,0.0
2872,0.05237982628284471,0.0051981397480468676,-1.54e-06,1.4256683997023072,6.1063824138390705,-46.13458701102255,1.0052136313683062,19.880198563789865,0.12067054082980143,-86.82625666335802,-1.1573229341274334,86.02823647293877,0.6295741068180681,42.85018430339426,0.2719344611720337,-0.03612376654940999,0.00015748,0.03617977822705355,0.00081957,1,0.0
2873,0.252293144180601,0.004556705081746423,-1.54e-06,1.4256683997023072,6.1063824138390705,-88.22302082819614,1.0052136313683062,4.918525293822646,0.12067054082980143,-34.93257546730471,-1.1573229341274334,-82.37230200665381,0.6295741068180681,77.66662542415163,0.2719344611720337,-0.007520871591548566,0.00015748,0.007536718173666141,0.00081957,1,0.0
2874,0.22509305816863553,0.0021828747219201534,-1.54e-06,1.4256683997023072,6.1063824138390705,-93.76639664585588,1.0052136313683062,13.90129288561111,0.12067054082980143,-70.08768766070501,-1.1573229341274334,-98.13436746582187,0.6295741068180681,88.59871983461852,0.2719344611720337,-0.018957693438771267,0.00015748,0.018989351754131162,0.00081957,1,0.0
2875,0.000420195295963266,0.037848648111298344,-1.54e-06,1.4256683997023072,6.1063824138390705,2.6074418025270303,1.0052136313683062,34.12775613757917,0.12067054082980143,-77.3979363104148,-1.1573229341274334,-46.63972368241717,0.6295741068180681,16.741390275633478,0.2719344611720337,-0.042810323191484964,0.00015748,0.08653923105498952,0.00081957,1,0.0
2876,0.17799301225827213,0.005767804628682573,-1.54e-06,1.4256683997023072,6.1063824138390705,-60.52781961455079,1.0052136313683062,-4.702237478788652,0.12067054082980143,-12.630927572397487,-1.1573229341274334,9.500238082517418,0.6295741068180681,48.687452703999114,0.2719344611720337,-0.022276398574491523,0.00015748,0.02227232532214764,0.00081957,1,0.0
2877,0.03621103883606719,0.0015294792331901263,-1.54e-06,1.4256683997023072,6.1063824138390705,-22.5246117984161,1.0052136313683062,10.3017336727225,0.12067054082980143,-32.986214666690884,-1.1573229341274334,-86.96812962331113,0.6295741068180681,27.3417013363314,0.2719344611720337,-0.025654597053973237,0.00015748,0.025652099662201062,0.00081957,1,0.0
2878,0.19116773255843245,0.07175112716389902,-1.54e-06,1.4256683997023072,6.1063824138390705,18.521631610987807,1.0052136313683062,24.284349079760524,0.12067054082980143,-26.64201141195619,-1.1573229341274334,-50.81983721872656,0.6295741068180681,14.920516618916583,0.2719344611720337,0.039232097004204144,0.00015748,0.10881359269086692,0.00081957,0,0.0
2879,0.127729171150875,0.0025161063398110566,-1.54e-06,1.4256683997023072,6.1063824138390705,-38.40627577344376,1.0052136313683062,-0.3724152005051441,0.12067054082980143,-4.380038727634817,-1.1573229341274334,1.8881053493794961,0.6295741068180681,29.292916848235862,0.2719344611720337,-0.018255440893509972,0.00015748,0.018273567454466316,0.00081957,1,0.0
2880,7.148143673524343e-05,0.020970270677378097,-1.54e-06,1.4256683997023072,6.1063824138390705,0.8429241759197558,1.0052136313683062,25.73551922714309,0.12067054082980143,-48.95172369303646,-1.1573229341274334,-58.38628497361009,0.6295741068180681,10.266782262047737,0.2719344611720337,-0.03938344674711515,0.00015748,0.059252738230055585,0.00081957,1,0.0
2881,0.15337147855035763,0.0010777324153309607,-1.54e-06,1.4256683997023072,6.1063824138390705,-54.036304633509495,1.0052136313683062,6.524008793712637,0.12067054082980143,-25.47731656218155,-1.1573229341274334,-88.64188156283281,0.6295741068180681,50.018178222921726,0.2719344611720337,-0.007313576429514734,0.00015748,0.007328145689867035,0.00081957,1,0.0
2882,0.09301224004172101,0.0004754390477925327,-1.54e-06,1.4256683997023072,6.1063824138390705,-57.37784693085125,1.0052136313683062,8.802562456612653,0.12067054082980143,-68.94395145808619,-1.1573229341274334,37.64100007886917,0.6295741068180681,53.95041692568708,0.2719344611720337,-0.011790786488055378,0.00015748,0.011811101458283436,0.00081957,1,0.0
2883,0.23875865003486135,0.08022450471722598,-1.54e-06,1.4256683997023072,6.1063824138390705,-73.39662125792323,1.0052136313683062,48.17471321998084,0.12067054082980143,-86.69784418025802,-1.1573229341274334,89.20460094579757,0.6295741068180681,52.7905871461369,0.2719344611720337,-0.12071551943064869,0.00015748,0.12406845841742488,0.00081957,1,0.0
2884,0.009903749709534213,0.0006382130355175931,-1.54e-06,1.4256683997023072,6.1063824138390705,-23.80205173286874,1.0052136313683062,7.632706930485925,0.12067054082980143,-51.07735744219126,-1.1573229341274334,86.32256105174865,0.6295741068180681,21.74814973214607,0.2719344611720337,-0.013339710546490888,0.00015748,0.013409644903784195,0.00081957,1,0.0
2885,4.7395145808905303e-05,0.010075397749285883,-1.54e-06,1.4256683997023072,6.1063824138390705,-47.026776776006834,1.0052136313683062,7.216077763206208,0.12067054082980143,-99.54010246301748,-1.1573229341274334,42.55732095599404,0.6295741068180681,55.70187144689569,0.2719344611720337,-0.038175403052715357,0.00015748,0.04489984066150879,0.00081957,1,0.0
2886,0.06950600405652306,0.01728160032382709,-1.54e-06,1.4256683997023072,6.1063824138390705,-46.38538351805915,1.0052136313683062,30.773305387105964,0.12067054082980143,-94.0673736118218,-1.1573229341274334,57.73230603554705,0.6295741068180681,43.05333357232377,0.2719344611720337,-0.059063187812917806,0.00015748,0.06002466778361654,0.00081957,1,0.0
2887,0.06578623790768079,0.00030177698055356046,-1.54e-06,1.4256683997023072,6.1063824138390705,-35.44760712511416,1.0052136313683062,3.4356180803880454,0.12067054082980143,-35.56133829356707,-1.1573229341274334,20.99059934817761,0.6295741068180681,32.406922133901304,0.2719344611720337,-0.0030322749095103322,0.00015748,0.003009245896690141,0.00081957,1,0.0
2888,0.22433501213922152,0.004984722765321861,-1.54e-06,1.4256683997023072,6.1063824138390705,-81.90477976610592,1.0052136313683062,2.9345229066610927,0.12067054082980143,-37.85702857646148,-1.1573229341274334,-1.0858505515450605,0.6295741068180681,68.79700222732143,0.2719344611720337,-0.0178781296410002,0.00015748,0.017870299076297735,0.00081957,1,0.0
2889,0.23913606294449294,0.0030670349837236535,-1.54e-06,1.4256683997023072,6.1063824138390705,-88.96083996582078,1.0052136313683062,8.910705643828692,0.12067054082980143,-48.07261279552299,-1.1573229341274334,-91.71954767493771,0.6295741068180681,80.80782882569471,0.2719344611720337,-0.00822895275810055,0.00015748,0.008378594755135237,0.00081957,1,0.0
2890,0.1839786268749175,0.0020142560853263613,-1.54e-06,1.4256683997023072,6.1063824138390705,-93.89405490424096,1.0052136313683062,15.989046906589476,0.12067054082980143,-98.68655439404668,-1.1573229341274334,39.480538925697154,0.6295741068180681,85.60981033581139,0.2719344611720337,-0.02259118336706782,0.00015748,0.02258264542959089,0.00081957,1,0.0
2891,0.0002530501101919713,0.04096879117621113,-1.54e-06,1.4256683997023072,6.1063824138390705,21.04681496193973,1.0052136313683062,21.523653208701333,0.12067054082980143,-56.14063731172774,-1.1573229341274334,-1.283981935533757,0.6295741068180681,5.2958323335048485,0.2719344611720337,-0.0076242479209533975,0.00015748,0.08487223690796795,0.00081957,1,0.0
2892,0.040804493724106605,0.06250355822346122,-1.54e-06,1.4256683997023072,6.1063824138390705,11.712219199583416,1.0052136313683062,38.95027494236518,0.12067054082980143,-95.67536500754325,-1.1573229341274334,90.18947813913634,0.6295741068180681,12.780926448136222,0.2719344611720337,-0.015290471741040923,0.00015748,0.11058289476003064,0.00081957,1,0.0
2893,0.2043988816111136,0.005597658348874789,-1.54e-06,1.4256683997023072,6.1063824138390705,-87.82565274013731,1.0052136313683062,0.0974988952640102,0.12067054082980143,-56.40879367812844,-1.1573229341274334,63.99292354694817,0.6295741068180681,74.37910835730627,0.2719344611720337,-0.017147488587350358,0.00015748,0.017118029689426516,0.00081957,1,0.0
2894,0.2112545272591528,0.0033115733515647157,-1.54e-06,1.4256683997023072,6.1063824138390705,-84.49975577256902,1.0052136313683062,9.358867829427108,0.12067054082980143,-58.18565107792278,-1.1573229341274334,5.979445784379262,0.6295741068180681,73.07536932735199,0.2719344611720337,-0.01825801054896172,0.00015748,0.018224773878578127,0.00081957,1,0.0
2895,0.004268465257094442,0.0018606988561516119,-1.54e-06,1.4256683997023072,6.1063824138390705,-5.401044403549202,1.0052136313683062,9.207266014240458,0.12067054082980143,-16.772455311549923,-1.1573229341274334,-97.08646155516912,0.6295741068180681,11.744136803721126,0.2719344611720337,-0.025104380797193116,0.00015748,0.02521013807046717,0.00081957,1,0.0
2896,5.393189868040105e-05,0.006705501738212167,-1.54e-06,1.4256683997023072,6.1063824138390705,-15.716396206204848,1.0052136313683062,12.498953486747745,0.12067054082980143,-54.73274195642744,-1.1573229341274334,36.179115377480684,0.6295741068180681,20.30589998896701,0.2719344611720337,-0.01811259535618045,0.00015748,0.028090214329012937,0.00081957,1,0.0
2897,0.08228360684218064,0.015852328563630308,-1.54e-06,1.4256683997023072,6.1063824138390705,-30.771270974679737,1.0052136313683062,29.433131265453397,0.12067054082980143,-52.72129818681163,-1.1573229341274334,-84.59451077832256,0.6295741068180681,31.374503480560314,0.2719344611720337,-0.056188283324922664,0.00015748,0.05671230651551577,0.00081957,1,0.0
2898,0.01327415801976995,0.0026152720112079643,-1.54e-06,1.4256683997023072,6.1063824138390705,-35.690721355301335,1.0052136313683062,2.7631460373961136,0.12067054082980143,-61.4200240444681,-1.1573229341274334,34.22233834183324,0.6295741068180681,38.622846080726106,0.2719344611720337,-0.022035793907628495,0.00015748,0.022341566744034373,0.00081957,1,0.0
2899,0.06982010865346308,0.00033311480155226675,-1.54e-06,1.4256683997023072,6.1063824138390705,-32.40556232266669,1.0052136313683062,6.097588009419407,0.12067054082980143,-30.264204172228105,-1.1573229341274334,-24.499545885946173,0.6295741068180681,31.0260191661158,0.2719344611720337,-0.009209945836356943,0.00015748,0.009149374129915289,0.00081957,1,0.0
2900,2.5505783960511295,3.6241637307483012,-1.54e-06,0.8575784558748958,2.058281372399891,45.99576222849271,1.0052136313683062,66.58845677617408,0.12067054082980143,-63.62900731498665,-1.1573229341274334,-61.82462165506893,0.6295741068180681,3.335631929893073,0.2719344611720337,0.26142198907656145,0.00015748,17.334983842858172,0.00081957,0,0.0
2901,-1.2819736642351671,3.1705402710164012,-1.54e-06,0.8575784558748958,2.058281372399891,93.49814473204674,1.0052136313683062,57.82205556867472,0.12067054082980143,-39.05769631599382,-1.1573229341274334,-24.496298122194414,0.6295741068180681,-76.70427017960718,0.2719344611720337,4.0132267833653135,0.00015748,20.33658283015272,0.00081957,0,0.0
2902,0.0023542916167862415,0.23960438564004316,-1.54e-06,0.8575784558748958,2.058281372399891,56.0340353574997,1.0052136313683062,60.64902590212525,0.12067054082980143,-87.67873051805059,-1.1573229341274334,-8.521573134325749,0.6295741068180681,-16.4673809707199,0.2719344611720337,1.3372706006793642,0.00015748,17.410913338645692,0.00081957,0,0.0
2903,0.0777417438243928,0.10005516483521355,-1.54e-06,0.8575784558748958,2.058281372399891,52.57086659407691,1.0052136313683062,51.5377182419379,0.12067054082980143,-55.79740414928885,-1.1573229341274334,-28.76007589806798,0.6295741068180681,-22.62480730586947,0.2719344611720337,0.26185853467209075,0.00015748,15.034737309528506,0.00081957,0,0.0
2904,-2.259520035239439,4.983911957384127,-1.54e-06,0.8575784558748958,2.058281372399891,84.63605820687216,1.0052136313683062,46.49991695031813,0.12067054082980143,-54.050868958342264,-1.1573229341274334,26.36563930351624,0.6295741068180681,-75.54136404494012,0.2719344611720337,6.313524710371187,0.00015748,17.448037678841526,0.00081957,0,0.0
2905,2.132768492609006,2.8835685487955045,-1.54e-06,0.8575784558748958,2.058281372399891,49.15587696255423,1.0052136313683062,59.63741311985743,0.12067054082980143,-43.384317516690245,-1.1573229341274334,-66.75262700690548,0.6295741068180681,-9.068996804512798,0.2719344611720337,0.2537750487614119,0.00015748,16.233078273197567,0.00081957,0,0.0
2906,-2.6195451807748613,5.7201387533816135,-1.54e-06,0.8575784558748958,2.058281372399891,79.29639669048176,1.0052136313683062,48.85518145765353,0.12067054082980143,-87.32608031879711,-1.1573229341274334,63.14316973403246,0.6295741068180681,-64.90745862793227,0.2719344611720337,7.763338148006135,0.00015748,17.383376494353566,0.00081957,0,0.0
2907,1.5454963810963722,1.9393437405391936,-1.54e-06,0.8575784558748958,2.058281372399891,82.73480668705315,1.0052136313683062,91.1384455967523,0.12067054082980143,-90.01234111325917,-1.1573229341274334,-70.00180347393976,0.6295741068180681,-23.969641550510524,0.2719344611720337,0.2675173700348079,0.00015748,25.756440691034697,0.00081957,0,0.0
2908,-1.424072354124786,13.874455639376142,-1.54e-06,0.8575784558748958,2.058281372399891,58.1644350765208,1.0052136313683062,20.059039562908982,0.12067054082980143,-57.1195448147067,-1.1573229341274334,23.16885211138673,0.6295741068180681,-33.29460592198086,0.2719344611720337,0.7054057657126567,0.00015748,17.355983444113875,0.00081957,0,0.0
2909,2.912923716356203,4.765063641261891,-1.54e-06,0.8575784558748958,2.058281372399891,-45.553954421018204,1.0052136313683062,5.678430103901949,0.12067054082980143,-84.32074016578679,-1.1573229341274334,39.157874660540195,0.6295741068180681,89.68744879221232,0.2719344611720337,-0.3170930808443348,0.00015748,0.1476533712575247,0.00081957,1,0.0
2910,-0.3889874465848202,1.4043491156542558,-1.54e-06,0.8575784558748958,2.058281372399891,1.522060121884879,1.0052136313683062,11.94562359388673,0.12067054082980143,-67.70584885484767,-1.1573229341274334,69.11286522761861,0.6295741068180681,12.08137152113571,0.2719344611720337,2.7328869969498104,0.00015748,4.532565377485161,0.00081957,0,0.0
2911,-0.16628637737029628,4.030250383611596,-1.54e-06,0.8575784558748958,2.058281372399891,77.40688770321366,1.0052136313683062,81.58036309655661,0.12067054082980143,-95.41087053465228,-1.1573229341274334,-8.28968371913739,0.6295741068180681,-40.17186131477192,0.2719344611720337,4.060339639439629,0.00015748,20.942936086142563,0.00081957,0,0.0
2912,0.640057868311076,3.8211205872967184,-1.54e-06,0.8575784558748958,2.058281372399891,59.75391226846224,1.0052136313683062,71.6776544653664,0.12067054082980143,-63.54334611015846,-1.1573229341274334,-41.6310106363169,0.6295741068180681,-26.97857603959019,0.2719344611720337,0.9078452881138794,0.00015748,17.04409718679217,0.00081957,0,0.0
2913,2.3313194634212384,2.155974760270323,-1.54e-06,0.8575784558748958,2.058281372399891,-16.38909822640045,1.0052136313683062,19.212957682705177,0.12067054082980143,-55.40227871544866,-1.1573229341274334,5.462664219905005,0.6295741068180681,48.870503176685475,0.2719344611720337,0.28019097931550196,0.00015748,3.1317097840127097,0.00081957,0,0.0
2914,-1.8705845415385758,4.403115434087186,-1.54e-06,0.8575784558748958,2.058281372399891,38.19291102588645,1.0052136313683062,7.230780264202145,0.12067054082980143,-17.367008909959587,-1.1573229341274334,52.99394285501554,0.6295741068180681,-48.687349666313956,0.2719344611720337,4.358514871568653,0.00015748,7.622276250865715,0.00081957,0,0.0
2915,5.020864723452156,13.185381947641613,-1.54e-06,0.8575784558748958,2.058281372399891,24.330998404136412,1.0052136313683062,79.68183750789441,0.12067054082980143,-81.58739995105095,-1.1573229341274334,-74.6171829008298,0.6295741068180681,41.90222633809647,0.2719344611720337,0.2683847973043374,0.00015748,16.831826441536265,0.00081957,0,0.0
2916,-3.0354571565564514,6.522407328452495,-1.54e-06,0.8575784558748958,2.058281372399891,69.83565569474963,1.0052136313683062,13.170603140985254,0.12067054082980143,-0.7122453906280983,-1.1573229341274334,44.20999428190323,0.6295741068180681,-90.34449744722973,0.2719344611720337,6.369743381572672,0.00015748,11.024605405761921,0.00081957,0,0.0
2917,4.5883821977825345,8.64381003803847,-1.54e-06,0.8575784558748958,2.058281372399891,-12.223501688664912,1.0052136313683062,40.10849670562077,0.12067054082980143,-68.2399040649803,-1.1573229341274334,-32.69096202294284,0.6295741068180681,67.12397391806643,0.2719344611720337,0.2643376457609756,0.00015748,7.860760839630511,0.00081957,0,0.0
2918,0.9272183226787476,9.054704317523807,-1.54e-06,0.8575784558748958,2.058281372399891,-36.62077669949855,1.0052136313683062,-13.224862745606684,0.12067054082980143,-37.195726547290604,-1.1573229341274334,42.76330566023346,0.6295741068180681,50.701824169039874,0.2719344611720337,-4.147501033963049,0.00015748,0.23148549139661045,0.00081957,1,0.0
2919,4.620839860064408,26.178413477903,-1.54e-06,0.8575784558748958,2.058281372399891,-13.350867044367284,1.0052136313683062,0.6989472572220017,0.12067054082980143,-17.68354474093002,-1.1573229341274334,-23.19289432060579,0.6295741068180681,54.35857363642929,0.2719344611720337,0.3258791603064797,0.00015748,7.907463390901853,0.00081957,0,0.0
2920,-1.3654631079993693,3.3027435545205797,-1.54e-06,0.8575784558748958,2.058281372399891,11.624482431152268,1.0052136313683062,-3.607781041190732,0.12067054082980143,-22.245710687837157,-1.1573229341274334,67.54529150310617,0.6295741068180681,-21.26121196739366,0.2719344611720337,0.3193435280451449,0.00015748,6.192444082299147,0.00081957,0,0.0
2921,-0.5700682662900531,13.360485844053418,-1.54e-06,0.8575784558748958,2.058281372399891,-44.64443251633737,1.0052136313683062,-10.826902191446097,0.12067054082980143,-77.52434731555728,-1.1573229341274334,90.85511974361316,0.6295741068180681,57.93578235501342,0.2719344611720337,-5.92230000223025,0.00015748,0.23184166490264246,0.00081957,1,0.0
2922,0.15125949414066597,9.139238844849773,-1.54e-06,0.8575784558748958,2.058281372399891,-15.772857125357305,1.0052136313683062,-13.26250968353414,0.12067054082980143,-2.1167000424412366,-1.1573229341274334,5.488821222400956,0.6295741068180681,19.709771508162756,0.2719344611720337,-3.0605149154576154,0.00015748,-0.7847552087865708,0.00081957,1,0.0
2923,-0.41727687425447213,12.724756679669825,-1.54e-06,0.8575784558748958,2.058281372399891,10.179184401531783,1.0052136313683062,17.932635198160654,0.12067054082980143,-13.471141184170323,-1.1573229341274334,-5.4318876029597725,0.6295741068180681,-9.538153837532464,0.2719344611720337,-1.480896456485405,0.00015748,3.001058115404558,0.00081957,1,0.0
2924,0.9199717664776609,5.127705617593067,-1.54e-06,0.8575784558748958,2.058281372399891,-30.548468842509696,1.0052136313683062,-5.8807413259666905,0.12067054082980143,-47.09514277969448,-1.1573229341274334,40.75111914155455,0.6295741068180681,49.04610359862999,0.2719344611720337,-2.241086567479675,0.00015748,0.2267666711871683,0.00081957,1,0.0
2925,-0.014717762674851809,0.4302361970614357,-1.54e-06,0.8575784558748958,2.058281372399891,40.16793844028918,1.0052136313683062,29.399265828248964,0.12067054082980143,-19.43663402357122,-1.1573229341274334,-20.0722865593043,0.6295741068180681,-27.74975541220016,0.2719344611720337,1.5632346228963145,0.00015748,9.645034898905635,0.00081957,0,0.0
2926,0.5446924914422921,0.38524703135201765,-1.54e-06,0.8575784558748958,2.058281372399891,28.565316280621136,1.0052136313683062,23.46059625982046,0.12067054082980143,-3.7461178725929467,-1.1573229341274334,-35.2730202630225,0.6295741068180681,-17.941604172427375,0.2719344611720337,0.26276227973627453,0.00015748,7.1516334760597395,0.00081957,0,0.0
2927,0.9797763761523082,0.23656663973897057,-1.54e-06,0.8575784558748958,2.058281372399891,-13.801311577436937,1.0052136313683062,25.160887993574026,0.12067054082980143,-97.14024375676146,-1.1573229341274334,44.165077977607496,0.6295741068180681,50.826919651663005,0.2719344611720337,0.2657217175773994,0.00015748,4.418732161645048,0.00081957,0,0.0
2928,-3.0852753603944403,6.67611654918735,-1.54e-06,0.8575784558748958,2.058281372399891,56.314786526908236,1.0052136313683062,14.650068214373999,0.12067054082980143,-41.73713238857395,-1.1573229341274334,84.5280568516844,0.6295741068180681,-67.42997069617608,0.2719344611720337,6.859945966483647,0.00015748,10.746811890918519,0.00081957,0,0.0
2929,-1.3223541317930914,7.687809515335786,-1.54e-06,0.8575784558748958,2.058281372399891,42.35857062918949,1.0052136313683062,14.504064303885176,0.12067054082980143,-55.032731757466756,-1.1573229341274334,46.92433026928607,0.6295741068180681,-26.547126407121773,0.2719344611720337,2.8763030491993646,0.00015748,12.527484826094135,0.00081957,0,0.0
2930,1.7723485351593888,2.2669859254232456,-1.54e-06,0.8575784558748958,2.058281372399891,52.989213512060694,1.0052136313683062,59.07646342135256,0.12067054082980143,-39.596758301579634,-1.1573229341274334,-66.24375090911329,0.6295741068180681,-16.276800788047353,0.2719344611720337,0.26813398401208133,0.00015748,16.32184496562119,0.00081957,0,0.0
2931,1.2671291980245796,1.3176036893967775,-1.54e-06,0.8575784558748958,2.058281372399891,49.46248848425056,1.0052136313683062,56.34722904238666,0.12067054082980143,-48.16649272149328,-1.1573229341274334,-50.00623484486511,0.6295741068180681,-14.515711842035318,0.2719344611720337,0.3063444286818875,0.00015748,15.357489103907493,0.00081957,0,0.0
2932,2.920700348476377,4.53707879446362,-1.54e-06,0.8575784558748958,2.058281372399891,40.77029084050412,1.0052136313683062,64.8489281050773,0.12067054082980143,-60.82282789741688,-1.1573229341274334,-64.04519215597989,0.6295741068180681,9.19995984614684,0.2719344611720337,0.27010415629320583,0.00015748,16.503999171915225,0.00081957,0,0.0
2933,2.725909242429764,21.263223678080514,-1.54e-06,0.8575784558748958,2.058281372399891,-56.35256591082304,1.0052136313683062,-20.454651939526084,0.12067054082980143,-3.1592038215314426,-1.1573229341274334,-2.4546355568613922,0.6295741068180681,71.89018200250334,0.2719344611720337,-7.490836393454061,0.00015748,-2.312323178212238,0.00081957,1,0.0
2934,0.6850238111232034,0.584420789240094,-1.54e-06,0.8575784558748958,2.058281372399891,-24.034665734584596,1.0052136313683062,4.937317067180728,0.12067054082980143,-66.39363341723727,-1.1573229341274334,44.26068090187909,0.6295741068180681,48.188742004848145,0.2719344611720337,-0.21586841627124484,0.00015748,0.2356170959192839,0.00081957,1,0.0
2935,-2.896449383711522,6.314439861692962,-1.54e-06,0.8575784558748958,2.058281372399891,70.0505005145308,1.0052136313683062,17.09139170051442,0.12067054082980143,-9.513972524323401,-1.1573229341274334,44.85490455964101,0.6295741068180681,-86.41503466947859,0.2719344611720337,6.734685356464582,0.00015748,11.375773825525052,0.00081957,0,0.0
2936,3.3977515618702947,5.129169073840642,-1.54e-06,0.8575784558748958,2.058281372399891,26.94521004092753,1.0052136313683062,68.52673509676234,0.12067054082980143,-96.74716432054771,-1.1573229341274334,-41.42472412684779,0.6295741068180681,36.3497874460125,0.2719344611720337,0.2760402637980022,0.00015748,16.42033944431084,0.00081957,0,0.0
2937,-0.18021639186861727,0.8349140072652876,-1.54e-06,0.8575784558748958,2.058281372399891,95.62856659193608,1.0052136313683062,82.18411425286315,0.12067054082980143,-78.73418113008414,-1.1573229341274334,-48.54081019434616,0.6295741068180681,-52.44122929182768,0.2719344611720337,1.4477254323994373,0.00015748,25.356951253106416,0.00081957,0,0.0
2938,-1.453668034965503,3.4877993166181036,-1.54e-06,0.8575784558748958,2.058281372399891,80.66424881193986,1.0052136313683062,60.784840312088654,0.12067054082980143,-86.96136854563142,-1.1573229341274334,21.439283066745208,0.6295741068180681,-53.135431792105095,0.2719344611720337,5.227267798869563,0.00015748,19.859955352690765,0.00081957,0,0.0
2939,1.1898952655781154,0.6622302422687818,-1.54e-06,0.8575784558748958,2.058281372399891,-14.01022432058672,1.0052136313683062,3.745338306158773,0.12067054082980143,-24.128041719147948,-1.1573229341274334,3.9813162396397495,0.6295741068180681,29.495084030232256,0.2719344611720337,-0.25045625974463764,0.00015748,0.2687721852618857,0.00081957,1,0.0
2940,1.6286292103275628,28.734587955752943,-1.54e-06,0.8575784558748958,2.058281372399891,-63.83583954205051,1.0052136313683062,-19.76616457220372,0.12067054082980143,-7.742607930419723,-1.1573229341274334,12.292198332370042,0.6295741068180681,69.29931588537994,0.2719344611720337,-11.440556602960143,0.00015748,-2.756789953216174,0.00081957,1,0.0
2941,-1.8727626878458665,19.588174505543616,-1.54e-06,0.8575784558748958,2.058281372399891,61.68885355573138,1.0052136313683062,18.23978013956268,0.12067054082980143,-72.7456139124207,-1.1573229341274334,45.06662281928082,0.6295741068180681,-34.246645837199104,0.2719344611720337,1.1586224696158638,0.00015748,19.17468481571942,0.00081957,0,0.0
2942,0.6924980985167548,0.32375170081554716,-1.54e-06,0.8575784558748958,2.058281372399891,21.76342828423026,1.0052136313683062,30.555686519823972,0.12067054082980143,-38.989684839938406,-1.1573229341274334,-15.392397284566599,0.6295741068180681,0.5969717703552253,0.2719344611720337,0.25974413905230165,0.00015748,8.023574842182922,0.00081957,0,0.0
2943,5.793578129515726,14.916472528240423,-1.54e-06,0.8575784558748958,2.058281372399891,-21.568566510246804,1.0052136313683062,22.521632461428332,0.12067054082980143,-9.557589605740967,-1.1573229341274334,-69.2503079042267,0.6295741068180681,64.26330276029454,0.2719344611720337,0.27011017592874964,0.00015748,3.895444981481962,0.00081957,0,0.0
2944,-1.748331481677737,4.058389854061863,-1.54e-06,0.8575784558748958,2.058281372399891,30.905950773740432,1.0052136313683062,24.752043737852933,0.12067054082980143,-88.10708482496447,-1.1573229341274334,91.89323302297745,0.6295741068180681,-18.75084857413531,0.2719344611720337,6.956882551963957,0.00015748,8.156662354301904,0.00081957,0,0.0
2945,-1.0504685255760235,2.6224385381286006,-1.54e-06,0.8575784558748958,2.058281372399891,20.374271956573118,1.0052136313683062,25.274206804736053,0.12067054082980143,-92.23482035909402,-1.1573229341274334,80.81901826861474,0.6295741068180681,-1.0476407035334283,0.2719344611720337,5.623262368902008,0.00015748,7.266587723724665,0.00081957,0,0.0
2946,0.26496696987036983,0.019220297532121358,-1.54e-06,0.8575784558748958,2.058281372399891,-16.939351769870697,1.0052136313683062,15.56458801886112,0.12067054082980143,-87.56187577167908,-1.1573229341274334,58.11890756744853,0.6295741068180681,43.91892204983133,0.2719344611720337,0.30496099864724857,0.00015748,2.3716192465301766,0.00081957,0,0.0
2947,2.535572474537643,2.712798015424132,-1.54e-06,0.8575784558748958,2.058281372399891,-18.179108935153902,1.0052136313683062,5.340350882042623,0.12067054082980143,-9.985599445503036,-1.1573229341274334,-21.96188925634504,0.6295741068180681,38.331409816066866,0.2719344611720337,-0.4077382360657244,0.00015748,0.38878467292739577,0.00081957,1,0.0
2948,0.13852655165066086,0.5921913605878636,-1.54e-06,0.8575784558748958,2.058281372399891,15.89176853546266,1.0052136313683062,25.154125892765126,0.12067054082980143,-36.686059972172444,-1.1573229341274334,3.2558545761711737,0.6295741068180681,-2.4466644971752545,0.2719344611720337,0.8861689491864961,0.00015748,5.518116844391939,0.00081957,0,0.0
2949,-0.7561302012420814,2.083925380640618,-1.54e-06,0.8575784558748958,2.058281372399891,44.28211047206741,1.0052136313683062,44.6852401912227,0.12067054082980143,-91.42317529094151,-1.1573229341274334,42.170141529183624,0.6295741068180681,-16.53442564017218,0.2719344611720337,4.51768532069719,0.00015748,13.138711618141414,0.00081957,0,0.0
2950,1.759008080064317,17.480722885376423,-1.54e-06,0.8575784558748958,2.058281372399891,-54.161171772217145,1.0052136313683062,-25.385262712884014,0.12067054082980143,-19.92454351545956,-1.1573229341274334,39.187823555247235,0.6295741068180681,65.29037905583274,0.2719344611720337,-7.869471202849057,0.00015748,0.2094663989519039,0.00081957,1,0.0
2951,-1.3075736847071902,8.976863455929887,-1.54e-06,0.8575784558748958,2.058281372399891,31.865371951827637,1.0052136313683062,-9.692355956575991,0.12067054082980143,-4.59201071642769,-1.1573229341274334,38.91208359835794,0.6295741068180681,-35.21787704431097,0.2719344611720337,0.7673762290024548,0.00015748,9.630139440157787,0.00081957,0,0.0
2952,-0.6156189080868888,1.8874571849134678,-1.54e-06,0.8575784558748958,2.058281372399891,95.28995459630721,1.0052136313683062,59.78067981119423,0.12067054082980143,-19.725289706212262,-1.1573229341274334,-59.53393479232468,0.6295741068180681,-76.87733500413714,0.2719344611720337,2.2555197938873786,0.00015748,20.93923861473955,0.00081957,0,0.0
2953,0.03323335169849506,0.04806225355296594,-1.54e-06,0.8575784558748958,2.058281372399891,-21.70475154950007,1.0052136313683062,12.87794799328119,0.12067054082980143,-99.82461341675209,-1.1573229341274334,81.37756134775663,0.6295741068180681,48.31001684032687,0.2719344611720337,0.29012806308525496,0.00015748,2.641261591295832,0.00081957,0,0.0
2954,0.0020646822480649973,0.3664316894440305,-1.54e-06,0.8575784558748958,2.058281372399891,77.81971817116197,1.0052136313683062,50.41852991602356,0.12067054082980143,-1.9271852069678157,-1.1573229341274334,-75.75932122586255,0.6295741068180681,-61.46875192079403,0.2719344611720337,0.27511205035017383,0.00015748,17.300612133612177,0.00081957,0,0.0
2955,0.0025805803708434105,0.12099766888005603,-1.54e-06,0.8575784558748958,2.058281372399891,41.29775214475541,1.0052136313683062,27.393499952065664,0.12067054082980143,-5.034815228698865,-1.1573229341274334,-37.335979712003436,0.6295741068180681,-31.274666213728747,0.2719344611720337,0.2579910823908165,0.00015748,9.435583393432964,0.00081957,0,0.0
2956,1.3204140939222981,0.6650552879869518,-1.54e-06,0.8575784558748958,2.058281372399891,4.603099715633912,1.0052136313683062,32.0988593957055,0.12067054082980143,-70.46537457097858,-1.1573229341274334,6.148688506887855,0.6295741068180681,29.754933922128,0.2719344611720337,0.28276570873163553,0.00015748,7.113842493135999,0.00081957,0,0.0
2957,-0.0009226480510469148,0.10520886290721948,-1.54e-06,0.8575784558748958,2.058281372399891,7.191423077696122,1.0052136313683062,6.5644505671508755,0.12067054082980143,-12.328650131221325,-1.1573229341274334,6.737532635885639,0.6295741068180681,-3.206781270745559,0.2719344611720337,1.123668757785342,0.00015748,2.053858481213967,0.00081957,0,0.0
2958,-1.9907450644387787,4.360803426498255,-1.54e-06,0.8575784558748958,2.058281372399891,61.51811970333768,1.0052136313683062,36.9381239436882,0.12067054082980143,-65.41805337279308,-1.1573229341274334,48.52460412420879,0.6295741068180681,-50.94696186291793,0.2719344611720337,6.13159546298158,0.00015748,13.419604070427066,0.00081957,0,0.0
2959,1.3588555303276904,2.64839108477286,-1.54e-06,0.8575784558748958,2.058281372399891,40.333686809040614,1.0052136313683062,48.657105572747824,0.12067054082980143,-71.94070770421533,-1.1573229341274334,-26.045012934476745,0.6295741068180681,4.960070331345961,0.2719344611720337,0.25321032103351726,0.00015748,15.745892380764044,0.00081957,0,0.0
2960,6.88187207503831,24.424526020540952,-1.54e-06,0.8575784558748958,2.058281372399891,-36.54293288106493,1.0052136313683062,27.572248644281785,0.12067054082980143,-29.87511568702996,-1.1573229341274334,-50.64575336888904,0.6295741068180681,86.14415860126046,0.2719344611720337,0.2946610088255657,0.00015748,4.447540697479291,0.00081957,0,0.0
2961,-1.506296270490754,4.116531731344526,-1.54e-06,0.8575784558748958,2.058281372399891,98.02204838462201,1.0052136313683062,58.554863244521236,0.12067054082980143,-32.7316152239545,-1.1573229341274334,-21.614367874880493,0.6295741068180681,-86.76474583807952,0.2719344611720337,5.117405650789673,0.00015748,20.093777586765462,0.00081957,0,0.0
2962,-1.6624606322694904,3.872480873947706,-1.54e-06,0.8575784558748958,2.058281372399891,73.10225208567995,1.0052136313683062,46.17090573386766,0.12067054082980143,-59.33152839806231,-1.1573229341274334,23.00985498933287,0.6295741068180681,-58.85641440507983,0.2719344611720337,5.519669470949816,0.00015748,16.134594865791563,0.00081957,0,0.0
2963,1.8088817340714833,18.608709252807376,-1.54e-06,0.8575784558748958,2.058281372399891,-55.41592891330082,1.0052136313683062,-5.202536034468538,0.12067054082980143,-36.182882742990046,-1.1573229341274334,30.715181234700175,0.6295741068180681,68.49485872547997,0.2719344611720337,-8.953533128194355,0.00015748,0.230920491934282,0.00081957,1,0.0
2964,-2.213986220654135,4.982502497932632,-1.54e-06,0.8575784558748958,2.058281372399891,58.17352075481615,1.0052136313683062,30.365591466831074,0.12067054082980143,-58.06056804275314,-1.1573229341274334,59.96276561932366,0.6295741068180681,-54.38400683401706,0.2719344611720337,7.050116043793135,0.00015748,11.7015952039642,0.00081957,0,0.0
2965,-0.0001079557749799065,1.1936262216575368,-1.54e-06,0.8575784558748958,2.058281372399891,78.19284267691373,1.0052136313683062,74.0096714284457,0.12067054082980143,-65.81122744122742,-1.1573229341274334,-43.347811009949936,0.6295741068180681,-43.74904592926359,0.2719344611720337,1.4011729374536426,0.00015748,20.509546755140654,0.00081957,0,0.0
2966,-2.3780935888106143,5.25249610380179,-1.54e-06,0.8575784558748958,2.058281372399891,43.24045297579248,1.0052136313683062,14.473362765235002,0.12067054082980143,-45.535746557118365,-1.1573229341274334,76.57166154212292,0.6295741068180681,-48.56384306300391,0.2719344611720337,6.038888241274923,0.00015748,8.82614231212708,0.00081957,0,0.0
2967,-1.7097305090824184,3.820313296784293,-1.54e-06,0.8575784558748958,2.058281372399891,35.33147578126824,1.0052136313683062,22.327012397801646,0.12067054082980143,-66.55435380931769,-1.1573229341274334,70.91782520702168,0.6295741068180681,-27.85617423786045,0.2719344611720337,6.0547898121596475,0.00015748,8.161905222350352,0.00081957,0,0.0
2968,1.5412285331892734,2.0205706961287317,-1.54e-06,0.8575784558748958,2.058281372399891,73.2903425170606,1.0052136313683062,76.00949239802624,0.12067054082980143,-58.4635058203259,-1.1573229341274334,-74.49566646208918,0.6295741068180681,-27.465274191521228,0.2719344611720337,0.259593459092466,0.00015748,21.68799519274441,0.00081957,0,0.0
2969,-2.1330963652039303,5.857499842278919,-1.54e-06,0.8575784558748958,2.058281372399891,94.02831781068721,1.0052136313683062,58.69691391316638,0.12067054082980143,-56.37879925498349,-1.1573229341274334,16.941788063415625,0.6295741068180681,-84.19283767665073,0.2719344611720337,7.136223205825258,0.00015748,19.019169780900683,0.00081957,0,0.0
2970,0.005455360336398041,0.2276391694571516,-1.54e-06,0.8575784558748958,2.058281372399891,-5.683596211184405,1.0052136313683062,11.283615408383787,0.12067054082980143,-61.15432396894625,-1.1573229341274334,51.416110426628514,0.6295741068180681,21.412392378759183,0.2719344611720337,1.564280314879241,0.00015748,2.7549948992554807,0.00081957,0,0.0
2971,3.1910078197523504,4.901793972571226,-1.54e-06,0.8575784558748958,2.058281372399891,6.154713325862155,1.0052136313683062,28.743189839935763,0.12067054082980143,-14.907631275166368,-1.1573229341274334,-52.59232145362191,0.6295741068180681,23.533169326133397,0.2719344611720337,0.26613754279671165,0.00015748,6.533717105314166,0.00081957,0,0.0
2972,1.1147660732886475,2.000339609715131,-1.54e-06,0.8575784558748958,2.058281372399891,49.59250588204241,1.0052136313683062,56.44623739441982,0.12067054082980143,-37.546351689742245,-1.1573229341274334,-54.12014124725169,0.6295741068180681,-21.090951944619107,0.2719344611720337,0.2901390522125844,0.00015748,14.261425531557398,0.00081957,0,0.0
2973,-0.0008061358802100571,0.2249322783221332,-1.54e-06,0.8575784558748958,2.058281372399891,85.43154136687906,1.0052136313683062,72.80666072291262,0.12067054082980143,-58.77709581194656,-1.1573229341274334,-59.200070206294846,0.6295741068180681,-48.10457270467902,0.2719344611720337,0.26093368217185997,0.00015748,22.416879263454803,0.00081957,0,0.0
2974,1.683966469459185,1.3038999623269536,-1.54e-06,0.8575784558748958,2.058281372399891,4.926503935657058,1.0052136313683062,24.814384355318694,0.12067054082980143,-36.829309274933024,-1.1573229341274334,-15.570677138707746,0.6295741068180681,20.689889136777616,0.2719344611720337,0.2774439433096596,0.00015748,5.5745060769899055,0.00081957,0,0.0
2975,-2.4342855296862447,5.356650400501475,-1.54e-06,0.8575784558748958,2.058281372399891,49.91447099620416,1.0052136313683062,25.95449988083331,0.12067054082980143,-72.3192681414763,-1.1573229341274334,84.23507281441084,0.6295741068180681,-45.373902486823425,0.2719344611720337,7.468028499790597,0.00015748,10.614370692519737,0.00081957,0,0.0
2976,-2.0684794984503974,6.902031716439176,-1.54e-06,0.8575784558748958,2.058281372399891,86.87788948990456,1.0052136313683062,46.43350115769767,0.12067054082980143,-25.50367701740881,-1.1573229341274334,12.67416999947045,0.6295741068180681,-90.24972999786378,0.2719344611720337,7.722267930731819,0.00015748,15.294951542043092,0.00081957,0,0.0
2977,-0.9998754065060236,3.973363025810295,-1.54e-06,0.8575784558748958,2.058281372399891,14.082631391406235,1.0052136313683062,-9.252031117200813,0.12067054082980143,-8.364605863014452,-1.1573229341274334,59.18804884713476,0.6295741068180681,-24.268445662343186,0.2719344611720337,0.2777497381729641,0.00015748,7.149232574291721,0.00081957,0,0.0
2978,1.7486748715764178,1.6324870463700638,-1.54e-06,0.8575784558748958,2.058281372399891,7.521280583844235,1.0052136313683062,17.998916047056657,0.12067054082980143,-5.8871147788710765,-1.1573229341274334,-33.411487928452296,0.6295741068180681,8.496061338037393,0.2719344611720337,0.2667094911271306,0.00015748,4.287728869045017,0.00081957,0,0.0
2979,2.292311233075769,38.57157103146448,-1.54e-06,0.8575784558748958,2.058281372399891,46.724890791070635,1.0052136313683062,17.406057934241176,0.12067054082980143,-44.756877841869404,-1.1573229341274334,-18.85359460204722,0.6295741068180681,2.900706340526851,0.2719344611720337,0.32199708183315146,0.00015748,21.309523512275923,0.00081957,0,0.0
2980,-0.866225904944605,2.1862997465171534,-1.54e-06,0.8575784558748958,2.058281372399891,33.0805270608005,1.0052136313683062,34.72217632132036,0.12067054082980143,-90.3178550555178,-1.1573229341274334,55.20920982978963,0.6295741068180681,-8.01037236178426,0.2719344611720337,4.366362100712379,0.00015748,10.659117996868396,0.00081957,0,0.0
2981,2.560094804780146,12.774953836655556,-1.54e-06,0.8575784558748958,2.058281372399891,-44.39722471022416,1.0052136313683062,-14.118279719388267,0.12067054082980143,-14.571156161255825,-1.1573229341274334,12.507968137239905,0.6295741068180681,61.12472177291349,0.2719344611720337,-5.071056935952955,0.00015748,0.236879429143118,0.00081957,1,0.0
2982,1.6210548056102692,14.684876073234502,-1.54e-06,0.8575784558748958,2.058281372399891,-14.745750740845736,1.0052136313683062,-8.824145207358345,0.12067054082980143,-55.153599482089845,-1.1573229341274334,78.51875745726268,0.6295741068180681,36.08469339440349,0.2719344611720337,0.25199974457638064,0.00015748,8.858062556965653,0.00081957,0,0.0
2983,1.372279656902382,1.4302763744312057,-1.54e-06,0.8575784558748958,2.058281372399891,49.48572526396757,1.0052136313683062,53.79442774207367,0.12067054082980143,-42.36923274176084,-1.1573229341274334,-53.77103211596555,0.6295741068180681,-15.089625723605124,0.2719344611720337,0.27781179311498416,0.00015748,15.270451435757693,0.00081957,0,0.0
2984,7.585451411563336,30.496971643395113,-1.54e-06,0.8575784558748958,2.058281372399891,-18.25500908873196,1.0052136313683062,74.37813765699174,0.12067054082980143,-96.13287510168676,-1.1573229341274334,-58.90183030228768,0.6295741068180681,95.7872136420223,0.2719344611720337,0.2695552695228347,0.00015748,12.68033934002212,0.00081957,0,0.0
2985,0.007500894750031684,0.03964999039634317,-1.54e-06,0.8575784558748958,2.058281372399891,37.54897213860351,1.0052136313683062,37.571750688929576,0.12067054082980143,-44.012238235548324,-1.1573229341274334,-17.312677950766403,0.6295741068180681,-15.179641371442075,0.2719344611720337,0.2575252160449901,0.00015748,10.915862270046272,0.00081957,0,0.0
2986,0.1778744692310119,0.16019181372207053,-1.54e-06,0.8575784558748958,2.058281372399891,41.82334582898392,1.0052136313683062,36.300466400052734,0.12067054082980143,-26.333268394156658,-1.1573229341274334,-32.358496788833946,0.6295741068180681,-23.42725448227743,0.2719344611720337,0.26985468537422896,0.00015748,10.987322754603047,0.00081957,0,0.0
2987,3.5709665195223357,18.192601313812894,-1.54e-06,0.8575784558748958,2.058281372399891,-59.237129603809436,1.0052136313683062,-16.36228282400776,0.12067054082980143,-19.035711132369393,-1.1573229341274334,12.166209583960002,0.6295741068180681,82.21534275251506,0.2719344611720337,-6.667720666399493,0.00015748,0.21095377049390773,0.00081957,1,0.0
2988,-0.3481343605899023,1.349037151600312,-1.54e-06,0.8575784558748958,2.058281372399891,26.196833210401316,1.0052136313683062,23.364365120829845,0.12067054082980143,-48.31635579118031,-1.1573229341274334,28.5183331658819,0.6295741068180681,-12.366798183918512,0.2719344611720337,3.6334106006869566,0.00015748,7.352524508234548,0.00081957,0,0.0
2989,0.20828911233903447,0.0015567110552144844,-1.54e-06,0.8575784558748958,2.058281372399891,-7.038397067296514,1.0052136313683062,17.644187967440132,0.12067054082980143,-70.7730234523306,-1.1573229341274334,38.3514318402578,0.6295741068180681,30.358704984933524,0.2719344611720337,0.2868881272105568,0.00015748,3.1412672955039147,0.00081957,0,0.0
2990,1.9607332884126794,1.7565511352901924,-1.54e-06,0.8575784558748958,2.058281372399891,-34.072727609250805,1.0052136313683062,14.622442188077178,0.12067054082980143,-98.89320208525176,-1.1573229341274334,51.78136039957542,0.6295741068180681,76.18280913711118,0.2719344611720337,0.2934089395241264,0.00015748,1.7372395678365944,0.00081957,0,0.0
2991,2.1702520523173314,24.239788039262308,-1.54e-06,0.8575784558748958,2.058281372399891,-70.99477731279657,1.0052136313683062,-34.290680180985895,0.12067054082980143,-20.962045034404124,-1.1573229341274334,50.34766085939854,0.6295741068180681,82.37497148537678,0.2719344611720337,-10.893170918987256,0.00015748,0.2173682992898014,0.00081957,1,0.0
2992,-1.0787640883367167,3.1525324493086875,-1.54e-06,0.8575784558748958,2.058281372399891,61.36380899662339,1.0052136313683062,30.901748496775944,0.12067054082980143,-29.07460367440988,-1.1573229341274334,-1.3995805020831968,0.6295741068180681,-50.15891581682097,0.2719344611720337,3.0346262638948556,0.00015748,13.826450051930527,0.00081957,0,0.0
2993,2.3198588109841807,27.784945078763805,-1.54e-06,0.8575784558748958,2.058281372399891,-75.73218097561328,1.0052136313683062,-37.64669172297005,0.12067054082980143,-44.62494967304993,-1.1573229341274334,65.37040256189934,0.6295741068180681,99.20334479962553,0.2719344611720337,-9.817106496809895,0.00015748,0.1782256754558844,0.00081957,1,0.0
2994,1.0941672478591435,5.160639042037091,-1.54e-06,0.8575784558748958,2.058281372399891,48.520417616390496,1.0052136313683062,51.32406570167099,0.12067054082980143,-88.26217828950223,-1.1573229341274334,-17.19414097328412,0.6295741068180681,3.591525395785159,0.2719344611720337,0.33232804807504124,0.00015748,18.763997259316515,0.00081957,0,0.0
2995,1.994905063972575,5.724013442275073,-1.54e-06,0.8575784558748958,2.058281372399891,67.74298786309606,1.0052136313683062,72.67899981658192,0.12067054082980143,-20.733021709904595,-1.1573229341274334,-97.21408245643478,0.6295741068180681,-36.12254816840438,0.2719344611720337,0.25162629245924784,0.00015748,18.18482142275169,0.00081957,0,0.0
2996,0.0019449649215237397,0.0022563765774902284,-1.54e-06,0.8575784558748958,2.058281372399891,-13.085799269048021,1.0052136313683062,17.26753741156826,0.12067054082980143,-90.6721149154823,-1.1573229341274334,63.619767873409394,0.6295741068180681,38.87783736467449,0.2719344611720337,0.7775299643183666,0.00015748,2.9078811427770956,0.00081957,0,0.0
2997,-0.04047391249398835,0.4789451685672163,-1.54e-06,0.8575784558748958,2.058281372399891,15.817277048883545,1.0052136313683062,15.390463609447778,0.12067054082980143,-29.731531940353424,-1.1573229341274334,15.387373752222155,0.6295741068180681,-6.286924167882846,0.2719344611720337,2.337610951160075,0.00015748,4.636551672335914,0.00081957,0,0.0
2998,-0.023844130507564287,39.15553895978108,-1.54e-06,0.8575784558748958,2.058281372399891,-64.22438777672748,1.0052136313683062,-23.529713979975508,0.12067054082980143,-1.1274583894252357,-1.1573229341274334,48.5356287731986,0.6295741068180681,46.73800926416337,0.2719344611720337,-16.405549279125243,0.00015748,0.1867231931161477,0.00081957,1,0.0
2999,-0.6627714913927658,18.056075232995056,-1.54e-06,0.8575784558748958,2.058281372399891,-44.92921639055968,1.0052136313683062,-26.5962901634509,0.12067054082980143,-42.925256133788466,-1.1573229341274334,81.15544768212635,0.6295741068180681,47.066253542752754,0.2719344611720337,-7.814367730486509,0.00015748,0.24933344367873156,0.00081957,1,0.0
3000,0.6406643405807695,0.05162661689642087,-1.54e-06,1.9454770056991229,3.5389961297301333,-47.28868876254422,1.0052136313683062,3.60137975769267,0.12067054082980143,-11.979797265994176,-1.1573229341274334,-54.778208664509165,0.6295741068180681,54.240214355149256,0.2719344611720337,-0.03839001990654646,0.00015748,0.03815587023687912,0.00081957,1,0.0
3001,0.0007285301629145202,0.13532096645104236,-1.54e-06,1.9454770056991229,3.5389961297301333,35.64932854663145,1.0052136313683062,13.376556339311948,0.12067054082980143,-76.85218714523158,-1.1573229341274334,63.77816670311038,0.6295741068180681,10.76188589250813,0.2719344611720337,0.17303737491608895,0.00015748,0.2857363125029795,0.00081957,0,0.0
3002,0.3754058389920976,0.8379761535748271,-1.54e-06,1.9454770056991229,3.5389961297301333,-71.3148107462426,1.0052136313683062,9.705107179375432,0.12067054082980143,-0.8329739948989336,-1.1573229341274334,3.497276266259195,0.6295741068180681,25.40152982169837,0.2719344611720337,-0.5208599704882342,0.00015748,0.4103678306684682,0.00081957,1,0.0
3003,0.23766356059465366,0.2065366962902336,-1.54e-06,1.9454770056991229,3.5389961297301333,85.93868492029874,1.0052136313683062,17.712848275121083,0.12067054082980143,-21.09644205975127,-1.1573229341274334,-75.68791320763962,0.6295741068180681,-18.99260634729592,0.2719344611720337,0.06921543961202253,0.00015748,0.41236320881040717,0.00081957,0,0.0
3004,0.6660036196594585,0.06497688144266212,-1.54e-06,1.9454770056991229,3.5389961297301333,-45.72466321127625,1.0052136313683062,9.418838895620725,0.12067054082980143,-38.50847818642843,-1.1573229341274334,-57.3467234740924,0.6295741068180681,66.29293172746114,0.2719344611720337,-0.127049457514662,0.00015748,0.12772401619057067,0.00081957,1,0.0
3005,0.4241798763952101,0.02112178608392789,-1.54e-06,1.9454770056991229,3.5389961297301333,-38.345406976781916,1.0052136313683062,4.210995094260585,0.12067054082980143,-23.794270965632634,-1.1573229341274334,-21.617246130282194,0.6295741068180681,44.650401541121106,0.2719344611720337,-0.043931787767937006,0.00015748,0.044012398497102326,0.00081957,1,0.0
3006,0.39343149066156335,0.21099002059534483,-1.54e-06,1.9454770056991229,3.5389961297301333,88.31250797471162,1.0052136313683062,22.309252941967884,0.12067054082980143,-48.94573701387279,-1.1573229341274334,-48.37031099197541,0.6295741068180681,-6.482988982506763,0.2719344611720337,0.2302112479637341,0.00015748,0.5030491059497182,0.00081957,0,0.0
3007,0.6652393574994945,0.08602734766386352,-1.54e-06,1.9454770056991229,3.5389961297301333,-39.014500926250385,1.0052136313683062,11.944860089844132,0.12067054082980143,-45.73442506712179,-1.1573229341274334,-66.92005946377697,0.6295741068180681,67.43010431914728,0.2719344611720337,-0.17575498954559762,0.00015748,0.17571133458765062,0.00081957,1,0.0
3008,0.3849627675747209,0.14631188147186108,-1.54e-06,1.9454770056991229,3.5389961297301333,6.5111512144878105,1.0052136313683062,16.373751648263667,0.12067054082980143,-42.11078336822405,-1.1573229341274334,-84.17063451133403,0.6295741068180681,35.40804719160439,0.2719344611720337,-0.2672448512872469,0.00015748,0.2671580859315868,0.00081957,1,0.0
3009,0.38275502492407015,0.02126276306306221,-1.54e-06,1.9454770056991229,3.5389961297301333,-45.102962487152695,1.0052136313683062,6.630107337648567,0.12067054082980143,-51.84994453557186,-1.1573229341274334,4.247531580843641,0.6295741068180681,57.75762690338238,0.2719344611720337,-0.08037117847148054,0.00015748,0.08021122702398961,0.00081957,1,0.0
3010,0.3928061971791288,0.2378821904471871,-1.54e-06,1.9454770056991229,3.5389961297301333,69.61108646040145,1.0052136313683062,20.090063129212574,0.12067054082980143,-38.208910229683454,-1.1573229341274334,-77.541903523775,0.6295741068180681,1.9756781387640314,0.2719344611720337,0.04382641217411523,0.00015748,0.4396604423169135,0.00081957,0,0.0
3011,1.152189036296661,1.1030486925300957,-1.54e-06,1.9454770056991229,3.5389961297301333,-1.8730042510603149,1.0052136313683062,-1.3146777040758932,0.12067054082980143,-36.987150137442164,-1.1573229341274334,6.941758774764498,0.6295741068180681,66.44431617135524,0.2719344611720337,0.10033886936972969,0.00015748,0.8963805236688397,0.00081957,0,0.0
3012,0.13508772531931623,0.1734921227529742,-1.54e-06,1.9454770056991229,3.5389961297301333,65.98871760716223,1.0052136313683062,18.40559417338907,0.12067054082980143,-61.768797295070435,-1.1573229341274334,0.3547174695481369,0.6295741068180681,-1.5351336621126086,0.2719344611720337,0.14012762498819079,0.00015748,0.3979845205440389,0.00081957,0,0.0
3013,0.45948025242136203,1.1882908990656904,-1.54e-06,1.9454770056991229,3.5389961297301333,-85.54594748415602,1.0052136313683062,16.621957057964774,0.12067054082980143,-24.628193150866327,-1.1573229341274334,-2.3798933858666236,0.6295741068180681,42.484816888855526,0.2719344611720337,-0.6329750040847983,0.00015748,0.46001421446595786,0.00081957,1,0.0
3014,0.5188930860203984,0.08010806684026497,-1.54e-06,1.9454770056991229,3.5389961297301333,-49.37346727090182,1.0052136313683062,13.577797658614546,0.12067054082980143,-82.74464450006913,-1.1573229341274334,-10.848300650289298,0.6295741068180681,79.90650548840581,0.2719344611720337,-0.1903635940017576,0.00015748,0.1916633676233673,0.00081957,1,0.0
3015,-0.001873567201605808,0.47291613631878493,-1.54e-06,1.9454770056991229,3.5389961297301333,30.07981941664281,1.0052136313683062,17.62414202396667,0.12067054082980143,-9.677943766464738,-1.1573229341274334,-18.444706369715686,0.6295741068180681,-25.907237575447674,0.2719344611720337,-0.254057095262982,0.00015748,0.4098328282343406,0.00081957,1,0.0
3016,0.0006048653599517451,0.11558904102670907,-1.54e-06,1.9454770056991229,3.5389961297301333,39.912044921604405,1.0052136313683062,9.832238448823007,0.12067054082980143,-36.68528574038026,-1.1573229341274334,7.625144534787652,0.6295741068180681,-3.7710896211688314,0.2719344611720337,0.06108354170444677,0.00015748,0.22216075652341225,0.00081957,0,0.0
3017,0.04335127377133727,0.03098421514694907,-1.54e-06,1.9454770056991229,3.5389961297301333,-58.97231175551649,1.0052136313683062,-2.9193856920013075,0.12067054082980143,-44.075585700592114,-1.1573229341274334,97.0198821275231,0.6295741068180681,40.46357902793982,0.2719344611720337,-0.11886127214873908,0.00015748,0.11856820554866092,0.00081957,1,0.0
3018,0.25318321305263236,0.0077858605059469965,-1.54e-06,1.9454770056991229,3.5389961297301333,-57.04812135102894,1.0052136313683062,4.839731456626027,0.12067054082980143,-66.99488543063966,-1.1573229341274334,54.45595547483194,0.6295741068180681,61.34445737228366,0.2719344611720337,-0.04640537122542049,0.00015748,0.04665626426359473,0.00081957,1,0.0
3019,0.596540106337795,0.26555438859055724,-1.54e-06,1.9454770056991229,3.5389961297301333,2.6976370200357156,1.0052136313683062,14.134267759181883,0.12067054082980143,-95.1542128127762,-1.1573229341274334,38.722849567318846,0.6295741068180681,60.626434572051885,0.2719344611720337,0.21408954578344241,0.00015748,0.4185297885087662,0.00081957,0,0.0
3020,0.025012529043172804,0.11910805625960226,-1.54e-06,1.9454770056991229,3.5389961297301333,19.14976810346679,1.0052136313683062,7.942252327874726,0.12067054082980143,-55.08054711022867,-1.1573229341274334,26.430146780433148,0.6295741068180681,17.36903893745736,0.2719344611720337,-0.012657316833083729,0.00015748,0.22917746692787128,0.00081957,1,0.0
3021,0.4054363164555439,0.053874743745306916,-1.54e-06,1.9454770056991229,3.5389961297301333,-83.38995537635944,1.0052136313683062,-2.5181838943727626,0.12067054082980143,-44.9640995912093,-1.1573229341274334,61.5718911136738,0.6295741068180681,69.17525041597196,0.2719344611720337,-0.09432641268000522,0.00015748,0.09339561375620273,0.00081957,1,0.0
3022,0.0011810835154945076,0.1387797114802237,-1.54e-06,1.9454770056991229,3.5389961297301333,77.96034018245368,1.0052136313683062,13.26241694896413,0.12067054082980143,-44.754223663069816,-1.1573229341274334,32.29291803880692,0.6295741068180681,-22.385878575360298,0.2719344611720337,0.30252310334785415,0.00015748,0.34961856371676525,0.00081957,0,0.0
3023,0.0008394689360560759,0.10073807851359097,-1.54e-06,1.9454770056991229,3.5389961297301333,-14.000371591940661,1.0052136313683062,-3.450102110093967,0.12067054082980143,-14.47334558556559,-1.1573229341274334,61.358273768087514,0.6295741068180681,8.216029543348112,0.2719344611720337,-0.0434534263106776,0.00015748,0.1929827943545802,0.00081957,1,0.0
3024,0.0429092872693525,0.1408974855204799,-1.54e-06,1.9454770056991229,3.5389961297301333,18.737540246028118,1.0052136313683062,14.54750951169934,0.12067054082980143,-82.97885612618309,-1.1573229341274334,39.16279474992981,0.6295741068180681,26.60380914437693,0.2719344611720337,-0.014102845346318449,0.00015748,0.2798564313261397,0.00081957,1,0.0
3025,0.3145026799956482,0.04210838391015241,-1.54e-06,1.9454770056991229,3.5389961297301333,-86.56018025928296,1.0052136313683062,-1.7906701117933557,0.12067054082980143,-59.550430617890385,-1.1573229341274334,88.83426082299934,0.6295741068180681,71.44888423770749,0.2719344611720337,-0.09997326143277044,0.00015748,0.09925948982472202,0.00081957,1,0.0
3026,0.2224873740675381,0.006409357690911208,-1.54e-06,1.9454770056991229,3.5389961297301333,-15.952740990538103,1.0052136313683062,2.1629079989244753,0.12067054082980143,-9.249923390719697,-1.1573229341274334,-18.666732184117404,0.6295741068180681,21.040507112047994,0.2719344611720337,-0.029539140792474057,0.00015748,0.029672403421119785,0.00081957,1,0.0
3027,0.030718737098220983,0.11041263648422256,-1.54e-06,1.9454770056991229,3.5389961297301333,47.390346056114446,1.0052136313683062,10.369222309738856,0.12067054082980143,-6.880112207481751,-1.1573229341274334,-78.08240771242319,0.6295741068180681,-10.548540941798722,0.2719344611720337,-0.20590627745413906,0.00015748,0.22747619117131498,0.00081957,1,0.0
3028,0.5892711135310633,0.0752279752873734,-1.54e-06,1.9454770056991229,3.5389961297301333,-69.659694855777,1.0052136313683062,10.221220092038285,0.12067054082980143,-58.36351638430202,-1.1573229341274334,0.38320782421251076,0.6295741068180681,74.36220292721828,0.2719344611720337,-0.13805270174157733,0.00015748,0.13855383336653912,0.00081957,1,0.0
3029,0.4711318868640004,0.2635927878992573,-1.54e-06,1.9454770056991229,3.5389961297301333,92.70340161660475,1.0052136313683062,25.881707903830556,0.12067054082980143,-49.98732327374803,-1.1573229341274334,-80.10101886978335,0.6295741068180681,-3.335965628344567,0.2719344611720337,0.14652894890914164,0.00015748,0.5530034598188276,0.00081957,0,0.0
3030,0.365603918564678,0.22242944689270489,-1.54e-06,1.9454770056991229,3.5389961297301333,66.86175464545684,1.0052136313683062,26.802145263985615,0.12067054082980143,-93.74293956201787,-1.1573229341274334,-3.850305847588856,0.6295741068180681,18.183860826549928,0.2719344611720337,0.17501043847335435,0.00015748,0.5353889020257929,0.00081957,0,0.0
3031,0.03852789124960576,0.1469936132514406,-1.54e-06,1.9454770056991229,3.5389961297301333,46.63301122173218,1.0052136313683062,15.082523607031849,0.12067054082980143,-71.89872427360652,-1.1573229341274334,40.04756460362493,0.6295741068180681,6.6563752322349785,0.2719344611720337,0.14599888647609455,0.00015748,0.3273290221277074,0.00081957,0,0.0
3032,0.3824941945163762,0.03476380185465086,-1.54e-06,1.9454770056991229,3.5389961297301333,-41.489654124021996,1.0052136313683062,8.990651355313515,0.12067054082980143,-61.586045306979585,-1.1573229341274334,0.7054068332441729,0.6295741068180681,60.927819293861326,0.2719344611720337,-0.12041080711017971,0.00015748,0.12180265358861336,0.00081957,1,0.0
3033,1.0007662756738296,0.3937386846340927,-1.54e-06,1.9454770056991229,3.5389961297301333,81.20797284644757,1.0052136313683062,22.280417830163564,0.12067054082980143,-39.228672664428274,-1.1573229341274334,-99.48658771824503,0.6295741068180681,19.729822604260676,0.2719344611720337,0.36360408307971215,0.00015748,0.6509530273262406,0.00081957,0,0.0
3034,0.11335568117641365,0.19189574297200257,-1.54e-06,1.9454770056991229,3.5389961297301333,12.415314566199601,1.0052136313683062,6.059744936201317,0.12067054082980143,-76.9450720707543,-1.1573229341274334,86.3018515006038,0.6295741068180681,29.22200241578894,0.2719344611720337,0.13189985551363737,0.00015748,0.3496725889188494,0.00081957,0,0.0
3035,0.20022413637223807,0.06013043096591682,-1.54e-06,1.9454770056991229,3.5389961297301333,-11.810088742990857,1.0052136313683062,11.133540894427489,0.12067054082980143,-56.00283452203586,-1.1573229341274334,-10.960513166590388,0.6295741068180681,38.840179067204474,0.2719344611720337,-0.16963692544206146,0.00015748,0.17198446284523186,0.00081957,1,0.0
3036,0.0025358074533746167,0.1254026098354846,-1.54e-06,1.9454770056991229,3.5389961297301333,49.419154381556375,1.0052136313683062,9.826440408781545,0.12067054082980143,-31.077510054584714,-1.1573229341274334,7.5576969499264885,0.6295741068180681,-11.466164504824125,0.2719344611720337,0.12371995408895804,0.00015748,0.2337200567525684,0.00081957,0,0.0
3037,-1.8508449251941617e-05,0.10473302030410812,-1.54e-06,1.9454770056991229,3.5389961297301333,48.67275676478975,1.0052136313683062,7.021484588086107,0.12067054082980143,-6.8359418904403135,-1.1573229341274334,-17.824509685820924,0.6295741068180681,-19.87552051722971,0.2719344611720337,0.08430210539959349,0.00015748,0.17845475804273986,0.00081957,0,0.0
3038,0.719048660076469,0.59330480902927,-1.54e-06,1.9454770056991229,3.5389961297301333,28.665744644884928,1.0052136313683062,2.7067898567434505,0.12067054082980143,-36.301368516807045,-1.1573229341274334,33.80868075750331,0.6295741068180681,28.633353293371535,0.2719344611720337,0.19328070632649785,0.00015748,0.755546407377306,0.00081957,0,0.0
3039,0.6070690108500186,0.23364076305680048,-1.54e-06,1.9454770056991229,3.5389961297301333,-21.035554296232196,1.0052136313683062,21.24467269769454,0.12067054082980143,-84.09106973452903,-1.1573229341274334,-75.51082274610248,0.6295741068180681,75.49081558792035,0.2719344611720337,-0.33570542261039144,0.00015748,0.340074743840083,0.00081957,1,0.0
3040,0.7108704389720016,0.08154939556070201,-1.54e-06,1.9454770056991229,3.5389961297301333,-73.14645087639153,1.0052136313683062,-0.019870457822974724,0.12067054082980143,-15.658579102125493,-1.1573229341274334,-25.824450110280196,0.6295741068180681,68.28709619481366,0.2719344611720337,-0.037351482144203786,0.00015748,0.03761346412338564,0.00081957,1,0.0
3041,1.28763816936188,0.5358724267780853,-1.54e-06,1.9454770056991229,3.5389961297301333,70.72851286683037,1.0052136313683062,26.885601913503226,0.12067054082980143,-81.27193424816362,-1.1573229341274334,-93.1959516533812,0.6295741068180681,56.362923169697865,0.2719344611720337,0.352400314689349,0.00015748,0.8300435931496162,0.00081957,0,0.0
3042,0.20602868011060776,0.015328004519786385,-1.54e-06,1.9454770056991229,3.5389961297301333,-9.815184850480003,1.0052136313683062,4.978261701474201,0.12067054082980143,-20.772202820790476,-1.1573229341274334,-22.679619681063464,0.6295741068180681,23.48329746154081,0.2719344611720337,-0.08176820779752142,0.00015748,0.08284269190040597,0.00081957,1,0.0
3043,0.0025490903246578323,0.1324164026617801,-1.54e-06,1.9454770056991229,3.5389961297301333,15.35951108660773,1.0052136313683062,3.3507640367524916,0.12067054082980143,-36.60765932798312,-1.1573229341274334,61.888280001803324,0.6295741068180681,3.573198885645667,0.2719344611720337,0.106428996471791,0.00015748,0.23547606026468443,0.00081957,0,0.0
3044,0.5786144356772998,0.34817139075707954,-1.54e-06,1.9454770056991229,3.5389961297301333,-8.418975314680312,1.0052136313683062,4.994125586345742,0.12067054082980143,-63.09638739558285,-1.1573229341274334,36.95725639857702,0.6295741068180681,54.05921105294816,0.2719344611720337,0.11558979794513874,0.00015748,0.4368003057475736,0.00081957,0,0.0
3045,0.6567345369235053,0.05172979654005953,-1.54e-06,1.9454770056991229,3.5389961297301333,-54.368947851535374,1.0052136313683062,4.587842671810489,0.12067054082980143,-22.415759907152054,-1.1573229341274334,-44.44890341335007,0.6295741068180681,61.617307612700515,0.2719344611720337,-0.0441950083165846,0.00015748,0.044263843067259695,0.00081957,1,0.0
3046,0.44849495200686823,0.06455148905925494,-1.54e-06,1.9454770056991229,3.5389961297301333,-29.272474473047208,1.0052136313683062,11.704870411496882,0.12067054082980143,-53.86864718224822,-1.1573229341274334,-35.29397406578469,0.6295741068180681,56.34574632729297,0.2719344611720337,-0.16998882463967394,0.00015748,0.1714447984565247,0.00081957,1,0.0
3047,0.07543321722345192,0.0020110738590607,-1.54e-06,1.9454770056991229,3.5389961297301333,0.5241551422420682,1.0052136313683062,1.768449195493925,0.12067054082980143,-0.2856557321709088,-1.1573229341274334,-16.88003363563769,0.6295741068180681,3.4765820201102033,0.2719344611720337,-0.026726126525285603,0.00015748,0.0269880818659664,0.00081957,1,0.0
3048,0.2703763071730667,0.03979474413272627,-1.54e-06,1.9454770056991229,3.5389961297301333,-36.08086359686981,1.0052136313683062,9.787881797372489,0.12067054082980143,-72.41976839821665,-1.1573229341274334,17.832651422827997,0.6295741068180681,58.476218088554084,0.2719344611720337,-0.13806992943976873,0.00015748,0.13950156227907376,0.00081957,1,0.0
3049,0.4913334779975633,0.026315425810609323,-1.54e-06,1.9454770056991229,3.5389961297301333,-70.17460245365561,1.0052136313683062,4.739324616607662,0.12067054082980143,-57.37540565643934,-1.1573229341274334,23.734808949840737,0.6295741068180681,73.62231792915341,0.2719344611720337,-0.04095263669731355,0.00015748,0.040931182763927564,0.00081957,1,0.0
3050,0.5664688636113872,0.05781057863063198,-1.54e-06,1.9454770056991229,3.5389961297301333,-51.30998039573668,1.0052136313683062,10.678702614786008,0.12067054082980143,-63.519313153317235,-1.1573229341274334,-21.6195127739593,0.6295741068180681,74.39209653966233,0.2719344611720337,-0.14265813843093797,0.00015748,0.14410585288130703,0.00081957,1,0.0
3051,0.6636874335527132,0.053229607374957,-1.54e-06,1.9454770056991229,3.5389961297301333,-72.36706356170998,1.0052136313683062,3.6396181369108094,0.12067054082980143,-38.90866981180195,-1.1573229341274334,-12.564947878764782,0.6295741068180681,75.62136571606118,0.2719344611720337,-0.021416378830424326,0.00015748,0.02155185786240338,0.00081957,1,0.0
3052,1.7482947393121506e-06,0.16094888902423451,-1.54e-06,1.9454770056991229,3.5389961297301333,78.98313678011394,1.0052136313683062,13.74983380259337,0.12067054082980143,-0.4188779114079412,-1.1573229341274334,-79.78032189482653,0.6295741068180681,-32.909449088833924,0.2719344611720337,-0.07086250405243152,0.00015748,0.2914184631450757,0.00081957,1,0.0
3053,-2.154592904135555e-05,0.13527661029902607,-1.54e-06,1.9454770056991229,3.5389961297301333,19.31920112847693,1.0052136313683062,9.788731919734625,0.12067054082980143,-77.256105083001,-1.1573229341274334,93.33357507756087,0.6295741068180681,16.24349294856299,0.2719344611720337,0.21632886341990218,0.00015748,0.25177632555856716,0.00081957,0,0.0
3054,-3.198224901546087e-05,0.26588396875232845,-1.54e-06,1.9454770056991229,3.5389961297301333,91.75160141993776,1.0052136313683062,20.660304429730115,0.12067054082980143,-45.61684529126674,-1.1573229341274334,47.759612360238485,0.6295741068180681,-40.95349314913782,0.2719344611720337,0.2291085786851969,0.00015748,0.6040165241172215,0.00081957,0,0.0
3055,0.4121396485922246,0.22707653492643665,-1.54e-06,1.9454770056991229,3.5389961297301333,51.55770261015042,1.0052136313683062,17.436540400935282,0.12067054082980143,-40.24621988706088,-1.1573229341274334,-71.81326899793312,0.6295741068180681,13.629231009640135,0.2719344611720337,-0.00517516214641528,0.00015748,0.39813405426037474,0.00081957,1,0.0
3056,0.15968666044734625,0.1570555250021915,-1.54e-06,1.9454770056991229,3.5389961297301333,97.4509484653012,1.0052136313683062,21.406858303452378,0.12067054082980143,-57.769497810361635,-1.1573229341274334,-5.339612517244374,0.6295741068180681,-18.818593860174353,0.2719344611720337,0.2777182927656199,0.00015748,0.48582951602312874,0.00081957,0,0.0
3057,0.48862670156053034,0.0932320247603096,-1.54e-06,1.9454770056991229,3.5389961297301333,-30.830937051307487,1.0052136313683062,13.883813761188067,0.12067054082980143,-65.61605641996758,-1.1573229341274334,-38.834674060016624,0.6295741068180681,64.56728124275472,0.2719344611720337,-0.20997213080834395,0.00015748,0.2105670997012847,0.00081957,1,0.0
3058,0.008489842078790298,0.0004625520578095824,-1.54e-06,1.9454770056991229,3.5389961297301333,-13.427967903518306,1.0052136313683062,1.151487461976775,0.12067054082980143,-21.402549247656175,-1.1573229341274334,24.84249632627384,0.6295741068180681,14.399527924317665,0.2719344611720337,-0.011184345842305132,0.00015748,0.011317946914231254,0.00081957,1,0.0
3059,1.0283883878594369,0.1306818031062646,-1.54e-06,1.9454770056991229,3.5389961297301333,-71.30307335747075,1.0052136313683062,7.76350435402565,0.12067054082980143,-24.040343169205965,-1.1573229341274334,-94.6293437039192,0.6295741068180681,87.42167657695342,0.2719344611720337,-0.09391508241249864,0.00015748,0.09380777569846212,0.00081957,1,0.0
3060,0.6054120672700236,0.06634196664492434,-1.54e-06,1.9454770056991229,3.5389961297301333,-21.013979838794338,1.0052136313683062,9.274140826413529,0.12067054082980143,-13.95528001143794,-1.1573229341274334,-90.697989917087,0.6295741068180681,43.87562479981958,0.2719344611720337,-0.14181221590482862,0.00015748,0.1418887916943894,0.00081957,1,0.0
3061,0.0007428230723579565,0.13095897961020125,-1.54e-06,1.9454770056991229,3.5389961297301333,100.0,1.0052136313683062,12.38646984508516,0.12067054082980143,-37.02068131497062,-1.1573229341274334,51.30033838021227,0.6295741068180681,-39.25229855005941,0.2719344611720337,0.359499450410956,0.00015748,0.5361562133760907,0.00081957,0,0.0
3062,0.001996906167611723,0.3725439400904096,-1.54e-06,1.9454770056991229,3.5389961297301333,-14.667598875165785,1.0052136313683062,19.05102942639668,0.12067054082980143,-62.97705778626505,-1.1573229341274334,31.597809256059342,0.6295741068180681,18.249007213121512,0.2719344611720337,-0.3347493466509387,0.00015748,0.3413888573234102,0.00081957,1,0.0
3063,0.07023680010269173,0.11526154686079115,-1.54e-06,1.9454770056991229,3.5389961297301333,76.30406154848414,1.0052136313683062,16.95867033436174,0.12067054082980143,-79.90398069198976,-1.1573229341274334,74.1298732521978,0.6295741068180681,-7.520655905773842,0.2719344611720337,0.4054538878567984,0.00015748,0.4453191629500131,0.00081957,0,0.0
3064,1.2687515454642855,0.5306326887934351,-1.54e-06,1.9454770056991229,3.5389961297301333,53.86636934159444,1.0052136313683062,23.644729550832437,0.12067054082980143,-71.86596359610762,-1.1573229341274334,-81.881566592826,0.6295741068180681,57.49897566319934,0.2719344611720337,0.3670286244701334,0.00015748,0.7379421959325597,0.00081957,0,0.0
3065,0.3870723242883397,0.08018533687050747,-1.54e-06,1.9454770056991229,3.5389961297301333,-35.84742329661732,1.0052136313683062,13.46949665301812,0.12067054082980143,-80.15400919737387,-1.1573229341274334,-6.116247361139116,0.6295741068180681,67.66359489496826,0.2719344611720337,-0.1991987813157017,0.00015748,0.19920285004594898,0.00081957,1,0.0
3066,0.1298888471956945,0.36037484133806813,-1.54e-06,1.9454770056991229,3.5389961297301333,-41.218643184928915,1.0052136313683062,-13.382278940739942,0.12067054082980143,-23.631070698236464,-1.1573229341274334,88.85080222983817,0.6295741068180681,38.18677964474841,0.2719344611720337,-0.19737286299666779,0.00015748,0.35977072337687677,0.00081957,1,0.0
3067,0.47406942467431107,0.06906761807632049,-1.54e-06,1.9454770056991229,3.5389961297301333,-36.02964372505257,1.0052136313683062,11.570778581881545,0.12067054082980143,-62.94685287500159,-1.1573229341274334,-27.400983967451126,0.6295741068180681,65.03211933127207,0.2719344611720337,-0.176444592267553,0.00015748,0.17692538598670104,0.00081957,1,0.0
3068,0.0140124116912832,0.1423417147184697,-1.54e-06,1.9454770056991229,3.5389961297301333,58.404615604942755,1.0052136313683062,12.665299342705591,0.12067054082980143,-15.76111797951891,-1.1573229341274334,-61.67187532537881,0.6295741068180681,-15.460536840243346,0.2719344611720337,-0.1183862919374494,0.00015748,0.2674352510472382,0.00081957,1,0.0
3069,0.0022721535948831972,0.0600670154680064,-1.54e-06,1.9454770056991229,3.5389961297301333,26.06280095119815,1.0052136313683062,6.188155616029322,0.12067054082980143,-11.817276660003175,-1.1573229341274334,-15.469629058109208,0.6295741068180681,-6.78142093028209,0.2719344611720337,-0.011724510541045424,0.00015748,0.12327558602595487,0.00081957,1,0.0
3070,0.7470817328564976,0.22816288656358003,-1.54e-06,1.9454770056991229,3.5389961297301333,94.9724597070489,1.0052136313683062,30.16495780779041,0.12067054082980143,-86.0716716976558,-1.1573229341274334,-45.240996998346326,0.6295741068180681,18.140466730269935,0.2719344611720337,0.3883018240389611,0.00015748,0.6913969510404865,0.00081957,0,0.0
3071,0.0013553806501461207,0.13977250425266718,-1.54e-06,1.9454770056991229,3.5389961297301333,54.3829215018853,1.0052136313683062,10.671612377392812,0.12067054082980143,-42.346024436919755,-1.1573229341274334,36.79344145081524,0.6295741068180681,-12.385941754360374,0.2719344611720337,0.24841193540296855,0.00015748,0.25907957429017675,0.00081957,0,0.0
3072,0.0010316916184200942,0.12159508613848259,-1.54e-06,1.9454770056991229,3.5389961297301333,18.752750234569096,1.0052136313683062,12.680185559786825,0.12067054082980143,-66.40148072028865,-1.1573229341274334,17.719986293311923,0.6295741068180681,20.116597191984948,0.2719344611720337,-0.08980978482251334,0.00015748,0.24032465383360546,0.00081957,1,0.0
3073,0.5008872846629455,0.029359909546954416,-1.54e-06,1.9454770056991229,3.5389961297301333,-78.83852488268666,1.0052136313683062,7.85234137508421,0.12067054082980143,-87.60470083309347,-1.1573229341274334,42.57393545323602,0.6295741068180681,91.21399224014458,0.2719344611720337,-0.08047869898908518,0.00015748,0.08040035522704932,0.00081957,1,0.0
3074,0.30814823244287254,0.014621713615492072,-1.54e-06,1.9454770056991229,3.5389961297301333,-68.07161177307638,1.0052136313683062,1.4352356740022574,0.12067054082980143,-58.66464984480122,-1.1573229341274334,59.76310595862876,0.6295741068180681,64.97452544353901,0.2719344611720337,-0.028246378388918258,0.00015748,0.028445513867351068,0.00081957,1,0.0
3075,0.26659735909790916,0.015088243268318917,-1.54e-06,1.9454770056991229,3.5389961297301333,-78.79059830851715,1.0052136313683062,1.1188687209741905,0.12067054082980143,-74.86857012607673,-1.1573229341274334,89.80468995542839,0.6295741068180681,73.87075321755239,0.2719344611720337,-0.039100249649576646,0.00015748,0.039530052797355705,0.00081957,1,0.0
3076,0.042332064085007115,0.033135274608662266,-1.54e-06,1.9454770056991229,3.5389961297301333,-35.840912440647934,1.0052136313683062,8.914342387083266,0.12067054082980143,-88.9794123711417,-1.1573229341274334,68.80312534492502,0.6295741068180681,53.749845092042534,0.2719344611720337,-0.11716119000689011,0.00015748,0.11794252361302675,0.00081957,1,0.0
3077,0.024973409913144645,0.010859507623596979,-1.54e-06,1.9454770056991229,3.5389961297301333,14.734912314695139,1.0052136313683062,3.7293057637467766,0.12067054082980143,-0.35943900689977953,-1.1573229341274334,-29.672962473452667,0.6295741068180681,-3.691068349373891,0.2719344611720337,-0.06991547003073363,0.00015748,0.07019712534893609,0.00081957,1,0.0
3078,0.009335902497755288,0.1312472014746976,-1.54e-06,1.9454770056991229,3.5389961297301333,51.61482824438467,1.0052136313683062,15.30312502087745,0.12067054082980143,-88.1200264580452,-1.1573229341274334,85.94537950856503,0.6295741068180681,5.8914649391643765,0.2719344611720337,0.3123846935377749,0.00015748,0.3518259912418706,0.00081957,0,0.0
3079,0.005399926463595273,0.09086123649256721,-1.54e-06,1.9454770056991229,3.5389961297301333,33.41539877028963,1.0052136313683062,10.105897142311301,0.12067054082980143,-25.1207017670626,-1.1573229341274334,-32.451978139912235,0.6295741068180681,-1.7103842960722164,0.2719344611720337,-0.11714879985640067,0.00015748,0.19813590360263258,0.00081957,1,0.0
3080,0.29129981510031133,0.1831792404371122,-1.54e-06,1.9454770056991229,3.5389961297301333,48.58425414144656,1.0052136313683062,20.479494754717884,0.12067054082980143,-89.97961517051787,-1.1573229341274334,23.97068678236174,0.6295741068180681,23.20884920209572,0.2719344611720337,0.19213831146939253,0.00015748,0.43897509754457376,0.00081957,0,0.0
3081,0.0004596464479368345,0.12862795848599412,-1.54e-06,1.9454770056991229,3.5389961297301333,100.0,1.0052136313683062,13.54217852334739,0.12067054082980143,-35.31860118574262,-1.1573229341274334,33.472749829243156,0.6295741068180681,-38.45567561436972,0.2719344611720337,0.3655878770849559,0.00015748,0.4557154688058107,0.00081957,0,0.0
3082,0.0023846133262269698,0.13465374521606102,-1.54e-06,1.9454770056991229,3.5389961297301333,61.20306095017752,1.0052136313683062,11.698282498633077,0.12067054082980143,-20.36881404872711,-1.1573229341274334,-32.03566811305359,0.6295741068180681,-18.306911455041494,0.2719344611720337,0.015410094622150122,0.00015748,0.2656380271276978,0.00081957,0,0.0
3083,0.0017063659241550733,0.12767605305684887,-1.54e-06,1.9454770056991229,3.5389961297301333,16.050748031768855,1.0052136313683062,6.4266217897660916,0.12067054082980143,-50.92028789700545,-1.1573229341274334,69.2610992959074,0.6295741068180681,7.912559384381307,0.2719344611720337,0.1460192615963697,0.00015748,0.22123766505218984,0.00081957,0,0.0
3084,0.8676336187353495,0.1913639223591798,-1.54e-06,1.9454770056991229,3.5389961297301333,-69.97092117587596,1.0052136313683062,12.092008259155806,0.12067054082980143,-25.971254416203124,-1.1573229341274334,-66.0610076574812,0.6295741068180681,70.83385571458089,0.2719344611720337,-0.19285521268615896,0.00015748,0.1941778095481595,0.00081957,1,0.0
3085,0.057326877788993424,0.47898644598499257,-1.54e-06,1.9454770056991229,3.5389961297301333,-13.480474300328636,1.0052136313683062,-9.257819421925177,0.12067054082980143,-49.64723653118464,-1.1573229341274334,96.48112238523291,0.6295741068180681,36.97233634213563,0.2719344611720337,-0.16519341675934532,0.00015748,0.4613820065645522,0.00081957,1,0.0
3086,0.1875046629696262,0.13657978829068,-1.54e-06,1.9454770056991229,3.5389961297301333,11.723443954303812,1.0052136313683062,15.738342534588003,0.12067054082980143,-30.22156079143714,-1.1573229341274334,-55.60378561955398,0.6295741068180681,13.049030544886481,0.2719344611720337,-0.22621489906452877,0.00015748,0.22693385467042507,0.00081957,1,0.0
3087,0.17027582191771395,0.13117629810965156,-1.54e-06,1.9454770056991229,3.5389961297301333,58.40103634475516,1.0052136313683062,19.622211122126348,0.12067054082980143,-99.87032775598935,-1.1573229341274334,76.05057752752327,0.6295741068180681,13.149280689139044,0.2719344611720337,0.36817464958165164,0.00015748,0.4379839757855643,0.00081957,0,0.0
3088,0.5903728283026847,0.05458207863241808,-1.54e-06,1.9454770056991229,3.5389961297301333,-75.23082927082051,1.0052136313683062,0.8181672838762567,0.12067054082980143,-32.718368747882224,-1.1573229341274334,6.343587393071815,0.6295741068180681,69.82205723702154,0.2719344611720337,-0.04124342715645525,0.00015748,0.041405058962778477,0.00081957,1,0.0
3089,0.00011672141939955694,0.07068855149196579,-1.54e-06,1.9454770056991229,3.5389961297301333,11.746488966147247,1.0052136313683062,8.142407118256191,0.12067054082980143,-44.04203320555723,-1.1573229341274334,17.670098187933544,0.6295741068180681,12.734534417701422,0.2719344611720337,-0.032227547347800145,0.00015748,0.15250648089699467,0.00081957,1,0.0
3090,1.1753189055194349,0.4457397236552438,-1.54e-06,1.9454770056991229,3.5389961297301333,38.75976899265557,1.0052136313683062,27.966180015828378,0.12067054082980143,-99.12548390689221,-1.1573229341274334,-67.3565096481571,0.6295741068180681,71.12033155810165,0.2719344611720337,0.2826802361430656,0.00015748,0.6739230329530169,0.00081957,0,0.0
3091,0.0010897403091859603,0.19140682199123013,-1.54e-06,1.9454770056991229,3.5389961297301333,58.70613309758162,1.0052136313683062,7.007920958763734,0.12067054082980143,-45.574295138929934,-1.1573229341274334,90.03023383797307,0.6295741068180681,-17.517390135458786,0.2719344611720337,0.23794617992940517,0.00015748,0.5221411452794318,0.00081957,0,0.0
3092,0.5309838979483436,0.24961580676381906,-1.54e-06,1.9454770056991229,3.5389961297301333,1.493755619618181,1.0052136313683062,12.954738764658531,0.12067054082980143,-94.25354544033165,-1.1573229341274334,49.02577353970581,0.6295741068180681,57.80595056035333,0.2719344611720337,0.20964568022552266,0.00015748,0.4000031886882518,0.00081957,0,0.0
3093,0.0004019652344450786,0.13256704933935162,-1.54e-06,1.9454770056991229,3.5389961297301333,51.01052854480906,1.0052136313683062,10.81897656092936,0.12067054082980143,-40.822603124354025,-1.1573229341274334,21.45162324944011,0.6295741068180681,-9.259937395508322,0.2719344611720337,0.16085239305556023,0.00015748,0.2567536095010927,0.00081957,0,0.0
3094,0.45014774833292426,0.08524992980563767,-1.54e-06,1.9454770056991229,3.5389961297301333,-5.469717291124022,1.0052136313683062,11.96109755227731,0.12067054082980143,-28.541254418747865,-1.1573229341274334,-80.17126150815375,0.6295741068180681,37.582444617577224,0.2719344611720337,-0.19799683808868457,0.00015748,0.19917507619472258,0.00081957,1,0.0
3095,0.41109579817812403,0.030351615297829156,-1.54e-06,1.9454770056991229,3.5389961297301333,-30.39098145456164,1.0052136313683062,7.462403925248467,0.12067054082980143,-35.17493083741709,-1.1573229341274334,-29.524895953051878,0.6295741068180681,46.593654247005894,0.2719344611720337,-0.10193793056778852,0.00015748,0.1023994236980644,0.00081957,1,0.0
3096,0.18219618937166893,0.18452523584662278,-1.54e-06,1.9454770056991229,3.5389961297301333,73.59110374283227,1.0052136313683062,17.394651363773207,0.12067054082980143,-39.65506780054333,-1.1573229341274334,-36.52006825054221,0.6295741068180681,-10.09654450902402,0.2719344611720337,0.10461408879853443,0.00015748,0.3910442461307746,0.00081957,0,0.0
3097,0.03264015133549181,0.020965525958579076,-1.54e-06,1.9454770056991229,3.5389961297301333,-24.516303717682874,1.0052136313683062,6.793498108431749,0.12067054082980143,-65.36931771617809,-1.1573229341274334,47.38810922357939,0.6295741068180681,39.155838289257304,0.2719344611720337,-0.09280496490975582,0.00015748,0.09373151817095521,0.00081957,1,0.0
3098,-0.00022356283943265887,0.16547988405571518,-1.54e-06,1.9454770056991229,3.5389961297301333,7.227593411307115,1.0052136313683062,1.9436477497857856,0.12067054082980143,-55.809299978385994,-1.1573229341274334,91.33413074801497,0.6295741068180681,16.678631547577464,0.2719344611720337,0.08931166669270847,0.00015748,0.2955499542439657,0.00081957,0,0.0
3099,0.0011364510446009723,0.17565129963133067,-1.54e-06,1.9454770056991229,3.5389961297301333,30.88595188668096,1.0052136313683062,6.343168790590215,0.12067054082980143,-55.537433878409175,-1.1573229341274334,95.73566050316981,0.6295741068180681,0.23718545535397756,0.2719344611720337,0.18434269862313005,0.00015748,0.39540653638353074,0.00081957,0,0.0
3100,0.0003994797653237847,0.062442777823981374,-1.54e-06,1.8245104092038358,3.4333385372646403,-1.392614904643041,1.0052136313683062,3.394037540956081,0.12067054082980143,-30.3028728663007,-1.1573229341274334,35.467661882430775,0.6295741068180681,10.613561299348468,0.2719344611720337,0.06130055326889445,0.00015748,0.0828720008361279,0.00081957,0,0.0
3101,0.814417000174509,0.5582676170921663,-1.54e-06,1.8245104092038358,3.4333385372646403,26.69292070265217,1.0052136313683062,6.456876890548498,0.12067054082980143,-43.19038255707587,-1.1573229341274334,19.51421745258897,0.6295741068180681,32.11627969513582,0.2719344611720337,0.2796906471155338,0.00015748,0.8070160703789933,0.00081957,0,0.0
3102,0.17866169893445566,0.1620910898387713,-1.54e-06,1.8245104092038358,3.4333385372646403,40.889851513748006,1.0052136313683062,11.187836636201366,0.12067054082980143,-49.8750289146572,-1.1573229341274334,35.179604988443884,0.6295741068180681,2.9418224349043274,0.2719344611720337,0.29479142672993136,0.00015748,0.38658614306466316,0.00081957,0,0.0
3103,0.19393127059937976,0.047814616334562,-1.54e-06,1.8245104092038358,3.4333385372646403,-33.609279536392336,1.0052136313683062,9.820363726799478,0.12067054082980143,-75.72125224385873,-1.1573229341274334,34.87231897422227,0.6295741068180681,53.88363745426729,0.2719344611720337,-0.15068956610628195,0.00015748,0.15291149984854543,0.00081957,1,0.0
3104,0.6510351236249357,0.4314687684032257,-1.54e-06,1.8245104092038358,3.4333385372646403,-36.93908567528842,1.0052136313683062,2.5392958338717633,0.12067054082980143,-74.90799953574654,-1.1573229341274334,73.42353475933302,0.6295741068180681,69.60580127035199,0.2719344611720337,0.11119468389677678,0.00015748,0.49069572101571235,0.00081957,0,0.0
3105,0.5514690156525767,0.19046408626634048,-1.54e-06,1.8245104092038358,3.4333385372646403,84.39246672742308,1.0052136313683062,21.93872974722456,0.12067054082980143,-36.79476321296275,-1.1573229341274334,-49.45400295610147,0.6295741068180681,-9.30517214389511,0.2719344611720337,0.40625987507250283,0.00015748,0.6161567097061698,0.00081957,0,0.0
3106,0.6440004649930307,0.7269215235491022,-1.54e-06,1.8245104092038358,3.4333385372646403,-81.19886991672513,1.0052136313683062,20.33084427970886,0.12067054082980143,-73.76214188274996,-1.1573229341274334,25.96210889976234,0.6295741068180681,72.66074200912922,0.2719344611720337,-0.48673815791106423,0.00015748,0.48431605312193116,0.00081957,1,0.0
3107,1.0651875559114221,0.14706450783809863,-1.54e-06,1.8245104092038358,3.4333385372646403,-78.64376313070068,1.0052136313683062,6.585121279301902,0.12067054082980143,-32.67297433266526,-1.1573229341274334,-59.240204222032666,0.6295741068180681,90.4856419990797,0.2719344611720337,-0.06456416186700627,0.00015748,0.06510527013501367,0.00081957,1,0.0
3108,0.6446695841816825,0.07082459965293522,-1.54e-06,1.8245104092038358,3.4333385372646403,-37.56803419625418,1.0052136313683062,8.835802493306282,0.12067054082980143,-33.528827077765655,-1.1573229341274334,-51.61085160408384,0.6295741068180681,57.67796793349282,0.2719344611720337,-0.14190548822377072,0.00015748,0.1418881416641106,0.00081957,1,0.0
3109,0.32037091102116444,0.013658889339588238,-1.54e-06,1.8245104092038358,3.4333385372646403,-25.2338221230556,1.0052136313683062,1.592845813042673,0.12067054082980143,-10.003620572000148,-1.1573229341274334,-14.974525452520114,0.6295741068180681,27.88732443862742,0.2719344611720337,-0.012111112612663934,0.00015748,0.012149719297216525,0.00081957,1,0.0
3110,0.5821489192046962,0.20469229945817793,-1.54e-06,1.8245104092038358,3.4333385372646403,90.43901128568045,1.0052136313683062,21.97307727801802,0.12067054082980143,-26.03610929201019,-1.1573229341274334,-66.59191496368446,0.6295741068180681,-15.065638513977513,0.2719344611720337,0.40767781825773075,0.00015748,0.6213062026672314,0.00081957,0,0.0
3111,0.3485394895380097,0.04315346374126437,-1.54e-06,1.8245104092038358,3.4333385372646403,-30.89412637667002,1.0052136313683062,8.936941272475343,0.12067054082980143,-52.89777570314924,-1.1573229341274334,-3.5166007345429207,0.6295741068180681,50.04821738745881,0.2719344611720337,-0.14111714187587662,0.00015748,0.1418772434944288,0.00081957,1,0.0
3112,0.2516343606406781,0.1993162400589064,-1.54e-06,1.8245104092038358,3.4333385372646403,12.092012980319224,1.0052136313683062,16.765018668950837,0.12067054082980143,-67.80959506132713,-1.1573229341274334,-10.077587905110214,0.6295741068180681,31.86610580849741,0.2719344611720337,-0.1012871149666836,0.00015748,0.35217578754740664,0.00081957,1,0.0
3113,0.0974112906616229,0.16784612220063075,-1.54e-06,1.8245104092038358,3.4333385372646403,85.92767490558106,1.0052136313683062,13.127054952443531,0.12067054082980143,-1e-20,-1.1573229341274334,-50.26444916094619,0.6295741068180681,-38.24531912712889,0.2719344611720337,0.20989851461720502,0.00015748,0.4082632407766005,0.00081957,0,0.0
3114,0.4467606062079533,0.030501844450959603,-1.54e-06,1.8245104092038358,3.4333385372646403,-19.13732836291266,1.0052136313683062,4.6162971299493805,0.12067054082980143,-5.781218789899027,-1.1573229341274334,-50.791171688267156,0.6295741068180681,29.685746599328386,0.2719344611720337,-0.0743281032196212,0.00015748,0.074629092504689,0.00081957,1,0.0
3115,0.8140771083611926,0.08088192020560833,-1.54e-06,1.8245104092038358,3.4333385372646403,-75.83949353355446,1.0052136313683062,6.683156942821552,0.12067054082980143,-54.32707750649064,-1.1573229341274334,-12.746871371958338,0.6295741068180681,87.74007527679123,0.2719344611720337,-0.0684965727129971,0.00015748,0.06799599433462984,0.00081957,1,0.0
3116,0.16159404651206632,0.15633261617569003,-1.54e-06,1.8245104092038358,3.4333385372646403,14.561445806448184,1.0052136313683062,15.400976563678482,0.12067054082980143,-91.18799655013365,-1.1573229341274334,63.04035440736612,0.6295741068180681,31.554909373330432,0.2719344611720337,0.17423966408141922,0.00015748,0.362732296059213,0.00081957,0,0.0
3117,-0.0004666524191578869,0.08686075999805637,-1.54e-06,1.8245104092038358,3.4333385372646403,80.90496379704767,1.0052136313683062,18.46128097565086,0.12067054082980143,-69.30635334067675,-1.1573229341274334,80.39296357341706,0.6295741068180681,-23.439659363018432,0.2719344611720337,0.4717659960274261,0.00015748,0.6187456201060753,0.00081957,0,0.0
3118,0.5884774490629845,0.20816812809713497,-1.54e-06,1.8245104092038358,3.4333385372646403,43.06126824817688,1.0052136313683062,18.515333013600397,0.12067054082980143,-89.45376917969539,-1.1573229341274334,34.84281080401961,0.6295741068180681,33.34277672026761,0.2719344611720337,0.4030129944215623,0.00015748,0.6596411990724036,0.00081957,0,0.0
3119,0.2387266478377802,0.029020105879857958,-1.54e-06,1.8245104092038358,3.4333385372646403,-15.580638422008617,1.0052136313683062,6.924023634045508,0.12067054082980143,-33.59198538910137,-1.1573229341274334,-12.773028125738888,0.6295741068180681,31.25903931294525,0.2719344611720337,-0.11813220680062692,0.00015748,0.11859268636498072,0.00081957,1,0.0
3120,0.6497177763992017,0.1498343912660283,-1.54e-06,1.8245104092038358,3.4333385372646403,-36.486504206990546,1.0052136313683062,15.335325886610347,0.12067054082980143,-65.01894965982738,-1.1573229341274334,-49.649808552493106,0.6295741068180681,71.28947907743661,0.2719344611720337,-0.26166925067551694,0.00015748,0.2619141872448201,0.00081957,1,0.0
3121,0.8096471759366038,0.35175635040507325,-1.54e-06,1.8245104092038358,3.4333385372646403,29.954721763871994,1.0052136313683062,25.195629645369177,0.12067054082980143,-73.16345662782186,-1.1573229341274334,-60.39007193754594,0.6295741068180681,44.56451975685623,0.2719344611720337,0.1079100903111497,0.00015748,0.5889477969832585,0.00081957,0,0.0
3122,0.003998559939666413,0.077610470001124,-1.54e-06,1.8245104092038358,3.4333385372646403,-2.190032577549194,1.0052136313683062,8.822662179928852,0.12067054082980143,-56.49421570157289,-1.1573229341274334,25.01528827800632,0.6295741068180681,25.130338474907603,0.2719344611720337,-0.11279717609628853,0.00015748,0.17829286356495472,0.00081957,1,0.0
3123,0.0025168448113453423,0.06428210039478617,-1.54e-06,1.8245104092038358,3.4333385372646403,23.440648587394122,1.0052136313683062,6.736184631458492,0.12067054082980143,-10.523607479688,-1.1573229341274334,-35.314616813875425,0.6295741068180681,-3.081111262448627,0.2719344611720337,-0.14178345831089456,0.00015748,0.16785355301414778,0.00081957,1,0.0
3124,1.0166345930977605,0.7041802476859291,-1.54e-06,1.8245104092038358,3.4333385372646403,60.06194122882677,1.0052136313683062,9.683194706281512,0.12067054082980143,-37.170955554962575,-1.1573229341274334,-23.767689049956243,0.6295741068180681,25.26041188054637,0.2719344611720337,0.3308545482589327,0.00015748,1.0335360507991644,0.00081957,0,0.0
3125,0.5974077333113719,0.28718007043050897,-1.54e-06,1.8245104092038358,3.4333385372646403,47.877158375132446,1.0052136313683062,21.445597615036593,0.12067054082980143,-44.05317817480272,-1.1573229341274334,-68.75437482131127,0.6295741068180681,16.68479112690215,0.2719344611720337,0.11254652230452875,0.00015748,0.520857449644069,0.00081957,0,0.0
3126,0.010565217322646037,0.053381485411034484,-1.54e-06,1.8245104092038358,3.4333385372646403,-16.14421959088947,1.0052136313683062,8.622996491603262,0.12067054082980143,-66.51702467602777,-1.1573229341274334,37.34737857074199,0.6295741068180681,35.85301791850579,0.2719344611720337,-0.14989219644439522,0.00015748,0.15044624060822415,0.00081957,1,0.0
3127,0.1627937641202296,0.06831240989046079,-1.54e-06,1.8245104092038358,3.4333385372646403,70.44836468855335,1.0052136313683062,20.905064374635334,0.12067054082980143,-87.0166471998553,-1.1573229341274334,56.98122875591499,0.6295741068180681,0.1858931963452,0.2719344611720337,0.4419413015439422,0.00015748,0.574978559409959,0.00081957,0,0.0
3128,0.022916089036391807,0.001248341083742352,-1.54e-06,1.8245104092038358,3.4333385372646403,-21.695623443042017,1.0052136313683062,1.7126358874467313,0.12067054082980143,-35.045736047239075,-1.1573229341274334,39.82644988305811,0.6295741068180681,24.15817107264032,0.2719344611720337,-0.016324045379050786,0.00015748,0.016370339144231777,0.00081957,1,0.0
3129,0.035791142678468224,0.007430835389544251,-1.54e-06,1.8245104092038358,3.4333385372646403,-18.582756931377858,1.0052136313683062,3.443230988079747,0.12067054082980143,-40.644903765080464,-1.1573229341274334,32.850202511563474,0.6295741068180681,26.55543806441871,0.2719344611720337,-0.05349615426942771,0.00015748,0.053808520018203125,0.00081957,1,0.0
3130,-0.0015769678118748298,0.6436427966152052,-1.54e-06,1.8245104092038358,3.4333385372646403,75.77244132168423,1.0052136313683062,10.326834648770834,0.12067054082980143,-1.980062874968531,-1.1573229341274334,89.77293979045903,0.6295741068180681,-61.673702138745945,0.2719344611720337,0.12078387915089589,0.00015748,1.0379711500625575,0.00081957,0,0.0
3131,-8.191936751145157e-05,0.1238386699843809,-1.54e-06,1.8245104092038358,3.4333385372646403,36.58614773897395,1.0052136313683062,7.916234832452197,0.12067054082980143,-22.27088021725764,-1.1573229341274334,9.140735359173833,0.6295741068180681,-10.854943724934351,0.2719344611720337,0.14528881661922677,0.00015748,0.21550346845550017,0.00081957,0,0.0
3132,0.2226131719519996,0.10320703105293683,-1.54e-06,1.8245104092038358,3.4333385372646403,100.0,1.0052136313683062,18.81932086896947,0.12067054082980143,-30.889893855611056,-1.1573229341274334,-16.334282759287184,0.6295741068180681,-32.43104290703953,0.2719344611720337,0.4455538566084452,0.00015748,0.5703508669579249,0.00081957,0,0.0
3133,0.3613652639007064,0.07987796123425528,-1.54e-06,1.8245104092038358,3.4333385372646403,-37.59364413707883,1.0052136313683062,12.026776041975552,0.12067054082980143,-78.19466579242479,-1.1573229341274334,10.434070332060505,0.6295741068180681,64.47265883476491,0.2719344611720337,-0.1955685427381633,0.00015748,0.19836795742291827,0.00081957,1,0.0
3134,0.002982124475980452,0.45861503184642066,-1.54e-06,1.8245104092038358,3.4333385372646403,93.98803805549242,1.0052136313683062,20.17397078180457,0.12067054082980143,-18.129744419430832,-1.1573229341274334,43.138311828411496,0.6295741068180681,-60.239767266350235,0.2719344611720337,0.20877324860663615,0.00015748,0.8726143316961789,0.00081957,0,0.0
3135,0.20400374019547274,0.07952254437647537,-1.54e-06,1.8245104092038358,3.4333385372646403,-9.56021854818707,1.0052136313683062,10.7956029104748,0.12067054082980143,-30.979344118496336,-1.1573229341274334,-19.13217837078352,0.6295741068180681,22.12549232262204,0.2719344611720337,-0.17269180201280476,0.00015748,0.17133508185325858,0.00081957,1,0.0
3136,0.008442031731902,0.004334736651695888,-1.54e-06,1.8245104092038358,3.4333385372646403,-43.498958504151744,1.0052136313683062,2.266095750796998,0.12067054082980143,-66.77459731712528,-1.1573229341274334,86.44165614069404,0.6295741068180681,44.93865404543166,0.2719344611720337,-0.029128629374020186,0.00015748,0.02920968235918698,0.00081957,1,0.0
3137,0.051013897723698604,0.06209987934037037,-1.54e-06,1.8245104092038358,3.4333385372646403,-41.64074725160459,1.0052136313683062,0.5027063963499182,0.12067054082980143,-72.82824489762179,-1.1573229341274334,84.58837136123425,0.6295741068180681,52.60403972144011,0.2719344611720337,-0.06900920800030907,0.00015748,0.10540011774852881,0.00081957,1,0.0
3138,-0.00024770580447786017,0.2786991960266751,-1.54e-06,1.8245104092038358,3.4333385372646403,69.26263544902288,1.0052136313683062,17.795030996370972,0.12067054082980143,-43.71556266864493,-1.1573229341274334,65.38225869847383,0.6295741068180681,-33.36341915931869,0.2719344611720337,0.24235920659014853,0.00015748,0.6972863838763204,0.00081957,0,0.0
3139,0.45342160217233474,0.13112589511749037,-1.54e-06,1.8245104092038358,3.4333385372646403,88.75097322782365,1.0052136313683062,26.924195301566478,0.12067054082980143,-75.02407189342524,-1.1573229341274334,-15.876616520748138,0.6295741068180681,0.16898070663355724,0.2719344611720337,0.3823999874086196,0.00015748,0.723478759078421,0.00081957,0,0.0
3140,0.000647644751601617,0.17055083373546404,-1.54e-06,1.8245104092038358,3.4333385372646403,26.37584158550849,1.0052136313683062,5.67254051664549,0.12067054082980143,-39.30609611527397,-1.1573229341274334,69.16072787840426,0.6295741068180681,-4.0950867614242545,0.2719344611720337,0.18110309840470878,0.00015748,0.37895357047938,0.00081957,0,0.0
3141,0.4192843498488329,0.14120867607401869,-1.54e-06,1.8245104092038358,3.4333385372646403,-5.291251622631375,1.0052136313683062,14.093891424654732,0.12067054082980143,-40.10663540786497,-1.1573229341274334,-64.07696376338092,0.6295741068180681,38.58085841558573,0.2719344611720337,-0.2584972796659803,0.00015748,0.2633999634677961,0.00081957,1,0.0
3142,0.0016153868929202342,0.11022473705022846,-1.54e-06,1.8245104092038358,3.4333385372646403,-6.9681738487412,1.0052136313683062,8.882017621350956,0.12067054082980143,-80.43003918529054,-1.1573229341274334,84.83871478823875,0.6295741068180681,31.636960430352556,0.2719344611720337,0.11301592567705343,0.00015748,0.19224712011980527,0.00081957,0,0.0
3143,0.05503980417591686,0.10008067557827693,-1.54e-06,1.8245104092038358,3.4333385372646403,-24.109135632047334,1.0052136313683062,11.873091762718932,0.12067054082980143,-91.88112071820503,-1.1573229341274334,49.61478255752063,0.6295741068180681,51.91001586827164,0.2719344611720337,-0.19631873321536386,0.00015748,0.20982408680581255,0.00081957,1,0.0
3144,0.47257582344422444,0.05123439231473539,-1.54e-06,1.8245104092038358,3.4333385372646403,-19.27668098032631,1.0052136313683062,7.900075103228548,0.12067054082980143,-20.989788656578025,-1.1573229341274334,-53.195515935601044,0.6295741068180681,37.732750536598296,0.2719344611720337,-0.13741716582281194,0.00015748,0.13737298210012439,0.00081957,1,0.0
3145,0.0024724532605194804,0.14436562789873789,-1.54e-06,1.8245104092038358,3.4333385372646403,47.46645902199678,1.0052136313683062,9.327769251876047,0.12067054082980143,-39.48841812108317,-1.1573229341274334,47.123743599579015,0.6295741068180681,-12.517635923612591,0.2719344611720337,0.28344088374287635,0.00015748,0.3568359910111658,0.00081957,0,0.0
3146,0.0017127072481294622,0.021854186094280574,-1.54e-06,1.8245104092038358,3.4333385372646403,-36.38810303648259,1.0052136313683062,-0.8424000198072426,0.12067054082980143,-45.24048530691356,-1.1573229341274334,76.56729926482167,0.6295741068180681,32.432033824144376,0.2719344611720337,-0.048421160535421316,0.00015748,0.07264882333954326,0.00081957,1,0.0
3147,0.8208718591537137,0.14833132666487236,-1.54e-06,1.8245104092038358,3.4333385372646403,-83.31254384566655,1.0052136313683062,-2.0369069001404525,0.12067054082980143,-19.874595804325956,-1.1573229341274334,-5.84710762595305,0.6295741068180681,75.94421065508479,0.2719344611720337,-0.09943648971002861,0.00015748,0.09890039761765365,0.00081957,1,0.0
3148,0.5075907321911743,0.09186145109572724,-1.54e-06,1.8245104092038358,3.4333385372646403,-37.42880708957409,1.0052136313683062,12.650591337437639,0.12067054082980143,-65.2191022926328,-1.1573229341274334,-20.583987855505665,0.6295741068180681,65.01813705412425,0.2719344611720337,-0.20597164749894084,0.00015748,0.2065406630180451,0.00081957,1,0.0
3149,-0.00032432670232326877,0.024020607658596052,-1.54e-06,1.8245104092038358,3.4333385372646403,-38.56253056612535,1.0052136313683062,-1.677717726590135,0.12067054082980143,-40.069621396155455,-1.1573229341274334,77.5040943268422,0.6295741068180681,30.38336619341567,0.2719344611720337,-0.08213722440599536,0.00015748,0.09467435050142886,0.00081957,1,0.0
3150,0.8124274878294129,0.15459067718349223,-1.54e-06,1.8245104092038358,3.4333385372646403,-47.133289512332595,1.0052136313683062,15.230932612237497,0.12067054082980143,-60.39062151697855,-1.1573229341274334,-62.86705630803892,0.6295741068180681,79.91501191070135,0.2719344611720337,-0.24553146051922906,0.00015748,0.24549509549175833,0.00081957,1,0.0
3151,0.45668990001824716,0.14240736484107938,-1.54e-06,1.8245104092038358,3.4333385372646403,48.58874882020497,1.0052136313683062,21.26190549076146,0.12067054082980143,-86.51646880827909,-1.1573229341274334,37.54781745889466,0.6295741068180681,20.877581950746208,0.2719344611720337,0.453124696935861,0.00015748,0.5548524373906644,0.00081957,0,0.0
3152,0.0017203736148243554,0.11316407585560193,-1.54e-06,1.8245104092038358,3.4333385372646403,-4.774026985482205,1.0052136313683062,8.969558469973999,0.12067054082980143,-61.86458220358342,-1.1573229341274334,66.53489244524891,0.6295741068180681,20.999469660321758,0.2719344611720337,0.04329401872204443,0.00015748,0.2087036224439468,0.00081957,0,0.0
3153,0.14010641492026304,0.008293173766933016,-1.54e-06,1.8245104092038358,3.4333385372646403,-47.89046959350341,1.0052136313683062,0.4672387637241403,0.12067054082980143,-51.18947291887084,-1.1573229341274334,66.58136834707643,0.6295741068180681,45.8258688228343,0.2719344611720337,-0.041137141512587475,0.00015748,0.041004116081805014,0.00081957,1,0.0
3154,0.0006292509877589003,0.10347670265883421,-1.54e-06,1.8245104092038358,3.4333385372646403,28.543427621044692,1.0052136313683062,6.065450499326706,0.12067054082980143,-15.186373968767343,-1.1573229341274334,4.11573358236512,0.6295741068180681,-9.256443363457617,0.2719344611720337,0.10596534211060064,0.00015748,0.16283689179098426,0.00081957,0,0.0
3155,0.069243720103975,0.051680009601685215,-1.54e-06,1.8245104092038358,3.4333385372646403,-31.3681245577845,1.0052136313683062,9.656279917893873,0.12067054082980143,-84.30685172125098,-1.1573229341274334,56.004841554682166,0.6295741068180681,51.29956757998666,0.2719344611720337,-0.1500937426531677,0.00015748,0.15124848106680963,0.00081957,1,0.0
3156,0.35959292247727814,0.014943675452099505,-1.54e-06,1.8245104092038358,3.4333385372646403,-47.91752276671112,1.0052136313683062,3.861431509581886,0.12067054082980143,-46.87070930199381,-1.1573229341274334,23.748948074260028,0.6295741068180681,53.743837144979096,0.2719344611720337,-0.036615320621465594,0.00015748,0.03697143201871904,0.00081957,1,0.0
3157,0.1506752511149051,0.07005652606460983,-1.54e-06,1.8245104092038358,3.4333385372646403,97.11654616181478,1.0052136313683062,21.147594049887786,0.12067054082980143,-60.810586322264435,-1.1573229341274334,13.676307637497775,0.6295741068180681,-21.058422393776862,0.2719344611720337,0.41258416115147833,0.00015748,0.633773243651527,0.00081957,0,0.0
3158,0.08047384962184198,0.019617333259975847,-1.54e-06,1.8245104092038358,3.4333385372646403,-5.296129394949704,1.0052136313683062,5.454803352574692,0.12067054082980143,-27.5753847912507,-1.1573229341274334,-1.7393535084419078,0.6295741068180681,17.70639448443177,0.2719344611720337,-0.09756163792514493,0.00015748,0.09764573793701746,0.00081957,1,0.0
3159,0.8733558374857919,0.7713279490744732,-1.54e-06,1.8245104092038358,3.4333385372646403,25.646543931199687,1.0052136313683062,6.020316684532303,0.12067054082980143,-87.18301843608678,-1.1573229341274334,87.01912232398192,0.6295741068180681,52.59067446770055,0.2719344611720337,0.31027440407233237,0.00015748,1.122643416562816,0.00081957,0,0.0
3160,1.0437228413497153,0.37812910639533326,-1.54e-06,1.8245104092038358,3.4333385372646403,69.06523902279025,1.0052136313683062,25.273273110733744,0.12067054082980143,-49.43275963823521,-1.1573229341274334,-92.79461365655996,0.6295741068180681,25.321725276517956,0.2719344611720337,0.3589995738941869,0.00015748,0.7689792332217411,0.00081957,0,0.0
3161,0.35460832538659354,0.12613434343931243,-1.54e-06,1.8245104092038358,3.4333385372646403,-61.99127036530652,1.0052136313683062,-8.03428005908097,0.12067054082980143,-8.884369593666094,-1.1573229341274334,44.558085190033054,0.6295741068180681,42.93204943427181,0.2719344611720337,-0.18701075794201938,0.00015748,0.187887371772332,0.00081957,1,0.0
3162,0.01236874741661187,0.08258008537261585,-1.54e-06,1.8245104092038358,3.4333385372646403,82.6297937989954,1.0052136313683062,12.95351759602285,0.12067054082980143,-44.846296594423116,-1.1573229341274334,60.87616212991228,0.6295741068180681,-30.111626887776975,0.2719344611720337,0.4256760386013439,0.00015748,0.6080117716312069,0.00081957,0,0.0
3163,0.06761791971110592,0.08956764208242626,-1.54e-06,1.8245104092038358,3.4333385372646403,18.02462398187554,1.0052136313683062,9.622452764580743,0.12067054082980143,-22.438851973872307,-1.1573229341274334,-40.74439010332576,0.6295741068180681,7.003526566028631,0.2719344611720337,-0.20033594647694247,0.00015748,0.2048619939782279,0.00081957,1,0.0
3164,0.7507903379967559,0.20965478345991967,-1.54e-06,1.8245104092038358,3.4333385372646403,66.69617489085745,1.0052136313683062,30.972588505693547,0.12067054082980143,-99.52633070418327,-1.1573229341274334,-21.114983144296378,0.6295741068180681,31.343535810823507,0.2719344611720337,0.3668643130142812,0.00015748,0.7834400264960992,0.00081957,0,0.0
3165,0.3990860702754208,0.18434933239278345,-1.54e-06,1.8245104092038358,3.4333385372646403,-7.12170166208603,1.0052136313683062,15.383058550151432,0.12067054082980143,-59.803734673973,-1.1573229341274334,-44.00824873299011,0.6295741068180681,47.09937743652508,0.2719344611720337,-0.25523267056430543,0.00015748,0.3081452308831316,0.00081957,1,0.0
3166,0.46824507422383266,0.22245042044682983,-1.54e-06,1.8245104092038358,3.4333385372646403,-3.452259514169344,1.0052136313683062,16.997681397201102,0.12067054082980143,-51.59152861118919,-1.1573229341274334,-74.99545646776367,0.6295741068180681,46.11894769169375,0.2719344611720337,-0.32977505090397546,0.00015748,0.33327659585884545,0.00081957,1,0.0
3167,0.5970717976121709,0.14537152820198657,-1.54e-06,1.8245104092038358,3.4333385372646403,-17.083336387745234,1.0052136313683062,14.330589564994069,0.12067054082980143,-38.95333845947613,-1.1573229341274334,-77.89066816310752,0.6295741068180681,50.31503394698685,0.2719344611720337,-0.25555443931097327,0.00015748,0.25798196637036436,0.00081957,1,0.0
3168,0.28662805538355474,0.19632559942630823,-1.54e-06,1.8245104092038358,3.4333385372646403,4.887916399501517,1.0052136313683062,16.441857870311143,0.12067054082980143,-79.31871223850389,-1.1573229341274334,7.005965530354249,0.6295741068180681,40.969374526384925,0.2719344611720337,-0.062000744033072125,0.00015748,0.35778268661446655,0.00081957,1,0.0
3169,0.061627786538827306,0.027610866187453363,-1.54e-06,1.8245104092038358,3.4333385372646403,-43.5628523583071,1.0052136313683062,-3.1636383011407987,0.12067054082980143,-33.25396870626116,-1.1573229341274334,71.10050355250841,0.6295741068180681,32.57648520118392,0.2719344611720337,-0.10585225057346208,0.00015748,0.1057481672888159,0.00081957,1,0.0
3170,0.5561114840572695,0.18496453294763265,-1.54e-06,1.8245104092038358,3.4333385372646403,-45.587194118878166,1.0052136313683062,8.755301200028434,0.12067054082980143,-83.57079677131198,-1.1573229341274334,12.725043904247578,0.6295741068180681,81.19585597272501,0.2719344611720337,-0.14116696683272661,0.00015748,0.2597966091543142,0.00081957,1,0.0
3171,0.20040443635137212,0.05870818557166455,-1.54e-06,1.8245104092038358,3.4333385372646403,1.6514518123469188,1.0052136313683062,8.774926179725302,0.12067054082980143,-24.977989429796466,-1.1573229341274334,-36.8985004863369,0.6295741068180681,19.624614989509126,0.2719344611720337,-0.1660279626077524,0.00015748,0.16973066049162963,0.00081957,1,0.0
3172,0.6943511052256298,0.06728741223396584,-1.54e-06,1.8245104092038358,3.4333385372646403,-54.89343714363051,1.0052136313683062,8.487806604673523,0.12067054082980143,-48.719740056758596,-1.1573229341274334,-27.836301215503585,0.6295741068180681,72.55483950574103,0.2719344611720337,-0.11761232642390593,0.00015748,0.117903735504128,0.00081957,1,0.0
3173,0.34326060884653664,0.09383829880701294,-1.54e-06,1.8245104092038358,3.4333385372646403,88.48832850997204,1.0052136313683062,28.476304830636682,0.12067054082980143,-96.86343350419162,-1.1573229341274334,13.812691469654434,0.6295741068180681,4.576189568433336,0.2719344611720337,0.3738785975593045,0.00015748,0.7551970632732666,0.00081957,0,0.0
3174,0.5727049138444248,0.078681583924942,-1.54e-06,1.8245104092038358,3.4333385372646403,-78.8200808604103,1.0052136313683062,9.697463544405847,0.12067054082980143,-78.63515579163007,-1.1573229341274334,41.20283222293196,0.6295741068180681,84.06594323510117,0.2719344611720337,-0.15233445194128875,0.00015748,0.15164142750734488,0.00081957,1,0.0
3175,0.24963418179380376,0.011971291972444113,-1.54e-06,1.8245104092038358,3.4333385372646403,-60.45281842854578,1.0052136313683062,5.828512723447112,0.12067054082980143,-85.05473507828557,-1.1573229341274334,73.32409970244308,0.6295741068180681,70.2012756784205,0.2719344611720337,-0.06137868211920962,0.00015748,0.061818721142479896,0.00081957,1,0.0
3176,0.20263448729885095,0.03125084109252178,-1.54e-06,1.8245104092038358,3.4333385372646403,-34.78171882346367,1.0052136313683062,8.379265069251959,0.12067054082980143,-68.35404839399352,-1.1573229341274334,33.82490774113805,0.6295741068180681,51.37741149094067,0.2719344611720337,-0.12358249061748817,0.00015748,0.12429074348096388,0.00081957,1,0.0
3177,0.23075947201374603,0.1009335217497278,-1.54e-06,1.8245104092038358,3.4333385372646403,44.159857208971204,1.0052136313683062,19.040173216021582,0.12067054082980143,-96.99190721212278,-1.1573229341274334,81.69862884333423,0.6295741068180681,17.198613963067963,0.2719344611720337,0.4698700568763771,0.00015748,0.4939990037999818,0.00081957,0,0.0
3178,0.03363008230648096,0.005145923088200533,-1.54e-06,1.8245104092038358,3.4333385372646403,-19.892583557050827,1.0052136313683062,3.3362277419550064,0.12067054082980143,-40.20468971894904,-1.1573229341274334,35.318123480572396,0.6295741068180681,26.312431535567097,0.2719344611720337,-0.04545899003767593,0.00015748,0.04538280437389034,0.00081957,1,0.0
3179,0.5012928689030658,0.9743778181811928,-1.54e-06,1.8245104092038358,3.4333385372646403,99.84881642932595,1.0052136313683062,44.11582937530546,0.12067054082980143,-100.0,-1.1573229341274334,87.32589100416075,0.6295741068180681,-29.423576805758344,0.2719344611720337,0.30709089716462223,0.00015748,1.492434899242053,0.00081957,0,0.0
3180,1.0612425508920975,0.15686029259634227,-1.54e-06,1.8245104092038358,3.4333385372646403,-72.14899616507901,1.0052136313683062,4.589364502960119,0.12067054082980143,-13.885819748050402,-1.1573229341274334,-73.31199422839893,0.6295741068180681,79.72103608493633,0.2719344611720337,-0.03610252456451216,0.00015748,0.035134718312340336,0.00081957,1,0.0
3181,0.3607942551791144,0.12632620896253174,-1.54e-06,1.8245104092038358,3.4333385372646403,51.93624649281234,1.0052136313683062,18.78470098657449,0.12067054082980143,-79.87818801393583,-1.1573229341274334,47.73791575027269,0.6295741068180681,13.002888330585906,0.2719344611720337,0.47158253193363087,0.00015748,0.5292336565747533,0.00081957,0,0.0
3182,0.46484717720008173,0.13780480924500946,-1.54e-06,1.8245104092038358,3.4333385372646403,-20.606720269943818,1.0052136313683062,14.689730107449737,0.12067054082980143,-58.416994700565716,-1.1573229341274334,-43.2267983842058,0.6295741068180681,54.17275046566791,0.2719344611720337,-0.25828720360886215,0.00015748,0.2601550091638971,0.00081957,1,0.0
3183,0.6984076959067137,0.21666489547350282,-1.54e-06,1.8245104092038358,3.4333385372646403,-32.519403297869545,1.0052136313683062,17.89247643846783,0.12067054082980143,-70.42819371004036,-1.1573229341274334,-65.05381766148919,0.6295741068180681,74.9537005505669,0.2719344611720337,-0.320177129631682,0.00015748,0.3207711084279943,0.00081957,1,0.0
3184,0.5022690494563714,0.09894327373384632,-1.54e-06,1.8245104092038358,3.4333385372646403,-31.116189761483074,1.0052136313683062,12.479373358695401,0.12067054082980143,-58.49842420583502,-1.1573229341274334,-31.643542879445306,0.6295741068180681,60.01563879667468,0.2719344611720337,-0.21426850959017943,0.00015748,0.21531297674817332,0.00081957,1,0.0
3185,0.29882005825600677,0.01618216638527017,-1.54e-06,1.8245104092038358,3.4333385372646403,-29.94042344024016,1.0052136313683062,4.888697788502633,0.12067054082980143,-37.16528129398869,-1.1573229341274334,1.8986962717290465,0.6295741068180681,40.96613344585457,0.2719344611720337,-0.07297001648601575,0.00015748,0.07284118631364284,0.00081957,1,0.0
3186,0.18075857819142566,0.15952741220018188,-1.54e-06,1.8245104092038358,3.4333385372646403,-11.045942153738801,1.0052136313683062,15.045748571563308,0.12067054082980143,-79.80214231364738,-1.1573229341274334,4.753844034952125,0.6295741068180681,46.899707418347056,0.2719344611720337,-0.2433341317292474,0.00015748,0.2805625364277701,0.00081957,1,0.0
3187,0.4874210325479909,0.0677406082870796,-1.54e-06,1.8245104092038358,3.4333385372646403,-66.8009042282108,1.0052136313683062,-1.6355383277100852,0.12067054082980143,-29.363303101531898,-1.1573229341274334,30.14590827670072,0.6295741068180681,58.250325503128984,0.2719344611720337,-0.098770757113784,0.00015748,0.0991547249753145,0.00081957,1,0.0
3188,1.0812659703464484,0.4107026669617181,-1.54e-06,1.8245104092038358,3.4333385372646403,35.62845470744916,1.0052136313683062,29.91521594511827,0.12067054082980143,-86.60458009802305,-1.1573229341274334,-68.64932325569254,0.6295741068180681,55.58587521654369,0.2719344611720337,0.24278040206944207,0.00015748,0.7175811249535132,0.00081957,0,0.0
3189,1.1136285516945308,0.3709064216468866,-1.54e-06,1.8245104092038358,3.4333385372646403,81.54166117168688,1.0052136313683062,39.306603017509914,0.12067054082980143,-90.83187217345098,-1.1573229341274334,-94.2001600260321,0.6295741068180681,34.21198573553892,0.2719344611720337,0.3405020218565699,0.00015748,0.9381024411528465,0.00081957,0,0.0
3190,0.9289489390162915,0.4113836457684469,-1.54e-06,1.8245104092038358,3.4333385372646403,32.450085320113345,1.0052136313683062,27.907906341658,0.12067054082980143,-76.5856978055385,-1.1573229341274334,-77.9091414690953,0.6295741068180681,49.694296723403696,0.2719344611720337,0.09504149399670397,0.00015748,0.6492392914328495,0.00081957,0,0.0
3191,0.37572725707217514,0.26875384282839737,-1.54e-06,1.8245104092038358,3.4333385372646403,47.187029915154866,1.0052136313683062,18.177126381011526,0.12067054082980143,-24.096396571183316,-1.1573229341274334,-90.80305196200149,0.6295741068180681,4.900860003049639,0.2719344611720337,-0.1121214910010146,0.00015748,0.4266824223201047,0.00081957,1,0.0
3192,0.0009039487094019139,0.10118708174702408,-1.54e-06,1.8245104092038358,3.4333385372646403,-2.3289663366402826,1.0052136313683062,7.448977562219914,0.12067054082980143,-64.33177654003747,-1.1573229341274334,66.96176718099262,0.6295741068180681,23.72877844067615,0.2719344611720337,0.10225325692451023,0.00015748,0.16622965816734533,0.00081957,0,0.0
3193,0.051581525169637044,0.029955948493191595,-1.54e-06,1.8245104092038358,3.4333385372646403,-24.051445033897696,1.0052136313683062,6.938563825710607,0.12067054082980143,-64.32962845083398,-1.1573229341274334,43.677243532399785,0.6295741068180681,39.524230752608645,0.2719344611720337,-0.11035741957181962,0.00015748,0.11297239831412727,0.00081957,1,0.0
3194,0.25691181586467227,0.09431840349859895,-1.54e-06,1.8245104092038358,3.4333385372646403,45.3269906935774,1.0052136313683062,19.19045424985963,0.12067054082980143,-100.0,-1.1573229341274334,81.90271755218853,0.6295741068180681,19.453483291930525,0.2719344611720337,0.4766665621323278,0.00015748,0.5204664947185469,0.00081957,0,0.0
3195,0.6847085893160917,0.2174026923050855,-1.54e-06,1.8245104092038358,3.4333385372646403,85.76672157688257,1.0052136313683062,26.084603260379485,0.12067054082980143,-50.242586664606506,-1.1573229341274334,-62.162180005950646,0.6295741068180681,1.0639915617400553,0.2719344611720337,0.3834800137215662,0.00015748,0.7059720784643555,0.00081957,0,0.0
3196,0.21066554014202982,0.010283425858607666,-1.54e-06,1.8245104092038358,3.4333385372646403,-55.09606612329816,1.0052136313683062,5.772316445304418,0.12067054082980143,-80.07180796209998,-1.1573229341274334,70.31546596270162,0.6295741068180681,63.99240887143686,0.2719344611720337,-0.06339510562909527,0.00015748,0.0636635728971398,0.00081957,1,0.0
3197,0.6147680433883018,0.2727381264562666,-1.54e-06,1.8245104092038358,3.4333385372646403,-35.384170048219204,1.0052136313683062,6.7019208423795575,0.12067054082980143,-76.20741253297463,-1.1573229341274334,45.78392628307712,0.6295741068180681,69.19392627140698,0.2719344611720337,0.12597585922060067,0.00015748,0.31735361064913437,0.00081957,0,0.0
3198,0.08654730044105508,0.06597784555031797,-1.54e-06,1.8245104092038358,3.4333385372646403,92.59260940264983,1.0052136313683062,18.66001418933006,0.12067054082980143,-54.07290026249152,-1.1573229341274334,26.225978142576164,0.6295741068180681,-25.410521809942903,0.2719344611720337,0.44770131317131756,0.00015748,0.5652945525059315,0.00081957,0,0.0
3199,0.4412001339060847,0.0441583730378472,-1.54e-06,1.8245104092038358,3.4333385372646403,-54.94997992135632,1.0052136313683062,9.511154973166322,0.12067054082980143,-79.18931731783113,-1.1573229341274334,25.685200967530747,0.6295741068180681,74.59545614773329,0.2719344611720337,-0.13520539511886703,0.00015748,0.1352503881087565,0.00081957,1,0.0
3200,0.04283032617463195,0.08791687620454583,-1.54e-06,2.0297019070506708,4.771048392117648,78.69178947523281,1.0052136313683062,3.63556381531232,0.12067054082980143,-7.739011725069648,-1.1573229341274334,-16.76254178655758,0.6295741068180681,-19.727298575317555,0.2719344611720337,0.02232703408570036,0.00015748,0.15125309553807628,0.00081957,0,0.0
3201,0.2156281519704963,0.009261048175001523,-1.54e-06,2.0297019070506708,4.771048392117648,-47.28613845998628,1.0052136313683062,13.760636920370539,0.12067054082980143,-65.04555534520274,-1.1573229341274334,-66.03841399528245,0.6295741068180681,63.70583711713231,0.2719344611720337,-0.06667116129090372,0.00015748,0.06673354909728704,0.00081957,1,0.0
3202,0.17940097719601555,0.01959504853881744,-1.54e-06,2.0297019070506708,4.771048392117648,-72.30829807403187,1.0052136313683062,-2.9169863734808907,0.12067054082980143,-5.723389590704655,-1.1573229341274334,67.81628877239403,0.6295741068180681,34.267804239497394,0.2719344611720337,-0.07457987005328548,0.00015748,0.07490396358686988,0.00081957,1,0.0
3203,0.029738607507739746,0.00030531279655860637,-1.54e-06,2.0297019070506708,4.771048392117648,-24.433778820375334,1.0052136313683062,0.294272092917326,0.12067054082980143,-20.93337574377585,-1.1573229341274334,41.94158090928019,0.6295741068180681,17.488615993545107,0.2719344611720337,-0.009798361006715307,0.00015748,0.00980834400662774,0.00081957,1,0.0
3204,0.08124826070167868,0.0009254712113928495,-1.54e-06,2.0297019070506708,4.771048392117648,-6.894756640621997,1.0052136313683062,3.506879297323544,0.12067054082980143,-4.304676394275988,-1.1573229341274334,-51.575337625068535,0.6295741068180681,13.1867484229245,0.2719344611720337,-0.019656957373815318,0.00015748,0.019633372291818118,0.00081957,1,0.0
3205,0.13547059531675762,0.00744278484457357,-1.54e-06,2.0297019070506708,4.771048392117648,-37.79093768685458,1.0052136313683062,7.960844006402967,0.12067054082980143,-60.2410429237021,-1.1573229341274334,-27.05048369040684,0.6295741068180681,54.190982335271144,0.2719344611720337,-0.05616054973559503,0.00015748,0.056046891506269514,0.00081957,1,0.0
3206,0.0010061366191913557,0.024647394618552122,-1.54e-06,2.0297019070506708,4.771048392117648,7.077616392851886,1.0052136313683062,7.402100531342283,0.12067054082980143,-41.64666320637323,-1.1573229341274334,40.65877427694611,0.6295741068180681,9.602886524987877,0.2719344611720337,0.0024694428329391158,0.00015748,0.04655100279827338,0.00081957,0,0.0
3207,0.37696499450480253,0.21345926763931575,-1.54e-06,2.0297019070506708,4.771048392117648,62.36216845050921,1.0052136313683062,11.617927605922866,0.12067054082980143,-90.62860189192716,-1.1573229341274334,92.42520792669744,0.6295741068180681,37.75851171109735,0.2719344611720337,0.11734966068376251,0.00015748,0.3023473205502805,0.00081957,0,0.0
3208,0.16829518059626514,0.009519222723860514,-1.54e-06,2.0297019070506708,4.771048392117648,-30.12155019435802,1.0052136313683062,12.871458579731357,0.12067054082980143,-54.7641449768476,-1.1573229341274334,-73.31413140861484,0.6295741068180681,50.30298469188958,0.2719344611720337,-0.06727071217498923,0.00015748,0.0678168358036875,0.00081957,1,0.0
3209,1.9207729488129877e-05,0.06714815499491641,-1.54e-06,2.0297019070506708,4.771048392117648,39.800751473024484,1.0052136313683062,13.163658503563301,0.12067054082980143,-69.54685947956689,-1.1573229341274334,92.1829238128582,0.6295741068180681,2.54385592116467,0.2719344611720337,0.051655355901833774,0.00015748,0.09994710007317688,0.00081957,0,0.0
3210,0.0008917767917967778,0.07855069994511452,-1.54e-06,2.0297019070506708,4.771048392117648,53.30462519962676,1.0052136313683062,10.154909601180734,0.12067054082980143,-12.098657856026481,-1.1573229341274334,61.745295549725434,0.6295741068180681,-31.059722745391593,0.2719344611720337,0.018596329737577785,0.00015748,0.12392931708408307,0.00081957,0,0.0
3211,0.11789279713464111,0.0024914131179141845,-1.54e-06,2.0297019070506708,4.771048392117648,-3.362121013685088,1.0052136313683062,5.598464572464523,0.12067054082980143,-0.9623990245005785,-1.1573229341274334,-93.14151378211749,0.6295741068180681,15.380781531115673,0.2719344611720337,-0.033296281244394786,0.00015748,0.033394076986985426,0.00081957,1,0.0
3212,0.09578047793267354,0.0013255303151032036,-1.54e-06,2.0297019070506708,4.771048392117648,-36.10117858981177,1.0052136313683062,5.702150135627101,0.12067054082980143,-46.33798547277385,-1.1573229341274334,10.38696197616861,0.6295741068180681,39.640519715551775,0.2719344611720337,-0.025151759787211667,0.00015748,0.025161121467046785,0.00081957,1,0.0
3213,0.001342207270276341,0.09864774015253859,-1.54e-06,2.0297019070506708,4.771048392117648,52.798744572463306,1.0052136313683062,23.242243339823485,0.12067054082980143,-60.74136585795173,-1.1573229341274334,46.71592191944975,0.6295741068180681,-14.40953333775003,0.2719344611720337,-0.016736270943830775,0.00015748,0.157423241824366,0.00081957,1,0.0
3214,0.1536413425503529,0.011548706454638112,-1.54e-06,2.0297019070506708,4.771048392117648,-29.16216367748274,1.0052136313683062,13.318578109647449,0.12067054082980143,-63.23644591915695,-1.1573229341274334,-67.85809404931659,0.6295741068180681,53.14486250893211,0.2719344611720337,-0.075210595624065,0.00015748,0.07542098479277921,0.00081957,1,0.0
3215,0.055115682023241894,0.026331590682016966,-1.54e-06,2.0297019070506708,4.771048392117648,10.778501733729556,1.0052136313683062,-0.4939257668268527,0.12067054082980143,-8.180864538285789,-1.1573229341274334,-92.04248137798383,0.6295741068180681,19.013266408917424,0.2719344611720337,-0.08886854693542999,0.00015748,0.08977446192882953,0.00081957,1,0.0
3216,0.2303233204902917,0.003330232785148403,-1.54e-06,2.0297019070506708,4.771048392117648,-50.7104459051443,1.0052136313683062,4.851465472297225,0.12067054082980143,-24.954521067946214,-1.1573229341274334,-55.16991644891801,0.6295741068180681,50.00675422388805,0.2719344611720337,-0.01870071272588777,0.00015748,0.01874446158100319,0.00081957,1,0.0
3217,0.028508331638082834,0.013402740837901838,-1.54e-06,2.0297019070506708,4.771048392117648,-20.800398424427893,1.0052136313683062,9.690187170724919,0.12067054082980143,-78.61795808103086,-1.1573229341274334,7.888519487844659,0.6295741068180681,46.0747148794775,0.2719344611720337,-0.07250196719316676,0.00015748,0.07261828064362408,0.00081957,1,0.0
3218,0.2087326116723776,0.004182891585385894,-1.54e-06,2.0297019070506708,4.771048392117648,-53.610494056983576,1.0052136313683062,8.854007037421908,0.12067054082980143,-53.99008423226995,-1.1573229341274334,-37.66166011887997,0.6295741068180681,60.655203529697054,0.2719344611720337,-0.04104130831583447,0.00015748,0.041095734498312914,0.00081957,1,0.0
3219,0.26889804456479016,0.00699216720748989,-1.54e-06,2.0297019070506708,4.771048392117648,-97.0979909677163,1.0052136313683062,1.9497148600346421,0.12067054082980143,-54.28102849605881,-1.1573229341274334,43.13589842040222,0.6295741068180681,77.17607346953959,0.2719344611720337,-0.01705491039795772,0.00015748,0.017014582242836706,0.00081957,1,0.0
3220,-2.402424186531693e-05,0.05262079587687093,-1.54e-06,2.0297019070506708,4.771048392117648,68.34435062088419,1.0052136313683062,13.47389550263006,0.12067054082980143,-21.191877296692763,-1.1573229341274334,-59.597077511682976,0.6295741068180681,-17.8319464271466,0.2719344611720337,-0.006375093622870899,0.00015748,0.1065718218286062,0.00081957,1,0.0
3221,0.0748188855895058,0.00046399222208200886,-1.54e-06,2.0297019070506708,4.771048392117648,-32.16670750162939,1.0052136313683062,1.319133155159616,0.12067054082980143,-27.33451328890933,-1.1573229341274334,22.98197930811182,0.6295741068180681,28.577129294213886,0.2719344611720337,-0.0026815356285929378,0.00015748,0.002714245336611497,0.00081957,1,0.0
3222,0.2971436245013707,0.008003632951116902,-1.54e-06,2.0297019070506708,4.771048392117648,-79.27598073654194,1.0052136313683062,1.7477640117227748,0.12067054082980143,-34.79989911154804,-1.1573229341274334,-31.628886476084464,0.6295741068180681,71.23168556031635,0.2719344611720337,-0.011760949304862683,0.00015748,0.011854501921323028,0.00081957,1,0.0
3223,0.0004880607056221009,0.02268552366579973,-1.54e-06,2.0297019070506708,4.771048392117648,-2.33055178998781,1.0052136313683062,9.045161746771528,0.12067054082980143,-63.31406552929771,-1.1573229341274334,48.53270936763041,0.6295741068180681,23.47028493275135,0.2719344611720337,-0.016445356416124407,0.00015748,0.05750216061604714,0.00081957,1,0.0
3224,0.0002724960838029755,0.08308430621382429,-1.54e-06,2.0297019070506708,4.771048392117648,98.38906427451438,1.0052136313683062,11.59463974977609,0.12067054082980143,-7.844483669779087,-1.1573229341274334,-0.9191036742898808,0.6295741068180681,-41.705428373571394,0.2719344611720337,0.08270300245441063,0.00015748,0.11038255005862545,0.00081957,0,0.0
3225,0.1721036532821389,0.010016293201769787,-1.54e-06,2.0297019070506708,4.771048392117648,-37.1015903951122,1.0052136313683062,6.270871000873128,0.12067054082980143,-7.631846772111615,-1.1573229341274334,-34.10245474800502,0.6295741068180681,25.45176584948895,0.2719344611720337,-0.04511745709690382,0.00015748,0.04511566069167654,0.00081957,1,0.0
3226,0.15744532877500306,0.008083987037234841,-1.54e-06,2.0297019070506708,4.771048392117648,-37.81654424166405,1.0052136313683062,13.039150967717614,0.12067054082980143,-62.05026017810988,-1.1573229341274334,-41.911085573944824,0.6295741068180681,52.244461505014996,0.2719344611720337,-0.06073833559128806,0.00015748,0.06099388238330659,0.00081957,1,0.0
3227,0.10340970669475777,0.019905580674758942,-1.54e-06,2.0297019070506708,4.771048392117648,-53.20008705759672,1.0052136313683062,13.115721006191155,0.12067054082980143,-66.8344646472344,-1.1573229341274334,56.85139033796705,0.6295741068180681,42.87773815825846,0.2719344611720337,-0.07304747699871947,0.00015748,0.072731217906461,0.00081957,1,0.0
3228,0.16131853410194216,0.0019135741939462925,-1.54e-06,2.0297019070506708,4.771048392117648,-49.62006800813342,1.0052136313683062,6.280046926101448,0.12067054082980143,-46.998155089391574,-1.1573229341274334,-5.407286368168849,0.6295741068180681,50.45196414663447,0.2719344611720337,-0.024757388560468066,0.00015748,0.024824765600442,0.00081957,1,0.0
3229,0.031293795749878936,0.000396913361074727,-1.54e-06,2.0297019070506708,4.771048392117648,-40.32808437895057,1.0052136313683062,0.9664777103619907,0.12067054082980143,-46.225664026254506,-1.1573229341274334,79.4013058529193,0.6295741068180681,33.19214150500553,0.2719344611720337,-0.003943602669890263,0.00015748,0.003883434405260123,0.00081957,1,0.0
3230,0.2542765734994274,0.01143356738869195,-1.54e-06,2.0297019070506708,4.771048392117648,-76.29342276080972,1.0052136313683062,-3.3438202340827488,0.12067054082980143,-10.219950185717343,-1.1573229341274334,6.93865412609533,0.6295741068180681,52.672671066848636,0.2719344611720337,-0.033649785590582744,0.00015748,0.033582675914315206,0.00081957,1,0.0
3231,0.0014887669116417923,0.040369322530637394,-1.54e-06,2.0297019070506708,4.771048392117648,18.181698381440313,1.0052136313683062,18.590819424333954,0.12067054082980143,-82.74636291834,-1.1573229341274334,-45.26505474023306,0.6295741068180681,29.81000373286586,0.2719344611720337,-0.09366732029226284,0.00015748,0.1203217316538595,0.00081957,1,0.0
3232,0.11311218247896149,0.004254332235748363,-1.54e-06,2.0297019070506708,4.771048392117648,-47.04948645034041,1.0052136313683062,-3.087899227087297,0.12067054082980143,-11.94326100496248,-1.1573229341274334,40.75892984825581,0.6295741068180681,29.43741333188087,0.2719344611720337,-0.028480723234524982,0.00015748,0.02845784938989801,0.00081957,1,0.0
3233,0.00022549909404678825,0.013597143763041514,-1.54e-06,2.0297019070506708,4.771048392117648,-4.732724141220194,1.0052136313683062,13.718512369051256,0.12067054082980143,-58.26882180066163,-1.1573229341274334,-1.381232703701056,0.6295741068180681,21.56970320786283,0.2719344611720337,-0.06430648439068973,0.00015748,0.06502508455940106,0.00081957,1,0.0
3234,0.2227886888933582,0.01596954900126061,-1.54e-06,2.0297019070506708,4.771048392117648,-76.99566519435753,1.0052136313683062,-7.275015880647428,0.12067054082980143,-6.827337080640989,-1.1573229341274334,36.458392020290376,0.6295741068180681,49.623818004893494,0.2719344611720337,-0.0485663070678634,0.00015748,0.048685064809207715,0.00081957,1,0.0
3235,0.2561223933270485,0.003921516431992214,-1.54e-06,2.0297019070506708,4.771048392117648,-91.22894369483035,1.0052136313683062,6.420964588433552,0.12067054082980143,-72.7192926319461,-1.1573229341274334,30.01175454757372,0.6295741068180681,82.28619565417962,0.2719344611720337,-0.018643970633111805,0.00015748,0.018726137033807416,0.00081957,1,0.0
3236,0.2538830990223802,0.0038167368880157046,-1.54e-06,2.0297019070506708,4.771048392117648,-88.88958185982743,1.0052136313683062,7.491778270462619,0.12067054082980143,-75.17532359017717,-1.1573229341274334,24.077702102375785,0.6295741068180681,82.37138054117273,0.2719344611720337,-0.024124478452920838,0.00015748,0.02420060767115762,0.00081957,1,0.0
3237,0.10561508564147004,0.07534844428257019,-1.54e-06,2.0297019070506708,4.771048392117648,24.764659361842615,1.0052136313683062,21.78183888531925,0.12067054082980143,-98.75776532590277,-1.1573229341274334,-89.85648827220477,0.6295741068180681,47.38529994326631,0.2719344611720337,-0.10086881614324805,0.00015748,0.17641372467509925,0.00081957,1,0.0
3238,0.016819787016967402,0.028163359539455986,-1.54e-06,2.0297019070506708,4.771048392117648,10.073083816841692,1.0052136313683062,17.9029083602002,0.12067054082980143,-71.97903216489883,-1.1573229341274334,-70.76932749786931,0.6295741068180681,30.876112601752034,0.2719344611720337,-0.1066727503682062,0.00015748,0.10684320867810629,0.00081957,1,0.0
3239,-0.00012056475729760319,0.032254624926716956,-1.54e-06,2.0297019070506708,4.771048392117648,33.719316062282346,1.0052136313683062,9.438931946421828,0.12067054082980143,-33.7389684353778,-1.1573229341274334,-31.717508964049,0.6295741068180681,3.002030694123318,0.2719344611720337,-0.027656942250789022,0.00015748,0.08200733593154318,0.00081957,1,0.0
3240,0.0022169307056601473,0.08338780834031356,-1.54e-06,2.0297019070506708,4.771048392117648,83.4661614288334,1.0052136313683062,16.35932058055191,0.12067054082980143,-58.97425168707538,-1.1573229341274334,-19.03868406628122,0.6295741068180681,-7.253878109724707,0.2719344611720337,0.002337287045523634,0.00015748,0.16571982906029314,0.00081957,0,0.0
3241,0.000924065773400401,0.010548240684084845,-1.54e-06,2.0297019070506708,4.771048392117648,-6.876606235563653,1.0052136313683062,10.662817624648662,0.12067054082980143,-61.655761472684205,-1.1573229341274334,5.264461693692087,0.6295741068180681,27.6540114774834,0.2719344611720337,-0.05563716473290569,0.00015748,0.059883601476655286,0.00081957,1,0.0
3242,0.0011287910796437817,0.08678833017917964,-1.54e-06,2.0297019070506708,4.771048392117648,76.03014988684183,1.0052136313683062,10.215892174364699,0.12067054082980143,-34.111097379364,-1.1573229341274334,76.4896187935554,0.6295741068180681,-26.084711785678802,0.2719344611720337,0.10040106593965865,0.00015748,0.10505895736315073,0.00081957,0,0.0
3243,0.22592462545587666,0.08606012862829264,-1.54e-06,2.0297019070506708,4.771048392117648,24.50147437576162,1.0052136313683062,5.526000781308719,0.12067054082980143,-22.05005745665172,-1.1573229341274334,-39.237903590430854,0.6295741068180681,20.560449681049956,0.2719344611720337,0.030244224349474533,0.00015748,0.1276048111100775,0.00081957,0,0.0
3244,0.1090660148233949,0.015532444243020468,-1.54e-06,2.0297019070506708,4.771048392117648,-5.131387181902654,1.0052136313683062,14.803435561698928,0.12067054082980143,-49.69158161200622,-1.1573229341274334,-96.68584571094266,0.6295741068180681,35.405800939361185,0.2719344611720337,-0.08436412242451327,0.00015748,0.0846113817379075,0.00081957,1,0.0
3245,0.16007471616846186,0.0024799557434504846,-1.54e-06,2.0297019070506708,4.771048392117648,-48.396674818321095,1.0052136313683062,1.0242551379144662,0.12067054082980143,-19.511921061934412,-1.1573229341274334,1.7361591317401341,0.6295741068180681,38.024380143491236,0.2719344611720337,-0.010007551662276688,0.00015748,0.010068064282387455,0.00081957,1,0.0
3246,0.004758050307914041,0.08037178934618784,-1.54e-06,2.0297019070506708,4.771048392117648,74.08302690013599,1.0052136313683062,15.159728246152397,0.12067054082980143,-0.5403259490968567,-1.1573229341274334,-17.58052191388386,0.6295741068180681,-40.78296952051632,0.2719344611720337,0.007143452617588787,0.00015748,0.12398611974398527,0.00081957,0,0.0
3247,0.19850716888966843,0.0026711667684116407,-1.54e-06,2.0297019070506708,4.771048392117648,-82.66155122098485,1.0052136313683062,3.9566601275502604,0.12067054082980143,-68.17530956207523,-1.1573229341274334,54.974744470602566,0.6295741068180681,72.33783005291536,0.2719344611720337,-0.008230022641337634,0.00015748,0.008223316004199581,0.00081957,1,0.0
3248,0.0020022932290784112,0.06412962115769599,-1.54e-06,2.0297019070506708,4.771048392117648,44.12461844380463,1.0052136313683062,19.35446988196542,0.12067054082980143,-85.1255232861034,-1.1573229341274334,2.702737685109119,0.6295741068180681,15.49286994041754,0.2719344611720337,-0.031168364639229083,0.00015748,0.1398265739119781,0.00081957,1,0.0
3249,0.2846435725798395,0.009727012704007209,-1.54e-06,2.0297019070506708,4.771048392117648,-76.82532839826227,1.0052136313683062,3.061237273028416,0.12067054082980143,-20.77949002311313,-1.1573229341274334,-18.204775026678387,0.6295741068180681,56.83997268862368,0.2719344611720337,-0.03198805158060948,0.00015748,0.03201461270783584,0.00081957,1,0.0
3250,0.10467295407037149,0.0006861518188303058,-1.54e-06,2.0297019070506708,4.771048392117648,-26.073642193788977,1.0052136313683062,2.725953729942824,0.12067054082980143,-17.210314734460212,-1.1573229341274334,-17.788205702381443,0.6295741068180681,25.841619143932824,0.2719344611720337,-0.010436756062205477,0.00015748,0.010456726099497061,0.00081957,1,0.0
3251,0.30882398586170007,0.01585629298142908,-1.54e-06,2.0297019070506708,4.771048392117648,-85.1474202939599,1.0052136313683062,-1.1463758769592096,0.12067054082980143,-37.53926690150044,-1.1573229341274334,-28.13677877225002,0.6295741068180681,79.08661336368765,0.2719344611720337,-0.03481002463872219,0.00015748,0.034853993133387655,0.00081957,1,0.0
3252,0.003710275249204975,0.14991490658990697,-1.54e-06,2.0297019070506708,4.771048392117648,47.091121976021554,1.0052136313683062,29.74145192518386,0.12067054082980143,-78.40882452940566,-1.1573229341274334,80.45249817705475,0.6295741068180681,-14.100286804926132,0.2719344611720337,-0.055790269007134005,0.00015748,0.2082094943282628,0.00081957,1,0.0
3253,0.07833061409308456,0.01704285010774126,-1.54e-06,2.0297019070506708,4.771048392117648,6.12530334132166,1.0052136313683062,15.786651565359747,0.12067054082980143,-38.307673803652946,-1.1573229341274334,-97.61016727835859,0.6295741068180681,21.01097192220516,0.2719344611720337,-0.08063495580953715,0.00015748,0.08086231101164794,0.00081957,1,0.0
3254,0.0305755504454735,0.07212398822635283,-1.54e-06,2.0297019070506708,4.771048392117648,42.32406908505183,1.0052136313683062,19.0731315232589,0.12067054082980143,-85.24891008349599,-1.1573229341274334,-74.80666607300446,0.6295741068180681,29.144595960061036,0.2719344611720337,-0.09338282450814031,0.00015748,0.16813528641462835,0.00081957,1,0.0
3255,0.0015989202419904036,0.05647566245606559,-1.54e-06,2.0297019070506708,4.771048392117648,41.587055450617605,1.0052136313683062,6.909217806681503,0.12067054082980143,-44.27594023653143,-1.1573229341274334,31.036384449096253,0.6295741068180681,2.238198405455629,0.2719344611720337,0.01147556011704036,0.00015748,0.10325002701464374,0.00081957,0,0.0
3256,0.003144573913265364,0.004446660376335321,-1.54e-06,2.0297019070506708,4.771048392117648,-19.65007751312181,1.0052136313683062,7.954873865730386,0.12067054082980143,-61.809580822181765,-1.1573229341274334,36.297115074137274,0.6295741068180681,31.35887931869156,0.2719344611720337,-0.0404433662207528,0.00015748,0.04083137503039598,0.00081957,1,0.0
3257,0.000523335381978296,0.027690163503771736,-1.54e-06,2.0297019070506708,4.771048392117648,10.174154498917911,1.0052136313683062,9.01766678049771,0.12067054082980143,-51.566743460694305,-1.1573229341274334,33.757467487543934,0.6295741068180681,13.848603817053073,0.2719344611720337,-0.007204784376236041,0.00015748,0.06046359557585023,0.00081957,1,0.0
3258,0.12470522148535763,0.045707551685049704,-1.54e-06,2.0297019070506708,4.771048392117648,-20.965554973004217,1.0052136313683062,-1.0781847002863358,0.12067054082980143,-41.78084485657971,-1.1573229341274334,5.003410919636714,0.6295741068180681,43.565416878606946,0.2719344611720337,-0.046714428620146645,0.00015748,0.09383121827019093,0.00081957,1,0.0
3259,8.648387509846422e-05,0.0664988153653929,-1.54e-06,2.0297019070506708,4.771048392117648,85.99309678121769,1.0052136313683062,15.68573370573798,0.12067054082980143,-22.248867109362127,-1.1573229341274334,-63.428802007650596,0.6295741068180681,-25.210442713944133,0.2719344611720337,0.00571027331563357,0.00015748,0.1267237622312315,0.00081957,0,0.0
3260,5.4189055437775524e-05,0.04729956316398687,-1.54e-06,2.0297019070506708,4.771048392117648,17.248710993323147,1.0052136313683062,10.134978557923398,0.12067054082980143,-64.0408113494649,-1.1573229341274334,85.34453143823691,0.6295741068180681,11.146538941474857,0.2719344611720337,0.03000155978377077,0.00015748,0.07208286684273875,0.00081957,0,0.0
3261,0.033134944518571297,0.07156553707685062,-1.54e-06,2.0297019070506708,4.771048392117648,46.98646081658877,1.0052136313683062,13.775361963444869,0.12067054082980143,-73.28620351072006,-1.1573229341274334,24.175614762406617,0.6295741068180681,13.506829406868421,0.2719344611720337,0.0057456674739028435,0.00015748,0.13909105978485414,0.00081957,0,0.0
3262,0.17029046025500444,0.016785253611946643,-1.54e-06,2.0297019070506708,4.771048392117648,-82.63765411703679,1.0052136313683062,8.142713770080569,0.12067054082980143,-63.68149725855173,-1.1573229341274334,88.89813430866276,0.6295741068180681,57.22099514249951,0.2719344611720337,-0.06862805086402998,0.00015748,0.06842644331808015,0.00081957,1,0.0
3263,0.21520110176939314,0.006644374227834861,-1.54e-06,2.0297019070506708,4.771048392117648,-64.98248313512758,1.0052136313683062,11.921739418250285,0.12067054082980143,-80.83806355101379,-1.1573229341274334,-17.583329408642904,0.6295741068180681,75.47305707131522,0.2719344611720337,-0.05549782738422403,0.00015748,0.0557516322955465,0.00081957,1,0.0
3264,0.00041181868945300293,0.06396136316380385,-1.54e-06,2.0297019070506708,4.771048392117648,32.6604841458075,1.0052136313683062,25.189083325656622,0.12067054082980143,-54.50592661754631,-1.1573229341274334,-70.05978092219837,0.6295741068180681,1.315839066196889,0.2719344611720337,-0.10324081673922478,0.00015748,0.1285982937623127,0.00081957,1,0.0
3265,0.11334401293829224,0.015136044438611078,-1.54e-06,2.0297019070506708,4.771048392117648,-21.725240673303073,1.0052136313683062,11.027452845033785,0.12067054082980143,-64.7438662452908,-1.1573229341274334,-56.73982224588507,0.6295741068180681,50.39690212947613,0.2719344611720337,-0.08035341602780108,0.00015748,0.08171662745278527,0.00081957,1,0.0
3266,0.1250906895939844,0.2091140464382688,-1.54e-06,2.0297019070506708,4.771048392117648,-32.788094569204176,1.0052136313683062,24.45491201521383,0.12067054082980143,-13.713465360730709,-1.1573229341274334,17.92923310643513,0.6295741068180681,-6.484129460795387,0.2719344611720337,-0.21771004870662145,0.00015748,0.22000849844624618,0.00081957,1,0.0
3267,0.4947020294671098,0.1932099679279065,-1.54e-06,2.0297019070506708,4.771048392117648,34.8404832850941,1.0052136313683062,9.98124900335628,0.12067054082980143,-43.691529996329194,-1.1573229341274334,-80.96302826526528,0.6295741068180681,50.1985418146164,0.2719344611720337,0.05835206466926554,0.00015748,0.2520920489556864,0.00081957,0,0.0
3268,0.18257004036515634,0.00792460385529591,-1.54e-06,2.0297019070506708,4.771048392117648,-30.829212538797368,1.0052136313683062,11.427803253375915,0.12067054082980143,-46.979221262054175,-1.1573229341274334,-82.22346222540334,0.6295741068180681,49.59307378539153,0.2719344611720337,-0.06247982387295977,0.00015748,0.06255611583375517,0.00081957,1,0.0
3269,0.29457689312654606,0.1744360205133298,-1.54e-06,2.0297019070506708,4.771048392117648,39.983236425200566,1.0052136313683062,-2.1079780092772884,0.12067054082980143,-14.106451516664432,-1.1573229341274334,-43.15040682289776,0.6295741068180681,25.90843446566415,0.2719344611720337,-0.008247602313512514,0.00015748,0.23669653472888952,0.00081957,1,0.0
3270,0.29174050532999607,0.10610741255835121,-1.54e-06,2.0297019070506708,4.771048392117648,27.77351221888868,1.0052136313683062,25.74954295695721,0.12067054082980143,-99.91489634300973,-1.1573229341274334,-44.99870726607779,0.6295741068180681,48.97230105299784,0.2719344611720337,0.021943940910482115,0.00015748,0.1896539421297494,0.00081957,0,0.0
3271,0.0003562143358998848,0.003129713276505916,-1.54e-06,2.0297019070506708,4.771048392117648,10.422854367589444,1.0052136313683062,5.038431520373999,0.12067054082980143,-14.82260877474939,-1.1573229341274334,-38.086634563784926,0.6295741068180681,4.8803931281923845,0.2719344611720337,-0.03592620898954127,0.00015748,0.035941816990364486,0.00081957,1,0.0
3272,0.16795885131191227,0.01595292546554254,-1.54e-06,2.0297019070506708,4.771048392117648,-38.44124908378172,1.0052136313683062,15.932429321542086,0.12067054082980143,-83.55036454220807,-1.1573229341274334,-59.0296560358901,0.6295741068180681,65.72318887853825,0.2719344611720337,-0.08804456175151221,0.00015748,0.0883291873573459,0.00081957,1,0.0
3273,0.007750865965976683,0.06976298621416893,-1.54e-06,2.0297019070506708,4.771048392117648,37.6138515485622,1.0052136313683062,14.630333395160765,0.12067054082980143,-83.66797265126947,-1.1573229341274334,-37.70832013676159,0.6295741068180681,28.82024494115883,0.2719344611720337,-0.08137449666762289,0.00015748,0.1587038208654429,0.00081957,1,0.0
3274,0.23821584333933116,0.16502495342278073,-1.54e-06,2.0297019070506708,4.771048392117648,31.984662858891802,1.0052136313683062,1.4028927814683783,0.12067054082980143,-59.47150458616538,-1.1573229341274334,90.0018179164352,0.6295741068180681,31.224500663802694,0.2719344611720337,0.04249564833962326,0.00015748,0.23188705381409697,0.00081957,0,0.0
3275,0.1165862291683597,0.02622232663636125,-1.54e-06,2.0297019070506708,4.771048392117648,-11.199335860391235,1.0052136313683062,18.49015189084039,0.12067054082980143,-77.08469408936934,-1.1573229341274334,-94.82633497574899,0.6295741068180681,50.6204847245879,0.2719344611720337,-0.10923583276868494,0.00015748,0.1097810371642068,0.00081957,1,0.0
3276,0.05124181734251826,0.026048122520393017,-1.54e-06,2.0297019070506708,4.771048392117648,-7.105094130589449,1.0052136313683062,17.98708883105999,0.12067054082980143,-85.56235029190677,-1.1573229341274334,-53.52295044978628,0.6295741068180681,45.22505438353395,0.2719344611720337,-0.10533069250503162,0.00015748,0.10546862885596413,0.00081957,1,0.0
3277,0.007181286038846282,0.002335467621954205,-1.54e-06,2.0297019070506708,4.771048392117648,2.8454225950429524,1.0052136313683062,5.258606907558375,0.12067054082980143,-20.20448294755033,-1.1573229341274334,-21.98397028247032,0.6295741068180681,8.816286952993057,0.2719344611720337,-0.030703133142774373,0.00015748,0.030732787823890478,0.00081957,1,0.0
3278,0.006436856028146337,0.048246625651578216,-1.54e-06,2.0297019070506708,4.771048392117648,60.24297285602259,1.0052136313683062,4.526011403323633,0.12067054082980143,-2.424175940744102,-1.1573229341274334,-94.7450950301783,0.6295741068180681,-10.36125193135296,0.2719344611720337,-0.050023378332694074,0.00015748,0.11608603111745333,0.00081957,1,0.0
3279,0.011223242170358694,0.0028463537323639553,-1.54e-06,2.0297019070506708,4.771048392117648,-2.2259415529421815,1.0052136313683062,3.6229743150652203,0.12067054082980143,-24.681287517992196,-1.1573229341274334,-12.777556074922211,0.6295741068180681,14.55899255851213,0.2719344611720337,-0.03218621689968235,0.00015748,0.032606301780093945,0.00081957,1,0.0
3280,0.018544908918766645,0.054156402446960336,-1.54e-06,2.0297019070506708,4.771048392117648,31.9270455080121,1.0052136313683062,22.081119653161196,0.12067054082980143,-71.17570602488097,-1.1573229341274334,-40.38059555400954,0.6295741068180681,13.76584374898679,0.2719344611720337,-0.06499339610352979,0.00015748,0.12532875321141984,0.00081957,1,0.0
3281,4.4002990825693644e-05,0.023326876703873886,-1.54e-06,2.0297019070506708,4.771048392117648,-9.625461987982202,1.0052136313683062,-1.5588277318534076,0.12067054082980143,-9.720518398926552,-1.1573229341274334,88.01887684732313,0.6295741068180681,-0.5328717134960136,0.2719344611720337,-0.022926232961032494,0.00015748,0.061156241752963525,0.00081957,1,0.0
3282,0.6766424439079652,0.26816386680010273,-1.54e-06,2.0297019070506708,4.771048392117648,72.17086328423576,1.0052136313683062,20.517776390770095,0.12067054082980143,-56.114284315418764,-1.1573229341274334,-32.06118767671479,0.6295741068180681,38.55878005003557,0.2719344611720337,0.20474354114182258,0.00015748,0.3105453848584645,0.00081957,0,0.0
3283,0.17422558694468276,0.006771584958919691,-1.54e-06,2.0297019070506708,4.771048392117648,-71.3051016235938,1.0052136313683062,-2.717471730743369,0.12067054082980143,-27.992909739288603,-1.1573229341274334,55.74380051786794,0.6295741068180681,49.49024082101207,0.2719344611720337,-0.030387033146410856,0.00015748,0.030444160496071078,0.00081957,1,0.0
3284,0.0015520796176057283,0.03941030048242009,-1.54e-06,2.0297019070506708,4.771048392117648,7.338035736359319,1.0052136313683062,19.959456237315717,0.12067054082980143,-96.31143785404402,-1.1573229341274334,-37.59000952801933,0.6295741068180681,39.28568492314071,0.2719344611720337,-0.10887567259008812,0.00015748,0.1221414418746633,0.00081957,1,0.0
3285,0.20516268869289525,0.016665893828913765,-1.54e-06,2.0297019070506708,4.771048392117648,-86.75093055587092,1.0052136313683062,-7.122318120815656,0.12067054082980143,-18.263891046087622,-1.1573229341274334,78.6736726791433,0.6295741068180681,52.996189509153425,0.2719344611720337,-0.05711230894451089,0.00015748,0.05695787130340778,0.00081957,1,0.0
3286,0.00023887316392255664,0.02211805595873041,-1.54e-06,2.0297019070506708,4.771048392117648,11.487641378304081,1.0052136313683062,3.8613149707909247,0.12067054082980143,-17.547747756182464,-1.1573229341274334,30.171663636849914,0.6295741068180681,-1.4657865978906264,0.2719344611720337,0.0135995910749384,0.00015748,0.03147846314673698,0.00081957,0,0.0
3287,0.3736130002593172,0.1764093556838641,-1.54e-06,2.0297019070506708,4.771048392117648,53.36767593760995,1.0052136313683062,10.768963357263898,0.12067054082980143,-57.607419872726915,-1.1573229341274334,-22.196555238105837,0.6295741068180681,35.6672916370551,0.2719344611720337,0.06747233844474192,0.00015748,0.25174346704358025,0.00081957,0,0.0
3288,0.021904456478837514,0.009678195252370814,-1.54e-06,2.0297019070506708,4.771048392117648,-26.56244141920173,1.0052136313683062,11.273239200676676,0.12067054082980143,-84.78850686580057,-1.1573229341274334,31.568581737352797,0.6295741068180681,46.15024714447427,0.2719344611720337,-0.06284529777964613,0.00015748,0.06289355042666282,0.00081957,1,0.0
3289,0.19702144498870855,0.1701014290738061,-1.54e-06,2.0297019070506708,4.771048392117648,61.720963697033945,1.0052136313683062,1.9562159202129954,0.12067054082980143,-40.79105359012115,-1.1573229341274334,-17.528445311941745,0.6295741068180681,20.534334006195518,0.2719344611720337,-0.012645599375816871,0.00015748,0.251939551542217,0.00081957,1,0.0
3290,7.413531287991937e-05,0.06393403150113494,-1.54e-06,2.0297019070506708,4.771048392117648,74.79936974455309,1.0052136313683062,15.224904671931501,0.12067054082980143,-31.236078316135647,-1.1573229341274334,-36.70301208526896,0.6295741068180681,-18.795950920285847,0.2719344611720337,0.01021885831986167,0.00015748,0.11924000756401792,0.00081957,0,0.0
3291,0.0019910549171951175,0.028528764273135495,-1.54e-06,2.0297019070506708,4.771048392117648,48.68708273182787,1.0052136313683062,8.124270769463191,0.12067054082980143,-0.5153454120778568,-1.1573229341274334,-68.79640299114219,0.6295741068180681,-16.518710283729277,0.2719344611720337,-0.013291082674892506,0.00015748,0.06574584784055756,0.00081957,1,0.0
3292,0.0028752789067161277,0.020820468522735665,-1.54e-06,2.0297019070506708,4.771048392117648,2.0021718850366717,1.0052136313683062,15.877314309159706,0.12067054082980143,-73.39574448993098,-1.1573229341274334,-34.03310087642496,0.6295741068180681,31.065413114699382,0.2719344611720337,-0.09023835152878959,0.00015748,0.09030473749691009,0.00081957,1,0.0
3293,0.31377460675835955,0.021914713159959312,-1.54e-06,2.0297019070506708,4.771048392117648,-97.78844971063178,1.0052136313683062,-6.695992951575495,0.12067054082980143,-9.949163033793697,-1.1573229341274334,19.399015665391868,0.6295741068180681,66.35239243480576,0.2719344611720337,-0.05005313441742289,0.00015748,0.050048268190783646,0.00081957,1,0.0
3294,0.0013912671042990987,0.06910409539439073,-1.54e-06,2.0297019070506708,4.771048392117648,71.46029079995495,1.0052136313683062,18.036949628447847,0.12067054082980143,-47.65284472403846,-1.1573229341274334,-23.753881455708882,0.6295741068180681,-12.41493033098096,0.2719344611720337,0.00381889769361117,0.00015748,0.13130161590782896,0.00081957,0,0.0
3295,0.0005715621156345552,0.06931143286165321,-1.54e-06,2.0297019070506708,4.771048392117648,54.36949688275368,1.0052136313683062,6.802981606616366,0.12067054082980143,-32.42323680538785,-1.1573229341274334,68.06783355564977,0.6295741068180681,-14.594909740246088,0.2719344611720337,0.06816091630790255,0.00015748,0.0899589034920309,0.00081957,0,0.0
3296,2.036816778930306e-05,0.012968374286811461,-1.54e-06,2.0297019070506708,4.771048392117648,-13.543489884029507,1.0052136313683062,11.911326889063483,0.12067054082980143,-71.15724153136962,-1.1573229341274334,33.86196458701427,0.6295741068180681,30.36729506555599,0.2719344611720337,-0.04918212430041423,0.00015748,0.05917063188683004,0.00081957,1,0.0
3297,0.21453245647181396,0.004326058981059748,-1.54e-06,2.0297019070506708,4.771048392117648,-52.99904645935026,1.0052136313683062,8.575810480297523,0.12067054082980143,-51.43866662464409,-1.1573229341274334,-43.97376845376805,0.6295741068180681,60.43661803930931,0.2719344611720337,-0.04101068015681932,0.00015748,0.041066712032409795,0.00081957,1,0.0
3298,0.16653912336219082,0.007626180994461819,-1.54e-06,2.0297019070506708,4.771048392117648,-55.840010217980975,1.0052136313683062,12.45085666597935,0.12067054082980143,-85.89803700800466,-1.1573229341274334,-4.998604475990655,0.6295741068180681,69.96755522421985,0.2719344611720337,-0.06113218171288414,0.00015748,0.06135113005807764,0.00081957,1,0.0
3299,0.27821374514617536,0.005079591025426907,-1.54e-06,2.0297019070506708,4.771048392117648,-47.736231257626756,1.0052136313683062,4.487675829168112,0.12067054082980143,-6.981841979502492,-1.1573229341274334,-99.89559091493452,0.6295741068180681,47.316768858849215,0.2719344611720337,-0.017828693446638684,0.00015748,0.017841430943054903,0.00081957,1,0.0
3300,0.00037948777160490277,0.021123696312461897,-1.54e-06,2.185997095306893,5.360117189069793,38.67510376388234,1.0052136313683062,19.019414932085922,0.12067054082980143,-61.512468141078664,-1.1573229341274334,-100.0,0.6295741068180681,13.38444998762075,0.2719344611720337,-0.05410446613230387,0.00015748,0.0745788280773523,0.00081957,1,0.0
3301,0.1752476637392375,0.001511608194442189,-1.54e-06,2.185997095306893,5.360117189069793,-59.85148928861139,1.0052136313683062,6.83365870251035,0.12067054082980143,-35.932284787529724,-1.1573229341274334,-71.13999526168001,0.6295741068180681,56.602675413260506,0.2719344611720337,-0.01825326701454132,0.00015748,0.018268266384238886,0.00081957,1,0.0
3302,0.12397135373875064,0.08952705355962601,-1.54e-06,2.185997095306893,5.360117189069793,58.044514964302344,1.0052136313683062,9.786761429178108,0.12067054082980143,-97.1569538147238,-1.1573229341274334,52.839439712655306,0.6295741068180681,37.323112444870524,0.2719344611720337,0.007323966931333456,0.00015748,0.15107705839866253,0.00081957,0,0.0
3303,0.00011842719385196654,0.05586783755528493,-1.54e-06,2.185997095306893,5.360117189069793,63.26856465003543,1.0052136313683062,19.325087136662656,0.12067054082980143,-29.090937639647805,-1.1573229341274334,35.78181106659333,0.6295741068180681,-31.13469495365825,0.2719344611720337,-0.018235484869727855,0.00015748,0.09513736915638336,0.00081957,1,0.0
3304,0.0013174112347989486,0.03440558559360435,-1.54e-06,2.185997095306893,5.360117189069793,26.256795338193854,1.0052136313683062,16.59838407053641,0.12067054082980143,-86.84037712727968,-1.1573229341274334,76.53547111192688,0.6295741068180681,15.62633751904506,0.2719344611720337,-0.0009623001218423063,0.00015748,0.06693775959196832,0.00081957,1,0.0
3305,0.3391225028830276,0.17226613977851404,-1.54e-06,2.185997095306893,5.360117189069793,82.80839027916257,1.0052136313683062,8.646262467323469,0.12067054082980143,-91.66397500042783,-1.1573229341274334,88.17447084885077,0.6295741068180681,45.12246817446983,0.2719344611720337,0.06207575686858348,0.00015748,0.2323703163342542,0.00081957,0,0.0
3306,0.0711435321416258,0.0018478927462956235,-1.54e-06,2.185997095306893,5.360117189069793,-53.305212946444165,1.0052136313683062,9.374472071447494,0.12067054082980143,-82.94092128576351,-1.1573229341274334,30.69259804532487,0.6295741068180681,58.79277716001008,0.2719344611720337,-0.02960990220720417,0.00015748,0.029608879861637266,0.00081957,1,0.0
3307,0.11962523062639838,0.0007749533294860304,-1.54e-06,2.185997095306893,5.360117189069793,-61.76910825485566,1.0052136313683062,2.6146774281038256,0.12067054082980143,-38.967640491597685,-1.1573229341274334,14.33145863877008,0.6295741068180681,49.33752840588847,0.2719344611720337,-0.0035482841723783014,0.00015748,0.0035408414562073283,0.00081957,1,0.0
3308,0.2700933184229233,0.09165101329147629,-1.54e-06,2.185997095306893,5.360117189069793,-40.50402275787263,1.0052136313683062,-7.542379708988244,0.12067054082980143,-41.4244749027306,-1.1573229341274334,0.334890362362094,0.6295741068180681,75.3391028929574,0.2719344611720337,-0.03323613787427167,0.00015748,0.12937952957689564,0.00081957,1,0.0
3309,0.00014745917260403085,0.03140479748213038,-1.54e-06,2.185997095306893,5.360117189069793,77.82913657213176,1.0052136313683062,15.498725839957602,0.12067054082980143,-18.694455138215964,-1.1573229341274334,-94.91774617174025,0.6295741068180681,-21.111488835673885,0.2719344611720337,-0.012953897158561052,0.00015748,0.06834970713010097,0.00081957,1,0.0
3310,0.184092984525092,0.004643810579975957,-1.54e-06,2.185997095306893,5.360117189069793,-95.5073095927837,1.0052136313683062,-1.7556727973096968,0.12067054082980143,-26.78967238798853,-1.1573229341274334,44.55235217331934,0.6295741068180681,60.25740309638975,0.2719344611720337,-0.022593210132089512,0.00015748,0.02262792540472128,0.00081957,1,0.0
3311,0.06072755152966035,0.0007600459139689734,-1.54e-06,2.185997095306893,5.360117189069793,-44.2800153767335,1.0052136313683062,-0.8845281444031441,0.12067054082980143,-20.670404231709124,-1.1573229341274334,52.19167402039757,0.6295741068180681,27.125233077217253,0.2719344611720337,-0.011808104379903425,0.00015748,0.011815652820361212,0.00081957,1,0.0
3312,0.00018909001914767243,0.024844842379815005,-1.54e-06,2.185997095306893,5.360117189069793,32.60851152709429,1.0052136313683062,6.101617604506898,0.12067054082980143,-21.378996169618432,-1.1573229341274334,42.47180949478098,0.6295741068180681,-9.432740019107055,0.2719344611720337,0.017763089309012846,0.00015748,0.03297906842184856,0.00081957,0,0.0
3313,0.04351042458864399,0.056575060813655466,-1.54e-06,2.185997095306893,5.360117189069793,72.30751516533775,1.0052136313683062,1.9025719432036583,0.12067054082980143,-18.576597712933783,-1.1573229341274334,-9.992157922661114,0.6295741068180681,-6.44692608089626,0.2719344611720337,0.000798757409028919,0.00015748,0.10102666605456152,0.00081957,0,0.0
3314,0.0004510940566102434,0.03024590974861505,-1.54e-06,2.185997095306893,5.360117189069793,51.03682968926432,1.0052136313683062,7.439965877036886,0.12067054082980143,-3.7719156733304726,-1.1573229341274334,17.883804283581448,0.6295741068180681,-24.97358080312179,0.2719344611720337,0.012940230084616807,0.00015748,0.045602012059563685,0.00081957,0,0.0
3315,0.0005216152904993776,0.06264208925253535,-1.54e-06,2.185997095306893,5.360117189069793,40.33274616639837,1.0052136313683062,30.06342185560812,0.12067054082980143,-77.16432298820348,-1.1573229341274334,9.586084192848173,0.6295741068180681,-5.564114433274824,0.2719344611720337,-0.060508695308242946,0.00015748,0.11162400218922248,0.00081957,1,0.0
3316,0.11706858171579855,0.0014350757049619908,-1.54e-06,2.185997095306893,5.360117189069793,-59.847802620816296,1.0052136313683062,-0.4088679404726848,0.12067054082980143,-23.745894295067256,-1.1573229341274334,19.951636007307094,0.6295741068180681,42.35529110474383,0.2719344611720337,-0.007073454342411873,0.00015748,0.007170786693378525,0.00081957,1,0.0
3317,0.00035008474537356893,0.04373496821638756,-1.54e-06,2.185997095306893,5.360117189069793,66.47322162384708,1.0052136313683062,19.82559199285291,0.12067054082980143,-80.26483769853627,-1.1573229341274334,-11.516124891617151,0.6295741068180681,5.568638727777825,0.2719344611720337,-0.01244121090604352,0.00015748,0.09382745681279162,0.00081957,1,0.0
3318,0.16237924898302586,0.03624681928410668,-1.54e-06,2.185997095306893,5.360117189069793,-61.9774535844633,1.0052136313683062,17.89958197020176,0.12067054082980143,-29.360940822146667,-1.1573229341274334,-11.777369815649811,0.6295741068180681,29.240987166155815,0.2719344611720337,-0.08607336745955112,0.00015748,0.08590019278866283,0.00081957,1,0.0
3319,0.1316872335849717,0.0019705390056729303,-1.54e-06,2.185997095306893,5.360117189069793,-74.53380457178775,1.0052136313683062,10.585572932854369,0.12067054082980143,-76.89568489562971,-1.1573229341274334,24.197054922365645,0.6295741068180681,66.17135850857663,0.2719344611720337,-0.026726647394487164,0.00015748,0.02671785266510094,0.00081957,1,0.0
3320,0.12453764952016286,0.004336020187403587,-1.54e-06,2.185997095306893,5.360117189069793,-72.84635751089293,1.0052136313683062,-4.346532220176772,0.12067054082980143,-10.267126763703704,-1.1573229341274334,63.48042581526559,0.6295741068180681,38.59042175648937,0.2719344611720337,-0.029067800753258877,0.00015748,0.029129552107667024,0.00081957,1,0.0
3321,0.1039500480582381,0.0005085645213551414,-1.54e-06,2.185997095306893,5.360117189069793,-47.04742463931124,1.0052136313683062,3.500349340747697,0.12067054082980143,-31.409623802247573,-1.1573229341274334,-8.194109395857593,0.6295741068180681,40.11584219432169,0.2719344611720337,-0.007411271518890759,0.00015748,0.007451206991169213,0.00081957,1,0.0
3322,0.13450416961085498,0.001023405071885739,-1.54e-06,2.185997095306893,5.360117189069793,-67.99679544630152,1.0052136313683062,2.7064106177963856,0.12067054082980143,-39.14857820233398,-1.1573229341274334,14.643285386828099,0.6295741068180681,52.57050704162602,0.2719344611720337,-0.004565860810745754,0.00015748,0.004576393159182017,0.00081957,1,0.0
3323,0.007821091194919888,0.027911750040804147,-1.54e-06,2.185997095306893,5.360117189069793,29.07788907038459,1.0052136313683062,17.77499411456733,0.12067054082980143,-58.6353314003663,-1.1573229341274334,-0.1411691641628845,0.6295741068180681,4.922522664944667,0.2719344611720337,-0.02302645564434965,0.00015748,0.06459042929529393,0.00081957,1,0.0
3324,0.00022481022715101218,0.015316890887978997,-1.54e-06,2.185997095306893,5.360117189069793,30.483011245015835,1.0052136313683062,14.78800702207677,0.12067054082980143,-47.32094483599419,-1.1573229341274334,-70.13786494460379,0.6295741068180681,9.048818557630778,0.2719344611720337,-0.038700309023218846,0.00015748,0.057066080193957855,0.00081957,1,0.0
3325,0.031185961445324054,0.0019503000129353955,-1.54e-06,2.185997095306893,5.360117189069793,-44.51903404311866,1.0052136313683062,-4.700120872424051,0.12067054082980143,-13.541173595871372,-1.1573229341274334,100.0,0.6295741068180681,19.367548676412557,0.2719344611720337,-0.024803264130104263,0.00015748,0.0248443548884071,0.00081957,1,0.0
3326,0.08891507883003341,0.011013138147529416,-1.54e-06,2.185997095306893,5.360117189069793,-67.56831032794203,1.0052136313683062,10.955066078169972,0.12067054082980143,-58.811336417938215,-1.1573229341274334,84.73505943105854,0.6295741068180681,40.65266032345356,0.2719344611720337,-0.05089257780494756,0.00015748,0.05072655484351571,0.00081957,1,0.0
3327,0.18867234097083357,0.06603724386990299,-1.54e-06,2.185997095306893,5.360117189069793,15.702333994117376,1.0052136313683062,2.75496910962764,0.12067054082980143,-41.741149930857794,-1.1573229341274334,-56.576369325848525,0.6295741068180681,43.5191635067505,0.2719344611720337,-0.01382470015611742,0.00015748,0.11246058640426648,0.00081957,1,0.0
3328,0.00045912607335751865,0.01835833171618522,-1.54e-06,2.185997095306893,5.360117189069793,34.910322022743834,1.0052136313683062,11.245012723886889,0.12067054082980143,-30.659809920975885,-1.1573229341274334,-29.498019382507035,0.6295741068180681,-2.7573925448930146,0.2719344611720337,-0.012413574091574741,0.00015748,0.04482834423406086,0.00081957,1,0.0
3329,0.00026119392009396614,0.052751212569842255,-1.54e-06,2.185997095306893,5.360117189069793,76.69672398029043,1.0052136313683062,17.01074357983171,0.12067054082980143,-23.88792109342455,-1.1573229341274334,26.773774105309098,0.6295741068180681,-34.06217438423187,0.2719344611720337,0.004050949731496882,0.00015748,0.0852617874142968,0.00081957,0,0.0
3330,-0.0001407799725279546,0.04509765562238371,-1.54e-06,2.185997095306893,5.360117189069793,57.003464563425695,1.0052136313683062,13.270458759252577,0.12067054082980143,-3.3441963743935177,-1.1573229341274334,27.198124862562754,0.6295741068180681,-36.29714251256931,0.2719344611720337,-0.016235585244752944,0.00015748,0.08004384564158593,0.00081957,1,0.0
3331,0.19639543004852383,0.1278448522853342,-1.54e-06,2.185997095306893,5.360117189069793,-55.66589275600964,1.0052136313683062,-21.12903740136459,0.12067054082980143,-21.869107929273284,-1.1573229341274334,-96.80871342890566,0.6295741068180681,90.57309280810995,0.2719344611720337,-0.13753067787984652,0.00015748,0.15806360204635295,0.00081957,1,0.0
3332,0.049774761336089254,0.069029354970536,-1.54e-06,2.185997095306893,5.360117189069793,61.789560891004555,1.0052136313683062,8.333200555179278,0.12067054082980143,-81.42380071241243,-1.1573229341274334,37.95599124442336,0.6295741068180681,22.687063640336333,0.2719344611720337,-0.006754341245359785,0.00015748,0.12727820465024306,0.00081957,1,0.0
3333,0.04932076382460762,0.002393759682018087,-1.54e-06,2.185997095306893,5.360117189069793,-36.15224794836989,1.0052136313683062,10.02994454349007,0.12067054082980143,-73.24420949392909,-1.1573229341274334,10.227061773826058,0.6295741068180681,46.96635163856219,0.2719344611720337,-0.03266820132548545,0.00015748,0.032703595203811886,0.00081957,1,0.0
3334,0.0004995651416269675,0.009413619573522118,-1.54e-06,2.185997095306893,5.360117189069793,-20.80812377536644,1.0052136313683062,13.234066535337892,0.12067054082980143,-92.46091329135112,-1.1573229341274334,55.186827404414075,0.6295741068180681,40.12482137360208,0.2719344611720337,-0.03316051163761616,0.00015748,0.043998116950421676,0.00081957,1,0.0
3335,0.3865341680828053,0.1578269540728501,-1.54e-06,2.185997095306893,5.360117189069793,60.776137356627785,1.0052136313683062,13.649760375279723,0.12067054082980143,-100.0,-1.1573229341274334,74.83128094428615,0.6295741068180681,56.15002433515999,0.2719344611720337,0.08221352471578006,0.00015748,0.20505719907738298,0.00081957,0,0.0
3336,0.0020605974237510177,0.07329439003748559,-1.54e-06,2.185997095306893,5.360117189069793,65.36035041832805,1.0052136313683062,-6.015268816851716,0.12067054082980143,-26.331438578243823,-1.1573229341274334,81.90005464641358,0.6295741068180681,-3.4363464341693666,0.2719344611720337,-0.017111986343992504,0.00015748,0.12532702351341052,0.00081957,1,0.0
3337,0.08221214121288678,0.0004575883843542709,-1.54e-06,2.185997095306893,5.360117189069793,-55.57988977472761,1.0052136313683062,1.593612929784058,0.12067054082980143,-41.653495070251815,-1.1573229341274334,45.964107691550915,0.6295741068180681,43.221831884152174,0.2719344611720337,-0.0011820768932920287,0.00015748,0.001187795108404885,0.00081957,1,0.0
3338,-1.1166568583020897e-05,0.026625769640202315,-1.54e-06,2.185997095306893,5.360117189069793,46.849387475515094,1.0052136313683062,11.465938608216982,0.12067054082980143,-42.161639273248824,-1.1573229341274334,-20.239058265253423,0.6295741068180681,-0.357824339918463,0.2719344611720337,-0.007058480766874889,0.00015748,0.058312759065866096,0.00081957,1,0.0
3339,0.404416331534643,0.19411194085575526,-1.54e-06,2.185997095306893,5.360117189069793,87.32681511142181,1.0052136313683062,10.756285915296129,0.12067054082980143,-99.82183540918749,-1.1573229341274334,85.49679043238375,0.6295741068180681,52.807040111521346,0.2719344611720337,0.07583608385117832,0.00015748,0.25402039560651424,0.00081957,0,0.0
3340,0.0744362533230994,0.0002862826503708657,-1.54e-06,2.185997095306893,5.360117189069793,-59.8281583273463,1.0052136313683062,4.507038723349642,0.12067054082980143,-61.540125558961705,-1.1573229341274334,61.688510354963995,0.6295741068180681,50.45744649277136,0.2719344611720337,-0.009421236786008803,0.00015748,0.00942651494919414,0.00081957,1,0.0
3341,0.010833547384152153,0.006209240916095933,-1.54e-06,2.185997095306893,5.360117189069793,-25.998709006093442,1.0052136313683062,13.243014556792929,0.12067054082980143,-96.20376185584956,-1.1573229341274334,16.997376894425056,0.6295741068180681,49.58519455523767,0.2719344611720337,-0.048857341567302745,0.00015748,0.04889213433320584,0.00081957,1,0.0
3342,0.22124520728710337,0.09154440220092953,-1.54e-06,2.185997095306893,5.360117189069793,18.17406055989445,1.0052136313683062,5.314716129773298,0.12067054082980143,-76.65609319021316,-1.1573229341274334,30.28225084401735,0.6295741068180681,54.37575337026156,0.2719344611720337,0.010995008566540065,0.00015748,0.13845643151924747,0.00081957,0,0.0
3343,0.1752774243055344,0.01809295671961804,-1.54e-06,2.185997095306893,5.360117189069793,-84.85398442617029,1.0052136313683062,17.332863474326697,0.12067054082980143,-68.77045595750508,-1.1573229341274334,16.524950383677716,0.6295741068180681,59.779168014335305,0.2719344611720337,-0.06352067194666504,0.00015748,0.06345074993982379,0.00081957,1,0.0
3344,0.04655818480057783,0.0709298922602718,-1.54e-06,2.185997095306893,5.360117189069793,89.90542139207443,1.0052136313683062,21.732979412184605,0.12067054082980143,-77.64380219049711,-1.1573229341274334,75.1565601544826,0.6295741068180681,-11.395247600664867,0.2719344611720337,0.04666264770582551,0.00015748,0.10483145495736779,0.00081957,0,0.0
3345,0.22068471165998554,0.003213133195363521,-1.54e-06,2.185997095306893,5.360117189069793,-76.99970572947257,1.0052136313683062,5.989279808063348,0.12067054082980143,-24.343332704335513,-1.1573229341274334,-68.09295357114107,0.6295741068180681,59.49578713125976,0.2719344611720337,-0.015815185543402444,0.00015748,0.015805576263950037,0.00081957,1,0.0
3346,0.129567127212036,0.002013315614217443,-1.54e-06,2.185997095306893,5.360117189069793,-59.76461758139586,1.0052136313683062,-1.5432409223595622,0.12067054082980143,-15.917793440150657,-1.1573229341274334,4.3275831042931685,0.6295741068180681,42.00612223626451,0.2719344611720337,-0.009247815944437401,0.00015748,0.009242877756504996,0.00081957,1,0.0
3347,0.10382517696990964,0.001115026320750512,-1.54e-06,2.185997095306893,5.360117189069793,-57.45865604990887,1.0052136313683062,0.5854427720776012,0.12067054082980143,-25.59770148720737,-1.1573229341274334,32.14647873255231,0.6295741068180681,38.69649475262084,0.2719344611720337,-0.010417855823577281,0.00015748,0.010437052315176465,0.00081957,1,0.0
3348,0.45873140446632876,0.11367499862058153,-1.54e-06,2.185997095306893,5.360117189069793,-40.246201987879154,1.0052136313683062,20.77836628913273,0.12067054082980143,-96.38858810014784,-1.1573229341274334,43.1786369363456,0.6295741068180681,84.27613786453324,0.2719344611720337,0.07761689281364371,0.00015748,0.11607060008688376,0.00081957,0,0.0
3349,0.1305852713279488,0.0019880744519371416,-1.54e-06,2.185997095306893,5.360117189069793,-59.142161609317576,1.0052136313683062,9.672928081376332,0.12067054082980143,-69.37334380598841,-1.1573229341274334,-28.708782115998176,0.6295741068180681,64.33997905411381,0.2719344611720337,-0.030927176704561573,0.00015748,0.030931282441514638,0.00081957,1,0.0
3350,0.26123901595531795,0.12978136828864126,-1.54e-06,2.185997095306893,5.360117189069793,65.56910240444924,1.0052136313683062,0.5769647551470736,0.12067054082980143,-30.011296039901993,-1.1573229341274334,-98.58006319960468,0.6295741068180681,36.64194764621332,0.2719344611720337,-0.015534826925915513,0.00015748,0.18924263147489226,0.00081957,1,0.0
3351,0.12252521506299875,0.08622416470952098,-1.54e-06,2.185997095306893,5.360117189069793,80.57847537796151,1.0052136313683062,10.080553106058831,0.12067054082980143,-66.3328359546905,-1.1573229341274334,-63.1570466137325,0.6295741068180681,24.323055375661212,0.2719344611720337,-0.015015057661855222,0.00015748,0.15590538631688822,0.00081957,1,0.0
3352,0.021210411183774716,0.008284353983214386,-1.54e-06,2.185997095306893,5.360117189069793,-27.486254789484786,1.0052136313683062,10.237834155397199,0.12067054082980143,-93.94698043684012,-1.1573229341274334,1.8998480145618484,0.6295741068180681,55.59307840781141,0.2719344611720337,-0.05448755608191824,0.00015748,0.05459194156645748,0.00081957,1,0.0
3353,0.0023658375740595594,0.040335794537140826,-1.54e-06,2.185997095306893,5.360117189069793,60.1082575402142,1.0052136313683062,24.01257566914541,0.12067054082980143,-59.54557024546002,-1.1573229341274334,-60.389703464158856,0.6295741068180681,-5.627438742309325,0.2719344611720337,-0.03537185199691776,0.00015748,0.08821076070940412,0.00081957,1,0.0
3354,0.11827112163547851,0.009853573350766788,-1.54e-06,2.185997095306893,5.360117189069793,-77.0291827800038,1.0052136313683062,-9.22185626190154,0.12067054082980143,-22.926663506152728,-1.1573229341274334,67.3713908576082,0.6295741068180681,53.62303840211204,0.2719344611720337,-0.034541072628868096,0.00015748,0.03479747246652302,0.00081957,1,0.0
3355,0.0007388759658963628,0.05537528392547012,-1.54e-06,2.185997095306893,5.360117189069793,80.32510981795092,1.0052136313683062,9.306570149757063,0.12067054082980143,-58.50921859918038,-1.1573229341274334,-44.46266905115237,0.6295741068180681,6.276713409250082,0.2719344611720337,-0.030198650638465392,0.00015748,0.11817063235845196,0.00081957,1,0.0
3356,0.10987460330026605,0.03980669749533443,-1.54e-06,2.185997095306893,5.360117189069793,-25.482954890943084,1.0052136313683062,23.663013071035824,0.12067054082980143,-36.236076637229864,-1.1573229341274334,-62.31773070813048,0.6295741068180681,15.782115070896634,0.2719344611720337,-0.0883963584899837,0.00015748,0.08861863228042596,0.00081957,1,0.0
3357,0.0010375470418902688,0.01606369959532601,-1.54e-06,2.185997095306893,5.360117189069793,25.09828133828043,1.0052136313683062,12.470604739420834,0.12067054082980143,-25.186473556195413,-1.1573229341274334,-25.185829580490633,0.6295741068180681,-5.554074207194839,0.2719344611720337,-0.024087848286722266,0.00015748,0.04475355241976116,0.00081957,1,0.0
3358,0.08900209095001008,0.0019007028499124453,-1.54e-06,2.185997095306893,5.360117189069793,-51.87092534055966,1.0052136313683062,6.826546190151875,0.12067054082980143,-68.04370035289087,-1.1573229341274334,6.637664350472663,0.6295741068180681,57.039406042096786,0.2719344611720337,-0.026302225902189127,0.00015748,0.02664765715612466,0.00081957,1,0.0
3359,0.06168473210449643,0.0009887644847552132,-1.54e-06,2.185997095306893,5.360117189069793,-18.68432454726008,1.0052136313683062,6.458207646471139,0.12067054082980143,-30.86604979157571,-1.1573229341274334,-43.72720331013791,0.6295741068180681,27.430389691711415,0.2719344611720337,-0.022013143440773344,0.00015748,0.022022798952313277,0.00081957,1,0.0
3360,0.000923920916885923,0.048436006603416654,-1.54e-06,2.185997095306893,5.360117189069793,67.09171961069568,1.0052136313683062,11.678522295816819,0.12067054082980143,-70.94330889377514,-1.1573229341274334,12.125952898041373,0.6295741068180681,8.048141084588773,0.2719344611720337,-0.007665011406923397,0.00015748,0.09913993545570622,0.00081957,1,0.0
3361,0.000282155906428494,0.040847907399030846,-1.54e-06,2.185997095306893,5.360117189069793,54.832876522538406,1.0052136313683062,5.921718072828257,0.12067054082980143,-18.858534023948796,-1.1573229341274334,78.79659876116308,0.6295741068180681,-21.602420621186514,0.2719344611720337,0.03312207773632243,0.00015748,0.052118713211186454,0.00081957,0,0.0
3362,0.00014076156766587578,0.013714023115930393,-1.54e-06,2.185997095306893,5.360117189069793,16.597919179937936,1.0052136313683062,14.238512996974775,0.12067054082980143,-68.86578747005252,-1.1573229341274334,-72.44076138281666,0.6295741068180681,27.897196580882532,0.2719344611720337,-0.05710692744950132,0.00015748,0.06579853278751058,0.00081957,1,0.0
3363,0.05931490401470325,0.02526929979893377,-1.54e-06,2.185997095306893,5.360117189069793,-38.35820302024288,1.0052136313683062,5.188668766546439,0.12067054082980143,-99.57187756238568,-1.1573229341274334,-32.93422079028652,0.6295741068180681,77.30762686192891,0.2719344611720337,-0.08332751543824002,0.00015748,0.08375794335640649,0.00081957,1,0.0
3364,-2.4798021564437223e-05,0.04233311195728805,-1.54e-06,2.185997095306893,5.360117189069793,47.0572833250187,1.0052136313683062,13.770992611664456,0.12067054082980143,-11.13375818213798,-1.1573229341274334,35.03034086730955,0.6295741068180681,-30.037455022912685,0.2719344611720337,-0.021681903166343528,0.00015748,0.07860482784067502,0.00081957,1,0.0
3365,0.13752862669485721,0.08871991204556035,-1.54e-06,2.185997095306893,5.360117189069793,-25.674920935809688,1.0052136313683062,32.87680780866652,0.12067054082980143,-36.409392819307385,-1.1573229341274334,-88.2881176130765,0.6295741068180681,8.900205902434509,0.2719344611720337,-0.13069220494104644,0.00015748,0.13039853480997615,0.00081957,1,0.0
3366,0.1116677498558512,0.05272459543510278,-1.54e-06,2.185997095306893,5.360117189069793,11.619726445387961,1.0052136313683062,11.383975970775548,0.12067054082980143,-98.92467267454228,-1.1573229341274334,31.3068923697134,0.6295741068180681,51.140125910402155,0.2719344611720337,-0.006739040477821465,0.00015748,0.10117822421042245,0.00081957,1,0.0
3367,0.24891056456597788,0.032754527716939465,-1.54e-06,2.185997095306893,5.360117189069793,-63.04662094432975,1.0052136313683062,6.790117923342263,0.12067054082980143,-69.09902706911353,-1.1573229341274334,-30.324447069943332,0.6295741068180681,81.15927163297627,0.2719344611720337,-0.003928400187525931,0.00015748,0.055450210673491866,0.00081957,1,0.0
3368,0.15314337813016715,0.0058489120927078826,-1.54e-06,2.185997095306893,5.360117189069793,-59.512093109661954,1.0052136313683062,16.23111403872402,0.12067054082980143,-92.67519762999875,-1.1573229341274334,-72.89792987544358,0.6295741068180681,77.65693142374643,0.2719344611720337,-0.05380841224632286,0.00015748,0.0538036073030868,0.00081957,1,0.0
3369,0.13093796198937585,0.0019054980237989947,-1.54e-06,2.185997095306893,5.360117189069793,-48.65700280875405,1.0052136313683062,9.22656438923165,0.12067054082980143,-54.57503654801601,-1.1573229341274334,-56.489659035725296,0.6295741068180681,55.79414652273214,0.2719344611720337,-0.030247248999580704,0.00015748,0.030254513241019642,0.00081957,1,0.0
3370,0.00012601042189927525,0.0288298202319829,-1.54e-06,2.185997095306893,5.360117189069793,21.356055870902544,1.0052136313683062,9.689118651903312,0.12067054082980143,-56.38907728860703,-1.1573229341274334,88.68731410319687,0.6295741068180681,5.691853049167243,0.2719344611720337,0.015349036598514162,0.00015748,0.04370742149853257,0.00081957,0,0.0
3371,0.012751574553334926,5.9217547246844797e-05,-1.54e-06,2.185997095306893,5.360117189069793,-20.991355849265783,1.0052136313683062,0.6964937314760227,0.12067054082980143,-20.122070707465962,-1.1573229341274334,42.896227828207664,0.6295741068180681,14.153629279612588,0.2719344611720337,-0.004710782744993617,0.00015748,0.00471708076243881,0.00081957,1,0.0
3372,0.20774830694567048,0.003338122380800824,-1.54e-06,2.185997095306893,5.360117189069793,-86.53513194627992,1.0052136313683062,12.638605126584437,0.12067054082980143,-85.6201356293751,-1.1573229341274334,-56.53667052858568,0.6295741068180681,89.48201538785092,0.2719344611720337,-0.03816099070956464,0.00015748,0.03815584847609655,0.00081957,1,0.0
3373,0.10599200144575797,0.0007355122197885509,-1.54e-06,2.185997095306893,5.360117189069793,-59.78124044331902,1.0052136313683062,1.6790099190685324,0.12067054082980143,-38.76957991657058,-1.1573229341274334,26.868679855328182,0.6295741068180681,47.10202025305645,0.2719344611720337,-0.0009681710641825667,0.00015748,0.0009707114487418145,0.00081957,1,0.0
3374,-0.0003063906614838019,0.034458155765171236,-1.54e-06,2.185997095306893,5.360117189069793,20.008197823080266,1.0052136313683062,22.42573307921251,0.12067054082980143,-31.51423621128812,-1.1573229341274334,-53.012275445003816,0.6295741068180681,-10.74037919504041,0.2719344611720337,-0.07718382940998673,0.00015748,0.07926205679916452,0.00081957,1,0.0
3375,0.08174243568328118,0.04215732207820748,-1.54e-06,2.185997095306893,5.360117189069793,-0.5659216460498093,1.0052136313683062,-2.7059210425926996,0.12067054082980143,-37.49750773957915,-1.1573229341274334,-83.17447265305456,0.6295741068180681,45.837848958866275,0.2719344611720337,-0.07100711938418454,0.00015748,0.09681742908553025,0.00081957,1,0.0
3376,0.07729191751257125,0.1386196743918702,-1.54e-06,2.185997095306893,5.360117189069793,37.340186424025866,1.0052136313683062,-15.595766170508465,0.12067054082980143,-34.15831910892657,-1.1573229341274334,42.3689013525926,0.6295741068180681,35.23075331898289,0.2719344611720337,-0.07806780236861982,0.00015748,0.1867671345846441,0.00081957,1,0.0
3377,0.23915356731367132,0.08725354870606895,-1.54e-06,2.185997095306893,5.360117189069793,31.304349644088607,1.0052136313683062,15.034056695756194,0.12067054082980143,-100.0,-1.1573229341274334,-30.449052033365053,0.6295741068180681,60.87621404085716,0.2719344611720337,0.009782299550553264,0.00015748,0.14588430000083902,0.00081957,0,0.0
3378,0.12193761214387971,0.0032022906659179796,-1.54e-06,2.185997095306893,5.360117189069793,-82.46548867905295,1.0052136313683062,-2.8106508440515823,0.12067054082980143,-31.934216916336887,-1.1573229341274334,86.7459320048412,0.6295741068180681,50.06572355802112,0.2719344611720337,-0.022697932272708866,0.00015748,0.02267704669962301,0.00081957,1,0.0
3379,0.044358169217128596,0.00035970594168692634,-1.54e-06,2.185997095306893,5.360117189069793,-46.05136256795005,1.0052136313683062,1.744733406237395,0.12067054082980143,-48.671092353422445,-1.1573229341274334,63.32623550794771,0.6295741068180681,38.91737889048233,0.2719344611720337,-0.004948234823949728,0.00015748,0.004928048943098535,0.00081957,1,0.0
3380,-1.1537288607473255e-05,0.004381911103976964,-1.54e-06,2.185997095306893,5.360117189069793,1.8362081871493774,1.0052136313683062,0.16461186731680977,0.12067054082980143,-3.049401581620379,-1.1573229341274334,20.574659281705312,0.6295741068180681,-1.2712704345578207,0.2719344611720337,0.00021285968633305823,0.00015748,0.008438882936318271,0.00081957,0,0.0
3381,0.014765257784053007,0.0012127171934677716,-1.54e-06,2.185997095306893,5.360117189069793,-14.545118489116156,1.0052136313683062,6.291487219385628,0.12067054082980143,-43.76291718733606,-1.1573229341274334,2.930966498159754,0.6295741068180681,24.516706915064685,0.2719344611720337,-0.022284685875244778,0.00015748,0.022283814438434295,0.00081957,1,0.0
3382,0.2007482639153459,0.0022454705310544078,-1.54e-06,2.185997095306893,5.360117189069793,-91.50631841006656,1.0052136313683062,10.52359410532693,0.12067054082980143,-80.66874880479676,-1.1573229341274334,-25.258943891400992,0.6295741068180681,86.30992629376759,0.2719344611720337,-0.027848104817676373,0.00015748,0.027875743119513203,0.00081957,1,0.0
3383,0.13881974677726136,0.10995560237880847,-1.54e-06,2.185997095306893,5.360117189069793,40.049548506090986,1.0052136313683062,-11.615365765390745,0.12067054082980143,-8.788097699484702,-1.1573229341274334,14.278696831094571,0.6295741068180681,22.07861461573048,0.2719344611720337,-0.03829953696140001,0.00015748,0.16072846111719938,0.00081957,1,0.0
3384,0.015697069786473256,0.007027590125456683,-1.54e-06,2.185997095306893,5.360117189069793,-12.83226235358347,1.0052136313683062,13.423693912237404,0.12067054082980143,-81.64288524081911,-1.1573229341274334,-26.92480286337753,0.6295741068180681,41.89905293983165,0.2719344611720337,-0.052378941593416085,0.00015748,0.05257277750364701,0.00081957,1,0.0
3385,0.03658970818603305,0.015682832216733195,-1.54e-06,2.185997095306893,5.360117189069793,-6.7630414848309774,1.0052136313683062,5.26126906060088,0.12067054082980143,-59.92997649593679,-1.1573229341274334,-79.51001059103932,0.6295741068180681,45.974463294159726,0.2719344611720337,-0.06930127481517367,0.00015748,0.06984509230278133,0.00081957,1,0.0
3386,0.0001280063458795333,0.014272389518362821,-1.54e-06,2.185997095306893,5.360117189069793,10.765345642455662,1.0052136313683062,3.6732083733205463,0.12067054082980143,-16.364100230030875,-1.1573229341274334,47.33865686892844,0.6295741068180681,-3.4498758124678153,0.2719344611720337,0.0031657148793926056,0.00015748,0.024702569904687242,0.00081957,0,0.0
3387,0.04281846742552063,0.00014728023475613826,-1.54e-06,2.185997095306893,5.360117189069793,-45.79390861712341,1.0052136313683062,2.471164658184152,0.12067054082980143,-46.882027666085705,-1.1573229341274334,68.57490367729999,0.6295741068180681,35.908785398258374,0.2719344611720337,-0.0048256331982443335,0.00015748,0.004912052506385652,0.00081957,1,0.0
3388,0.0004462737548332485,0.005637852175200538,-1.54e-06,2.185997095306893,5.360117189069793,-29.245775708789857,1.0052136313683062,6.61064188489922,0.12067054082980143,-38.001123365803736,-1.1573229341274334,91.15946647563415,0.6295741068180681,12.766320161168682,0.2719344611720337,-0.036072902104093536,0.00015748,0.03633928454949276,0.00081957,1,0.0
3389,0.0008857133076155127,0.027912664775487005,-1.54e-06,2.185997095306893,5.360117189069793,35.188858984676926,1.0052136313683062,7.941603507129204,0.12067054082980143,-50.13081030678271,-1.1573229341274334,19.777639785581535,0.6295741068180681,8.378419129290405,0.2719344611720337,-0.0034025324276150543,0.00015748,0.057926552281698865,0.00081957,1,0.0
3390,0.0002281647103486717,0.015330817306045944,-1.54e-06,2.185997095306893,5.360117189069793,14.227132968860749,1.0052136313683062,6.633798380772176,0.12067054082980143,-20.870770503562007,-1.1573229341274334,34.614769170445356,0.6295741068180681,-4.190384466036975,0.2719344611720337,-0.00425630108463273,0.00015748,0.03184821016197315,0.00081957,1,0.0
3391,0.2525313263896093,0.08522813170326461,-1.54e-06,2.185997095306893,5.360117189069793,21.03514526700939,1.0052136313683062,11.441555307419526,0.12067054082980143,-39.845501210288084,-1.1573229341274334,52.90373621578481,0.6295741068180681,21.860833908973774,0.2719344611720337,0.06094530484896983,0.00015748,0.09826981820218449,0.00081957,0,0.0
3392,0.09269935406414431,0.0006001705193289043,-1.54e-06,2.185997095306893,5.360117189069793,-30.626158688756092,1.0052136313683062,3.511176352283856,0.12067054082980143,-12.353517328655,-1.1573229341274334,-35.208098061261126,0.6295741068180681,25.245996251817452,0.2719344611720337,-0.008935642868197098,0.00015748,0.008952607457082887,0.00081957,1,0.0
3393,0.006647866162799235,0.0661666981443512,-1.54e-06,2.185997095306893,5.360117189069793,83.7266046113009,1.0052136313683062,2.416465343724035,0.12067054082980143,-39.50238567771688,-1.1573229341274334,7.031700590979033,0.6295741068180681,-2.790363743120425,0.2719344611720337,-0.01509130454424503,0.00015748,0.12308932841015308,0.00081957,1,0.0
3394,0.001848767210262503,0.024562903706564932,-1.54e-06,2.185997095306893,5.360117189069793,37.87710876260543,1.0052136313683062,17.444440268532908,0.12067054082980143,-58.18205468404881,-1.1573229341274334,-42.859647866900474,0.6295741068180681,7.026110713398084,0.2719344611720337,-0.030003733258266864,0.00015748,0.06654054075259644,0.00081957,1,0.0
3395,0.10397596773923064,0.0005263953996514888,-1.54e-06,2.185997095306893,5.360117189069793,-82.23881206291423,1.0052136313683062,5.8758878900759015,0.12067054082980143,-81.76265187885001,-1.1573229341274334,84.27680561009626,0.6295741068180681,68.2218268502538,0.2719344611720337,-0.011900103284765443,0.00015748,0.011917972776810136,0.00081957,1,0.0
3396,0.0017086931527112714,0.01646768099141992,-1.54e-06,2.185997095306893,5.360117189069793,19.306680776210015,1.0052136313683062,18.44836627599132,0.12067054082980143,-75.53151862223318,-1.1573229341274334,-76.09004678082897,0.6295741068180681,26.074688988072236,0.2719344611720337,-0.059575846002780576,0.00015748,0.0702467527124197,0.00081957,1,0.0
3397,0.16370726693419702,0.0013047648025896427,-1.54e-06,2.185997095306893,5.360117189069793,-50.4425175290198,1.0052136313683062,4.909483191272331,0.12067054082980143,-21.815006881059816,-1.1573229341274334,-79.34531430533363,0.6295741068180681,47.3672752554623,0.2719344611720337,-0.013745804096026937,0.00015748,0.013754545879353958,0.00081957,1,0.0
3398,0.002970749301362957,0.056393325549251444,-1.54e-06,2.185997095306893,5.360117189069793,12.068593122841833,1.0052136313683062,-10.977582884653863,0.12067054082980143,-30.394984438071077,-1.1573229341274334,68.26222184701257,0.6295741068180681,23.368996956964676,0.2719344611720337,-0.054483523739279414,0.00015748,0.10417007423360788,0.00081957,1,0.0
3399,0.051387021517015526,0.04238397808697734,-1.54e-06,2.185997095306893,5.360117189069793,-4.733895063760691,1.0052136313683062,-2.5917455671263205,0.12067054082980143,-57.387129584294435,-1.1573229341274334,45.95935399243622,0.6295741068180681,41.227282623712846,0.2719344611720337,-0.036851756194298244,0.00015748,0.0863064982245729,0.00081957,1,0.0
3400,0.003268125203333555,0.3161798513598757,-1.54e-06,0.1936483754161056,5.296777267562481,-2.124268854193523,1.0052136313683062,77.0148473976584,0.12067054082980143,-18.565620423318883,-1.1573229341274334,-78.69209598620515,0.6295741068180681,5.729253090263886,0.2719344611720337,-0.25102215428479047,0.00015748,0.2962744953967046,0.00081957,1,0.0
3401,-1.5851492351296144,8.607817731217082,-1.54e-06,0.1936483754161056,5.296777267562481,23.702607064720226,1.0052136313683062,89.91628191017773,0.12067054082980143,-46.73497551457993,-1.1573229341274334,-30.000604428850085,0.6295741068180681,-61.75479014324434,0.2719344611720337,-0.7233768605334765,0.00015748,0.7472495066704496,0.00081957,1,0.0
3402,-1.5010137134245392,4.194644223336078,-1.54e-06,0.1936483754161056,5.296777267562481,15.84903851979512,1.0052136313683062,-50.34115821163153,0.12067054082980143,-94.82843564526563,-1.1573229341274334,77.5744620725586,0.6295741068180681,-41.103916613889744,0.2719344611720337,-0.448113853368864,0.00015748,0.44317438084534755,0.00081957,1,0.0
3403,0.1026943971051665,0.10996627132302526,-1.54e-06,0.1936483754161056,5.296777267562481,-6.433810616384284,1.0052136313683062,74.67466654702743,0.12067054082980143,-37.077060444640644,-1.1573229341274334,-95.28783670981147,0.6295741068180681,17.034785335054625,0.2719344611720337,-0.21411912954992815,0.00015748,0.2204967538692695,0.00081957,1,0.0
3404,0.026455480433262506,0.20955380333626672,-1.54e-06,0.1936483754161056,5.296777267562481,-9.572290920037876,1.0052136313683062,22.411001120773616,0.12067054082980143,-85.72935994464468,-1.1573229341274334,12.126184044557409,0.6295741068180681,25.327672896328085,0.2719344611720337,-0.09192565989545123,0.00015748,0.09133106123953183,0.00081957,1,0.0
3405,-0.5347805003006233,2.5003236250129435,-1.54e-06,0.1936483754161056,5.296777267562481,-3.6785029142655903,1.0052136313683062,-94.6299931005053,0.12067054082980143,-88.58252817063453,-1.1573229341274334,-33.22005348190052,0.6295741068180681,10.077241257049494,0.2719344611720337,-0.5063537750755238,0.00015748,0.5001602130857832,0.00081957,1,0.0
3406,-0.26314432323795056,0.651069688900487,-1.54e-06,0.1936483754161056,5.296777267562481,-3.8351364354444977,1.0052136313683062,18.993042306185593,0.12067054082980143,-64.34544064879351,-1.1573229341274334,-67.8725267025599,0.6295741068180681,10.359783257749683,0.2719344611720337,-0.18024868896904292,0.00015748,0.18511493934004478,0.00081957,1,0.0
3407,-1.0791097207882516,3.3745998544242832,-1.54e-06,0.1936483754161056,5.296777267562481,11.94950298034738,1.0052136313683062,19.738856415660724,0.12067054082980143,-65.09586670317061,-1.1573229341274334,6.012684193817006,0.6295741068180681,-30.962078757293924,0.2719344611720337,-0.38161506923171895,0.00015748,0.4013417120402919,0.00081957,1,0.0
3408,-1.7659356153466623,7.158590319763631,-1.54e-06,0.1936483754161056,5.296777267562481,22.754929906764374,1.0052136313683062,26.557433332721544,0.12067054082980143,-64.12588543272258,-1.1573229341274334,-61.61072931674967,0.6295741068180681,-59.143685722822156,0.2719344611720337,-0.6269169768745944,0.00015748,0.6329059394400662,0.00081957,1,0.0
3409,-0.3375899979656013,1.7033894477269893,-1.54e-06,0.1936483754161056,5.296777267562481,-4.1968379173308685,1.0052136313683062,-76.57854493434223,0.12067054082980143,-61.92362111573297,-1.1573229341274334,-58.7863736093948,0.6295741068180681,11.349241648379275,0.2719344611720337,-0.4113458619176901,0.00015748,0.40973289817138364,0.00081957,1,0.0
3410,0.06265078100997709,0.15616053712805075,-1.54e-06,0.1936483754161056,5.296777267562481,-2.6352010773128263,1.0052136313683062,61.28643604109106,0.12067054082980143,-34.60845905067667,-1.1573229341274334,49.711313373371574,0.6295741068180681,6.935736635171426,0.2719344611720337,-0.19688515459139863,0.00015748,0.2114231976424241,0.00081957,1,0.0
3411,-0.004074865346087933,0.5851987992454792,-1.54e-06,0.1936483754161056,5.296777267562481,-0.847803518880624,1.0052136313683062,-82.78287879552411,0.12067054082980143,-8.604992381230172,-1.1573229341274334,89.49745852683753,0.6295741068180681,2.2011007986002045,0.2719344611720337,-0.32460805842938323,0.00015748,0.3243575507444528,0.00081957,1,0.0
3412,1.3119098745339106,1.7574440630084824,-1.54e-06,0.1936483754161056,5.296777267562481,-22.962914029184656,1.0052136313683062,35.886359241184586,0.12067054082980143,-21.145244522732888,-1.1573229341274334,73.51947334170629,0.6295741068180681,60.01060515447541,0.2719344611720337,-0.3335044404288997,0.00015748,0.35884188440374565,0.00081957,1,0.0
3413,0.10255739296207186,1.009496805060687,-1.54e-06,0.1936483754161056,5.296777267562481,-12.42027419617476,1.0052136313683062,-24.660109177917406,0.12067054082980143,-70.84846919151242,-1.1573229341274334,-89.83178107831249,0.6295741068180681,32.8802183781367,0.2719344611720337,-0.27064893976819715,0.00015748,0.2726894291287114,0.00081957,1,0.0
3414,1.14634685242358,1.791083524831616,-1.54e-06,0.1936483754161056,5.296777267562481,-19.740760673680324,1.0052136313683062,0.9984768325061949,0.12067054082980143,-7.710349029672699,-1.1573229341274334,53.89286745665788,0.6295741068180681,51.55618929636325,0.2719344611720337,-0.3583452023685633,0.00015748,0.36106986880509,0.00081957,1,0.0
3415,0.04028946564262124,0.05700100392457225,-1.54e-06,0.1936483754161056,5.296777267562481,-2.2232867608740707,1.0052136313683062,41.48885158734339,0.12067054082980143,-10.030613558961363,-1.1573229341274334,-60.23068192608867,0.6295741068180681,5.895993314277516,0.2719344611720337,-0.1339318097935428,0.00015748,0.13487858328170016,0.00081957,1,0.0
3416,0.9357199691232871,3.2553576704364797,-1.54e-06,0.1936483754161056,5.296777267562481,-22.005722607253976,1.0052136313683062,-51.09407602869132,0.12067054082980143,-44.31013060838442,-1.1573229341274334,26.16697210269357,0.6295741068180681,57.735546644735535,0.2719344611720337,-0.4482432606806799,0.00015748,0.4774288682877459,0.00081957,1,0.0
3417,1.1292278522212156,2.1197505539311745,-1.54e-06,0.1936483754161056,5.296777267562481,-31.080292043845812,1.0052136313683062,66.6692959939072,0.12067054082980143,-98.77872351704455,-1.1573229341274334,-68.56093319399491,0.6295741068180681,81.6678959012654,0.2719344611720337,-0.14739876766265053,0.00015748,0.15472654373661854,0.00081957,1,0.0
3418,-1.051945216486525,3.435872231306398,-1.54e-06,0.1936483754161056,5.296777267562481,14.403668930640665,1.0052136313683062,13.687387658334046,0.12067054082980143,-31.311601532767725,-1.1573229341274334,-31.735716117570732,0.6295741068180681,-37.48645068802748,0.2719344611720337,-0.3655661875074156,0.00015748,0.3658593257025328,0.00081957,1,0.0
3419,-2.1578833112398343,8.110719146319836,-1.54e-06,0.1936483754161056,5.296777267562481,30.402814711681216,1.0052136313683062,-38.78914614613918,0.12067054082980143,-71.81308029151951,-1.1573229341274334,85.91335208585518,0.6295741068180681,-79.2680010476934,0.2719344611720337,-0.5916075572660933,0.00015748,0.5744495027754313,0.00081957,1,0.0
3420,-0.41274289681371645,1.487933378569339,-1.54e-06,0.1936483754161056,5.296777267562481,2.245502813187609,1.0052136313683062,72.52786199922957,0.12067054082980143,-46.48116668818673,-1.1573229341274334,-58.81797211976125,0.6295741068180681,-5.6197158685839295,0.2719344611720337,-0.3307616836899922,0.00015748,0.36189624614218435,0.00081957,1,0.0
3421,0.07590935074630253,0.012385779992049803,-1.54e-06,0.1936483754161056,5.296777267562481,-4.201076974577714,1.0052136313683062,29.184279281671426,0.12067054082980143,-29.75816675936818,-1.1573229341274334,-4.706525637335307,0.6295741068180681,11.084229760962568,0.2719344611720337,-0.06386286788209214,0.00015748,0.06539008912375324,0.00081957,1,0.0
3422,0.7320854153850562,0.30581995744133733,-1.54e-06,0.1936483754161056,5.296777267562481,-13.542297028704699,1.0052136313683062,56.01575297357572,0.12067054082980143,-5.252276233733011,-1.1573229341274334,-65.51035824415726,0.6295741068180681,35.46815503772037,0.2719344611720337,-0.149168074147525,0.00015748,0.16083961413304868,0.00081957,1,0.0
3423,1.4160924383368299,3.8438626137861367,-1.54e-06,0.1936483754161056,5.296777267562481,-28.78052854952659,1.0052136313683062,-11.234448445610214,0.12067054082980143,-37.55625507750572,-1.1573229341274334,24.032600701004256,0.6295741068180681,75.38411998447606,0.2719344611720337,-0.4428202348709442,0.00015748,0.47122087377673944,0.00081957,1,0.0
3424,-1.1334866109802655,3.1312408471701643,-1.54e-06,0.1936483754161056,5.296777267562481,7.251802220770347,1.0052136313683062,-85.61998535994933,0.12067054082980143,-92.75307377232201,-1.1573229341274334,1.13727346041681,0.6295741068180681,-18.503407519648746,0.2719344611720337,-0.4893613771389113,0.00015748,0.4962549900253525,0.00081957,1,0.0
3425,0.100860757137209,0.166487717440288,-1.54e-06,0.1936483754161056,5.296777267562481,-7.862602952666309,1.0052136313683062,11.626239806743337,0.12067054082980143,-54.4719138437361,-1.1573229341274334,-4.143343347678878,0.6295741068180681,20.763744857466598,0.2719344611720337,-0.06377119449003256,0.00015748,0.06388543311772009,0.00081957,1,0.0
3426,-1.8262430331667552,7.431139644603423,-1.54e-06,0.1936483754161056,5.296777267562481,22.36442596768324,1.0052136313683062,33.9814676854904,0.12067054082980143,-90.9185620027728,-1.1573229341274334,7.663549213806425,0.6295741068180681,-58.12436834442053,0.2719344611720337,-0.6447462139507405,0.00015748,0.6396216988907204,0.00081957,1,0.0
3427,-0.3206543993067804,1.3338115405548632,-1.54e-06,0.1936483754161056,5.296777267562481,-1.7395148701725756,1.0052136313683062,-76.7740782424255,0.12067054082980143,-57.8532679266132,-1.1573229341274334,47.79465667983006,0.6295741068180681,4.785673862478327,0.2719344611720337,-0.3484196745734895,0.00015748,0.35370466383726035,0.00081957,1,0.0
3428,0.6134214593546544,1.3920505250357045,-1.54e-06,0.1936483754161056,5.296777267562481,-15.493075751508439,1.0052136313683062,-24.666620014798465,0.12067054082980143,-46.83253208900167,-1.1573229341274334,54.9418493304132,0.6295741068180681,40.612222075561036,0.2719344611720337,-0.29390990086628976,0.00015748,0.28284413555754984,0.00081957,1,0.0
3429,0.10298165496928546,1.5768367010012603,-1.54e-06,0.1936483754161056,5.296777267562481,-11.283560120416455,1.0052136313683062,-64.0256238469688,0.12067054082980143,-52.11215309150476,-1.1573229341274334,-95.77984001878744,0.6295741068180681,29.85969580433516,0.2719344611720337,-0.39673793547933117,0.00015748,0.38974908023673455,0.00081957,1,0.0
3430,0.4352247518349234,0.47935272359598247,-1.54e-06,0.1936483754161056,5.296777267562481,-7.86199061341547,1.0052136313683062,-21.336604774872594,0.12067054082980143,-6.940847469412241,-1.1573229341274334,47.20072547168223,0.6295741068180681,20.542687162437407,0.2719344611720337,-0.19590563454482893,0.00015748,0.20407179877549828,0.00081957,1,0.0
3431,0.801039927697067,2.5206929659589763,-1.54e-06,0.1936483754161056,5.296777267562481,-20.340075792171998,1.0052136313683062,-38.608705965741045,0.12067054082980143,-44.37530518138376,-1.1573229341274334,-17.985641015822885,0.6295741068180681,53.40809055016541,0.2719344611720337,-0.3797332441711838,0.00015748,0.3939575951830675,0.00081957,1,0.0
3432,0.6381266549074254,0.3998407183799403,-1.54e-06,0.1936483754161056,5.296777267562481,-11.597760926776965,1.0052136313683062,22.962721704190603,0.12067054082980143,-17.114398572638265,-1.1573229341274334,47.21120549120884,0.6295741068180681,30.301248248622983,0.2719344611720337,-0.16943219038071028,0.00015748,0.16981487885862534,0.00081957,1,0.0
3433,-0.657663829135001,1.6054420417057866,-1.54e-06,0.1936483754161056,5.296777267562481,1.5257695758460241,1.0052136313683062,8.89918632434501,0.12067054082980143,-89.44777212321644,-1.1573229341274334,6.373106381529527,0.6295741068180681,-3.6501830942748885,0.2719344611720337,-0.2664918115342758,0.00015748,0.2608616153334927,0.00081957,1,0.0
3434,-1.7223719629621925,5.848230742889732,-1.54e-06,0.1936483754161056,5.296777267562481,24.324014422310842,1.0052136313683062,-35.833299743276584,0.12067054082980143,-46.168587420472306,-1.1573229341274334,15.004230584763814,0.6295741068180681,-63.34425367916682,0.2719344611720337,-0.48493212125329954,0.00015748,0.5057815394518586,0.00081957,1,0.0
3435,-0.5917865094351829,1.914433055775345,-1.54e-06,0.1936483754161056,5.296777267562481,1.2677464550101418,1.0052136313683062,-87.78272433094511,0.12067054082980143,-74.5803243949835,-1.1573229341274334,67.69588263468754,0.6295741068180681,-3.000151987190462,0.2719344611720337,-0.3937755802418474,0.00015748,0.41522696559495514,0.00081957,1,0.0
3436,0.6928700803044572,0.48803920158125885,-1.54e-06,0.1936483754161056,5.296777267562481,-12.629162270136192,1.0052136313683062,21.39726700434834,0.12067054082980143,-3.789790884159563,-1.1573229341274334,-27.372235820661015,0.6295741068180681,33.07770639757758,0.2719344611720337,-0.1334284764993353,0.00015748,0.16164638015796495,0.00081957,1,0.0
3437,-0.053193199815151436,0.13738048404430084,-1.54e-06,0.1936483754161056,5.296777267562481,-2.2150207750338993,1.0052136313683062,33.15750991772804,0.12067054082980143,-46.94027143976733,-1.1573229341274334,70.84588842027624,0.6295741068180681,5.865744768648726,0.2719344611720337,-0.10108087809255317,0.00015748,0.10367878509122638,0.00081957,1,0.0
3438,-0.29266241797792747,0.862196206637731,-1.54e-06,0.1936483754161056,5.296777267562481,5.476931311430245,1.0052136313683062,19.49821810275848,0.12067054082980143,-3.948097174269629,-1.1573229341274334,16.34088813840717,0.6295741068180681,-14.280568982249928,0.2719344611720337,-0.13384343399483747,0.00015748,0.17160200735360018,0.00081957,1,0.0
3439,-0.24210683866426672,0.7923299021092449,-1.54e-06,0.1936483754161056,5.296777267562481,-4.446766429654381,1.0052136313683062,-20.63263906051379,0.12067054082980143,-66.18807368041838,-1.1573229341274334,-27.85256631644091,0.6295741068180681,11.936331723337995,0.2719344611720337,-0.21368038807508294,0.00015748,0.21175907099279145,0.00081957,1,0.0
3440,0.8894085076157618,0.9940526910404205,-1.54e-06,0.1936483754161056,5.296777267562481,-23.37247168370934,1.0052136313683062,67.3361127915353,0.12067054082980143,-87.01100310304463,-1.1573229341274334,31.93410576058706,0.6295741068180681,61.34054227745506,0.2719344611720337,-0.1407086123376068,0.00015748,0.14191481346184248,0.00081957,1,0.0
3441,-0.0629092187629725,0.9334813049121156,-1.54e-06,0.1936483754161056,5.296777267562481,-8.665615134918509,1.0052136313683062,-37.98688652316428,0.12067054082980143,-69.72268332044546,-1.1573229341274334,-41.77066886443896,0.6295741068180681,23.014563499611047,0.2719344611720337,-0.28465401462049034,0.00015748,0.2879669018691039,0.00081957,1,0.0
3442,-0.6757527718822349,1.8758903030708742,-1.54e-06,0.1936483754161056,5.296777267562481,6.231422896954422,1.0052136313683062,22.75585109074465,0.12067054082980143,-41.66681547937605,-1.1573229341274334,-60.18137295267199,0.6295741068180681,-16.05701048322229,0.2719344611720337,-0.2834406199889865,0.00015748,0.2847914590283115,0.00081957,1,0.0
3443,-1.2368266494094862,3.3469927270506794,-1.54e-06,0.1936483754161056,5.296777267562481,11.370674662231353,1.0052136313683062,-86.19843581805111,0.12067054082980143,-58.121185037067924,-1.1573229341274334,-76.12619522011535,0.6295741068180681,-29.317960007325283,0.2719344611720337,-0.4923772320164743,0.00015748,0.492684744023157,0.00081957,1,0.0
3444,0.2255751638664875,0.26243816777253226,-1.54e-06,0.1936483754161056,5.296777267562481,-8.096352271306587,1.0052136313683062,-0.46883030984264595,0.12067054082980143,-40.585691310023556,-1.1573229341274334,24.28509396428447,0.6295741068180681,21.304701865134646,0.2719344611720337,-0.08913152592656745,0.00015748,0.09823400812225,0.00081957,1,0.0
3445,1.8912675134802384,2.208197219502327,-1.54e-06,0.1936483754161056,5.296777267562481,-30.55837122756962,1.0052136313683062,97.26436631731963,0.12067054082980143,-17.14654926825634,-1.1573229341274334,65.99671756124785,0.6295741068180681,81.20663264746551,0.2719344611720337,0.5001273391583473,0.00015748,0.526383691532991,0.00081957,0,0.0
3446,0.4035968214985296,1.5760347438303741,-1.54e-06,0.1936483754161056,5.296777267562481,-17.05020600737831,1.0052136313683062,-23.67423160369648,0.12067054082980143,-64.55910137802005,-1.1573229341274334,-95.19341974822431,0.6295741068180681,44.96004041148512,0.2719344611720337,-0.2885232373226513,0.00015748,0.2900519146670706,0.00081957,1,0.0
3447,0.7871122543580754,1.2548118593222781,-1.54e-06,0.1936483754161056,5.296777267562481,-15.12493615147096,1.0052136313683062,-15.435925373664741,0.12067054082980143,-12.827520757372314,-1.1573229341274334,21.544280212939004,0.6295741068180681,39.54588480762546,0.2719344611720337,-0.29512042188377635,0.00015748,0.2823078348377552,0.00081957,1,0.0
3448,0.061361807348085315,1.3821576498255788,-1.54e-06,0.1936483754161056,5.296777267562481,3.13310983461434,1.0052136313683062,62.274322084548615,0.12067054082980143,-13.090868020759661,-1.1573229341274334,59.40455644348047,0.6295741068180681,-3.2972194787392666,0.2719344611720337,0.060145342634508436,0.00015748,3.4869159204394045,0.00081957,0,0.0
3449,0.7340583168158878,1.98491008048618,-1.54e-06,0.1936483754161056,5.296777267562481,-22.89579590335486,1.0052136313683062,2.700491096644172,0.12067054082980143,-89.40907152083066,-1.1573229341274334,7.284771666544558,0.6295741068180681,60.19729212875726,0.2719344611720337,-0.2487842070289618,0.00015748,0.25800575789007024,0.00081957,1,0.0
3450,-0.7299010183057508,2.277632893832687,-1.54e-06,0.1936483754161056,5.296777267562481,2.230337645590688,1.0052136313683062,-93.20159294525733,0.12067054082980143,-83.72178477705961,-1.1573229341274334,55.99493015094817,0.6295741068180681,-5.504091754081701,0.2719344611720337,-0.44039233535634403,0.00015748,0.4302724117449689,0.00081957,1,0.0
3451,-0.00012277272899031966,1.0696129041734987,-1.54e-06,0.1936483754161056,5.296777267562481,-7.143665232187662,1.0052136313683062,-69.30441843750366,0.12067054082980143,-55.061533933813415,-1.1573229341274334,34.476404069376734,0.6295741068180681,18.89972193239245,0.2719344611720337,-0.3550706739078635,0.00015748,0.35396800702764575,0.00081957,1,0.0
3452,1.1299878775956316,3.6672698084806012,-1.54e-06,0.1936483754161056,5.296777267562481,-31.899837641302113,1.0052136313683062,11.165234413839757,0.12067054082980143,-99.26637962795441,-1.1573229341274334,-46.538803193972655,0.6295741068180681,83.85210808757222,0.2719344611720337,-0.3185134599937823,0.00015748,0.34376777304697864,0.00081957,1,0.0
3453,-0.33764543515194406,1.0404559148819992,-1.54e-06,0.1936483754161056,5.296777267562481,-1.6637189328768591,1.0052136313683062,-43.99835800959101,0.12067054082980143,-49.03263102206479,-1.1573229341274334,-43.801416700886506,0.6295741068180681,4.63439531934988,0.2719344611720337,-0.2666565679004119,0.00015748,0.26610280673201403,0.00081957,1,0.0
3454,1.3274089149108417,2.0020365224985492,-1.54e-06,0.1936483754161056,5.296777267562481,-23.432435626675268,1.0052136313683062,23.301241189450934,0.12067054082980143,-4.207813589641881,-1.1573229341274334,-14.464095460887096,0.6295741068180681,61.31812465081511,0.2719344611720337,-0.30857694771291494,0.00015748,0.3534947580846112,0.00081957,1,0.0
3455,0.2083476937836784,0.07985858062007718,-1.54e-06,0.1936483754161056,5.296777267562481,-9.577212800463178,1.0052136313683062,79.63863946965749,0.12067054082980143,-59.9385397639937,-1.1573229341274334,-37.97593286218084,0.6295741068180681,25.259170992268423,0.2719344611720337,-0.1946757312947982,0.00015748,0.19667020811669989,0.00081957,1,0.0
3456,-1.3054762365821928,4.946965855666603,-1.54e-06,0.1936483754161056,5.296777267562481,16.091165297007354,1.0052136313683062,45.20008407244373,0.12067054082980143,-75.494649884053,-1.1573229341274334,45.13885755173072,0.6295741068180681,-41.85036961463506,0.2719344611720337,-0.49886020405753556,0.00015748,0.4921783393538976,0.00081957,1,0.0
3457,0.4865094653930871,2.0107858090058093,-1.54e-06,0.1936483754161056,5.296777267562481,-14.038007023178602,1.0052136313683062,-66.60061360387537,0.12067054082980143,-21.79749700947184,-1.1573229341274334,-71.81346324795128,0.6295741068180681,36.91090947222076,0.2719344611720337,-0.41391692902973887,0.00015748,0.4091935602739921,0.00081957,1,0.0
3458,0.5976970909670561,1.5080721604119776,-1.54e-06,0.1936483754161056,5.296777267562481,-21.114981927652657,1.0052136313683062,10.95580906333954,0.12067054082980143,-97.28113803998222,-1.1573229341274334,13.193669806493357,0.6295741068180681,55.5505535102118,0.2719344611720337,-0.196678985029358,0.00015748,0.1983642227873998,0.00081957,1,0.0
3459,-0.4199439396093434,1.357270359528351,-1.54e-06,0.1936483754161056,5.296777267562481,0.7467829321317923,1.0052136313683062,70.05045991621326,0.12067054082980143,-64.52864348359881,-1.1573229341274334,-34.38658281894683,0.6295741068180681,-1.6839368095055518,0.2719344611720337,-0.31909263450849173,0.00015748,0.33263418168395104,0.00081957,1,0.0
3460,0.6979658512026499,0.16209337641518554,-1.54e-06,0.1936483754161056,5.296777267562481,-3.6046896394858905,1.0052136313683062,100.0,0.12067054082980143,-1e-20,-1.1573229341274334,89.406994499548,0.6295741068180681,16.461269467115255,0.2719344611720337,0.2634406111670309,0.00015748,4.906407146000467,0.00081957,0,0.0
3461,0.5212629524168155,0.1707244708017667,-1.54e-06,0.1936483754161056,5.296777267562481,-10.455998218994282,1.0052136313683062,51.7788810174969,0.12067054082980143,-32.469447988526056,-1.1573229341274334,56.93244054137021,0.6295741068180681,27.37137787258225,0.2719344611720337,-0.13963058824176305,0.00015748,0.15928937244257602,0.00081957,1,0.0
3462,-2.466764967063169,9.914281629268787,-1.54e-06,0.1936483754161056,5.296777267562481,31.859952078552116,1.0052136313683062,-30.654565601612976,0.12067054082980143,-91.02968328825025,-1.1573229341274334,-1.5551623171901878,0.6295741068180681,-82.95278659455492,0.2719344611720337,-0.746737516898738,0.00015748,0.6877216463010183,0.00081957,1,0.0
3463,0.5060325850081888,1.378928789368282,-1.54e-06,0.1936483754161056,5.296777267562481,-14.7628092078868,1.0052136313683062,-31.336570922009162,0.12067054082980143,-40.97711609629015,-1.1573229341274334,-23.963770798304797,0.6295741068180681,38.815544891940924,0.2719344611720337,-0.28193779150628945,0.00015748,0.2924654589626014,0.00081957,1,0.0
3464,0.40714520565769113,0.963388863952533,-1.54e-06,0.1936483754161056,5.296777267562481,-15.563134816750722,1.0052136313683062,-1.8045730576199739,0.12067054082980143,-88.05256315978258,-1.1573229341274334,80.55341432366886,0.6295741068180681,40.93067599140334,0.2719344611720337,-0.182445977360986,0.00015748,0.18544178330918926,0.00081957,1,0.0
3465,0.6209055759301716,2.2496410366774118,-1.54e-06,0.1936483754161056,5.296777267562481,-14.511268477605139,1.0052136313683062,-72.35243269468299,0.12067054082980143,-5.950668346596211,-1.1573229341274334,-64.0381718281028,0.6295741068180681,38.09925496051826,0.2719344611720337,-0.43756996815823496,0.00015748,0.4476416725663674,0.00081957,1,0.0
3466,1.2491967839398963,4.215423540254477,-1.54e-06,0.1936483754161056,5.296777267562481,-23.770936921846904,1.0052136313683062,-62.38554628925505,0.12067054082980143,-11.377701365108146,-1.1573229341274334,30.99205120785447,0.6295741068180681,62.33274028662259,0.2719344611720337,-0.493300684709424,0.00015748,0.6039063946646109,0.00081957,1,0.0
3467,0.2712748138475101,0.27277453900489534,-1.54e-06,0.1936483754161056,5.296777267562481,-15.130205407010573,1.0052136313683062,60.64876740212143,0.12067054082980143,-99.51754102101663,-1.1573229341274334,-13.72407277764895,0.6295741068180681,39.92555905553524,0.2719344611720337,-0.07512813590347314,0.00015748,0.08483691232264615,0.00081957,1,0.0
3468,-0.4655265113867894,1.073920990909923,-1.54e-06,0.1936483754161056,5.296777267562481,5.824406116316839,1.0052136313683062,-21.633828236541472,0.12067054082980143,-6.761995914266294,-1.1573229341274334,-49.479791406429825,0.6295741068180681,-15.098418230481247,0.2719344611720337,-0.15770628044500035,0.00015748,0.1693380412204898,0.00081957,1,0.0
3469,0.4633583286790731,0.16235563105950712,-1.54e-06,0.1936483754161056,5.296777267562481,-15.03805387831382,1.0052136313683062,99.06477555551358,0.12067054082980143,-81.84028254008473,-1.1573229341274334,12.622044393835314,0.6295741068180681,39.53901103850182,0.2719344611720337,-0.21323616118986058,0.00015748,0.21492738372953593,0.00081957,1,0.0
3470,0.63185716670983,0.7805875345109731,-1.54e-06,0.1936483754161056,5.296777267562481,-20.745685118884538,1.0052136313683062,56.4866005599055,0.12067054082980143,-91.25538855084962,-1.1573229341274334,-22.35194570210094,0.6295741068180681,54.60167882041156,0.2719344611720337,-0.021092697824865385,0.00015748,0.04491825390075783,0.00081957,1,0.0
3471,0.16190250518419602,1.2523616504817712,-1.54e-06,0.1936483754161056,5.296777267562481,-12.109452671325371,1.0052136313683062,-42.74841028601551,0.12067054082980143,-84.61511405776633,-1.1573229341274334,64.51885773600546,0.6295741068180681,31.98974748254021,0.2719344611720337,-0.29116511802601813,0.00015748,0.3274066458972235,0.00081957,1,0.0
3472,-1.742208769669931,5.343272004051922,-1.54e-06,0.1936483754161056,5.296777267562481,18.720262564873305,1.0052136313683062,-51.88671663780286,0.12067054082980143,-80.97489451284609,-1.1573229341274334,-58.71747428459122,0.6295741068180681,-48.46401520983279,0.2719344611720337,-0.5692790000990612,0.00015748,0.5825302096719885,0.00081957,1,0.0
3473,-0.5839475391785378,1.3761965396129938,-1.54e-06,0.1936483754161056,5.296777267562481,1.4739418251023262,1.0052136313683062,-22.86731627783521,0.12067054082980143,-85.08397593162825,-1.1573229341274334,73.79343891405998,0.6295741068180681,-3.5963645714970434,0.2719344611720337,-0.22447727467376147,0.00015748,0.21640875359745862,0.00081957,1,0.0
3474,0.7147975531324536,2.01368067666656,-1.54e-06,0.1936483754161056,5.296777267562481,-21.73958035478509,1.0052136313683062,-6.674228287769767,0.12067054082980143,-83.01975358393334,-1.1573229341274334,19.79004750512737,0.6295741068180681,57.18239852589861,0.2719344611720337,-0.255892562289503,0.00015748,0.2944318867672277,0.00081957,1,0.0
3475,1.1603017728567822,0.9685894231744928,-1.54e-06,0.1936483754161056,5.296777267562481,-23.11791902660427,1.0052136313683062,88.2721752666105,0.12067054082980143,-57.553430804634466,-1.1573229341274334,84.77526393548207,0.6295741068180681,60.471290077152275,0.2719344611720337,-0.2956236941503412,0.00015748,0.29530513721774176,0.00081957,1,0.0
3476,1.4403079850195346,1.5096021382927205,-1.54e-06,0.1936483754161056,5.296777267562481,-25.857287304260637,1.0052136313683062,80.56132527902875,0.12067054082980143,-22.213148136357862,-1.1573229341274334,2.1090380059911915,0.6295741068180681,67.6446404607899,0.2719344611720337,-0.3103348411395307,0.00015748,0.34279212962543026,0.00081957,1,0.0
3477,0.48959085792320245,0.4875834576601295,-1.54e-06,0.1936483754161056,5.296777267562481,-14.07798969941736,1.0052136313683062,25.551561066856987,0.12067054082980143,-69.46158514204453,-1.1573229341274334,88.86117350916825,0.6295741068180681,36.93938717302959,0.2719344611720337,-0.10631741813064552,0.00015748,0.10694546393218834,0.00081957,1,0.0
3478,1.2935616421795209,6.064071882355206,-1.54e-06,0.1936483754161056,5.296777267562481,-30.884867875791763,1.0052136313683062,-64.161227560536,0.12067054082980143,-67.74671440918091,-1.1573229341274334,44.29340836432395,0.6295741068180681,80.98120522227619,0.2719344611720337,-0.6261312916957175,0.00015748,0.6262692278764249,0.00081957,1,0.0
3479,-0.35422657019330356,0.9847126852166592,-1.54e-06,0.1936483754161056,5.296777267562481,-2.2476207917118405,1.0052136313683062,66.09917407608215,0.12067054082980143,-92.8482807506697,-1.1573229341274334,36.26508343543168,0.6295741068180681,6.150768720315342,0.2719344611720337,-0.27124851655169846,0.00015748,0.27160312671741405,0.00081957,1,0.0
3480,-0.48695470690176346,1.4291017413633909,-1.54e-06,0.1936483754161056,5.296777267562481,3.403949607500882,1.0052136313683062,45.42800255412785,0.12067054082980143,-53.448603418456884,-1.1573229341274334,2.1363910637191332,0.6295741068180681,-8.73695322975833,0.2719344611720337,-0.2674868738404871,0.00015748,0.25450174917544144,0.00081957,1,0.0
3481,0.1869770376585018,0.03290735151817479,-1.54e-06,0.1936483754161056,5.296777267562481,-6.383320468794894,1.0052136313683062,41.91640339746173,0.12067054082980143,-47.6796056555225,-1.1573229341274334,67.07764321562843,0.6295741068180681,16.758805411539694,0.2719344611720337,-0.09553432276582478,0.00015748,0.09722357542444517,0.00081957,1,0.0
3482,-0.8536489436948629,2.1807573234614606,-1.54e-06,0.1936483754161056,5.296777267562481,10.122836339382735,1.0052136313683062,-25.874338769762087,0.12067054082980143,-28.755693860081973,-1.1573229341274334,-42.44415298929214,0.6295741068180681,-26.262479865823092,0.2719344611720337,-0.2734312452242251,0.00015748,0.2754017676396097,0.00081957,1,0.0
3483,-0.7807164221736284,1.8477965175605973,-1.54e-06,0.1936483754161056,5.296777267562481,10.476246194996639,1.0052136313683062,-76.95855329877286,0.12067054082980143,-19.620341168001872,-1.1573229341274334,37.87179229857084,0.6295741068180681,-27.293648507025505,0.2719344611720337,-0.2812744293673389,0.00015748,0.2769077004993114,0.00081957,1,0.0
3484,-0.29564581795375267,1.1502741002188979,-1.54e-06,0.1936483754161056,5.296777267562481,-0.6231233534629761,1.0052136313683062,-72.31740037112472,0.12067054082980143,-24.98285340108711,-1.1573229341274334,-60.412794637666806,0.6295741068180681,1.8500623904592126,0.2719344611720337,-0.3329579540623916,0.00015748,0.32444075672993844,0.00081957,1,0.0
3485,-0.4516317220674466,1.1739434897724284,-1.54e-06,0.1936483754161056,5.296777267562481,-2.6030222053887497,1.0052136313683062,1.5539654977813049,0.12067054082980143,-77.71719278021179,-1.1573229341274334,-74.77994693585404,0.6295741068180681,7.239297641007909,0.2719344611720337,-0.2528277126943634,0.00015748,0.2743700476724414,0.00081957,1,0.0
3486,1.4348705403735793,5.439152883461384,-1.54e-06,0.1936483754161056,5.296777267562481,-28.723756088758783,1.0052136313683062,-59.77414269089751,0.12067054082980143,-32.43330485216631,-1.1573229341274334,65.9440281199468,0.6295741068180681,75.16641549485747,0.2719344611720337,-0.6234740063227528,0.00015748,0.6279575908982304,0.00081957,1,0.0
3487,0.3510111039710019,0.8144266816839034,-1.54e-06,0.1936483754161056,5.296777267562481,-17.068169646029343,1.0052136313683062,21.562395485239044,0.12067054082980143,-100.0,-1.1573229341274334,4.862269909700138,0.6295741068180681,44.97327450755858,0.2719344611720337,-0.11955377125887792,0.00015748,0.11080533761495762,0.00081957,1,0.0
3488,0.36646418442809414,0.12981608676139628,-1.54e-06,0.1936483754161056,5.296777267562481,-5.725993945014369,1.0052136313683062,59.499100909127506,0.12067054082980143,-22.973408664267684,-1.1573229341274334,93.13806718434142,0.6295741068180681,14.894022698767598,0.2719344611720337,-0.21288231328485785,0.00015748,0.21404964603601523,0.00081957,1,0.0
3489,0.5103847713623764,0.5560144155863531,-1.54e-06,0.1936483754161056,5.296777267562481,-8.44011529601661,1.0052136313683062,-21.803747337324193,0.12067054082980143,-0.17990087164229487,-1.1573229341274334,45.570859851329324,0.6295741068180681,22.032535578835002,0.2719344611720337,-0.2146992144854174,0.00015748,0.22556265402035414,0.00081957,1,0.0
3490,1.0447259171786714,0.8511420603392024,-1.54e-06,0.1936483754161056,5.296777267562481,-16.70244868169455,1.0052136313683062,42.191689407216224,0.12067054082980143,-8.838533955477867,-1.1573229341274334,76.02957426906171,0.6295741068180681,43.56008288077985,0.2719344611720337,-0.29437206951070244,0.00015748,0.29696862256522544,0.00081957,1,0.0
3491,0.42840888503274377,0.9201281087099543,-1.54e-06,0.1936483754161056,5.296777267562481,-13.045303963320043,1.0052136313683062,-17.35469717002558,0.12067054082980143,-62.1626707307107,-1.1573229341274334,91.88685476866911,0.6295741068180681,34.265146697737805,0.2719344611720337,-0.21155025233355101,0.00015748,0.22957916850190385,0.00081957,1,0.0
3492,0.3598452482874084,1.3177543405253935,-1.54e-06,0.1936483754161056,5.296777267562481,-10.777467664101204,1.0052136313683062,-58.186364108498026,0.12067054082980143,-24.33576322908968,-1.1573229341274334,-18.03632013735687,0.6295741068180681,28.324932168681425,0.2719344611720337,-0.34547179592796384,0.00015748,0.3404397596838593,0.00081957,1,0.0
3493,-0.07673909305045752,0.24949698466672537,-1.54e-06,0.1936483754161056,5.296777267562481,-5.981874218760442,1.0052136313683062,60.55441607814361,0.12067054082980143,-62.69340689877907,-1.1573229341274334,-67.84192006685244,0.6295741068180681,15.920144690595171,0.2719344611720337,-0.19874873108795488,0.00015748,0.19588349966435414,0.00081957,1,0.0
3494,-2.498559357091042,25.489875230222264,-1.54e-06,0.1936483754161056,5.296777267562481,41.94709356137476,1.0052136313683062,-92.42687324432964,0.12067054082980143,-60.909673719612435,-1.1573229341274334,-31.274934801468365,0.6295741068180681,-96.21516504194145,0.2719344611720337,-0.7100442335314217,0.00015748,10.04046119632415,0.00081957,1,0.0
3495,-0.5093439267799604,1.1557771556247702,-1.54e-06,0.1936483754161056,5.296777267562481,4.358331308123601,1.0052136313683062,-26.114133035058657,0.12067054082980143,-33.47087166858419,-1.1573229341274334,-4.94844350996277,0.6295741068180681,-11.230607339282896,0.2719344611720337,-0.1842332305492728,0.00015748,0.18282985362187318,0.00081957,1,0.0
3496,0.11067647110747687,0.06061677898181719,-1.54e-06,0.1936483754161056,5.296777267562481,-6.192163596443664,1.0052136313683062,62.15318609123323,0.12067054082980143,-44.0479247183039,-1.1573229341274334,-26.939654084655608,0.6295741068180681,16.35222165569281,0.2719344611720337,-0.16549797889975518,0.00015748,0.17024287989483047,0.00081957,1,0.0
3497,1.0505673062619874,4.064706548426969,-1.54e-06,0.1936483754161056,5.296777267562481,-30.032015293325415,1.0052136313683062,-16.69497673875467,0.12067054082980143,-99.59797273053442,-1.1573229341274334,6.3009808073909435,0.6295741068180681,78.93870554707249,0.2719344611720337,-0.39582148644858167,0.00015748,0.4295389272327374,0.00081957,1,0.0
3498,0.14840506573651346,0.14256578622448407,-1.54e-06,0.1936483754161056,5.296777267562481,-6.360466624500401,1.0052136313683062,2.552817382533816,0.12067054082980143,-40.98724475949031,-1.1573229341274334,41.58827539501504,0.6295741068180681,16.738259720159274,0.2719344611720337,-0.06030293070996445,0.00015748,0.06423835137211917,0.00081957,1,0.0
3499,-0.23299573101570936,1.9953475123228817,-1.54e-06,0.1936483754161056,5.296777267562481,-6.090342619942731,1.0052136313683062,-94.64968394162622,0.12067054082980143,-72.02736244469125,-1.1573229341274334,11.823366787937701,0.6295741068180681,16.24293206878477,0.2719344611720337,-0.47251062875209665,0.00015748,0.4565300442835935,0.00081957,1,0.0
3500,0.00023620206821739487,0.12158827872233241,-1.54e-06,2.486815554790245,3.014456156746668,100.0,1.0052136313683062,10.852452417501212,0.12067054082980143,-45.1568443482962,-1.1573229341274334,13.748419791212797,0.6295741068180681,-24.157960762102547,0.2719344611720337,0.35020034684944074,0.00015748,0.5009778733878208,0.00081957,0,0.0
3501,0.9997513290928923,0.17633565951459662,-1.54e-06,2.486815554790245,3.014456156746668,-48.98679377755325,1.0052136313683062,7.459139101671509,0.12067054082980143,-35.15144111215769,-1.1573229341274334,-39.783969745816364,0.6295741068180681,69.83149418788166,0.2719344611720337,-0.14091237526297518,0.00015748,0.1409516089551044,0.00081957,1,0.0
3502,1.2429993365206988,0.6612950653780736,-1.54e-06,2.486815554790245,3.014456156746668,32.823282430012824,1.0052136313683062,14.325737017189088,0.12067054082980143,-95.90399504944473,-1.1573229341274334,-14.840037741054523,0.6295741068180681,78.15800837501526,0.2719344611720337,0.23301141947848242,0.00015748,0.6634960764842703,0.00081957,0,0.0
3503,0.03588694005070148,0.13402230664771722,-1.54e-06,2.486815554790245,3.014456156746668,25.297158952350348,1.0052136313683062,10.575702987305755,0.12067054082980143,-85.54901097037458,-1.1573229341274334,46.647408801210425,0.6295741068180681,31.412805336297495,0.2719344611720337,0.08974136328272227,0.00015748,0.2766508480586782,0.00081957,0,0.0
3504,0.7004218819886974,0.913567585762376,-1.54e-06,2.486815554790245,3.014456156746668,-47.736856633947404,1.0052136313683062,10.715934322696514,0.12067054082980143,-0.05419118616143086,-1.1573229341274334,-46.16184795848392,0.6295741068180681,24.615343259751455,0.2719344611720337,-0.5271162295008722,0.00015748,0.49939801172301457,0.00081957,1,0.0
3505,0.13077644903096508,0.09057405022731133,-1.54e-06,2.486815554790245,3.014456156746668,-24.58912636619558,1.0052136313683062,8.849596264322015,0.12067054082980143,-68.64478434573955,-1.1573229341274334,34.360348696790304,0.6295741068180681,44.24115977237747,0.2719344611720337,-0.19473875141109823,0.00015748,0.19671522903722796,0.00081957,1,0.0
3506,0.5862081102288043,0.1646201679882569,-1.54e-06,2.486815554790245,3.014456156746668,-99.45230019194187,1.0052136313683062,-6.4008769178466745,0.12067054082980143,-6.658382016199468,-1.1573229341274334,27.820852041239775,0.6295741068180681,63.03100263651985,0.2719344611720337,-0.17945059758682325,0.00015748,0.1791951532502114,0.00081957,1,0.0
3507,0.002690513523854521,0.08039980415836824,-1.54e-06,2.486815554790245,3.014456156746668,36.574471100410754,1.0052136313683062,6.565134153106949,0.12067054082980143,-29.62462827090444,-1.1573229341274334,-5.611136596158804,0.6295741068180681,0.4778498909145302,0.2719344611720337,-0.06487814909169862,0.00015748,0.1777058127154317,0.00081957,1,0.0
3508,0.019904872486064595,0.20102408466107075,-1.54e-06,2.486815554790245,3.014456156746668,82.04320840756522,1.0052136313683062,5.289295505936412,0.12067054082980143,-21.8049095311366,-1.1573229341274334,4.37911124488503,0.6295741068180681,-22.931515683258848,0.2719344611720337,0.19040213254638483,0.00015748,0.48995136540633744,0.00081957,0,0.0
3509,0.20006578990913704,0.013701560986631136,-1.54e-06,2.486815554790245,3.014456156746668,-61.5648296799081,1.0052136313683062,4.34650011526179,0.12067054082980143,-82.30925527947394,-1.1573229341274334,67.00502841644177,0.6295741068180681,72.2161597826472,0.2719344611720337,-0.06935090633813809,0.00015748,0.06955072027608053,0.00081957,1,0.0
3510,-0.0003075873405516613,0.07754992985100104,-1.54e-06,2.486815554790245,3.014456156746668,-26.981034819642353,1.0052136313683062,-0.5726156248129008,0.12067054082980143,-18.829147121349035,-1.1573229341274334,38.0395364583707,0.6295741068180681,16.7806559785067,0.2719344611720337,-0.04928503180227483,0.00015748,0.16692731298004967,0.00081957,1,0.0
3511,0.10246005831407456,0.02629470096837243,-1.54e-06,2.486815554790245,3.014456156746668,-39.16616923909523,1.0052136313683062,5.603336910412789,0.12067054082980143,-76.79271292712589,-1.1573229341274334,55.76239333773163,0.6295741068180681,57.145072074832335,0.2719344611720337,-0.10466436362682632,0.00015748,0.10562914585839625,0.00081957,1,0.0
3512,1.17756066543396,0.7777909016365219,-1.54e-06,2.486815554790245,3.014456156746668,83.7450263584515,1.0052136313683062,14.609407028189445,0.12067054082980143,-100.0,-1.1573229341274334,-4.564992550660846,0.6295741068180681,57.915089714940585,0.2719344611720337,0.32748739964269524,0.00015748,1.026237193844376,0.00081957,0,0.0
3513,0.47458744996993496,0.774333755559864,-1.54e-06,2.486815554790245,3.014456156746668,-55.5402397704981,1.0052136313683062,11.908349851927442,0.12067054082980143,-36.852353413729965,-1.1573229341274334,-0.9866359272550193,0.6295741068180681,38.96468291747914,0.2719344611720337,-0.5108465383811315,0.00015748,0.4931727100805964,0.00081957,1,0.0
3514,0.0042882449236356646,0.0925690723316035,-1.54e-06,2.486815554790245,3.014456156746668,10.425682735555851,1.0052136313683062,5.416708800908129,0.12067054082980143,-51.303865504153,-1.1573229341274334,34.85026090978011,0.6295741068180681,20.161474508162318,0.2719344611720337,0.08740120091413103,0.00015748,0.14777680939525675,0.00081957,0,0.0
3515,1.0489761760262732,0.3332816251615775,-1.54e-06,2.486815554790245,3.014456156746668,9.54915098412694,1.0052136313683062,13.844176688956248,0.12067054082980143,-47.9510786667705,-1.1573229341274334,-80.96779808875664,0.6295741068180681,59.289327284100864,0.2719344611720337,-0.33400014400411593,0.00015748,0.3380097426637586,0.00081957,1,0.0
3516,0.048948616200817974,0.014218392976855055,-1.54e-06,2.486815554790245,3.014456156746668,-53.02133778929911,1.0052136313683062,-1.6661955925974625,0.12067054082980143,-29.05335169036409,-1.1573229341274334,49.54137821897967,0.6295741068180681,35.80788441772417,0.2719344611720337,-0.07794860935062405,0.00015748,0.07886429330185506,0.00081957,1,0.0
3517,-0.1284934016583561,1.627920791769438,-1.54e-06,2.486815554790245,3.014456156746668,45.676299501715754,1.0052136313683062,13.89972021416288,0.12067054082980143,-37.07382824827668,-1.1573229341274334,64.60939472461895,0.6295741068180681,-37.06896740699651,0.2719344611720337,-0.15826833274037022,0.00015748,1.2464865291748808,0.00081957,1,0.0
3518,0.24811500136257325,0.24601055838192037,-1.54e-06,2.486815554790245,3.014456156746668,99.71565550187532,1.0052136313683062,13.087060587592834,0.12067054082980143,-9.037431325523345,-1.1573229341274334,-88.37556680325962,0.6295741068180681,-24.970053858502002,0.2719344611720337,-0.2609499391399023,0.00015748,0.35699695831563527,0.00081957,1,0.0
3519,0.3061223968824104,0.5239510604733935,-1.54e-06,2.486815554790245,3.014456156746668,-51.84650556756371,1.0052136313683062,-6.968882710816846,0.12067054082980143,-36.42681644603311,-1.1573229341274334,58.45152503764306,0.6295741068180681,57.76687838281891,0.2719344611720337,-0.22910711415663576,0.00015748,0.4615861213727033,0.00081957,1,0.0
3520,0.06942436564565169,0.10076303321793896,-1.54e-06,2.486815554790245,3.014456156746668,37.129840280932484,1.0052136313683062,7.125215366440896,0.12067054082980143,-36.044197779090645,-1.1573229341274334,-11.873969328159609,0.6295741068180681,8.388026662987427,0.2719344611720337,-0.15614287027597185,0.00015748,0.21780621773073183,0.00081957,1,0.0
3521,-0.28123626672366997,1.472713262194274,-1.54e-06,2.486815554790245,3.014456156746668,-11.344831856050957,1.0052136313683062,-1.6171490121760692,0.12067054082980143,-0.28684868362840327,-1.1573229341274334,89.58123856534671,0.6295741068180681,-25.931704025113774,0.2719344611720337,-0.20859917197879796,0.00015748,0.9848301693504972,0.00081957,1,0.0
3522,0.16231998063200423,0.06295847692252482,-1.54e-06,2.486815554790245,3.014456156746668,-74.9975536883983,1.0052136313683062,-0.503170480142648,0.12067054082980143,-76.80257908241036,-1.1573229341274334,82.78885737121543,0.6295741068180681,77.37983901385608,0.2719344611720337,-0.09509688750028833,0.00015748,0.10090394270746111,0.00081957,1,0.0
3523,-0.022519555666863145,0.6848945015762341,-1.54e-06,2.486815554790245,3.014456156746668,-84.75952923955268,1.0052136313683062,8.510753829886724,0.12067054082980143,-81.3411328726989,-1.1573229341274334,99.80453494934896,0.6295741068180681,54.981985000746896,0.2719344611720337,-0.42292797592115733,0.00015748,0.5325155170934732,0.00081957,1,0.0
3524,0.8257707928727871,0.12891205276247786,-1.54e-06,2.486815554790245,3.014456156746668,-20.817398112830027,1.0052136313683062,6.065871469701419,0.12067054082980143,-16.323290832935516,-1.1573229341274334,-52.678794951331014,0.6295741068180681,45.14558660843689,0.2719344611720337,-0.12664369569452744,0.00015748,0.12772053188724425,0.00081957,1,0.0
3525,0.07018068529701399,0.016932936625147187,-1.54e-06,2.486815554790245,3.014456156746668,-47.85666655988477,1.0052136313683062,3.889987831771921,0.12067054082980143,-76.24024125891818,-1.1573229341274334,65.95879622554678,0.6295741068180681,59.81198111653693,0.2719344611720337,-0.06744068934396633,0.00015748,0.06789454202833958,0.00081957,1,0.0
3526,0.0030544249692339154,0.13447702803392073,-1.54e-06,2.486815554790245,3.014456156746668,55.932102024609776,1.0052136313683062,9.744464218523646,0.12067054082980143,-52.34881665621328,-1.1573229341274334,10.76145518039819,0.6295741068180681,1.9422495317217192,0.2719344611720337,0.09001680142016942,0.00015748,0.27584373094433956,0.00081957,0,0.0
3527,0.45902336353638584,0.2742272218530449,-1.54e-06,2.486815554790245,3.014456156746668,76.99900942955041,1.0052136313683062,13.975318765310341,0.12067054082980143,-28.42215928081956,-1.1573229341274334,-79.79409351420999,0.6295741068180681,1.5889008084978429,0.2719344611720337,-0.2705344888608037,0.00015748,0.376412857714082,0.00081957,1,0.0
3528,0.7366340918559318,0.34688584063277395,-1.54e-06,2.486815554790245,3.014456156746668,43.24848283459794,1.0052136313683062,15.704150296709512,0.12067054082980143,-54.445987653292086,-1.1573229341274334,-75.03783989863769,0.6295741068180681,39.121436591614895,0.2719344611720337,-0.3933881775590026,0.00015748,0.3997555491943529,0.00081957,1,0.0
3529,0.8994777778375623,0.37022485947450806,-1.54e-06,2.486815554790245,3.014456156746668,24.942241634719853,1.0052136313683062,17.151890369482274,0.12067054082980143,-52.983929940184616,-1.1573229341274334,-80.3339192578856,0.6295741068180681,46.85679485118206,0.2719344611720337,-0.37870745146773926,0.00015748,0.3832522065813519,0.00081957,1,0.0
3530,0.1134600030602434,0.1474670144864931,-1.54e-06,2.486815554790245,3.014456156746668,-7.352823220827749,1.0052136313683062,7.715568199354804,0.12067054082980143,-100.0,-1.1573229341274334,82.27017806969167,0.6295741068180681,54.12007235025256,0.2719344611720337,0.19847566057332247,0.00015748,0.279416520998909,0.00081957,0,0.0
3531,0.4409595897141921,0.14022777951417492,-1.54e-06,2.486815554790245,3.014456156746668,24.331996424446498,1.0052136313683062,10.318049399464714,0.12067054082980143,-41.31469579466929,-1.1573229341274334,-40.08306427880217,0.6295741068180681,28.380875269084843,0.2719344611720337,-0.256439821750126,0.00015748,0.2572702074738202,0.00081957,1,0.0
3532,0.4671027013203053,0.4589390533968826,-1.54e-06,2.486815554790245,3.014456156746668,18.656782830555716,1.0052136313683062,3.911628278419838,0.12067054082980143,-65.86748548146797,-1.1573229341274334,39.209017410231034,0.6295741068180681,43.983832348995165,0.2719344611720337,0.08582315851964456,0.00015748,0.6197520988320728,0.00081957,0,0.0
3533,0.1367159326564501,0.0044259700029796786,-1.54e-06,2.486815554790245,3.014456156746668,-59.40416895884448,1.0052136313683062,0.8829801851621647,0.12067054082980143,-53.38336252932987,-1.1573229341274334,57.8048599164025,0.6295741068180681,54.17338848532577,0.2719344611720337,-0.025403030049737214,0.00015748,0.025534201914036055,0.00081957,1,0.0
3534,0.5400716380149804,0.03334857864067613,-1.54e-06,2.486815554790245,3.014456156746668,-85.22059170126816,1.0052136313683062,3.6937154883542775,0.12067054082980143,-72.97181147171729,-1.1573229341274334,49.20977687421932,0.6295741068180681,87.67063392700824,0.2719344611720337,-0.05223323368009625,0.00015748,0.05256490988497042,0.00081957,1,0.0
3535,0.08282531507945934,0.00794821657046696,-1.54e-06,2.486815554790245,3.014456156746668,-25.77841709956875,1.0052136313683062,-1.4779735346543799,0.12067054082980143,-3.939080585772391,-1.1573229341274334,13.896054198325512,0.6295741068180681,14.204988607590243,0.2719344611720337,-0.05320366657058679,0.00015748,0.053393721158041786,0.00081957,1,0.0
3536,0.5475683212304473,0.2206441459915228,-1.54e-06,2.486815554790245,3.014456156746668,-22.317504836181065,1.0052136313683062,1.6741595470322157,0.12067054082980143,-40.35451715880812,-1.1573229341274334,-3.749217177105489,0.6295741068180681,55.77567837235988,0.2719344611720337,-0.20730099675997388,0.00015748,0.25455675543780226,0.00081957,1,0.0
3537,0.0011435571787362653,0.11519300393663721,-1.54e-06,2.486815554790245,3.014456156746668,6.435115725397873,1.0052136313683062,8.021168565149456,0.12067054082980143,-81.8240291682663,-1.1573229341274334,59.69266242890064,0.6295741068180681,35.89353404244412,0.2719344611720337,0.119972241164787,0.00015748,0.20750616566225133,0.00081957,0,0.0
3538,0.0008125292675719153,0.4139973059228581,-1.54e-06,2.486815554790245,3.014456156746668,5.204922493953757,1.0052136313683062,4.384527439550902,0.12067054082980143,-31.832238541734206,-1.1573229341274334,58.91157095753263,0.6295741068180681,-0.6222051594699242,0.2719344611720337,-0.005748938173887275,0.00015748,0.6655557930584153,0.00081957,1,0.0
3539,0.02300472817765087,0.28489994128145485,-1.54e-06,2.486815554790245,3.014456156746668,93.72072291830743,1.0052136313683062,16.31099520166776,0.12067054082980143,-45.06864665462405,-1.1573229341274334,-34.116619642354436,0.6295741068180681,-19.28541154243031,0.2719344611720337,-0.11860037553767405,0.00015748,0.4134068798120389,0.00081957,1,0.0
3540,-0.0021035736539534167,0.23170982947359203,-1.54e-06,2.486815554790245,3.014456156746668,21.58171548013831,1.0052136313683062,12.885873758150757,0.12067054082980143,-71.9943371358324,-1.1573229341274334,30.024201304920393,0.6295741068180681,19.303927072390213,0.2719344611720337,-0.10782001382616332,0.00015748,0.34421367072389986,0.00081957,1,0.0
3541,-0.0010454650254871911,0.353989088076005,-1.54e-06,2.486815554790245,3.014456156746668,78.06915098078625,1.0052136313683062,4.891596852627265,0.12067054082980143,-31.68636231861609,-1.1573229341274334,58.55067814299609,0.6295741068180681,-28.45016008695415,0.2719344611720337,0.22190340570909245,0.00015748,1.0419226504091126,0.00081957,0,0.0
3542,0.8417374339036221,0.13023800419751222,-1.54e-06,2.486815554790245,3.014456156746668,-23.20171132805226,1.0052136313683062,5.447491656169282,0.12067054082980143,-13.073752161509434,-1.1573229341274334,-53.65466690661293,0.6295741068180681,45.152972396231604,0.2719344611720337,-0.1140374449637616,0.00015748,0.1144048616476722,0.00081957,1,0.0
3543,0.6155605372822581,0.2755965851893842,-1.54e-06,2.486815554790245,3.014456156746668,86.08350393535592,1.0052136313683062,19.243192921393945,0.12067054082980143,-85.3031288822282,-1.1573229341274334,-23.33783259799495,0.6295741068180681,24.919817805503342,0.2719344611720337,0.2037007612087509,0.00015748,0.53229359446059,0.00081957,0,0.0
3544,0.25462108011986184,0.16898338786280775,-1.54e-06,2.486815554790245,3.014456156746668,75.07824504303737,1.0052136313683062,15.547763163289424,0.12067054082980143,-80.12396169405329,-1.1573229341274334,10.165118737823171,0.6295741068180681,13.507440980021745,0.2719344611720337,0.24423307955499368,0.00015748,0.428499788041023,0.00081957,0,0.0
3545,0.6101836628880728,0.04572145462640143,-1.54e-06,2.486815554790245,3.014456156746668,-91.06092652659314,1.0052136313683062,3.005337401707795,0.12067054082980143,-68.66422535740222,-1.1573229341274334,45.429506407908555,0.6295741068180681,90.32949290375097,0.2719344611720337,-0.039800085753058975,0.00015748,0.039425858246093834,0.00081957,1,0.0
3546,0.8270352752728658,0.0939993518960174,-1.54e-06,2.486815554790245,3.014456156746668,-88.57987795966191,1.0052136313683062,4.156207629029704,0.12067054082980143,-60.42938036911164,-1.1573229341274334,19.446011903218345,0.6295741068180681,92.56852133250572,0.2719344611720337,-0.0599159718555021,0.00015748,0.05938239995190628,0.00081957,1,0.0
3547,0.0039872079850512,0.15737289437592691,-1.54e-06,2.486815554790245,3.014456156746668,41.36757630797835,1.0052136313683062,4.74363819424421,0.12067054082980143,-30.893205113743264,-1.1573229341274334,23.504117620812757,0.6295741068180681,-4.74666445435843,0.2719344611720337,0.16383024981402278,0.00015748,0.3335283060430079,0.00081957,0,0.0
3548,0.3214024621351452,0.5008683217977347,-1.54e-06,2.486815554790245,3.014456156746668,2.1865519516031195,1.0052136313683062,-1.7452938837981136,0.12067054082980143,-36.18802367145729,-1.1573229341274334,39.875993474315386,0.6295741068180681,31.993669935213067,0.2719344611720337,-0.03339094773620166,0.00015748,0.5893933759109166,0.00081957,1,0.0
3549,0.061515621430650036,0.080462213366341,-1.54e-06,2.486815554790245,3.014456156746668,-6.219440631178226,1.0052136313683062,1.5524997798194946,0.12067054082980143,-40.53325218484021,-1.1573229341274334,24.477072799801157,0.6295741068180681,29.735637732904724,0.2719344611720337,-0.13112791033421853,0.00015748,0.16129306107203215,0.00081957,1,0.0
3550,0.6041813771790692,0.28315903559273903,-1.54e-06,2.486815554790245,3.014456156746668,60.113343476474064,1.0052136313683062,17.156481372220178,0.12067054082980143,-85.2694166813015,-1.1573229341274334,-18.002045095414324,0.6295741068180681,37.19690292959085,0.2719344611720337,0.07011074069622591,0.00015748,0.46780708048214137,0.00081957,0,0.0
3551,0.7032891590791222,0.19865589447236462,-1.54e-06,2.486815554790245,3.014456156746668,-2.3896136893592086,1.0052136313683062,12.56725609538408,0.12067054082980143,-67.45814600708495,-1.1573229341274334,-31.74439531189834,0.6295741068180681,60.81987421870938,0.2719344611720337,-0.29091405673330906,0.00015748,0.2920127640953256,0.00081957,1,0.0
3552,1.5624746423492533,1.008341582116437,-1.54e-06,2.486815554790245,3.014456156746668,76.75343663213398,1.0052136313683062,16.63103881228121,0.12067054082980143,-87.85442348748062,-1.1573229341274334,-50.14760450693816,0.6295741068180681,68.18172048764772,0.2719344611720337,0.31009300860671557,0.00015748,0.9352048253136482,0.00081957,0,0.0
3553,0.6954425271954123,0.18976924554116387,-1.54e-06,2.486815554790245,3.014456156746668,40.521749358654446,1.0052136313683062,9.726599915478916,0.12067054082980143,-6.245444639003656,-1.1573229341274334,-91.55766689885425,0.6295741068180681,13.792258912733907,0.2719344611720337,-0.2570811882239897,0.00015748,0.2606243140154297,0.00081957,1,0.0
3554,0.0021712980259323,0.14592026606554043,-1.54e-06,2.486815554790245,3.014456156746668,60.66067272139685,1.0052136313683062,9.194370901554738,0.12067054082980143,-32.24121127388228,-1.1573229341274334,-0.6694809438875052,0.6295741068180681,-13.383283570822401,0.2719344611720337,0.13587732313124384,0.00015748,0.2749973395888287,0.00081957,0,0.0
3555,-0.00015126504820439646,0.034189923108814496,-1.54e-06,2.486815554790245,3.014456156746668,40.07187449160669,1.0052136313683062,3.920860581015748,0.12067054082980143,-1.9913665321480463,-1.1573229341274334,-29.230738876925727,0.6295741068180681,-12.879438437271874,0.2719344611720337,-0.12688211915626102,0.00015748,0.12763731223315333,0.00081957,1,0.0
3556,0.490309981536346,0.21241145696658545,-1.54e-06,2.486815554790245,3.014456156746668,25.05171816624223,1.0052136313683062,13.025653180103673,0.12067054082980143,-66.3054542998777,-1.1573229341274334,-27.303066051253097,0.6295741068180681,42.07791290983659,0.2719344611720337,-0.25187095097600487,0.00015748,0.32741396723008354,0.00081957,1,0.0
3557,0.8429050165256091,0.16698452706817976,-1.54e-06,2.486815554790245,3.014456156746668,2.7626636903974005,1.0052136313683062,8.108614769674915,0.12067054082980143,-13.995210823491863,-1.1573229341274334,-73.07201148679114,0.6295741068180681,36.37569035090903,0.2719344611720337,-0.1920116811977994,0.00015748,0.19355488219055925,0.00081957,1,0.0
3558,0.0038274246329937367,0.10275988886537202,-1.54e-06,2.486815554790245,3.014456156746668,-33.747009176784296,1.0052136313683062,3.554827184611689,0.12067054082980143,-60.38356323175955,-1.1573229341274334,68.28139946048974,0.6295741068180681,38.662772759534064,0.2719344611720337,0.001686030694793908,0.00015748,0.2038309470485486,0.00081957,0,0.0
3559,-0.000583042882948373,0.2152991781695232,-1.54e-06,2.486815554790245,3.014456156746668,-5.96736859078951,1.0052136313683062,0.27146034717168244,0.12067054082980143,-40.01463857739852,-1.1573229341274334,61.8263428941521,0.6295741068180681,19.267461180364112,0.2719344611720337,0.04453849216473296,0.00015748,0.4024905664316317,0.00081957,0,0.0
3560,0.0030751384111540325,0.45619166946126843,-1.54e-06,2.486815554790245,3.014456156746668,96.00494890084335,1.0052136313683062,16.8418483357127,0.12067054082980143,-72.87688182792627,-1.1573229341274334,75.03293673712629,0.6295741068180681,-29.44451544512983,0.2719344611720337,0.25069437980855636,0.00015748,1.288905028187255,0.00081957,0,0.0
3561,0.46527865178273087,0.18597930102106558,-1.54e-06,2.486815554790245,3.014456156746668,-84.90508112049358,1.0052136313683062,6.082550223369285,0.12067054082980143,-60.04698741938918,-1.1573229341274334,42.59028626977581,0.6295741068180681,70.55408684076642,0.2719344611720337,-0.25581214098398386,0.00015748,0.25091868162654307,0.00081957,1,0.0
3562,0.7127778994807866,0.28276949498725235,-1.54e-06,2.486815554790245,3.014456156746668,5.691126706414123,1.0052136313683062,13.54158573200236,0.12067054082980143,-87.37816913036782,-1.1573229341274334,-17.65523986380342,0.6295741068180681,69.75154639492519,0.2719344611720337,-0.24980049344539157,0.00015748,0.36715215573293836,0.00081957,1,0.0
3563,0.9419877459235733,0.4123510868006104,-1.54e-06,2.486815554790245,3.014456156746668,11.823028701637709,1.0052136313683062,18.85849100447593,0.12067054082980143,-75.97509507484348,-1.1573229341274334,-63.12435566541911,0.6295741068180681,64.54826521348389,0.2719344611720337,-0.4004386000282395,0.00015748,0.4142381001278138,0.00081957,1,0.0
3564,0.3072067648902497,0.017778259304237168,-1.54e-06,2.486815554790245,3.014456156746668,-9.826188602906344,1.0052136313683062,1.5650003943073778,0.12067054082980143,-1.6082227912595481,-1.1573229341274334,-20.02754391206393,0.6295741068180681,15.192324795424078,0.2719344611720337,-0.02912195158135701,0.00015748,0.030287260382436662,0.00081957,1,0.0
3565,0.5509858053662126,0.09682201498815231,-1.54e-06,2.486815554790245,3.014456156746668,-30.67880347793186,1.0052136313683062,9.400994470960555,0.12067054082980143,-75.50855539931065,-1.1573229341274334,7.975256575479072,0.6295741068180681,69.85872800868381,0.2719344611720337,-0.19889193184170023,0.00015748,0.20216814725197857,0.00081957,1,0.0
3566,-0.0014644414154469931,0.5947551846059423,-1.54e-06,2.486815554790245,3.014456156746668,-36.54017565490977,1.0052136313683062,9.614744277335468,0.12067054082980143,-66.60273505985171,-1.1573229341274334,75.72573811481017,0.6295741068180681,29.269361069651698,0.2719344611720337,-0.2454921291774121,0.00015748,0.5993773684165167,0.00081957,1,0.0
3567,0.9037112467779054,0.43133300755856996,-1.54e-06,2.486815554790245,3.014456156746668,27.468311336153203,1.0052136313683062,17.67761138862236,0.12067054082980143,-77.58474766071963,-1.1573229341274334,-66.88107654354559,0.6295741068180681,63.14293506176428,0.2719344611720337,-0.4311987151928791,0.00015748,0.4420264796248452,0.00081957,1,0.0
3568,-0.03624458328005442,1.0494401283389727,-1.54e-06,2.486815554790245,3.014456156746668,15.264388095216802,1.0052136313683062,12.762243603717772,0.12067054082980143,-62.830664776914055,-1.1573229341274334,84.8005677931539,0.6295741068180681,-3.786530268605287,0.2719344611720337,-0.10328760476571408,0.00015748,1.068006818510232,0.00081957,1,0.0
3569,-0.017932138149166277,0.7564717038417602,-1.54e-06,2.486815554790245,3.014456156746668,75.18567827650566,1.0052136313683062,10.214935376652859,0.12067054082980143,-28.060367844389777,-1.1573229341274334,56.37542840251566,0.6295741068180681,-42.47901831061627,0.2719344611720337,0.10745806217959308,0.00015748,1.230473359868866,0.00081957,0,0.0
3570,0.8178241131666184,0.1076528432632555,-1.54e-06,2.486815554790245,3.014456156746668,-80.70436791380347,1.0052136313683062,8.480842367637043,0.12067054082980143,-83.6900789975228,-1.1573229341274334,23.502443501868512,0.6295741068180681,99.59970477783358,0.2719344611720337,-0.15279173828766818,0.00015748,0.15393029276831255,0.00081957,1,0.0
3571,-0.0033798516457218958,0.2598408202123667,-1.54e-06,2.486815554790245,3.014456156746668,6.317897234511814,1.0052136313683062,-0.4085782590750327,0.12067054082980143,-8.800781355817914,-1.1573229341274334,36.56784380906939,0.6295741068180681,-4.493349263264224,0.2719344611720337,0.00701458525240678,0.00015748,0.45109193753580457,0.00081957,0,0.0
3572,0.4316851251017675,0.04052683285391408,-1.54e-06,2.486815554790245,3.014456156746668,-65.15804312576107,1.0052136313683062,7.276712258975245,0.12067054082980143,-91.96813735844854,-1.1573229341274334,52.133398145589624,0.6295741068180681,85.9264699083412,0.2719344611720337,-0.13048550940567769,0.00015748,0.13067583168678684,0.00081957,1,0.0
3573,0.049641898465462075,0.10719699089786727,-1.54e-06,2.486815554790245,3.014456156746668,54.57765701158699,1.0052136313683062,12.603044349166504,0.12067054082980143,-98.10908554835594,-1.1573229341274334,66.49699385196153,0.6295741068180681,21.908741292819474,0.2719344611720337,0.36493592847369266,0.00015748,0.46056489940190753,0.00081957,0,0.0
3574,1.3314197209957623,0.34140593760135085,-1.54e-06,2.486815554790245,3.014456156746668,-66.9313247603071,1.0052136313683062,7.530989774442383,0.12067054082980143,-20.192139484030225,-1.1573229341274334,-65.07108396954548,0.6295741068180681,78.50699877133125,0.2719344611720337,-0.15435026749263417,0.00015748,0.15515448426738201,0.00081957,1,0.0
3575,0.31988648841959955,0.02334903836643156,-1.54e-06,2.486815554790245,3.014456156746668,-92.90802717797641,1.0052136313683062,-0.11371325654467965,0.12067054082980143,-62.18273728517354,-1.1573229341274334,70.66622256437117,0.6295741068180681,77.33571054508391,0.2719344611720337,-0.06824356506353231,0.00015748,0.06826618420274634,0.00081957,1,0.0
3576,0.13648399969607994,0.031174285648469465,-1.54e-06,2.486815554790245,3.014456156746668,-9.659663804275214,1.0052136313683062,5.572957087116098,0.12067054082980143,-49.4274757437656,-1.1573229341274334,17.630639001836943,0.6295741068180681,33.917536780631764,0.2719344611720337,-0.12355370182727453,0.00015748,0.12365929313341871,0.00081957,1,0.0
3577,0.6375462360906222,0.2705020639262175,-1.54e-06,2.486815554790245,3.014456156746668,56.715573213331965,1.0052136313683062,12.810071214373702,0.12067054082980143,-25.22208069312768,-1.1573229341274334,-89.59057375709936,0.6295741068180681,16.115880296253383,0.2719344611720337,-0.3457985794559979,0.00015748,0.3486631844999506,0.00081957,1,0.0
3578,4.832089482964541e-05,0.12247260048357336,-1.54e-06,2.486815554790245,3.014456156746668,18.270511469308143,1.0052136313683062,8.508299476927286,0.12067054082980143,-76.22302656003417,-1.1573229341274334,53.18523782671161,0.6295741068180681,27.316760993996244,0.2719344611720337,0.16772586572250942,0.00015748,0.22660137545675768,0.00081957,0,0.0
3579,0.025264257404630952,0.12281004875580893,-1.54e-06,2.486815554790245,3.014456156746668,19.0609397926704,1.0052136313683062,1.6101004986484189,0.12067054082980143,-23.422073992715045,-1.1573229341274334,16.454505780318932,0.6295741068180681,6.345902331666361,0.2719344611720337,0.02346748602906458,0.00015748,0.2155340888057618,0.00081957,0,0.0
3580,0.6236526930826208,0.07809007234846674,-1.54e-06,2.486815554790245,3.014456156746668,-23.081889477619328,1.0052136313683062,5.2701711429297236,0.12067054082980143,-32.31716129999883,-1.1573229341274334,-23.491415782172915,0.6295741068180681,48.47377872919806,0.2719344611720337,-0.12373472655331294,0.00015748,0.12672151907883009,0.00081957,1,0.0
3581,0.0020665274590162264,0.36713689872194444,-1.54e-06,2.486815554790245,3.014456156746668,36.64438977633064,1.0052136313683062,1.4429183595227288,0.12067054082980143,-0.3212975591336313,-1.1573229341274334,28.255259586474025,0.6295741068180681,-24.81324112624399,0.2719344611720337,0.05300058072545921,0.00015748,0.6607056606793399,0.00081957,0,0.0
3582,0.6901659601977512,0.172068673694354,-1.54e-06,2.486815554790245,3.014456156746668,9.098328370496976,1.0052136313683062,10.318304205064257,0.12067054082980143,-41.56652116330343,-1.1573229341274334,-50.77099340903212,0.6295741068180681,43.59342010281397,0.2719344611720337,-0.25824141916246496,0.00015748,0.2573570422147689,0.00081957,1,0.0
3583,0.3362785796864388,0.20043679362683856,-1.54e-06,2.486815554790245,3.014456156746668,40.49682633673554,1.0052136313683062,13.727917639106321,0.12067054082980143,-76.78231643980239,-1.1573229341274334,-1.569522564486585,0.6295741068180681,32.78053109408862,0.2719344611720337,-0.048117948885679857,0.00015748,0.3562810854370876,0.00081957,1,0.0
3584,1.0294664262541189,0.26063337960909383,-1.54e-06,2.486815554790245,3.014456156746668,-11.065521821705342,1.0052136313683062,12.293447155388028,0.12067054082980143,-46.664397975150735,-1.1573229341274334,-65.39078111024827,0.6295741068180681,63.97369198972966,0.2719344611720337,-0.2703267543092483,0.00015748,0.27227773378189984,0.00081957,1,0.0
3585,0.000620643991342984,0.19389138116565308,-1.54e-06,2.486815554790245,3.014456156746668,-70.05420360837076,1.0052136313683062,-6.20506996262357,0.12067054082980143,-21.268294782542565,-1.1573229341274334,77.01938216291701,0.6295741068180681,35.72826030974212,0.2719344611720337,-0.1644472081989604,0.00015748,0.3144025225902819,0.00081957,1,0.0
3586,0.0008072069842759433,1.0315053143537263,-1.54e-06,2.486815554790245,3.014456156746668,29.578897408102588,1.0052136313683062,14.500831215080035,0.12067054082980143,-70.0110508189083,-1.1573229341274334,90.86152334946433,0.6295741068180681,-7.324279913655536,0.2719344611720337,-0.04027209217338534,0.00015748,1.220113781442428,0.00081957,1,0.0
3587,0.0005722480602465829,0.07131240395009304,-1.54e-06,2.486815554790245,3.014456156746668,77.48098619772614,1.0052136313683062,12.691038529499192,0.12067054082980143,-90.16890584429198,-1.1573229341274334,70.08243259132661,0.6295741068180681,3.831847664839567,0.2719344611720337,0.38525304275221317,0.00015748,0.6941582768148429,0.00081957,0,0.0
3588,0.276990735533185,0.18170803538488017,-1.54e-06,2.486815554790245,3.014456156746668,52.64444619737623,1.0052136313683062,11.657448993983854,0.12067054082980143,-37.17771820601948,-1.1573229341274334,-48.110975287212966,0.6295741068180681,9.596688532288303,0.2719344611720337,-0.2893804390922945,0.00015748,0.300967592118756,0.00081957,1,0.0
3589,0.6983094089944013,0.7826940541059048,-1.54e-06,2.486815554790245,3.014456156746668,3.051605821579182,1.0052136313683062,-3.2015777485553736,0.12067054082980143,-12.507319358243658,-1.1573229341274334,-20.37796158933656,0.6295741068180681,40.990671213815716,0.2719344611720337,-0.2469657082201517,0.00015748,0.5769052634021804,0.00081957,1,0.0
3590,1.0633129374454797,0.7794010140743308,-1.54e-06,2.486815554790245,3.014456156746668,50.67448151094662,1.0052136313683062,7.8144405558158905,0.12067054082980143,-42.10999692865095,-1.1573229341274334,-52.513150722476645,0.6295741068180681,44.36612776752368,0.2719344611720337,-0.0036973707489662555,0.00015748,0.6670517420839989,0.00081957,1,0.0
3591,0.3152231832369482,0.13137880730060222,-1.54e-06,2.486815554790245,3.014456156746668,66.38801513522816,1.0052136313683062,13.850523811496073,0.12067054082980143,-100.0,-1.1573229341274334,52.46744475427422,0.6295741068180681,27.329706330993673,0.2719344611720337,0.4185838306709838,0.00015748,0.6126213491404292,0.00081957,0,0.0
3592,0.018935910938726153,0.18941251312833857,-1.54e-06,2.486815554790245,3.014456156746668,94.70153011597557,1.0052136313683062,11.953560470612821,0.12067054082980143,-15.069263455357342,-1.1573229341274334,-52.80147819946446,0.6295741068180681,-31.520496945895832,0.2719344611720337,-0.10469289299679674,0.00015748,0.3158107309545639,0.00081957,1,0.0
3593,0.0780289074385001,3.940390186350649,-1.54e-06,2.486815554790245,3.014456156746668,-76.92959781527053,1.0052136313683062,22.213510328766272,0.12067054082980143,-56.22526083027027,-1.1573229341274334,2.266147987341255,0.6295741068180681,30.250062521346155,0.2719344611720337,-1.3199352786081144,0.00015748,0.7945062702173393,0.00081957,1,0.0
3594,0.6616805070166978,0.09224754698623952,-1.54e-06,2.486815554790245,3.014456156746668,-21.964114991789504,1.0052136313683062,7.083123935444903,0.12067054082980143,-39.864410821865405,-1.1573229341274334,-25.477481310730173,0.6295741068180681,52.370098654384016,0.2719344611720337,-0.15477854686931192,0.00015748,0.1550966467301298,0.00081957,1,0.0
3595,0.008731054723467455,0.005801932599150467,-1.54e-06,2.486815554790245,3.014456156746668,-34.682268953737,1.0052136313683062,-1.1055860901022907,0.12067054082980143,-20.774103902520935,-1.1573229341274334,35.39186840681707,0.6295741068180681,23.586444613543417,0.2719344611720337,-0.04998861379876626,0.00015748,0.05011418738447454,0.00081957,1,0.0
3596,0.7708195805086417,0.38260041579395665,-1.54e-06,2.486815554790245,3.014456156746668,66.20310933206467,1.0052136313683062,19.92142552823624,0.12067054082980143,-89.58784291958403,-1.1573229341274334,-39.39868542602848,0.6295741068180681,43.242649684569265,0.2719344611720337,-0.027442092480052138,0.00015748,0.5287599761838432,0.00081957,1,0.0
3597,0.028376414500650357,0.4391803863331673,-1.54e-06,2.486815554790245,3.014456156746668,-3.6539945577947974,1.0052136313683062,-1.055481375052987,0.12067054082980143,-68.2474313896492,-1.1573229341274334,91.95178232644543,0.6295741068180681,38.70636307862331,0.2719344611720337,0.004323065103805868,0.00015748,0.6284397350312313,0.00081957,0,0.0
3598,0.0032158579085576067,0.11934514020937814,-1.54e-06,2.486815554790245,3.014456156746668,16.736973541140745,1.0052136313683062,3.2549651090735763,0.12067054082980143,-26.49290159905198,-1.1573229341274334,24.094721202629454,0.6295741068180681,3.417976677856575,0.2719344611720337,0.0960446299441633,0.00015748,0.21208470787886918,0.00081957,0,0.0
3599,0.18242636125639844,0.03598083532267388,-1.54e-06,2.486815554790245,3.014456156746668,11.387883257327296,1.0052136313683062,5.581910317051907,0.12067054082980143,-25.53065823492792,-1.1573229341274334,-14.090713803984022,0.6295741068180681,15.205986274476214,0.2719344611720337,-0.13235236791649038,0.00015748,0.13261954356045721,0.00081957,1,0.0
3600,0.02346878819327569,0.0852658650691466,-1.54e-06,2.5734906374269797,3.4667613288606156,48.90904535472663,1.0052136313683062,7.275275277153347,0.12067054082980143,-49.39270132677808,-1.1573229341274334,-0.2949968587557686,0.6295741068180681,10.966133744423452,0.2719344611720337,-0.06895476035114331,0.00015748,0.18076090694665284,0.00081957,1,0.0
3601,0.13461427120843691,0.018738282591070778,-1.54e-06,2.5734906374269797,3.4667613288606156,-44.845068803647756,1.0052136313683062,-0.39685330966931054,0.12067054082980143,-43.80662453946358,-1.1573229341274334,43.44275158436293,0.6295741068180681,47.67265141708982,0.2719344611720337,-0.059124242192672684,0.00015748,0.058704637211561654,0.00081957,1,0.0
3602,-0.0002097706330215221,0.15885888406229567,-1.54e-06,2.5734906374269797,3.4667613288606156,64.43315056587731,1.0052136313683062,10.752384254751346,0.12067054082980143,-68.64221290103823,-1.1573229341274334,65.1753298334017,0.6295741068180681,-2.477071059757426,0.2719344611720337,0.167339574796106,0.00015748,0.32511562504895913,0.00081957,0,0.0
3603,0.44442270495952474,0.03795793041416813,-1.54e-06,2.5734906374269797,3.4667613288606156,-15.14687583306628,1.0052136313683062,8.38771490587642,0.12067054082980143,-40.79868764129352,-1.1573229341274334,-41.48472530881684,0.6295741068180681,47.888771304531524,0.2719344611720337,-0.11363332846759468,0.00015748,0.11386563005755924,0.00081957,1,0.0
3604,0.4913431208451482,0.15914774363720213,-1.54e-06,2.5734906374269797,3.4667613288606156,27.112520531243625,1.0052136313683062,18.585587535052817,0.12067054082980143,-93.00614835118553,-1.1573229341274334,-61.76582609601114,0.6295741068180681,62.835062129476384,0.2719344611720337,-0.27305666644790905,0.00015748,0.28025327410692946,0.00081957,1,0.0
3605,0.0008038579051133504,0.20014009886311743,-1.54e-06,2.5734906374269797,3.4667613288606156,21.731380525874787,1.0052136313683062,-1.5972105216043386,0.12067054082980143,-31.452930236297437,-1.1573229341274334,69.27905402119978,0.6295741068180681,6.176471476459226,0.2719344611720337,0.018902976485062173,0.00015748,0.33532347678885455,0.00081957,0,0.0
3606,0.000872172244518854,0.10576182590948963,-1.54e-06,2.5734906374269797,3.4667613288606156,76.25320553743896,1.0052136313683062,12.794615739727691,0.12067054082980143,-57.13132350928428,-1.1573229341274334,-22.396902430197795,0.6295741068180681,0.9227978730108094,0.2719344611720337,-0.11090398751658456,0.00015748,0.21927910995996078,0.00081957,1,0.0
3607,0.2849373144607601,0.007723926710869647,-1.54e-06,2.5734906374269797,3.4667613288606156,-55.34737377674277,1.0052136313683062,3.18673990309656,0.12067054082980143,-49.360046795524816,-1.1573229341274334,26.79014808431487,0.6295741068180681,57.56260285406696,0.2719344611720337,-0.029763823322454454,0.00015748,0.029815598472906192,0.00081957,1,0.0
3608,0.3028286864891976,0.020430634573181145,-1.54e-06,2.5734906374269797,3.4667613288606156,-72.24807567056241,1.0052136313683062,-1.4976556708874558,0.12067054082980143,-18.691564754339772,-1.1573229341274334,24.58498752668384,0.6295741068180681,48.37422703834026,0.2719344611720337,-0.05130913584308824,0.00015748,0.05169372632251868,0.00081957,1,0.0
3609,0.10227795479502771,0.025526272454321756,-1.54e-06,2.5734906374269797,3.4667613288606156,-23.57132283034071,1.0052136313683062,8.094559315333743,0.12067054082980143,-82.337122707167,-1.1573229341274334,43.607609497912286,0.6295741068180681,53.71805243861037,0.2719344611720337,-0.10657560930741376,0.00015748,0.10807507010032645,0.00081957,1,0.0
3610,0.22069077493006106,0.10906112024984135,-1.54e-06,2.5734906374269797,3.4667613288606156,39.78037070101899,1.0052136313683062,16.016881710723837,0.12067054082980143,-60.564113197594466,-1.1573229341274334,-49.6531489482871,0.6295741068180681,23.611623455685603,0.2719344611720337,-0.21934584619080702,0.00015748,0.21953546030634566,0.00081957,1,0.0
3611,0.020830381700247202,0.004971496335264262,-1.54e-06,2.5734906374269797,3.4667613288606156,-48.530236874122096,1.0052136313683062,3.7259089146442466,0.12067054082980143,-71.25280507004308,-1.1573229341274334,74.29002401144314,0.6295741068180681,51.661321772465705,0.2719344611720337,-0.03813086519198966,0.00015748,0.0384146706825457,0.00081957,1,0.0
3612,0.7934973541456882,0.33760855812502466,-1.54e-06,2.5734906374269797,3.4667613288606156,-48.7719436208856,1.0052136313683062,21.503041985493585,0.12067054082980143,-72.34354346673807,-1.1573229341274334,-69.33756628951095,0.6295741068180681,76.6977423032828,0.2719344611720337,-0.31818729109806154,0.00015748,0.31776690233392346,0.00081957,1,0.0
3613,0.0019306362893444229,0.062006954019789805,-1.54e-06,2.5734906374269797,3.4667613288606156,76.19508208666308,1.0052136313683062,9.206848016172302,0.12067054082980143,-17.87575345441631,-1.1573229341274334,-55.593010270892925,0.6295741068180681,-16.636575161835225,0.2719344611720337,-0.12995587519027713,0.00015748,0.1631253187281358,0.00081957,1,0.0
3614,0.002512806206857815,0.24729757260104412,-1.54e-06,2.5734906374269797,3.4667613288606156,64.4132050373254,1.0052136313683062,2.434028342907395,0.12067054082980143,-7.60134416551295,-1.1573229341274334,46.77743285405087,0.6295741068180681,-31.94812395775455,0.2719344611720337,0.07874399912852265,0.00015748,0.4606233685114384,0.00081957,0,0.0
3615,-1.9186812774130146e-06,0.252572454429283,-1.54e-06,2.5734906374269797,3.4667613288606156,89.76362149870741,1.0052136313683062,21.0529642387573,0.12067054082980143,-51.450771088013425,-1.1573229341274334,-67.84805438149185,0.6295741068180681,-15.541312691701474,0.2719344611720337,-0.2903762455671503,0.00015748,0.29855911668679774,0.00081957,1,0.0
3616,0.00025374510379067017,0.2565245953347372,-1.54e-06,2.5734906374269797,3.4667613288606156,53.06584953824833,1.0052136313683062,2.2391873158715296,0.12067054082980143,-18.747166574346306,-1.1573229341274334,66.12317787572512,0.6295741068180681,-23.003043167273905,0.2719344611720337,0.07463860837780581,0.00015748,0.48050236927655277,0.00081957,0,0.0
3617,0.0013347167754234612,0.24705709289659833,-1.54e-06,2.5734906374269797,3.4667613288606156,75.88516068796066,1.0052136313683062,2.931482492094378,0.12067054082980143,-21.031999522129546,-1.1573229341274334,57.87735630807023,0.6295741068180681,-28.12110648515651,0.2719344611720337,0.11266237184823535,0.00015748,0.49223451651035655,0.00081957,0,0.0
3618,0.4647314094889443,1.105470927588175,-1.54e-06,2.5734906374269797,3.4667613288606156,-27.588366245004856,1.0052136313683062,24.470160469783323,0.12067054082980143,-20.045800882607118,-1.1573229341274334,-76.2120600975349,0.6295741068180681,7.874035101284598,0.2719344611720337,-0.5662036645761885,0.00015748,0.5668353991392205,0.00081957,1,0.0
3619,0.4953027795286822,0.04138626256870048,-1.54e-06,2.5734906374269797,3.4667613288606156,-1.4288186889028631,1.0052136313683062,6.380478247838229,0.12067054082980143,-0.57459278975407,-1.1573229341274334,-82.5551035074227,0.6295741068180681,25.123742619509837,0.2719344611720337,-0.08464224714149489,0.00015748,0.0847175684439483,0.00081957,1,0.0
3620,0.004443682041918695,0.21050701427149707,-1.54e-06,2.5734906374269797,3.4667613288606156,91.47657693570714,1.0052136313683062,10.761921785099993,0.12067054082980143,-21.283989424831148,-1.1573229341274334,9.946735718436205,0.6295741068180681,-38.46251937285419,0.2719344611720337,0.10435411884237056,0.00015748,0.3719548545193113,0.00081957,0,0.0
3621,0.24613786386409323,0.008387118191659151,-1.54e-06,2.5734906374269797,3.4667613288606156,-53.27903848880267,1.0052136313683062,0.20184531701134176,0.12067054082980143,-24.307863259571587,-1.1573229341274334,19.484832287125073,0.6295741068180681,42.32661139652718,0.2719344611720337,-0.017606697159606412,0.00015748,0.01778645187482911,0.00081957,1,0.0
3622,0.6343302791716806,0.11350333847347008,-1.54e-06,2.5734906374269797,3.4667613288606156,10.075952212140127,1.0052136313683062,14.436358424735236,0.12067054082980143,-57.42286387387939,-1.1573229341274334,-87.51886585524704,0.6295741068180681,58.61403004905755,0.2719344611720337,-0.21513316641294686,0.00015748,0.2169180830272833,0.00081957,1,0.0
3623,0.00516189116089516,0.8898384502574042,-1.54e-06,2.5734906374269797,3.4667613288606156,-66.84426503736138,1.0052136313683062,13.065636985834853,0.12067054082980143,-16.6185160258448,-1.1573229341274334,30.99038466297989,0.6295741068180681,0.21036943573971506,0.2719344611720337,-0.5289848295929191,0.00015748,0.4877740848356575,0.00081957,1,0.0
3624,0.00016058657431727852,0.08623593870410173,-1.54e-06,2.5734906374269797,3.4667613288606156,35.643862290248904,1.0052136313683062,11.959078281999416,0.12067054082980143,-82.52405414670098,-1.1573229341274334,18.92841551948201,0.6295741068180681,27.95317099118843,0.2719344611720337,-0.12558810889902092,0.00015748,0.19097558057235817,0.00081957,1,0.0
3625,0.6677507125138774,0.6605453789859204,-1.54e-06,2.5734906374269797,3.4667613288606156,-13.149616725136362,1.0052136313683062,-5.226762379904638,0.12067054082980143,-38.30487907367207,-1.1573229341274334,8.798917432658486,0.6295741068180681,70.77882303263996,0.2719344611720337,-0.16344510513986862,0.00015748,0.5237927380469638,0.00081957,1,0.0
3626,0.0001064153914067667,0.1468467179230239,-1.54e-06,2.5734906374269797,3.4667613288606156,94.27352099493761,1.0052136313683062,12.952852998738532,0.12067054082980143,-87.93716343537153,-1.1573229341274334,70.73089692648443,0.6295741068180681,-2.0915753405313184,0.2719344611720337,0.25498784022179083,0.00015748,0.34573893655785953,0.00081957,0,0.0
3627,0.0006851406701889884,0.12987757225949387,-1.54e-06,2.5734906374269797,3.4667613288606156,54.39646170585154,1.0052136313683062,11.967263095011496,0.12067054082980143,-94.26086225248095,-1.1573229341274334,76.62341162915337,0.6295741068180681,17.44907092099053,0.2719344611720337,0.20317372485878765,0.00015748,0.22742154483415195,0.00081957,0,0.0
3628,0.0009001289113301225,0.190073638801881,-1.54e-06,2.5734906374269797,3.4667613288606156,62.68973204534324,1.0052136313683062,6.939776960508465,0.12067054082980143,-62.83311570668297,-1.1573229341274334,84.15195481016387,0.6295741068180681,-3.1211663267698846,0.2719344611720337,0.1602718978011815,0.00015748,0.41865254794072343,0.00081957,0,0.0
3629,0.16173694575543773,0.13432416932533955,-1.54e-06,2.5734906374269797,3.4667613288606156,54.75418127480802,1.0052136313683062,16.388806503601185,0.12067054082980143,-89.12438711568825,-1.1573229341274334,-17.02359893037654,0.6295741068180681,32.1553127944511,0.2719344611720337,-0.16363200449493484,0.00015748,0.26009164889083247,0.00081957,1,0.0
3630,0.17895560311387626,0.14598613577980535,-1.54e-06,2.5734906374269797,3.4667613288606156,67.0930383707976,1.0052136313683062,16.876521127179185,0.12067054082980143,-90.52405681732097,-1.1573229341274334,-13.721017377632773,0.6295741068180681,27.94621333675472,0.2719344611720337,-0.09763796035462174,0.00015748,0.27968901083512526,0.00081957,1,0.0
3631,0.22251267511849415,0.23022965546828483,-1.54e-06,2.5734906374269797,3.4667613288606156,16.82076503452881,1.0052136313683062,1.708318658427576,0.12067054082980143,-59.20363854591837,-1.1573229341274334,41.68176145778005,0.6295741068180681,39.21848583253631,0.2719344611720337,-0.027371206414714383,0.00015748,0.3172891307914558,0.00081957,1,0.0
3632,0.35762396019629716,0.04590072488912791,-1.54e-06,2.5734906374269797,3.4667613288606156,-3.142875928374287,1.0052136313683062,10.008832128524203,0.12067054082980143,-56.81406013785648,-1.1573229341274334,-29.87157293694217,0.6295741068180681,48.07197158046008,0.2719344611720337,-0.1458479993674694,0.00015748,0.1459379141436613,0.00081957,1,0.0
3633,0.0020587505404257023,1.1293355422327784,-1.54e-06,2.5734906374269797,3.4667613288606156,-69.97647300106776,1.0052136313683062,17.264177177191247,0.12067054082980143,-34.95574561024357,-1.1573229341274334,46.3374963155611,0.6295741068180681,3.8231840887734725,0.2719344611720337,-0.5921017823074927,0.00015748,0.5938780873313464,0.00081957,1,0.0
3634,0.4322787674461063,0.06059515242101324,-1.54e-06,2.5734906374269797,3.4667613288606156,-21.37631859138693,1.0052136313683062,11.655707555117349,0.12067054082980143,-82.50695282522415,-1.1573229341274334,-12.980390613391718,0.6295741068180681,71.14351352119952,0.2719344611720337,-0.16710748018624796,0.00015748,0.16721125553489466,0.00081957,1,0.0
3635,-0.0005353537892673343,0.10448707343539229,-1.54e-06,2.5734906374269797,3.4667613288606156,49.15385423697484,1.0052136313683062,5.001080620575798,0.12067054082980143,-28.402053344413492,-1.1573229341274334,19.524894392178577,0.6295741068180681,-7.946062563471016,0.2719344611720337,0.10499245990410595,0.00015748,0.15767689290546855,0.00081957,0,0.0
3636,0.061557366792920454,0.12672957802941576,-1.54e-06,2.5734906374269797,3.4667613288606156,-46.74679401939514,1.0052136313683062,-8.912005684448955,0.12067054082980143,-13.376068747173212,-1.1573229341274334,50.690770019491545,0.6295741068180681,36.54735265797379,0.2719344611720337,-0.18034295260663966,0.00015748,0.18373425545427055,0.00081957,1,0.0
3637,1.0231533467385796,0.14041800966227816,-1.54e-06,2.5734906374269797,3.4667613288606156,-79.73892024957587,1.0052136313683062,10.939575932225168,0.12067054082980143,-47.7985012882057,-1.1573229341274334,-77.97376663152548,0.6295741068180681,99.73036172770837,0.2719344611720337,-0.12504079209159355,0.00015748,0.1260663723461047,0.00081957,1,0.0
3638,0.484352199332011,0.7499251046672836,-1.54e-06,2.5734906374269797,3.4667613288606156,49.418188400261066,1.0052136313683062,-2.6467209783297716,0.12067054082980143,-57.710866213476095,-1.1573229341274334,62.10147854168625,0.6295741068180681,40.99996932515752,0.2719344611720337,-0.017542430964833156,0.00015748,0.7470062788132015,0.00081957,1,0.0
3639,-9.502434226427159e-06,0.07210679217803057,-1.54e-06,2.5734906374269797,3.4667613288606156,33.533101224862754,1.0052136313683062,6.044385007114351,0.12067054082980143,-44.120557436513145,-1.1573229341274334,22.54376617071087,0.6295741068180681,7.781822690254863,0.2719344611720337,0.043929608786694115,0.00015748,0.12032103939922528,0.00081957,0,0.0
3640,0.48906515781379845,0.2520202160210292,-1.54e-06,2.5734906374269797,3.4667613288606156,72.35912845434571,1.0052136313683062,7.095678029778158,0.12067054082980143,-22.700299509544163,-1.1573229341274334,-50.10589250573673,0.6295741068180681,9.60900290261971,0.2719344611720337,0.08996910689712145,0.00015748,0.3291589506957125,0.00081957,0,0.0
3641,-0.0009001137597897668,0.0825999121045027,-1.54e-06,2.5734906374269797,3.4667613288606156,20.66344886649707,1.0052136313683062,6.4939579990991545,0.12067054082980143,-71.19193460988939,-1.1573229341274334,37.55386680973692,0.6295741068180681,30.655618132716448,0.2719344611720337,-0.06970478664575921,0.00015748,0.16584329126926708,0.00081957,1,0.0
3642,0.08884871147102094,0.0022845536020834134,-1.54e-06,2.5734906374269797,3.4667613288606156,-19.900534218185744,1.0052136313683062,2.8422088703553654,0.12067054082980143,-32.635838968491065,-1.1573229341274334,18.606808416410402,0.6295741068180681,27.044383134330342,0.2719344611720337,-0.0332985330013509,0.00015748,0.03330117581643853,0.00081957,1,0.0
3643,-0.000781500663676965,0.2067345324685801,-1.54e-06,2.5734906374269797,3.4667613288606156,55.23250282052281,1.0052136313683062,1.72649936328524,0.12067054082980143,-8.762532476082095,-1.1573229341274334,40.900729984268345,0.6295741068180681,-24.962960409339818,0.2719344611720337,0.07156728358468625,0.00015748,0.3809892110542914,0.00081957,0,0.0
3644,-0.0035683112673032813,0.6438247885795679,-1.54e-06,2.5734906374269797,3.4667613288606156,38.85502667876647,1.0052136313683062,19.647277683602262,0.12067054082980143,-66.72833187618146,-1.1573229341274334,65.64625395125975,0.6295741068180681,-15.522797637460886,0.2719344611720337,-0.15150422637063848,0.00015748,0.6278571758072529,0.00081957,1,0.0
3645,0.6969324494142217,0.11596972365441036,-1.54e-06,2.5734906374269797,3.4667613288606156,-14.570348584245814,1.0052136313683062,12.397474002687447,0.12067054082980143,-69.65532084136908,-1.1573229341274334,-66.90975155567224,0.6295741068180681,79.05092311079275,0.2719344611720337,-0.20803501579865397,0.00015748,0.20840756723858705,0.00081957,1,0.0
3646,0.1930610059705402,0.1453982455573804,-1.54e-06,2.5734906374269797,3.4667613288606156,75.53037060671151,1.0052136313683062,16.160433648546793,0.12067054082980143,-67.47865963360007,-1.1573229341274334,-57.04671366524869,0.6295741068180681,18.12760635394791,0.2719344611720337,-0.20832352760330425,0.00015748,0.2715497825990429,0.00081957,1,0.0
3647,0.2125899238406852,0.003973335860396051,-1.54e-06,2.5734906374269797,3.4667613288606156,-63.74439556995142,1.0052136313683062,2.8356370585207333,0.12067054082980143,-60.68022893344476,-1.1573229341274334,51.90076850657543,0.6295741068180681,62.067865973198764,0.2719344611720337,-0.023074797557316777,0.00015748,0.023234213785543655,0.00081957,1,0.0
3648,-0.007421751140285204,0.6342107686397668,-1.54e-06,2.5734906374269797,3.4667613288606156,41.03950482532299,1.0052136313683062,22.25913937585725,0.12067054082980143,-56.33264934766681,-1.1573229341274334,3.947558291940459,0.6295741068180681,-15.806657734685217,0.2719344611720337,-0.29881502305187746,0.00015748,0.4943858312137718,0.00081957,1,0.0
3649,0.0008100945009801852,0.1199937221270922,-1.54e-06,2.5734906374269797,3.4667613288606156,63.20376719987535,1.0052136313683062,4.171674424690072,0.12067054082980143,-12.061853282374443,-1.1573229341274334,6.089527367183063,0.6295741068180681,-21.501993085923015,0.2719344611720337,0.10161101876056883,0.00015748,0.1994089030014597,0.00081957,0,0.0
3650,0.0016817751090227873,1.7495805219481393,-1.54e-06,2.5734906374269797,3.4667613288606156,53.74634507026006,1.0052136313683062,32.84889031903228,0.12067054082980143,-25.358552117337585,-1.1573229341274334,-78.0218784064038,0.6295741068180681,-49.52972904371568,0.2719344611720337,-0.7019103066506618,0.00015748,0.7122640952343382,0.00081957,1,0.0
3651,0.3075470069601472,0.017468363079660633,-1.54e-06,2.5734906374269797,3.4667613288606156,-25.800079494891378,1.0052136313683062,6.134437273432018,0.12067054082980143,-46.84033314648806,-1.1573229341274334,-5.4611164683480595,0.6295741068180681,47.79051041766507,0.2719344611720337,-0.08107869555789998,0.00015748,0.08108178108189829,0.00081957,1,0.0
3652,0.4215061932948208,0.3257954127564474,-1.54e-06,2.5734906374269797,3.4667613288606156,-67.16507290804978,1.0052136313683062,10.570419958899159,0.12067054082980143,-18.24692781151264,-1.1573229341274334,-18.47946710187412,0.6295741068180681,34.49400884199094,0.2719344611720337,-0.3079356926948566,0.00015748,0.3034471277490394,0.00081957,1,0.0
3653,1.0283458774904215,2.5317600486975667,-1.54e-06,2.5734906374269797,3.4667613288606156,76.26132390204774,1.0052136313683062,-14.740030633277263,0.12067054082980143,-26.59654749880251,-1.1573229341274334,86.21642080860687,0.6295741068180681,45.55478902140005,0.2719344611720337,-0.08859474600456474,0.00015748,1.5280060065910224,0.00081957,1,0.0
3654,0.5007491670967997,0.0280938093297173,-1.54e-06,2.5734906374269797,3.4667613288606156,-64.37359414770458,1.0052136313683062,3.7915929000751336,0.12067054082980143,-37.49086356509599,-1.1573229341274334,-7.173461578117048,0.6295741068180681,65.20518873836252,0.2719344611720337,-0.03564015302744344,0.00015748,0.03577325434161382,0.00081957,1,0.0
3655,0.09972605529231178,0.0018021370102307792,-1.54e-06,2.5734906374269797,3.4667613288606156,-67.94645131317537,1.0052136313683062,1.455895209386953,0.12067054082980143,-62.75285114640715,-1.1573229341274334,75.42351679589706,0.6295741068180681,58.4220569233097,0.2719344611720337,-0.01685477090246708,0.00015748,0.016852706646881557,0.00081957,1,0.0
3656,0.0812614936452547,0.1787469483501904,-1.54e-06,2.5734906374269797,3.4667613288606156,59.02478080259624,1.0052136313683062,19.528901128436427,0.12067054082980143,-75.98628707307738,-1.1573229341274334,-38.5310414086785,0.6295741068180681,14.89972117977132,0.2719344611720337,-0.2639059163507919,0.00015748,0.26847784159607463,0.00081957,1,0.0
3657,0.32879248054258914,0.13767025873182287,-1.54e-06,2.5734906374269797,3.4667613288606156,65.20808816318953,1.0052136313683062,16.34678748988904,0.12067054082980143,-55.72313711829924,-1.1573229341274334,-87.63688279053218,0.6295741068180681,23.516840579682505,0.2719344611720337,-0.2563601960485566,0.00015748,0.261471979918715,0.00081957,1,0.0
3658,0.45640721470512513,0.025934264618682167,-1.54e-06,2.5734906374269797,3.4667613288606156,-39.589238374857814,1.0052136313683062,4.7380163299617495,0.12067054082980143,-33.76840635693192,-1.1573229341274334,-23.266510827597454,0.6295741068180681,54.00962161208628,0.2719344611720337,-0.05953277696540154,0.00015748,0.06004932322833805,0.00081957,1,0.0
3659,0.26507982919826517,0.06785896724853774,-1.54e-06,2.5734906374269797,3.4667613288606156,-64.527132089499,1.0052136313683062,1.3224483901921786,0.12067054082980143,-5.4518245380699195,-1.1573229341274334,10.849720543052122,0.6295741068180681,30.187621462930228,0.2719344611720337,-0.14137058534838146,0.00015748,0.14213924237095113,0.00081957,1,0.0
3660,0.2607541842225215,0.1467141815632126,-1.54e-06,2.5734906374269797,3.4667613288606156,40.15814580265861,1.0052136313683062,18.293274939726057,0.12067054082980143,-94.65018876285978,-1.1573229341274334,-35.544624583248826,0.6295741068180681,45.73769739488018,0.2719344611720337,-0.2590235133071398,0.00015748,0.26842088969145783,0.00081957,1,0.0
3661,0.5952763411522497,0.05697434840385765,-1.54e-06,2.5734906374269797,3.4667613288606156,-44.62574269870282,1.0052136313683062,8.093483869512173,0.12067054082980143,-33.815175649746074,-1.1573229341274334,-45.90402942016297,0.6295741068180681,58.90726278129659,0.2719344611720337,-0.09922845045221752,0.00015748,0.09845112327314805,0.00081957,1,0.0
3662,0.6865140404372817,0.5450326748072105,-1.54e-06,2.5734906374269797,3.4667613288606156,73.37009475246415,1.0052136313683062,3.7671704578878273,0.12067054082980143,-32.20816059324357,-1.1573229341274334,-59.632614313210205,0.6295741068180681,34.29834002198929,0.2719344611720337,-0.06348792987769086,0.00015748,0.530608602919312,0.00081957,1,0.0
3663,0.0009464510872243537,0.053384559982997806,-1.54e-06,2.5734906374269797,3.4667613288606156,19.428460893316686,1.0052136313683062,8.118047756658154,0.12067054082980143,-42.10870998568343,-1.1573229341274334,11.457865203315299,0.6295741068180681,8.962147649443517,0.2719344611720337,-0.05271258276256563,0.00015748,0.12193810142837225,0.00081957,1,0.0
3664,0.16935890870401243,0.016610417971125724,-1.54e-06,2.5734906374269797,3.4667613288606156,-14.977964918395523,1.0052136313683062,4.424688324470786,0.12067054082980143,-16.4596740429922,-1.1573229341274334,-10.385462499925024,0.6295741068180681,18.04590252714543,0.2719344611720337,-0.06998082436767127,0.00015748,0.07002551223665836,0.00081957,1,0.0
3665,0.2942546882806188,0.1551478918493539,-1.54e-06,2.5734906374269797,3.4667613288606156,-36.388010616328664,1.0052136313683062,0.17651338927073837,0.12067054082980143,-66.79682521846786,-1.1573229341274334,32.44384053071095,0.6295741068180681,71.84235449681121,0.2719344611720337,-0.1837521635546589,0.00015748,0.21003643592551619,0.00081957,1,0.0
3666,0.5346809176139073,0.04715787407072616,-1.54e-06,2.5734906374269797,3.4667613288606156,-6.267719835482918,1.0052136313683062,6.855404253824023,0.12067054082980143,-16.094266762845418,-1.1573229341274334,-75.27602596251586,0.6295741068180681,38.66682654688605,0.2719344611720337,-0.10490438084755149,0.00015748,0.1049177679564488,0.00081957,1,0.0
3667,0.014966353094098606,0.015314127329632343,-1.54e-06,2.5734906374269797,3.4667613288606156,-54.618910817733095,1.0052136313683062,5.403526814394231,0.12067054082980143,-98.99232665097367,-1.1573229341274334,95.19245758104154,0.6295741068180681,68.47468193247255,0.2719344611720337,-0.06428214834622177,0.00015748,0.06427438105206408,0.00081957,1,0.0
3668,0.0002764124266870782,0.054266003251591824,-1.54e-06,2.5734906374269797,3.4667613288606156,1.3265540371318059,1.0052136313683062,9.621362552966051,0.12067054082980143,-89.39579490601163,-1.1573229341274334,46.86685551848898,0.6295741068180681,43.60703941421388,0.2719344611720337,-0.11476810692431388,0.00015748,0.14383337052929385,0.00081957,1,0.0
3669,5.397837002329986e-05,0.0785182667996833,-1.54e-06,2.5734906374269797,3.4667613288606156,88.52455514970147,1.0052136313683062,9.540815240651671,0.12067054082980143,-18.148252984683147,-1.1573229341274334,-60.07988256436705,0.6295741068180681,-20.222373793577322,0.2719344611720337,-0.12448283429762091,0.00015748,0.1855256088182467,0.00081957,1,0.0
3670,0.5456288494103974,0.046648811798705045,-1.54e-06,2.5734906374269797,3.4667613288606156,-30.691000361810616,1.0052136313683062,8.628140171684999,0.12067054082980143,-47.33166710186074,-1.1573229341274334,-40.7657024382828,0.6295741068180681,61.64288888947634,0.2719344611720337,-0.11292347464793227,0.00015748,0.11352203434327478,0.00081957,1,0.0
3671,0.14106410440903028,0.06174187502654661,-1.54e-06,2.5734906374269797,3.4667613288606156,9.464375066579994,1.0052136313683062,11.825522878374107,0.12067054082980143,-81.77897369335562,-1.1573229341274334,6.294014041683713,0.6295741068180681,44.57023406035833,0.2719344611720337,-0.1710989789133404,0.00015748,0.17246372747527308,0.00081957,1,0.0
3672,0.00012172064157234264,0.11409595556500055,-1.54e-06,2.5734906374269797,3.4667613288606156,43.67951094408167,1.0052136313683062,8.244848146232943,0.12067054082980143,-63.46800861017141,-1.1573229341274334,51.74128146220645,0.6295741068180681,8.923643747303256,0.2719344611720337,0.1511524658494035,0.00015748,0.1713586600787121,0.00081957,0,0.0
3673,0.00022681763036613845,0.11197141236458924,-1.54e-06,2.5734906374269797,3.4667613288606156,18.61888538329075,1.0052136313683062,13.01857743481925,0.12067054082980143,-79.37243424202228,-1.1573229341274334,41.68143055165512,0.6295741068180681,22.93602472278573,0.2719344611720337,-0.0611471248430952,0.00015748,0.20547281687952584,0.00081957,1,0.0
3674,0.5219766355166171,0.4043391565108588,-1.54e-06,2.5734906374269797,3.4667613288606156,47.18323622998518,1.0052136313683062,3.282513523051621,0.12067054082980143,-47.84138029883465,-1.1573229341274334,-13.517432435020536,0.6295741068180681,40.242041049469776,0.2719344611720337,-0.03471746411713078,0.00015748,0.4502929319060531,0.00081957,1,0.0
3675,0.18360053452519642,0.051432159104593374,-1.54e-06,2.5734906374269797,3.4667613288606156,27.417414948802232,1.0052136313683062,9.21140529910657,0.12067054082980143,-47.8061439463452,-1.1573229341274334,-31.56665733553456,0.6295741068180681,26.021778988468927,0.2719344611720337,-0.15821681137873086,0.00015748,0.15935095191437906,0.00081957,1,0.0
3676,5.0854623021456824e-05,0.04585703474824679,-1.54e-06,2.5734906374269797,3.4667613288606156,28.206169062676285,1.0052136313683062,7.321475775295089,0.12067054082980143,-45.81541167133747,-1.1573229341274334,7.733489457776555,0.6295741068180681,11.876767614431856,0.2719344611720337,-0.05550405379759392,0.00015748,0.11863222646705722,0.00081957,1,0.0
3677,0.9133143244917589,0.12000696116795966,-1.54e-06,2.5734906374269797,3.4667613288606156,-49.087015845478206,1.0052136313683062,12.366998484312138,0.12067054082980143,-59.34121877550388,-1.1573229341274334,-79.7289447175573,0.6295741068180681,92.74156576843177,0.2719344611720337,-0.16166814112615926,0.00015748,0.16186119031620086,0.00081957,1,0.0
3678,0.001158262867645421,0.1526074162183256,-1.54e-06,2.5734906374269797,3.4667613288606156,36.70451864766179,1.0052136313683062,8.60045124284682,0.12067054082980143,-65.75794099135945,-1.1573229341274334,73.67092924976757,0.6295741068180681,7.030404639331398,0.2719344611720337,0.11788549855983559,0.00015748,0.2953653146539417,0.00081957,0,0.0
3679,0.0016919111879717397,0.1502159619965152,-1.54e-06,2.5734906374269797,3.4667613288606156,99.42105817204848,1.0052136313683062,13.242106196265155,0.12067054082980143,-91.30582506093499,-1.1573229341274334,77.66741722318326,0.6295741068180681,-3.2209007383168458,0.2719344611720337,0.26492867990445,0.00015748,0.38878909183373855,0.00081957,0,0.0
3680,0.06173521476787747,0.11487400039986563,-1.54e-06,2.5734906374269797,3.4667613288606156,28.047129338009793,1.0052136313683062,10.324598808349066,0.12067054082980143,-99.97532400561104,-1.1573229341274334,62.66103468666179,0.6295741068180681,40.498038803109935,0.2719344611720337,0.039376618720251194,0.00015748,0.21270581354056586,0.00081957,0,0.0
3681,0.0021153577984023286,0.16295299983937137,-1.54e-06,2.5734906374269797,3.4667613288606156,73.31631531014214,1.0052136313683062,6.839147621087634,0.12067054082980143,-57.922030494268085,-1.1573229341274334,55.81120749363232,0.6295741068180681,-3.5999853210555006,0.2719344611720337,0.1539795036062846,0.00015748,0.3275788280698237,0.00081957,0,0.0
3682,0.6009670845095471,0.0412312288865315,-1.54e-06,2.5734906374269797,3.4667613288606156,-69.36630064362623,1.0052136313683062,4.884072337519377,0.12067054082980143,-41.07189318947565,-1.1573229341274334,-17.75044033568912,0.6295741068180681,73.76604871650187,0.2719344611720337,-0.04865525140819121,0.00015748,0.04856641664284899,0.00081957,1,0.0
3683,0.5704818403834456,0.19642707377552665,-1.54e-06,2.5734906374269797,3.4667613288606156,21.081749170686525,1.0052136313683062,6.864532558924421,0.12067054082980143,-42.39046580692385,-1.1573229341274334,-48.1703820080716,0.6295741068180681,46.69531288954555,0.2719344611720337,-0.04806447097834754,0.00015748,0.25061137749066875,0.00081957,1,0.0
3684,0.0005369783395281491,0.16285951233309012,-1.54e-06,2.5734906374269797,3.4667613288606156,61.69996379132839,1.0052136313683062,8.372469730253588,0.12067054082980143,-37.2647235805352,-1.1573229341274334,36.649784691343505,0.6295741068180681,-16.203308964857108,0.2719344611720337,0.11204259489899282,0.00015748,0.30210260106837417,0.00081957,0,0.0
3685,0.003488993461127521,0.051532834419954834,-1.54e-06,2.5734906374269797,3.4667613288606156,41.09930746378622,1.0052136313683062,9.127612172418782,0.12067054082980143,-47.83697355796677,-1.1573229341274334,-15.294800562514073,0.6295741068180681,11.143859067880367,0.2719344611720337,-0.15192242521834326,0.00015748,0.15188165219808175,0.00081957,1,0.0
3686,0.13658569842396817,0.12431793415533338,-1.54e-06,2.5734906374269797,3.4667613288606156,42.79231086716559,1.0052136313683062,14.278791239507676,0.12067054082980143,-99.94590077164357,-1.1573229341274334,19.280567346643647,0.6295741068180681,40.23677125148185,0.2719344611720337,-0.07796014662696224,0.00015748,0.24753734592361218,0.00081957,1,0.0
3687,0.04320332447308853,0.004593554689845295,-1.54e-06,2.5734906374269797,3.4667613288606156,-24.47635093397293,1.0052136313683062,3.166908989092272,0.12067054082980143,-48.30794115037549,-1.1573229341274334,38.61773244030237,0.6295741068180681,34.74741070205683,0.2719344611720337,-0.04123260395646157,0.00015748,0.04126377155053636,0.00081957,1,0.0
3688,0.4784946128160855,0.43718497438728043,-1.54e-06,2.5734906374269797,3.4667613288606156,-8.445607079935122,1.0052136313683062,-3.236172741012194,0.12067054082980143,-43.83951414303433,-1.1573229341274334,17.602681161616978,0.6295741068180681,60.57690365303234,0.2719344611720337,-0.1441065939909869,0.00015748,0.4139749621347044,0.00081957,1,0.0
3689,0.6022787705619115,0.5779094274332613,-1.54e-06,2.5734906374269797,3.4667613288606156,-11.521913850630167,1.0052136313683062,-4.875238944413715,0.12067054082980143,-36.55444861529194,-1.1573229341274334,14.802250880549007,0.6295741068180681,64.10398861635737,0.2719344611720337,-0.13720537297581858,0.00015748,0.4936558662893389,0.00081957,1,0.0
3690,0.0002177411635520543,0.09752551141292275,-1.54e-06,2.5734906374269797,3.4667613288606156,5.103374273483997,1.0052136313683062,3.3786766900163725,0.12067054082980143,-21.885117929067604,-1.1573229341274334,36.185954566638976,0.6295741068180681,0.6704622060761349,0.2719344611720337,6.836568885798533e-05,0.00015748,0.17834442583450172,0.00081957,0,0.0
3691,0.154036955864311,0.4377941718032653,-1.54e-06,2.5734906374269797,3.4667613288606156,-29.229244392372678,1.0052136313683062,-9.954688815603213,0.12067054082980143,-34.6442598922374,-1.1573229341274334,82.30923931160228,0.6295741068180681,46.7806906739829,0.2719344611720337,-0.180234050485154,0.00015748,0.42620338545029585,0.00081957,1,0.0
3692,0.15519151878554624,0.009098643250006394,-1.54e-06,2.5734906374269797,3.4667613288606156,-54.384223379104355,1.0052136313683062,-2.05872535354844,0.12067054082980143,-17.953156512932047,-1.1573229341274334,33.34588739636101,0.6295741068180681,35.524159401381205,0.2719344611720337,-0.042512705033186396,0.00015748,0.042433111386651026,0.00081957,1,0.0
3693,0.14594098285763613,0.06271992354639189,-1.54e-06,2.5734906374269797,3.4667613288606156,74.96696436987438,1.0052136313683062,9.84012750030231,0.12067054082980143,-9.800569335784092,-1.1573229341274334,-87.88486102238144,0.6295741068180681,-11.391924370781249,0.2719344611720337,-0.1740136527150522,0.00015748,0.17573844559055118,0.00081957,1,0.0
3694,0.5575173841748571,0.15580904780289812,-1.54e-06,2.5734906374269797,3.4667613288606156,-8.106904576496381,1.0052136313683062,18.979056082736264,0.12067054082980143,-80.40654860400718,-1.1573229341274334,-54.98221870930678,0.6295741068180681,63.587812285159174,0.2719344611720337,-0.24519958944501305,0.00015748,0.2472433834166846,0.00081957,1,0.0
3695,-2.005894138928932e-06,0.11156946462698865,-1.54e-06,2.5734906374269797,3.4667613288606156,7.4368467998058705,1.0052136313683062,0.7408896282093124,0.12067054082980143,-17.523515345116618,-1.1573229341274334,44.113798194851015,0.6295741068180681,0.0018807564767890361,0.2719344611720337,0.02060561396731947,0.00015748,0.2036213229168723,0.00081957,0,0.0
3696,0.12824938627380433,0.06851748993180838,-1.54e-06,2.5734906374269797,3.4667613288606156,10.137252080918138,1.0052136313683062,10.616121856894292,0.12067054082980143,-84.36911518880923,-1.1573229341274334,12.536552735419336,0.6295741068180681,47.24671219806446,0.2719344611720337,-0.17013403492313606,0.00015748,0.1776481448854229,0.00081957,1,0.0
3697,-0.011444573851894457,1.2735149146830893,-1.54e-06,2.5734906374269797,3.4667613288606156,-6.851444214135774,1.0052136313683062,20.35769074189232,0.12067054082980143,-53.089607375291784,-1.1573229341274334,83.02320128339758,0.6295741068180681,-18.1481219750996,0.2719344611720337,-0.3765771340486972,0.00015748,0.8079131250516434,0.00081957,1,0.0
3698,1.0615109798072493,1.0224313676230579,-1.54e-06,2.5734906374269797,3.4667613288606156,46.95413288428935,1.0052136313683062,0.4530729255906828,0.12067054082980143,-40.87147922332151,-1.1573229341274334,-50.59266885103982,0.6295741068180681,69.16972616437997,0.2719344611720337,-0.08035574822492464,0.00015748,0.7364817481226077,0.00081957,1,0.0
3699,0.4766249635931971,0.10317630457788879,-1.54e-06,2.5734906374269797,3.4667613288606156,16.70979576053124,1.0052136313683062,14.726789372207252,0.12067054082980143,-69.19309621325766,-1.1573229341274334,-62.210488158382184,0.6295741068180681,53.93902009535901,0.2719344611720337,-0.22131896887572702,0.00015748,0.22142269121998007,0.00081957,1,0.0
3700,0.0015210013646318188,0.014197880071972922,-1.54e-06,1.9036383948009792,6.5219724594075945,-12.547261374012074,1.0052136313683062,12.701609696889209,0.12067054082980143,-95.47227999330372,-1.1573229341274334,70.28167138095887,0.6295741068180681,36.48376625239401,0.2719344611720337,-0.010973113181935478,0.00015748,0.0373757583643747,0.00081957,1,0.0
3701,0.09416811438631432,0.0011234454288149653,-1.54e-06,1.9036383948009792,6.5219724594075945,-73.22951948230426,1.0052136313683062,-0.40292561687087664,0.12067054082980143,-34.839938921821734,-1.1573229341274334,88.25526826813153,0.6295741068180681,46.82282842451415,0.2719344611720337,-0.011953239965480741,0.00015748,0.01195100340675213,0.00081957,1,0.0
3702,0.038596155929692705,0.017415490429721358,-1.54e-06,1.9036383948009792,6.5219724594075945,-6.060646647922035,1.0052136313683062,12.832192671606649,0.12067054082980143,-71.75523086642193,-1.1573229341274334,-68.49103288980575,0.6295741068180681,38.74744124049427,0.2719344611720337,-0.016045766544310343,0.00015748,0.047233386953344676,0.00081957,1,0.0
3703,0.0004026213283875313,0.005858117806535454,-1.54e-06,1.9036383948009792,6.5219724594075945,-16.033278044378882,1.0052136313683062,14.942575362893015,0.12067054082980143,-70.30265524066513,-1.1573229341274334,43.11947241481969,0.6295741068180681,23.652640231566505,0.2719344611720337,-0.015770875777022672,0.00015748,0.024214453048228148,0.00081957,1,0.0
3704,0.0004245807448123029,0.002872679902268407,-1.54e-06,1.9036383948009792,6.5219724594075945,-35.91839207948456,1.0052136313683062,16.624738020671284,0.12067054082980143,-86.59338410171716,-1.1573229341274334,93.40922079924502,0.6295741068180681,32.20474877107156,0.2719344611720337,-0.023192615390882684,0.00015748,0.023538464943799662,0.00081957,1,0.0
3705,0.12161233078688498,0.004570665176405624,-1.54e-06,1.9036383948009792,6.5219724594075945,-74.88142323361261,1.0052136313683062,13.106523431889556,0.12067054082980143,-42.954931348607,-1.1573229341274334,29.63088662322856,0.6295741068180681,46.75149092986973,0.2719344611720337,-0.028182712718058143,0.00015748,0.02804048820714421,0.00081957,1,0.0
3706,0.000297467397640222,0.03258574229846984,-1.54e-06,1.9036383948009792,6.5219724594075945,55.535821174868886,1.0052136313683062,16.74928853298386,0.12067054082980143,-74.17203532666434,-1.1573229341274334,87.46594553528523,0.6295741068180681,-0.11589075043576338,0.2719344611720337,0.009112902294867602,0.00015748,0.05800004599111017,0.00081957,0,0.0
3707,0.165818798331261,0.0031089405509611076,-1.54e-06,1.9036383948009792,6.5219724594075945,-93.45543135741272,1.0052136313683062,16.293179232703196,0.12067054082980143,-50.281473687739705,-1.1573229341274334,-91.10862133509812,0.6295741068180681,69.3310455753865,0.2719344611720337,-0.023266115688567835,0.00015748,0.023302336259138638,0.00081957,1,0.0
3708,0.05085030541207991,0.001323968049009632,-1.54e-06,1.9036383948009792,6.5219724594075945,-42.4384914050132,1.0052136313683062,-5.399639008229318,0.12067054082980143,-15.138034239262591,-1.1573229341274334,29.49208399595875,0.6295741068180681,30.95433085984775,0.2719344611720337,-0.010442808566165352,0.00015748,0.010467264487299937,0.00081957,1,0.0
3709,0.13067097328794075,0.000827574577136611,-1.54e-06,1.9036383948009792,6.5219724594075945,-87.33618593157837,1.0052136313683062,3.8780849119884078,0.12067054082980143,-43.16280070197317,-1.1573229341274334,-34.7323120775483,0.6295741068180681,66.5789234389472,0.2719344611720337,-0.0018091906822783263,0.00015748,0.0017875746501178971,0.00081957,1,0.0
3710,0.0569648702106948,0.0003502638790125061,-1.54e-06,1.9036383948009792,6.5219724594075945,-66.4289051139853,1.0052136313683062,9.932021898087132,0.12067054082980143,-79.60266925093187,-1.1573229341274334,29.604317349808635,0.6295741068180681,57.729713856696634,0.2719344611720337,-0.01307695067902301,0.00015748,0.013090403174947573,0.00081957,1,0.0
3711,0.02499157150062442,0.0025574956307474364,-1.54e-06,1.9036383948009792,6.5219724594075945,-34.04867522657182,1.0052136313683062,18.0929393628624,0.12067054082980143,-73.80081812314693,-1.1573229341274334,-50.831558933076856,0.6295741068180681,38.88334347203654,0.2719344611720337,-0.02653628123195397,0.00015748,0.026590849841527663,0.00081957,1,0.0
3712,0.025096493033622366,0.02766347047078791,-1.54e-06,1.9036383948009792,6.5219724594075945,50.032344441542136,1.0052136313683062,17.69412598162116,0.12067054082980143,-46.85643275424202,-1.1573229341274334,-37.59748184175289,0.6295741068180681,-0.2065264129528451,0.2719344611720337,0.0024029349017700014,0.00015748,0.05287565352061975,0.00081957,0,0.0
3713,0.000335104900844041,0.04477604334568038,-1.54e-06,1.9036383948009792,6.5219724594075945,87.8523328173568,1.0052136313683062,31.6912057326904,0.12067054082980143,-83.49505652372471,-1.1573229341274334,85.49892368745928,0.6295741068180681,-19.44916068936908,0.2719344611720337,0.007629190289061928,0.00015748,0.07622154148461666,0.00081957,0,0.0
3714,0.0002396537096391177,0.004661701191267075,-1.54e-06,1.9036383948009792,6.5219724594075945,-8.317800614897676,1.0052136313683062,14.428286268755697,0.12067054082980143,-39.93028279635363,-1.1573229341274334,58.935462333926736,0.6295741068180681,4.248335306214378,0.2719344611720337,-0.02450923547229273,0.00015748,0.02571116484588839,0.00081957,1,0.0
3715,0.07885432017555347,0.0023898027367254687,-1.54e-06,1.9036383948009792,6.5219724594075945,-49.09325148791092,1.0052136313683062,10.786085863881619,0.12067054082980143,-33.54851838960839,-1.1573229341274334,15.531410025689153,0.6295741068180681,31.496722578911044,0.2719344611720337,-0.020720852866441142,0.00015748,0.02071229513932413,0.00081957,1,0.0
3716,0.05469400636627781,0.0009864775371220495,-1.54e-06,1.9036383948009792,6.5219724594075945,-29.552105350153205,1.0052136313683062,7.186312037934529,0.12067054082980143,-17.219674630126597,-1.1573229341274334,-16.587746589348015,0.6295741068180681,19.87080887555329,0.2719344611720337,-0.012522503103343043,0.00015748,0.012653707808610158,0.00081957,1,0.0
3717,0.00014680990178342346,0.01461560105511352,-1.54e-06,1.9036383948009792,6.5219724594075945,12.97813633041776,1.0052136313683062,20.922241116863578,0.12067054082980143,-45.95133989238775,-1.1573229341274334,55.91205794834467,0.6295741068180681,-4.984833486203845,0.2719344611720337,-0.02457561929273313,0.00015748,0.03964964922753896,0.00081957,1,0.0
3718,3.8546769902697564e-05,0.012913994102084374,-1.54e-06,1.9036383948009792,6.5219724594075945,9.505880159437694,1.0052136313683062,18.68843223626941,0.12067054082980143,-65.67861461239735,-1.1573229341274334,-11.22108449885517,0.6295741068180681,14.500718445984356,0.2719344611720337,-0.014910743683753402,0.00015748,0.036320766195598375,0.00081957,1,0.0
3719,0.004013127294081568,0.00010124454926407981,-1.54e-06,1.9036383948009792,6.5219724594075945,2.6912436132487585,1.0052136313683062,2.1807209155675324,0.12067054082980143,-0.03404511642685778,-1.1573229341274334,-58.47198008943353,0.6295741068180681,2.4569436093105934,0.2719344611720337,-0.006241682878372624,0.00015748,0.006248503485069661,0.00081957,1,0.0
3720,0.006662719137479872,0.004912320052417882,-1.54e-06,1.9036383948009792,6.5219724594075945,6.204625191450141,1.0052136313683062,11.19109904931349,0.12067054082980143,-3.2735924086636863,-1.1573229341274334,29.49325194598871,0.6295741068180681,-12.946428416168523,0.2719344611720337,-0.026897352197239377,0.00015748,0.02704948602255902,0.00081957,1,0.0
3721,0.00036346490374078444,0.028433456109294885,-1.54e-06,1.9036383948009792,6.5219724594075945,52.99431622310024,1.0052136313683062,28.114115844671254,0.12067054082980143,-70.40506762679053,-1.1573229341274334,-60.6307871959463,0.6295741068180681,-0.8402439436701984,0.2719344611720337,-0.013533304026042935,0.00015748,0.0619835186399063,0.00081957,1,0.0
3722,0.11635295093190653,0.0014169681288621347,-1.54e-06,1.9036383948009792,6.5219724594075945,-83.92224931208612,1.0052136313683062,16.41015651927058,0.12067054082980143,-75.88867540284005,-1.1573229341274334,-61.81869302617182,0.6295741068180681,70.49957146071536,0.2719344611720337,-0.02056469393535649,0.00015748,0.020671178848315666,0.00081957,1,0.0
3723,0.0004596373933431208,0.017122936250122914,-1.54e-06,1.9036383948009792,6.5219724594075945,-6.457987029350873,1.0052136313683062,30.218947991202562,0.12067054082980143,-93.05639575465764,-1.1573229341274334,38.54597582338633,0.6295741068180681,17.904338525149942,0.2719344611720337,-0.036117581759709,0.00015748,0.04910129120065804,0.00081957,1,0.0
3724,0.11511923007262681,0.006734095717018722,-1.54e-06,1.9036383948009792,6.5219724594075945,-74.66451271153484,1.0052136313683062,-11.198415091620488,0.12067054082980143,-8.93047759855996,-1.1573229341274334,-65.32438116236854,0.6295741068180681,60.19715001425985,0.2719344611720337,-0.02530314213100631,0.00015748,0.02539772864851101,0.00081957,1,0.0
3725,0.002068362111419239,0.0002628234646915569,-1.54e-06,1.9036383948009792,6.5219724594075945,-17.746801771152064,1.0052136313683062,5.287945955542189,0.12067054082980143,-37.84349357704249,-1.1573229341274334,8.024721869658906,0.6295741068180681,19.68875532153301,0.2719344611720337,-0.009364109677893712,0.00015748,0.009385969895233211,0.00081957,1,0.0
3726,0.20314957869812,0.05354300942019457,-1.54e-06,1.9036383948009792,6.5219724594075945,26.943472659952395,1.0052136313683062,13.16973890706049,0.12067054082980143,-27.132121427745197,-1.1573229341274334,-80.30076503262761,0.6295741068180681,30.566833072924666,0.2719344611720337,0.03034464159958454,0.00015748,0.07340321681501115,0.00081957,0,0.0
3727,0.14304586562596702,0.021295385929017065,-1.54e-06,1.9036383948009792,6.5219724594075945,-53.880558464032084,1.0052136313683062,5.897488164172578,0.12067054082980143,-59.260605762901044,-1.1573229341274334,-0.1728787420966697,0.6295741068180681,62.696147238916524,0.2719344611720337,0.0059474505831529426,0.00015748,0.03269522405393674,0.00081957,0,0.0
3728,0.0626143688761629,0.01044411965006171,-1.54e-06,1.9036383948009792,6.5219724594075945,-83.59405318266829,1.0052136313683062,-12.879260554817078,0.12067054082980143,-58.39419858890589,-1.1573229341274334,72.83822515018018,0.6295741068180681,71.86901957398439,0.2719344611720337,-0.033234400609922735,0.00015748,0.03371373601909246,0.00081957,1,0.0
3729,0.00018172218924875083,0.005094331439412927,-1.54e-06,1.9036383948009792,6.5219724594075945,-7.140798971038397,1.0052136313683062,12.925939859563936,0.12067054082980143,-36.1641663279005,-1.1573229341274334,82.72970816106141,0.6295741068180681,1.4449943732425607,0.2719344611720337,-0.023430541517914273,0.00015748,0.02587757386744674,0.00081957,1,0.0
3730,0.10213441126031161,0.00044360543532324367,-1.54e-06,1.9036383948009792,6.5219724594075945,-53.117999758357506,1.0052136313683062,7.031751101387848,0.12067054082980143,-20.45195847379692,-1.1573229341274334,-97.18930019714283,0.6295741068180681,42.251217192220615,0.2719344611720337,-0.008090081451350577,0.00015748,0.008094051832569924,0.00081957,1,0.0
3731,0.1041618332825856,0.002860459920628413,-1.54e-06,1.9036383948009792,6.5219724594075945,-56.68813943862873,1.0052136313683062,5.804263763953204,0.12067054082980143,-13.703343723118422,-1.1573229341274334,32.15861676927997,0.6295741068180681,30.46993956526253,0.2719344611720337,-0.022855314318674574,0.00015748,0.02288320084034244,0.00081957,1,0.0
3732,2.692808157034321e-05,0.002766887110137126,-1.54e-06,1.9036383948009792,6.5219724594075945,-2.1571978275381882,1.0052136313683062,12.490966930972933,0.12067054082980143,-27.207816061429867,-1.1573229341274334,5.32011891694708,0.6295741068180681,2.028393476129482,0.2719344611720337,-0.02030530092112126,0.00015748,0.020378425655674243,0.00081957,1,0.0
3733,0.034784828294181655,0.01357067730534181,-1.54e-06,1.9036383948009792,6.5219724594075945,-0.22531365468484707,1.0052136313683062,20.027821179804477,0.12067054082980143,-7.1188210033147525,-1.1573229341274334,11.92350085154073,0.6295741068180681,-12.462049199761122,0.2719344611720337,-0.045196883645598665,0.00015748,0.045158580370261076,0.00081957,1,0.0
3734,0.0016971449296108582,0.03637002965186042,-1.54e-06,1.9036383948009792,6.5219724594075945,79.40614145965638,1.0052136313683062,17.52236030139931,0.12067054082980143,-54.60985603100984,-1.1573229341274334,38.297374149300715,0.6295741068180681,-13.971360812879409,0.2719344611720337,0.011497068129464393,0.00015748,0.06377629474767317,0.00081957,0,0.0
3735,0.000131811442941554,0.022863551793632444,-1.54e-06,1.9036383948009792,6.5219724594075945,37.01408327976255,1.0052136313683062,22.916471116469,0.12067054082980143,-61.355557044329295,-1.1573229341274334,28.923891696505603,0.6295741068180681,-3.3016638467429607,0.2719344611720337,-0.00810635860761941,0.00015748,0.04695589794786158,0.00081957,1,0.0
3736,3.3000137988764555e-05,0.013431263893309417,-1.54e-06,1.9036383948009792,6.5219724594075945,8.429922769177868,1.0052136313683062,18.811061757928478,0.12067054082980143,-72.48968706233845,-1.1573229341274334,-60.03364583216831,0.6295741068180681,22.40235870504689,0.2719344611720337,-0.02017011071690536,0.00015748,0.04226317314816897,0.00081957,1,0.0
3737,0.09256941888204917,0.022564280369287468,-1.54e-06,1.9036383948009792,6.5219724594075945,-54.52992686171336,1.0052136313683062,30.286633292182326,0.12067054082980143,-63.709757077824314,-1.1573229341274334,77.29412041640529,0.6295741068180681,26.218425590241004,0.2719344611720337,-0.061192333395395856,0.00015748,0.061193612351249704,0.00081957,1,0.0
3738,0.15820059661314964,0.003728497857254708,-1.54e-06,1.9036383948009792,6.5219724594075945,-94.18775875657825,1.0052136313683062,-5.26337480601033,0.12067054082980143,-7.907406766044326,-1.1573229341274334,44.864081233290705,0.6295741068180681,56.410555027574155,0.2719344611720337,-0.020836296097440584,0.00015748,0.020837230214394053,0.00081957,1,0.0
3739,3.581073004171875e-05,0.03141202007598839,-1.54e-06,1.9036383948009792,6.5219724594075945,74.09407183314792,1.0052136313683062,16.635430767549185,0.12067054082980143,-37.944581099536514,-1.1573229341274334,57.74584270480843,0.6295741068180681,-22.415232996862603,0.2719344611720337,0.015012777798464473,0.00015748,0.0489067772855482,0.00081957,0,0.0
3740,0.00034353369476816664,0.01621180044139389,-1.54e-06,1.9036383948009792,6.5219724594075945,33.63503827374263,1.0052136313683062,23.785174808534094,0.12067054082980143,-33.97987560367081,-1.1573229341274334,-78.5456125364465,0.6295741068180681,-9.091915645124745,0.2719344611720337,-0.023262561217264235,0.00015748,0.0424254865837313,0.00081957,1,0.0
3741,0.012257067115577142,0.01616170326204056,-1.54e-06,1.9036383948009792,6.5219724594075945,6.3380393589967055,1.0052136313683062,11.333186740859531,0.12067054082980143,-63.97396834261418,-1.1573229341274334,76.30595979237879,0.6295741068180681,16.624210654119818,0.2719344611720337,0.002102772903099263,0.00015748,0.03039169021250781,0.00081957,0,0.0
3742,0.0002167551742958962,0.0203322075634848,-1.54e-06,1.9036383948009792,6.5219724594075945,22.377557401335892,1.0052136313683062,21.56307376592155,0.12067054082980143,-67.44993561298551,-1.1573229341274334,85.64753148005543,0.6295741068180681,0.8506228103125557,0.2719344611720337,-0.009653787570978754,0.00015748,0.04274460478398176,0.00081957,1,0.0
3743,0.005408282999126662,0.0001570418351370351,-1.54e-06,1.9036383948009792,6.5219724594075945,-19.530523858772263,1.0052136313683062,1.7121990287560802,0.12067054082980143,-25.73757682059046,-1.1573229341274334,88.26847164934023,0.6295741068180681,11.185591891371306,0.2719344611720337,-0.006538487277684088,0.00015748,0.006572683195411365,0.00081957,1,0.0
3744,3.820344511740181e-06,0.02119779987743477,-1.54e-06,1.9036383948009792,6.5219724594075945,34.99863206019541,1.0052136313683062,23.552630793617784,0.12067054082980143,-55.25765910714205,-1.1573229341274334,7.955704110615472,0.6295741068180681,-4.960629001578425,0.2719344611720337,-0.012941817495248188,0.00015748,0.04602428528303934,0.00081957,1,0.0
3745,0.05700142328320851,0.0013298389937271876,-1.54e-06,1.9036383948009792,6.5219724594075945,-44.55483558479572,1.0052136313683062,13.439362359270945,0.12067054082980143,-53.068010323115686,-1.1573229341274334,-28.915363726954567,0.6295741068180681,38.43206517988631,0.2719344611720337,-0.0180719876344929,0.00015748,0.018062468478300488,0.00081957,1,0.0
3746,8.457206154952046e-05,0.027237226378313918,-1.54e-06,1.9036383948009792,6.5219724594075945,16.63079134553765,1.0052136313683062,30.94820345655039,0.12067054082980143,-29.87746044448241,-1.1573229341274334,43.44169456469861,0.6295741068180681,-23.99316226401357,0.2719344611720337,-0.06148349495154651,0.00015748,0.0625030343765313,0.00081957,1,0.0
3747,0.10239326070116017,0.047781990696419654,-1.54e-06,1.9036383948009792,6.5219724594075945,43.80207614341458,1.0052136313683062,19.124160195296657,0.12067054082980143,-76.7219833063019,-1.1573229341274334,-90.27957249128406,0.6295741068180681,32.17522723679398,0.2719344611720337,0.001978505153460805,0.00015748,0.09132663627553413,0.00081957,0,0.0
3748,0.045228378905316835,0.0034536854039763617,-1.54e-06,1.9036383948009792,6.5219724594075945,-44.14348176099773,1.0052136313683062,3.492365510680313,0.12067054082980143,-50.299698166016164,-1.1573229341274334,84.41211979357917,0.6295741068180681,35.89757316574466,0.2719344611720337,0.0014587446213932516,0.00015748,0.005212700083098592,0.00081957,0,0.0
3749,0.03397783822186906,0.0008037590596667374,-1.54e-06,1.9036383948009792,6.5219724594075945,-56.405209290995444,1.0052136313683062,11.3308162487803,0.12067054082980143,-86.3119663599948,-1.1573229341274334,16.868443970584153,0.6295741068180681,54.68084722277041,0.2719344611720337,-0.018309719435582326,0.00015748,0.018333861340630576,0.00081957,1,0.0
3750,0.0014417495199989666,0.003330636281310676,-1.54e-06,1.9036383948009792,6.5219724594075945,-27.43214159148113,1.0052136313683062,17.129668722442933,0.12067054082980143,-84.29181849233498,-1.1573229341274334,-94.11804173074073,0.6295741068180681,43.72020082792681,0.2719344611720337,-0.03371599742163081,0.00015748,0.03375527839755525,0.00081957,1,0.0
3751,0.0003171666234101575,0.0063720827512036725,-1.54e-06,1.9036383948009792,6.5219724594075945,-24.972744261832347,1.0052136313683062,-2.277510253527929,0.12067054082980143,-51.125181045705766,-1.1573229341274334,86.47122078684517,0.6295741068180681,29.935103750969617,0.2719344611720337,-0.01190178856737667,0.00015748,0.0209579070695134,0.00081957,1,0.0
3752,0.13226788308593154,0.019223026033623324,-1.54e-06,1.9036383948009792,6.5219724594075945,-34.69948814653478,1.0052136313683062,23.433341895932074,0.12067054082980143,-55.358856905103806,-1.1573229341274334,-71.158562774621,0.6295741068180681,41.37445565401812,0.2719344611720337,-0.012754945478663194,0.00015748,0.04245045737602234,0.00081957,1,0.0
3753,8.892888567141322e-05,0.009606775920920829,-1.54e-06,1.9036383948009792,6.5219724594075945,13.71013532692643,1.0052136313683062,20.034034323421594,0.12067054082980143,-17.374516028289655,-1.1573229341274334,-21.52254428877804,0.6295741068180681,-13.312238855704983,0.2719344611720337,-0.035886066181408,0.00015748,0.03640568560897959,0.00081957,1,0.0
3754,0.00027677708522949596,0.034010170094770975,-1.54e-06,1.9036383948009792,6.5219724594075945,77.34255348291825,1.0052136313683062,32.10313197501233,0.12067054082980143,-33.96216347708023,-1.1573229341274334,-79.37677181208923,0.6295741068180681,-30.00168313355217,0.2719344611720337,-0.01802056247271204,0.00015748,0.06454086740671305,0.00081957,1,0.0
3755,0.10099878661967499,0.037203688380804435,-1.54e-06,1.9036383948009792,6.5219724594075945,20.279793127287583,1.0052136313683062,-3.6526184878839283,0.12067054082980143,-4.82325185663674,-1.1573229341274334,-67.33624545641214,0.6295741068180681,21.322378385878025,0.2719344611720337,-0.005145231462781993,0.00015748,0.06640600622525028,0.00081957,1,0.0
3756,0.08604781142059133,0.0022855656466446114,-1.54e-06,1.9036383948009792,6.5219724594075945,-90.88748868387019,1.0052136313683062,-3.3551169312807776,0.12067054082980143,-65.66844270140191,-1.1573229341274334,98.63566769989308,0.6295741068180681,69.44890267888321,0.2719344611720337,-0.010646827271202423,0.00015748,0.010688455711735777,0.00081957,1,0.0
3757,0.05207860048019344,0.03085858016900523,-1.54e-06,1.9036383948009792,6.5219724594075945,-60.539376403665266,1.0052136313683062,-23.870543314248888,0.12067054082980143,-30.426769137007668,-1.1573229341274334,20.810212836264082,0.6295741068180681,64.25117421845398,0.2719344611720337,-0.054017816637345034,0.00015748,0.06357430269977965,0.00081957,1,0.0
3758,0.0394852415931682,8.081067707732222e-05,-1.54e-06,1.9036383948009792,6.5219724594075945,-37.046606708493236,1.0052136313683062,3.9327208015321586,0.12067054082980143,-34.16126171305744,-1.1573229341274334,23.34306590474227,0.6295741068180681,28.909611863389806,0.2719344611720337,-0.004205647188721953,0.00015748,0.004238388216274876,0.00081957,1,0.0
3759,0.017847314023113736,0.03194940641185144,-1.54e-06,1.9036383948009792,6.5219724594075945,32.7035373487015,1.0052136313683062,0.4979654519388354,0.12067054082980143,-43.38124456906173,-1.1573229341274334,-3.385750979381749,0.6295741068180681,16.599015803508177,0.2719344611720337,-0.012913003148084773,0.00015748,0.06623223948839399,0.00081957,1,0.0
3760,0.05651861120008863,0.008176604610145324,-1.54e-06,1.9036383948009792,6.5219724594075945,-80.42850739827584,1.0052136313683062,-3.987866185793127,0.12067054082980143,-80.01161537059983,-1.1573229341274334,-12.451396477086442,0.6295741068180681,79.65671347316547,0.2719344611720337,-0.034897099228267975,0.00015748,0.03488298085965712,0.00081957,1,0.0
3761,0.0004522126962435563,0.029328407136561284,-1.54e-06,1.9036383948009792,6.5219724594075945,68.19553416054823,1.0052136313683062,10.902452386578112,0.12067054082980143,-31.53113292517593,-1.1573229341274334,-51.41703983668583,0.6295741068180681,-9.204874571513026,0.2719344611720337,-0.0013293886655949966,0.00015748,0.05936220718595996,0.00081957,1,0.0
3762,2.6339742645320463e-05,0.03749193649016307,-1.54e-06,1.9036383948009792,6.5219724594075945,34.578585205344005,1.0052136313683062,37.8472574382055,0.12067054082980143,-69.37262252856048,-1.1573229341274334,58.230748071091696,0.6295741068180681,-16.078367115853634,0.2719344611720337,-0.043637599269631996,0.00015748,0.07182893011888528,0.00081957,1,0.0
3763,0.09727321114480161,0.0003149637729294779,-1.54e-06,1.9036383948009792,6.5219724594075945,-80.80820199903157,1.0052136313683062,7.111132471896271,0.12067054082980143,-65.1135197337706,-1.1573229341274334,1.8784852352861432,0.6295741068180681,65.22195707344335,0.2719344611720337,-0.007483774178232612,0.00015748,0.007485907244746002,0.00081957,1,0.0
3764,0.06840727261000003,0.0018382390560851857,-1.54e-06,1.9036383948009792,6.5219724594075945,-50.757794352584945,1.0052136313683062,8.562680939996373,0.12067054082980143,-38.36193890497803,-1.1573229341274334,56.93768811116157,0.6295741068180681,31.860550210941625,0.2719344611720337,-0.018417705634216762,0.00015748,0.01834338308595694,0.00081957,1,0.0
3765,0.016918679556713424,0.0028935963669969866,-1.54e-06,1.9036383948009792,6.5219724594075945,-35.337347293332876,1.0052136313683062,6.187852768750672,0.12067054082980143,-62.658817215749835,-1.1573229341274334,-86.64401000137046,0.6295741068180681,47.230035079044605,0.2719344611720337,-0.028802279153388982,0.00015748,0.028780698498702822,0.00081957,1,0.0
3766,0.012360465374213148,0.002237120107923451,-1.54e-06,1.9036383948009792,6.5219724594075945,-46.44708716106306,1.0052136313683062,-4.306187990204828,0.12067054082980143,-53.684500066736845,-1.1573229341274334,94.86739220407485,0.6295741068180681,40.60823551908375,0.2719344611720337,-0.015034478895456973,0.00015748,0.015216253410448431,0.00081957,1,0.0
3767,0.14350776360270467,0.0034823219667694874,-1.54e-06,1.9036383948009792,6.5219724594075945,-86.02457325714677,1.0052136313683062,-3.4314509909877415,0.12067054082980143,-8.670381469976647,-1.1573229341274334,71.7044320780099,0.6295741068180681,48.196444219110326,0.2719344611720337,-0.023383382313628905,0.00015748,0.023405067200926288,0.00081957,1,0.0
3768,0.00013189152477435795,0.03382015051590642,-1.54e-06,1.9036383948009792,6.5219724594075945,40.65814474665254,1.0052136313683062,35.16253626146023,0.12067054082980143,-30.40526472326117,-1.1573229341274334,-17.94925741054036,0.6295741068180681,-29.768809285153168,0.2719344611720337,-0.052630234271929976,0.00015748,0.06736050909686592,0.00081957,1,0.0
3769,0.12477270997156913,0.0032966294389404844,-1.54e-06,1.9036383948009792,6.5219724594075945,-98.60546854571488,1.0052136313683062,-1.436699654583876,0.12067054082980143,-57.523121252011634,-1.1573229341274334,-29.777974477315006,0.6295741068180681,81.70711030660252,0.2719344611720337,-0.015410810556956325,0.00015748,0.01564112935559285,0.00081957,1,0.0
3770,0.042282645323168,0.0450754868525217,-1.54e-06,1.9036383948009792,6.5219724594075945,60.84882070644736,1.0052136313683062,22.941251536932867,0.12067054082980143,-95.74225390965547,-1.1573229341274334,-19.062402027269993,0.6295741068180681,18.778757437180325,0.2719344611720337,0.0003083838782612716,0.00015748,0.08958697646391478,0.00081957,0,0.0
3771,0.01461678004123397,0.0004286667210997148,-1.54e-06,1.9036383948009792,6.5219724594075945,-39.593511333457386,1.0052136313683062,8.582531155518112,0.12067054082980143,-67.81464439191782,-1.1573229341274334,41.91382775660482,0.6295741068180681,37.766270843124886,0.2719344611720337,-0.012834208247906126,0.00015748,0.012834877869044633,0.00081957,1,0.0
3772,0.07235864173664702,0.0001702853199316288,-1.54e-06,1.9036383948009792,6.5219724594075945,-42.18436730363393,1.0052136313683062,3.7690400422458388,0.12067054082980143,-19.156775580563593,-1.1573229341274334,-57.89489198704104,0.6295741068180681,34.08626374582783,0.2719344611720337,-0.0039907732215844205,0.00015748,0.003993068047432848,0.00081957,1,0.0
3773,0.03675105673987534,0.0013046400720224745,-1.54e-06,1.9036383948009792,6.5219724594075945,-57.25346914485695,1.0052136313683062,8.735716700081715,0.12067054082980143,-82.50505272152436,-1.1573229341274334,-14.808196169342503,0.6295741068180681,58.57345910688863,0.2719344611720337,-0.0210733626739429,0.00015748,0.021091463128649623,0.00081957,1,0.0
3774,0.0948556809528809,0.010283829359306584,-1.54e-06,1.9036383948009792,6.5219724594075945,-43.43142426874915,1.0052136313683062,-0.03778694217879654,0.12067054082980143,-28.18718235847754,-1.1573229341274334,-2.615104578085542,0.6295741068180681,42.0267366639808,0.2719344611720337,-0.00038148607303324124,0.00015748,0.01809030760623557,0.00081957,1,0.0
3775,0.03469384020880156,0.008580958788046598,-1.54e-06,1.9036383948009792,6.5219724594075945,5.740348502829344,1.0052136313683062,16.09687902939707,0.12067054082980143,-19.18220096974294,-1.1573229341274334,-77.77750726496679,0.6295741068180681,3.821963816301546,0.2719344611720337,-0.01673914212850712,0.00015748,0.027770160877644508,0.00081957,1,0.0
3776,0.10401302614522828,0.0020173437607202,-1.54e-06,1.9036383948009792,6.5219724594075945,-72.1563809171096,1.0052136313683062,18.403884212401262,0.12067054082980143,-71.94229396562751,-1.1573229341274334,-86.21693840277439,0.6295741068180681,63.14941682208367,0.2719344611720337,-0.024193679744380744,0.00015748,0.024176138413941523,0.00081957,1,0.0
3777,0.0946495289199748,0.00033174828440200773,-1.54e-06,1.9036383948009792,6.5219724594075945,-89.93855987571229,1.0052136313683062,8.997331279243578,0.12067054082980143,-82.85902200493817,-1.1573229341274334,55.88699736717161,0.6295741068180681,70.59336129427746,0.2719344611720337,-0.009316761539497764,0.00015748,0.009330014214141967,0.00081957,1,0.0
3778,0.07529207510242418,0.00021715513792271875,-1.54e-06,1.9036383948009792,6.5219724594075945,-61.798961236915,1.0052136313683062,4.105897516681586,0.12067054082980143,-45.19832048460047,-1.1573229341274334,20.34319930436813,0.6295741068180681,47.33437845397268,0.2719344611720337,-0.003375431294090903,0.00015748,0.0033798734897497206,0.00081957,1,0.0
3779,0.10970049331964218,0.00040993581541765673,-1.54e-06,1.9036383948009792,6.5219724594075945,-96.09515786967616,1.0052136313683062,9.264531983819817,0.12067054082980143,-83.49826108337186,-1.1573229341274334,12.908090290159738,0.6295741068180681,78.22723417778869,0.2719344611720337,-0.010175996799904186,0.00015748,0.010183521237156495,0.00081957,1,0.0
3780,0.04447089996251216,0.03994376554343167,-1.54e-06,1.9036383948009792,6.5219724594075945,46.64798120115248,1.0052136313683062,29.555449175459355,0.12067054082980143,-99.25856858545428,-1.1573229341274334,60.578635089114556,0.6295741068180681,11.637056477028292,0.2719344611720337,0.006193268498142675,0.00015748,0.07153623921307248,0.00081957,0,0.0
3781,0.00031792599254845677,0.01575168975024574,-1.54e-06,1.9036383948009792,6.5219724594075945,29.434339944485657,1.0052136313683062,9.958460692885327,0.12067054082980143,-29.7268482569968,-1.1573229341274334,71.83791989354799,0.6295741068180681,-8.438407905401704,0.2719344611720337,0.006046847698316055,0.00015748,0.024920218656788985,0.00081957,0,0.0
3782,0.00029650772558538485,0.0031104262946330175,-1.54e-06,1.9036383948009792,6.5219724594075945,8.89114121688298,1.0052136313683062,6.107872189635003,0.12067054082980143,-2.612378636450739,-1.1573229341274334,22.878832317881745,0.6295741068180681,-9.244447163322265,0.2719344611720337,-0.011524089749441378,0.00015748,0.0152249815921487,0.00081957,1,0.0
3783,0.061755966618534296,0.0065406183065765825,-1.54e-06,1.9036383948009792,6.5219724594075945,-72.67386463806507,1.0052136313683062,-1.4677324933162421,0.12067054082980143,-70.45091309207984,-1.1573229341274334,-62.58721327739859,0.6295741068180681,74.63685890119689,0.2719344611720337,-0.033309031672218804,0.00015748,0.033292234390053,0.00081957,1,0.0
3784,0.028001618029095676,0.027397660441733467,-1.54e-06,1.9036383948009792,6.5219724594075945,21.711838787200918,1.0052136313683062,36.140336671232404,0.12067054082980143,-68.5844753008252,-1.1573229341274334,-89.42242154348654,0.6295741068180681,5.326984658917341,0.2719344611720337,-0.036486227227184954,0.00015748,0.062420928095142623,0.00081957,1,0.0
3785,6.273155867096009e-05,0.004019403382746363,-1.54e-06,1.9036383948009792,6.5219724594075945,-13.431091891162986,1.0052136313683062,9.084024341800099,0.12067054082980143,-46.34887083304064,-1.1573229341274334,95.39992868142971,0.6295741068180681,11.616450147423162,0.2719344611720337,-0.010433104917725462,0.00015748,0.016450116713195996,0.00081957,1,0.0
3786,0.0002835400172896685,0.00103349528126788,-1.54e-06,1.9036383948009792,6.5219724594075945,-10.697147056519482,1.0052136313683062,10.242132025649616,0.12067054082980143,-38.52269142173489,-1.1573229341274334,-15.258408044935896,0.6295741068180681,14.620995107973997,0.2719344611720337,-0.015009733070982486,0.00015748,0.015060667184840388,0.00081957,1,0.0
3787,0.04751998154803538,0.0004895236211123725,-1.54e-06,1.9036383948009792,6.5219724594075945,-40.394807390150994,1.0052136313683062,1.7509845924509657,0.12067054082980143,-25.14496761834145,-1.1573229341274334,74.80774879737122,0.6295741068180681,24.173590495674247,0.2719344611720337,-0.010222740637588965,0.00015748,0.01024729765334895,0.00081957,1,0.0
3788,0.05805483980967929,0.0024614072148010442,-1.54e-06,1.9036383948009792,6.5219724594075945,-82.30399129509702,1.0052136313683062,3.548779766371237,0.12067054082980143,-93.31150118190386,-1.1573229341274334,32.92644361103721,0.6295741068180681,76.09453158631742,0.2719344611720337,-0.02044317679125798,0.00015748,0.020516431240178493,0.00081957,1,0.0
3789,0.00012403159712570666,0.02735085934234164,-1.54e-06,1.9036383948009792,6.5219724594075945,42.5414645009127,1.0052136313683062,27.153912735955988,0.12067054082980143,-68.1720798525478,-1.1573229341274334,41.836739594560385,0.6295741068180681,-6.616525280334905,0.2719344611720337,-0.011478160869103114,0.00015748,0.05455666559986405,0.00081957,1,0.0
3790,0.06783051208203746,0.0002526124905128601,-1.54e-06,1.9036383948009792,6.5219724594075945,-72.0875980369654,1.0052136313683062,7.862855670939849,0.12067054082980143,-75.57428526299593,-1.1573229341274334,31.69139109757774,0.6295741068180681,60.74299253485609,0.2719344611720337,-0.0100030630858381,0.00015748,0.010009975250256771,0.00081957,1,0.0
3791,0.1295769920377492,0.0022993337197166827,-1.54e-06,1.9036383948009792,6.5219724594075945,-84.55083881786393,1.0052136313683062,-2.5926039732456676,0.12067054082980143,-20.493250847438954,-1.1573229341274334,63.543358755950344,0.6295741068180681,51.8910083177576,0.2719344611720337,-0.016712295697533696,0.00015748,0.016714018953059687,0.00081957,1,0.0
3792,0.07041972717677994,0.0002617698609958444,-1.54e-06,1.9036383948009792,6.5219724594075945,-45.94836075828781,1.0052136313683062,7.728451127098258,0.12067054082980143,-35.8384982591316,-1.1573229341274334,-73.5208100627521,0.6295741068180681,41.09867234373272,0.2719344611720337,-0.01072236383458977,0.00015748,0.01072820908068208,0.00081957,1,0.0
3793,1.1773665401004774e-05,0.03293964914505559,-1.54e-06,1.9036383948009792,6.5219724594075945,50.642066030403235,1.0052136313683062,23.95284833981643,0.12067054082980143,-92.51861054774184,-1.1573229341274334,75.6086512287697,0.6295741068180681,4.715727377116977,0.2719344611720337,0.002325477870819305,0.00015748,0.06256883586202086,0.00081957,0,0.0
3794,0.2332796786283526,0.10042524061069508,-1.54e-06,1.9036383948009792,6.5219724594075945,61.802739623328506,1.0052136313683062,-3.322286250915532,0.12067054082980143,-24.07246604227381,-1.1573229341274334,25.74183803146515,0.6295741068180681,31.71362755770581,0.2719344611720337,0.018539081677489133,0.00015748,0.14216065115363635,0.00081957,0,0.0
3795,0.0010116236824507796,0.0024105073778443458,-1.54e-06,1.9036383948009792,6.5219724594075945,-18.893946090249198,1.0052136313683062,15.737688848208787,0.12067054082980143,-66.30482884610288,-1.1573229341274334,-75.91263887562435,0.6295741068180681,31.43842782576569,0.2719344611720337,-0.027274167730076196,0.00015748,0.02730893301537994,0.00081957,1,0.0
3796,0.01693492135396272,0.0005328054716687578,-1.54e-06,1.9036383948009792,6.5219724594075945,-10.209478915278831,1.0052136313683062,7.093203926433607,0.12067054082980143,-22.20518036358547,-1.1573229341274334,-92.21193168553815,0.6295741068180681,17.775717249436113,0.2719344611720337,-0.014578450827201167,0.00015748,0.014585467820157573,0.00081957,1,0.0
3797,0.0004733732461200957,0.015205461931807995,-1.54e-06,1.9036383948009792,6.5219724594075945,6.444044865552726,1.0052136313683062,23.05006255104825,0.12067054082980143,-56.760851288359525,-1.1573229341274334,67.01078221558483,0.6295741068180681,-0.3493045638768204,0.2719344611720337,-0.028744078463683743,0.00015748,0.04227337765873195,0.00081957,1,0.0
3798,0.06871049717391131,0.0050835175463117,-1.54e-06,1.9036383948009792,6.5219724594075945,-56.02921800993106,1.0052136313683062,19.34517311441588,0.12067054082980143,-69.11950801815163,-1.1573229341274334,38.236437493220286,0.6295741068180681,40.47892588757458,0.2719344611720337,-0.03060572703540459,0.00015748,0.030671403263352204,0.00081957,1,0.0
3799,0.0006941682239076374,0.0056191511662460145,-1.54e-06,1.9036383948009792,6.5219724594075945,-18.18488462941989,1.0052136313683062,21.71140299355508,0.12067054082980143,-72.33027346377536,-1.1573229341274334,-0.5664903426361118,0.6295741068180681,22.059756050417274,0.2719344611720337,-0.031410812348587384,0.00015748,0.03175947967477171,0.00081957,1,0.0
3800,0.8579554508335915,0.16070766901216152,-1.54e-06,1.6665574929518563,3.485611170112556,-76.33077662393225,1.0052136313683062,-2.2738060929650272,0.12067054082980143,-21.845078746670918,-1.1573229341274334,-16.870289796331086,0.6295741068180681,77.86525320300285,0.2719344611720337,-0.08527986828721282,0.00015748,0.08535183906939889,0.00081957,1,0.0
3801,0.10369975723097682,0.04643105531356875,-1.54e-06,1.6665574929518563,3.485611170112556,-45.126904922858785,1.0052136313683062,-4.203689796613673,0.12067054082980143,-36.1991942788769,-1.1573229341274334,79.45408555502479,0.6295741068180681,35.872856072951365,0.2719344611720337,-0.1309873531509818,0.00015748,0.1305131791640654,0.00081957,1,0.0
3802,0.27571478958179935,0.0328019496217718,-1.54e-06,1.6665574929518563,3.485611170112556,-34.685357956459335,1.0052136313683062,8.58711270298105,0.12067054082980143,-59.96992612571294,-1.1573229341274334,17.348473174804987,0.6295741068180681,50.59489142742248,0.2719344611720337,-0.12588084560149632,0.00015748,0.126072585659658,0.00081957,1,0.0
3803,0.40041755052205974,0.12711909197464175,-1.54e-06,1.6665574929518563,3.485611170112556,100.0,1.0052136313683062,26.48368709817852,0.12067054082980143,-34.276883513653225,-1.1573229341274334,-57.89065782981199,0.6295741068180681,-25.098915569319093,0.2719344611720337,0.3663392878300791,0.00015748,0.7890488657502048,0.00081957,0,0.0
3804,0.6041936230245867,1.0850917500590314,-1.54e-06,1.6665574929518563,3.485611170112556,-68.19657111188043,1.0052136313683062,16.845520599368825,0.12067054082980143,-31.851797966494093,-1.1573229341274334,20.84744410659387,0.6295741068180681,44.46402368493615,0.2719344611720337,-0.5892413578697968,0.00015748,0.5870297441082934,0.00081957,1,0.0
3805,0.00015311383476124263,0.24523886599117523,-1.54e-06,1.6665574929518563,3.485611170112556,-9.6804020792648,1.0052136313683062,7.3143235742251616,0.12067054082980143,-30.59162391962436,-1.1573229341274334,62.83859927443088,0.6295741068180681,4.2794737922538095,0.2719344611720337,-0.14972078671881175,0.00015748,0.33178500338288486,0.00081957,1,0.0
3806,0.8492596814854766,1.2492202913113313,-1.54e-06,1.6665574929518563,3.485611170112556,78.80525211066339,1.0052136313683062,-1.2526106493030533,0.12067054082980143,-32.719376694936514,-1.1573229341274334,66.84401378042047,0.6295741068180681,2.979055723356287,0.2719344611720337,0.33132269931482794,0.00015748,1.6099840315770517,0.00081957,0,0.0
3807,0.05809985158580555,0.9317946313295793,-1.54e-06,1.6665574929518563,3.485611170112556,-21.414412101448022,1.0052136313683062,22.95625642431111,0.12067054082980143,-52.15437747293643,-1.1573229341274334,36.439898745726005,0.6295741068180681,12.966366921998059,0.2719344611720337,-0.536116984611825,0.00015748,0.5386831880104912,0.00081957,1,0.0
3808,0.11381627319281024,0.09494477474766709,-1.54e-06,1.6665574929518563,3.485611170112556,-4.952882021458875,1.0052136313683062,11.546861303632241,0.12067054082980143,-46.74188184592287,-1.1573229341274334,-13.149729052750239,0.6295741068180681,27.01059382904522,0.2719344611720337,-0.20595905434431916,0.00015748,0.2115190928151106,0.00081957,1,0.0
3809,0.09285425792757018,0.04141268327150874,-1.54e-06,1.6665574929518563,3.485611170112556,99.91102618309601,1.0052136313683062,30.8314752199246,0.12067054082980143,-97.04159870381511,-1.1573229341274334,30.187021554407213,0.6295741068180681,-13.15140900937575,0.2719344611720337,0.34640036432714255,0.00015748,0.8982350960763057,0.00081957,0,0.0
3810,0.013490848105061959,0.1628829399652375,-1.54e-06,1.6665574929518563,3.485611170112556,17.12765937905118,1.0052136313683062,13.677187025370689,0.12067054082980143,-48.84904953677104,-1.1573229341274334,-2.1518803582831674,0.6295741068180681,11.731849798025902,0.2719344611720337,-0.11454844824205324,0.00015748,0.2940447603926133,0.00081957,1,0.0
3811,0.038319093764290935,0.14120016088540202,-1.54e-06,1.6665574929518563,3.485611170112556,57.00019631263108,1.0052136313683062,10.717281515147665,0.12067054082980143,-23.247834526845956,-1.1573229341274334,17.21835993040204,0.6295741068180681,-22.21857714192168,0.2719344611720337,0.30058695554528675,0.00015748,0.39372487951272345,0.00081957,0,0.0
3812,0.3346186912601732,0.10633926978812287,-1.54e-06,1.6665574929518563,3.485611170112556,-29.67119830412223,1.0052136313683062,14.577357727544431,0.12067054082980143,-58.739672552024764,-1.1573229341274334,-6.259986263618417,0.6295741068180681,47.169072555409315,0.2719344611720337,-0.2096598515081736,0.00015748,0.21358075134650692,0.00081957,1,0.0
3813,-0.00013559063829102214,0.18653167755511,-1.54e-06,1.6665574929518563,3.485611170112556,35.39419183565474,1.0052136313683062,2.5870371926643174,0.12067054082980143,-10.161312959800751,-1.1573229341274334,45.191009746081704,0.6295741068180681,-19.609138602650972,0.2719344611720337,0.162492200573774,0.00015748,0.3983970698421696,0.00081957,0,0.0
3814,0.38312272827039456,0.2560210119149799,-1.54e-06,1.6665574929518563,3.485611170112556,32.18818838410549,1.0052136313683062,7.651902476429798,0.12067054082980143,-36.75400936387158,-1.1573229341274334,42.973833726740125,0.6295741068180681,5.934988667592337,0.2719344611720337,0.30919642147950654,0.00015748,0.5898447634103682,0.00081957,0,0.0
3815,0.17224658127751374,0.056226526481377874,-1.54e-06,1.6665574929518563,3.485611170112556,-40.687474608289364,1.0052136313683062,11.176466843021021,0.12067054082980143,-89.68099192235601,-1.1573229341274334,53.6475549376764,0.6295741068180681,60.41479357521638,0.2719344611720337,-0.16386837372824925,0.00015748,0.16339892309123516,0.00081957,1,0.0
3816,0.0021805092920496733,0.05648109108925759,-1.54e-06,1.6665574929518563,3.485611170112556,10.58933633224241,1.0052136313683062,2.753897120988975,0.12067054082980143,-6.740581702460123,-1.1573229341274334,3.760345407486761,0.6295741068180681,-3.5883219416451477,0.2719344611720337,0.05073631219082314,0.00015748,0.07592518633489223,0.00081957,0,0.0
3817,0.22776403498707715,0.021797755070591812,-1.54e-06,1.6665574929518563,3.485611170112556,-45.952662002183295,1.0052136313683062,7.744766385098731,0.12067054082980143,-77.90947712318977,-1.1573229341274334,53.58761696118313,0.6295741068180681,60.051912919216456,0.2719344611720337,-0.09945251005354691,0.00015748,0.09979740547177482,0.00081957,1,0.0
3818,1.0882671282239018,0.5668179355943392,-1.54e-06,1.6665574929518563,3.485611170112556,-51.946374558677945,1.0052136313683062,-1.423107358960715,0.12067054082980143,-16.17599815291859,-1.1573229341274334,-37.893042336366825,0.6295741068180681,73.76223649778395,0.2719344611720337,-0.004078938384596054,0.00015748,0.3862912608923782,0.00081957,1,0.0
3819,0.5740651315656272,0.25284882949534065,-1.54e-06,1.6665574929518563,3.485611170112556,-19.39154388575263,1.0052136313683062,19.143307331148666,0.12067054082980143,-56.01371053291853,-1.1573229341274334,-83.71629835689066,0.6295741068180681,58.1345602732574,0.2719344611720337,-0.3530857525986029,0.00015748,0.35382041327932984,0.00081957,1,0.0
3820,0.4010423917858154,0.24462068156769184,-1.54e-06,1.6665574929518563,3.485611170112556,-6.815357718602912,1.0052136313683062,19.13652645600695,0.12067054082980143,-69.2397083400777,-1.1573229341274334,-33.53586622829352,0.6295741068180681,47.048571858288405,0.2719344611720337,-0.19866983364667895,0.00015748,0.3797139836003343,0.00081957,1,0.0
3821,0.39854105598186196,0.13066659733644234,-1.54e-06,1.6665574929518563,3.485611170112556,70.66605351598422,1.0052136313683062,23.621600020449133,0.12067054082980143,-82.66038821409758,-1.1573229341274334,15.449386813079041,0.6295741068180681,9.221705794158185,0.2719344611720337,0.35402173966073025,0.00015748,0.8303440825490199,0.00081957,0,0.0
3822,-0.0009764217824593593,0.09865136068061493,-1.54e-06,1.6665574929518563,3.485611170112556,-2.9103559857174623,1.0052136313683062,-1.314458689234071,0.12067054082980143,-12.154311042021009,-1.1573229341274334,45.181172887128945,0.6295741068180681,2.135049050195035,0.2719344611720337,-0.012309648877179516,0.00015748,0.1833812101025455,0.00081957,1,0.0
3823,0.0009193139836076447,0.17619930285937876,-1.54e-06,1.6665574929518563,3.485611170112556,86.76574003302727,1.0052136313683062,4.727187771234072,0.12067054082980143,-27.20413820776798,-1.1573229341274334,83.23860674493693,0.6295741068180681,-39.12212985181706,0.2719344611720337,0.3555965065770547,0.00015748,0.8985192185449629,0.00081957,0,0.0
3824,0.7497276193067631,0.20015839180119113,-1.54e-06,1.6665574929518563,3.485611170112556,67.42896878473842,1.0052136313683062,34.59386479108518,0.12067054082980143,-97.47934669398067,-1.1573229341274334,-32.58506514848077,0.6295741068180681,27.980060217623652,0.2719344611720337,0.3395159553618676,0.00015748,0.9460368124103755,0.00081957,0,0.0
3825,0.5168814150378996,0.08350943013933149,-1.54e-06,1.6665574929518563,3.485611170112556,-46.7116748842569,1.0052136313683062,13.262521485899322,0.12067054082980143,-70.99160055660585,-1.1573229341274334,-8.616940220231887,0.6295741068180681,70.03090864960159,0.2719344611720337,-0.1934639707200055,0.00015748,0.1950039765932314,0.00081957,1,0.0
3826,-0.00288090583994266,0.34172876407370373,-1.54e-06,1.6665574929518563,3.485611170112556,-27.68170194658786,1.0052136313683062,6.937267507257076,0.12067054082980143,-27.515958705785696,-1.1573229341274334,66.04159698131065,0.6295741068180681,9.331877256097517,0.2719344611720337,-0.3358087489965552,0.00015748,0.34593248118434106,0.00081957,1,0.0
3827,0.24127179736365983,0.040808274653951385,-1.54e-06,1.6665574929518563,3.485611170112556,-24.06808677658377,1.0052136313683062,8.613298723130722,0.12067054082980143,-49.20524420598374,-1.1573229341274334,0.769213971604533,0.6295741068180681,40.99650177485178,0.2719344611720337,-0.14185581082356435,0.00015748,0.1415693607477458,0.00081957,1,0.0
3828,0.4455202650219048,0.1274910915144943,-1.54e-06,1.6665574929518563,3.485611170112556,99.84669252976038,1.0052136313683062,39.193138949274044,0.12067054082980143,-95.72016457351026,-1.1573229341274334,-26.194616615663335,0.6295741068180681,-2.162394159253646,0.2719344611720337,0.3328911699617824,0.00015748,1.0088565276051145,0.00081957,0,0.0
3829,0.5371393982376809,0.2355594425483029,-1.54e-06,1.6665574929518563,3.485611170112556,-20.64991509061141,1.0052136313683062,12.58301532896163,0.12067054082980143,-90.24945364983859,-1.1573229341274334,51.415331220152034,0.6295741068180681,62.00106838249079,0.2719344611720337,0.1803293139841058,0.00015748,0.3742294615867753,0.00081957,0,0.0
3830,0.00040502016489576964,0.1521469079363249,-1.54e-06,1.6665574929518563,3.485611170112556,9.113103350513205,1.0052136313683062,3.318425026312734,0.12067054082980143,-32.32148662962476,-1.1573229341274334,67.47677639515304,0.6295741068180681,1.370075806923439,0.2719344611720337,0.10514465041929019,0.00015748,0.28935879823438004,0.00081957,0,0.0
3831,0.0005482507417983729,0.10429521418088616,-1.54e-06,1.6665574929518563,3.485611170112556,-13.289982105673827,1.0052136313683062,10.694753861509781,0.12067054082980143,-82.95206354061195,-1.1573229341274334,73.03508682066561,0.6295741068180681,36.075885959812986,0.2719344611720337,-0.014786949147113468,0.00015748,0.20864930018701522,0.00081957,1,0.0
3832,1.4673832173426216,1.2473991018796153,-1.54e-06,1.6665574929518563,3.485611170112556,36.27027401700089,1.0052136313683062,19.103893504267997,0.12067054082980143,-21.05364808552467,-1.1573229341274334,-17.327366879870063,0.6295741068180681,23.900333150698863,0.2719344611720337,0.5855691532660442,0.00015748,1.1586029350626932,0.00081957,0,0.0
3833,0.16929942429314965,0.04221147888243919,-1.54e-06,1.6665574929518563,3.485611170112556,1.5115728039696679,1.0052136313683062,7.405831521917213,0.12067054082980143,-13.24324584067368,-1.1573229341274334,-41.25705329642253,0.6295741068180681,13.137811695653072,0.2719344611720337,-0.14341711232429427,0.00015748,0.14315229595209444,0.00081957,1,0.0
3834,0.8544606200679145,0.4027624592680914,-1.54e-06,1.6665574929518563,3.485611170112556,-6.329581300866371,1.0052136313683062,25.616527703620456,0.12067054082980143,-81.67367886277549,-1.1573229341274334,-63.895626980946346,0.6295741068180681,67.27722579356468,0.2719344611720337,-0.06416113606031554,0.00015748,0.564321959354477,0.00081957,1,0.0
3835,0.07060709156262907,0.06145636323870279,-1.54e-06,1.6665574929518563,3.485611170112556,-32.94803838757034,1.0052136313683062,10.26080455345078,0.12067054082980143,-87.93407214089407,-1.1573229341274334,59.40233975553457,0.6295741068180681,52.93302239822152,0.2719344611720337,-0.16060158201229946,0.00015748,0.16373308980293377,0.00081957,1,0.0
3836,0.6466225663737926,0.15189739932046442,-1.54e-06,1.6665574929518563,3.485611170112556,-29.17139316843164,1.0052136313683062,15.427344895987417,0.12067054082980143,-43.59039437214426,-1.1573229341274334,-77.62293049548846,0.6295741068180681,58.80001566546127,0.2719344611720337,-0.26250927904621696,0.00015748,0.262362943349392,0.00081957,1,0.0
3837,0.2793401914046867,0.050565312065360954,-1.54e-06,1.6665574929518563,3.485611170112556,-22.951160886903676,1.0052136313683062,9.255387888662314,0.12067054082980143,-47.179561365363085,-1.1573229341274334,-9.694057418264821,0.6295741068180681,41.58287931250718,0.2719344611720337,-0.15556556658838688,0.00015748,0.15765103492946592,0.00081957,1,0.0
3838,5.7773700976371245e-05,0.06721259654300492,-1.54e-06,1.6665574929518563,3.485611170112556,83.37782016724104,1.0052136313683062,13.804903142331622,0.12067054082980143,-27.907535313305587,-1.1573229341274334,35.98434447584056,0.6295741068180681,-38.342008167998216,0.2719344611720337,0.4557042681459088,0.00015748,0.5522671769867072,0.00081957,0,0.0
3839,0.01923522559156636,0.0034506547763198236,-1.54e-06,1.6665574929518563,3.485611170112556,-35.04597179557415,1.0052136313683062,2.657811631936727,0.12067054082980143,-59.92336880599963,-1.1573229341274334,75.1369900592021,0.6295741068180681,38.57077793550219,0.2719344611720337,-0.02712377999882761,0.00015748,0.027056752207528616,0.00081957,1,0.0
3840,0.6269761970223373,0.061980110516973226,-1.54e-06,1.6665574929518563,3.485611170112556,-31.648174382915453,1.0052136313683062,7.73110552526649,0.12067054082980143,-16.749719088308268,-1.1573229341274334,-67.36492675949286,0.6295741068180681,47.526888412698135,0.2719344611720337,-0.12196921337001537,0.00015748,0.1219309986996105,0.00081957,1,0.0
3841,0.6936148960280777,0.2114627641656344,-1.54e-06,1.6665574929518563,3.485611170112556,57.88652977160793,1.0052136313683062,24.436374100275703,0.12067054082980143,-50.194955889704794,-1.1573229341274334,-42.976147806158764,0.6295741068180681,11.367141248025355,0.2719344611720337,0.38917159819249514,0.00015748,0.6958056215060161,0.00081957,0,0.0
3842,0.4873309181054256,0.16691503967567217,-1.54e-06,1.6665574929518563,3.485611170112556,-67.30142563261666,1.0052136313683062,-0.8560702970972637,0.12067054082980143,-70.92083831603748,-1.1573229341274334,72.02717528547726,0.6295741068180681,77.93134431758786,0.2719344611720337,-0.04057657483254425,0.00015748,0.16327433668083677,0.00081957,1,0.0
3843,0.777819403511768,0.10016199003403733,-1.54e-06,1.6665574929518563,3.485611170112556,-59.475409602174395,1.0052136313683062,1.1983989982607672,0.12067054082980143,-11.522517002642283,-1.1573229341274334,-37.41774769244017,0.6295741068180681,61.46246221047422,0.2719344611720337,-0.04081759947376633,0.00015748,0.040638067013146775,0.00081957,1,0.0
3844,0.29185841647489474,0.08799760520347474,-1.54e-06,1.6665574929518563,3.485611170112556,46.35088782799508,1.0052136313683062,22.259836204763403,0.12067054082980143,-92.0376779001294,-1.1573229341274334,61.136568003731234,0.6295741068180681,15.17633195970976,0.2719344611720337,0.4223336200897387,0.00015748,0.6128904518889509,0.00081957,0,0.0
3845,0.035249505724368135,0.05208644491977241,-1.54e-06,1.6665574929518563,3.485611170112556,68.40117680261635,1.0052136313683062,17.567669282515585,0.12067054082980143,-65.28890910095873,-1.1573229341274334,63.45133655644138,0.6295741068180681,-15.034573022522169,0.2719344611720337,0.44562084829063786,0.00015748,0.5688440788948113,0.00081957,0,0.0
3846,0.6192686565142078,0.04605048103996019,-1.54e-06,1.6665574929518563,3.485611170112556,-62.54062611861948,1.0052136313683062,6.73132970515753,0.12067054082980143,-57.06302919624248,-1.1573229341274334,4.447192813320103,0.6295741068180681,74.90017196377931,0.2719344611720337,-0.06872619826516937,0.00015748,0.06858765952484894,0.00081957,1,0.0
3847,0.39915645144478973,0.12816615773959183,-1.54e-06,1.6665574929518563,3.485611170112556,63.3237022789799,1.0052136313683062,20.923326286765967,0.12067054082980143,-51.79944764996255,-1.1573229341274334,-0.24188915016297285,0.6295741068180681,-2.830973350838441,0.2719344611720337,0.4175446555007048,0.00015748,0.6214748666807228,0.00081957,0,0.0
3848,0.0024563000500285037,0.048963095693702274,-1.54e-06,1.6665574929518563,3.485611170112556,73.70277624691626,1.0052136313683062,17.30653945184812,0.12067054082980143,-58.86792779454973,-1.1573229341274334,58.15189909287483,0.6295741068180681,-21.282191091773047,0.2719344611720337,0.4472777450587655,0.00015748,0.5647095806650926,0.00081957,0,0.0
3849,0.002466473170457395,0.12873093069245378,-1.54e-06,1.6665574929518563,3.485611170112556,22.034082212548316,1.0052136313683062,9.644833048523493,0.12067054082980143,-42.57025816118416,-1.1573229341274334,36.156221171073206,0.6295741068180681,2.079052153691333,0.2719344611720337,0.14103466087201172,0.00015748,0.24768442586345485,0.00081957,0,0.0
3850,0.08966791774667926,0.05076355452705549,-1.54e-06,1.6665574929518563,3.485611170112556,-14.965528822111255,1.0052136313683062,8.607822041500507,0.12067054082980143,-52.628516406779106,-1.1573229341274334,14.02956937029491,0.6295741068180681,32.523290750223175,0.2719344611720337,-0.15284393454159081,0.00015748,0.154112198264215,0.00081957,1,0.0
3851,0.2667905482823093,0.08860328721458705,-1.54e-06,1.6665574929518563,3.485611170112556,34.289782615194625,1.0052136313683062,20.19712061431577,0.12067054082980143,-99.90199447930269,-1.1573229341274334,87.75447372586495,0.6295741068180681,21.98104231743205,0.2719344611720337,0.45412606429201346,0.00015748,0.552604940719169,0.00081957,0,0.0
3852,0.06458065738387593,0.003542246924190773,-1.54e-06,1.6665574929518563,3.485611170112556,-27.082944460348052,1.0052136313683062,0.5824486389902341,0.12067054082980143,-34.163137260099134,-1.1573229341274334,47.214320867715145,0.6295741068180681,26.713174028661328,0.2719344611720337,-0.03295783137306381,0.00015748,0.03334117735820391,0.00081957,1,0.0
3853,0.8406052906693237,0.2520651305791875,-1.54e-06,1.6665574929518563,3.485611170112556,-44.6209745065118,1.0052136313683062,20.217426987998966,0.12067054082980143,-67.8305459419701,-1.1573229341274334,-85.59732828503923,0.6295741068180681,83.71367889810685,0.2719344611720337,-0.33909712753526794,0.00015748,0.33949684542265773,0.00081957,1,0.0
3854,0.00041331031473235136,0.04588643241550479,-1.54e-06,1.6665574929518563,3.485611170112556,87.64836874888083,1.0052136313683062,23.10181558024298,0.12067054082980143,-86.69177232382806,-1.1573229341274334,67.46213285431212,0.6295741068180681,-16.41412345204584,0.2719344611720337,0.4425535243816288,0.00015748,0.7516570227630377,0.00081957,0,0.0
3855,0.021874381156923185,0.07510076488434597,-1.54e-06,1.6665574929518563,3.485611170112556,-36.297986008098185,1.0052136313683062,0.29978763210251547,0.12067054082980143,-34.18113356121172,-1.1573229341274334,77.57670825789134,0.6295741068180681,23.600979230294683,0.2719344611720337,-0.18164863732158645,0.00015748,0.18100144618315603,0.00081957,1,0.0
3856,0.2693015388836858,0.18537966607758663,-1.54e-06,1.6665574929518563,3.485611170112556,32.303770437828085,1.0052136313683062,12.827939851410678,0.12067054082980143,-27.540227730983318,-1.1573229341274334,-28.20797538261987,0.6295741068180681,4.339204971668036,0.2719344611720337,0.10030529820549425,0.00015748,0.3698258700582552,0.00081957,0,0.0
3857,0.3674665850107773,0.2238547469806279,-1.54e-06,1.6665574929518563,3.485611170112556,-10.397351188533023,1.0052136313683062,17.664200522863066,0.12067054082980143,-64.3276600654258,-1.1573229341274334,-42.05862016247878,0.6295741068180681,47.542449918517576,0.2719344611720337,-0.27115600192445893,0.00015748,0.3445141351748134,0.00081957,1,0.0
3858,0.5680676281060806,0.26590402549676295,-1.54e-06,1.6665574929518563,3.485611170112556,22.180422761413638,1.0052136313683062,13.779466776728551,0.12067054082980143,-88.69800657909899,-1.1573229341274334,67.8902744230086,0.6295741068180681,39.41635430517669,0.2719344611720337,0.3696245431273021,0.00015748,0.7240216626616057,0.00081957,0,0.0
3859,0.28104670992622804,0.013733460272372839,-1.54e-06,1.6665574929518563,3.485611170112556,-52.11069059130645,1.0052136313683062,6.2743717030868,0.12067054082980143,-74.28595725654219,-1.1573229341274334,55.78294974616102,0.6295741068180681,62.920558500414174,0.2719344611720337,-0.06704223776109049,0.00015748,0.06722452254248389,0.00081957,1,0.0
3860,0.9854560397306242,0.3339328604866213,-1.54e-06,1.6665574929518563,3.485611170112556,69.16504580243335,1.0052136313683062,32.02727108791466,0.12067054082980143,-85.59348332772264,-1.1573229341274334,-66.98422154165266,0.6295741068180681,35.72545697616966,0.2719344611720337,0.32854997315184775,0.00015748,1.0547655417689223,0.00081957,0,0.0
3861,0.7502608806077578,0.09304812757807758,-1.54e-06,1.6665574929518563,3.485611170112556,-41.23932246361443,1.0052136313683062,9.42331140719167,0.12067054082980143,-28.159469068979366,-1.1573229341274334,-72.950229226054,0.6295741068180681,62.16380281893355,0.2719344611720337,-0.15657209020307888,0.00015748,0.1567938796126372,0.00081957,1,0.0
3862,0.6653956112803743,0.0663851539380848,-1.54e-06,1.6665574929518563,3.485611170112556,-30.18871859483781,1.0052136313683062,6.740150214058875,0.12067054082980143,-7.693982916696406,-1.1573229341274334,-79.1600237050261,0.6295741068180681,45.266456682933224,0.2719344611720337,-0.11230453081093145,0.00015748,0.11229236214137955,0.00081957,1,0.0
3863,0.8985362028068292,0.3445473630331745,-1.54e-06,1.6665574929518563,3.485611170112556,35.137490562075214,1.0052136313683062,27.204697050991527,0.12067054082980143,-56.02684287058576,-1.1573229341274334,-73.39629812327983,0.6295741068180681,33.68355665759357,0.2719344611720337,0.24685110082487485,0.00015748,0.674647417312022,0.00081957,0,0.0
3864,0.2334627167597243,0.043796125525108566,-1.54e-06,1.6665574929518563,3.485611170112556,-31.546319701194538,1.0052136313683062,9.55096190560533,0.12067054082980143,-64.19750004919285,-1.1573229341274334,19.736199698600853,0.6295741068180681,49.394082862992605,0.2719344611720337,-0.14631571934513674,0.00015748,0.14735051173226185,0.00081957,1,0.0
3865,0.16220501109761093,0.040452834812438054,-1.54e-06,1.6665574929518563,3.485611170112556,-27.987515188169713,1.0052136313683062,8.785338068547626,0.12067054082980143,-63.846134494238946,-1.1573229341274334,27.176351454140324,0.6295741068180681,44.994276946618925,0.2719344611720337,-0.1399099232144011,0.00015748,0.13968311342175033,0.00081957,1,0.0
3866,0.222858310240253,0.1905455266255093,-1.54e-06,1.6665574929518563,3.485611170112556,17.749885797601248,1.0052136313683062,14.880422127746236,0.12067054082980143,-19.177970441862872,-1.1573229341274334,-85.02005410681818,0.6295741068180681,12.140528861719176,0.2719344611720337,-0.28212180356766997,0.00015748,0.30513215023004076,0.00081957,1,0.0
3867,0.17383085843683352,0.0059878829882287,-1.54e-06,1.6665574929518563,3.485611170112556,-41.604897742962876,1.0052136313683062,4.340136464747521,0.12067054082980143,-61.6435962945734,-1.1573229341274334,55.728658871317606,0.6295741068180681,48.92005193770013,0.2719344611720337,-0.042510404782898165,0.00015748,0.04253379727383283,0.00081957,1,0.0
3868,0.0011712593165020824,0.13604553126154809,-1.54e-06,1.6665574929518563,3.485611170112556,84.42932293350982,1.0052136313683062,7.515874089586098,0.12067054082980143,-14.63055269728793,-1.1573229341274334,68.23803302453103,0.6295741068180681,-47.07738081917619,0.2719344611720337,0.3866495812605291,0.00015748,0.776272661249646,0.00081957,0,0.0
3869,0.8859055403556202,0.26443651932255713,-1.54e-06,1.6665574929518563,3.485611170112556,35.19011354830379,1.0052136313683062,28.12448274543056,0.12067054082980143,-79.46785489260603,-1.1573229341274334,-29.54129573452157,0.6295741068180681,39.740760064627366,0.2719344611720337,0.378784148432289,0.00015748,0.7269302853709586,0.00081957,0,0.0
3870,0.7704268492589201,0.077210109953291,-1.54e-06,1.6665574929518563,3.485611170112556,-47.779312187010845,1.0052136313683062,6.264044868489314,0.12067054082980143,-17.388420610083948,-1.1573229341274334,-62.599509573476396,0.6295741068180681,59.60727500403849,0.2719344611720337,-0.07394315977450383,0.00015748,0.07330622084631572,0.00081957,1,0.0
3871,1.0405567180513036,0.1650099809203435,-1.54e-06,1.6665574929518563,3.485611170112556,-75.15629901838905,1.0052136313683062,7.085470309390843,0.12067054082980143,-23.11275970434027,-1.1573229341274334,-60.290817852645695,0.6295741068180681,81.42984322387049,0.2719344611720337,-0.09729136226160398,0.00015748,0.0963178299021494,0.00081957,1,0.0
3872,0.8899430336126286,0.37790882402669534,-1.54e-06,1.6665574929518563,3.485611170112556,-66.75248107775978,1.0052136313683062,24.269671734205033,0.12067054082980143,-77.51140875239886,-1.1573229341274334,-47.91101646020597,0.6295741068180681,88.88912357449054,0.2719344611720337,-0.36221849482474594,0.00015748,0.3540992850102406,0.00081957,1,0.0
3873,0.980318340819324,0.3025262112596806,-1.54e-06,1.6665574929518563,3.485611170112556,28.79600802892572,1.0052136313683062,29.049391540768834,0.12067054082980143,-82.0884496203824,-1.1573229341274334,-36.173706875905815,0.6295741068180681,47.22029138546269,0.2719344611720337,0.37253166512217406,0.00015748,0.7322554430775431,0.00081957,0,0.0
3874,0.2538650168887461,0.0794293845002056,-1.54e-06,1.6665574929518563,3.485611170112556,54.14767063070273,1.0052136313683062,22.59483001628042,0.12067054082980143,-87.69257908760862,-1.1573229341274334,54.433039568403935,0.6295741068180681,8.76815912761354,0.2719344611720337,0.4134500171224921,0.00015748,0.633341538402619,0.00081957,0,0.0
3875,0.03261902935864969,0.05042508701980265,-1.54e-06,1.6665574929518563,3.485611170112556,59.010902524183614,1.0052136313683062,17.553566976306772,0.12067054082980143,-77.84652622009776,-1.1573229341274334,84.02246685617739,0.6295741068180681,-6.596942492667416,0.2719344611720337,0.45873146094194345,0.00015748,0.549820134737085,0.00081957,0,0.0
3876,0.8690085993522473,0.1205317147254094,-1.54e-06,1.6665574929518563,3.485611170112556,-82.8987163050232,1.0052136313683062,2.2803032813303714,0.12067054082980143,-41.78466631486066,-1.1573229341274334,-4.654045760789581,0.6295741068180681,87.03010880389287,0.2719344611720337,-0.04530267004272116,0.00015748,0.04456629810116966,0.00081957,1,0.0
3877,0.9304565869200594,0.4025272789416701,-1.54e-06,1.6665574929518563,3.485611170112556,-12.27094970893443,1.0052136313683062,23.15478749490529,0.12067054082980143,-67.04708182881186,-1.1573229341274334,-86.20774345800196,0.6295741068180681,69.11694077823445,0.2719344611720337,-0.10143496829183785,0.00015748,0.5166648303024942,0.00081957,1,0.0
3878,0.3522419676920958,0.10438723337269203,-1.54e-06,1.6665574929518563,3.485611170112556,86.42589886333651,1.0052136313683062,26.224398089715137,0.12067054082980143,-58.65667356706891,-1.1573229341274334,-18.718506065473964,0.6295741068180681,-11.491905528317693,0.2719344611720337,0.3688361912996554,0.00015748,0.7763894096054402,0.00081957,0,0.0
3879,0.04505089214873126,0.12769984251172195,-1.54e-06,1.6665574929518563,3.485611170112556,58.68157678508305,1.0052136313683062,12.692097750257126,0.12067054082980143,-33.80101852319671,-1.1573229341274334,30.356558102580383,0.6295741068180681,-20.303936879039714,0.2719344611720337,0.3564080491798589,0.00015748,0.4204811241481501,0.00081957,0,0.0
3880,0.42485423359574315,0.1143522077411944,-1.54e-06,1.6665574929518563,3.485611170112556,76.62432106483368,1.0052136313683062,29.0365569568925,0.12067054082980143,-78.36546420416458,-1.1573229341274334,-7.148865102404619,0.6295741068180681,2.793260306192874,0.2719344611720337,0.362041949447208,0.00015748,0.8077426301074604,0.00081957,0,0.0
3881,0.8102437648703027,0.09883616834854533,-1.54e-06,1.6665574929518563,3.485611170112556,-61.59403493325346,1.0052136313683062,11.589991112203577,0.12067054082980143,-57.23900074654336,-1.1573229341274334,-40.22481820534435,0.6295741068180681,83.48426841865854,0.2719344611720337,-0.15941400904368602,0.00015748,0.15902739473052674,0.00081957,1,0.0
3882,0.6231667633915887,0.25861785122779474,-1.54e-06,1.6665574929518563,3.485611170112556,69.32228652623618,1.0052136313683062,22.632028485005662,0.12067054082980143,-11.784943620393893,-1.1573229341274334,-91.16057929825855,0.6295741068180681,-10.361771403366602,0.2719344611720337,0.3008276807840251,0.00015748,0.614424910869725,0.00081957,0,0.0
3883,0.0010312283921215526,0.057275034344949884,-1.54e-06,1.6665574929518563,3.485611170112556,68.15080053265501,1.0052136313683062,18.752703394419047,0.12067054082980143,-72.50949035091469,-1.1573229341274334,81.74716850229542,0.6295741068180681,-15.934971255898889,0.2719344611720337,0.5112425175166779,0.00015748,0.5484073301359313,0.00081957,0,0.0
3884,0.18718181677785564,0.16421323224163378,-1.54e-06,1.6665574929518563,3.485611170112556,85.35918093191107,1.0052136313683062,8.803227309486923,0.12067054082980143,-15.595437979764833,-1.1573229341274334,20.821139280471773,0.6295741068180681,-33.42622763101641,0.2719344611720337,0.3725678983151778,0.00015748,0.7732261381627382,0.00081957,0,0.0
3885,0.4205265094134564,0.1464174035528733,-1.54e-06,1.6665574929518563,3.485611170112556,94.36541062698939,1.0052136313683062,27.72587901932727,0.12067054082980143,-88.31724873882045,-1.1573229341274334,-4.519826074698112,0.6295741068180681,3.1757976172989206,0.2719344611720337,0.3319312215830109,0.00015748,1.0263538707861626,0.00081957,0,0.0
3886,0.46780735583747024,0.030646410150215103,-1.54e-06,1.6665574929518563,3.485611170112556,-39.300378496395936,1.0052136313683062,1.9083807720283517,0.12067054082980143,-18.292082565920925,-1.1573229341274334,-14.516477804540253,0.6295741068180681,43.33346711488577,0.2719344611720337,-0.008021647662788841,0.00015748,0.008082136191437602,0.00081957,1,0.0
3887,0.34825598699842586,0.11500740794864911,-1.54e-06,1.6665574929518563,3.485611170112556,60.07320353931406,1.0052136313683062,20.608863060556438,0.12067054082980143,-58.334397029507805,-1.1573229341274334,15.826644170667706,0.6295741068180681,-1.279370065663917,0.2719344611720337,0.4255267990400874,0.00015748,0.6018667513168819,0.00081957,0,0.0
3888,0.1454182114732404,0.0034475604514572645,-1.54e-06,1.6665574929518563,3.485611170112556,-8.571047038931384,1.0052136313683062,2.0094359354131943,0.12067054082980143,-6.545598721143714,-1.1573229341274334,-12.839170213453007,0.6295741068180681,12.57183405025177,0.2719344611720337,-0.030603507279151173,0.00015748,0.030595858482993645,0.00081957,1,0.0
3889,0.000843667199181386,0.05647381256713701,-1.54e-06,1.6665574929518563,3.485611170112556,70.43360863866106,1.0052136313683062,15.297998573160829,0.12067054082980143,-53.98317352999703,-1.1573229341274334,64.38782979375404,0.6295741068180681,-22.27314324720388,0.2719344611720337,0.46015465174031467,0.00015748,0.5446159340905067,0.00081957,0,0.0
3890,0.6952456057003189,0.5452044347904794,-1.54e-06,1.6665574929518563,3.485611170112556,77.95383070732255,1.0052136313683062,14.509927413325219,0.12067054082980143,-72.12517031406577,-1.1573229341274334,13.825602112252785,0.6295741068180681,18.423570832090192,0.2719344611720337,0.3188470552881015,0.00015748,1.2264836178737395,0.00081957,0,0.0
3891,0.4172633206159778,0.02228478250469474,-1.54e-06,1.6665574929518563,3.485611170112556,-35.92323926828515,1.0052136313683062,4.901212469215958,0.12067054082980143,-31.243071418019486,-1.1573229341274334,-11.06153113485429,0.6295741068180681,45.27315709142779,0.2719344611720337,-0.05887170749628555,0.00015748,0.05904717582817577,0.00081957,1,0.0
3892,0.4109515305046234,0.12386550899699135,-1.54e-06,1.6665574929518563,3.485611170112556,76.67761555938678,1.0052136313683062,24.85257101025987,0.12067054082980143,-53.472207468075986,-1.1573229341274334,-19.90056026907915,0.6295741068180681,-7.497657258569767,0.2719344611720337,0.38561223920094045,0.00015748,0.7132105736807948,0.00081957,0,0.0
3893,0.38653580669836657,0.13856732657728668,-1.54e-06,1.6665574929518563,3.485611170112556,60.04395882573703,1.0052136313683062,21.609776209365606,0.12067054082980143,-53.03182257324896,-1.1573229341274334,0.7163112050379736,0.6295741068180681,-1.968732078693641,0.2719344611720337,0.4019001403187585,0.00015748,0.5955394592378842,0.00081957,0,0.0
3894,0.4019530125830332,0.038025746563117115,-1.54e-06,1.6665574929518563,3.485611170112556,-12.475622702664038,1.0052136313683062,6.856309389185051,0.12067054082980143,-6.525863682629154,-1.1573229341274334,-60.803523857890475,0.6295741068180681,25.61984596699647,0.2719344611720337,-0.1162400408563382,0.00015748,0.11694015590674554,0.00081957,1,0.0
3895,0.5704619895202113,0.15578439666913407,-1.54e-06,1.6665574929518563,3.485611170112556,-79.74750053406385,1.0052136313683062,-5.33249333593077,0.12067054082980143,-34.73974006340285,-1.1573229341274334,54.74036378952929,0.6295741068180681,69.09938796919049,0.2719344611720337,-0.1794422741691165,0.00015748,0.17938165614805496,0.00081957,1,0.0
3896,0.1511406032846767,0.07711672302603914,-1.54e-06,1.6665574929518563,3.485611170112556,75.75476473381347,1.0052136313683062,18.05530924140628,0.12067054082980143,-45.36925580438526,-1.1573229341274334,23.004255116978957,0.6295741068180681,-21.003969657915086,0.2719344611720337,0.43614761250979,0.00015748,0.5868674484588613,0.00081957,0,0.0
3897,0.3683584964973984,0.12654934383907618,-1.54e-06,1.6665574929518563,3.485611170112556,75.6045575924701,1.0052136313683062,20.649443488624975,0.12067054082980143,-35.83740913211488,-1.1573229341274334,-20.596530991592072,0.6295741068180681,-15.51191424656077,0.2719344611720337,0.41188318135767366,0.00015748,0.6301239061489542,0.00081957,0,0.0
3898,1.0179503642851788,0.1472970556746179,-1.54e-06,1.6665574929518563,3.485611170112556,-71.61429921040424,1.0052136313683062,12.46591335225363,0.12067054082980143,-56.18149250647587,-1.1573229341274334,-63.63050683333388,0.6295741068180681,96.6264416899778,0.2719344611720337,-0.17465191598127391,0.00015748,0.1739069871442415,0.00081957,1,0.0
3899,0.4871371586479092,0.12889760953860652,-1.54e-06,1.6665574929518563,3.485611170112556,47.36822185366675,1.0052136313683062,26.28838264534879,0.12067054082980143,-94.00706279550535,-1.1573229341274334,27.678948029408858,0.6295741068180681,23.829099673982423,0.2719344611720337,0.3864336198459216,0.00015748,0.7035463695965257,0.00081957,0,0.0
3900,-0.0007680616891558856,0.11213433328700324,-1.54e-06,1.5827871768011013,2.639678061348063,7.919083096082991,1.0052136313683062,14.5541131810117,0.12067054082980143,-99.7747068286186,-1.1573229341274334,91.56030255253316,0.6295741068180681,28.678030313739075,0.2719344611720337,0.7959114133027319,0.00015748,1.2487349184392844,0.00081957,0,0.0
3901,0.004779890045487905,0.9194273447765855,-1.54e-06,1.5827871768011013,2.639678061348063,36.0709431015765,1.0052136313683062,0.14991037729636386,0.12067054082980143,-50.52260265445356,-1.1573229341274334,69.24348289578714,0.6295741068180681,1.0468732550936606,0.2719344611720337,0.36027897438382506,0.00015748,2.2622667610851446,0.00081957,0,0.0
3902,1.4068876332666727,0.7983992434729429,-1.54e-06,1.5827871768011013,2.639678061348063,1.3128326540341098,1.0052136313683062,18.86746458375636,0.12067054082980143,-92.84869905486663,-1.1573229341274334,5.191085893642961,0.6295741068180681,66.64529668719774,0.2719344611720337,0.3006151938603413,0.00015748,1.4993873489996452,0.00081957,0,0.0
3903,0.5779939623487611,0.644215973886737,-1.54e-06,1.5827871768011013,2.639678061348063,-72.35195136125934,1.0052136313683062,-5.429701081290662,0.12067054082980143,-57.61502722688753,-1.1573229341274334,77.43149767175598,0.6295741068180681,72.18324960157615,0.2719344611720337,-0.4716531843133586,0.00015748,0.4674122088651937,0.00081957,1,0.0
3904,0.002178807335308397,0.004870066937876946,-1.54e-06,1.5827871768011013,2.639678061348063,8.205898417455778,1.0052136313683062,13.196978119507923,0.12067054082980143,-77.93020370226897,-1.1573229341274334,51.19421837016762,0.6295741068180681,25.169148252828,0.2719344611720337,0.37151788983555234,0.00015748,0.7726691635648398,0.00081957,0,0.0
3905,1.0970182397900088,0.4376892531634315,-1.54e-06,1.5827871768011013,2.639678061348063,-6.589712888118556,1.0052136313683062,12.486842713123044,0.12067054082980143,-48.90786703778963,-1.1573229341274334,-4.826958182478547,0.6295741068180681,42.83170373573376,0.2719344611720337,0.36907444288067054,0.00015748,0.7229724408932785,0.00081957,0,0.0
3906,0.7302942534321226,0.32755127648983406,-1.54e-06,1.5827871768011013,2.639678061348063,100.0,1.0052136313683062,40.21707575966685,0.12067054082980143,-82.71122004178984,-1.1573229341274334,-52.22089972217132,0.6295741068180681,-8.446712917751437,0.2719344611720337,0.28259559016626934,0.00015748,2.581549993199542,0.00081957,0,0.0
3907,0.5126776531680194,0.5310064395360206,-1.54e-06,1.5827871768011013,2.639678061348063,6.698054726654655,1.0052136313683062,8.139355155970776,0.12067054082980143,-77.83325298768197,-1.1573229341274334,47.23832144510459,0.6295741068180681,40.46179605308609,0.2719344611720337,0.31174297962625075,0.00015748,1.3973554174513116,0.00081957,0,0.0
3908,-0.003263245970325679,0.44214135194667525,-1.54e-06,1.5827871768011013,2.639678061348063,39.83662512418951,1.0052136313683062,14.093551002522263,0.12067054082980143,-41.64746796325166,-1.1573229341274334,45.433017317734596,0.6295741068180681,-17.887325785527274,0.2719344611720337,0.6472311528351998,0.00015748,1.723747599649435,0.00081957,0,0.0
3909,1.561888713214235,0.7858083405762467,-1.54e-06,1.5827871768011013,2.639678061348063,-46.91073730499833,1.0052136313683062,-1.6770155344020412,0.12067054082980143,-3.1021721887214113,-1.1573229341274334,-30.37158891486784,0.6295741068180681,58.562507854317154,0.2719344611720337,-0.18583793916382196,0.00015748,0.18419775031731023,0.00081957,1,0.0
3910,-0.17423315934154704,1.2311698730611709,-1.54e-06,1.5827871768011013,2.639678061348063,67.52149411779057,1.0052136313683062,4.151559207706048,0.12067054082980143,-7.584713229724197,-1.1573229341274334,57.30344066090065,0.6295741068180681,-51.54005942433213,0.2719344611720337,0.715768708420077,0.00015748,2.7953743325437292,0.00081957,0,0.0
3911,0.001116067512251906,0.14869223548146024,-1.54e-06,1.5827871768011013,2.639678061348063,53.465517319048544,1.0052136313683062,22.916196521378403,0.12067054082980143,-98.95737629602478,-1.1573229341274334,58.17188927961864,0.6295741068180681,5.334943966917835,0.2719344611720337,1.202245877411947,0.00015748,1.5788864949270085,0.00081957,0,0.0
3912,-0.18226940003525624,1.4144545913521864,-1.54e-06,1.5827871768011013,2.639678061348063,52.88117201193038,1.0052136313683062,0.1880471816566365,0.12067054082980143,-26.763809385444905,-1.1573229341274334,90.14427694664307,0.6295741068180681,-34.416791353608986,0.2719344611720337,0.5889471561715376,0.00015748,3.082645036735041,0.00081957,0,0.0
3913,0.10370790508717065,1.3287387296804916,-1.54e-06,1.5827871768011013,2.639678061348063,-63.07033733174803,1.0052136313683062,-11.5539470683157,0.12067054082980143,-24.73870667864375,-1.1573229341274334,73.04827668838581,0.6295741068180681,44.22151207639548,0.2719344611720337,-0.8060536868231934,0.00015748,0.46383891297414015,0.00081957,1,0.0
3914,-0.12917074830657915,1.4040417390088413,-1.54e-06,1.5827871768011013,2.639678061348063,97.79120963813976,1.0052136313683062,28.329641374230302,0.12067054082980143,-30.127580704382744,-1.1573229341274334,4.02206125371772,0.6295741068180681,-62.254367578294996,0.2719344611720337,0.942215228291504,0.00015748,2.3423076607153757,0.00081957,0,0.0
3915,0.533023171676701,0.0656386560236201,-1.54e-06,1.5827871768011013,2.639678061348063,-15.297263247689234,1.0052136313683062,1.575245718896392,0.12067054082980143,-7.491379851964398,-1.1573229341274334,-10.06308191504663,0.6295741068180681,21.897770778525025,0.2719344611720337,-0.03978547343242492,0.00015748,0.04345547636141403,0.00081957,1,0.0
3916,1.8656364501321017,0.7861373600662942,-1.54e-06,1.5827871768011013,2.639678061348063,-62.735185287921304,1.0052136313683062,9.543609770075108,0.12067054082980143,-55.78324820396427,-1.1573229341274334,-16.95801018705568,0.6295741068180681,93.73674276551333,0.2719344611720337,-0.30833337460812404,0.00015748,0.3004974458127456,0.00081957,1,0.0
3917,1.1666322370263933,0.5963002356236908,-1.54e-06,1.5827871768011013,2.639678061348063,64.3638210512905,1.0052136313683062,26.408625437301037,0.12067054082980143,-30.051007456399663,-1.1573229341274334,-74.92678780625185,0.6295741068180681,-1.990370392238881,0.2719344611720337,0.29731073921271645,0.00015748,1.728388307758741,0.00081957,0,0.0
3918,0.0014542970965658597,0.3708422213792716,-1.54e-06,1.5827871768011013,2.639678061348063,78.73237546470533,1.0052136313683062,15.903362404514686,0.12067054082980143,-37.26422791203198,-1.1573229341274334,18.351244669241193,0.6295741068180681,-34.5170004660217,0.2719344611720337,1.2567181185231913,0.00015748,1.7436422270999465,0.00081957,0,0.0
3919,1.1414721229245344,0.7974556649851634,-1.54e-06,1.5827871768011013,2.639678061348063,80.43159465275049,1.0052136313683062,23.407447125465303,0.12067054082980143,-37.14368685898109,-1.1573229341274334,-69.38414614895711,0.6295741068180681,-2.664962488983083,0.2719344611720337,0.28782449737074456,0.00015748,2.2741467769004307,0.00081957,0,0.0
3920,-0.0475896801490161,0.9914218183506462,-1.54e-06,1.5827871768011013,2.639678061348063,66.98763535528485,1.0052136313683062,8.071204609471062,0.12067054082980143,-22.658240863569628,-1.1573229341274334,55.912310823975844,0.6295741068180681,-42.19894081772692,0.2719344611720337,0.9083534348074086,0.00015748,2.663795775665699,0.00081957,0,0.0
3921,0.41999241681775623,0.07117488721623288,-1.54e-06,1.5827871768011013,2.639678061348063,26.287300637797244,1.0052136313683062,22.71420601181445,0.12067054082980143,-94.49482659197609,-1.1573229341274334,25.631536085322107,0.6295741068180681,30.93491459151462,0.2719344611720337,0.305935464932826,0.00015748,1.381525295900503,0.00081957,0,0.0
3922,0.42875138442803484,0.14180025157519088,-1.54e-06,1.5827871768011013,2.639678061348063,95.95358398364489,1.0052136313683062,31.81070984588751,0.12067054082980143,-66.97164804867599,-1.1573229341274334,-41.236876038648646,0.6295741068180681,-15.868812538371442,0.2719344611720337,0.2806492846651689,0.00015748,2.300017584262693,0.00081957,0,0.0
3923,0.18584586699228434,0.07431735115307316,-1.54e-06,1.5827871768011013,2.639678061348063,35.648756154428526,1.0052136313683062,8.947005178557278,0.12067054082980143,-9.286620249225624,-1.1573229341274334,-15.922520226154855,0.6295741068180681,-13.89728735293788,0.2719344611720337,0.39456010489224475,0.00015748,0.6895564477873988,0.00081957,0,0.0
3924,1.0897566809485122,0.37679399583606815,-1.54e-06,1.5827871768011013,2.639678061348063,-10.244713375678964,1.0052136313683062,16.216151212214896,0.12067054082980143,-78.32470658705002,-1.1573229341274334,14.43505564000495,0.6295741068180681,57.074030686837446,0.2719344611720337,0.343610921743762,0.00015748,0.9241516543726183,0.00081957,0,0.0
3925,0.39548631957644026,0.03658625440250205,-1.54e-06,1.5827871768011013,2.639678061348063,-33.80504342035122,1.0052136313683062,3.412827437933565,0.12067054082980143,-50.064541038811235,-1.1573229341274334,33.648808393379504,0.6295741068180681,46.88483286509988,0.2719344611720337,-0.0837398457200661,0.00015748,0.08361862757001381,0.00081957,1,0.0
3926,-0.2172649888577982,1.28308162957517,-1.54e-06,1.5827871768011013,2.639678061348063,-32.717169920790354,1.0052136313683062,-10.943897566267603,0.12067054082980143,-5.7345880587019185,-1.1573229341274334,60.229906089362295,0.6295741068180681,13.097121014014435,0.2719344611720337,-0.6384446973436574,0.00015748,0.6377520162015645,0.00081957,1,0.0
3927,-0.0023148942614814594,0.27721554814694366,-1.54e-06,1.5827871768011013,2.639678061348063,36.11713547084546,1.0052136313683062,16.442287060031244,0.12067054082980143,-84.71203244393872,-1.1573229341274334,76.35037185008987,0.6295741068180681,5.344542909999781,0.2719344611720337,1.1024518540127182,0.00015748,1.626795110108791,0.00081957,0,0.0
3928,0.4124724503849985,0.15257596427623638,-1.54e-06,1.5827871768011013,2.639678061348063,22.065358312484214,1.0052136313683062,7.8244706260460575,0.12067054082980143,-11.306978532878261,-1.1573229341274334,-13.803345856116497,0.6295741068180681,-1.7055220918209568,0.2719344611720337,0.43515700108682065,0.00015748,0.5738768033958586,0.00081957,0,0.0
3929,0.6017527451401399,0.11630836393349132,-1.54e-06,1.5827871768011013,2.639678061348063,3.1163298242341892,1.0052136313683062,19.76675838711909,0.12067054082980143,-99.07935553713095,-1.1573229341274334,37.78282586093256,0.6295741068180681,48.45750768217913,0.2719344611720337,0.32237073660215154,0.00015748,1.124532040344783,0.00081957,0,0.0
3930,2.115952317079844,1.2376691904995847,-1.54e-06,1.5827871768011013,2.639678061348063,-51.15595287183478,1.0052136313683062,4.245715081836801,0.12067054082980143,-18.234092627022026,-1.1573229341274334,-55.137797936351255,0.6295741068180681,80.2541400488657,0.2719344611720337,-0.3305893439955701,0.00015748,0.3266575426073243,0.00081957,1,0.0
3931,0.30382993066084674,0.0568480535931881,-1.54e-06,1.5827871768011013,2.639678061348063,27.057087295261688,1.0052136313683062,17.645333850656613,0.12067054082980143,-68.42708953164785,-1.1573229341274334,16.14037456489442,0.6295741068180681,17.715147180505443,0.2719344611720337,0.3215248062864861,0.00015748,1.1176034639752541,0.00081957,0,0.0
3932,1.717456169670442,0.942726121083087,-1.54e-06,1.5827871768011013,2.639678061348063,24.900796640061657,1.0052136313683062,27.2739430050187,0.12067054082980143,-64.54097520003175,-1.1573229341274334,-51.093426500219714,0.6295741068180681,43.81644718519728,0.2719344611720337,0.2972432941387081,0.00015748,1.6212311152496648,0.00081957,0,0.0
3933,1.889097895367077,1.1864673268153156,-1.54e-06,1.5827871768011013,2.639678061348063,-54.56995658743738,1.0052136313683062,13.52118835944252,0.12067054082980143,-45.240840586952,-1.1573229341274334,-34.34269508513993,0.6295741068180681,82.13748790897877,0.2719344611720337,-0.5242986989588025,0.00015748,0.5057225207448559,0.00081957,1,0.0
3934,-0.002407004471580265,0.39872513469375537,-1.54e-06,1.5827871768011013,2.639678061348063,68.50232636807388,1.0052136313683062,18.81016213823372,0.12067054082980143,-71.31718684073196,-1.1573229341274334,51.64309811183735,0.6295741068180681,-16.527118738601175,0.2719344611720337,1.431764446060567,0.00015748,1.8576774864487646,0.00081957,0,0.0
3935,0.5169553508388199,0.1581718779322223,-1.54e-06,1.5827871768011013,2.639678061348063,15.309862025400403,1.0052136313683062,16.238601509875977,0.12067054082980143,-55.86964558402749,-1.1573229341274334,9.195171075074047,0.6295741068180681,20.535376295328017,0.2719344611720337,0.35856104134106453,0.00015748,0.9281537277909657,0.00081957,0,0.0
3936,-6.383196582371298e-05,0.046770699900742764,-1.54e-06,1.5827871768011013,2.639678061348063,99.80493275708852,1.0052136313683062,21.643815553189164,0.12067054082980143,-21.537772997948437,-1.1573229341274334,-48.21764783483635,0.6295741068180681,-44.533418439809935,0.2719344611720337,0.2944129710756751,0.00015748,1.8244953103081791,0.00081957,0,0.0
3937,2.074846541601201,11.515130384832904,-1.54e-06,1.5827871768011013,2.639678061348063,56.112178232525,1.0052136313683062,38.407041071470054,0.12067054082980143,-28.789534271037784,-1.1573229341274334,29.884749417155138,0.6295741068180681,-31.446876685888896,0.2719344611720337,0.33106804360482345,0.00015748,5.856476324516494,0.00081957,0,0.0
3938,-0.0029150903779558424,0.6181845896615968,-1.54e-06,1.5827871768011013,2.639678061348063,56.06667060351377,1.0052136313683062,4.623584530970151,0.12067054082980143,-33.66611504734462,-1.1573229341274334,39.88950648024565,0.6295741068180681,-18.770104207204586,0.2719344611720337,0.6157942167968072,0.00015748,2.0801192139388283,0.00081957,0,0.0
3939,-0.001924707386372404,0.7412192171796304,-1.54e-06,1.5827871768011013,2.639678061348063,76.42798897451239,1.0052136313683062,31.43007776811949,0.12067054082980143,-73.9794896382001,-1.1573229341274334,27.58265198172521,0.6295741068180681,-26.745373734068963,0.2719344611720337,0.9104101619355177,0.00015748,2.1480854477956535,0.00081957,0,0.0
3940,2.859811094633722,2.863005834268607,-1.54e-06,1.5827871768011013,2.639678061348063,11.316755568888885,1.0052136313683062,24.203551760535714,0.12067054082980143,-61.52530232158376,-1.1573229341274334,-84.00087136190771,0.6295741068180681,77.81359851922413,0.2719344611720337,0.2851430939150029,0.00015748,2.0512406222241784,0.00081957,0,0.0
3941,0.4593840347385983,0.05031485326041097,-1.54e-06,1.5827871768011013,2.639678061348063,-45.177649533837524,1.0052136313683062,2.55519279693057,0.12067054082980143,-60.43999767390795,-1.1573229341274334,47.892349453522385,0.6295741068180681,58.26573984882078,0.2719344611720337,-0.04976622802886507,0.00015748,0.05115986233860656,0.00081957,1,0.0
3942,1.9083149258976055,7.222556862669589,-1.54e-06,1.5827871768011013,2.639678061348063,17.949456191595115,1.0052136313683062,-8.436827916122443,0.12067054082980143,-5.810051226643261,-1.1573229341274334,4.552035967126117,0.6295741068180681,31.90197732448513,0.2719344611720337,0.017550707658214426,0.00015748,3.4946092181349124,0.00081957,0,0.0
3943,0.4173095515935768,0.07111181395741892,-1.54e-06,1.5827871768011013,2.639678061348063,-38.644725077340226,1.0052136313683062,0.21070850671585323,0.12067054082980143,-42.04760009412203,-1.1573229341274334,37.27404841509604,0.6295741068180681,46.21661619008002,0.2719344611720337,-0.08840362505920225,0.00015748,0.08671415171725218,0.00081957,1,0.0
3944,-0.008010975572982248,0.7506297318604951,-1.54e-06,1.5827871768011013,2.639678061348063,78.87386552900018,1.0052136313683062,22.328208608141615,0.12067054082980143,-91.74663562144599,-1.1573229341274334,79.23384538475432,0.6295741068180681,-18.267050229621443,0.2719344611720337,1.7332610815666756,0.00015748,2.5038030067538646,0.00081957,0,0.0
3945,0.7785030397986279,0.1757073329759026,-1.54e-06,1.5827871768011013,2.639678061348063,-55.44221531536526,1.0052136313683062,2.6976043245380614,0.12067054082980143,-69.54767031735544,-1.1573229341274334,45.226171559899655,0.6295741068180681,75.4926325476902,0.2719344611720337,-0.080268787498326,0.00015748,0.08466213743824813,0.00081957,1,0.0
3946,2.7126869879276296,7.595063835548013,-1.54e-06,1.5827871768011013,2.639678061348063,53.88054115152207,1.0052136313683062,49.836801418414794,0.12067054082980143,-34.213719625701245,-1.1573229341274334,-88.88444185995,0.6295741068180681,3.7618219719395154,0.2719344611720337,0.27195942756131086,0.00015748,3.731320113719784,0.00081957,0,0.0
3947,0.5770753312486361,0.09239812946037339,-1.54e-06,1.5827871768011013,2.639678061348063,-18.43826626845549,1.0052136313683062,0.07458052438156729,0.12067054082980143,-4.629762843803709,-1.1573229341274334,-9.0921246996421,0.6295741068180681,23.40040160598891,0.2719344611720337,-0.035379941705774645,0.00015748,0.034117701210909,0.00081957,1,0.0
3948,-0.0003655791238530437,0.048837257078491535,-1.54e-06,1.5827871768011013,2.639678061348063,59.08173580580405,1.0052136313683062,22.99307713876318,0.12067054082980143,-85.29239435316381,-1.1573229341274334,28.55341360254847,0.6295741068180681,0.5791035061833179,0.2719344611720337,0.6532039248982616,0.00015748,1.6347677141353225,0.00081957,0,0.0
3949,0.6548458295955015,0.5998326065745205,-1.54e-06,1.5827871768011013,2.639678061348063,-65.00460992955821,1.0052136313683062,-5.276797232762118,0.12067054082980143,-44.09991172709315,-1.1573229341274334,59.57029911949734,0.6295741068180681,64.27004829683699,0.2719344611720337,-0.43775723850089604,0.00015748,0.43779394660665666,0.00081957,1,0.0
3950,2.6409522924143216,1.9788318763978159,-1.54e-06,1.5827871768011013,2.639678061348063,13.359816283404662,1.0052136313683062,35.40867459097881,0.12067054082980143,-95.18730480343176,-1.1573229341274334,-67.32369119742584,0.6295741068180681,81.13750075511787,0.2719344611720337,0.285753554046966,0.00015748,2.0851285180938524,0.00081957,0,0.0
3951,-0.3414192194889465,1.5544709842290578,-1.54e-06,1.5827871768011013,2.639678061348063,91.74017043283148,1.0052136313683062,13.36413552361321,0.12067054082980143,-45.51807857230581,-1.1573229341274334,77.57907800626154,0.6295741068180681,-53.635152216715674,0.2719344611720337,1.3307883113561223,0.00015748,3.06061022264388,0.00081957,0,0.0
3952,-0.44159872052396587,1.8094141505184909,-1.54e-06,1.5827871768011013,2.639678061348063,94.85045256230872,1.0052136313683062,5.634153806682665,0.12067054082980143,-0.23370276876551893,-1.1573229341274334,57.429143961466195,0.6295741068180681,-76.26440445394985,0.2719344611720337,0.9280637734796076,0.00015748,3.165020228337564,0.00081957,0,0.0
3953,-0.00120912366772985,0.46961653897118033,-1.54e-06,1.5827871768011013,2.639678061348063,43.382935127313225,1.0052136313683062,6.013116910120162,0.12067054082980143,-23.438916649765677,-1.1573229341274334,46.20965335382718,0.6295741068180681,-24.017001702116886,0.2719344611720337,0.654084855766463,0.00015748,1.9079402343820133,0.00081957,0,0.0
3954,0.9894042463786387,0.3021938242553384,-1.54e-06,1.5827871768011013,2.639678061348063,-34.78207896071532,1.0052136313683062,7.987070134499524,0.12067054082980143,-47.28308599448192,-1.1573229341274334,-2.5863614023849557,0.6295741068180681,58.69118031011563,0.2719344611720337,-0.3033660694032932,0.00015748,0.30394329250685087,0.00081957,1,0.0
3955,1.619966927676873,0.6291213742554836,-1.54e-06,1.5827871768011013,2.639678061348063,-49.97764943397021,1.0052136313683062,8.55310685615119,0.12067054082980143,-46.69555862912173,-1.1573229341274334,-20.729008071860225,0.6295741068180681,79.27958142363215,0.2719344611720337,-0.3117096057959747,0.00015748,0.31102275819101005,0.00081957,1,0.0
3956,0.0019025722879841833,0.1464993428422731,-1.54e-06,1.5827871768011013,2.639678061348063,44.83378852055991,1.0052136313683062,19.975781094254383,0.12067054082980143,-95.2443886104686,-1.1573229341274334,62.78715338355544,0.6295741068180681,8.943874938832627,0.2719344611720337,1.1802679352457326,0.00015748,1.4323245841109569,0.00081957,0,0.0
3957,0.2847390355913497,0.13839732032523944,-1.54e-06,1.5827871768011013,2.639678061348063,81.99496808810544,1.0052136313683062,20.819067152058743,0.12067054082980143,-38.068411102780054,-1.1573229341274334,-35.78155520308129,0.6295741068180681,-21.60074669644719,0.2719344611720337,0.29839180318758163,0.00015748,1.8477104953284826,0.00081957,0,0.0
3958,-1.4647117224173383,23.86010661618839,-1.54e-06,1.5827871768011013,2.639678061348063,-84.71371680807492,1.0052136313683062,20.599288017398464,0.12067054082980143,-36.41181601507583,-1.1573229341274334,-11.851569924135601,0.6295741068180681,27.00823065578691,0.2719344611720337,-5.678424156847626,0.00015748,0.23581229104668422,0.00081957,1,0.0
3959,-0.008730038167781728,0.48454339266840624,-1.54e-06,1.5827871768011013,2.639678061348063,75.35348421162924,1.0052136313683062,22.046334939355486,0.12067054082980143,-95.05419187476812,-1.1573229341274334,67.2672189244516,0.6295741068180681,-10.137945950578565,0.2719344611720337,1.5958243106478485,0.00015748,2.1651380173589603,0.00081957,0,0.0
3960,-0.01748759007942724,0.5615676122264462,-1.54e-06,1.5827871768011013,2.639678061348063,39.79902479293141,1.0052136313683062,8.64002178885147,0.12067054082980143,-46.81561956247982,-1.1573229341274334,70.16873115881974,0.6295741068180681,-14.641785717239857,0.2719344611720337,0.7689591157330898,0.00015748,2.1233615644263724,0.00081957,0,0.0
3961,-0.024246585006086896,0.7643402875379472,-1.54e-06,1.5827871768011013,2.639678061348063,50.954446811596355,1.0052136313683062,23.38549295891137,0.12067054082980143,-52.960246885184866,-1.1573229341274334,32.495641307270716,0.6295741068180681,-22.458623543705944,0.2719344611720337,0.4811950530189778,0.00015748,1.9062069602594307,0.00081957,0,0.0
3962,0.829854909925555,0.31135391179337324,-1.54e-06,1.5827871768011013,2.639678061348063,52.020102901063325,1.0052136313683062,22.96863489149121,0.12067054082980143,-45.79211117789381,-1.1573229341274334,-40.09095516926316,0.6295741068180681,5.438135825376025,0.2719344611720337,0.30263319268456634,0.00015748,1.5412266418919702,0.00081957,0,0.0
3963,0.8735524773859695,2.1336567658800796,-1.54e-06,1.5827871768011013,2.639678061348063,20.757828247905504,1.0052136313683062,-3.3746380834224436,0.12067054082980143,-23.754706201523618,-1.1573229341274334,40.04637279631908,0.6295741068180681,13.069155334344504,0.2719344611720337,0.27701293305723973,0.00015748,2.590347359186703,0.00081957,0,0.0
3964,0.9002744100217268,0.20127580022614108,-1.54e-06,1.5827871768011013,2.639678061348063,-37.287208619839895,1.0052136313683062,1.3284025542451454,0.12067054082980143,-21.45006025793838,-1.1573229341274334,0.4510392684940131,0.6295741068180681,45.9136168054654,0.2719344611720337,-0.06845637891443318,0.00015748,0.0685313067446095,0.00081957,1,0.0
3965,0.7075508832811809,0.375348831096049,-1.54e-06,1.5827871768011013,2.639678061348063,-4.2232731443426506,1.0052136313683062,7.699402321421225,0.12067054082980143,-58.31707557194937,-1.1573229341274334,27.055244531921662,0.6295741068180681,39.9279443153193,0.2719344611720337,0.364245180835356,0.00015748,0.9099520483094998,0.00081957,0,0.0
3966,0.028304016498270634,1.844856223939633,-1.54e-06,1.5827871768011013,2.639678061348063,53.118480553419076,1.0052136313683062,32.563498667593436,0.12067054082980143,-78.7023893315881,-1.1573229341274334,59.48588350913702,0.6295741068180681,-22.001895407194898,0.2719344611720337,0.27956018317954223,0.00015748,2.8905804925920333,0.00081957,0,0.0
3967,0.0006655371367694229,0.20466663700183618,-1.54e-06,1.5827871768011013,2.639678061348063,97.23555815287833,1.0052136313683062,29.074717322231155,0.12067054082980143,-88.31971411196275,-1.1573229341274334,21.402266014759935,0.6295741068180681,-21.084055138647148,0.2719344611720337,1.1736881625681628,0.00015748,2.247316062726073,0.00081957,0,0.0
3968,1.3614335442326717,2.359196180858517,-1.54e-06,1.5827871768011013,2.639678061348063,-42.67069801231912,1.0052136313683062,22.946516436656626,0.12067054082980143,-77.36574759162012,-1.1573229341274334,-11.843413936299406,0.6295741068180681,75.52446316017985,0.2719344611720337,-0.9712818113684312,0.00015748,0.9798939860669365,0.00081957,1,0.0
3969,-0.005463303534187558,0.9636322996725136,-1.54e-06,1.5827871768011013,2.639678061348063,89.30518311579064,1.0052136313683062,14.503866933705,0.12067054082980143,-52.47433385378792,-1.1573229341274334,55.39605719049689,0.6295741068180681,-37.16196196088689,0.2719344611720337,1.416679485571617,0.00015748,2.768739465442801,0.00081957,0,0.0
3970,0.1436464829200258,1.1337366561369269,-1.54e-06,1.5827871768011013,2.639678061348063,-65.10246539916648,1.0052136313683062,-10.029076060102923,0.12067054082980143,-40.429362042024415,-1.1573229341274334,90.04998796406171,0.6295741068180681,51.07817490615011,0.2719344611720337,-0.7169504993818028,0.00015748,0.7094171522596662,0.00081957,1,0.0
3971,0.0018098754130718708,0.020961558701653796,-1.54e-06,1.5827871768011013,2.639678061348063,-21.12946476457342,1.0052136313683062,9.539409672841069,0.12067054082980143,-99.08544049683806,-1.1573229341274334,96.43488561480883,0.6295741068180681,47.10864316213616,0.2719344611720337,0.3711693460651502,0.00015748,0.7804297911877898,0.00081957,0,0.0
3972,0.3339478017698798,0.07605674936521316,-1.54e-06,1.5827871768011013,2.639678061348063,5.462245279224336,1.0052136313683062,10.490852091725102,0.12067054082980143,-53.41789683020802,-1.1573229341274334,25.290010637420714,0.6295741068180681,23.17131242399774,0.2719344611720337,0.4111614567322442,0.00015748,0.640018302098899,0.00081957,0,0.0
3973,1.4155991715165261,0.8771508770273834,-1.54e-06,1.5827871768011013,2.639678061348063,-12.966860773190389,1.0052136313683062,14.150459963924465,0.12067054082980143,-41.47597328435649,-1.1573229341274334,-34.06096842324988,0.6295741068180681,51.27094230896323,0.2719344611720337,-0.06404798776707837,0.00015748,0.7395790171753156,0.00081957,1,0.0
3974,1.601267012276335,0.9359791168352644,-1.54e-06,1.5827871768011013,2.639678061348063,-6.092396423217733,1.0052136313683062,13.848853666126324,0.12067054082980143,-53.10917827560794,-1.1573229341274334,-22.604172349447783,0.6295741068180681,56.56909208507333,0.2719344611720337,0.32302999414023226,0.00015748,1.0695538623770675,0.00081957,0,0.0
3975,1.3905429846127941,1.1739919081464862,-1.54e-06,1.5827871768011013,2.639678061348063,-12.98382858441035,1.0052136313683062,14.731715663714308,0.12067054082980143,-29.306655951179795,-1.1573229341274334,-61.39506389181629,0.6295741068180681,48.80513159215116,0.2719344611720337,-0.6864430413825705,0.00015748,0.7008970587703282,0.00081957,1,0.0
3976,2.1359516447424074,1.3983564733947937,-1.54e-06,1.5827871768011013,2.639678061348063,-3.0007807306751664,1.0052136313683062,20.166166077184236,0.12067054082980143,-45.884310608785185,-1.1573229341274334,-58.920496494776934,0.6295741068180681,59.988006376348096,0.2719344611720337,0.3164877309611118,0.00015748,1.1828130867700954,0.00081957,0,0.0
3977,1.2571191307343663,0.50340942399529,-1.54e-06,1.5827871768011013,2.639678061348063,8.667185945684803,1.0052136313683062,21.436309724096493,0.12067054082980143,-73.91887769665253,-1.1573229341274334,-11.174725755949943,0.6295741068180681,47.908430206098764,0.2719344611720337,0.3200142992168075,0.00015748,1.256487687841001,0.00081957,0,0.0
3978,0.03386793478939043,1.9926048185645155,-1.54e-06,1.5827871768011013,2.639678061348063,-88.14353288333986,1.0052136313683062,-16.307501504962957,0.12067054082980143,-30.83494053947531,-1.1573229341274334,90.22904971301948,0.6295741068180681,61.00009676967241,0.2719344611720337,-1.144799438323327,0.00015748,0.20422163293038698,0.00081957,1,0.0
3979,7.097813228740257e-05,0.24768787488083255,-1.54e-06,1.5827871768011013,2.639678061348063,49.00661469414262,1.0052136313683062,11.754649182942599,0.12067054082980143,-41.882597588978136,-1.1573229341274334,35.42322887849281,0.6295741068180681,-16.34101773846449,0.2719344611720337,0.954174570275476,0.00015748,1.4191694769585592,0.00081957,0,0.0
3980,-0.16766751063217922,1.2730972118069923,-1.54e-06,1.5827871768011013,2.639678061348063,77.62768453645864,1.0052136313683062,17.51388592954409,0.12067054082980143,-16.156750105097228,-1.1573229341274334,28.51506683439585,0.6295741068180681,-57.68525084135747,0.2719344611720337,0.8175052455402119,0.00015748,2.3733882188585387,0.00081957,0,0.0
3981,1.24408964070187,0.633492828682502,-1.54e-06,1.5827871768011013,2.639678061348063,76.83493998729388,1.0052136313683062,31.85214407784377,0.12067054082980143,-49.83829891939891,-1.1573229341274334,-75.91180976014878,0.6295741068180681,1.9510424832691238,0.2719344611720337,0.2829848029700863,0.00015748,2.1485797963812536,0.00081957,0,0.0
3982,-0.130232059766345,1.2378900487443334,-1.54e-06,1.5827871768011013,2.639678061348063,74.7909033346044,1.0052136313683062,6.987602080128712,0.12067054082980143,-13.223594312688434,-1.1573229341274334,55.12958910113849,0.6295741068180681,-52.94156560289607,0.2719344611720337,0.8910678563352936,0.00015748,2.860231677490395,0.00081957,0,0.0
3983,1.0332081528524202,0.7100058296433197,-1.54e-06,1.5827871768011013,2.639678061348063,-16.29025560035798,1.0052136313683062,7.94243921102561,0.12067054082980143,-72.91058458191671,-1.1573229341274334,32.39206935185155,0.6295741068180681,59.90669482797041,0.2719344611720337,0.31464419102805585,0.00015748,1.081360214476355,0.00081957,0,0.0
3984,1.2512450922191727,0.6045974544449734,-1.54e-06,1.5827871768011013,2.639678061348063,26.381388226831294,1.0052136313683062,17.031915039385435,0.12067054082980143,-22.285418667295726,-1.1573229341274334,-53.624220807486786,0.6295741068180681,17.026884856799633,0.2719344611720337,0.326620181249032,0.00015748,1.08391914487918,0.00081957,0,0.0
3985,0.33896687711373286,0.3660306641697538,-1.54e-06,1.5827871768011013,2.639678061348063,97.24772854427533,1.0052136313683062,36.286242201325344,0.12067054082980143,-60.01667872170113,-1.1573229341274334,-46.20212902042802,0.6295741068180681,-27.195052189020206,0.2719344611720337,0.28665220073352116,0.00015748,2.190306436564112,0.00081957,0,0.0
3986,0.021876483104219524,0.04977665232837363,-1.54e-06,1.5827871768011013,2.639678061348063,92.39041514154884,1.0052136313683062,21.680890040011988,0.12067054082980143,-23.9815304485773,-1.1573229341274334,-43.893982943290126,0.6295741068180681,-40.014991732972994,0.2719344611720337,0.30314080383376263,0.00015748,1.699474607170599,0.00081957,0,0.0
3987,-0.005137992866977019,0.7695491965995644,-1.54e-06,1.5827871768011013,2.639678061348063,12.77016516034811,1.0052136313683062,-0.6966116467510101,0.12067054082980143,-29.320801883257054,-1.1573229341274334,76.6099924045175,0.6295741068180681,-5.235934638301985,0.2719344611720337,0.20535676135727454,0.00015748,2.009028560221753,0.00081957,0,0.0
3988,0.597733945499066,0.3617610804969229,-1.54e-06,1.5827871768011013,2.639678061348063,99.90503716247795,1.0052136313683062,31.750644294210158,0.12067054082980143,-30.590112989245323,-1.1573229341274334,-76.3820670475112,0.6295741068180681,-33.18374855018336,0.2719344611720337,0.2882464868717012,0.00015748,2.0637890160802566,0.00081957,0,0.0
3989,1.5440090152732804,0.7006335736807858,-1.54e-06,1.5827871768011013,2.639678061348063,-78.13041705575004,1.0052136313683062,0.622558241570887,0.12067054082980143,-51.05204977407601,-1.1573229341274334,23.808197366723906,0.6295741068180681,91.99930925848916,0.2719344611720337,-0.21132410506948307,0.00015748,0.2118033998459533,0.00081957,1,0.0
3990,0.06269049557028006,0.08186275512179167,-1.54e-06,1.5827871768011013,2.639678061348063,-38.89065782549812,1.0052136313683062,5.087683151690212,0.12067054082980143,-80.77346519074723,-1.1573229341274334,68.34680869417271,0.6295741068180681,56.18099309538978,0.2719344611720337,-0.14882102865099014,0.00015748,0.14758914762348643,0.00081957,1,0.0
3991,-0.004111690597738971,0.5275747970240546,-1.54e-06,1.5827871768011013,2.639678061348063,77.64648631396838,1.0052136313683062,15.55108141085925,0.12067054082980143,-36.116992986822495,-1.1573229341274334,28.861077456587058,0.6295741068180681,-37.604668288764564,0.2719344611720337,1.294745887248632,0.00015748,1.950996325529862,0.00081957,0,0.0
3992,0.00253549314573151,0.0856530641206833,-1.54e-06,1.5827871768011013,2.639678061348063,-13.758367986335378,1.0052136313683062,-1.249166304667787,0.12067054082980143,-22.916598537362567,-1.1573229341274334,27.160002875823977,0.6295741068180681,18.07617537927702,0.2719344611720337,-0.091731406318392,0.00015748,0.1490588453334495,0.00081957,1,0.0
3993,0.3812011037181522,0.5722476748609002,-1.54e-06,1.5827871768011013,2.639678061348063,11.807604323771102,1.0052136313683062,0.2562086819814684,0.12067054082980143,-22.22775082106376,-1.1573229341274334,38.765017816492055,0.6295741068180681,5.178948280438615,0.2719344611720337,0.2990280853502919,0.00015748,1.5372163739671425,0.00081957,0,0.0
3994,1.0956381614842443,0.47599529949468333,-1.54e-06,1.5827871768011013,2.639678061348063,29.9268766767725,1.0052136313683062,18.50850643217316,0.12067054082980143,-33.483160321397676,-1.1573229341274334,-43.06050075755617,0.6295741068180681,16.838413134755864,0.2719344611720337,0.31406669454819,0.00015748,1.1777312593255163,0.00081957,0,0.0
3995,2.431525564204067,1.7396638689867054,-1.54e-06,1.5827871768011013,2.639678061348063,-76.65904561268354,1.0052136313683062,7.093206479651861,0.12067054082980143,-22.55331463628442,-1.1573229341274334,-52.07400110659571,0.6295741068180681,96.18145388299884,0.2719344611720337,-0.4508735890976088,0.00015748,0.17669598097474104,0.00081957,1,0.0
3996,1.926374391319671,1.093254918795317,-1.54e-06,1.5827871768011013,2.639678061348063,-6.85676485035745,1.0052136313683062,22.16006641992916,0.12067054082980143,-69.66342758713974,-1.1573229341274334,-33.08853578915655,0.6295741068180681,67.28128270117035,0.2719344611720337,0.31458546244063895,0.00015748,1.2433617131492483,0.00081957,0,0.0
3997,0.8780512807277252,0.29633424851168516,-1.54e-06,1.5827871768011013,2.639678061348063,67.34173881937869,1.0052136313683062,34.58608796056591,0.12067054082980143,-96.93176684596499,-1.1573229341274334,-24.870244243636318,0.6295741068180681,19.524976991215972,0.2719344611720337,0.282427447330722,0.00015748,2.2593037713753805,0.00081957,0,0.0
3998,0.06889058127860559,0.019151448776120496,-1.54e-06,1.5827871768011013,2.639678061348063,51.51434008104017,1.0052136313683062,21.126662572486765,0.12067054082980143,-70.21191319109872,-1.1573229341274334,9.705778470981919,0.6295741068180681,1.4066243092378778,0.2719344611720337,0.3020695185738058,0.00015748,1.4422515395744324,0.00081957,0,0.0
3999,-0.00035129364713526456,0.19920425370620612,-1.54e-06,1.5827871768011013,2.639678061348063,73.36408338891593,1.0052136313683062,26.010104353099592,0.12067054082980143,-99.81932697025803,-1.1573229341274334,48.38368506995691,0.6295741068180681,-4.674100869072002,0.2719344611720337,1.279511325452296,0.00015748,1.9306941343724264,0.00081957,0,0.0
4000,0.08840346091904218,0.029618889044708246,-1.54e-06,1.6458958588694845,2.9575606284736997,-54.59894879550246,1.0052136313683062,1.4734621890674586,0.12067054082980143,-80.81970623134997,-1.1573229341274334,94.25481744312181,0.6295741068180681,61.160357863903485,0.2719344611720337,-0.07723841988860673,0.00015748,0.078401502135954,0.00081957,1,0.0
4001,0.03271781970744003,1.0579055344156416,-1.54e-06,1.6458958588694845,2.9575606284736997,10.031487139770121,1.0052136313683062,21.305243362556133,0.12067054082980143,-70.3006512156678,-1.1573229341274334,51.84298156641624,0.6295741068180681,9.29285775093813,0.2719344611720337,-0.1770388998251876,0.00015748,0.9699580475156903,0.00081957,1,0.0
4002,1.088608712849211,0.18928203826667414,-1.54e-06,1.6458958588694845,2.9575606284736997,-76.27859698630704,1.0052136313683062,6.815878758933766,0.12067054082980143,-73.92016944560191,-1.1573229341274334,25.152538093079624,0.6295741068180681,96.01277973780026,0.2719344611720337,-0.10828468318679398,0.00015748,0.10869553337934747,0.00081957,1,0.0
4003,0.7102990748323699,0.2389488977875165,-1.54e-06,1.6458958588694845,2.9575606284736997,47.25931035755626,1.0052136313683062,18.47716022722355,0.12067054082980143,-26.801718278720102,-1.1573229341274334,-48.71602390762399,0.6295741068180681,1.8829813931500972,0.2719344611720337,0.35538826739250584,0.00015748,0.8469207066123582,0.00081957,0,0.0
4004,0.8952908451573719,0.18402298063452627,-1.54e-06,1.6458958588694845,2.9575606284736997,-36.13981160633865,1.0052136313683062,3.885081803472186,0.12067054082980143,-24.729481396543047,-1.1573229341274334,-27.56896868697094,0.6295741068180681,54.28997256383957,0.2719344611720337,-0.15372487493848605,0.00015748,0.15940922229349322,0.00081957,1,0.0
4005,0.18843335586193252,1.2476577638146638,-1.54e-06,1.6458958588694845,2.9575606284736997,69.00263656213313,1.0052136313683062,-0.8509529557102818,0.12067054082980143,-57.03868487230125,-1.1573229341274334,85.0294454725781,0.6295741068180681,-5.490376784486925,0.2719344611720337,0.2811209508139293,0.00015748,2.2171384141031414,0.00081957,0,0.0
4006,1.2349185323712804,0.636703550122693,-1.54e-06,1.6458958588694845,2.9575606284736997,26.160860106766922,1.0052136313683062,28.92534282817204,0.12067054082980143,-63.778956080102304,-1.1573229341274334,-54.06535886871508,0.6295741068180681,37.675832061364346,0.2719344611720337,0.2371869509361364,0.00015748,1.0794480155810988,0.00081957,0,0.0
4007,1.5515077823485086,0.6574771610576834,-1.54e-06,1.6458958588694845,2.9575606284736997,25.718134974448457,1.0052136313683062,31.400331988397813,0.12067054082980143,-94.18605888847013,-1.1573229341274334,-50.926644650489344,0.6295741068180681,62.83928213799563,0.2719344611720337,0.30943294985423053,0.00015748,1.3478986284379424,0.00081957,0,0.0
4008,0.0017529368895763398,0.042210757553227014,-1.54e-06,1.6458958588694845,2.9575606284736997,72.64841167351065,1.0052136313683062,18.082190532720105,0.12067054082980143,-51.0943244442026,-1.1573229341274334,7.6999112199266495,0.6295741068180681,-18.921592236624093,0.2719344611720337,0.4436059730290427,0.00015748,1.0033224314623366,0.00081957,0,0.0
4009,1.7263402914557298,0.780733172888883,-1.54e-06,1.6458958588694845,2.9575606284736997,-4.066375697591795,1.0052136313683062,26.806591567345432,0.12067054082980143,-84.07060876323061,-1.1573229341274334,-46.319594963748564,0.6295741068180681,76.64524496292452,0.2719344611720337,0.3274857218852363,0.00015748,1.0405927739172751,0.00081957,0,0.0
4010,1.3141423410957143,1.3225322581664551,-1.54e-06,1.6458958588694845,2.9575606284736997,60.92621948234652,1.0052136313683062,19.918326191164688,0.12067054082980143,-86.47997334959298,-1.1573229341274334,-26.73961128401129,0.6295741068180681,44.548980278787084,0.2719344611720337,0.2845628829016422,0.00015748,2.036460481185023,0.00081957,0,0.0
4011,-0.007697338056126379,0.7806205368563414,-1.54e-06,1.6458958588694845,2.9575606284736997,61.13119171705272,1.0052136313683062,13.836250140088747,0.12067054082980143,-31.13072451844046,-1.1573229341274334,92.24784688436394,0.6295741068180681,-44.88900059003657,0.2719344611720337,0.3748717078714906,0.00015748,1.9974333156723767,0.00081957,0,0.0
4012,0.0004978056970512679,0.23404492527559434,-1.54e-06,1.6458958588694845,2.9575606284736997,85.14177188979367,1.0052136313683062,7.436395742398499,0.12067054082980143,-14.797213031061883,-1.1573229341274334,4.501372613844466,0.6295741068180681,-37.807765940925975,0.2719344611720337,0.41393325705184203,0.00015748,1.3023271241181607,0.00081957,0,0.0
4013,0.7288657621959806,0.1655314002745897,-1.54e-06,1.6458958588694845,2.9575606284736997,-46.565626666383984,1.0052136313683062,-1.642440491109115,0.12067054082980143,-15.998829288867938,-1.1573229341274334,3.720410448636513,0.6295741068180681,48.18521091415945,0.2719344611720337,-0.12034868885681069,0.00015748,0.1209113503954326,0.00081957,1,0.0
4014,-0.0002168357859271275,0.18580760237670815,-1.54e-06,1.6458958588694845,2.9575606284736997,87.48711715059676,1.0052136313683062,23.866369250157728,0.12067054082980143,-86.13556651983968,-1.1573229341274334,58.708319556666154,0.6295741068180681,-19.512594011352366,0.2719344611720337,1.05023698167113,0.00015748,1.26389512881845,0.00081957,0,0.0
4015,1.311394618911737,1.0548780430883617,-1.54e-06,1.6458958588694845,2.9575606284736997,10.056236818546216,1.0052136313683062,13.317486290972532,0.12067054082980143,-84.50077849699855,-1.1573229341274334,6.7003513760133,0.6295741068180681,65.74604058910901,0.2719344611720337,0.30714473941165155,0.00015748,1.4237927318716217,0.00081957,0,0.0
4016,0.1545291012488526,0.24013860685563104,-1.54e-06,1.6458958588694845,2.9575606284736997,-60.11537897155974,1.0052136313683062,-5.690580550276304,0.12067054082980143,-48.471874835361184,-1.1573229341274334,90.28726209681975,0.6295741068180681,50.60251425574509,0.2719344611720337,-0.3175004431617239,0.00015748,0.3181075882642368,0.00081957,1,0.0
4017,1.6785376343188598,0.7798531715312814,-1.54e-06,1.6458958588694845,2.9575606284736997,45.01865142061814,1.0052136313683062,36.92777644092804,0.12067054082980143,-84.64887381191943,-1.1573229341274334,-84.45858064912537,0.6295741068180681,51.09942466404221,0.2719344611720337,0.2982563577187215,0.00015748,1.524778602402952,0.00081957,0,0.0
4018,1.665382351352037,0.5676350429773351,-1.54e-06,1.6458958588694845,2.9575606284736997,-43.74716699950997,1.0052136313683062,10.226458095735346,0.12067054082980143,-10.925555158986805,-1.1573229341274334,-98.0007571757111,0.6295741068180681,72.2814181262178,0.2719344611720337,-0.28757874794313015,0.00015748,0.2876592330976035,0.00081957,1,0.0
4019,0.781661051047761,0.6359688415629802,-1.54e-06,1.6458958588694845,2.9575606284736997,-74.54450742628681,1.0052136313683062,-8.378088374467426,0.12067054082980143,-15.123578794329706,-1.1573229341274334,42.25626475344824,0.6295741068180681,59.78265033883847,0.2719344611720337,-0.437243377058177,0.00015748,0.4288386344122829,0.00081957,1,0.0
4020,0.43351124875886327,1.0425460282572956,-1.54e-06,1.6458958588694845,2.9575606284736997,-24.773031156253044,1.0052136313683062,21.352491692390586,0.12067054082980143,-70.95457441156766,-1.1573229341274334,6.114770611395971,0.6295741068180681,44.76665642348364,0.2719344611720337,-0.6243229674677523,0.00015748,0.6429505002668073,0.00081957,1,0.0
4021,-3.291296385424247e-05,0.047898934822492266,-1.54e-06,1.6458958588694845,2.9575606284736997,9.103912847981439,1.0052136313683062,2.9523590425642694,0.12067054082980143,-3.813528231168305,-1.1573229341274334,-8.621461781133355,0.6295741068180681,-2.7324367554959217,0.2719344611720337,-0.052908108446570457,0.00015748,0.12106676297146807,0.00081957,1,0.0
4022,0.00018999451446333193,0.12001491326302097,-1.54e-06,1.6458958588694845,2.9575606284736997,92.8145502457443,1.0052136313683062,13.827388269753895,0.12067054082980143,-6.5973419608723765,-1.1573229341274334,-19.33481251441621,0.6295741068180681,-49.24315617930755,0.2719344611720337,0.6370084691707328,0.00015748,0.9830541972445718,0.00081957,0,0.0
4023,-5.647106556178061e-05,0.19128932606736399,-1.54e-06,1.6458958588694845,2.9575606284736997,14.604051028737937,1.0052136313683062,3.3890303979072973,0.12067054082980143,-26.023449282807963,-1.1573229341274334,42.63701375418134,0.6295741068180681,-2.122564653014643,0.2719344611720337,0.21523506356182087,0.00015748,0.5579736150848663,0.00081957,0,0.0
4024,0.9292435308146755,0.5472157178554873,-1.54e-06,1.6458958588694845,2.9575606284736997,6.518490435235063,1.0052136313683062,14.403295079420198,0.12067054082980143,-15.596379295237337,-1.1573229341274334,-82.61491007204508,0.6295741068180681,29.767218020081494,0.2719344611720337,-0.2924365994512573,0.00015748,0.5466891852621596,0.00081957,1,0.0
4025,1.3584711638440772,0.5418959401014457,-1.54e-06,1.6458958588694845,2.9575606284736997,22.92492836408348,1.0052136313683062,26.529084711745387,0.12067054082980143,-68.29971210086477,-1.1573229341274334,-51.88345869620712,0.6295741068180681,47.29123420808834,0.2719344611720337,0.32467592990094046,0.00015748,1.0842526476626804,0.00081957,0,0.0
4026,0.22746457292820665,0.7656162199524866,-1.54e-06,1.6458958588694845,2.9575606284736997,63.40502401500783,1.0052136313683062,10.747599364787538,0.12067054082980143,-100.0,-1.1573229341274334,72.23328357888792,0.6295741068180681,18.835387275592,0.2719344611720337,0.2941092966382731,0.00015748,1.888327799922878,0.00081957,0,0.0
4027,-0.002165800291740294,0.2283993821004388,-1.54e-06,1.6458958588694845,2.9575606284736997,48.10839003189795,1.0052136313683062,4.198434713833376,0.12067054082980143,-4.991877285986301,-1.1573229341274334,40.976586022708936,0.6295741068180681,-33.61329566261721,0.2719344611720337,0.34292721061184056,0.00015748,1.1429793976374414,0.00081957,0,0.0
4028,1.1514949754501942,0.4047860143420147,-1.54e-06,1.6458958588694845,2.9575606284736997,39.27382168604131,1.0052136313683062,30.03522624023437,0.12067054082980143,-84.08605143415562,-1.1573229341274334,-40.377161728959265,0.6295741068180681,40.456056902132985,0.2719344611720337,0.3128932160922819,0.00015748,1.2666377209730564,0.00081957,0,0.0
4029,0.7368379564728725,0.21944961090610635,-1.54e-06,1.6458958588694845,2.9575606284736997,-41.050261313346724,1.0052136313683062,11.465534225436535,0.12067054082980143,-69.42007240057205,-1.1573229341274334,4.045376717807751,0.6295741068180681,69.5148224142986,0.2719344611720337,-0.30307468030849494,0.00015748,0.3094346240334742,0.00081957,1,0.0
4030,0.000833100373862472,0.34419728615775946,-1.54e-06,1.6458958588694845,2.9575606284736997,46.636665164618556,1.0052136313683062,3.1533935101159867,0.12067054082980143,-21.06917215691238,-1.1573229341274334,74.81279590891553,0.6295741068180681,-28.14628766933094,0.2719344611720337,0.3753949667265595,0.00015748,1.4667381648043747,0.00081957,0,0.0
4031,0.0007864810969064884,0.20192979215534965,-1.54e-06,1.6458958588694845,2.9575606284736997,99.45248159084986,1.0052136313683062,31.3194248985977,0.12067054082980143,-86.29794950707709,-1.1573229341274334,33.276603785455265,0.6295741068180681,-27.531676138227606,0.2719344611720337,0.8759883133830639,0.00015748,1.3823394831208038,0.00081957,0,0.0
4032,1.4391663459591308,0.4173038221874155,-1.54e-06,1.6458958588694845,2.9575606284736997,-65.37471098131155,1.0052136313683062,2.3555273354390005,0.12067054082980143,-16.365078431771565,-1.1573229341274334,-38.93801386477603,0.6295741068180681,76.54266516279095,0.2719344611720337,-0.040790650129085594,0.00015748,0.04062041133825307,0.00081957,1,0.0
4033,0.3219166867304628,0.34264150210624655,-1.54e-06,1.6458958588694845,2.9575606284736997,79.56059190306966,1.0052136313683062,26.145390521795825,0.12067054082980143,-20.62527506083493,-1.1573229341274334,-49.056880456761064,0.6295741068180681,-34.18963279760307,0.2719344611720337,0.3228490545117895,0.00015748,1.0796349242844054,0.00081957,0,0.0
4034,1.4975377547277495,0.39701578469319543,-1.54e-06,1.6458958588694845,2.9575606284736997,-62.19271768844289,1.0052136313683062,7.24988383268764,0.12067054082980143,-33.06811816992135,-1.1573229341274334,-46.78283093901685,0.6295741068180681,84.6565960758812,0.2719344611720337,-0.1465109905296593,0.00015748,0.14800846324839798,0.00081957,1,0.0
4035,0.0005544124008213559,0.0964685935219605,-1.54e-06,1.6458958588694845,2.9575606284736997,-18.582937007568642,1.0052136313683062,-0.4413913152407667,0.12067054082980143,-27.252291597004344,-1.1573229341274334,45.378590913042494,0.6295741068180681,17.859308279919755,0.2719344611720337,-0.06674350698233894,0.00015748,0.20009300170904915,0.00081957,1,0.0
4036,0.24060441698991297,0.10103014466483984,-1.54e-06,1.6458958588694845,2.9575606284736997,73.04025855831713,1.0052136313683062,15.115081542576112,0.12067054082980143,-22.368144644822227,-1.1573229341274334,-31.72124026657708,0.6295741068180681,-22.332723391253356,0.2719344611720337,0.33501706874507564,0.00015748,0.9919031789170968,0.00081957,0,0.0
4037,0.4044400280475455,0.07419854151201735,-1.54e-06,1.6458958588694845,2.9575606284736997,-35.101046532301844,1.0052136313683062,-1.677251204781759,0.12067054082980143,-18.143908206786655,-1.1573229341274334,18.737123240688003,0.6295741068180681,34.58311388419993,0.2719344611720337,-0.11390339886915324,0.00015748,0.11441703861633867,0.00081957,1,0.0
4038,0.47959040512738027,0.13601558616308299,-1.54e-06,1.6458958588694845,2.9575606284736997,72.42988454884306,1.0052136313683062,25.424183409413768,0.12067054082980143,-55.403826074852276,-1.1573229341274334,-35.61680557327216,0.6295741068180681,-4.474707194475193,0.2719344611720337,0.31827215503384126,0.00015748,1.1917374822681273,0.00081957,0,0.0
4039,0.6936402221219073,0.4206040310890245,-1.54e-06,1.6458958588694845,2.9575606284736997,-25.9764814130468,1.0052136313683062,17.097515390246844,0.12067054082980143,-87.83701383119212,-1.1573229341274334,13.348904465258135,0.6295741068180681,66.32620466057215,0.2719344611720337,-0.20385413983435408,0.00015748,0.5391682694714413,0.00081957,1,0.0
4040,0.6804777528495853,0.08539308095019268,-1.54e-06,1.6458958588694845,2.9575606284736997,-75.01753385050681,1.0052136313683062,7.674791023970708,0.12067054082980143,-99.12798273309433,-1.1573229341274334,69.59519970209415,0.6295741068180681,94.10504757324689,0.2719344611720337,-0.14132262234284457,0.00015748,0.14429216451351348,0.00081957,1,0.0
4041,1.1241409953169026,0.7996718197544773,-1.54e-06,1.6458958588694845,2.9575606284736997,37.341701377929226,1.0052136313683062,18.86098313549669,0.12067054082980143,-88.82329566964808,-1.1573229341274334,-6.461411104104698,0.6295741068180681,49.50319601047519,0.2719344611720337,0.3102020228067327,0.00015748,1.5593171228977436,0.00081957,0,0.0
4042,0.40438369119729445,0.1570865545118767,-1.54e-06,1.6458958588694845,2.9575606284736997,96.32325046192385,1.0052136313683062,21.590423757255675,0.12067054082980143,-3.426587916371563,-1.1573229341274334,-82.20968339221533,0.6295741068180681,-39.07084911834747,0.2719344611720337,0.32330637495991105,0.00015748,1.1106224526775332,0.00081957,0,0.0
4043,0.6985787544148305,2.5272002352657097,-1.54e-06,1.6458958588694845,2.9575606284736997,85.81319331694837,1.0052136313683062,46.23780974903852,0.12067054082980143,-52.21294576236718,-1.1573229341274334,-56.867331979979795,0.6295741068180681,-28.890156855538766,0.2719344611720337,-0.008595285728798752,0.00015748,1.916862379552492,0.00081957,1,0.0
4044,0.3171711554325117,1.6347125819784332,-1.54e-06,1.6458958588694845,2.9575606284736997,73.77760845979941,1.0052136313683062,0.09947267815514002,0.12067054082980143,-68.35468680515336,-1.1573229341274334,89.31802657920483,0.6295741068180681,1.0228846566110477,0.2719344611720337,0.30679046999374204,0.00015748,2.470178850339017,0.00081957,0,0.0
4045,0.04109458316427117,0.05044063646371094,-1.54e-06,1.6458958588694845,2.9575606284736997,29.436023081875927,1.0052136313683062,9.458764499924543,0.12067054082980143,-40.55726225329735,-1.1573229341274334,35.44840119302452,0.6295741068180681,-2.848153115699596,0.2719344611720337,0.4652433899778481,0.00015748,0.5392220810987276,0.00081957,0,0.0
4046,0.001404425324899261,0.030295547665397684,-1.54e-06,1.6458958588694845,2.9575606284736997,92.67110513007479,1.0052136313683062,21.5292943278891,0.12067054082980143,-40.65237023156465,-1.1573229341274334,-24.354500575047027,0.6295741068180681,-31.940384506562072,0.2719344611720337,0.3194518875288107,0.00015748,1.1548911534379211,0.00081957,0,0.0
4047,0.6342500855543756,0.3445850756697609,-1.54e-06,1.6458958588694845,2.9575606284736997,24.54380692926578,1.0052136313683062,16.76498100450695,0.12067054082980143,-100.0,-1.1573229341274334,37.49674889368339,0.6295741068180681,45.67294120268004,0.2719344611720337,0.31676537408599026,0.00015748,1.2030226143583307,0.00081957,0,0.0
4048,-0.0006621391991974424,0.18481196706805564,-1.54e-06,1.6458958588694845,2.9575606284736997,56.17605502730169,1.0052136313683062,16.968866836858023,0.12067054082980143,-60.9958460343441,-1.1573229341274334,61.44928171679261,0.6295741068180681,-16.306105980811143,0.2719344611720337,0.7252440070205789,0.00015748,1.0624081155362022,0.00081957,0,0.0
4049,0.5457209421174616,0.04916708765584632,-1.54e-06,1.6458958588694845,2.9575606284736997,-50.05955015150041,1.0052136313683062,3.5573059482620115,0.12067054082980143,-54.193273830877985,-1.1573229341274334,34.78060920953619,0.6295741068180681,60.50828897493516,0.2719344611720337,-0.05915387656392751,0.00015748,0.05869272336009007,0.00081957,1,0.0
4050,1.225584754460951,0.6908846835874335,-1.54e-06,1.6458958588694845,2.9575606284736997,-20.812220607962793,1.0052136313683062,15.325825210208022,0.12067054082980143,-36.71308452937872,-1.1573229341274334,-82.98061856437336,0.6295741068180681,62.58622984212473,0.2719344611720337,-0.520024624858103,0.00015748,0.5415358386226589,0.00081957,1,0.0
4051,1.3168467071126306,1.7407535026604415,-1.54e-06,1.6458958588694845,2.9575606284736997,-41.07452212259845,1.0052136313683062,23.78426730626194,0.12067054082980143,-36.6972523316262,-1.1573229341274334,-69.26540015489235,0.6295741068180681,59.674537630682984,0.2719344611720337,-0.7628833054990989,0.00015748,0.73649649034197,0.00081957,1,0.0
4052,1.3334243290380918,0.7060687378021746,-1.54e-06,1.6458958588694845,2.9575606284736997,19.346362637721118,1.0052136313683062,13.500036950187226,0.12067054082980143,-5.812861227268645,-1.1573229341274334,-88.49102503876888,0.6295741068180681,27.04611747896106,0.2719344611720337,0.22624621387622312,0.00015748,0.7480247071996868,0.00081957,0,0.0
4053,0.0008620532218764909,0.026193394327524027,-1.54e-06,1.6458958588694845,2.9575606284736997,9.882929608143497,1.0052136313683062,11.517177501159049,0.12067054082980143,-80.95413238557023,-1.1573229341274334,78.27845806549773,0.6295741068180681,22.042977755986126,0.2719344611720337,0.4803567202479984,0.00015748,0.5197169979602208,0.00081957,0,0.0
4054,1.2119320524163113,0.6088821690749969,-1.54e-06,1.6458958588694845,2.9575606284736997,71.78888514440551,1.0052136313683062,30.29879349756853,0.12067054082980143,-86.148435996441,-1.1573229341274334,-57.666977555263344,0.6295741068180681,32.461136616294866,0.2719344611720337,0.29190227258830126,0.00015748,1.7668735263687263,0.00081957,0,0.0
4055,0.0006797149193172869,0.0686725115668181,-1.54e-06,1.6458958588694845,2.9575606284736997,31.185964831307274,1.0052136313683062,7.0127370745800715,0.12067054082980143,-31.924667217307885,-1.1573229341274334,40.605902984946574,0.6295741068180681,-9.158713834288317,0.2719344611720337,0.3980932383958651,0.00015748,0.6738824304221271,0.00081957,0,0.0
4056,0.00029033435171088584,0.13849470154358992,-1.54e-06,1.6458958588694845,2.9575606284736997,36.350761022597894,1.0052136313683062,12.28203414982955,0.12067054082980143,-54.78255493551296,-1.1573229341274334,67.21869822795144,0.6295741068180681,-7.637717170647382,0.2719344611720337,0.5132752708720697,0.00015748,0.9583662640173362,0.00081957,0,0.0
4057,0.20586188687850066,0.150712091702006,-1.54e-06,1.6458958588694845,2.9575606284736997,44.582594920021286,1.0052136313683062,10.500288187922735,0.12067054082980143,-48.311049544555026,-1.1573229341274334,19.742068889759413,0.6295741068180681,1.9337034985633121,0.2719344611720337,0.33638027734592374,0.00015748,0.9455452366746506,0.00081957,0,0.0
4058,1.396844738705472,0.9918890028078742,-1.54e-06,1.6458958588694845,2.9575606284736997,56.268511683951914,1.0052136313683062,26.64200688692316,0.12067054082980143,-99.75220539663123,-1.1573229341274334,-38.445636052941076,0.6295741068180681,52.85424639428777,0.2719344611720337,0.28474244098103674,0.00015748,1.8883027452198964,0.00081957,0,0.0
4059,0.0013358381179711942,0.38300125139567354,-1.54e-06,1.6458958588694845,2.9575606284736997,38.599317779387476,1.0052136313683062,1.6219685082320956,0.12067054082980143,-25.807587856591073,-1.1573229341274334,91.00688188496916,0.6295741068180681,-23.163233343308043,0.2719344611720337,0.3085175546789791,0.00015748,1.5640697200691704,0.00081957,0,0.0
4060,0.47514883982668,0.03913453173098371,-1.54e-06,1.6458958588694845,2.9575606284736997,-43.88673437232702,1.0052136313683062,4.44152223223124,0.12067054082980143,-56.55915814560926,-1.1573229341274334,32.73151229152699,0.6295741068180681,57.54464157788941,0.2719344611720337,-0.07813867744149305,0.00015748,0.07793924814534042,0.00081957,1,0.0
4061,0.30345262307111925,0.03346192269800579,-1.54e-06,1.6458958588694845,2.9575606284736997,-33.5258984852698,1.0052136313683062,5.411271030424066,0.12067054082980143,-55.44482210555774,-1.1573229341274334,33.294450668882014,0.6295741068180681,47.37112663284849,0.2719344611720337,-0.11849881905323531,0.00015748,0.11904530709490715,0.00081957,1,0.0
4062,0.000853531826855769,0.040445609467135976,-1.54e-06,1.6458958588694845,2.9575606284736997,25.86742839369041,1.0052136313683062,9.659940524585252,0.12067054082980143,-48.694501904429266,-1.1573229341274334,47.032391480924936,0.6295741068180681,0.8941304274538175,0.2719344611720337,0.4606751315375272,0.00015748,0.5468145044609516,0.00081957,0,0.0
4063,0.41557663692995583,0.1588383525320486,-1.54e-06,1.6458958588694845,2.9575606284736997,-66.58076473602779,1.0052136313683062,-2.3325832198076957,0.12067054082980143,-58.100824585528976,-1.1573229341274334,75.47795627232831,0.6295741068180681,65.36634579912146,0.2719344611720337,-0.21672762429968792,0.00015748,0.2138966739672402,0.00081957,1,0.0
4064,0.00016170271061932695,0.01217000236543566,-1.54e-06,1.6458958588694845,2.9575606284736997,42.156081131975874,1.0052136313683062,19.914907331087566,0.12067054082980143,-90.22044551440975,-1.1573229341274334,47.833727778396835,0.6295741068180681,11.68264611423669,0.2719344611720337,0.3466552916379109,0.00015748,0.8989572528374328,0.00081957,0,0.0
4065,0.02071648708359497,0.6720461553051573,-1.54e-06,1.6458958588694845,2.9575606284736997,79.03406134697588,1.0052136313683062,34.532160397104455,0.12067054082980143,-70.19293187736722,-1.1573229341274334,19.05776872324948,0.6295741068180681,-30.264970359137177,0.2719344611720337,0.27286390103169555,0.00015748,1.5022209455165134,0.00081957,0,0.0
4066,1.1845969524901057,0.7799046026671163,-1.54e-06,1.6458958588694845,2.9575606284736997,-7.8103902419697775,1.0052136313683062,18.003653449661922,0.12067054082980143,-33.33388945184824,-1.1573229341274334,-89.81209188081493,0.6295741068180681,51.81656311934585,0.2719344611720337,-0.46169608340412305,0.00015748,0.6235979242661032,0.00081957,1,0.0
4067,1.1482961842488297,0.274690735909128,-1.54e-06,1.6458958588694845,2.9575606284736997,-65.73180359351798,1.0052136313683062,1.545141916224802,0.12067054082980143,-31.832773828697384,-1.1573229341274334,-5.521837313012606,0.6295741068180681,75.19616021439175,0.2719344611720337,-0.062034776326370396,0.00015748,0.06267645999489724,0.00081957,1,0.0
4068,0.5246967889231335,0.875744191345102,-1.54e-06,1.6458958588694845,2.9575606284736997,68.18463278304976,1.0052136313683062,28.582660314311212,0.12067054082980143,-24.859682955853145,-1.1573229341274334,-24.28539844997134,0.6295741068180681,-31.201965010850575,0.2719344611720337,0.3139105956799165,0.00015748,1.4509571570489306,0.00081957,0,0.0
4069,0.6790852390065321,0.18691750728983578,-1.54e-06,1.6458958588694845,2.9575606284736997,72.00024384812352,1.0052136313683062,32.83573063447563,0.12067054082980143,-90.76490409295089,-1.1573229341274334,-28.30563892362046,0.6295741068180681,15.004972186043787,0.2719344611720337,0.30259575238627734,0.00015748,1.4654608994358749,0.00081957,0,0.0
4070,-0.0012135352216995354,0.6061570377463714,-1.54e-06,1.6458958588694845,2.9575606284736997,88.3181799098664,1.0052136313683062,14.485397078231236,0.12067054082980143,-39.958117011337634,-1.1573229341274334,80.02730242212344,0.6295741068180681,-48.215663278000726,0.2719344611720337,0.8351392792696534,0.00015748,1.887700100802454,0.00081957,0,0.0
4071,0.05644001442637475,0.014822419579927233,-1.54e-06,1.6458958588694845,2.9575606284736997,-42.666169314891725,1.0052136313683062,2.123380778459198,0.12067054082980143,-68.68591819270779,-1.1573229341274334,75.89920196906567,0.6295741068180681,49.91521452208562,0.2719344611720337,-0.043649522063482826,0.00015748,0.04362865725040249,0.00081957,1,0.0
4072,0.7812529559445449,0.5940233682824092,-1.54e-06,1.6458958588694845,2.9575606284736997,28.874815517333328,1.0052136313683062,6.062974611393442,0.12067054082980143,-25.818010201458023,-1.1573229341274334,-8.125495017965738,0.6295741068180681,15.855357187133084,0.2719344611720337,0.3064871873558832,0.00015748,1.0910293794694657,0.00081957,0,0.0
4073,1.2198119478391571,0.26954549677769407,-1.54e-06,1.6458958588694845,2.9575606284736997,-83.22359942794397,1.0052136313683062,3.9562529642854694,0.12067054082980143,-63.70519345009422,-1.1573229341274334,21.175394413093365,0.6295741068180681,98.58664661442434,0.2719344611720337,-0.05590348350517199,0.00015748,0.05572091895470693,0.00081957,1,0.0
4074,0.0002843945610107035,0.024564798829216247,-1.54e-06,1.6458958588694845,2.9575606284736997,75.28241379509039,1.0052136313683062,25.401393261425774,0.12067054082980143,-90.32288559807303,-1.1573229341274334,26.125600179136075,0.6295741068180681,-4.51383299394586,0.2719344611720337,0.3982387746028406,0.00015748,1.2419014806095896,0.00081957,0,0.0
4075,1.0030024398483235,0.4601101020016416,-1.54e-06,1.6458958588694845,2.9575606284736997,-17.099562634631518,1.0052136313683062,9.895404136745354,0.12067054082980143,-53.505654605054104,-1.1573229341274334,-1.6040092110327278,0.6295741068180681,55.27679839222237,0.2719344611720337,0.2517486568706909,0.00015748,0.53736484674261,0.00081957,0,0.0
4076,0.4890257900338493,0.18728955862888041,-1.54e-06,1.6458958588694845,2.9575606284736997,37.85751534598472,1.0052136313683062,12.425599140870682,0.12067054082980143,-37.167727342131755,-1.1573229341274334,-9.75037995345802,0.6295741068180681,7.208760855615947,0.2719344611720337,0.35493068616709833,0.00015748,0.8204396482200574,0.00081957,0,0.0
4077,0.7419293109004602,0.22911435954909798,-1.54e-06,1.6458958588694845,2.9575606284736997,51.39216063001596,1.0052136313683062,23.80956351619641,0.12067054082980143,-54.44329571634494,-1.1573229341274334,-38.14507547663395,0.6295741068180681,12.02703272620961,0.2719344611720337,0.32912639778368064,0.00015748,1.06482005708447,0.00081957,0,0.0
4078,0.41966855918630386,0.13771358098199435,-1.54e-06,1.6458958588694845,2.9575606284736997,91.338283607732,1.0052136313683062,23.89255105933043,0.12067054082980143,-30.273476485888008,-1.1573229341274334,-61.26973000539844,0.6295741068180681,-24.597231283611702,0.2719344611720337,0.31325121223819835,0.00015748,1.2344989830476196,0.00081957,0,0.0
4079,1.3891073056582122,0.534671108946596,-1.54e-06,1.6458958588694845,2.9575606284736997,24.18592454501779,1.0052136313683062,30.895789330913814,0.12067054082980143,-94.56185492561852,-1.1573229341274334,-38.6908042306198,0.6295741068180681,58.21313398122046,0.2719344611720337,0.3144553402054369,0.00015748,1.2624736235546434,0.00081957,0,0.0
4080,0.9139806832625108,0.35193689686905416,-1.54e-06,1.6458958588694845,2.9575606284736997,-76.2504838028189,1.0052136313683062,-3.418328923464835,0.12067054082980143,-38.43706226504614,-1.1573229341274334,36.864805373195935,0.6295741068180681,75.77137296821053,0.2719344611720337,-0.23825044782412497,0.00015748,0.23889670441573396,0.00081957,1,0.0
4081,0.0218819954050804,0.30460133570542813,-1.54e-06,1.6458958588694845,2.9575606284736997,-49.79947774769864,1.0052136313683062,-8.018220850833345,0.12067054082980143,-30.79463879363586,-1.1573229341274334,83.98989474673624,0.6295741068180681,34.626188951784506,0.2719344611720337,-0.3707314923743003,0.00015748,0.3713442043513359,0.00081957,1,0.0
4082,0.9607800489595141,0.31934466533044514,-1.54e-06,1.6458958588694845,2.9575606284736997,-4.082594253064291,1.0052136313683062,17.179570706377664,0.12067054082980143,-73.18862955420441,-1.1573229341274334,5.933339272056426,0.6295741068180681,52.40058424811984,0.2719344611720337,0.3760403666938934,0.00015748,0.6850579855327896,0.00081957,0,0.0
4083,1.5680677739557485,0.4474803384118453,-1.54e-06,1.6458958588694845,2.9575606284736997,-68.8494583803888,1.0052136313683062,5.41388445764554,0.12067054082980143,-26.56094546037861,-1.1573229341274334,-44.87710416090747,0.6295741068180681,85.95418433004444,0.2719344611720337,-0.07661363689946893,0.00015748,0.07586174593757533,0.00081957,1,0.0
4084,0.001913354688438007,0.08578263384508357,-1.54e-06,1.6458958588694845,2.9575606284736997,71.09566724102284,1.0052136313683062,22.554646867921313,0.12067054082980143,-86.5413194593373,-1.1573229341274334,49.99459710742874,0.6295741068180681,-7.93102109057843,0.2719344611720337,0.7487751848267395,0.00015748,1.1230861237277239,0.00081957,0,0.0
4085,0.00100714690775483,0.23096766555827294,-1.54e-06,1.6458958588694845,2.9575606284736997,67.10427787481957,1.0052136313683062,19.46427043275801,0.12067054082980143,-68.09021486529237,-1.1573229341274334,65.76206911850736,0.6295741068180681,-20.086441288177923,0.2719344611720337,0.864064562173607,0.00015748,1.1854615672483853,0.00081957,0,0.0
4086,0.12581190202501003,0.0673760065735541,-1.54e-06,1.6458958588694845,2.9575606284736997,59.30099261973415,1.0052136313683062,12.39878661389495,0.12067054082980143,-11.051993561837486,-1.1573229341274334,-22.09730884302861,0.6295741068180681,-25.85495924094979,0.2719344611720337,0.40311099876650536,0.00015748,0.6604242618202447,0.00081957,0,0.0
4087,1.3380829305600512,0.5636357984376984,-1.54e-06,1.6458958588694845,2.9575606284736997,55.08436810482911,1.0052136313683062,30.816531666277974,0.12067054082980143,-56.258651192941755,-1.1573229341274334,-84.92020623787512,0.6295741068180681,26.407848948824714,0.2719344611720337,0.3087244478309389,0.00015748,1.3374105728691323,0.00081957,0,0.0
4088,1.322234436890009,0.5385407917546726,-1.54e-06,1.6458958588694845,2.9575606284736997,75.6030303112321,1.0052136313683062,39.21563241896434,0.12067054082980143,-89.6783644255123,-1.1573229341274334,-79.12659797076162,0.6295741068180681,29.95891194113001,0.2719344611720337,0.289959216956694,0.00015748,1.7420344314041518,0.00081957,0,0.0
4089,0.8877121737398694,0.32795894982266527,-1.54e-06,1.6458958588694845,2.9575606284736997,87.74979340470466,1.0052136313683062,32.81546348007202,0.12067054082980143,-52.16897244247809,-1.1573229341274334,-81.82219586297691,0.6295741068180681,-3.3758991087132166,0.2719344611720337,0.3015464377499434,0.00015748,1.4762865731560524,0.00081957,0,0.0
4090,0.0006300078750310911,0.03794305277227404,-1.54e-06,1.6458958588694845,2.9575606284736997,24.265517956307093,1.0052136313683062,15.086292411003061,0.12067054082980143,-83.15341306722671,-1.1573229341274334,72.21620960364282,0.6295741068180681,14.307169143483206,0.2719344611720337,0.5539982276125724,0.00015748,0.660627746877183,0.00081957,0,0.0
4091,0.9666993863265891,0.3122803967819721,-1.54e-06,1.6458958588694845,2.9575606284736997,25.53421480005204,1.0052136313683062,23.714986001616207,0.12067054082980143,-73.17353717876459,-1.1573229341274334,-21.70635207536463,0.6295741068180681,38.02719625598564,0.2719344611720337,0.33014043296949086,0.00015748,0.9927396980150303,0.00081957,0,0.0
4092,1.146030021484925,0.4337733150533087,-1.54e-06,1.6458958588694845,2.9575606284736997,35.055153511362036,1.0052136313683062,23.634973367472572,0.12067054082980143,-49.61697012216332,-1.1573229341274334,-57.38515906541765,0.6295741068180681,28.697365753534207,0.2719344611720337,0.33173436656895106,0.00015748,1.0215448121211743,0.00081957,0,0.0
4093,0.5182616234960654,0.9375645243800987,-1.54e-06,1.6458958588694845,2.9575606284736997,-85.9167300535172,1.0052136313683062,-13.6021413766168,0.12067054082980143,-27.63131659019492,-1.1573229341274334,90.69470156178562,0.6295741068180681,63.38085399295565,0.2719344611720337,-0.5956005503084494,0.00015748,0.5900079682809858,0.00081957,1,0.0
4094,0.0196019751418669,0.5520900620384641,-1.54e-06,1.6458958588694845,2.9575606284736997,50.471863669672395,1.0052136313683062,12.131891973532744,0.12067054082980143,-18.369659347178917,-1.1573229341274334,57.0628306895432,0.6295741068180681,-38.083079168739474,0.2719344611720337,0.27446547287840717,0.00015748,1.4964987840144661,0.00081957,0,0.0
4095,1.4275732462564192,0.556211150031421,-1.54e-06,1.6458958588694845,2.9575606284736997,23.10868209700871,1.0052136313683062,31.196026556203236,0.12067054082980143,-99.01745591583256,-1.1573229341274334,-37.60752824755109,0.6295741068180681,62.12571054477132,0.2719344611720337,0.3089380298996553,0.00015748,1.2958346488184964,0.00081957,0,0.0
4096,1.3739913458233515,0.34984277433457217,-1.54e-06,1.6458958588694845,2.9575606284736997,-50.42203320091415,1.0052136313683062,7.629329603513854,0.12067054082980143,-26.388036019914647,-1.1573229341274334,-54.37918635509017,0.6295741068180681,73.40414287009034,0.2719344611720337,-0.18574861111173951,0.00015748,0.18625598209437683,0.00081957,1,0.0
4097,0.9382769771297604,0.15849725318902116,-1.54e-06,1.6458958588694845,2.9575606284736997,-50.536054255385,1.0052136313683062,3.1936609070925828,0.12067054082980143,-30.399494129297814,-1.1573229341274334,-8.668402329885684,0.6295741068180681,61.955969428506066,0.2719344611720337,-0.03240781360627211,0.00015748,0.03575921465313171,0.00081957,1,0.0
4098,0.06706724632420502,0.6546620080626562,-1.54e-06,1.6458958588694845,2.9575606284736997,78.45515187414426,1.0052136313683062,12.348850282647717,0.12067054082980143,-98.63855434499466,-1.1573229341274334,71.41179075818512,0.6295741068180681,6.144018639054293,0.2719344611720337,0.34172109560583896,0.00015748,1.934075207865976,0.00081957,0,0.0
4099,1.34505224209089,0.3731942342305879,-1.54e-06,1.6458958588694845,2.9575606284736997,-31.035179559854868,1.0052136313683062,8.22742404621451,0.12067054082980143,-0.008748709792758769,-1.1573229341274334,-87.94257457168534,0.6295741068180681,52.111342121048274,0.2719344611720337,-0.22342400767774004,0.00015748,0.22365801491790346,0.00081957,1,0.0
4100,-0.8726560024727565,2.5011618649739606,-1.54e-06,1.342730565149467,2.3495759267489063,88.06393628832869,1.0052136313683062,15.182986311510033,0.12067054082980143,-3.243249120395786,-1.1573229341274334,18.025222671648823,0.6295741068180681,-76.89633296257875,0.2719344611720337,2.3131044566681904,0.00015748,3.6107241587572343,0.00081957,0,0.0
4101,2.522171978182696,3.6642864669758146,-1.54e-06,1.342730565149467,2.3495759267489063,75.64732831449375,1.0052136313683062,61.63018125974589,0.12067054082980143,-94.72558351626465,-1.1573229341274334,-81.81287327899275,0.6295741068180681,17.51518702302064,0.2719344611720337,0.256068350430148,0.00015748,5.845896110824838,0.00081957,0,0.0
4102,0.9891953212370792,0.4155585726455895,-1.54e-06,1.342730565149467,2.3495759267489063,45.10572633492974,1.0052136313683062,34.068835376577056,0.12067054082980143,-81.93360054289069,-1.1573229341274334,-17.500849147310568,0.6295741068180681,17.292631653682236,0.2719344611720337,0.2687521647230957,0.00015748,3.6176348868739154,0.00081957,0,0.0
4103,0.46015144406634634,0.11123401450728866,-1.54e-06,1.342730565149467,2.3495759267489063,-21.787816808465035,1.0052136313683062,7.478010027490996,0.12067054082980143,-67.6096464734953,-1.1573229341274334,46.70238450190995,0.6295741068180681,45.27212215493472,0.2719344611720337,0.42032691902619446,0.00015748,0.6154108939914216,0.00081957,0,0.0
4104,-0.001991597803827294,0.23229315828056687,-1.54e-06,1.342730565149467,2.3495759267489063,5.079072292333567,1.0052136313683062,8.329559789621477,0.12067054082980143,-54.820978886068005,-1.1573229341274334,53.94806110798756,0.6295741068180681,12.751091945105378,0.2719344611720337,0.8636554220818349,0.00015748,1.7961538629873792,0.00081957,0,0.0
4105,0.001123113426497735,0.001538746049516385,-1.54e-06,1.342730565149467,2.3495759267489063,-4.8458350426835795,1.0052136313683062,9.01779593949637,0.12067054082980143,-57.63769041293843,-1.1573229341274334,40.06161960099097,0.6295741068180681,24.267993515503537,0.2719344611720337,0.3670678010537147,0.00015748,0.80418553089261,0.00081957,0,0.0
4106,0.49972978908227206,0.12213698430529991,-1.54e-06,1.342730565149467,2.3495759267489063,-16.418750624563057,1.0052136313683062,7.401433289927101,0.12067054082980143,-56.32752773208131,-1.1573229341274334,35.20601794207803,0.6295741068180681,37.885171590440315,0.2719344611720337,0.4220900548998818,0.00015748,0.6251200258889091,0.00081957,0,0.0
4107,-0.20226290131677027,1.0642738073067606,-1.54e-06,1.342730565149467,2.3495759267489063,69.29011248865812,1.0052136313683062,27.16772058114141,0.12067054082980143,-84.07006557985044,-1.1573229341274334,45.462283135327134,0.6295741068180681,-19.643972787678017,0.2719344611720337,2.777746488267022,0.00015748,3.7036930242551103,0.00081957,0,0.0
4108,2.619308488674403,2.5978387743495572,-1.54e-06,1.342730565149467,2.3495759267489063,-10.901500047978374,1.0052136313683062,19.714356800574876,0.12067054082980143,-64.13463109969359,-1.1573229341274334,-26.371173613570544,0.6295741068180681,68.7780795625801,0.2719344611720337,0.2798197422744858,0.00015748,2.2539678282735687,0.00081957,0,0.0
4109,-0.5719456534851712,1.857621079166348,-1.54e-06,1.342730565149467,2.3495759267489063,82.73423058847851,1.0052136313683062,24.96641184331012,0.12067054082980143,-70.50976625914444,-1.1573229341274334,49.894001501533964,0.6295741068180681,-40.28046279510086,0.2719344611720337,3.1222196964518654,0.00015748,3.98617965923441,0.00081957,0,0.0
4110,2.3150358052714264,2.397881640488776,-1.54e-06,1.342730565149467,2.3495759267489063,57.05484705224969,1.0052136313683062,39.15373255182141,0.12067054082980143,-40.460879617260986,-1.1573229341274334,-87.17650287873543,0.6295741068180681,9.47021111340386,0.2719344611720337,0.28450941563007937,0.00015748,4.069651022189941,0.00081957,0,0.0
4111,0.7330252138526686,0.13977200254021074,-1.54e-06,1.342730565149467,2.3495759267489063,-25.763675099674863,1.0052136313683062,2.9035317609945865,0.12067054082980143,-34.42110747398474,-1.1573229341274334,15.74394130875387,0.6295741068180681,39.700962077987995,0.2719344611720337,-0.09709793091170134,0.00015748,0.0988023280870864,0.00081957,1,0.0
4112,-0.06393127324711267,0.7057266442742923,-1.54e-06,1.342730565149467,2.3495759267489063,37.36707975270451,1.0052136313683062,8.887174948627125,0.12067054082980143,-24.359831419537077,-1.1573229341274334,27.04583595107026,0.6295741068180681,-20.972344799480588,0.2719344611720337,1.3907616583219669,0.00015748,2.5057744627123464,0.00081957,0,0.0
4113,-1.0780283860805877,3.7276029230649144,-1.54e-06,1.342730565149467,2.3495759267489063,67.3405708678843,1.0052136313683062,18.621241475373818,0.12067054082980143,-28.774586750612084,-1.1573229341274334,56.08830976889535,0.6295741068180681,-63.67864850931897,0.2719344611720337,1.3943413758227774,0.00015748,4.340204154948862,0.00081957,0,0.0
4114,0.8093037159311813,0.2808219921925016,-1.54e-06,1.342730565149467,2.3495759267489063,44.61416125071449,1.0052136313683062,33.047161575968424,0.12067054082980143,-85.20300660966953,-1.1573229341274334,-9.855363776920708,0.6295741068180681,16.854173950522764,0.2719344611720337,0.27300792737242685,0.00015748,3.562305264191715,0.00081957,0,0.0
4115,2.7368092718063535,7.455375764931823,-1.54e-06,1.342730565149467,2.3495759267489063,67.26328346880646,1.0052136313683062,27.310085182217303,0.12067054082980143,-62.88120577587845,-1.1573229341274334,-63.88797596002311,0.6295741068180681,29.33640401296431,0.2719344611720337,0.256943371570983,0.00015748,6.421675049099818,0.00081957,0,0.0
4116,0.8904570960557967,0.48367519151632044,-1.54e-06,1.342730565149467,2.3495759267489063,88.99396835921661,1.0052136313683062,45.05272196628505,0.12067054082980143,-80.13761251478195,-1.1573229341274334,-48.76928515537984,0.6295741068180681,-10.83125580582412,0.2719344611720337,0.266869951435472,0.00015748,5.208862920247439,0.00081957,0,0.0
4117,2.088955353701251,1.799362260209878,-1.54e-06,1.342730565149467,2.3495759267489063,42.284261100844105,1.0052136313683062,32.80151861628193,0.12067054082980143,-45.7129556063562,-1.1573229341274334,-65.65812496649644,0.6295741068180681,19.064067668438376,0.2719344611720337,0.2671864655990517,0.00015748,3.5089589089085997,0.00081957,0,0.0
4118,3.866237893718478,5.011214719492991,-1.54e-06,1.342730565149467,2.3495759267489063,-57.23618882820195,1.0052136313683062,4.3686925809431765,0.12067054082980143,-0.39900671798709575,-1.1573229341274334,-75.88933510330435,0.6295741068180681,90.41851575975716,0.2719344611720337,-0.6447578610153117,0.00015748,0.20199619994035672,0.00081957,1,0.0
4119,0.0010797485053835876,0.22339927199812817,-1.54e-06,1.342730565149467,2.3495759267489063,15.158894299736966,1.0052136313683062,1.8796193830733536,0.12067054082980143,-5.251226193973265,-1.1573229341274334,15.56997039710261,0.6295741068180681,-11.47164710415797,0.2719344611720337,0.44628772809742234,0.00015748,1.4640116897882334,0.00081957,0,0.0
4120,0.0014449142252281888,0.03470269761108898,-1.54e-06,1.342730565149467,2.3495759267489063,52.596104011222344,1.0052136313683062,17.66235250610013,0.12067054082980143,-23.322131726362542,-1.1573229341274334,-22.24041911617397,0.6295741068180681,-22.739469901552678,0.2719344611720337,0.28897927213633445,0.00015748,2.4072080495110475,0.00081957,0,0.0
4121,0.4267409383800983,1.2206058200732635,-1.54e-06,1.342730565149467,2.3495759267489063,-37.32144980683411,1.0052136313683062,-5.9675343005576735,0.12067054082980143,-29.95149003602061,-1.1573229341274334,43.238540553528175,0.6295741068180681,39.98428911548227,0.2719344611720337,-0.702108947708098,0.00015748,0.6042694224909566,0.00081957,1,0.0
4122,-0.8152778504830569,2.3452651294112363,-1.54e-06,1.342730565149467,2.3495759267489063,77.53839600586336,1.0052136313683062,14.207930723899835,0.12067054082980143,-33.346326834992986,-1.1573229341274334,47.496241729743495,0.6295741068180681,-56.14341802832423,0.2719344611720337,2.3447825128705904,0.00015748,4.069153773793085,0.00081957,0,0.0
4123,0.0026103435501521055,0.21746324421628768,-1.54e-06,1.342730565149467,2.3495759267489063,24.472751263406366,1.0052136313683062,15.32209737386814,0.12067054082980143,-60.916782406077026,-1.1573229341274334,39.43150049125995,0.6295741068180681,4.058526645712327,0.2719344611720337,1.6362896562675324,0.00015748,1.7316268475936973,0.00081957,0,0.0
4124,0.44721958975359666,0.09769026812158454,-1.54e-06,1.342730565149467,2.3495759267489063,18.72242314718949,1.0052136313683062,21.70927072220934,0.12067054082980143,-82.71633129696788,-1.1573229341274334,20.49711002288919,0.6295741068180681,27.74390557182234,0.2719344611720337,0.28102462197863787,0.00015748,2.369532586156719,0.00081957,0,0.0
4125,0.0029807516182935867,0.03917936611310814,-1.54e-06,1.342730565149467,2.3495759267489063,41.4782277533582,1.0052136313683062,16.173688821741585,0.12067054082980143,-29.291271039600453,-1.1573229341274334,-9.077489490736047,0.6295741068180681,-14.676590536098978,0.2719344611720337,0.451980893170705,0.00015748,2.023281981344149,0.00081957,0,0.0
4126,-0.07127112413527081,0.7952231055885465,-1.54e-06,1.342730565149467,2.3495759267489063,78.02521704631178,1.0052136313683062,24.485985598980836,0.12067054082980143,-28.233469251626857,-1.1573229341274334,-9.141203312716767,0.6295741068180681,-45.19731135024528,0.2719344611720337,2.1234377000204656,0.00015748,3.052820992245225,0.00081957,0,0.0
4127,0.0009646263683531497,0.2575662197555993,-1.54e-06,1.342730565149467,2.3495759267489063,14.04448706287465,1.0052136313683062,17.088918959606087,0.12067054082980143,-87.75506506494555,-1.1573229341274334,66.70548977407806,0.6295741068180681,19.633590001803075,0.2719344611720337,1.68020071992824,0.00015748,2.042456909406501,0.00081957,0,0.0
4128,-0.10210980630901689,0.8719176050578821,-1.54e-06,1.342730565149467,2.3495759267489063,69.25821109865507,1.0052136313683062,30.523900344221833,0.12067054082980143,-98.11929149820523,-1.1573229341274334,47.93241970064772,0.6295741068180681,-12.224740658562078,0.2719344611720337,2.7228664862231375,0.00015748,3.9610110027940286,0.00081957,0,0.0
4129,1.6757908877131031,1.6508694305979508,-1.54e-06,1.342730565149467,2.3495759267489063,-39.60327575157516,1.0052136313683062,-2.9626000213677424,0.12067054082980143,-2.402599022373378,-1.1573229341274334,-12.639165832242258,0.6295741068180681,47.61871683697467,0.2719344611720337,-0.5064280065745395,0.00015748,0.18684643754886626,0.00081957,1,0.0
4130,0.6626112167090978,9.536495567153139,-1.54e-06,1.342730565149467,2.3495759267489063,-31.728174712318406,1.0052136313683062,18.56070914254626,0.12067054082980143,-51.52807078142114,-1.1573229341274334,-15.586707789697728,0.6295741068180681,49.488341605174746,0.2719344611720337,-3.0497018396628457,0.00015748,0.856260662398534,0.00081957,1,0.0
4131,-0.6660751551909514,2.017951028454416,-1.54e-06,1.342730565149467,2.3495759267489063,70.34130464668196,1.0052136313683062,16.435129725568054,0.12067054082980143,-46.473237992090425,-1.1573229341274334,51.33822101630698,0.6295741068180681,-44.201848804839294,0.2719344611720337,2.446283557344502,0.00015748,3.805905104011394,0.00081957,0,0.0
4132,-0.00045805605752891054,0.09806222537113705,-1.54e-06,1.342730565149467,2.3495759267489063,19.890594491025883,1.0052136313683062,18.78307372379031,0.12067054082980143,-82.98534742125204,-1.1573229341274334,48.39162301890824,0.6295741068180681,16.89525715801736,0.2719344611720337,1.276548056482084,0.00015748,1.992782230206723,0.00081957,0,0.0
4133,-0.00787857936171199,0.343212163704484,-1.54e-06,1.342730565149467,2.3495759267489063,72.07193421759688,1.0052136313683062,16.46670396655163,0.12067054082980143,-1.814373625876423,-1.1573229341274334,-30.3512277484336,0.6295741068180681,-46.23163369957766,0.2719344611720337,1.178283097126965,0.00015748,2.7662645644817787,0.00081957,0,0.0
4134,-0.5986255823001355,2.0115673751580125,-1.54e-06,1.342730565149467,2.3495759267489063,-13.074534000629674,1.0052136313683062,-5.658564313075828,0.12067054082980143,-17.13475142966399,-1.1573229341274334,46.4149962386145,0.6295741068180681,5.254417700892916,0.2719344611720337,-0.6124062174916637,0.00015748,0.5928927448386255,0.00081957,1,0.0
4135,1.2985053845620333,1.070560282176102,-1.54e-06,1.342730565149467,2.3495759267489063,98.95738575274524,1.0052136313683062,44.73905175373435,0.12067054082980143,-45.68880923854972,-1.1573229341274334,-86.5322639801569,0.6295741068180681,-26.013161610270014,0.2719344611720337,0.2692072315158405,0.00015748,5.199899640474255,0.00081957,0,0.0
4136,1.0759559040777793,0.6926187070367615,-1.54e-06,1.342730565149467,2.3495759267489063,57.93542405030205,1.0052136313683062,24.277288934015743,0.12067054082980143,-16.085363842286192,-1.1573229341274334,-61.71325567463324,0.6295741068180681,-14.6945308386151,0.2719344611720337,0.27502810302388325,0.00015748,3.0782617444651814,0.00081957,0,0.0
4137,4.175801015135658,5.758113652599723,-1.54e-06,1.342730565149467,2.3495759267489063,-20.160926740604474,1.0052136313683062,32.19513903364207,0.12067054082980143,-74.77179811482974,-1.1573229341274334,-62.58043882923625,0.6295741068180681,96.2760424516597,0.2719344611720337,0.26407516802635356,0.00015748,2.857178114924011,0.00081957,0,0.0
4138,-0.1304995957774303,3.078007786706259,-1.54e-06,1.342730565149467,2.3495759267489063,-26.511164916173726,1.0052136313683062,-3.9275852987664073,0.12067054082980143,-2.3898825791232503,-1.1573229341274334,24.392496051797437,0.6295741068180681,11.591490480465376,0.2719344611720337,-1.4166454748446136,0.00015748,0.4000743289812383,0.00081957,1,0.0
4139,2.9529114197449386,2.8099960181048234,-1.54e-06,1.342730565149467,2.3495759267489063,-27.109170908694946,1.0052136313683062,21.819097248345432,0.12067054082980143,-71.58994676643863,-1.1573229341274334,-22.647153230049145,0.6295741068180681,83.47550966409361,0.2719344611720337,0.2875348199816944,0.00015748,1.8572697740150925,0.00081957,0,0.0
4140,-0.08688243361955816,0.8511164707821978,-1.54e-06,1.342730565149467,2.3495759267489063,62.0257047233626,1.0052136313683062,26.788688116254356,0.12067054082980143,-82.32195817556966,-1.1573229341274334,43.808690714693974,0.6295741068180681,-14.827460256389852,0.2719344611720337,2.7452530375432196,0.00015748,3.360823445158124,0.00081957,0,0.0
4141,-0.18475202810016178,0.9827403046940536,-1.54e-06,1.342730565149467,2.3495759267489063,40.1838730777238,1.0052136313683062,15.182949765645747,0.12067054082980143,-62.231239499808346,-1.1573229341274334,55.468763008296634,0.6295741068180681,-10.649028255546154,0.2719344611720337,2.0227244209568664,0.00015748,2.9602660825395435,0.00081957,0,0.0
4142,-0.5542281218346679,5.4490747811766465,-1.54e-06,1.342730565149467,2.3495759267489063,34.60488089548278,1.0052136313683062,20.972274516169126,0.12067054082980143,-28.599568798923755,-1.1573229341274334,-5.974176686754793,0.6295741068180681,-22.662755296517734,0.2719344611720337,-0.7310306700318097,0.00015748,1.8455336871951542,0.00081957,1,0.0
4143,-0.1731383107601235,1.0658499532362185,-1.54e-06,1.342730565149467,2.3495759267489063,6.361018374203334,1.0052136313683062,0.22540019813377643,0.12067054082980143,-35.35725345578223,-1.1573229341274334,72.11735357167673,0.6295741068180681,-1.982357161038626,0.2719344611720337,0.3001503009399362,0.00015748,3.1927716360455127,0.00081957,0,0.0
4144,-0.0007400114062710017,0.5424746326534186,-1.54e-06,1.342730565149467,2.3495759267489063,74.00741342828802,1.0052136313683062,30.483387876201743,0.12067054082980143,-78.40700077553261,-1.1573229341274334,21.257973323025873,0.6295741068180681,-20.18285157776003,0.2719344611720337,2.1907502751897816,0.00015748,3.8877741493903786,0.00081957,0,0.0
4145,-0.18635042075992408,1.9707338075492427,-1.54e-06,1.342730565149467,2.3495759267489063,48.79006127422292,1.0052136313683062,0.3077799938637087,0.12067054082980143,-14.105413998004982,-1.1573229341274334,30.169176892855507,0.6295741068180681,-28.65221897246374,0.2719344611720337,0.7840273501105117,0.00015748,3.857770853854404,0.00081957,0,0.0
4146,-0.7709524686928559,2.245677421063243,-1.54e-06,1.342730565149467,2.3495759267489063,84.8631275923301,1.0052136313683062,28.564315946439997,0.12067054082980143,-98.25826226053667,-1.1573229341274334,76.25759837291277,0.6295741068180681,-34.58798357998336,0.2719344611720337,3.5560228462624703,0.00015748,4.408712865981399,0.00081957,0,0.0
4147,0.0012768393404136713,0.1068007972175906,-1.54e-06,1.342730565149467,2.3495759267489063,35.16288555822042,1.0052136313683062,14.190940836385634,0.12067054082980143,-34.82271849666546,-1.1573229341274334,7.342542413762629,0.6295741068180681,-10.226629347824408,0.2719344611720337,0.9518242713465894,0.00015748,1.8198796878155825,0.00081957,0,0.0
4148,1.6488106468636454,9.997699996555543,-1.54e-06,1.342730565149467,2.3495759267489063,-48.855613659814274,1.0052136313683062,20.724027581944814,0.12067054082980143,-65.47964257058885,-1.1573229341274334,-31.25183223799319,0.6295741068180681,82.19241294513144,0.2719344611720337,-3.3523544696915897,0.00015748,0.8907582116393948,0.00081957,1,0.0
4149,-0.0021781362376740443,0.33629078415258806,-1.54e-06,1.342730565149467,2.3495759267489063,31.256959619037694,1.0052136313683062,19.11370845555352,0.12067054082980143,-80.01167656299963,-1.1573229341274334,51.261322487611515,0.6295741068180681,6.9721911646147445,0.2719344611720337,1.9772718913142493,0.00015748,2.32353270673732,0.00081957,0,0.0
4150,-1.3975402129391608,9.315991225511176,-1.54e-06,1.342730565149467,2.3495759267489063,-46.630464510399584,1.0052136313683062,-26.364850520942905,0.12067054082980143,-11.16735970926727,-1.1573229341274334,91.60468512602125,0.6295741068180681,18.28013260394073,0.2719344611720337,-2.4288983625502816,0.00015748,0.45481392742847504,0.00081957,1,0.0
4151,-0.0012422671867966528,0.22472918818126492,-1.54e-06,1.342730565149467,2.3495759267489063,2.5429468865278575,1.0052136313683062,13.661505086044624,0.12067054082980143,-83.72373793132898,-1.1573229341274334,72.28796909640442,0.6295741068180681,24.72270277520556,0.2719344611720337,1.1568194973008556,0.00015748,2.0042715930175885,0.00081957,0,0.0
4152,0.020834071163357892,0.03382534381357049,-1.54e-06,1.342730565149467,2.3495759267489063,45.57731235414916,1.0052136313683062,15.631574007953212,0.12067054082980143,-19.33288751030757,-1.1573229341274334,-20.2305298985187,0.6295741068180681,-20.198785940588976,0.2719344611720337,0.285909227630617,0.00015748,2.056189955942348,0.00081957,0,0.0
4153,-0.025184139601027944,0.6844703381661447,-1.54e-06,1.342730565149467,2.3495759267489063,83.27125306008465,1.0052136313683062,34.344729944565394,0.12067054082980143,-88.61285704142432,-1.1573229341274334,23.927593207298784,0.6295741068180681,-22.701272922591347,0.2719344611720337,2.4139673229909038,0.00015748,4.372771894193927,0.00081957,0,0.0
4154,0.003802505624317387,0.0866944259953247,-1.54e-06,1.342730565149467,2.3495759267489063,45.90522649369024,1.0052136313683062,24.83417508699627,0.12067054082980143,-76.10573566955473,-1.1573229341274334,20.398790535831232,0.6295741068180681,-0.045673188753079075,0.2719344611720337,0.9791285516592723,0.00015748,2.923772981552433,0.00081957,0,0.0
4155,0.0009766950176660627,2.054061183353276,-1.54e-06,1.342730565149467,2.3495759267489063,-25.91772644069862,1.0052136313683062,-5.826087607125233,0.12067054082980143,-4.5811773383405665,-1.1573229341274334,29.928816586769493,0.6295741068180681,14.348906217417708,0.2719344611720337,-1.0836420136324847,0.00015748,0.6053424579604613,0.00081957,1,0.0
4156,2.2419704701293828,2.643790465873665,-1.54e-06,1.342730565149467,2.3495759267489063,-13.281462888698314,1.0052136313683062,11.469152017046582,0.12067054082980143,-0.7469850318585911,-1.1573229341274334,-69.20365557605179,0.6295741068180681,40.64981314633471,0.2719344611720337,-0.8832539380388735,0.00015748,0.9040121554161686,0.00081957,1,0.0
4157,1.8599723216251394,3.2562204500909995,-1.54e-06,1.342730565149467,2.3495759267489063,-75.29684127214006,1.0052136313683062,-8.087622185644815,0.12067054082980143,-29.77808031547839,-1.1573229341274334,24.672564837204426,0.6295741068180681,83.41245025698453,0.2719344611720337,-1.259295080547169,0.00015748,0.21029999703951674,0.00081957,1,0.0
4158,-0.8033796756577433,2.204424533093716,-1.54e-06,1.342730565149467,2.3495759267489063,52.6459079624402,1.0052136313683062,9.203213111908186,0.12067054082980143,-1e-20,-1.1573229341274334,26.053547609365076,0.6295741068180681,-55.24163595505254,0.2719344611720337,0.9717612282294927,0.00015748,2.8470582752748363,0.00081957,0,0.0
4159,-0.00018506170091225904,0.20871429949098136,-1.54e-06,1.342730565149467,2.3495759267489063,-4.048766695289982,1.0052136313683062,12.157731093968499,0.12067054082980143,-86.69414808341787,-1.1573229341274334,79.23183965628397,0.6295741068180681,29.982002796180062,0.2719344611720337,0.9713254901424475,0.00015748,2.009754859975188,0.00081957,0,0.0
4160,0.8025063939145181,0.330838837520531,-1.54e-06,1.342730565149467,2.3495759267489063,34.889953684083366,1.0052136313683062,21.585169249307054,0.12067054082980143,-40.36143066007613,-1.1573229341274334,-24.7646977495228,0.6295741068180681,4.795287872594897,0.2719344611720337,0.2786277060643876,0.00015748,2.4260160257859207,0.00081957,0,0.0
4161,-0.17181802887285103,2.984441350822747,-1.54e-06,1.342730565149467,2.3495759267489063,-36.69096742555245,1.0052136313683062,-10.788588400086226,0.12067054082980143,-28.448375877532524,-1.1573229341274334,68.0179778679349,0.6295741068180681,29.54487367241329,0.2719344611720337,-1.1125515544732716,0.00015748,1.1159337146240484,0.00081957,1,0.0
4162,1.7172282456424353,0.9572471149853992,-1.54e-06,1.342730565149467,2.3495759267489063,-64.78053620446697,1.0052136313683062,2.8921158512775356,0.12067054082980143,-75.2979054339195,-1.1573229341274334,43.04009559452535,0.6295741068180681,93.44865050190843,0.2719344611720337,-0.16778052593375184,0.00015748,0.1749140829882583,0.00081957,1,0.0
4163,1.828274532478098,2.1096693382177407,-1.54e-06,1.342730565149467,2.3495759267489063,-59.72530705936067,1.0052136313683062,-3.153658954396108,0.12067054082980143,-30.44739805084999,-1.1573229341274334,12.810591076621403,0.6295741068180681,73.6490787248524,0.2719344611720337,-0.6803676834056799,0.00015748,0.16221756427175216,0.00081957,1,0.0
4164,1.608756846098542,6.221653860296333,-1.54e-06,1.342730565149467,2.3495759267489063,-20.658555595422524,1.0052136313683062,25.57468782498113,0.12067054082980143,-66.4089216223163,-1.1573229341274334,-17.510849930322877,0.6295741068180681,57.28238203594785,0.2719344611720337,-1.4622391488343616,0.00015748,1.801724175436053,0.00081957,1,0.0
4165,1.4657011489581846,1.077968106953892,-1.54e-06,1.342730565149467,2.3495759267489063,74.92974924972589,1.0052136313683062,43.46769721147435,0.12067054082980143,-94.78948610696908,-1.1573229341274334,-43.35513200666254,0.6295741068180681,13.670644659528321,0.2719344611720337,0.2774921776262662,0.00015748,5.378700484981422,0.00081957,0,0.0
4166,4.066822850884339,5.694348685800768,-1.54e-06,1.342730565149467,2.3495759267489063,-26.65409168145177,1.0052136313683062,22.41757840922932,0.12067054082980143,-36.72518332596506,-1.1573229341274334,-73.77503656470772,0.6295741068180681,83.62788759948552,0.2719344611720337,0.2607875561336588,0.00015748,1.9004974558041452,0.00081957,0,0.0
4167,0.37163329931859757,0.2803298444465198,-1.54e-06,1.342730565149467,2.3495759267489063,9.634745447573382,1.0052136313683062,25.31354966683728,0.12067054082980143,-90.16536624136224,-1.1573229341274334,34.86324256595541,0.6295741068180681,29.46957465872753,0.2719344611720337,0.3097953188980834,0.00015748,2.250349157023681,0.00081957,0,0.0
4168,1.175307262671297,7.11672692362361,-1.54e-06,1.342730565149467,2.3495759267489063,35.19344469864074,1.0052136313683062,2.0885690441274902,0.12067054082980143,-59.049809415774874,-1.1573229341274334,32.38625934525658,0.6295741068180681,23.80971095955524,0.2719344611720337,0.2644340659252258,0.00015748,5.652506899845371,0.00081957,0,0.0
4169,0.024234155312825162,0.008372951524331165,-1.54e-06,1.342730565149467,2.3495759267489063,-8.1595237560973,1.0052136313683062,1.0079380927001949,0.12067054082980143,-17.73101034843697,-1.1573229341274334,14.52235369035544,0.6295741068180681,12.539838624361755,0.2719344611720337,-0.03825839656005017,0.00015748,0.040880595788173296,0.00081957,1,0.0
4170,2.0852897163445063,1.4633702457654383,-1.54e-06,1.342730565149467,2.3495759267489063,-46.704765795560945,1.0052136313683062,1.5619663553011196,0.12067054082980143,-23.975466494750542,-1.1573229341274334,-8.750605364318112,0.6295741068180681,66.09666857644277,0.2719344611720337,-0.17405434707880071,0.00015748,0.15169995916722193,0.00081957,1,0.0
4171,-0.2159429777630868,1.08809779334818,-1.54e-06,1.342730565149467,2.3495759267489063,57.768819100641146,1.0052136313683062,17.251146903119047,0.12067054082980143,-46.61574281668507,-1.1573229341274334,34.11616069119124,0.6295741068180681,-27.889225855218264,0.2719344611720337,2.2935090707484656,0.00015748,3.0300916984989548,0.00081957,0,0.0
4172,-0.5382162122915819,1.826264451169842,-1.54e-06,1.342730565149467,2.3495759267489063,96.0391566887017,1.0052136313683062,30.4935294254289,0.12067054082980143,-76.25284847604122,-1.1573229341274334,40.29481416329867,0.6295741068180681,-45.62073216283508,0.2719344611720337,3.3041650919064893,0.00015748,4.3626142312805625,0.00081957,0,0.0
4173,0.0011866829459308281,1.1932979138729687e-06,-1.54e-06,1.342730565149467,2.3495759267489063,-3.6149640476975695,1.0052136313683062,12.691728491783298,0.12067054082980143,-73.49415234672811,-1.1573229341274334,46.30836186730368,0.6295741068180681,29.82342214078442,0.2719344611720337,0.33103663719646875,0.00015748,1.1179286841001728,0.00081957,0,0.0
4174,2.8678993593725126,3.8165842551401905,-1.54e-06,1.342730565149467,2.3495759267489063,31.52432408612687,1.0052136313683062,45.83757193581985,0.12067054082980143,-74.2376993048645,-1.1573229341274334,-65.74873158237523,0.6295741068180681,41.12033392086939,0.2719344611720337,0.2722663803467644,0.00015748,4.118912318882337,0.00081957,0,0.0
4175,2.3102210032492945,22.482330582502808,-1.54e-06,1.342730565149467,2.3495759267489063,16.63435916260778,1.0052136313683062,-9.78992591402514,0.12067054082980143,-86.82666076764367,-1.1573229341274334,90.78007619912657,0.6295741068180681,59.65456951316245,0.2719344611720337,0.25623182664779076,0.00015748,9.090828212027525,0.00081957,0,0.0
4176,0.3522990393079193,0.04326753804493586,-1.54e-06,1.342730565149467,2.3495759267489063,3.698867783380933,1.0052136313683062,15.962506211898505,0.12067054082980143,-69.26436176174768,-1.1573229341274334,27.295957282743736,0.6295741068180681,28.74808445525827,0.2719344611720337,0.3003479179165124,0.00015748,1.492575290392614,0.00081957,0,0.0
4177,-0.0008944150199061696,0.09664665036644388,-1.54e-06,1.342730565149467,2.3495759267489063,99.89356608502473,1.0052136313683062,30.950610803972154,0.12067054082980143,-23.476314468390886,-1.1573229341274334,-57.97531234837467,0.6295741068180681,-51.265272604459085,0.2719344611720337,0.29030392284311923,0.00015748,4.21661629907582,0.00081957,0,0.0
4178,-0.3461598912668086,1.4477096647156384,-1.54e-06,1.342730565149467,2.3495759267489063,26.231202329794723,1.0052136313683062,8.306576068277918,0.12067054082980143,-54.843903332973795,-1.1573229341274334,77.73635225481648,0.6295741068180681,-10.145429514729523,0.2719344611720337,1.2223882903367307,0.00015748,3.5710129616338375,0.00081957,0,0.0
4179,-0.39031256653689356,1.3504694542005762,-1.54e-06,1.342730565149467,2.3495759267489063,19.37103674088311,1.0052136313683062,0.9481258926474185,0.12067054082980143,-25.260595405402498,-1.1573229341274334,62.92463988750331,0.6295741068180681,-16.845123650684993,0.2719344611720337,0.48898884082653504,0.00015748,3.1852035572998583,0.00081957,0,0.0
4180,1.3856073759087124,2.82789107510792,-1.54e-06,1.342730565149467,2.3495759267489063,-64.11107709365324,1.0052136313683062,-8.869208197660493,0.12067054082980143,-19.535505206954554,-1.1573229341274334,24.002031802623243,0.6295741068180681,65.72955953648304,0.2719344611720337,-1.2954679970112188,0.00015748,0.20740007500965463,0.00081957,1,0.0
4181,0.0011458449344947663,0.14134182810985652,-1.54e-06,1.342730565149467,2.3495759267489063,61.5199232448467,1.0052136313683062,18.04977821736469,0.12067054082980143,-20.967552210488375,-1.1573229341274334,-21.048002850697284,0.6295741068180681,-30.32342229784673,0.2719344611720337,0.7544284883706992,0.00015748,2.699788968315515,0.00081957,0,0.0
4182,-0.5415667905492576,1.7253433932341378,-1.54e-06,1.342730565149467,2.3495759267489063,55.429707330400085,1.0052136313683062,18.95027015688233,0.12067054082980143,-78.46538740615284,-1.1573229341274334,74.4068718618162,0.6295741068180681,-20.376071887976703,0.2719344611720337,2.5552781992988827,0.00015748,3.6950138464237767,0.00081957,0,0.0
4183,-4.586369970789255,41.01820273444524,-1.54e-06,1.342730565149467,2.3495759267489063,-26.80293131486182,1.0052136313683062,-4.835009629800509,0.12067054082980143,-0.20741359681641283,-1.1573229341274334,94.25066046519512,0.6295741068180681,-55.14133211781843,0.2719344611720337,-6.460517043790489,0.00015748,0.23685256028087887,0.00081957,1,0.0
4184,0.007622845373309151,0.393059389527513,-1.54e-06,1.342730565149467,2.3495759267489063,97.6037489329461,1.0052136313683062,34.36616995438076,0.12067054082980143,-29.186786559748576,-1.1573229341274334,-49.41460045281439,0.6295741068180681,-51.797013947184055,0.2719344611720337,0.7701148419915294,0.00015748,4.025903946601055,0.00081957,0,0.0
4185,1.5377647531986745,0.9953685131938003,-1.54e-06,1.342730565149467,2.3495759267489063,41.25549376938369,1.0052136313683062,31.935283189459685,0.12067054082980143,-58.4875326540203,-1.1573229341274334,-42.51327800923592,0.6295741068180681,17.328239296722206,0.2719344611720337,0.26898033070319505,0.00015748,3.374629517023163,0.00081957,0,0.0
4186,1.6702991762357136,10.129966484377928,-1.54e-06,1.342730565149467,2.3495759267489063,0.6622556690934407,1.0052136313683062,-9.462398870677506,0.12067054082980143,-15.983396883179353,-1.1573229341274334,74.77495337925859,0.6295741068180681,13.63449354847097,0.2719344611720337,0.24404217789210847,0.00015748,6.744288986742431,0.00081957,0,0.0
4187,1.5360622347663242,0.7931638118806207,-1.54e-06,1.342730565149467,2.3495759267489063,-7.05892722481746,1.0052136313683062,18.319772472268536,0.12067054082980143,-64.9510984131794,-1.1573229341274334,-0.6112367449314511,0.6295741068180681,49.73766084283615,0.2719344611720337,0.3001242253669034,0.00015748,1.6840328554623,0.00081957,0,0.0
4188,-0.05742176215596251,3.458778966023453,-1.54e-06,1.342730565149467,2.3495759267489063,-13.937976172548707,1.0052136313683062,-8.538836288197057,0.12067054082980143,-21.782076265435162,-1.1573229341274334,59.64695480974946,0.6295741068180681,13.226818533424222,0.2719344611720337,-0.4836451146562546,0.00015748,2.0743073395238696,0.00081957,1,0.0
4189,-0.6591271157998098,1.8959935212694257,-1.54e-06,1.342730565149467,2.3495759267489063,58.01902241492548,1.0052136313683062,14.38456332836651,0.12067054082980143,-55.13659030931286,-1.1573229341274334,63.35379886040473,0.6295741068180681,-32.431580368519384,0.2719344611720337,2.1754358338776303,0.00015748,3.6710175270103136,0.00081957,0,0.0
4190,0.19718825699967435,0.00574040948441539,-1.54e-06,1.342730565149467,2.3495759267489063,-6.94035340069546,1.0052136313683062,16.664680290531837,0.12067054082980143,-93.28153896661094,-1.1573229341274334,52.89533678976015,0.6295741068180681,42.423942517108564,0.2719344611720337,0.30802067420584167,0.00015748,1.4464443863620366,0.00081957,0,0.0
4191,2.0593334801969085,2.0877609670345443,-1.54e-06,1.342730565149467,2.3495759267489063,-1.2750444396067255,1.0052136313683062,14.1850931442975,0.12067054082980143,-47.39845638194288,-1.1573229341274334,-22.137807553503098,0.6295741068180681,49.466070156150586,0.2719344611720337,0.2895115205698323,0.00015748,2.181672433128865,0.00081957,0,0.0
4192,1.5645847020690589,1.1204632696757397,-1.54e-06,1.342730565149467,2.3495759267489063,86.73818927573713,1.0052136313683062,49.912014925595855,0.12067054082980143,-95.00280006044376,-1.1573229341274334,-57.838065942296495,0.6295741068180681,6.271784724421773,0.2719344611720337,0.2731411907915433,0.00015748,5.791780004266161,0.00081957,0,0.0
4193,-0.32685276133892893,1.3476336441373642,-1.54e-06,1.342730565149467,2.3495759267489063,34.09389182816378,1.0052136313683062,14.120673598949518,0.12067054082980143,-74.66572859194653,-1.1573229341274334,79.4893677314228,0.6295741068180681,-5.863932717806188,0.2719344611720337,1.8869351932171856,0.00015748,3.4571739396122005,0.00081957,0,0.0
4194,1.6291526615169631,1.7069130438577151,-1.54e-06,1.342730565149467,2.3495759267489063,11.176169518377463,1.0052136313683062,20.774654477080635,0.12067054082980143,-85.89038846596152,-1.1573229341274334,2.1159948399690376,0.6295741068180681,52.8440322178002,0.2719344611720337,0.28531468021674056,0.00015748,3.1376127516634202,0.00081957,0,0.0
4195,-0.154132089127351,1.0175531788804983,-1.54e-06,1.342730565149467,2.3495759267489063,24.013424851770832,1.0052136313683062,2.4228081192222177,0.12067054082980143,-15.42443705893445,-1.1573229341274334,43.33242260337688,0.6295741068180681,-19.77190622213454,0.2719344611720337,0.657473393173555,0.00015748,2.945737387200762,0.00081957,0,0.0
4196,2.2236926403956185,2.4193854559299073,-1.54e-06,1.342730565149467,2.3495759267489063,73.74011645125124,1.0052136313683062,46.065170793276245,0.12067054082980143,-100.0,-1.1573229341274334,-59.07878891260261,0.6295741068180681,28.134234926787713,0.2719344611720337,0.2650931644940995,0.00015748,5.960543171640675,0.00081957,0,0.0
4197,1.9294594155061082,10.92130652077504,-1.54e-06,1.342730565149467,2.3495759267489063,-1.427547766447602,1.0052136313683062,35.43627794238211,0.12067054082980143,-95.06209641062924,-1.1573229341274334,77.35502880689408,0.6295741068180681,30.728056222216736,0.2719344611720337,0.27356277867082657,0.00015748,6.966581491766813,0.00081957,0,0.0
4198,-0.04315977152182571,0.9972331872498795,-1.54e-06,1.342730565149467,2.3495759267489063,-50.05728751108241,1.0052136313683062,-2.8830039299409247,0.12067054082980143,-78.64028180467207,-1.1573229341274334,91.46977222469654,0.6295741068180681,60.70480348147955,0.2719344611720337,-0.6129704733363905,0.00015748,0.6109280975893494,0.00081957,1,0.0
4199,0.00039566812755742475,0.0956214085303683,-1.54e-06,1.342730565149467,2.3495759267489063,40.695306026795514,1.0052136313683062,22.383146799103336,0.12067054082980143,-74.0659802767148,-1.1573229341274334,24.539802908499155,0.6295741068180681,2.4677238194227096,0.2719344611720337,1.0112723331936784,0.00015748,2.7050185533667643,0.00081957,0,0.0
4200,0.37698825717091133,0.12283449932164771,-1.54e-06,2.4597478815145957,3.1087171528187403,43.898558473278804,1.0052136313683062,9.605375915941988,0.12067054082980143,-19.677242703481465,-1.1573229341274334,-66.11613741778298,0.6295741068180681,9.60458374873787,0.2719344611720337,-0.2393562528795896,0.00015748,0.2414993642025721,0.00081957,1,0.0
4201,0.7117062013035331,0.770317047278723,-1.54e-06,2.4597478815145957,3.1087171528187403,92.97790602092985,1.0052136313683062,3.971686860259402,0.12067054082980143,-20.736673175984226,-1.1573229341274334,-14.134564341964037,0.6295741068180681,-0.8040252153532165,0.2719344611720337,0.187671890873516,0.00015748,0.9930707118173017,0.00081957,0,0.0
4202,0.002075049861435696,0.08920338053844215,-1.54e-06,2.4597478815145957,3.1087171528187403,95.55499241906699,1.0052136313683062,12.701373880464729,0.12067054082980143,-81.94179994277798,-1.1573229341274334,69.42734101647166,0.6295741068180681,-9.26755529894387,0.2719344611720337,0.3793299143302571,0.00015748,0.739681268311505,0.00081957,0,0.0
4203,-0.7936887616669125,3.117265743426099,-1.54e-06,2.4597478815145957,3.1087171528187403,-4.117429346125745,1.0052136313683062,9.636216490509772,0.12067054082980143,-23.877100373131565,-1.1573229341274334,91.7007966157217,0.6295741068180681,-45.80519363641911,0.2719344611720337,-0.6025900129720874,0.00015748,0.7753774846936692,0.00081957,1,0.0
4204,0.45939105230696237,0.039172652261581745,-1.54e-06,2.4597478815145957,3.1087171528187403,-84.46051991104684,1.0052136313683062,0.28079149550874954,0.12067054082980143,-43.54529728597995,-1.1573229341274334,40.511496948306736,0.6295741068180681,69.34823927399563,0.2719344611720337,-0.06517612115002534,0.00015748,0.06585964098651749,0.00081957,1,0.0
4205,0.4671783556695812,0.2685612332229238,-1.54e-06,2.4597478815145957,3.1087171528187403,88.38234608417274,1.0052136313683062,15.512346894662995,0.12067054082980143,-35.80451432714764,-1.1573229341274334,-77.94714517408643,0.6295741068180681,0.7345370974565038,0.2719344611720337,-0.12118616184422232,0.00015748,0.3999160743033781,0.00081957,1,0.0
4206,1.0020029774287367,0.16141271750499378,-1.54e-06,2.4597478815145957,3.1087171528187403,-48.63940318332551,1.0052136313683062,7.06253072461744,0.12067054082980143,-33.03797439310387,-1.1573229341274334,-50.64816131370774,0.6295741068180681,72.7942066022146,0.2719344611720337,-0.12718205204624586,0.00015748,0.1264946556891978,0.00081957,1,0.0
4207,0.0006087725805126176,0.09739851607678054,-1.54e-06,2.4597478815145957,3.1087171528187403,1.8261588957872934,1.0052136313683062,6.111471941229942,0.12067054082980143,-66.45312159941999,-1.1573229341274334,54.54494988146246,0.6295741068180681,29.48796954311687,0.2719344611720337,0.11195366877288747,0.00015748,0.14612862687320327,0.00081957,0,0.0
4208,0.933588841056741,0.660663231377518,-1.54e-06,2.4597478815145957,3.1087171528187403,28.51962794659167,1.0052136313683062,4.8970654748977225,0.12067054082980143,-38.437108556710974,-1.1573229341274334,-31.952390185056103,0.6295741068180681,47.25401980422253,0.2719344611720337,0.029029088374393497,0.00015748,0.5991183841396095,0.00081957,0,0.0
4209,1.0987632781989627,0.7120190980182238,-1.54e-06,2.4597478815145957,3.1087171528187403,82.56399391460381,1.0052136313683062,13.87673843966516,0.12067054082980143,-94.47666676744161,-1.1573229341274334,-1.207060656516106,0.6295741068180681,53.527453502856154,0.2719344611720337,0.3272891990162516,0.00015748,0.9703692146137355,0.00081957,0,0.0
4210,0.7761828941994857,0.13181414213258277,-1.54e-06,2.4597478815145957,3.1087171528187403,-87.37847259448637,1.0052136313683062,-1.8387515916659074,0.12067054082980143,-9.328169603751341,-1.1573229341274334,-5.329296447010576,0.6295741068180681,66.18686346674068,0.2719344611720337,-0.08384730108877195,0.00015748,0.08365213359898885,0.00081957,1,0.0
4211,0.7780588306455302,0.3941481378204165,-1.54e-06,2.4597478815145957,3.1087171528187403,72.85497390337773,1.0052136313683062,20.82578778112285,0.12067054082980143,-80.16860992342316,-1.1573229341274334,-65.21037477898936,0.6295741068180681,38.8500519723061,0.2719344611720337,-0.1040105738584799,0.00015748,0.5093485082510206,0.00081957,1,0.0
4212,0.6776903091458523,0.09817877195233515,-1.54e-06,2.4597478815145957,3.1087171528187403,-88.29006668833898,1.0052136313683062,-1.1903248458437412,0.12067054082980143,-20.307019633581653,-1.1573229341274334,10.384267833908071,0.6295741068180681,67.73533213063078,0.2719344611720337,-0.08233998369011937,0.00015748,0.0827411666429146,0.00081957,1,0.0
4213,-2.4610051072349037e-05,0.36027744850846866,-1.54e-06,2.4597478815145957,3.1087171528187403,52.8639491540714,1.0052136313683062,3.0097443636128074,0.12067054082980143,-32.12150267437999,-1.1573229341274334,68.67297834068873,0.6295741068180681,-16.780326010869462,0.2719344611720337,0.1487747439161981,0.00015748,0.8296723255805296,0.00081957,0,0.0
4214,0.4647093452683664,0.18015149061935046,-1.54e-06,2.4597478815145957,3.1087171528187403,-15.730451929065097,1.0052136313683062,8.08282679960008,0.12067054082980143,-85.20383351554229,-1.1573229341274334,25.393476891972913,0.6295741068180681,68.94658990660987,0.2719344611720337,-0.08405084216446948,0.00015748,0.2679723543414003,0.00081957,1,0.0
4215,0.03113291677680019,0.6500936306262062,-1.54e-06,2.4597478815145957,3.1087171528187403,79.46866589117138,1.0052136313683062,25.363321322888893,0.12067054082980143,-94.17397515125914,-1.1573229341274334,-26.790679149502544,0.6295741068180681,8.034303987948945,0.2719344611720337,-0.44147748923778113,0.00015748,0.534316681836023,0.00081957,1,0.0
4216,0.0016990443844958625,0.2427008871123601,-1.54e-06,2.4597478815145957,3.1087171528187403,-11.818335856047668,1.0052136313683062,-1.8564269750638196,0.12067054082980143,-35.66607250591554,-1.1573229341274334,70.28916367226076,0.6295741068180681,19.994413873776168,0.2719344611720337,0.0016711206791788225,0.00015748,0.41171067015221585,0.00081957,0,0.0
4217,0.011196570728034816,0.7257233761708084,-1.54e-06,2.4597478815145957,3.1087171528187403,53.7778168482524,1.0052136313683062,16.420810351123155,0.12067054082980143,-58.346292742356695,-1.1573229341274334,54.58979348189149,0.6295741068180681,-18.797074769053417,0.2719344611720337,-0.016356301232051618,0.00015748,0.9040232881091623,0.00081957,1,0.0
4218,0.7107016558942748,0.34454456742468964,-1.54e-06,2.4597478815145957,3.1087171528187403,10.62212596446973,1.0052136313683062,8.025473264225141,0.12067054082980143,-65.3419245489726,-1.1573229341274334,-8.390231290055981,0.6295741068180681,58.11528820932687,0.2719344611720337,0.0015361556457338388,0.00015748,0.39233554531102893,0.00081957,0,0.0
4219,0.4075685912809771,0.2560757971087838,-1.54e-06,2.4597478815145957,3.1087171528187403,90.41093076029544,1.0052136313683062,15.725305442338355,0.12067054082980143,-39.578892667854966,-1.1573229341274334,-69.03061306614069,0.6295741068180681,-1.2519798212987516,0.2719344611720337,-0.09220374860147423,0.00015748,0.40080526816215595,0.00081957,1,0.0
4220,1.0039262873599037,0.21533929157919862,-1.54e-06,2.4597478815145957,3.1087171528187403,-21.880288259211653,1.0052136313683062,12.101053403867764,0.12067054082980143,-47.542351220255696,-1.1573229341274334,-67.05184100779016,0.6295741068180681,69.74007456062118,0.2719344611720337,-0.23854324770279917,0.00015748,0.23881552452162996,0.00081957,1,0.0
4221,0.002984116216242394,0.17528335264180442,-1.54e-06,2.4597478815145957,3.1087171528187403,99.59306951293881,1.0052136313683062,9.087304667288734,0.12067054082980143,-30.411349801921062,-1.1573229341274334,18.756069603755233,0.6295741068180681,-34.13435393509104,0.2719344611720337,0.2846641582256301,0.00015748,0.6019974332068723,0.00081957,0,0.0
4222,0.4473961104531089,0.22400915685623174,-1.54e-06,2.4597478815145957,3.1087171528187403,40.679086700745785,1.0052136313683062,14.319923276134512,0.12067054082980143,-56.796935256774944,-1.1573229341274334,-53.78811684627557,0.6295741068180681,31.826157391826758,0.2719344611720337,-0.3254327829089415,0.00015748,0.33330627985834693,0.00081957,1,0.0
4223,0.19776205468232788,0.02986163375311565,-1.54e-06,2.4597478815145957,3.1087171528187403,10.694154182639629,1.0052136313683062,5.2292584687916595,0.12067054082980143,-22.117170654648984,-1.1573229341274334,-19.4176266837803,0.6295741068180681,15.205780854672636,0.2719344611720337,-0.11928710072704465,0.00015748,0.11976042625296893,0.00081957,1,0.0
4224,0.0022701919972236695,0.16125563015761796,-1.54e-06,2.4597478815145957,3.1087171528187403,50.180276572144045,1.0052136313683062,9.990715994449292,0.12067054082980143,-19.931282934887534,-1.1573229341274334,-20.467907381880423,0.6295741068180681,-16.359743540007564,0.2719344611720337,-0.07812711626399169,0.00015748,0.25398172971716637,0.00081957,1,0.0
4225,0.7893742380962567,0.18205257612148684,-1.54e-06,2.4597478815145957,3.1087171528187403,-8.29782426057611,1.0052136313683062,12.396352628449849,0.12067054082980143,-58.34324035824426,-1.1573229341274334,-49.50933142498436,0.6295741068180681,63.03652231206382,0.2719344611720337,-0.25816123600216134,0.00015748,0.26153013823403193,0.00081957,1,0.0
4226,0.36381827721406096,0.8560394126084905,-1.54e-06,2.4597478815145957,3.1087171528187403,76.16891772046414,1.0052136313683062,-2.412108065017733,0.12067054082980143,-10.485666457016894,-1.1573229341274334,26.80252487582546,0.6295741068180681,-10.886662760658753,0.2719344611720337,0.06400054973813674,0.00015748,1.0525342369500388,0.00081957,0,0.0
4227,1.0489051600214727,0.17636852755447008,-1.54e-06,2.4597478815145957,3.1087171528187403,-58.55254572535135,1.0052136313683062,4.303373052808365,0.12067054082980143,-15.189839297924134,-1.1573229341274334,-55.375541991995874,0.6295741068180681,69.14594822554676,0.2719344611720337,-0.06407850955436213,0.00015748,0.06437334466585616,0.00081957,1,0.0
4228,0.8849622401612758,0.12740581946010565,-1.54e-06,2.4597478815145957,3.1087171528187403,-46.59519593950215,1.0052136313683062,7.4611682054168185,0.12067054082980143,-45.428886770455016,-1.1573229341274334,-33.893500103860084,0.6295741068180681,74.28278757526854,0.2719344611720337,-0.1401911607877069,0.00015748,0.13999408817348405,0.00081957,1,0.0
4229,0.7371330602947672,0.6308717014309608,-1.54e-06,2.4597478815145957,3.1087171528187403,86.02593589257751,1.0052136313683062,9.96739810348508,0.12067054082980143,-97.81057141324398,-1.1573229341274334,50.83475174168203,0.6295741068180681,39.239471269683484,0.2719344611720337,0.3131208515059096,0.00015748,1.1257809987553484,0.00081957,0,0.0
4230,-0.000771988263495782,1.011570177514265,-1.54e-06,2.4597478815145957,3.1087171528187403,99.37913553915014,1.0052136313683062,26.66493720567393,0.12067054082980143,-87.07479409643523,-1.1573229341274334,43.94624509244629,0.6295741068180681,-29.421730986578737,0.2719344611720337,-0.023122896020642103,0.00015748,1.0899909049356609,0.00081957,1,0.0
4231,-0.00037656219800435986,0.536820269213562,-1.54e-06,2.4597478815145957,3.1087171528187403,100.0,1.0052136313683062,3.8203112509002546,0.12067054082980143,-20.039359296807586,-1.1573229341274334,78.48406948399922,0.6295741068180681,-49.163635306167606,0.2719344611720337,0.2088195803495212,0.00015748,1.324301543948551,0.00081957,0,0.0
4232,-0.0002746621744475486,0.2556146834613645,-1.54e-06,2.4597478815145957,3.1087171528187403,-25.141001679439597,1.0052136313683062,-3.206405260473223,0.12067054082980143,-17.197999240901524,-1.1573229341274334,64.9811445902795,0.6295741068180681,12.804416321833362,0.2719344611720337,-0.057911766745825655,0.00015748,0.41932962203726676,0.00081957,1,0.0
4233,0.7567318398313617,0.14525632030225202,-1.54e-06,2.4597478815145957,3.1087171528187403,-42.05643596767173,1.0052136313683062,2.423413241128874,0.12067054082980143,-31.8671479359051,-1.1573229341274334,-25.383508952136328,0.6295741068180681,65.73875925849157,0.2719344611720337,-0.15074062603119776,0.00015748,0.1549367169996827,0.00081957,1,0.0
4234,0.6524783551633488,0.15611271538928806,-1.54e-06,2.4597478815145957,3.1087171528187403,29.5541990333018,1.0052136313683062,10.512299438289057,0.12067054082980143,-16.545740889618845,-1.1573229341274334,-85.72181070605222,0.6295741068180681,22.994109643262906,0.2719344611720337,-0.24230880499409446,0.00015748,0.2422037510345778,0.00081957,1,0.0
4235,0.42503161855817134,0.037219372557307125,-1.54e-06,2.4597478815145957,3.1087171528187403,-48.99952622409693,1.0052136313683062,7.05582620777789,0.12067054082980143,-72.18950268846051,-1.1573229341274334,27.86450451606357,0.6295741068180681,69.88087053023624,0.2719344611720337,-0.12027258025529182,0.00015748,0.12058650787972487,0.00081957,1,0.0
4236,0.09477785201544467,0.003723384212224112,-1.54e-06,2.4597478815145957,3.1087171528187403,-49.254425770784145,1.0052136313683062,2.3173850496972745,0.12067054082980143,-58.169078898271565,-1.1573229341274334,57.07722195749348,0.6295741068180681,50.68482580438969,0.2719344611720337,-0.029406880163401705,0.00015748,0.02995138158248295,0.00081957,1,0.0
4237,1.0228437102649588,0.19797974580056477,-1.54e-06,2.4597478815145957,3.1087171528187403,-41.12798372608943,1.0052136313683062,11.073441061889852,0.12067054082980143,-60.211062115509336,-1.1573229341274334,-46.56013066325496,0.6295741068180681,84.86017970292235,0.2719344611720337,-0.21757093566500774,0.00015748,0.2167244306244176,0.00081957,1,0.0
4238,0.00032328122984731644,0.036140850557371304,-1.54e-06,2.4597478815145957,3.1087171528187403,31.334303261140953,1.0052136313683062,4.143466193542499,0.12067054082980143,-2.269471109241803,-1.1573229341274334,-21.58608947679529,0.6295741068180681,-12.193330778215909,0.2719344611720337,-0.05024346862833426,0.00015748,0.09636404035608434,0.00081957,1,0.0
4239,1.1008893238129391,0.22119222325937182,-1.54e-06,2.4597478815145957,3.1087171528187403,-45.79881815843104,1.0052136313683062,11.312689161238369,0.12067054082980143,-60.83929820250954,-1.1573229341274334,-50.65501009608327,0.6295741068180681,89.84201799203045,0.2719344611720337,-0.22009091734430591,0.00015748,0.21938244152673908,0.00081957,1,0.0
4240,0.18099908272306509,0.07155926864826839,-1.54e-06,2.4597478815145957,3.1087171528187403,53.65527382189093,1.0052136313683062,7.404911358370154,0.12067054082980143,-0.14354132712652345,-1.1573229341274334,-63.307220705132465,0.6295741068180681,-12.526028279437417,0.2719344611720337,-0.18116041993762957,0.00015748,0.18432291883255594,0.00081957,1,0.0
4241,-0.01696717743210563,0.7258122538192269,-1.54e-06,2.4597478815145957,3.1087171528187403,81.8730630336718,1.0052136313683062,20.763917617525248,0.12067054082980143,-83.42493103708198,-1.1573229341274334,74.06602150439377,0.6295741068180681,-22.477432082485606,0.2719344611720337,0.09571797218345524,0.00015748,1.0845215675481725,0.00081957,0,0.0
4242,0.16741614495032653,0.1089488552150893,-1.54e-06,2.4597478815145957,3.1087171528187403,14.800524406053363,1.0052136313683062,8.155569012350401,0.12067054082980143,-62.56824322069847,-1.1573229341274334,13.598399077736175,0.6295741068180681,33.04195792544487,0.2719344611720337,-0.08853179300343975,0.00015748,0.22061015268222897,0.00081957,1,0.0
4243,1.211151618466578,0.2762719322109578,-1.54e-06,2.4597478815145957,3.1087171528187403,-36.21085496577787,1.0052136313683062,12.026615912052696,0.12067054082980143,-48.76874183960582,-1.1573229341274334,-75.46387082389808,0.6295741068180681,84.12103775003354,0.2719344611720337,-0.23245237939395383,0.00015748,0.2371101586279666,0.00081957,1,0.0
4244,0.060284064954839456,0.03624537419152725,-1.54e-06,2.4597478815145957,3.1087171528187403,-69.54699884315565,1.0052136313683062,-4.028642497258902,0.12067054082980143,-24.746915190313832,-1.1573229341274334,62.289805127886886,0.6295741068180681,39.76533710587561,0.2719344611720337,-0.12668797182021008,0.00015748,0.12659237805260276,0.00081957,1,0.0
4245,0.9566020627513707,0.20922393288950655,-1.54e-06,2.4597478815145957,3.1087171528187403,-19.617440612352762,1.0052136313683062,11.84838621189289,0.12067054082980143,-54.688007851667706,-1.1573229341274334,-59.2105800059411,0.6295741068180681,72.32242880053504,0.2719344611720337,-0.25070168967463025,0.00015748,0.25131561058898166,0.00081957,1,0.0
4246,0.8187523492461761,0.9888965045894835,-1.54e-06,2.4597478815145957,3.1087171528187403,56.89142831144158,1.0052136313683062,3.5139243854898976,0.12067054082980143,-62.55410246510342,-1.1573229341274334,27.599338126445268,0.6295741068180681,41.36393032176294,0.2719344611720337,0.12750416742952364,0.00015748,1.059595566933001,0.00081957,0,0.0
4247,0.21632848674011518,0.2010701727999477,-1.54e-06,2.4597478815145957,3.1087171528187403,-9.099242912102513,1.0052136313683062,14.993305236645305,0.12067054082980143,-89.78962623080206,-1.1573229341274334,19.85505589674072,0.6295741068180681,50.45469946578664,0.2719344611720337,-0.29135395173528306,0.00015748,0.2943609706894044,0.00081957,1,0.0
4248,0.7011375124044901,0.30135033283026624,-1.54e-06,2.4597478815145957,3.1087171528187403,43.983485395497794,1.0052136313683062,16.38994821426001,0.12067054082980143,-82.14294557012282,-1.1573229341274334,-31.799957135966824,0.6295741068180681,49.13704306496378,0.2719344611720337,-0.02972415170554832,0.00015748,0.4247971075744622,0.00081957,1,0.0
4249,0.6934791758676222,0.12492416188507309,-1.54e-06,2.4597478815145957,3.1087171528187403,11.849651068443135,1.0052136313683062,8.407301262324907,0.12067054082980143,-12.739739968024194,-1.1573229341274334,-76.94333822895089,0.6295741068180681,29.200663967165188,0.2719344611720337,-0.190497510685593,0.00015748,0.19060106098814406,0.00081957,1,0.0
4250,0.8424207599158208,0.09927974289935369,-1.54e-06,2.4597478815145957,3.1087171528187403,-90.65329425371414,1.0052136313683062,3.116653732707837,0.12067054082980143,-49.38562658356648,-1.1573229341274334,8.434330086244236,0.6295741068180681,89.99243514169036,0.2719344611720337,-0.032960125776200486,0.00015748,0.03320851044907429,0.00081957,1,0.0
4251,-0.12888201335916993,2.379564555638703,-1.54e-06,2.4597478815145957,3.1087171528187403,12.230040204071088,1.0052136313683062,21.88519442548395,0.12067054082980143,-77.1025939104045,-1.1573229341274334,92.17454614830281,0.6295741068180681,-13.541923454602257,0.2719344611720337,-0.42355246726249807,0.00015748,1.2428084584860923,0.00081957,1,0.0
4252,1.040146244622175,0.4533640097823091,-1.54e-06,2.4597478815145957,3.1087171528187403,55.87802795781825,1.0052136313683062,11.953781955088683,0.12067054082980143,-19.129640630205433,-1.1573229341274334,-91.02513301786492,0.6295741068180681,24.496543805829873,0.2719344611720337,0.15751723578562615,0.00015748,0.38255462780772465,0.00081957,0,0.0
4253,0.9468192138755764,0.16571048996648452,-1.54e-06,2.4597478815145957,3.1087171528187403,-56.51204498910428,1.0052136313683062,11.326320372619396,0.12067054082980143,-82.15175575537104,-1.1573229341274334,-15.756132803426855,0.6295741068180681,98.54103907401077,0.2719344611720337,-0.2129707183279506,0.00015748,0.2132361838310304,0.00081957,1,0.0
4254,0.0026504849387578022,0.36975391154196,-1.54e-06,2.4597478815145957,3.1087171528187403,35.994281109804,1.0052136313683062,3.4104438525019645,0.12067054082980143,-40.26103197576297,-1.1573229341274334,79.90682151099467,0.6295741068180681,-7.459147776410528,0.2719344611720337,0.12451389644341343,0.00015748,0.8073026353590949,0.00081957,0,0.0
4255,0.0022919883382839235,0.23783990359303414,-1.54e-06,2.4597478815145957,3.1087171528187403,86.38309196490768,1.0052136313683062,8.233779836897101,0.12067054082980143,-61.28132763941719,-1.1573229341274334,85.44227232753889,0.6295741068180681,-19.130194851569893,0.2719344611720337,0.28931352219531564,0.00015748,1.0092514411761557,0.00081957,0,0.0
4256,1.4575542078735984,0.5164042457563894,-1.54e-06,2.4597478815145957,3.1087171528187403,-91.3435000112469,1.0052136313683062,10.328002909266528,0.12067054082980143,-22.74968154059585,-1.1573229341274334,-77.02020219163118,0.6295741068180681,91.66090649591965,0.2719344611720337,-0.2617520932552465,0.00015748,0.2520492453152733,0.00081957,1,0.0
4257,-2.3931668884369373e-05,0.0494703532956223,-1.54e-06,2.4597478815145957,3.1087171528187403,-0.3283313355007823,1.0052136313683062,2.687807689206416,0.12067054082980143,-27.713110410917352,-1.1573229341274334,23.496235923930957,0.6295741068180681,12.16537274703412,0.2719344611720337,0.04138512627907823,0.00015748,0.06871335441152279,0.00081957,0,0.0
4258,1.032315796207084,0.21621311492899628,-1.54e-06,2.4597478815145957,3.1087171528187403,-56.87325212979848,1.0052136313683062,5.6366687498708545,0.12067054082980143,-5.173891262667675,-1.1573229341274334,-63.464729478999125,0.6295741068180681,58.58334537463377,0.2719344611720337,-0.12616654451493892,0.00015748,0.1256018040768332,0.00081957,1,0.0
4259,0.000980544729121402,0.054450681708033494,-1.54e-06,2.4597478815145957,3.1087171528187403,26.02695428695802,1.0052136313683062,3.4431208441027605,0.12067054082980143,-15.40639507256814,-1.1573229341274334,-3.0056587585875243,0.6295741068180681,-2.3551357859246687,0.2719344611720337,0.002529070642347267,0.00015748,0.10718363951047534,0.00081957,0,0.0
4260,0.6406375260713719,0.17120737038107983,-1.54e-06,2.4597478815145957,3.1087171528187403,28.4899145662895,1.0052136313683062,11.348313354653335,0.12067054082980143,-28.116930544562155,-1.1573229341274334,-77.88029743802802,0.6295741068180681,29.282400625731363,0.2719344611720337,-0.2655031130042724,0.00015748,0.26547331512688016,0.00081957,1,0.0
4261,0.2594086608810884,0.035949384779118305,-1.54e-06,2.4597478815145957,3.1087171528187403,16.17557006731285,1.0052136313683062,5.4043632478230315,0.12067054082980143,-13.502758558722213,-1.1573229341274334,-34.43874578247583,0.6295741068180681,11.123261438969017,0.2719344611720337,-0.12467069540657347,0.00015748,0.12550926980373742,0.00081957,1,0.0
4262,-0.017589486814936772,0.5352967465913565,-1.54e-06,2.4597478815145957,3.1087171528187403,54.68308388479725,1.0052136313683062,10.62222995681844,0.12067054082980143,-0.40087362344550903,-1.1573229341274334,-12.173715261964617,0.6295741068180681,-39.64648576683699,0.2719344611720337,-0.11653615229694558,0.00015748,0.5464142177311752,0.00081957,1,0.0
4263,0.0007751508450308808,0.09789918985182167,-1.54e-06,2.4597478815145957,3.1087171528187403,-58.79608303242455,1.0052136313683062,-2.387067773294259,0.12067054082980143,-56.64375977907292,-1.1573229341274334,88.55648124147689,0.6295741068180681,51.55238881195144,0.2719344611720337,-0.05677611196816852,0.00015748,0.17003702334723064,0.00081957,1,0.0
4264,1.4036956821590636,0.32587388508396725,-1.54e-06,2.4597478815145957,3.1087171528187403,-75.54672990580148,1.0052136313683062,4.798892715209306,0.12067054082980143,-9.339502806885664,-1.1573229341274334,-81.39828588469717,0.6295741068180681,85.93079305060756,0.2719344611720337,-0.06672684378428566,0.00015748,0.06753312794583981,0.00081957,1,0.0
4265,0.0017819450678153714,0.05375133498535747,-1.54e-06,2.4597478815145957,3.1087171528187403,-59.875803887003734,1.0052136313683062,-4.010808666819775,0.12067054082980143,-27.74186941448886,-1.1573229341274334,66.43124530166983,0.6295741068180681,36.144573735512445,0.2719344611720337,-0.10444436892501369,0.00015748,0.14044361691626928,0.00081957,1,0.0
4266,0.0028673644091653516,0.12234753772685786,-1.54e-06,2.4597478815145957,3.1087171528187403,87.06739153189133,1.0052136313683062,8.666580972714488,0.12067054082980143,-0.06117980309889677,-1.1573229341274334,-65.14696514393255,0.6295741068180681,-31.676564129230133,0.2719344611720337,-0.17547966308452997,0.00015748,0.24276812956506175,0.00081957,1,0.0
4267,0.9987395999105417,0.25419236489562974,-1.54e-06,2.4597478815145957,3.1087171528187403,-12.510108165122816,1.0052136313683062,13.197213874078228,0.12067054082980143,-59.23230053854472,-1.1573229341274334,-66.64156278105148,0.6295741068180681,74.09556671500378,0.2719344611720337,-0.2853600622295336,0.00015748,0.2901359449942058,0.00081957,1,0.0
4268,0.012851328438055143,0.1198316814725165,-1.54e-06,2.4597478815145957,3.1087171528187403,91.56253827331035,1.0052136313683062,12.990861892364496,0.12067054082980143,-68.50972765970519,-1.1573229341274334,30.238147842463075,0.6295741068180681,-8.903783337281281,0.2719344611720337,0.3621815522687309,0.00015748,0.40210993518475474,0.00081957,0,0.0
4269,0.20586344778496968,0.100304262129343,-1.54e-06,2.4597478815145957,3.1087171528187403,100.0,1.0052136313683062,17.443655461230943,0.12067054082980143,-92.70851648349762,-1.1573229341274334,33.44846392997693,0.6295741068180681,4.066998411647505,0.2719344611720337,0.46559839981202045,0.00015748,0.5014937855582492,0.00081957,0,0.0
4270,0.0004146769471743972,0.1011728550595438,-1.54e-06,2.4597478815145957,3.1087171528187403,-11.944744877278676,1.0052136313683062,3.8566504778567405,0.12067054082980143,-59.892783342024615,-1.1573229341274334,62.9495841325445,0.6295741068180681,31.15586456561996,0.2719344611720337,0.09094412580164932,0.00015748,0.1665393524093741,0.00081957,0,0.0
4271,0.14599379773805005,0.037731709034361016,-1.54e-06,2.4597478815145957,3.1087171528187403,-73.3052841474864,1.0052136313683062,-1.6883593540582758,0.12067054082980143,-60.411347522282526,-1.1573229341274334,76.3846487728725,0.6295741068180681,65.98551917821207,0.2719344611720337,-0.06999989149405017,0.00015748,0.07611384908257235,0.00081957,1,0.0
4272,0.6974579730559174,0.1381921380055141,-1.54e-06,2.4597478815145957,3.1087171528187403,-30.710617627140117,1.0052136313683062,5.661672337009242,0.12067054082980143,-0.7803449243534964,-1.1573229341274334,-52.54244078789525,0.6295741068180681,33.0853710611864,0.2719344611720337,-0.14338556569156202,0.00015748,0.14346054954382514,0.00081957,1,0.0
4273,0.5626837863543324,1.4486902371072214,-1.54e-06,2.4597478815145957,3.1087171528187403,-8.575159562678735,1.0052136313683062,19.537625097680472,0.12067054082980143,-7.906506836016501,-1.1573229341274334,-80.93602375321139,0.6295741068180681,5.581703027424248,0.2719344611720337,-0.6907998132429491,0.00015748,0.5894075593865222,0.00081957,1,0.0
4274,0.9059068400301264,0.49250011499644264,-1.54e-06,2.4597478815145957,3.1087171528187403,12.460441745936087,1.0052136313683062,2.941850702976085,0.12067054082980143,-12.474016336313419,-1.1573229341274334,-81.32337524345874,0.6295741068180681,47.63193285877748,0.2719344611720337,-0.31271600230085084,0.00015748,0.3940553082501759,0.00081957,1,0.0
4275,0.8246211239882411,0.21239706799718694,-1.54e-06,2.4597478815145957,3.1087171528187403,-12.348761261899682,1.0052136313683062,4.133089102777721,0.12067054082980143,-19.8914579278595,-1.1573229341274334,-61.62952321244858,0.6295741068180681,52.787810736006755,0.2719344611720337,-0.2241148732564531,0.00015748,0.2271346981218851,0.00081957,1,0.0
4276,0.0034249280044615915,0.4258346809131043,-1.54e-06,2.4597478815145957,3.1087171528187403,64.22930938403636,1.0052136313683062,16.676735676628084,0.12067054082980143,-46.77167359041917,-1.1573229341274334,-1.8544113634842552,0.6295741068180681,-17.489370247982293,0.2719344611720337,-0.0946275188144925,0.00015748,0.5087148597481255,0.00081957,1,0.0
4277,0.5783376876391934,0.4555873851124991,-1.54e-06,2.4597478815145957,3.1087171528187403,-49.46457760754302,1.0052136313683062,-0.6453707664406102,0.12067054082980143,-72.00819468057648,-1.1573229341274334,45.19216412662797,0.6295741068180681,85.87675377392499,0.2719344611720337,-0.18429662424596321,0.00015748,0.3993778215658024,0.00081957,1,0.0
4278,0.7054634199152301,3.0068278397602466,-1.54e-06,2.4597478815145957,3.1087171528187403,-73.95778974598599,1.0052136313683062,24.60609165121011,0.12067054082980143,-44.319972908520185,-1.1573229341274334,-91.59703275567871,0.6295741068180681,57.392801963666464,0.2719344611720337,-1.2446652176795872,0.00015748,0.521934300128064,0.00081957,1,0.0
4279,0.5989562101940145,0.04555145866204783,-1.54e-06,2.4597478815145957,3.1087171528187403,-79.39436644616526,1.0052136313683062,2.6144293957730387,0.12067054082980143,-55.60478059169761,-1.1573229341274334,28.204127372283843,0.6295741068180681,80.38861987197211,0.2719344611720337,-0.022591981460053052,0.00015748,0.022428298374405704,0.00081957,1,0.0
4280,0.003836388663080781,0.09503195864564058,-1.54e-06,2.4597478815145957,3.1087171528187403,72.43947848464136,1.0052136313683062,12.434618902956156,0.12067054082980143,-99.95796615704886,-1.1573229341274334,90.99745937919525,0.6295741068180681,9.576129069914504,0.2719344611720337,0.362622762530044,0.00015748,0.6966379065364972,0.00081957,0,0.0
4281,0.7497843275447046,0.22803934393791847,-1.54e-06,2.4597478815145957,3.1087171528187403,33.83507576668361,1.0052136313683062,8.595836085423963,0.12067054082980143,-12.561477632153549,-1.1573229341274334,-93.18018911260687,0.6295741068180681,26.82964755923346,0.2719344611720337,-0.24135938880897512,0.00015748,0.2846463278323126,0.00081957,1,0.0
4282,0.24823819343300713,0.15921910549046564,-1.54e-06,2.4597478815145957,3.1087171528187403,-84.99470014954291,1.0052136313683062,-1.198825334253881,0.12067054082980143,-15.865661062726067,-1.1573229341274334,45.175657563476676,0.6295741068180681,41.179873813928374,0.2719344611720337,-0.24815782843214312,0.00015748,0.2494163004032947,0.00081957,1,0.0
4283,0.08146416140912376,0.33198330525222,-1.54e-06,2.4597478815145957,3.1087171528187403,31.995399979528578,1.0052136313683062,0.14472311490031753,0.12067054082980143,-36.09783018343999,-1.1573229341274334,45.30313753958696,0.6295741068180681,9.43667103777044,0.2719344611720337,0.04167784449241976,0.00015748,0.5291596108464091,0.00081957,0,0.0
4284,0.27519771597559384,0.22437939888538522,-1.54e-06,2.4597478815145957,3.1087171528187403,-48.47044674271094,1.0052136313683062,1.8767529049610285,0.12067054082980143,-92.0345442307384,-1.1573229341274334,79.78501323193748,0.6295741068180681,79.81332630959088,0.2719344611720337,-0.08012898071495897,0.00015748,0.2780356415737807,0.00081957,1,0.0
4285,0.15168589921247386,0.008249443321857956,-1.54e-06,2.4597478815145957,3.1087171528187403,-81.01443649065538,1.0052136313683062,1.2245000107813873,0.12067054082980143,-71.40364977458536,-1.1573229341274334,82.86643306309423,0.6295741068180681,70.47535939778457,0.2719344611720337,-0.05216845961655606,0.00015748,0.052642679323644886,0.00081957,1,0.0
4286,-0.041549152477875495,0.9225005694254083,-1.54e-06,2.4597478815145957,3.1087171528187403,7.411101800564639,1.0052136313683062,13.482368353241387,0.12067054082980143,-28.4328153954959,-1.1573229341274334,16.772157943104332,0.6295741068180681,-12.7973409136284,0.2719344611720337,-0.3770033575349162,0.00015748,0.6089038848853779,0.00081957,1,0.0
4287,0.8492862259774787,0.1552836424412709,-1.54e-06,2.4597478815145957,3.1087171528187403,-33.839857346566056,1.0052136313683062,11.345224825154844,0.12067054082980143,-65.10919852006145,-1.1573229341274334,-32.544004837588794,0.6295741068180681,77.33825272826665,0.2719344611720337,-0.21894729337763194,0.00015748,0.21919155904220863,0.00081957,1,0.0
4288,0.1472680331770544,0.123783520370438,-1.54e-06,2.4597478815145957,3.1087171528187403,3.2410341890452568,1.0052136313683062,11.37382925739542,0.12067054082980143,-87.47164041811857,-1.1573229341274334,25.936241187380894,0.6295741068180681,48.26396707094928,0.2719344611720337,-0.20098202254492176,0.00015748,0.24474319308654563,0.00081957,1,0.0
4289,1.251803493255054,0.7480569434136852,-1.54e-06,2.4597478815145957,3.1087171528187403,-44.41056768632607,1.0052136313683062,19.913917452872823,0.12067054082980143,-50.16090350608039,-1.1573229341274334,-88.28172593146387,0.6295741068180681,75.82134597095113,0.2719344611720337,-0.459076007618664,0.00015748,0.42986819999266995,0.00081957,1,0.0
4290,0.7232182866021168,0.20442920211240903,-1.54e-06,2.4597478815145957,3.1087171528187403,21.206392852493114,1.0052136313683062,11.235693455706038,0.12067054082980143,-37.10548704452023,-1.1573229341274334,-74.16666027314442,0.6295741068180681,41.30249613784388,0.2719344611720337,-0.2791361736593228,0.00015748,0.2864761826679774,0.00081957,1,0.0
4291,-0.0001373271864612835,0.1491445562032951,-1.54e-06,2.4597478815145957,3.1087171528187403,-39.55950623743286,1.0052136313683062,-1.531296858783001,0.12067054082980143,-31.314861677740776,-1.1573229341274334,68.2105208392115,0.6295741068180681,25.990284902764202,0.2719344611720337,-0.0564092376117659,0.00015748,0.2773555100631339,0.00081957,1,0.0
4292,0.18255911968865257,0.09177407714548563,-1.54e-06,2.4597478815145957,3.1087171528187403,62.82355946638038,1.0052136313683062,8.272085590057184,0.12067054082980143,-0.05666817485439695,-1.1573229341274334,-71.11259079448472,0.6295741068180681,-15.541103742151032,0.2719344611720337,-0.2098196563143811,0.00015748,0.21070447766023753,0.00081957,1,0.0
4293,0.0007947026996423245,0.14606018988796457,-1.54e-06,2.4597478815145957,3.1087171528187403,84.29940875457069,1.0052136313683062,8.996375967182116,0.12067054082980143,-33.962876853545744,-1.1573229341274334,6.765626935919744,0.6295741068180681,-21.873218347076346,0.2719344611720337,0.2667858149576656,0.00015748,0.34504778755028587,0.00081957,0,0.0
4294,0.6520231010935202,0.22620614369141712,-1.54e-06,2.4597478815145957,3.1087171528187403,13.04470931789639,1.0052136313683062,14.70266243201829,0.12067054082980143,-69.53836499697258,-1.1573229341274334,-47.659720996559706,0.6295741068180681,56.03072313526644,0.2719344611720337,-0.3235662359946747,0.00015748,0.32391297359903115,0.00081957,1,0.0
4295,0.9886653919417576,0.45800687019811365,-1.54e-06,2.4597478815145957,3.1087171528187403,-21.988310198028156,1.0052136313683062,21.85090385686098,0.12067054082980143,-97.03788143071436,-1.1573229341274334,-49.66691514156727,0.6295741068180681,87.09143198156166,0.2719344611720337,-0.421029308980041,0.00015748,0.4180928352917057,0.00081957,1,0.0
4296,0.9243452418560281,0.16620582768039324,-1.54e-06,2.4597478815145957,3.1087171528187403,-24.26607589925513,1.0052136313683062,9.652712437384112,0.12067054082980143,-36.80446463154724,-1.1573229341274334,-61.00996524680937,0.6295741068180681,62.55273834727527,0.2719344611720337,-0.18870940095527106,0.00015748,0.19015271970220665,0.00081957,1,0.0
4297,0.4548084791322211,0.21406675920711554,-1.54e-06,2.4597478815145957,3.1087171528187403,76.17939210985412,1.0052136313683062,18.198134974655126,0.12067054082980143,-90.03328686966967,-1.1573229341274334,-2.1617717758919444,0.6295741068180681,25.492932059204467,0.2719344611720337,0.22230327067986333,0.00015748,0.46148134217265024,0.00081957,0,0.0
4298,0.39413547643063174,0.0888084334132708,-1.54e-06,2.4597478815145957,3.1087171528187403,41.49415402259694,1.0052136313683062,7.958752332897668,0.12067054082980143,-1.9143269405020338,-1.1573229341274334,-74.93900956787607,0.6295741068180681,1.2592378479338198,0.2719344611720337,-0.19265453744063016,0.00015748,0.19344161097097573,0.00081957,1,0.0
4299,0.26827319710209885,0.21204549721501328,-1.54e-06,2.4597478815145957,3.1087171528187403,72.04322680122665,1.0052136313683062,10.760139074477127,0.12067054082980143,-70.88436985603782,-1.1573229341274334,22.09669781900951,0.6295741068180681,14.303476829470128,0.2719344611720337,0.24287913828626698,0.00015748,0.4947020167356566,0.00081957,0,0.0
4300,0.5266813428977981,0.27972035433371545,-1.54e-06,1.953679530487697,3.0141450503401943,3.631532398135342,1.0052136313683062,13.44957518547616,0.12067054082980143,-53.921805161954886,-1.1573229341274334,-26.04109148353834,0.6295741068180681,39.32781600924682,0.2719344611720337,-0.2295803037335281,0.00015748,0.39537557188011097,0.00081957,1,0.0
4301,0.907942047870262,0.30100230531287536,-1.54e-06,1.953679530487697,3.0141450503401943,73.91247447195212,1.0052136313683062,27.25054283009423,0.12067054082980143,-81.51865868470917,-1.1573229341274334,-43.6105539668246,0.6295741068180681,23.974661100244777,0.2719344611720337,0.3397685703546276,0.00015748,0.9428163208623197,0.00081957,0,0.0
4302,0.6919967758396839,0.07820509527783265,-1.54e-06,1.953679530487697,3.0141450503401943,-68.15041177315805,1.0052136313683062,7.54627529486962,0.12067054082980143,-81.91536118960548,-1.1573229341274334,36.9480049026715,0.6295741068180681,87.55091741398786,0.2719344611720337,-0.13809967499216386,0.00015748,0.13851914827921025,0.00081957,1,0.0
4303,0.0010782472256689601,0.020515195563104407,-1.54e-06,1.953679530487697,3.0141450503401943,84.3226965793854,1.0052136313683062,20.748912808756288,0.12067054082980143,-89.29998297242868,-1.1573229341274334,29.162492551210093,0.6295741068180681,-3.255298304157421,0.2719344611720337,0.36465994574737487,0.00015748,0.7975824858123646,0.00081957,0,0.0
4304,2.140144086632983,3.052771683727709,-1.54e-06,1.953679530487697,3.0141450503401943,30.325337933067882,1.0052136313683062,15.25121523633362,0.12067054082980143,-81.13305185631667,-1.1573229341274334,15.677266793126313,0.6295741068180681,71.82916823102309,0.2719344611720337,0.7663349900708287,0.00015748,1.9994289998338795,0.00081957,0,0.0
4305,0.0012999579505841297,0.030356206079976213,-1.54e-06,1.953679530487697,3.0141450503401943,74.08425611028049,1.0052136313683062,15.996910606218368,0.12067054082980143,-62.990426970957095,-1.1573229341274334,22.210677160792372,0.6295741068180681,-10.881600291135836,0.2719344611720337,0.41351359967350504,0.00015748,0.6303506247439846,0.00081957,0,0.0
4306,0.7043128068959256,0.07284890207769704,-1.54e-06,1.953679530487697,3.0141450503401943,-60.92526157836294,1.0052136313683062,5.402857813107307,0.12067054082980143,-57.39130351848329,-1.1573229341274334,19.02228689303596,0.6295741068180681,73.26034193164352,0.2719344611720337,-0.09011432613179436,0.00015748,0.09083842620305292,0.00081957,1,0.0
4307,1.1888815784617492,0.3113910758535757,-1.54e-06,1.953679530487697,3.0141450503401943,-40.86917182408255,1.0052136313683062,11.29653263347979,0.12067054082980143,-42.49676598989323,-1.1573229341274334,-58.340948211380336,0.6295741068180681,75.08091582716165,0.2719344611720337,-0.2811036358801065,0.00015748,0.2796393186052986,0.00081957,1,0.0
4308,0.28500111044123866,0.4439875786879171,-1.54e-06,1.953679530487697,3.0141450503401943,15.609807984599065,1.0052136313683062,0.07015941464603755,0.12067054082980143,-26.183326059725747,-1.1573229341274334,31.20113809108023,0.6295741068180681,12.486244279671057,0.2719344611720337,0.0928141351932728,0.00015748,0.6780718009915303,0.00081957,0,0.0
4309,0.131281721781218,0.13333218882618672,-1.54e-06,1.953679530487697,3.0141450503401943,-1.447923254856616,1.0052136313683062,9.166951538624026,0.12067054082980143,-52.729763149997375,-1.1573229341274334,8.581060843626792,0.6295741068180681,29.23255107199427,0.2719344611720337,-0.21861422064110939,0.00015748,0.2555947383823066,0.00081957,1,0.0
4310,0.01010122510837036,0.11119724771599504,-1.54e-06,1.953679530487697,3.0141450503401943,29.89659511566873,1.0052136313683062,6.318036914189343,0.12067054082980143,-10.921206803010824,-1.1573229341274334,-22.336348665516788,0.6295741068180681,-7.276250299440204,0.2719344611720337,-0.10755878966007451,0.00015748,0.22863766735140686,0.00081957,1,0.0
4311,0.00017164584009254913,0.25472383231637874,-1.54e-06,1.953679530487697,3.0141450503401943,67.85399034738802,1.0052136313683062,5.024998461349478,0.12067054082980143,-21.64609275041947,-1.1573229341274334,59.95945247939994,0.6295741068180681,-34.45022856836146,0.2719344611720337,0.33737311628860456,0.00015748,1.2190697371400905,0.00081957,0,0.0
4312,0.7922279118975989,0.13408795197163645,-1.54e-06,1.953679530487697,3.0141450503401943,-50.79303881209913,1.0052136313683062,-0.11090060785073969,0.12067054082980143,-16.89175589023268,-1.1573229341274334,-13.29770305685368,0.6295741068180681,55.72270452100799,0.2719344611720337,-0.057102894322630236,0.00015748,0.05664062281808555,0.00081957,1,0.0
4313,0.004582370044330097,0.12340486686046152,-1.54e-06,1.953679530487697,3.0141450503401943,-3.4852390112348064,1.0052136313683062,6.781945744711387,0.12067054082980143,-63.9898125808104,-1.1573229341274334,58.51209313002292,0.6295741068180681,26.758771047755257,0.2719344611720337,0.1778004463723779,0.00015748,0.22265820054235808,0.00081957,0,0.0
4314,0.370020707539611,0.16200832304304388,-1.54e-06,1.953679530487697,3.0141450503401943,-69.52738277608255,1.0052136313683062,-5.4491634927183235,0.12067054082980143,-24.147023039372346,-1.1573229341274334,52.881742460560005,0.6295741068180681,50.69563128201453,0.2719344611720337,-0.23039497810009285,0.00015748,0.23157259034893923,0.00081957,1,0.0
4315,0.5633177142213934,0.21391251770314645,-1.54e-06,1.953679530487697,3.0141450503401943,100.0,1.0052136313683062,18.603618605723813,0.12067054082980143,-14.077674969074373,-1.1573229341274334,-75.03660457398463,0.6295741068180681,-26.674851135266078,0.2719344611720337,0.37534731945835276,0.00015748,0.7427013161579299,0.00081957,0,0.0
4316,1.037946896423433,0.3733930374462304,-1.54e-06,1.953679530487697,3.0141450503401943,53.51600180478341,1.0052136313683062,22.9336763147266,0.12067054082980143,-67.27681962825545,-1.1573229341274334,-46.583336821816324,0.6295741068180681,31.363987688460124,0.2719344611720337,0.36397740981659,0.00015748,0.804796900529855,0.00081957,0,0.0
4317,0.0003783821908274754,0.6902900324970696,-1.54e-06,1.953679530487697,3.0141450503401943,-1.8204471065614218,1.0052136313683062,-2.2920256769749185,0.12067054082980143,-24.77554450840109,-1.1573229341274334,93.11110946359378,0.6295741068180681,-0.5601730232253121,0.2719344611720337,-0.026388080448718154,0.00015748,1.0065142886018463,0.00081957,1,0.0
4318,-0.3173494517709341,4.985332876397328,-1.54e-06,1.953679530487697,3.0141450503401943,-50.86274169043545,1.0052136313683062,22.27974952874659,0.12067054082980143,-75.66908427860865,-1.1573229341274334,98.64752068510018,0.6295741068180681,13.491320143332697,0.2719344611720337,-1.2115804999143096,0.00015748,1.2479984734821215,0.00081957,1,0.0
4319,0.00564876525674507,0.07196750736329378,-1.54e-06,1.953679530487697,3.0141450503401943,70.7014741825115,1.0052136313683062,9.568489150119856,0.12067054082980143,-23.05460206199421,-1.1573229341274334,11.657990531775399,0.6295741068180681,-28.61380697316922,0.2719344611720337,0.42301869271800124,0.00015748,0.6105578364069377,0.00081957,0,0.0
4320,0.22623405169802024,0.05566939603660045,-1.54e-06,1.953679530487697,3.0141450503401943,-47.95791967575564,1.0052136313683062,7.546823170643237,0.12067054082980143,-90.20680269104125,-1.1573229341274334,63.161540130935876,0.6295741068180681,68.6341893494235,0.2719344611720337,-0.15744557833952472,0.00015748,0.15844170646932892,0.00081957,1,0.0
4321,0.011355937818407179,0.4439030436453905,-1.54e-06,1.953679530487697,3.0141450503401943,50.67682481688524,1.0052136313683062,-0.049698390039517856,0.12067054082980143,-22.752220344657545,-1.1573229341274334,69.5858759777645,0.6295741068180681,-20.82392267973472,0.2719344611720337,0.21880058397298024,0.00015748,1.1872207202860712,0.00081957,0,0.0
4322,0.17705722256296919,0.07057165144095597,-1.54e-06,1.953679530487697,3.0141450503401943,99.04478839641106,1.0052136313683062,18.337572907628072,0.12067054082980143,-42.927034387973066,-1.1573229341274334,-24.124859241170594,0.6295741068180681,-24.75079230114205,0.2719344611720337,0.37418264625506437,0.00015748,0.7534015104426073,0.00081957,0,0.0
4323,7.405107710051206e-05,0.1710678624970728,-1.54e-06,1.953679530487697,3.0141450503401943,38.36071919620343,1.0052136313683062,6.608507273293626,0.12067054082980143,-58.42358047478254,-1.1573229341274334,93.3537986166383,0.6295741068180681,-4.099769657673513,0.2719344611720337,0.32918251345954674,0.00015748,1.0725674325371006,0.00081957,0,0.0
4324,0.00030965673154059736,0.8914297851322672,-1.54e-06,1.953679530487697,3.0141450503401943,23.693234197467078,1.0052136313683062,23.42363554745954,0.12067054082980143,-79.48052090533234,-1.1573229341274334,-1.3060975104458412,0.6295741068180681,17.73819465504459,0.2719344611720337,-0.5270254700683973,0.00015748,0.615835125797593,0.00081957,1,0.0
4325,0.5608617693912533,0.22550784410503955,-1.54e-06,1.953679530487697,3.0141450503401943,-19.34309555840012,1.0052136313683062,13.32218837605318,0.12067054082980143,-99.89646501835315,-1.1573229341274334,47.769458783441635,0.6295741068180681,67.04798900023995,0.2719344611720337,0.1603995479929998,0.00015748,0.4102433049903029,0.00081957,0,0.0
4326,0.20247591892477454,1.0002687666881505,-1.54e-06,1.953679530487697,3.0141450503401943,-43.914123497407154,1.0052136313683062,4.79123844213721,0.12067054082980143,-0.24113237438966012,-1.1573229341274334,11.635764977056644,0.6295741068180681,12.110485845635528,0.2719344611720337,-0.605025939396258,0.00015748,0.4779218189542158,0.00081957,1,0.0
4327,-0.18193978826611046,0.9659126305831596,-1.54e-06,1.953679530487697,3.0141450503401943,16.13948250039213,1.0052136313683062,3.853141523803553,0.12067054082980143,-5.350556819371961,-1.1573229341274334,46.87808909855855,0.6295741068180681,-24.936225112398795,0.2719344611720337,-0.12882446790087737,0.00015748,0.7290749127281875,0.00081957,1,0.0
4328,0.32626498953183325,2.452247935011522,-1.54e-06,1.953679530487697,3.0141450503401943,-32.834074360444426,1.0052136313683062,17.883738696613374,0.12067054082980143,-16.644598414437258,-1.1573229341274334,-39.06933328493525,0.6295741068180681,16.430381517710458,0.2719344611720337,-1.0192204096282291,0.00015748,0.5916027221978308,0.00081957,1,0.0
4329,0.046262698649516404,0.008940138474371145,-1.54e-06,1.953679530487697,3.0141450503401943,-16.410978799144388,1.0052136313683062,-1.473472964765614,0.12067054082980143,-7.178948900736571,-1.1573229341274334,17.093372162607437,0.6295741068180681,11.314314054509696,0.2719344611720337,-0.06021461594395717,0.00015748,0.060200579823799096,0.00081957,1,0.0
4330,0.07166541407612614,0.020076632892918413,-1.54e-06,1.953679530487697,3.0141450503401943,-61.05517758904965,1.0052136313683062,0.4565215471001103,0.12067054082980143,-69.92196207369238,-1.1573229341274334,87.60501911089229,0.6295741068180681,58.91592469150676,0.2719344611720337,-0.07908672851975848,0.00015748,0.0794910374175398,0.00081957,1,0.0
4331,-0.3957028024618683,2.1695331136889275,-1.54e-06,1.953679530487697,3.0141450503401943,68.87590503282384,1.0052136313683062,24.715830664148893,0.12067054082980143,-76.27039549036428,-1.1573229341274334,95.28084538847297,0.6295741068180681,-40.02741459302483,0.2719344611720337,-0.020788835243602866,0.00015748,1.4819664616403867,0.00081957,1,0.0
4332,0.0005342823300020783,0.038144603220464486,-1.54e-06,1.953679530487697,3.0141450503401943,84.98059446785305,1.0052136313683062,21.368970515306064,0.12067054082980143,-99.53712896261722,-1.1573229341274334,46.46536696042857,0.6295741068180681,-0.8935256231479456,0.2719344611720337,0.5091031200362401,0.00015748,0.8261884521591154,0.00081957,0,0.0
4333,0.3298082410720707,0.024141266467387387,-1.54e-06,1.953679530487697,3.0141450503401943,-22.991650336307497,1.0052136313683062,-0.25720313787640703,0.12067054082980143,-5.030685208573306,-1.1573229341274334,-4.3935839522539855,0.6295741068180681,22.37393661900698,0.2719344611720337,-0.026425875242221286,0.00015748,0.026361128919635393,0.00081957,1,0.0
4334,0.7402969565404045,0.21257508636298245,-1.54e-06,1.953679530487697,3.0141450503401943,-19.062111357221692,1.0052136313683062,10.83964574657868,0.12067054082980143,-45.44150364669524,-1.1573229341274334,-37.344783544293584,0.6295741068180681,53.68605146894099,0.2719344611720337,-0.2975431697425173,0.00015748,0.2976206932139363,0.00081957,1,0.0
4335,-0.0021923926526246085,0.26265968488020663,-1.54e-06,1.953679530487697,3.0141450503401943,97.16472899582692,1.0052136313683062,18.42488321759163,0.12067054082980143,-46.477956097579735,-1.1573229341274334,36.531704795519325,0.6295741068180681,-41.40797237842196,0.2719344611720337,0.5429019821030611,0.00015748,1.098443922996886,0.00081957,0,0.0
4336,1.1471371866409013,0.5532204715900364,-1.54e-06,1.953679530487697,3.0141450503401943,2.1606899161361404,1.0052136313683062,15.284207390168241,0.12067054082980143,-62.42893618562532,-1.1573229341274334,-43.655283250136264,0.6295741068180681,62.28089006004784,0.2719344611720337,0.031188162904527805,0.00015748,0.5839469627458267,0.00081957,0,0.0
4337,0.00043832044902758494,0.03955939524687365,-1.54e-06,1.953679530487697,3.0141450503401943,59.4690354767756,1.0052136313683062,12.576935263200822,0.12067054082980143,-56.2320693308401,-1.1573229341274334,33.8906856798731,0.6295741068180681,-8.05944711949118,0.2719344611720337,0.4689820028602976,0.00015748,0.5345661039329299,0.00081957,0,0.0
4338,0.003944593130484064,0.16038182650439003,-1.54e-06,1.953679530487697,3.0141450503401943,-16.908217071427945,1.0052136313683062,5.622219503850508,0.12067054082980143,-82.20088183083696,-1.1573229341274334,95.27810410669873,0.6295741068180681,38.94150036083628,0.2719344611720337,0.18103470798931912,0.00015748,0.3902544849098374,0.00081957,0,0.0
4339,0.37889048527536073,0.15391344553282316,-1.54e-06,1.953679530487697,3.0141450503401943,5.054801902767041,1.0052136313683062,13.750933169486272,0.12067054082980143,-92.25070453078274,-1.1573229341274334,55.04009994115936,0.6295741068180681,44.21015972833277,0.2719344611720337,0.36200520336081676,0.00015748,0.4518325598397175,0.00081957,0,0.0
4340,0.0013554469931953972,0.2274038452078327,-1.54e-06,1.953679530487697,3.0141450503401943,77.62078323102446,1.0052136313683062,6.698536871433107,0.12067054082980143,-2.0081373272866205,-1.1573229341274334,27.2092619969617,0.6295741068180681,-48.14382875555725,0.2719344611720337,0.32975978573440956,0.00015748,1.0746561360822176,0.00081957,0,0.0
4341,0.000704207766871523,0.12188031850760721,-1.54e-06,1.953679530487697,3.0141450503401943,38.54217351909285,1.0052136313683062,5.416705992670959,0.12067054082980143,-3.6616043426936993,-1.1573229341274334,-17.26009224326671,0.6295741068180681,-16.829001160564314,0.2719344611720337,0.08938568516690981,0.00015748,0.2279784668229548,0.00081957,0,0.0
4342,0.0015753622516165855,0.037877868850635654,-1.54e-06,1.953679530487697,3.0141450503401943,78.63863652207962,1.0052136313683062,14.12436148895922,0.12067054082980143,-46.45043696032678,-1.1573229341274334,10.558138614685195,0.6295741068180681,-20.010774269072524,0.2719344611720337,0.42822475875590427,0.00015748,0.60306009725048,0.00081957,0,0.0
4343,0.5488544946910587,0.193395630930558,-1.54e-06,1.953679530487697,3.0141450503401943,-1.8041156339685527,1.0052136313683062,10.677834978062055,0.12067054082980143,-33.965832784574665,-1.1573229341274334,-42.38747819447476,0.6295741068180681,34.71608970413658,0.2719344611720337,-0.2991078810138982,0.00015748,0.3002868005779066,0.00081957,1,0.0
4344,0.00026506879507623426,0.09110129621604802,-1.54e-06,1.953679530487697,3.0141450503401943,-32.94727210706221,1.0052136313683062,2.2444818022198616,0.12067054082980143,-63.210788533794194,-1.1573229341274334,76.34506421243684,0.6295741068180681,40.55105808225897,0.2719344611720337,0.038526327096288344,0.00015748,0.15705070408924524,0.00081957,0,0.0
4345,-7.83577958077819e-05,0.1753217429005831,-1.54e-06,1.953679530487697,3.0141450503401943,78.86479517017867,1.0052136313683062,5.3191273750444505,0.12067054082980143,-4.630516583208173,-1.1573229341274334,22.367183544882487,0.6295741068180681,-43.11383489176425,0.2719344611720337,0.35340990770556635,0.00015748,0.9728523668206541,0.00081957,0,0.0
4346,1.0234608212526393,0.2691412463624999,-1.54e-06,1.953679530487697,3.0141450503401943,-40.26014523271893,1.0052136313683062,12.1756492498092,0.12067054082980143,-57.34399378405404,-1.1573229341274334,-37.247566019157794,0.6295741068180681,76.11949499839064,0.2719344611720337,-0.2955989251964664,0.00015748,0.29904405314479493,0.00081957,1,0.0
4347,0.0012982215300219035,0.07213840304137156,-1.54e-06,1.953679530487697,3.0141450503401943,99.58832556483976,1.0052136313683062,18.28170353152985,0.12067054082980143,-61.685201814506364,-1.1573229341274334,19.225084738897387,0.6295741068180681,-25.238675547830766,0.2719344611720337,0.6048805031015688,0.00015748,0.7619250885492731,0.00081957,0,0.0
4348,0.0022996071491345853,0.599525504497298,-1.54e-06,1.953679530487697,3.0141450503401943,58.79545271492901,1.0052136313683062,0.4101553010161325,0.12067054082980143,-6.39497814926195,-1.1573229341274334,73.58982823412398,0.6295741068180681,-39.33100817944149,0.2719344611720337,0.20271603709412922,0.00015748,1.4489258600827377,0.00081957,0,0.0
4349,0.09349030517542356,0.00702533245973048,-1.54e-06,1.953679530487697,3.0141450503401943,-46.406330456767925,1.0052136313683062,1.5820398361222212,0.12067054082980143,-59.2388487142661,-1.1573229341274334,64.687807597934,0.6295741068180681,49.11054617040169,0.2719344611720337,-0.03144430681164926,0.00015748,0.03136972886559276,0.00081957,1,0.0
4350,0.7006586582598839,0.1778477457053225,-1.54e-06,1.953679530487697,3.0141450503401943,-44.909123733554665,1.0052136313683062,11.850638647477739,0.12067054082980143,-81.19106993189932,-1.1573229341274334,8.385872018175549,0.6295741068180681,78.44005366315045,0.2719344611720337,-0.27766729139825713,0.00015748,0.27907696054026027,0.00081957,1,0.0
4351,-0.021749939246185734,1.7535548804006234,-1.54e-06,1.953679530487697,3.0141450503401943,43.00052914513087,1.0052136313683062,27.50264664483063,0.12067054082980143,-72.47655115365068,-1.1573229341274334,36.617525486995234,0.6295741068180681,-12.888677483781828,0.2719344611720337,-0.28773808966168657,0.00015748,1.165089209704142,0.00081957,1,0.0
4352,0.17024183053267167,0.031516334937434935,-1.54e-06,1.953679530487697,3.0141450503401943,-16.374943207601394,1.0052136313683062,4.960315034101819,0.12067054082980143,-40.6859540790778,-1.1573229341274334,15.510010745382344,0.6295741068180681,31.31220972679953,0.2719344611720337,-0.12274426888698413,0.00015748,0.12369653971288423,0.00081957,1,0.0
4353,0.28520399593929113,0.09280398892270943,-1.54e-06,1.953679530487697,3.0141450503401943,45.704135553214805,1.0052136313683062,15.015752203145048,0.12067054082980143,-66.7608064784114,-1.1573229341274334,24.129225525549867,0.6295741068180681,11.138890944244318,0.2719344611720337,0.45327637712568625,0.00015748,0.5470399420926839,0.00081957,0,0.0
4354,0.4999072015451268,0.09366054206437593,-1.54e-06,1.953679530487697,3.0141450503401943,-41.09568841547933,1.0052136313683062,8.224170039138492,0.12067054082980143,-71.81922329984272,-1.1573229341274334,21.787983156547245,0.6295741068180681,67.02182760322864,0.2719344611720337,-0.19988278931608833,0.00015748,0.19996728441772565,0.00081957,1,0.0
4355,0.035703788403816716,0.018287278334892087,-1.54e-06,1.953679530487697,3.0141450503401943,-53.95925458435863,1.0052136313683062,3.7065516441256654,0.12067054082980143,-85.4963131577652,-1.1573229341274334,88.02149733982263,0.6295741068180681,62.514529174921506,0.2719344611720337,-0.05435150439567613,0.00015748,0.05488149809130314,0.00081957,1,0.0
4356,1.1852869240292625,1.2532779676584693,-1.54e-06,1.953679530487697,3.0141450503401943,7.875782137679543,1.0052136313683062,0.9377496343968459,0.12067054082980143,-21.146796418559827,-1.1573229341274334,-4.970721759316335,0.6295741068180681,39.7635503316113,0.2719344611720337,0.1729305471878274,0.00015748,1.1259561038450303,0.00081957,0,0.0
4357,0.13337332629948823,0.03704651999785935,-1.54e-06,1.953679530487697,3.0141450503401943,-30.680287807593675,1.0052136313683062,6.0671995263469505,0.12067054082980143,-64.76415657981897,-1.1573229341274334,43.61742676962746,0.6295741068180681,46.53098871867266,0.2719344611720337,-0.13059969882608977,0.00015748,0.13130661518210504,0.00081957,1,0.0
4358,1.6492647266609257,1.0166297760819882,-1.54e-06,1.953679530487697,3.0141450503401943,87.63862194200595,1.0052136313683062,25.545296148960652,0.12067054082980143,-71.69477161406562,-1.1573229341274334,-97.64129822091392,0.6295741068180681,43.86661165573852,0.2719344611720337,0.31010222750510463,0.00015748,1.364190185912002,0.00081957,0,0.0
4359,0.03547307465270902,0.0010690581292343998,-1.54e-06,1.953679530487697,3.0141450503401943,-1.639988013080027,1.0052136313683062,0.8946577068761918,0.12067054082980143,-5.220921788076809,-1.1573229341274334,0.025567890403837633,0.6295741068180681,4.247161223877793,0.2719344611720337,-0.022959900588781574,0.00015748,0.022963452528045675,0.00081957,1,0.0
4360,0.03474790547514334,0.021096257990118515,-1.54e-06,1.953679530487697,3.0141450503401943,-42.093999425576676,1.0052136313683062,4.263152568236869,0.12067054082980143,-75.03686996513784,-1.1573229341274334,70.70113745988367,0.6295741068180681,52.93398220484672,0.2719344611720337,-0.07460925857178365,0.00015748,0.07537279453055802,0.00081957,1,0.0
4361,0.6993872974432098,0.6079344053479037,-1.54e-06,1.953679530487697,3.0141450503401943,78.20868079948268,1.0052136313683062,24.592388338588332,0.12067054082980143,-31.28749572364375,-1.1573229341274334,-94.24344488109229,0.6295741068180681,-5.129025765194404,0.2719344611720337,-0.04960032156353822,0.00015748,0.7714617759752375,0.00081957,1,0.0
4362,-7.703599630337621e-05,0.02811924303343452,-1.54e-06,1.953679530487697,3.0141450503401943,83.48747354773425,1.0052136313683062,18.37942093577496,0.12067054082980143,-75.58046985740705,-1.1573229341274334,24.400593373952827,0.6295741068180681,-8.983159695473278,0.2719344611720337,0.40110658966104085,0.00015748,0.7425168581158585,0.00081957,0,0.0
4363,-0.0034657997527083317,1.1382482916328107,-1.54e-06,1.953679530487697,3.0141450503401943,99.95009444652969,1.0052136313683062,27.299059994535593,0.12067054082980143,-26.17695936530639,-1.1573229341274334,-35.73550822471079,0.6295741068180681,-53.58322688443642,0.2719344611720337,-0.06393227905388932,0.00015748,1.0489335297248243,0.00081957,1,0.0
4364,1.3766938802842656,0.39611217667859144,-1.54e-06,1.953679530487697,3.0141450503401943,-64.67637730996489,1.0052136313683062,12.678818311957421,0.12067054082980143,-49.161742479597265,-1.1573229341274334,-49.70096259103647,0.6295741068180681,89.91613945044837,0.2719344611720337,-0.27200370296472026,0.00015748,0.2691143003102952,0.00081957,1,0.0
4365,0.6672786266869492,0.3114864503805674,-1.54e-06,1.953679530487697,3.0141450503401943,-3.138460300803655,1.0052136313683062,16.20394941802051,0.12067054082980143,-82.72931177081138,-1.1573229341274334,3.197401166500542,0.6295741068180681,56.267917705780306,0.2719344611720337,-0.009890524208512053,0.00015748,0.4831282933992133,0.00081957,1,0.0
4366,1.7867645361315712,2.062522177445208,-1.54e-06,1.953679530487697,3.0141450503401943,0.31987125243578396,1.0052136313683062,3.7511637219238296,0.12067054082980143,-50.657436581983525,-1.1573229341274334,0.9505993804826063,0.6295741068180681,73.88959070190228,0.2719344611720337,0.28467948405564936,0.00015748,1.5482576325299706,0.00081957,0,0.0
4367,0.5499202495627558,0.04074637362428039,-1.54e-06,1.953679530487697,3.0141450503401943,-68.22797501221312,1.0052136313683062,3.8550255008399534,0.12067054082980143,-70.05109881591437,-1.1573229341274334,47.859114804769646,0.6295741068180681,77.79032933272593,0.2719344611720337,-0.048081896913592284,0.00015748,0.04786862557679501,0.00081957,1,0.0
4368,0.299999980608354,0.3990417850009527,-1.54e-06,1.953679530487697,3.0141450503401943,23.264170070676006,1.0052136313683062,2.9727341264339358,0.12067054082980143,-46.84053665691737,-1.1573229341274334,60.40814753878792,0.6295741068180681,13.92681830274924,0.2719344611720337,0.24449528022367006,0.00015748,0.9222324952672595,0.00081957,0,0.0
4369,0.9581444412075153,0.5106354517173598,-1.54e-06,1.953679530487697,3.0141450503401943,-4.37726096179917,1.0052136313683062,17.710706651522752,0.12067054082980143,-63.76630854110889,-1.1573229341274334,-56.39016946672718,0.6295741068180681,61.470138100119755,0.2719344611720337,-0.3437772133818049,0.00015748,0.5153129768192122,0.00081957,1,0.0
4370,0.00020883945657496072,0.08207418695334805,-1.54e-06,1.953679530487697,3.0141450503401943,-33.32875440730671,1.0052136313683062,4.31430483147063,0.12067054082980143,-76.48257581016925,-1.1573229341274334,80.16270084222404,0.6295741068180681,47.11670344546984,0.2719344611720337,0.0716707509981922,0.00015748,0.11280721457007015,0.00081957,0,0.0
4371,-0.25006369399536443,3.7798852184794782,-1.54e-06,1.953679530487697,3.0141450503401943,10.72968463384859,1.0052136313683062,20.941030347464753,0.12067054082980143,-7.791965483713769,-1.1573229341274334,-2.741846463271598,0.6295741068180681,-35.86689360248321,0.2719344611720337,-1.0238745872260002,0.00015748,1.0317256711903686,0.00081957,1,0.0
4372,0.0008698918922589172,0.2626574007321433,-1.54e-06,1.953679530487697,3.0141450503401943,3.247967062380591,1.0052136313683062,-0.12032556507873521,0.12067054082980143,-20.558246418281016,-1.1573229341274334,49.16756919050797,0.6295741068180681,2.288373099162638,0.2719344611720337,0.044799772099102325,0.00015748,0.49597167135353815,0.00081957,0,0.0
4373,0.802276199320791,0.09809678157105738,-1.54e-06,1.953679530487697,3.0141450503401943,-60.086691188234305,1.0052136313683062,4.019809396603113,0.12067054082980143,-43.667596645344496,-1.1573229341274334,3.904597164610345,0.6295741068180681,70.23906655153785,0.2719344611720337,-0.05703110850277499,0.00015748,0.05617528213916568,0.00081957,1,0.0
4374,0.004908403531888428,0.35205738471844317,-1.54e-06,1.953679530487697,3.0141450503401943,38.30474881022158,1.0052136313683062,4.1731747707300135,0.12067054082980143,-23.532044212599065,-1.1573229341274334,60.582353924350535,0.6295741068180681,-19.4770707763217,0.2719344611720337,0.20072545229125904,0.00015748,0.9696981573724014,0.00081957,0,0.0
4375,0.4794863993013545,0.16737786509031588,-1.54e-06,1.953679530487697,3.0141450503401943,91.06462942009561,1.0052136313683062,18.609036216175866,0.12067054082980143,-30.183181397574042,-1.1573229341274334,-51.22117897317438,0.6295741068180681,-18.24418770951227,0.2719344611720337,0.38224790382826257,0.00015748,0.7299750206115986,0.00081957,0,0.0
4376,0.4525307883310692,0.2844292568097995,-1.54e-06,1.953679530487697,3.0141450503401943,24.559982374926648,1.0052136313683062,12.281516611506905,0.12067054082980143,-19.335129602884784,-1.1573229341274334,-67.44809018225322,0.6295741068180681,14.120482222916953,0.2719344611720337,-0.3590499449198156,0.00015748,0.3744834150435394,0.00081957,1,0.0
4377,0.291266397381851,0.07850747185116445,-1.54e-06,1.953679530487697,3.0141450503401943,97.24378304318046,1.0052136313683062,24.595408353718362,0.12067054082980143,-82.79340629952374,-1.1573229341274334,-8.981205461045507,0.6295741068180681,-3.2824989310196147,0.2719344611720337,0.3421646394835253,0.00015748,0.9231877953587231,0.00081957,0,0.0
4378,0.9413895187280495,2.090873810311177,-1.54e-06,1.953679530487697,3.0141450503401943,-74.43616765625976,1.0052136313683062,24.877902486333625,0.12067054082980143,-84.66163371846947,-1.1573229341274334,4.0035624178753055,0.6295741068180681,79.38928863708443,0.2719344611720337,-0.8604781068539694,0.00015748,0.8369622583522901,0.00081957,1,0.0
4379,-0.011089404831463368,1.0954861988451372,-1.54e-06,1.953679530487697,3.0141450503401943,-45.34962408834229,1.0052136313683062,16.626883064140973,0.12067054082980143,-90.81688636542466,-1.1573229341274334,79.63599553799669,0.6295741068180681,44.13607674469058,0.2719344611720337,-0.5830744098898968,0.00015748,0.651071236666763,0.00081957,1,0.0
4380,1.3490073865571337,0.30941479191812726,-1.54e-06,1.953679530487697,3.0141450503401943,-90.5193316008493,1.0052136313683062,4.033524142688788,0.12067054082980143,-42.301361690114604,-1.1573229341274334,-15.980648132084326,0.6295741068180681,99.02338118409746,0.2719344611720337,-0.05503236362063283,0.00015748,0.055599164041336226,0.00081957,1,0.0
4381,0.9121937538388393,0.28970212885910185,-1.54e-06,1.953679530487697,3.0141450503401943,46.33648799808873,1.0052136313683062,23.767257611813935,0.12067054082980143,-87.47301460583371,-1.1573229341274334,-18.945713838888686,0.6295741068180681,39.11669768585498,0.2719344611720337,0.36321593602945335,0.00015748,0.8072932438845262,0.00081957,0,0.0
4382,0.4141747387651818,0.09389460785359052,-1.54e-06,1.953679530487697,3.0141450503401943,-36.986955767585144,1.0052136313683062,9.375848642078399,0.12067054082980143,-73.2966993001861,-1.1573229341274334,25.53036772081742,0.6295741068180681,61.817007438233354,0.2719344611720337,-0.20774743240402807,0.00015748,0.21282548514069813,0.00081957,1,0.0
4383,0.27126664711003656,0.4148200920297007,-1.54e-06,1.953679530487697,3.0141450503401943,90.92348543494053,1.0052136313683062,13.154887208446244,0.12067054082980143,-95.06476177578737,-1.1573229341274334,47.49298165687569,0.6295741068180681,11.670835201953432,0.2719344611720337,0.31020329607030894,0.00015748,1.3599669518239141,0.00081957,0,0.0
4384,0.42575489339007844,0.07647016673015897,-1.54e-06,1.953679530487697,3.0141450503401943,-26.63165174667845,1.0052136313683062,7.666010272414244,0.12067054082980143,-52.25785663380208,-1.1573229341274334,5.576694406440811,0.6295741068180681,48.88592210939183,0.2719344611720337,-0.18199547384017584,0.00015748,0.18548634326456864,0.00081957,1,0.0
4385,0.5606971551890777,0.7119831756712691,-1.54e-06,1.953679530487697,3.0141450503401943,3.7353347616936547,1.0052136313683062,-2.6549770252677525,0.12067054082980143,-12.394964756115558,-1.1573229341274334,10.986192997834976,0.6295741068180681,22.042636030648385,0.2719344611720337,-0.0027058626452688417,0.00015748,0.7358877075095992,0.00081957,1,0.0
4386,0.872287226426269,0.19942232492911352,-1.54e-06,1.953679530487697,3.0141450503401943,-91.96863598706392,1.0052136313683062,-1.2426756463317772,0.12067054082980143,-44.015950695335576,-1.1573229341274334,34.89159012460328,0.6295741068180681,85.20176893759172,0.2719344611720337,-0.14175580802333387,0.00015748,0.14226780239702103,0.00081957,1,0.0
4387,0.025813253476153264,6.974118616654808,-1.54e-06,1.953679530487697,3.0141450503401943,-36.171218273108884,1.0052136313683062,36.07045526243622,0.12067054082980143,-73.35700673904176,-1.1573229341274334,-39.56704246551799,0.6295741068180681,28.367586853141596,0.2719344611720337,-1.9067892892654614,0.00015748,0.9570240366868552,0.00081957,1,0.0
4388,0.0009758877197693083,0.08975967885140254,-1.54e-06,1.953679530487697,3.0141450503401943,87.26254221799566,1.0052136313683062,10.895328584440394,0.12067054082980143,-28.094261931936558,-1.1573229341274334,10.826456407475428,0.6295741068180681,-33.34894773498743,0.2719344611720337,0.48323103456211036,0.00015748,0.7321375609402564,0.00081957,0,0.0
4389,0.0002715836915460901,0.03140113607782771,-1.54e-06,1.953679530487697,3.0141450503401943,9.005813967915177,1.0052136313683062,2.9614239103984885,0.12067054082980143,-10.618213770526175,-1.1573229341274334,-4.104480434294867,0.6295741068180681,1.2817432009166956,0.2719344611720337,-0.06478124954073508,0.00015748,0.10018376786352193,0.00081957,1,0.0
4390,-0.058343334646677514,3.2564219376599377,-1.54e-06,1.953679530487697,3.0141450503401943,1.3844814271046675,1.0052136313683062,20.107116414439353,0.12067054082980143,-2.44068886323522,-1.1573229341274334,-16.83790500603204,0.6295741068180681,-27.020591845020792,0.2719344611720337,-1.0217294536050745,0.00015748,0.9762027266320384,0.00081957,1,0.0
4391,0.6903926745506839,0.0799358090921049,-1.54e-06,1.953679530487697,3.0141450503401943,-34.090988912976904,1.0052136313683062,4.372687367666381,0.12067054082980143,-22.868698056286387,-1.1573229341274334,-22.154426916885722,0.6295741068180681,46.72033377490486,0.2719344611720337,-0.089172182559829,0.00015748,0.08913684304881936,0.00081957,1,0.0
4392,0.018682466257961994,0.050438904531238185,-1.54e-06,1.953679530487697,3.0141450503401943,13.84113841853834,1.0052136313683062,5.094804149586073,0.12067054082980143,-13.40949214830231,-1.1573229341274334,-14.070620385239641,0.6295741068180681,1.2487093439129642,0.2719344611720337,-0.15143382091875943,0.00015748,0.15243079540162333,0.00081957,1,0.0
4393,0.30839827654535534,0.25912448851118564,-1.54e-06,1.953679530487697,3.0141450503401943,27.750886214483902,1.0052136313683062,11.903024242616778,0.12067054082980143,-1e-20,-1.1573229341274334,-66.58109251924655,0.6295741068180681,-5.574830551091466,0.2719344611720337,-0.3058979966108617,0.00015748,0.31549605858879226,0.00081957,1,0.0
4394,1.0711158335713964,0.2277690925510346,-1.54e-06,1.953679530487697,3.0141450503401943,-52.88267335436861,1.0052136313683062,9.92431655821404,0.12067054082980143,-57.492580262801674,-1.1573229341274334,-26.952954055454455,0.6295741068180681,83.28271107577774,0.2719344611720337,-0.2326580494636711,0.00015748,0.23285942805594442,0.00081957,1,0.0
4395,0.10209165443553747,0.12922999122335574,-1.54e-06,1.953679530487697,3.0141450503401943,20.060023012053772,1.0052136313683062,8.116600854287709,0.12067054082980143,-21.587119232321722,-1.1573229341274334,-25.73140346345731,0.6295741068180681,5.470264839738589,0.2719344611720337,-0.23392674027055746,0.00015748,0.2507274274499369,0.00081957,1,0.0
4396,1.2377493496607628,0.4382707488416118,-1.54e-06,1.953679530487697,3.0141450503401943,-25.196621147592385,1.0052136313683062,14.78237632706845,0.12067054082980143,-26.77179893983063,-1.1573229341274334,-89.4190885850202,0.6295741068180681,59.85801840042844,0.2719344611720337,-0.3534079384479182,0.00015748,0.34976596257413217,0.00081957,1,0.0
4397,0.08261193053261817,0.09149089322084429,-1.54e-06,1.953679530487697,3.0141450503401943,10.417228173304249,1.0052136313683062,11.03491841702847,0.12067054082980143,-93.07096357594178,-1.1573229341274334,89.09146006727993,0.6295741068180681,31.305611084902267,0.2719344611720337,0.38105204774158097,0.00015748,0.5516225899029278,0.00081957,0,0.0
4398,0.5388528057018125,0.07611689771393412,-1.54e-06,1.953679530487697,3.0141450503401943,-43.505466492475335,1.0052136313683062,7.801022965792096,0.12067054082980143,-65.53665090628927,-1.1573229341274334,18.271037058368826,0.6295741068180681,65.42039585066156,0.2719344611720337,-0.16901577508390145,0.00015748,0.17113037155882474,0.00081957,1,0.0
4399,0.47806952851665424,0.40020222874590583,-1.54e-06,1.953679530487697,3.0141450503401943,87.78349034942363,1.0052136313683062,11.219167462699179,0.12067054082980143,-50.89534122413267,-1.1573229341274334,-1.7090809880896531,0.6295741068180681,-1.8495856430083482,0.2719344611720337,0.32090767697360556,0.00015748,1.1656290642913971,0.00081957,0,0.0
4400,0.00016721348583799422,0.03366657064024849,-1.54e-06,1.4708938459474281,5.135007074824801,-0.7706198162022241,1.0052136313683062,10.491384226565831,0.12067054082980143,-51.53454212359993,-1.1573229341274334,16.808096724625948,0.6295741068180681,17.86307933368529,0.2719344611720337,-0.023314819604950413,0.00015748,0.08221646901730746,0.00081957,1,0.0
4401,0.03189113835402624,0.020357750310430838,-1.54e-06,1.4708938459474281,5.135007074824801,-35.334936051531166,1.0052136313683062,20.192250725796466,0.12067054082980143,-93.32668420185821,-1.1573229341274334,-18.825765547168256,0.6295741068180681,51.18328809301076,0.2719344611720337,-0.09042963165618852,0.00015748,0.09050658704245486,0.00081957,1,0.0
4402,0.06574564734915805,0.023981450103514095,-1.54e-06,1.4708938459474281,5.135007074824801,-25.307305750949148,1.0052136313683062,23.138615449780954,0.12067054082980143,-66.47433742454743,-1.1573229341274334,-74.59499200276353,0.6295741068180681,39.109616850825944,0.2719344611720337,-0.09214525298244172,0.00015748,0.09261690992884578,0.00081957,1,0.0
4403,0.22589426425458076,0.008507331363813429,-1.54e-06,1.4708938459474281,5.135007074824801,-59.043764732766704,1.0052136313683062,16.49301271215708,0.12067054082980143,-64.06451632212327,-1.1573229341274334,-94.61679636397406,0.6295741068180681,69.0193366080075,0.2719344611720337,-0.06402560044770983,0.00015748,0.06425879504474402,0.00081957,1,0.0
4404,0.24849363785270154,0.13732578593357156,-1.54e-06,1.4708938459474281,5.135007074824801,11.633339180605123,1.0052136313683062,36.30557938363666,0.12067054082980143,-98.75066491245441,-1.1573229341274334,-40.04534539126567,0.6295741068180681,42.219574073850005,0.2719344611720337,0.01804159430677507,0.00015748,0.26172236127494586,0.00081957,0,0.0
4405,0.0005701849240901113,0.049262945177069695,-1.54e-06,1.4708938459474281,5.135007074824801,-22.328481812413248,1.0052136313683062,27.893152752430602,0.12067054082980143,-87.00618586884129,-1.1573229341274334,56.32465297071358,0.6295741068180681,26.903136383116955,0.2719344611720337,-0.10389890156247276,0.00015748,0.10803404672198817,0.00081957,1,0.0
4406,0.0002456497922470602,0.126711124023971,-1.54e-06,1.4708938459474281,5.135007074824801,49.92021201856882,1.0052136313683062,32.958497453096655,0.12067054082980143,-78.02806118141885,-1.1573229341274334,-37.393258082166525,0.6295741068180681,1.5661204552397863,0.2719344611720337,-0.024655442787618984,0.00015748,0.24498544482250623,0.00081957,1,0.0
4407,0.5459411709478682,0.1859403168352558,-1.54e-06,1.4708938459474281,5.135007074824801,-10.30343571383371,1.0052136313683062,20.54515620490432,0.12067054082980143,-55.919056344179104,-1.1573229341274334,-12.099180105679237,0.6295741068180681,58.32749678182058,0.2719344611720337,0.13779768285491492,0.00015748,0.23736349433455176,0.00081957,0,0.0
4408,0.28497658558101013,0.13990800582393031,-1.54e-06,1.4708938459474281,5.135007074824801,-10.064081146121504,1.0052136313683062,16.981175267954136,0.12067054082980143,-91.70148345545427,-1.1573229341274334,25.442347386727796,0.6295741068180681,57.37272734224964,0.2719344611720337,0.035813095154695024,0.00015748,0.23513440015500828,0.00081957,0,0.0
4409,0.3666065468572276,0.16160518266170576,-1.54e-06,1.4708938459474281,5.135007074824801,-63.71486840064364,1.0052136313683062,34.12812983430901,0.12067054082980143,-37.39176652877167,-1.1573229341274334,-19.684651754898752,0.6295741068180681,44.94784080689184,0.2719344611720337,-0.1893960154836011,0.00015748,0.19047509965285817,0.00081957,1,0.0
4410,0.10388712364210197,0.0018067345033099314,-1.54e-06,1.4708938459474281,5.135007074824801,-33.79677552916461,1.0052136313683062,0.7453035065505722,0.12067054082980143,-27.73957224364574,-1.1573229341274334,39.86660386316316,0.6295741068180681,29.930328653552007,0.2719344611720337,-0.013879977364165576,0.00015748,0.01395376517333829,0.00081957,1,0.0
4411,0.1935344443966554,0.08153222630131012,-1.54e-06,1.4708938459474281,5.135007074824801,-3.656315344156421,1.0052136313683062,22.30050450757197,0.12067054082980143,-61.23061350180133,-1.1573229341274334,-45.056400593449766,0.6295741068180681,35.266748634517356,0.2719344611720337,0.004839828688745898,0.00015748,0.15532427750045247,0.00081957,0,0.0
4412,0.551366919342601,0.30963743357287976,-1.54e-06,1.4708938459474281,5.135007074824801,44.38430401180231,1.0052136313683062,10.829254511714066,0.12067054082980143,-39.32838660709948,-1.1573229341274334,-12.423105806480418,0.6295741068180681,37.624799364896354,0.2719344611720337,0.12015184238704954,0.00015748,0.4473509839644969,0.00081957,0,0.0
4413,4.650723675120316e-05,0.12653231531558812,-1.54e-06,1.4708938459474281,5.135007074824801,82.00854693022355,1.0052136313683062,26.128287892375056,0.12067054082980143,-47.584165297496654,-1.1573229341274334,57.241759950498206,0.6295741068180681,-30.9043721248107,0.2719344611720337,0.0750854424184026,0.00015748,0.23528870703826466,0.00081957,0,0.0
4414,0.3340702307990745,0.01008865990765257,-1.54e-06,1.4708938459474281,5.135007074824801,-63.009083285468435,1.0052136313683062,5.550665728190062,0.12067054082980143,-11.23278534752266,-1.1573229341274334,-86.8155042097037,0.6295741068180681,57.82664640257128,0.2719344611720337,-0.02364789297033447,0.00015748,0.023605369529293527,0.00081957,1,0.0
4415,0.0002487577555331383,0.002911687351742307,-1.54e-06,1.4708938459474281,5.135007074824801,-6.11012539027682,1.0052136313683062,6.6231188629404505,0.12067054082980143,-24.30944329664705,-1.1573229341274334,-19.552824905061623,0.6295741068180681,12.075826118754092,0.2719344611720337,-0.0317979826575314,0.00015748,0.03224589641128061,0.00081957,1,0.0
4416,0.1676744851325681,0.11217170518353574,-1.54e-06,1.4708938459474281,5.135007074824801,28.719370014875015,1.0052136313683062,21.999975818848277,0.12067054082980143,-48.37776725276193,-1.1573229341274334,-64.58582569654074,0.6295741068180681,17.005569080085333,0.2719344611720337,0.019194121463359567,0.00015748,0.21465747486635167,0.00081957,0,0.0
4417,0.7741102674527742,0.27816141304799114,-1.54e-06,1.4708938459474281,5.135007074824801,65.86464707179148,1.0052136313683062,59.316923838167924,0.12067054082980143,-82.12113541498006,-1.1573229341274334,-36.65661832764015,0.6295741068180681,33.20827260890975,0.2719344611720337,0.2677428170108337,0.00015748,0.4766410465311658,0.00081957,0,0.0
4418,0.16507711068039319,0.144507405732628,-1.54e-06,1.4708938459474281,5.135007074824801,10.237152928974632,1.0052136313683062,2.8595323885012465,0.12067054082980143,-46.24860635291565,-1.1573229341274334,-12.463852333161247,0.6295741068180681,32.03823846744821,0.2719344611720337,-0.015346284922748338,0.00015748,0.2313161267670648,0.00081957,1,0.0
4419,0.31881615453134593,0.011688422810779017,-1.54e-06,1.4708938459474281,5.135007074824801,-64.16721143779583,1.0052136313683062,0.5750273375198381,0.12067054082980143,-10.87645688088063,-1.1573229341274334,-59.62181887133816,0.6295741068180681,58.03457527996318,0.2719344611720337,-0.02032746031082087,0.00015748,0.02047462536343383,0.00081957,1,0.0
4420,0.21917215501978027,0.0038334048147981173,-1.54e-06,1.4708938459474281,5.135007074824801,-63.43762958663964,1.0052136313683062,11.890542985999181,0.12067054082980143,-65.00513301266108,-1.1573229341274334,-32.357383283758836,0.6295741068180681,67.76849919883452,0.2719344611720337,-0.03753946319518623,0.00015748,0.03763052073154426,0.00081957,1,0.0
4421,0.0013921900946771149,0.10897270404067452,-1.54e-06,1.4708938459474281,5.135007074824801,78.02608272484859,1.0052136313683062,22.61026431806427,0.12067054082980143,-11.374257178667177,-1.1573229341274334,-66.44584812445879,0.6295741068180681,-33.07645531415759,0.2719344611720337,0.026176181167891138,0.00015748,0.20565733680773038,0.00081957,0,0.0
4422,0.13598444317448588,0.012773835917596876,-1.54e-06,1.4708938459474281,5.135007074824801,-39.346203593483764,1.0052136313683062,17.723138457097278,0.12067054082980143,-60.84362642496792,-1.1573229341274334,-95.2844242651791,0.6295741068180681,52.71392466538448,0.2719344611720337,-0.07747229709088668,0.00015748,0.07765800546182539,0.00081957,1,0.0
4423,4.974526449030847e-05,0.010492515720125108,-1.54e-06,1.4708938459474281,5.135007074824801,-3.6622211598601684,1.0052136313683062,-2.550689002098165,0.12067054082980143,-10.037384252825529,-1.1573229341274334,73.72004725964727,0.6295741068180681,1.0325914770842708,0.2719344611720337,-0.012906224737777663,0.00015748,0.031282135680821666,0.00081957,1,0.0
4424,0.21371245716198325,0.0044939295159954875,-1.54e-06,1.4708938459474281,5.135007074824801,-58.770132858002725,1.0052136313683062,12.072846499713364,0.12067054082980143,-59.24312002430636,-1.1573229341274334,-56.180054597038726,0.6295741068180681,64.93010187446485,0.2719344611720337,-0.043145107249163414,0.00015748,0.043270506622134816,0.00081957,1,0.0
4425,0.00013586091592843186,0.03480346513244954,-1.54e-06,1.4708938459474281,5.135007074824801,11.610623173547113,1.0052136313683062,17.353359462032337,0.12067054082980143,-30.224236388722918,-1.1573229341274334,-48.92674464720163,0.6295741068180681,3.399716477180836,0.2719344611720337,-0.043996495792003404,0.00015748,0.08708057806029074,0.00081957,1,0.0
4426,0.0003417571949531628,0.011347192626318243,-1.54e-06,1.4708938459474281,5.135007074824801,-8.365394500157194,1.0052136313683062,14.680353730313083,0.12067054082980143,-40.84369839795316,-1.1573229341274334,-21.088807719257783,0.6295741068180681,15.569587700911324,0.2719344611720337,-0.05689535382169573,0.00015748,0.057017932211992244,0.00081957,1,0.0
4427,0.3226134282295112,0.12175340392311107,-1.54e-06,1.4708938459474281,5.135007074824801,3.6004909751206955,1.0052136313683062,14.043006309098425,0.12067054082980143,-34.97932853418915,-1.1573229341274334,-17.793469099785742,0.6295741068180681,31.58949450073645,0.2719344611720337,0.08127312878598858,0.00015748,0.1718768298371271,0.00081957,0,0.0
4428,0.3891347627382361,0.016555273250384517,-1.54e-06,1.4708938459474281,5.135007074824801,-75.52320071021349,1.0052136313683062,5.151772017719961,0.12067054082980143,-13.906119303708355,-1.1573229341274334,-75.55176714016802,0.6295741068180681,66.94128947158777,0.2719344611720337,-0.036313573783933066,0.00015748,0.03625912585830803,0.00081957,1,0.0
4429,0.08828280262937266,0.0005218708771740011,-1.54e-06,1.4708938459474281,5.135007074824801,-16.389969747539798,1.0052136313683062,1.9315804168592592,0.12067054082980143,-4.290292893906519,-1.1573229341274334,-39.69162991737289,0.6295741068180681,17.27386742305574,0.2719344611720337,-0.0067090717396464565,0.00015748,0.006742885214781038,0.00081957,1,0.0
4430,0.25139015574833967,0.005469493261411244,-1.54e-06,1.4708938459474281,5.135007074824801,-78.86930446943656,1.0052136313683062,14.482269203524725,0.12067054082980143,-87.53554972866877,-1.1573229341274334,-19.00739406261651,0.6295741068180681,84.34496612725442,0.2719344611720337,-0.04616928184896867,0.00015748,0.04622272348196118,0.00081957,1,0.0
4431,0.28409062716308364,0.07941093489012534,-1.54e-06,1.4708938459474281,5.135007074824801,-32.76033552489052,1.0052136313683062,22.888696551699056,0.12067054082980143,-78.05238542924998,-1.1573229341274334,-75.65219451112439,0.6295741068180681,64.14798047512885,0.2719344611720337,-0.014655633086355771,0.00015748,0.15662734652612348,0.00081957,1,0.0
4432,0.10612391201917971,0.012771939590015114,-1.54e-06,1.4708938459474281,5.135007074824801,-51.0569558307929,1.0052136313683062,19.422580201423816,0.12067054082980143,-90.60258233259502,-1.1573229341274334,49.607061510416244,0.6295741068180681,54.298850091717014,0.2719344611720337,-0.06545678763040638,0.00015748,0.0658078451088294,0.00081957,1,0.0
4433,0.00039918393800519175,0.0008940073938303833,-1.54e-06,1.4708938459474281,5.135007074824801,-24.298042851116637,1.0052136313683062,5.624972728483072,0.12067054082980143,-54.69132300918842,-1.1573229341274334,77.60155247514174,0.6295741068180681,25.624872093368424,0.2719344611720337,-0.0170565600876427,0.00015748,0.017315817356574854,0.00081957,1,0.0
4434,0.23446394388560227,0.012784010990861183,-1.54e-06,1.4708938459474281,5.135007074824801,-69.98784354691703,1.0052136313683062,19.065628750706225,0.12067054082980143,-86.99306554983039,-1.1573229341274334,-87.24743881986547,0.6295741068180681,83.10066347021368,0.2719344611720337,-0.07946488346900557,0.00015748,0.07942600972873057,0.00081957,1,0.0
4435,0.18860318698977463,0.0023623050477213203,-1.54e-06,1.4708938459474281,5.135007074824801,-65.6367076556332,1.0052136313683062,8.245096171225118,0.12067054082980143,-72.25028737043681,-1.1573229341274334,33.72940586055251,0.6295741068180681,66.21284434269126,0.2719344611720337,-0.01945448716211552,0.00015748,0.01946852479166011,0.00081957,1,0.0
4436,0.039597481752466655,0.0034476680888607027,-1.54e-06,1.4708938459474281,5.135007074824801,-13.195423143329847,1.0052136313683062,-5.550779322967304,0.12067054082980143,-1.8806017726033613,-1.1573229341274334,26.74832446531914,0.6295741068180681,10.259222403290734,0.2719344611720337,-0.024309259184839567,0.00015748,0.02438142062223577,0.00081957,1,0.0
4437,0.06067574168415933,0.10087534546562975,-1.54e-06,1.4708938459474281,5.135007074824801,-28.728375135818954,1.0052136313683062,-8.597394434177462,0.12067054082980143,-66.6449046562129,-1.1573229341274334,75.28026547426023,0.6295741068180681,49.44082738200138,0.2719344611720337,-0.07254658047892515,0.00015748,0.15208020555751198,0.00081957,1,0.0
4438,0.01884719593640739,0.00020358429767874857,-1.54e-06,1.4708938459474281,5.135007074824801,-12.448087062372991,1.0052136313683062,2.6506114271018744,0.12067054082980143,-21.604364898358263,-1.1573229341274334,15.686471157536577,0.6295741068180681,13.736391034648872,0.2719344611720337,-0.009327631442176385,0.00015748,0.009317733219545814,0.00081957,1,0.0
4439,0.13578059815476676,0.001766697647314167,-1.54e-06,1.4708938459474281,5.135007074824801,-49.17825121026893,1.0052136313683062,3.6269970056814342,0.12067054082980143,-50.81937560993934,-1.1573229341274334,52.319093548431276,0.6295741068180681,46.62431935717912,0.2719344611720337,-0.008920578990784606,0.00015748,0.009012732560269451,0.00081957,1,0.0
4440,0.05847765989263769,0.008755488565985393,-1.54e-06,1.4708938459474281,5.135007074824801,-17.147626875989083,1.0052136313683062,8.532746477975275,0.12067054082980143,-22.87780485548072,-1.1573229341274334,30.823159651213157,0.6295741068180681,12.7916164295519,0.2719344611720337,-0.04570142457277307,0.00015748,0.04560637929003669,0.00081957,1,0.0
4441,0.007465396372250521,0.1566003394717363,-1.54e-06,1.4708938459474281,5.135007074824801,62.08616665284772,1.0052136313683062,38.317309212644695,0.12067054082980143,-85.8298758320106,-1.1573229341274334,-69.38675974921006,0.6295741068180681,0.9540995134947489,0.2719344611720337,-0.03324834323632561,0.00015748,0.29748548359369953,0.00081957,1,0.0
4442,0.09585855080895755,0.004016479567614511,-1.54e-06,1.4708938459474281,5.135007074824801,-29.0788955917802,1.0052136313683062,9.669217810173453,0.12067054082980143,-40.43921938561034,-1.1573229341274334,-51.23299940187862,0.6295741068180681,36.898609790681675,0.2719344611720337,-0.04426996671373176,0.00015748,0.044317895172666585,0.00081957,1,0.0
4443,0.23604884380804692,0.01541068106936947,-1.54e-06,1.4708938459474281,5.135007074824801,-52.41575463923258,1.0052136313683062,-4.491553039111146,0.12067054082980143,-6.395363270183857,-1.1573229341274334,26.412600940090122,0.6295741068180681,40.383878897189476,0.2719344611720337,-0.05060555824654667,0.00015748,0.05075948396678662,0.00081957,1,0.0
4444,0.06427825117287031,0.0015175595425619885,-1.54e-06,1.4708938459474281,5.135007074824801,-38.511251019546776,1.0052136313683062,7.146219990722391,0.12067054082980143,-63.07964063364622,-1.1573229341274334,45.1803399391198,0.6295741068180681,42.09675501932433,0.2719344611720337,-0.02538648003266608,0.00015748,0.025377314398064572,0.00081957,1,0.0
4445,0.24721856091251226,0.004169373033997385,-1.54e-06,1.4708938459474281,5.135007074824801,-55.11618627818515,1.0052136313683062,10.747972690958951,0.12067054082980143,-38.21056015295029,-1.1573229341274334,-93.01743516069335,0.6295741068180681,59.65435558791712,0.2719344611720337,-0.03571017793699428,0.00015748,0.03570559082934727,0.00081957,1,0.0
4446,0.16459026621463724,0.005415067044107149,-1.54e-06,1.4708938459474281,5.135007074824801,-52.02586151066987,1.0052136313683062,13.151044832768218,0.12067054082980143,-65.61024064274,-1.1573229341274334,-42.76582077644626,0.6295741068180681,60.07714671367903,0.2719344611720337,-0.051510750607398535,0.00015748,0.05147769052953683,0.00081957,1,0.0
4447,0.002373011399962266,0.07892179517934518,-1.54e-06,1.4708938459474281,5.135007074824801,4.132042255182692,1.0052136313683062,28.716662512295187,0.12067054082980143,-97.82215644183131,-1.1573229341274334,3.798991045018628,0.6295741068180681,28.020804445198785,0.2719344611720337,-0.05758682748096864,0.00015748,0.16588572091469847,0.00081957,1,0.0
4448,0.2865063522969848,0.1515412958106709,-1.54e-06,1.4708938459474281,5.135007074824801,38.45211502178025,1.0052136313683062,26.27246142164109,0.12067054082980143,-60.47660096949615,-1.1573229341274334,75.9901369303177,0.6295741068180681,10.53578026912404,0.2719344611720337,0.14375728063497478,0.00015748,0.2307453231829289,0.00081957,0,0.0
4449,0.0007970119496062966,0.13848731514909485,-1.54e-06,1.4708938459474281,5.135007074824801,82.7456489492929,1.0052136313683062,30.848773495291873,0.12067054082980143,-63.9795421628445,-1.1573229341274334,39.51853043377697,0.6295741068180681,-24.21217466628059,0.2719344611720337,0.05620994044255398,0.00015748,0.27082398180755063,0.00081957,0,0.0
4450,0.42772633260294135,0.16822000676237217,-1.54e-06,1.4708938459474281,5.135007074824801,3.2569858496112056,1.0052136313683062,40.775220983324274,0.12067054082980143,-99.7897395223917,-1.1573229341274334,-4.746643351449881,0.6295741068180681,51.61438603288018,0.2719344611720337,0.08939296889033015,0.00015748,0.27742419364226584,0.00081957,0,0.0
4451,0.05313607206994045,0.01387068940269275,-1.54e-06,1.4708938459474281,5.135007074824801,-26.587648876672404,1.0052136313683062,16.244769893423957,0.12067054082980143,-63.288693948978626,-1.1573229341274334,12.174253057123718,0.6295741068180681,33.34009635305768,0.2719344611720337,-0.05220772588188786,0.00015748,0.061074413263044684,0.00081957,1,0.0
4452,7.793335665537415e-05,0.06883815312892591,-1.54e-06,1.4708938459474281,5.135007074824801,47.394111817714,1.0052136313683062,15.181005273299606,0.12067054082980143,-8.446887981633402,-1.1573229341274334,-58.080549868278965,0.6295741068180681,-18.61592869202526,0.2719344611720337,0.0049082473350052225,0.00015748,0.13237638185324835,0.00081957,0,0.0
4453,0.10638020907058071,0.1698515628385923,-1.54e-06,1.4708938459474281,5.135007074824801,57.83888588058072,1.0052136313683062,40.895465988228814,0.12067054082980143,-95.15888525709185,-1.1573229341274334,-69.70900429324558,0.6295741068180681,12.664557475429177,0.2719344611720337,-0.0066309855436572085,0.00015748,0.3321297304326076,0.00081957,1,0.0
4454,0.0007631904238740439,0.032391580814995685,-1.54e-06,1.4708938459474281,5.135007074824801,-6.410820251438915,1.0052136313683062,21.410228248583756,0.12067054082980143,-60.482903915080875,-1.1573229341274334,-35.65766117372034,0.6295741068180681,21.620436441643257,0.2719344611720337,-0.07318031014095994,0.00015748,0.09486315803441997,0.00081957,1,0.0
4455,0.02220057153497832,0.0005056286601858985,-1.54e-06,1.4708938459474281,5.135007074824801,-13.764094819954774,1.0052136313683062,3.6646273226740393,0.12067054082980143,-25.020233817718573,-1.1573229341274334,8.951266755205493,0.6295741068180681,16.19016423378331,0.2719344611720337,-0.014915771592505261,0.00015748,0.014949147656421472,0.00081957,1,0.0
4456,-0.00011110256345783776,0.03526384666056507,-1.54e-06,1.4708938459474281,5.135007074824801,0.13145383707005748,1.0052136313683062,14.666207296025911,0.12067054082980143,-55.685434434238786,-1.1573229341274334,23.133039019100064,0.6295741068180681,15.790484004379127,0.2719344611720337,-0.02406501494200952,0.00015748,0.08339759835771907,0.00081957,1,0.0
4457,0.5667591934015178,0.224707620590128,-1.54e-06,1.4708938459474281,5.135007074824801,41.74008291952441,1.0052136313683062,40.65115282436402,0.12067054082980143,-94.29352567437249,-1.1573229341274334,97.5635868902321,0.6295741068180681,34.17975405349894,0.2719344611720337,0.24066138375015123,0.00015748,0.35894638165948234,0.00081957,0,0.0
4458,0.016163807902373914,0.00030423421470610285,-1.54e-06,1.4708938459474281,5.135007074824801,-23.607478862852517,1.0052136313683062,4.240838065216853,0.12067054082980143,-45.44597650484362,-1.1573229341274334,64.70614456946504,0.6295741068180681,24.001546390448528,0.2719344611720337,-0.011788000665054662,0.00015748,0.011795506465822744,0.00081957,1,0.0
4459,0.15022845813843755,0.01571128309354654,-1.54e-06,1.4708938459474281,5.135007074824801,-56.39658646271845,1.0052136313683062,21.694158803685127,0.12067054082980143,-93.89059387514284,-1.1573229341274334,-48.73264886345115,0.6295741068180681,69.6590264568188,0.2719344611720337,-0.0854505544839109,0.00015748,0.08552983277668649,0.00081957,1,0.0
4460,0.08106213822467107,0.07870923142331118,-1.54e-06,1.4708938459474281,5.135007074824801,5.8310727921647985,1.0052136313683062,31.108318988458464,0.12067054082980143,-59.104696526200556,-1.1573229341274334,-73.31452504592555,0.6295741068180681,18.537722219903838,0.2719344611720337,-0.06272519057089632,0.00015748,0.15183752701150388,0.00081957,1,0.0
4461,-0.00017709933389778443,0.08686276512962131,-1.54e-06,1.4708938459474281,5.135007074824801,42.03786255633033,1.0052136313683062,22.906971334903904,0.12067054082980143,-43.08485948430759,-1.1573229341274334,-41.68633910192741,0.6295741068180681,-5.937875442739518,0.2719344611720337,-0.012717930340397185,0.00015748,0.17126269666359184,0.00081957,1,0.0
4462,0.00017774293321498602,0.1424203767275361,-1.54e-06,1.4708938459474281,5.135007074824801,81.59333621859184,1.0052136313683062,31.92934316100928,0.12067054082980143,-67.94121288898782,-1.1573229341274334,20.737798881442462,0.6295741068180681,-20.610663184874763,0.2719344611720337,0.042130289075601596,0.00015748,0.28218084794283216,0.00081957,0,0.0
4463,0.00839784244054409,0.017033146641212416,-1.54e-06,1.4708938459474281,5.135007074824801,-23.969549007022206,1.0052136313683062,19.175954363408103,0.12067054082980143,-76.34493618945503,-1.1573229341274334,1.1280332267361022,0.6295741068180681,34.97695865475133,0.2719344611720337,-0.07479233445142086,0.00015748,0.0756770325533288,0.00081957,1,0.0
4464,0.0073861895386065635,0.10801623310894293,-1.54e-06,1.4708938459474281,5.135007074824801,8.907270722136117,1.0052136313683062,10.879339198024569,0.12067054082980143,-88.63540510527015,-1.1573229341274334,40.24973122779423,0.6295741068180681,31.972698749616637,0.2719344611720337,-0.04160231672480323,0.00015748,0.20243556695791148,0.00081957,1,0.0
4465,0.21307177026704738,0.0073328767823418115,-1.54e-06,1.4708938459474281,5.135007074824801,-70.32033608358702,1.0052136313683062,1.534573751265527,0.12067054082980143,-58.83987794544496,-1.1573229341274334,83.24246397250614,0.6295741068180681,62.63504488380502,0.2719344611720337,-0.027045263643775175,0.00015748,0.027031334635054503,0.00081957,1,0.0
4466,0.0004504856467247298,0.05773825060301388,-1.54e-06,1.4708938459474281,5.135007074824801,38.22255441115262,1.0052136313683062,9.095109198104456,0.12067054082980143,-5.481889158261304,-1.1573229341274334,25.817596691613993,0.6295741068180681,-20.792046420381862,0.2719344611720337,0.043623335211881664,0.00015748,0.08116179945410912,0.00081957,0,0.0
4467,0.21849652121649737,0.12306411203138622,-1.54e-06,1.4708938459474281,5.135007074824801,5.564390539319159,1.0052136313683062,20.951222551807533,0.12067054082980143,-90.82922969025272,-1.1573229341274334,58.81517511028835,0.6295741068180681,39.79793439497932,0.2719344611720337,0.05657067828142687,0.00015748,0.21704577036180978,0.00081957,0,0.0
4468,0.034117764915175944,0.0071305917018044986,-1.54e-06,1.4708938459474281,5.135007074824801,-11.699961496649573,1.0052136313683062,12.353997754357689,0.12067054082980143,-31.281647182772872,-1.1573229341274334,-31.46695971105155,0.6295741068180681,17.025978605696803,0.2719344611720337,-0.04651549913036125,0.00015748,0.0464928579568457,0.00081957,1,0.0
4469,0.0008069596226024656,0.024904743165500752,-1.54e-06,1.4708938459474281,5.135007074824801,8.369140417827085,1.0052136313683062,6.842743965059872,0.12067054082980143,-16.263438053262337,-1.1573229341274334,44.929527301014524,0.6295741068180681,-4.352144491880638,0.2719344611720337,-0.0005470806188378405,0.00015748,0.045948750859126156,0.00081957,1,0.0
4470,0.16441920558266826,0.01059784648674917,-1.54e-06,1.4708938459474281,5.135007074824801,-41.79283507611622,1.0052136313683062,13.325305874022817,0.12067054082980143,-41.51998881099922,-1.1573229341274334,-3.086764137600882,0.6295741068180681,39.175298550238296,0.2719344611720337,-0.05168292569904608,0.00015748,0.051947470879762085,0.00081957,1,0.0
4471,0.22471978238999774,0.0033444848847032915,-1.54e-06,1.4708938459474281,5.135007074824801,-76.81839879400292,1.0052136313683062,11.125287817809367,0.12067054082980143,-85.55048714769025,-1.1573229341274334,32.566519340596074,0.6295741068180681,77.8709005239641,0.2719344611720337,-0.028304619739781593,0.00015748,0.02828653383110561,0.00081957,1,0.0
4472,9.45268927318721e-06,0.04201016225627598,-1.54e-06,1.4708938459474281,5.135007074824801,1.9446467344041993,1.0052136313683062,16.28146748227426,0.12067054082980143,-58.81056642417484,-1.1573229341274334,66.76096005168884,0.6295741068180681,10.993275161025004,0.2719344611720337,-0.012529822190947705,0.00015748,0.08458194667941413,0.00081957,1,0.0
4473,0.28513116607507094,0.005426017039129161,-1.54e-06,1.4708938459474281,5.135007074824801,-90.97392767179119,1.0052136313683062,9.973627069678107,0.12067054082980143,-89.25303352210764,-1.1573229341274334,33.30203013587096,0.6295741068180681,90.21102946426622,0.2719344611720337,-0.020550334843737996,0.00015748,0.0206843438267301,0.00081957,1,0.0
4474,0.17362845079300593,0.004057276948383787,-1.54e-06,1.4708938459474281,5.135007074824801,-61.05491469117094,1.0052136313683062,2.292923548877505,0.12067054082980143,-57.498328974977724,-1.1573229341274334,69.44957852020003,0.6295741068180681,56.52792310765446,0.2719344611720337,-0.01323060543150748,0.00015748,0.013426639829684289,0.00081957,1,0.0
4475,0.32538598194681356,0.008236510829170214,-1.54e-06,1.4708938459474281,5.135007074824801,-88.35798440928532,1.0052136313683062,15.754152815173253,0.12067054082980143,-79.95084227784032,-1.1573229341274334,-24.84734203286214,0.6295741068180681,88.70788644402326,0.2719344611720337,-0.04358141902647869,0.00015748,0.04416923977902171,0.00081957,1,0.0
4476,0.0006487314906100938,0.02948521163267941,-1.54e-06,1.4708938459474281,5.135007074824801,-1.8433257781711108,1.0052136313683062,13.215072303783188,0.12067054082980143,-51.114344735143746,-1.1573229341274334,-0.8885388024391655,0.6295741068180681,17.763695060527336,0.2719344611720337,-0.03397546027090396,0.00015748,0.08008876561495426,0.00081957,1,0.0
4477,0.1324408369365167,0.0014611533053312605,-1.54e-06,1.4708938459474281,5.135007074824801,-52.91800132154029,1.0052136313683062,8.413698891543843,0.12067054082980143,-68.01928570363728,-1.1573229341274334,40.11890992352816,0.6295741068180681,54.45188351941942,0.2719344611720337,-0.022925997644867732,0.00015748,0.022947074700392096,0.00081957,1,0.0
4478,0.0015437865448446608,0.06186861899632743,-1.54e-06,1.4708938459474281,5.135007074824801,18.667562425789338,1.0052136313683062,25.80249871348063,0.12067054082980143,-16.83875935262683,-1.1573229341274334,-76.32306907823973,0.6295741068180681,-10.025977282967608,0.2719344611720337,-0.0891501501282627,0.00015748,0.1122869172175346,0.00081957,1,0.0
4479,0.20826533558599825,0.12373654806856406,-1.54e-06,1.4708938459474281,5.135007074824801,15.0202486954909,1.0052136313683062,13.479623834159723,0.12067054082980143,-63.20146532347983,-1.1573229341274334,71.0369230206083,0.6295741068180681,25.437376504940442,0.2719344611720337,0.07484975850271774,0.00015748,0.19906291360031275,0.00081957,0,0.0
4480,0.23403964798965404,0.01831431084142791,-1.54e-06,1.4708938459474281,5.135007074824801,-53.99184195851949,1.0052136313683062,2.0702487516388235,0.12067054082980143,-18.509370594352433,-1.1573229341274334,48.90296447339384,0.6295741068180681,39.785493315832646,0.2719344611720337,-0.06556097315638552,0.00015748,0.06545421714757192,0.00081957,1,0.0
4481,0.32166783647057645,0.006232661479547893,-1.54e-06,1.4708938459474281,5.135007074824801,-76.36613970405696,1.0052136313683062,11.435375202832647,0.12067054082980143,-53.40898709926501,-1.1573229341274334,-84.99379610304582,0.6295741068180681,79.5384490095211,0.2719344611720337,-0.032778957610312076,0.00015748,0.03282255437747994,0.00081957,1,0.0
4482,0.0017957953341613264,0.09220227111844499,-1.54e-06,1.4708938459474281,5.135007074824801,64.66192880080102,1.0052136313683062,17.037144148450746,0.12067054082980143,-9.521981048743633,-1.1573229341274334,23.7042523858243,0.6295741068180681,-34.184547144932196,0.2719344611720337,0.062405035022492505,0.00015748,0.14350357238897923,0.00081957,0,0.0
4483,0.08549828557183875,0.07619066454240259,-1.54e-06,1.4708938459474281,5.135007074824801,-30.614551947134967,1.0052136313683062,-17.27701993687109,0.12067054082980143,-9.071053676506887,-1.1573229341274334,-50.190413225898666,0.6295741068180681,41.022412057066305,0.2719344611720337,-0.11907733065313061,0.00015748,0.1204503065563971,0.00081957,1,0.0
4484,0.0013529933379162404,0.00012128562394927875,-1.54e-06,1.4708938459474281,5.135007074824801,-18.066521981246936,1.0052136313683062,1.51587292284721,0.12067054082980143,-35.16065011983545,-1.1573229341274334,72.81902453103773,0.6295741068180681,16.70692696739989,0.2719344611720337,-0.005910693084290566,0.00015748,0.0059489065677527445,0.00081957,1,0.0
4485,0.0018829346047565254,0.17457150898620066,-1.54e-06,1.4708938459474281,5.135007074824801,79.99838114804825,1.0052136313683062,40.49384094406319,0.12067054082980143,-80.07892556756848,-1.1573229341274334,-85.36459989833045,0.6295741068180681,-9.094103039777728,0.2719344611720337,-0.02459214821504485,0.00015748,0.33148062772762604,0.00081957,1,0.0
4486,0.3012758505995158,0.021864477436061486,-1.54e-06,1.4708938459474281,5.135007074824801,-72.59105004179796,1.0052136313683062,-4.25765241060274,0.12067054082980143,-22.088537641901777,-1.1573229341274334,42.17382932553349,0.6295741068180681,59.023966271708886,0.2719344611720337,-0.055226302104221775,0.00015748,0.05576086829758012,0.00081957,1,0.0
4487,0.0036342138874518592,0.01092274840834686,-1.54e-06,1.4708938459474281,5.135007074824801,-27.82493100999663,1.0052136313683062,15.764864843083517,0.12067054082980143,-79.35575872064639,-1.1573229341274334,35.666728689780975,0.6295741068180681,36.73144726616123,0.2719344611720337,-0.05999477172438085,0.00015748,0.0612966160069074,0.00081957,1,0.0
4488,0.612541897049553,0.2957630439372313,-1.54e-06,1.4708938459474281,5.135007074824801,72.8008755655119,1.0052136313683062,21.66053283586958,0.12067054082980143,-50.58901624939907,-1.1573229341274334,52.5259294139107,0.6295741068180681,22.44885198255908,0.2719344611720337,0.21702951764345685,0.00015748,0.4917673097834921,0.00081957,0,0.0
4489,0.13547712244003474,0.00480966475684722,-1.54e-06,1.4708938459474281,5.135007074824801,-36.70863878981015,1.0052136313683062,10.593470589376134,0.12067054082980143,-43.112211167555735,-1.1573229341274334,-70.13102520351744,0.6295741068180681,45.218534362196436,0.2719344611720337,-0.048451554654896374,0.00015748,0.04851798755119311,0.00081957,1,0.0
4490,4.2661966492829606e-05,0.12031730134717784,-1.54e-06,1.4708938459474281,5.135007074824801,71.8773496607434,1.0052136313683062,25.978235134284617,0.12067054082980143,-52.46662882610655,-1.1573229341274334,48.72982733668028,0.6295741068180681,-23.59985954758854,0.2719344611720337,0.05826736560862876,0.00015748,0.2238845901158245,0.00081957,0,0.0
4491,0.13546295909008366,0.06553906667571788,-1.54e-06,1.4708938459474281,5.135007074824801,-44.01415564131429,1.0052136313683062,-23.503926195320116,0.12067054082980143,-1.1229010449448926,-1.1573229341274334,69.36012193114631,0.6295741068180681,37.70661119238446,0.2719344611720337,-0.10111193502370511,0.00015748,0.10497354357513605,0.00081957,1,0.0
4492,0.0006384353955592448,0.0864432216711164,-1.54e-06,1.4708938459474281,5.135007074824801,61.94634275869946,1.0052136313683062,15.961775527715293,0.12067054082980143,-7.914110289097811,-1.1573229341274334,-0.7584562906332936,0.6295741068180681,-30.74462503257248,0.2719344611720337,0.049591907734434254,0.00015748,0.14311549910308238,0.00081957,0,0.0
4493,0.0015812234955131718,0.03527097273302488,-1.54e-06,1.4708938459474281,5.135007074824801,18.051580174823894,1.0052136313683062,4.9093731169536845,0.12067054082980143,-10.522809288155967,-1.1573229341274334,-28.38446734707383,0.6295741068180681,-1.7282530082603988,0.2719344611720337,-0.01010690794732503,0.00015748,0.07690014298223977,0.00081957,1,0.0
4494,0.1151505049321141,0.1334766664099874,-1.54e-06,1.4708938459474281,5.135007074824801,73.39803522197248,1.0052136313683062,25.96091968427787,0.12067054082980143,-33.16417844989444,-1.1573229341274334,-17.0575606154294,0.6295741068180681,-19.271936461483193,0.2719344611720337,0.07719549881360184,0.00015748,0.24903460426129304,0.00081957,0,0.0
4495,0.00041646080271501296,0.09948161971730986,-1.54e-06,1.4708938459474281,5.135007074824801,39.89321790406439,1.0052136313683062,23.730327192639937,0.12067054082980143,-62.07525826262686,-1.1573229341274334,-29.326818295097297,0.6295741068180681,3.112890196818027,0.2719344611720337,-0.0190301811974391,0.00015748,0.20118536422554847,0.00081957,1,0.0
4496,0.0003133741650824251,0.07169040218331801,-1.54e-06,1.4708938459474281,5.135007074824801,5.713901022391836,1.0052136313683062,26.692220444153378,0.12067054082980143,-87.68120184340488,-1.1573229341274334,-0.22007431714184977,0.6295741068180681,23.881072190680474,0.2719344611720337,-0.0530778289747743,0.00015748,0.15326600649975738,0.00081957,1,0.0
4497,0.21874452491591262,0.07865820191269103,-1.54e-06,1.4708938459474281,5.135007074824801,-5.976311562630024,1.0052136313683062,19.291732099876068,0.12067054082980143,-49.32292283841634,-1.1573229341274334,-16.03791174472634,0.6295741068180681,30.908860351814614,0.2719344611720337,0.03304659449053039,0.00015748,0.12705007492802928,0.00081957,0,0.0
4498,0.0005653523228598689,0.04101998685829848,-1.54e-06,1.4708938459474281,5.135007074824801,3.712846606698365,1.0052136313683062,15.557057576651085,0.12067054082980143,-56.21034213519114,-1.1573229341274334,13.274748372696587,0.6295741068180681,15.143492702959664,0.2719344611720337,-0.025206642583056237,0.00015748,0.0951739946492011,0.00081957,1,0.0
4499,0.0005929477318662446,0.07857939242685595,-1.54e-06,1.4708938459474281,5.135007074824801,-0.8680121526854851,1.0052136313683062,35.087176201577385,0.12067054082980143,-77.17095386695725,-1.1573229341274334,-76.83135563376263,0.6295741068180681,22.04729938341982,0.2719344611720337,-0.11872967270868377,0.00015748,0.14941168007903527,0.00081957,1,0.0
4500,0.4423546295799594,0.14592595878067874,-1.54e-06,1.7394849584049095,3.6335273926818386,99.94194558017391,1.0052136313683062,26.181273864624995,0.12067054082980143,-44.411852222276956,-1.1573229341274334,-38.90250740473401,0.6295741068180681,-18.44474183785062,0.2719344611720337,0.4033669819712896,0.00015748,0.6541581749870772,0.00081957,0,0.0
4501,0.7375039584091116,0.2966706852395232,-1.54e-06,1.7394849584049095,3.6335273926818386,31.98010078647279,1.0052136313683062,20.933157803917556,0.12067054082980143,-46.451050785444814,-1.1573229341274334,-73.89705151845705,0.6295741068180681,32.775662055721895,0.2719344611720337,0.16949137421609672,0.00015748,0.49894631255754085,0.00081957,0,0.0
4502,0.7731256003634639,0.2949894031541175,-1.54e-06,1.7394849584049095,3.6335273926818386,-24.835797845173694,1.0052136313683062,9.899086918213387,0.12067054082980143,-54.67355196118109,-1.1573229341274334,-10.61708199420033,0.6295741068180681,63.47673619358695,0.2719344611720337,0.15790343246477878,0.00015748,0.3144259613412159,0.00081957,0,0.0
4503,0.8433825535767062,0.24962190130093,-1.54e-06,1.7394849584049095,3.6335273926818386,92.4314563190978,1.0052136313683062,36.288150921802476,0.12067054082980143,-72.37062261126002,-1.1573229341274334,-87.7033366172023,0.6295741068180681,14.326872687135788,0.2719344611720337,0.3550533058670339,0.00015748,0.8395160024802911,0.00081957,0,0.0
4504,-0.0008324394377551975,0.059105997807492545,-1.54e-06,1.7394849584049095,3.6335273926818386,-18.46819892719416,1.0052136313683062,1.6600604640509855,0.12067054082980143,-46.385355813017455,-1.1573229341274334,76.56390240009968,0.6295741068180681,22.835139525733435,0.2719344611720337,0.02415624971219755,0.00015748,0.09613135868838707,0.00081957,0,0.0
4505,0.0024796219392818775,0.035089657785377495,-1.54e-06,1.7394849584049095,3.6335273926818386,-24.04634287914854,1.0052136313683062,0.18896954580186495,0.12067054082980143,-38.144376124149424,-1.1573229341274334,71.03171918720435,0.6295741068180681,22.28588025170991,0.2719344611720337,-0.02453102091071602,0.00015748,0.08438447687305721,0.00081957,1,0.0
4506,0.0024797729007727254,0.17411853618682444,-1.54e-06,1.7394849584049095,3.6335273926818386,62.612506597851805,1.0052136313683062,8.43197662262937,0.12067054082980143,-37.361259988403695,-1.1573229341274334,93.56526167355767,0.6295741068180681,-26.93754397393491,0.2719344611720337,0.2842924849670121,0.00015748,0.5377988263454601,0.00081957,0,0.0
4507,0.27319150405024695,0.058959789975973585,-1.54e-06,1.7394849584049095,3.6335273926818386,-16.798330348090005,1.0052136313683062,11.384316227104277,0.12067054082980143,-44.85139250568559,-1.1573229341274334,-33.73781812482521,0.6295741068180681,39.50513261054719,0.2719344611720337,-0.17140272109455357,0.00015748,0.17139390022922663,0.00081957,1,0.0
4508,0.3780830191609349,0.018317487215261323,-1.54e-06,1.7394849584049095,3.6335273926818386,-29.74405254925509,1.0052136313683062,4.888608025538981,0.12067054082980143,-21.1865591368098,-1.1573229341274334,-31.639941593559012,0.6295741068180681,39.180689491582264,0.2719344611720337,-0.0602919341092979,0.00015748,0.060353379599788516,0.00081957,1,0.0
4509,0.4503920541684014,0.05905476371679747,-1.54e-06,1.7394849584049095,3.6335273926818386,-16.67968512701894,1.0052136313683062,10.703155934663714,0.12067054082980143,-19.90099937390717,-1.1573229341274334,-79.73889122207706,0.6295741068180681,37.655708807000785,0.2719344611720337,-0.15688594326031458,0.00015748,0.15886838942790898,0.00081957,1,0.0
4510,0.9951850831639172,0.6089528658875135,-1.54e-06,1.7394849584049095,3.6335273926818386,68.88192262304129,1.0052136313683062,14.431221811437636,0.12067054082980143,-43.64224477938085,-1.1573229341274334,-26.010717265247393,0.6295741068180681,23.41376403292343,0.2719344611720337,0.3947175830861426,0.00015748,0.9662198895772772,0.00081957,0,0.0
4511,0.39731643548336903,0.36588699792309126,-1.54e-06,1.7394849584049095,3.6335273926818386,-78.65197853137501,1.0052136313683062,2.7214085363608094,0.12067054082980143,-26.79726800439269,-1.1573229341274334,73.27093567670661,0.6295741068180681,45.78595148691505,0.2719344611720337,-0.3583350960496857,0.00015748,0.3535183655369032,0.00081957,1,0.0
4512,0.4493945104713324,0.23228265028130315,-1.54e-06,1.7394849584049095,3.6335273926818386,36.25835048820425,1.0052136313683062,20.57776346083319,0.12067054082980143,-49.93549450031721,-1.1573229341274334,-51.132647985062924,0.6295741068180681,20.01483415618673,0.2719344611720337,0.0799664492156466,0.00015748,0.4389735088484376,0.00081957,0,0.0
4513,0.15410544769153825,0.006129224042535573,-1.54e-06,1.7394849584049095,3.6335273926818386,-24.483723658960827,1.0052136313683062,0.05508370161675758,0.12067054082980143,-21.03018422217604,-1.1573229341274334,15.266112324978735,0.6295741068180681,26.431361882086637,0.2719344611720337,-0.017283788974495604,0.00015748,0.017841790321180037,0.00081957,1,0.0
4514,0.39626595149463006,0.01710390103210076,-1.54e-06,1.7394849584049095,3.6335273926818386,-56.58127348713091,1.0052136313683062,5.768834938177233,0.12067054082980143,-58.908608484678766,-1.1573229341274334,24.39940212256386,0.6295741068180681,64.82860649682547,0.2719344611720337,-0.049946863444803376,0.00015748,0.05008230481594248,0.00081957,1,0.0
4515,0.3343950929116032,0.21545913935328476,-1.54e-06,1.7394849584049095,3.6335273926818386,31.28002733714987,1.0052136313683062,20.08427165595157,0.12067054082980143,-59.2259504731715,-1.1573229341274334,-31.683570294086607,0.6295741068180681,21.496504959382378,0.2719344611720337,0.03020715859770884,0.00015748,0.4124614621243902,0.00081957,0,0.0
4516,0.30010552206095265,0.14420244178753672,-1.54e-06,1.7394849584049095,3.6335273926818386,100.0,1.0052136313683062,20.46149445332379,0.12067054082980143,-22.682966177943676,-1.1573229341274334,-30.732989600260115,0.6295741068180681,-32.89523262173156,0.2719344611720337,0.40684670235650283,0.00015748,0.5495042239246886,0.00081957,0,0.0
4517,0.0963129086917964,0.07516729660595699,-1.54e-06,1.7394849584049095,3.6335273926818386,2.7356638718295243,1.0052136313683062,4.379233169861124,0.12067054082980143,-27.34286702807498,-1.1573229341274334,-14.490709662188769,0.6295741068180681,18.516001208814284,0.2719344611720337,-0.10962281025083791,0.00015748,0.16940808722698592,0.00081957,1,0.0
4518,0.8680641142120915,0.10670334741770351,-1.54e-06,1.7394849584049095,3.6335273926818386,-67.89492776670838,1.0052136313683062,13.458727513236102,0.12067054082980143,-56.88304344943914,-1.1573229341274334,-73.58278351382558,0.6295741068180681,92.98988694244234,0.2719344611720337,-0.1689390449738484,0.00015748,0.1691114124640947,0.00081957,1,0.0
4519,0.0028991340689191736,0.07191126302234048,-1.54e-06,1.7394849584049095,3.6335273926818386,-3.160771349714442,1.0052136313683062,10.54977421528593,0.12067054082980143,-58.25589184236565,-1.1573229341274334,28.60588932117809,0.6295741068180681,23.516522798901388,0.2719344611720337,-0.08718559776894605,0.00015748,0.16543346900330344,0.00081957,1,0.0
4520,0.41854412558037224,0.07920460450739965,-1.54e-06,1.7394849584049095,3.6335273926818386,-19.14566129795268,1.0052136313683062,12.716141604379544,0.12067054082980143,-38.23360479878025,-1.1573229341274334,-66.25809667098322,0.6295741068180681,45.274117913791,0.2719344611720337,-0.19451475822343825,0.00015748,0.19527125662600106,0.00081957,1,0.0
4521,0.8172977498501566,0.3817107742184347,-1.54e-06,1.7394849584049095,3.6335273926818386,-3.3196216575311315,1.0052136313683062,29.532874862640586,0.12067054082980143,-94.82990085394545,-1.1573229341274334,-80.02015926542622,0.6295741068180681,73.75438759814475,0.2719344611720337,-0.09473930850116696,0.00015748,0.5369083041823074,0.00081957,1,0.0
4522,0.4125531719837445,0.04188883163174639,-1.54e-06,1.7394849584049095,3.6335273926818386,-44.835538313444474,1.0052136313683062,11.019131205944378,0.12067054082980143,-63.60656286581731,-1.1573229341274334,-6.546004096666044,0.6295741068180681,63.521375647974416,0.2719344611720337,-0.13604636606158135,0.00015748,0.136380984194072,0.00081957,1,0.0
4523,0.007255475148598034,0.18870958209246824,-1.54e-06,1.7394849584049095,3.6335273926818386,67.36646181987646,1.0052136313683062,16.71704412052761,0.12067054082980143,-16.012685608929495,-1.1573229341274334,-54.166532596454715,0.6295741068180681,-25.281289308423666,0.2719344611720337,-0.0029596142919641744,0.00015748,0.3535703817855972,0.00081957,1,0.0
4524,-0.0008613151606241438,0.03137390228010153,-1.54e-06,1.7394849584049095,3.6335273926818386,-8.32708749869742,1.0052136313683062,-0.47121492412313587,0.12067054082980143,-9.11338821533539,-1.1573229341274334,31.9541726601819,0.6295741068180681,4.071569442800554,0.2719344611720337,-0.037466382693578444,0.00015748,0.08201593960256959,0.00081957,1,0.0
4525,0.000852701847873838,0.12210749037521149,-1.54e-06,1.7394849584049095,3.6335273926818386,14.017498063074516,1.0052136313683062,10.804420792341674,0.12067054082980143,-67.4204928061352,-1.1573229341274334,71.76844536408224,0.6295741068180681,14.431136830465189,0.2719344611720337,0.13815923221763105,0.00015748,0.22387918338590213,0.00081957,0,0.0
4526,0.0014984429571166524,0.05758482623716606,-1.54e-06,1.7394849584049095,3.6335273926818386,-24.745980384694306,1.0052136313683062,10.011671436733456,0.12067054082980143,-85.2622770884274,-1.1573229341274334,75.00906271802087,0.6295741068180681,42.553128777768,0.2719344611720337,-0.07177964172060117,0.00015748,0.1400655434705715,0.00081957,1,0.0
4527,0.0002670164182371759,0.026640674263317416,-1.54e-06,1.7394849584049095,3.6335273926818386,-6.637982210552422,1.0052136313683062,4.498583546999598,0.12067054082980143,-32.8026231350985,-1.1573229341274334,28.429017110231484,0.6295741068180681,14.517672973281796,0.2719344611720337,-0.019515278812360155,0.00015748,0.06675115703947362,0.00081957,1,0.0
4528,0.03381394613056815,0.09201082669385043,-1.54e-06,1.7394849584049095,3.6335273926818386,11.21150812623288,1.0052136313683062,11.917997610486474,0.12067054082980143,-36.92348364372811,-1.1573229341274334,-33.020419368069206,0.6295741068180681,14.154164280241877,0.2719344611720337,-0.19732443820083898,0.00015748,0.2028020128735267,0.00081957,1,0.0
4529,0.1135000600138012,0.14136665495389214,-1.54e-06,1.7394849584049095,3.6335273926818386,79.00930624333272,1.0052136313683062,12.952333092282613,0.12067054082980143,-32.79593796326661,-1.1573229341274334,38.435464161716034,0.6295741068180681,-27.875966724019467,0.2719344611720337,0.36883141371465755,0.00015748,0.4923512131760672,0.00081957,0,0.0
4530,0.04761458833336629,0.16262576764608225,-1.54e-06,1.7394849584049095,3.6335273926818386,70.94748076698195,1.0052136313683062,15.181797143312561,0.12067054082980143,-21.67560043225358,-1.1573229341274334,-22.439214306526317,0.6295741068180681,-25.641729495225327,0.2719344611720337,0.15492836911497015,0.00015748,0.371006640333919,0.00081957,0,0.0
4531,0.038916679965754875,0.1554521585944013,-1.54e-06,1.7394849584049095,3.6335273926818386,36.80009295707917,1.0052136313683062,14.472758625462856,0.12067054082980143,-11.946917964681507,-1.1573229341274334,-91.7127737548732,0.6295741068180681,-5.034551985879078,0.2719344611720337,-0.2556644362953636,0.00015748,0.263450873442462,0.00081957,1,0.0
4532,0.8256594686810184,0.2722894665990891,-1.54e-06,1.7394849584049095,3.6335273926818386,68.56320276579254,1.0052136313683062,29.649758827767183,0.12067054082980143,-59.76912222492836,-1.1573229341274334,-73.11256509394146,0.6295741068180681,19.724786202769373,0.2719344611720337,0.3499834467099414,0.00015748,0.6904144924675355,0.00081957,0,0.0
4533,0.42048136742518566,0.01994845826560096,-1.54e-06,1.7394849584049095,3.6335273926818386,-54.76400516249805,1.0052136313683062,6.475042095441424,0.12067054082980143,-56.02546258431653,-1.1573229341274334,13.924087745997783,0.6295741068180681,64.05942763360417,0.2719344611720337,-0.06067249756181675,0.00015748,0.0607574518444744,0.00081957,1,0.0
4534,0.2718657979444264,0.1850181808930242,-1.54e-06,1.7394849584049095,3.6335273926818386,6.403407456255455,1.0052136313683062,18.806405992008113,0.12067054082980143,-99.69746247428078,-1.1573229341274334,45.58582178797928,0.6295741068180681,44.14265769403592,0.2719344611720337,0.07626181664423401,0.00015748,0.382298474643321,0.00081957,0,0.0
4535,0.13771909433922425,0.07158699163009247,-1.54e-06,1.7394849584049095,3.6335273926818386,76.53995334218244,1.0052136313683062,22.160703251486467,0.12067054082980143,-89.67849842997272,-1.1573229341274334,80.92651065903121,0.6295741068180681,-5.906618521494102,0.2719344611720337,0.44724423094241167,0.00015748,0.5652308955021821,0.00081957,0,0.0
4536,0.030018797918285156,0.15212514199599136,-1.54e-06,1.7394849584049095,3.6335273926818386,27.36219225330721,1.0052136313683062,4.2946564470412305,0.12067054082980143,-32.54207109108641,-1.1573229341274334,33.016688741197136,0.6295741068180681,1.1727113211222466,0.2719344611720337,0.07947141176034365,0.00015748,0.279387058292485,0.00081957,0,0.0
4537,0.19714879293116538,0.08449601156013745,-1.54e-06,1.7394849584049095,3.6335273926818386,66.46050227145507,1.0052136313683062,22.388555121844163,0.12067054082980143,-94.97163805107405,-1.1573229341274334,86.12644132809989,0.6295741068180681,2.473137040082665,0.2719344611720337,0.4596042694012668,0.00015748,0.5455541698362101,0.00081957,0,0.0
4538,0.0009223539851687113,0.13326477373138987,-1.54e-06,1.7394849584049095,3.6335273926818386,89.68138743220912,1.0052136313683062,12.430285896976418,0.12067054082980143,-18.56499982193684,-1.1573229341274334,34.68565293530188,0.6295741068180681,-44.36168634482626,0.2719344611720337,0.36693674384427055,0.00015748,0.4625749563247603,0.00081957,0,0.0
4539,0.5496686294783022,0.22504897028067222,-1.54e-06,1.7394849584049095,3.6335273926818386,-24.476629214790773,1.0052136313683062,21.447851950780457,0.12067054082980143,-72.15467307620928,-1.1573229341274334,-87.9253206881965,0.6295741068180681,68.83379444898343,0.2719344611720337,-0.33136331034668826,0.00015748,0.3349606473159085,0.00081957,1,0.0
4540,0.040213261129259714,0.2671713076430701,-1.54e-06,1.7394849584049095,3.6335273926818386,-44.10786352658163,1.0052136313683062,17.057605555319984,0.12067054082980143,-87.96520325391745,-1.1573229341274334,90.83527823874252,0.6295741068180681,41.915921841331006,0.2719344611720337,-0.2947282782218472,0.00015748,0.29982059583098697,0.00081957,1,0.0
4541,0.45545058013215783,0.03417362728115651,-1.54e-06,1.7394849584049095,3.6335273926818386,-41.62974322610744,1.0052136313683062,8.72571791083619,0.12067054082980143,-45.35781974083545,-1.1573229341274334,-24.914012758817663,0.6295741068180681,57.30161559609084,0.2719344611720337,-0.10769310261527064,0.00015748,0.10823911191949863,0.00081957,1,0.0
4542,0.00043453449937791433,0.1429045642371294,-1.54e-06,1.7394849584049095,3.6335273926818386,59.123914789261434,1.0052136313683062,13.93840236988209,0.12067054082980143,-44.69675608221607,-1.1573229341274334,33.14385687371477,0.6295741068180681,-15.664050501831747,0.2719344611720337,0.23170586326206533,0.00015748,0.3514275196918095,0.00081957,0,0.0
4543,0.7422376571439318,0.16032059206343305,-1.54e-06,1.7394849584049095,3.6335273926818386,-48.045391965024564,1.0052136313683062,11.130374971984779,0.12067054082980143,-2.7591516023357827,-1.1573229341274334,-85.56095634018776,0.6295741068180681,48.55269928574465,0.2719344611720337,-0.17687239361010132,0.00015748,0.1759887062918869,0.00081957,1,0.0
4544,0.27711030171541695,1.0656944847284981,-1.54e-06,1.7394849584049095,3.6335273926818386,-31.54801660309752,1.0052136313683062,19.33916191460157,0.12067054082980143,-1e-20,-1.1573229341274334,-22.320717555751404,0.6295741068180681,2.721037664563248,0.2719344611720337,-0.5696203203422423,0.00015748,0.4941430015440195,0.00081957,1,0.0
4545,0.7775997385516344,0.07089492691830501,-1.54e-06,1.7394849584049095,3.6335273926818386,-72.41492257464874,1.0052136313683062,6.3114854739630735,0.12067054082980143,-43.93833341399221,-1.1573229341274334,-39.378503933444925,0.6295741068180681,84.91745594840751,0.2719344611720337,-0.061637482652969505,0.00015748,0.06227295536349295,0.00081957,1,0.0
4546,0.4203081500865171,0.08956488772677479,-1.54e-06,1.7394849584049095,3.6335273926818386,-61.79998602242059,1.0052136313683062,-6.12556605424494,0.12067054082980143,-11.869945724815269,-1.1573229341274334,29.970041400514045,0.6295741068180681,48.41098791198349,0.2719344611720337,-0.13484738544230862,0.00015748,0.1340206868535052,0.00081957,1,0.0
4547,0.611818248234606,0.26783966356783206,-1.54e-06,1.7394849584049095,3.6335273926818386,10.267428468549658,1.0052136313683062,14.050241701998772,0.12067054082980143,-61.2692436417221,-1.1573229341274334,-5.231901469939543,0.6295741068180681,42.701825658248474,0.2719344611720337,0.19645717729046683,0.00015748,0.42496645653556875,0.00081957,0,0.0
4548,0.3071620830953545,0.20638398846137757,-1.54e-06,1.7394849584049095,3.6335273926818386,1.7912772241439385,1.0052136313683062,19.42221805754187,0.12067054082980143,-70.20817248314383,-1.1573229341274334,-41.45903162753925,0.6295741068180681,42.57908634051923,0.2719344611720337,-0.19020852817130587,0.00015748,0.341641622985677,0.00081957,1,0.0
4549,0.6338268164447056,0.14578880883587642,-1.54e-06,1.7394849584049095,3.6335273926818386,-96.05199574844735,1.0052136313683062,-4.312923754462048,0.12067054082980143,-36.354565479193276,-1.1573229341274334,52.229502316155504,0.6295741068180681,79.6429841248972,0.2719344611720337,-0.16609797290139744,0.00015748,0.16701325978657755,0.00081957,1,0.0
4550,0.20673601960187285,0.010084050260185882,-1.54e-06,1.7394849584049095,3.6335273926818386,-40.502897810562516,1.0052136313683062,6.23630595280772,0.12067054082980143,-60.579983914600206,-1.1573229341274334,37.56198991901576,0.6295741068180681,50.22971360991327,0.2719344611720337,-0.06629051248291798,0.00015748,0.06652497927641013,0.00081957,1,0.0
4551,0.3447753020313792,0.07940293028520673,-1.54e-06,1.7394849584049095,3.6335273926818386,-32.10135354720315,1.0052136313683062,14.222681579643613,0.12067054082980143,-69.37791128765375,-1.1573229341274334,-17.78427316831775,0.6295741068180681,58.48408436271283,0.2719344611720337,-0.19853834747826357,0.00015748,0.19881040327175,0.00081957,1,0.0
4552,0.4692302147828079,0.14078900886919274,-1.54e-06,1.7394849584049095,3.6335273926818386,81.99721354988571,1.0052136313683062,27.734687912966425,0.12067054082980143,-74.31406675735559,-1.1573229341274334,-3.70831641756545,0.6295741068180681,1.7031716758293223,0.2719344611720337,0.4009663422861254,0.00015748,0.6622250652109256,0.00081957,0,0.0
4553,0.10510863028069639,0.05685047407957783,-1.54e-06,1.7394849584049095,3.6335273926818386,94.731184800955,1.0052136313683062,25.269974916694537,0.12067054082980143,-91.92398026030756,-1.1573229341274334,62.04307044593078,0.6295741068180681,-12.8175374418805,0.2719344611720337,0.40325891570634087,0.00015748,0.6576702954618936,0.00081957,0,0.0
4554,0.40734922539677454,0.018730278478581434,-1.54e-06,1.7394849584049095,3.6335273926818386,-57.95035362033878,1.0052136313683062,3.8438709985055888,0.12067054082980143,-52.54684135541388,-1.1573229341274334,24.662945634055745,0.6295741068180681,63.60593664009498,0.2719344611720337,-0.022987130736848254,0.00015748,0.023205245662924878,0.00081957,1,0.0
4555,0.9640981234765361,0.3130017494688992,-1.54e-06,1.7394849584049095,3.6335273926818386,55.03326777406537,1.0052136313683062,31.39475151926966,0.12067054082980143,-72.4737831100522,-1.1573229341274334,-72.65358939173053,0.6295741068180681,36.30435499003029,0.2719344611720337,0.354127701314639,0.00015748,0.7073742580085692,0.00081957,0,0.0
4556,0.07504719184600961,0.11895906459246094,-1.54e-06,1.7394849584049095,3.6335273926818386,80.62977262721265,1.0052136313683062,15.949651238450391,0.12067054082980143,-45.467983252647244,-1.1573229341274334,46.20659541003172,0.6295741068180681,-26.11624779671522,0.2719344611720337,0.4026869456665573,0.00015748,0.46348617595869107,0.00081957,0,0.0
4557,0.2500278474204909,0.017096670377591165,-1.54e-06,1.7394849584049095,3.6335273926818386,-25.402342831975396,1.0052136313683062,6.866177857962917,0.12067054082980143,-37.42559643750118,-1.1573229341274334,-8.042909835901366,0.6295741068180681,37.56566952777342,0.2719344611720337,-0.08830507796844755,0.00015748,0.08831377064921181,0.00081957,1,0.0
4558,0.012127232264462467,0.14830140732199,-1.54e-06,1.7394849584049095,3.6335273926818386,48.67284166643093,1.0052136313683062,6.51086935501626,0.12067054082980143,-18.449988778704327,-1.1573229341274334,13.913912693788031,0.6295741068180681,-16.67787157743163,0.2719344611720337,0.14589525362848021,0.00015748,0.2981809890289133,0.00081957,0,0.0
4559,0.6351386283624868,0.051068812749079665,-1.54e-06,1.7394849584049095,3.6335273926818386,-45.56896534607264,1.0052136313683062,8.0017362417767,0.12067054082980143,-26.89160820545471,-1.1573229341274334,-63.140275155252134,0.6295741068180681,60.206305009406684,0.2719344611720337,-0.09659446509305772,0.00015748,0.09652167804570097,0.00081957,1,0.0
4560,0.30871817155666775,0.12250944744062402,-1.54e-06,1.7394849584049095,3.6335273926818386,-7.841705407211651,1.0052136313683062,12.14109213029591,0.12067054082980143,-45.25147052740028,-1.1573229341274334,-57.86686348158016,0.6295741068180681,41.08240519788955,0.2719344611720337,-0.22541313852207565,0.00015748,0.24484167585033204,0.00081957,1,0.0
4561,0.07641958959576844,0.13816398300694024,-1.54e-06,1.7394849584049095,3.6335273926818386,26.74724036571459,1.0052136313683062,14.237632946742675,0.12067054082980143,-19.746076464319955,-1.1573229341274334,-80.81778570705185,0.6295741068180681,3.8135130362673775,0.2719344611720337,-0.2498203966034592,0.00015748,0.2503930426228599,0.00081957,1,0.0
4562,0.32796628069781,0.19116939466599994,-1.54e-06,1.7394849584049095,3.6335273926818386,-15.610586703809224,1.0052136313683062,19.382712065599314,0.12067054082980143,-79.86956775802018,-1.1573229341274334,-40.075967039783535,0.6295741068180681,56.66039437683311,0.2719344611720337,-0.2739764172809699,0.00015748,0.3120080812062226,0.00081957,1,0.0
4563,0.8505368149035607,0.2681590261947131,-1.54e-06,1.7394849584049095,3.6335273926818386,47.93783220247382,1.0052136313683062,28.41013474308277,0.12067054082980143,-82.17597589282775,-1.1573229341274334,-33.156100667303996,0.6295741068180681,38.1413012445422,0.2719344611720337,0.3745194129746098,0.00015748,0.6649614352593379,0.00081957,0,0.0
4564,0.5616094678941297,0.03770297660727972,-1.54e-06,1.7394849584049095,3.6335273926818386,-38.28822869393602,1.0052136313683062,4.786871453440946,0.12067054082980143,-10.751651017066564,-1.1573229341274334,-60.135223831772564,0.6295741068180681,46.99945906462589,0.2719344611720337,-0.05125685981396705,0.00015748,0.05179227462791158,0.00081957,1,0.0
4565,0.00015805812515851114,0.13536490529560508,-1.54e-06,1.7394849584049095,3.6335273926818386,51.1779571190028,1.0052136313683062,8.102999032820852,0.12067054082980143,-10.717071594931696,-1.1573229341274334,6.432817374068782,0.6295741068180681,-23.913687459947987,0.2719344611720337,0.19704324897199768,0.00015748,0.2296193237648295,0.00081957,0,0.0
4566,0.0019700447178736535,0.3187551624006497,-1.54e-06,1.7394849584049095,3.6335273926818386,-24.684549517818354,1.0052136313683062,20.840830908648744,0.12067054082980143,-98.34696038731133,-1.1573229341274334,94.02063417791965,0.6295741068180681,34.943956810441065,0.2719344611720337,-0.22344706836957962,0.00015748,0.35834814656514746,0.00081957,1,0.0
4567,0.22947520301946478,0.08204477897208233,-1.54e-06,1.7394849584049095,3.6335273926818386,85.26317685557751,1.0052136313683062,25.80087182051288,0.12067054082980143,-88.39310363002761,-1.1573229341274334,47.24922360003709,0.6295741068180681,-5.188465192919787,0.2719344611720337,0.41086340947984284,0.00015748,0.6370714206561096,0.00081957,0,0.0
4568,0.00010993034859907436,0.09349253386602113,-1.54e-06,1.7394849584049095,3.6335273926818386,-18.0805791981744,1.0052136313683062,10.84892026144355,0.12067054082980143,-96.3818949857778,-1.1573229341274334,94.41805849100383,0.6295741068180681,42.84591652669796,0.2719344611720337,0.0037725340701771776,0.00015748,0.18353512540816008,0.00081957,0,0.0
4569,0.5967754584985464,0.039582242949117934,-1.54e-06,1.7394849584049095,3.6335273926818386,-61.40546475122788,1.0052136313683062,6.942904877685638,0.12067054082980143,-47.84281179240475,-1.1573229341274334,-17.142970887752398,0.6295741068180681,72.24383458301666,0.2719344611720337,-0.065360071628453,0.00015748,0.06549533526235196,0.00081957,1,0.0
4570,0.3829905266346791,0.03575139717591451,-1.54e-06,1.7394849584049095,3.6335273926818386,-35.28039970305036,1.0052136313683062,9.38687069434115,0.12067054082980143,-48.38778557054872,-1.1573229341274334,-20.250571830668413,0.6295741068180681,52.78368103609657,0.2719344611720337,-0.12332750161073089,0.00015748,0.12428661993864307,0.00081957,1,0.0
4571,0.4199787164108879,0.020751943607529116,-1.54e-06,1.7394849584049095,3.6335273926818386,-40.363753775520294,1.0052136313683062,5.2586329642318494,0.12067054082980143,-32.44186783581795,-1.1573229341274334,-18.49106211531236,0.6295741068180681,49.6338323438248,0.2719344611720337,-0.05620049978272247,0.00015748,0.05646837308764298,0.00081957,1,0.0
4572,0.6167816338949595,0.17889469769121427,-1.54e-06,1.7394849584049095,3.6335273926818386,73.0111750579434,1.0052136313683062,29.54336334266159,0.12067054082980143,-80.77687800794268,-1.1573229341274334,-17.26468468589344,0.6295741068180681,15.05123557840565,0.2719344611720337,0.38891898043953127,0.00015748,0.6907640815115705,0.00081957,0,0.0
4573,0.0989570494098434,0.14584469279811943,-1.54e-06,1.7394849584049095,3.6335273926818386,18.2697614992905,1.0052136313683062,14.734364338444239,0.12067054082980143,-39.94169831693038,-1.1573229341274334,-49.33991288920768,0.6295741068180681,15.315117189134055,0.2719344611720337,-0.20255404108023334,0.00015748,0.2664778939099747,0.00081957,1,0.0
4574,0.0010479862013489938,0.12065382763826353,-1.54e-06,1.7394849584049095,3.6335273926818386,10.310468844598894,1.0052136313683062,11.709828783128714,0.12067054082980143,-73.87940927771933,-1.1573229341274334,69.46681868462704,0.6295741068180681,19.729664801538505,0.2719344611720337,0.0914514105083726,0.00015748,0.23367155125704234,0.00081957,0,0.0
4575,0.6799549732689616,0.2529765165083906,-1.54e-06,1.7394849584049095,3.6335273926818386,1.0430067312176834,1.0052136313683062,13.639933734343243,0.12067054082980143,-32.78662685405755,-1.1573229341274334,-91.36791560929228,0.6295741068180681,45.821345357850326,0.2719344611720337,-0.04437934523025902,0.00015748,0.3553904772436767,0.00081957,1,0.0
4576,0.00740736694596511,0.10513909757207485,-1.54e-06,1.7394849584049095,3.6335273926818386,13.43511389482953,1.0052136313683062,12.80859930697024,0.12067054082980143,-40.993202438692684,-1.1573229341274334,-26.45907621435586,0.6295741068180681,12.887751440760576,0.2719344611720337,-0.19227617677826764,0.00015748,0.21410998991610353,0.00081957,1,0.0
4577,0.22527430215328234,0.01152541221740206,-1.54e-06,1.7394849584049095,3.6335273926818386,-30.765665252629464,1.0052136313683062,-0.5927719133993697,0.12067054082980143,-14.411388578834005,-1.1573229341274334,10.79423988209959,0.6295741068180681,28.3440190004988,0.2719344611720337,-0.03229074005968793,0.00015748,0.03232824773523258,0.00081957,1,0.0
4578,0.15015856401003894,0.006729949454326516,-1.54e-06,1.7394849584049095,3.6335273926818386,-55.36473607564801,1.0052136313683062,1.5890747885844303,0.12067054082980143,-67.371767298551,-1.1573229341274334,86.08582393364398,0.6295741068180681,55.31576410573729,0.2719344611720337,-0.02844241948708559,0.00015748,0.02847643586706959,0.00081957,1,0.0
4579,0.10473533923910605,0.11713811283720592,-1.54e-06,1.7394849584049095,3.6335273926818386,83.17506943690525,1.0052136313683062,16.807284577199514,0.12067054082980143,-44.63335461248761,-1.1573229341274334,41.09671422798492,0.6295741068180681,-26.779929825430838,0.2719344611720337,0.4210772741421825,0.00015748,0.4744437266614507,0.00081957,0,0.0
4580,0.3843037324053731,0.16430736498095894,-1.54e-06,1.7394849584049095,3.6335273926818386,99.62590248984837,1.0052136313683062,24.473489117562927,0.12067054082980143,-30.33833203283699,-1.1573229341274334,-48.86737088735747,0.6295741068180681,-26.030430403747836,0.2719344611720337,0.3720580395555555,0.00015748,0.5951701280362951,0.00081957,0,0.0
4581,0.11226778940471827,0.17178095181560527,-1.54e-06,1.7394849584049095,3.6335273926818386,40.985360011875876,1.0052136313683062,16.03530276011823,0.12067054082980143,-47.49883671613251,-1.1573229341274334,-11.182475678081914,0.6295741068180681,3.1185173532357497,0.2719344611720337,0.038137921291990784,0.00015748,0.3498373558570762,0.00081957,0,0.0
4582,0.07629304930939262,0.14535825072017802,-1.54e-06,1.7394849584049095,3.6335273926818386,17.25671179966287,1.0052136313683062,14.918290490332264,0.12067054082980143,-37.64281069278969,-1.1573229341274334,-58.76990553742334,0.6295741068180681,14.94951594154009,0.2719344611720337,-0.2554266443306106,0.00015748,0.2579259840458954,0.00081957,1,0.0
4583,-0.0025695517172397153,0.3150801139365018,-1.54e-06,1.7394849584049095,3.6335273926818386,51.805235315091664,1.0052136313683062,17.651436463244295,0.12067054082980143,-17.808130018312614,-1.1573229341274334,11.04151273912097,0.6295741068180681,-31.717086081844684,0.2719344611720337,0.018333057247385626,0.00015748,0.42644005309392796,0.00081957,0,0.0
4584,0.4555193120481267,0.30204593341607033,-1.54e-06,1.7394849584049095,3.6335273926818386,-88.01421379021384,1.0052136313683062,-15.727116414852643,0.12067054082980143,-29.036016927283338,-1.1573229341274334,79.85731406320946,0.6295741068180681,73.94043796576521,0.2719344611720337,-0.256076744982557,0.00015748,0.2543434284275417,0.00081957,1,0.0
4585,0.0006120278970324078,0.0399476806246011,-1.54e-06,1.7394849584049095,3.6335273926818386,-3.3027179464500187,1.0052136313683062,2.4139093754805767,0.12067054082980143,-22.260422019027875,-1.1573229341274334,31.754240569692524,0.6295741068180681,7.784109243414075,0.2719344611720337,0.025056182943606516,0.00015748,0.06012620161542303,0.00081957,0,0.0
4586,0.005946033689345098,0.2696613578902365,-1.54e-06,1.7394849584049095,3.6335273926818386,100.0,1.0052136313683062,27.999547825541303,0.12067054082980143,-56.09489026363091,-1.1573229341274334,71.35841031961573,0.6295741068180681,-48.05402423769425,0.2719344611720337,0.3034599409282556,0.00015748,0.7396488201678446,0.00081957,0,0.0
4587,0.7776367591387606,0.23168139568537088,-1.54e-06,1.7394849584049095,3.6335273926818386,39.19582353425051,1.0052136313683062,28.35011235948904,0.12067054082980143,-100.0,-1.1573229341274334,5.521184197536524,0.6295741068180681,44.238616181897456,0.2719344611720337,0.3979001677645849,0.00015748,0.6408419487197236,0.00081957,0,0.0
4588,0.36822823799860027,0.7745412080596148,-1.54e-06,1.7394849584049095,3.6335273926818386,-19.00462822932059,1.0052136313683062,37.04752461630338,0.12067054082980143,-87.71714219294607,-1.1573229341274334,-53.36087971825902,0.6295741068180681,46.04568973594786,0.2719344611720337,-0.5087712793719134,0.00015748,0.5097863176005072,0.00081957,1,0.0
4589,0.33226404642353496,0.012991683512405951,-1.54e-06,1.7394849584049095,3.6335273926818386,-57.49357274556318,1.0052136313683062,6.071427272709099,0.12067054082980143,-69.00627857668809,-1.1573229341274334,43.19417682296878,0.6295741068180681,66.1106371313471,0.2719344611720337,-0.05355070987911575,0.00015748,0.05368970061554961,0.00081957,1,0.0
4590,0.000378147818778006,0.1546974385521103,-1.54e-06,1.7394849584049095,3.6335273926818386,15.467004424537107,1.0052136313683062,1.3674350852245627,0.12067054082980143,-17.250217049455905,-1.1573229341274334,63.4998852622271,0.6295741068180681,-7.9417411225499155,0.2719344611720337,0.06186401634040754,0.00015748,0.28133292260446174,0.00081957,0,0.0
4591,0.6864382374697084,0.08907589838234367,-1.54e-06,1.7394849584049095,3.6335273926818386,-53.97866999339293,1.0052136313683062,13.876478445183892,0.12067054082980143,-59.75495491475789,-1.1573229341274334,-57.71996715265489,0.6295741068180681,79.88967045941524,0.2719344611720337,-0.18308982917919245,0.00015748,0.1828828397605514,0.00081957,1,0.0
4592,0.7272879974914859,0.10839207892887459,-1.54e-06,1.7394849584049095,3.6335273926818386,-53.09146482146534,1.0052136313683062,15.203343528169635,0.12067054082980143,-60.37674188953815,-1.1573229341274334,-70.30480038867934,0.6295741068180681,82.12234235682327,0.2719344611720337,-0.2062618512203815,0.00015748,0.20657716739618698,0.00081957,1,0.0
4593,0.04890775357364263,0.15263718266468113,-1.54e-06,1.7394849584049095,3.6335273926818386,73.99278932108172,1.0052136313683062,10.918851114556206,0.12067054082980143,-21.14931777687586,-1.1573229341274334,14.111423229948917,0.6295741068180681,-29.003612616026217,0.2719344611720337,0.2716544428237031,0.00015748,0.40646713144432756,0.00081957,0,0.0
4594,0.4098388934648105,0.14555616635760432,-1.54e-06,1.7394849584049095,3.6335273926818386,67.32487734528125,1.0052136313683062,23.480056843114514,0.12067054082980143,-73.03123885919443,-1.1573229341274334,22.24952532042077,0.6295741068180681,4.858138423628942,0.2719344611720337,0.413438326292913,0.00015748,0.569950519685991,0.00081957,0,0.0
4595,0.2153982354885638,0.013293375095788856,-1.54e-06,1.7394849584049095,3.6335273926818386,-38.96968024545968,1.0052136313683062,-0.8543775391021717,0.12067054082980143,-26.658504826983304,-1.1573229341274334,31.966609086355774,0.6295741068180681,36.03647712357419,0.2719344611720337,-0.040323437023502065,0.00015748,0.04039647023189945,0.00081957,1,0.0
4596,0.05562748927889316,0.036880661759308826,-1.54e-06,1.7394849584049095,3.6335273926818386,-46.964523064881824,1.0052136313683062,-4.974669363697703,0.12067054082980143,-36.52821183650018,-1.1573229341274334,92.15339058630367,0.6295741068180681,34.240450874344084,0.2719344611720337,-0.11846003390806649,0.00015748,0.11912333419950354,0.00081957,1,0.0
4597,0.06291367110651419,0.17380191753215551,-1.54e-06,1.7394849584049095,3.6335273926818386,77.67675002827151,1.0052136313683062,14.606727719884665,0.12067054082980143,-4.817443649997,-1.1573229341274334,-56.39666430597481,0.6295741068180681,-32.31643619708673,0.2719344611720337,0.10078687352188065,0.00015748,0.3739673655434025,0.00081957,0,0.0
4598,0.0014534216239789899,0.09940318278012138,-1.54e-06,1.7394849584049095,3.6335273926818386,40.04196689121455,1.0052136313683062,10.272819999439358,0.12067054082980143,-0.33676222059035466,-1.1573229341274334,-55.47680925220404,0.6295741068180681,-17.44591237699269,0.2719344611720337,-0.07295505028730248,0.00015748,0.19770057449287753,0.00081957,1,0.0
4599,0.030376649933030686,0.4979333078917731,-1.54e-06,1.7394849584049095,3.6335273926818386,38.37862770202601,1.0052136313683062,32.09810470121122,0.12067054082980143,-81.59184792880336,-1.1573229341274334,-46.11325098753561,0.6295741068180681,12.345462184959919,0.2719344611720337,-0.3191744310173274,0.00015748,0.4911122376675718,0.00081957,1,0.0
4600,0.09092529982084879,0.10221108595255723,-1.54e-06,2.792408012983975,3.407086979128152,19.071847927132044,1.0052136313683062,7.03014914684302,0.12067054082980143,-87.48333283016981,-1.1573229341274334,48.91670497522081,0.6295741068180681,45.501999807820546,0.2719344611720337,-0.03276328142208634,0.00015748,0.18766495806683853,0.00081957,1,0.0
4601,0.0006348255755222187,0.15029483694679682,-1.54e-06,2.792408012983975,3.407086979128152,-65.18502147712746,1.0052136313683062,2.1387802012195505,0.12067054082980143,-13.826252900079428,-1.1573229341274334,50.42290422050149,0.6295741068180681,14.868154325474539,0.2719344611720337,-0.20412248540626515,0.00015748,0.23495270724748313,0.00081957,1,0.0
4602,0.9873407926579759,1.3780336985199726,-1.54e-06,2.792408012983975,3.407086979128152,70.34916418947823,1.0052136313683062,-0.8039731667674451,0.12067054082980143,-67.2985032143945,-1.1573229341274334,-41.306374617616086,0.6295741068180681,86.47874452910553,0.2719344611720337,-0.2874727005375594,0.00015748,0.8163636011431399,0.00081957,1,0.0
4603,0.07112755954631667,0.21627974980092332,-1.54e-06,2.792408012983975,3.407086979128152,39.307362798460886,1.0052136313683062,3.158263288441979,0.12067054082980143,-76.24291743872709,-1.1573229341274334,68.53320467299538,0.6295741068180681,32.63235797482066,0.2719344611720337,0.012171737094572976,0.00015748,0.33564554904208066,0.00081957,0,0.0
4604,0.7086404190432583,0.05862018061587466,-1.54e-06,2.792408012983975,3.407086979128152,-80.4758483975651,1.0052136313683062,5.252207515085262,0.12067054082980143,-49.66641416424097,-1.1573229341274334,-18.41095083018299,0.6295741068180681,88.04175396831049,0.2719344611720337,-0.05535511710249489,0.00015748,0.054930895289280614,0.00081957,1,0.0
4605,0.5403894105798323,0.2255398286654956,-1.54e-06,2.792408012983975,3.407086979128152,79.79358921829565,1.0052136313683062,16.62168431807607,0.12067054082980143,-99.69487566563576,-1.1573229341274334,-48.36910981811098,0.6295741068180681,54.567023151409266,0.2719344611720337,-0.12282581325275568,0.00015748,0.33929769947821475,0.00081957,1,0.0
4606,0.00023569296378705973,0.31633862186496053,-1.54e-06,2.792408012983975,3.407086979128152,84.2887529403573,1.0052136313683062,4.656946344931736,0.12067054082980143,-44.33071782862219,-1.1573229341274334,92.54593591417186,0.6295741068180681,-23.548770041745833,0.2719344611720337,0.12767129512347875,0.00015748,0.6625163836520392,0.00081957,0,0.0
4607,0.13885629657716203,0.050802710290369424,-1.54e-06,2.792408012983975,3.407086979128152,4.044888429015754,1.0052136313683062,10.442021682442046,0.12067054082980143,-59.03913199875468,-1.1573229341274334,1.0119715732811423,0.6295741068180681,30.442898250817077,0.2719344611720337,-0.14075514545391446,0.00015748,0.14260321356482478,0.00081957,1,0.0
4608,0.07686399132079169,0.06836413046653626,-1.54e-06,2.792408012983975,3.407086979128152,69.1338023870175,1.0052136313683062,10.909534906260506,0.12067054082980143,-48.74539023553372,-1.1573229341274334,-39.461557555209225,0.6295741068180681,7.37460647857707,0.2719344611720337,-0.1809670679937883,0.00015748,0.18130959119942397,0.00081957,1,0.0
4609,0.0013081005422930225,0.13824923700748215,-1.54e-06,2.792408012983975,3.407086979128152,14.54272058053109,1.0052136313683062,14.44941340079466,0.12067054082980143,-86.51214068483965,-1.1573229341274334,34.09328932833,0.6295741068180681,28.065266407547984,0.2719344611720337,-0.16025837410036892,0.00015748,0.2256907207367227,0.00081957,1,0.0
4610,0.2839283002878997,0.03869411359880678,-1.54e-06,2.792408012983975,3.407086979128152,-42.38526526325575,1.0052136313683062,2.077659521427245,0.12067054082980143,-57.37805380051301,-1.1573229341274334,26.172744373056215,0.6295741068180681,63.6458337183422,0.2719344611720337,-0.09631261057578157,0.00015748,0.09854734225271629,0.00081957,1,0.0
4611,0.0010111749188358998,0.02810391119347958,-1.54e-06,2.792408012983975,3.407086979128152,-32.69002528514222,1.0052136313683062,6.5428042620283255,0.12067054082980143,-97.33604188198564,-1.1573229341274334,78.93562100661234,0.6295741068180681,61.23934914613206,0.2719344611720337,-0.0753454234646127,0.00015748,0.08983211517106032,0.00081957,1,0.0
4612,0.5670435052179899,0.9216831414520549,-1.54e-06,2.792408012983975,3.407086979128152,21.95347830823613,1.0052136313683062,-4.291291707696814,0.12067054082980143,-77.07071918568057,-1.1573229341274334,89.28497508549951,0.6295741068180681,70.0828297064327,0.2719344611720337,-0.0675621109139719,0.00015748,0.8016262774116927,0.00081957,1,0.0
4613,0.0012897139821640424,0.18234805268571241,-1.54e-06,2.792408012983975,3.407086979128152,1.346409436785476,1.0052136313683062,9.790762800313743,0.12067054082980143,-76.79341400097812,-1.1573229341274334,82.13917647822821,0.6295741068180681,22.555028826893246,0.2719344611720337,-0.005231326025971622,0.00015748,0.3140048387196108,0.00081957,1,0.0
4614,0.02547530921487734,0.019203589158234984,-1.54e-06,2.792408012983975,3.407086979128152,30.201254578548546,1.0052136313683062,5.718211328832686,0.12067054082980143,-32.27175651802125,-1.1573229341274334,-9.98777032844867,0.6295741068180681,8.53501436302738,0.2719344611720337,-0.09199847542124734,0.00015748,0.09358263942403827,0.00081957,1,0.0
4615,0.33483484962751653,0.03722594734128545,-1.54e-06,2.792408012983975,3.407086979128152,47.223644459823284,1.0052136313683062,7.1713902877342,0.12067054082980143,-1.2515706348190339,-1.1573229341274334,-86.40330332754277,0.6295741068180681,2.641129726759608,0.2719344611720337,-0.11739221414088967,0.00015748,0.11774712435308103,0.00081957,1,0.0
4616,-0.0011323895280992424,0.3170820484567549,-1.54e-06,2.792408012983975,3.407086979128152,100.0,1.0052136313683062,15.6896137377704,0.12067054082980143,-19.023132780456535,-1.1573229341274334,-34.699539352178874,0.6295741068180681,-45.68228957891259,0.2719344611720337,-0.08992715698068829,0.00015748,0.37802249146441236,0.00081957,1,0.0
4617,0.014084429312531954,0.8147111307278742,-1.54e-06,2.792408012983975,3.407086979128152,-57.63018938119032,1.0052136313683062,14.194234932382027,0.12067054082980143,-23.899326949105266,-1.1573229341274334,22.440680802916486,0.6295741068180681,-1.021215504988108,0.2719344611720337,-0.5029270030184446,0.00015748,0.5036558174725375,0.00081957,1,0.0
4618,0.0001947117561945655,0.24211212883952876,-1.54e-06,2.792408012983975,3.407086979128152,90.29134839774906,1.0052136313683062,3.4945162808464216,0.12067054082980143,-20.51726134342278,-1.1573229341274334,44.49834722941159,0.6295741068180681,-31.34934837353514,0.2719344611720337,0.11373251328086342,0.00015748,0.48466164954962243,0.00081957,0,0.0
4619,0.004925882439211049,0.2421081106732423,-1.54e-06,2.792408012983975,3.407086979128152,-8.668317770933228,1.0052136313683062,-5.816656505271994,0.12067054082980143,-21.086802854918496,-1.1573229341274334,77.70212084938703,0.6295741068180681,16.13474157614643,0.2719344611720337,-0.05734881414848034,0.00015748,0.3568854366666594,0.00081957,1,0.0
4620,0.28685990781475146,0.08513598316280085,-1.54e-06,2.792408012983975,3.407086979128152,21.43627803514448,1.0052136313683062,13.893626201102341,0.12067054082980143,-94.76267944850711,-1.1573229341274334,-10.561060183893598,0.6295741068180681,56.79424002571885,0.2719344611720337,-0.2054317550687781,0.00015748,0.2062181952745521,0.00081957,1,0.0
4621,0.0885588552281511,0.6554361387970287,-1.54e-06,2.792408012983975,3.407086979128152,42.06848011777393,1.0052136313683062,25.524869177751327,0.12067054082980143,-76.36714934572275,-1.1573229341274334,-34.82378580990758,0.6295741068180681,3.3944711617701553,0.2719344611720337,-0.45249721494942147,0.00015748,0.4462211204329202,0.00081957,1,0.0
4622,0.5908312081349434,0.10567098469253651,-1.54e-06,2.792408012983975,3.407086979128152,23.310473402738698,1.0052136313683062,12.121134595911359,0.12067054082980143,-60.54298206720916,-1.1573229341274334,-72.46425506159972,0.6295741068180681,57.020341837976,0.2719344611720337,-0.20578294664747993,0.00015748,0.2073965497477261,0.00081957,1,0.0
4623,0.2178655892251355,0.05123057122413765,-1.54e-06,2.792408012983975,3.407086979128152,21.160269898037996,1.0052136313683062,9.922245469463524,0.12067054082980143,-68.01602781932286,-1.1573229341274334,-12.538670607315286,0.6295741068180681,40.764441213436086,0.2719344611720337,-0.1580348756074296,0.00015748,0.15902460482278183,0.00081957,1,0.0
4624,0.0006863324668647253,0.024594932198044213,-1.54e-06,2.792408012983975,3.407086979128152,59.59498778890829,1.0052136313683062,4.393836673611738,0.12067054082980143,-3.6988807287482857,-1.1573229341274334,-39.82245679606542,0.6295741068180681,-16.473968685354865,0.2719344611720337,-0.07497598048295785,0.00015748,0.09498610985524687,0.00081957,1,0.0
4625,0.24143885095788153,0.06140526323327594,-1.54e-06,2.792408012983975,3.407086979128152,-23.726836851635017,1.0052136313683062,11.673727594904987,0.12067054082980143,-79.01748631969846,-1.1573229341274334,16.4653021618134,0.6295741068180681,53.986322734491004,0.2719344611720337,-0.1564506949626068,0.00015748,0.15803020007539573,0.00081957,1,0.0
4626,0.0002701285750981719,0.1351880164940902,-1.54e-06,2.792408012983975,3.407086979128152,37.12775806484051,1.0052136313683062,3.9639924930732056,0.12067054082980143,-40.38708504109671,-1.1573229341274334,49.582948577426095,0.6295741068180681,1.3397097832208709,0.2719344611720337,0.08654880728783251,0.00015748,0.24666519439576443,0.00081957,0,0.0
4627,0.8664294249924442,0.26993031169802223,-1.54e-06,2.792408012983975,3.407086979128152,-14.52681408814735,1.0052136313683062,2.7125137087189026,0.12067054082980143,-28.63031406407756,-1.1573229341274334,-89.46054273980357,0.6295741068180681,78.56547450412027,0.2719344611720337,-0.2563364808505568,0.00015748,0.2574580259896265,0.00081957,1,0.0
4628,-0.0016522892374404297,0.35573607143215996,-1.54e-06,2.792408012983975,3.407086979128152,32.90251916100212,1.0052136313683062,10.271316588693626,0.12067054082980143,-30.18225183506421,-1.1573229341274334,39.84109277928128,0.6295741068180681,-19.954183564544547,0.2719344611720337,-0.07665948937190203,0.00015748,0.457552015359349,0.00081957,1,0.0
4629,0.5148436369813254,0.8307656686242975,-1.54e-06,2.792408012983975,3.407086979128152,-25.314491716443065,1.0052136313683062,23.131705660960243,0.12067054082980143,-42.85494695163351,-1.1573229341274334,-68.16865171984787,0.6295741068180681,25.074735913769352,0.2719344611720337,-0.49732524881621587,0.00015748,0.49340509356991524,0.00081957,1,0.0
4630,0.0003952295633086189,0.2325619903222021,-1.54e-06,2.792408012983975,3.407086979128152,-24.85413331959603,1.0052136313683062,10.181304555676274,0.12067054082980143,-84.01809560778106,-1.1573229341274334,99.33001800672426,0.6295741068180681,32.0027801093288,0.2719344611720337,-0.07053673213484621,0.00015748,0.35696103700089,0.00081957,1,0.0
4631,0.7100183425878348,0.11525957968663147,-1.54e-06,2.792408012983975,3.407086979128152,-19.53626956068918,1.0052136313683062,12.252512604815832,0.12067054082980143,-35.97687089428212,-1.1573229341274334,-79.8631723529435,0.6295741068180681,54.57287988123192,0.2719344611720337,-0.1634022033757312,0.00015748,0.16343869200186667,0.00081957,1,0.0
4632,0.2654271641520537,0.2169315492027717,-1.54e-06,2.792408012983975,3.407086979128152,44.891995575728906,1.0052136313683062,1.9336446597209296,0.12067054082980143,-36.60264711359101,-1.1573229341274334,-12.155369315106539,0.6295741068180681,26.42790379761059,0.2719344611720337,-0.110483616563924,0.00015748,0.2913055021627172,0.00081957,1,0.0
4633,0.44603611634283036,2.375959118728226,-1.54e-06,2.792408012983975,3.407086979128152,-57.14535601233875,1.0052136313683062,33.75449567590307,0.12067054082980143,-68.06057300553002,-1.1573229341274334,-72.5136905213693,0.6295741068180681,30.049848109524223,0.2719344611720337,-0.9040802093058969,0.00015748,0.7073458563552694,0.00081957,1,0.0
4634,0.0024298762632344317,0.16928401222862904,-1.54e-06,2.792408012983975,3.407086979128152,80.1952757214238,1.0052136313683062,8.586432112389113,0.12067054082980143,-63.25405598866798,-1.1573229341274334,60.45320380199725,0.6295741068180681,-6.417815856003253,0.2719344611720337,0.1679596641540813,0.00015748,0.3629223565732354,0.00081957,0,0.0
4635,0.24246811089795473,0.04750291391117267,-1.54e-06,2.792408012983975,3.407086979128152,12.243408000706923,1.0052136313683062,7.579733012009352,0.12067054082980143,-10.259435904521602,-1.1573229341274334,-47.0806196883578,0.6295741068180681,7.3486963337037645,0.2719344611720337,-0.11677998662118189,0.00015748,0.11735762746652317,0.00081957,1,0.0
4636,0.6153512777395058,0.05200494118838119,-1.54e-06,2.792408012983975,3.407086979128152,-96.85840573643789,1.0052136313683062,0.6280573070550506,0.12067054082980143,-38.48711060310224,-1.1573229341274334,5.262143221936161,0.6295741068180681,85.29162440021398,0.2719344611720337,-0.02266342995425545,0.00015748,0.022943296377651114,0.00081957,1,0.0
4637,0.8887054744021381,0.15462296869945594,-1.54e-06,2.792408012983975,3.407086979128152,-5.506169764032747,1.0052136313683062,13.051800586661539,0.12067054082980143,-66.47213946870815,-1.1573229341274334,-91.71662479414027,0.6295741068180681,85.15894338725205,0.2719344611720337,-0.2163477177913452,0.00015748,0.21606416007308293,0.00081957,1,0.0
4638,0.17049475221459864,0.0918363633040716,-1.54e-06,2.792408012983975,3.407086979128152,-58.21263162289277,1.0052136313683062,2.7745429466873848,0.12067054082980143,-7.719715705532836,-1.1573229341274334,12.924358689307532,0.6295741068180681,21.517932535349868,0.2719344611720337,-0.16881143860449677,0.00015748,0.16551277915417023,0.00081957,1,0.0
4639,0.6145506242449001,0.061821881385398285,-1.54e-06,2.792408012983975,3.407086979128152,-27.7375362443733,1.0052136313683062,8.937323719072655,0.12067054082980143,-37.933980500264894,-1.1573229341274334,-54.231966849573794,0.6295741068180681,57.15552586801612,0.2719344611720337,-0.1122494680032966,0.00015748,0.11237970241393713,0.00081957,1,0.0
4640,0.0033586324629835407,0.006332904176968185,-1.54e-06,2.792408012983975,3.407086979128152,-0.7848368165908037,1.0052136313683062,3.4844293967892024,0.12067054082980143,-35.817598753539315,-1.1573229341274334,18.799072045804046,0.6295741068180681,18.9969642030062,0.2719344611720337,-0.04995658213238621,0.00015748,0.050239140487628814,0.00081957,1,0.0
4641,0.005020803466262991,0.17386661861350117,-1.54e-06,2.792408012983975,3.407086979128152,79.62429474543788,1.0052136313683062,11.656162199233172,0.12067054082980143,-34.622619998203795,-1.1573229341274334,0.33508339646647756,0.6295741068180681,-23.84632670390362,0.2719344611720337,0.03207802792971945,0.00015748,0.2821519011028726,0.00081957,0,0.0
4642,0.0008398196366132815,0.34305295914703415,-1.54e-06,2.792408012983975,3.407086979128152,38.00438211947733,1.0052136313683062,17.284790660832225,0.12067054082980143,-79.81021889850504,-1.1573229341274334,46.38919862847062,0.6295741068180681,3.9397766187968477,0.2719344611720337,-0.11432796760508629,0.00015748,0.4204866347630281,0.00081957,1,0.0
4643,0.012311511264798791,0.004087160674286363,-1.54e-06,2.792408012983975,3.407086979128152,-53.50145300777296,1.0052136313683062,-1.2904782095135507,0.12067054082980143,-25.674120497984813,-1.1573229341274334,52.314598649870746,0.6295741068180681,30.39089066934297,0.2719344611720337,-0.044411254995531856,0.00015748,0.04444286504395304,0.00081957,1,0.0
4644,0.03774655505236818,0.016349541775137876,-1.54e-06,2.792408012983975,3.407086979128152,-74.86173363865993,1.0052136313683062,-4.30226124170397,0.12067054082980143,-13.516339898930882,-1.1573229341274334,59.43877742493042,0.6295741068180681,32.940911148583076,0.2719344611720337,-0.08542181590063117,0.00015748,0.0854852390595838,0.00081957,1,0.0
4645,-0.0007730423954027676,0.1983390067340913,-1.54e-06,2.792408012983975,3.407086979128152,10.708124640998527,1.0052136313683062,5.163392598082082,0.12067054082980143,-30.934925051819246,-1.1573229341274334,54.530033444349996,0.6295741068180681,-3.0360150803768504,0.2719344611720337,-0.012330363957802792,0.00015748,0.3308699018569762,0.00081957,1,0.0
4646,-0.0005299427930545442,0.05176083870962564,-1.54e-06,2.792408012983975,3.407086979128152,-14.64823446498672,1.0052136313683062,-1.3642399019254352,0.12067054082980143,-12.367269692645321,-1.1573229341274334,34.733441167241466,0.6295741068180681,10.145904255902702,0.2719344611720337,-0.012776868177131348,0.00015748,0.10376940534365467,0.00081957,1,0.0
4647,0.00015115531153459677,0.16875720082968393,-1.54e-06,2.792408012983975,3.407086979128152,24.53368367376217,1.0052136313683062,-0.7577921009989076,0.12067054082980143,-9.743422550358375,-1.1573229341274334,43.44255334202843,0.6295741068180681,-8.755290979743243,0.2719344611720337,0.022278253282135535,0.00015748,0.3019775124690781,0.00081957,0,0.0
4648,0.17055368888989797,0.041855212803538086,-1.54e-06,2.792408012983975,3.407086979128152,-36.62080650131689,1.0052136313683062,1.6433264725803094,0.12067054082980143,-62.673944179765094,-1.1573229341274334,41.87533557625094,0.6295741068180681,59.43757825359547,0.2719344611720337,-0.10691322577427353,0.00015748,0.10724437288722183,0.00081957,1,0.0
4649,-6.042679417472829e-05,0.1668975279924727,-1.54e-06,2.792408012983975,3.407086979128152,66.46073755284301,1.0052136313683062,9.345113535747354,0.12067054082980143,-32.08527552592801,-1.1573229341274334,15.465531512579643,0.6295741068180681,-20.235711515790015,0.2719344611720337,0.05340394447972206,0.00015748,0.2838508466473567,0.00081957,0,0.0
4650,0.313415320259947,2.0921654937900387,-1.54e-06,2.792408012983975,3.407086979128152,-19.342885095613862,1.0052136313683062,29.85385802218604,0.12067054082980143,-26.33967369746904,-1.1573229341274334,-86.38862155853906,0.6295741068180681,-11.177233066463339,0.2719344611720337,-0.8138999028594173,0.00015748,0.708520925177826,0.00081957,1,0.0
4651,0.5023731328054921,0.08193969258613162,-1.54e-06,2.792408012983975,3.407086979128152,-63.147203312522976,1.0052136313683062,6.431311015405384,0.12067054082980143,-26.77793021256902,-1.1573229341274334,-20.86041419617469,0.6295741068180681,51.987153472272595,0.2719344611720337,-0.13330893980964229,0.00015748,0.1324424450865622,0.00081957,1,0.0
4652,0.38727186683794645,0.12709927296776732,-1.54e-06,2.792408012983975,3.407086979128152,81.69882605997425,1.0052136313683062,15.126264499655514,0.12067054082980143,-53.06719890665153,-1.1573229341274334,-93.10063496517897,0.6295741068180681,21.920578766105105,0.2719344611720337,-0.24828217801740862,0.00015748,0.24969587277454788,0.00081957,1,0.0
4653,0.5313515416406672,0.035013281791769865,-1.54e-06,2.792408012983975,3.407086979128152,-47.87259316584819,1.0052136313683062,5.039441104559401,0.12067054082980143,-34.82419930115939,-1.1573229341274334,-25.4065878885927,0.6295741068180681,60.083641202846685,0.2719344611720337,-0.057928369314249196,0.00015748,0.057682398323573005,0.00081957,1,0.0
4654,1.0826869382954922,1.0727726354773188,-1.54e-06,2.792408012983975,3.407086979128152,48.831565537460726,1.0052136313683062,-2.785289414685612,0.12067054082980143,-12.651531697705805,-1.1573229341274334,-92.95285367097297,0.6295741068180681,66.12819742982812,0.2719344611720337,-0.24271781967820344,0.00015748,0.6605208306517318,0.00081957,1,0.0
4655,0.007219744262712657,0.8247866296972176,-1.54e-06,2.792408012983975,3.407086979128152,99.62483207670417,1.0052136313683062,27.078995565904318,0.12067054082980143,-58.61634040685964,-1.1573229341274334,-35.55825064460771,0.6295741068180681,-37.981600079044185,0.2719344611720337,-0.33183581574348503,0.00015748,0.5837743158714841,0.00081957,1,0.0
4656,-0.4601757241162787,2.0282282392582003,-1.54e-06,2.792408012983975,3.407086979128152,-43.950090594957935,1.0052136313683062,9.429040998724291,0.12067054082980143,-0.1268374060792666,-1.1573229341274334,83.17080862784555,0.6295741068180681,-48.04934719183417,0.2719344611720337,-0.5353695174146657,0.00015748,0.6295954198143058,0.00081957,1,0.0
4657,0.17492175032035695,0.034432499218493375,-1.54e-06,2.792408012983975,3.407086979128152,-21.948140296953564,1.0052136313683062,9.32703212254598,0.12067054082980143,-95.7454462826891,-1.1573229341274334,40.5707365209237,0.6295741068180681,65.69929020485553,0.2719344611720337,-0.12876745574702267,0.00015748,0.12887673968597627,0.00081957,1,0.0
4658,0.8203101382244247,0.14496575564332703,-1.54e-06,2.792408012983975,3.407086979128152,-12.113461628182726,1.0052136313683062,16.57061391151514,0.12067054082980143,-93.6175295510061,-1.1573229341274334,-66.11488747146095,0.6295741068180681,93.72886689307757,0.2719344611720337,-0.23084471827131564,0.00015748,0.23145932148284537,0.00081957,1,0.0
4659,0.716111084674561,0.32344204285582223,-1.54e-06,2.792408012983975,3.407086979128152,81.2576469435139,1.0052136313683062,10.470606197895526,0.12067054082980143,-50.24592781935474,-1.1573229341274334,-98.73550717912657,0.6295741068180681,44.550433868111526,0.2719344611720337,-0.1683446691006677,0.00015748,0.3636925420839535,0.00081957,1,0.0
4660,0.4190533372012745,0.021637573544271795,-1.54e-06,2.792408012983975,3.407086979128152,-59.49052133625434,1.0052136313683062,1.3672440127743593,0.12067054082980143,-24.934750785428655,-1.1573229341274334,-3.2368814670459614,0.6295741068180681,54.26882813945422,0.2719344611720337,-0.007791628907564884,0.00015748,0.0077069278292092635,0.00081957,1,0.0
4661,0.2759223196604744,0.013067843203793679,-1.54e-06,2.792408012983975,3.407086979128152,-13.712807318305869,1.0052136313683062,4.363345872247604,0.12067054082980143,-30.866136459726455,-1.1573229341274334,-14.310243197943203,0.6295741068180681,35.04059750773218,0.2719344611720337,-0.062424605748328074,0.00015748,0.06276004945423712,0.00081957,1,0.0
4662,0.48362276708433516,0.15275934057105453,-1.54e-06,2.792408012983975,3.407086979128152,-28.121377852108285,1.0052136313683062,14.607182163578313,0.12067054082980143,-62.78758664220405,-1.1573229341274334,-30.175174290146366,0.6295741068180681,54.36668142043892,0.2719344611720337,-0.2204076962648157,0.00015748,0.22165014360780566,0.00081957,1,0.0
4663,0.09572567683571154,0.04808039165954522,-1.54e-06,2.792408012983975,3.407086979128152,-80.5500637146878,1.0052136313683062,1.3402191122267015,0.12067054082980143,-32.93395400355958,-1.1573229341274334,58.09867368143648,0.6295741068180681,40.53194069662431,0.2719344611720337,-0.13564435429230337,0.00015748,0.13661415529014787,0.00081957,1,0.0
4664,0.5501473643301327,0.16129279027438606,-1.54e-06,2.792408012983975,3.407086979128152,-65.37078977610189,1.0052136313683062,7.248596667829718,0.12067054082980143,-10.588724242046547,-1.1573229341274334,-38.82932193116553,0.6295741068180681,42.47085000383329,0.2719344611720337,-0.19572295193459754,0.00015748,0.19602688460058892,0.00081957,1,0.0
4665,-1.7041312936338926e-05,0.0860117168186918,-1.54e-06,2.792408012983975,3.407086979128152,0.9860673510273994,1.0052136313683062,9.90529792008055,0.12067054082980143,-68.83598720213024,-1.1573229341274334,42.358552929153426,0.6295741068180681,25.701846224281063,0.2719344611720337,-0.08300878398863559,0.00015748,0.16998976333306598,0.00081957,1,0.0
4666,0.7771264486698954,0.4604041973305666,-1.54e-06,2.792408012983975,3.407086979128152,64.4707711262459,1.0052136313683062,9.209971856660223,0.12067054082980143,-79.39030596972012,-1.1573229341274334,-49.250201866622454,0.6295741068180681,68.60015307839652,0.2719344611720337,-0.10596236165382064,0.00015748,0.45503596319379325,0.00081957,1,0.0
4667,0.0007082255965544793,0.03277210491283352,-1.54e-06,2.792408012983975,3.407086979128152,69.13433777884194,1.0052136313683062,6.686816931675165,0.12067054082980143,-14.465655040435859,-1.1573229341274334,-45.03544622761232,0.6295741068180681,-14.230088860996979,0.2719344611720337,-0.11838207254070443,0.00015748,0.12239041851182353,0.00081957,1,0.0
4668,0.8546568479301496,0.5533094310394248,-1.54e-06,2.792408012983975,3.407086979128152,74.15216617145066,1.0052136313683062,5.670949552316111,0.12067054082980143,-40.015964739966314,-1.1573229341274334,-88.7563749944927,0.6295741068180681,52.03536368566724,0.2719344611720337,-0.14462598227312498,0.00015748,0.47930979465173074,0.00081957,1,0.0
4669,0.0713006375322065,0.12422486917381093,-1.54e-06,2.792408012983975,3.407086979128152,13.908350622639638,1.0052136313683062,15.398810127649062,0.12067054082980143,-88.65445115115415,-1.1573229341274334,15.512494708137403,0.6295741068180681,35.25360039676513,0.2719344611720337,-0.21174218214450213,0.00015748,0.21612932407833474,0.00081957,1,0.0
4670,0.4107224626793355,0.3651507677480721,-1.54e-06,2.792408012983975,3.407086979128152,13.632528343418164,1.0052136313683062,2.5644695134105246,0.12067054082980143,-85.97617112904366,-1.1573229341274334,53.03198677786862,0.6295741068180681,67.54717925903151,0.2719344611720337,-0.04043938189281501,0.00015748,0.42118704391790895,0.00081957,1,0.0
4671,0.0006150609980449806,0.02449751802790948,-1.54e-06,2.792408012983975,3.407086979128152,-46.5625595287231,1.0052136313683062,3.56123631773254,0.12067054082980143,-79.29363150768378,-1.1573229341274334,84.98369062125037,0.6295741068180681,55.319049585342434,0.2719344611720337,0.0005751825469242529,0.00015748,0.04260492595101516,0.00081957,0,0.0
4672,0.0003449152748620232,0.11455653059808843,-1.54e-06,2.792408012983975,3.407086979128152,62.95694720330879,1.0052136313683062,7.96063008197759,0.12067054082980143,-46.41234984630959,-1.1573229341274334,25.866437268647932,0.6295741068180681,-5.378490999094143,0.2719344611720337,0.1257166014007007,0.00015748,0.18075139259584214,0.00081957,0,0.0
4673,0.04406422052026532,0.11339261451354168,-1.54e-06,2.792408012983975,3.407086979128152,47.24986062191382,1.0052136313683062,7.365262290991677,0.12067054082980143,-75.9879841626519,-1.1573229341274334,31.65150215845363,0.6295741068180681,28.02226370522497,0.2719344611720337,-0.03627170842756393,0.00015748,0.20959592530000415,0.00081957,1,0.0
4674,0.8444992109082672,0.0940858316228688,-1.54e-06,2.792408012983975,3.407086979128152,-72.80308359154505,1.0052136313683062,3.8656452939218844,0.12067054082980143,-18.065853566713102,-1.1573229341274334,-60.730266086817124,0.6295741068180681,76.56040448289083,0.2719344611720337,-0.03849548797700628,0.00015748,0.03883264610488194,0.00081957,1,0.0
4675,-0.0002042136465564004,0.18885304002482506,-1.54e-06,2.792408012983975,3.407086979128152,84.50449459903251,1.0052136313683062,3.4276019296511775,0.12067054082980143,-17.870529229447737,-1.1573229341274334,26.32480175874249,0.6295741068180681,-26.885497536328728,0.2719344611720337,0.10563715248939651,0.00015748,0.363046077582332,0.00081957,0,0.0
4676,0.5553698731133613,0.10946140260610537,-1.54e-06,2.792408012983975,3.407086979128152,10.970326637219898,1.0052136313683062,15.728497300013107,0.12067054082980143,-90.01492899299193,-1.1573229341274334,-46.41302891896025,0.6295741068180681,70.39106407793477,0.2719344611720337,-0.22206718110872634,0.00015748,0.2229664803477854,0.00081957,1,0.0
4677,0.003857514956752073,0.03638377699147456,-1.54e-06,2.792408012983975,3.407086979128152,-57.595018683430645,1.0052136313683062,4.932092505178636,0.12067054082980143,-62.07863160946691,-1.1573229341274334,69.41061932753712,0.6295741068180681,44.09945216839856,0.2719344611720337,-0.11395980144975883,0.00015748,0.1128138394005372,0.00081957,1,0.0
4678,-0.00037337686311161855,0.021259612017481222,-1.54e-06,2.792408012983975,3.407086979128152,-66.96962969661625,1.0052136313683062,-4.812466373194636,0.12067054082980143,-14.008449063187888,-1.1573229341274334,62.09077450443502,0.6295741068180681,30.047996233206923,0.2719344611720337,-0.07906786284968714,0.00015748,0.08646641002362987,0.00081957,1,0.0
4679,0.0016937938450266449,0.028249631603881505,-1.54e-06,2.792408012983975,3.407086979128152,-64.17486194777156,1.0052136313683062,-1.7370917208625667,0.12067054082980143,-38.50867744453536,-1.1573229341274334,76.56645296961337,0.6295741068180681,39.775331137777776,0.2719344611720337,-0.042208823922586736,0.00015748,0.0823381055825105,0.00081957,1,0.0
4680,0.31779763842342246,0.45154583556004846,-1.54e-06,2.792408012983975,3.407086979128152,23.95098258437644,1.0052136313683062,20.167240325136312,0.12067054082980143,-37.52121122008494,-1.1573229341274334,-69.18139818225197,0.6295741068180681,4.981929840170727,0.2719344611720337,-0.36602020678596214,0.00015748,0.3707771912268103,0.00081957,1,0.0
4681,0.001391936134419347,0.10026662519160168,-1.54e-06,2.792408012983975,3.407086979128152,56.75408306702493,1.0052136313683062,6.268527562337111,0.12067054082980143,-30.37040292838007,-1.1573229341274334,12.602079778154032,0.6295741068180681,-10.050799617257383,0.2719344611720337,0.10013448396110275,0.00015748,0.14915455929007612,0.00081957,0,0.0
4682,0.1226634275391964,0.01923003210984612,-1.54e-06,2.792408012983975,3.407086979128152,-95.09258586372096,1.0052136313683062,-3.8756987385190054,0.12067054082980143,-25.906262469678126,-1.1573229341274334,68.78552066500967,0.6295741068180681,50.19514184237947,0.2719344611720337,-0.0860129140656016,0.00015748,0.08611040719675148,0.00081957,1,0.0
4683,0.9303803848462253,0.1554033951560123,-1.54e-06,2.792408012983975,3.407086979128152,-14.075039691492606,1.0052136313683062,14.964110471000943,0.12067054082980143,-72.7522429257217,-1.1573229341274334,-91.0433336402501,0.6295741068180681,90.101421160105,0.2719344611720337,-0.2127039594929185,0.00015748,0.2136747372504972,0.00081957,1,0.0
4684,0.19463742651416915,0.0309930451395438,-1.54e-06,2.792408012983975,3.407086979128152,-24.721776021220307,1.0052136313683062,9.211640991155411,0.12067054082980143,-92.08583265941694,-1.1573229341274334,37.47809232339396,0.6295741068180681,65.10482020632497,0.2719344611720337,-0.12184224711740724,0.00015748,0.12312553971502774,0.00081957,1,0.0
4685,0.43510102028833114,0.12414361972178259,-1.54e-06,2.792408012983975,3.407086979128152,-73.3165658608459,1.0052136313683062,-4.297709589354952,0.12067054082980143,-31.62688958264783,-1.1573229341274334,19.70006099906617,0.6295741068180681,73.61067422643104,0.2719344611720337,-0.15743874864086302,0.00015748,0.15985876642137656,0.00081957,1,0.0
4686,0.44347281129710203,0.05539627001741397,-1.54e-06,2.792408012983975,3.407086979128152,-0.5503600033446039,1.0052136313683062,11.129191884117759,0.12067054082980143,-61.883878463384484,-1.1573229341274334,-35.624999237231734,0.6295741068180681,53.41276370949066,0.2719344611720337,-0.1511142388506987,0.00015748,0.1519078065768465,0.00081957,1,0.0
4687,0.5461378349208565,0.7128068183674421,-1.54e-06,2.792408012983975,3.407086979128152,62.110575959661425,1.0052136313683062,-0.890080759041607,0.12067054082980143,-56.095927086252026,-1.1573229341274334,31.408993561383202,0.6295741068180681,44.10668565613452,0.2719344611720337,-0.04225494341571395,0.00015748,0.6853080454522271,0.00081957,1,0.0
4688,0.035329868137962406,0.11118020049926983,-1.54e-06,2.792408012983975,3.407086979128152,-29.449586061411956,1.0052136313683062,-5.343567232587045,0.12067054082980143,-25.212016162746565,-1.1573229341274334,45.90292481031397,0.6295741068180681,34.94887263219898,0.2719344611720337,-0.1519534292948093,0.00015748,0.17545137506075956,0.00081957,1,0.0
4689,0.07167691368212015,0.09623885340518855,-1.54e-06,2.792408012983975,3.407086979128152,39.440440717390665,1.0052136313683062,11.94031432974485,0.12067054082980143,-99.15009053636838,-1.1573229341274334,25.761949629087574,0.6295741068180681,42.51091994830202,0.2719344611720337,-0.1265783347469549,0.00015748,0.2058184595676834,0.00081957,1,0.0
4690,0.6232044941571306,0.5199765116469712,-1.54e-06,2.792408012983975,3.407086979128152,78.26534685985811,1.0052136313683062,1.7709532655946258,0.12067054082980143,-24.096174800206963,-1.1573229341274334,-61.47232008185258,0.6295741068180681,30.61169014887125,0.2719344611720337,-0.13155824600518207,0.00015748,0.4860395724907336,0.00081957,1,0.0
4691,0.5522578704009141,0.05741013391014895,-1.54e-06,2.792408012983975,3.407086979128152,-74.11723924628353,1.0052136313683062,10.768579585772008,0.12067054082980143,-90.68587648310796,-1.1573229341274334,17.156741502743575,0.6295741068180681,94.1200970983373,0.2719344611720337,-0.13050492071221004,0.00015748,0.13389343722557184,0.00081957,1,0.0
4692,0.16113422528138732,0.02501587107074969,-1.54e-06,2.792408012983975,3.407086979128152,-21.1006779333087,1.0052136313683062,8.14608512162189,0.12067054082980143,-83.06508503584348,-1.1573229341274334,35.13934914007197,0.6295741068180681,57.87982889238392,0.2719344611720337,-0.11023320567257569,0.00015748,0.11041724676117429,0.00081957,1,0.0
4693,0.29895682550632624,0.14250683364458477,-1.54e-06,2.792408012983975,3.407086979128152,37.26005048989173,1.0052136313683062,1.1639433842910845,0.12067054082980143,-13.870193079797048,-1.1573229341274334,-50.81380126978872,0.6295741068180681,21.74070596238443,0.2719344611720337,-0.19612310597761967,0.00015748,0.2202281433053367,0.00081957,1,0.0
4694,0.01178607490827216,0.10221982975904981,-1.54e-06,2.792408012983975,3.407086979128152,56.6818987496428,1.0052136313683062,3.3303129326515375,0.12067054082980143,-32.98589565871001,-1.1573229341274334,2.1292188220405133,0.6295741068180681,2.9231899418921046,0.2719344611720337,-0.05071004198132675,0.00015748,0.19041873164434667,0.00081957,1,0.0
4695,0.2267785774631107,0.022631749436712215,-1.54e-06,2.792408012983975,3.407086979128152,-10.044310136421142,1.0052136313683062,7.440177853482669,0.12067054082980143,-61.545471415234594,-1.1573229341274334,5.665576115888758,0.6295741068180681,46.77990704493534,0.2719344611720337,-0.10485885225895987,0.00015748,0.10481717333679542,0.00081957,1,0.0
4696,0.3957096995022361,0.03095458842416724,-1.54e-06,2.792408012983975,3.407086979128152,-26.154485747872172,1.0052136313683062,7.789717884963566,0.12067054082980143,-47.41755963881958,-1.1573229341274334,-17.319043912632026,0.6295741068180681,50.48507577163994,0.2719344611720337,-0.09722167765112912,0.00015748,0.09782725950920491,0.00081957,1,0.0
4697,0.38089071517426465,0.02267902397286398,-1.54e-06,2.792408012983975,3.407086979128152,-21.09426323228458,1.0052136313683062,5.757805205740489,0.12067054082980143,-32.37392141916701,-1.1573229341274334,-25.162464474003,0.6295741068180681,41.91553707482753,0.2719344611720337,-0.07155710930438426,0.00015748,0.07246921692144055,0.00081957,1,0.0
4698,0.0009824922195891261,0.07723473297958447,-1.54e-06,2.792408012983975,3.407086979128152,63.85040094019473,1.0052136313683062,9.153663757201036,0.12067054082980143,-48.8136950066208,-1.1573229341274334,1.326499664960837,0.6295741068180681,0.03326125801439149,0.2719344611720337,0.004370048343692437,0.00015748,0.1515475109019781,0.00081957,0,0.0
4699,0.2039599634930166,0.04028991494125875,-1.54e-06,2.792408012983975,3.407086979128152,-54.913083683143874,1.0052136313683062,-0.5261061438101196,0.12067054082980143,-52.87230111685013,-1.1573229341274334,45.85941550825068,0.6295741068180681,62.11629670453671,0.2719344611720337,-0.09243014597798596,0.00015748,0.09143841167824573,0.00081957,1,0.0
4700,0.10012076389486026,0.002506778327244424,-1.54e-06,1.564833058983056,6.1718607294043455,-47.45959000590309,1.0052136313683062,-3.551666497402804,0.12067054082980143,-19.80477630377835,-1.1573229341274334,80.68600071029765,0.6295741068180681,33.311751725633115,0.2719344611720337,-0.019529739465762835,0.00015748,0.01956223224997497,0.00081957,1,0.0
4701,0.1316751929056466,0.002876577414333479,-1.54e-06,1.564833058983056,6.1718607294043455,-63.230230606547806,1.0052136313683062,-2.685778188724476,0.12067054082980143,-30.053578364520817,-1.1573229341274334,47.40983253941856,0.6295741068180681,49.31494427104567,0.2719344611720337,-0.01415759771986207,0.00015748,0.014172725655781346,0.00081957,1,0.0
4702,0.1640420445612611,0.0010968100167792656,-1.54e-06,1.564833058983056,6.1718607294043455,-81.43990054473917,1.0052136313683062,11.575061373116744,0.12067054082980143,-64.33019995359908,-1.1573229341274334,-70.10822884517846,0.6295741068180681,74.61631347625244,0.2719344611720337,-0.016539914935852353,0.00015748,0.016541219885034746,0.00081957,1,0.0
4703,0.026626823486815665,0.028636921237524697,-1.54e-06,1.564833058983056,6.1718607294043455,-28.146970541140607,1.0052136313683062,38.99900642986064,0.12067054082980143,-94.50840371111403,-1.1573229341274334,-14.03417411422732,0.6295741068180681,30.213087213381126,0.2719344611720337,-0.07290870505795741,0.00015748,0.07317112740275517,0.00081957,1,0.0
4704,0.0006593726771736419,0.03775955418804049,-1.54e-06,1.564833058983056,6.1718607294043455,19.186830136920573,1.0052136313683062,31.544846333718873,0.12067054082980143,-73.74655245378968,-1.1573229341274334,-41.4270556373558,0.6295741068180681,9.56211586490814,0.2719344611720337,-0.028241427833449767,0.00015748,0.0828986382027305,0.00081957,1,0.0
4705,0.04111467751642166,0.00018419728769680614,-1.54e-06,1.564833058983056,6.1718607294043455,-33.66398466324436,1.0052136313683062,1.9766134475674786,0.12067054082980143,-38.24405822839925,-1.1573229341274334,73.83630720139335,0.6295741068180681,27.375152574103456,0.2719344611720337,-0.004684851354861168,0.00015748,0.004684143444280832,0.00081957,1,0.0
4706,0.0016527825991588807,0.043187787511575815,-1.54e-06,1.564833058983056,6.1718607294043455,-10.783291454611293,1.0052136313683062,-25.50119136005606,0.12067054082980143,-4.953221264559425,-1.1573229341274334,64.65456377913199,0.6295741068180681,20.978201779369666,0.2719344611720337,-0.05634452582818178,0.00015748,0.08144079041178678,0.00081957,1,0.0
4707,3.903914702694036e-05,0.00021364359391865667,-1.54e-06,1.564833058983056,6.1718607294043455,-8.534282562590771,1.0052136313683062,2.046562591010627,0.12067054082980143,-18.452950332618922,-1.1573229341274334,58.35653206345749,0.6295741068180681,5.668818808168724,0.2719344611720337,-0.006748379794691612,0.00015748,0.006841460001585496,0.00081957,1,0.0
4708,0.0015325504160848477,0.00027467095562813985,-1.54e-06,1.564833058983056,6.1718607294043455,-11.069416840679908,1.0052136313683062,-2.4757130345164153,0.12067054082980143,-15.041374063663989,-1.1573229341274334,89.02686764056443,0.6295741068180681,6.004591088934879,0.2719344611720337,-0.009336917418363165,0.00015748,0.0093381990034822,0.00081957,1,0.0
4709,0.02964579887109231,0.00042432142121698736,-1.54e-06,1.564833058983056,6.1718607294043455,-31.001795520979957,1.0052136313683062,6.228648295184222,0.12067054082980143,-46.92437287739835,-1.1573229341274334,80.63651963403876,0.6295741068180681,25.626497840847136,0.2719344611720337,-0.011314417878526783,0.00015748,0.011331344367253637,0.00081957,1,0.0
4710,0.13343206274594058,0.002353039692976811,-1.54e-06,1.564833058983056,6.1718607294043455,-88.48045531446851,1.0052136313683062,4.124307735818246,0.12067054082980143,-83.36137690978462,-1.1573229341274334,44.53432061765297,0.6295741068180681,79.35867901997112,0.2719344611720337,-0.009397340176010394,0.00015748,0.009570312865905557,0.00081957,1,0.0
4711,0.00047182732390768645,0.062466733401103376,-1.54e-06,1.564833058983056,6.1718607294043455,55.10481906525548,1.0052136313683062,35.153096840587125,0.12067054082980143,-77.69554757276089,-1.1573229341274334,-67.46726275007785,0.6295741068180681,-0.747908486274414,0.2719344611720337,-0.014471033266834868,0.00015748,0.12579795431981622,0.00081957,1,0.0
4712,0.000507739246104956,0.006017572456935549,-1.54e-06,1.564833058983056,6.1718607294043455,-37.817435544372316,1.0052136313683062,8.477553236361064,0.12067054082980143,-86.28053098716273,-1.1573229341274334,55.33401962834675,0.6295741068180681,44.47962762620768,0.2719344611720337,-0.023901484636664916,0.00015748,0.031136227250154795,0.00081957,1,0.0
4713,0.00012556913347701315,0.002561854235494057,-1.54e-06,1.564833058983056,6.1718607294043455,1.4519684449073882,1.0052136313683062,11.949817727355848,0.12067054082980143,-15.433993498733102,-1.1573229341274334,-92.9324310495194,0.6295741068180681,5.485267841271714,0.2719344611720337,-0.02463447545309784,0.00015748,0.024685133463083465,0.00081957,1,0.0
4714,0.13946820157700585,0.01112747550729557,-1.54e-06,1.564833058983056,6.1718607294043455,-86.45436299653072,1.0052136313683062,-9.744179762605288,0.12067054082980143,-54.58863275434469,-1.1573229341274334,53.00316033433212,0.6295741068180681,75.16994335924959,0.2719344611720337,-0.02945630622869093,0.00015748,0.029436161747620836,0.00081957,1,0.0
4715,-7.811231269083674e-06,0.027041196783610603,-1.54e-06,1.564833058983056,6.1718607294043455,5.699561199095565,1.0052136313683062,18.515140638939016,0.12067054082980143,-74.06444250071999,-1.1573229341274334,64.75138522290612,0.6295741068180681,15.587212177815747,0.2719344611720337,-0.006407906320067987,0.00015748,0.05752630496159178,0.00081957,1,0.0
4716,-1.3589959325419065e-05,0.007678829085028576,-1.54e-06,1.564833058983056,6.1718607294043455,-24.992003908176493,1.0052136313683062,18.649390428358014,0.12067054082980143,-79.92083210801692,-1.1573229341274334,7.645455094238456,0.6295741068180681,32.96450763512266,0.2719344611720337,-0.03172345526948108,0.00015748,0.0388715385532054,0.00081957,1,0.0
4717,0.11619963964065838,0.0005715115888823271,-1.54e-06,1.564833058983056,6.1718607294043455,-50.1357383054225,1.0052136313683062,5.77865817824138,0.12067054082980143,-28.74320050455873,-1.1573229341274334,-51.82115781480126,0.6295741068180681,44.03588568284443,0.2719344611720337,-0.006676634884967834,0.00015748,0.006671278198881889,0.00081957,1,0.0
4718,0.04000641253475112,0.04975388079633093,-1.54e-06,1.564833058983056,6.1718607294043455,-68.13290157024156,1.0052136313683062,-27.97098713338323,0.12067054082980143,-52.11858480264394,-1.1573229341274334,64.56469321615462,0.6295741068180681,69.67496732189822,0.2719344611720337,-0.08129798768045268,0.00015748,0.08203713613263106,0.00081957,1,0.0
4719,0.1717791819974552,0.0022854074540576037,-1.54e-06,1.564833058983056,6.1718607294043455,-63.30195390762911,1.0052136313683062,5.942038140223547,0.12067054082980143,-19.95204352425357,-1.1573229341274334,-54.39170500416837,0.6295741068180681,50.50631142314908,0.2719344611720337,-0.014418932840796816,0.00015748,0.014397578082197882,0.00081957,1,0.0
4720,0.09320764252330975,0.005678238193910839,-1.54e-06,1.564833058983056,6.1718607294043455,-34.35778591476538,1.0052136313683062,16.17915945244336,0.12067054082980143,-31.180761323290184,-1.1573229341274334,-29.699604421852722,0.6295741068180681,27.464717324161672,0.2719344611720337,-0.032828868355452144,0.00015748,0.032879801367237234,0.00081957,1,0.0
4721,0.00718772956021884,0.0029858023146646763,-1.54e-06,1.564833058983056,6.1718607294043455,-1.1424914918196922,1.0052136313683062,6.651144487025681,0.12067054082980143,-8.697504193562787,-1.1573229341274334,54.91334533646026,0.6295741068180681,-4.122847037455421,0.2719344611720337,-0.02332576896758859,0.00015748,0.023306217583691897,0.00081957,1,0.0
4722,0.06670142344610008,0.000785993668522617,-1.54e-06,1.564833058983056,6.1718607294043455,-30.10640534698443,1.0052136313683062,-0.7178814936302969,0.12067054082980143,-13.033087609570213,-1.1573229341274334,35.48885731286514,0.6295741068180681,21.816508486027153,0.2719344611720337,-0.010393952313634014,0.00015748,0.010425890258077953,0.00081957,1,0.0
4723,0.17708225730249555,0.0013264022330743007,-1.54e-06,1.564833058983056,6.1718607294043455,-88.26391555029059,1.0052136313683062,13.704691521531927,0.12067054082980143,-71.91055743539097,-1.1573229341274334,-79.0922802241375,0.6295741068180681,81.227707180937,0.2719344611720337,-0.019981555451409942,0.00015748,0.019981099149975444,0.00081957,1,0.0
4724,0.25618795797603383,0.01053078283616175,-1.54e-06,1.564833058983056,6.1718607294043455,-86.24935232718877,1.0052136313683062,7.868817599863503,0.12067054082980143,-15.243474344313213,-1.1573229341274334,-16.39575064094858,0.6295741068180681,60.89352942252629,0.2719344611720337,-0.040681754437936944,0.00015748,0.04119365241986734,0.00081957,1,0.0
4725,0.0009481705876138724,0.05535846141526524,-1.54e-06,1.564833058983056,6.1718607294043455,51.27753170273249,1.0052136313683062,30.43395947028793,0.12067054082980143,-67.5814558724636,-1.1573229341274334,-36.16572336135814,0.6295741068180681,-3.3880628859795388,0.2719344611720337,-0.0073368080628942525,0.00015748,0.10991928492045738,0.00081957,1,0.0
4726,0.0009385059495722325,0.0470675731228469,-1.54e-06,1.564833058983056,6.1718607294043455,72.25111472730615,1.0052136313683062,19.22353349920662,0.12067054082980143,-4.3560022488596974,-1.1573229341274334,-15.820604081739127,0.6295741068180681,-34.80072079081129,0.2719344611720337,0.017732320861017836,0.00015748,0.07572140987936388,0.00081957,0,0.0
4727,0.10976842266393944,0.0009438187732733463,-1.54e-06,1.564833058983056,6.1718607294043455,-55.437587914323196,1.0052136313683062,2.383664002724092,0.12067054082980143,-36.83800498684064,-1.1573229341274334,21.767577865631438,0.6295741068180681,45.72789904703148,0.2719344611720337,-0.00507339892206208,0.00015748,0.005080896354885231,0.00081957,1,0.0
4728,0.04053641079656094,0.0028590097661522237,-1.54e-06,1.564833058983056,6.1718607294043455,-41.38749578495498,1.0052136313683062,15.160499792941492,0.12067054082980143,-71.48797249128044,-1.1573229341274334,-65.89468990089007,0.6295741068180681,47.54310395977905,0.2719344611720337,-0.03416997967267868,0.00015748,0.03426030057122467,0.00081957,1,0.0
4729,0.05427915967693501,0.0020248071157563216,-1.54e-06,1.564833058983056,6.1718607294043455,-59.41993973257432,1.0052136313683062,10.991823809645936,0.12067054082980143,-88.69693438377706,-1.1573229341274334,1.8295334239449463,0.6295741068180681,61.39705903859184,0.2719344611720337,-0.027498488042254722,0.00015748,0.027545994880334886,0.00081957,1,0.0
4730,0.00013935500148182234,0.013699145797080096,-1.54e-06,1.564833058983056,6.1718607294043455,-32.45538153730205,1.0052136313683062,9.71566073406538,0.12067054082980143,-78.76402011725321,-1.1573229341274334,-99.56446133433525,0.6295741068180681,50.58764959465716,0.2719344611720337,-0.051382146972209566,0.00015748,0.05938618256102032,0.00081957,1,0.0
4731,0.06971299757650455,0.001743399692738392,-1.54e-06,1.564833058983056,6.1718607294043455,-53.444265362888,1.0052136313683062,2.3224193421677715,0.12067054082980143,-56.035212816861026,-1.1573229341274334,6.97880211586029,0.6295741068180681,51.26595366649054,0.2719344611720337,-0.01525961431662806,0.00015748,0.015270676601364877,0.00081957,1,0.0
4732,0.0006877368426880387,0.04322079714740569,-1.54e-06,1.564833058983056,6.1718607294043455,51.65814958262003,1.0052136313683062,13.59422903429474,0.12067054082980143,-29.400778588056788,-1.1573229341274334,60.22922617421793,0.6295741068180681,-17.36216162734965,0.2719344611720337,0.021199668992648767,0.00015748,0.07001425906929026,0.00081957,0,0.0
4733,8.099475515641053e-05,0.020592909041906745,-1.54e-06,1.564833058983056,6.1718607294043455,19.98631736782054,1.0052136313683062,20.28607480777197,0.12067054082980143,-28.661916112858474,-1.1573229341274334,-66.6072662062003,0.6295741068180681,-2.5395301631042115,0.2719344611720337,-0.02097512846622123,0.00015748,0.05099168900247301,0.00081957,1,0.0
4734,-6.313642243585549e-05,0.032864024365524463,-1.54e-06,1.564833058983056,6.1718607294043455,12.972214958584242,1.0052136313683062,30.674235829630334,0.12067054082980143,-34.3838536515367,-1.1573229341274334,14.679096456185167,0.6295741068180681,-12.235432339722323,0.2719344611720337,-0.062171366301352865,0.00015748,0.07023759499413143,0.00081957,1,0.0
4735,-6.580128819433373e-06,0.06674558709223793,-1.54e-06,1.564833058983056,6.1718607294043455,65.17797701759963,1.0052136313683062,33.385491160566296,0.12067054082980143,-78.66701828597344,-1.1573229341274334,42.63547985964762,0.6295741068180681,-11.146661320624565,0.2719344611720337,0.007856788569000989,0.00015748,0.12220935948738393,0.00081957,0,0.0
4736,0.1653475359969007,0.04191832413256621,-1.54e-06,1.564833058983056,6.1718607294043455,-26.926306223747396,1.0052136313683062,23.70172506996202,0.12067054082980143,-71.40117746593275,-1.1573229341274334,57.7999650122617,0.6295741068180681,40.79949133212143,0.2719344611720337,0.010301069184259475,0.00015748,0.06653011364193577,0.00081957,0,0.0
4737,5.2817278095099174e-05,0.007893927350116094,-1.54e-06,1.564833058983056,6.1718607294043455,6.691209643708003,1.0052136313683062,17.850516304714624,0.12067054082980143,-17.361708092803294,-1.1573229341274334,-71.07906193935615,0.6295741068180681,-1.6708699403984555,0.2719344611720337,-0.033772352989651824,0.00015748,0.03523739943022802,0.00081957,1,0.0
4738,0.1547562342629039,0.018528768905419518,-1.54e-06,1.564833058983056,6.1718607294043455,-58.780041723453685,1.0052136313683062,26.07452025941358,0.12067054082980143,-53.821399993514646,-1.1573229341274334,6.637888867483914,0.6295741068180681,43.24804548051829,0.2719344611720337,-0.05927303913020092,0.00015748,0.05921352469320093,0.00081957,1,0.0
4739,0.17530223261517167,0.005869338366074469,-1.54e-06,1.564833058983056,6.1718607294043455,-55.04402810559985,1.0052136313683062,12.445846085651144,0.12067054082980143,-13.729330503981748,-1.1573229341274334,-69.19369160005286,0.6295741068180681,41.21580943427751,0.2719344611720337,-0.031307968026710195,0.00015748,0.031246107922058355,0.00081957,1,0.0
4740,0.13008844965646243,0.010975758995886783,-1.54e-06,1.564833058983056,6.1718607294043455,-72.16310991954657,1.0052136313683062,-14.096385138823083,0.12067054082980143,-28.862219452919277,-1.1573229341274334,98.16527126599173,0.6295741068180681,56.25164874858317,0.2719344611720337,-0.03314608492562175,0.00015748,0.03312361690430132,0.00081957,1,0.0
4741,0.0015137554424941718,0.0010763453594535748,-1.54e-06,1.564833058983056,6.1718607294043455,-30.844405781936644,1.0052136313683062,10.455082241306393,0.12067054082980143,-69.22494293239824,-1.1573229341274334,63.8577071300767,0.6295741068180681,31.513349509497097,0.2719344611720337,-0.018516171024204896,0.00015748,0.01857987741816652,0.00081957,1,0.0
4742,0.0003068045944343567,0.05446353710272237,-1.54e-06,1.564833058983056,6.1718607294043455,72.03242735595249,1.0052136313683062,25.9374444288391,0.12067054082980143,-27.990301135635352,-1.1573229341274334,-34.329258329512726,0.6295741068180681,-26.684678993445935,0.2719344611720337,0.008495149384197494,0.00015748,0.0967443964793431,0.00081957,0,0.0
4743,7.580942565927479e-05,0.0015316950818580085,-1.54e-06,1.564833058983056,6.1718607294043455,-0.6832464668072487,1.0052136313683062,9.152059470813732,0.12067054082980143,-15.114844360926657,-1.1573229341274334,-69.78304502673525,0.6295741068180681,6.321572874841536,0.2719344611720337,-0.019277230529582308,0.00015748,0.01948348208879748,0.00081957,1,0.0
4744,0.00029394481745309564,0.05208043019538889,-1.54e-06,1.564833058983056,6.1718607294043455,77.01724604759772,1.0052136313683062,25.20645693715649,0.12067054082980143,-10.407075906500339,-1.1573229341274334,-83.69424188338176,0.6295741068180681,-32.54049271725308,0.2719344611720337,0.005141071392014453,0.00015748,0.09308579322946306,0.00081957,0,0.0
4745,0.07916216633805415,0.0025351020489000273,-1.54e-06,1.564833058983056,6.1718607294043455,-54.857331509062504,1.0052136313683062,17.24637583532479,0.12067054082980143,-75.76876905203848,-1.1573229341274334,-77.92539461927225,0.6295741068180681,57.94337920371098,0.2719344611720337,-0.033712220397447645,0.00015748,0.03373768327140515,0.00081957,1,0.0
4746,0.00017611706481826528,0.02127422061316474,-1.54e-06,1.564833058983056,6.1718607294043455,22.443101436565627,1.0052136313683062,19.2789012466397,0.12067054082980143,-25.24424322602608,-1.1573229341274334,-43.148191252764335,0.6295741068180681,-6.160027496351987,0.2719344611720337,-0.01682141426068654,0.00015748,0.048959838490039355,0.00081957,1,0.0
4747,0.1478833969347794,0.001150524312908049,-1.54e-06,1.564833058983056,6.1718607294043455,-58.73453374518653,1.0052136313683062,4.610189885698108,0.12067054082980143,-23.572610301622326,-1.1573229341274334,-64.45086929018402,0.6295741068180681,49.901014945441965,0.2719344611720337,-0.004742070120377489,0.00015748,0.004747306142327638,0.00081957,1,0.0
4748,2.85740766124698e-05,0.04668705017219265,-1.54e-06,1.564833058983056,6.1718607294043455,48.59715402552034,1.0052136313683062,20.647189076765027,0.12067054082980143,-49.875532670350005,-1.1573229341274334,42.31595950067582,0.6295741068180681,-10.241428376162576,0.2719344611720337,0.011162808687121724,0.00015748,0.08374634796867714,0.00081957,0,0.0
4749,0.00037870656029771743,0.018418925274825793,-1.54e-06,1.564833058983056,6.1718607294043455,-14.44522501701102,1.0052136313683062,16.17436168452156,0.12067054082980143,-85.86778970941134,-1.1573229341274334,63.43081127494523,0.6295741068180681,30.010623745230436,0.2719344611720337,-0.015043354898526418,0.00015748,0.0482909763641244,0.00081957,1,0.0
4750,0.07367467217061108,0.00030330718049972097,-1.54e-06,1.564833058983056,6.1718607294043455,-43.44358391627027,1.0052136313683062,3.4988293481463897,0.12067054082980143,-38.50913348383083,-1.1573229341274334,22.022661771353636,0.6295741068180681,37.53770831345665,0.2719344611720337,-0.0029430275065474862,0.00015748,0.0029573976540022704,0.00081957,1,0.0
4751,0.053366668785384,0.002189100203193849,-1.54e-06,1.564833058983056,6.1718607294043455,-49.32853444228023,1.0052136313683062,14.284749420849305,0.12067054082980143,-76.68147823761761,-1.1573229341274334,-43.56746519819507,0.6295741068180681,53.100761660487066,0.2719344611720337,-0.030707771547499103,0.00015748,0.030815409056030002,0.00081957,1,0.0
4752,0.09881778897332655,0.0007114507941005493,-1.54e-06,1.564833058983056,6.1718607294043455,-67.62752112934635,1.0052136313683062,5.006372855037542,0.12067054082980143,-68.77065462974397,-1.1573229341274334,96.40002772813378,0.6295741068180681,56.277688254059676,0.2719344611720337,-0.007459782377853559,0.00015748,0.007448863046644759,0.00081957,1,0.0
4753,0.00027253059938642243,0.05910929764703601,-1.54e-06,1.564833058983056,6.1718607294043455,91.01594628167656,1.0052136313683062,28.777789510805555,0.12067054082980143,-0.2167760620857803,-1.1573229341274334,-94.80121355720894,0.6295741068180681,-44.086486448492124,0.2719344611720337,0.006465158624506952,0.00015748,0.09967458652688374,0.00081957,0,0.0
4754,0.002509478150231767,0.08474111038956947,-1.54e-06,1.564833058983056,6.1718607294043455,54.46800947095476,1.0052136313683062,18.50679289292181,0.12067054082980143,-98.08735917457439,-1.1573229341274334,17.971971597118518,0.6295741068180681,16.111882600808805,0.2719344611720337,-0.011900549687325707,0.00015748,0.16629247793661397,0.00081957,1,0.0
4755,0.07569650386917147,0.00032567129407084307,-1.54e-06,1.564833058983056,6.1718607294043455,-58.963285502978266,1.0052136313683062,8.547370766323578,0.12067054082980143,-72.26069538697314,-1.1573229341274334,55.98286544377731,0.6295741068180681,53.01731936731489,0.2719344611720337,-0.011370437372491566,0.00015748,0.01137555423192085,0.00081957,1,0.0
4756,0.0003720569262254808,0.006767912484438527,-1.54e-06,1.564833058983056,6.1718607294043455,-26.82166080252222,1.0052136313683062,13.03913072761556,0.12067054082980143,-77.13212774457683,-1.1573229341274334,37.06030504510227,0.6295741068180681,34.215455794112934,0.2719344611720337,-0.022091945479993352,0.00015748,0.03189200566119122,0.00081957,1,0.0
4757,0.000371084571060519,0.04305644301625951,-1.54e-06,1.564833058983056,6.1718607294043455,42.25070418166228,1.0052136313683062,8.178427755538731,0.12067054082980143,-33.80602212975288,-1.1573229341274334,44.88874435719481,0.6295741068180681,-6.635464977004091,0.2719344611720337,0.009425362736776098,0.00015748,0.0786050124142742,0.00081957,0,0.0
4758,6.876457406926328e-05,0.02418693784402705,-1.54e-06,1.564833058983056,6.1718607294043455,20.205132022487756,1.0052136313683062,19.55681031352957,0.12067054082980143,-18.525432619481034,-1.1573229341274334,69.4626213283964,0.6295741068180681,-18.24205007156899,0.2719344611720337,-0.03472391134880827,0.00015748,0.055607253753128444,0.00081957,1,0.0
4759,0.0011293556912212027,0.0001680312316193186,-1.54e-06,1.564833058983056,6.1718607294043455,-11.606223026722237,1.0052136313683062,0.030925289285075985,0.12067054082980143,-20.108512173701264,-1.1573229341274334,85.64637828933114,0.6295741068180681,6.981766572787962,0.2719344611720337,-0.008019194959214519,0.00015748,0.00803636804375117,0.00081957,1,0.0
4760,9.96815661835071e-05,0.057530938905240504,-1.54e-06,1.564833058983056,6.1718607294043455,67.92879132747736,1.0052136313683062,31.133850923886296,0.12067054082980143,-38.83091431727562,-1.1573229341274334,-8.195108058425824,0.6295741068180681,-26.15676835666884,0.2719344611720337,0.002054548720514228,0.00015748,0.09877724840577229,0.00081957,0,0.0
4761,0.050425028842679936,0.06731055023324728,-1.54e-06,1.564833058983056,6.1718607294043455,61.166109439137735,1.0052136313683062,38.53377429725055,0.12067054082980143,-45.5813502732003,-1.1573229341274334,-85.35481165979898,0.6295741068180681,-14.159806389501542,0.2719344611720337,-0.004519941338175605,0.00015748,0.11741678641506995,0.00081957,1,0.0
4762,0.0013371405388316465,0.0032723315624578727,-1.54e-06,1.564833058983056,6.1718607294043455,-17.49253439801704,1.0052136313683062,13.838713731393709,0.12067054082980143,-51.37109704576486,-1.1573229341274334,46.87155538782011,0.6295741068180681,16.925838539452904,0.2719344611720337,-0.02538743885387959,0.00015748,0.025350871287511012,0.00081957,1,0.0
4763,0.2740747211690261,0.019852321710192886,-1.54e-06,1.564833058983056,6.1718607294043455,-85.57708359324313,1.0052136313683062,9.513493233524203,0.12067054082980143,-6.634553861387024,-1.1573229341274334,29.811778488915838,0.6295741068180681,53.39402183410445,0.2719344611720337,-0.06172610782142107,0.00015748,0.06205501806633622,0.00081957,1,0.0
4764,0.08279542083747456,0.0017424831618424446,-1.54e-06,1.564833058983056,6.1718607294043455,-57.17638564330783,1.0052136313683062,8.338615116131136,0.12067054082980143,-63.98163004833234,-1.1573229341274334,-55.228849121079435,0.6295741068180681,58.351615461549265,0.2719344611720337,-0.024028734470277376,0.00015748,0.02409732412008747,0.00081957,1,0.0
4765,0.06580936215743387,0.0027020837869866734,-1.54e-06,1.564833058983056,6.1718607294043455,-55.949639512348206,1.0052136313683062,16.166035105927953,0.12067054082980143,-83.65113691160535,-1.1573229341274334,-58.40990624364108,0.6295741068180681,59.9422609807941,0.2719344611720337,-0.03442975268789854,0.00015748,0.03437943907213434,0.00081957,1,0.0
4766,-1.4311652758586257e-05,0.01362896828794457,-1.54e-06,1.564833058983056,6.1718607294043455,3.655612102393768,1.0052136313683062,20.532697810236417,0.12067054082980143,-41.061855754063544,-1.1573229341274334,-70.86151827751631,0.6295741068180681,9.100576912557088,0.2719344611720337,-0.03069639444598953,0.00015748,0.04553822255648124,0.00081957,1,0.0
4767,0.09295588304738411,0.00045791228580494236,-1.54e-06,1.564833058983056,6.1718607294043455,-70.56608051113479,1.0052136313683062,8.188937987758425,0.12067054082980143,-82.10048368260776,-1.1573229341274334,77.94633481565583,0.6295741068180681,62.23917532893,0.2719344611720337,-0.009470813924136484,0.00015748,0.009545880879611696,0.00081957,1,0.0
4768,0.13149309539777818,0.0009497287329880526,-1.54e-06,1.564833058983056,6.1718607294043455,-68.92442849974071,1.0052136313683062,5.253098619345303,0.12067054082980143,-52.05961896877733,-1.1573229341274334,8.707074379545126,0.6295741068180681,59.108569618814116,0.2719344611720337,-0.004435424785942626,0.00015748,0.004430113318243619,0.00081957,1,0.0
4769,0.0002750354076505243,0.026592861908431818,-1.54e-06,1.564833058983056,6.1718607294043455,17.51691679257343,1.0052136313683062,9.429443253216172,0.12067054082980143,-32.74271779721728,-1.1573229341274334,-89.90055645792854,0.6295741068180681,10.787621944790537,0.2719344611720337,-0.02127132703809676,0.00015748,0.0673714264834932,0.00081957,1,0.0
4770,0.27065714869659446,0.04307005438635238,-1.54e-06,1.564833058983056,6.1718607294043455,-76.7744797875752,1.0052136313683062,35.17140922426787,0.12067054082980143,-32.49220095791369,-1.1573229341274334,-84.5046466253776,0.6295741068180681,52.28663664807947,0.2719344611720337,-0.08767845296700594,0.00015748,0.08786025080730336,0.00081957,1,0.0
4771,0.15028634808905214,0.08129214073449093,-1.54e-06,1.564833058983056,6.1718607294043455,-41.69248956287643,1.0052136313683062,46.10536236865722,0.12067054082980143,-60.57414313731954,-1.1573229341274334,81.25311909837127,0.6295741068180681,18.750092289310672,0.2719344611720337,-0.1180363149172517,0.00015748,0.11957752629576071,0.00081957,1,0.0
4772,0.05578645311277197,0.0044529120886608615,-1.54e-06,1.564833058983056,6.1718607294043455,-54.427932789987565,1.0052136313683062,21.838858433278435,0.12067054082980143,-95.88543518707549,-1.1573229341274334,-32.19256674262293,0.6295741068180681,57.817659166038716,0.2719344611720337,-0.0400636110966541,0.00015748,0.04006316534247617,0.00081957,1,0.0
4773,0.04606066947193485,0.046197618734085025,-1.54e-06,1.564833058983056,6.1718607294043455,41.10315430726358,1.0052136313683062,13.471851628380627,0.12067054082980143,-21.868515468152193,-1.1573229341274334,-82.96002162100852,0.6295741068180681,-0.6088038623438016,0.2719344611720337,0.0025024770283243805,0.00015748,0.09011794698052264,0.00081957,0,0.0
4774,0.0005622384278435553,0.0016821117759158585,-1.54e-06,1.564833058983056,6.1718607294043455,2.152588393309048,1.0052136313683062,2.163438042124294,0.12067054082980143,-1e-20,-1.1573229341274334,68.05732982254773,0.6295741068180681,-7.883214527414167,0.2719344611720337,-0.0192531051686464,0.00015748,0.019345256721631027,0.00081957,1,0.0
4775,0.172110680248756,0.005899411252957701,-1.54e-06,1.564833058983056,6.1718607294043455,-78.38202820403585,1.0052136313683062,-5.914964683945337,0.12067054082980143,-27.945122080024337,-1.1573229341274334,37.750195424499346,0.6295741068180681,61.248003845907384,0.2719344611720337,-0.020276837501640846,0.00015748,0.020267324717464022,0.00081957,1,0.0
4776,0.0005941662930081873,0.003060832005770339,-1.54e-06,1.564833058983056,6.1718607294043455,-6.060047075291149,1.0052136313683062,8.266447379546056,0.12067054082980143,-23.89156038637209,-1.1573229341274334,77.46080680392888,0.6295741068180681,1.2173580902943766,0.2719344611720337,-0.023221298479646955,0.00015748,0.02343851441663756,0.00081957,1,0.0
4777,0.17140727356381547,0.004342888761882208,-1.54e-06,1.564833058983056,6.1718607294043455,-70.37163097762117,1.0052136313683062,-1.485710755936293,0.12067054082980143,-21.627115898455056,-1.1573229341274334,38.655904754205515,0.6295741068180681,51.841961216303844,0.2719344611720337,-0.022104412058394068,0.00015748,0.02223128722244608,0.00081957,1,0.0
4778,0.025969874882651123,0.0009844972483555525,-1.54e-06,1.564833058983056,6.1718607294043455,-25.10054830649658,1.0052136313683062,9.914077753916887,0.12067054082980143,-43.75031919492708,-1.1573229341274334,-27.939986262638133,0.6295741068180681,27.648515657600672,0.2719344611720337,-0.0195101503004135,0.00015748,0.01952930960926717,0.00081957,1,0.0
4779,0.12137882847409937,0.0008481055782875486,-1.54e-06,1.564833058983056,6.1718607294043455,-58.61075087367681,1.0052136313683062,3.9780543292742787,0.12067054082980143,-37.90808532499578,-1.1573229341274334,-14.425116216976887,0.6295741068180681,50.358693537427,0.2719344611720337,-0.0026458984726882647,0.00015748,0.0026713729749094227,0.00081957,1,0.0
4780,0.14647950654030858,0.001427687436899427,-1.54e-06,1.564833058983056,6.1718607294043455,-65.6477250769369,1.0052136313683062,4.350776828452699,0.12067054082980143,-36.34634139440892,-1.1573229341274334,-8.001705941583865,0.6295741068180681,53.99031309856554,0.2719344611720337,-0.008108455954620928,0.00015748,0.008126846389508332,0.00081957,1,0.0
4781,0.12001745943309458,0.0008606588922119467,-1.54e-06,1.564833058983056,6.1718607294043455,-68.0825754030106,1.0052136313683062,11.397870487737075,0.12067054082980143,-66.303035990525,-1.1573229341274334,-49.43433711867464,0.6295741068180681,64.55294442260552,0.2719344611720337,-0.019016460696619962,0.00015748,0.01901194751178556,0.00081957,1,0.0
4782,0.147415398396601,0.004206763270111283,-1.54e-06,1.564833058983056,6.1718607294043455,-84.11144787665613,1.0052136313683062,24.077826223390577,0.12067054082980143,-98.09541741967912,-1.1573229341274334,-64.34188744116504,0.6295741068180681,80.18764762038215,0.2719344611720337,-0.03903201400189653,0.00015748,0.03909830330455982,0.00081957,1,0.0
4783,0.16337292321393812,0.0011112558960342034,-1.54e-06,1.564833058983056,6.1718607294043455,-86.26938425158507,1.0052136313683062,10.210344411157974,0.12067054082980143,-71.21719348758405,-1.1573229341274334,-31.667509565717573,0.6295741068180681,77.49807806790687,0.2719344611720337,-0.012863834068761716,0.00015748,0.01287532167728661,0.00081957,1,0.0
4784,0.19338900624121244,0.005649397304728383,-1.54e-06,1.564833058983056,6.1718607294043455,-77.54109020206607,1.0052136313683062,-2.398781273887009,0.12067054082980143,-19.877380365626976,-1.1573229341274334,37.578149207997356,0.6295741068180681,56.67744640286007,0.2719344611720337,-0.02554949945563466,0.00015748,0.02555399257783183,0.00081957,1,0.0
4785,0.15642237192784042,0.0010264898837646108,-1.54e-06,1.564833058983056,6.1718607294043455,-74.98109000954692,1.0052136313683062,11.61833459863243,0.12067054082980143,-57.54535598341485,-1.1573229341274334,-81.60877255192223,0.6295741068180681,69.12379113672502,0.2719344611720337,-0.01705124816412798,0.00015748,0.017074634858772537,0.00081957,1,0.0
4786,0.07623794030648942,0.004402573675733089,-1.54e-06,1.564833058983056,6.1718607294043455,-56.73757191355489,1.0052136313683062,22.219349442646756,0.12067054082980143,-88.5514013086279,-1.1573229341274334,-61.82223345976274,0.6295741068180681,59.406495339371325,0.2719344611720337,-0.04006182104990333,0.00015748,0.04005353215097854,0.00081957,1,0.0
4787,0.10389732815957597,0.0007236119721094073,-1.54e-06,1.564833058983056,6.1718607294043455,-69.93099581886794,1.0052136313683062,11.935811072061842,0.12067054082980143,-79.98468958914927,-1.1573229341274334,6.787969207785016,0.6295741068180681,65.11781931202601,0.2719344611720337,-0.01821264642809869,0.00015748,0.01821820963250997,0.00081957,1,0.0
4788,0.18027173454305506,0.03896290297495427,-1.54e-06,1.564833058983056,6.1718607294043455,-36.74377578838073,1.0052136313683062,16.42082060242744,0.12067054082980143,-67.02759268789416,-1.1573229341274334,-25.720821807006324,0.6295741068180681,56.0739869648177,0.2719344611720337,0.01238994566685966,0.00015748,0.06376901335097111,0.00081957,0,0.0
4789,0.03738571824703809,0.00013471528063587512,-1.54e-06,1.564833058983056,6.1718607294043455,-45.25460949112355,1.0052136313683062,5.764356281045631,0.12067054082980143,-66.427085021233,-1.1573229341274334,93.33964413016726,0.6295741068180681,40.278665542963026,0.2719344611720337,-0.007148689757284319,0.00015748,0.007149091480783972,0.00081957,1,0.0
4790,0.07914042541430111,0.021917600195997273,-1.54e-06,1.564833058983056,6.1718607294043455,-32.88669310843348,1.0052136313683062,34.40210525833403,0.12067054082980143,-65.65033677502714,-1.1573229341274334,-84.42290040463487,0.6295741068180681,32.788558113375196,0.2719344611720337,-0.06361341196988853,0.00015748,0.06451547039587018,0.00081957,1,0.0
4791,0.14836839907517624,0.11902229250783163,-1.54e-06,1.564833058983056,6.1718607294043455,59.39176873570007,1.0052136313683062,25.45577157629857,0.12067054082980143,-97.16386860802817,-1.1573229341274334,-57.13792661368381,0.6295741068180681,31.98157782828351,0.2719344611720337,0.010256318008831047,0.00015748,0.21976725796630964,0.00081957,0,0.0
4792,0.12126579242828234,0.0008237753290549314,-1.54e-06,1.564833058983056,6.1718607294043455,-79.35731156023662,1.0052136313683062,6.663633259792604,0.12067054082980143,-78.62539232705245,-1.1573229341274334,75.80404643067835,0.6295741068180681,68.04612044148753,0.2719344611720337,-0.006384398310579546,0.00015748,0.006389330760613413,0.00081957,1,0.0
4793,0.0004430710709274477,0.049765517837265405,-1.54e-06,1.564833058983056,6.1718607294043455,35.845102328461905,1.0052136313683062,29.599120910406846,0.12067054082980143,-82.22294220055221,-1.1573229341274334,68.21561400681865,0.6295741068180681,1.032278217977351,0.2719344611720337,-0.001354925807164821,0.00015748,0.09287561902223304,0.00081957,1,0.0
4794,0.127670857912414,0.05752411929716681,-1.54e-06,1.564833058983056,6.1718607294043455,-24.832975008226878,1.0052136313683062,34.56134968109979,0.12067054082980143,-25.09549939423667,-1.1573229341274334,62.5918953993713,0.6295741068180681,3.401749293515464,0.2719344611720337,-0.09994319077325409,0.00015748,0.10044005378913431,0.00081957,1,0.0
4795,-6.767935827672877e-05,0.047224980710552124,-1.54e-06,1.564833058983056,6.1718607294043455,73.77769388871506,1.0052136313683062,15.67955883382394,0.12067054082980143,-1e-20,-1.1573229341274334,36.97195552015679,0.6295741068180681,-39.119065630845654,0.2719344611720337,0.02862781357332217,0.00015748,0.06747884729482287,0.00081957,0,0.0
4796,0.15917945220550705,0.0020971872387826203,-1.54e-06,1.564833058983056,6.1718607294043455,-79.77032047121622,1.0052136313683062,5.145504684135929,0.12067054082980143,-55.150984539894004,-1.1573229341274334,51.753933095723625,0.6295741068180681,64.00543340669645,0.2719344611720337,-0.01401355484731922,0.00015748,0.01402206799634359,0.00081957,1,0.0
4797,0.0978723398658507,0.010692492859907594,-1.54e-06,1.564833058983056,6.1718607294043455,-57.79589288472957,1.0052136313683062,29.5480073732059,0.12067054082980143,-89.62629916454992,-1.1573229341274334,-55.483709624967524,0.6295741068180681,56.55766005952909,0.2719344611720337,-0.05128396804085063,0.00015748,0.051341359660580205,0.00081957,1,0.0
4798,0.06549512276178891,0.010977516307809182,-1.54e-06,1.564833058983056,6.1718607294043455,-50.474167287982546,1.0052136313683062,15.816380745066294,0.12067054082980143,-91.78105737781819,-1.1573229341274334,-27.7322309304743,0.6295741068180681,60.00950504868272,0.2719344611720337,-0.0279568472934174,0.00015748,0.044529629138770975,0.00081957,1,0.0
4799,0.16722618522897734,0.002310200462052577,-1.54e-06,1.564833058983056,6.1718607294043455,-79.77923162100136,1.0052136313683062,2.4842825686495003,0.12067054082980143,-46.05738105901139,-1.1573229341274334,-4.460983715367842,0.6295741068180681,67.06513188944673,0.2719344611720337,-0.0036931130513521773,0.00015748,0.003791347896934954,0.00081957,1,0.0
4800,1.7603083371333437,0.9241852359549811,-1.54e-06,1.0583465787219872,2.4015336450381217,-39.77891038892739,1.0052136313683062,8.213933096756804,0.12067054082980143,-55.742311975794365,-1.1573229341274334,9.101183949034171,0.6295741068180681,69.85453721744386,0.2719344611720337,-0.31620859401645107,0.00015748,0.31877138751116496,0.00081957,1,0.0
4801,0.0033795818115849308,0.04991828816068632,-1.54e-06,1.0583465787219872,2.4015336450381217,81.02275688610253,1.0052136313683062,49.337783864273774,0.12067054082980143,-63.07298836670239,-1.1573229341274334,-40.882639459937025,0.6295741068180681,-32.282402737219726,0.2719344611720337,0.2639973964117619,0.00015748,7.535055666303994,0.00081957,0,0.0
4802,-0.044578742262877835,0.7413001993658731,-1.54e-06,1.0583465787219872,2.4015336450381217,58.110185574730345,1.0052136313683062,19.708134470112796,0.12067054082980143,-0.960992438620324,-1.1573229341274334,-14.469141800223824,0.6295741068180681,-46.068563825557504,0.2719344611720337,2.0152357489013664,0.00015748,3.835531013678466,0.00081957,0,0.0
4803,-0.14230673805303862,0.9228506564056288,-1.54e-06,1.0583465787219872,2.4015336450381217,4.157759641707236,1.0052136313683062,1.3290335052580593,0.12067054082980143,-35.731501995215325,-1.1573229341274334,74.5361970766352,0.6295741068180681,-1.7336803382541435,0.2719344611720337,0.37433294388347216,0.00015748,2.9243431786124705,0.00081957,0,0.0
4804,2.535995145668876,7.1709325550609515,-1.54e-06,1.0583465787219872,2.4015336450381217,72.33587235383602,1.0052136313683062,50.67982427843505,0.12067054082980143,-84.73514904965923,-1.1573229341274334,-77.65709627626701,0.6295741068180681,20.05597950298731,0.2719344611720337,0.2679121855168951,0.00015748,10.812743153204211,0.00081957,0,0.0
4805,-0.005641863402121361,0.314624383275662,-1.54e-06,1.0583465787219872,2.4015336450381217,-2.3448972289209458,1.0052136313683062,4.000739455207881,0.12067054082980143,-40.376390955152935,-1.1573229341274334,60.34543928362233,0.6295741068180681,8.730833244463865,0.2719344611720337,0.34597000623616336,0.00015748,1.973910792761544,0.00081957,0,0.0
4806,0.06175818959676171,0.11908896037269917,-1.54e-06,1.0583465787219872,2.4015336450381217,-17.705465290694292,1.0052136313683062,0.18907267512847523,0.12067054082980143,-41.11822906768485,-1.1573229341274334,40.975283497220325,0.6295741068180681,27.510413537948274,0.2719344611720337,-0.15598565229535882,0.00015748,0.15390841971923086,0.00081957,1,0.0
4807,-0.5759002397938588,1.9981684092345027,-1.54e-06,1.0583465787219872,2.4015336450381217,23.341148805602682,1.0052136313683062,27.57294658827063,0.12067054082980143,-77.71096957558535,-1.1573229341274334,70.66696696558964,0.6295741068180681,-7.254148550953892,0.2719344611720337,1.2568345758997639,0.00015748,3.2513504787942686,0.00081957,0,0.0
4808,0.11164082720712376,0.008353409606649712,-1.54e-06,1.0583465787219872,2.4015336450381217,-7.7843958294383135,1.0052136313683062,11.65431398300618,0.12067054082980143,-62.56382129648395,-1.1573229341274334,43.81057803054591,0.6295741068180681,27.14367246808188,0.2719344611720337,0.32325172936020635,0.00015748,1.1009454978540674,0.00081957,0,0.0
4809,0.0007346361432032378,0.1413222797365163,-1.54e-06,1.0583465787219872,2.4015336450381217,35.57983918990372,1.0052136313683062,16.659723928027308,0.12067054082980143,-16.70449505217276,-1.1573229341274334,-7.709807678252948,0.6295741068180681,-20.79511689250021,0.2719344611720337,0.9215417085017906,0.00015748,2.852533985890013,0.00081957,0,0.0
4810,0.4624708007827049,0.07593274181747975,-1.54e-06,1.0583465787219872,2.4015336450381217,-10.116598209158548,1.0052136313683062,2.7373602396069345,0.12067054082980143,-15.184856723261193,-1.1573229341274334,1.3900633866957381,0.6295741068180681,18.37089828349929,0.2719344611720337,-0.13187966184249977,0.00015748,0.1317290086359053,0.00081957,1,0.0
4811,0.02543130624586004,0.2338696715744638,-1.54e-06,1.0583465787219872,2.4015336450381217,-18.244542134002682,1.0052136313683062,3.592964359655003,0.12067054082980143,-72.28094970621015,-1.1573229341274334,72.24432103379337,0.6295741068180681,37.16676112331673,0.2719344611720337,0.3890367298666342,0.00015748,0.8830165702715562,0.00081957,0,0.0
4812,0.003985460404461572,0.02256386991997548,-1.54e-06,1.0583465787219872,2.4015336450381217,25.221861008975285,1.0052136313683062,12.89507620171281,0.12067054082980143,-11.154498935710212,-1.1573229341274334,-13.320431435129553,0.6295741068180681,-13.75662492027278,0.2719344611720337,0.2861359654441151,0.00015748,2.080226877765569,0.00081957,0,0.0
4813,2.3749290468099473,1.7916963463061164,-1.54e-06,1.0583465787219872,2.4015336450381217,-2.579566337843956,1.0052136313683062,40.10764116579751,0.12067054082980143,-88.59784157391353,-1.1573229341274334,-21.50303944271927,0.6295741068180681,60.03541872351478,0.2719344611720337,0.2659305354620891,0.00015748,4.157148027193943,0.00081957,0,0.0
4814,0.1794250864638418,0.7827556982415513,-1.54e-06,1.0583465787219872,2.4015336450381217,11.325214991853603,1.0052136313683062,15.585580818150927,0.12067054082980143,-23.81094423772706,-1.1573229341274334,17.67563845333638,0.6295741068180681,-5.483313136364548,0.2719344611720337,0.3924816751964233,0.00015748,2.0342153342218148,0.00081957,0,0.0
4815,1.6589051537173671,1.1775381670243639,-1.54e-06,1.0583465787219872,2.4015336450381217,45.37613737589089,1.0052136313683062,46.50841685021983,0.12067054082980143,-53.8564465135077,-1.1573229341274334,-64.81572566735035,0.6295741068180681,7.784213152580052,0.2719344611720337,0.2689507939107747,0.00015748,6.09676791173249,0.00081957,0,0.0
4816,1.2144225138499787,1.1468728355346935,-1.54e-06,1.0583465787219872,2.4015336450381217,-51.87878387610252,1.0052136313683062,1.614102478712273,0.12067054082980143,-86.25493068059363,-1.1573229341274334,68.44920464457057,0.6295741068180681,80.91226688779604,0.2719344611720337,-0.4270531140772912,0.00015748,0.42242771219191433,0.00081957,1,0.0
4817,1.1441328441667324,0.6578645474260764,-1.54e-06,1.0583465787219872,2.4015336450381217,60.549300805061335,1.0052136313683062,52.092048672787826,0.12067054082980143,-76.63549341506305,-1.1573229341274334,-49.79749716343945,0.6295741068180681,0.5811137454092644,0.2719344611720337,0.262226681026382,0.00015748,7.42384782242768,0.00081957,0,0.0
4818,1.445837085782789,3.825364596408897,-1.54e-06,1.0583465787219872,2.4015336450381217,-66.12491011090488,1.0052136313683062,-7.519409918175093,0.12067054082980143,-69.5149329549019,-1.1573229341274334,63.19971087275727,0.6295741068180681,88.7312626768291,0.2719344611720337,-1.5984502771381437,0.00015748,0.21129758966786227,0.00081957,1,0.0
4819,3.116848456565241,2.832323176698852,-1.54e-06,1.0583465787219872,2.4015336450381217,-49.78239379332962,1.0052136313683062,10.75417641545533,0.12067054082980143,-39.166578035419,-1.1573229341274334,-34.44745697827898,0.6295741068180681,87.85167134016191,0.2719344611720337,-0.43692032512167805,0.00015748,0.4350269623232333,0.00081957,1,0.0
4820,3.720519776555542,4.423332083301927,-1.54e-06,1.0583465787219872,2.4015336450381217,-28.002285064076275,1.0052136313683062,34.594607493747695,0.12067054082980143,-70.58373546412298,-1.1573229341274334,-46.5157491460761,0.6295741068180681,87.1830093185802,0.2719344611720337,0.26845175240622954,0.00015748,3.127729437346667,0.00081957,0,0.0
4821,-0.0021856751648483552,0.2886693571504245,-1.54e-06,1.0583465787219872,2.4015336450381217,-1.4018821956535652,1.0052136313683062,16.361626131690347,0.12067054082980143,-90.28995204713414,-1.1573229341274334,87.9855066674781,0.6295741068180681,24.981179518471134,0.2719344611720337,1.5409784965661684,0.00015748,2.2410730863354935,0.00081957,0,0.0
4822,1.560532569560868,0.7042652806995409,-1.54e-06,1.0583465787219872,2.4015336450381217,-31.989470862841987,1.0052136313683062,5.5280481397815695,0.12067054082980143,-37.61433644301766,-1.1573229341274334,0.1593608647404828,0.6295741068180681,55.45630310695085,0.2719344611720337,-0.18135364219694938,0.00015748,0.17808430541930853,0.00081957,1,0.0
4823,-0.1548744606462058,1.1345436985428696,-1.54e-06,1.0583465787219872,2.4015336450381217,41.25469736338703,1.0052136313683062,23.533237360878367,0.12067054082980143,-59.69387069324707,-1.1573229341274334,53.58517776158419,0.6295741068180681,-19.01979848157884,0.2719344611720337,3.0242340999494814,0.00015748,3.693929675293492,0.00081957,0,0.0
4824,-0.5474520145768551,1.8719081893127438,-1.54e-06,1.0583465787219872,2.4015336450381217,41.8303919317951,1.0052136313683062,6.014831748338008,0.12067054082980143,-12.251190805848719,-1.1573229341274334,49.67436798563965,0.6295741068180681,-41.09613338788097,0.2719344611720337,1.855700504517897,0.00015748,3.698002645507384,0.00081957,0,0.0
4825,-0.058637381186603665,0.8645459134252499,-1.54e-06,1.0583465787219872,2.4015336450381217,81.82481694351621,1.0052136313683062,35.725031265865645,0.12067054082980143,-29.897943868085495,-1.1573229341274334,-18.96482593529022,0.6295741068180681,-51.87355290746746,0.2719344611720337,2.1789480471595084,0.00015748,6.276783153159723,0.00081957,0,0.0
4826,1.687060213342806,1.07790895127267,-1.54e-06,1.0583465787219872,2.4015336450381217,-3.2955975245414053,1.0052136313683062,15.319968181976098,0.12067054082980143,-15.779535595258599,-1.1573229341274334,-36.2780982450433,0.6295741068180681,27.319059385532444,0.2719344611720337,0.29629694689648634,0.00015748,1.6147676505491604,0.00081957,0,0.0
4827,2.9431867982036577,4.303922908728216,-1.54e-06,1.0583465787219872,2.4015336450381217,-63.614196361021556,1.0052136313683062,-0.916966527534049,0.12067054082980143,-37.83075645221231,-1.1573229341274334,-4.237629047119104,0.6295741068180681,93.89326916058668,0.2719344611720337,-0.9114627334370642,0.00015748,0.1929035206828334,0.00081957,1,0.0
4828,-0.016804050374343404,0.36633712310302685,-1.54e-06,1.0583465787219872,2.4015336450381217,66.71531027033504,1.0052136313683062,54.800529954330266,0.12067054082980143,-99.68057304133919,-1.1573229341274334,3.530047215471511,0.6295741068180681,-15.306602017673985,0.2719344611720337,1.0250356856008689,0.00015748,7.037176501156065,0.00081957,0,0.0
4829,3.1651373101763327,9.863368127454855,-1.54e-06,1.0583465787219872,2.4015336450381217,71.96588148099801,1.0052136313683062,78.18786390723761,0.12067054082980143,-57.42792552887353,-1.1573229341274334,-97.98240161105578,0.6295741068180681,-5.763288058746799,0.2719344611720337,2.438026676205544,0.00015748,8.761142617778091,0.00081957,0,0.0
4830,0.013412812058682277,9.183851416026745e-07,-1.54e-06,1.0583465787219872,2.4015336450381217,-11.050131448642837,1.0052136313683062,17.536797382113953,0.12067054082980143,-94.32813424308472,-1.1573229341274334,68.24973247793199,0.6295741068180681,38.487077997156945,0.2719344611720337,0.3599065801683893,0.00015748,1.6121342087346457,0.00081957,0,0.0
4831,0.25339525809337216,2.7023920024305914,-1.54e-06,1.0583465787219872,2.4015336450381217,-49.92376394742991,1.0052136313683062,-7.2180985695793956,0.12067054082980143,-76.21991031482119,-1.1573229341274334,87.81519545001987,0.6295741068180681,65.03998051708028,0.2719344611720337,-1.3525274902337516,0.00015748,0.21095883813886807,0.00081957,1,0.0
4832,1.6315121228397134,6.9602370299013545,-1.54e-06,1.0583465787219872,2.4015336450381217,-18.45370186341151,1.0052136313683062,-7.250049701151349,0.12067054082980143,-47.75206844838852,-1.1573229341274334,86.57047390367414,0.6295741068180681,39.43981344880693,0.2719344611720337,0.24819265174742755,0.00015748,4.963764972685899,0.00081957,0,0.0
4833,-0.04093190243846623,0.734038348949108,-1.54e-06,1.0583465787219872,2.4015336450381217,32.30316766183759,1.0052136313683062,24.73567249582562,0.12067054082980143,-76.32217147763204,-1.1573229341274334,60.752840290838066,0.6295741068180681,-4.1447341987812285,0.2719344611720337,2.679269092490318,0.00015748,3.6560970770112817,0.00081957,0,0.0
4834,2.883723167848784,29.483754589344116,-1.54e-06,1.0583465787219872,2.4015336450381217,12.454949431579937,1.0052136313683062,62.792079310646635,0.12067054082980143,-88.61582470093012,-1.1573229341274334,82.57763602035213,0.6295741068180681,10.586685534877798,0.2719344611720337,0.3120676720426978,0.00015748,10.770934194380008,0.00081957,0,0.0
4835,-0.891747941359364,2.4552264908966803,-1.54e-06,1.0583465787219872,2.4015336450381217,47.39656099260767,1.0052136313683062,6.677405803019721,0.12067054082980143,-16.371113401486124,-1.1573229341274334,64.66375278962907,0.6295741068180681,-49.62718498706841,0.2719344611720337,1.9934987725992261,0.00015748,4.048523138500094,0.00081957,0,0.0
4836,-0.002222581883307928,3.12743260041242,-1.54e-06,1.0583465787219872,2.4015336450381217,59.02153531120541,1.0052136313683062,24.324758734059294,0.12067054082980143,-83.14456413388177,-1.1573229341274334,29.15094426833758,0.6295741068180681,-6.994581571433463,0.2719344611720337,0.8247318755189164,0.00015748,7.494978762016272,0.00081957,0,0.0
4837,2.4638160918787584,2.1628143760775203,-1.54e-06,1.0583465787219872,2.4015336450381217,17.973398340826094,1.0052136313683062,40.72800321632988,0.12067054082980143,-59.921194705211015,-1.1573229341274334,-59.26870895058237,0.6295741068180681,38.9274564943848,0.2719344611720337,0.26465625919915414,0.00015748,5.028500633536098,0.00081957,0,0.0
4838,0.0020083523693088523,0.431891818897448,-1.54e-06,1.0583465787219872,2.4015336450381217,77.95614968532243,1.0052136313683062,38.46676141513393,0.12067054082980143,-38.422873870316394,-1.1573229341274334,-25.938255928142123,0.6295741068180681,-43.22868442807188,0.2719344611720337,1.5209958797963705,0.00015748,6.398599720513495,0.00081957,0,0.0
4839,0.004827332837612275,0.8278860248174723,-1.54e-06,1.0583465787219872,2.4015336450381217,87.42049736472674,1.0052136313683062,64.44071441946146,0.12067054082980143,-87.80070791811524,-1.1573229341274334,-26.484486183630025,0.6295741068180681,-34.457702078016204,0.2719344611720337,0.9645363984108655,0.00015748,8.192172028568455,0.00081957,0,0.0
4840,1.6070228413873031,2.917896400209213,-1.54e-06,1.0583465787219872,2.4015336450381217,-54.160903712339525,1.0052136313683062,-4.51099503761266,0.12067054082980143,-48.90133392128772,-1.1573229341274334,34.72474709156474,0.6295741068180681,74.7821398403093,0.2719344611720337,-1.152957849580526,0.00015748,0.21012477118508194,0.00081957,1,0.0
4841,-0.0030552421988736533,1.4822983495181983,-1.54e-06,1.0583465787219872,2.4015336450381217,41.943786637779944,1.0052136313683062,30.008861130887745,0.12067054082980143,-35.249908907365736,-1.1573229341274334,14.509698666023969,0.6295741068180681,-28.031348602455136,0.2719344611720337,1.7825793245952826,0.00015748,3.6019219581154207,0.00081957,0,0.0
4842,-0.583673506489311,2.752159530629764,-1.54e-06,1.0583465787219872,2.4015336450381217,99.88320746234925,1.0052136313683062,49.920545118777056,0.12067054082980143,-33.48876578908092,-1.1573229341274334,-20.30466629446697,0.6295741068180681,-75.24762420555997,0.2719344611720337,2.494537276567493,0.00015748,6.742928455381458,0.00081957,0,0.0
4843,-0.30001801944184653,1.3391911182722618,-1.54e-06,1.0583465787219872,2.4015336450381217,-19.664008943164486,1.0052136313683062,-3.568196802132569,0.12067054082980143,-48.39546314973686,-1.1573229341274334,66.32015544954092,0.6295741068180681,25.877270323450418,0.2719344611720337,-0.5247020120767585,0.00015748,0.5694125531243535,0.00081957,1,0.0
4844,0.0017387235331332018,0.017449682120210388,-1.54e-06,1.0583465787219872,2.4015336450381217,11.223953944552974,1.0052136313683062,14.50811107683895,0.12067054082980143,-44.18224157890166,-1.1573229341274334,21.51512072287422,0.6295741068180681,6.165586504548378,0.2719344611720337,0.5186411394944269,0.00015748,1.8205093653507136,0.00081957,0,0.0
4845,-0.020770140985975516,0.6579990146937661,-1.54e-06,1.0583465787219872,2.4015336450381217,55.57871912563799,1.0052136313683062,27.217739876988066,0.12067054082980143,-36.480275001098974,-1.1573229341274334,7.052168372245129,0.6295741068180681,-31.907526141711582,0.2719344611720337,2.1632754079935768,0.00015748,4.4895177712827135,0.00081957,0,0.0
4846,-1.4779060853711856,7.901375942773446,-1.54e-06,1.0583465787219872,2.4015336450381217,78.59333092394917,1.0052136313683062,30.32911271654442,0.12067054082980143,-17.583280394353086,-1.1573229341274334,73.24360471393838,0.6295741068180681,-92.76922205555213,0.2719344611720337,2.2661751024742673,0.00015748,6.216412674153091,0.00081957,0,0.0
4847,1.172982138454052,0.6571496699026377,-1.54e-06,1.0583465787219872,2.4015336450381217,47.808693063297305,1.0052136313683062,42.35607260852374,0.12067054082980143,-53.684694935425554,-1.1573229341274334,-51.07341743916451,0.6295741068180681,0.7950916546647788,0.2719344611720337,0.26107296995675755,0.00015748,5.882363601763807,0.00081957,0,0.0
4848,1.4190020017202178,0.8883334260456656,-1.54e-06,1.0583465787219872,2.4015336450381217,38.148178096887406,1.0052136313683062,37.74961313699834,0.12067054082980143,-42.013429772604056,-1.1573229341274334,-55.71428793021113,0.6295741068180681,5.8880523282433055,0.2719344611720337,0.26814645675854454,0.00015748,5.07565503484025,0.00081957,0,0.0
4849,1.1115149843577854,0.4121260130907621,-1.54e-06,1.0583465787219872,2.4015336450381217,1.4623845792938837,1.0052136313683062,25.138804820217906,0.12067054082980143,-67.39966602447518,-1.1573229341274334,3.7318922535744643,0.6295741068180681,35.352262382899795,0.2719344611720337,0.27468880344870983,0.00015748,2.779591471281318,0.00081957,0,0.0
4850,1.8899669742334282,1.2580159910108237,-1.54e-06,1.0583465787219872,2.4015336450381217,24.646782197508646,1.0052136313683062,46.93195252520864,0.12067054082980143,-83.71323028549568,-1.1573229341274334,-36.44705678968951,0.6295741068180681,34.59223364250118,0.2719344611720337,0.26229963143077617,0.00015748,5.551444585844347,0.00081957,0,0.0
4851,2.908930122950371,2.719086729527516,-1.54e-06,1.0583465787219872,2.4015336450381217,-26.600080549320225,1.0052136313683062,24.17076123110924,0.12067054082980143,-59.55345365762142,-1.1573229341274334,-28.229561490259798,0.6295741068180681,73.78755096632938,0.2719344611720337,0.27725156200243517,0.00015748,2.209121620968662,0.00081957,0,0.0
4852,-0.8533482472545368,2.29263750577113,-1.54e-06,1.0583465787219872,2.4015336450381217,50.547143649900654,1.0052136313683062,8.61616504773007,0.12067054082980143,-16.565849553294335,-1.1573229341274334,55.641064297014864,0.6295741068180681,-49.98906654515085,0.2719344611720337,2.237166190069144,0.00015748,3.8880833192530555,0.00081957,0,0.0
4853,-0.016533166481312644,0.6624809165547009,-1.54e-06,1.0583465787219872,2.4015336450381217,78.07156061254885,1.0052136313683062,49.171067714119125,0.12067054082980143,-97.11040299542975,-1.1573229341274334,18.28272171361092,0.6295741068180681,-24.256421016386,0.2719344611720337,2.159638593202797,0.00015748,7.798406542475615,0.00081957,0,0.0
4854,0.5924866587687105,0.2027386967084146,-1.54e-06,1.0583465787219872,2.4015336450381217,30.560278777725777,1.0052136313683062,28.596111816401,0.12067054082980143,-44.41019569387207,-1.1573229341274334,-20.691392312627723,0.6295741068180681,1.3889464186718512,0.2719344611720337,0.28422276275605696,0.00015748,3.8242210400589416,0.00081957,0,0.0
4855,2.9201868918096054,2.962641941585608,-1.54e-06,1.0583465787219872,2.4015336450381217,31.194123142613034,1.0052136313683062,59.10610906942906,0.12067054082980143,-90.13429524502915,-1.1573229341274334,-72.09732494635863,0.6295741068180681,45.52190036743931,0.2719344611720337,0.2579035410138326,0.00015748,7.136311117776601,0.00081957,0,0.0
4856,3.8345733679722502,5.139698938445809,-1.54e-06,1.0583465787219872,2.4015336450381217,-4.72352534599067,1.0052136313683062,38.82334903304075,0.12067054082980143,-61.77724915162548,-1.1573229341274334,-77.3042572421325,0.6295741068180681,73.32361819759414,0.2719344611720337,0.26058288778370464,0.00015748,4.764648274488824,0.00081957,0,0.0
4857,-0.08035028363594754,0.8915403780286302,-1.54e-06,1.0583465787219872,2.4015336450381217,30.196021441887563,1.0052136313683062,12.32602091681405,0.12067054082980143,-31.688817481898262,-1.1573229341274334,41.828560789227375,0.6295741068180681,-18.865295221974527,0.2719344611720337,2.1413229392829827,0.00015748,2.896359086654444,0.00081957,0,0.0
4858,0.21055278130223115,0.061855729326696154,-1.54e-06,1.0583465787219872,2.4015336450381217,-10.793843679701203,1.0052136313683062,-0.0837079985847079,0.12067054082980143,-18.779184497512695,-1.1573229341274334,16.31916921867176,0.6295741068180681,16.720715332678306,0.2719344611720337,-0.10260167747616405,0.00015748,0.09933586126990362,0.00081957,1,0.0
4859,-0.002276520417313188,0.3431729384271623,-1.54e-06,1.0583465787219872,2.4015336450381217,54.393389686400724,1.0052136313683062,23.143787728946116,0.12067054082980143,-15.903851979967866,-1.1573229341274334,-16.940864929606835,0.6295741068180681,-35.159013224126255,0.2719344611720337,1.380414083424157,0.00015748,4.128405395173139,0.00081957,0,0.0
4860,-0.03813272705718096,0.785345593456762,-1.54e-06,1.0583465787219872,2.4015336450381217,57.5354886844805,1.0052136313683062,24.02787195285808,0.12067054082980143,-25.80466984879934,-1.1573229341274334,3.613400182708175,0.6295741068180681,-37.18983490100903,0.2719344611720337,2.240372467233483,0.00015748,4.410307287646267,0.00081957,0,0.0
4861,0.13843425015828603,1.1506623799798938,-1.54e-06,1.0583465787219872,2.4015336450381217,61.371986603851234,1.0052136313683062,23.364578605485047,0.12067054082980143,-32.47893276093503,-1.1573229341274334,-26.105913071817675,0.6295741068180681,-24.860856591844268,0.2719344611720337,0.300946354050208,0.00015748,6.087300856614467,0.00081957,0,0.0
4862,1.6121751626407395,1.011468955990587,-1.54e-06,1.0583465787219872,2.4015336450381217,0.6550728634334972,1.0052136313683062,15.568858187667159,0.12067054082980143,-13.137565865767492,-1.1573229341274334,-39.2640179313806,0.6295741068180681,23.049106605697187,0.2719344611720337,0.29479284880553946,0.00015748,1.7679116109218054,0.00081957,0,0.0
4863,0.7037221860507117,0.49398899320233103,-1.54e-06,1.0583465787219872,2.4015336450381217,93.76756307179977,1.0052136313683062,54.5774560719137,0.12067054082980143,-36.134690208265376,-1.1573229341274334,-89.90283075537262,0.6295741068180681,-41.85094922690952,0.2719344611720337,0.2613268643033839,0.00015748,8.39271854521255,0.00081957,0,0.0
4864,1.104285155082369,0.606716837919595,-1.54e-06,1.0583465787219872,2.4015336450381217,44.993809111023225,1.0052136313683062,39.39200828086462,0.12067054082980143,-44.58436222343026,-1.1573229341274334,-51.513932390350135,0.6295741068180681,-1.9078935970539286,0.2719344611720337,0.266146282130419,0.00015748,5.341923599460781,0.00081957,0,0.0
4865,0.5907556097655662,7.178624382207654,-1.54e-06,1.0583465787219872,2.4015336450381217,56.18626621075113,1.0052136313683062,51.980619763857945,0.12067054082980143,-100.0,-1.1573229341274334,84.61487402645486,0.6295741068180681,-23.33672764325139,0.2719344611720337,4.160730088952567,0.00015748,7.171853101758815,0.00081957,0,0.0
4866,2.4650877706163956,2.1537064749912758,-1.54e-06,1.0583465787219872,2.4015336450381217,-34.43673317585778,1.0052136313683062,5.268651290731476,0.12067054082980143,-16.617821967286336,-1.1573229341274334,-41.08468577886986,0.6295741068180681,62.95313233208978,0.2719344611720337,-0.4592296094411619,0.00015748,0.4064644252199396,0.00081957,1,0.0
4867,0.0005031698692290476,0.013626450952506437,-1.54e-06,1.0583465787219872,2.4015336450381217,43.13202319883924,1.0052136313683062,32.662649034315756,0.12067054082980143,-60.60971365677308,-1.1573229341274334,-5.589241254534752,0.6295741068180681,-8.217470230851045,0.2719344611720337,0.2698401340317562,0.00015748,4.657206612280943,0.00081957,0,0.0
4868,-0.4361575329536246,2.140566415945198,-1.54e-06,1.0583465787219872,2.4015336450381217,15.602589634458061,1.0052136313683062,-7.261649599788492,0.12067054082980143,-19.949047826292208,-1.1573229341274334,87.78214720588616,0.6295741068180681,-19.7173749295259,0.2719344611720337,0.26608699471043185,0.00015748,4.1601930966018426,0.00081957,0,0.0
4869,1.3057605685707852,1.4038638573790148,-1.54e-06,1.0583465787219872,2.4015336450381217,-6.80827967759819,1.0052136313683062,18.66940958176555,0.12067054082980143,-84.88934636210007,-1.1573229341274334,23.15506811338179,0.6295741068180681,53.11277582943016,0.2719344611720337,0.2923437956723425,0.00015748,3.173525915004942,0.00081957,0,0.0
4870,2.369969422495214,1.9350588169848773,-1.54e-06,1.0583465787219872,2.4015336450381217,28.806175685185117,1.0052136313683062,54.142308014962786,0.12067054082980143,-93.4363544511261,-1.1573229341274334,-50.30940212890626,0.6295741068180681,41.61745660574509,0.2719344611720337,0.26433736899092963,0.00015748,6.557741209471306,0.00081957,0,0.0
4871,-0.009130401556988632,0.5563755860967038,-1.54e-06,1.0583465787219872,2.4015336450381217,2.5401560440497293,1.0052136313683062,8.167009028409806,0.12067054082980143,-59.13588472718524,-1.1573229341274334,77.64955953715388,0.6295741068180681,10.377599679578896,0.2719344611720337,1.064795582553839,0.00015748,2.5834864831291666,0.00081957,0,0.0
4872,-1.0525984119641176,3.0040050956077593,-1.54e-06,1.0583465787219872,2.4015336450381217,99.72915126144504,1.0052136313683062,40.93867644023967,0.12067054082980143,-47.45058297970858,-1.1573229341274334,28.849929352429132,0.6295741068180681,-77.47121777485526,0.2719344611720337,3.747320286619942,0.00015748,6.519899143418705,0.00081957,0,0.0
4873,0.2895779541516456,0.16091610862247352,-1.54e-06,1.0583465787219872,2.4015336450381217,-32.02868098250096,1.0052136313683062,4.5475512929699455,0.12067054082980143,-77.45384539016669,-1.1573229341274334,64.3826341189391,0.6295741068180681,53.17815396014292,0.2719344611720337,-0.1477846604527932,0.00015748,0.14726269320468804,0.00081957,1,0.0
4874,2.5175956974646967,8.09390387830073,-1.54e-06,1.0583465787219872,2.4015336450381217,-81.36639350447227,1.0052136313683062,-5.881584127946007,0.12067054082980143,-31.274911955294705,-1.1573229341274334,-2.825399141973399,0.6295741068180681,99.8607784188952,0.2719344611720337,-2.884277906100381,0.00015748,-0.7544453298727967,0.00081957,1,0.0
4875,-0.7758031645319026,2.256303490371198,-1.54e-06,1.0583465787219872,2.4015336450381217,88.18019287464818,1.0052136313683062,36.05681848186525,0.12067054082980143,-58.6887917087095,-1.1573229341274334,37.39466997869399,0.6295741068180681,-59.1536894224442,0.2719344611720337,3.4154368823726085,0.00015748,6.588576420983426,0.00081957,0,0.0
4876,1.9307452135856236,1.2990064346274357,-1.54e-06,1.0583465787219872,2.4015336450381217,-18.92695451645232,1.0052136313683062,13.589943488036393,0.12067054082980143,-35.43659174214946,-1.1573229341274334,-17.10526404840652,0.6295741068180681,48.32936919924603,0.2719344611720337,0.31188981235490065,0.00015748,1.2440807262084923,0.00081957,0,0.0
4877,0.09810882536869237,0.027020344818342052,-1.54e-06,1.0583465787219872,2.4015336450381217,58.018209458619836,1.0052136313683062,47.807077098013146,0.12067054082980143,-92.8237548574269,-1.1573229341274334,-6.765591714273493,0.6295741068180681,-5.587167336783959,0.2719344611720337,0.2638326004202849,0.00015748,6.6608613735791975,0.00081957,0,0.0
4878,-0.3799120918164065,1.7320682357953587,-1.54e-06,1.0583465787219872,2.4015336450381217,90.62589418623372,1.0052136313683062,34.86779084560213,0.12067054082980143,-13.928702265262542,-1.1573229341274334,-16.348736655433605,0.6295741068180681,-71.0701021169584,0.2719344611720337,2.8426331478928883,0.00015748,5.904329366381743,0.00081957,0,0.0
4879,0.0024637775466622713,0.0045478237053498145,-1.54e-06,1.0583465787219872,2.4015336450381217,35.08124220193215,1.0052136313683062,33.65236736272039,0.12067054082980143,-78.57754939361601,-1.1573229341274334,11.29106925455254,0.6295741068180681,3.416821821622169,0.2719344611720337,0.2664006721875225,0.00015748,4.522222653239822,0.00081957,0,0.0
4880,1.2156934830846668,0.8436026980821223,-1.54e-06,1.0583465787219872,2.4015336450381217,64.0224108130269,1.0052136313683062,44.7114971660661,0.12067054082980143,-29.16838247407897,-1.1573229341274334,-81.51613713253613,0.6295741068180681,-18.49709385980469,0.2719344611720337,0.26083807472458975,0.00015748,6.4543689570588,0.00081957,0,0.0
4881,1.0579650578598532,0.9686929851007908,-1.54e-06,1.0583465787219872,2.4015336450381217,36.35629980691567,1.0052136313683062,48.24647873330683,0.12067054082980143,-81.28276101011784,-1.1573229341274334,-17.752824578300782,0.6295741068180681,11.892821436960045,0.2719344611720337,0.5998576327608074,0.00015748,5.426819927227271,0.00081957,0,0.0
4882,0.001878207860347647,0.005220343225926055,-1.54e-06,1.0583465787219872,2.4015336450381217,24.08313054951829,1.0052136313683062,30.889225514302137,0.12067054082980143,-87.30642852485526,-1.1573229341274334,29.236375099751193,0.6295741068180681,13.085445003420459,0.2719344611720337,0.4149445610885911,0.00015748,3.892682204717568,0.00081957,0,0.0
4883,2.816308884280476,2.5567528403166175,-1.54e-06,1.0583465787219872,2.4015336450381217,-31.42227405469174,1.0052136313683062,10.131203920492885,0.12067054082980143,-3.939418503125559,-1.1573229341274334,-64.80897655805701,0.6295741068180681,59.01681116571218,0.2719344611720337,-0.5413725665151887,0.00015748,0.5518108871132177,0.00081957,1,0.0
4884,3.240960288722965,3.564915029242555,-1.54e-06,1.0583465787219872,2.4015336450381217,-57.67703410134256,1.0052136313683062,4.523782109017979,0.12067054082980143,-36.812772448462,-1.1573229341274334,-21.982547920978284,0.6295741068180681,93.31391649154675,0.2719344611720337,-0.24086810367926662,0.00015748,0.118395709580315,0.00081957,1,0.0
4885,0.22007673160906527,5.18535278835652,-1.54e-06,1.0583465787219872,2.4015336450381217,45.462475143733215,1.0052136313683062,24.237602888083916,0.12067054082980143,-36.06319674411122,-1.1573229341274334,73.74653664682056,0.6295741068180681,-39.96682070691592,0.2719344611720337,2.500957111628161,0.00015748,6.109031583925841,0.00081957,0,0.0
4886,0.09736467458113829,2.017176925827637,-1.54e-06,1.0583465787219872,2.4015336450381217,88.26097564862295,1.0052136313683062,60.47958850634635,0.12067054082980143,-71.76323728452887,-1.1573229341274334,-13.389770481472594,0.6295741068180681,-45.61722846386922,0.2719344611720337,2.3185010103302037,0.00015748,7.550467121692451,0.00081957,0,0.0
4887,2.420575331859129,1.978155312980809,-1.54e-06,1.0583465787219872,2.4015336450381217,5.373855004811999,1.0052136313683062,37.04709223779541,0.12067054082980143,-66.51191910951302,-1.1573229341274334,-42.29728392726206,0.6295741068180681,48.70298333566443,0.2719344611720337,0.2642561263236536,0.00015748,4.22470386848528,0.00081957,0,0.0
4888,-0.06820590534725302,0.8445282106189185,-1.54e-06,1.0583465787219872,2.4015336450381217,95.11382141978262,1.0052136313683062,38.77449685764458,0.12067054082980143,-17.626490393826597,-1.1573229341274334,-42.12365565551749,0.6295741068180681,-64.18424738511759,0.2719344611720337,1.9286287227032877,0.00015748,7.01812996994612,0.00081957,0,0.0
4889,-0.5112284811264918,1.7770030817462512,-1.54e-06,1.0583465787219872,2.4015336450381217,45.12677670335292,1.0052136313683062,17.197486551931082,0.12067054082980143,-48.289907133173365,-1.1573229341274334,64.338297184682,0.6295741068180681,-30.816701268319576,0.2719344611720337,2.9277081095997297,0.00015748,3.8329939115008327,0.00081957,0,0.0
4890,2.461466595134368,1.7856870825077116,-1.54e-06,1.0583465787219872,2.4015336450381217,-45.856919390290905,1.0052136313683062,10.102667837192573,0.12067054082980143,-50.70052681331681,-1.1573229341274334,-10.959430294914556,0.6295741068180681,80.98521133180738,0.2719344611720337,-0.40238926953315934,0.00015748,0.41530851946418845,0.00081957,1,0.0
4891,1.862910078233805,1.4522303385813826,-1.54e-06,1.0583465787219872,2.4015336450381217,28.541689466258195,1.0052136313683062,31.386662953809473,0.12067054082980143,-18.837393981618018,-1.1573229341274334,-72.30914864569561,0.6295741068180681,9.667693168979497,0.2719344611720337,0.26809584543804177,0.00015748,4.1807353315280045,0.00081957,0,0.0
4892,0.28361787411679085,0.0867207962944583,-1.54e-06,1.0583465787219872,2.4015336450381217,22.734410606703356,1.0052136313683062,15.15054505280042,0.12067054082980143,-14.860661614035667,-1.1573229341274334,-18.214855923216646,0.6295741068180681,-7.396610081570667,0.2719344611720337,0.2814278535720499,0.00015748,2.2330251059195194,0.00081957,0,0.0
4893,3.026269740980485,2.683309988283244,-1.54e-06,1.0583465787219872,2.4015336450381217,-45.788613739955316,1.0052136313683062,9.566541761884638,0.12067054082980143,-30.8919411270293,-1.1573229341274334,-39.74730386296441,0.6295741068180681,81.32004710799056,0.2719344611720337,-0.398641538740048,0.00015748,0.3983997086517644,0.00081957,1,0.0
4894,2.900488715701957,6.56118158898782,-1.54e-06,1.0583465787219872,2.4015336450381217,-10.658719008150774,1.0052136313683062,47.31867123346808,0.12067054082980143,-79.75643505434472,-1.1573229341274334,-9.632689438536346,0.6295741068180681,55.71842362809742,0.2719344611720337,0.32614904874731643,0.00015748,4.651550034340448,0.00081957,0,0.0
4895,-1.0732747923425654,2.776105362541593,-1.54e-06,1.0583465787219872,2.4015336450381217,75.3939375293232,1.0052136313683062,34.178391709356234,0.12067054082980143,-94.82910409640247,-1.1573229341274334,90.73378775513324,0.6295741068180681,-43.301552683712835,0.2719344611720337,3.983774677801807,0.00015748,6.25103560201227,0.00081957,0,0.0
4896,0.6572421563930946,0.1738057596665698,-1.54e-06,1.0583465787219872,2.4015336450381217,9.748949640547197,1.0052136313683062,23.80465302370597,0.12067054082980143,-58.20206542855674,-1.1573229341274334,4.735626869593329,0.6295741068180681,20.531688265753363,0.2719344611720337,0.27772835319716327,0.00015748,2.7116276041485112,0.00081957,0,0.0
4897,2.9560952103831015,2.8115402654599047,-1.54e-06,1.0583465787219872,2.4015336450381217,-34.600255608423076,1.0052136313683062,10.64934421100038,0.12067054082980143,-9.0286188567498,-1.1573229341274334,-63.99667412201029,0.6295741068180681,65.08537645615843,0.2719344611720337,-0.571206407648832,0.00015748,0.5892681094797697,0.00081957,1,0.0
4898,2.015149053006017,1.1596851801433483,-1.54e-06,1.0583465787219872,2.4015336450381217,-39.29040594812002,1.0052136313683062,7.146893161522738,0.12067054082980143,-42.95434239506511,-1.1573229341274334,-4.601561030793453,0.6295741068180681,67.93950554350725,0.2719344611720337,-0.23876842631279485,0.00015748,0.23755093623580406,0.00081957,1,0.0
4899,0.0011867032583778858,0.0018418989263993,-1.54e-06,1.0583465787219872,2.4015336450381217,15.022831398479553,1.0052136313683062,21.139517907553522,0.12067054082980143,-62.217689582126695,-1.1573229341274334,22.73509375437253,0.6295741068180681,10.754135626980615,0.2719344611720337,0.285113026242485,0.00015748,2.619435878662674,0.00081957,0,0.0
4900,1.5334164025319748,2.6518168506533053,-1.54e-06,1.533404924095422,2.6690625682759963,8.280547510622508,1.0052136313683062,9.357719585179877,0.12067054082980143,-91.05226560380677,-1.1573229341274334,29.255910730875357,0.6295741068180681,67.83666507195055,0.2719344611720337,0.2716369868134745,0.00015748,2.5543027077227975,0.00081957,0,0.0
4901,-0.000257696070272484,0.228707617278822,-1.54e-06,1.533404924095422,2.6690625682759963,78.9173214227139,1.0052136313683062,24.29073479023795,0.12067054082980143,-74.30727624977456,-1.1573229341274334,30.134110704378525,0.6295741068180681,-19.480240954797043,0.2719344611720337,1.253384370482596,0.00015748,1.900754204766833,0.00081957,0,0.0
4902,0.9535183452994114,0.40581824060496074,-1.54e-06,1.533404924095422,2.6690625682759963,32.252214817946324,1.0052136313683062,14.943181704580399,0.12067054082980143,-17.238781530318374,-1.1573229341274334,-47.51210962939022,0.6295741068180681,6.990802904461733,0.2719344611720337,0.3261101630463423,0.00015748,1.1030544167946512,0.00081957,0,0.0
4903,1.2236193071013068,0.4809852755271095,-1.54e-06,1.533404924095422,2.6690625682759963,41.80883216993318,1.0052136313683062,33.20989864773318,0.12067054082980143,-96.1452850609704,-1.1573229341274334,-25.10470493561138,0.6295741068180681,38.37391399273755,0.2719344611720337,0.28544196672937727,0.00015748,2.074467504525341,0.00081957,0,0.0
4904,-0.0017878587092474696,0.8953867070350078,-1.54e-06,1.533404924095422,2.6690625682759963,80.58223987935854,1.0052136313683062,18.711780977163393,0.12067054082980143,-63.63696956662366,-1.1573229341274334,69.53704960721815,0.6295741068180681,-33.11846118759817,0.2719344611720337,1.5709833284343033,0.00015748,2.6309213215892684,0.00081957,0,0.0
4905,-0.011157154565185817,0.5108105271045351,-1.54e-06,1.533404924095422,2.6690625682759963,-37.66115990646458,1.0052136313683062,-2.162590889517187,0.12067054082980143,-62.15162408983032,-1.1573229341274334,89.199979218737,0.6295741068180681,42.7462763826032,0.2719344611720337,-0.1625082308151764,0.00015748,0.6117520032653126,0.00081957,1,0.0
4906,1.3312487620138802,0.5244888885436275,-1.54e-06,1.533404924095422,2.6690625682759963,-23.700086748761343,1.0052136313683062,17.106685992114038,0.12067054082980143,-84.26919517073904,-1.1573229341274334,15.830188809031455,0.6295741068180681,70.3960653394044,0.2719344611720337,0.339179206809271,0.00015748,0.8917855075091692,0.00081957,0,0.0
4907,1.2472396913620323,0.6125470454649034,-1.54e-06,1.533404924095422,2.6690625682759963,-22.160982934861106,1.0052136313683062,10.506151683527301,0.12067054082980143,-25.730412513473336,-1.1573229341274334,-44.486719162988955,0.6295741068180681,48.85468278435571,0.2719344611720337,-0.4529343818170654,0.00015748,0.45774465070120657,0.00081957,1,0.0
4908,0.2711120000588826,0.5241832986721877,-1.54e-06,1.533404924095422,2.6690625682759963,-60.63882594583203,1.0052136313683062,-5.057076856468442,0.12067054082980143,-56.78930810450615,-1.1573229341274334,84.44242804334633,0.6295741068180681,58.82302705158257,0.2719344611720337,-0.46762388480750794,0.00015748,0.4636419511185983,0.00081957,1,0.0
4909,1.1234861373629432,0.40075026839495126,-1.54e-06,1.533404924095422,2.6690625682759963,-7.028757528706059,1.0052136313683062,17.661045235312073,0.12067054082980143,-71.91884850976948,-1.1573229341274334,5.180084860279142,0.6295741068180681,52.18010743078813,0.2719344611720337,0.33390783040514105,0.00015748,0.9712454122998451,0.00081957,0,0.0
4910,-0.5368733567277962,2.999601508717949,-1.54e-06,1.533404924095422,2.6690625682759963,2.88254710837223,1.0052136313683062,-8.68269281524747,0.12067054082980143,-7.753602495457009,-1.1573229341274334,89.36656294938572,0.6295741068180681,-18.572185747245815,0.2719344611720337,-0.34535082323773536,0.00015748,1.6794366662645672,0.00081957,1,0.0
4911,-0.5489075846621974,8.317927466445251,-1.54e-06,1.533404924095422,2.6690625682759963,-82.53581932320036,1.0052136313683062,5.891177586979203,0.12067054082980143,-43.828361498937014,-1.1573229341274334,56.39875180104592,0.6295741068180681,43.24375274853714,0.2719344611720337,-2.768514941591655,0.00015748,0.2722435276333357,0.00081957,1,0.0
4912,1.887695038984036,0.8333279780284256,-1.54e-06,1.533404924095422,2.6690625682759963,-39.05303168988482,1.0052136313683062,5.965637614954508,0.12067054082980143,-1.244929461249853,-1.1573229341274334,-66.61122452684872,0.6295741068180681,59.43582657692434,0.2719344611720337,-0.19090711925528747,0.00015748,0.19142448346011876,0.00081957,1,0.0
4913,0.06955280688857196,1.4097026166389601,-1.54e-06,1.533404924095422,2.6690625682759963,36.96718820946441,1.0052136313683062,3.724881072254393,0.12067054082980143,-15.104093972127929,-1.1573229341274334,87.27112782637145,0.6295741068180681,-34.934884586622324,0.2719344611720337,0.3049265929699616,0.00015748,3.154474251340088,0.00081957,0,0.0
4914,0.7960632003349036,0.265350183943265,-1.54e-06,1.533404924095422,2.6690625682759963,-27.5140541762995,1.0052136313683062,7.383550877093045,0.12067054082980143,-29.62038814498044,-1.1573229341274334,-6.626078864307898,0.6295741068180681,40.824377107573255,0.2719344611720337,-0.27974985939540603,0.00015748,0.28264225850849206,0.00081957,1,0.0
4915,0.6413943925011718,0.2973351795370605,-1.54e-06,1.533404924095422,2.6690625682759963,77.09621360713533,1.0052136313683062,23.52694936002246,0.12067054082980143,-9.481234459820623,-1.1573229341274334,-75.05046955608802,0.6295741068180681,-27.710196378620637,0.2719344611720337,0.29569510866615,0.00015748,1.637033813821585,0.00081957,0,0.0
4916,0.15750391647838663,0.44956283857989443,-1.54e-06,1.533404924095422,2.6690625682759963,-50.798525334450815,1.0052136313683062,-5.614868991806748,0.12067054082980143,-46.57869029401154,-1.1573229341274334,75.75140953048135,0.6295741068180681,47.69872916183267,0.2719344611720337,-0.43127397233962533,0.00015748,0.43661646778247215,0.00081957,1,0.0
4917,0.9866476460748692,0.21556908174714629,-1.54e-06,1.533404924095422,2.6690625682759963,-33.91085212143122,1.0052136313683062,2.451793667148348,0.12067054082980143,-20.119315381631452,-1.1573229341274334,-10.3332823609688,0.6295741068180681,46.316353102219765,0.2719344611720337,-0.03633215634098465,0.00015748,0.03931295110619966,0.00081957,1,0.0
4918,-0.0066297164759057114,0.6074887574490351,-1.54e-06,1.533404924095422,2.6690625682759963,76.44603967778521,1.0052136313683062,15.578732587897568,0.12067054082980143,-52.375553404937826,-1.1573229341274334,48.52427545551686,0.6295741068180681,-30.070787054337597,0.2719344611720337,1.361911287200172,0.00015748,2.2171834536224684,0.00081957,0,0.0
4919,0.0011505106307132529,0.021200837414188524,-1.54e-06,1.533404924095422,2.6690625682759963,61.14853880065363,1.0052136313683062,18.774123954688893,0.12067054082980143,-42.40917954089017,-1.1573229341274334,-10.312437850272815,0.6295741068180681,-16.956586980985662,0.2719344611720337,0.30629143997182096,0.00015748,1.4128242836546763,0.00081957,0,0.0
4920,1.8769779567103881,0.7672764643647226,-1.54e-06,1.533404924095422,2.6690625682759963,-58.21289715416363,1.0052136313683062,5.693679209501995,0.12067054082980143,-31.55011555240288,-1.1573229341274334,-30.798403028195786,0.6295741068180681,81.86829638324578,0.2719344611720337,-0.12880720088561787,0.00015748,0.13115635031170275,0.00081957,1,0.0
4921,0.0828675231294268,2.690705765130262,-1.54e-06,1.533404924095422,2.6690625682759963,-63.25467287952411,1.0052136313683062,7.218572879738456,0.12067054082980143,-66.8435979223338,-1.1573229341274334,68.27473235345234,0.6295741068180681,55.34760348949469,0.2719344611720337,-1.2440167593653577,0.00015748,0.5219706829692938,0.00081957,1,0.0
4922,0.8208770040728671,0.21003791495424315,-1.54e-06,1.533404924095422,2.6690625682759963,-5.987202446566262,1.0052136313683062,18.664536231703146,0.12067054082980143,-90.68024858303455,-1.1573229341274334,29.800991216481318,0.6295741068180681,53.3663223125608,0.2719344611720337,0.33051790283710447,0.00015748,1.0287936700812654,0.00081957,0,0.0
4923,0.011681613777148235,1.3801299892216086,-1.54e-06,1.533404924095422,2.6690625682759963,41.917462733799894,1.0052136313683062,-0.7390863590041419,0.12067054082980143,-57.81944936845647,-1.1573229341274334,91.17908881114394,0.6295741068180681,-1.760586446286855,0.2719344611720337,0.48491239229112804,0.00015748,2.791983670490339,0.00081957,0,0.0
4924,0.30788776463945755,0.11905047452843617,-1.54e-06,1.533404924095422,2.6690625682759963,19.88186257031532,1.0052136313683062,25.52069662094307,0.12067054082980143,-100.0,-1.1573229341274334,39.72670424666832,0.6295741068180681,29.462612183784636,0.2719344611720337,0.3055654463388574,0.00015748,1.391575885397688,0.00081957,0,0.0
4925,0.3727169896970821,0.09737764200537463,-1.54e-06,1.533404924095422,2.6690625682759963,70.04820372565916,1.0052136313683062,29.728682334836137,0.12067054082980143,-75.7150619209473,-1.1573229341274334,-17.31910107297465,0.6295741068180681,-1.4983487935534805,0.2719344611720337,0.29156974519964973,0.00015748,2.0108230744403226,0.00081957,0,0.0
4926,0.8659202440771244,5.663803990001812,-1.54e-06,1.533404924095422,2.6690625682759963,-74.83097328591639,1.0052136313683062,12.67270906640265,0.12067054082980143,-15.974631148464026,-1.1573229341274334,-46.10712822295141,0.6295741068180681,59.94147402539696,0.2719344611720337,-2.550862366063123,0.00015748,0.23536860200333765,0.00081957,1,0.0
4927,0.9732505693841058,0.44213569195466373,-1.54e-06,1.533404924095422,2.6690625682759963,75.18534188862769,1.0052136313683062,28.578778817821174,0.12067054082980143,-34.82483028267167,-1.1573229341274334,-73.9426691975864,0.6295741068180681,-8.959541671807953,0.2719344611720337,0.286770621051486,0.00015748,1.995169134494959,0.00081957,0,0.0
4928,2.1194525066684853,1.9272307856355235,-1.54e-06,1.533404924095422,2.6690625682759963,-52.10608820305688,1.0052136313683062,21.75145766480359,0.12067054082980143,-72.46579270233028,-1.1573229341274334,-49.32702898403751,0.6295741068180681,99.9552495088717,0.2719344611720337,-0.8347592631379255,0.00015748,0.8414694915050072,0.00081957,1,0.0
4929,-0.12816577228613063,1.4436101337128822,-1.54e-06,1.533404924095422,2.6690625682759963,-18.629296425623718,1.0052136313683062,-5.5011945853446935,0.12067054082980143,-26.521722444812735,-1.1573229341274334,77.83850593367363,0.6295741068180681,11.753046500988898,0.2719344611720337,-0.291224211948217,0.00015748,1.1423275347750654,0.00081957,1,0.0
4930,0.8586103636131254,0.3870140213575156,-1.54e-06,1.533404924095422,2.6690625682759963,-47.267733811310066,1.0052136313683062,-2.9114961738936564,0.12067054082980143,-23.242934325679233,-1.1573229341274334,19.021948888424607,0.6295741068180681,51.33822668877695,0.2719344611720337,-0.2531160709475454,0.00015748,0.2525027788484012,0.00081957,1,0.0
4931,-0.38737685843725833,1.9378149785937195,-1.54e-06,1.533404924095422,2.6690625682759963,64.70046247600652,1.0052136313683062,28.012712347339,0.12067054082980143,-77.12528715312878,-1.1573229341274334,86.24089565697354,0.6295741068180681,-36.15527340070943,0.2719344611720337,0.7123818479822166,0.00015748,2.7752253336388097,0.00081957,0,0.0
4932,0.0009020046678427374,0.048186568502563365,-1.54e-06,1.533404924095422,2.6690625682759963,-5.979847971305707,1.0052136313683062,6.536384588315892,0.12067054082980143,-65.00051851647662,-1.1573229341274334,70.86425370618655,0.6295741068180681,24.515783254357586,0.2719344611720337,0.3674409436815182,0.00015748,0.7942360921064591,0.00081957,0,0.0
4933,0.03521512607830046,1.783261951210718,-1.54e-06,1.533404924095422,2.6690625682759963,-55.94590659279203,1.0052136313683062,-14.382621459887636,0.12067054082980143,-14.628627607049747,-1.1573229341274334,82.28005058352929,0.6295741068180681,32.60009004233524,0.2719344611720337,-0.9208458481965982,0.00015748,0.8582764259075786,0.00081957,1,0.0
4934,-0.17834849106949124,1.1456288387998477,-1.54e-06,1.533404924095422,2.6690625682759963,82.90340255594236,1.0052136313683062,18.100963494073337,0.12067054082980143,-68.4739300468752,-1.1573229341274334,83.08109368419649,0.6295741068180681,-36.28049538115542,0.2719344611720337,1.5620457616609855,0.00015748,2.7399738386269243,0.00081957,0,0.0
4935,0.0015476776633644995,0.2775664555657841,-1.54e-06,1.533404924095422,2.6690625682759963,47.68965580389689,1.0052136313683062,14.72122462155806,0.12067054082980143,-62.38582473720122,-1.1573229341274334,54.45714525972491,0.6295741068180681,-8.839341222419788,0.2719344611720337,1.1383525281364517,0.00015748,1.544701326884947,0.00081957,0,0.0
4936,0.4135696377483604,0.09714446365002288,-1.54e-06,1.533404924095422,2.6690625682759963,56.13876439210751,1.0052136313683062,28.30346818103667,0.12067054082980143,-81.38994937898453,-1.1573229341274334,-5.8084810421530735,0.6295741068180681,8.654921395129842,0.2719344611720337,0.2901589324704138,0.00015748,1.8332837878646204,0.00081957,0,0.0
4937,0.0015957133576118832,0.010464762049009724,-1.54e-06,1.533404924095422,2.6690625682759963,25.526374162108063,1.0052136313683062,13.40103286707022,0.12067054082980143,-54.96172482926567,-1.1573229341274334,24.848184321582668,0.6295741068180681,6.432311819060976,0.2719344611720337,0.3485381214565826,0.00015748,0.8874154058656998,0.00081957,0,0.0
4938,0.0007777876164307695,0.16314999541929232,-1.54e-06,1.533404924095422,2.6690625682759963,16.385080276027495,1.0052136313683062,10.119987720261273,0.12067054082980143,-66.42796897008782,-1.1573229341274334,71.74519446840478,0.6295741068180681,10.125651229072314,0.2719344611720337,0.700696875404524,0.00015748,1.2697535425815618,0.00081957,0,0.0
4939,1.5220027798269091,2.458636889593751,-1.54e-06,1.533404924095422,2.6690625682759963,92.71581624460845,1.0052136313683062,28.16764024862455,0.12067054082980143,-15.938711477120062,-1.1573229341274334,-65.18181666795857,0.6295741068180681,-26.041332945742464,0.2719344611720337,1.8910682039105249,0.00015748,2.1831724860003723,0.00081957,0,0.0
4940,0.5698650418760616,0.13592752160963892,-1.54e-06,1.533404924095422,2.6690625682759963,-15.49186457572613,1.0052136313683062,11.791284636533618,0.12067054082980143,-77.96591779719566,-1.1573229341274334,45.2713114372218,0.6295741068180681,48.40515147243357,0.2719344611720337,0.4116747187848536,0.00015748,0.6371011792867359,0.00081957,0,0.0
4941,1.2476979222987195,0.5287767213310234,-1.54e-06,1.533404924095422,2.6690625682759963,-7.329022790568493,1.0052136313683062,14.494595840339349,0.12067054082980143,-50.13035039498292,-1.1573229341274334,-12.664425198897202,0.6295741068180681,46.35153183840019,0.2719344611720337,0.3467922737837807,0.00015748,0.8194777912239664,0.00081957,0,0.0
4942,0.0004289083271509231,0.03469244228264654,-1.54e-06,1.533404924095422,2.6690625682759963,5.703159557133683,1.0052136313683062,6.939260667366282,0.12067054082980143,-47.275948213766156,-1.1573229341274334,45.80340887707108,0.6295741068180681,11.948003282117593,0.2719344611720337,0.429912837442589,0.00015748,0.6369372485630141,0.00081957,0,0.0
4943,-0.004614156778443013,0.7044503924243798,-1.54e-06,1.533404924095422,2.6690625682759963,67.2340051273798,1.0052136313683062,7.849712456688687,0.12067054082980143,-10.906912132138505,-1.1573229341274334,35.2108872539742,0.6295741068180681,-44.15604164835801,0.2719344611720337,0.9167677409604466,0.00015748,2.2365136367298186,0.00081957,0,0.0
4944,-0.007306848139503608,0.3306612413445356,-1.54e-06,1.533404924095422,2.6690625682759963,-17.165701135769215,1.0052136313683062,-2.9759092109676657,0.12067054082980143,-18.863031154287622,-1.1573229341274334,41.14782795585498,0.6295741068180681,14.450817042207085,0.2719344611720337,-0.18504254109332383,0.00015748,0.4448541489254707,0.00081957,1,0.0
4945,0.4567354001905466,0.15057506441644802,-1.54e-06,1.533404924095422,2.6690625682759963,72.85629454506929,1.0052136313683062,25.21860940487324,0.12067054082980143,-48.36058366646604,-1.1573229341274334,-37.470644719610135,0.6295741068180681,-11.444671362645858,0.2719344611720337,0.2963583119785611,0.00015748,1.8782901836719124,0.00081957,0,0.0
4946,1.924573539785851,1.1396690620308225,-1.54e-06,1.533404924095422,2.6690625682759963,15.175668716171295,1.0052136313683062,25.798643479964525,0.12067054082980143,-56.860303526222445,-1.1573229341274334,-60.601797895683724,0.6295741068180681,50.55865844823534,0.2719344611720337,0.29637250630441125,0.00015748,1.565797659334783,0.00081957,0,0.0
4947,0.004087413172634932,0.33767925409930083,-1.54e-06,1.533404924095422,2.6690625682759963,-3.357522245156006,1.0052136313683062,1.4138871612826847,0.12067054082980143,-41.51016993514802,-1.1573229341274334,63.47228123823776,0.6295741068180681,13.51350755545516,0.2719344611720337,0.18361325147750557,0.00015748,1.0011355521448657,0.00081957,0,0.0
4948,1.1989083508010188,2.214699023492255,-1.54e-06,1.533404924095422,2.6690625682759963,97.40344219772851,1.0052136313683062,52.36022451595819,0.12067054082980143,-60.317205401416906,-1.1573229341274334,-83.30528534062843,0.6295741068180681,-22.34905531956361,0.2719344611720337,0.2774353670851857,0.00015748,2.953122090422112,0.00081957,0,0.0
4949,0.00046880251181735666,0.03367666921120061,-1.54e-06,1.533404924095422,2.6690625682759963,28.52346515551596,1.0052136313683062,7.691303189892279,0.12067054082980143,-20.632858583579267,-1.1573229341274334,7.781666829745274,0.6295741068180681,-9.602661404567925,0.2719344611720337,0.455752498523154,0.00015748,0.6407912023790743,0.00081957,0,0.0
4950,-8.825143573565342e-05,0.11009057981142623,-1.54e-06,1.533404924095422,2.6690625682759963,47.35300128415068,1.0052136313683062,17.99455186395454,0.12067054082980143,-72.15260118507645,-1.1573229341274334,41.1664750316714,0.6295741068180681,-1.3238099838302562,0.2719344611720337,0.9296216347213105,0.00015748,1.375193685564434,0.00081957,0,0.0
4951,0.20814672438943815,0.02752985812090772,-1.54e-06,1.533404924095422,2.6690625682759963,22.700828534899088,1.0052136313683062,20.01099459147877,0.12067054082980143,-87.02399157506997,-1.1573229341274334,34.2666247656758,0.6295741068180681,24.750670163408117,0.2719344611720337,0.31677185778710254,0.00015748,1.2186480979876402,0.00081957,0,0.0
4952,0.9712412030122155,0.4267629213705292,-1.54e-06,1.533404924095422,2.6690625682759963,98.2882946695955,1.0052136313683062,40.911140583440854,0.12067054082980143,-76.40873255965954,-1.1573229341274334,-68.28870960752121,0.6295741068180681,-4.828314742393552,0.2719344611720337,0.2767969422450378,0.00015748,2.761512417911903,0.00081957,0,0.0
4953,0.0001631701209134917,0.0392299171693872,-1.54e-06,1.533404924095422,2.6690625682759963,72.37845024257236,1.0052136313683062,25.749829500757603,0.12067054082980143,-71.81571708831866,-1.1573229341274334,4.554636028998887,0.6295741068180681,-12.562269700534017,0.2719344611720337,0.49798472880172096,0.00015748,1.83420851087666,0.00081957,0,0.0
4954,9.540238462490969e-05,0.34839953013644676,-1.54e-06,1.533404924095422,2.6690625682759963,56.47055126692584,1.0052136313683062,19.321654998580136,0.12067054082980143,-78.93298940751237,-1.1573229341274334,64.21632911660126,0.6295741068180681,-8.776872831445653,0.2719344611720337,1.4228348130779744,0.00015748,1.7292930230543997,0.00081957,0,0.0
4955,0.9286718915383347,9.175162167025414,-1.54e-06,1.533404924095422,2.6690625682759963,-70.34607851314465,1.0052136313683062,25.569812005171094,0.12067054082980143,-74.29640505535713,-1.1573229341274334,-73.12264925880413,0.6295741068180681,95.51684985207349,0.2719344611720337,-3.5178946739774934,0.00015748,0.5023729526327685,0.00081957,1,0.0
4956,-0.13842600660680215,0.9498470361527088,-1.54e-06,1.533404924095422,2.6690625682759963,99.67096773984478,1.0052136313683062,17.66688110681723,0.12067054082980143,-24.22476961114868,-1.1573229341274334,25.138460742283346,0.6295741068180681,-60.573511062870615,0.2719344611720337,1.5230583409750365,0.00015748,2.2845686625088355,0.00081957,0,0.0
4957,1.7006749636495322,0.8710740200829099,-1.54e-06,1.533404924095422,2.6690625682759963,17.62378708825767,1.0052136313683062,28.859013184524294,0.12067054082980143,-78.07133711834776,-1.1573229341274334,-39.94522945308981,0.6295741068180681,52.77587894990594,0.2719344611720337,0.2951795228026951,0.00015748,1.697228582819935,0.00081957,0,0.0
4958,0.00790160289530284,0.19100699243851738,-1.54e-06,1.533404924095422,2.6690625682759963,18.754536144994887,1.0052136313683062,10.298817962849057,0.12067054082980143,-78.06843902995143,-1.1573229341274334,76.34608921110338,0.6295741068180681,16.365742181251964,0.2719344611720337,0.7962930358841609,0.00015748,1.2976661371726173,0.00081957,0,0.0
4959,0.048444754117765554,0.10874133562077397,-1.54e-06,1.533404924095422,2.6690625682759963,1.430108668698311,1.0052136313683062,4.719130086693566,0.12067054082980143,-41.639801368046356,-1.1573229341274334,43.50431696701558,0.6295741068180681,13.71346949420177,0.2719344611720337,0.33693449563588773,0.00015748,0.6184526984746705,0.00081957,0,0.0
4960,0.005795750776948938,0.03432848396976954,-1.54e-06,1.533404924095422,2.6690625682759963,24.33322986373346,1.0052136313683062,6.550721291955047,0.12067054082980143,-18.59225757660656,-1.1573229341274334,9.675776037923052,0.6295741068180681,-8.21358374049596,0.2719344611720337,0.45089506431107657,0.00015748,0.5610639113304785,0.00081957,0,0.0
4961,2.1150631275532628,0.993617098497526,-1.54e-06,1.533404924095422,2.6690625682759963,-72.29514789894763,1.0052136313683062,5.245128503195356,0.12067054082980143,-40.021910832644274,-1.1573229341274334,-24.211990444719373,0.6295741068180681,97.33270828221585,0.2719344611720337,-0.08616246007651256,0.00015748,0.07721410745528338,0.00081957,1,0.0
4962,0.5503553454092175,3.4452521672088205,-1.54e-06,1.533404924095422,2.6690625682759963,-25.709554824480758,1.0052136313683062,13.195150623430559,0.12067054082980143,-7.554801531679694,-1.1573229341274334,-38.273259895891734,0.6295741068180681,21.898909658581445,0.2719344611720337,-1.417063754647643,0.00015748,0.5386531295799437,0.00081957,1,0.0
4963,0.16134060038710507,0.4603135741425243,-1.54e-06,1.533404924095422,2.6690625682759963,29.705660001676655,1.0052136313683062,13.907628077982693,0.12067054082980143,-15.992722051645,-1.1573229341274334,-13.651575699027175,0.6295741068180681,-12.523974095509617,0.2719344611720337,0.11923680836510331,0.00015748,0.836328622224802,0.00081957,0,0.0
4964,1.3940538428897677,0.686455896920312,-1.54e-06,1.533404924095422,2.6690625682759963,62.09176033448543,1.0052136313683062,35.1196494787887,0.12067054082980143,-70.940366428768,-1.1573229341274334,-63.91986623812799,0.6295741068180681,20.503046509857967,0.2719344611720337,0.2815500783598607,0.00015748,2.268456178838918,0.00081957,0,0.0
4965,0.0028831616633511192,0.6688213873617361,-1.54e-06,1.533404924095422,2.6690625682759963,7.428841700085519,1.0052136313683062,1.8586395000579619,0.12067054082980143,-33.86713920431614,-1.1573229341274334,75.53891922815477,0.6295741068180681,-1.572340600380794,0.2719344611720337,0.18069495793891044,0.00015748,1.7273644527837617,0.00081957,0,0.0
4966,1.3389831299642676,0.5969206353297908,-1.54e-06,1.533404924095422,2.6690625682759963,-68.13628103370519,1.0052136313683062,-0.07830456895670312,0.12067054082980143,-42.60022577585769,-1.1573229341274334,21.693337011482573,0.6295741068180681,79.1973320817271,0.2719344611720337,-0.23688221275683655,0.00015748,0.23045767573273593,0.00081957,1,0.0
4967,-0.10667159309899021,0.993573805725414,-1.54e-06,1.533404924095422,2.6690625682759963,56.49364694937199,1.0052136313683062,6.459851174370332,0.12067054082980143,-29.428757536762934,-1.1573229341274334,72.5660426397508,0.6295741068180681,-35.271800524802835,0.2719344611720337,0.81836735606264,0.00015748,2.591654348203357,0.00081957,0,0.0
4968,0.0052366331955020495,0.4495006010762581,-1.54e-06,1.533404924095422,2.6690625682759963,82.10381927960576,1.0052136313683062,19.348955530963256,0.12067054082980143,-65.58915340690227,-1.1573229341274334,39.5133798986838,0.6295741068180681,-24.504052093113312,0.2719344611720337,1.343242448098696,0.00015748,2.168494234546039,0.00081957,0,0.0
4969,0.0015911934048860044,0.04155961228853487,-1.54e-06,1.533404924095422,2.6690625682759963,51.87164222393871,1.0052136313683062,14.335849677293828,0.12067054082980143,-32.29199453404288,-1.1573229341274334,-2.7483777879691584,0.6295741068180681,-17.02271410931551,0.2719344611720337,0.46698313636895833,0.00015748,1.1502441285070266,0.00081957,0,0.0
4970,0.46069159116158875,0.11465775653420122,-1.54e-06,1.533404924095422,2.6690625682759963,46.325354733537125,1.0052136313683062,23.599648458139324,0.12067054082980143,-73.25203219235067,-1.1573229341274334,-3.2369994623380847,0.6295741068180681,12.753416579490327,0.2719344611720337,0.29949639239650183,0.00015748,1.6349059780415631,0.00081957,0,0.0
4971,0.6974337695465511,0.3228820592070687,-1.54e-06,1.533404924095422,2.6690625682759963,-56.44940762439948,1.0052136313683062,-2.133677579424033,0.12067054082980143,-46.84608740175494,-1.1573229341274334,48.01442644953966,0.6295741068180681,62.30685677141948,0.2719344611720337,-0.26922799909551454,0.00015748,0.2663456696041705,0.00081957,1,0.0
4972,2.159071289082992,1.6416583009810433,-1.54e-06,1.533404924095422,2.6690625682759963,3.639052725460145,1.0052136313683062,19.701294593261505,0.12067054082980143,-55.672471936859125,-1.1573229341274334,-55.68435523360805,0.6295741068180681,64.43076759969938,0.2719344611720337,0.29606376342532614,0.00015748,1.601262745819699,0.00081957,0,0.0
4973,2.5726139122630225,1.6338311348491321,-1.54e-06,1.533404924095422,2.6690625682759963,-68.53599653480263,1.0052136313683062,2.928248105296211,0.12067054082980143,-5.672102258249686,-1.1573229341274334,-66.70296569248276,0.6295741068180681,90.79233579989977,0.2719344611720337,-0.03417331191899591,0.00015748,0.027675061490869617,0.00081957,1,0.0
4974,1.8732321026347656,0.9761146558878421,-1.54e-06,1.533404924095422,2.6690625682759963,-26.711831438584564,1.0052136313683062,9.440425231784248,0.12067054082980143,-0.10052925009736759,-1.1573229341274334,-84.24228356074622,0.6295741068180681,53.22796006085084,0.2719344611720337,-0.4064311691035171,0.00015748,0.4115980423055778,0.00081957,1,0.0
4975,0.39023053612982084,0.5723656953565694,-1.54e-06,1.533404924095422,2.6690625682759963,77.6843770531904,1.0052136313683062,32.01735420469423,0.12067054082980143,-36.44745727379355,-1.1573229341274334,-47.68285291445892,0.6295741068180681,-28.821279215148245,0.2719344611720337,0.2884585556473781,0.00015748,1.854515186108884,0.00081957,0,0.0
4976,1.2523105342205603,0.5320354701832726,-1.54e-06,1.533404924095422,2.6690625682759963,-4.527795736650853,1.0052136313683062,14.74913115077416,0.12067054082980143,-47.86221294249792,-1.1573229341274334,-16.31393817081253,0.6295741068180681,44.05474574407537,0.2719344611720337,0.34845401899716866,0.00015748,0.8484227111967025,0.00081957,0,0.0
4977,0.9114289079198177,0.7991776140450574,-1.54e-06,1.533404924095422,2.6690625682759963,-83.21861015565558,1.0052136313683062,-4.391651799415507,0.12067054082980143,-67.21837210621386,-1.1573229341274334,78.12485407866934,0.6295741068180681,88.13806212977725,0.2719344611720337,-0.4783751976980838,0.00015748,0.4753111434225541,0.00081957,1,0.0
4978,1.2513348634672932,0.5823744463124301,-1.54e-06,1.533404924095422,2.6690625682759963,-24.402566239374966,1.0052136313683062,10.190727929389878,0.12067054082980143,-28.01995275838,-1.1573229341274334,-40.558502144761235,0.6295741068180681,51.008177207053144,0.2719344611720337,-0.4258906534848811,0.00015748,0.438620471602838,0.00081957,1,0.0
4979,0.9097042339734198,0.3631588749768867,-1.54e-06,1.533404924095422,2.6690625682759963,-5.539216358516183,1.0052136313683062,7.409140191238133,0.12067054082980143,-0.36558818873568366,-1.1573229341274334,-52.31701180914156,0.6295741068180681,22.37150988971677,0.2719344611720337,-0.3490406281551299,0.00015748,0.3491179128250805,0.00081957,1,0.0
4980,1.887811341861764,0.9766459124286699,-1.54e-06,1.533404924095422,2.6690625682759963,-65.90014408923558,1.0052136313683062,14.218033691617027,0.12067054082980143,-69.75490667783492,-1.1573229341274334,-13.633353073799745,0.6295741068180681,100.0,0.2719344611720337,-0.47407753352762044,0.00015748,0.47757379713328346,0.00081957,1,0.0
4981,0.2916499427418243,0.059752897483004865,-1.54e-06,1.533404924095422,2.6690625682759963,-14.353488150988152,1.0052136313683062,10.43289070355137,0.12067054082980143,-80.9123125872496,-1.1573229341274334,61.35028939499804,0.6295741068180681,43.078749317477666,0.2719344611720337,0.4406910348494763,0.00015748,0.5791633758465436,0.00081957,0,0.0
4982,2.0281877886199315,0.9513228988778766,-1.54e-06,1.533404924095422,2.6690625682759963,-53.080856960916336,1.0052136313683062,9.594931656349019,0.12067054082980143,-33.20675079241234,-1.1573229341274334,-48.56344702963715,0.6295741068180681,83.27708207062014,0.2719344611720337,-0.324557866430093,0.00015748,0.32481722823830794,0.00081957,1,0.0
4983,0.9363694245725345,0.34832891130842514,-1.54e-06,1.533404924095422,2.6690625682759963,55.07954456019907,1.0052136313683062,28.74133759479418,0.12067054082980143,-66.83348026444217,-1.1573229341274334,-37.75070215806703,0.6295741068180681,14.241896917641704,0.2719344611720337,0.29102872058897733,0.00015748,1.922141306751127,0.00081957,0,0.0
4984,0.6108013913063313,0.6013448300767897,-1.54e-06,1.533404924095422,2.6690625682759963,-71.55290991475758,1.0052136313683062,-4.4619187197570325,0.12067054082980143,-62.30842525337032,-1.1573229341274334,79.30879337133211,0.6295741068180681,74.06291599377006,0.2719344611720337,-0.44958937121043363,0.00015748,0.44068443620864983,0.00081957,1,0.0
4985,0.9214974463332042,0.34123787796220134,-1.54e-06,1.533404924095422,2.6690625682759963,42.66461625141271,1.0052136313683062,25.524679753070604,0.12067054082980143,-74.7100374402341,-1.1573229341274334,-20.840400181303806,0.6295741068180681,25.070835743129354,0.2719344611720337,0.29147984927501713,0.00015748,1.8055217154707606,0.00081957,0,0.0
4986,1.7468716681990586,0.6771430261990604,-1.54e-06,1.533404924095422,2.6690625682759963,-58.36999846845342,1.0052136313683062,4.283456539689985,0.12067054082980143,-30.24786891869224,-1.1573229341274334,-22.312472717586857,0.6295741068180681,78.31300497597186,0.2719344611720337,-0.06803342483222395,0.00015748,0.06826999030667323,0.00081957,1,0.0
4987,0.222556725041974,0.04979902537858056,-1.54e-06,1.533404924095422,2.6690625682759963,31.211389313381357,1.0052136313683062,15.28396440095694,0.12067054082980143,-48.7757850492396,-1.1573229341274334,5.7127380376225965,0.6295741068180681,5.363618358077749,0.2719344611720337,0.3314778871519269,0.00015748,1.0292803410396922,0.00081957,0,0.0
4988,0.5967943418585324,0.10729130012564993,-1.54e-06,1.533404924095422,2.6690625682759963,-51.92874660781855,1.0052136313683062,6.679015178663873,0.12067054082980143,-83.87851030843403,-1.1573229341274334,55.15703640843666,0.6295741068180681,74.42006858748789,0.2719344611720337,-0.17880847252355855,0.00015748,0.1809821361053908,0.00081957,1,0.0
4989,-0.00010052907602015049,0.07725245420951227,-1.54e-06,1.533404924095422,2.6690625682759963,-45.44845987512853,1.0052136313683062,4.121446730323235,0.12067054082980143,-90.84007703252021,-1.1573229341274334,87.70044601133063,0.6295741068180681,61.62184983326733,0.2719344611720337,-0.06999203702525293,0.00015748,0.09775096554168873,0.00081957,1,0.0
4990,0.004532401596756053,0.025590845459953517,-1.54e-06,1.533404924095422,2.6690625682759963,62.05298642766886,1.0052136313683062,17.35261537419768,0.12067054082980143,-32.73002732747468,-1.1573229341274334,-16.505323758971354,0.6295741068180681,-21.280535495384218,0.2719344611720337,0.3093060283087704,0.00015748,1.3460333292905036,0.00081957,0,0.0
4991,0.2475042320671802,0.04017390819081072,-1.54e-06,1.533404924095422,2.6690625682759963,-45.340370513019735,1.0052136313683062,3.9516510027816136,0.12067054082980143,-77.30176955742235,-1.1573229341274334,67.20000634910379,0.6295741068180681,60.8944456634345,0.2719344611720337,-0.08585700674186073,0.00015748,0.08715057250480632,0.00081957,1,0.0
4992,1.0931690793836881,0.30666314082506374,-1.54e-06,1.533404924095422,2.6690625682759963,-33.363889094686186,1.0052136313683062,7.333968281734371,0.12067054082980143,-33.90442286128088,-1.1573229341274334,-16.01864336892318,0.6295741068180681,53.96995333151199,0.2719344611720337,-0.25610621871219225,0.00015748,0.2557880581602084,0.00081957,1,0.0
4993,2.484357789865936,2.100432568352351,-1.54e-06,1.533404924095422,2.6690625682759963,4.576569059039148,1.0052136313683062,26.05638239294713,0.12067054082980143,-84.8260720838414,-1.1573229341274334,-54.57618580041124,0.6295741068180681,83.05178683586244,0.2719344611720337,0.28185450712764315,0.00015748,2.037955481822861,0.00081957,0,0.0
4994,0.6288474270113763,0.5873087025524855,-1.54e-06,1.533404924095422,2.6690625682759963,4.268593233531236,1.0052136313683062,7.327264950365549,0.12067054082980143,-67.93622399454411,-1.1573229341274334,39.105812952415974,0.6295741068180681,38.82469387913474,0.2719344611720337,0.32229282590381847,0.00015748,1.3571158402210102,0.00081957,0,0.0
4995,1.5328102837941262,1.4515361730748406,-1.54e-06,1.533404924095422,2.6690625682759963,-64.66680551463864,1.0052136313683062,17.95122876121924,0.12067054082980143,-83.52381431735374,-1.1573229341274334,9.49018778088562,0.6295741068180681,93.80478746707132,0.2719344611720337,-0.7166141777865217,0.00015748,0.7287694160153476,0.00081957,1,0.0
4996,1.9760389048390365,1.1743721004510694,-1.54e-06,1.533404924095422,2.6690625682759963,-2.8145503387204345,1.0052136313683062,22.33136809362454,0.12067054082980143,-54.66495463138861,-1.1573229341274334,-50.40468879427481,0.6295741068180681,59.66308735416226,0.2719344611720337,0.30742988043920294,0.00015748,1.255540691262107,0.00081957,0,0.0
4997,1.6516829140997698,0.9332790955758965,-1.54e-06,1.533404924095422,2.6690625682759963,61.08618827152142,1.0052136313683062,35.80972962416965,0.12067054082980143,-64.528536529871,-1.1573229341274334,-79.3598588817434,0.6295741068180681,23.435737711327622,0.2719344611720337,0.28077086070476653,0.00015748,2.304288741099035,0.00081957,0,0.0
4998,-0.0013032577565691428,0.43772671307274647,-1.54e-06,1.533404924095422,2.6690625682759963,-9.228602871731253,1.0052136313683062,-3.226936094874049,0.12067054082980143,-13.01659846565851,-1.1573229341274334,37.226123127795404,0.6295741068180681,7.5880812079874325,0.2719344611720337,-0.12161887828283519,0.00015748,0.6016672863280674,0.00081957,1,0.0
4999,-0.005064919839871229,1.2759847849982857,-1.54e-06,1.533404924095422,2.6690625682759963,6.870548458195496,1.0052136313683062,-4.987420544142141,0.12067054082980143,-10.155156485780775,-1.1573229341274334,62.03878325371105,0.6295741068180681,-7.593031382335081,0.2719344611720337,-0.02530391611327143,0.00015748,1.6622938399823686,0.00081957,1,0.0
5000,-1.3161479780826237,3.0751819902594484,-1.54e-06,1.0103041172259097,2.203373554124283,68.39903804724204,1.0052136313683062,36.06928723827507,0.12067054082980143,-83.7139727526294,-1.1573229341274334,59.691257154963644,0.6295741068180681,-41.71092453221454,0.2719344611720337,4.634397909487095,0.00015748,8.310415285078081,0.00081957,0,0.0
5001,5.290421980756081,10.166842092419548,-1.54e-06,1.0103041172259097,2.203373554124283,-30.089068622097606,1.0052136313683062,36.92512560038889,0.12067054082980143,-72.5836373771661,-1.1573229341274334,-50.9594595792992,0.6295741068180681,98.03719481002199,0.2719344611720337,0.2808946888216761,0.00015748,4.662108947690708,0.00081957,0,0.0
5002,-1.8685709830106711,11.356438713180285,-1.54e-06,1.0103041172259097,2.203373554124283,61.78035938879417,1.0052136313683062,-4.110457438486966,0.12067054082980143,-43.987240586589,-1.1573229341274334,87.80452347831239,0.6295741068180681,-49.32900755698327,0.2719344611720337,1.7345748796846374,0.00015748,10.541558776494899,0.00081957,0,0.0
5003,-0.945117392743187,2.562333244076238,-1.54e-06,1.0103041172259097,2.203373554124283,15.072951943781602,1.0052136313683062,-3.3336475550579916,0.12067054082980143,-18.768357733850074,-1.1573229341274334,70.69550220008566,0.6295741068180681,-23.68516974330892,0.2719344611720337,0.2816868413175997,0.00015748,4.843912232514388,0.00081957,0,0.0
5004,4.3496195523578205,7.5700393706961755,-1.54e-06,1.0103041172259097,2.203373554124283,23.515926620809537,1.0052136313683062,58.853271058235514,0.12067054082980143,-83.63244409201153,-1.1573229341274334,-76.21016180920644,0.6295741068180681,55.534555556746334,0.2719344611720337,0.28393908403833734,0.00015748,9.90367441755881,0.00081957,0,0.0
5005,0.5013902944274289,17.155069626285016,-1.54e-06,1.0103041172259097,2.203373554124283,53.964098643185814,1.0052136313683062,68.22368412047973,0.12067054082980143,-71.06230599784647,-1.1573229341274334,6.849478292538852,0.6295741068180681,-33.195914389597654,0.2719344611720337,1.0007321145444266,0.00015748,10.201925189526479,0.00081957,0,0.0
5006,-0.5272304367568967,1.5793579297086628,-1.54e-06,1.0103041172259097,2.203373554124283,80.41023601008665,1.0052136313683062,35.73796053402697,0.12067054082980143,-25.569421695711807,-1.1573229341274334,-20.411029240545368,0.6295741068180681,-58.57525009285349,0.2719344611720337,2.5391504674573464,0.00015748,8.78098545481556,0.00081957,0,0.0
5007,2.1984094902251123,2.0128486050139056,-1.54e-06,1.0103041172259097,2.203373554124283,37.35863708447874,1.0052136313683062,56.30122260036464,0.12067054082980143,-92.15456836624541,-1.1573229341274334,-38.4987842865071,0.6295741068180681,26.60150281733042,0.2719344611720337,0.26231960662529996,0.00015748,9.493301896305777,0.00081957,0,0.0
5008,-0.04361995829646759,0.6867212984173653,-1.54e-06,1.0103041172259097,2.203373554124283,41.225917218949114,1.0052136313683062,21.185287260185472,0.12067054082980143,-30.206760109095644,-1.1573229341274334,4.0245088953313175,0.6295741068180681,-23.222977413294164,0.2719344611720337,2.178704398325496,0.00015748,5.259796121475696,0.00081957,0,0.0
5009,4.469146537583174,9.083176219676709,-1.54e-06,1.0103041172259097,2.203373554124283,-50.812010310951024,1.0052136313683062,11.312831262746894,0.12067054082980143,-11.61561464165613,-1.1573229341274334,-81.49656696481325,0.6295741068180681,91.60010797098934,0.2719344611720337,-3.2534355634886563,0.00015748,0.21625281056688817,0.00081957,1,0.0
5010,0.20184499251866672,0.01671276475773096,-1.54e-06,1.0103041172259097,2.203373554124283,14.632264286143252,1.0052136313683062,25.184727977431976,0.12067054082980143,-67.93773047507246,-1.1573229341274334,17.043545014814217,0.6295741068180681,15.191359715301171,0.2719344611720337,0.2759696448939388,0.00015748,4.204462799362375,0.00081957,0,0.0
5011,2.6377597029465814,2.574755979264966,-1.54e-06,1.0103041172259097,2.203373554124283,-52.922224630323605,1.0052136313683062,7.026733184902252,0.12067054082980143,-79.67406102982503,-1.1573229341274334,30.65377559433027,0.6295741068180681,94.3002731692321,0.2719344611720337,-0.2244528430792878,0.00015748,0.14312821795043718,0.00081957,1,0.0
5012,2.1372960338451836,2.0161435760092936,-1.54e-06,1.0103041172259097,2.203373554124283,47.056335634587555,1.0052136313683062,62.148579027908475,0.12067054082980143,-95.69663454894791,-1.1573229341274334,-45.041466852547586,0.6295741068180681,20.067946272009916,0.2719344611720337,0.25621683897501857,0.00015748,10.590222227653335,0.00081957,0,0.0
5013,4.866169448189535,9.170632696738327,-1.54e-06,1.0103041172259097,2.203373554124283,-15.413318457204968,1.0052136313683062,31.936241331829553,0.12067054082980143,-33.55165246465633,-1.1573229341274334,-75.1278391973423,0.6295741068180681,69.5380275515154,0.2719344611720337,0.2599972371411092,0.00015748,4.348342454665511,0.00081957,0,0.0
5014,1.9361018444118014,3.3620009607311028,-1.54e-06,1.0103041172259097,2.203373554124283,11.462679944022117,1.0052136313683062,12.806740004580755,0.12067054082980143,-17.513695950775553,-1.1573229341274334,-32.340059869910206,0.6295741068180681,19.37810170870322,0.2719344611720337,0.28321104830718324,0.00015748,4.494402956048376,0.00081957,0,0.0
5015,2.1771296488807845,14.808644995885484,-1.54e-06,1.0103041172259097,2.203373554124283,-48.55890534509879,1.0052136313683062,10.8848362995539,0.12067054082980143,-1.9930768139420074,-1.1573229341274334,-42.43778736449881,0.6295741068180681,55.261158264237245,0.2719344611720337,-6.1124144869232175,0.00015748,0.22133910512039678,0.00081957,1,0.0
5016,4.146025722019173,6.2002495067114545,-1.54e-06,1.0103041172259097,2.203373554124283,-3.1415159395457715,1.0052136313683062,49.22215518453457,0.12067054082980143,-99.73541256508355,-1.1573229341274334,-38.99645311526704,0.6295741068180681,77.9830180274042,0.2719344611720337,0.26164916562790896,0.00015748,7.393868323232858,0.00081957,0,0.0
5017,-0.006211935528913415,0.4774650413491597,-1.54e-06,1.0103041172259097,2.203373554124283,70.69911322837024,1.0052136313683062,42.64224274077937,0.12067054082980143,-50.30026760250668,-1.1573229341274334,-22.304816910827345,0.6295741068180681,-35.6874883038772,0.2719344611720337,1.6720325665266893,0.00015748,9.249338523292753,0.00081957,0,0.0
5018,2.7747589794369873,13.704845758480502,-1.54e-06,1.0103041172259097,2.203373554124283,-83.34016008710832,1.0052136313683062,-23.91250168790019,0.12067054082980143,-16.79380032081927,-1.1573229341274334,30.18639327234036,0.6295741068180681,94.41070776698092,0.2719344611720337,-5.533071062802541,0.00015748,0.2437778921932443,0.00081957,1,0.0
5019,0.004547902638943224,0.026896999201323456,-1.54e-06,1.0103041172259097,2.203373554124283,25.755139740475006,1.0052136313683062,26.942468212312036,0.12067054082980143,-62.54559361773699,-1.1573229341274334,12.60820929685643,0.6295741068180681,2.8165624911487797,0.2719344611720337,0.6324219672189799,0.00015748,4.955242799953705,0.00081957,0,0.0
5020,-0.16512726480865803,2.1329958216359817,-1.54e-06,1.0103041172259097,2.203373554124283,42.379784109767336,1.0052136313683062,9.861714068081998,0.12067054082980143,-16.057198119882962,-1.1573229341274334,0.6885031035867462,0.6295741068180681,-25.68584646689527,0.2719344611720337,0.9960447285788172,0.00015748,6.095870821500143,0.00081957,0,0.0
5021,0.67380300948756,0.10569447709625938,-1.54e-06,1.0103041172259097,2.203373554124283,2.634027792292143,1.0052136313683062,31.018228156296665,0.12067054082980143,-99.6048968940134,-1.1573229341274334,32.989936685539845,0.6295741068180681,39.203429439727934,0.2719344611720337,0.2682801926839584,0.00015748,4.534870101890433,0.00081957,0,0.0
5022,0.004394243876680193,0.0565219497238742,-1.54e-06,1.0103041172259097,2.203373554124283,77.16126873654161,1.0052136313683062,56.28099787078026,0.12067054082980143,-79.5312724483445,-1.1573229341274334,-31.406890293422432,0.6295741068180681,-26.681525637493323,0.2719344611720337,0.2671658509453758,0.00015748,11.296929460101325,0.00081957,0,0.0
5023,-0.21626438974709927,17.695140028299072,-1.54e-06,1.0103041172259097,2.203373554124283,-77.14670038525153,1.0052136313683062,-44.61085381144377,0.12067054082980143,-18.538861531560517,-1.1573229341274334,93.88936778408912,0.6295741068180681,64.35877502602415,0.2719344611720337,-7.601236120432695,0.00015748,0.22436488869763727,0.00081957,1,0.0
5024,-0.20299645878847716,1.103137076824559,-1.54e-06,1.0103041172259097,2.203373554124283,98.06915745662991,1.0052136313683062,58.999097391165606,0.12067054082980143,-74.62332313771645,-1.1573229341274334,-23.463270462474423,0.6295741068180681,-49.82120135960191,0.2719344611720337,2.391136424795298,0.00015748,12.79765353918577,0.00081957,0,0.0
5025,1.0157363462097342,0.7112917321635629,-1.54e-06,1.0103041172259097,2.203373554124283,80.66101703004986,1.0052136313683062,70.2706217145504,0.12067054082980143,-98.44877993903482,-1.1573229341274334,-49.270650911036945,0.6295741068180681,-12.97236029029333,0.2719344611720337,0.26395218557538236,0.00015748,13.309209547867765,0.00081957,0,0.0
5026,0.5740186962929035,0.2072788211930646,-1.54e-06,1.0103041172259097,2.203373554124283,32.61232972865743,1.0052136313683062,33.18478974906304,0.12067054082980143,-55.2206578349813,-1.1573229341274334,-14.569953816008365,0.6295741068180681,1.467435689248489,0.2719344611720337,0.26425247587632006,0.00015748,6.06195217453805,0.00081957,0,0.0
5027,-0.4600662581425019,1.4365196992205511,-1.54e-06,1.0103041172259097,2.203373554124283,30.986382961870085,1.0052136313683062,28.170859789278676,0.12067054082980143,-91.09009511340514,-1.1573229341274334,66.32970527584284,0.6295741068180681,-2.07643454249793,0.2719344611720337,3.684082926332374,0.00015748,5.415337169504517,0.00081957,0,0.0
5028,-0.6029683625851514,2.156901808968185,-1.54e-06,1.0103041172259097,2.203373554124283,24.063473188933866,1.0052136313683062,22.426241043720417,0.12067054082980143,-77.01478518401483,-1.1573229341274334,76.98962288296093,0.6295741068180681,-7.348571378852521,0.2719344611720337,3.4565471275184105,0.00015748,4.7322078944206485,0.00081957,0,0.0
5029,3.04783526004281,5.524651051683868,-1.54e-06,1.0103041172259097,2.203373554124283,-44.97009309071791,1.0052136313683062,-1.8625068169642305,0.12067054082980143,-15.796858895073338,-1.1573229341274334,-14.222601486604425,0.6295741068180681,68.55948779659045,0.2719344611720337,-1.2008163315322833,0.00015748,0.20517168370167527,0.00081957,1,0.0
5030,-2.0974773437082015,4.784062881759446,-1.54e-06,1.0103041172259097,2.203373554124283,99.73209688248953,1.0052136313683062,39.490797951434736,0.12067054082980143,-70.62906652481787,-1.1573229341274334,59.028197086160475,0.6295741068180681,-79.36844945735052,0.2719344611720337,5.895326273919305,0.00015748,10.412985051492608,0.00081957,0,0.0
5031,0.6317728272092342,2.4296356920548385,-1.54e-06,1.0103041172259097,2.203373554124283,51.55949641339252,1.0052136313683062,33.73707850145282,0.12067054082980143,-68.68257772381821,-1.1573229341274334,-13.59947517667023,0.6295741068180681,-2.373764008112238,0.2719344611720337,0.39323637046139215,0.00015748,9.544130307119246,0.00081957,0,0.0
5032,-0.001801856156518511,0.45879001743576653,-1.54e-06,1.0103041172259097,2.203373554124283,6.478779511127922,1.0052136313683062,15.04678195343888,0.12067054082980143,-65.95228710780225,-1.1573229341274334,55.88940173736074,0.6295741068180681,12.834011151775393,0.2719344611720337,2.432162547645628,0.00015748,2.761223652174142,0.00081957,0,0.0
5033,5.163101615030398,11.19275216832784,-1.54e-06,1.0103041172259097,2.203373554124283,-24.433552601198695,1.0052136313683062,29.34587958209049,0.12067054082980143,-62.41330423522936,-1.1573229341274334,-55.33190735727491,0.6295741068180681,92.96649559185728,0.2719344611720337,0.26349769706469583,0.00015748,5.038735282560744,0.00081957,0,0.0
5034,0.05089581151939937,0.10255324487883073,-1.54e-06,1.0103041172259097,2.203373554124283,52.82689201035288,1.0052136313683062,27.510995591866326,0.12067054082980143,-10.770804108431179,-1.1573229341274334,-41.8873729016116,0.6295741068180681,-33.69257832522702,0.2719344611720337,0.2729882873943148,0.00015748,6.198131539542809,0.00081957,0,0.0
5035,0.025228334672477183,0.585735870081769,-1.54e-06,1.0103041172259097,2.203373554124283,-26.39339277214296,1.0052136313683062,0.46210881493905986,0.12067054082980143,-66.15670791512021,-1.1573229341274334,62.08846394549561,0.6295741068180681,43.2730464337842,0.2719344611720337,-0.3956419674428258,0.00015748,0.40396078555198184,0.00081957,1,0.0
5036,2.3024388992736444,1.8400654580496671,-1.54e-06,1.0103041172259097,2.203373554124283,-34.15121605104511,1.0052136313683062,7.550590044444709,0.12067054082980143,-43.28859935824197,-1.1573229341274334,-1.1373469961123912,0.6295741068180681,64.06380348601219,0.2719344611720337,-0.39997472889117003,0.00015748,0.3976874689296047,0.00081957,1,0.0
5037,-1.390802767718839,3.536242012812101,-1.54e-06,1.0103041172259097,2.203373554124283,49.717082616442816,1.0052136313683062,22.483973898786424,0.12067054082980143,-69.3289827691705,-1.1573229341274334,82.63400730303742,0.6295741068180681,-37.22782643988448,0.2719344611720337,4.981730959982138,0.00015748,6.035878965950308,0.00081957,0,0.0
5038,1.26337070917344,0.8177539325994055,-1.54e-06,1.0103041172259097,2.203373554124283,52.23295993616796,1.0052136313683062,56.53268954203134,0.12067054082980143,-89.13899432585728,-1.1573229341274334,-32.942884398173796,0.6295741068180681,5.9514410586306505,0.2719344611720337,0.2645893368778207,0.00015748,10.078772591712314,0.00081957,0,0.0
5039,-0.7623657113479779,2.1891837925661655,-1.54e-06,1.0103041172259097,2.203373554124283,27.313436731850604,1.0052136313683062,7.150623747684896,0.12067054082980143,-27.192159019632275,-1.1573229341274334,52.97313738670261,0.6295741068180681,-26.587383440046796,0.2719344611720337,2.1654941021497276,0.00015748,4.365865043033402,0.00081957,0,0.0
5040,0.24142751393370077,1.0264132422871999,-1.54e-06,1.0103041172259097,2.203373554124283,9.296038070803922,1.0052136313683062,9.881555582922749,0.12067054082980143,-49.40102918915739,-1.1573229341274334,22.48304781106432,0.6295741068180681,15.300149649653594,0.2719344611720337,0.34559526399958895,0.00015748,3.646468361292608,0.00081957,0,0.0
5041,0.010489453975249807,0.003319357520048434,-1.54e-06,1.0103041172259097,2.203373554124283,11.737421797213413,1.0052136313683062,14.916859930649258,0.12067054082980143,-38.36284879668243,-1.1573229341274334,10.099374162703317,0.6295741068180681,4.8776026578273886,0.2719344611720337,0.279846473795593,0.00015748,2.624217265597519,0.00081957,0,0.0
5042,1.3034339517848814,0.8511286168601004,-1.54e-06,1.0103041172259097,2.203373554124283,28.664035590546316,1.0052136313683062,32.376910599656384,0.12067054082980143,-42.13746004358324,-1.1573229341274334,-33.256004664746314,0.6295741068180681,6.8333291378551175,0.2719344611720337,0.2651422806276047,0.00015748,5.890152228709245,0.00081957,0,0.0
5043,1.0762818556578724,0.47721566654373804,-1.54e-06,1.0103041172259097,2.203373554124283,29.27823464549332,1.0052136313683062,43.98832328577429,0.12067054082980143,-89.7821093939282,-1.1573229341274334,-6.347393973232196,0.6295741068180681,20.825415018876935,0.2719344611720337,0.2763006352274906,0.00015748,7.43639192918662,0.00081957,0,0.0
5044,2.9412449892757557,4.818138684858505,-1.54e-06,1.0103041172259097,2.203373554124283,78.23397052365551,1.0052136313683062,75.67563010945257,0.12067054082980143,-100.0,-1.1573229341274334,-84.82778501673559,0.6295741068180681,10.881903564456238,0.2719344611720337,0.2714396956216367,0.00015748,15.35034306020269,0.00081957,0,0.0
5045,-1.508491124827041,4.320871817085132,-1.54e-06,1.0103041172259097,2.203373554124283,81.32120225287655,1.0052136313683062,24.237500165439453,0.12067054082980143,-47.2102412803375,-1.1573229341274334,38.251169479054624,0.6295741068180681,-61.80002469680804,0.2719344611720337,3.604036172666182,0.00015748,9.528017625206736,0.00081957,0,0.0
5046,-0.31220506972671336,1.321671167377788,-1.54e-06,1.0103041172259097,2.203373554124283,15.592069274332884,1.0052136313683062,23.951871710183458,0.12067054082980143,-95.02554214622857,-1.1573229341274334,81.5795048425818,0.6295741068180681,10.177041834262546,0.2719344611720337,3.603051748785241,0.00015748,4.247493372252679,0.00081957,0,0.0
5047,2.08807682977288,2.4254240957027444,-1.54e-06,1.0103041172259097,2.203373554124283,72.07007524101324,1.0052136313683062,65.49294922403935,0.12067054082980143,-64.66678312495033,-1.1573229341274334,-81.82017212882843,0.6295741068180681,-9.050535587999418,0.2719344611720337,0.27709706591186567,0.00015748,12.148775002186367,0.00081957,0,0.0
5048,0.4773328330439295,0.18482875986848415,-1.54e-06,1.0103041172259097,2.203373554124283,16.06804609006992,1.0052136313683062,12.542226548272192,0.12067054082980143,-8.103483803399678,-1.1573229341274334,-18.91106466668206,0.6295741068180681,-4.593289234826081,0.2719344611720337,0.28100642653517416,0.00015748,2.448478324554359,0.00081957,0,0.0
5049,3.8425034890961483,5.319771281846556,-1.54e-06,1.0103041172259097,2.203373554124283,-54.029821767738014,1.0052136313683062,6.802448536431026,0.12067054082980143,-49.50687032591416,-1.1573229341274334,-9.55603418116423,0.6295741068180681,95.85237434267628,0.2719344611720337,-0.22481052486872208,0.00015748,0.12329441489314039,0.00081957,1,0.0
5050,-0.023611366990227367,1.1339798092934104,-1.54e-06,1.0103041172259097,2.203373554124283,98.90573950703455,1.0052136313683062,49.608736960198634,0.12067054082980143,-6.727099694787177,-1.1573229341274334,-73.13560741111236,0.6295741068180681,-73.36859395892934,0.2719344611720337,1.5967559304589818,0.00015748,10.501906330014084,0.00081957,0,0.0
5051,3.1606555036745356,3.694835314328641,-1.54e-06,1.0103041172259097,2.203373554124283,-9.524039834924956,1.0052136313683062,30.552339126339096,0.12067054082980143,-61.95867833472814,-1.1573229341274334,-28.743663036913233,0.6295741068180681,59.164534499525004,0.2719344611720337,0.27487124695576526,0.00015748,4.334911729956234,0.00081957,0,0.0
5052,2.7989298939288196,3.057468726362555,-1.54e-06,1.0103041172259097,2.203373554124283,16.990068830363654,1.0052136313683062,45.1008673520789,0.12067054082980143,-76.61035087069385,-1.1573229341274334,-39.4022988527633,0.6295741068180681,42.017558486203846,0.2719344611720337,0.26151710093901714,0.00015748,7.361430809985329,0.00081957,0,0.0
5053,-0.6076634052784993,1.8950021565953796,-1.54e-06,1.0103041172259097,2.203373554124283,75.10504859854876,1.0052136313683062,45.423990628586644,0.12067054082980143,-82.21246578106343,-1.1573229341274334,24.415216226664707,0.6295741068180681,-37.64906926291861,0.2719344611720337,3.612888812306346,0.00015748,9.869326060737174,0.00081957,0,0.0
5054,-0.14234386229409934,0.9681647003991083,-1.54e-06,1.0103041172259097,2.203373554124283,21.631488300543587,1.0052136313683062,16.413228631455354,0.12067054082980143,-54.21326849431875,-1.1573229341274334,45.50661647743756,0.6295741068180681,-4.032921700393419,0.2719344611720337,3.023667641030069,0.00015748,3.6915307062718683,0.00081957,0,0.0
5055,-2.341073252782513,5.198217898774242,-1.54e-06,1.0103041172259097,2.203373554124283,57.56794456248977,1.0052136313683062,1.8557428016076092,0.12067054082980143,-15.438478914292629,-1.1573229341274334,84.31186018194563,0.6295741068180681,-72.26814232013115,0.2719344611720337,2.670180758634498,0.00015748,7.223184840524489,0.00081957,0,0.0
5056,3.0317236750971044,3.338914838760423,-1.54e-06,1.0103041172259097,2.203373554124283,-55.091019189595244,1.0052136313683062,7.280645742715539,0.12067054082980143,-74.95599465939597,-1.1573229341274334,21.505086003808994,0.6295741068180681,98.05061904047581,0.2719344611720337,-0.24906136453762823,0.00015748,0.14252177614114409,0.00081957,1,0.0
5057,2.8606728374644126,7.319458343374658,-1.54e-06,1.0103041172259097,2.203373554124283,-34.975599989330554,1.0052136313683062,9.662169680589312,0.12067054082980143,-7.5346995849112215,-1.1573229341274334,-68.07410824287103,0.6295741068180681,63.575863387279476,0.2719344611720337,-3.6799944963509494,0.00015748,0.22387185406010057,0.00081957,1,0.0
5058,-0.0958506930836722,8.748694540899747,-1.54e-06,1.0103041172259097,2.203373554124283,26.309755510920496,1.0052136313683062,1.1234738306656782,0.12067054082980143,-66.75867162184213,-1.1573229341274334,60.82103706430638,0.6295741068180681,7.41696528548376,0.2719344611720337,0.5548768609000376,0.00015748,8.297412861987393,0.00081957,0,0.0
5059,4.035947408726273,12.921384107870239,-1.54e-06,1.0103041172259097,2.203373554124283,40.151068401714795,1.0052136313683062,42.10179121200899,0.12067054082980143,-57.31566257219707,-1.1573229341274334,-80.49934266841153,0.6295741068180681,37.070897751874,0.2719344611720337,0.32814068384785244,0.00015748,11.633742881249297,0.00081957,0,0.0
5060,2.414673908253638,4.358021685643931,-1.54e-06,1.0103041172259097,2.203373554124283,53.14272083437057,1.0052136313683062,75.07284312388806,0.12067054082980143,-97.14842964149777,-1.1573229341274334,-58.24358487221886,0.6295741068180681,14.196383899438809,0.2719344611720337,0.27502292431238295,0.00015748,11.384539705542414,0.00081957,0,0.0
5061,0.950222207671705,0.3574762242271655,-1.54e-06,1.0103041172259097,2.203373554124283,-3.5405934604812614,1.0052136313683062,14.03763694139926,0.12067054082980143,-39.67109491812408,-1.1573229341274334,4.475866512393952,0.6295741068180681,25.140048235157682,0.2719344611720337,0.289998966945362,0.00015748,1.9565117725426375,0.00081957,0,0.0
5062,-0.6862856838716658,2.2299022876171426,-1.54e-06,1.0103041172259097,2.203373554124283,2.451658656280361,1.0052136313683062,-2.518461136120208,0.12067054082980143,-47.05239143952197,-1.1573229341274334,90.46162386912609,0.6295741068180681,-0.8308933709180949,0.2719344611720337,0.2887268842213344,0.00015748,4.776437205232645,0.00081957,0,0.0
5063,-2.9296232473380437,15.93783482420181,-1.54e-06,1.0103041172259097,2.203373554124283,-6.1269193168109375,1.0052136313683062,-21.301190924831616,0.12067054082980143,-3.531589597423068,-1.1573229341274334,76.46206514933503,0.6295741068180681,-23.64857688862943,0.2719344611720337,-3.5131741726196006,0.00015748,0.2934190307354043,0.00081957,1,0.0
5064,-1.4143582281614977,3.3629683126359886,-1.54e-06,1.0103041172259097,2.203373554124283,61.43914822904857,1.0052136313683062,23.03425313512919,0.12067054082980143,-52.712373233612624,-1.1573229341274334,57.510953027715004,0.6295741068180681,-49.16248824436793,0.2719344611720337,4.5439187712419455,0.00015748,6.676625170929355,0.00081957,0,0.0
5065,-0.09208572262502646,0.9910819331839038,-1.54e-06,1.0103041172259097,2.203373554124283,95.82684203640338,1.0052136313683062,68.6684068888867,0.12067054082980143,-99.6335970343453,-1.1573229341274334,-15.271860413157025,0.6295741068180681,-39.71173870160669,0.2719344611720337,2.373233817637555,0.00015748,13.347049835589598,0.00081957,0,0.0
5066,2.9454846690946628,7.081879748568678,-1.54e-06,1.0103041172259097,2.203373554124283,-48.65172118803774,1.0052136313683062,-7.737058125953903,0.12067054082980143,-6.830059038337366,-1.1573229341274334,-11.849078999804345,0.6295741068180681,67.50333736961915,0.2719344611720337,-1.9835960783244686,0.00015748,0.22388268768557362,0.00081957,1,0.0
5067,-2.76751653534871,7.295225357996969,-1.54e-06,1.0103041172259097,2.203373554124283,84.01819950288169,1.0052136313683062,25.906755904767994,0.12067054082980143,-50.047937383189705,-1.1573229341274334,98.60152338545082,0.6295741068180681,-90.4948086508593,0.2719344611720337,6.041719359844641,0.00015748,8.427751250738948,0.00081957,0,0.0
5068,0.2812871416143756,0.006445821094558381,-1.54e-06,1.0103041172259097,2.203373554124283,-2.6022486465653434,1.0052136313683062,24.998355311403202,0.12067054082980143,-95.6285768706958,-1.1573229341274334,45.277219865589466,0.6295741068180681,37.51944371954329,0.2719344611720337,0.27639443342436487,0.00015748,3.451047175391321,0.00081957,0,0.0
5069,1.7197809225519782,2.192909159584813,-1.54e-06,1.0103041172259097,2.203373554124283,-4.891305978124041,1.0052136313683062,33.61327995150945,0.12067054082980143,-76.7646744104449,-1.1573229341274334,11.22170099955558,0.6295741068180681,41.272081402310235,0.2719344611720337,0.2774220453087781,0.00015748,4.2435160209683485,0.00081957,0,0.0
5070,0.006035830514526275,0.1262437889464478,-1.54e-06,1.0103041172259097,2.203373554124283,52.08211518577023,1.0052136313683062,36.890443869415684,0.12067054082980143,-55.63540112082393,-1.1573229341274334,-12.432078600375796,0.6295741068180681,-18.607441077969696,0.2719344611720337,0.8464703012238215,0.00015748,7.574148287603471,0.00081957,0,0.0
5071,2.201763508584622,3.72960475047311,-1.54e-06,1.0103041172259097,2.203373554124283,-42.85172574207732,1.0052136313683062,-2.127504387623987,0.12067054082980143,-34.80768656714987,-1.1573229341274334,12.182534846745948,0.6295741068180681,65.95068730760133,0.2719344611720337,-1.0804026263247357,0.00015748,0.20008910275170377,0.00081957,1,0.0
5072,4.269803765767032,7.849040490198254,-1.54e-06,1.0103041172259097,2.203373554124283,-50.71500664127338,1.0052136313683062,10.484819671086957,0.12067054082980143,-21.460301927233836,-1.1573229341274334,-63.250911219753924,0.6295741068180681,91.71661302199671,0.2719344611720337,-2.4616404078553558,0.00015748,0.22598801955071957,0.00081957,1,0.0
5073,3.546083206313104,11.601312523706408,-1.54e-06,1.0103041172259097,2.203373554124283,-74.33534983979581,1.0052136313683062,-12.95039809168699,0.12067054082980143,-20.205994186117277,-1.1573229341274334,4.8411285532845145,0.6295741068180681,96.56267769979375,0.2719344611720337,-3.6867542248619145,0.00015748,0.18403579070950493,0.00081957,1,0.0
5074,2.502603816538329,2.662106191630807,-1.54e-06,1.0103041172259097,2.203373554124283,20.6659116723378,1.0052136313683062,39.030356958988996,0.12067054082980143,-50.55705962976622,-1.1573229341274334,-48.73150064134563,0.6295741068180681,26.78561311464966,0.2719344611720337,0.2873277660541227,0.00015748,6.479971767411378,0.00081957,0,0.0
5075,1.750000011139026,1.2001890841398506,-1.54e-06,1.0103041172259097,2.203373554124283,3.4417958976313177,1.0052136313683062,26.16467373947842,0.12067054082980143,-52.62003331073865,-1.1573229341274334,-14.495199241127773,0.6295741068180681,32.555500201300354,0.2719344611720337,0.26452736099176066,0.00015748,3.9653406738081327,0.00081957,0,0.0
5076,0.8645591351153602,0.28309749799661776,-1.54e-06,1.0103041172259097,2.203373554124283,-20.41346109368965,1.0052136313683062,3.840749893997906,0.12067054082980143,-37.66411754361622,-1.1573229341274334,17.50223771706738,0.6295741068180681,37.442024954741015,0.2719344611720337,-0.16584025453621515,0.00015748,0.1631827936628269,0.00081957,1,0.0
5077,3.178395203391151,3.4651503191342075,-1.54e-06,1.0103041172259097,2.203373554124283,-37.79286114570276,1.0052136313683062,7.274835624961761,0.12067054082980143,-28.424049295924746,-1.1573229341274334,-23.434107522630917,0.6295741068180681,69.82501141052856,0.2719344611720337,-0.32668278952244,0.00015748,0.32242439522877553,0.00081957,1,0.0
5078,0.58924423094628,0.7683781668372937,-1.54e-06,1.0103041172259097,2.203373554124283,-35.556258124096985,1.0052136313683062,1.7561752551068024,0.12067054082980143,-77.2923992965627,-1.1573229341274334,63.64772674734142,0.6295741068180681,59.67577512693994,0.2719344611720337,-0.39422931897914415,0.00015748,0.3923744803546255,0.00081957,1,0.0
5079,2.696439819533534,2.9090331767041784,-1.54e-06,1.0103041172259097,2.203373554124283,-38.56333698650407,1.0052136313683062,3.0594095304577316,0.12067054082980143,-32.82102478080675,-1.1573229341274334,-4.910092041245198,0.6295741068180681,67.0188087573207,0.2719344611720337,-0.1933321067962565,0.00015748,0.12787154495595138,0.00081957,1,0.0
5080,-0.3323837866079362,2.581333038437198,-1.54e-06,1.0103041172259097,2.203373554124283,31.08406227744242,1.0052136313683062,24.86319546141169,0.12067054082980143,-40.93789963340732,-1.1573229341274334,33.68337643536761,0.6295741068180681,-22.881584025560226,0.2719344611720337,2.4059985113659046,0.00015748,4.556618422251405,0.00081957,0,0.0
5081,0.0012511970382602655,0.1527361162834477,-1.54e-06,1.0103041172259097,2.203373554124283,45.35426071161197,1.0052136313683062,38.95646429392496,0.12067054082980143,-79.30162180636619,-1.1573229341274334,9.534731389624778,0.6295741068180681,-6.271650450529514,0.2719344611720337,1.2423019068182666,0.00015748,7.59376186928151,0.00081957,0,0.0
5082,-0.5478364521609347,1.5958808857589752,-1.54e-06,1.0103041172259097,2.203373554124283,28.735854669474005,1.0052136313683062,26.149223377612223,0.12067054082980143,-90.06483702164967,-1.1573229341274334,71.8294344591566,0.6295741068180681,-2.205192226537926,0.2719344611720337,3.865231527309354,0.00015748,4.992554725589817,0.00081957,0,0.0
5083,2.199310717386793,2.6729888824877874,-1.54e-06,1.0103041172259097,2.203373554124283,69.15140659951096,1.0052136313683062,60.43102638521803,0.12067054082980143,-49.68499981748099,-1.1573229341274334,-88.4532764795412,0.6295741068180681,-10.931980387941573,0.2719344611720337,0.2617630813733891,0.00015748,11.429166034450613,0.00081957,0,0.0
5084,-0.0030734973473949267,0.13275884551653444,-1.54e-06,1.0103041172259097,2.203373554124283,76.6628833669743,1.0052136313683062,52.54863331176955,0.12067054082980143,-70.62386151555668,-1.1573229341274334,-30.530654538479475,0.6295741068180681,-30.14908437249009,0.2719344611720337,0.6163438932847045,0.00015748,10.868911711151817,0.00081957,0,0.0
5085,5.657290721343706,12.10486979615595,-1.54e-06,1.0103041172259097,2.203373554124283,-24.443709045953092,1.0052136313683062,50.09958647174415,0.12067054082980143,-87.76870025467557,-1.1573229341274334,-56.772789985775646,0.6295741068180681,99.96696614233232,0.2719344611720337,0.26028973176195924,0.00015748,6.2240321555594775,0.00081957,0,0.0
5086,-1.030148302179068,2.596545265560278,-1.54e-06,1.0103041172259097,2.203373554124283,73.10309829612858,1.0052136313683062,29.41924594846349,0.12067054082980143,-37.44089393009367,-1.1573229341274334,18.256430937682946,0.6295741068180681,-56.84246337181887,0.2719344611720337,3.735339467053716,0.00015748,7.735899678832141,0.00081957,0,0.0
5087,0.0026316139650361947,0.10414513566481981,-1.54e-06,1.0103041172259097,2.203373554124283,61.91861589446618,1.0052136313683062,31.554589005393677,0.12067054082980143,-12.634356091666083,-1.1573229341274334,-48.08010046209776,0.6295741068180681,-39.73706539024417,0.2719344611720337,0.2612861728659337,0.00015748,7.251424008040015,0.00081957,0,0.0
5088,0.6271376941683102,0.2462324642537215,-1.54e-06,1.0103041172259097,2.203373554124283,36.90645166550562,1.0052136313683062,36.63495866843295,0.12067054082980143,-59.73868969243153,-1.1573229341274334,-17.59443161114441,0.6295741068180681,0.6026265838203716,0.2719344611720337,0.2643159079832924,0.00015748,6.752476820619343,0.00081957,0,0.0
5089,3.143238645031349,12.751664266041637,-1.54e-06,1.0103041172259097,2.203373554124283,-75.92735358527167,1.0052136313683062,8.060276270224632,0.12067054082980143,-44.80371528314636,-1.1573229341274334,-4.939932065501062,0.6295741068180681,100.0,0.2719344611720337,-5.606370602465088,0.00015748,0.16646343998183077,0.00081957,1,0.0
5090,-0.014077523028796168,0.36677754460692297,-1.54e-06,1.0103041172259097,2.203373554124283,29.941049979453815,1.0052136313683062,17.505610321808113,0.12067054082980143,-25.99743459821706,-1.1573229341274334,5.036885005936056,0.6295741068180681,-16.089526803763395,0.2719344611720337,1.7714064174075028,0.00015748,3.8292482331422857,0.00081957,0,0.0
5091,1.1501951832824444,1.1933812081108957,-1.54e-06,1.0103041172259097,2.203373554124283,90.78236101916752,1.0052136313683062,61.5790172186402,0.12067054082980143,-42.301831110253175,-1.1573229341274334,-88.14218510781821,0.6295741068180681,-38.90957920287128,0.2719344611720337,0.258906407463547,0.00015748,12.530015163498842,0.00081957,0,0.0
5092,4.850705843164658,9.009626783046766,-1.54e-06,1.0103041172259097,2.203373554124283,2.9908286468960563,1.0052136313683062,50.80813607945893,0.12067054082980143,-69.52853993788968,-1.1573229341274334,-75.71571170358779,0.6295741068180681,68.7223938251742,0.2719344611720337,0.2638915810768028,0.00015748,7.594527127380405,0.00081957,0,0.0
5093,2.2926829664408492,2.2348571197382596,-1.54e-06,1.0103041172259097,2.203373554124283,9.415080112746331,1.0052136313683062,26.152408634807966,0.12067054082980143,-28.916308658703624,-1.1573229341274334,-43.58452186011388,0.6295741068180681,25.380189342727864,0.2719344611720337,0.2654653249173111,0.00015748,4.290296871765404,0.00081957,0,0.0
5094,0.6318736347049765,0.21068465267387182,-1.54e-06,1.0103041172259097,2.203373554124283,-1.1136232391816725,1.0052136313683062,11.95582841650854,0.12067054082980143,-40.71592252622674,-1.1573229341274334,10.276499100862798,0.6295741068180681,21.556500874151347,0.2719344611720337,0.2880093268044934,0.00015748,1.984857706902945,0.00081957,0,0.0
5095,-0.2955399078881995,1.1828233284178549,-1.54e-06,1.0103041172259097,2.203373554124283,21.158684291708962,1.0052136313683062,11.419800131518711,0.12067054082980143,-36.340624763192444,-1.1573229341274334,41.0399207526758,0.6295741068180681,-12.139247140401375,0.2719344611720337,2.5240177610695014,0.00015748,3.3413830666099518,0.00081957,0,0.0
5096,-0.45340412927201335,5.56458414327581,-1.54e-06,1.0103041172259097,2.203373554124283,-41.99890037559468,1.0052136313683062,-8.582817187962624,0.12067054082980143,-87.4639359061167,-1.1573229341274334,98.80828261896758,0.6295741068180681,59.59663354716796,0.2719344611720337,-1.6841176645909097,0.00015748,0.39449675856871624,0.00081957,1,0.0
5097,1.1587000854680198,0.8023274358328005,-1.54e-06,1.0103041172259097,2.203373554124283,36.835339804901906,1.0052136313683062,32.43697103724735,0.12067054082980143,-28.374438370796447,-1.1573229341274334,-44.54373915511795,0.6295741068180681,-5.583460670861814,0.2719344611720337,0.2656537586220322,0.00015748,6.112208230558262,0.00081957,0,0.0
5098,2.634879352050281,8.101783725085868,-1.54e-06,1.0103041172259097,2.203373554124283,-51.84197546828075,1.0052136313683062,-13.080637830999404,0.12067054082980143,-15.274593823721794,-1.1573229341274334,1.6518040666474678,0.6295741068180681,72.61643565943058,0.2719344611720337,-2.3381468210617165,0.00015748,0.2223074791856452,0.00081957,1,0.0
5099,-0.0007288868044947883,0.14745019472536508,-1.54e-06,1.0103041172259097,2.203373554124283,58.116595150311596,1.0052136313683062,27.725724917291,0.12067054082980143,-7.983702860969504,-1.1573229341274334,-43.88823248135109,0.6295741068180681,-39.03115267256149,0.2719344611720337,0.45869357769923136,0.00015748,6.655822394517621,0.00081957,0,0.0
5100,-0.0013836604679429987,0.7190483865344849,-1.54e-06,1.1988090693025082,2.802554574748477,47.04661733379884,1.0052136313683062,2.4193547573802388,0.12067054082980143,-13.29212120411016,-1.1573229341274334,55.41433986010916,0.6295741068180681,-31.822465742272776,0.2719344611720337,0.8793192336662468,0.00015748,2.2756981829482497,0.00081957,0,0.0
5101,1.9248720963892847,1.1153331608252688,-1.54e-06,1.1988090693025082,2.802554574748477,-1.9014652493194422,1.0052136313683062,21.37683610460667,0.12067054082980143,-12.865232443062304,-1.1573229341274334,-88.31146783918464,0.6295741068180681,41.01178266176822,0.2719344611720337,0.30223689885469096,0.00015748,1.3881628366068939,0.00081957,0,0.0
5102,0.9827812726246004,0.6826731708803389,-1.54e-06,1.1988090693025082,2.802554574748477,85.30959840010844,1.0052136313683062,62.90167700054549,0.12067054082980143,-75.53018357166037,-1.1573229341274334,-90.3866280250685,0.6295741068180681,-11.21939669180755,0.2719344611720337,0.27567459107101944,0.00015748,4.14826054862694,0.00081957,0,0.0
5103,0.23776663205025517,0.04377868339854577,-1.54e-06,1.1988090693025082,2.802554574748477,2.7094674798292773,1.0052136313683062,14.414793989210565,0.12067054082980143,-57.508199490300775,-1.1573229341274334,35.098365080626266,0.6295741068180681,20.064038015810493,0.2719344611720337,0.35023300021473425,0.00015748,0.8860526440532273,0.00081957,0,0.0
5104,0.5852964869444592,0.641579676233842,-1.54e-06,1.1988090693025082,2.802554574748477,-40.75824870055828,1.0052136313683062,-5.845121056194803,0.12067054082980143,-38.73117702649777,-1.1573229341274334,54.45219029445197,0.6295741068180681,47.86943940644375,0.2719344611720337,-0.43787139425651217,0.00015748,0.44104782095595335,0.00081957,1,0.0
5105,-0.0012454836143240833,0.1796811013786317,-1.54e-06,1.1988090693025082,2.802554574748477,94.70668358205532,1.0052136313683062,44.559604117941404,0.12067054082980143,-40.02941846270736,-1.1573229341274334,-61.790988033050446,0.6295741068180681,-46.02346913926979,0.2719344611720337,0.29310367701993334,0.00015748,3.3338301058121558,0.00081957,0,0.0
5106,-0.012098929270973557,0.3689588004899203,-1.54e-06,1.1988090693025082,2.802554574748477,-11.679446023757988,1.0052136313683062,-6.691005205232539,0.12067054082980143,-5.639925714922588,-1.1573229341274334,36.13821256901223,0.6295741068180681,6.698998960428086,0.2719344611720337,-0.3869192596922084,0.00015748,0.3994523390870607,0.00081957,1,0.0
5107,0.4075028905951169,0.0824541013891997,-1.54e-06,1.1988090693025082,2.802554574748477,9.531331339615805,1.0052136313683062,18.569288248352883,0.12067054082980143,-56.17795040210287,-1.1573229341274334,15.40755499662272,0.6295741068180681,19.253727936686833,0.2719344611720337,0.3158212255668543,0.00015748,1.2083654065413794,0.00081957,0,0.0
5108,0.5007879535672439,0.057318830230083974,-1.54e-06,1.1988090693025082,2.802554574748477,-11.74135354733113,1.0052136313683062,2.0510065275927833,0.12067054082980143,-4.441024798660066,-1.1573229341274334,-17.39160893333044,0.6295741068180681,18.97046853798645,0.2719344611720337,-0.067617516530045,0.00015748,0.06879997934529358,0.00081957,1,0.0
5109,0.8999514775640518,0.4793993099550703,-1.54e-06,1.1988090693025082,2.802554574748477,14.352907322400528,1.0052136313683062,41.4197488312377,0.12067054082980143,-99.66731639977573,-1.1573229341274334,8.428473806676818,0.6295741068180681,35.86882126108304,0.2719344611720337,0.2795801286465466,0.00015748,2.260766730664972,0.00081957,0,0.0
5110,0.010493792643112149,0.028866169031187515,-1.54e-06,1.1988090693025082,2.802554574748477,-25.654985477565596,1.0052136313683062,2.5635219818794717,0.12067054082980143,-60.10476794687616,-1.1573229341274334,64.4839866790956,0.6295741068180681,36.39939486729792,0.2719344611720337,-0.061723106297757305,0.00015748,0.06272772264425962,0.00081957,1,0.0
5111,0.046596741806055775,0.013194321159354736,-1.54e-06,1.1988090693025082,2.802554574748477,46.647223276005064,1.0052136313683062,34.34973404109233,0.12067054082980143,-90.61117168859435,-1.1573229341274334,18.230906726701598,0.6295741068180681,3.2974164684725475,0.2719344611720337,0.2774028444072749,0.00015748,2.579596829439711,0.00081957,0,0.0
5112,0.15490635404243747,0.033791876975750305,-1.54e-06,1.1988090693025082,2.802554574748477,-1.6634636169190395,1.0052136313683062,11.055383600376823,0.12067054082980143,-57.418396700646944,-1.1573229341274334,46.78654669551489,0.6295741068180681,21.104430918070964,0.2719344611720337,0.3942543852520028,0.00015748,0.6856098022341963,0.00081957,0,0.0
5113,0.11759653743156151,0.0486883001826285,-1.54e-06,1.1988090693025082,2.802554574748477,52.736211265971065,1.0052136313683062,22.50168363759937,0.12067054082980143,-21.574788627370012,-1.1573229341274334,-32.89879952299242,0.6295741068180681,-22.932611160564026,0.2719344611720337,0.2898746096082767,0.00015748,1.9556063566267883,0.00081957,0,0.0
5114,1.9197030044430983,1.013050160404232,-1.54e-06,1.1988090693025082,2.802554574748477,-58.0953898327751,1.0052136313683062,15.693981470876802,0.12067054082980143,-64.33777841215928,-1.1573229341274334,-36.19060562853405,0.6295741068180681,97.55179039240151,0.2719344611720337,-0.5123154559327752,0.00015748,0.5163319638535606,0.00081957,1,0.0
5115,0.5774183445754835,1.428474547100965,-1.54e-06,1.1988090693025082,2.802554574748477,-61.12352655646428,1.0052136313683062,-9.80644195791326,0.12067054082980143,-67.58468628833059,-1.1573229341274334,97.84661030755112,0.6295741068180681,70.71668908027478,0.2719344611720337,-0.7075937125787913,0.00015748,0.5127235530915345,0.00081957,1,0.0
5116,0.17223119191312092,0.4608796364762486,-1.54e-06,1.1988090693025082,2.802554574748477,22.082718151624817,1.0052136313683062,1.5069231227337971,0.12067054082980143,-23.316641365297627,-1.1573229341274334,31.176806470737585,0.6295741068180681,-2.7754866338040536,0.2719344611720337,0.34982045549390894,0.00015748,1.5718146047369697,0.00081957,0,0.0
5117,1.3393003815303968,2.2853701378892746,-1.54e-06,1.1988090693025082,2.802554574748477,-64.29844492238526,1.0052136313683062,-14.069624135447663,0.12067054082980143,-4.885727616190203,-1.1573229341274334,2.9740082278983455,0.6295741068180681,67.89325042229308,0.2719344611720337,-0.9908132770560711,0.00015748,0.20491731025502813,0.00081957,1,0.0
5118,1.1395659500638813,0.46044513800058795,-1.54e-06,1.1988090693025082,2.802554574748477,20.40701414943991,1.0052136313683062,24.058797245513222,0.12067054082980143,-23.385226821074266,-1.1573229341274334,-59.959654044994984,0.6295741068180681,15.696410091144825,0.2719344611720337,0.2958983063211551,0.00015748,1.6492329201749631,0.00081957,0,0.0
5119,0.0005665774874292762,0.032395812682540694,-1.54e-06,1.1988090693025082,2.802554574748477,65.20135829076833,1.0052136313683062,25.246754427972984,0.12067054082980143,-23.87826593409176,-1.1573229341274334,-36.10419810027617,0.6295741068180681,-31.315723864320887,0.2719344611720337,0.29060287162236276,0.00015748,2.3175949238744273,0.00081957,0,0.0
5120,1.0494718590456258,0.36691713808390974,-1.54e-06,1.1988090693025082,2.802554574748477,5.402297422867979,1.0052136313683062,22.055040585734282,0.12067054082980143,-43.79446532884688,-1.1573229341274334,-26.156910428598373,0.6295741068180681,29.61623486092703,0.2719344611720337,0.30562393322133485,0.00015748,1.3731623014822798,0.00081957,0,0.0
5121,-0.014937310070207932,0.8551092432954089,-1.54e-06,1.1988090693025082,2.802554574748477,84.96669444153645,1.0052136313683062,18.598371142996264,0.12067054082980143,-10.007641127303522,-1.1573229341274334,28.2571649359818,0.6295741068180681,-61.20130628885447,0.2719344611720337,1.8424123582074392,0.00015748,2.622752035046328,0.00081957,0,0.0
5122,2.893352465974359,7.004297590712714,-1.54e-06,1.1988090693025082,2.802554574748477,30.919754773321326,1.0052136313683062,53.76100140141582,0.12067054082980143,-23.410454149016452,-1.1573229341274334,-77.50900049772392,0.6295741068180681,16.03332579277595,0.2719344611720337,1.2686074193141967,0.00015748,3.62319017293051,0.00081957,0,0.0
5123,0.742592664967805,0.22670151989686788,-1.54e-06,1.1988090693025082,2.802554574748477,-9.892372603953538,1.0052136313683062,6.686088795319609,0.12067054082980143,-1e-20,-1.1573229341274334,-46.78733305771141,0.6295741068180681,21.76421884115923,0.2719344611720337,-0.280805365847178,0.00015748,0.28456308503517574,0.00081957,1,0.0
5124,1.2820149641803775,1.2608383205146052,-1.54e-06,1.1988090693025082,2.802554574748477,-72.7025362358858,1.0052136313683062,-4.557736917986587,0.12067054082980143,-72.52227663570743,-1.1573229341274334,70.63644457917296,0.6295741068180681,92.64168150239642,0.2719344611720337,-0.5010879261748175,0.00015748,0.4874153756084031,0.00081957,1,0.0
5125,1.608150430160051,1.364852145600608,-1.54e-06,1.1988090693025082,2.802554574748477,-65.78430693355692,1.0052136313683062,-2.9225258513908647,0.12067054082980143,-34.21534909170155,-1.1573229341274334,5.975837609217462,0.6295741068180681,82.31637940777308,0.2719344611720337,-0.4881467943682874,0.00015748,0.19249048011592057,0.00081957,1,0.0
5126,0.0143395214270714,0.12207718723437669,-1.54e-06,1.1988090693025082,2.802554574748477,91.74674007858964,1.0052136313683062,49.633293943137026,0.12067054082980143,-92.73021710923629,-1.1573229341274334,-4.847642752916354,0.6295741068180681,-26.98322277211518,0.2719344611720337,0.7174051731971958,0.00015748,3.860360496498288,0.00081957,0,0.0
5127,1.15600472955816,1.8596317789347863,-1.54e-06,1.1988090693025082,2.802554574748477,86.1979237218704,1.0052136313683062,72.35737641067794,0.12067054082980143,-89.60723750366714,-1.1573229341274334,-68.14187161752807,0.6295741068180681,-12.60844379419844,0.2719344611720337,0.7459693356437411,0.00015748,4.346316659245482,0.00081957,0,0.0
5128,9.886290519334207e-05,0.06061461681914346,-1.54e-06,1.1988090693025082,2.802554574748477,-9.148181425637192,1.0052136313683062,6.023051288880732,0.12067054082980143,-66.88016034618693,-1.1573229341274334,87.65420921039617,0.6295741068180681,23.555800380273354,0.2719344611720337,0.3713344077777478,0.00015748,0.7704452095017946,0.00081957,0,0.0
5129,2.060349629595241,2.0091515449526693,-1.54e-06,1.1988090693025082,2.802554574748477,-76.14549677997616,1.0052136313683062,-3.5281742808774803,0.12067054082980143,-24.019505304218463,-1.1573229341274334,-16.551414208822468,0.6295741068180681,93.54287780009285,0.2719344611720337,-0.6250212299860936,0.00015748,0.18616713909002164,0.00081957,1,0.0
5130,-0.5510570909805036,2.1940418805477333,-1.54e-06,1.1988090693025082,2.802554574748477,82.39271434704635,1.0052136313683062,-1.9152696503787523,0.12067054082980143,-0.36850660825509607,-1.1573229341274334,97.10767510210836,0.6295741068180681,-73.80334730140534,0.2719344611720337,1.1290380921225847,0.00015748,3.423445153787328,0.00081957,0,0.0
5131,1.1835033026419919,0.4876450821917263,-1.54e-06,1.1988090693025082,2.802554574748477,9.415366405032973,1.0052136313683062,19.223886148185656,0.12067054082980143,-17.887603184810295,-1.1573229341274334,-53.745583037995,0.6295741068180681,21.070699029565738,0.2719344611720337,0.30978270709048367,0.00015748,1.2657538543731313,0.00081957,0,0.0
5132,-0.014372189738326657,1.054810082495584,-1.54e-06,1.1988090693025082,2.802554574748477,100.0,1.0052136313683062,41.34707171495964,0.12067054082980143,-86.86844154745066,-1.1573229341274334,74.5665383309137,0.6295741068180681,-47.769021768913746,0.2719344611720337,2.562551610936712,0.00015748,3.5617355254700236,0.00081957,0,0.0
5133,1.051140086453057,1.2477300925896726,-1.54e-06,1.1988090693025082,2.802554574748477,-28.00295542269898,1.0052136313683062,21.168726617455658,0.12067054082980143,-53.19956743911645,-1.1573229341274334,-25.327442003692937,0.6295741068180681,54.517621184565535,0.2719344611720337,-0.6579908965927855,0.00015748,0.7782672732281727,0.00081957,1,0.0
5134,0.0007620678673477821,0.0064238692354780655,-1.54e-06,1.1988090693025082,2.802554574748477,4.1088325734666835,1.0052136313683062,15.179393932290676,0.12067054082980143,-72.24317839012298,-1.1573229341274334,56.1521078365469,0.6295741068180681,20.012864223019,0.2719344611720337,0.34188123149261507,0.00015748,0.9533299197233888,0.00081957,0,0.0
5135,0.08654158896010822,1.0278525525286162,-1.54e-06,1.1988090693025082,2.802554574748477,49.578304337103944,1.0052136313683062,16.627188926531932,0.12067054082980143,-91.14913940560376,-1.1573229341274334,91.24663964132117,0.6295741068180681,-0.5189067149483831,0.2719344611720337,1.148006260430202,0.00015748,3.101489025191603,0.00081957,0,0.0
5136,0.4226886905726448,0.09077838030482346,-1.54e-06,1.1988090693025082,2.802554574748477,4.8227174276178255,1.0052136313683062,16.006800756972538,0.12067054082980143,-52.193920766547734,-1.1573229341274334,17.741129668141316,0.6295741068180681,20.900091769326952,0.2719344611720337,0.3297380061345601,0.00015748,1.0202194765435861,0.00081957,0,0.0
5137,0.020661773301958286,0.04849691247021207,-1.54e-06,1.1988090693025082,2.802554574748477,71.18806958635095,1.0052136313683062,25.938973810594117,0.12067054082980143,-9.89186174314117,-1.1573229341274334,-53.86058632195323,0.6295741068180681,-39.83904891143401,0.2719344611720337,0.28049357731123914,0.00015748,2.3169692854615653,0.00081957,0,0.0
5138,3.6810767857592204,9.141158740619344,-1.54e-06,1.1988090693025082,2.802554574748477,-49.68514180129332,1.0052136313683062,20.730549603751967,0.12067054082980143,-32.66676068898823,-1.1573229341274334,13.65660976848941,0.6295741068180681,82.02566344240043,0.2719344611720337,0.25296452578987094,0.00015748,3.5921025532990942,0.00081957,0,0.0
5139,0.18095208411444275,0.1304496097373953,-1.54e-06,1.1988090693025082,2.802554574748477,58.36531230446888,1.0052136313683062,26.276508376456334,0.12067054082980143,-10.495524656477679,-1.1573229341274334,-52.487526506324926,0.6295741068180681,-30.72600382651391,0.2719344611720337,0.2873778920380482,0.00015748,1.9698297208653885,0.00081957,0,0.0
5140,0.3539651983068778,0.08277886054653952,-1.54e-06,1.1988090693025082,2.802554574748477,-48.85524318019562,1.0052136313683062,6.123954845669947,0.12067054082980143,-99.98844995129815,-1.1573229341274334,90.97414411276765,0.6295741068180681,71.11307534533904,0.2719344611720337,-0.11307455003890807,0.00015748,0.1133100088646832,0.00081957,1,0.0
5141,0.0038291025848264937,0.27448332375490947,-1.54e-06,1.1988090693025082,2.802554574748477,98.97645231039938,1.0052136313683062,36.981745561629005,0.12067054082980143,-38.59170236435349,-1.1573229341274334,-23.002014942792865,0.6295741068180681,-52.33084769624323,0.2719344611720337,1.1123589746960774,0.00015748,3.340584050139986,0.00081957,0,0.0
5142,1.2547296100567022,0.4835196373011602,-1.54e-06,1.1988090693025082,2.802554574748477,-35.46565391677073,1.0052136313683062,17.35000935347995,0.12067054082980143,-85.73418185233338,-1.1573229341274334,34.610519344066624,0.6295741068180681,71.8050581648875,0.2719344611720337,0.3354791541168394,0.00015748,0.8216876411477905,0.00081957,0,0.0
5143,0.6324394365775317,0.1472175080736307,-1.54e-06,1.1988090693025082,2.802554574748477,33.992628111688475,1.0052136313683062,39.104492220105925,0.12067054082980143,-99.74697257047129,-1.1573229341274334,1.5603139019481682,0.6295741068180681,24.772985478718407,0.2719344611720337,0.2748771512199615,0.00015748,2.6958033559321826,0.00081957,0,0.0
5144,0.005475958515115842,0.0851309649093322,-1.54e-06,1.1988090693025082,2.802554574748477,79.81417725995006,1.0052136313683062,41.27573237950735,0.12067054082980143,-84.19717288423851,-1.1573229341274334,3.1781521272289273,0.6295741068180681,-21.501853308324012,0.2719344611720337,0.6719541970177361,0.00015748,3.4366417908993308,0.00081957,0,0.0
5145,-0.001606398078222382,0.3042848198955257,-1.54e-06,1.1988090693025082,2.802554574748477,23.714008530205835,1.0052136313683062,8.514361666001324,0.12067054082980143,-42.41728562219342,-1.1573229341274334,74.01875081090738,0.6295741068180681,-9.167967474175219,0.2719344611720337,0.8802343948155209,0.00015748,1.5211960653921728,0.00081957,0,0.0
5146,0.001482183836942319,0.0301076529499476,-1.54e-06,1.1988090693025082,2.802554574748477,44.9755538414237,1.0052136313683062,34.045831627264334,0.12067054082980143,-99.4854868448508,-1.1573229341274334,39.58283434063018,0.6295741068180681,4.619390240150681,0.2719344611720337,0.5229322888369756,0.00015748,2.539441101515937,0.00081957,0,0.0
5147,1.0282953880389971,0.6840777665588641,-1.54e-06,1.1988090693025082,2.802554574748477,32.08082843610933,1.0052136313683062,26.794254730641804,0.12067054082980143,-65.95670240577847,-1.1573229341274334,-27.443235753079012,0.6295741068180681,25.835593993257362,0.2719344611720337,0.2887471076843624,0.00015748,2.7150168252844464,0.00081957,0,0.0
5148,0.00011290233154159779,0.020087669273721978,-1.54e-06,1.1988090693025082,2.802554574748477,49.129922893662126,1.0052136313683062,23.60612242012385,0.12067054082980143,-39.051092227129274,-1.1573229341274334,-11.967643957345398,0.6295741068180681,-16.97710573810172,0.2719344611720337,0.2871336368314137,0.00015748,1.978966578051753,0.00081957,0,0.0
5149,0.8711496711069592,2.1178939051121892,-1.54e-06,1.1988090693025082,2.802554574748477,-73.7251076901366,1.0052136313683062,1.8676489762495687,0.12067054082980143,-64.33519829882569,-1.1573229341274334,57.92190306624327,0.6295741068180681,79.85920898838349,0.2719344611720337,-1.2181397691086442,0.00015748,0.21691905595920147,0.00081957,1,0.0
5150,0.0018529829534648656,0.042218983561893124,-1.54e-06,1.1988090693025082,2.802554574748477,-6.763247044420349,1.0052136313683062,7.221017476248001,0.12067054082980143,-63.03022153589963,-1.1573229341274334,78.26542982146537,0.6295741068180681,21.013714649767852,0.2719344611720337,0.400362594303094,0.00015748,0.6957717923087472,0.00081957,0,0.0
5151,0.001461097370356601,0.0026564354974309996,-1.54e-06,1.1988090693025082,2.802554574748477,2.816137210019343,1.0052136313683062,20.425175416036062,0.12067054082980143,-96.931464679329,-1.1573229341274334,71.19041321167282,0.6295741068180681,29.252595445416006,0.2719344611720337,0.3143198304912211,0.00015748,1.231446770307883,0.00081957,0,0.0
5152,0.002099108264048577,0.26723754248003934,-1.54e-06,1.1988090693025082,2.802554574748477,33.946400975956756,1.0052136313683062,16.57304461587791,0.12067054082980143,-57.420948534752284,-1.1573229341274334,67.84020413094612,0.6295741068180681,-9.760810367549787,0.2719344611720337,1.328194020041618,0.00015748,1.5120633778189947,0.00081957,0,0.0
5153,0.0023482254062552332,0.059873990327430134,-1.54e-06,1.1988090693025082,2.802554574748477,1.6956356931211325,1.0052136313683062,15.436454309200203,0.12067054082980143,-88.51496927370074,-1.1573229341274334,91.79354954944728,0.6295741068180681,23.475334746230047,0.2719344611720337,0.7933939490850197,0.00015748,0.9914349935170714,0.00081957,0,0.0
5154,0.4596295044001407,1.98918362127914,-1.54e-06,1.1988090693025082,2.802554574748477,-54.44201575640478,1.0052136313683062,-13.961344003043582,0.12067054082980143,-20.392495312343037,-1.1573229341274334,53.36676461383573,0.6295741068180681,48.1485057229621,0.2719344611720337,-1.130705848512738,0.00015748,0.20441470189203126,0.00081957,1,0.0
5155,0.7802533325633962,0.16068018833095943,-1.54e-06,1.1988090693025082,2.802554574748477,-44.32510082703023,1.0052136313683062,8.15376104936768,0.12067054082980143,-73.73120092480951,-1.1573229341274334,38.29376158651888,0.6295741068180681,68.30814674403418,0.2719344611720337,-0.19109184124781853,0.00015748,0.1906793686807322,0.00081957,1,0.0
5156,0.03764863255416939,0.039962503925109784,-1.54e-06,1.1988090693025082,2.802554574748477,60.65785781278031,1.0052136313683062,23.655704554671406,0.12067054082980143,-16.938246878002424,-1.1573229341274334,-39.488739492494986,0.6295741068180681,-30.804745547413244,0.2719344611720337,0.2846607692651475,0.00015748,2.0885350489089127,0.00081957,0,0.0
5157,0.44438236403497156,0.1627623831081402,-1.54e-06,1.1988090693025082,2.802554574748477,74.08665559538231,1.0052136313683062,34.52477593882791,0.12067054082980143,-23.956453668785443,-1.1573229341274334,-73.50375094834517,0.6295741068180681,-28.269260601815194,0.2719344611720337,0.2742105757083917,0.00015748,2.8860242699305707,0.00081957,0,0.0
5158,0.005115468059891937,1.5541723852835583,-1.54e-06,1.1988090693025082,2.802554574748477,73.44176972055166,1.0052136313683062,14.449569744480252,0.12067054082980143,-67.00081390480233,-1.1573229341274334,43.944474526037254,0.6295741068180681,-17.757765557731602,0.2719344611720337,0.5820721993662143,0.00015748,3.891099085558041,0.00081957,0,0.0
5159,0.2957958722740527,1.3862713579022814,-1.54e-06,1.1988090693025082,2.802554574748477,-33.586339292391244,1.0052136313683062,-13.56459600556358,0.12067054082980143,-18.962982723611695,-1.1573229341274334,65.80904060930001,0.6295741068180681,30.262027451811264,0.2719344611720337,-0.7403845068297668,0.00015748,0.73480323631214,0.00081957,1,0.0
5160,1.374863135422903,0.5657960241212583,-1.54e-06,1.1988090693025082,2.802554574748477,13.395461139151719,1.0052136313683062,33.0780339102041,0.12067054082980143,-64.4686767699773,-1.1573229341274334,-42.132122706658095,0.6295741068180681,38.546988192990675,0.2719344611720337,0.2830950632130729,0.00015748,2.1176552893726854,0.00081957,0,0.0
5161,0.9745953008445711,0.3222655724999574,-1.54e-06,1.1988090693025082,2.802554574748477,16.050160363725983,1.0052136313683062,27.415793922806106,0.12067054082980143,-54.588836460787654,-1.1573229341274334,-26.995855294725228,0.6295741068180681,25.781637491469585,0.2719344611720337,0.29197559165140174,0.00015748,1.7913118081436388,0.00081957,0,0.0
5162,0.1500095691636576,0.04692237166132136,-1.54e-06,1.1988090693025082,2.802554574748477,47.636293867200244,1.0052136313683062,24.559392530245038,0.12067054082980143,-35.97491388547483,-1.1573229341274334,-21.709978407432832,0.6295741068180681,-14.489997986545333,0.2719344611720337,0.28611729450265055,0.00015748,1.9880478999091915,0.00081957,0,0.0
5163,0.8074218362831016,2.646980036385822,-1.54e-06,1.1988090693025082,2.802554574748477,53.64046520504091,1.0052136313683062,2.2454494327970194,0.12067054082980143,-12.955009735939804,-1.1573229341274334,-12.090662018596841,0.6295741068180681,-8.106322184301428,0.2719344611720337,0.27581018617262765,0.00015748,3.526155750933457,0.00081957,0,0.0
5164,1.0742981656387216,0.5035971086759997,-1.54e-06,1.1988090693025082,2.802554574748477,11.349191159084802,1.0052136313683062,37.087530549581444,0.12067054082980143,-80.95435173562382,-1.1573229341274334,-10.742658823161422,0.6295741068180681,35.64936583270131,0.2719344611720337,0.284767892527215,0.00015748,2.045365650367482,0.00081957,0,0.0
5165,1.2801124743717855,1.1882330889224542,-1.54e-06,1.1988090693025082,2.802554574748477,-72.14467123475109,1.0052136313683062,-3.4259963485795373,0.12067054082980143,-71.77137238531802,-1.1573229341274334,68.45447791088267,0.6295741068180681,91.44067961084127,0.2719344611720337,-0.4982325778459048,0.00015748,0.46603126165074193,0.00081957,1,0.0
5166,2.5785135062116877,1.7818768758876495,-1.54e-06,1.1988090693025082,2.802554574748477,-25.150541676067807,1.0052136313683062,27.080610108699492,0.12067054082980143,-43.39800112416175,-1.1573229341274334,-84.30729447721559,0.6295741068180681,77.66874857804997,0.2719344611720337,0.2935748685645624,0.00015748,1.5106960042111837,0.00081957,0,0.0
5167,0.6974103055638663,0.23876913745627307,-1.54e-06,1.1988090693025082,2.802554574748477,78.87943725521123,1.0052136313683062,49.767223724813974,0.12067054082980143,-74.52397095822825,-1.1573229341274334,-63.186493219514546,0.6295741068180681,-8.527292463690948,0.2719344611720337,0.2671288980969462,0.00015748,3.8510050782382037,0.00081957,0,0.0
5168,0.00016187896364427967,0.01942562568062041,-1.54e-06,1.1988090693025082,2.802554574748477,9.973534645745529,1.0052136313683062,8.45389065745459,0.12067054082980143,-33.9135339117312,-1.1573229341274334,30.33834769978266,0.6295741068180681,3.033205607228296,0.2719344611720337,0.41387272812735226,0.00015748,0.6360309800515385,0.00081957,0,0.0
5169,1.4232192316433694,0.755589275067776,-1.54e-06,1.1988090693025082,2.802554574748477,-26.114275220301383,1.0052136313683062,11.1280514970342,0.12067054082980143,-42.79500844759647,-1.1573229341274334,-15.58972211998912,0.6295741068180681,57.638981695040336,0.2719344611720337,0.2512787136062823,0.00015748,0.7212829950828269,0.00081957,0,0.0
5170,0.0014433440948422582,0.16624571341565167,-1.54e-06,1.1988090693025082,2.802554574748477,75.12632848516026,1.0052136313683062,31.680265645034794,0.12067054082980143,-52.85017196664765,-1.1573229341274334,2.1606518868878175,0.6295741068180681,-31.74341534284984,0.2719344611720337,0.9327729684543734,0.00015748,2.8287488602603905,0.00081957,0,0.0
5171,0.5935922025075941,0.19848609836792508,-1.54e-06,1.1988090693025082,2.802554574748477,78.10961215667724,1.0052136313683062,46.33097677880979,0.12067054082980143,-64.24377962851196,-1.1573229341274334,-62.57570769601562,0.6295741068180681,-13.773811229618493,0.2719344611720337,0.2692744339080908,0.00015748,3.6203413676648823,0.00081957,0,0.0
5172,0.7571212229265173,0.4570341452489624,-1.54e-06,1.1988090693025082,2.802554574748477,-45.623662952987836,1.0052136313683062,15.348368089992878,0.12067054082980143,-92.61051087979159,-1.1573229341274334,43.18059721856631,0.6295741068180681,74.24979440554404,0.2719344611720337,-0.4515165046191447,0.00015748,0.4725719152661949,0.00081957,1,0.0
5173,0.0017331111035824298,0.6915196610372656,-1.54e-06,1.1988090693025082,2.802554574748477,38.68823932679788,1.0052136313683062,4.896050076606787,0.12067054082980143,-14.356821800426887,-1.1573229341274334,73.23663733909486,0.6295741068180681,-32.62224505359798,0.2719344611720337,0.8187193461531559,0.00015748,2.1885160970940065,0.00081957,0,0.0
5174,1.8594532460698678,0.7826783358300865,-1.54e-06,1.1988090693025082,2.802554574748477,-61.35014428400819,1.0052136313683062,5.498302521258767,0.12067054082980143,-45.67077643503942,-1.1573229341274334,-16.716329197428507,0.6295741068180681,89.70059640233528,0.2719344611720337,-0.027721796616356768,0.00015748,0.030631185637886752,0.00081957,1,0.0
5175,1.9100234942819672,1.0661564012089366,-1.54e-06,1.1988090693025082,2.802554574748477,40.65006501143766,1.0052136313683062,52.4807872847337,0.12067054082980143,-79.37667775838904,-1.1573229341274334,-93.66949711993132,0.6295741068180681,37.94693026920354,0.2719344611720337,0.2691487567411017,0.00015748,3.531142426511724,0.00081957,0,0.0
5176,1.511411663106859,1.2165127480245503,-1.54e-06,1.1988090693025082,2.802554574748477,3.8869418374436657,1.0052136313683062,28.332724153879198,0.12067054082980143,-98.16045963237777,-1.1573229341274334,12.70330368491814,0.6295741068180681,58.659494932295694,0.2719344611720337,0.78587879222,0.00015748,2.378407090961122,0.00081957,0,0.0
5177,0.10700456769465319,0.029381354567739795,-1.54e-06,1.1988090693025082,2.802554574748477,-28.36234655419369,1.0052136313683062,2.915143857244936,0.12067054082980143,-61.664301361625384,-1.1573229341274334,62.249520730819796,0.6295741068180681,40.531615610801694,0.2719344611720337,-0.06022978535960776,0.00015748,0.06003719361892212,0.00081957,1,0.0
5178,0.0011494993350752158,0.4900337143256892,-1.54e-06,1.1988090693025082,2.802554574748477,17.839214451245844,1.0052136313683062,-0.2890351444844896,0.12067054082980143,-18.04696436654859,-1.1573229341274334,83.30830668107498,0.6295741068180681,-17.127658898379508,0.2719344611720337,0.30039185350272113,0.00015748,1.8890478056914537,0.00081957,0,0.0
5179,0.7935728779096756,0.3781746695140988,-1.54e-06,1.1988090693025082,2.802554574748477,71.9997729015595,1.0052136313683062,48.80257056977095,0.12067054082980143,-79.25414424964342,-1.1573229341274334,-47.541009018731486,0.6295741068180681,-3.19071696406044,0.2719344611720337,0.5190917668567463,0.00015748,3.681529360338983,0.00081957,0,0.0
5180,0.00042134904887558555,0.11984759415840325,-1.54e-06,1.1988090693025082,2.802554574748477,44.106890856568114,1.0052136313683062,30.338864793532714,0.12067054082980143,-95.99712867918119,-1.1573229341274334,60.96608597534526,0.6295741068180681,0.7128183072383121,0.2719344611720337,0.9858247640408664,0.00015748,2.3528406396207266,0.00081957,0,0.0
5181,1.4714343717120402,0.6150991623866578,-1.54e-06,1.1988090693025082,2.802554574748477,13.433488191666541,1.0052136313683062,37.757143562693074,0.12067054082980143,-84.05739633440068,-1.1573229341274334,-35.67764332652221,0.6295741068180681,47.553189763225596,0.2719344611720337,0.28142761073238964,0.00015748,2.443054425189371,0.00081957,0,0.0
5182,1.983286476630051,2.0482679686764267,-1.54e-06,1.1988090693025082,2.802554574748477,0.31083720415858535,1.0052136313683062,21.212545466157483,0.12067054082980143,-67.5011394395891,-1.1573229341274334,-40.21205833426738,0.6295741068180681,65.28322329640814,0.2719344611720337,0.2789487312632073,0.00015748,2.5937426299181734,0.00081957,0,0.0
5183,1.7015059693914754,0.8008821692799468,-1.54e-06,1.1988090693025082,2.802554574748477,-58.98144147106058,1.0052136313683062,2.225869404181171,0.12067054082980143,-39.20757624936783,-1.1573229341274334,-6.172910199126954,0.6295741068180681,82.01254074131597,0.2719344611720337,-0.13846455267036417,0.00015748,0.14133816510365826,0.00081957,1,0.0
5184,-0.0007839074547224545,0.5572667795751335,-1.54e-06,1.1988090693025082,2.802554574748477,84.61315905723278,1.0052136313683062,20.89611410760236,0.12067054082980143,-7.911125351136039,-1.1573229341274334,3.952867424012755,0.6295741068180681,-58.30553709835613,0.2719344611720337,1.587809845022433,0.00015748,2.5007930841244224,0.00081957,0,0.0
5185,0.0023558530183643844,0.024097369916541978,-1.54e-06,1.1988090693025082,2.802554574748477,29.11791906674485,1.0052136313683062,11.11795389904969,0.12067054082980143,-13.521813178803049,-1.1573229341274334,-4.87907635537787,0.6295741068180681,-14.586666261901073,0.2719344611720337,0.33547167678335527,0.00015748,1.0136603436537255,0.00081957,0,0.0
5186,1.9992098209961289,0.9015419300717594,-1.54e-06,1.1988090693025082,2.802554574748477,-53.18034066837946,1.0052136313683062,11.74384983738231,0.12067054082980143,-38.226764782117215,-1.1573229341274334,-54.12713453110107,0.6295741068180681,86.22050080445909,0.2719344611720337,-0.3477109730488428,0.00015748,0.35119127894343816,0.00081957,1,0.0
5187,0.0026082421543373036,0.4740742307181377,-1.54e-06,1.1988090693025082,2.802554574748477,-31.184367796882185,1.0052136313683062,-5.126404096274627,0.12067054082980143,-50.00178451641232,-1.1573229341274334,86.24165172507587,0.6295741068180681,33.646630635725685,0.2719344611720337,-0.4294536219125035,0.00015748,0.46537374137357507,0.00081957,1,0.0
5188,0.28888045093671844,0.09877295401584289,-1.54e-06,1.1988090693025082,2.802554574748477,85.90370750042123,1.0052136313683062,43.52902181718769,0.12067054082980143,-56.73609461495977,-1.1573229341274334,-56.35379538679789,0.6295741068180681,-26.578191285286426,0.2719344611720337,0.27159706422261753,0.00015748,3.570111069583648,0.00081957,0,0.0
5189,0.30939376211543257,0.22775843849877958,-1.54e-06,1.1988090693025082,2.802554574748477,-41.958673036468426,1.0052136313683062,-0.9550639965164522,0.12067054082980143,-68.47323784341548,-1.1573229341274334,80.74254366216955,0.6295741068180681,54.03505065954856,0.2719344611720337,-0.25509633121478065,0.00015748,0.25379586286169437,0.00081957,1,0.0
5190,0.001444584971564078,0.764813797949318,-1.54e-06,1.1988090693025082,2.802554574748477,79.94143718526016,1.0052136313683062,32.466978939198654,0.12067054082980143,-86.42900326615357,-1.1573229341274334,81.46296051304641,0.6295741068180681,-31.53234277727562,0.2719344611720337,2.148665329279172,0.00015748,3.1777154704553316,0.00081957,0,0.0
5191,-0.0013183574669231035,0.4079706757990085,-1.54e-06,1.1988090693025082,2.802554574748477,83.38235892219186,1.0052136313683062,44.543724146261084,0.12067054082980143,-49.945180269526375,-1.1573229341274334,-32.077671047321296,0.6295741068180681,-40.28286014269026,0.2719344611720337,0.5634895374452278,0.00015748,2.9998044551887864,0.00081957,0,0.0
5192,1.8238894839745798,0.9537451914748413,-1.54e-06,1.1988090693025082,2.802554574748477,23.679341375861906,1.0052136313683062,44.32633066691377,0.12067054082980143,-87.97260143514691,-1.1573229341274334,-63.528165592233215,0.6295741068180681,50.94705205347069,0.2719344611720337,0.2728691102509764,0.00015748,3.0960883387234612,0.00081957,0,0.0
5193,1.3188720500265054,0.507643063593978,-1.54e-06,1.1988090693025082,2.802554574748477,12.268831084363502,1.0052136313683062,35.70661995104897,0.12067054082980143,-81.17803925252466,-1.1573229341274334,-27.284509160777343,0.6295741068180681,43.75804884262156,0.2719344611720337,0.2881873799986152,0.00015748,2.2518698911804558,0.00081957,0,0.0
5194,-0.016179584682556314,1.4506667604688015,-1.54e-06,1.1988090693025082,2.802554574748477,94.30654614233198,1.0052136313683062,37.47098448530891,0.12067054082980143,-57.63907698027812,-1.1573229341274334,67.79841901540122,0.6295741068180681,-59.1872294802724,0.2719344611720337,2.6504424699516504,0.00015748,2.9733568988868266,0.00081957,0,0.0
5195,2.16922049826502,1.111201075541458,-1.54e-06,1.1988090693025082,2.802554574748477,-57.135791800274546,1.0052136313683062,14.057700025656787,0.12067054082980143,-43.6582742983539,-1.1573229341274334,-60.916051976449054,0.6295741068180681,94.14854717437547,0.2719344611720337,-0.43795940901512953,0.00015748,0.44001664368992555,0.00081957,1,0.0
5196,0.000789181543878692,0.23816652110099357,-1.54e-06,1.1988090693025082,2.802554574748477,14.407177454712011,1.0052136313683062,4.757717098562051,0.12067054082980143,-27.857968018581126,-1.1573229341274334,65.62085099532291,0.6295741068180681,-8.672979464288,0.2719344611720337,0.4442535278255333,0.00015748,1.3350809594527377,0.00081957,0,0.0
5197,1.782934604313388,1.689478596690258,-1.54e-06,1.1988090693025082,2.802554574748477,23.11625001253534,1.0052136313683062,43.05584098896372,0.12067054082980143,-53.62817195484052,-1.1573229341274334,-92.28623034394329,0.6295741068180681,35.909731035375955,0.2719344611720337,0.10722478304138727,0.00015748,2.581755728555434,0.00081957,0,0.0
5198,0.49178425200470977,1.3975167494940925,-1.54e-06,1.1988090693025082,2.802554574748477,79.73149867409681,1.0052136313683062,24.067905101400846,0.12067054082980143,-55.5413397485601,-1.1573229341274334,-26.150410297449888,0.6295741068180681,-12.8610266853513,0.2719344611720337,0.2766467244717632,0.00015748,4.1512183835137835,0.00081957,0,0.0
5199,1.5207105102691318,0.5305435853702932,-1.54e-06,1.1988090693025082,2.802554574748477,-60.79469381530262,1.0052136313683062,12.032199978257227,0.12067054082980143,-79.67420545457239,-1.1573229341274334,10.251501656582889,0.6295741068180681,95.34367400808608,0.2719344611720337,-0.30500895094323077,0.00015748,0.3072957584417275,0.00081957,1,0.0
5200,0.4174352962151079,0.10054564474851987,-1.54e-06,1.4316556398362377,4.7704629790217785,-66.06684691070993,1.0052136313683062,14.918007841779033,0.12067054082980143,-70.27627130715453,-1.1573229341274334,85.54659538494113,0.6295741068180681,67.0815183176055,0.2719344611720337,-0.031900242353881274,0.00015748,0.14695282540549792,0.00081957,1,0.0
5201,0.0002690530720521056,0.1394129558712402,-1.54e-06,1.4316556398362377,4.7704629790217785,31.818351186808314,1.0052136313683062,28.14921590349444,0.12067054082980143,-96.16745641587929,-1.1573229341274334,62.68123525316075,0.6295741068180681,11.24807428584855,0.2719344611720337,0.009950425539896807,0.00015748,0.274694810570846,0.00081957,0,0.0
5202,0.0004017050519822679,0.08038270217665197,-1.54e-06,1.4316556398362377,4.7704629790217785,35.9929663238244,1.0052136313683062,4.17590051048941,0.12067054082980143,-1e-20,-1.1573229341274334,70.64803307091867,0.6295741068180681,-25.1368472281273,0.2719344611720337,0.07131024561659677,0.00015748,0.10852733432230072,0.00081957,0,0.0
5203,1.0444583792886104,0.32020332042109545,-1.54e-06,1.4316556398362377,4.7704629790217785,75.49589656339174,1.0052136313683062,56.43363443725079,0.12067054082980143,-94.08783850721295,-1.1573229341274334,-43.17736040959409,0.6295741068180681,45.46998860556102,0.2719344611720337,0.4102240262062516,0.00015748,0.7557657024217457,0.00081957,0,0.0
5204,0.0011767616859113539,0.030420056670841668,-1.54e-06,1.4316556398362377,4.7704629790217785,2.6830950865446614,1.0052136313683062,11.81063468676203,0.12067054082980143,-16.080783123552134,-1.1573229341274334,12.717161840662364,0.6295741068180681,-2.8706715642932745,0.2719344611720337,-0.062516698402298,0.00015748,0.07784520980403285,0.00081957,1,0.0
5205,0.10083278102971606,0.004201846870438913,-1.54e-06,1.4316556398362377,4.7704629790217785,-35.467755293902734,1.0052136313683062,9.049611984447347,0.12067054082980143,-58.04719180204011,-1.1573229341274334,14.245203706189269,0.6295741068180681,42.63463236345432,0.2719344611720337,-0.04497809173002293,0.00015748,0.045083747619525716,0.00081957,1,0.0
5206,0.22036469065947836,0.011030986402280315,-1.54e-06,1.4316556398362377,4.7704629790217785,-63.50593633244398,1.0052136313683062,13.844922389814341,0.12067054082980143,-89.12693912180926,-1.1573229341274334,-0.2723707874112068,0.6295741068180681,75.4047164563183,0.2719344611720337,-0.07066857840115136,0.00015748,0.07085477383631429,0.00081957,1,0.0
5207,0.16902463714820593,0.010119993846415742,-1.54e-06,1.4316556398362377,4.7704629790217785,-48.53348417666959,1.0052136313683062,-1.9494897171751326,0.12067054082980143,-40.16446356459882,-1.1573229341274334,80.04415996420606,0.6295741068180681,42.96366559716648,0.2719344611720337,-0.04085629067672986,0.00015748,0.0407880348928182,0.00081957,1,0.0
5208,0.13475136971362792,0.0046112951540084445,-1.54e-06,1.4316556398362377,4.7704629790217785,-44.61961414855789,1.0052136313683062,0.949770990968693,0.12067054082980143,-47.575010611951534,-1.1573229341274334,80.3910359622254,0.6295741068180681,41.173646647560666,0.2719344611720337,-0.027245359699669087,0.00015748,0.027197013674103713,0.00081957,1,0.0
5209,0.23368634854506198,0.00779074636328807,-1.54e-06,1.4316556398362377,4.7704629790217785,-44.63686811241545,1.0052136313683062,1.757451051486125,0.12067054082980143,-26.690943567833617,-1.1573229341274334,-36.148981634199636,0.6295741068180681,48.37302573615665,0.2719344611720337,-0.02150870040743954,0.00015748,0.02142382086750605,0.00081957,1,0.0
5210,0.08252983613831422,0.03639264249948395,-1.54e-06,1.4316556398362377,4.7704629790217785,-39.99451996141834,1.0052136313683062,23.51028773533683,0.12067054082980143,-98.26957373530894,-1.1573229341274334,-4.416281054192603,0.6295741068180681,56.114568997940474,0.2719344611720337,-0.12139656249467856,0.00015748,0.12133283274670545,0.00081957,1,0.0
5211,0.21729939670833953,0.00364933812630864,-1.54e-06,1.4316556398362377,4.7704629790217785,-52.51599635863977,1.0052136313683062,6.081352520870815,0.12067054082980143,-51.08603908814547,-1.1573229341274334,17.184378029012496,0.6295741068180681,54.26174305908152,0.2719344611720337,-0.017107291882287684,0.00015748,0.017207394965504573,0.00081957,1,0.0
5212,0.17278998603845747,0.15356210233845638,-1.54e-06,1.4316556398362377,4.7704629790217785,59.871579525524744,1.0052136313683062,14.419643694067963,0.12067054082980143,-7.240231115261251,-1.1573229341274334,-39.580452846728335,0.6295741068180681,-15.431023048792143,0.2719344611720337,0.09351786559259398,0.00015748,0.2887242949682657,0.00081957,0,0.0
5213,0.0034742578848362404,0.14714397919045238,-1.54e-06,1.4316556398362377,4.7704629790217785,30.582096473130264,1.0052136313683062,30.39664351730141,0.12067054082980143,-74.32109069824874,-1.1573229341274334,-56.49785374879518,0.6295741068180681,11.867266694823057,0.2719344611720337,-0.07335509115703853,0.00015748,0.2733558989354967,0.00081957,1,0.0
5214,0.2484208407427071,0.0054977220459150496,-1.54e-06,1.4316556398362377,4.7704629790217785,-75.83785848195903,1.0052136313683062,7.897733438008447,0.12067054082980143,-89.7317711512695,-1.1573229341274334,80.2916936210601,0.6295741068180681,77.53610547289526,0.2719344611720337,-0.021364193531705787,0.00015748,0.02160331782113993,0.00081957,1,0.0
5215,0.3739360588633812,0.029967380910287687,-1.54e-06,1.4316556398362377,4.7704629790217785,-58.59517323222585,1.0052136313683062,16.241106611755047,0.12067054082980143,-52.2356981220949,-1.1573229341274334,-99.82980373020821,0.6295741068180681,72.00265346522276,0.2719344611720337,-0.05466387246029265,0.00015748,0.0863195515817065,0.00081957,1,0.0
5216,0.28476521683052136,0.016590518155387833,-1.54e-06,1.4316556398362377,4.7704629790217785,-53.92467638128826,1.0052136313683062,17.15467281923006,0.12067054082980143,-59.45799297211,-1.1573229341274334,-96.73006764080476,0.6295741068180681,67.79629017703847,0.2719344611720337,-0.08937544841924784,0.00015748,0.08965752853668087,0.00081957,1,0.0
5217,0.0948144501564871,0.12118388735326847,-1.54e-06,1.4316556398362377,4.7704629790217785,31.48754135727847,1.0052136313683062,23.112248063922834,0.12067054082980143,-46.31420194800909,-1.1573229341274334,35.14879012822542,0.6295741068180681,-3.20094390340733,0.2719344611720337,0.056810545773908525,0.00015748,0.2027195300041733,0.00081957,0,0.0
5218,0.0436989971496117,0.12352310259094329,-1.54e-06,1.4316556398362377,4.7704629790217785,62.180900434474765,1.0052136313683062,17.599202156869445,0.12067054082980143,-13.024413266797714,-1.1573229341274334,7.288159100672235,0.6295741068180681,-28.699335447808267,0.2719344611720337,0.09512524745050431,0.00015748,0.21558378980216436,0.00081957,0,0.0
5219,0.24995091476445003,0.01790816161187602,-1.54e-06,1.4316556398362377,4.7704629790217785,-50.49862179398042,1.0052136313683062,18.033137940716152,0.12067054082980143,-63.707623727975495,-1.1573229341274334,-84.17742188405542,0.6295741068180681,64.61236848028852,0.2719344611720337,-0.09388841986185116,0.00015748,0.09389844547238411,0.00081957,1,0.0
5220,0.00019963265130354402,0.011571320322102866,-1.54e-06,1.4316556398362377,4.7704629790217785,-13.595449265740953,1.0052136313683062,11.704987604634171,0.12067054082980143,-47.68154056947767,-1.1573229341274334,21.200693357512748,0.6295741068180681,19.720396907734255,0.2719344611720337,-0.05552179440871622,0.00015748,0.0586421168729784,0.00081957,1,0.0
5221,0.8120197472839951,0.27303845792715853,-1.54e-06,1.4316556398362377,4.7704629790217785,55.8975597866862,1.0052136313683062,50.18783945332718,0.12067054082980143,-76.66967388149381,-1.1573229341274334,-82.07848559523619,0.6295741068180681,38.969158237590285,0.2719344611720337,0.2783656952607537,0.00015748,0.5912245256523277,0.00081957,0,0.0
5222,0.06218642323534099,0.023925377049330773,-1.54e-06,1.4316556398362377,4.7704629790217785,-23.667198395835502,1.0052136313683062,16.538927280133667,0.12067054082980143,-62.30818259433336,-1.1573229341274334,-46.19053119244105,0.6295741068180681,39.22140321090534,0.2719344611720337,-0.10180710492206693,0.00015748,0.10179353495932608,0.00081957,1,0.0
5223,0.08962156508733873,0.03646434497030108,-1.54e-06,1.4316556398362377,4.7704629790217785,-16.397147167701814,1.0052136313683062,1.0944161418187828,0.12067054082980143,-31.574910166248277,-1.1573229341274334,-0.2990721157474462,0.6295741068180681,28.077838129081954,0.2719344611720337,-0.031586293588489016,0.00015748,0.08102806702638518,0.00081957,1,0.0
5224,0.07677148964092594,0.03391054212490718,-1.54e-06,1.4316556398362377,4.7704629790217785,-31.541613326335543,1.0052136313683062,8.159966338946063,0.12067054082980143,-75.22201111146029,-1.1573229341274334,43.27049159216422,0.6295741068180681,46.474623308731914,0.2719344611720337,-0.042081800982018046,0.00015748,0.08825583834364048,0.00081957,1,0.0
5225,0.0734136564081806,0.0043706081332671514,-1.54e-06,1.4316556398362377,4.7704629790217785,-7.861813616705454,1.0052136313683062,6.757173701646448,0.12067054082980143,-9.564585401609389,-1.1573229341274334,-67.5749209213013,0.6295741068180681,15.074583621266402,0.2719344611720337,-0.04586594378701207,0.00015748,0.04590186301042207,0.00081957,1,0.0
5226,0.01675890123352522,0.046024109936066496,-1.54e-06,1.4316556398362377,4.7704629790217785,-5.477889708470544,1.0052136313683062,12.649617294906495,0.12067054082980143,-60.51788620286253,-1.1573229341274334,40.51377218533015,0.6295741068180681,21.6723740651054,0.2719344611720337,-0.019802811135674836,0.00015748,0.10305016089692158,0.00081957,1,0.0
5227,0.3867013896527418,0.013061072745961196,-1.54e-06,1.4316556398362377,4.7704629790217785,-63.51862915495367,1.0052136313683062,4.939044272512187,0.12067054082980143,-24.141390189965506,-1.1573229341274334,-69.0987440088869,0.6295741068180681,64.59021576786213,0.2719344611720337,-0.009232013970082907,0.00015748,0.009761164965381701,0.00081957,1,0.0
5228,0.0005484016855591411,0.020473736925535287,-1.54e-06,1.4316556398362377,4.7704629790217785,13.381696264632954,1.0052136313683062,9.888942414344465,0.12067054082980143,-0.4063127880696593,-1.1573229341274334,-62.584437082012194,0.6295741068180681,-5.434150455486122,0.2719344611720337,-0.043119029542739815,0.00015748,0.06455420658544817,0.00081957,1,0.0
5229,0.02908551447978721,0.001485917122152543,-1.54e-06,1.4316556398362377,4.7704629790217785,-6.322864589516018,1.0052136313683062,4.40587574051318,0.12067054082980143,-12.875314602850107,-1.1573229341274334,-19.158429159845294,0.6295741068180681,9.947204246603663,0.2719344611720337,-0.025060518590546626,0.00015748,0.025013007895535202,0.00081957,1,0.0
5230,0.314599521068332,0.006861750326277573,-1.54e-06,1.4316556398362377,4.7704629790217785,-48.22586027687841,1.0052136313683062,7.035681375823127,0.12067054082980143,-19.621133015540025,-1.1573229341274334,-89.33668461514776,0.6295741068180681,52.65371060770982,0.2719344611720337,-0.025965466429098034,0.00015748,0.025970031011155255,0.00081957,1,0.0
5231,0.14537564798233354,0.011012213395705352,-1.54e-06,1.4316556398362377,4.7704629790217785,-46.07820178609413,1.0052136313683062,14.420656973120133,0.12067054082980143,-76.60894718350515,-1.1573229341274334,-3.494444019112657,0.6295741068180681,57.33702438802437,0.2719344611720337,-0.0735537313514201,0.00015748,0.07364606029427129,0.00081957,1,0.0
5232,0.9124405504065525,0.28438303004244253,-1.54e-06,1.4316556398362377,4.7704629790217785,88.28103066997784,1.0052136313683062,49.018414660817356,0.12067054082980143,-99.58767372853603,-1.1573229341274334,-24.02527457963168,0.6295741068180681,39.35553258000316,0.2719344611720337,0.35336715262637697,0.00015748,0.8133386130015606,0.00081957,0,0.0
5233,0.6700930861511701,0.253253072908192,-1.54e-06,1.4316556398362377,4.7704629790217785,44.722267083926276,1.0052136313683062,33.019255858893,0.12067054082980143,-55.27514135361238,-1.1573229341274334,-2.744693176407208,0.6295741068180681,27.43896109627238,0.2719344611720337,0.2832886546756341,0.00015748,0.45189848929426574,0.00081957,0,0.0
5234,0.000477269159411875,0.16085430146584284,-1.54e-06,1.4316556398362377,4.7704629790217785,42.125779841822634,1.0052136313683062,31.74089773228162,0.12067054082980143,-91.8002508691646,-1.1573229341274334,22.724375775670868,0.6295741068180681,6.695447116940864,0.2719344611720337,-0.006657501550139999,0.00015748,0.3119237856557014,0.00081957,1,0.0
5235,0.0023883055080239635,0.05980313074375587,-1.54e-06,1.4316556398362377,4.7704629790217785,-5.60558434000634,1.0052136313683062,17.51196940646626,0.12067054082980143,-78.82930839160704,-1.1573229341274334,53.400720417772966,0.6295741068180681,25.604572677696588,0.2719344611720337,-0.03348280919803151,0.00015748,0.13184940047237165,0.00081957,1,0.0
5236,0.45015663009482576,0.0308993897637382,-1.54e-06,1.4316556398362377,4.7704629790217785,-80.61262489586377,1.0052136313683062,-0.9178045754206144,0.12067054082980143,-27.46892170581258,-1.1573229341274334,-26.388238697406802,0.6295741068180681,76.41675651616697,0.2719344611720337,-0.0380959300988189,0.00015748,0.038123205579000105,0.00081957,1,0.0
5237,0.001055102681960518,0.058014057645389694,-1.54e-06,1.4316556398362377,4.7704629790217785,-22.065802292374485,1.0052136313683062,24.70273904316645,0.12067054082980143,-96.97841837080082,-1.1573229341274334,54.4213244840214,0.6295741068180681,36.00937568028011,0.2719344611720337,-0.09835461766644236,0.00015748,0.132403533354995,0.00081957,1,0.0
5238,0.00025878923842187485,0.03759733941090894,-1.54e-06,1.4316556398362377,4.7704629790217785,4.761531554307456,1.0052136313683062,17.53860013577048,0.12067054082980143,-31.06646731200244,-1.1573229341274334,-74.39468989281748,0.6295741068180681,10.000092488814476,0.2719344611720337,-0.09228603144132203,0.00015748,0.10933309605433378,0.00081957,1,0.0
5239,0.17217990876384284,0.005085033413347522,-1.54e-06,1.4316556398362377,4.7704629790217785,-21.946808722416343,1.0052136313683062,8.43940082773166,0.12067054082980143,-12.349877479552621,-1.1573229341274334,-94.53899816243818,0.6295741068180681,29.641062797892058,0.2719344611720337,-0.04871324475442268,0.00015748,0.048743010041950086,0.00081957,1,0.0
5240,-2.0656030467164355e-05,0.0478179621445647,-1.54e-06,1.4316556398362377,4.7704629790217785,-11.566155180741209,1.0052136313683062,18.816824608392366,0.12067054082980143,-77.22013397110074,-1.1573229341274334,36.300806145181596,0.6295741068180681,27.800870480646243,0.2719344611720337,-0.06179292323074383,0.00015748,0.11809997656348606,0.00081957,1,0.0
5241,0.24950711225882227,0.004987983166923755,-1.54e-06,1.4316556398362377,4.7704629790217785,-53.8833176784599,1.0052136313683062,9.288364328403576,0.12067054082980143,-52.29609637242952,-1.1573229341274334,-25.639258703209226,0.6295741068180681,59.765802668878145,0.2719344611720337,-0.036771371320785944,0.00015748,0.03685064982754319,0.00081957,1,0.0
5242,0.00116323958515685,0.05722462912864348,-1.54e-06,1.4316556398362377,4.7704629790217785,10.56287286494328,1.0052136313683062,18.407754144746328,0.12067054082980143,-37.10533296855728,-1.1573229341274334,-73.29834586532411,0.6295741068180681,10.3346561023668,0.2719344611720337,-0.08343677806560945,0.00015748,0.139381790621704,0.00081957,1,0.0
5243,0.054091401413453824,0.0075194799806566825,-1.54e-06,1.4316556398362377,4.7704629790217785,-30.958934893072364,1.0052136313683062,6.021989650533784,0.12067054082980143,-56.22922893305333,-1.1573229341274334,89.95595843947622,0.6295741068180681,30.813773296010314,0.2719344611720337,-0.023967785927171834,0.00015748,0.034779666746184656,0.00081957,1,0.0
5244,0.07759778085597613,0.000671820216381046,-1.54e-06,1.4316556398362377,4.7704629790217785,-18.182578404944206,1.0052136313683062,1.1588893271988019,0.12067054082980143,-15.144616828635165,-1.1573229341274334,8.402633932592062,0.6295741068180681,17.995236897432157,0.2719344611720337,-0.004384568392988877,0.00015748,0.004359631150278309,0.00081957,1,0.0
5245,0.1198396887411817,0.03216498292713889,-1.54e-06,1.4316556398362377,4.7704629790217785,-38.954664730705076,1.0052136313683062,22.296409621351994,0.12067054082980143,-80.82172875517591,-1.1573229341274334,2.6619862851333997,0.6295741068180681,48.516492625622185,0.2719344611720337,-0.10303619753465351,0.00015748,0.10547562329452431,0.00081957,1,0.0
5246,0.0015714690686661759,0.13724950810510994,-1.54e-06,1.4316556398362377,4.7704629790217785,69.41911536029862,1.0052136313683062,20.111509685956737,0.12067054082980143,-43.47091235891265,-1.1573229341274334,78.13362762770245,0.6295741068180681,-27.40124057018265,0.2719344611720337,0.11951646360366151,0.00015748,0.26737921601008796,0.00081957,0,0.0
5247,0.30181412830169957,0.01204164156700908,-1.54e-06,1.4316556398362377,4.7704629790217785,-67.05149275110969,1.0052136313683062,2.6763165277330394,0.12067054082980143,-51.758963816336106,-1.1573229341274334,0.13352738453853505,0.6295741068180681,69.84732528894298,0.2719344611720337,-0.013021898918292876,0.00015748,0.01332458128646664,0.00081957,1,0.0
5248,0.2744645911282019,0.2658814278253563,-1.54e-06,1.4316556398362377,4.7704629790217785,-68.52093299423736,1.0052136313683062,-34.245009985412636,0.12067054082980143,-7.2367963815510095,-1.1573229341274334,42.32479490878855,0.6295741068180681,68.504852159508,0.2719344611720337,-0.2155882836667689,0.00015748,0.21584638211479223,0.00081957,1,0.0
5249,0.0007313145301510726,0.14645637729220404,-1.54e-06,1.4316556398362377,4.7704629790217785,65.26520013902467,1.0052136313683062,25.003526806756696,0.12067054082980143,-38.47856005301854,-1.1573229341274334,-32.787187245689324,0.6295741068180681,-19.695686495675552,0.2719344611720337,0.02376019586893116,0.00015748,0.2902296343895705,0.00081957,0,0.0
5250,0.09598369710987673,0.005891558082571631,-1.54e-06,1.4316556398362377,4.7704629790217785,-39.571676944119204,1.0052136313683062,10.64304865022367,0.12067054082980143,-70.24869327113979,-1.1573229341274334,26.918030472126276,0.6295741068180681,47.89583009598065,0.2719344611720337,-0.05298753991815017,0.00015748,0.05311001012009828,0.00081957,1,0.0
5251,0.41550555899363495,0.018500675166619594,-1.54e-06,1.4316556398362377,4.7704629790217785,-86.54222332992266,1.0052136313683062,14.9908160821482,0.12067054082980143,-75.1363415339288,-1.1573229341274334,-7.6819886997712805,0.6295741068180681,88.11298687751054,0.2719344611720337,-0.059732915300133714,0.00015748,0.06083612348662886,0.00081957,1,0.0
5252,0.02063465419118818,0.03713416408251618,-1.54e-06,1.4316556398362377,4.7704629790217785,-12.948622211050505,1.0052136313683062,18.487774968328587,0.12067054082980143,-62.225610756608354,-1.1573229341274334,-34.656408913553214,0.6295741068180681,29.75050593241039,0.2719344611720337,-0.09770862034373735,0.00015748,0.11537768456765209,0.00081957,1,0.0
5253,0.061193781480041815,0.07988735032540852,-1.54e-06,1.4316556398362377,4.7704629790217785,21.197164621350698,1.0052136313683062,19.3032015761269,0.12067054082980143,-25.88691981596278,-1.1573229341274334,-87.19333169951352,0.6295741068180681,4.583326000816909,0.2719344611720337,-0.04485631818064377,0.00015748,0.16821234688674702,0.00081957,1,0.0
5254,0.00014674743018353031,0.05471152937737525,-1.54e-06,1.4316556398362377,4.7704629790217785,16.47206004399646,1.0052136313683062,17.089630996140066,0.12067054082980143,-25.192284477540795,-1.1573229341274334,-73.36678373215905,0.6295741068180681,2.528487098427069,0.2719344611720337,-0.06654509104307736,0.00015748,0.1297224795633347,0.00081957,1,0.0
5255,0.14034077264234468,0.00802861005698253,-1.54e-06,1.4316556398362377,4.7704629790217785,-56.83223210446724,1.0052136313683062,13.45139776216084,0.12067054082980143,-95.98060240665366,-1.1573229341274334,49.171491082832794,0.6295741068180681,66.47704088409265,0.2719344611720337,-0.06232021661857627,0.00015748,0.06227827711534448,0.00081957,1,0.0
5256,6.0428932846356975e-05,0.09266914439914332,-1.54e-06,1.4316556398362377,4.7704629790217785,37.62190640945229,1.0052136313683062,12.789406937439791,0.12067054082980143,-29.188993308101157,-1.1573229341274334,63.44597082004505,0.6295741068180681,-15.718544221845626,0.2719344611720337,0.0766977556422409,0.00015748,0.14362980335723313,0.00081957,0,0.0
5257,0.0014326666139120037,0.13200992347696164,-1.54e-06,1.4316556398362377,4.7704629790217785,39.2517099259105,1.0052136313683062,25.054045857442272,0.12067054082980143,-78.75986430235021,-1.1573229341274334,60.07095513722301,0.6295741068180681,1.6639299501485534,0.2719344611720337,0.033742182177308094,0.00015748,0.26045877602740053,0.00081957,0,0.0
5258,0.05313807267532675,0.0031034224713780865,-1.54e-06,1.4316556398362377,4.7704629790217785,-39.66016553649336,1.0052136313683062,8.889836115013303,0.12067054082980143,-77.5557318566688,-1.1573229341274334,76.78821463417309,0.6295741068180681,45.03261197108523,0.2719344611720337,-0.03751990085877997,0.00015748,0.037603850332471156,0.00081957,1,0.0
5259,0.8181611086559435,0.2923929545545799,-1.54e-06,1.4316556398362377,4.7704629790217785,58.6328191496344,1.0052136313683062,40.24378802490129,0.12067054082980143,-66.3890092302453,-1.1573229341274334,-73.92483410220414,0.6295741068180681,39.51849446731356,0.2719344611720337,0.27754111832437334,0.00015748,0.6200551532109145,0.00081957,0,0.0
5260,0.39670340354388023,0.011238943632573703,-1.54e-06,1.4316556398362377,4.7704629790217785,-81.18785003911667,1.0052136313683062,11.030706907385238,0.12067054082980143,-66.88228448757883,-1.1573229341274334,-38.67875319400645,0.6295741068180681,87.08959853173023,0.2719344611720337,-0.03645548713200541,0.00015748,0.03638089133430485,0.00081957,1,0.0
5261,0.2059962893366259,0.010585241311285316,-1.54e-06,1.4316556398362377,4.7704629790217785,-36.77860388935743,1.0052136313683062,12.993229440968454,0.12067054082980143,-40.399053210700096,-1.1573229341274334,-85.8737366512271,0.6295741068180681,48.12692273918821,0.2719344611720337,-0.07226854488904778,0.00015748,0.07224286713830681,0.00081957,1,0.0
5262,0.0006746693737980092,0.15257411576511165,-1.54e-06,1.4316556398362377,4.7704629790217785,68.44243120818778,1.0052136313683062,27.331450758277725,0.12067054082980143,-68.7727619366477,-1.1573229341274334,78.12060775377012,0.6295741068180681,-18.88099774706843,0.2719344611720337,0.09628639947580851,0.00015748,0.31595856698252456,0.00081957,0,0.0
5263,0.0003129909800460573,0.10927762431179626,-1.54e-06,1.4316556398362377,4.7704629790217785,53.65653716483947,1.0052136313683062,19.665872010540344,0.12067054082980143,-8.31874040408697,-1.1573229341274334,-95.51113360023,0.6295741068180681,-20.411466838218523,0.2719344611720337,-0.018392909087885573,0.00015748,0.2140203424192379,0.00081957,1,0.0
5264,0.00923156779319484,0.1839447622903727,-1.54e-06,1.4316556398362377,4.7704629790217785,67.56105399220866,1.0052136313683062,34.50862026872356,0.12067054082980143,-46.62097416844835,-1.1573229341274334,-92.45989520311208,0.6295741068180681,-16.210250448210896,0.2719344611720337,-0.028769843229591724,0.00015748,0.3342264438770023,0.00081957,1,0.0
5265,0.2487864036727228,0.004517479099262626,-1.54e-06,1.4316556398362377,4.7704629790217785,-35.17376367337126,1.0052136313683062,6.766015658576536,0.12067054082980143,-12.600031690978573,-1.1573229341274334,-90.00458263309102,0.6295741068180681,40.187115601802354,0.2719344611720337,-0.03033303683360944,0.00015748,0.03035689158474065,0.00081957,1,0.0
5266,1.0410672961659377,0.3516205281100217,-1.54e-06,1.4316556398362377,4.7704629790217785,2.258987814330453,1.0052136313683062,44.88444633193969,0.12067054082980143,-62.14902818075435,-1.1573229341274334,-74.16538029624284,0.6295741068180681,68.41204244274441,0.2719344611720337,0.3184309159111797,0.00015748,0.45100807182650554,0.00081957,0,0.0
5267,0.27255935260875586,0.005224843964744893,-1.54e-06,1.4316556398362377,4.7704629790217785,-51.72775530449887,1.0052136313683062,7.483401145254591,0.12067054082980143,-37.45350235535162,-1.1573229341274334,-36.183275620329084,0.6295741068180681,54.80732778764841,0.2719344611720337,-0.02430160198431311,0.00015748,0.024311142639835588,0.00081957,1,0.0
5268,0.10479931979390206,0.004169985133079195,-1.54e-06,1.4316556398362377,4.7704629790217785,-37.98903148694692,1.0052136313683062,9.388791616096995,0.12067054082980143,-62.0312227298621,-1.1573229341274334,21.681396357874743,0.6295741068180681,44.89787656797944,0.2719344611720337,-0.044587854133853924,0.00015748,0.04449392565831173,0.00081957,1,0.0
5269,0.00820768959667667,0.05565221502300377,-1.54e-06,1.4316556398362377,4.7704629790217785,-13.214510069660257,1.0052136313683062,24.232866476758716,0.12067054082980143,-71.44128282047188,-1.1573229341274334,-67.95239618552138,0.6295741068180681,33.47947467677862,0.2719344611720337,-0.14314771382194086,0.00015748,0.1439830146640098,0.00081957,1,0.0
5270,0.5400803545111958,0.2369717224622347,-1.54e-06,1.4316556398362377,4.7704629790217785,98.65335178953366,1.0052136313683062,51.06618476191661,0.12067054082980143,-68.69225003125167,-1.1573229341274334,-83.70613487990612,0.6295741068180681,1.5634525128107102,0.2719344611720337,0.2238474470927069,0.00015748,0.6293478613220433,0.00081957,0,0.0
5271,0.00025062927891423593,0.021736276019432878,-1.54e-06,1.4316556398362377,4.7704629790217785,1.178766898838853,1.0052136313683062,0.35188667649315375,0.12067054082980143,-5.820334979959577,-1.1573229341274334,65.7633328532325,0.6295741068180681,-5.075631287331433,0.2719344611720337,-0.02629370393142103,0.00015748,0.05942426392071877,0.00081957,1,0.0
5272,0.0018916507743134692,0.14533906031438584,-1.54e-06,1.4316556398362377,4.7704629790217785,63.39067674091503,1.0052136313683062,25.039377056334104,0.12067054082980143,-49.20563535762069,-1.1573229341274334,7.393069657924003,0.6295741068180681,-17.675133281352352,0.2719344611720337,0.046761509772533544,0.00015748,0.2909249099678981,0.00081957,0,0.0
5273,0.1394635263781948,0.002190305441765441,-1.54e-06,1.4316556398362377,4.7704629790217785,-19.618413921602947,1.0052136313683062,5.037443532565228,0.12067054082980143,-10.063811910235895,-1.1573229341274334,-62.26123427637018,0.6295741068180681,24.513478275265182,0.2719344611720337,-0.029073252987334878,0.00015748,0.029143414698369282,0.00081957,1,0.0
5274,0.0018507589254228574,0.1570067915027875,-1.54e-06,1.4316556398362377,4.7704629790217785,55.17021190921669,1.0052136313683062,29.3610244590152,0.12067054082980143,-67.88143885211963,-1.1573229341274334,-0.6159813278519521,0.6295741068180681,-6.770711777994284,0.2719344611720337,0.012623688600534616,0.00015748,0.30890217000932507,0.00081957,0,0.0
5275,0.2519614580396865,0.005394181771437046,-1.54e-06,1.4316556398362377,4.7704629790217785,-60.35028566448133,1.0052136313683062,10.580981435553115,0.12067054082980143,-66.08076079190106,-1.1573229341274334,-6.009869327684566,0.6295741068180681,66.66993132324193,0.2719344611720337,-0.041138082253956695,0.00015748,0.041134934632114,0.00081957,1,0.0
5276,0.04736742131457862,0.001740031589689152,-1.54e-06,1.4316556398362377,4.7704629790217785,-42.37360937787575,1.0052136313683062,6.986702895169948,0.12067054082980143,-80.52398338484223,-1.1573229341274334,99.68103896080798,0.6295741068180681,46.21746996836897,0.2719344611720337,-0.02569799492621444,0.00015748,0.025687597316389234,0.00081957,1,0.0
5277,0.17277422428642236,0.0032853447385737464,-1.54e-06,1.4316556398362377,4.7704629790217785,-49.86539427843748,1.0052136313683062,9.166310432684242,0.12067054082980143,-64.90312407955604,-1.1573229341274334,22.50087964124862,0.6295741068180681,55.138705097236205,0.2719344611720337,-0.03561244683046859,0.00015748,0.035773759345658865,0.00081957,1,0.0
5278,0.09188131788383337,0.0009659435617766377,-1.54e-06,1.4316556398362377,4.7704629790217785,-32.29916991715228,1.0052136313683062,2.745953055366149,0.12067054082980143,-41.00504178364563,-1.1573229341274334,45.352622443819385,0.6295741068180681,32.92540228963218,0.2719344611720337,-0.005881829958859241,0.00015748,0.0058520851691071145,0.00081957,1,0.0
5279,0.2095770003561076,0.18001463517296035,-1.54e-06,1.4316556398362377,4.7704629790217785,70.31117940743658,1.0052136313683062,35.035114882354065,0.12067054082980143,-89.22446695372733,-1.1573229341274334,92.98549963784428,0.6295741068180681,-3.7170654913495498,0.2719344611720337,0.1815163294302028,0.00015748,0.4195915915888132,0.00081957,0,0.0
5280,-8.355704346957316e-05,0.07158717122285335,-1.54e-06,1.4316556398362377,4.7704629790217785,-13.195959760511998,1.0052136313683062,26.281539584452975,0.12067054082980143,-83.27474344634855,-1.1573229341274334,-59.51814955213415,0.6295741068180681,36.886580286419985,0.2719344611720337,-0.14875092040239898,0.00015748,0.1638370508092283,0.00081957,1,0.0
5281,0.0008780645361727291,0.11656749911800593,-1.54e-06,1.4316556398362377,4.7704629790217785,48.614515432496,1.0052136313683062,22.407369346515836,0.12067054082980143,-28.235394889704416,-1.1573229341274334,-57.41220042169814,0.6295741068180681,-14.063032880857609,0.2719344611720337,-0.010298345964770958,0.00015748,0.2242452440261884,0.00081957,1,0.0
5282,-0.00022425247007844262,0.02820797500286177,-1.54e-06,1.4316556398362377,4.7704629790217785,11.367277091617321,1.0052136313683062,6.756288781356855,0.12067054082980143,-10.237286531541109,-1.1573229341274334,-14.35864639877202,0.6295741068180681,-2.4048175800149427,0.2719344611720337,-0.007339736465009614,0.00015748,0.05981939279301854,0.00081957,1,0.0
5283,0.05396160232999597,0.03158999200150792,-1.54e-06,1.4316556398362377,4.7704629790217785,-19.142478029493663,1.0052136313683062,17.178534180916873,0.12067054082980143,-58.70995253566402,-1.1573229341274334,-71.557508630159,0.6295741068180681,37.44108761140866,0.2719344611720337,-0.11652365581978177,0.00015748,0.11668287811631967,0.00081957,1,0.0
5284,0.4776107633592463,0.018371963110983987,-1.54e-06,1.4316556398362377,4.7704629790217785,-76.61659456017092,1.0052136313683062,6.98001321809505,0.12067054082980143,-27.771227490871265,-1.1573229341274334,-96.31479673846248,0.6295741068180681,78.52197381548109,0.2719344611720337,-0.015449624899476419,0.00015748,0.015474277276322466,0.00081957,1,0.0
5285,0.28465201393249484,0.21853179312828333,-1.54e-06,1.4316556398362377,4.7704629790217785,-63.197097512185636,1.0052136313683062,-23.463950853631683,0.12067054082980143,-17.674685881728152,-1.1573229341274334,-50.24046198659992,0.6295741068180681,74.96600954230179,0.2719344611720337,-0.1984594957194547,0.00015748,0.19892059659653571,0.00081957,1,0.0
5286,0.3961835342922289,0.08053104479427653,-1.54e-06,1.4316556398362377,4.7704629790217785,-68.72100278694941,1.0052136313683062,17.064977553005804,0.12067054082980143,-41.48076896046008,-1.1573229341274334,13.979857521613262,0.6295741068180681,57.59302219261347,0.2719344611720337,-0.13847436950458625,0.00015748,0.14148469397157037,0.00081957,1,0.0
5287,0.14620732961026636,0.021271296883939396,-1.54e-06,1.4316556398362377,4.7704629790217785,-26.678434374561704,1.0052136313683062,17.810033439599565,0.12067054082980143,-45.40379481771508,-1.1573229341274334,-74.41425667969179,0.6295741068180681,38.35423253984988,0.2719344611720337,-0.08880907295714807,0.00015748,0.09178423658481866,0.00081957,1,0.0
5288,0.19085617687178,0.002654451942893691,-1.54e-06,1.4316556398362377,4.7704629790217785,-32.92482778887117,1.0052136313683062,5.602924394007352,0.12067054082980143,-21.323216708795115,-1.1573229341274334,-44.15036577876906,0.6295741068180681,36.30650274509384,0.2719344611720337,-0.02148482933148967,0.00015748,0.02164815053979113,0.00081957,1,0.0
5289,0.29985961595534577,0.28838513765912277,-1.54e-06,1.4316556398362377,4.7704629790217785,50.95837990837774,1.0052136313683062,1.6502037307661328,0.12067054082980143,-21.223613281092884,-1.1573229341274334,23.028726011413074,0.6295741068180681,6.022394886994714,0.2719344611720337,0.07598639227191503,0.00015748,0.44027929981475067,0.00081957,0,0.0
5290,0.3357278641106228,0.007925982576641167,-1.54e-06,1.4316556398362377,4.7704629790217785,-53.192053889757545,1.0052136313683062,6.972372113567689,0.12067054082980143,-22.88624783445486,-1.1573229341274334,-83.98388777507279,0.6295741068180681,57.03424561559082,0.2719344611720337,-0.02274859838164714,0.00015748,0.02278208748813154,0.00081957,1,0.0
5291,0.00040705906898831634,0.0034016567016280394,-1.54e-06,1.4316556398362377,4.7704629790217785,-8.494485896757332,1.0052136313683062,-2.903737048742543,0.12067054082980143,-8.056484031024539,-1.1573229341274334,64.24961464986654,0.6295741068180681,2.5873298388914434,0.2719344611720337,-0.037418817635021764,0.00015748,0.037620904938839766,0.00081957,1,0.0
5292,0.1844268762394397,0.013385350942689644,-1.54e-06,1.4316556398362377,4.7704629790217785,-54.96213709389542,1.0052136313683062,15.258208602546404,0.12067054082980143,-85.35860482536829,-1.1573229341274334,-10.511764660412696,0.6295741068180681,68.00115717067351,0.2719344611720337,-0.08087211382744042,0.00015748,0.08102363975444357,0.00081957,1,0.0
5293,0.14620555865409526,0.00397825606881466,-1.54e-06,1.4316556398362377,4.7704629790217785,-25.4850014371127,1.0052136313683062,6.371467771766098,0.12067054082980143,-22.856739304013775,-1.1573229341274334,-56.70325457687417,0.6295741068180681,32.48300998555399,0.2719344611720337,-0.04039709765959719,0.00015748,0.040860435260555786,0.00081957,1,0.0
5294,0.3067823648513938,0.10654943157390329,-1.54e-06,1.4316556398362377,4.7704629790217785,-23.435513861705328,1.0052136313683062,0.23989640644960797,0.12067054082980143,-15.526116541170243,-1.1573229341274334,61.70886063040519,0.6295741068180681,28.44385772646802,0.2719344611720337,0.02430341901667129,0.00015748,0.13892246842722336,0.00081957,0,0.0
5295,0.004899439136213046,0.07262386603877904,-1.54e-06,1.4316556398362377,4.7704629790217785,16.404409178003952,1.0052136313683062,11.672688699373882,0.12067054082980143,-0.13905694285102835,-1.1573229341274334,42.78439804298145,0.6295741068180681,-19.9775518676342,0.2719344611720337,-0.06671030456893698,0.00015748,0.1263807380199969,0.00081957,1,0.0
5296,0.1540645161596442,0.03484869680542065,-1.54e-06,1.4316556398362377,4.7704629790217785,-46.25139819730031,1.0052136313683062,21.831661942237865,0.12067054082980143,-90.8562748900644,-1.1573229341274334,-56.2797110377188,0.6295741068180681,65.97430893712767,0.2719344611720337,-0.12745066470659183,0.00015748,0.12760976729477386,0.00081957,1,0.0
5297,0.16493920960066144,0.24730905914263482,-1.54e-06,1.4316556398362377,4.7704629790217785,51.42305431456946,1.0052136313683062,14.48445824776409,0.12067054082980143,-53.24061542181101,-1.1573229341274334,-42.93481363749638,0.6295741068180681,12.869250323425273,0.2719344611720337,0.0014452152308233879,0.00015748,0.4275046087820914,0.00081957,0,0.0
5298,0.32438847835876194,0.009306995284446815,-1.54e-06,1.4316556398362377,4.7704629790217785,-57.39921689022595,1.0052136313683062,5.994237590418134,0.12067054082980143,-29.881101410165623,-1.1573229341274334,-37.19440766697933,0.6295741068180681,57.19567471569363,0.2719344611720337,-0.02256924875777312,0.00015748,0.02257536902831189,0.00081957,1,0.0
5299,0.11514061079007007,0.03394401986668045,-1.54e-06,1.4316556398362377,4.7704629790217785,-35.75907491996777,1.0052136313683062,9.289704272301618,0.12067054082980143,-74.07342854544937,-1.1573229341274334,20.250986135458184,0.6295741068180681,51.49856942540697,0.2719344611720337,-0.04929428158640491,0.00015748,0.09244425573350279,0.00081957,1,0.0
5300,0.010503755518762752,0.014790759650016683,-1.54e-06,2.4637820456032866,4.565445575052733,15.695950558245878,1.0052136313683062,2.761004685788189,0.12067054082980143,-37.25152063975495,-1.1573229341274334,-19.58209540453822,0.6295741068180681,21.573468648347404,0.2719344611720337,-0.06791780194225172,0.00015748,0.06873247932350388,0.00081957,1,0.0
5301,0.11516583210218462,0.03201083238609155,-1.54e-06,2.4637820456032866,4.565445575052733,1.0741640610983367,1.0052136313683062,16.231970735221196,0.12067054082980143,-35.71777868651179,-1.1573229341274334,-68.53979868919889,0.6295741068180681,15.619041118448528,0.2719344611720337,-0.09081121006063972,0.00015748,0.09083900529648792,0.00081957,1,0.0
5302,0.263447432271843,0.05084046734431788,-1.54e-06,2.4637820456032866,4.565445575052733,-43.61900299056914,1.0052136313683062,22.966809924925283,0.12067054082980143,-80.94973226869035,-1.1573229341274334,-70.47569704624561,0.6295741068180681,60.66060798313842,0.2719344611720337,-0.1208313536514951,0.00015748,0.12085252939866957,0.00081957,1,0.0
5303,0.00029942329733931294,0.060340486867657965,-1.54e-06,2.4637820456032866,4.565445575052733,80.2901668934214,1.0052136313683062,9.184514528138115,0.12067054082980143,-39.57704546868628,-1.1573229341274334,17.738608246307397,0.6295741068180681,-14.322551032758788,0.2719344611720337,0.04713510036284111,0.00015748,0.08817419491662318,0.00081957,0,0.0
5304,0.22340528696448766,0.007109981511205012,-1.54e-06,2.4637820456032866,4.565445575052733,-49.960349835719526,1.0052136313683062,6.023178039508873,0.12067054082980143,-56.48138897072095,-1.1573229341274334,-31.509477287284483,0.6295741068180681,66.17425830302494,0.2719344611720337,-0.04730868045557978,0.00015748,0.04723718568679578,0.00081957,1,0.0
5305,0.07715335831804332,0.006611091553957084,-1.54e-06,2.4637820456032866,4.565445575052733,-9.931976587628563,1.0052136313683062,9.695166316451518,0.12067054082980143,-45.4385198205742,-1.1573229341274334,-19.51082381597927,0.6295741068180681,27.326451608517477,0.2719344611720337,-0.048410733112357,0.00015748,0.048980820654114056,0.00081957,1,0.0
5306,0.0009204757856345891,0.09061014544430196,-1.54e-06,2.4637820456032866,4.565445575052733,96.20253354621889,1.0052136313683062,25.95901531937524,0.12067054082980143,-59.566781683100615,-1.1573229341274334,-75.79175312214724,0.6295741068180681,-19.64983825250118,0.2719344611720337,-0.07938323723903362,0.00015748,0.15724781033133278,0.00081957,1,0.0
5307,0.19987816393022473,0.005770551684590177,-1.54e-06,2.4637820456032866,4.565445575052733,-90.09866580107453,1.0052136313683062,-1.3253364131900003,0.12067054082980143,-41.85124498165575,-1.1573229341274334,47.73687064032625,0.6295741068180681,66.29889604511449,0.2719344611720337,-0.015320800828223373,0.00015748,0.015251107150720545,0.00081957,1,0.0
5308,0.14976679533098392,0.0024592197504589267,-1.54e-06,2.4637820456032866,4.565445575052733,-62.88725443887118,1.0052136313683062,7.367092727371734,0.12067054082980143,-76.71598308907988,-1.1573229341274334,37.161565918266525,0.6295741068180681,66.26345368048784,0.2719344611720337,-0.033435262140766774,0.00015748,0.03342927883086102,0.00081957,1,0.0
5309,0.13868654175157805,0.016342091055989456,-1.54e-06,2.4637820456032866,4.565445575052733,12.0560428628126,1.0052136313683062,13.655177609733236,0.12067054082980143,-60.51225546790514,-1.1573229341274334,-88.28652194613423,0.6295741068180681,40.04444022211437,0.2719344611720337,-0.08909270584069608,0.00015748,0.08933849820040209,0.00081957,1,0.0
5310,0.0012126627300121581,0.011190395654773682,-1.54e-06,2.4637820456032866,4.565445575052733,-36.22501035597894,1.0052136313683062,-0.4942051729322423,0.12067054082980143,-62.42577212221906,-1.1573229341274334,85.46542558708376,0.6295741068180681,43.88714635856327,0.2719344611720337,-0.037594933591537885,0.00015748,0.04256839630936911,0.00081957,1,0.0
5311,0.00027453869701415945,0.020779635577767203,-1.54e-06,2.4637820456032866,4.565445575052733,25.315112953097067,1.0052136313683062,8.634456431390428,0.12067054082980143,-59.45847256933512,-1.1573229341274334,-0.37609469761751857,0.6295741068180681,20.58291511428149,0.2719344611720337,-0.04611540299928601,0.00015748,0.0719854141566757,0.00081957,1,0.0
5312,0.00036905416046467687,0.07188001301224811,-1.54e-06,2.4637820456032866,4.565445575052733,87.77231563161175,1.0052136313683062,13.040932585509717,0.12067054082980143,-67.28596342185308,-1.1573229341274334,44.006393486762605,0.6295741068180681,-7.399758106680337,0.2719344611720337,0.055525378089860564,0.00015748,0.1103397462012269,0.00081957,0,0.0
5313,0.00024006640351820208,0.027542618359215662,-1.54e-06,2.4637820456032866,4.565445575052733,27.730656971975698,1.0052136313683062,10.046722363608831,0.12067054082980143,-63.55987965548637,-1.1573229341274334,19.10018340389361,0.6295741068180681,17.18324436467956,0.2719344611720337,-0.022518606017905715,0.00015748,0.07054435539252288,0.00081957,1,0.0
5314,0.07861158292424572,0.006641496095630419,-1.54e-06,2.4637820456032866,4.565445575052733,5.510444663238247,1.0052136313683062,8.496158316831362,0.12067054082980143,-42.837985963812436,-1.1573229341274334,-45.65361570669328,0.6295741068180681,27.290295989007756,0.2719344611720337,-0.05666852744749743,0.00015748,0.0567000296455785,0.00081957,1,0.0
5315,0.08619500864298119,0.012000323003351914,-1.54e-06,2.4637820456032866,4.565445575052733,-26.7122786720949,1.0052136313683062,11.642868363002515,0.12067054082980143,-98.59236283854358,-1.1573229341274334,19.25120393665643,0.6295741068180681,62.247097210767095,0.2719344611720337,-0.07317269174091448,0.00015748,0.07344073373323251,0.00081957,1,0.0
5316,0.001043306399062277,0.044817951951433434,-1.54e-06,2.4637820456032866,4.565445575052733,57.64679567386805,1.0052136313683062,4.692719111266542,0.12067054082980143,-17.994779404827824,-1.1573229341274334,9.552449983826692,0.6295741068180681,-13.92667630852176,0.2719344611720337,0.034535037904845,0.00015748,0.06196593211167665,0.00081957,0,0.0
5317,0.00024245712393072827,0.017714230272094737,-1.54e-06,2.4637820456032866,4.565445575052733,-7.1508920955507085,1.0052136313683062,9.422032554989496,0.12067054082980143,-82.38527224782196,-1.1573229341274334,61.13752136473788,0.6295741068180681,35.77981196110747,0.2719344611720337,-0.028899193732249077,0.00015748,0.05643376601712027,0.00081957,1,0.0
5318,0.013454622624411966,0.012589433643526049,-1.54e-06,2.4637820456032866,4.565445575052733,-60.13472288567722,1.0052136313683062,-3.287684406127663,0.12067054082980143,-2.11993682321499,-1.1573229341274334,92.82952419348659,0.6295741068180681,11.441487949240106,0.2719344611720337,-0.06992956622785784,0.00015748,0.06988115448826393,0.00081957,1,0.0
5319,0.19851748139465525,0.0070159922216558035,-1.54e-06,2.4637820456032866,4.565445575052733,-26.03178623394505,1.0052136313683062,9.691150317536245,0.12067054082980143,-52.54530589481779,-1.1573229341274334,-60.49668256008586,0.6295741068180681,52.43378439791543,0.2719344611720337,-0.05763811761638186,0.00015748,0.05761888870790217,0.00081957,1,0.0
5320,0.0006571600052043269,0.0405619747798107,-1.54e-06,2.4637820456032866,4.565445575052733,10.425562992441067,1.0052136313683062,10.150289575886065,0.12067054082980143,-91.52224092147772,-1.1573229341274334,95.56617069264145,0.6295741068180681,30.42233775726039,0.2719344611720337,0.015122582120539234,0.00015748,0.070248743207947,0.00081957,0,0.0
5321,0.26722510161730567,0.0051807992379384535,-1.54e-06,2.4637820456032866,4.565445575052733,-54.190202895278034,1.0052136313683062,2.8346819863550596,0.12067054082980143,-12.483866869946032,-1.1573229341274334,-62.22865659459444,0.6295741068180681,48.89136491959748,0.2719344611720337,-0.010764558302711042,0.00015748,0.01084083741508429,0.00081957,1,0.0
5322,-1.6448625576592768e-06,0.024240306350535718,-1.54e-06,2.4637820456032866,4.565445575052733,53.01974990780469,1.0052136313683062,15.487453865208945,0.12067054082980143,-48.40456720594003,-1.1573229341274334,-74.82196958098302,0.6295741068180681,3.7581383586896644,0.2719344611720337,-0.08446766880807188,0.00015748,0.09113301561239767,0.00081957,1,0.0
5323,0.37737349979510537,0.3335526235743338,-1.54e-06,2.4637820456032866,4.565445575052733,28.129078731524313,1.0052136313683062,-13.106786846713463,0.12067054082980143,-22.625524836281322,-1.1573229341274334,85.2936394991635,0.6295741068180681,44.61224804089459,0.2719344611720337,-0.04125828879620591,0.00015748,0.35274706825063074,0.00081957,1,0.0
5324,0.01167469122564746,0.010603085181717925,-1.54e-06,2.4637820456032866,4.565445575052733,13.481823049665412,1.0052136313683062,10.249707265828716,0.12067054082980143,-61.483834876134885,-1.1573229341274334,-15.167106649608614,0.6295741068180681,25.852476785524935,0.2719344611720337,-0.06591885507780186,0.00015748,0.06621511342584059,0.00081957,1,0.0
5325,0.1400301344714191,0.0316498946841961,-1.54e-06,2.4637820456032866,4.565445575052733,-95.1163753901932,1.0052136313683062,-11.813236710635765,0.12067054082980143,-21.836756837738758,-1.1573229341274334,92.22357055957404,0.6295741068180681,60.73250667782153,0.2719344611720337,-0.07461279745606851,0.00015748,0.07491590790030177,0.00081957,1,0.0
5326,1.2714106289668514e-05,0.05639643640508388,-1.54e-06,2.4637820456032866,4.565445575052733,91.31082947608286,1.0052136313683062,16.201922521568463,0.12067054082980143,-24.60748382767365,-1.1573229341274334,-63.05639022706632,0.6295741068180681,-28.325927480099857,0.2719344611720337,-0.020890264016294083,0.00015748,0.10662682237386546,0.00081957,1,0.0
5327,0.014838299601494992,0.003029811448400088,-1.54e-06,2.4637820456032866,4.565445575052733,-28.757129634905898,1.0052136313683062,7.017001266791899,0.12067054082980143,-70.32142825781807,-1.1573229341274334,56.748106941440334,0.6295741068180681,39.439321950227914,0.2719344611720337,-0.03463046712120083,0.00015748,0.034632116424313485,0.00081957,1,0.0
5328,0.0013312549860949874,0.13696014360652495,-1.54e-06,2.4637820456032866,4.565445575052733,-7.599763989283719,1.0052136313683062,16.66046249674871,0.12067054082980143,-21.302224802703634,-1.1573229341274334,44.61407356994961,0.6295741068180681,-19.32504232995049,0.2719344611720337,-0.1479494965938587,0.00015748,0.18639998233587324,0.00081957,1,0.0
5329,0.3644091658760219,0.024461517111612194,-1.54e-06,2.4637820456032866,4.565445575052733,-83.31390161018382,1.0052136313683062,17.58980906772859,0.12067054082980143,-83.54299611284723,-1.1573229341274334,-57.80848305191771,0.6295741068180681,89.15279339081947,0.2719344611720337,-0.08453951116275676,0.00015748,0.08490002111720796,0.00081957,1,0.0
5330,0.07952326086905923,0.0011872721826399317,-1.54e-06,2.4637820456032866,4.565445575052733,-69.63436944196594,1.0052136313683062,0.7691607700536217,0.12067054082980143,-47.89368074044243,-1.1573229341274334,83.43271527376952,0.6295741068180681,46.68796226731724,0.2719344611720337,-0.018479052138561634,0.00015748,0.018494367697187663,0.00081957,1,0.0
5331,0.049256384207188614,0.013031777867600488,-1.54e-06,2.4637820456032866,4.565445575052733,21.430646521462293,1.0052136313683062,10.83593615958989,0.12067054082980143,-54.64353840459189,-1.1573229341274334,-52.57177469249988,0.6295741068180681,26.042243676439284,0.2719344611720337,-0.07671092652174255,0.00015748,0.07668078046385496,0.00081957,1,0.0
5332,0.000905034524568693,0.1258607904631897,-1.54e-06,2.4637820456032866,4.565445575052733,36.0940096045067,1.0052136313683062,7.530612838260173,0.12067054082980143,-1.6301361791605609,-1.1573229341274334,99.99837520085312,0.6295741068180681,-39.22157351695112,0.2719344611720337,-0.0430793350680793,0.00015748,0.20083185181613977,0.00081957,1,0.0
5333,0.2734866455514525,0.005694505005313702,-1.54e-06,2.4637820456032866,4.565445575052733,-59.42720490774808,1.0052136313683062,2.29878791700055,0.12067054082980143,-16.754512720012467,-1.1573229341274334,-55.41758015192068,0.6295741068180681,53.90182805283607,0.2719344611720337,-0.011942402112235868,0.00015748,0.011961108230496727,0.00081957,1,0.0
5334,0.20305331600072613,0.007791135537046329,-1.54e-06,2.4637820456032866,4.565445575052733,-40.694814701643445,1.0052136313683062,7.227828807778637,0.12067054082980143,-60.62515981389721,-1.1573229341274334,-34.14110877717961,0.6295741068180681,63.276078928772364,0.2719344611720337,-0.05457498249507284,0.00015748,0.05482446651248271,0.00081957,1,0.0
5335,0.04125838122746217,0.00262665259753927,-1.54e-06,2.4637820456032866,4.565445575052733,-19.462642134277857,1.0052136313683062,2.0231739290314685,0.12067054082980143,-6.530123762950437,-1.1573229341274334,8.564543067804085,0.6295741068180681,8.444480481854864,0.2719344611720337,-0.02585190966834086,0.00015748,0.025910295660291294,0.00081957,1,0.0
5336,0.24820867713914557,0.004687555141160534,-1.54e-06,2.4637820456032866,4.565445575052733,-37.115016033462524,1.0052136313683062,6.097609052634587,0.12067054082980143,-23.365505004282564,-1.1573229341274334,-78.00550907212973,0.6295741068180681,47.097543295958886,0.2719344611720337,-0.0324750407338799,0.00015748,0.03249143607124466,0.00081957,1,0.0
5337,0.3206485181495098,0.02222506932140804,-1.54e-06,2.4637820456032866,4.565445575052733,-79.75805838424232,1.0052136313683062,0.1441240979866187,0.12067054082980143,-45.199869895614135,-1.1573229341274334,-35.95159432511065,0.6295741068180681,84.92458471691795,0.2719344611720337,-0.0564175836227044,0.00015748,0.05784894060067943,0.00081957,1,0.0
5338,0.29926252513854323,0.081576175692738,-1.54e-06,2.4637820456032866,4.565445575052733,-61.69906300501305,1.0052136313683062,19.778266263049474,0.12067054082980143,-39.023484677026225,-1.1573229341274334,-74.80155391882329,0.6295741068180681,44.222586365203554,0.2719344611720337,-0.13719016291823205,0.00015748,0.13621311733797464,0.00081957,1,0.0
5339,0.00027268971357982674,0.04797573454017179,-1.54e-06,2.4637820456032866,4.565445575052733,-4.729242477422416,1.0052136313683062,4.193393858683672,0.12067054082980143,-24.00912999209327,-1.1573229341274334,89.17559965327956,0.6295741068180681,-2.872160119205346,0.2719344611720337,-0.025389414848608065,0.00015748,0.09901418181880994,0.00081957,1,0.0
5340,0.02829293129869509,0.026691277270528217,-1.54e-06,2.4637820456032866,4.565445575052733,51.053464865459354,1.0052136313683062,16.267569173771392,0.12067054082980143,-62.69501390136287,-1.1573229341274334,-90.04954527702631,0.6295741068180681,17.858600916471314,0.2719344611720337,-0.10629320949910027,0.00015748,0.10650250858866926,0.00081957,1,0.0
5341,0.22515783220457705,0.003279382255700788,-1.54e-06,2.4637820456032866,4.565445575052733,-72.81387664580276,1.0052136313683062,3.2789330262900793,0.12067054082980143,-43.20154078619805,-1.1573229341274334,2.0546768078657136,0.6295741068180681,62.92149791962879,0.2719344611720337,-0.010439973418840768,0.00015748,0.010420208131402467,0.00081957,1,0.0
5342,0.32300731200729216,0.1329883793051094,-1.54e-06,2.4637820456032866,4.565445575052733,-91.19401872215705,1.0052136313683062,26.512063987546938,0.12067054082980143,-82.18196743144762,-1.1573229341274334,-31.28965963714333,0.6295741068180681,67.19260029711295,0.2719344611720337,-0.18069793868996006,0.00015748,0.17974614028191446,0.00081957,1,0.0
5343,0.18727089955349385,0.0036856187501231913,-1.54e-06,2.4637820456032866,4.565445575052733,-20.237434058522506,1.0052136313683062,6.164577244921897,0.12067054082980143,-23.376886829400917,-1.1573229341274334,-70.71514419995327,0.6295741068180681,36.519447382032766,0.2719344611720337,-0.03689368484473389,0.00015748,0.03688429270550396,0.00081957,1,0.0
5344,9.670117745830265e-06,0.039587186343782686,-1.54e-06,2.4637820456032866,4.565445575052733,68.16946365157811,1.0052136313683062,11.554319171782808,0.12067054082980143,-43.28333594108268,-1.1573229341274334,-28.139900011995216,0.6295741068180681,-4.913119987828194,0.2719344611720337,-0.014886277267666378,0.00015748,0.08810584802203254,0.00081957,1,0.0
5345,0.05781132914073178,0.007722323587273671,-1.54e-06,2.4637820456032866,4.565445575052733,-21.084466386724067,1.0052136313683062,10.046957521725354,0.12067054082980143,-81.87339128426714,-1.1573229341274334,21.441895159969903,0.6295741068180681,48.83890124769474,0.2719344611720337,-0.05884995051929534,0.00015748,0.058830092640571624,0.00081957,1,0.0
5346,0.03304197859194824,0.003275635058782223,-1.54e-06,2.4637820456032866,4.565445575052733,-35.095214005592275,1.0052136313683062,6.750120029868418,0.12067054082980143,-77.23104014413663,-1.1573229341274334,59.31711088774899,0.6295741068180681,47.74721626817365,0.2719344611720337,-0.03664987200047142,0.00015748,0.03664726127432943,0.00081957,1,0.0
5347,0.0003484112502704084,0.04000307133019647,-1.54e-06,2.4637820456032866,4.565445575052733,55.619329032118046,1.0052136313683062,14.513055094391262,0.12067054082980143,-73.86443747801157,-1.1573229341274334,-14.5247425667811,0.6295741068180681,13.772012534884698,0.2719344611720337,-0.0448878438613621,0.00015748,0.10404144285679465,0.00081957,1,0.0
5348,0.3335966296395841,0.010521068499598643,-1.54e-06,2.4637820456032866,4.565445575052733,-82.51513167690104,1.0052136313683062,0.744786246344409,0.12067054082980143,-4.9819818569106715,-1.1573229341274334,-55.142780017370484,0.6295741068180681,59.10798999555818,0.2719344611720337,-0.012548378986185698,0.00015748,0.012560006534097081,0.00081957,1,0.0
5349,0.0007558133775963927,0.07289762176158437,-1.54e-06,2.4637820456032866,4.565445575052733,73.2964919608275,1.0052136313683062,12.574165960935712,0.12067054082980143,-97.71977366493645,-1.1573229341274334,13.955724475341436,0.6295741068180681,24.9807840355274,0.2719344611720337,-0.04963804820709589,0.00015748,0.15383923836441055,0.00081957,1,0.0
5350,0.3051596841122261,0.009945761063049218,-1.54e-06,2.4637820456032866,4.565445575052733,-48.976183899975325,1.0052136313683062,11.770767444912373,0.12067054082980143,-59.83088335469808,-1.1573229341274334,-83.20252070708139,0.6295741068180681,71.97151782650306,0.2719344611720337,-0.06257003928152685,0.00015748,0.06259589319460024,0.00081957,1,0.0
5351,0.16177761154560033,0.11764631893013916,-1.54e-06,2.4637820456032866,4.565445575052733,67.4802629176018,1.0052136313683062,7.068908422667536,0.12067054082980143,-71.83274370164247,-1.1573229341274334,-56.20893016595799,0.6295741068180681,40.208396445976575,0.2719344611720337,-0.08046457743427946,0.00015748,0.20015655931824114,0.00081957,1,0.0
5352,0.00048393177083924654,0.03736161301861646,-1.54e-06,2.4637820456032866,4.565445575052733,79.25839516579035,1.0052136313683062,5.100990685071241,0.12067054082980143,-10.97254437504983,-1.1573229341274334,-74.12782588678006,0.6295741068180681,-12.842403444452302,0.2719344611720337,-0.04545105239704737,0.00015748,0.09757010498757111,0.00081957,1,0.0
5353,0.10733612265480477,0.008717325563931764,-1.54e-06,2.4637820456032866,4.565445575052733,-52.11495440966467,1.0052136313683062,1.4246120836032568,0.12067054082980143,-63.99189835308365,-1.1573229341274334,44.449980611766954,0.6295741068180681,60.32082078678822,0.2719344611720337,-0.04287857341231846,0.00015748,0.04277365669203656,0.00081957,1,0.0
5354,0.001020004122255419,0.012222485913761193,-1.54e-06,2.4637820456032866,4.565445575052733,-6.275732176617756,1.0052136313683062,6.353356646574406,0.12067054082980143,-61.035372854558545,-1.1573229341274334,46.83403362469175,0.6295741068180681,27.744904578249105,0.2719344611720337,-0.020704924297217295,0.00015748,0.041001131184617665,0.00081957,1,0.0
5355,0.03721618481037921,0.0031036712599475168,-1.54e-06,2.4637820456032866,4.565445575052733,31.58443816929085,1.0052136313683062,5.102988919746366,0.12067054082980143,-1e-20,-1.1573229341274334,-76.36988984900488,0.6295741068180681,-3.763348087840045,0.2719344611720337,-0.03801935309197245,0.00015748,0.03810405663686499,0.00081957,1,0.0
5356,0.30552372004428524,0.006511220001913433,-1.54e-06,2.4637820456032866,4.565445575052733,-80.96988484655513,1.0052136313683062,9.084978018550487,0.12067054082980143,-69.28365433560234,-1.1573229341274334,-26.182328002118705,0.6295741068180681,84.16663745235086,0.2719344611720337,-0.040814192966819,0.00015748,0.040816656826405825,0.00081957,1,0.0
5357,0.1568311817281337,0.009081440977057905,-1.54e-06,2.4637820456032866,4.565445575052733,-10.5742216248806,1.0052136313683062,11.388048828947394,0.12067054082980143,-55.92531666058189,-1.1573229341274334,-61.86565796521431,0.6295741068180681,44.54280259363916,0.2719344611720337,-0.0667382073010929,0.00015748,0.06688657747506174,0.00081957,1,0.0
5358,0.030018966937255115,0.00028183803281302234,-1.54e-06,2.4637820456032866,4.565445575052733,-48.218566142268664,1.0052136313683062,2.5763901422961744,0.12067054082980143,-56.74729155911779,-1.1573229341274334,78.63536628382857,0.6295741068180681,40.84686832382419,0.2719344611720337,-0.008835253112377,0.00015748,0.008912239903571298,0.00081957,1,0.0
5359,0.3564563268313333,0.008242199193339378,-1.54e-06,2.4637820456032866,4.565445575052733,-85.13600641810058,1.0052136313683062,6.9806412109636025,0.12067054082980143,-47.01843207148425,-1.1573229341274334,-54.435060568375356,0.6295741068180681,80.96770456361176,0.2719344611720337,-0.02859951007047852,0.00015748,0.028591384460272956,0.00081957,1,0.0
5360,0.19735896600003422,0.004813724677517252,-1.54e-06,2.4637820456032866,4.565445575052733,-30.650447071250262,1.0052136313683062,8.456397031350342,0.12067054082980143,-37.6069588684708,-1.1573229341274334,-56.364609312420455,0.6295741068180681,44.32593089526715,0.2719344611720337,-0.041786747881638046,0.00015748,0.042014980063444916,0.00081957,1,0.0
5361,-5.602793382517013e-05,0.025041859576858706,-1.54e-06,2.4637820456032866,4.565445575052733,-25.102322630644636,1.0052136313683062,6.424729853728954,0.12067054082980143,-31.68648290423246,-1.1573229341274334,64.49620072946485,0.6295741068180681,8.751843109068822,0.2719344611720337,-0.05677244757603272,0.00015748,0.07439109214411851,0.00081957,1,0.0
5362,0.22234972308845674,0.037018355770146665,-1.54e-06,2.4637820456032866,4.565445575052733,-35.03864459588623,1.0052136313683062,16.17502192497292,0.12067054082980143,-96.30413166254165,-1.1573229341274334,7.523530987251363,0.6295741068180681,66.2508660431506,0.2719344611720337,-0.03408557385737094,0.00015748,0.08882500829620549,0.00081957,1,0.0
5363,0.14811935244260155,0.007888536434837418,-1.54e-06,2.4637820456032866,4.565445575052733,-96.16377236541108,1.0052136313683062,-4.177785973067728,0.12067054082980143,-26.42841802364842,-1.1573229341274334,84.10245637581583,0.6295741068180681,52.47049850750649,0.2719344611720337,-0.04249795837460024,0.00015748,0.042637511980976164,0.00081957,1,0.0
5364,0.08490872892245599,0.07686446791367856,-1.54e-06,2.4637820456032866,4.565445575052733,63.11328905316226,1.0052136313683062,2.028703965176948,0.12067054082980143,-28.79080245446168,-1.1573229341274334,-44.990725754095,0.6295741068180681,11.83503389253501,0.2719344611720337,-0.05328426503776566,0.00015748,0.14563394654262685,0.00081957,1,0.0
5365,0.2865375909995383,0.03563811801294396,-1.54e-06,2.4637820456032866,4.565445575052733,-63.32738296744667,1.0052136313683062,0.989375326058448,0.12067054082980143,-60.50986650137244,-1.1573229341274334,-39.207978860502536,0.6295741068180681,87.88207473112428,0.2719344611720337,-0.08945151645544747,0.00015748,0.09008818053887138,0.00081957,1,0.0
5366,0.00043116728522928083,0.0606339003867522,-1.54e-06,2.4637820456032866,4.565445575052733,80.74111054921588,1.0052136313683062,3.683762912689657,0.12067054082980143,-12.012616563287295,-1.1573229341274334,4.608219743042446,0.6295741068180681,-22.628273942101938,0.2719344611720337,0.03229185036801247,0.00015748,0.09597292186536988,0.00081957,0,0.0
5367,0.004009821547166087,0.08219439037606469,-1.54e-06,2.4637820456032866,4.565445575052733,80.66281220602485,1.0052136313683062,6.769663538636974,0.12067054082980143,-51.530154851639494,-1.1573229341274334,74.77430309907923,0.6295741068180681,-10.200117662992037,0.2719344611720337,0.0643494560685181,0.00015748,0.12209991346303702,0.00081957,0,0.0
5368,0.0008960310607117328,0.015888688712608255,-1.54e-06,2.4637820456032866,4.565445575052733,20.129960523877433,1.0052136313683062,12.140085818432272,0.12067054082980143,-73.17565542156153,-1.1573229341274334,-17.42822591015281,0.6295741068180681,28.648108306919788,0.2719344611720337,-0.08026981598765955,0.00015748,0.08041103794440523,0.00081957,1,0.0
5369,0.11029651404711122,0.1100391773693115,-1.54e-06,2.4637820456032866,4.565445575052733,12.217185458906345,1.0052136313683062,-5.401768079903312,0.12067054082980143,-42.94218562415107,-1.1573229341274334,41.24536250498071,0.6295741068180681,38.75364087022627,0.2719344611720337,-0.06885527904102524,0.00015748,0.16801773851940383,0.00081957,1,0.0
5370,0.011097935584089044,0.0623359610298749,-1.54e-06,2.4637820456032866,4.565445575052733,48.60555954679288,1.0052136313683062,-0.9332358173922851,0.12067054082980143,-28.02740021272905,-1.1573229341274334,-16.053145621725307,0.6295741068180681,11.144807075380283,0.2719344611720337,-0.07208586523385187,0.00015748,0.1274379811969485,0.00081957,1,0.0
5371,0.34930393865460974,0.020487313891794947,-1.54e-06,2.4637820456032866,4.565445575052733,-77.74707135836687,1.0052136313683062,-1.3987206292655519,0.12067054082980143,-19.923598775103525,-1.1573229341274334,-64.24552819836127,0.6295741068180681,75.10496960549914,0.2719344611720337,-0.04668226462810038,0.00015748,0.04698777517097717,0.00081957,1,0.0
5372,0.0007699154024116694,0.04642826482427503,-1.54e-06,2.4637820456032866,4.565445575052733,66.3928957142505,1.0052136313683062,18.623309311344414,0.12067054082980143,-88.35309304908121,-1.1573229341274334,-79.7773436969973,0.6295741068180681,24.293112621301464,0.2719344611720337,-0.1250237459444902,0.00015748,0.1370395802105461,0.00081957,1,0.0
5373,0.17487220394106487,0.0027202403872227535,-1.54e-06,2.4637820456032866,4.565445575052733,-34.99159506106228,1.0052136313683062,5.29336829252158,0.12067054082980143,-23.75027838548473,-1.1573229341274334,-39.063778338670076,0.6295741068180681,36.8100785140214,0.2719344611720337,-0.02393356900312864,0.00015748,0.023880093087619795,0.00081957,1,0.0
5374,0.0008844558572738415,0.032610593371983104,-1.54e-06,2.4637820456032866,4.565445575052733,4.016654473492894,1.0052136313683062,2.3259253862248173,0.12067054082980143,-56.02437028377993,-1.1573229341274334,72.21692719518242,0.6295741068180681,24.190510479809074,0.2719344611720337,-0.0036223865210073224,0.00015748,0.06237553978759315,0.00081957,1,0.0
5375,0.00012559306424889116,0.009709480552786594,-1.54e-06,2.4637820456032866,4.565445575052733,21.46876306887103,1.0052136313683062,4.099727963867032,0.12067054082980143,-17.664154322463936,-1.1573229341274334,-14.007322400973203,0.6295741068180681,1.417544617966923,0.2719344611720337,-0.015520006188078191,0.00015748,0.03273122611984086,0.00081957,1,0.0
5376,0.11368673986221925,0.12446675862449202,-1.54e-06,2.4637820456032866,4.565445575052733,67.71588796093808,1.0052136313683062,7.409407819362688,0.12067054082980143,-96.86189745375704,-1.1573229341274334,39.357151164404,0.6295741068180681,39.169541329187524,0.2719344611720337,-0.027604171916116,0.00015748,0.20485084877458817,0.00081957,1,0.0
5377,0.00022752187683888758,0.09442148585765725,-1.54e-06,2.4637820456032866,4.565445575052733,62.63989210075344,1.0052136313683062,13.040531996638055,0.12067054082980143,-1e-20,-1.1573229341274334,1.196822410774971,0.6295741068180681,-42.45617607322468,0.2719344611720337,-0.0412850074244707,0.00015748,0.15016261782924467,0.00081957,1,0.0
5378,0.009139790765874956,0.019014623387983216,-1.54e-06,2.4637820456032866,4.565445575052733,28.223134202625317,1.0052136313683062,13.165655973425853,0.12067054082980143,-71.8522591310481,-1.1573229341274334,-36.694897416212704,0.6295741068180681,27.083040863562054,0.2719344611720337,-0.08897242066494407,0.00015748,0.08893649015795088,0.00081957,1,0.0
5379,0.14024119613187458,0.15923240779348297,-1.54e-06,2.4637820456032866,4.565445575052733,68.63531020100308,1.0052136313683062,-0.6772997764033104,0.12067054082980143,-56.26428275838881,-1.1573229341274334,67.47429365636138,0.6295741068180681,21.04021028307116,0.2719344611720337,-0.00439918860520605,0.00015748,0.23146188893629113,0.00081957,1,0.0
5380,0.0016573892050234448,0.06220818436540519,-1.54e-06,2.4637820456032866,4.565445575052733,40.99718231776685,1.0052136313683062,1.596203362610023,0.12067054082980143,-12.56780208086329,-1.1573229341274334,69.01771405982028,0.6295741068180681,-16.870078243359256,0.2719344611720337,0.026734236851357715,0.00015748,0.10062102569413249,0.00081957,0,0.0
5381,0.1837451086500399,0.06619753456511221,-1.54e-06,2.4637820456032866,4.565445575052733,-56.03524521104505,1.0052136313683062,17.208596571744295,0.12067054082980143,-48.051052182382136,-1.1573229341274334,-12.013058846839881,0.6295741068180681,35.638135153617284,0.2719344611720337,-0.12693895895379864,0.00015748,0.1268620339148283,0.00081957,1,0.0
5382,0.5815385605234822,0.32648358839820024,-1.54e-06,2.4637820456032866,4.565445575052733,73.75286567930426,1.0052136313683062,3.1194574725220208,0.12067054082980143,-64.26114102213481,-1.1573229341274334,-55.440241589746805,0.6295741068180681,69.14390142558021,0.2719344611720337,0.00011969721862400973,0.00015748,0.3573337700839847,0.00081957,0,0.0
5383,0.18455143896316395,0.002000906119181607,-1.54e-06,2.4637820456032866,4.565445575052733,-71.03791844992023,1.0052136313683062,4.531686764217066,0.12067054082980143,-58.46129266621455,-1.1573229341274334,26.583799818298573,0.6295741068180681,64.54909217104164,0.2719344611720337,-0.017113374584583767,0.00015748,0.017128284014309682,0.00081957,1,0.0
5384,0.13697648652442293,0.07149929467483404,-1.54e-06,2.4637820456032866,4.565445575052733,24.03740928559855,1.0052136313683062,1.2224579135136722,0.12067054082980143,-43.714436222233616,-1.1573229341274334,-45.62511467703266,0.6295741068180681,39.65035987879121,0.2719344611720337,-0.08536683351960792,0.00015748,0.1393381869734787,0.00081957,1,0.0
5385,0.00011514479909247033,0.11427249282591781,-1.54e-06,2.4637820456032866,4.565445575052733,76.08005313048317,1.0052136313683062,16.825859458458872,0.12067054082980143,-16.12912085746909,-1.1573229341274334,9.757149247106204,0.6295741068180681,-42.85133518184792,0.2719344611720337,-0.03664635302599234,0.00015748,0.17209268931340108,0.00081957,1,0.0
5386,-0.00012417092714622768,0.06069046743372849,-1.54e-06,2.4637820456032866,4.565445575052733,74.92222383020568,1.0052136313683062,4.945199086754441,0.12067054082980143,-5.997259200630812,-1.1573229341274334,14.746255414901816,0.6295741068180681,-29.265471383036395,0.2719344611720337,0.05274861972594422,0.00015748,0.07904923215624896,0.00081957,0,0.0
5387,0.2502671667342759,0.00578717839119219,-1.54e-06,2.4637820456032866,4.565445575052733,-92.63521126963035,1.0052136313683062,0.8512414646174546,0.12067054082980143,-35.94537535174247,-1.1573229341274334,19.303322824646276,0.6295741068180681,66.87483602338735,0.2719344611720337,-0.012965174722937234,0.00015748,0.012954189807639425,0.00081957,1,0.0
5388,0.00028344400716323603,0.10224762246118996,-1.54e-06,2.4637820456032866,4.565445575052733,-41.09310868588819,1.0052136313683062,10.869601281144462,0.12067054082980143,-14.406841097756077,-1.1573229341274334,74.06060717258653,0.6295741068180681,-8.734296319384299,0.2719344611720337,-0.15113389750219852,0.00015748,0.1630231820415849,0.00081957,1,0.0
5389,0.13161798959764015,0.04510850024182052,-1.54e-06,2.4637820456032866,4.565445575052733,-73.18209296868828,1.0052136313683062,4.046460229460238,0.12067054082980143,-1e-20,-1.1573229341274334,39.48186633886524,0.6295741068180681,17.344401717211653,0.2719344611720337,-0.1105080010548178,0.00015748,0.11028903228232924,0.00081957,1,0.0
5390,0.00018712358227818138,0.055523709036873,-1.54e-06,2.4637820456032866,4.565445575052733,62.007977289004465,1.0052136313683062,9.331230139960546,0.12067054082980143,-58.907889775419775,-1.1573229341274334,38.89915498401954,0.6295741068180681,1.6509994059203876,0.2719344611720337,0.02953266565725573,0.00015748,0.09131742528231357,0.00081957,0,0.0
5391,0.04482815839501989,0.018849162086046693,-1.54e-06,2.4637820456032866,4.565445575052733,3.129306844981515,1.0052136313683062,3.3239044551713057,0.12067054082980143,-50.674391438698585,-1.1573229341274334,-15.406725696784983,0.6295741068180681,35.88983831774809,0.2719344611720337,-0.07760823593585292,0.00015748,0.0775834502834305,0.00081957,1,0.0
5392,-0.0007186789242099589,0.4418044830754934,-1.54e-06,2.4637820456032866,4.565445575052733,26.50113689017587,1.0052136313683062,41.37807024635604,0.12067054082980143,-75.61230108674624,-1.1573229341274334,10.638009360855465,0.6295741068180681,-29.009219122760136,0.2719344611720337,-0.27504182372461017,0.00015748,0.33470236153888033,0.00081957,1,0.0
5393,0.06540182373364789,0.007670606197363425,-1.54e-06,2.4637820456032866,4.565445575052733,-32.10104742680901,1.0052136313683062,10.681812667261068,0.12067054082980143,-92.60363215585278,-1.1573229341274334,38.393902221523575,0.6295741068180681,56.660121676020815,0.2719344611720337,-0.058408333653524144,0.00015748,0.05863147689485941,0.00081957,1,0.0
5394,0.004534296265778531,0.004427326587349152,-1.54e-06,2.4637820456032866,4.565445575052733,-5.246613680656183,1.0052136313683062,7.363660685591538,0.12067054082980143,-55.52115395353658,-1.1573229341274334,19.177600679509716,0.6295741068180681,26.254447007363694,0.2719344611720337,-0.0418209337319584,0.00015748,0.04184325674689637,0.00081957,1,0.0
5395,4.8571149266485314e-05,0.0645735363160287,-1.54e-06,2.4637820456032866,4.565445575052733,69.39745119133245,1.0052136313683062,13.670572903711713,0.12067054082980143,-86.77396989893427,-1.1573229341274334,54.09312333149566,0.6295741068180681,9.610125867681539,0.2719344611720337,0.026381495220162123,0.00015748,0.11451106235862382,0.00081957,0,0.0
5396,0.001693928940410816,0.12350205457005423,-1.54e-06,2.4637820456032866,4.565445575052733,61.7329333676958,1.0052136313683062,18.00134664273593,0.12067054082980143,-49.38472602067178,-1.1573229341274334,74.70427657955702,0.6295741068180681,-26.611134023908612,0.2719344611720337,-0.022639706895681996,0.00015748,0.18869102535844412,0.00081957,1,0.0
5397,0.012969190639996325,0.005884198446739484,-1.54e-06,2.4637820456032866,4.565445575052733,44.26555926191337,1.0052136313683062,6.54336503479445,0.12067054082980143,-6.101628618844012,-1.1573229341274334,-82.16040130865751,0.6295741068180681,-6.432307123661266,0.2719344611720337,-0.051022749339589224,0.00015748,0.05108902690114858,0.00081957,1,0.0
5398,0.0009357425065821268,0.01943375670307564,-1.54e-06,2.4637820456032866,4.565445575052733,14.799842346831971,1.0052136313683062,9.693603257436989,0.12067054082980143,-54.694740715305876,-1.1573229341274334,18.368588663087746,0.6295741068180681,15.331776980435679,0.2719344611720337,-0.026347554862998855,0.00015748,0.056812988694179604,0.00081957,1,0.0
5399,0.11324834408080034,0.008600832976154606,-1.54e-06,2.4637820456032866,4.565445575052733,-85.15017113279627,1.0052136313683062,-6.300464170002327,0.12067054082980143,-18.315065129639315,-1.1573229341274334,85.08090877339633,0.6295741068180681,44.47323263775232,0.2719344611720337,-0.044565908744528274,0.00015748,0.044674721543270235,0.00081957,1,0.0
5400,-0.0013430076942839708,0.3022429132188941,-1.54e-06,2.052692886564005,3.0411456034324025,46.63304192719581,1.0052136313683062,3.5371908202718574,0.12067054082980143,-25.94005365110636,-1.1573229341274334,59.10858451203923,0.6295741068180681,-19.31732391486918,0.2719344611720337,0.22061094496202638,0.00015748,0.9037475316192067,0.00081957,0,0.0
5401,0.6709014802384228,0.07698965229803122,-1.54e-06,2.052692886564005,3.0411456034324025,-76.03269118228728,1.0052136313683062,1.1918173970247805,0.12067054082980143,-50.43847526277272,-1.1573229341274334,32.59830234985832,0.6295741068180681,76.55643451092153,0.2719344611720337,-0.037127428432849656,0.00015748,0.03767198287723276,0.00081957,1,0.0
5402,1.7091034023253293e-05,0.10786745969866397,-1.54e-06,2.052692886564005,3.0411456034324025,-20.1114860661651,1.0052136313683062,7.9992729430721425,0.12067054082980143,-87.37257199580404,-1.1573229341274334,71.99975818650569,0.6295741068180681,46.891310888489336,0.2719344611720337,0.005917581282131323,0.00015748,0.20498027381883682,0.00081957,0,0.0
5403,0.5933780707997784,0.3593657170986808,-1.54e-06,2.052692886564005,3.0411456034324025,93.25763997417931,1.0052136313683062,20.25645267911962,0.12067054082980143,-19.510287135828722,-1.1573229341274334,-85.90611227326282,0.6295741068180681,-18.53818684505145,0.2719344611720337,0.16354670657494363,0.00015748,0.643445775957177,0.00081957,0,0.0
5404,0.8592070820223581,0.22021613514147306,-1.54e-06,2.052692886564005,3.0411456034324025,-33.16940041497278,1.0052136313683062,12.15010984440204,0.12067054082980143,-61.88354246607829,-1.1573229341274334,-30.093071933378795,0.6295741068180681,71.61083345579348,0.2719344611720337,-0.2902399149137499,0.00015748,0.2906427383430331,0.00081957,1,0.0
5405,0.3655476712071797,0.5093109403834607,-1.54e-06,2.052692886564005,3.0411456034324025,-2.989943708500347,1.0052136313683062,-0.33499846532075317,0.12067054082980143,-44.44028023672891,-1.1573229341274334,57.67768912632995,0.6295741068180681,31.137605499246135,0.2719344611720337,0.08361262054277446,0.00015748,0.7157111461378287,0.00081957,0,0.0
5406,-0.0006608749475177644,0.13683932359919326,-1.54e-06,2.052692886564005,3.0411456034324025,42.650855106572905,1.0052136313683062,8.029007776043082,0.12067054082980143,-51.96643089925882,-1.1573229341274334,58.58041703019495,0.6295741068180681,-3.7577361348855667,0.2719344611720337,0.316677084568573,0.00015748,0.6537208261470628,0.00081957,0,0.0
5407,0.22931549525873973,0.2249297177983883,-1.54e-06,2.052692886564005,3.0411456034324025,60.55346868043399,1.0052136313683062,11.404399988449601,0.12067054082980143,-3.510544466881521,-1.1573229341274334,-65.84549050241594,0.6295741068180681,-17.497248163772728,0.2719344611720337,-0.1070650940432066,0.00015748,0.36786775082219514,0.00081957,1,0.0
5408,0.002839510334448514,0.029610829291723793,-1.54e-06,2.052692886564005,3.0411456034324025,76.09814547945219,1.0052136313683062,16.72826091839338,0.12067054082980143,-78.28054085889113,-1.1573229341274334,36.393382442253944,0.6295741068180681,-4.121741727349293,0.2719344611720337,0.43364451917151764,0.00015748,0.5946401288301708,0.00081957,0,0.0
5409,0.23691371354079838,0.14417100462363103,-1.54e-06,2.052692886564005,3.0411456034324025,66.2925864760611,1.0052136313683062,12.731387405122183,0.12067054082980143,-35.49385654230036,-1.1573229341274334,-8.150715623952657,0.6295741068180681,-11.166385407850822,0.2719344611720337,0.39366970573032634,0.00015748,0.460115393933363,0.00081957,0,0.0
5410,0.47402379766283675,0.07924779917185344,-1.54e-06,2.052692886564005,3.0411456034324025,-19.44474992403999,1.0052136313683062,7.558593839299527,0.12067054082980143,-41.2401078828454,-1.1573229341274334,-12.470207760184808,0.6295741068180681,43.239471377343,0.2719344611720337,-0.17643343160378208,0.00015748,0.18102195845478705,0.00081957,1,0.0
5411,0.9274774847011045,0.31896319576380877,-1.54e-06,2.052692886564005,3.0411456034324025,5.542544739799145,1.0052136313683062,13.117062000676027,0.12067054082980143,-17.81925109267828,-1.1573229341274334,-95.62733197758452,0.6295741068180681,37.566004046065274,0.2719344611720337,-0.346395971030128,0.00015748,0.34640444506134915,0.00081957,1,0.0
5412,1.1983359696231537,0.28794635052172574,-1.54e-06,2.052692886564005,3.0411456034324025,-47.40326313921895,1.0052136313683062,11.560867962263492,0.12067054082980143,-48.85097354607522,-1.1573229341274334,-54.31251344978283,0.6295741068180681,81.9737132416696,0.2719344611720337,-0.25714250756528395,0.00015748,0.257851237972259,0.00081957,1,0.0
5413,0.010983726979888586,0.12725144355046702,-1.54e-06,2.052692886564005,3.0411456034324025,-63.68393548791626,1.0052136313683062,-6.934498489878199,0.12067054082980143,-25.68605145041766,-1.1573229341274334,78.21418328259993,0.6295741068180681,37.41033437060251,0.2719344611720337,-0.23833200965873927,0.00015748,0.2392255059314672,0.00081957,1,0.0
5414,0.0024908931661229428,0.03536889746161765,-1.54e-06,2.052692886564005,3.0411456034324025,95.88088795265938,1.0052136313683062,16.548595850035454,0.12067054082980143,-58.97275610154115,-1.1573229341274334,10.247249810665155,0.6295741068180681,-20.54388665453456,0.2719344611720337,0.41205867963092024,0.00015748,0.6372461830973353,0.00081957,0,0.0
5415,0.0001352603585613732,0.023690634168159638,-1.54e-06,2.052692886564005,3.0411456034324025,70.67183057653081,1.0052136313683062,18.114719290854595,0.12067054082980143,-93.21906606376349,-1.1573229341274334,48.574764672437965,0.6295741068180681,4.631633577439192,0.2719344611720337,0.4207164067792955,0.00015748,0.616945299616235,0.00081957,0,0.0
5416,-0.2959412173215783,1.0311236660992278,-1.54e-06,2.052692886564005,3.0411456034324025,97.57029771952152,1.0052136313683062,6.3008925898887025,0.12067054082980143,-4.448945263329572,-1.1573229341274334,73.96348071814859,0.6295741068180681,-72.84210270710584,0.2719344611720337,0.23976342765548564,0.00015748,1.4730243897896433,0.00081957,0,0.0
5417,0.7200134429967313,0.09749236937048948,-1.54e-06,2.052692886564005,3.0411456034324025,-56.547924519405214,1.0052136313683062,1.2372020594188036,0.12067054082980143,-20.842004302362273,-1.1573229341274334,-4.915582895711942,0.6295741068180681,55.63509119790669,0.2719344611720337,-0.04815970674630481,0.00015748,0.050254900737622586,0.00081957,1,0.0
5418,1.016170146777925,0.21794024146848734,-1.54e-06,2.052692886564005,3.0411456034324025,-30.664446875641328,1.0052136313683062,9.411950542881533,0.12067054082980143,-30.507714329176284,-1.1573229341274334,-60.03199391452978,0.6295741068180681,61.1636519688839,0.2719344611720337,-0.22563029461109202,0.00015748,0.22592338919145555,0.00081957,1,0.0
5419,0.0018448315762594342,0.03643916076141525,-1.54e-06,2.052692886564005,3.0411456034324025,-41.55740431905156,1.0052136313683062,1.2622500160792745,0.12067054082980143,-56.73348773681936,-1.1573229341274334,70.60526828352342,0.6295741068180681,42.083169968602476,0.2719344611720337,-0.02397965084789963,0.00015748,0.08291339007469475,0.00081957,1,0.0
5420,0.15271943763010132,0.09331048265870749,-1.54e-06,2.052692886564005,3.0411456034324025,74.58227670030449,1.0052136313683062,12.155718418802019,0.12067054082980143,-36.45661866749635,-1.1573229341274334,6.030943059495476,0.6295741068180681,-18.499159228480828,0.2719344611720337,0.4567291849481923,0.00015748,0.554409666842533,0.00081957,0,0.0
5421,0.999806919998631,0.1938631222881509,-1.54e-06,2.052692886564005,3.0411456034324025,-63.669085578656485,1.0052136313683062,3.322724750995365,0.12067054082980143,-16.277910426766812,-1.1573229341274334,-28.89657781808264,0.6295741068180681,64.16230707265906,0.2719344611720337,-0.09508109300523078,0.00015748,0.09515792525203261,0.00081957,1,0.0
5422,0.003450944819466728,0.16158389337799442,-1.54e-06,2.052692886564005,3.0411456034324025,56.813714375047695,1.0052136313683062,6.648528762714192,0.12067054082980143,-23.20259704958468,-1.1573229341274334,25.41184856053668,0.6295741068180681,-21.67409909758949,0.2719344611720337,0.2911498352075469,0.00015748,0.6000498023579087,0.00081957,0,0.0
5423,0.7343689165099153,0.07132973941141155,-1.54e-06,2.052692886564005,3.0411456034324025,-80.66636954492009,1.0052136313683062,4.72027710827995,0.12067054082980143,-74.23048491416233,-1.1573229341274334,39.38522995692183,0.6295741068180681,91.64036113168162,0.2719344611720337,-0.060334587225487984,0.00015748,0.060571062135067605,0.00081957,1,0.0
5424,0.36206438780731165,0.1510648952822884,-1.54e-06,2.052692886564005,3.0411456034324025,-63.2984874819494,1.0052136313683062,-6.200510397160582,0.12067054082980143,-5.301159759055617,-1.1573229341274334,34.10438794240614,0.6295741068180681,39.29960559744668,0.2719344611720337,-0.21989772939696509,0.00015748,0.2192402074915846,0.00081957,1,0.0
5425,0.0014654499105215546,0.3072682262326264,-1.54e-06,2.052692886564005,3.0411456034324025,51.87757737314637,1.0052136313683062,2.119697770638677,0.12067054082980143,-24.7951402081119,-1.1573229341274334,53.92248052932677,0.6295741068180681,-18.500591383920373,0.2719344611720337,0.2201089951184093,0.00015748,0.892436394439096,0.00081957,0,0.0
5426,0.0009862979380355075,0.704696249487349,-1.54e-06,2.052692886564005,3.0411456034324025,80.4133281447149,1.0052136313683062,17.162102549543917,0.12067054082980143,-12.244388624470673,-1.1573229341274334,-3.04864302017077,0.6295741068180681,-50.221191682084445,0.2719344611720337,0.0704734890965038,0.00015748,0.937966849522262,0.00081957,0,0.0
5427,0.34669891019270543,0.022954867698021887,-1.54e-06,2.052692886564005,3.0411456034324025,-40.74388256541182,1.0052136313683062,0.5426187272774314,0.12067054082980143,-25.06515267553656,-1.1573229341274334,17.776403451702823,0.6295741068180681,39.193999824925925,0.2719344611720337,-0.0378739651074228,0.00015748,0.038383122594332825,0.00081957,1,0.0
5428,0.00515209085950219,0.04487443511212355,-1.54e-06,2.052692886564005,3.0411456034324025,95.08299504976003,1.0052136313683062,14.660112015876724,0.12067054082980143,-43.12497720227172,-1.1573229341274334,2.1953305858462984,0.6295741068180681,-27.823048174201585,0.2719344611720337,0.44159399590480575,0.00015748,0.5778030730454705,0.00081957,0,0.0
5429,0.12110323590291297,0.009785975001374408,-1.54e-06,2.052692886564005,3.0411456034324025,-62.76088117359894,1.0052136313683062,2.2193081108422477,0.12067054082980143,-77.18816870964362,-1.1573229341274334,83.74405130547619,0.6295741068180681,64.96685124460501,0.2719344611720337,-0.040241106371552815,0.00015748,0.04073024606527709,0.00081957,1,0.0
5430,1.039373735478697,0.3908631984109021,-1.54e-06,2.052692886564005,3.0411456034324025,-14.325395718452047,1.0052136313683062,14.67317560510344,0.12067054082980143,-50.26226595641315,-1.1573229341274334,-72.55062958548565,0.6295741068180681,65.8992590109629,0.2719344611720337,-0.39229647458570244,0.00015748,0.39489132776985775,0.00081957,1,0.0
5431,0.13306320071863553,0.1506141760561274,-1.54e-06,2.052692886564005,3.0411456034324025,19.5427536041878,1.0052136313683062,10.577803737515705,0.12067054082980143,-64.42879094524531,-1.1573229341274334,30.97736785166873,0.6295741068180681,21.978371918489547,0.2719344611720337,0.14990719823443482,0.00015748,0.33174133732139294,0.00081957,0,0.0
5432,0.5086008704143528,2.1407764308833923,-1.54e-06,2.052692886564005,3.0411456034324025,-60.12836027874499,1.0052136313683062,18.640076737662234,0.12067054082980143,-46.061252111373456,-1.1573229341274334,-32.10038665513715,0.6295741068180681,50.89753254529092,0.2719344611720337,-1.0032846739309234,0.00015748,0.4622771581583882,0.00081957,1,0.0
5433,0.50584366935134,0.17222863918118553,-1.54e-06,2.052692886564005,3.0411456034324025,15.358111412193555,1.0052136313683062,13.47186180757371,0.12067054082980143,-96.87667298418192,-1.1573229341274334,57.57336840083416,0.6295741068180681,46.85988295060466,0.2719344611720337,0.4421981621250871,0.00015748,0.5709652677693421,0.00081957,0,0.0
5434,1.1001188105529247,0.4461588634450789,-1.54e-06,2.052692886564005,3.0411456034324025,75.46918596587953,1.0052136313683062,22.01735384631714,0.12067054082980143,-44.23597149395541,-1.1573229341274334,-80.53567491215577,0.6295741068180681,16.184380581583987,0.2719344611720337,0.36681063554574145,0.00015748,0.7451687436663026,0.00081957,0,0.0
5435,0.42623526101650455,0.0943637270900346,-1.54e-06,2.052692886564005,3.0411456034324025,-21.05885543483072,1.0052136313683062,8.72511574143576,0.12067054082980143,-54.5514694608335,-1.1573229341274334,-1.1611405326841584,0.6295741068180681,48.694999742203265,0.2719344611720337,-0.20781814126011913,0.00015748,0.21055556630923158,0.00081957,1,0.0
5436,1.1582654919236466,0.23358268220032047,-1.54e-06,2.052692886564005,3.0411456034324025,-76.37053359977585,1.0052136313683062,2.939997213446763,0.12067054082980143,-25.133275751836006,-1.1573229341274334,-26.810928759392446,0.6295741068180681,80.26480542676804,0.2719344611720337,-0.04374430979301911,0.00015748,0.04524911093336246,0.00081957,1,0.0
5437,1.0865427479750283,0.38730717022402944,-1.54e-06,2.052692886564005,3.0411456034324025,82.75368558229579,1.0052136313683062,28.432674718476378,0.12067054082980143,-91.66022627106214,-1.1573229341274334,-54.38361279936799,0.6295741068180681,34.033402870383014,0.2719344611720337,0.341962288276017,0.00015748,0.9428126977269848,0.00081957,0,0.0
5438,0.08884001982089221,0.012880036108460625,-1.54e-06,2.052692886564005,3.0411456034324025,-67.28067400830595,1.0052136313683062,2.8122600101303137,0.12067054082980143,-88.82146444238458,-1.1573229341274334,96.16749945123348,0.6295741068180681,71.23168995528522,0.2719344611720337,-0.04160851288969782,0.00015748,0.04169778295662815,0.00081957,1,0.0
5439,0.0003209674195177592,0.18778850575698744,-1.54e-06,2.052692886564005,3.0411456034324025,59.03134942856251,1.0052136313683062,6.111200220625198,0.12067054082980143,-43.45734827262896,-1.1573229341274334,74.5850025606366,0.6295741068180681,-18.371358260191816,0.2719344611720337,0.3242457294699077,0.00015748,1.0536126736521167,0.00081957,0,0.0
5440,1.4989905448980214,0.4031373605163349,-1.54e-06,2.052692886564005,3.0411456034324025,-54.2857799176122,1.0052136313683062,9.80909285215641,0.12067054082980143,-28.5146531903425,-1.1573229341274334,-84.29561988982762,0.6295741068180681,86.02230661630516,0.2719344611720337,-0.22150894488968462,0.00015748,0.2221403895503807,0.00081957,1,0.0
5441,0.4979750161365404,0.15028816270877182,-1.54e-06,2.052692886564005,3.0411456034324025,56.35111573674415,1.0052136313683062,17.98092800059093,0.12067054082980143,-72.88231204234481,-1.1573229341274334,4.5284956697792715,0.6295741068180681,17.283969212424864,0.2719344611720337,0.4282438982776441,0.00015748,0.5972532218272585,0.00081957,0,0.0
5442,-0.00023008174926320013,0.18994328853937673,-1.54e-06,2.052692886564005,3.0411456034324025,83.66158931822298,1.0052136313683062,9.272653216537464,0.12067054082980143,-43.204729340234394,-1.1573229341274334,57.78024599566171,0.6295741068180681,-29.24135773092749,0.2719344611720337,0.4390465800294378,0.00015748,1.0522236262891707,0.00081957,0,0.0
5443,-4.753459493439527e-06,0.12481097636575045,-1.54e-06,2.052692886564005,3.0411456034324025,-15.962781431608835,1.0052136313683062,3.37471584848718,0.12067054082980143,-57.485733306586894,-1.1573229341274334,67.44900974986054,0.6295741068180681,29.704632629322784,0.2719344611720337,0.09729100773270129,0.00015748,0.23064196829594985,0.00081957,0,0.0
5444,0.009956716331335658,0.2111165668628268,-1.54e-06,2.052692886564005,3.0411456034324025,38.77280666022787,1.0052136313683062,9.78825134672007,0.12067054082980143,-55.71852814994089,-1.1573229341274334,71.26975844119198,0.6295741068180681,-5.272510261348492,0.2719344611720337,0.27008070104695553,0.00015748,0.8219013193640528,0.00081957,0,0.0
5445,0.0007658336246925135,0.1698832626902154,-1.54e-06,2.052692886564005,3.0411456034324025,92.63975585696755,1.0052136313683062,16.513200551730645,0.12067054082980143,-66.97066325454199,-1.1573229341274334,57.96255400581738,0.6295741068180681,-25.546331995383763,0.2719344611720337,0.5627508435624791,0.00015748,0.9777394737889906,0.00081957,0,0.0
5446,1.4480952477125049,0.8699687078486135,-1.54e-06,2.052692886564005,3.0411456034324025,-8.311368488318777,1.0052136313683062,10.671485141924569,0.12067054082980143,-52.678872936902614,-1.1573229341274334,-57.628322230097524,0.6295741068180681,77.63947778309605,0.2719344611720337,0.013550447826504886,0.00015748,0.6316051689929889,0.00081957,0,0.0
5447,0.07229138569179083,0.05710534669281592,-1.54e-06,2.052692886564005,3.0411456034324025,-41.62252221116727,1.0052136313683062,7.09795082975411,0.12067054082980143,-91.40695802022519,-1.1573229341274334,70.99125162938387,0.6295741068180681,62.27793619550269,0.2719344611720337,-0.14631709349044253,0.00015748,0.14847365794237166,0.00081957,1,0.0
5448,0.23301916665027567,0.12939096691051086,-1.54e-06,2.052692886564005,3.0411456034324025,35.27634989057093,1.0052136313683062,8.292845275273665,0.12067054082980143,-1e-20,-1.1573229341274334,-62.81304543449692,0.6295741068180681,-5.750736219439068,0.2719344611720337,-0.24988049354058095,0.00015748,0.2501907983745537,0.00081957,1,0.0
5449,1.1789934016437236,0.8016346621710381,-1.54e-06,2.052692886564005,3.0411456034324025,11.359517486275816,1.0052136313683062,25.503321199390385,0.12067054082980143,-84.07416118680358,-1.1573229341274334,-81.56882687807256,0.6295741068180681,70.79622505387222,0.2719344611720337,-0.405062531246031,0.00015748,0.6720329450521361,0.00081957,1,0.0
5450,0.6617954521183852,0.37434379499221215,-1.54e-06,2.052692886564005,3.0411456034324025,62.3731607519588,1.0052136313683062,16.62133964846988,0.12067054082980143,-24.8232755270639,-1.1573229341274334,-78.36198639614597,0.6295741068180681,3.861227169403325,0.2719344611720337,0.005796755679607302,0.00015748,0.5442505687345089,0.00081957,0,0.0
5451,-0.0006333203819572919,0.2865556808490035,-1.54e-06,2.052692886564005,3.0411456034324025,98.08995873323326,1.0052136313683062,17.15423849497422,0.12067054082980143,-43.76972107215808,-1.1573229341274334,42.737648798884024,0.6295741068180681,-43.789236417944444,0.2719344611720337,0.428604248651556,0.00015748,1.1378161799588946,0.00081957,0,0.0
5452,0.08175460294822123,0.07541969427262527,-1.54e-06,2.052692886564005,3.0411456034324025,22.906660405625765,1.0052136313683062,6.184566993121938,0.12067054082980143,-12.431622133025519,-1.1573229341274334,-28.699554355230525,0.6295741068180681,0.25782411109163095,0.2719344611720337,-0.18959090110909957,0.00015748,0.19182794537095535,0.00081957,1,0.0
5453,0.021085217439634707,0.07914609521405844,-1.54e-06,2.052692886564005,3.0411456034324025,5.420169720877045,1.0052136313683062,7.038131283968216,0.12067054082980143,-40.68289348192181,-1.1573229341274334,6.415239750614535,0.6295741068180681,18.139247541839406,0.2719344611720337,-0.1889334870369213,0.00015748,0.18960428856484152,0.00081957,1,0.0
5454,1.1078968216544876,0.5364539616486454,-1.54e-06,2.052692886564005,3.0411456034324025,69.49706169229478,1.0052136313683062,21.56789181706317,0.12067054082980143,-100.0,-1.1573229341274334,-23.90887436139178,0.6295741068180681,50.02852844149439,0.2719344611720337,0.3306034851484925,0.00015748,1.0610381125686463,0.00081957,0,0.0
5455,0.4292468577242155,0.15826549098966583,-1.54e-06,2.052692886564005,3.0411456034324025,-26.05098632856705,1.0052136313683062,9.5891754665871,0.12067054082980143,-77.4639659798732,-1.1573229341274334,17.562588220048546,0.6295741068180681,63.07140190185853,0.2719344611720337,-0.2246858805754126,0.00015748,0.27174960022947137,0.00081957,1,0.0
5456,0.7695551603283809,0.40671381111600396,-1.54e-06,2.052692886564005,3.0411456034324025,33.104040625906066,1.0052136313683062,16.483485517459158,0.12067054082980143,-45.06200182206092,-1.1573229341274334,-63.97082241860711,0.6295741068180681,31.038121756089566,0.2719344611720337,-0.12221185534499873,0.00015748,0.5130310500348585,0.00081957,1,0.0
5457,-0.0005087788560799167,0.16413649059724883,-1.54e-06,2.052692886564005,3.0411456034324025,-41.08125054435222,1.0052136313683062,-3.491681703885597,0.12067054082980143,-11.745769497492514,-1.1573229341274334,53.452324575632325,0.6295741068180681,17.5287858520374,0.2719344611720337,-0.21213412554851238,0.00015748,0.282732021024899,0.00081957,1,0.0
5458,-0.48165003178415766,4.597835831632272,-1.54e-06,2.052692886564005,3.0411456034324025,27.648421396825338,1.0052136313683062,30.769410197367684,0.12067054082980143,-70.19331479002685,-1.1573229341274334,32.695660895764135,0.6295741068180681,-25.250292757621686,0.2719344611720337,-1.006968984074918,0.00015748,1.129467098654826,0.00081957,1,0.0
5459,0.6656003974068884,0.20884225804061854,-1.54e-06,2.052692886564005,3.0411456034324025,54.30770793275367,1.0052136313683062,19.2129635791447,0.12067054082980143,-72.75058337205856,-1.1573229341274334,-9.14721892943775,0.6295741068180681,23.483785870483178,0.2719344611720337,0.41242679009900063,0.00015748,0.6289401728689223,0.00081957,0,0.0
5460,0.002289388400710246,1.0472605584441137,-1.54e-06,2.052692886564005,3.0411456034324025,23.673400500390994,1.0052136313683062,-2.9805452047110195,0.12067054082980143,-2.2283866459688673,-1.1573229341274334,93.31010528318971,0.6295741068180681,-27.772669882171076,0.2719344611720337,-0.021972069023169838,0.00015748,1.3716045095934017,0.00081957,1,0.0
5461,0.0026705444025367023,0.012633024702806087,-1.54e-06,2.052692886564005,3.0411456034324025,-55.04803812914537,1.0052136313683062,0.8129246624466577,0.12067054082980143,-67.02656941362764,-1.1573229341274334,83.87895935836634,0.6295741068180681,53.130048489833115,0.2719344611720337,-0.050654930104481216,0.00015748,0.05108059382359528,0.00081957,1,0.0
5462,0.1893856912879079,0.09797542571030321,-1.54e-06,2.052692886564005,3.0411456034324025,-69.42542256378515,1.0052136313683062,-4.884184919518308,0.12067054082980143,-32.61573170187316,-1.1573229341274334,68.33644919206915,0.6295741068180681,48.73472071170023,0.2719344611720337,-0.19600432193256026,0.00015748,0.19629784907116823,0.00081957,1,0.0
5463,0.5061916943717095,0.14588876629537217,-1.54e-06,2.052692886564005,3.0411456034324025,-53.607508792633176,1.0052136313683062,0.029035045640030704,0.12067054082980143,-7.647161124066063,-1.1573229341274334,6.658691831292389,0.6295741068180681,37.58754071378441,0.2719344611720337,-0.19383361724955359,0.00015748,0.19515275198491575,0.00081957,1,0.0
5464,2.178899865093842,3.9943266665081145,-1.54e-06,2.052692886564005,3.0411456034324025,69.07353930814917,1.0052136313683062,1.8327319026043556,0.12067054082980143,-40.90119172382105,-1.1573229341274334,-23.586859888093738,0.6295741068180681,59.587583799311936,0.2719344611720337,0.27658338574472396,0.00015748,2.4327224942541994,0.00081957,0,0.0
5465,0.9396730934109219,0.32526729640270036,-1.54e-06,2.052692886564005,3.0411456034324025,57.454692744539344,1.0052136313683062,21.328849938566314,0.12067054082980143,-72.62096582599976,-1.1573229341274334,-34.78383141132852,0.6295741068180681,31.808378697060537,0.2719344611720337,0.38364333575254506,0.00015748,0.7174790362685108,0.00081957,0,0.0
5466,-0.0017344385061622836,0.47272244084135767,-1.54e-06,2.052692886564005,3.0411456034324025,78.585799687263,1.0052136313683062,11.92968202658516,0.12067054082980143,-0.4925401067262881,-1.1573229341274334,3.604570771323659,0.6295741068180681,-52.18083217681262,0.2719344611720337,0.17262583502871803,0.00015748,0.8992472874604156,0.00081957,0,0.0
5467,0.0009717567634421886,0.2019288287381537,-1.54e-06,2.052692886564005,3.0411456034324025,90.76342865342055,1.0052136313683062,8.773845895593169,0.12067054082980143,-38.71726492880319,-1.1573229341274334,51.89179066398477,0.6295741068180681,-33.31080285676207,0.2719344611720337,0.4464167848590648,0.00015748,1.0757905381657085,0.00081957,0,0.0
5468,0.5602971048464176,0.21333400209998601,-1.54e-06,2.052692886564005,3.0411456034324025,-5.746614910639362,1.0052136313683062,12.455743822329648,0.12067054082980143,-52.37874078799335,-1.1573229341274334,-32.5653412301224,0.6295741068180681,46.071687849837296,0.2719344611720337,-0.31470263129562787,0.00015748,0.31937872575990683,0.00081957,1,0.0
5469,0.22523309731229446,1.6240503818782712,-1.54e-06,2.052692886564005,3.0411456034324025,35.93585743121487,1.0052136313683062,23.085343141407872,0.12067054082980143,-6.0996414741178935,-1.1573229341274334,-74.49282962167993,0.6295741068180681,-22.974500234327383,0.2719344611720337,-0.7155188540753983,0.00015748,0.7222886590585098,0.00081957,1,0.0
5470,0.9869351487707084,0.47055832556694316,-1.54e-06,2.052692886564005,3.0411456034324025,53.42397854958212,1.0052136313683062,14.992528286161226,0.12067054082980143,-45.799914639632924,-1.1573229341274334,-49.74308741959842,0.6295741068180681,27.205423669842304,0.2719344611720337,0.29602408477273834,0.00015748,0.7165466183189099,0.00081957,0,0.0
5471,0.001927127151401864,0.03278605015629607,-1.54e-06,2.052692886564005,3.0411456034324025,75.62234421590546,1.0052136313683062,15.667537899776413,0.12067054082980143,-71.60049781827819,-1.1573229341274334,33.73037491220887,0.6295741068180681,-6.932253784070245,0.2719344611720337,0.4457974631278459,0.00015748,0.5715526234616547,0.00081957,0,0.0
5472,0.7602312927437008,0.07786045061450089,-1.54e-06,2.052692886564005,3.0411456034324025,-77.81482646213979,1.0052136313683062,5.230534289987593,0.12067054082980143,-73.15960477609498,-1.1573229341274334,33.25472194554761,0.6295741068180681,91.01252967723441,0.2719344611720337,-0.07465125291930326,0.00015748,0.07460339422090269,0.00081957,1,0.0
5473,0.26255150760984,0.010100320473192861,-1.54e-06,2.052692886564005,3.0411456034324025,-25.50538706637584,1.0052136313683062,2.322031343131533,0.12067054082980143,-26.771233138560074,-1.1573229341274334,10.492047069230901,0.6295741068180681,31.51920109243311,0.2719344611720337,-0.038495992555186494,0.00015748,0.03903624040245294,0.00081957,1,0.0
5474,0.04187282741848353,0.0007336187407976869,-1.54e-06,2.052692886564005,3.0411456034324025,-12.881976821126331,1.0052136313683062,0.9914967653006851,0.12067054082980143,-17.422034153901674,-1.1573229341274334,15.845450679124632,0.6295741068180681,14.484085344157506,0.2719344611720337,-0.017456973758370437,0.00015748,0.01742474475211621,0.00081957,1,0.0
5475,0.2649723607038675,0.29231811123175455,-1.54e-06,2.052692886564005,3.0411456034324025,67.14103886139961,1.0052136313683062,5.247196135013873,0.12067054082980143,-19.105923915750843,-1.1573229341274334,10.176503663891856,0.6295741068180681,-16.650972921340845,0.2719344611720337,0.2930861671386786,0.00015748,0.8305764417332506,0.00081957,0,0.0
5476,0.38521986699586763,0.22860808098948388,-1.54e-06,2.052692886564005,3.0411456034324025,7.855255808891151,1.0052136313683062,9.986564452176243,0.12067054082980143,-0.7195453013178107,-1.1573229341274334,-52.9616597836249,0.6295741068180681,3.814712954826799,0.2719344611720337,-0.2686474131389037,0.00015748,0.26883889626082247,0.00081957,1,0.0
5477,-0.0010313620687550928,0.1709108996751871,-1.54e-06,2.052692886564005,3.0411456034324025,73.03890198652095,1.0052136313683062,10.069262195734542,0.12067054082980143,-57.670421912604496,-1.1573229341274334,71.93442917858286,0.6295741068180681,-18.290898616248203,0.2719344611720337,0.4430618759724592,0.00015748,1.020795516957703,0.00081957,0,0.0
5478,0.5520109002774931,0.292867976252129,-1.54e-06,2.052692886564005,3.0411456034324025,36.03798843765233,1.0052136313683062,15.303146481089987,0.12067054082980143,-50.78804854607612,-1.1573229341274334,-33.6140774759608,0.6295741068180681,23.3309064066794,0.2719344611720337,0.018887353813576285,0.00015748,0.4786160337044435,0.00081957,0,0.0
5479,1.0899543848425173,0.6219634771068655,-1.54e-06,2.052692886564005,3.0411456034324025,-39.10336534576024,1.0052136313683062,21.946522757942986,0.12067054082980143,-82.79027332832692,-1.1573229341274334,-45.55751332152211,0.6295741068180681,84.15095428061719,0.2719344611720337,-0.4901943774315717,0.00015748,0.4907127950606279,0.00081957,1,0.0
5480,0.6233355295071085,0.0770288303353508,-1.54e-06,2.052692886564005,3.0411456034324025,-17.10945654947529,1.0052136313683062,5.062758407323057,0.12067054082980143,-10.340747654360154,-1.1573229341274334,-41.883025019012045,0.6295741068180681,32.52405223503032,0.2719344611720337,-0.11582536117749564,0.00015748,0.11631501558266943,0.00081957,1,0.0
5481,0.05452073925147982,0.06319685433263525,-1.54e-06,2.052692886564005,3.0411456034324025,39.14303078844179,1.0052136313683062,12.149596479072937,0.12067054082980143,-81.77600875751715,-1.1573229341274334,71.6634806753586,0.6295741068180681,12.928466481687373,0.2719344611720337,0.42062651209433566,0.00015748,0.5996153557503944,0.00081957,0,0.0
5482,0.0025605614905992446,0.041021750579287114,-1.54e-06,2.052692886564005,3.0411456034324025,95.56366726395065,1.0052136313683062,15.271469700375215,0.12067054082980143,-48.21063484893289,-1.1573229341274334,4.6421117945973025,0.6295741068180681,-25.58911311595298,0.2719344611720337,0.43024048578308594,0.00015748,0.5977250996002004,0.00081957,0,0.0
5483,7.230948260850134e-05,0.1528196319668534,-1.54e-06,2.052692886564005,3.0411456034324025,42.393752785010975,1.0052136313683062,6.932601181215134,0.12067054082980143,-62.57261671631388,-1.1573229341274334,86.69544197518367,0.6295741068180681,-0.6704774496242049,0.2719344611720337,0.3241833197464692,0.00015748,0.9062026928991975,0.00081957,0,0.0
5484,0.05588752033867689,0.07016397897713707,-1.54e-06,2.052692886564005,3.0411456034324025,-15.612563279191344,1.0052136313683062,7.304135606245566,0.12067054082980143,-63.89845543605642,-1.1573229341274334,35.23648817786066,0.6295741068180681,38.200044149915215,0.2719344611720337,-0.16135356636849368,0.00015748,0.1751778172374608,0.00081957,1,0.0
5485,0.36246020648822824,0.048768195593778055,-1.54e-06,2.052692886564005,3.0411456034324025,6.207891680164759,1.0052136313683062,4.894483198017808,0.12067054082980143,-1e-20,-1.1573229341274334,-44.41997563254999,0.6295741068180681,9.636853036208583,0.2719344611720337,-0.13066540078873165,0.00015748,0.13047038943486253,0.00081957,1,0.0
5486,0.0018886884297438788,0.10911527286342906,-1.54e-06,2.052692886564005,3.0411456034324025,12.075480446002004,1.0052136313683062,7.204160411591365,0.12067054082980143,-46.167936761299146,-1.1573229341274334,20.588545734051024,0.6295741068180681,15.42935634747509,0.2719344611720337,-0.02538209399623602,0.00015748,0.21952782087873335,0.00081957,1,0.0
5487,1.0120397919663056,0.40244134310571794,-1.54e-06,2.052692886564005,3.0411456034324025,-35.36596432799013,1.0052136313683062,12.904883266646614,0.12067054082980143,-24.990464969800705,-1.1573229341274334,-63.37924183956067,0.6295741068180681,53.43083386280311,0.2719344611720337,-0.32234338889732234,0.00015748,0.30280465516701355,0.00081957,1,0.0
5488,1.3261024422038958,1.250587611170735,-1.54e-06,2.052692886564005,3.0411456034324025,84.60513840846406,1.0052136313683062,11.48415351928618,0.12067054082980143,-49.58045558349066,-1.1573229341274334,-45.412545634466625,0.6295741068180681,30.415539667549254,0.2719344611720337,0.2955389913777614,0.00015748,1.4331573478874895,0.00081957,0,0.0
5489,0.0026973726834971234,0.15311567670702103,-1.54e-06,2.052692886564005,3.0411456034324025,58.35898762456457,1.0052136313683062,8.276889108250824,0.12067054082980143,-0.06644533357963028,-1.1573229341274334,-44.4744563696525,0.6295741068180681,-25.184179410240986,0.2719344611720337,-0.06474893660717002,0.00015748,0.2872776069694281,0.00081957,1,0.0
5490,0.7215824998043634,0.29676587668075183,-1.54e-06,2.052692886564005,3.0411456034324025,18.52658071784275,1.0052136313683062,13.200968947716891,0.12067054082980143,-89.47400573346987,-1.1573229341274334,33.22344149189661,0.6295741068180681,51.53014569915066,0.2719344611720337,0.37787199342656425,0.00015748,0.6599707596195696,0.00081957,0,0.0
5491,1.0493529400464703,0.23403072356234444,-1.54e-06,2.052692886564005,3.0411456034324025,-89.04977068915866,1.0052136313683062,-0.3341069769793362,0.12067054082980143,-26.769382260224884,-1.1573229341274334,-0.7754951807418079,0.6295741068180681,82.65503776667377,0.2719344611720337,-0.09633779903668944,0.00015748,0.09763854380588359,0.00081957,1,0.0
5492,0.005067953800485969,0.013627493090316519,-1.54e-06,2.052692886564005,3.0411456034324025,10.485734735724952,1.0052136313683062,2.444117913629292,0.12067054082980143,-5.351228070112917,-1.1573229341274334,-9.797373210178375,0.6295741068180681,-1.1583522881545165,0.2719344611720337,-0.07535758421311944,0.00015748,0.07775572198558128,0.00081957,1,0.0
5493,1.424621090238817,0.356952326989047,-1.54e-06,2.052692886564005,3.0411456034324025,-60.04211508331287,1.0052136313683062,4.834494485612158,0.12067054082980143,-4.023316281242428,-1.1573229341274334,-79.54393534216604,0.6295741068180681,73.5920458727529,0.2719344611720337,-0.08156297470073529,0.00015748,0.07970882683854433,0.00081957,1,0.0
5494,0.9914389264332355,0.4797935125632684,-1.54e-06,2.052692886564005,3.0411456034324025,10.961289257489401,1.0052136313683062,18.0930038219532,0.12067054082980143,-62.344670163244,-1.1573229341274334,-60.055821384058575,0.6295741068180681,55.45462638159923,0.2719344611720337,-0.16999121998464484,0.00015748,0.5230197344865891,0.00081957,1,0.0
5495,1.0759762374526822,0.19707605770059813,-1.54e-06,2.052692886564005,3.0411456034324025,-48.98841986432972,1.0052136313683062,7.267712625017208,0.12067054082980143,-31.20490623287346,-1.1573229341274334,-45.986750055629095,0.6295741068180681,70.27415284767459,0.2719344611720337,-0.14773358241676976,0.00015748,0.14864248182900636,0.00081957,1,0.0
5496,0.20694696771294668,0.12089999409090076,-1.54e-06,2.052692886564005,3.0411456034324025,26.43489933759226,1.0052136313683062,8.508360197569681,0.12067054082980143,-12.29640773184112,-1.1573229341274334,-46.003506808403216,0.6295741068180681,2.383263519648439,0.2719344611720337,-0.239953639666712,0.00015748,0.2426950382669478,0.00081957,1,0.0
5497,0.03896731091516992,0.029802949451123148,-1.54e-06,2.052692886564005,3.0411456034324025,-17.257585838060017,1.0052136313683062,5.201908039181336,0.12067054082980143,-50.19225736804878,-1.1573229341274334,32.4509387482871,0.6295741068180681,31.50466051154516,0.2719344611720337,-0.113528320063256,0.00015748,0.11394960004605634,0.00081957,1,0.0
5498,0.4600016775071029,0.7635637187840472,-1.54e-06,2.052692886564005,3.0411456034324025,-80.57781567710339,1.0052136313683062,0.7016099994977696,0.12067054082980143,-4.547526080021804,-1.1573229341274334,19.32641056363808,0.6295741068180681,40.21176658810374,0.2719344611720337,-0.523543006538607,0.00015748,0.3516081574245642,0.00081957,1,0.0
5499,0.09692100008913962,0.11896950312446153,-1.54e-06,2.052692886564005,3.0411456034324025,8.202240496514092,1.0052136313683062,9.080356321295586,0.12067054082980143,-44.054756593900684,-1.1573229341274334,-3.5082047241206236,0.6295741068180681,20.785115918066033,0.2719344611720337,-0.2363974275311289,0.00015748,0.23812923119603824,0.00081957,1,0.0
5500,0.9150408093709298,0.3532567800665012,-1.54e-06,2.2120628725092004,3.0700215736324385,95.07445635023173,1.0052136313683062,23.686987488114553,0.12067054082980143,-67.71464940720439,-1.1573229341274334,-62.312340226208114,0.6295741068180681,16.222549177562584,0.2719344611720337,0.34053111254518903,0.00015748,0.7096990090467621,0.00081957,0,0.0
5501,0.04733253249461776,0.25832060807078017,-1.54e-06,2.2120628725092004,3.0700215736324385,17.632801187666047,1.0052136313683062,-1.3563313122069458,0.12067054082980143,-13.038568301448784,-1.1573229341274334,29.157456390521702,0.6295741068180681,-0.05114356397641695,0.2719344611720337,0.023829090994426844,0.00015748,0.4280392044451242,0.00081957,0,0.0
5502,0.002038038738441328,0.19459811606472452,-1.54e-06,2.2120628725092004,3.0700215736324385,91.39125315671136,1.0052136313683062,17.325421633617573,0.12067054082980143,-54.44424418793769,-1.1573229341274334,28.999004110587588,0.6295741068180681,-29.355168776990727,0.2719344611720337,0.31890742667461214,0.00015748,0.7733232850669591,0.00081957,0,0.0
5503,0.4745325490823527,0.029650163223822152,-1.54e-06,2.2120628725092004,3.0700215736324385,-49.85116199801019,1.0052136313683062,3.4854120255597216,0.12067054082980143,-45.63526490310763,-1.1573229341274334,17.524073098922862,0.6295741068180681,58.13213440072425,0.2719344611720337,-0.05162034136202458,0.00015748,0.05153566961417559,0.00081957,1,0.0
5504,0.9872172290236816,0.9815705219979572,-1.54e-06,2.2120628725092004,3.0700215736324385,60.29757657422399,1.0052136313683062,4.431061665850099,0.12067054082980143,-16.85022807969118,-1.1573229341274334,-48.784791046134266,0.6295741068180681,20.580905091306445,0.2719344611720337,0.08686815679660165,0.00015748,0.9284484353339855,0.00081957,0,0.0
5505,0.20578447061005178,0.14496427600738312,-1.54e-06,2.2120628725092004,3.0700215736324385,5.431648906889258,1.0052136313683062,10.716879086705719,0.12067054082980143,-64.92735724245152,-1.1573229341274334,3.6338516928532307,0.6295741068180681,36.95545974381721,0.2719344611720337,-0.22668868833168795,0.00015748,0.2698877431283787,0.00081957,1,0.0
5506,0.4560909243683583,0.04866113813331049,-1.54e-06,2.2120628725092004,3.0700215736324385,-43.40115463946656,1.0052136313683062,-1.1913584219580045,0.12067054082980143,-7.984047692785073,-1.1573229341274334,-1.3236817908610856,0.6295741068180681,37.23693361523182,0.2719344611720337,-0.048915727758727975,0.00015748,0.04940556214112464,0.00081957,1,0.0
5507,0.5919893384500832,0.5562414276432954,-1.54e-06,2.2120628725092004,3.0700215736324385,65.7137638417954,1.0052136313683062,4.812716911681886,0.12067054082980143,-25.703467331832808,-1.1573229341274334,10.162168670682327,0.6295741068180681,-0.7049287059711291,0.2719344611720337,0.2756893901460965,0.00015748,1.0002671503668878,0.00081957,0,0.0
5508,0.6994455405401643,0.3182054506395211,-1.54e-06,2.2120628725092004,3.0700215736324385,25.10653981269078,1.0052136313683062,14.992794889139644,0.12067054082980143,-38.93222526125383,-1.1573229341274334,-80.75919708831356,0.6295741068180681,34.77004106075586,0.2719344611720337,-0.37625812921642127,0.00015748,0.3842768463945145,0.00081957,1,0.0
5509,-3.280769457525423e-05,0.1717007344102485,-1.54e-06,2.2120628725092004,3.0700215736324385,63.182680661138306,1.0052136313683062,16.0562194390606,0.12067054082980143,-76.67305000681186,-1.1573229341274334,60.74959285799757,0.6295741068180681,-6.108330132245978,0.2719344611720337,0.3019588808694621,0.00015748,0.7295848152187389,0.00081957,0,0.0
5510,1.0821801101193178,0.6226257952989349,-1.54e-06,2.2120628725092004,3.0700215736324385,9.908936114278095,1.0052136313683062,21.951223012404174,0.12067054082980143,-82.80669802843641,-1.1573229341274334,-83.87794936067233,0.6295741068180681,75.04145503791412,0.2719344611720337,-0.4891517947495353,0.00015748,0.5435459321771378,0.00081957,1,0.0
5511,0.2979106609949077,0.22248750605295653,-1.54e-06,2.2120628725092004,3.0700215736324385,62.421566381462846,1.0052136313683062,13.524837754932,0.12067054082980143,-36.877620599912255,-1.1573229341274334,-39.32755603674653,0.6295741068180681,0.14546318197836094,0.2719344611720337,-7.030237468649836e-05,0.00015748,0.40106295258188873,0.00081957,1,0.0
5512,9.271554921697067e-05,0.08644489057377765,-1.54e-06,2.2120628725092004,3.0700215736324385,83.16167511960299,1.0052136313683062,16.029663890471358,0.12067054082980143,-87.34680528877678,-1.1573229341274334,67.83288032019057,0.6295741068180681,-6.620142589092941,0.2719344611720337,0.4885947320617451,0.00015748,0.7423641485607729,0.00081957,0,0.0
5513,-0.0008219282728159083,0.793658741442946,-1.54e-06,2.2120628725092004,3.0700215736324385,41.89367646605255,1.0052136313683062,15.520037491782325,0.12067054082980143,-50.56995086583135,-1.1573229341274334,58.14237486046902,0.6295741068180681,-18.388189421256918,0.2719344611720337,-0.015120802650936127,0.00015748,0.9805707094027307,0.00081957,1,0.0
5514,0.03492583832860428,0.18490777239952041,-1.54e-06,2.2120628725092004,3.0700215736324385,-32.097441188298184,1.0052136313683062,0.8219837131051483,0.12067054082980143,-75.20981894722746,-1.1573229341274334,87.77476086675385,0.6295741068180681,51.20345648475159,0.2719344611720337,0.0027219419956703572,0.00015748,0.2761534719038239,0.00081957,0,0.0
5515,0.1761893910649852,0.3006538928979068,-1.54e-06,2.2120628725092004,3.0700215736324385,70.34271790500519,1.0052136313683062,4.549948497001648,0.12067054082980143,-25.651362500071752,-1.1573229341274334,23.165768155557345,0.6295741068180681,-15.840080492422063,0.2719344611720337,0.24338909019753657,0.00015748,0.775019245162909,0.00081957,0,0.0
5516,-0.024955059435013027,0.640741069971654,-1.54e-06,2.2120628725092004,3.0700215736324385,-19.65966839946529,1.0052136313683062,3.903760802149517,0.12067054082980143,-34.005547665942586,-1.1573229341274334,80.4297848476557,0.6295741068180681,6.228094508091001,0.2719344611720337,-0.1478607200351869,0.00015748,0.7104985643573363,0.00081957,1,0.0
5517,0.3311799774647533,0.019032031274578937,-1.54e-06,2.2120628725092004,3.0700215736324385,-66.22267712637162,1.0052136313683062,5.000211952055215,0.12067054082980143,-84.030016404446,-1.1573229341274334,63.696532657902104,0.6295741068180681,77.87390773841696,0.2719344611720337,-0.0758971718137085,0.00015748,0.07597386098533396,0.00081957,1,0.0
5518,0.8824588196769614,2.5663546073907115,-1.54e-06,2.2120628725092004,3.0700215736324385,-25.955286353204418,1.0052136313683062,-13.662870390588113,0.12067054082980143,-31.0702949014396,-1.1573229341274334,75.71599167753887,0.6295741068180681,62.727826434250204,0.2719344611720337,-0.24253773017572788,0.00015748,1.434616349105532,0.00081957,1,0.0
5519,0.07526470722273748,0.152474842192586,-1.54e-06,2.2120628725092004,3.0700215736324385,88.7215041779215,1.0052136313683062,11.08009115733413,0.12067054082980143,-19.31479386654382,-1.1573229341274334,-25.27547199056196,0.6295741068180681,-29.618146036131453,0.2719344611720337,0.2678366507234176,0.00015748,0.38402374580043536,0.00081957,0,0.0
5520,0.6577925669210909,0.2432576326951525,-1.54e-06,2.2120628725092004,3.0700215736324385,93.66146943023075,1.0052136313683062,19.976076889945755,0.12067054082980143,-57.31184912652576,-1.1573229341274334,-42.96907316478127,0.6295741068180681,3.2356953059687084,0.2719344611720337,0.3814321482568749,0.00015748,0.6183586867986275,0.00081957,0,0.0
5521,0.5921632992730099,0.05968772774099715,-1.54e-06,2.2120628725092004,3.0700215736324385,-71.62978320546416,1.0052136313683062,0.914406974440414,0.12067054082980143,-39.49590538988291,-1.1573229341274334,23.794478130005718,0.6295741068180681,67.26098272058958,0.2719344611720337,-0.04326999791067007,0.00015748,0.042599749178732896,0.00081957,1,0.0
5522,0.11880900983402443,0.06219993746545539,-1.54e-06,2.2120628725092004,3.0700215736324385,-82.29899908704819,1.0052136313683062,-3.591600857972768,0.12067054082980143,-48.05487935903024,-1.1573229341274334,86.54911462335829,0.6295741068180681,58.103741188022454,0.2719344611720337,-0.16334101157750885,0.00015748,0.16291485508464987,0.00081957,1,0.0
5523,0.04902381002550209,0.4615951400367294,-1.54e-06,2.2120628725092004,3.0700215736324385,44.013521688057885,1.0052136313683062,1.0285370399322866,0.12067054082980143,-55.610351886574406,-1.1573229341274334,94.96087508417064,0.6295741068180681,3.3316779387919166,0.2719344611720337,0.18476623195534325,0.00015748,1.0401013291984844,0.00081957,0,0.0
5524,0.392915089987659,1.5136861475905214,-1.54e-06,2.2120628725092004,3.0700215736324385,-77.11667005300468,1.0052136313683062,12.046980113753964,0.12067054082980143,-31.939269989308727,-1.1573229341274334,1.5309709911961769,0.6295741068180681,43.31041737840677,0.2719344611720337,-0.7755631429274615,0.00015748,0.4602276197781582,0.00081957,1,0.0
5525,0.09898527950750202,0.004379406297675619,-1.54e-06,2.2120628725092004,3.0700215736324385,-46.67622202117571,1.0052136313683062,1.2459398736224583,0.12067054082980143,-48.8118798855372,-1.1573229341274334,54.30752594192103,0.6295741068180681,44.420928514397154,0.2719344611720337,-0.03754032491592027,0.00015748,0.03798917274839583,0.00081957,1,0.0
5526,0.07685329503009364,0.09700696535090562,-1.54e-06,2.2120628725092004,3.0700215736324385,88.25343985473278,1.0052136313683062,12.948659879834544,0.12067054082980143,-46.65024205933746,-1.1573229341274334,12.346102974343042,0.6295741068180681,-20.106743906890188,0.2719344611720337,0.4314029169825984,0.00015748,0.5047950569243593,0.00081957,0,0.0
5527,1.3934604749768114,0.5872321510101642,-1.54e-06,2.2120628725092004,3.0700215736324385,80.12344912093029,1.0052136313683062,27.95589388077826,0.12067054082980143,-95.13556811153916,-1.1573229341274334,-74.11736107942586,0.6295741068180681,52.234798711303824,0.2719344611720337,0.33260732839697166,0.00015748,0.837617411395035,0.00081957,0,0.0
5528,0.0021737359894480335,0.11909803570488273,-1.54e-06,2.2120628725092004,3.0700215736324385,73.63476447242222,1.0052136313683062,9.708790745707397,0.12067054082980143,-48.54939687047212,-1.1573229341274334,47.193437592446394,0.6295741068180681,-18.27080830457516,0.2719344611720337,0.3509536765527993,0.00015748,0.7154665003390835,0.00081957,0,0.0
5529,0.022076789597405555,0.08645685343668356,-1.54e-06,2.2120628725092004,3.0700215736324385,100.0,1.0052136313683062,12.345706696668508,0.12067054082980143,-35.304615542598825,-1.1573229341274334,5.765476975374446,0.6295741068180681,-32.638685785289375,0.2719344611720337,0.42768528060304806,0.00015748,0.5486385546227105,0.00081957,0,0.0
5530,1.1041709776416524,0.29243393022091985,-1.54e-06,2.2120628725092004,3.0700215736324385,-18.836434986737356,1.0052136313683062,11.621010065960792,0.12067054082980143,-35.588072964189806,-1.1573229341274334,-81.2031127465058,0.6295741068180681,65.18833541858749,0.2719344611720337,-0.2872907724113193,0.00015748,0.2885252893181026,0.00081957,1,0.0
5531,0.5860558292607466,0.16337335177923684,-1.54e-06,2.2120628725092004,3.0700215736324385,26.33072781674387,1.0052136313683062,9.638231882994182,0.12067054082980143,-5.410104457486895,-1.1573229341274334,-84.19765514755143,0.6295741068180681,14.065174575636304,0.2719344611720337,-0.2586861585230655,0.00015748,0.25877516281818674,0.00081957,1,0.0
5532,0.93096977705084,0.32163623841962274,-1.54e-06,2.2120628725092004,3.0700215736324385,93.39755603357128,1.0052136313683062,25.163879404291585,0.12067054082980143,-85.68789812779539,-1.1573229341274334,-47.326171987261986,0.6295741068180681,25.597010028946453,0.2719344611720337,0.37326762903589106,0.00015748,0.7566203109795252,0.00081957,0,0.0
5533,0.0010938489792204908,0.028655163525298174,-1.54e-06,2.2120628725092004,3.0700215736324385,83.0486176623208,1.0052136313683062,17.820288529184108,0.12067054082980143,-100.0,-1.1573229341274334,54.0945785515748,0.6295741068180681,4.6247378094063425,0.2719344611720337,0.453009841997265,0.00015748,0.5595305718988957,0.00081957,0,0.0
5534,0.5622604630434306,0.07161176168885551,-1.54e-06,2.2120628725092004,3.0700215736324385,-8.491479324693563,1.0052136313683062,5.548409766186553,0.12067054082980143,-12.453324374089405,-1.1573229341274334,-45.05645856956535,0.6295741068180681,29.678916524257268,0.2719344611720337,-0.13342712198500456,0.00015748,0.13308544980697695,0.00081957,1,0.0
5535,0.0005579931103973923,0.08882001269678207,-1.54e-06,2.2120628725092004,3.0700215736324385,80.01109568176761,1.0052136313683062,9.997266939841746,0.12067054082980143,-54.85998027529015,-1.1573229341274334,49.173731772991246,0.6295741068180681,-16.489818630989593,0.2719344611720337,0.3821377992777637,0.00015748,0.7279752945961158,0.00081957,0,0.0
5536,0.00824331865639305,1.6436259303497183,-1.54e-06,2.2120628725092004,3.0700215736324385,85.0074428639304,1.0052136313683062,32.668036026930096,0.12067054082980143,-83.9972368985917,-1.1573229341274334,4.951097758309483,0.6295741068180681,-23.826847658442187,0.2719344611720337,-0.3018873138917919,0.00015748,1.0883544608814808,0.00081957,1,0.0
5537,1.0596471549277091,0.4317091560503366,-1.54e-06,2.2120628725092004,3.0700215736324385,99.76155064621929,1.0052136313683062,25.961756269000965,0.12067054082980143,-67.45308918861457,-1.1573229341274334,-78.83739696486825,0.6295741068180681,18.051416382449307,0.2719344611720337,0.33563187734904437,0.00015748,0.7564784073175141,0.00081957,0,0.0
5538,0.0009261498854236105,0.14124095365706502,-1.54e-06,2.2120628725092004,3.0700215736324385,84.03061394205476,1.0052136313683062,7.974220962072829,0.12067054082980143,-41.51374781567943,-1.1573229341274334,52.389724226157234,0.6295741068180681,-26.442613179971378,0.2719344611720337,0.34750656956739695,0.00015748,0.8970940575870787,0.00081957,0,0.0
5539,-0.00035825743203310445,0.1375985496629838,-1.54e-06,2.2120628725092004,3.0700215736324385,71.368468470175,1.0052136313683062,12.531974122405337,0.12067054082980143,-59.84554381322707,-1.1573229341274334,60.69160977979355,0.6295741068180681,-16.907926375772604,0.2719344611720337,0.34328013565892707,0.00015748,0.8237934002967031,0.00081957,0,0.0
5540,1.2684548933378337,0.3306232611252239,-1.54e-06,2.2120628725092004,3.0700215736324385,-39.75606160675707,1.0052136313683062,12.890436413019184,0.12067054082980143,-48.313186937177505,-1.1573229341274334,-73.89336599341503,0.6295741068180681,83.64788475640599,0.2719344611720337,-0.2780013519918306,0.00015748,0.2806960219429876,0.00081957,1,0.0
5541,0.8622631757173898,0.12946543768322744,-1.54e-06,2.2120628725092004,3.0700215736324385,-63.649138533526916,1.0052136313683062,9.36817807542092,0.12067054082980143,-76.11644380256848,-1.1573229341274334,2.7647249090562913,0.6295741068180681,91.85868150802541,0.2719344611720337,-0.1784925604898097,0.00015748,0.1798965638063841,0.00081957,1,0.0
5542,0.00822835547319778,0.16616257639297083,-1.54e-06,2.2120628725092004,3.0700215736324385,94.70081212116273,1.0052136313683062,8.385831851003756,0.12067054082980143,-0.1332904621858085,-1.1573229341274334,-15.832156647463243,0.6295741068180681,-47.393246990172095,0.2719344611720337,0.30791332586865533,0.00015748,0.5256390444954644,0.00081957,0,0.0
5543,0.3422647800677552,0.10578694446814313,-1.54e-06,2.2120628725092004,3.0700215736324385,-37.32048392594142,1.0052136313683062,10.584532187497091,0.12067054082980143,-95.44534913764058,-1.1573229341274334,39.118019138265495,0.6295741068180681,73.05540865917942,0.2719344611720337,-0.22637728887466957,0.00015748,0.22785579211505125,0.00081957,1,0.0
5544,0.13528648898914303,0.4983200185252845,-1.54e-06,2.2120628725092004,3.0700215736324385,3.8800143278497927,1.0052136313683062,-4.081467490965414,0.12067054082980143,-27.77705480078219,-1.1573229341274334,50.44234656331648,0.6295741068180681,19.129043026686805,0.2719344611720337,-0.06589023273132394,0.00015748,0.5957163473775213,0.00081957,1,0.0
5545,0.42732246077965674,0.19816007360695323,-1.54e-06,2.2120628725092004,3.0700215736324385,-4.579335390943382,1.0052136313683062,12.805042724852507,0.12067054082980143,-75.07178376121205,-1.1573229341274334,-8.473784521280646,0.6295741068180681,54.276085648813954,0.2719344611720337,-0.3042539630210619,0.00015748,0.3148141878664168,0.00081957,1,0.0
5546,0.0006259177628354928,0.44072927689857694,-1.54e-06,2.2120628725092004,3.0700215736324385,-9.42829161061503,1.0052136313683062,11.459720708367321,0.12067054082980143,-68.62087254007436,-1.1573229341274334,71.05169605721238,0.6295741068180681,20.718476542644478,0.2719344611720337,-0.10817939152364447,0.00015748,0.56610244520623,0.00081957,1,0.0
5547,0.0003562702484022351,0.14091991288907005,-1.54e-06,2.2120628725092004,3.0700215736324385,100.0,1.0052136313683062,10.283337109725714,0.12067054082980143,-8.927127214955707,-1.1573229341274334,-28.437247285476882,0.6295741068180681,-42.23317870574459,0.2719344611720337,0.3108112208594067,0.00015748,0.3858699543303633,0.00081957,0,0.0
5548,1.0689417465796471,0.4036605138921927,-1.54e-06,2.2120628725092004,3.0700215736324385,65.17198774006197,1.0052136313683062,24.86983539100477,0.12067054082980143,-97.09892127158852,-1.1573229341274334,-38.275265668247904,0.6295741068180681,47.55268613932428,0.2719344611720337,0.32471069786411755,0.00015748,0.715853839077549,0.00081957,0,0.0
5549,0.7118654589201948,0.07070865953724904,-1.54e-06,2.2120628725092004,3.0700215736324385,-62.18148706332252,1.0052136313683062,5.29170379348968,0.12067054082980143,-53.131831624028386,-1.1573229341274334,7.46865747556021,0.6295741068180681,74.44493687881555,0.2719344611720337,-0.08393949191956576,0.00015748,0.08398481822915896,0.00081957,1,0.0
5550,-3.588775998975002e-05,0.1096424996860121,-1.54e-06,2.2120628725092004,3.0700215736324385,19.221342482855153,1.0052136313683062,5.376115711268134,0.12067054082980143,-36.44775799668948,-1.1573229341274334,24.98587536505945,0.6295741068180681,6.558527323878959,0.2719344611720337,0.146618869563969,0.00015748,0.1636747293651811,0.00081957,0,0.0
5551,1.1384209082199468,0.5316403527273538,-1.54e-06,2.2120628725092004,3.0700215736324385,41.39093917120727,1.0052136313683062,23.657395275178175,0.12067054082980143,-94.29739674312313,-1.1573229341274334,-52.689231636103365,0.6295741068180681,62.268711212561456,0.2719344611720337,0.06805168752743967,0.00015748,0.6566151297894651,0.00081957,0,0.0
5552,0.5368357477865884,0.2321371473431468,-1.54e-06,2.2120628725092004,3.0700215736324385,61.10369634155755,1.0052136313683062,17.48601833196763,0.12067054082980143,-69.28230201124786,-1.1573229341274334,-14.387037435258332,0.6295741068180681,19.692212490922408,0.2719344611720337,0.2677256637685779,0.00015748,0.5149201373250665,0.00081957,0,0.0
5553,0.21409731888082262,0.14532641640653915,-1.54e-06,2.2120628725092004,3.0700215736324385,18.09075240295973,1.0052136313683062,10.463701350787924,0.12067054082980143,-52.79484905785513,-1.1573229341274334,-5.467506522631927,0.6295741068180681,24.995160161722964,0.2719344611720337,-0.13474955670648883,0.00015748,0.27568304597382276,0.00081957,1,0.0
5554,0.661512263400381,0.07572666471142532,-1.54e-06,2.2120628725092004,3.0700215736324385,-45.47024429824264,1.0052136313683062,1.400637506646058,0.12067054082980143,-10.648309053072953,-1.1573229341274334,-20.366938202971966,0.6295741068180681,45.736257469995444,0.2719344611720337,-0.018821072434244766,0.00015748,0.01939293621793433,0.00081957,1,0.0
5555,0.5197576954023851,0.0851583569557412,-1.54e-06,2.2120628725092004,3.0700215736324385,-16.58014688321531,1.0052136313683062,8.204145526207702,0.12067054082980143,-42.036988173020696,-1.1573229341274334,-21.148229591522753,0.6295741068180681,45.253651073876675,0.2719344611720337,-0.1832735677686121,0.00015748,0.18414672578439834,0.00081957,1,0.0
5556,0.6202679097422141,0.321152362023268,-1.54e-06,2.2120628725092004,3.0700215736324385,64.47474482081941,1.0052136313683062,13.237703191672457,0.12067054082980143,-17.246619964963454,-1.1573229341274334,-85.14227986433991,0.6295741068180681,3.818130041803631,0.2719344611720337,-0.07880003883204428,0.00015748,0.4369172222478102,0.00081957,1,0.0
5557,0.2461720909563344,0.11961890519395918,-1.54e-06,2.2120628725092004,3.0700215736324385,-15.273116281238792,1.0052136313683062,10.717297070448604,0.12067054082980143,-78.79771034298616,-1.1573229341274334,20.808841064064655,0.6295741068180681,52.916755439765026,0.2719344611720337,-0.24123249329737587,0.00015748,0.24326687140425732,0.00081957,1,0.0
5558,1.4930355136559397,0.3684881673907693,-1.54e-06,2.2120628725092004,3.0700215736324385,-76.46807418417663,1.0052136313683062,5.929925028413691,0.12067054082980143,-18.88395340457123,-1.1573229341274334,-73.4162462809894,0.6295741068180681,91.20851850156508,0.2719344611720337,-0.09250527316118892,0.00015748,0.09229652423752574,0.00081957,1,0.0
5559,0.8392511284587842,0.36801652344137237,-1.54e-06,2.2120628725092004,3.0700215736324385,70.28634859353616,1.0052136313683062,20.411619957024623,0.12067054082980143,-64.97787431017942,-1.1573229341274334,-53.489046241064706,0.6295741068180681,25.26055648457184,0.2719344611720337,0.20224389018356825,0.00015748,0.6070207946781693,0.00081957,0,0.0
5560,0.6716114711794204,0.11177337356803646,-1.54e-06,2.2120628725092004,3.0700215736324385,-74.72212007969422,1.0052136313683062,-0.3746435933622451,0.12067054082980143,-47.12486383556285,-1.1573229341274334,24.97644151177294,0.6295741068180681,78.9684103528704,0.2719344611720337,-0.08967653350576035,0.00015748,0.09040126376549534,0.00081957,1,0.0
5561,0.0031435802590727147,0.1386868641032929,-1.54e-06,2.2120628725092004,3.0700215736324385,9.754891700760304,1.0052136313683062,0.8867173305281795,0.12067054082980143,-10.646205581768328,-1.1573229341274334,22.588307348766875,0.6295741068180681,-2.5396352930900923,0.2719344611720337,0.044846002557313705,0.00015748,0.25709205986783956,0.00081957,0,0.0
5562,0.001982789455368089,0.1349988491245996,-1.54e-06,2.2120628725092004,3.0700215736324385,-2.6660838186079836,1.0052136313683062,-0.8494272598861977,0.12067054082980143,-23.657901170409126,-1.1573229341274334,35.9211766871387,0.6295741068180681,12.81659836128722,0.2719344611720337,-0.0037312863976496774,0.00015748,0.23250989530026633,0.00081957,1,0.0
5563,0.44918435856558686,0.0667545242547828,-1.54e-06,2.2120628725092004,3.0700215736324385,3.824842844505761,1.0052136313683062,6.361181964032042,0.12067054082980143,-11.554971130142874,-1.1573229341274334,-45.93863111252296,0.6295741068180681,20.13063386093342,0.2719344611720337,-0.15431013014459166,0.00015748,0.15468595004347202,0.00081957,1,0.0
5564,0.5893312918674393,0.3306378314580942,-1.54e-06,2.2120628725092004,3.0700215736324385,60.03183118586722,1.0052136313683062,16.168425791421505,0.12067054082980143,-36.69349759421346,-1.1573229341274334,-71.6159477235313,0.6295741068180681,12.027587526593972,0.2719344611720337,-0.10589094055275028,0.00015748,0.4614700532437531,0.00081957,1,0.0
5565,-0.00023064517387938466,0.24309468502218928,-1.54e-06,2.2120628725092004,3.0700215736324385,54.05090372859023,1.0052136313683062,6.621752811005588,0.12067054082980143,-20.900130190951597,-1.1573229341274334,30.19341987342685,0.6295741068180681,-23.787852774841244,0.2719344611720337,0.19476300936737484,0.00015748,0.6241259132043533,0.00081957,0,0.0
5566,0.001481105480914402,0.10330799687377892,-1.54e-06,2.2120628725092004,3.0700215736324385,3.4859044393369425,1.0052136313683062,7.867997842673774,0.12067054082980143,-65.77470790848943,-1.1573229341274334,43.018841435438965,0.6295741068180681,27.863010035669326,0.2719344611720337,0.01577794219504254,0.00015748,0.2021205166922479,0.00081957,0,0.0
5567,0.008936987943997776,0.12539005999737246,-1.54e-06,2.2120628725092004,3.0700215736324385,100.0,1.0052136313683062,11.518507827580276,0.12067054082980143,-21.045588127730984,-1.1573229341274334,-16.29679187402364,0.6295741068180681,-37.411784694722876,0.2719344611720337,0.36893063652792746,0.00015748,0.41707858312800994,0.00081957,0,0.0
5568,0.10357054486667672,0.0649827667545928,-1.54e-06,2.2120628725092004,3.0700215736324385,-26.152639349330883,1.0052136313683062,7.845042044689246,0.12067054082980143,-80.02148924755076,-1.1573229341274334,47.345914986161986,0.6295741068180681,52.683779359353366,0.2719344611720337,-0.16326511491725992,0.00015748,0.16964930894178398,0.00081957,1,0.0
5569,0.6218478324573873,0.048766621882404514,-1.54e-06,2.2120628725092004,3.0700215736324385,-82.23018844842122,1.0052136313683062,5.808537147000682,0.12067054082980143,-85.37659316694385,-1.1573229341274334,49.464064775808886,0.6295741068180681,94.71617819305588,0.2719344611720337,-0.08465604488508126,0.00015748,0.085245368496344,0.00081957,1,0.0
5570,0.29423567540684514,0.08939230986038216,-1.54e-06,2.2120628725092004,3.0700215736324385,95.66083475969378,1.0052136313683062,20.611710664386703,0.12067054082980143,-87.02543984807699,-1.1573229341274334,8.890634587267275,0.6295741068180681,3.228777364880099,0.2719344611720337,0.41361791218629324,0.00015748,0.6316436044658802,0.00081957,0,0.0
5571,0.0017781006056535875,0.04039691779430142,-1.54e-06,2.2120628725092004,3.0700215736324385,-9.367106994168324,1.0052136313683062,2.3040359781076347,0.12067054082980143,-31.514552730085747,-1.1573229341274334,29.697904349063705,0.6295741068180681,17.85150944416768,0.2719344611720337,0.031633341827652504,0.00015748,0.05536152286931118,0.00081957,0,0.0
5572,0.4767329724578784,0.08350623584366061,-1.54e-06,2.2120628725092004,3.0700215736324385,-3.0101659928449935,1.0052136313683062,7.668570956955161,0.12067054082980143,-27.758282533995743,-1.1573229341274334,-35.449531473346305,0.6295741068180681,31.8291207856144,0.2719344611720337,-0.18329739047567875,0.00015748,0.1840911721725458,0.00081957,1,0.0
5573,1.3160970853243192e-05,0.1448361387115668,-1.54e-06,2.2120628725092004,3.0700215736324385,73.96061306372052,1.0052136313683062,7.271072214095924,0.12067054082980143,-4.951032535036201,-1.1573229341274334,-21.440293985969713,0.6295741068180681,-31.902985847523983,0.2719344611720337,0.22822890311798558,0.00015748,0.2880265905970805,0.00081957,0,0.0
5574,0.07588046168266671,0.1814352465793822,-1.54e-06,2.2120628725092004,3.0700215736324385,63.76207523268153,1.0052136313683062,11.708933109869989,0.12067054082980143,-24.919770545440436,-1.1573229341274334,-34.78361819147238,0.6295741068180681,-13.81930631114395,0.2719344611720337,-0.051073225759849655,0.00015748,0.33026522188564145,0.00081957,1,0.0
5575,1.1802724933086683,0.23784119554127908,-1.54e-06,2.2120628725092004,3.0700215736324385,-75.58693071642817,1.0052136313683062,10.312003203830335,0.12067054082980143,-60.960626893159656,-1.1573229341274334,-27.087193080846532,0.6295741068180681,97.86710765730454,0.2719344611720337,-0.1888904001366538,0.00015748,0.1868518708802296,0.00081957,1,0.0
5576,0.20246631977909424,0.25383258776173234,-1.54e-06,2.2120628725092004,3.0700215736324385,-99.99702843830887,1.0052136313683062,-11.05521022346358,0.12067054082980143,-13.261711778525223,-1.1573229341274334,82.69164066744288,0.6295741068180681,52.49680365107426,0.2719344611720337,-0.3202559278830039,0.00015748,0.32019637495159076,0.00081957,1,0.0
5577,0.3405951960680449,0.1998078404248426,-1.54e-06,2.2120628725092004,3.0700215736324385,70.34746682784699,1.0052136313683062,10.583600301948447,0.12067054082980143,-51.74957099405131,-1.1573229341274334,14.708124957659242,0.6295741068180681,1.3585641126084358,0.2719344611720337,0.35980472201085645,0.00015748,0.6530098381464624,0.00081957,0,0.0
5578,0.0007637721439597289,0.12372194052673531,-1.54e-06,2.2120628725092004,3.0700215736324385,52.770195695055705,1.0052136313683062,7.395506330267387,0.12067054082980143,-16.578854182005387,-1.1573229341274334,-17.30591214389466,0.6295741068180681,-15.259635009862036,0.2719344611720337,0.049846269831881895,0.00015748,0.24175183028958208,0.00081957,0,0.0
5579,0.002245966306788194,0.14453850538220328,-1.54e-06,2.2120628725092004,3.0700215736324385,98.58494345081004,1.0052136313683062,12.083138180336329,0.12067054082980143,-22.94065581946244,-1.1573229341274334,6.223387848826184,0.6295741068180681,-42.71141410599004,0.2719344611720337,0.35556438215048713,0.00015748,0.6694068312250422,0.00081957,0,0.0
5580,0.4882827855152203,0.19945802672851473,-1.54e-06,2.2120628725092004,3.0700215736324385,37.27251074192202,1.0052136313683062,13.298495819741904,0.12067054082980143,-99.81832632609186,-1.1573229341274334,54.8699961995304,0.6295741068180681,42.27856196590674,0.2719344611720337,0.399630372724452,0.00015748,0.6546342003807321,0.00081957,0,0.0
5581,1.1174345626651139,0.2546435965912451,-1.54e-06,2.2120628725092004,3.0700215736324385,-41.82411545247712,1.0052136313683062,5.694508057672703,0.12067054082980143,-26.23960868936895,-1.1573229341274334,-62.07121856341706,0.6295741068180681,72.23818652015571,0.2719344611720337,-0.19420979536328226,0.00015748,0.1933657405607569,0.00081957,1,0.0
5582,1.0527033454262567,0.21468527792433512,-1.54e-06,2.2120628725092004,3.0700215736324385,-38.706309016780864,1.0052136313683062,9.912040921310604,0.12067054082980143,-42.46984068155558,-1.1573229341274334,-54.58789680249501,0.6295741068180681,73.2404843853534,0.2719344611720337,-0.2161430239473789,0.00015748,0.21648046522475434,0.00081957,1,0.0
5583,0.30481846280632763,0.18160746647475545,-1.54e-06,2.2120628725092004,3.0700215736324385,29.99025781663754,1.0052136313683062,11.42502055855215,0.12067054082980143,-35.791388618205985,-1.1573229341274334,-44.016877341017995,0.6295741068180681,17.077481967442868,0.2719344611720337,-0.2767558691936662,0.00015748,0.3025848616782189,0.00081957,1,0.0
5584,0.5009070815177502,0.9057569913630733,-1.54e-06,2.2120628725092004,3.0700215736324385,88.77099549059858,1.0052136313683062,1.0902486704925864,0.12067054082980143,-33.943389278877625,-1.1573229341274334,58.743688006609474,0.6295741068180681,-11.238329845853613,0.2719344611720337,0.27360654329081957,0.00015748,1.5799793137396914,0.00081957,0,0.0
5585,0.0022537768301169603,0.033851851896921394,-1.54e-06,2.2120628725092004,3.0700215736324385,-24.494028401320275,1.0052136313683062,5.180593608898224,0.12067054082980143,-65.6772084263652,-1.1573229341274334,50.72980147070542,0.6295741068180681,41.45017634952932,0.2719344611720337,-0.09984352095521574,0.00015748,0.10776651301310601,0.00081957,1,0.0
5586,0.0004918684070128673,0.1851957668238012,-1.54e-06,2.2120628725092004,3.0700215736324385,-18.48619416854457,1.0052136313683062,0.3662903912104344,0.12067054082980143,-40.58723739085003,-1.1573229341274334,68.4041602448727,0.6295741068180681,21.95694982111927,0.2719344611720337,0.01713339039868611,0.00015748,0.3478206623233261,0.00081957,0,0.0
5587,0.7958178949770998,0.6642260376147604,-1.54e-06,2.2120628725092004,3.0700215736324385,-12.952689216761028,1.0052136313683062,15.445328010118896,0.12067054082980143,-7.727500655105448,-1.1573229341274334,-77.94810818705196,0.6295741068180681,23.626783512647805,0.2719344611720337,-0.4379232087612166,0.00015748,0.4393727029003429,0.00081957,1,0.0
5588,0.7779797655909224,0.46667617836838315,-1.54e-06,2.2120628725092004,3.0700215736324385,99.73454622505554,1.0052136313683062,25.945733299778208,0.12067054082980143,-61.673620023892305,-1.1573229341274334,-81.30523184707504,0.6295741068180681,6.950206426984862,0.2719344611720337,0.08507276017826809,0.00015748,0.7112419188932961,0.00081957,0,0.0
5589,1.07504718564157,0.2258582224023899,-1.54e-06,2.2120628725092004,3.0700215736324385,-60.05534096681439,1.0052136313683062,8.240793717112227,0.12067054082980143,-30.511199233363495,-1.1573229341274334,-44.21937933959108,0.6295741068180681,72.1018666751245,0.2719344611720337,-0.16602213778130145,0.00015748,0.16643152412755977,0.00081957,1,0.0
5590,0.1808371564303879,0.1470126261608074,-1.54e-06,2.2120628725092004,3.0700215736324385,55.94257221762989,1.0052136313683062,9.218113467787049,0.12067054082980143,-1e-20,-1.1573229341274334,-71.4491259534031,0.6295741068180681,-14.579003343056602,0.2719344611720337,-0.2500908523203445,0.00015748,0.26855796919713265,0.00081957,1,0.0
5591,0.5796928929630809,0.19570481408957927,-1.54e-06,2.2120628725092004,3.0700215736324385,15.764435232070735,1.0052136313683062,11.76348126727162,0.12067054082980143,-32.382276945109034,-1.1573229341274334,-61.98281270063113,0.6295741068180681,30.725857222843644,0.2719344611720337,-0.29136900368306895,0.00015748,0.29821473265855003,0.00081957,1,0.0
5592,0.1326228184120628,0.10837657656198185,-1.54e-06,2.2120628725092004,3.0700215736324385,100.0,1.0052136313683062,16.71443351226744,0.12067054082980143,-50.68632080572179,-1.1573229341274334,-4.629083732687019,0.6295741068180681,-22.195958576466168,0.2719344611720337,0.4164820776508696,0.00015748,0.5198245770007797,0.00081957,0,0.0
5593,0.0016382574435463981,0.20905873816397882,-1.54e-06,2.2120628725092004,3.0700215736324385,79.61500197256187,1.0052136313683062,7.5210722364052875,0.12067054082980143,-41.66717943571038,-1.1573229341274334,69.99763910915014,0.6295741068180681,-28.61807853772084,0.2719344611720337,0.32108146103505275,0.00015748,1.0814429042216709,0.00081957,0,0.0
5594,0.2831521031108799,0.16231310571871288,-1.54e-06,2.2120628725092004,3.0700215736324385,-81.49521814875116,1.0052136313683062,-7.7312125582977655,0.12067054082980143,-7.366862066461396,-1.1573229341274334,52.97732197069399,0.6295741068180681,44.34935565286968,0.2719344611720337,-0.2456127544173409,0.00015748,0.2460454121360847,0.00081957,1,0.0
5595,0.2629906557339807,0.11284977824103007,-1.54e-06,2.2120628725092004,3.0700215736324385,99.03174937211601,1.0052136313683062,15.944443709045519,0.12067054082980143,-48.59169009653755,-1.1573229341274334,-10.852910118161702,0.6295741068180681,-17.233750744844574,0.2719344611720337,0.46861221058276664,0.00015748,0.5293262010153231,0.00081957,0,0.0
5596,-0.15986004456928882,1.838811744362185,-1.54e-06,2.2120628725092004,3.0700215736324385,70.09445476359518,1.0052136313683062,23.07238508775354,0.12067054082980143,-44.78592293534123,-1.1573229341274334,27.626130929808657,0.6295741068180681,-43.76916816581209,0.2719344611720337,-0.24707613812557938,0.00015748,1.0964770673387005,0.00081957,1,0.0
5597,1.0178165633237723,0.5437294847212281,-1.54e-06,2.2120628725092004,3.0700215736324385,97.99081726852638,1.0052136313683062,17.548596790721184,0.12067054082980143,-36.72620280983204,-1.1573229341274334,-91.67503425555915,0.6295741068180681,10.968050359805574,0.2719344611720337,0.20920796383574508,0.00015748,0.7509121731836685,0.00081957,0,0.0
5598,0.0005512923470698539,0.15910686214135344,-1.54e-06,2.2120628725092004,3.0700215736324385,62.827425918748645,1.0052136313683062,8.161800022904739,0.12067054082980143,-52.34632631007747,-1.1573229341274334,64.02426854149465,0.6295741068180681,-12.689363625487005,0.2719344611720337,0.3137221302959771,0.00015748,0.7989122248762472,0.00081957,0,0.0
5599,-0.0009373607272987437,0.11288644733795802,-1.54e-06,2.2120628725092004,3.0700215736324385,-23.04236849504058,1.0052136313683062,-0.39357440957885675,0.12067054082980143,-32.53678687339995,-1.1573229341274334,54.59829173322676,0.6295741068180681,22.080670669809486,0.2719344611720337,-0.01110763410577005,0.00015748,0.21226407281537418,0.00081957,1,0.0
5600,0.000143771750128279,2.255791273935918e-08,-1.54e-06,3.1417007715451413,31.707887424500196,-26.380972279075323,1.0052136313683062,-3.595128143423195,0.12067054082980143,-1e-20,-1.1573229341274334,58.40831587884636,0.6295741068180681,7.06133844617961,0.2719344611720337,-1.1568651023700889e-05,0.00015748,1.156731157923848e-05,0.00081957,1,0.0
5601,0.00115986746812098,1.4694490501738244e-07,-1.54e-06,3.1417007715451413,31.707887424500196,-36.3667418943224,1.0052136313683062,10.875453485443876,0.12067054082980143,-12.03181050694639,-1.1573229341274334,7.702733318633193,0.6295741068180681,8.238306235243671,0.2719344611720337,-3.474259050631092e-05,0.00015748,3.48001730788105e-05,0.00081957,1,0.0
5602,0.0068110146213893556,5.765861982770282e-06,-1.54e-06,3.1417007715451413,31.707887424500196,-80.5529088389492,1.0052136313683062,70.5448772144301,0.12067054082980143,-15.786195490344213,-1.1573229341274334,40.462786064462875,0.6295741068180681,11.220445932453407,0.2719344611720337,-0.00023301114476400984,0.00015748,0.00023300157872829032,0.00081957,1,0.0
5603,0.0008061587054709289,5.903802795540857e-08,-1.54e-06,3.1417007715451413,31.707887424500196,-56.58996046140616,1.0052136313683062,9.019144304912542,0.12067054082980143,-30.381733473432295,-1.1573229341274334,-6.894500058989466,0.6295741068180681,14.471924197728548,0.2719344611720337,-2.6151132520308625e-05,0.00015748,2.6151982733924383e-05,0.00081957,1,0.0
5604,0.0021625107660185406,2.5848837571124566e-06,-1.54e-06,3.1417007715451413,31.707887424500196,72.62355734368285,1.0052136313683062,45.55082797353812,0.12067054082980143,-20.544235312415807,-1.1573229341274334,-37.33088050110377,0.6295741068180681,-23.785343625314354,0.2719344611720337,-0.00014689406052981592,0.00015748,0.00014689263054600753,0.00081957,1,0.0
5605,0.0004914898568317691,2.930875930731592e-06,-1.54e-06,3.1417007715451413,31.707887424500196,96.23885816138016,1.0052136313683062,49.72752662671898,0.12067054082980143,-85.41679412186986,-1.1573229341274334,74.98040164484998,0.6295741068180681,-27.74466489266248,0.2719344611720337,-0.0001541084850032924,0.00015748,0.00015411841078388249,0.00081957,1,0.0
5606,0.0006505334785059176,6.313913235216191e-07,-1.54e-06,3.1417007715451413,31.707887424500196,42.97212207511788,1.0052136313683062,22.765027802344793,0.12067054082980143,-20.84971156514221,-1.1573229341274334,-75.27365471758029,0.6295741068180681,-12.980325353136443,0.2719344611720337,-7.177744335734173e-05,0.00015748,7.17794814699363e-05,0.00081957,1,0.0
5607,0.0023289444199625486,5.447310209831278e-05,-1.54e-06,3.1417007715451413,31.707887424500196,-93.95790876214812,1.0052136313683062,24.104290603340722,0.12067054082980143,-90.87611977707415,-1.1573229341274334,23.469619359816843,0.6295741068180681,37.31900440927657,0.2719344611720337,-1.1244297062461167e-05,0.00015748,0.00011970388544312772,0.00081957,1,0.0
5608,3.656054408271393e-06,5.532353092912925e-05,-1.54e-06,3.1417007715451413,31.707887424500196,9.404193329178602,1.0052136313683062,9.18656857306074,0.12067054082980143,-72.35789377661588,-1.1573229341274334,17.686538636896103,0.6295741068180681,12.610427185512078,0.2719344611720337,-4.510738927266403e-06,0.00015748,0.00011514821367839508,0.00081957,1,0.0
5609,0.001448676913983149,8.721084095007538e-08,-1.54e-06,3.1417007715451413,31.707887424500196,-76.21010059296474,1.0052136313683062,10.314859684067693,0.12067054082980143,-24.496448623749092,-1.1573229341274334,90.5807198742045,0.6295741068180681,18.78356499101028,0.2719344611720337,-3.232998967996486e-05,0.00015748,3.233236715595149e-05,0.00081957,1,0.0
5610,0.0021649149528849944,2.6485477985343644e-06,-1.54e-06,3.1417007715451413,31.707887424500196,-15.687272314265103,1.0052136313683062,49.82180108513569,0.12067054082980143,-85.15556637938853,-1.1573229341274334,1.9243320301745312,0.6295741068180681,0.8114280752296114,0.2719344611720337,-0.0001537151887867944,0.00015748,0.00015371495371522677,0.00081957,1,0.0
5611,0.006431481117793434,3.50963076003657e-05,-1.54e-06,3.1417007715451413,31.707887424500196,12.996650599111124,1.0052136313683062,90.67107343034047,0.12067054082980143,-60.2361714453604,-1.1573229341274334,-50.721497561066634,0.6295741068180681,-6.96736365860962,0.2719344611720337,-0.000252829687043665,0.00015748,0.00030497405631157656,0.00081957,1,0.0
5612,5.739313560085583e-05,7.395195029163359e-07,-1.54e-06,3.1417007715451413,31.707887424500196,92.84823326884688,1.0052136313683062,23.192089941302246,0.12067054082980143,-15.295333958707708,-1.1573229341274334,-95.90892178610615,0.6295741068180681,-25.895310697827295,0.2719344611720337,-7.374270049232526e-05,0.00015748,7.377452918576059e-05,0.00081957,1,0.0
5613,4.350654855114766e-06,1.5366110741679668e-06,-1.54e-06,3.1417007715451413,31.707887424500196,70.15322238358868,1.0052136313683062,35.94253255266844,0.12067054082980143,-70.39943987154408,-1.1573229341274334,-90.15405057719917,0.6295741068180681,-19.47474055374888,0.2719344611720337,-0.00011003486808511749,0.00015748,0.00011011340130932127,0.00081957,1,0.0
5614,0.0002875321769472414,5.456812947416177e-09,-1.54e-06,3.1417007715451413,31.707887424500196,-80.33307409601166,1.0052136313683062,1.0302378981318863,0.12067054082980143,-38.96256861209154,-1.1573229341274334,26.63099620614553,0.6295741068180681,21.915220552049448,0.2719344611720337,-3.4236469384086984e-06,0.00015748,3.4272431240096644e-06,0.00081957,1,0.0
5615,0.0008378309660179319,3.101639545630073e-07,-1.54e-06,3.1417007715451413,31.707887424500196,2.939348093219434,1.0052136313683062,16.59944096673381,0.12067054082980143,-18.202155569007452,-1.1573229341274334,-42.26424347470798,0.6295741068180681,-2.153665547524808,0.2719344611720337,-5.211562510286794e-05,0.00015748,5.2115275880961744e-05,0.00081957,1,0.0
5616,0.0046230033013444395,7.735144731359675e-06,-1.54e-06,3.1417007715451413,31.707887424500196,-56.62904488700842,1.0052136313683062,55.58773318752162,0.12067054082980143,-41.65410414012438,-1.1573229341274334,92.24631720069804,0.6295741068180681,9.287585188114345,0.2719344611720337,-0.00017284737450835088,0.00015748,0.00018151861029217875,0.00081957,1,0.0
5617,0.005935714748775618,7.0791625303331535e-06,-1.54e-06,3.1417007715451413,31.707887424500196,2.8932902685813966,1.0052136313683062,76.60181770493435,0.12067054082980143,-19.959338727228296,-1.1573229341274334,41.418819529795314,0.6295741068180681,-10.609266327828488,0.2719344611720337,-0.0002510107983475285,0.00015748,0.0002511177556495453,0.00081957,1,0.0
5618,0.0011486401451223215,6.644781500609541e-07,-1.54e-06,3.1417007715451413,31.707887424500196,9.558067600256448,1.0052136313683062,23.465353883490902,0.12067054082980143,-27.723177370041302,-1.1573229341274334,72.24247291423598,0.6295741068180681,-4.627609675182523,0.2719344611720337,-7.421044682827097e-05,0.00015748,7.427542420896775e-05,0.00081957,1,0.0
5619,0.002827299186747993,1.1739673345223972e-06,-1.54e-06,3.1417007715451413,31.707887424500196,-76.65198346771149,1.0052136313683062,33.831725976192864,0.12067054082980143,-43.85369555464885,-1.1573229341274334,-38.64890235887308,0.6295741068180681,16.781410912158613,0.2719344611720337,-0.00010622067643941805,0.00015748,0.0001062504812856533,0.00081957,1,0.0
5620,4.084959416964006e-05,5.296572721699018e-07,-1.54e-06,3.1417007715451413,31.707887424500196,36.63968395706174,1.0052136313683062,21.48291090368579,0.12067054082980143,-42.41502188595964,-1.1573229341274334,-97.77113978519,0.6295741068180681,-10.184351954969477,0.2719344611720337,-6.554220063033239e-05,0.00015748,6.554992023127433e-05,0.00081957,1,0.0
5621,0.002633642843911385,4.021837781870771e-06,-1.54e-06,3.1417007715451413,31.707887424500196,57.930430257729746,1.0052136313683062,58.2294966925711,0.12067054082980143,-50.41401425185744,-1.1573229341274334,-67.12158929309321,0.6295741068180681,-20.425867760702545,0.2719344611720337,-0.00018477502428287506,0.00015748,0.00018479248996267718,0.00081957,1,0.0
5622,0.002736578928117508,1.5390313200324457e-06,-1.54e-06,3.1417007715451413,31.707887424500196,-99.38787227373555,1.0052136313683062,39.72304445453449,0.12067054082980143,-79.16072555650469,-1.1573229341274334,-21.083848116330824,0.6295741068180681,23.262310796331136,0.2719344611720337,-0.00012125092120768475,0.00015748,0.00012132539142196825,0.00081957,1,0.0
5623,0.004106714779910174,6.153851449464282e-05,-1.54e-06,3.1417007715451413,31.707887424500196,-81.10830207855233,1.0052136313683062,47.290137141063006,0.12067054082980143,-92.61114019060797,-1.1573229341274334,-76.33875858331494,0.6295741068180681,32.478706394104506,0.2719344611720337,-6.615467556996594e-05,0.00015748,0.0001859512679553717,0.00081957,1,0.0
5624,0.0013369741202612804,2.2013378132336535e-06,-1.54e-06,3.1417007715451413,31.707887424500196,97.62776692198253,1.0052136313683062,40.82919874243946,0.12067054082980143,-21.710014141383617,-1.1573229341274334,-51.79634040777434,0.6295741068180681,-29.394612873678575,0.2719344611720337,-0.00013102001485634532,0.00015748,0.00013097090252303995,0.00081957,1,0.0
5625,0.0013558170801153506,5.341871182761443e-08,-1.54e-06,3.1417007715451413,31.707887424500196,-90.04833174650686,1.0052136313683062,8.401571112195937,0.12067054082980143,-24.883932701403044,-1.1573229341274334,-84.51407904010681,0.6295741068180681,22.990524828552385,0.2719344611720337,-2.4623102412239643e-05,0.00015748,2.464296363742908e-05,0.00081957,1,0.0
5626,0.003595571431245899,5.4965642178425286e-06,-1.54e-06,3.1417007715451413,31.707887424500196,55.822155197574226,1.0052136313683062,67.85969737209221,0.12067054082980143,-47.2136572307448,-1.1573229341274334,-29.620259889749494,0.6295741068180681,-21.465279957835122,0.2719344611720337,-0.00021720188196748178,0.00015748,0.0002171944464913295,0.00081957,1,0.0
5627,0.0025545131067466493,6.13936221165122e-06,-1.54e-06,3.1417007715451413,31.707887424500196,83.61966205951751,1.0052136313683062,72.31800699290298,0.12067054082980143,-84.58977521685709,-1.1573229341274334,-10.940911689826148,0.6295741068180681,-27.526336242861046,0.2719344611720337,-0.00022732369948944082,0.00015748,0.00022733288315265716,0.00081957,1,0.0
5628,2.801541866467557e-05,5.405908272061638e-07,-1.54e-06,3.1417007715451413,31.707887424500196,-33.02398005913747,1.0052136313683062,23.81019660470173,0.12067054082980143,-91.92031318011666,-1.1573229341274334,-22.70552594471037,0.6295741068180681,9.202881703234398,0.2719344611720337,-6.911458373502812e-05,0.00015748,6.917975625954001e-05,0.00081957,1,0.0
5629,0.0034499846871415547,2.513938350875692e-06,-1.54e-06,3.1417007715451413,31.707887424500196,-16.62198592890523,1.0052136313683062,46.61891620800578,0.12067054082980143,-29.437925787725014,-1.1573229341274334,55.02458823794319,0.6295741068180681,-1.097930635710299,0.2719344611720337,-0.0001506794264955019,0.00015748,0.0001507010141903657,0.00081957,1,0.0
5630,0.0003992140985692649,1.5784302444936057e-06,-1.54e-06,3.1417007715451413,31.707887424500196,31.89568771544005,1.0052136313683062,37.98478758934315,0.12067054082980143,-86.05035668988872,-1.1573229341274334,-12.65367471573069,0.6295741068180681,-9.54183897785449,0.2719344611720337,-0.00011532853913901249,0.00015748,0.00011534404093235458,0.00081957,1,0.0
5631,0.004468045138504221,3.1594698649684284e-06,-1.54e-06,3.1417007715451413,31.707887424500196,-86.55793309992342,1.0052136313683062,53.91428231724316,0.12067054082980143,-55.19714201358189,-1.1573229341274334,85.21945827635481,0.6295741068180681,16.718952397940907,0.2719344611720337,-0.00017208065912916094,0.00015748,0.00017217463773150577,0.00081957,1,0.0
5632,0.00035223508990246894,8.435378009683934e-08,-1.54e-06,3.1417007715451413,31.707887424500196,-77.53769152312996,1.0052136313683062,-6.112588086830943,0.12067054082980143,-12.64963036063642,-1.1573229341274334,30.90785184268651,0.6295741068180681,21.023051883752945,0.2719344611720337,-2.1244698836962845e-05,0.00015748,2.124137301553556e-05,0.00081957,1,0.0
5633,0.0008552464711504594,3.593063540852187e-06,-1.54e-06,3.1417007715451413,31.707887424500196,76.54759269587232,1.0052136313683062,55.45314951709,0.12067054082980143,-97.5564234421824,-1.1573229341274334,-53.23922853855442,0.6295741068180681,-22.689696321651063,0.2719344611720337,-0.00017071009547292188,0.00015748,0.00017086305428892635,0.00081957,1,0.0
5634,2.7604228559675176e-05,9.304185556278824e-05,-1.54e-06,3.1417007715451413,31.707887424500196,-11.458210686333953,1.0052136313683062,-8.443410687570834,0.12067054082980143,-58.361265065671915,-1.1573229341274334,-61.05287310832483,0.6295741068180681,28.751620632784274,0.2719344611720337,-2.4540417375611468e-05,0.00015748,0.00020966265773088473,0.00081957,1,0.0
5635,0.003631683706837046,3.374634150292292e-06,-1.54e-06,3.1417007715451413,31.707887424500196,-24.026595299777387,1.0052136313683062,54.34317080968262,0.12067054082980143,-50.55207922377161,-1.1573229341274334,31.34765878813156,0.6295741068180681,0.7097539332165044,0.2719344611720337,-0.000173060907854268,0.00015748,0.0001731900792893,0.00081957,1,0.0
5636,0.005928011580013902,3.644319900174208e-05,-1.54e-06,3.1417007715451413,31.707887424500196,-80.54025078601859,1.0052136313683062,62.32909588603034,0.12067054082980143,-50.477456091140176,-1.1573229341274334,10.468005368503942,0.6295741068180681,21.701050309681722,0.2719344611720337,-0.00015211458520795579,0.00015748,0.00021734188560112647,0.00081957,1,0.0
5637,0.003441872178593478,3.208782909913493e-06,-1.54e-06,3.1417007715451413,31.707887424500196,-35.728303807275076,1.0052136313683062,53.95655329373395,0.12067054082980143,-64.55693755160102,-1.1573229341274334,87.94353473092599,0.6295741068180681,4.20634404368801,0.2719344611720337,-0.00017049137497209297,0.00015748,0.0001704769502514985,0.00081957,1,0.0
5638,0.0017007223267704998,2.5803632678690394e-07,-1.54e-06,3.1417007715451413,31.707887424500196,-99.50538940849121,1.0052136313683062,14.944047263727532,0.12067054082980143,-38.92277746778165,-1.1573229341274334,-54.60558296496075,0.6295741068180681,25.05116940040714,0.2719344611720337,-4.442560918750942e-05,0.00015748,4.460440456296976e-05,0.00081957,1,0.0
5639,0.0016587265566789166,1.901097279233143e-06,-1.54e-06,3.1417007715451413,31.707887424500196,84.80465487219938,1.0052136313683062,38.42897975184432,0.12067054082980143,-8.286097146963977,-1.1573229341274334,-96.38645778729398,0.6295741068180681,-26.290377002298136,0.2719344611720337,-0.0001245045640920085,0.00015748,0.00012450772582029118,0.00081957,1,0.0
5640,0.00047232337476697545,3.3387536873741187e-06,-1.54e-06,3.1417007715451413,31.707887424500196,92.29089467053979,1.0052136313683062,53.59190520451313,0.12067054082980143,-100.0,-1.1573229341274334,56.847877944004296,0.6295741068180681,-26.5926003355331,0.2719344611720337,-0.00016520776106829075,0.00015748,0.00016521147090445352,0.00081957,1,0.0
5641,0.0017166821327073162,1.4872181287330683e-06,-1.54e-06,3.1417007715451413,31.707887424500196,43.258001367039746,1.0052136313683062,34.5660451604093,0.12067054082980143,-19.63507000025592,-1.1573229341274334,-25.05407175889595,0.6295741068180681,-14.861787507840745,0.2719344611720337,-0.00011099907360320228,0.00015748,0.0001110590189882398,0.00081957,1,0.0
5642,0.0011251152261203697,1.4582945064481563e-06,-1.54e-06,3.1417007715451413,31.707887424500196,69.57457021678158,1.0052136313683062,34.18936818240038,0.12067054082980143,-25.204405529716297,-1.1573229341274334,-33.00053340221919,0.6295741068180681,-21.230174183572284,0.2719344611720337,-0.00010894717437022034,0.00015748,0.00010895471067041771,0.00081957,1,0.0
5643,3.119113570394154e-05,3.4023518998220016e-08,-1.54e-06,3.1417007715451413,31.707887424500196,-35.78910318517577,1.0052136313683062,7.150012580098629,0.12067054082980143,-42.159646362262734,-1.1573229341274334,18.43241185525385,0.6295741068180681,9.915723790001351,0.2719344611720337,-1.9764489433509335e-05,0.00015748,1.9765331114818145e-05,0.00081957,1,0.0
5644,1.3206974002202658e-05,1.0697834042144643e-05,-1.54e-06,3.1417007715451413,31.707887424500196,43.6726228279243,1.0052136313683062,9.208066303557258,0.12067054082980143,-14.697450914316978,-1.1573229341274334,63.30391825086615,0.6295741068180681,-9.351284106651123,0.2719344611720337,-1.6196813543428654e-05,0.00015748,3.741137622603083e-05,0.00081957,1,0.0
5645,0.0009550294446879805,9.117097425822876e-06,-1.54e-06,3.1417007715451413,31.707887424500196,-87.73815656243825,1.0052136313683062,21.37350831625867,0.12067054082980143,-91.48687232870932,-1.1573229341274334,78.54316390583692,0.6295741068180681,25.255184278015026,0.2719344611720337,-4.963731227823423e-05,0.00015748,6.725024810742703e-05,0.00081957,1,0.0
5646,0.002823236800207255,3.476360720099004e-06,-1.54e-06,3.1417007715451413,31.707887424500196,24.80904655042023,1.0052136313683062,54.718572293738816,0.12067054082980143,-52.474403184138815,-1.1573229341274334,-20.136739552316268,0.6295741068180681,-11.550694723659317,0.2719344611720337,-0.00017344197457892525,0.00015748,0.0001734287420403024,0.00081957,1,0.0
5647,9.75322830413202e-05,3.5129882905190103e-08,-1.54e-06,3.1417007715451413,31.707887424500196,-22.99134872357396,1.0052136313683062,5.991494015109014,0.12067054082980143,-28.257841035969275,-1.1573229341274334,-0.6286356887718887,0.6295741068180681,6.258183888976899,0.2719344611720337,-1.6883631263070968e-05,0.00015748,1.6900416348443617e-05,0.00081957,1,0.0
5648,0.007396787075912624,0.00023199245785279188,-1.54e-06,3.1417007715451413,31.707887424500196,-35.72939659509114,1.0052136313683062,37.76126422841633,0.12067054082980143,-65.33769771479975,-1.1573229341274334,-73.32601310030874,0.6295741068180681,61.755168109979884,0.2719344611720337,6.158637700924772e-05,0.00015748,0.00040157319422121746,0.00081957,0,0.0
5649,6.094777424063384e-06,5.145314731784121e-06,-1.54e-06,3.1417007715451413,31.707887424500196,-42.541460252968776,1.0052136313683062,17.863564975293368,0.12067054082980143,-84.75434769896712,-1.1573229341274334,13.839346612421398,0.6295741068180681,13.198818219264082,0.2719344611720337,-4.521107850494923e-05,0.00015748,5.5018147614181804e-05,0.00081957,1,0.0
5650,3.778203048542016e-05,3.371431527489273e-08,-1.54e-06,3.1417007715451413,31.707887424500196,-59.94798621367193,1.0052136313683062,7.086164497489681,0.12067054082980143,-52.58687698036095,-1.1573229341274334,-83.53142593972986,0.6295741068180681,16.75998031151058,0.2719344611720337,-1.8939692189708098e-05,0.00015748,1.8961184131730757e-05,0.00081957,1,0.0
5651,0.0005054280140583609,3.191617522836594e-06,-1.54e-06,3.1417007715451413,31.707887424500196,87.99489187834689,1.0052136313683062,52.42936174887004,0.12067054082980143,-97.99791992392775,-1.1573229341274334,72.5128389696893,0.6295741068180681,-25.466026681988232,0.2719344611720337,-0.00016167182709717848,0.00015748,0.0001616703069005195,0.00081957,1,0.0
5652,0.004431716302051869,2.416597481853139e-06,-1.54e-06,3.1417007715451413,31.707887424500196,-41.54238418837998,1.0052136313683062,44.52502738298439,0.12067054082980143,-0.14083502811933102,-1.1573229341274334,37.32447673121442,0.6295741068180681,4.27465110484688,0.2719344611720337,-0.00014852664664786512,0.00015748,0.00014866052995302317,0.00081957,1,0.0
5653,0.001521933430295671,1.1571837037850244e-06,-1.54e-06,3.1417007715451413,31.707887424500196,-0.12638416509372397,1.0052136313683062,32.35679539946949,0.12067054082980143,-44.24748484269521,-1.1573229341274334,-35.83809515000862,0.6295741068180681,-2.4300520632419302,0.2719344611720337,-0.00010084614078962245,0.00015748,0.00010085522023687727,0.00081957,1,0.0
5654,0.0008152313173298109,2.134261549300017e-06,-1.54e-06,3.1417007715451413,31.707887424500196,21.62851058927441,1.0052136313683062,44.52606443157059,0.12067054082980143,-95.43734960737218,-1.1573229341274334,-67.88605997390698,0.6295741068180681,-7.304321547335858,0.2719344611720337,-0.00013527602579311044,0.00015748,0.00013527235145718253,0.00081957,1,0.0
5655,0.00016113986169922036,1.2811856964398568e-08,-1.54e-06,3.1417007715451413,31.707887424500196,-99.84419006977187,1.0052136313683062,1.2262734080344078,0.12067054082980143,-56.51555325521623,-1.1573229341274334,67.82610824811277,0.6295741068180681,27.524185092463252,0.2719344611720337,-6.453935942449235e-06,0.00015748,6.465010095566024e-06,0.00081957,1,0.0
5656,0.006403928325935669,7.041127167627416e-06,-1.54e-06,3.1417007715451413,31.707887424500196,-74.12005571089888,1.0052136313683062,79.18774988661949,0.12067054082980143,-52.57738297135397,-1.1573229341274334,-24.842918106264346,0.6295741068180681,10.173029549388668,0.2719344611720337,-0.0002552150215012874,0.00015748,0.00025525332359587193,0.00081957,1,0.0
5657,0.0004143043449645542,6.32006709483613e-08,-1.54e-06,3.1417007715451413,31.707887424500196,-98.57859315154137,1.0052136313683062,9.861848505040147,0.12067054082980143,-73.95289753352804,-1.1573229341274334,82.27483554915001,0.6295741068180681,26.74323408872159,0.2719344611720337,-2.5627971187717846e-05,0.00015748,2.5672937103759775e-05,0.00081957,1,0.0
5658,0.002921336879681573,5.382413782643738e-06,-1.54e-06,3.1417007715451413,31.707887424500196,32.32891823458592,1.0052136313683062,68.9783135306693,0.12067054082980143,-88.62180620677978,-1.1573229341274334,-46.81491338243635,0.6295741068180681,-13.778449987962135,0.2719344611720337,-0.00021576724163868173,0.00015748,0.00021577721167565108,0.00081957,1,0.0
5659,0.006113178678592962,8.51816405233139e-06,-1.54e-06,3.1417007715451413,31.707887424500196,26.25084474043238,1.0052136313683062,83.88988429686572,0.12067054082980143,-23.533878151554337,-1.1573229341274334,61.57126082434387,0.6295741068180681,-17.45097168746352,0.2719344611720337,-0.0002745168874725426,0.00015748,0.0002745532583522295,0.00081957,1,0.0
5660,0.005427667886188247,3.2062664798025664e-06,-1.54e-06,3.1417007715451413,31.707887424500196,-71.31011879449906,1.0052136313683062,52.369355030437994,0.12067054082980143,-2.755285946926354,-1.1573229341274334,-32.16126984274368,0.6295741068180681,11.00644766601943,0.2719344611720337,-0.00017409719647340464,0.00015748,0.00017415302499512565,0.00081957,1,0.0
5661,0.006747814399605997,8.60244782265489e-06,-1.54e-06,3.1417007715451413,31.707887424500196,-62.68599989444848,1.0052136313683062,87.36637326171807,0.12067054082980143,-57.450428611836706,-1.1573229341274334,-80.01867661823428,0.6295741068180681,6.4717955718364415,0.2719344611720337,-0.00028103859952471183,0.00015748,0.0002810454392751376,0.00081957,1,0.0
5662,0.0052626082821898975,7.8658171230563e-06,-1.54e-06,3.1417007715451413,31.707887424500196,-3.0557039245474336,1.0052136313683062,82.73593798130017,0.12067054082980143,-68.30728055581399,-1.1573229341274334,68.3371184927952,0.6295741068180681,-7.882329691585059,0.2719344611720337,-0.0002646497775029478,0.00015748,0.000264669670869427,0.00081957,1,0.0
5663,0.0038645552984004593,5.25014908039088e-06,-1.54e-06,3.1417007715451413,31.707887424500196,23.134988040738435,1.0052136313683062,67.15346297413765,0.12067054082980143,-55.79089463819702,-1.1573229341274334,48.6395283300682,0.6295741068180681,-12.86973627384257,0.2719344611720337,-0.00021450536796850835,0.00015748,0.0002145121268646428,0.00081957,1,0.0
5664,0.0005593494755495466,3.783347248499885e-07,-1.54e-06,3.1417007715451413,31.707887424500196,39.94436652951129,1.0052136313683062,17.222536651074194,0.12067054082980143,-8.172857417438172,-1.1573229341274334,-88.46496923550185,0.6295741068180681,-11.97024228411644,0.2719344611720337,-5.4955583906741546e-05,0.00015748,5.49630728600387e-05,0.00081957,1,0.0
5665,0.0023711082326607624,3.4239847606486578e-06,-1.54e-06,3.1417007715451413,31.707887424500196,46.6257535646586,1.0052136313683062,53.508548992522705,0.12067054082980143,-55.44577683820672,-1.1573229341274334,62.777093795170515,0.6295741068180681,-16.96467165944606,0.2719344611720337,-0.00016942361695062647,0.00015748,0.00016955318027347624,0.00081957,1,0.0
5666,0.001183998302071302,1.6617049632244557e-06,-1.54e-06,3.1417007715451413,31.707887424500196,57.95146102233648,1.0052136313683062,36.73592427579486,0.12067054082980143,-41.18742738878969,-1.1573229341274334,92.91329038688234,0.6295741068180681,-18.21206111656773,0.2719344611720337,-0.00011620093077414602,0.00015748,0.00011626883883438492,0.00081957,1,0.0
5667,2.4844251721885518e-06,1.02596259488495e-05,-1.54e-06,3.1417007715451413,31.707887424500196,5.425741417915125,1.0052136313683062,15.712258702207887,0.12067054082980143,-56.86338975033831,-1.1573229341274334,66.59355089711995,0.6295741068180681,1.18107801887868,0.2719344611720337,-3.4583121896394e-05,0.00015748,5.467729568450297e-05,0.00081957,1,0.0
5668,0.0011506494813828337,2.3227525859472437e-07,-1.54e-06,3.1417007715451413,31.707887424500196,-12.764006087029369,1.0052136313683062,14.075434351305402,0.12067054082980143,-9.331119876614418,-1.1573229341274334,19.914423506612085,0.6295741068180681,1.6451182716371713,0.2719344611720337,-4.556247168455843e-05,0.00015748,4.5556634004446594e-05,0.00081957,1,0.0
5669,0.0031513128469033186,7.141208576421268e-07,-1.54e-06,3.1417007715451413,31.707887424500196,-72.6211243775797,1.0052136313683062,24.924981831208008,0.12067054082980143,-1e-20,-1.1573229341274334,-94.59227286179802,0.6295741068180681,15.188375631392105,0.2719344611720337,-8.316536487067462e-05,0.00015748,8.322739375208341e-05,0.00081957,1,0.0
5670,0.005502649545260172,5.298318207976708e-06,-1.54e-06,3.1417007715451413,31.707887424500196,-45.722478211981276,1.0052136313683062,67.96562810580556,0.12067054082980143,-34.38780339603018,-1.1573229341274334,-33.43809230108213,0.6295741068180681,3.7413926617994004,0.2719344611720337,-0.00022032592349334386,0.00015748,0.0002203617614026365,0.00081957,1,0.0
5671,0.003455441686897232,1.1429942025970848e-06,-1.54e-06,3.1417007715451413,31.707887424500196,-70.00052649433555,1.0052136313683062,32.2420550367054,0.12067054082980143,-10.15135258973191,-1.1573229341274334,-95.95282856868504,0.6295741068180681,13.950475257298914,0.2719344611720337,-0.00010561250048762544,0.00015748,0.00010562068891073602,0.00081957,1,0.0
5672,1.3461605368356774e-05,5.3213749792042304e-05,-1.54e-06,3.1417007715451413,31.707887424500196,6.608118158796426,1.0052136313683062,7.342760450051857,0.12067054082980143,-66.51440985899433,-1.1573229341274334,37.982305811153545,0.6295741068180681,12.771497204865224,0.2719344611720337,-3.7837499217470094e-06,0.00015748,0.00011020886936891387,0.00081957,1,0.0
5673,0.000833022746577971,9.705503818434004e-07,-1.54e-06,3.1417007715451413,31.707887424500196,56.701675299783275,1.0052136313683062,27.696785082021005,0.12067054082980143,-24.17229845565415,-1.1573229341274334,9.654957870081757,0.6295741068180681,-17.199099365836425,0.2719344611720337,-8.802196162091535e-05,0.00015748,8.806098313555642e-05,0.00081957,1,0.0
5674,0.0031658073318362786,3.26934566195174e-06,-1.54e-06,3.1417007715451413,31.707887424500196,16.55505858152608,1.0052136313683062,52.835538561265764,0.12067054082980143,-40.658020468565674,-1.1573229341274334,54.93853299253304,0.6295741068180681,-9.888750775362153,0.2719344611720337,-0.00016932862249214374,0.00015748,0.0001693453688124841,0.00081957,1,0.0
5675,0.001030442688324707,1.8196896999696032e-06,-1.54e-06,3.1417007715451413,31.707887424500196,90.03166438994886,1.0052136313683062,37.49215735601979,0.12067054082980143,-26.00738933681142,-1.1573229341274334,-86.41730271108396,0.6295741068180681,-26.712987350871266,0.2719344611720337,-0.00011927735555271363,0.00015748,0.00011937115307301433,0.00081957,1,0.0
5676,0.00021958652381802728,2.0517128735467083e-06,-1.54e-06,3.1417007715451413,31.707887424500196,-99.78083412244959,1.0052136313683062,-13.365925041991733,0.12067054082980143,-6.6702597435918864,-1.1573229341274334,-50.48977101395622,0.6295741068180681,28.019483269453797,0.2719344611720337,-4.37657365551964e-05,0.00015748,4.726222271593608e-05,0.00081957,1,0.0
5677,0.005253309280666954,5.77621432353779e-06,-1.54e-06,3.1417007715451413,31.707887424500196,-94.39813586854143,1.0052136313683062,73.5849458303404,0.12067054082980143,-91.66140929786448,-1.1573229341274334,63.79216006221303,0.6295741068180681,17.622197661721707,0.2719344611720337,-0.00023199810419915795,0.00015748,0.00023198266810448562,0.00081957,1,0.0
5678,2.0495527388059587e-05,6.603828163159094e-08,-1.54e-06,3.1417007715451413,31.707887424500196,12.477208306089173,1.0052136313683062,6.389988760743634,0.12067054082980143,-14.720228744226127,-1.1573229341274334,88.27851497592694,0.6295741068180681,-3.6065007868094003,0.2719344611720337,-1.981517340032624e-05,0.00015748,1.9850421109589268e-05,0.00081957,1,0.0
5679,0.0047464716752078275,5.4400977175462514e-06,-1.54e-06,3.1417007715451413,31.707887424500196,-18.353709971078022,1.0052136313683062,68.85824375663485,0.12067054082980143,-51.337734677476156,-1.1573229341274334,24.665020645437988,0.6295741068180681,-2.712839094185899,0.2719344611720337,-0.0002209210606512763,0.00015748,0.00022096608090838176,0.00081957,1,0.0
5680,0.004584975328285525,5.059461951253215e-06,-1.54e-06,3.1417007715451413,31.707887424500196,-46.058820046457434,1.0052136313683062,67.47442331098642,0.12067054082980143,-68.25318164578603,-1.1573229341274334,7.323125176380925,0.6295741068180681,5.3076388090467885,0.2719344611720337,-0.0002141024967883731,0.00015748,0.00021418129369127006,0.00081957,1,0.0
5681,0.00457765110098164,3.458454688058404e-06,-1.54e-06,3.1417007715451413,31.707887424500196,-45.36136272367647,1.0052136313683062,55.084149468881535,0.12067054082980143,-29.507408755163954,-1.1573229341274334,19.263450857715203,0.6295741068180681,5.102626484198795,0.2719344611720337,-0.00017881753859895868,0.00015748,0.00017882760636162064,0.00081957,1,0.0
5682,0.00404826557872544,6.171341536746515e-06,-1.54e-06,3.1417007715451413,31.707887424500196,13.729251640143055,1.0052136313683062,73.53342124604947,0.12067054082980143,-70.92053219722001,-1.1573229341274334,-74.06691711053449,0.6295741068180681,-10.412636415403519,0.2719344611720337,-0.00023279748192737027,0.00015748,0.00023281603493969274,0.00081957,1,0.0
5683,8.918921819913491e-05,1.4859133886049203e-06,-1.54e-06,3.1417007715451413,31.707887424500196,80.24312808395432,1.0052136313683062,35.049657855122035,0.12067054082980143,-63.033915673698786,-1.1573229341274334,64.49936853463973,0.6295741068180681,-22.60512860386501,0.2719344611720337,-0.00010851094986125737,0.00015748,0.00010853719779275045,0.00081957,1,0.0
5684,0.0008896910027665697,1.951937126643099e-06,-1.54e-06,3.1417007715451413,31.707887424500196,99.58818264538498,1.0052136313683062,39.32314540366125,0.12067054082980143,-31.756479032483444,-1.1573229341274334,-77.73606274642287,0.6295741068180681,-29.17009339395322,0.2719344611720337,-0.00012475615017222484,0.00015748,0.00012475829774060226,0.00081957,1,0.0
5685,0.0037971224358087,4.693025832372698e-06,-1.54e-06,3.1417007715451413,31.707887424500196,-26.862357156923544,1.0052136313683062,65.1689875674774,0.12067054082980143,-79.3197029472494,-1.1573229341274334,6.95105347477146,0.6295741068180681,1.24555331209893,0.2719344611720337,-0.00020489596136034514,0.00015748,0.00020495511800973246,0.00081957,1,0.0
5686,0.0004911129532648474,1.527730215788647e-06,-1.54e-06,3.1417007715451413,31.707887424500196,28.684763404387564,1.0052136313683062,37.435577242727746,0.12067054082980143,-84.15618079439825,-1.1573229341274334,38.01042425619177,0.6295741068180681,-8.854026973924645,0.2719344611720337,-0.00011390848465369247,0.00015748,0.00011391020783015033,0.00081957,1,0.0
5687,1.1662466646473319e-05,4.705205854261862e-09,-1.54e-06,3.1417007715451413,31.707887424500196,-44.34776145224456,1.0052136313683062,2.183659785342418,0.12067054082980143,-33.61840564058936,-1.1573229341274334,70.94607164718991,0.6295741068180681,12.278745763589317,0.2719344611720337,-5.524870384724095e-06,0.00015748,5.522753471678985e-06,0.00081957,1,0.0
5688,1.4971446444976924e-05,1.4735599669125655e-07,-1.54e-06,3.1417007715451413,31.707887424500196,53.308932302264466,1.0052136313683062,9.657265502342648,0.12067054082980143,-0.7088356965946725,-1.1573229341274334,43.02515701814812,0.6295741068180681,-14.945223840029287,0.2719344611720337,-3.1763130168534914e-05,0.00015748,3.177781630311514e-05,0.00081957,1,0.0
5689,0.0016881001514554793,3.586089417469152e-06,-1.54e-06,3.1417007715451413,31.707887424500196,37.68751447385969,1.0052136313683062,56.36614348470273,0.12067054082980143,-95.39171300260676,-1.1573229341274334,83.2246857008841,0.6295741068180681,-13.377850620163349,0.2719344611720337,-0.00017446878123903532,0.00015748,0.00017452873721458166,0.00081957,1,0.0
5690,0.004429886042717797,4.281370900971756e-06,-1.54e-06,3.1417007715451413,31.707887424500196,18.400730206842965,1.0052136313683062,59.44636832005941,0.12067054082980143,-9.581562359398973,-1.1573229341274334,-83.48971675497687,0.6295741068180681,-12.334587766092833,0.2719344611720337,-0.00019460125017282031,0.00015748,0.00019461718809391844,0.00081957,1,0.0
5691,0.0009797393142896983,2.7344274263871696e-06,-1.54e-06,3.1417007715451413,31.707887424500196,56.19421845323574,1.0052136313683062,48.93529000258718,0.12067054082980143,-83.60299495024185,-1.1573229341274334,-66.47865173128207,0.6295741068180681,-17.216275457776923,0.2719344611720337,-0.00015077483302009076,0.00015748,0.00015081448443446353,0.00081957,1,0.0
5692,0.005848468512535525,7.740031796980763e-06,-1.54e-06,3.1417007715451413,31.707887424500196,-43.38971638476671,1.0052136313683062,82.84710142697062,0.12067054082980143,-67.9272017799359,-1.1573229341274334,0.054100712135993975,0.6295741068180681,2.48600055890055,0.2719344611720337,-0.00026493675113665706,0.00015748,0.00026498154781591103,0.00081957,1,0.0
5693,2.302329230556739e-05,3.570981934730142e-07,-1.54e-06,3.1417007715451413,31.707887424500196,-50.1190058810327,1.0052136313683062,20.6624029922693,0.12067054082980143,-92.20213778416228,-1.1573229341274334,-12.188405317289833,0.6295741068180681,13.962813698541611,0.2719344611720337,-5.9086694322306236e-05,0.00015748,5.9099348095358396e-05,0.00081957,1,0.0
5694,0.0022472799949411633,2.0872259820935e-07,-1.54e-06,3.1417007715451413,31.707887424500196,-92.25071968621941,1.0052136313683062,14.723636317521857,0.12067054082980143,-12.758595367830658,-1.1573229341274334,-90.14593222718621,0.6295741068180681,22.14379090853235,0.2719344611720337,-4.767238867637228e-05,0.00015748,4.769330031374187e-05,0.00081957,1,0.0
5695,0.00047237455810484577,1.8804822021700295e-07,-1.54e-06,3.1417007715451413,31.707887424500196,-57.431041223957266,1.0052136313683062,15.309926626161591,0.12067054082980143,-64.40081687345432,-1.1573229341274334,42.45858040705187,0.6295741068180681,15.204061149248988,0.2719344611720337,-4.370240473137431e-05,0.00015748,4.371432147768723e-05,0.00081957,1,0.0
5696,0.0039952109963717584,6.600920078907666e-06,-1.54e-06,3.1417007715451413,31.707887424500196,-8.697818767353398,1.0052136313683062,76.94323385010021,0.12067054082980143,-97.90506886732256,-1.1573229341274334,-19.955384719434207,0.6295741068180681,-4.113204802226241,0.2719344611720337,-0.00024105518901517992,0.00015748,0.00024116477731582893,0.00081957,1,0.0
5697,0.0015365453908996792,2.2814093117666765e-06,-1.54e-06,3.1417007715451413,31.707887424500196,53.24315959738885,1.0052136313683062,44.02394109947833,0.12067054082980143,-48.98348962646162,-1.1573229341274334,-73.28590683550497,0.6295741068180681,-17.306050079097666,0.2719344611720337,-0.00013826811388505588,0.00015748,0.00013827863356398478,0.00081957,1,0.0
5698,0.00033152419359327355,1.3770549783347175e-09,-1.54e-06,3.1417007715451413,31.707887424500196,-54.23505225781163,1.0052136313683062,1.8835074921182853,0.12067054082980143,-26.052152060071045,-1.1573229341274334,57.642003688442415,0.6295741068180681,14.52630670304666,0.2719344611720337,-3.741802021914599e-06,0.00015748,3.7442841039939774e-06,0.00081957,1,0.0
5699,0.002592843189484707,3.0361663885984066e-06,-1.54e-06,3.1417007715451413,31.707887424500196,14.283800159654987,1.0052136313683062,51.60641547062316,0.12067054082980143,-60.013118063854975,-1.1573229341274334,78.90036108785128,0.6295741068180681,-8.340547617249099,0.2719344611720337,-0.00016294203203319908,0.00015748,0.000162938344429164,0.00081957,1,0.0
5700,1.8276351792230747,0.9988672983114171,-1.54e-06,2.047882542389013,3.0393205359588604,67.81064524811859,1.0052136313683062,27.975427296297518,0.12067054082980143,-89.95488105499852,-1.1573229341274334,-97.03938724325018,0.6295741068180681,67.95982295657082,0.2719344611720337,0.31150954056400787,0.00015748,1.1301330689461548,0.00081957,0,0.0
5701,1.3586738868457087,0.629325273376867,-1.54e-06,2.047882542389013,3.0393205359588604,85.0477673445757,1.0052136313683062,33.24468061000664,0.12067054082980143,-79.93650221795208,-1.1573229341274334,-89.90388916388264,0.6295741068180681,31.234668104682438,0.2719344611720337,0.3218301613387568,0.00015748,1.0016725757837466,0.00081957,0,0.0
5702,0.6673244573379602,0.06514353846689169,-1.54e-06,2.047882542389013,3.0393205359588604,-63.88990430080908,1.0052136313683062,6.095559083354604,0.12067054082980143,-68.62570643669643,-1.1573229341274334,26.012714003468155,0.6295741068180681,80.04738913572217,0.2719344611720337,-0.1050884416963236,0.00015748,0.1051861276756333,0.00081957,1,0.0
5703,1.4098946306252655,0.4865165361551851,-1.54e-06,2.047882542389013,3.0393205359588604,-73.90466955053381,1.0052136313683062,9.762299689257539,0.12067054082980143,-23.107058557686166,-1.1573229341274334,-60.322334720390494,0.6295741068180681,80.96408441655399,0.2719344611720337,-0.25843453027138147,0.00015748,0.2569956128896211,0.00081957,1,0.0
5704,0.0057277323371973665,0.15676943118992337,-1.54e-06,2.047882542389013,3.0393205359588604,24.806412441103497,1.0052136313683062,7.348177313195668,0.12067054082980143,-61.76477932618131,-1.1573229341274334,71.52745460405382,0.6295741068180681,9.218283619036725,0.2719344611720337,0.27446962065030756,0.00015748,0.5954737208805111,0.00081957,0,0.0
5705,0.007553395880274538,0.059887497236952476,-1.54e-06,2.047882542389013,3.0393205359588604,-8.054538484724391,1.0052136313683062,6.330258406148136,0.12067054082980143,-52.23473620354136,-1.1573229341274334,27.3528863044532,0.6295741068180681,28.250905607501785,0.2719344611720337,-0.15023239023207907,0.00015748,0.1587817159039659,0.00081957,1,0.0
5706,-0.00013842906015038015,0.13060676376298783,-1.54e-06,2.047882542389013,3.0393205359588604,81.1720085259476,1.0052136313683062,10.13503799518644,0.12067054082980143,-41.24803035398802,-1.1573229341274334,42.66211709026353,0.6295741068180681,-27.239932476532946,0.2719344611720337,0.4433171961007348,0.00015748,0.8672380468181968,0.00081957,0,0.0
5707,0.0010446560975330976,0.3129534136111912,-1.54e-06,2.047882542389013,3.0393205359588604,26.652764687886012,1.0052136313683062,2.377266628495617,0.12067054082980143,-27.41211119975147,-1.1573229341274334,59.90625276777298,0.6295741068180681,-8.333379593954799,0.2719344611720337,0.14871274950123992,0.00015748,0.7442668553383704,0.00081957,0,0.0
5708,0.0015263014726329405,0.08122203250962613,-1.54e-06,2.047882542389013,3.0393205359588604,9.676099622758963,1.0052136313683062,1.4189204879961144,0.12067054082980143,-8.092039979600756,-1.1573229341274334,8.972658241152267,0.6295741068180681,-2.0094526475326417,0.2719344611720337,0.06163298955349353,0.00015748,0.1267563037993897,0.00081957,0,0.0
5709,0.9029087071611277,0.2155573721769229,-1.54e-06,2.047882542389013,3.0393205359588604,-21.82748327601465,1.0052136313683062,11.170331021480607,0.12067054082980143,-31.753796757225754,-1.1573229341274334,-58.526135835246116,0.6295741068180681,52.65174481405975,0.2719344611720337,-0.25327524915043736,0.00015748,0.25593787483470193,0.00081957,1,0.0
5710,0.8875203828636591,0.17966542649684644,-1.54e-06,2.047882542389013,3.0393205359588604,-89.36302370166679,1.0052136313683062,-1.0305879301636125,0.12067054082980143,-36.42758798860947,-1.1573229341274334,20.213152586063078,0.6295741068180681,82.44794285697711,0.2719344611720337,-0.10157814113336394,0.00015748,0.09955799112562938,0.00081957,1,0.0
5711,0.4252522687816463,0.03364482238044823,-1.54e-06,2.047882542389013,3.0393205359588604,-52.66338902852141,1.0052136313683062,5.9013154123534255,0.12067054082980143,-69.06058593005706,-1.1573229341274334,38.504510414986086,0.6295741068180681,67.2784502966391,0.2719344611720337,-0.10457217774626137,0.00015748,0.10595277110522483,0.00081957,1,0.0
5712,0.0001512769276785786,0.09569496879711455,-1.54e-06,2.047882542389013,3.0393205359588604,66.97200997847045,1.0052136313683062,14.590480945693354,0.12067054082980143,-98.78275184614075,-1.1573229341274334,86.12910831923496,0.6295741068180681,6.45687717629905,0.2719344611720337,0.5557382663380857,0.00015748,0.8256228174902038,0.00081957,0,0.0
5713,-0.351578342762468,1.908146302213584,-1.54e-06,2.047882542389013,3.0393205359588604,31.95944916216645,1.0052136313683062,11.026434785984405,0.12067054082980143,-16.78669033395875,-1.1573229341274334,56.21221682358586,0.6295741068180681,-40.85048631056885,0.2719344611720337,-0.27536722509170264,0.00015748,0.9608826358402068,0.00081957,1,0.0
5714,0.24277026413253192,0.013132026652327676,-1.54e-06,2.047882542389013,3.0393205359588604,-67.05020704923011,1.0052136313683062,1.9404016575484064,0.12067054082980143,-71.36939560022391,-1.1573229341274334,73.8798334133618,0.6295741068180681,67.83908656798525,0.2719344611720337,-0.049174563217006535,0.00015748,0.048992611073190896,0.00081957,1,0.0
5715,0.7010620561274845,0.3313349355367894,-1.54e-06,2.047882542389013,3.0393205359588604,-8.580314576490057,1.0052136313683062,16.237981316994304,0.12067054082980143,-84.50762177632814,-1.1573229341274334,-10.811806292057607,0.6295741068180681,64.58787986651059,0.2719344611720337,-0.1952636330844309,0.00015748,0.4402563730244318,0.00081957,1,0.0
5716,0.8393921338808872,0.1816511429807188,-1.54e-06,2.047882542389013,3.0393205359588604,-37.79985824609254,1.0052136313683062,3.0628467907218235,0.12067054082980143,-26.346245826833297,-1.1573229341274334,-32.21768919868862,0.6295741068180681,59.6747694856643,0.2719344611720337,-0.17561172723351415,0.00015748,0.17757232155375463,0.00081957,1,0.0
5717,0.0013874696979411238,0.11655966515056321,-1.54e-06,2.047882542389013,3.0393205359588604,2.7305283556682314,1.0052136313683062,7.777132749887313,0.12067054082980143,-63.302989472023626,-1.1573229341274334,43.90258372378585,0.6295741068180681,25.969324209101586,0.2719344611720337,0.0475955208404375,0.00015748,0.22749214397554063,0.00081957,0,0.0
5718,0.25974780005525866,0.09071366445091857,-1.54e-06,2.047882542389013,3.0393205359588604,33.945150568515864,1.0052136313683062,13.996875856255455,0.12067054082980143,-86.79921647877649,-1.1573229341274334,56.42090860783244,0.6295741068180681,24.862302731688512,0.2719344611720337,0.47303301045767776,0.00015748,0.5319468220674074,0.00081957,0,0.0
5719,1.27347751909987,0.8727414495013779,-1.54e-06,2.047882542389013,3.0393205359588604,6.783468262273691,1.0052136313683062,28.03900811113346,0.12067054082980143,-88.8931944047173,-1.1573229341274334,-74.09465722378665,0.6295741068180681,72.47501276754991,0.2719344611720337,-0.300315649947826,0.00015748,0.714868607296362,0.00081957,1,0.0
5720,0.9648000960562755,0.1397782126154236,-1.54e-06,2.047882542389013,3.0393205359588604,-75.27773413553635,1.0052136313683062,4.16601537973312,0.12067054082980143,-48.67670648420691,-1.1573229341274334,0.9855390584925752,0.6295741068180681,85.0952456692874,0.2719344611720337,-0.050703249650380124,0.00015748,0.050886560487579204,0.00081957,1,0.0
5721,0.7996286824430059,0.6419123328111481,-1.54e-06,2.047882542389013,3.0393205359588604,5.143603394858542,1.0052136313683062,4.141994496665349,0.12067054082980143,-48.784403033934694,-1.1573229341274334,14.424473176780756,0.6295741068180681,45.55274347385729,0.2719344611720337,0.14478616948024176,0.00015748,0.7410963286649972,0.00081957,0,0.0
5722,0.4361853146693684,0.23356546660448577,-1.54e-06,2.047882542389013,3.0393205359588604,-27.466426820528138,1.0052136313683062,4.496917114513907,0.12067054082980143,-69.20624439521933,-1.1573229341274334,41.25373183828877,0.6295741068180681,59.168601330802424,0.2719344611720337,0.009138146556516596,0.00015748,0.3042176828915738,0.00081957,0,0.0
5723,2.8065274985230135,4.986192481641259,-1.54e-06,2.047882542389013,3.0393205359588604,65.84078740958905,1.0052136313683062,5.025955059317724,0.12067054082980143,-31.171664495812532,-1.1573229341274334,-86.77577501414811,0.6295741068180681,78.86284258431661,0.2719344611720337,0.27819471349228153,0.00015748,2.4410701048693264,0.00081957,0,0.0
5724,1.2217578805128553,0.28238627876816985,-1.54e-06,2.047882542389013,3.0393205359588604,-50.63555170542641,1.0052136313683062,9.432578137464258,0.12067054082980143,-26.55196550391815,-1.1573229341274334,-62.167752796609264,0.6295741068180681,71.18178745006804,0.2719344611720337,-0.18806343148196594,0.00015748,0.18992875964405223,0.00081957,1,0.0
5725,0.0002196734321750493,0.18262522283215493,-1.54e-06,2.047882542389013,3.0393205359588604,60.685732879036465,1.0052136313683062,5.868314373500786,0.12067054082980143,-44.17470216488283,-1.1573229341274334,73.54253650467622,0.6295741068180681,-17.78552880263518,0.2719344611720337,0.3335883137062749,0.00015748,1.0499523077267847,0.00081957,0,0.0
5726,1.2432226669701436,0.29214779604690627,-1.54e-06,2.047882542389013,3.0393205359588604,-35.5558872640399,1.0052136313683062,8.40615720379549,0.12067054082980143,-14.84180215157477,-1.1573229341274334,-83.17362688708138,0.6295741068180681,63.41842244021008,0.2719344611720337,-0.20150490468353283,0.00015748,0.2014141978894431,0.00081957,1,0.0
5727,1.2382015424980048,0.36269873116535123,-1.54e-06,2.047882542389013,3.0393205359588604,-34.491432370765075,1.0052136313683062,12.587407552939302,0.12067054082980143,-44.77088860185631,-1.1573229341274334,-72.88212914251098,0.6295741068180681,77.63515301656366,0.2719344611720337,-0.32117837264390053,0.00015748,0.3211266933446197,0.00081957,1,0.0
5728,0.15990051897893043,0.5383693222686793,-1.54e-06,2.047882542389013,3.0393205359588604,93.63721082479942,1.0052136313683062,30.977972472474523,0.12067054082980143,-93.92082320976508,-1.1573229341274334,0.565341674804142,0.6295741068180681,-8.979323865773065,0.2719344611720337,0.10688935297358693,0.00015748,0.9506365262673601,0.00081957,0,0.0
5729,0.2584443099179695,0.29650156063688365,-1.54e-06,2.047882542389013,3.0393205359588604,57.56425353797942,1.0052136313683062,4.927817181372377,0.12067054082980143,-24.148987447999716,-1.1573229341274334,16.987440658200544,0.6295741068180681,-10.166236043066231,0.2719344611720337,0.27357453182487446,0.00015748,0.7883419290720334,0.00081957,0,0.0
5730,0.4834877648178048,0.2675517940941547,-1.54e-06,2.047882542389013,3.0393205359588604,17.915146173156057,1.0052136313683062,13.095941500061102,0.12067054082980143,-42.000578721359034,-1.1573229341274334,-45.27289699426742,0.6295741068180681,28.650528066850985,0.2719344611720337,-0.2744779428735798,0.00015748,0.37660441096463854,0.00081957,1,0.0
5731,-0.3582812086785903,1.6602843753924772,-1.54e-06,2.047882542389013,3.0393205359588604,48.24799471455518,1.0052136313683062,3.8946545772629957,0.12067054082980143,-1e-20,-1.1573229341274334,78.05916384832537,0.6295741068180681,-55.22504574209783,0.2719344611720337,-0.06532727194647747,0.00015748,1.2068699766142805,0.00081957,1,0.0
5732,0.7429452091483273,0.07759836242095551,-1.54e-06,2.047882542389013,3.0393205359588604,-74.58819793979175,1.0052136313683062,6.618532214787566,0.12067054082980143,-77.39980778668036,-1.1573229341274334,32.825783590437965,0.6295741068180681,90.56137877359726,0.2719344611720337,-0.10879508878634415,0.00015748,0.10861651569456567,0.00081957,1,0.0
5733,0.5479163506302023,0.06440225754791966,-1.54e-06,2.047882542389013,3.0393205359588604,-38.98639868128192,1.0052136313683062,2.2255013916171813,0.12067054082980143,-13.504764447801856,-1.1573229341274334,-9.972818500569497,0.6295741068180681,38.29185720312762,0.2719344611720337,-0.07612826185864985,0.00015748,0.07588101881793297,0.00081957,1,0.0
5734,0.070197627136871,0.011439264058171321,-1.54e-06,2.047882542389013,3.0393205359588604,-42.76973721354707,1.0052136313683062,3.583085532154669,0.12067054082980143,-66.49195145583965,-1.1573229341274334,63.311143032926296,0.6295741068180681,50.21902052334638,0.2719344611720337,-0.05686381522447188,0.00015748,0.058893300612521134,0.00081957,1,0.0
5735,0.35163602736477056,0.12622214942030413,-1.54e-06,2.047882542389013,3.0393205359588604,-26.93120214489719,1.0052136313683062,8.284225543284508,0.12067054082980143,-74.00725133128354,-1.1573229341274334,22.73629630533221,0.6295741068180681,59.581109987251665,0.2719344611720337,-0.222049298302756,0.00015748,0.23897687373515164,0.00081957,1,0.0
5736,0.4231164128576989,0.13387986386209685,-1.54e-06,2.047882542389013,3.0393205359588604,-75.15097456286007,1.0052136313683062,-3.9741637755293135,0.12067054082980143,-49.83735748308784,-1.1573229341274334,60.43556034943202,0.6295741068180681,71.14116908242308,0.2719344611720337,-0.14652286639551615,0.00015748,0.15219444451780612,0.00081957,1,0.0
5737,1.3281762093682656,0.5765780350334158,-1.54e-06,2.047882542389013,3.0393205359588604,28.102893807918626,1.0052136313683062,25.288777217094367,0.12067054082980143,-97.23799976501302,-1.1573229341274334,-43.70311037681212,0.6295741068180681,68.45508293768641,0.2719344611720337,0.23068471130358292,0.00015748,0.7703817488857582,0.00081957,0,0.0
5738,0.00276936108311443,0.1064930605664664,-1.54e-06,2.047882542389013,3.0393205359588604,77.70936700856807,1.0052136313683062,8.160104666329715,0.12067054082980143,-22.60668233007916,-1.1573229341274334,23.4009463317793,0.6295741068180681,-32.564883036691896,0.2719344611720337,0.37394133166432497,0.00015748,0.7561572546698823,0.00081957,0,0.0
5739,1.7534376404659988,0.8439430029918253,-1.54e-06,2.047882542389013,3.0393205359588604,49.10454674712534,1.0052136313683062,28.85045759729131,0.12067054082980143,-99.91340219887775,-1.1573229341274334,-78.82233097586298,0.6295741068180681,75.53134153705278,0.2719344611720337,0.320158424354826,0.00015748,0.9979941198025429,0.00081957,0,0.0
5740,0.7221800800914457,0.262400314304383,-1.54e-06,2.047882542389013,3.0393205359588604,92.36321253691194,1.0052136313683062,20.094649315174003,0.12067054082980143,-37.630348658795015,-1.1573229341274334,-64.01368039308527,0.6295741068180681,-5.980263442702041,0.2719344611720337,0.37903993389603285,0.00015748,0.7204156357870259,0.00081957,0,0.0
5741,0.7462708257965782,0.22471521773446687,-1.54e-06,2.047882542389013,3.0393205359588604,35.18822186134419,1.0052136313683062,20.053679749485756,0.12067054082980143,-95.45997889947924,-1.1573229341274334,11.134392734517542,0.6295741068180681,44.73492804480661,0.2719344611720337,0.3978185990362385,0.00015748,0.6406985879690666,0.00081957,0,0.0
5742,0.17971268320738898,0.12964051171197913,-1.54e-06,2.047882542389013,3.0393205359588604,10.945229738777677,1.0052136313683062,9.009649571767048,0.12067054082980143,-38.53378362296244,-1.1573229341274334,-15.492635740865913,0.6295741068180681,20.423894916086752,0.2719344611720337,-0.24009740929215675,0.00015748,0.25378963040818436,0.00081957,1,0.0
5743,0.21949953246813714,0.0855425572908629,-1.54e-06,2.047882542389013,3.0393205359588604,81.79980654163033,1.0052136313683062,15.657215869261236,0.12067054082980143,-49.68311872878342,-1.1573229341274334,-3.2754316748871597,0.6295741068180681,-12.382001813806603,0.2719344611720337,0.43581717462419717,0.00015748,0.5875083908465686,0.00081957,0,0.0
5744,1.0824556254827185,0.20163072871490567,-1.54e-06,2.047882542389013,3.0393205359588604,-52.46746476121406,1.0052136313683062,3.2945037994002386,0.12067054082980143,-10.498493357124064,-1.1573229341274334,-49.475155607579815,0.6295741068180681,62.41837915102632,0.2719344611720337,-0.05024856557393968,0.00015748,0.050559438881466676,0.00081957,1,0.0
5745,1.470021424495397,2.443337041055589,-1.54e-06,2.047882542389013,3.0393205359588604,68.53561637172558,1.0052136313683062,17.026020963834753,0.12067054082980143,-66.0295281961767,-1.1573229341274334,57.6213116701895,0.6295741068180681,16.42425998267363,0.2719344611720337,0.6868055048891841,0.00015748,2.252819329216387,0.00081957,0,0.0
5746,-0.0005333950779784491,0.2667221679213845,-1.54e-06,2.047882542389013,3.0393205359588604,66.35150935488427,1.0052136313683062,18.44262415688414,0.12067054082980143,-80.95394164153683,-1.1573229341274334,88.61738085721554,0.6295741068180681,-15.09248364170517,0.2719344611720337,0.3675326902140148,0.00015748,1.1948059437982932,0.00081957,0,0.0
5747,0.3201382881897536,0.15752416199236488,-1.54e-06,2.047882542389013,3.0393205359588604,14.091601742472042,1.0052136313683062,7.406863656163988,0.12067054082980143,-30.412213148417603,-1.1573229341274334,-22.32594178906015,0.6295741068180681,20.272187030567103,0.2719344611720337,-0.12317081104585417,0.00015748,0.27716753778257663,0.00081957,1,0.0
5748,1.2641295732350333,0.5001538836995176,-1.54e-06,2.047882542389013,3.0393205359588604,56.89301826086668,1.0052136313683062,26.76975924431455,0.12067054082980143,-88.21540576926171,-1.1573229341274334,-55.65871237860124,0.6295741068180681,48.772341125833115,0.2719344611720337,0.329757725352892,0.00015748,0.8533139627473298,0.00081957,0,0.0
5749,0.37443953421107057,0.12667972725834065,-1.54e-06,2.047882542389013,3.0393205359588604,-22.630011740357954,1.0052136313683062,10.305465490745458,0.12067054082980143,-70.52514409188414,-1.1573229341274334,11.591569937375425,0.6295741068180681,55.136522981368806,0.2719344611720337,-0.24815485065928475,0.00015748,0.2506346535267233,0.00081957,1,0.0
5750,0.0006705576307778349,0.04700043257558302,-1.54e-06,2.047882542389013,3.0393205359588604,47.43007575234755,1.0052136313683062,12.528711790964454,0.12067054082980143,-77.83401017963914,-1.1573229341274334,66.64998057776323,0.6295741068180681,5.832740057354497,0.2719344611720337,0.43824314193218894,0.00015748,0.5886916515523598,0.00081957,0,0.0
5751,1.1347965638211313,0.5204391337316913,-1.54e-06,2.047882542389013,3.0393205359588604,64.48881319921621,1.0052136313683062,18.852944641044168,0.12067054082980143,-62.17813491260416,-1.1573229341274334,-53.97402752552556,0.6295741068180681,34.2276320468761,0.2719344611720337,0.33696244874507797,0.00015748,0.867378556842048,0.00081957,0,0.0
5752,0.6722823409925369,0.23959005315227844,-1.54e-06,2.047882542389013,3.0393205359588604,-0.7366379266858814,1.0052136313683062,12.71314061198755,0.12067054082980143,-39.10921111983616,-1.1573229341274334,-54.28496024205187,0.6295741068180681,41.18170856339879,0.2719344611720337,-0.3203307852361878,0.00015748,0.3274766486184925,0.00081957,1,0.0
5753,0.010904352111400062,0.3632650845746577,-1.54e-06,2.047882542389013,3.0393205359588604,-87.28748166935175,1.0052136313683062,-8.121788247608352,0.12067054082980143,-23.21179913622007,-1.1573229341274334,98.54037772476575,0.6295741068180681,41.33136445824102,0.2719344611720337,-0.41256822660288356,0.00015748,0.3925868798166729,0.00081957,1,0.0
5754,0.21429465157866634,0.22263773065305587,-1.54e-06,2.047882542389013,3.0393205359588604,-80.87948796189922,1.0052136313683062,1.1655211905188325,0.12067054082980143,-53.83930840224067,-1.1573229341274334,81.02266432517621,0.6295741068180681,57.70989451455829,0.2719344611720337,-0.31101589687458137,0.00015748,0.30766521540464514,0.00081957,1,0.0
5755,0.21433212611633856,0.11444230306410005,-1.54e-06,2.047882542389013,3.0393205359588604,-6.104335677636083,1.0052136313683062,9.074106803337836,0.12067054082980143,-55.56074121449621,-1.1573229341274334,4.819950859218803,0.6295741068180681,36.4379686601454,0.2719344611720337,-0.2348667576750511,0.00015748,0.23806243076345807,0.00081957,1,0.0
5756,0.6415872336637352,0.30437478626225994,-1.54e-06,2.047882542389013,3.0393205359588604,51.16677636836649,1.0052136313683062,16.233786231938296,0.12067054082980143,-41.27271514259215,-1.1573229341274334,-45.937765389448586,0.6295741068180681,13.27321492000054,0.2719344611720337,0.16272108970311505,0.00015748,0.5292697205080292,0.00081957,0,0.0
5757,0.5274201949403539,0.14371927113250116,-1.54e-06,2.047882542389013,3.0393205359588604,69.50011055081708,1.0052136313683062,21.75056223319643,0.12067054082980143,-88.02215289766164,-1.1573229341274334,-0.027536616848159938,0.6295741068180681,19.994879640693227,0.2719344611720337,0.3794459887610382,0.00015748,0.7317946322064557,0.00081957,0,0.0
5758,-0.0004336682169183703,0.0845917835634746,-1.54e-06,2.047882542389013,3.0393205359588604,-0.546577057893155,1.0052136313683062,5.493370265302641,0.12067054082980143,-46.75761252942934,-1.1573229341274334,33.58544555344982,0.6295741068180681,20.285067984627194,0.2719344611720337,0.02713337264064994,0.00015748,0.15636511673053646,0.00081957,0,0.0
5759,0.7927492913815963,0.49642053720807167,-1.54e-06,2.047882542389013,3.0393205359588604,-53.549727242928974,1.0052136313683062,-5.206156511958682,0.12067054082980143,-20.869413122060386,-1.1573229341274334,-7.4460718028920105,0.6295741068180681,67.62718464505322,0.2719344611720337,-0.33182400191243683,0.00015748,0.3342740564134275,0.00081957,1,0.0
5760,-0.03763389858181332,0.9992900898051943,-1.54e-06,2.047882542389013,3.0393205359588604,3.449270320519099,1.0052136313683062,11.988440231319302,0.12067054082980143,-11.489598841026309,-1.1573229341274334,3.587990117096923,0.6295741068180681,-13.940304038528854,0.2719344611720337,-0.4723682645918791,0.00015748,0.5931470351551597,0.00081957,1,0.0
5761,1.6022605346220162,1.9347859538379326,-1.54e-06,2.047882542389013,3.0393205359588604,74.87125583572309,1.0052136313683062,10.743531123042885,0.12067054082980143,-73.57379233174085,-1.1573229341274334,-24.505834957324595,0.6295741068180681,55.86660347817036,0.2719344611720337,0.279455047247416,0.00015748,1.7549101472180937,0.00081957,0,0.0
5762,1.3599523199065204,0.3448328869064936,-1.54e-06,2.047882542389013,3.0393205359588604,-78.9394181632895,1.0052136313683062,1.8626569457262308,0.12067054082980143,-9.736540690273653,-1.1573229341274334,-49.44445715225817,0.6295741068180681,81.1974736258064,0.2719344611720337,-0.03148401376398405,0.00015748,0.032056537120705914,0.00081957,1,0.0
5763,0.26969848899181037,0.08578342864254807,-1.54e-06,2.047882542389013,3.0393205359588604,80.10375710604559,1.0052136313683062,18.139426309157773,0.12067054082980143,-77.4334600894909,-1.1573229341274334,11.698731508243185,0.6295741068180681,4.016807037436122,0.2719344611720337,0.3921682745521614,0.00015748,0.7111791082475035,0.00081957,0,0.0
5764,0.0016361941400087066,0.03389426246475837,-1.54e-06,2.047882542389013,3.0393205359588604,86.4470890342687,1.0052136313683062,16.439607304558212,0.12067054082980143,-64.35652049379327,-1.1573229341274334,19.894110504332946,0.6295741068180681,-14.793718642691722,0.2719344611720337,0.4280608162053809,0.00015748,0.6040496372231663,0.00081957,0,0.0
5765,1.3888381366555493,0.3357161695834627,-1.54e-06,2.047882542389013,3.0393205359588604,-52.93609781819429,1.0052136313683062,7.9997270877542,0.12067054082980143,-19.00874841779984,-1.1573229341274334,-77.90929786876089,0.6295741068180681,76.42263505121396,0.2719344611720337,-0.1641916796592388,0.00015748,0.1649180653357813,0.00081957,1,0.0
5766,1.034734177420576,0.36602415210973294,-1.54e-06,2.047882542389013,3.0393205359588604,98.11474833977714,1.0052136313683062,30.52243881205067,0.12067054082980143,-91.0889396632128,-1.1573229341274334,-62.26488956421779,0.6295741068180681,24.797490570462532,0.2719344611720337,0.33190923364856595,0.00015748,1.0079938855164317,0.00081957,0,0.0
5767,1.5533096581840058,1.0736299317604394,-1.54e-06,2.047882542389013,3.0393205359588604,69.97316020122983,1.0052136313683062,14.870687429877275,0.12067054082980143,-34.377014713868704,-1.1573229341274334,-89.0448557500771,0.6295741068180681,35.019812260700796,0.2719344611720337,0.32247241872983035,0.00015748,1.109143762391918,0.00081957,0,0.0
5768,0.4776349536904434,0.23487917903003322,-1.54e-06,2.047882542389013,3.0393205359588604,63.59757499467131,1.0052136313683062,14.829209358638888,0.12067054082980143,-33.649295605811915,-1.1573229341274334,-38.378647591925905,0.6295741068180681,-1.4259723736266974,0.2719344611720337,0.25273119455320137,0.00015748,0.516440278450525,0.00081957,0,0.0
5769,0.0007901034312599586,0.28604982289894954,-1.54e-06,2.047882542389013,3.0393205359588604,55.12494684529964,1.0052136313683062,5.309775690908008,0.12067054082980143,-45.06533777338909,-1.1573229341274334,93.24759123258289,0.6295741068180681,-19.19535602509756,0.2719344611720337,0.2958877336203389,0.00015748,1.2528434677539206,0.00081957,0,0.0
5770,0.8085156331601694,0.16572288202912494,-1.54e-06,2.047882542389013,3.0393205359588604,-73.74831948129803,1.0052136313683062,-1.5692736998914132,0.12067054082980143,-17.49026965434223,-1.1573229341274334,4.194929078281419,0.6295741068180681,64.05535427779085,0.2719344611720337,-0.11473717088944907,0.00015748,0.11509172500768758,0.00081957,1,0.0
5771,0.3108776207011263,0.019929126987340146,-1.54e-06,2.047882542389013,3.0393205359588604,-24.768765741592027,1.0052136313683062,0.1622967146377005,0.12067054082980143,-10.536407932744284,-1.1573229341274334,-0.3498217815851481,0.6295741068180681,25.56297487483512,0.2719344611720337,-0.011243628237630178,0.00015748,0.01421094251349413,0.00081957,1,0.0
5772,-0.5165665285438769,1.9958522179685638,-1.54e-06,2.047882542389013,3.0393205359588604,0.0924255832610872,1.0052136313683062,1.0810023161006495,0.12067054082980143,-8.127274677839301,-1.1573229341274334,91.75940558574729,0.6295741068180681,-31.869795789193308,0.2719344611720337,-0.3379863222901033,0.00015748,0.8382160850803958,0.00081957,1,0.0
5773,0.00014451797275871758,0.1152187705127765,-1.54e-06,2.047882542389013,3.0393205359588604,-17.55228438099189,1.0052136313683062,5.451455842356298,0.12067054082980143,-74.55826414433179,-1.1573229341274334,75.36066722988548,0.6295741068180681,38.72289190712608,0.2719344611720337,0.15480438020120726,0.00015748,0.1739741313771401,0.00081957,0,0.0
5774,-0.0011185227769170414,0.1422801078843623,-1.54e-06,2.047882542389013,3.0393205359588604,89.45834732653164,1.0052136313683062,16.699865385442994,0.12067054082980143,-93.91585747657201,-1.1573229341274334,79.7605616115775,0.6295741068180681,-8.406448708856178,0.2719344611720337,0.6488725016777933,0.00015748,0.964285533112316,0.00081957,0,0.0
5775,0.3045462761333475,0.191102206146092,-1.54e-06,2.047882542389013,3.0393205359588604,37.96864808766352,1.0052136313683062,10.533960766613898,0.12067054082980143,-35.95190211595529,-1.1573229341274334,-14.424048065534556,0.6295741068180681,7.498708794940295,0.2719344611720337,0.1340130758601094,0.00015748,0.3738562183062765,0.00081957,0,0.0
5776,0.699476072082926,0.20673096794616735,-1.54e-06,2.047882542389013,3.0393205359588604,36.183834658166276,1.0052136313683062,19.134265513167772,0.12067054082980143,-91.86768011456309,-1.1573229341274334,13.531178442453927,0.6295741068180681,41.206912449300894,0.2719344611720337,0.4163888483188376,0.00015748,0.620405670579615,0.00081957,0,0.0
5777,0.8700868021698673,0.3061292352436549,-1.54e-06,2.047882542389013,3.0393205359588604,49.57559393122448,1.0052136313683062,20.243449671197613,0.12067054082980143,-70.85208149302977,-1.1573229341274334,-26.94317290809966,0.6295741068180681,31.5869620755615,0.2719344611720337,0.37308768755762334,0.00015748,0.6578470481463091,0.00081957,0,0.0
5778,0.014093985060550374,0.026940441212386274,-1.54e-06,2.047882542389013,3.0393205359588604,-44.08068232220799,1.0052136313683062,4.829266385191581,0.12067054082980143,-81.3318545605382,-1.1573229341274334,76.0136922730367,0.6295741068180681,56.107368342375786,0.2719344611720337,-0.08334754831907132,0.00015748,0.08634141213041407,0.00081957,1,0.0
5779,-0.016782700678115825,0.6747774746335271,-1.54e-06,2.047882542389013,3.0393205359588604,-46.35462384335757,1.0052136313683062,10.707226497646177,0.12067054082980143,-70.49388700529074,-1.1573229341274334,78.50877749310199,0.6295741068180681,36.85614107309735,0.2719344611720337,-0.41334975707492244,0.00015748,0.52720397083925,0.00081957,1,0.0
5780,0.10127500441484993,0.10097816387198216,-1.54e-06,2.047882542389013,3.0393205359588604,-4.261284519726434,1.0052136313683062,7.939168034245943,0.12067054082980143,-56.83632064958402,-1.1573229341274334,19.495407892371468,0.6295741068180681,32.0851110685378,0.2719344611720337,-0.16369117561763505,0.00015748,0.21692468321866779,0.00081957,1,0.0
5781,0.931515661790998,0.17330229582944182,-1.54e-06,2.047882542389013,3.0393205359588604,-53.67025999128635,1.0052136313683062,9.72990461474054,0.12067054082980143,-65.6260392013335,-1.1573229341274334,-12.980166952096141,0.6295741068180681,83.9990315431227,0.2719344611720337,-0.21259641537740043,0.00015748,0.21525077246717522,0.00081957,1,0.0
5782,1.1377875347043584,0.4091218082193568,-1.54e-06,2.047882542389013,3.0393205359588604,63.1488309438384,1.0052136313683062,26.730900522453485,0.12067054082980143,-92.41555921840732,-1.1573229341274334,-44.896767364356705,0.6295741068180681,43.95962923287214,0.2719344611720337,0.34983103227384843,0.00015748,0.8663548122039013,0.00081957,0,0.0
5783,0.5154181683689163,0.14870037395600602,-1.54e-06,2.047882542389013,3.0393205359588604,-11.704307689302,1.0052136313683062,10.09873127095498,0.12067054082980143,-48.83967097045672,-1.1573229341274334,-22.38333558063984,0.6295741068180681,45.72898914161346,0.2719344611720337,-0.2614865065440044,0.00015748,0.2635278228673097,0.00081957,1,0.0
5784,-3.901089493330012e-05,0.04624632017677006,-1.54e-06,2.047882542389013,3.0393205359588604,62.668730498439984,1.0052136313683062,15.999101087335221,0.12067054082980143,-93.9363828405426,-1.1573229341274334,67.63954500097663,0.6295741068180681,6.8249336142368815,0.2719344611720337,0.5546558345592386,0.00015748,0.6003481875497333,0.00081957,0,0.0
5785,0.047812014292494376,0.049326661163344304,-1.54e-06,2.047882542389013,3.0393205359588604,49.85469000636011,1.0052136313683062,12.865252056344495,0.12067054082980143,-83.06612219864775,-1.1573229341274334,61.28553203196964,0.6295741068180681,11.125173936964057,0.2719344611720337,0.44406359377521687,0.00015748,0.5700491042115587,0.00081957,0,0.0
5786,0.025837262664454907,0.04687902658219852,-1.54e-06,2.047882542389013,3.0393205359588604,4.781973051219394,1.0052136313683062,5.101915187351558,0.12067054082980143,-29.394909462589382,-1.1573229341274334,3.4607635956271317,0.6295741068180681,13.296502601971328,0.2719344611720337,-0.13626542170670322,0.00015748,0.1448071820251661,0.00081957,1,0.0
5787,1.1667937104946744,0.36756881966832233,-1.54e-06,2.047882542389013,3.0393205359588604,-17.966966688337987,1.0052136313683062,13.315942779535359,0.12067054082980143,-31.77381238547766,-1.1573229341274334,-88.9561291308142,0.6295741068180681,61.81389402876817,0.2719344611720337,-0.3403386212955079,0.00015748,0.34020870122634034,0.00081957,1,0.0
5788,0.004136346402484059,0.08850675795046807,-1.54e-06,2.047882542389013,3.0393205359588604,-52.766293242493525,1.0052136313683062,-5.819807133639061,0.12067054082980143,-21.72808828043945,-1.1573229341274334,65.64654964837823,0.6295741068180681,31.134613203608357,0.2719344611720337,-0.19891607386670077,0.00015748,0.19917176586124832,0.00081957,1,0.0
5789,1.574693898726396,1.0030049134918784,-1.54e-06,2.047882542389013,3.0393205359588604,46.38173979712805,1.0052136313683062,18.05855538932208,0.12067054082980143,-52.51162435362498,-1.1573229341274334,-94.31888505089664,0.6295741068180681,55.92013797884014,0.2719344611720337,0.14789460399414872,0.00015748,0.905409235437115,0.00081957,0,0.0
5790,1.0804412222561397,0.4784819646439693,-1.54e-06,2.047882542389013,3.0393205359588604,-6.6530225597758825,1.0052136313683062,17.19738395482525,0.12067054082980143,-50.52827986224574,-1.1573229341274334,-84.43359621900909,0.6295741068180681,62.93732680793264,0.2719344611720337,-0.42873783870414744,0.00015748,0.4477405470570009,0.00081957,1,0.0
5791,0.12964217708247605,0.057388410703216805,-1.54e-06,2.047882542389013,3.0393205359588604,41.67861902218263,1.0052136313683062,14.314736398913698,0.12067054082980143,-88.96999278496024,-1.1573229341274334,61.29684504403802,0.6295741068180681,18.6947810452658,0.2719344611720337,0.4864023107130937,0.00015748,0.5094905302906083,0.00081957,0,0.0
5792,0.0028186337666120664,0.11822298410996607,-1.54e-06,2.047882542389013,3.0393205359588604,-6.340480081919461,1.0052136313683062,7.706541023243356,0.12067054082980143,-75.47396292354615,-1.1573229341274334,62.91963010840743,0.6295741068180681,34.611381334963845,0.2719344611720337,0.10912494441455735,0.00015748,0.2207192906574884,0.00081957,0,0.0
5793,1.1554117414579266,0.4365190911240928,-1.54e-06,2.047882542389013,3.0393205359588604,90.31855219515288,1.0052136313683062,30.360642025644758,0.12067054082980143,-86.10079645799648,-1.1573229341274334,-70.5348493385683,0.6295741068180681,29.114542921870747,0.2719344611720337,0.33560280968341144,0.00015748,0.9800633727081729,0.00081957,0,0.0
5794,0.949569158973721,2.0893106688596816,-1.54e-06,2.047882542389013,3.0393205359588604,4.10894246311978,1.0052136313683062,-6.2332830954463905,0.12067054082980143,-46.578816483546895,-1.1573229341274334,84.2986686144179,0.6295741068180681,46.18200777039435,0.2719344611720337,0.06593978100181008,0.00015748,1.7105842952790136,0.00081957,0,0.0
5795,-0.00885917000042713,0.27131093143665364,-1.54e-06,2.047882542389013,3.0393205359588604,-10.306044684740566,1.0052136313683062,4.685864113846616,0.12067054082980143,-21.746904124713147,-1.1573229341274334,32.716521561637705,0.6295741068180681,5.064810369254185,0.2719344611720337,-0.15404392584258217,0.00015748,0.35107982536886706,0.00081957,1,0.0
5796,0.5879129562362684,0.12165302626955524,-1.54e-06,2.047882542389013,3.0393205359588604,-37.19472632400432,1.0052136313683062,10.0787016972725,0.12067054082980143,-70.27254583889595,-1.1573229341274334,5.50571726784946,0.6295741068180681,67.71166786052015,0.2719344611720337,-0.22713819099670468,0.00015748,0.2299650581613592,0.00081957,1,0.0
5797,1.572453547586003,0.8682153206932326,-1.54e-06,2.047882542389013,3.0393205359588604,39.89899875533636,1.0052136313683062,28.488699191869546,0.12067054082980143,-84.78338693098273,-1.1573229341274334,-93.75705901881665,0.6295741068180681,67.27241034028907,0.2719344611720337,0.05593637403832796,0.00015748,0.8611731532522263,0.00081957,0,0.0
5798,2.1184958662006252,3.8192708257369956,-1.54e-06,2.047882542389013,3.0393205359588604,17.155194252974784,1.0052136313683062,-2.26928377944327,0.12067054082980143,-36.6457177458078,-1.1573229341274334,14.832413756747908,0.6295741068180681,71.83580999298964,0.2719344611720337,0.23905431709118985,0.00015748,2.2665880525248987,0.00081957,0,0.0
5799,1.1033789554349942,0.1789826152890113,-1.54e-06,2.047882542389013,3.0393205359588604,-84.74648086401073,1.0052136313683062,5.849754994734996,0.12067054082980143,-60.84879583922138,-1.1573229341274334,1.3966043183769004,0.6295741068180681,99.13434434786612,0.2719344611720337,-0.0840244525370849,0.00015748,0.084479805243595,0.00081957,1,0.0
5800,-1.229344276416814,6.482551872615256,-1.54e-06,3.019357154622817,1.8232075802162506,-47.03190263584565,1.0052136313683062,-0.34650725903626217,0.12067054082980143,-68.34604762530425,-1.1573229341274334,75.53141535584587,0.6295741068180681,46.444734726423924,0.2719344611720337,-0.07427583932019655,0.00015748,6.1913329448109655,0.00081957,1,0.0
5801,0.2391574585082803,0.08558554228435206,-1.54e-06,3.019357154622817,1.8232075802162506,36.438835766937586,1.0052136313683062,4.780744928953777,0.12067054082980143,-30.098365914653833,-1.1573229341274334,1.4579888880307539,0.6295741068180681,5.462705257752163,0.2719344611720337,0.44154906991687526,0.00015748,0.5490451520106817,0.00081957,0,0.0
5802,-1.1863880410654333,2.7987986595225407,-1.54e-06,3.019357154622817,1.8232075802162506,31.612826362090267,1.0052136313683062,5.582298954858638,0.12067054082980143,-80.92999683018377,-1.1573229341274334,63.18432940914535,0.6295741068180681,15.132847818908449,0.2719344611720337,0.5360973249248233,0.00015748,7.584613843301543,0.00081957,0,0.0
5803,-0.9870669380983137,2.325565980806496,-1.54e-06,3.019357154622817,1.8232075802162506,52.93512500342753,1.0052136313683062,1.6153526575158255,0.12067054082980143,-16.426371257202305,-1.1573229341274334,22.49494279217579,0.6295741068180681,-31.275262693661354,0.2719344611720337,0.29431442400543695,0.00015748,5.267369551421966,0.00081957,0,0.0
5804,-1.2150511726823225,4.811469090771602,-1.54e-06,3.019357154622817,1.8232075802162506,-98.54823435346194,1.0052136313683062,-4.537281157672122,0.12067054082980143,-34.6083306925023,-1.1573229341274334,55.375163974674294,0.6295741068180681,55.60702089253768,0.2719344611720337,-0.6003361480549058,0.00015748,0.7092324829558604,0.00081957,1,0.0
5805,-0.28504228806764775,0.9211525553335786,-1.54e-06,3.019357154622817,1.8232075802162506,50.0029711508888,1.0052136313683062,8.887141406855907,0.12067054082980143,-89.3041984851149,-1.1573229341274334,41.09792164555878,0.6295741068180681,27.8493108351166,0.2719344611720337,0.8896439575462971,0.00015748,4.434810773225123,0.00081957,0,0.0
5806,1.0267893295029764,0.27620803538911964,-1.54e-06,3.019357154622817,1.8232075802162506,-80.95909102808307,1.0052136313683062,-0.6619814736310219,0.12067054082980143,-39.14591636187698,-1.1573229341274334,27.53994963591501,0.6295741068180681,76.02348998961143,0.2719344611720337,-0.1696218274006704,0.00015748,0.1756697409303582,0.00081957,1,0.0
5807,2.318442059114517,4.854087566953629,-1.54e-06,3.019357154622817,1.8232075802162506,1.5071079416014699,1.0052136313683062,3.0376083422185314,0.12067054082980143,-39.87855819325005,-1.1573229341274334,-1.5720980724063645,0.6295741068180681,58.06542593265864,0.2719344611720337,-0.22330810524752243,0.00015748,1.6019079956557252,0.00081957,1,0.0
5808,0.6788305459612785,0.5900481364761603,-1.54e-06,3.019357154622817,1.8232075802162506,45.57057787575749,1.0052136313683062,4.913096973884442,0.12067054082980143,-17.25024657944643,-1.1573229341274334,-12.459744629340975,0.6295741068180681,-2.2249377886352586,0.2719344611720337,0.01230105329738762,0.00015748,0.5262501484154295,0.00081957,0,0.0
5809,-0.9166870972361814,2.3438125259398865,-1.54e-06,3.019357154622817,1.8232075802162506,-29.37945244216466,1.0052136313683062,2.964946833735404,0.12067054082980143,-99.71863158035207,-1.1573229341274334,86.83042940043923,0.6295741068180681,60.89029101876449,0.2719344611720337,0.28894391580873346,0.00015748,7.9709184811167795,0.00081957,0,0.0
5810,-2.3699646942824892,5.077004488621155,-1.54e-06,3.019357154622817,1.8232075802162506,81.31819013267233,1.0052136313683062,6.2669033253944955,0.12067054082980143,-79.31254902154771,-1.1573229341274334,71.62469406299608,0.6295741068180681,-25.98206603002142,0.2719344611720337,0.7007087518408133,0.00015748,10.302086093136964,0.00081957,0,0.0
5811,1.284937540395702,1.004750761117874,-1.54e-06,3.019357154622817,1.8232075802162506,-87.54414378697956,1.0052136313683062,-3.3442221485169266,0.12067054082980143,-7.142346124824202,-1.1573229341274334,14.601222247977901,0.6295741068180681,59.213200487019144,0.2719344611720337,-0.4256983334994802,0.00015748,0.39660237892339373,0.00081957,1,0.0
5812,0.0032262507637152993,0.12768815406387543,-1.54e-06,3.019357154622817,1.8232075802162506,30.189966003917924,1.0052136313683062,4.351236105417357,0.12067054082980143,-29.459396436327214,-1.1573229341274334,8.291357449325032,0.6295741068180681,2.309352531168052,0.2719344611720337,0.3471461451149208,0.00015748,1.5672222632763915,0.00081957,0,0.0
5813,-0.2839702849801,1.7173566745151057,-1.54e-06,3.019357154622817,1.8232075802162506,-99.96426486500822,1.0052136313683062,-5.789785653343044,0.12067054082980143,-14.548323161659745,-1.1573229341274334,38.826397948237215,0.6295741068180681,54.204679734896644,0.2719344611720337,-0.6499573956952976,0.00015748,0.6596509970287753,0.00081957,1,0.0
5814,0.139138115432766,0.0004961488690128898,-1.54e-06,3.019357154622817,1.8232075802162506,31.52092309411052,1.0052136313683062,7.518771201277515,0.12067054082980143,-67.74442809557102,-1.1573229341274334,18.61184146441325,0.6295741068180681,32.47824578518263,0.2719344611720337,0.40612632541676774,0.00015748,0.7989434356913385,0.00081957,0,0.0
5815,-0.45097918404947546,1.258875992750314,-1.54e-06,3.019357154622817,1.8232075802162506,48.50008525634171,1.0052136313683062,7.249173343441596,0.12067054082980143,-56.25695342500043,-1.1573229341274334,26.451215902716633,0.6295741068180681,1.3703187262288985,0.2719344611720337,0.5277284667912698,0.00015748,4.029639827567305,0.00081957,0,0.0
5816,-1.2851242745885725,8.937069198660966,-1.54e-06,3.019357154622817,1.8232075802162506,-49.648923333303216,1.0052136313683062,5.151937497355818,0.12067054082980143,-79.57844471683862,-1.1573229341274334,60.004975573192475,0.6295741068180681,51.17444780496862,0.2719344611720337,-0.7513373490895714,0.00015748,2.710841748187376,0.00081957,1,0.0
5817,-0.1647706991332294,0.6391547608820144,-1.54e-06,3.019357154622817,1.8232075802162506,20.500508237806482,1.0052136313683062,5.372671778864104,0.12067054082980143,-58.224836596099706,-1.1573229341274334,31.866820239397708,0.6295741068180681,21.537406310463375,0.2719344611720337,0.45762841808871135,0.00015748,3.6613907479777237,0.00081957,0,0.0
5818,-0.3049146922703938,2.195914878593665,-1.54e-06,3.019357154622817,1.8232075802162506,-41.734115609753495,1.0052136313683062,1.75497560132345,0.12067054082980143,-90.26208137916427,-1.1573229341274334,78.11714598777507,0.6295741068180681,69.6093705226795,0.2719344611720337,0.22036868574458923,0.00015748,7.20099897710841,0.00081957,0,0.0
5819,2.7133256108949677,3.67937784730549,-1.54e-06,3.019357154622817,1.8232075802162506,-9.599190566939306,1.0052136313683062,4.451751588247169,0.12067054082980143,-22.03533380581979,-1.1573229341274334,-18.51347983892642,0.6295741068180681,49.37974010489455,0.2719344611720337,-0.4314062161797875,0.00015748,0.4096553030451006,0.00081957,1,0.0
5820,-1.4734329008932812,7.739170786215805,-1.54e-06,3.019357154622817,1.8232075802162506,-42.87882081516776,1.0052136313683062,-1.081619726437035,0.12067054082980143,-66.18942246100463,-1.1573229341274334,79.2632113901621,0.6295741068180681,40.217927839714626,0.2719344611720337,-0.09486439773801658,0.00015748,6.908280870042116,0.00081957,1,0.0
5821,2.500961041615917,2.6564408070379026,-1.54e-06,3.019357154622817,1.8232075802162506,-57.42608010547178,1.0052136313683062,0.7901495634572503,0.12067054082980143,-22.81778536935865,-1.1573229341274334,-0.9528216225726086,0.6295741068180681,70.94720071062983,0.2719344611720337,-0.16231725588324644,0.00015748,0.14915953410868157,0.00081957,1,0.0
5822,5.162581960034863,16.856664670140994,-1.54e-06,3.019357154622817,1.8232075802162506,68.8447983151865,1.0052136313683062,11.977890898601972,0.12067054082980143,-29.66491554123405,-1.1573229341274334,-64.11863032953181,0.6295741068180681,47.812989815191024,0.2719344611720337,-1.3360219476052047,0.00015748,1.343307055385634,0.00081957,1,0.0
5823,-0.5648899430621483,1.5400266801233273,-1.54e-06,3.019357154622817,1.8232075802162506,83.96705869827507,1.0052136313683062,6.098767657454953,0.12067054082980143,-37.525432059909114,-1.1573229341274334,13.71311856137886,0.6295741068180681,-25.278824498044116,0.2719344611720337,0.7365148614176507,0.00015748,4.120054106869373,0.00081957,0,0.0
5824,1.392633915530677,43.24433512202164,-1.54e-06,3.019357154622817,1.8232075802162506,-26.712348814379546,1.0052136313683062,-8.87960025789422,0.12067054082980143,-61.25870353331514,-1.1573229341274334,77.17386070951721,0.6295741068180681,81.10949888024103,0.2719344611720337,-0.7392722994400991,0.00015748,12.943091181451079,0.00081957,1,0.0
5825,4.587198204829787,10.804268952645584,-1.54e-06,3.019357154622817,1.8232075802162506,-5.326559647299459,1.0052136313683062,7.503603183798367,0.12067054082980143,-36.23389478669084,-1.1573229341274334,-33.88105343911897,0.6295741068180681,79.43402616112859,0.2719344611720337,-0.7863985345968021,0.00015748,0.7827816606254845,0.00081957,1,0.0
5826,4.317540932534628,9.689987138115384,-1.54e-06,3.019357154622817,1.8232075802162506,2.7545871528781105,1.0052136313683062,8.41946803667734,0.12067054082980143,-41.38953514300762,-1.1573229341274334,-31.947975106745744,0.6295741068180681,75.59827890730708,0.2719344611720337,-0.8492337162073392,0.00015748,0.8304667805401676,0.00081957,1,0.0
5827,-2.382943265896529,5.3316993021698345,-1.54e-06,3.019357154622817,1.8232075802162506,65.3992946984205,1.0052136313683062,0.10801415532801469,0.12067054082980143,-38.86327523542233,-1.1573229341274334,63.51454678697155,0.6295741068180681,-41.69681570440537,0.2719344611720337,0.29541263396503403,0.00015748,10.507484241530962,0.00081957,0,0.0
5828,3.718642092808253,12.256460297355275,-1.54e-06,3.019357154622817,1.8232075802162506,-88.70549448503728,1.0052136313683062,5.155732315748501,0.12067054082980143,-23.44264662637999,-1.1573229341274334,-29.629781863210493,0.6295741068180681,97.85829975313762,0.2719344611720337,-5.554353591816559,0.00015748,0.2262312108869593,0.00081957,1,0.0
5829,1.2720063177171381,1.273251628421305,-1.54e-06,3.019357154622817,1.8232075802162506,96.57065389336,1.0052136313683062,10.146963653313382,0.12067054082980143,-45.499612591044546,-1.1573229341274334,-18.863616371662296,0.6295741068180681,1.2017453625739387,0.2719344611720337,0.30453812312077483,0.00015748,1.1985792893753846,0.00081957,0,0.0
5830,2.014093619681872,16.167526936319938,-1.54e-06,3.019357154622817,1.8232075802162506,-49.4263028632857,1.0052136313683062,8.767530757809517,0.12067054082980143,-33.69283732780569,-1.1573229341274334,-15.785094891149175,0.6295741068180681,57.20791389877358,0.2719344611720337,-4.418518966215587,0.00015748,1.0905354712889457,0.00081957,1,0.0
5831,3.419228345634848,8.898714571808288,-1.54e-06,3.019357154622817,1.8232075802162506,47.297921297779226,1.0052136313683062,8.204007364807099,0.12067054082980143,-54.68770808013605,-1.1573229341274334,-22.110485691649007,0.6295741068180681,60.614079699958474,0.2719344611720337,-0.5736960855651754,0.00015748,1.7090930217520208,0.00081957,1,0.0
5832,2.834137832883104,5.685351734513779,-1.54e-06,3.019357154622817,1.8232075802162506,79.0020617732277,1.0052136313683062,11.518730935703681,0.12067054082980143,-45.15184851091451,-1.1573229341274334,-34.00105037105867,0.6295741068180681,25.77988993820666,0.2719344611720337,-0.40656702112741117,0.00015748,1.219435221965131,0.00081957,1,0.0
5833,-2.901890798136594,20.1259164921406,-1.54e-06,3.019357154622817,1.8232075802162506,86.68501842212142,1.0052136313683062,12.27584246477082,0.12067054082980143,-58.94057826870169,-1.1573229341274334,40.78153382167762,0.6295741068180681,-60.21231224607373,0.2719344611720337,-0.5587694233669138,0.00015748,6.917843000601695,0.00081957,1,0.0
5834,2.465090240532827,2.6136373388936835,-1.54e-06,3.019357154622817,1.8232075802162506,-69.54346409603262,1.0052136313683062,-0.24960144497506342,0.12067054082980143,-15.979700407662556,-1.1573229341274334,0.03536617183002385,0.6295741068180681,70.37470198297679,0.2719344611720337,-0.10252595034694509,0.00015748,0.09556559762505981,0.00081957,1,0.0
5835,4.5183980947191085,26.17504242192239,-1.54e-06,3.019357154622817,1.8232075802162506,-21.579992917951227,1.0052136313683062,14.915331899525798,0.12067054082980143,-56.22089975808297,-1.1573229341274334,-44.61401705699822,0.6295741068180681,90.32275935341167,0.2719344611720337,-5.424099469539937,0.00015748,1.3893626674398947,0.00081957,1,0.0
5836,-0.0008718288270883612,0.08334990776458777,-1.54e-06,3.019357154622817,1.8232075802162506,81.25274510885899,1.0052136313683062,5.672598625120068,0.12067054082980143,-14.28995243366071,-1.1573229341274334,-14.323015248847737,0.6295741068180681,-28.179657114466035,0.2719344611720337,0.39726955759231075,0.00015748,0.6894384118997249,0.00081957,0,0.0
5837,0.8854992062040958,0.685845619008605,-1.54e-06,3.019357154622817,1.8232075802162506,94.08287186720138,1.0052136313683062,10.148307676932022,0.12067054082980143,-46.534709046018754,-1.1573229341274334,-14.631955708624487,0.6295741068180681,-2.412390491704344,0.2719344611720337,0.31142836266971646,0.00015748,1.1032049453591874,0.00081957,0,0.0
5838,0.009603359651914722,0.0004052049989477333,-1.54e-06,3.019357154622817,1.8232075802162506,13.738867952421238,1.0052136313683062,4.6693424664866745,0.12067054082980143,-48.081603400659255,-1.1573229341274334,17.871092872156,0.6295741068180681,25.337604344238606,0.2719344611720337,0.39132845715242565,0.00015748,0.7914296869679573,0.00081957,0,0.0
5839,-2.3619370569028315,6.817783058367905,-1.54e-06,3.019357154622817,1.8232075802162506,34.17745487367833,1.0052136313683062,-0.07546698145464822,0.12067054082980143,-47.66230596285065,-1.1573229341274334,71.90536271432566,0.6295741068180681,-22.112168753897006,0.2719344611720337,0.16052915550992886,0.00015748,9.922898916323522,0.00081957,0,0.0
5840,-0.7000721991069351,3.386530028964853,-1.54e-06,3.019357154622817,1.8232075802162506,15.043705717920083,1.0052136313683062,0.1652078587315457,0.12067054082980143,-38.343455801857075,-1.1573229341274334,45.56337840061167,0.6295741068180681,4.669647045521891,0.2719344611720337,0.1857456465934617,0.00015748,6.855259952027051,0.00081957,0,0.0
5841,0.8421143974613061,2.549416430086655,-1.54e-06,3.019357154622817,1.8232075802162506,44.74630121148149,1.0052136313683062,2.6494095933002226,0.12067054082980143,-40.87719880335394,-1.1573229341274334,12.135516636817357,0.6295741068180681,21.240488589651257,0.2719344611720337,0.218989964318403,0.00015748,3.5620387929948714,0.00081957,0,0.0
5842,-3.0751744464526656,8.88207377915004,-1.54e-06,3.019357154622817,1.8232075802162506,78.00549026972521,1.0052136313683062,-0.5227511885674353,0.12067054082980143,-17.127774883228177,-1.1573229341274334,58.73118668624912,0.6295741068180681,-74.61244836396033,0.2719344611720337,0.14029966134077654,0.00015748,11.052055136300337,0.00081957,0,0.0
5843,-0.008530694514961246,1.0575400576783645,-1.54e-06,3.019357154622817,1.8232075802162506,-79.97712417227885,1.0052136313683062,0.3772113950618691,0.12067054082980143,-72.52926442843982,-1.1573229341274334,56.56509967535699,0.6295741068180681,85.96601114247733,0.2719344611720337,-0.052256507120735485,0.00015748,1.5129277399090717,0.00081957,1,0.0
5844,6.438095495403636,25.491645933567725,-1.54e-06,3.019357154622817,1.8232075802162506,65.71064150133898,1.0052136313683062,15.768152048097695,0.12067054082980143,-40.24490457095576,-1.1573229341274334,-75.96510083710663,0.6295741068180681,66.34630357768476,0.2719344611720337,-1.6702112345954876,0.00015748,1.5364267275889811,0.00081957,1,0.0
5845,2.9981565743741783,4.894759077946795,-1.54e-06,3.019357154622817,1.8232075802162506,-5.525082641734619,1.0052136313683062,3.7399062236923934,0.12067054082980143,-5.455665607835485,-1.1573229341274334,-29.257954805319578,0.6295741068180681,38.87839454171445,0.2719344611720337,-0.42605985048439726,0.00015748,0.34685799363855646,0.00081957,1,0.0
5846,2.8184118594235326,4.810368528863812,-1.54e-06,3.019357154622817,1.8232075802162506,92.57329419071843,1.0052136313683062,13.45409792002575,0.12067054082980143,-64.14258023565094,-1.1573229341274334,-27.112767418931888,0.6295741068180681,31.929912874002873,0.2719344611720337,0.2653976899546463,0.00015748,1.4476220472621222,0.00081957,0,0.0
5847,3.7236150785423203,9.746173083382725,-1.54e-06,3.019357154622817,1.8232075802162506,-61.40601944098294,1.0052136313683062,3.520863632242265,0.12067054082980143,-0.5582441347089824,-1.1573229341274334,-36.09752293899632,0.6295741068180681,67.72972825143952,0.2719344611720337,-3.1236652392044286,0.00015748,0.19121212162151546,0.00081957,1,0.0
5848,-0.13028215505112772,1.079147089670339,-1.54e-06,3.019357154622817,1.8232075802162506,-13.68542426665801,1.0052136313683062,3.74279775703763,0.12067054082980143,-94.97211056922083,-1.1573229341274334,65.77908847555977,0.6295741068180681,66.06278008842281,0.2719344611720337,0.4837499324466523,0.00015748,5.624186220745326,0.00081957,0,0.0
5849,2.2709784735254708,72.30828309279076,-1.54e-06,3.019357154622817,1.8232075802162506,87.88289975157282,1.0052136313683062,25.279410143504936,0.12067054082980143,-38.77200743512796,-1.1573229341274334,-75.88107543003665,0.6295741068180681,-14.515071726401665,0.2719344611720337,-8.764816524145527,0.00015748,3.1557335234926036,0.00081957,1,0.0
5850,0.5729467253163261,0.5789369617384659,-1.54e-06,3.019357154622817,1.8232075802162506,92.34020217058193,1.0052136313683062,6.810745603116372,0.12067054082980143,-12.923043199358093,-1.1573229341274334,-23.949644053153552,0.6295741068180681,-27.81653607029113,0.2719344611720337,0.3221885928713786,0.00015748,0.8304939100594015,0.00081957,0,0.0
5851,2.093347331866802,2.6718420685489637,-1.54e-06,3.019357154622817,1.8232075802162506,19.654719175319826,1.0052136313683062,5.987157087096539,0.12067054082980143,-36.12215307410934,-1.1573229341274334,-13.910210311734835,0.6295741068180681,40.98912874619999,0.2719344611720337,-0.6292781055015425,0.00015748,0.6860962528065727,0.00081957,1,0.0
5852,0.2748992876901739,0.011456625637709224,-1.54e-06,3.019357154622817,1.8232075802162506,-21.001887732854897,1.0052136313683062,5.204263015380918,0.12067054082980143,-76.08471965711912,-1.1573229341274334,36.05424192681467,0.6295741068180681,63.33756081710781,0.2719344611720337,0.3484427277432314,0.00015748,0.9730777162339663,0.00081957,0,0.0
5853,1.0606606314638254,0.7023528877529659,-1.54e-06,3.019357154622817,1.8232075802162506,4.401917107587977,1.0052136313683062,5.093826288632838,0.12067054082980143,-46.44508335579252,-1.1573229341274334,5.429289145715887,0.6295741068180681,42.54096430520827,0.2719344611720337,-0.32166584712276486,0.00015748,0.5017271881117267,0.00081957,1,0.0
5854,3.7745683195057613,8.207088909356859,-1.54e-06,3.019357154622817,1.8232075802162506,15.839479800621,1.0052136313683062,8.954899716941707,0.12067054082980143,-32.70513600346574,-1.1573229341274334,-34.99018279440952,0.6295741068180681,54.67766087525331,0.2719344611720337,-0.9290574880221506,0.00015748,0.8463663336917598,0.00081957,1,0.0
5855,-0.49132105295744744,1.3769542577007372,-1.54e-06,3.019357154622817,1.8232075802162506,-29.011662481623542,1.0052136313683062,3.90726092481954,0.12067054082980143,-90.71183416403319,-1.1573229341274334,71.17036402466502,0.6295741068180681,59.85233350733728,0.2719344611720337,0.27793992986660454,0.00015748,6.230197432032869,0.00081957,0,0.0
5856,-2.106939556583713,5.053732866745976,-1.54e-06,3.019357154622817,1.8232075802162506,57.05617199369766,1.0052136313683062,-0.19316781400040514,0.12067054082980143,-51.36837206501566,-1.1573229341274334,68.23749327615596,0.6295741068180681,-22.059047256576385,0.2719344611720337,0.32442984989754464,0.00015748,10.148843613452351,0.00081957,0,0.0
5857,4.874021450369835,30.52704539026285,-1.54e-06,3.019357154622817,1.8232075802162506,82.7480156741281,1.0052136313683062,3.95921931598544,0.12067054082980143,-26.39533641379251,-1.1573229341274334,-35.45892775173098,0.6295741068180681,46.35720793762618,0.2719344611720337,-0.2567276636374194,0.00015748,5.7984361134165745,0.00081957,1,0.0
5858,-0.09947432604431072,0.5628739045714894,-1.54e-06,3.019357154622817,1.8232075802162506,-3.5152334909490093,1.0052136313683062,3.1760748326755652,0.12067054082980143,-53.623951592924854,-1.1573229341274334,37.34615581845798,0.6295741068180681,31.0291393340797,0.2719344611720337,0.2840393678086981,0.00015748,3.8864466578778263,0.00081957,0,0.0
5859,-1.8741686766808874,22.441532290210564,-1.54e-06,3.019357154622817,1.8232075802162506,14.768366655120655,1.0052136313683062,-7.385778634393798,0.12067054082980143,-25.676615713827573,-1.1573229341274334,83.54818341023757,0.6295741068180681,-18.14188886154505,0.2719344611720337,-0.277094306823356,0.00015748,13.968737223270585,0.00081957,1,0.0
5860,0.014130418458567107,3.356475108933946e-06,-1.54e-06,3.019357154622817,1.8232075802162506,94.39848782899293,1.0052136313683062,12.51190060142595,0.12067054082980143,-88.3313588400593,-1.1573229341274334,11.477779116136823,0.6295741068180681,16.831520830198397,0.2719344611720337,0.4305258753600746,0.00015748,1.319688166455827,0.00081957,0,0.0
5861,2.098741772663721,2.29793888494393,-1.54e-06,3.019357154622817,1.8232075802162506,63.400598789308766,1.0052136313683062,11.517078528404694,0.12067054082980143,-75.33073234344253,-1.1573229341274334,-6.637563458535624,0.6295741068180681,46.22296064929477,0.2719344611720337,0.3238125493257668,0.00015748,1.2600700530783393,0.00081957,0,0.0
5862,1.5317685261050509,0.9895236825291973,-1.54e-06,3.019357154622817,1.8232075802162506,-97.7404882946532,1.0052136313683062,-2.0953134385569223,0.12067054082980143,-24.590384144166396,-1.1573229341274334,21.209780776094355,0.6295741068180681,78.42039702858116,0.2719344611720337,-0.34976483790043605,0.00015748,0.3236495793766329,0.00081957,1,0.0
5863,-1.9177389940210454,8.280973268958967,-1.54e-06,3.019357154622817,1.8232075802162506,-45.34303725958821,1.0052136313683062,-4.028538186818002,0.12067054082980143,-16.307926330434633,-1.1573229341274334,47.49250024955103,0.6295741068180681,7.486628276314577,0.2719344611720337,-0.4651468660786222,0.00015748,2.483139990919236,0.00081957,1,0.0
5864,-0.044578780345160496,0.8458734581811578,-1.54e-06,3.019357154622817,1.8232075802162506,-20.79188295799788,1.0052136313683062,1.6117238150313253,0.12067054082980143,-42.257347401823424,-1.1573229341274334,31.21598710806529,0.6295741068180681,34.5985500780496,0.2719344611720337,0.11456682239747251,0.00015748,2.3019527129543658,0.00081957,0,0.0
5865,-3.5285564015668056,19.797295095438734,-1.54e-06,3.019357154622817,1.8232075802162506,-77.1371706825726,1.0052136313683062,-8.626797683158676,0.12067054082980143,-11.897152655603508,-1.1573229341274334,76.46865527306406,0.6295741068180681,0.2129102669390166,0.2719344611720337,-0.9230849038110986,0.00015748,3.8911749201153634,0.00081957,1,0.0
5866,0.004883103364735852,0.0008819653309318694,-1.54e-06,3.019357154622817,1.8232075802162506,92.32633964516036,1.0052136313683062,11.164416609568152,0.12067054082980143,-73.64256625671803,-1.1573229341274334,5.989817643273315,0.6295741068180681,7.849134017460478,0.2719344611720337,0.3349875098085336,0.00015748,1.1929750067202831,0.00081957,0,0.0
5867,-0.707768019233256,8.94957339475447,-1.54e-06,3.019357154622817,1.8232075802162506,-67.23064589014953,1.0052136313683062,-4.05259671962315,0.12067054082980143,-65.67268536237334,-1.1573229341274334,79.57184928745323,0.6295741068180681,67.22956653893526,0.2719344611720337,-0.2652879942928803,0.00015748,6.516752543870107,0.00081957,1,0.0
5868,3.7578727789404374,12.794457940857322,-1.54e-06,3.019357154622817,1.8232075802162506,82.05062571522676,1.0052136313683062,16.575259260033747,0.12067054082980143,-53.02460724563917,-1.1573229341274334,-49.07876308351395,0.6295741068180681,32.81116007453538,0.2719344611720337,-1.6447996023584273,0.00015748,1.7375903300206181,0.00081957,1,0.0
5869,-0.5182977492959571,4.031022028221692,-1.54e-06,3.019357154622817,1.8232075802162506,74.24105067355214,1.0052136313683062,2.2467258892497792,0.12067054082980143,-81.22482381232629,-1.1573229341274334,52.15233021694318,0.6295741068180681,23.30151526180635,0.2719344611720337,0.3059892558662587,0.00015748,7.39687841098133,0.00081957,0,0.0
5870,-2.794636749841146,251.33697125934742,-1.54e-06,3.019357154622817,1.8232075802162506,-89.33896280882188,1.0052136313683062,25.024061303190297,0.12067054082980143,-39.43026497641292,-1.1573229341274334,-36.94314681975611,0.6295741068180681,-4.13314515753316,0.2719344611720337,-22.00568740044497,0.00015748,3.273969588532923,0.00081957,1,0.0
5871,1.5064834306651407,1.3596677109291075,-1.54e-06,3.019357154622817,1.8232075802162506,-77.9584920777674,1.0052136313683062,-2.6536735718766895,0.12067054082980143,-0.776996313693924,-1.1573229341274334,5.793393193882932,0.6295741068180681,52.19780182853788,0.2719344611720337,-0.3960563984732505,0.00015748,0.168711117329507,0.00081957,1,0.0
5872,1.3012817023542749,13.725558033662788,-1.54e-06,3.019357154622817,1.8232075802162506,6.880808911180122,1.0052136313683062,-0.7255457572813084,0.12067054082980143,-96.56598582731354,-1.1573229341274334,75.40007859074625,0.6295741068180681,81.08453336163697,0.2719344611720337,0.22643595218774415,0.00015748,11.666866916632397,0.00081957,0,0.0
5873,-1.5856105373423808,8.721016051354443,-1.54e-06,3.019357154622817,1.8232075802162506,-60.59969867472465,1.0052136313683062,-4.938791490050607,0.12067054082980143,-24.32805356378707,-1.1573229341274334,56.628558928389936,0.6295741068180681,23.98877145229433,0.2719344611720337,-0.4869340636368986,0.00015748,3.6162498453940146,0.00081957,1,0.0
5874,0.14491000392874476,22.94133714178031,-1.54e-06,3.019357154622817,1.8232075802162506,-17.245510769628297,1.0052136313683062,10.064624187740314,0.12067054082980143,-29.252346412853324,-1.1573229341274334,-4.09877381581425,0.6295741068180681,9.911111714014634,0.2719344611720337,-3.9096064612409434,0.00015748,2.1953107925076614,0.00081957,1,0.0
5875,0.26146943717885707,0.00804152499475111,-1.54e-06,3.019357154622817,1.8232075802162506,11.200121058109271,1.0052136313683062,6.106522031070522,0.12067054082980143,-63.9753825815986,-1.1573229341274334,21.513132329535882,0.6295741068180681,40.68250245743688,0.2719344611720337,0.4055679762012992,0.00015748,0.6874647432489682,0.00081957,0,0.0
5876,4.796208539587919,17.718470576779016,-1.54e-06,3.019357154622817,1.8232075802162506,-9.576272221122414,1.0052136313683062,7.748962459592526,0.12067054082980143,-1e-20,-1.1573229341274334,-65.99250955131662,0.6295741068180681,57.9586332128755,0.2719344611720337,-4.425088279890105,0.00015748,0.5965831118831395,0.00081957,1,0.0
5877,4.501358743075867,13.090833329499636,-1.54e-06,3.019357154622817,1.8232075802162506,66.16577569257174,1.0052136313683062,10.15995721175083,0.12067054082980143,-13.895158728669148,-1.1573229341274334,-62.68860849931765,0.6295741068180681,29.55833112279173,0.2719344611720337,-1.1119415975233655,0.00015748,1.1074239504478383,0.00081957,1,0.0
5878,1.7823963729468537,2.392190790674653,-1.54e-06,3.019357154622817,1.8232075802162506,48.23639915974682,1.0052136313683062,7.596868993915486,0.12067054082980143,-33.357310551545496,-1.1573229341274334,-19.65636165968808,0.6295741068180681,20.625317272806413,0.2719344611720337,-0.4329771936851087,0.00015748,0.7963932837167041,0.00081957,1,0.0
5879,0.49535791938204765,0.08085452599927338,-1.54e-06,3.019357154622817,1.8232075802162506,-40.452705466162776,1.0052136313683062,4.132602642015627,0.12067054082980143,-78.48305422174393,-1.1573229341274334,41.062333159250954,0.6295741068180681,77.06259805837446,0.2719344611720337,0.3187223403933193,0.00015748,1.0804524161752445,0.00081957,0,0.0
5880,3.802567371873288,7.451951928418402,-1.54e-06,3.019357154622817,1.8232075802162506,-56.13625249677818,1.0052136313683062,2.52413734237457,0.12067054082980143,-12.347506749487293,-1.1573229341274334,-23.39847201450107,0.6295741068180681,76.18027062278757,0.2719344611720337,-0.9372428204449407,0.00015748,0.14870671130790825,0.00081957,1,0.0
5881,5.175315265520499,16.271364265037278,-1.54e-06,3.019357154622817,1.8232075802162506,-34.429060708152385,1.0052136313683062,4.8096594894487055,0.12067054082980143,-10.880938407464967,-1.1573229341274334,-50.93697688348208,0.6295741068180681,86.30449724579738,0.2719344611720337,-3.2395654474072715,0.00015748,0.5064228515618852,0.00081957,1,0.0
5882,-0.9902368320398093,3.4667483629661007,-1.54e-06,3.019357154622817,1.8232075802162506,61.79808471771208,1.0052136313683062,0.1933708385455456,0.12067054082980143,-43.26777697349896,-1.1573229341274334,42.99467460020433,0.6295741068180681,-9.479945885611373,0.2719344611720337,0.298659539401787,0.00015748,7.3204527556384225,0.00081957,0,0.0
5883,0.9121543298414578,0.5166156573069215,-1.54e-06,3.019357154622817,1.8232075802162506,38.020550775320565,1.0052136313683062,6.378338134916195,0.12067054082980143,-40.97483799794329,-1.1573229341274334,-1.7915221211716559,0.6295741068180681,20.12019148020959,0.2719344611720337,0.3797440999830456,0.00015748,0.668703737502656,0.00081957,0,0.0
5884,-1.3767810127277507,79.19278605280712,-1.54e-06,3.019357154622817,1.8232075802162506,-54.62463633996557,1.0052136313683062,11.91425295239443,0.12067054082980143,-1e-20,-1.1573229341274334,-29.939849652530846,0.6295741068180681,-12.617067599579602,0.2719344611720337,-12.287308639838743,0.00015748,1.5896934215281728,0.00081957,1,0.0
5885,0.6033689483416795,0.25167141835448953,-1.54e-06,3.019357154622817,1.8232075802162506,77.1913324720057,1.0052136313683062,9.88825673286572,0.12067054082980143,-70.31808930374241,-1.1573229341274334,4.049299782282179,0.6295741068180681,21.01759227733682,0.2719344611720337,0.3603724132604496,0.00015748,1.212111766598497,0.00081957,0,0.0
5886,-1.890459314032288,4.121084564418384,-1.54e-06,3.019357154622817,1.8232075802162506,74.1485043705328,1.0052136313683062,8.290704431223336,0.12067054082980143,-99.1621253239123,-1.1573229341274334,72.71056657818794,0.6295741068180681,-2.2724888858974013,0.2719344611720337,0.8635803332747045,0.00015748,9.29862409727281,0.00081957,0,0.0
5887,-0.0036299519540774483,0.17248714916274915,-1.54e-06,3.019357154622817,1.8232075802162506,11.893582976893926,1.0052136313683062,7.007694954078262,0.12067054082980143,-78.12047287494087,-1.1573229341274334,37.69444390960591,0.6295741068180681,41.59957675063617,0.2719344611720337,0.5349194142712916,0.00015748,3.028536995255026,0.00081957,0,0.0
5888,2.2661851976404326,3.0782970578171636,-1.54e-06,3.019357154622817,1.8232075802162506,75.66778504879548,1.0052136313683062,11.728956766797852,0.12067054082980143,-59.14210264775394,-1.1573229341274334,-19.24252520720647,0.6295741068180681,29.541344384987454,0.2719344611720337,0.2810935377202354,0.00015748,1.2241399384455494,0.00081957,0,0.0
5889,5.692381500876582,36.132755552509494,-1.54e-06,3.019357154622817,1.8232075802162506,-24.285311548396617,1.0052136313683062,14.594119545523698,0.12067054082980143,-37.100991984794504,-1.1573229341274334,-76.66940064367618,0.6295741068180681,99.90067847651395,0.2719344611720337,-8.996858402509382,0.00015748,1.086206069098199,0.00081957,1,0.0
5890,1.6933952740796598,1.1163519547288494,-1.54e-06,3.019357154622817,1.8232075802162506,-19.289262001305467,1.0052136313683062,6.371457870692627,0.12067054082980143,-72.43737631969185,-1.1573229341274334,17.063938668867518,0.6295741068180681,77.845795824053,0.2719344611720337,0.06823573918349923,0.00015748,0.5926406205052294,0.00081957,0,0.0
5891,2.2521725589942245,1.9865629711203654,-1.54e-06,3.019357154622817,1.8232075802162506,-74.40594183333683,1.0052136313683062,0.3343443986473396,0.12067054082980143,-39.47259575379203,-1.1573229341274334,13.739142858074912,0.6295741068180681,89.07762244146139,0.2719344611720337,-0.288617894995211,0.00015748,0.29217642926182436,0.00081957,1,0.0
5892,-2.330662657086723,28.22252128432891,-1.54e-06,3.019357154622817,1.8232075802162506,100.0,1.0052136313683062,18.688676982401443,0.12067054082980143,-89.12929569804093,-1.1573229341274334,32.069618014932786,0.6295741068180681,-41.351132636403726,0.2719344611720337,-1.3642768198572433,0.00015748,5.882093447451384,0.00081957,1,0.0
5893,2.1835859031906804,2.1342754828413772,-1.54e-06,3.019357154622817,1.8232075802162506,-31.829244749437397,1.0052136313683062,1.8116865330314784,0.12067054082980143,-17.27137721858386,-1.1573229341274334,-7.475644004464996,0.6295741068180681,51.05950002180045,0.2719344611720337,-0.15341014202347747,0.00015748,0.1640454237983886,0.00081957,1,0.0
5894,1.4782031437597316,1.2892550948886747,-1.54e-06,3.019357154622817,1.8232075802162506,11.656213438717048,1.0052136313683062,3.0042576126615255,0.12067054082980143,-7.936931226021938,-1.1573229341274334,-16.22085602305807,0.6295741068180681,16.550652971422416,0.2719344611720337,-0.271807568161928,0.00015748,0.3146305038270815,0.00081957,1,0.0
5895,0.002395332729658861,0.04937577231814188,-1.54e-06,3.019357154622817,1.8232075802162506,55.99941423021158,1.0052136313683062,4.282145580501544,0.12067054082980143,-15.992960680159081,-1.1573229341274334,-6.479900195917555,0.6295741068180681,-15.332608725833769,0.2719344611720337,0.4555848646513021,0.00015748,0.5734419824460049,0.00081957,0,0.0
5896,-3.8434119600604832,9.975816227581861,-1.54e-06,3.019357154622817,1.8232075802162506,88.17468191927149,1.0052136313683062,-0.4598540168804443,0.12067054082980143,-33.39466739382944,-1.1573229341274334,82.95264497909668,0.6295741068180681,-81.3454190753692,0.2719344611720337,0.188752852552879,0.00015748,14.400823198699955,0.00081957,0,0.0
5897,-0.005309948198781944,1.0609781007381427,-1.54e-06,3.019357154622817,1.8232075802162506,42.877252815385845,1.0052136313683062,3.1235071194119763,0.12067054082980143,-56.76713975983708,-1.1573229341274334,30.11093578103863,0.6295741068180681,21.34659362594321,0.2719344611720337,0.41888035234248155,0.00015748,4.183528929882824,0.00081957,0,0.0
5898,0.16157090658060547,0.06811996176211821,-1.54e-06,3.019357154622817,1.8232075802162506,39.54433160938653,1.0052136313683062,4.274598263941138,0.12067054082980143,-24.5975775771279,-1.1573229341274334,-0.32491608291443386,0.6295741068180681,-0.31977401013747864,0.2719344611720337,0.4699801873945899,0.00015748,0.5533299575850033,0.00081957,0,0.0
5899,1.709257927152797,1.5572331061754765,-1.54e-06,3.019357154622817,1.8232075802162506,15.773317369567595,1.0052136313683062,6.676849691317892,0.12067054082980143,-55.70591148554524,-1.1573229341274334,1.7399130293823277,0.6295741068180681,51.12362114035426,0.2719344611720337,0.10648919378017513,0.00015748,0.7623733789373961,0.00081957,0,0.0
5900,0.08751299539846535,0.041414342031755626,-1.54e-06,1.6190622613578476,3.2910815656407624,80.97894415598185,1.0052136313683062,23.393085950991992,0.12067054082980143,-63.797843148305056,-1.1573229341274334,8.821013454974421,0.6295741068180681,-16.590597483120906,0.2719344611720337,0.3491497890698774,0.00015748,0.8831199868916149,0.00081957,0,0.0
5901,0.06660674694549695,0.03443764887104149,-1.54e-06,1.6190622613578476,3.2910815656407624,74.56857964141366,1.0052136313683062,24.356264832069492,0.12067054082980143,-77.16497225932596,-1.1573229341274334,25.596611733417078,0.6295741068180681,-9.629629915701068,0.2719344611720337,0.35012981608263927,0.00015748,0.8759685789457524,0.00081957,0,0.0
5902,0.002315395055555669,1.288370884282465,-1.54e-06,1.6190622613578476,3.2910815656407624,93.41129667402612,1.0052136313683062,37.374837177669946,0.12067054082980143,-26.213446739116108,-1.1573229341274334,-34.57278226343816,0.6295741068180681,-57.09766733798967,0.2719344611720337,-0.05708456822034769,0.00015748,1.1087101262831496,0.00081957,1,0.0
5903,1.2363713908862886,0.21823707594187974,-1.54e-06,1.6190622613578476,3.2910815656407624,-71.91588894428114,1.0052136313683062,8.020120099928157,0.12067054082980143,-36.61191612831442,-1.1573229341274334,-58.276026768638935,0.6295741068180681,91.0582458258988,0.2719344611720337,-0.10392668667172683,0.00015748,0.10530434437229313,0.00081957,1,0.0
5904,0.0019392113247955756,0.029574990872024975,-1.54e-06,1.6190622613578476,3.2910815656407624,91.25189621736398,1.0052136313683062,23.986660507292402,0.12067054082980143,-61.3753930338392,-1.1573229341274334,6.751253149456852,0.6295741068180681,-25.112531996909155,0.2719344611720337,0.34309244877881734,0.00015748,0.9218983755535624,0.00081957,0,0.0
5905,0.7471799157428646,0.204553268691885,-1.54e-06,1.6190622613578476,3.2910815656407624,50.69668728365448,1.0052136313683062,29.781293239038597,0.12067054082980143,-80.56017390928089,-1.1573229341274334,-28.69000367915253,0.6295741068180681,25.518013773861984,0.2719344611720337,0.33970658736120085,0.00015748,0.9634331786231509,0.00081957,0,0.0
5906,0.7928883085730543,0.23047986056292208,-1.54e-06,1.6190622613578476,3.2910815656407624,52.23756502601214,1.0052136313683062,28.613723069598315,0.12067054082980143,-65.27798986061636,-1.1573229341274334,-46.129695726333765,0.6295741068180681,20.317096377442496,0.2719344611720337,0.34248029937187807,0.00015748,0.9247729948559718,0.00081957,0,0.0
5907,-0.0007437305734773192,0.2743831109350131,-1.54e-06,1.6190622613578476,3.2910815656407624,89.13907693393021,1.0052136313683062,13.767317226757513,0.12067054082980143,-32.5548850997995,-1.1573229341274334,84.98682360396958,0.6295741068180681,-49.547312965232464,0.2719344611720337,0.6061080606849493,0.00015748,1.1341743160268467,0.00081957,0,0.0
5908,0.001952187564801977,0.0333868701791506,-1.54e-06,1.6190622613578476,3.2910815656407624,84.78430197161109,1.0052136313683062,20.72588688259832,0.12067054082980143,-48.99220358126061,-1.1573229341274334,6.073544938360869,0.6295741068180681,-27.148508346868486,0.2719344611720337,0.3622120202589298,0.00015748,0.8141621823650469,0.00081957,0,0.0
5909,0.26732791140378537,0.03010717761464584,-1.54e-06,1.6190622613578476,3.2910815656407624,-56.434654532128334,1.0052136313683062,3.3504803450741556,0.12067054082980143,-68.90107390328711,-1.1573229341274334,76.77523178241262,0.6295741068180681,59.29158107262831,0.2719344611720337,-0.10455501711861578,0.00015748,0.10497043532823774,0.00081957,1,0.0
5910,0.018418287308079706,0.049826494460391876,-1.54e-06,1.6190622613578476,3.2910815656407624,69.23729093439424,1.0052136313683062,13.663906704058844,0.12067054082980143,-35.56754019263805,-1.1573229341274334,19.76530204967012,0.6295741068180681,-24.316067787901286,0.2719344611720337,0.39680487780134965,0.00015748,0.6769064539930559,0.00081957,0,0.0
5911,0.3731611867638882,0.11995761988144263,-1.54e-06,1.6190622613578476,3.2910815656407624,-19.149123130617113,1.0052136313683062,11.525442073968291,0.12067054082980143,-47.05447718106295,-1.1573229341274334,-20.814275154103665,0.6295741068180681,41.97683635396482,0.2719344611720337,-0.23791930369953448,0.00015748,0.24373901403958972,0.00081957,1,0.0
5912,-0.00026485259812546527,0.17200600320022846,-1.54e-06,1.6190622613578476,3.2910815656407624,-3.6691667177529625,1.0052136313683062,0.44545703048864305,0.12067054082980143,-26.879825601434682,-1.1573229341274334,62.88785337071343,0.6295741068180681,6.527756741389713,0.2719344611720337,0.025516559139037637,0.00015748,0.3179788182671366,0.00081957,0,0.0
5913,9.93498592838371e-05,0.09708377788656761,-1.54e-06,1.6190622613578476,3.2910815656407624,65.762489352923,1.0052136313683062,13.056079808550207,0.12067054082980143,-39.83804672951154,-1.1573229341274334,56.13588025883058,0.6295741068180681,-27.334492219566474,0.2719344611720337,0.53828025043205,0.00015748,0.6998688952624345,0.00081957,0,0.0
5914,0.43680522982040465,0.02981613663108102,-1.54e-06,1.6190622613578476,3.2910815656407624,-72.08892891160079,1.0052136313683062,6.116305069032851,0.12067054082980143,-97.19857889660042,-1.1573229341274334,82.2649498738924,0.6295741068180681,85.84735948160075,0.2719344611720337,-0.06090540195511587,0.00015748,0.06188874124633695,0.00081957,1,0.0
5915,-6.669814866853974e-05,0.00992492468625666,-1.54e-06,1.6190622613578476,3.2910815656407624,4.840041314916797,1.0052136313683062,2.38259853350927,0.12067054082980143,-2.3527463399676436,-1.1573229341274334,-9.344970297512502,0.6295741068180681,-1.1623047790992742,0.2719344611720337,-0.05092423031148869,0.00015748,0.056647866528962525,0.00081957,1,0.0
5916,0.36444895302284464,0.08516807923367646,-1.54e-06,1.6190622613578476,3.2910815656407624,61.80924944460902,1.0052136313683062,28.936759817158233,0.12067054082980143,-93.65786405749631,-1.1573229341274334,13.202459851694199,0.6295741068180681,12.352406062536359,0.2719344611720337,0.3379347919801766,0.00015748,0.9591749443781007,0.00081957,0,0.0
5917,0.7416082159382065,0.07845714556294622,-1.54e-06,1.6190622613578476,3.2910815656407624,-62.73424180294049,1.0052136313683062,4.438302437362131,0.12067054082980143,-48.48419183916481,-1.1573229341274334,7.755959770455853,0.6295741068180681,73.03243267920462,0.2719344611720337,-0.04052389726736236,0.00015748,0.04091530623153383,0.00081957,1,0.0
5918,0.7179151068443484,0.4007166576671462,-1.54e-06,1.6190622613578476,3.2910815656407624,14.63429840746277,1.0052136313683062,8.07982833578521,0.12067054082980143,-40.695075777516905,-1.1573229341274334,11.249311363536547,0.6295741068180681,28.580124719744855,0.2719344611720337,0.3175559926738616,0.00015748,0.7261709487327286,0.00081957,0,0.0
5919,0.2924442568158068,0.09478837433862465,-1.54e-06,1.6190622613578476,3.2910815656407624,34.6209967805863,1.0052136313683062,16.26195103467477,0.12067054082980143,-62.847202006570356,-1.1573229341274334,38.01237270548569,0.6295741068180681,9.82598005224323,0.2719344611720337,0.44382981495220886,0.00015748,0.5716934937844329,0.00081957,0,0.0
5920,0.1418206619814572,0.13262606607880306,-1.54e-06,1.6190622613578476,3.2910815656407624,-12.07921229901282,1.0052136313683062,10.875916507122101,0.12067054082980143,-57.98559428173822,-1.1573229341274334,8.191780385094036,0.6295741068180681,35.35291754136261,0.2719344611720337,-0.22437826015889584,0.00015748,0.25367088871209087,0.00081957,1,0.0
5921,0.779070805218405,0.12287987717675883,-1.54e-06,1.6190622613578476,3.2910815656407624,-28.542866520550312,1.0052136313683062,9.095148571925959,0.12067054082980143,-16.45510398181509,-1.1573229341274334,-72.66731376092173,0.6295741068180681,48.543459056512894,0.2719344611720337,-0.18543910374595635,0.00015748,0.1866615547455137,0.00081957,1,0.0
5922,0.3667756235260051,0.8872906167597051,-1.54e-06,1.6190622613578476,3.2910815656407624,42.781367113133925,1.0052136313683062,38.50563723565313,0.12067054082980143,-89.95118285553481,-1.1573229341274334,-26.234432740054928,0.6295741068180681,15.59215874857086,0.2719344611720337,-0.14528066783664495,0.00015748,0.9433259572746531,0.00081957,1,0.0
5923,1.0565285799169466,0.186211395411244,-1.54e-06,1.6190622613578476,3.2910815656407624,-43.50273294548276,1.0052136313683062,9.495946990922361,0.12067054082980143,-17.728929783636307,-1.1573229341274334,-88.75864044632313,0.6295741068180681,65.82897424961362,0.2719344611720337,-0.1850711181577989,0.00015748,0.18497323770915544,0.00081957,1,0.0
5924,-3.123283556105694e-05,0.07689701204530991,-1.54e-06,1.6190622613578476,3.2910815656407624,57.86479985967272,1.0052136313683062,17.758578114130156,0.12067054082980143,-78.99303753512822,-1.1573229341274334,87.12203371219954,0.6295741068180681,-8.397221959003922,0.2719344611720337,0.6259988975128897,0.00015748,0.6921214721013814,0.00081957,0,0.0
5925,0.61341617641215,0.06651425340297706,-1.54e-06,1.6190622613578476,3.2910815656407624,-62.345230076353126,1.0052136313683062,1.9760545772877072,0.12067054082980143,-49.52273571158212,-1.1573229341274334,29.08575008192858,0.6295741068180681,68.63758557623483,0.2719344611720337,-0.041433725866539525,0.00015748,0.041684751624348676,0.00081957,1,0.0
5926,1.4102224640848562,0.33843658355946016,-1.54e-06,1.6190622613578476,3.2910815656407624,-73.24390885568852,1.0052136313683062,2.5464794337432313,0.12067054082980143,-1.041834049214463,-1.1573229341274334,-86.82595079678323,0.6295741068180681,83.33198277591154,0.2719344611720337,-0.014829611026331863,0.00015748,0.01582490218031209,0.00081957,1,0.0
5927,0.5667174158473993,0.04384712674945379,-1.54e-06,1.6190622613578476,3.2910815656407624,-45.38706037425405,1.0052136313683062,5.436135058751324,0.12067054082980143,-41.87317321150399,-1.1573229341274334,0.6519668544489681,0.6295741068180681,56.88872447153568,0.2719344611720337,-0.06983397360414616,0.00015748,0.07006778811650337,0.00081957,1,0.0
5928,-0.0006799618386960776,0.18947380624425822,-1.54e-06,1.6190622613578476,3.2910815656407624,66.38556335270485,1.0052136313683062,2.398847269138476,0.12067054082980143,-13.21834285640287,-1.1573229341274334,64.67368867825537,0.6295741068180681,-36.01202245487836,0.2719344611720337,0.3414236889855193,0.00015748,0.9626930484432819,0.00081957,0,0.0
5929,0.40780519489415934,0.06085474390051763,-1.54e-06,1.6190622613578476,3.2910815656407624,-50.65977164004348,1.0052136313683062,-1.2367869318969265,0.12067054082980143,-34.9194559787832,-1.1573229341274334,39.01013301778823,0.6295741068180681,49.72535741713634,0.2719344611720337,-0.10076063247856828,0.00015748,0.10072580073031298,0.00081957,1,0.0
5930,0.0019111479633926454,0.18421139441993306,-1.54e-06,1.6190622613578476,3.2910815656407624,84.10238549566213,1.0052136313683062,35.54614386910942,0.12067054082980143,-99.26610263669362,-1.1573229341274334,57.21105232489299,0.6295741068180681,-19.320600303536317,0.2719344611720337,0.4345713968020175,0.00015748,1.0503325027448187,0.00081957,0,0.0
5931,1.2389015757924096,0.8762401168453887,-1.54e-06,1.6190622613578476,3.2910815656407624,-68.35250101432234,1.0052136313683062,30.08034941484588,0.12067054082980143,-84.2293485314823,-1.1573229341274334,-68.01332115919864,0.6295741068180681,100.0,0.2719344611720337,-0.5637140340760312,0.00015748,0.5487086588513108,0.00081957,1,0.0
5932,9.508003271152532e-06,0.0723661038712487,-1.54e-06,1.6190622613578476,3.2910815656407624,57.28532236564786,1.0052136313683062,22.869579357562685,0.12067054082980143,-89.38863559000484,-1.1573229341274334,82.93388632582719,0.6295741068180681,-5.765234870138149,0.2719344611720337,0.5469294404771886,0.00015748,0.7357390481486344,0.00081957,0,0.0
5933,1.0188810552179017,0.3176113105510213,-1.54e-06,1.6190622613578476,3.2910815656407624,59.80179058347348,1.0052136313683062,36.705905420522875,0.12067054082980143,-82.73476968994716,-1.1573229341274334,-69.13790258368398,0.6295741068180681,30.648614204925597,0.2719344611720337,0.32013780825904176,0.00015748,1.1468709583944563,0.00081957,0,0.0
5934,0.6854795504746862,0.5461141127199866,-1.54e-06,1.6190622613578476,3.2910815656407624,-86.35385635839485,1.0052136313683062,-13.639095472136143,0.12067054082980143,-16.919249363440976,-1.1573229341274334,66.75702734572498,0.6295741068180681,67.67629980014924,0.2719344611720337,-0.39339067321998905,0.00015748,0.3938041966167087,0.00081957,1,0.0
5935,0.0002805887226469683,0.014048934187266014,-1.54e-06,1.6190622613578476,3.2910815656407624,-3.6815942797294143,1.0052136313683062,2.6212731172140185,0.12067054082980143,-18.510586427931727,-1.1573229341274334,11.072429800071996,0.6295741068180681,9.248670706589662,0.2719344611720337,-0.04356924587213125,0.00015748,0.0597617878830093,0.00081957,1,0.0
5936,0.7090742925100095,1.0244535793330263,-1.54e-06,1.6190622613578476,3.2910815656407624,32.67866170103764,1.0052136313683062,-1.8593515500924787,0.12067054082980143,-50.151742262264214,-1.1573229341274334,96.19280368343185,0.6295741068180681,20.35874220187809,0.2719344611720337,0.2987176766530919,0.00015748,1.5131390229656212,0.00081957,0,0.0
5937,0.0005090721033815804,0.027338208969737824,-1.54e-06,1.6190622613578476,3.2910815656407624,73.59330753998512,1.0052136313683062,22.013305151426504,0.12067054082980143,-70.76380836894099,-1.1573229341274334,31.12401933241479,0.6295741068180681,-13.866793141816295,0.2719344611720337,0.3615687163277455,0.00015748,0.8155704273248112,0.00081957,0,0.0
5938,0.8160532568897634,0.2630884193064611,-1.54e-06,1.6190622613578476,3.2910815656407624,47.21482045324908,1.0052136313683062,22.31748953541866,0.12067054082980143,-34.774606869611226,-1.1573229341274334,-61.67402728544743,0.6295741068180681,12.140084661475264,0.2719344611720337,0.3700854512604962,0.00015748,0.763129080950525,0.00081957,0,0.0
5939,0.696280792144718,1.2280287463356219,-1.54e-06,1.6190622613578476,3.2910815656407624,-37.44431014174974,1.0052136313683062,-11.839339446246687,0.12067054082980143,-22.164472013063758,-1.1573229341274334,90.04455319703341,0.6295741068180681,43.430361619056676,0.2719344611720337,-0.12441110419909895,0.00015748,0.9435056235945669,0.00081957,1,0.0
5940,0.7130241100766358,0.1008337725888051,-1.54e-06,1.6190622613578476,3.2910815656407624,-42.97437036068208,1.0052136313683062,9.917698803214268,0.12067054082980143,-46.054247028189764,-1.1573229341274334,-29.622444609629536,0.6295741068180681,63.79690102113869,0.2719344611720337,-0.17838035030398675,0.00015748,0.17814516556595522,0.00081957,1,0.0
5941,0.5912644661986991,0.07218169138551797,-1.54e-06,1.6190622613578476,3.2910815656407624,-54.21615410081328,1.0052136313683062,1.3540242391128736,0.12067054082980143,-33.11916232732157,-1.1573229341274334,14.744569267012665,0.6295741068180681,56.81953298799457,0.2719344611720337,-0.07315466170300619,0.00015748,0.07263018364151105,0.00081957,1,0.0
5942,0.0776773336839729,0.06087724405934337,-1.54e-06,1.6190622613578476,3.2910815656407624,36.20347545969264,1.0052136313683062,13.77729612188525,0.12067054082980143,-80.02590942399863,-1.1573229341274334,78.35754671819316,0.6295741068180681,10.043062341621303,0.2719344611720337,0.40967773135751806,0.00015748,0.6427116736364359,0.00081957,0,0.0
5943,0.7255091145847491,0.232329831432297,-1.54e-06,1.6190622613578476,3.2910815656407624,-51.298768949046035,1.0052136313683062,11.13651940039929,0.12067054082980143,-37.048237656533544,-1.1573229341274334,-15.487298830312245,0.6295741068180681,57.001929032934065,0.2719344611720337,-0.25336692955748685,0.00015748,0.24970167826796408,0.00081957,1,0.0
5944,1.1427732988856358,0.3652602292523951,-1.54e-06,1.6190622613578476,3.2910815656407624,25.287424863672655,1.0052136313683062,31.046505859271228,0.12067054082980143,-87.72129295687706,-1.1573229341274334,-44.85296218384583,0.6295741068180681,53.44691951815784,0.2719344611720337,0.3388175472865607,0.00015748,0.9493583350188111,0.00081957,0,0.0
5945,-0.0003827584528967032,0.18038269968479487,-1.54e-06,1.6190622613578476,3.2910815656407624,73.44235427361467,1.0052136313683062,11.772451476332662,0.12067054082980143,-42.50271727837559,-1.1573229341274334,84.55089704372422,0.6295741068180681,-33.40267025220777,0.2719344611720337,0.5606902757581015,0.00015748,0.9607341173920537,0.00081957,0,0.0
5946,1.1016117388924496,0.8282993197511089,-1.54e-06,1.6190622613578476,3.2910815656407624,-79.17520563449754,1.0052136313683062,27.012492568655233,0.12067054082980143,-92.4310859454373,-1.1573229341274334,-18.780555999605365,0.6295741068180681,100.0,0.2719344611720337,-0.5340077067065213,0.00015748,0.5337890024756212,0.00081957,1,0.0
5947,-0.00018743814272031978,0.08210890265880652,-1.54e-06,1.6190622613578476,3.2910815656407624,-1.1591244273841754,1.0052136313683062,5.662946429629322,0.12067054082980143,-37.88527973090714,-1.1573229341274334,33.16730434923943,0.6295741068180681,13.570530640619369,0.2719344611720337,0.03764504738725132,0.00015748,0.14807159743679532,0.00081957,0,0.0
5948,0.062051103941039965,0.034128343753814294,-1.54e-06,1.6190622613578476,3.2910815656407624,-16.335774702331268,1.0052136313683062,6.466785488755964,0.12067054082980143,-46.93394143233585,-1.1573229341274334,26.166543130089394,0.6295741068180681,28.627157737639642,0.2719344611720337,-0.1234732291122566,0.00015748,0.12503721051613603,0.00081957,1,0.0
5949,0.14672682211225951,0.21726622498002393,-1.54e-06,1.6190622613578476,3.2910815656407624,-12.990405996641245,1.0052136313683062,15.25907584803326,0.12067054082980143,-53.79333260569348,-1.1573229341274334,3.975662391200973,0.6295741068180681,28.850906468822995,0.2719344611720337,-0.29297384519093633,0.00015748,0.2927392613482837,0.00081957,1,0.0
5950,1.2365424678796133,0.23012590744707762,-1.54e-06,1.6190622613578476,3.2910815656407624,-60.06133345779708,1.0052136313683062,10.418117311134386,0.12067054082980143,-26.09549930062571,-1.1573229341274334,-84.26582473879056,0.6295741068180681,81.36661863630454,0.2719344611720337,-0.16335243870132155,0.00015748,0.1634112927130107,0.00081957,1,0.0
5951,0.0015526307663217276,0.08737843411596632,-1.54e-06,1.6190622613578476,3.2910815656407624,-15.120865471822954,1.0052136313683062,4.603976509773424,0.12067054082980143,-55.814031279896646,-1.1573229341274334,68.21464368212004,0.6295741068180681,25.970824424980158,0.2719344611720337,0.08414987032914734,0.00015748,0.1326608194784151,0.00081957,0,0.0
5952,0.001381796669775226,0.026759755227843962,-1.54e-06,1.6190622613578476,3.2910815656407624,68.26794751492312,1.0052136313683062,21.334757150733886,0.12067054082980143,-74.01461111049348,-1.1573229341274334,38.8439093238865,0.6295741068180681,-10.132577164860832,0.2719344611720337,0.36616647977432326,0.00015748,0.788060108280311,0.00081957,0,0.0
5953,0.0816867189408147,0.11856926500517498,-1.54e-06,1.6190622613578476,3.2910815656407624,23.075469652235768,1.0052136313683062,11.450897815663696,0.12067054082980143,-60.65471320256921,-1.1573229341274334,65.62540494253363,0.6295741068180681,7.598974577792999,0.2719344611720337,0.3914011064936226,0.00015748,0.41308443555059315,0.00081957,0,0.0
5954,1.287446853932778,0.4936361851842631,-1.54e-06,1.6190622613578476,3.2910815656407624,-21.178750994647224,1.0052136313683062,22.313800259029883,0.12067054082980143,-87.65834799199948,-1.1573229341274334,-23.116180814061515,0.6295741068180681,82.43389674342372,0.2719344611720337,0.2914856957233709,0.00015748,0.6633856874009768,0.00081957,0,0.0
5955,0.00036946719133079675,0.10817124866482468,-1.54e-06,1.6190622613578476,3.2910815656407624,72.96019154585947,1.0052136313683062,14.153750193845148,0.12067054082980143,-44.809081731611094,-1.1573229341274334,58.85392151532599,0.6295741068180681,-28.784985636752207,0.2719344611720337,0.5862748596103396,0.00015748,0.7652471178497061,0.00081957,0,0.0
5956,0.0013401597157731704,0.035538717443555905,-1.54e-06,1.6190622613578476,3.2910815656407624,47.44277806344144,1.0052136313683062,15.878141760140236,0.12067054082980143,-67.09300098716986,-1.1573229341274334,61.495923234015514,0.6295741068180681,-4.597769442213744,0.2719344611720337,0.4424283547525927,0.00015748,0.5759756998734626,0.00081957,0,0.0
5957,0.0005645252531762956,0.22877398370228805,-1.54e-06,1.6190622613578476,3.2910815656407624,40.09696927833654,1.0052136313683062,13.673159139476564,0.12067054082980143,-12.262265361826982,-1.1573229341274334,-18.832988216696254,0.6295741068180681,-20.269202335444707,0.2719344611720337,0.03975701819471253,0.00015748,0.3836773201669693,0.00081957,0,0.0
5958,0.45384550086770475,0.15701763071462427,-1.54e-06,1.6190622613578476,3.2910815656407624,56.35614172651036,1.0052136313683062,16.102712424766082,0.12067054082980143,-16.843580344070677,-1.1573229341274334,-35.05397791510526,0.6295741068180681,-12.068500145032914,0.2719344611720337,0.4236173402063183,0.00015748,0.6102525101862932,0.00081957,0,0.0
5959,0.1767292236824083,0.06354116748278993,-1.54e-06,1.6190622613578476,3.2910815656407624,92.61296923560467,1.0052136313683062,24.648589792601708,0.12067054082980143,-46.12142325571684,-1.1573229341274334,-25.803217887830463,0.6295741068180681,-25.844764897047877,0.2719344611720337,0.3419138556650063,0.00015748,0.9301700434664721,0.00081957,0,0.0
5960,0.00046296263966205675,0.022343988957271965,-1.54e-06,1.6190622613578476,3.2910815656407624,46.770313171940536,1.0052136313683062,21.510350550577733,0.12067054082980143,-98.98578915436522,-1.1573229341274334,77.07904014720796,0.6295741068180681,8.324032437764563,0.2719344611720337,0.385144988172171,0.00015748,0.7142985845118129,0.00081957,0,0.0
5961,0.16061904096771362,0.07200413885377754,-1.54e-06,1.6190622613578476,3.2910815656407624,30.423282928257798,1.0052136313683062,14.553728562151091,0.12067054082980143,-70.10603817825196,-1.1573229341274334,67.41689748737326,0.6295741068180681,9.113034367162342,0.2719344611720337,0.48760274874102283,0.00015748,0.5119033123527572,0.00081957,0,0.0
5962,0.4797760519420441,0.14491956057946656,-1.54e-06,1.6190622613578476,3.2910815656407624,12.087907075663542,1.0052136313683062,17.529420288018695,0.12067054082980143,-81.22121601248958,-1.1573229341274334,51.329635545412366,0.6295741068180681,32.8811809201913,0.2719344611720337,0.45427330176401276,0.00015748,0.5418971244253679,0.00081957,0,0.0
5963,0.7733469250162459,0.6427665079337894,-1.54e-06,1.6190622613578476,3.2910815656407624,20.256058855938814,1.0052136313683062,3.5155106114972194,0.12067054082980143,-42.178583053360086,-1.1573229341274334,47.784201692515836,0.6295741068180681,25.968099428922933,0.2719344611720337,0.3270526390577985,0.00015748,1.0838833159668533,0.00081957,0,0.0
5964,1.322933728987962,0.908677992714679,-1.54e-06,1.6190622613578476,3.2910815656407624,66.87829549735861,1.0052136313683062,26.434942048801382,0.12067054082980143,-90.55082185101263,-1.1573229341274334,-60.44196111480451,0.6295741068180681,50.477569610771845,0.2719344611720337,0.3043655870554963,0.00015748,1.6367423683630173,0.00081957,0,0.0
5965,0.3686953770166117,0.1843414142367787,-1.54e-06,1.6190622613578476,3.2910815656407624,-55.448154580997006,1.0052136313683062,-7.455220118348939,0.12067054082980143,-20.784374904327525,-1.1573229341274334,55.91647412038703,0.6295741068180681,44.36621935764389,0.2719344611720337,-0.23472500260340168,0.00015748,0.23748919399206225,0.00081957,1,0.0
5966,0.30662121378573115,0.36430355008221305,-1.54e-06,1.6190622613578476,3.2910815656407624,59.33337756103975,1.0052136313683062,29.781237877582598,0.12067054082980143,-61.353453390879295,-1.1573229341274334,31.582092339752652,0.6295741068180681,-15.555036951504183,0.2719344611720337,0.3317646638028507,0.00015748,0.9998317845179749,0.00081957,0,0.0
5967,0.9154382220409016,0.30425878416381363,-1.54e-06,1.6190622613578476,3.2910815656407624,29.48971582677696,1.0052136313683062,21.73320507741697,0.12067054082980143,-44.342877953766504,-1.1573229341274334,-49.04067238776153,0.6295741068180681,26.98585900382288,0.2719344611720337,0.3809045642910011,0.00015748,0.6993543473288271,0.00081957,0,0.0
5968,0.6044645486464627,0.18939110342066734,-1.54e-06,1.6190622613578476,3.2910815656407624,80.97743002751976,1.0052136313683062,24.82667647570623,0.12067054082980143,-23.25599431566453,-1.1573229341274334,-79.67719936193315,0.6295741068180681,-14.86811262505082,0.2719344611720337,0.34604984217405055,0.00015748,0.9007978323473296,0.00081957,0,0.0
5969,0.2934226967471017,0.043734279926285896,-1.54e-06,1.6190622613578476,3.2910815656407624,-66.753460636477,1.0052136313683062,3.0795097758990284,0.12067054082980143,-97.18712708569886,-1.1573229341274334,96.44309513007636,0.6295741068180681,80.37001273780793,0.2719344611720337,-0.039824202574060226,0.00015748,0.04480623955782884,0.00081957,1,0.0
5970,0.14659936860444645,0.07942601291892482,-1.54e-06,1.6190622613578476,3.2910815656407624,51.94306364252331,1.0052136313683062,13.319376173891678,0.12067054082980143,-35.81073847140977,-1.1573229341274334,23.4493816849495,0.6295741068180681,-13.842540861872232,0.2719344611720337,0.4576034193048375,0.00015748,0.5468471939423643,0.00081957,0,0.0
5971,0.5605199933720934,0.11372364556209616,-1.54e-06,1.6190622613578476,3.2910815656407624,-8.041971943371605,1.0052136313683062,9.495044265125681,0.12067054082980143,-5.392675015973287,-1.1573229341274334,-79.03761807333068,0.6295741068180681,27.34239181892076,0.2719344611720337,-0.21469311159760435,0.00015748,0.21651853419653277,0.00081957,1,0.0
5972,0.6260532208495437,0.16300452447365965,-1.54e-06,1.6190622613578476,3.2910815656407624,10.615870567983679,1.0052136313683062,22.226368961325882,0.12067054082980143,-97.72648265747289,-1.1573229341274334,41.02496873156521,0.6295741068180681,45.615106767583676,0.2719344611720337,0.39930494467699185,0.00015748,0.6674862569820204,0.00081957,0,0.0
5973,0.7272587362123728,0.3898263776625634,-1.54e-06,1.6190622613578476,3.2910815656407624,-20.93693866357572,1.0052136313683062,19.730514435078796,0.12067054082980143,-58.03573232284509,-1.1573229341274334,-72.32467440728513,0.6295741068180681,60.96694416732353,0.2719344611720337,-0.4039690861817105,0.00015748,0.44356360081205853,0.00081957,1,0.0
5974,0.8638802663020766,0.2584550981715469,-1.54e-06,1.6190622613578476,3.2910815656407624,37.15529832888624,1.0052136313683062,26.147431720543125,0.12067054082980143,-65.48199271451276,-1.1573229341274334,-38.19232988062475,0.6295741068180681,29.87804849408983,0.2719344611720337,0.3566679786944191,0.00015748,0.8344932252488084,0.00081957,0,0.0
5975,0.0017691530404568556,0.04936902510356972,-1.54e-06,1.6190622613578476,3.2910815656407624,-28.64008037695938,1.0052136313683062,4.01333073719952,0.12067054082980143,-65.97044965885729,-1.1573229341274334,79.08054153762988,0.6295741068180681,37.31156068255737,0.2719344611720337,0.018216634916684765,0.00015748,0.08219728722797795,0.00081957,0,0.0
5976,0.09818988317593536,0.0635160980537884,-1.54e-06,1.6190622613578476,3.2910815656407624,82.25836607702797,1.0052136313683062,16.052591189034775,0.12067054082980143,-16.06869263112364,-1.1573229341274334,-21.004912842731773,0.6295741068180681,-35.662508424138544,0.2719344611720337,0.3930506832009303,0.00015748,0.6908201256734364,0.00081957,0,0.0
5977,1.2275235782315568,0.7490723838336226,-1.54e-06,1.6190622613578476,3.2910815656407624,37.33814201096003,1.0052136313683062,17.515255512230688,0.12067054082980143,-61.190420660357965,-1.1573229341274334,-46.38192971727015,0.6295741068180681,47.42871842682398,0.2719344611720337,0.3171936605241814,0.00015748,1.217916427602354,0.00081957,0,0.0
5978,0.18212862609073235,0.004791573691171629,-1.54e-06,1.6190622613578476,3.2910815656407624,-9.833610256446216,1.0052136313683062,1.226240605358144,0.12067054082980143,-4.183773726690016,-1.1573229341274334,-10.291865314497073,0.6295741068180681,12.548996595694282,0.2719344611720337,-0.01663083568539713,0.00015748,0.016617556537943043,0.00081957,1,0.0
5979,0.0011766680313581301,0.24941046330503142,-1.54e-06,1.6190622613578476,3.2910815656407624,85.56817926982637,1.0052136313683062,9.596445888861389,0.12067054082980143,-16.980831059625498,-1.1573229341274334,71.88241491819028,0.6295741068180681,-51.346649682340725,0.2719344611720337,0.5224796520407486,0.00015748,1.0912236432593185,0.00081957,0,0.0
5980,0.7492734503326592,0.09277537055093323,-1.54e-06,1.6190622613578476,3.2910815656407624,-30.750699864688578,1.0052136313683062,6.775210302228645,0.12067054082980143,-11.909888900338187,-1.1573229341274334,-63.21288425387895,0.6295741068180681,46.186525705436246,0.2719344611720337,-0.12850248792730126,0.00015748,0.12836420818262015,0.00081957,1,0.0
5981,0.06019877922204059,0.04194998567435159,-1.54e-06,1.6190622613578476,3.2910815656407624,-2.407062306117339,1.0052136313683062,6.0799489003206615,0.12067054082980143,-25.538799267827766,-1.1573229341274334,-3.6246229705092508,0.6295741068180681,14.328723418542802,0.2719344611720337,-0.13549284066894757,0.00015748,0.13955304614163117,0.00081957,1,0.0
5982,0.0013781153865174423,0.04610030459497018,-1.54e-06,1.6190622613578476,3.2910815656407624,90.33056558649307,1.0052136313683062,16.190906710059433,0.12067054082980143,-14.689014466940693,-1.1573229341274334,-19.09327065962494,0.6295741068180681,-43.112156551876396,0.2719344611720337,0.3862391599217975,0.00015748,0.7132769661579696,0.00081957,0,0.0
5983,0.5185922610523312,0.03931084015663297,-1.54e-06,1.6190622613578476,3.2910815656407624,-35.65399215928022,1.0052136313683062,5.033304101800711,0.12067054082980143,-31.119533456508584,-1.1573229341274334,-12.127402418123198,0.6295741068180681,47.10746932523977,0.2719344611720337,-0.07547586045747683,0.00015748,0.0760591100051654,0.00081957,1,0.0
5984,0.2037977004928233,0.07333482427860923,-1.54e-06,1.6190622613578476,3.2910815656407624,88.90934672481983,1.0052136313683062,23.08623667167868,0.12067054082980143,-36.633543411747574,-1.1573229341274334,-31.690810763658952,0.6295741068180681,-27.189320123365217,0.2719344611720337,0.3516412934980632,0.00015748,0.8651533821522261,0.00081957,0,0.0
5985,0.9310055439570856,0.7234885741428394,-1.54e-06,1.6190622613578476,3.2910815656407624,-17.970519500466278,1.0052136313683062,5.067730615049465,0.12067054082980143,-85.25607619296298,-1.1573229341274334,87.54563249425279,0.6295741068180681,66.44773720892272,0.2719344611720337,0.3094918068391572,0.00015748,0.9985214901827317,0.00081957,0,0.0
5986,0.26743049396831853,0.1569651269244252,-1.54e-06,1.6190622613578476,3.2910815656407624,88.1695463418455,1.0052136313683062,29.032728619424805,0.12067054082980143,-38.558751916453204,-1.1573229341274334,-39.67366378943766,0.6295741068180681,-28.97908129748008,0.2719344611720337,0.3455964837249494,0.00015748,0.882656701310909,0.00081957,0,0.0
5987,0.8690054325115237,0.49562525008649777,-1.54e-06,1.6190622613578476,3.2910815656407624,62.63412273488881,1.0052136313683062,19.08693609513225,0.12067054082980143,-61.489786216230684,-1.1573229341274334,-33.71367149925474,0.6295741068180681,23.231803702370357,0.2719344611720337,0.32128777623540583,0.00015748,1.2442803711351462,0.00081957,0,0.0
5988,0.3729937734674072,0.14813681946357088,-1.54e-06,1.6190622613578476,3.2910815656407624,-53.10587318090273,1.0052136313683062,-5.6328540521985,0.12067054082980143,-21.310891775083842,-1.1573229341274334,49.38220574737271,0.6295741068180681,43.15138429597545,0.2719344611720337,-0.2105320585724548,0.00015748,0.20856145287683373,0.00081957,1,0.0
5989,1.3035598030259723,0.30804618235961095,-1.54e-06,1.6190622613578476,3.2910815656407624,-64.00770858693943,1.0052136313683062,15.111364051919152,0.12067054082980143,-50.32207070993047,-1.1573229341274334,-86.46281471344602,0.6295741068180681,96.88276212985012,0.2719344611720337,-0.28189637286473246,0.00015748,0.28154625176504144,0.00081957,1,0.0
5990,0.41482156965893024,0.07231826768589183,-1.54e-06,1.6190622613578476,3.2910815656407624,-46.53563181872398,1.0052136313683062,4.5202179023395965,0.12067054082980143,-64.98104974589076,-1.1573229341274334,41.26839985756339,0.6295741068180681,62.180257723317425,0.2719344611720337,-0.02837685629952856,0.00015748,0.09790532682297338,0.00081957,1,0.0
5991,0.0009456985066640389,0.12532950581960522,-1.54e-06,1.6190622613578476,3.2910815656407624,32.62916803766779,1.0052136313683062,5.98995660053005,0.12067054082980143,-0.049560948555187445,-1.1573229341274334,-15.923663720219382,0.6295741068180681,-17.48544583218026,0.2719344611720337,0.11063219063713088,0.00015748,0.2312658184096923,0.00081957,0,0.0
5992,-0.00023244917668030496,0.5061580251617401,-1.54e-06,1.6190622613578476,3.2910815656407624,99.96884347272787,1.0052136313683062,14.30673694239561,0.12067054082980143,-13.487706035295222,-1.1573229341274334,96.92722726836075,0.6295741068180681,-70.75701745718986,0.2719344611720337,0.5087335321899532,0.00015748,1.4622899428100755,0.00081957,0,0.0
5993,1.1203250991833817,0.36296580662074757,-1.54e-06,1.6190622613578476,3.2910815656407624,66.49326609428229,1.0052136313683062,38.47501350878155,0.12067054082980143,-92.69832503227282,-1.1573229341274334,-77.40529944499339,0.6295741068180681,37.027450922908216,0.2719344611720337,0.3093549819191085,0.00015748,1.302894919091199,0.00081957,0,0.0
5994,0.8791025969860417,0.10979840240284539,-1.54e-06,1.6190622613578476,3.2910815656407624,-53.450325021411004,1.0052136313683062,5.372235644447341,0.12067054082980143,-27.76405834304493,-1.1573229341274334,-36.612493780947574,0.6295741068180681,66.31043557305748,0.2719344611720337,-0.06390739354539315,0.00015748,0.06377155466038703,0.00081957,1,0.0
5995,0.3991664845461677,0.1583331768922531,-1.54e-06,1.6190622613578476,3.2910815656407624,55.00861360658473,1.0052136313683062,12.643428863049097,0.12067054082980143,-9.966836620908927,-1.1573229341274334,-25.193719410335046,0.6295741068180681,-15.848192770372332,0.2719344611720337,0.43586825762575876,0.00015748,0.5837960461064228,0.00081957,0,0.0
5996,0.42051835438375845,0.28796480686526116,-1.54e-06,1.6190622613578476,3.2910815656407624,-66.78324819884647,1.0052136313683062,-10.19428147788444,0.12067054082980143,-24.207949399467,-1.1573229341274334,70.67958521386518,0.6295741068180681,52.93783708117644,0.2719344611720337,-0.2966674228121385,0.00015748,0.2951649079474293,0.00081957,1,0.0
5997,0.2951039964084418,0.028622136279583203,-1.54e-06,1.6190622613578476,3.2910815656407624,-24.48838247146411,1.0052136313683062,-1.5438012207895755,0.12067054082980143,-7.111066683445792,-1.1573229341274334,1.5943157662729819,0.6295741068180681,24.38790165136429,0.2719344611720337,-0.053495459457920225,0.00015748,0.053145821224591785,0.00081957,1,0.0
5998,0.9389057239965232,0.27746432007527777,-1.54e-06,1.6190622613578476,3.2910815656407624,27.421801886705715,1.0052136313683062,27.56184058234116,0.12067054082980143,-82.88522613239773,-1.1573229341274334,-25.55304251818956,0.6295741068180681,43.87715033995214,0.2719344611720337,0.3514810274661112,0.00015748,0.8658932284076829,0.00081957,0,0.0
5999,0.5534293727835138,0.05119235490094591,-1.54e-06,1.6190622613578476,3.2910815656407624,-55.23059142172037,1.0052136313683062,2.096740836095605,0.12067054082980143,-44.55083781818177,-1.1573229341274334,24.026149303341953,0.6295741068180681,61.50963429236963,0.2719344611720337,-0.030379044286445257,0.00015748,0.03034562251828555,0.00081957,1,0.0
6000,2.7365343340848463,3.823833212414926,-1.54e-06,1.0910395921891818,3.1787488915280018,60.60780177454473,1.0052136313683062,74.4288844796984,0.12067054082980143,-100.0,-1.1573229341274334,-90.66949977061459,0.6295741068180681,46.67198446152424,0.2719344611720337,1.7339783659153403,0.00015748,4.483593240357623,0.00081957,0,0.0
6001,1.4651562746607203,0.813770045178678,-1.54e-06,1.0910395921891818,3.1787488915280018,-11.477884035830739,1.0052136313683062,41.235567583591454,0.12067054082980143,-65.64875091059677,-1.1573229341274334,-33.556074969909474,0.6295741068180681,52.021646171017686,0.2719344611720337,0.3089908934925252,0.00015748,1.473142325138835,0.00081957,0,0.0
6002,1.7018369553572525,0.5921607779059415,-1.54e-06,1.0910395921891818,3.1787488915280018,-60.90312003490598,1.0052136313683062,18.673786354823974,0.12067054082980143,-47.21788163030285,-1.1573229341274334,-88.56677949553325,0.6295741068180681,96.77754818614389,0.2719344611720337,-0.3763627982906109,0.00015748,0.3768706419731619,0.00081957,1,0.0
6003,0.6813037340486829,0.2915105364995033,-1.54e-06,1.0910395921891818,3.1787488915280018,31.313098890631498,1.0052136313683062,29.823785025525815,0.12067054082980143,-63.70971760274315,-1.1573229341274334,-21.966835537161135,0.6295741068180681,18.316375385129202,0.2719344611720337,0.2920996405851711,0.00015748,2.1481713850669175,0.00081957,0,0.0
6004,0.7716974742641096,0.6668110428653462,-1.54e-06,1.0910395921891818,3.1787488915280018,-56.201901787665115,1.0052136313683062,-7.3684008770053975,0.12067054082980143,-65.31482370952185,-1.1573229341274334,68.89618666104522,0.6295741068180681,74.97738018202516,0.2719344611720337,-0.32623150609679963,0.00015748,0.3112471740192855,0.00081957,1,0.0
6005,0.08338938764420434,0.3071554290344183,-1.54e-06,1.0910395921891818,3.1787488915280018,22.7685822245366,1.0052136313683062,16.728833144351785,0.12067054082980143,-94.35422302538424,-1.1573229341274334,84.31678739747754,0.6295741068180681,18.38830151215226,0.2719344611720337,0.3106437119045228,0.00015748,1.8352360246030135,0.00081957,0,0.0
6006,0.004793700346918728,0.08038714673236673,-1.54e-06,1.0910395921891818,3.1787488915280018,30.612621948821435,1.0052136313683062,20.992455187779516,0.12067054082980143,-63.57385278067649,-1.1573229341274334,73.89109120478592,0.6295741068180681,-6.1393944419708735,0.2719344611720337,0.6828407602438769,0.00015748,1.2629251061090478,0.00081957,0,0.0
6007,0.9679803253425643,1.5497821547424544,-1.54e-06,1.0910395921891818,3.1787488915280018,-57.37273622730962,1.0052136313683062,-15.039794151963221,0.12067054082980143,-30.053919394930602,-1.1573229341274334,71.42626951374349,0.6295741068180681,63.078958670048195,0.2719344611720337,-0.6805686998372762,0.00015748,0.6671589734074963,0.00081957,1,0.0
6008,0.0002344579684607495,0.14321224486380849,-1.54e-06,1.0910395921891818,3.1787488915280018,20.015660711739923,1.0052136313683062,2.7441673817052346,0.12067054082980143,-16.177684536645298,-1.1573229341274334,76.22788308295526,0.6295741068180681,-17.068812731485192,0.2719344611720337,0.37345309155206613,0.00015748,0.8978191260416237,0.00081957,0,0.0
6009,0.9354630390226939,0.27111541365617126,-1.54e-06,1.0910395921891818,3.1787488915280018,-24.19500941111209,1.0052136313683062,12.990070670087295,0.12067054082980143,-8.633640194563421,-1.1573229341274334,-83.94581956682408,0.6295741068180681,42.82157469898228,0.2719344611720337,-0.3147488757040736,0.00015748,0.31656790512649935,0.00081957,1,0.0
6010,0.2484973035965345,0.07189796265282966,-1.54e-06,1.0910395921891818,3.1787488915280018,36.808621838521525,1.0052136313683062,19.174953853033276,0.12067054082980143,-9.597258733378132,-1.1573229341274334,-32.16039130695923,0.6295741068180681,-15.795694890010934,0.2719344611720337,0.3137482773826342,0.00015748,1.2378636084223853,0.00081957,0,0.0
6011,0.07173922047322928,0.04182628428369342,-1.54e-06,1.0910395921891818,3.1787488915280018,16.474871972616217,1.0052136313683062,10.23897121522409,0.12067054082980143,-27.186985634709142,-1.1573229341274334,32.958530021967334,0.6295741068180681,-4.187984163684764,0.2719344611720337,0.40962735593199917,0.00015748,0.652386626652016,0.00081957,0,0.0
6012,-0.0002666655854774991,0.1908534480423087,-1.54e-06,1.0910395921891818,3.1787488915280018,47.63663991790912,1.0052136313683062,19.48885514197607,0.12067054082980143,-50.26285711066616,-1.1573229341274334,77.15464549152779,0.6295741068180681,-22.814783486571244,0.2719344611720337,0.9402779119584386,0.00015748,1.5676867058893524,0.00081957,0,0.0
6013,1.106385979935249,0.22179093826361773,-1.54e-06,1.0910395921891818,3.1787488915280018,-47.19673279289656,1.0052136313683062,10.67162914016433,0.12067054082980143,-46.350978379889035,-1.1573229341274334,-29.85477862229722,0.6295741068180681,71.998895133326,0.2719344611720337,-0.1785641546037456,0.00015748,0.1782244055624563,0.00081957,1,0.0
6014,0.001502700392294054,0.20569966274881807,-1.54e-06,1.0910395921891818,3.1787488915280018,88.17087767612561,1.0052136313683062,38.66670588715001,0.12067054082980143,-50.22872521230277,-1.1573229341274334,20.583643465318676,0.6295741068180681,-46.39931165887314,0.2719344611720337,0.9412324654019087,0.00015748,2.6870039724239967,0.00081957,0,0.0
6015,0.0015275489262501774,0.09428173325496493,-1.54e-06,1.0910395921891818,3.1787488915280018,33.798567155570964,1.0052136313683062,15.450237939910973,0.12067054082980143,-37.82341542828483,-1.1573229341274334,55.52026682979216,0.6295741068180681,-16.069333306536105,0.2719344611720337,0.6934898950728317,0.00015748,1.0959387010029118,0.00081957,0,0.0
6016,0.3576140322402387,0.09977884029389025,-1.54e-06,1.0910395921891818,3.1787488915280018,46.86933478051967,1.0052136313683062,25.75619789648375,0.12067054082980143,-10.741403449591756,-1.1573229341274334,-56.55862579412025,0.6295741068180681,-18.18439832611527,0.2719344611720337,0.2949387316584996,0.00015748,1.6402704126741519,0.00081957,0,0.0
6017,0.0014214950177906527,0.014012940856908103,-1.54e-06,1.0910395921891818,3.1787488915280018,21.965482958714944,1.0052136313683062,22.723476818502636,0.12067054082980143,-71.74169282861781,-1.1573229341274334,53.707306914943864,0.6295741068180681,5.839116282541159,0.2719344611720337,0.318154061391437,0.00015748,1.2488356255331006,0.00081957,0,0.0
6018,0.9412706445266183,0.2818929341698383,-1.54e-06,1.0910395921891818,3.1787488915280018,-2.9103845360049183,1.0052136313683062,21.711847397790923,0.12067054082980143,-41.02371899664055,-1.1573229341274334,-25.492551129544214,0.6295741068180681,34.12948186816786,0.2719344611720337,0.3321150763664598,0.00015748,1.0078958795422182,0.00081957,0,0.0
6019,0.009536194542032861,0.06146899517607813,-1.54e-06,1.0910395921891818,3.1787488915280018,-6.394994754258691,1.0052136313683062,6.708072991648527,0.12067054082980143,-25.83739688041572,-1.1573229341274334,14.049240932461446,0.6295741068180681,11.873320043244943,0.2719344611720337,-0.15014675173109623,0.00015748,0.15841394387109523,0.00081957,1,0.0
6020,1.2220141261809379,0.5081231588421902,-1.54e-06,1.0910395921891818,3.1787488915280018,11.551328374721221,1.0052136313683062,31.118353856812867,0.12067054082980143,-10.548601874475024,-1.1573229341274334,-94.13352619351784,0.6295741068180681,20.430999966601643,0.2719344611720337,0.311026734496319,0.00015748,1.2989629508434213,0.00081957,0,0.0
6021,0.7542636281119315,0.29370902700176266,-1.54e-06,1.0910395921891818,3.1787488915280018,0.017103194670885224,1.0052136313683062,9.420102019240066,0.12067054082980143,-15.832230685636032,-1.1573229341274334,-17.40865534382493,0.6295741068180681,20.646790934468125,0.2719344611720337,0.3645583081414907,0.00015748,0.7354269665723956,0.00081957,0,0.0
6022,1.226245007677499,0.271968312631648,-1.54e-06,1.0910395921891818,3.1787488915280018,-53.39714164139302,1.0052136313683062,12.33921552712743,0.12067054082980143,-54.589961289662874,-1.1573229341274334,-29.32620120387308,0.6295741068180681,81.24732376804884,0.2719344611720337,-0.20253640969888514,0.00015748,0.2029446497792164,0.00081957,1,0.0
6023,0.3310468014122301,0.31938744478782155,-1.54e-06,1.0910395921891818,3.1787488915280018,52.52790030165711,1.0052136313683062,49.5737093174317,0.12067054082980143,-77.99456263370813,-1.1573229341274334,6.185616103874105,0.6295741068180681,-9.11009063253165,0.2719344611720337,0.5303441122349832,0.00015748,2.279887930617077,0.00081957,0,0.0
6024,0.0015086425246176038,0.39785988772278225,-1.54e-06,1.0910395921891818,3.1787488915280018,-4.077825206749283,1.0052136313683062,-6.001549850364546,0.12067054082980143,-16.81354926943006,-1.1573229341274334,70.99089567783405,0.6295741068180681,2.8206273975876295,0.2719344611720337,-0.1276993540145936,0.00015748,0.5307086395949427,0.00081957,1,0.0
6025,0.32512725922968777,0.0722337135321301,-1.54e-06,1.0910395921891818,3.1787488915280018,9.58445331781861,1.0052136313683062,18.239044521094566,0.12067054082980143,-50.725340786742414,-1.1573229341274334,25.804789988143177,0.6295741068180681,14.27508950490359,0.2719344611720337,0.341097034985729,0.00015748,0.938616356118946,0.00081957,0,0.0
6026,0.7929515575992875,0.4189796509591594,-1.54e-06,1.0910395921891818,3.1787488915280018,-26.569082978710114,1.0052136313683062,9.472717437079117,0.12067054082980143,-60.29655240940257,-1.1573229341274334,62.86259084344499,0.6295741068180681,46.87261912263076,0.2719344611720337,0.29163798299997623,0.00015748,0.6319301214613258,0.00081957,0,0.0
6027,0.18745161241861363,0.044764994741211796,-1.54e-06,1.0910395921891818,3.1787488915280018,55.4446795303673,1.0052136313683062,41.68264683251969,0.12067054082980143,-75.7466574461012,-1.1573229341274334,-8.071315357681371,0.6295741068180681,-7.023831566226009,0.2719344611720337,0.28004369142534347,0.00015748,2.4231376756863323,0.00081957,0,0.0
6028,-0.002339041221693816,0.18694419096400955,-1.54e-06,1.0910395921891818,3.1787488915280018,57.35573617780687,1.0052136313683062,28.09990683776471,0.12067054082980143,-14.929693383882254,-1.1573229341274334,-8.719062810677055,0.6295741068180681,-38.45009079989194,0.2719344611720337,0.5630124836440931,0.00015748,1.486301579744281,0.00081957,0,0.0
6029,1.1562706702023073,0.3639243348177283,-1.54e-06,1.0910395921891818,3.1787488915280018,1.5380130173244728,1.0052136313683062,35.08182995126193,0.12067054082980143,-65.74584952161584,-1.1573229341274334,-39.17198549806074,0.6295741068180681,44.24538943789632,0.2719344611720337,0.2963617018099598,0.00015748,1.571981403027073,0.00081957,0,0.0
6030,0.29071346663334074,0.09457488825540177,-1.54e-06,1.0910395921891818,3.1787488915280018,68.03687774307187,1.0052136313683062,31.615049408634746,0.12067054082980143,-10.445900882720546,-1.1573229341274334,-75.55292787586755,0.6295741068180681,-31.22700387048841,0.2719344611720337,0.28113432918821524,0.00015748,2.228435091572144,0.00081957,0,0.0
6031,0.9227126691205,0.28739836018469156,-1.54e-06,1.0910395921891818,3.1787488915280018,7.14839450675071,1.0052136313683062,20.96803461577636,0.12067054082980143,-18.788271123229926,-1.1573229341274334,-52.64399416237951,0.6295741068180681,20.831750601399758,0.2719344611720337,0.3291891299516797,0.00015748,1.042552337149583,0.00081957,0,0.0
6032,0.19870578459863666,0.2240364340474768,-1.54e-06,1.0910395921891818,3.1787488915280018,7.75273561650411,1.0052136313683062,1.747724692423175,0.12067054082980143,-27.39626646503458,-1.1573229341274334,78.34953071172168,0.6295741068180681,0.06914277035683425,0.2719344611720337,0.3346686471804251,0.00015748,0.8817085634417156,0.00081957,0,0.0
6033,0.4586946337318061,0.12138964768705258,-1.54e-06,1.0910395921891818,3.1787488915280018,92.05268333218409,1.0052136313683062,68.27860155666328,0.12067054082980143,-100.0,-1.1573229341274334,-65.8909947834215,0.6295741068180681,-13.71174090909789,0.2719344611720337,0.26816093175839795,0.00015748,3.9543281466860773,0.00081957,0,0.0
6034,1.1816878600354976,0.35184872990428984,-1.54e-06,1.0910395921891818,3.1787488915280018,-50.527601944544436,1.0052136313683062,16.010639088126812,0.12067054082980143,-52.74385974692456,-1.1573229341274334,-25.13000641266628,0.6295741068180681,74.66632725923435,0.2719344611720337,-0.2916835358268427,0.00015748,0.30143199620707795,0.00081957,1,0.0
6035,0.7361239146189202,0.775383365218499,-1.54e-06,1.0910395921891818,3.1787488915280018,-42.84828356586387,1.0052136313683062,-9.773554592476223,0.12067054082980143,-24.353136458546388,-1.1573229341274334,51.02605497230875,0.6295741068180681,47.97064272657291,0.2719344611720337,-0.4720235647845996,0.00015748,0.4738138059471141,0.00081957,1,0.0
6036,1.2877292611608948,0.4367896731161275,-1.54e-06,1.0910395921891818,3.1787488915280018,-45.27145028366317,1.0052136313683062,16.908945635187436,0.12067054082980143,-39.70172959136256,-1.1573229341274334,-75.97472607600027,0.6295741068180681,74.99523573250103,0.2719344611720337,-0.3853054393034637,0.00015748,0.38410886223647966,0.00081957,1,0.0
6037,-0.00038975227652549016,0.07109135219933109,-1.54e-06,1.0910395921891818,3.1787488915280018,84.93113716914553,1.0052136313683062,48.58597775030985,0.12067054082980143,-85.26753420836127,-1.1573229341274334,9.009514590366965,0.6295741068180681,-28.374691329942166,0.2719344611720337,0.5482948166131898,0.00015748,3.128037189308718,0.00081957,0,0.0
6038,0.7021174004309916,0.13936625207904718,-1.54e-06,1.0910395921891818,3.1787488915280018,-32.94798396149142,1.0052136313683062,11.635562664099243,0.12067054082980143,-44.4176036503387,-1.1573229341274334,-13.802718049139454,0.6295741068180681,52.03312178675489,0.2719344611720337,-0.2271035315592737,0.00015748,0.22704417711464303,0.00081957,1,0.0
6039,1.1796496188922947,0.2513975795252651,-1.54e-06,1.0910395921891818,3.1787488915280018,-52.56682321177813,1.0052136313683062,11.702086951378604,0.12067054082980143,-55.26553327814283,-1.1573229341274334,-23.852374314607747,0.6295741068180681,79.71884644367202,0.2719344611720337,-0.1857893895340445,0.00015748,0.18806544068613623,0.00081957,1,0.0
6040,0.0003478078524824513,0.03026191870680261,-1.54e-06,1.0910395921891818,3.1787488915280018,11.41627018587914,1.0052136313683062,10.859170953210956,0.12067054082980143,-43.11562303494681,-1.1573229341274334,59.563100786329976,0.6295741068180681,1.2170839274512282,0.2719344611720337,0.44017242571038245,0.00015748,0.5894180448303056,0.00081957,0,0.0
6041,0.7543449585632575,0.10969409028747852,-1.54e-06,1.0910395921891818,3.1787488915280018,-41.17409850467015,1.0052136313683062,5.755174379048244,0.12067054082980143,-50.65631069147722,-1.1573229341274334,12.360385037623892,0.6295741068180681,60.0248301877004,0.2719344611720337,-0.049310160489315406,0.00015748,0.05074308103204086,0.00081957,1,0.0
6042,-0.0034890815351094062,0.28391968977125437,-1.54e-06,1.0910395921891818,3.1787488915280018,99.92368259285192,1.0052136313683062,36.60917386509496,0.12067054082980143,-1.8579799599067819,-1.1573229341274334,-33.94040539402918,0.6295741068180681,-69.77835584309798,0.2719344611720337,0.9234382995502254,0.00015748,2.456366773946672,0.00081957,0,0.0
6043,0.31855886856783294,0.1462025690271017,-1.54e-06,1.0910395921891818,3.1787488915280018,-37.14821589871088,1.0052136313683062,-1.5745777608757614,0.12067054082980143,-61.10551980215479,-1.1573229341274334,79.29310202776004,0.6295741068180681,48.13354268260756,0.2719344611720337,-0.17697488695467772,0.00015748,0.1780201486163614,0.00081957,1,0.0
6044,1.1220568362308923,0.44708882524738286,-1.54e-06,1.0910395921891818,3.1787488915280018,-48.41926684033254,1.0052136313683062,-1.7614349714613209,0.12067054082980143,-24.54014428093378,-1.1573229341274334,-8.205973551534184,0.6295741068180681,64.12936939963386,0.2719344611720337,-0.19387781729138487,0.00015748,0.192428945118647,0.00081957,1,0.0
6045,-0.0004838220399316917,0.10757842293697702,-1.54e-06,1.0910395921891818,3.1787488915280018,75.22190154891021,1.0052136313683062,45.27497030439041,0.12067054082980143,-94.62902383634153,-1.1573229341274334,45.52924581532073,0.6295741068180681,-22.29274770681042,0.2719344611720337,0.7288808723085107,0.00015748,2.864708106217952,0.00081957,0,0.0
6046,0.06919773055996759,0.03691957043143778,-1.54e-06,1.0910395921891818,3.1787488915280018,99.55231192970345,1.0052136313683062,58.69687372924265,0.12067054082980143,-82.84736053058397,-1.1573229341274334,-47.070657128681724,0.6295741068180681,-32.461266872891045,0.2719344611720337,0.26842165708595234,0.00015748,3.689707431587172,0.00081957,0,0.0
6047,1.0367324774649707,0.4575150055702536,-1.54e-06,1.0910395921891818,3.1787488915280018,37.169763589302406,1.0052136313683062,31.823997526678355,0.12067054082980143,-31.594700930406987,-1.1573229341274334,-87.96615135140735,0.6295741068180681,13.930390499818838,0.2719344611720337,0.27943433531329176,0.00015748,2.2800616440652233,0.00081957,0,0.0
6048,0.14841316319279585,0.05313973100302178,-1.54e-06,1.0910395921891818,3.1787488915280018,32.60249345593248,1.0052136313683062,15.995654296790077,0.12067054082980143,-19.767552720004844,-1.1573229341274334,-6.844677719841944,0.6295741068180681,-12.095715876851912,0.2719344611720337,0.31728889907879143,0.00015748,1.1707548778424344,0.00081957,0,0.0
6049,0.0021572541038874515,0.23035551919398323,-1.54e-06,1.0910395921891818,3.1787488915280018,92.44952244467285,1.0052136313683062,54.331044900291275,0.12067054082980143,-98.51603085257987,-1.1573229341274334,50.260788333719546,0.6295741068180681,-35.877198921322034,0.2719344611720337,1.0055445029904595,0.00015748,3.2311948700358766,0.00081957,0,0.0
6050,0.0017035980596132871,0.046449700895296285,-1.54e-06,1.0910395921891818,3.1787488915280018,11.470976206133619,1.0052136313683062,15.673634664969175,0.12067054082980143,-68.20464117865046,-1.1573229341274334,89.31068975441025,0.6295741068180681,7.351825005510096,0.2719344611720337,0.563176369637155,0.00015748,0.8018722126163853,0.00081957,0,0.0
6051,0.0011204001484492743,0.07962947964612734,-1.54e-06,1.0910395921891818,3.1787488915280018,29.91274134059322,1.0052136313683062,15.952191827758664,0.12067054082980143,-42.23762255743562,-1.1573229341274334,58.07839421378692,0.6295741068180681,-12.196638190473301,0.2719344611720337,0.656654332049421,0.00015748,1.0292965239379177,0.00081957,0,0.0
6052,-2.688565963215872e-05,0.4637763781117628,-1.54e-06,1.0910395921891818,3.1787488915280018,98.79959164952704,1.0052136313683062,38.707008227824176,0.12067054082980143,-57.30757532208023,-1.1573229341274334,67.36797528633697,0.6295741068180681,-56.6365409900456,0.2719344611720337,1.4565314674651528,0.00015748,2.8744785460288185,0.00081957,0,0.0
6053,0.13610493034490823,0.05552556876092207,-1.54e-06,1.0910395921891818,3.1787488915280018,66.5313216878047,1.0052136313683062,30.06811773109801,0.12067054082980143,-12.452169511950352,-1.1573229341274334,-58.777969405096506,0.6295741068180681,-34.255424016937084,0.2719344611720337,0.28536672772465776,0.00015748,2.048852324606291,0.00081957,0,0.0
6054,0.723574666747717,0.4375333027091311,-1.54e-06,1.0910395921891818,3.1787488915280018,-27.059418930234873,1.0052136313683062,18.662722140651173,0.12067054082980143,-43.08176147929801,-1.1573229341274334,-47.44046133221279,0.6295741068180681,50.20015434383378,0.2719344611720337,-0.4449729654571975,0.00015748,0.46183571475542357,0.00081957,1,0.0
6055,-0.0002949628790298586,0.23263440394526463,-1.54e-06,1.0910395921891818,3.1787488915280018,89.73007822949334,1.0052136313683062,43.275922633460695,0.12067054082980143,-75.55058410089683,-1.1573229341274334,47.07560708759056,0.6295741068180681,-40.264151424126055,0.2719344611720337,1.0374618126426836,0.00015748,2.9693813021427156,0.00081957,0,0.0
6056,0.1196601147149281,0.04532714417532417,-1.54e-06,1.0910395921891818,3.1787488915280018,62.578560776561325,1.0052136313683062,32.43655983978779,0.12067054082980143,-31.55268246292023,-1.1573229341274334,-39.2549810801738,0.6295741068180681,-26.364237328465347,0.2719344611720337,0.2842476169191481,0.00015748,2.121654757300754,0.00081957,0,0.0
6057,0.4189751491793189,0.09667039416519088,-1.54e-06,1.0910395921891818,3.1787488915280018,34.02896017296562,1.0052136313683062,30.235072421509162,0.12067054082980143,-48.82012279891518,-1.1573229341274334,-20.57003045981344,0.6295741068180681,2.6781647929823333,0.2719344611720337,0.29228064665794773,0.00015748,1.7211829904366158,0.00081957,0,0.0
6058,1.9890074028744091,0.8948513618604791,-1.54e-06,1.0910395921891818,3.1787488915280018,-10.313779764625748,1.0052136313683062,48.27043261305114,0.12067054082980143,-84.54784968971865,-1.1573229341274334,-92.34687219993236,0.6295741068180681,78.66504559764687,0.2719344611720337,0.28653342504014045,0.00015748,2.154327668411182,0.00081957,0,0.0
6059,0.1525605137486845,0.17831575407336003,-1.54e-06,1.0910395921891818,3.1787488915280018,6.1177772653440154,1.0052136313683062,1.7710879266083615,0.12067054082980143,-36.42298634209854,-1.1573229341274334,83.83917901195726,0.6295741068180681,4.3404060958053785,0.2719344611720337,0.3559731790727291,0.00015748,0.8397897646646769,0.00081957,0,0.0
6060,1.3700153469492793,0.5054964628839563,-1.54e-06,1.0910395921891818,3.1787488915280018,-14.276771447316802,1.0052136313683062,24.25257417914485,0.12067054082980143,-40.21276854082016,-1.1573229341274334,-53.109331274421116,0.6295741068180681,51.291573920666146,0.2719344611720337,0.3287896611396558,0.00015748,1.04257181608792,0.00081957,0,0.0
6061,0.11834024945317168,0.025185217691741032,-1.54e-06,1.0910395921891818,3.1787488915280018,8.93435000933299,1.0052136313683062,22.247196590282396,0.12067054082980143,-82.04243931768654,-1.1573229341274334,66.72782651457752,0.6295741068180681,18.976049565028454,0.2719344611720337,0.3270353172683908,0.00015748,1.0703149685146653,0.00081957,0,0.0
6062,0.33424760089831507,0.098700488530056,-1.54e-06,1.0910395921891818,3.1787488915280018,-39.96965082659327,1.0052136313683062,0.9385395398327334,0.12067054082980143,-71.12301067874617,-1.1573229341274334,82.56527977581952,0.6295741068180681,53.60317393959734,0.2719344611720337,-0.12219832990335226,0.00015748,0.12162384543687631,0.00081957,1,0.0
6063,1.24871459445486,0.5090780429454739,-1.54e-06,1.0910395921891818,3.1787488915280018,-55.008274811112386,1.0052136313683062,-0.3572543184030368,0.12067054082980143,-31.83855812603234,-1.1573229341274334,-5.796267589316847,0.6295741068180681,72.98502693841918,0.2719344611720337,-0.2001754920695224,0.00015748,0.19706719925915883,0.00081957,1,0.0
6064,-0.00028634121369951887,0.017683605534116305,-1.54e-06,1.0910395921891818,3.1787488915280018,-9.27589527269303,1.0052136313683062,-1.0800247205059283,0.12067054082980143,-19.654874068418568,-1.1573229341274334,34.5208963320048,0.6295741068180681,10.81845609173867,0.2719344611720337,-0.08310081962399447,0.00015748,0.08303702597089226,0.00081957,1,0.0
6065,0.2725864621665045,0.38895946499432027,-1.54e-06,1.0910395921891818,3.1787488915280018,-15.583067031334991,1.0052136313683062,-2.7996989815097084,0.12067054082980143,-23.400194208443935,-1.1573229341274334,58.14475688377555,0.6295741068180681,18.279447862690144,0.2719344611720337,-0.13887072646705162,0.00015748,0.46595071050546316,0.00081957,1,0.0
6066,0.4163324298086275,0.2591882827490923,-1.54e-06,1.0910395921891818,3.1787488915280018,48.96111232438088,1.0052136313683062,27.361355755312847,0.12067054082980143,-50.76556767670351,-1.1573229341274334,-20.93623391267364,0.6295741068180681,-2.3456028201325876,0.2719344611720337,0.30626486401719766,0.00015748,2.3347975369603864,0.00081957,0,0.0
6067,0.7547359914018615,0.5364129384386812,-1.54e-06,1.0910395921891818,3.1787488915280018,10.786388537941427,1.0052136313683062,22.3619327673753,0.12067054082980143,-57.102167473179456,-1.1573229341274334,54.184680853963556,0.6295741068180681,17.58387193369391,0.2719344611720337,0.9906306021801832,0.00015748,1.131212843214551,0.00081957,0,0.0
6068,1.5465973707415028,1.4262854315195521,-1.54e-06,1.0910395921891818,3.1787488915280018,-54.609065830082,1.0052136313683062,0.12513200259865456,0.12067054082980143,-15.461499666769441,-1.1573229341274334,-3.3390933726006993,0.6295741068180681,68.02022513156344,0.2719344611720337,-0.34311817164085445,0.00015748,0.6505955475742856,0.00081957,1,0.0
6069,1.0389594809437912,0.19032578327596514,-1.54e-06,1.0910395921891818,3.1787488915280018,-40.81868130374992,1.0052136313683062,8.458671505990516,0.12067054082980143,-32.37754215692302,-1.1573229341274334,-37.89224717289097,0.6295741068180681,62.01467068156728,0.2719344611720337,-0.13808541667064192,0.00015748,0.13749616446192117,0.00081957,1,0.0
6070,-7.29756487583555e-05,0.1965407239021384,-1.54e-06,1.0910395921891818,3.1787488915280018,26.656400012432165,1.0052136313683062,8.305854096431167,0.12067054082980143,-33.81497041799327,-1.1573229341274334,96.2070369972929,0.6295741068180681,-17.544793394888554,0.2719344611720337,0.6742587601173893,0.00015748,1.0621626576845802,0.00081957,0,0.0
6071,0.3957344398498517,0.11718693601894925,-1.54e-06,1.0910395921891818,3.1787488915280018,89.80596936296124,1.0052136313683062,53.39698149097454,0.12067054082980143,-49.49403969451279,-1.1573229341274334,-90.01818051352653,0.6295741068180681,-29.32038449585651,0.2719344611720337,0.27065825518361986,0.00015748,3.3264231767196275,0.00081957,0,0.0
6072,0.000499222622259321,0.03768327811067895,-1.54e-06,1.0910395921891818,3.1787488915280018,75.40702226394816,1.0052136313683062,37.231924078354666,0.12067054082980143,-45.187181723055474,-1.1573229341274334,-26.552592507543068,0.6295741068180681,-32.91346485062315,0.2719344611720337,0.3486070890708928,0.00015748,2.521994809107283,0.00081957,0,0.0
6073,1.4385966688161056,0.4017727887495185,-1.54e-06,1.0910395921891818,3.1787488915280018,-59.55891995246781,1.0052136313683062,16.012733393022987,0.12067054082980143,-59.41299155715254,-1.1573229341274334,-47.24731093029927,0.6295741068180681,92.33240335022903,0.2719344611720337,-0.29221774439901876,0.00015748,0.2921048807708803,0.00081957,1,0.0
6074,0.43026929430414074,1.4128534825680976,-1.54e-06,1.0910395921891818,3.1787488915280018,-34.78119366375546,1.0052136313683062,-11.579476383310496,0.12067054082980143,-1.1125966398239049,-1.1573229341274334,50.80641485862915,0.6295741068180681,25.462602518147143,0.2719344611720337,-0.8157443684211649,0.00015748,0.4704676400593062,0.00081957,1,0.0
6075,0.9895589123612214,0.5124048220879414,-1.54e-06,1.0910395921891818,3.1787488915280018,-47.07700539849256,1.0052136313683062,-3.794677629168742,0.12067054082980143,-26.149472622723888,-1.1573229341274334,13.557722537577291,0.6295741068180681,59.14666615359331,0.2719344611720337,-0.2888457031671201,0.00015748,0.2814969211189977,0.00081957,1,0.0
6076,0.64974970757543,0.18521386571012957,-1.54e-06,1.0910395921891818,3.1787488915280018,51.35278869035,1.0052136313683062,37.51608017645107,0.12067054082980143,-29.4900302335873,-1.1573229341274334,-79.45155023510891,0.6295741068180681,-7.408187887768257,0.2719344611720337,0.28187816360343787,0.00015748,2.2143264032460843,0.00081957,0,0.0
6077,0.47674295521271226,0.1168728713841942,-1.54e-06,1.0910395921891818,3.1787488915280018,20.194709605310607,1.0052136313683062,21.48356900815251,0.12067054082980143,-31.287390789929702,-1.1573229341274334,-18.477534407375032,0.6295741068180681,6.130378278654394,0.2719344611720337,0.31783462965089343,0.00015748,1.1737638714276788,0.00081957,0,0.0
6078,0.0003057871018734004,0.4404660701418152,-1.54e-06,1.0910395921891818,3.1787488915280018,-18.93141091958702,1.0052136313683062,-10.698008654719045,0.12067054082980143,-22.97302658182689,-1.1573229341274334,85.95580808755409,0.6295741068180681,14.626376916118529,0.2719344611720337,-0.43687644496232914,0.00015748,0.43584849443070905,0.00081957,1,0.0
6079,0.18366152567387045,0.006946144091605563,-1.54e-06,1.0910395921891818,3.1787488915280018,-11.137209603034568,1.0052136313683062,2.1695950773678585,0.12067054082980143,-16.432036677384467,-1.1573229341274334,5.490194288894503,0.6295741068180681,16.664587253234547,0.2719344611720337,-0.03104091133470043,0.00015748,0.030892680262811757,0.00081957,1,0.0
6080,0.013230582857441886,0.12561546468764434,-1.54e-06,1.0910395921891818,3.1787488915280018,24.018926849238554,1.0052136313683062,15.02803653264602,0.12067054082980143,-27.068725075567155,-1.1573229341274334,47.62892057737674,0.6295741068180681,-15.174158127094156,0.2719344611720337,0.5046343267011886,0.00015748,0.7832902850793668,0.00081957,0,0.0
6081,1.010305112797484,0.1948136603861502,-1.54e-06,1.0910395921891818,3.1787488915280018,-56.03819788925184,1.0052136313683062,7.9435580514648745,0.12067054082980143,-69.046037701643,-1.1573229341274334,21.308013848746114,0.6295741068180681,80.54882650891547,0.2719344611720337,-0.07539423442490881,0.00015748,0.07392231689894199,0.00081957,1,0.0
6082,0.8091622637358014,0.24596538396624312,-1.54e-06,1.0910395921891818,3.1787488915280018,0.4019364293005137,1.0052136313683062,16.61294996052651,0.12067054082980143,-23.591949154293307,-1.1573229341274334,-25.868956729586955,0.6295741068180681,22.98093620285358,0.2719344611720337,0.3641425779423809,0.00015748,0.7921420592322513,0.00081957,0,0.0
6083,0.40945357071667665,0.09342052756719296,-1.54e-06,1.0910395921891818,3.1787488915280018,55.66981296833808,1.0052136313683062,46.42546826384152,0.12067054082980143,-77.1041288566501,-1.1573229341274334,-29.707498848065214,0.6295741068180681,-1.2158626410649895,0.2719344611720337,0.27660695021619586,0.00015748,2.628431966787364,0.00081957,0,0.0
6084,1.3705971854196481,1.7200249701501353,-1.54e-06,1.0910395921891818,3.1787488915280018,21.4325795140122,1.0052136313683062,63.885001737486995,0.12067054082980143,-67.42020609549701,-1.1573229341274334,-48.83027575718719,0.6295741068180681,21.945831142760635,0.2719344611720337,0.2895518640016752,0.00015748,2.346778365404705,0.00081957,0,0.0
6085,0.00029019835126398164,0.07755461236210363,-1.54e-06,1.0910395921891818,3.1787488915280018,30.433718449702233,1.0052136313683062,16.988148117842726,0.12067054082980143,-47.32717224594368,-1.1573229341274334,61.145324408093416,0.6295741068180681,-10.737684705943229,0.2719344611720337,0.6532084164662396,0.00015748,1.104429150321855,0.00081957,0,0.0
6086,0.20611377086129057,0.44592189405491106,-1.54e-06,1.0910395921891818,3.1787488915280018,21.297907550190136,1.0052136313683062,37.92202131074953,0.12067054082980143,-82.98570534654803,-1.1573229341274334,72.93279654875728,0.6295741068180681,3.378602138155514,0.2719344611720337,0.38590571856797495,0.00015748,1.5009250786008752,0.00081957,0,0.0
6087,1.2568777823242248,0.4168833866126218,-1.54e-06,1.0910395921891818,3.1787488915280018,-8.714932796664197,1.0052136313683062,31.159740478500723,0.12067054082980143,-64.22183978871142,-1.1573229341274334,-35.3987085490418,0.6295741068180681,52.56279476916362,0.2719344611720337,0.30492139348351055,0.00015748,1.3569104289320553,0.00081957,0,0.0
6088,0.5642031859906187,0.13438721976774454,-1.54e-06,1.0910395921891818,3.1787488915280018,0.09967445252118474,1.0052136313683062,20.50448958001792,0.12067054082980143,-55.999857182366824,-1.1573229341274334,18.757965346658327,0.6295741068180681,26.8077685354292,0.2719344611720337,0.3438729816357997,0.00015748,0.9157874664088199,0.00081957,0,0.0
6089,0.5124164121729144,0.10827971789568544,-1.54e-06,1.0910395921891818,3.1787488915280018,33.14653237724058,1.0052136313683062,41.42762979057079,0.12067054082980143,-86.91758057329997,-1.1573229341274334,-4.008003673871017,0.6295741068180681,17.023348459484584,0.2719344611720337,0.2836463107621481,0.00015748,2.1620267853804305,0.00081957,0,0.0
6090,-0.00065316096714918,0.15059417808442632,-1.54e-06,1.0910395921891818,3.1787488915280018,76.123576276459,1.0052136313683062,44.89154226881314,0.12067054082980143,-99.80197475790456,-1.1573229341274334,63.20638823880028,0.6295741068180681,-22.76238705636368,0.2719344611720337,0.8708029125483183,0.00015748,2.895195081873182,0.00081957,0,0.0
6091,1.6701840090326032,3.0280550581259327,-1.54e-06,1.0910395921891818,3.1787488915280018,-44.36176008609481,1.0052136313683062,-3.4691246108581995,0.12067054082980143,-32.28120766810493,-1.1573229341274334,83.68909345271611,0.6295741068180681,60.95499127077258,0.2719344611720337,-0.10392820069572617,0.00015748,1.6085392103846257,0.00081957,1,0.0
6092,0.2969520260684264,0.4376914541607951,-1.54e-06,1.0910395921891818,3.1787488915280018,71.94399960662655,1.0052136313683062,36.84696680565283,0.12067054082980143,-87.6939306377674,-1.1573229341274334,32.31632810151721,0.6295741068180681,-11.176270297962686,0.2719344611720337,0.6977284862110613,0.00015748,3.1716755641598002,0.00081957,0,0.0
6093,1.3795560858289446,0.3485464251590136,-1.54e-06,1.0910395921891818,3.1787488915280018,-57.93980856396988,1.0052136313683062,13.5458129634629,0.12067054082980143,-56.176455318768305,-1.1573229341274334,-40.01667587200474,0.6295741068180681,88.70004496174874,0.2719344611720337,-0.22787248206133792,0.00015748,0.23180657999053078,0.00081957,1,0.0
6094,0.43057625640719865,0.10214626342240367,-1.54e-06,1.0910395921891818,3.1787488915280018,36.91079182451802,1.0052136313683062,32.318342345666295,0.12067054082980143,-48.00954237165722,-1.1573229341274334,-26.661322111685468,0.6295741068180681,0.6651592879681669,0.2719344611720337,0.2927939074328444,0.00015748,1.792387617576627,0.00081957,0,0.0
6095,0.6119141899192301,0.16115470463987763,-1.54e-06,1.0910395921891818,3.1787488915280018,0.4935472483403364,1.0052136313683062,16.73380293596273,0.12067054082980143,-41.03793946305966,-1.1573229341274334,5.139926940801097,0.6295741068180681,23.64858039222063,0.2719344611720337,0.3607966302855449,0.00015748,0.817029591959373,0.00081957,0,0.0
6096,0.055555931414404375,0.012980852049916248,-1.54e-06,1.0910395921891818,3.1787488915280018,-21.28241367095217,1.0052136313683062,2.154760626688374,0.12067054082980143,-50.45183467263853,-1.1573229341274334,60.763293943890716,0.6295741068180681,29.454819048137278,0.2719344611720337,-0.042061866949240655,0.00015748,0.04161333622277958,0.00081957,1,0.0
6097,0.0006608615160551556,0.16038816303185197,-1.54e-06,1.0910395921891818,3.1787488915280018,32.3186287949261,1.0052136313683062,12.604403921015523,0.12067054082980143,-43.7878142370698,-1.1573229341274334,85.41660308307718,0.6295741068180681,-15.48765693135622,0.2719344611720337,0.8388639853928864,0.00015748,1.119944438161518,0.00081957,0,0.0
6098,0.9308267556333887,0.2662608298760609,-1.54e-06,1.0910395921891818,3.1787488915280018,0.6270984143149566,1.0052136313683062,26.137735450240253,0.12067054082980143,-51.475298504898525,-1.1573229341274334,-23.804155551405543,0.6295741068180681,35.01638383618623,0.2719344611720337,0.31479000797818907,0.00015748,1.2100499694246525,0.00081957,0,0.0
6099,-0.00031315079401478263,0.2007657084116024,-1.54e-06,1.0910395921891818,3.1787488915280018,27.70975529127286,1.0052136313683062,5.928338612665841,0.12067054082980143,-28.0957551928752,-1.1573229341274334,91.45769554476298,0.6295741068180681,-19.070562975576483,0.2719344611720337,0.6374373424427117,0.00015748,1.0873656069960096,0.00081957,0,0.0
6100,0.820350494159858,0.23415291911102973,-1.54e-06,1.6355113511214805,3.4732176129917303,18.727037613566566,1.0052136313683062,26.69250550096078,0.12067054082980143,-96.35138937024067,-1.1573229341274334,9.021111161761132,0.6295741068180681,50.106903745356966,0.2719344611720337,0.38599266831970963,0.00015748,0.6946231328506165,0.00081957,0,0.0
6101,0.5137070638068566,0.1485003591967444,-1.54e-06,1.6355113511214805,3.4732176129917303,75.54207929689694,1.0052136313683062,26.30815459762937,0.12067054082980143,-50.38516279514147,-1.1573229341274334,-39.92497419070679,0.6295741068180681,-3.988461480672015,0.2719344611720337,0.366234433067237,0.00015748,0.7855678252597326,0.00081957,0,0.0
6102,0.0028027712624508205,0.09107301733571692,-1.54e-06,1.6355113511214805,3.4732176129917303,9.826561913423822,1.0052136313683062,9.31392469742771,0.12067054082980143,-31.02003516623055,-1.1573229341274334,-7.41571375154235,0.6295741068180681,8.256069364566217,0.2719344611720337,-0.11760079731433498,0.00015748,0.19696417262336835,0.00081957,1,0.0
6103,0.776166482754195,0.211916726450087,-1.54e-06,1.6355113511214805,3.4732176129917303,86.06680848795109,1.0052136313683062,40.74499676699592,0.12067054082980143,-94.2307192515113,-1.1573229341274334,-62.272043101975335,0.6295741068180681,17.44172576522008,0.2719344611720337,0.3225051210331414,0.00015748,1.1115556867153091,0.00081957,0,0.0
6104,0.6959099584694229,0.26794326846525907,-1.54e-06,1.6355113511214805,3.4732176129917303,10.230916324892133,1.0052136313683062,21.64141530540541,0.12067054082980143,-75.18110281660866,-1.1573229341274334,-8.565457597163407,0.6295741068180681,44.709985051817476,0.2719344611720337,0.23227409796161091,0.00015748,0.5496455991126774,0.00081957,0,0.0
6105,0.012053922634371772,0.12558487802519952,-1.54e-06,1.6355113511214805,3.4732176129917303,-40.22655006727044,1.0052136313683062,-9.797933471623956,0.12067054082980143,-17.75390110144394,-1.1573229341274334,91.6867619280014,0.6295741068180681,22.289015569858094,0.2719344611720337,-0.23022906158783443,0.00015748,0.229639065388458,0.00081957,1,0.0
6106,0.6321316271836905,0.18574312253298572,-1.54e-06,1.6355113511214805,3.4732176129917303,96.76891702297563,1.0052136313683062,33.45280319947222,0.12067054082980143,-49.153538411813045,-1.1573229341274334,-83.7369255507306,0.6295741068180681,-9.69742484689878,0.2719344611720337,0.33755826610911793,0.00015748,0.9618201730247238,0.00081957,0,0.0
6107,0.815333610466441,0.09184459803303824,-1.54e-06,1.6355113511214805,3.4732176129917303,-68.57482651443694,1.0052136313683062,10.73440135915705,0.12067054082980143,-65.32301324276904,-1.1573229341274334,-21.29836811305629,0.6295741068180681,89.2003046500312,0.2719344611720337,-0.1391162375964992,0.00015748,0.13891717340455076,0.00081957,1,0.0
6108,0.3253002917722234,0.15671682118311642,-1.54e-06,1.6355113511214805,3.4732176129917303,10.699850214083687,1.0052136313683062,13.421279146295136,0.12067054082980143,-9.75808413061753,-1.1573229341274334,-94.88947339887856,0.6295741068180681,15.244339577612115,0.2719344611720337,-0.2630615473602907,0.00015748,0.2767916896024945,0.00081957,1,0.0
6109,0.8817348483911928,0.10402951391743501,-1.54e-06,1.6355113511214805,3.4732176129917303,-75.56729438682588,1.0052136313683062,4.755643374538296,0.12067054082980143,-44.15960062493824,-1.1573229341274334,-18.72243325906159,0.6295741068180681,85.72170823010082,0.2719344611720337,-0.026927573782326745,0.00015748,0.026896951525469007,0.00081957,1,0.0
6110,0.9292567933535053,0.1272437361420857,-1.54e-06,1.6355113511214805,3.4732176129917303,-66.00004888881608,1.0052136313683062,2.8180842406652653,0.12067054082980143,-18.817328167109007,-1.1573229341274334,-51.11671997539223,0.6295741068180681,74.25840164997773,0.2719344611720337,-0.004690706065733665,0.00015748,0.0043217641820746605,0.00081957,1,0.0
6111,0.10722127356577554,0.13333575395720138,-1.54e-06,1.6355113511214805,3.4732176129917303,49.06359773837931,1.0052136313683062,13.022954420483131,0.12067054082980143,-39.84540319666452,-1.1573229341274334,31.970045016260556,0.6295741068180681,-11.09272854965369,0.2719344611720337,0.34850401910916085,0.00015748,0.4349599131792068,0.00081957,0,0.0
6112,0.8267146765039752,0.09818613015890627,-1.54e-06,1.6355113511214805,3.4732176129917303,-62.61569505127592,1.0052136313683062,11.043317114862296,0.12067054082980143,-56.14367850599575,-1.1573229341274334,-37.513352501439094,0.6295741068180681,83.58518160342473,0.2719344611720337,-0.14947911389206803,0.00015748,0.14958527983476455,0.00081957,1,0.0
6113,0.7327171623432727,0.19599443609472456,-1.54e-06,1.6355113511214805,3.4732176129917303,76.3924500850465,1.0052136313683062,36.17418761042072,0.12067054082980143,-89.85767205903122,-1.1573229341274334,-47.31177688611818,0.6295741068180681,19.42487538285392,0.2719344611720337,0.331145985482321,0.00015748,1.0230678823529051,0.00081957,0,0.0
6114,0.17832081400712196,0.08639328983692283,-1.54e-06,1.6355113511214805,3.4732176129917303,81.21087983465213,1.0052136313683062,17.44335306445775,0.12067054082980143,-26.163783493207067,-1.1573229341274334,-4.4661863488084075,0.6295741068180681,-29.687434308465896,0.2719344611720337,0.42625569547273434,0.00015748,0.6055584725488261,0.00081957,0,0.0
6115,0.49735302796514635,0.04030161722171021,-1.54e-06,1.6355113511214805,3.4732176129917303,-39.34657168370106,1.0052136313683062,0.8745864548126265,0.12067054082980143,-12.465135368912707,-1.1573229341274334,-17.85977333733593,0.6295741068180681,41.90910212696267,0.2719344611720337,-0.02062457951458155,0.00015748,0.0206525457536785,0.00081957,1,0.0
6116,0.13339921433434715,0.17135314897312146,-1.54e-06,1.6355113511214805,3.4732176129917303,22.55465548865206,1.0052136313683062,13.752082677277372,0.12067054082980143,-41.70484961652237,-1.1573229341274334,-6.9378808081612995,0.6295741068180681,8.927196189496927,0.2719344611720337,0.012104354677626328,0.00015748,0.33848352748474286,0.00081957,0,0.0
6117,0.11184956600776041,0.07518411405808602,-1.54e-06,1.6355113511214805,3.4732176129917303,87.64553247601927,1.0052136313683062,17.475711147810706,0.12067054082980143,-21.58268411886641,-1.1573229341274334,-5.686121718158921,0.6295741068180681,-37.23728277162824,0.2719344611720337,0.4287307366325394,0.00015748,0.5987301605628941,0.00081957,0,0.0
6118,0.10317994991090668,0.07869606235673053,-1.54e-06,1.6355113511214805,3.4732176129917303,-7.44785150635022,1.0052136313683062,7.132462605813784,0.12067054082980143,-42.773986913501126,-1.1573229341274334,0.16663025355947766,0.6295741068180681,27.405874621312506,0.2719344611720337,-0.1534914511590874,0.00015748,0.1860824069117072,0.00081957,1,0.0
6119,0.6101506892746165,0.21232298632462435,-1.54e-06,1.6355113511214805,3.4732176129917303,-76.76232749858536,1.0052136313683062,-7.203401347729362,0.12067054082980143,-21.787669698525395,-1.1573229341274334,45.21605901207731,0.6295741068180681,63.85199958522717,0.2719344611720337,-0.21966649238546532,0.00015748,0.21947147412001144,0.00081957,1,0.0
6120,0.002567807547078138,0.14672762114369214,-1.54e-06,1.6355113511214805,3.4732176129917303,17.89531298267879,1.0052136313683062,6.6003792768554215,0.12067054082980143,-44.49192330620865,-1.1573229341274334,69.59911202406086,0.6295741068180681,1.937867940296796,0.2719344611720337,0.21108286722063713,0.00015748,0.304647666383508,0.00081957,0,0.0
6121,0.0018678800515949945,0.12507274594899537,-1.54e-06,1.6355113511214805,3.4732176129917303,4.455693219056998,1.0052136313683062,10.486088019517336,0.12067054082980143,-63.77159539848739,-1.1573229341274334,49.86432878287949,0.6295741068180681,20.324745517268752,0.2719344611720337,0.03538117279577138,0.00015748,0.25009128736674247,0.00081957,0,0.0
6122,0.45943914027798605,0.08645231016498425,-1.54e-06,1.6355113511214805,3.4732176129917303,-84.50308593507724,1.0052136313683062,-1.6037437558084848,0.12067054082980143,-73.0592790074544,-1.1573229341274334,94.99592010122919,0.6295741068180681,81.83030164040632,0.2719344611720337,-0.12428073474331686,0.00015748,0.12342015632852735,0.00081957,1,0.0
6123,0.5694734649783257,0.041204184499256724,-1.54e-06,1.6355113511214805,3.4732176129917303,-57.963007500935625,1.0052136313683062,7.446588652504174,0.12067054082980143,-59.74484756285683,-1.1573229341274334,8.51217867100612,0.6295741068180681,71.65144452642144,0.2719344611720337,-0.08401023940557725,0.00015748,0.08418402851339649,0.00081957,1,0.0
6124,0.23344985384173883,0.15229522436689175,-1.54e-06,1.6355113511214805,3.4732176129917303,51.105308081815835,1.0052136313683062,15.380195314120208,0.12067054082980143,-33.30555502290802,-1.1573229341274334,5.143669756184707,0.6295741068180681,-10.153274793779516,0.2719344611720337,0.35080028235039373,0.00015748,0.4586133829519783,0.00081957,0,0.0
6125,0.7690169022440753,0.0941933598440256,-1.54e-06,1.6355113511214805,3.4732176129917303,-85.94082202283963,1.0052136313683062,3.401380710711364,0.12067054082980143,-62.38140368679049,-1.1573229341274334,30.43315876853638,0.6295741068180681,91.14552961216897,0.2719344611720337,-0.05996125622206711,0.00015748,0.06069724018759213,0.00081957,1,0.0
6126,0.4286808573301497,0.23457159690158733,-1.54e-06,1.6355113511214805,3.4732176129917303,-80.71699354314782,1.0052136313683062,-9.945451394654537,0.12067054082980143,-37.67407859254859,-1.1573229341274334,94.01310919364005,0.6295741068180681,64.63172589389545,0.2719344611720337,-0.26220428890175607,0.00015748,0.2610159615946711,0.00081957,1,0.0
6127,0.21328075051283868,0.04217731371121335,-1.54e-06,1.6355113511214805,3.4732176129917303,-43.358154775388535,1.0052136313683062,9.029535742053163,0.12067054082980143,-84.55436052815826,-1.1573229341274334,52.51435245906158,0.6295741068180681,61.83711400669974,0.2719344611720337,-0.1362721186784022,0.00015748,0.13825893316724427,0.00081957,1,0.0
6128,0.0006599507297280205,0.061969521174345926,-1.54e-06,1.6355113511214805,3.4732176129917303,69.61172839290481,1.0052136313683062,13.370410167463946,0.12067054082980143,-42.86722964960555,-1.1573229341274334,58.42324028259954,0.6295741068180681,-26.320715232406258,0.2719344611720337,0.44855269962316885,0.00015748,0.5678554236997917,0.00081957,0,0.0
6129,0.5220780016076543,0.1332931713069974,-1.54e-06,1.6355113511214805,3.4732176129917303,51.56928827073837,1.0052136313683062,28.7172257970259,0.12067054082980143,-93.57552785222632,-1.1573229341274334,13.28147330404385,0.6295741068180681,22.73253732316083,0.2719344611720337,0.3658395265847826,0.00015748,0.7853861260746501,0.00081957,0,0.0
6130,0.0007605111084814653,0.14058459549804525,-1.54e-06,1.6355113511214805,3.4732176129917303,39.78438713228889,1.0052136313683062,8.63636930230395,0.12067054082980143,-22.8109570334052,-1.1573229341274334,23.02092565830554,0.6295741068180681,-15.25837864138346,0.2719344611720337,0.2451787177580337,0.00015748,0.28876257908996716,0.00081957,0,0.0
6131,0.45809348411604445,0.1171652884546178,-1.54e-06,1.6355113511214805,3.4732176129917303,56.07647623974688,1.0052136313683062,27.703757277823073,0.12067054082980143,-90.28814753342022,-1.1573229341274334,16.35350374381438,0.6295741068180681,17.27643448430342,0.2719344611720337,0.3682199162446601,0.00015748,0.780453455564542,0.00081957,0,0.0
6132,0.00041147292727594653,0.11288555934141009,-1.54e-06,1.6355113511214805,3.4732176129917303,80.33166065940786,1.0052136313683062,7.552130378820074,0.12067054082980143,-13.484100332176375,-1.1573229341274334,55.002252465862234,0.6295741068180681,-43.78298802079683,0.2719344611720337,0.3890584175279511,0.00015748,0.7218165899271026,0.00081957,0,0.0
6133,0.3166709966242647,0.3223137138604081,-1.54e-06,1.6355113511214805,3.4732176129917303,100.0,1.0052136313683062,43.45731181651591,0.12067054082980143,-81.86098007404037,-1.1573229341274334,-17.23605897903252,0.6295741068180681,-22.045631458381447,0.2719344611720337,0.29450930909681444,0.00015748,1.024663131889488,0.00081957,0,0.0
6134,0.2005510700786366,0.03292852103845844,-1.54e-06,1.6355113511214805,3.4732176129917303,-39.00536464678173,1.0052136313683062,-2.453354435468442,0.12067054082980143,-26.549556622034167,-1.1573229341274334,46.858752688499806,0.6295741068180681,33.845792754982334,0.2719344611720337,-0.09595189100799292,0.00015748,0.09631521821488245,0.00081957,1,0.0
6135,0.7134385083626252,0.2944460877487246,-1.54e-06,1.6355113511214805,3.4732176129917303,-22.621115710564414,1.0052136313683062,20.011168873607687,0.12067054082980143,-81.90594211549573,-1.1573229341274334,-28.26913786321818,0.6295741068180681,69.33503447074031,0.2719344611720337,-0.07509832626198665,0.00015748,0.435601901322907,0.00081957,1,0.0
6136,0.2724101715643021,0.16020896008228278,-1.54e-06,1.6355113511214805,3.4732176129917303,-29.009403560573894,1.0052136313683062,15.01535060134951,0.12067054082980143,-91.45725370985755,-1.1573229341274334,24.748014466976514,0.6295741068180681,61.02162027918346,0.2719344611720337,-0.1972189077787099,0.00015748,0.2877396310885181,0.00081957,1,0.0
6137,0.0004698461963011935,0.030228163048089757,-1.54e-06,1.6355113511214805,3.4732176129917303,86.09402727337341,1.0052136313683062,25.005287780054122,0.12067054082980143,-87.38622963611859,-1.1573229341274334,50.93150758226251,0.6295741068180681,-14.269874282554964,0.2719344611720337,0.36284353691597704,0.00015748,0.8036745864541899,0.00081957,0,0.0
6138,0.47073954618682645,0.13492174888913772,-1.54e-06,1.6355113511214805,3.4732176129917303,100.0,1.0052136313683062,31.736793737257752,0.12067054082980143,-53.317412500151704,-1.1573229341274334,-60.06552455096433,0.6295741068180681,-15.58694814787114,0.2719344611720337,0.34058490230631283,0.00015748,0.9391305304656477,0.00081957,0,0.0
6139,0.10647756047188589,0.14462526554661823,-1.54e-06,1.6355113511214805,3.4732176129917303,26.60247782122687,1.0052136313683062,11.732741131144348,0.12067054082980143,-0.008488462838307731,-1.1573229341274334,-86.23779355485458,0.6295741068180681,-4.223997413231518,0.2719344611720337,-0.2569599273332432,0.00015748,0.2585301550708509,0.00081957,1,0.0
6140,0.5710874586690675,0.1335103086460892,-1.54e-06,1.6355113511214805,3.4732176129917303,-21.773836351770314,1.0052136313683062,13.586883255706772,0.12067054082980143,-33.889113930087134,-1.1573229341274334,-76.57381631558636,0.6295741068180681,48.69064831686112,0.2719344611720337,-0.24877499942358505,0.00015748,0.2489069854850885,0.00081957,1,0.0
6141,0.8638474353831567,0.7876637611705841,-1.54e-06,1.6355113511214805,3.4732176129917303,19.27403378861722,1.0052136313683062,6.794997566322093,0.12067054082980143,-95.0648422594688,-1.1573229341274334,92.42488092421581,0.6295741068180681,56.09801316297615,0.2719344611720337,0.3182947684134503,0.00015748,1.1939320626582126,0.00081957,0,0.0
6142,0.43490128385912963,0.13155476330989208,-1.54e-06,1.6355113511214805,3.4732176129917303,100.0,1.0052136313683062,28.08787161738069,0.12067054082980143,-37.9654877062219,-1.1573229341274334,-63.97371004976955,0.6295741068180681,-22.284688022523998,0.2719344611720337,0.349050744596837,0.00015748,0.8746481608518422,0.00081957,0,0.0
6143,0.03257324100462611,0.04560145021469766,-1.54e-06,1.6355113511214805,3.4732176129917303,81.97122625676008,1.0052136313683062,19.910183646688896,0.12067054082980143,-55.2856968107962,-1.1573229341274334,32.33322487860655,0.6295741068180681,-24.25210824384888,0.2719344611720337,0.4020305703848851,0.00015748,0.6628726965928274,0.00081957,0,0.0
6144,0.9181369733470869,0.10840988444421365,-1.54e-06,1.6355113511214805,3.4732176129917303,-61.15079067052919,1.0052136313683062,7.770098911290449,0.12067054082980143,-31.990560282128822,-1.1573229341274334,-60.44520867414956,0.6295741068180681,77.22910563179215,0.2719344611720337,-0.09483795850047723,0.00015748,0.09494061338268069,0.00081957,1,0.0
6145,0.18235087760785518,0.09855825721955142,-1.54e-06,1.6355113511214805,3.4732176129917303,78.48208700444444,1.0052136313683062,29.15377131849571,0.12067054082980143,-71.94630629347026,-1.1573229341274334,20.227707709457437,0.6295741068180681,-15.031567828501252,0.2719344611720337,0.3772397495231772,0.00015748,0.7469363653704504,0.00081957,0,0.0
6146,0.04190522478017683,0.16828116317018432,-1.54e-06,1.6355113511214805,3.4732176129917303,42.2124049733089,1.0052136313683062,6.735794358755489,0.12067054082980143,-44.89739923000404,-1.1573229341274334,94.74340216673995,0.6295741068180681,-11.975500664485601,0.2719344611720337,0.3110655297780634,0.00015748,0.6184037381254877,0.00081957,0,0.0
6147,0.4976574206973411,0.05008442650821013,-1.54e-06,1.6355113511214805,3.4732176129917303,-54.86110679749139,1.0052136313683062,0.8917982973476228,0.12067054082980143,-32.59417132372142,-1.1573229341274334,18.06464022230482,0.6295741068180681,55.123163144275836,0.2719344611720337,-0.06402154236421032,0.00015748,0.06382680799937382,0.00081957,1,0.0
6148,0.7526184173580642,0.07813394269855414,-1.54e-06,1.6355113511214805,3.4732176129917303,-44.652601623057464,1.0052136313683062,7.930076363677588,0.12067054082980143,-24.257799588357727,-1.1573229341274334,-62.434262295765976,0.6295741068180681,60.45514616204445,0.2719344611720337,-0.1117705182931658,0.00015748,0.11177248727508325,0.00081957,1,0.0
6149,6.601903562958311e-05,0.10632523127050608,-1.54e-06,1.6355113511214805,3.4732176129917303,2.1172496028748338,1.0052136313683062,8.560088875234024,0.12067054082980143,-55.779180610929004,-1.1573229341274334,50.00015274709641,0.6295741068180681,17.904305070022524,0.2719344611720337,0.05637216628315096,0.00015748,0.20148797610327057,0.00081957,0,0.0
6150,0.0005988406491324039,0.06188623193447562,-1.54e-06,1.6355113511214805,3.4732176129917303,81.9407386372296,1.0052136313683062,13.658255175224445,0.12067054082980143,-25.88236420523348,-1.1573229341274334,29.67186501911605,0.6295741068180681,-37.793214611197335,0.2719344611720337,0.4444927199255049,0.00015748,0.5709756682068599,0.00081957,0,0.0
6151,0.3126138035616512,0.6705070320224875,-1.54e-06,1.6355113511214805,3.4732176129917303,49.63102608643979,1.0052136313683062,-5.3444507363027824,0.12067054082980143,-10.730510868791894,-1.1573229341274334,84.2946055246361,0.6295741068180681,-15.12857037961904,0.2719344611720337,0.1783062134623603,0.00015748,1.0525782581561283,0.00081957,0,0.0
6152,0.2746696117017181,0.013751075621861989,-1.54e-06,1.6355113511214805,3.4732176129917303,-24.50240258274403,1.0052136313683062,0.13367869460819193,0.12067054082980143,-10.200532147234473,-1.1573229341274334,-3.393293914041762,0.6295741068180681,25.697797636896013,0.2719344611720337,-0.01749453644406715,0.00015748,0.01771510720896364,0.00081957,1,0.0
6153,1.3958097798788833,0.5753895511189389,-1.54e-06,1.6355113511214805,3.4732176129917303,-7.5244483456940054,1.0052136313683062,35.465060992309176,0.12067054082980143,-91.47966007419961,-1.1573229341274334,-75.93642618515436,0.6295741068180681,81.26322823218155,0.2719344611720337,0.22356007300830255,0.00015748,0.7677828602262853,0.00081957,0,0.0
6154,0.6427407321410095,0.2578558756709607,-1.54e-06,1.6355113511214805,3.4732176129917303,35.03770835907876,1.0052136313683062,29.505156340406597,0.12067054082980143,-83.70344390340613,-1.1573229341274334,-14.198092208349742,0.6295741068180681,30.908490188436986,0.2719344611720337,0.26061223683996326,0.00015748,0.7081538453552858,0.00081957,0,0.0
6155,0.37618742074715306,0.9482831546848656,-1.54e-06,1.6355113511214805,3.4732176129917303,-37.37626014708235,1.0052136313683062,21.63593618134599,0.12067054082980143,-37.38141903749992,-1.1573229341274334,-0.12082232079378646,0.6295741068180681,27.8912014902311,0.2719344611720337,-0.5469605153370625,0.00015748,0.5234474777733713,0.00081957,1,0.0
6156,0.015463871723370146,0.0015052953989248405,-1.54e-06,1.6355113511214805,3.4732176129917303,-19.34484456571172,1.0052136313683062,1.621555898479203,0.12067054082980143,-33.65736398536397,-1.1573229341274334,41.30398310068427,0.6295741068180681,21.676923977935154,0.2719344611720337,-0.016208587416705465,0.00015748,0.017017624158763657,0.00081957,1,0.0
6157,-0.000451551405784012,0.1360123769604759,-1.54e-06,1.6355113511214805,3.4732176129917303,75.53462878935355,1.0052136313683062,7.317375727367824,0.12067054082980143,-16.11385061685811,-1.1573229341274334,74.71627097535509,0.6295741068180681,-43.62202103890973,0.2719344611720337,0.37347886662163954,0.00015748,0.7740983028523614,0.00081957,0,0.0
6158,0.6682716323449092,0.05931339226915999,-1.54e-06,1.6355113511214805,3.4732176129917303,-63.05341990995306,1.0052136313683062,4.167264911250292,0.12067054082980143,-47.151422247551366,-1.1573229341274334,-0.9677580006788387,0.6295741068180681,73.53942015930636,0.2719344611720337,-0.030115145314585555,0.00015748,0.030545013815107012,0.00081957,1,0.0
6159,0.06565340231588969,0.01790317176730468,-1.54e-06,1.6355113511214805,3.4732176129917303,-38.304227082689216,1.0052136313683062,-1.248213947097718,0.12067054082980143,-43.48038762698057,-1.1573229341274334,74.39719584507004,0.6295741068180681,34.49792956769996,0.2719344611720337,-0.08170126984401614,0.00015748,0.08127140534288722,0.00081957,1,0.0
6160,0.899278402200234,0.1391409131903239,-1.54e-06,1.6355113511214805,3.4732176129917303,-83.02376270344048,1.0052136313683062,1.7009352494529808,0.12067054082980143,-39.02551755991132,-1.1573229341274334,-4.800986687431325,0.6295741068180681,86.50938031597397,0.2719344611720337,-0.06355241584949908,0.00015748,0.06335757917553167,0.00081957,1,0.0
6161,-0.16460718970173827,1.0679183074639997,-1.54e-06,1.6355113511214805,3.4732176129917303,39.95823829460103,1.0052136313683062,10.088600226069865,0.12067054082980143,-0.19436505898117823,-1.1573229341274334,80.7068369957982,0.6295741068180681,-48.632784523683696,0.2719344611720337,-0.13189674614706454,0.00015748,0.7533851824058782,0.00081957,1,0.0
6162,0.00030632255346091375,0.13940531499324188,-1.54e-06,1.6355113511214805,3.4732176129917303,49.211386467474746,1.0052136313683062,9.452566780678866,0.12067054082980143,-23.895747558234277,-1.1573229341274334,30.576160624718973,0.6295741068180681,-20.89109249571112,0.2719344611720337,0.3097802406021299,0.00015748,0.35885066122762915,0.00081957,0,0.0
6163,0.2208167708574702,0.08862817025738762,-1.54e-06,1.6355113511214805,3.4732176129917303,37.112221485859024,1.0052136313683062,17.167164816577582,0.12067054082980143,-82.49933372632069,-1.1573229341274334,82.19244858156273,0.6295741068180681,11.883838052949423,0.2719344611720337,0.471975586823985,0.00015748,0.5317252665783596,0.00081957,0,0.0
6164,0.3694332701521598,0.03204496918343566,-1.54e-06,1.6355113511214805,3.4732176129917303,-71.69835874055524,1.0052136313683062,1.7384335822196948,0.12067054082980143,-77.58521757364477,-1.1573229341274334,84.97076659018859,0.6295741068180681,75.20551023753646,0.2719344611720337,-0.050541588254249516,0.00015748,0.05164763716542737,0.00081957,1,0.0
6165,0.20881734381226,0.0684041850893403,-1.54e-06,1.6355113511214805,3.4732176129917303,-13.055703439379977,1.0052136313683062,10.221811382547967,0.12067054082980143,-42.19047107847254,-1.1573229341274334,-17.029409644485344,0.6295741068180681,32.32582914725746,0.2719344611720337,-0.184242906550021,0.00015748,0.18424055841519577,0.00081957,1,0.0
6166,0.6954869491726969,0.2209148146028435,-1.54e-06,1.6355113511214805,3.4732176129917303,81.53908631268861,1.0052136313683062,26.140544511886773,0.12067054082980143,-21.212533093933878,-1.1573229341274334,-93.2525051802294,0.6295741068180681,-10.57274480493522,0.2719344611720337,0.3657666456246819,0.00015748,0.7867605401032132,0.00081957,0,0.0
6167,0.33959196227480204,0.10217032489517333,-1.54e-06,1.6355113511214805,3.4732176129917303,-21.444206142190506,1.0052136313683062,11.794569212012805,0.12067054082980143,-52.017049045521006,-1.1573229341274334,-26.547157670821633,0.6295741068180681,46.463831303956994,0.2719344611720337,-0.22483845993012386,0.00015748,0.22541694404178197,0.00081957,1,0.0
6168,0.2288965668274509,0.046831336554309294,-1.54e-06,1.6355113511214805,3.4732176129917303,-42.36131345617897,1.0052136313683062,11.056424136011076,0.12067054082980143,-80.86208518366064,-1.1573229341274334,46.86010709157769,0.6295741068180681,58.17646703994857,0.2719344611720337,-0.15050143611930228,0.00015748,0.15173458276247598,0.00081957,1,0.0
6169,0.2804515164963002,0.08322194039555687,-1.54e-06,1.6355113511214805,3.4732176129917303,64.20816207447585,1.0052136313683062,23.500686830212906,0.12067054082980143,-78.25950094057403,-1.1573229341274334,28.838587773266337,0.6295741068180681,2.75336551386887,0.2719344611720337,0.38174311384490334,0.00015748,0.7303013948498213,0.00081957,0,0.0
6170,0.5443885733385248,0.09145963085936767,-1.54e-06,1.6355113511214805,3.4732176129917303,-26.17139585379486,1.0052136313683062,11.557322131947549,0.12067054082980143,-33.422770311347335,-1.1573229341274334,-60.10374086838742,0.6295741068180681,48.47185893755198,0.2719344611720337,-0.19890018637208493,0.00015748,0.19946444224500018,0.00081957,1,0.0
6171,0.024378783064879617,0.1901644633275443,-1.54e-06,1.6355113511214805,3.4732176129917303,-39.17827410254924,1.0052136313683062,-5.789818836610202,0.12067054082980143,-12.085973346492505,-1.1573229341274334,87.40843132632435,0.6295741068180681,14.661042676539102,0.2719344611720337,-0.2930721076619228,0.00015748,0.2937723965477538,0.00081957,1,0.0
6172,0.0006558273681090965,0.04753910133305158,-1.54e-06,1.6355113511214805,3.4732176129917303,82.12376636986762,1.0052136313683062,24.435898342934898,0.12067054082980143,-92.68331563904557,-1.1573229341274334,76.15880184974814,0.6295741068180681,-13.308981545859462,0.2719344611720337,0.4699184641696653,0.00015748,0.7687967442895763,0.00081957,0,0.0
6173,0.130486717440893,0.17212817152361598,-1.54e-06,1.6355113511214805,3.4732176129917303,-41.602267780218725,1.0052136313683062,-4.594982534774624,0.12067054082980143,-10.57648546996215,-1.1573229341274334,69.59024435468585,0.6295741068180681,19.872406591312465,0.2719344611720337,-0.2703903817058074,0.00015748,0.2709811687475526,0.00081957,1,0.0
6174,0.23854501493647823,0.21541030511335876,-1.54e-06,1.6355113511214805,3.4732176129917303,33.785391499999974,1.0052136313683062,14.922538200392756,0.12067054082980143,-15.043531050365583,-1.1573229341274334,-69.57646980035808,0.6295741068180681,0.004847883138717473,0.2719344611720337,-0.08474095489357614,0.00015748,0.3736032780944627,0.00081957,1,0.0
6175,0.687217160413351,0.19438788909618257,-1.54e-06,1.6355113511214805,3.4732176129917303,76.76552457419292,1.0052136313683062,31.046462097056526,0.12067054082980143,-61.259496921828195,-1.1573229341274334,-60.404456022938504,0.6295741068180681,6.677323346684445,0.2719344611720337,0.3457563994413794,0.00015748,0.9027364586523217,0.00081957,0,0.0
6176,0.6144753985085439,0.22462581196221454,-1.54e-06,1.6355113511214805,3.4732176129917303,-77.57220852070662,1.0052136313683062,-1.9392371423743417,0.12067054082980143,-27.74678236503688,-1.1573229341274334,46.076639701577214,0.6295741068180681,62.327309586326386,0.2719344611720337,-0.25194714308231697,0.00015748,0.25055740910722707,0.00081957,1,0.0
6177,0.32845230488408816,0.10040644476298945,-1.54e-06,1.6355113511214805,3.4732176129917303,100.0,1.0052136313683062,27.568288594202254,0.12067054082980143,-46.808600968544724,-1.1573229341274334,-41.753701143431584,0.6295741068180681,-23.08389510565103,0.2719344611720337,0.3514751220327452,0.00015748,0.8672888968178927,0.00081957,0,0.0
6178,0.3360908887690536,0.031184481701445988,-1.54e-06,1.6355113511214805,3.4732176129917303,-42.65650166025381,1.0052136313683062,8.304184992419163,0.12067054082980143,-65.4235616405452,-1.1573229341274334,23.91833304294489,0.6295741068180681,58.4096943347938,0.2719344611720337,-0.11667044702494034,0.00015748,0.11685385473763565,0.00081957,1,0.0
6179,0.6592542741619475,0.09427810851922441,-1.54e-06,1.6355113511214805,3.4732176129917303,-26.05830530457684,1.0052136313683062,10.45642243752377,0.12067054082980143,-17.047909034596504,-1.1573229341274334,-85.51155147833065,0.6295741068180681,46.74571785735912,0.2719344611720337,-0.18165516516766234,0.00015748,0.1812697761398378,0.00081957,1,0.0
6180,1.3112186020597183,0.6397740864437667,-1.54e-06,1.6355113511214805,3.4732176129917303,32.510224182459964,1.0052136313683062,21.355221770746624,0.12067054082980143,-61.03995742573681,-1.1573229341274334,-74.07299779372936,0.6295741068180681,56.61296673752955,0.2719344611720337,0.33289042373921146,0.00015748,1.0102177434030322,0.00081957,0,0.0
6181,0.6137992379930653,0.046238340844477685,-1.54e-06,1.6355113511214805,3.4732176129917303,-86.28634508203882,1.0052136313683062,7.051407054279267,0.12067054082980143,-94.78751386261467,-1.1573229341274334,64.36859393121792,0.6295741068180681,98.26416831166031,0.2719344611720337,-0.060715406291792236,0.00015748,0.06064427767483566,0.00081957,1,0.0
6182,0.2525336992299248,0.024796366482075494,-1.54e-06,1.6355113511214805,3.4732176129917303,-29.88440797726027,1.0052136313683062,2.00429356899559,0.12067054082980143,-36.42238182942336,-1.1573229341274334,13.399126275158784,0.6295741068180681,39.896200377876525,0.2719344611720337,-0.07011298717972078,0.00015748,0.0715337623648252,0.00081957,1,0.0
6183,0.5441978743834325,0.0510152059838208,-1.54e-06,1.6355113511214805,3.4732176129917303,-51.99064190315677,1.0052136313683062,9.472108847354573,0.12067054082980143,-62.66384307468611,-1.1573229341274334,0.11160004545479157,0.6295741068180681,69.80842184643888,0.2719344611720337,-0.12803547738567625,0.00015748,0.1292455953108216,0.00081957,1,0.0
6184,1.1486301787854343,0.19756232309238841,-1.54e-06,1.6355113511214805,3.4732176129917303,-85.92644139964803,1.0052136313683062,3.577013237381807,0.12067054082980143,-26.666845128840432,-1.1573229341274334,-52.824161083123165,0.6295741068180681,93.79828357544106,0.2719344611720337,-0.02911356930761868,0.00015748,0.02922170430087167,0.00081957,1,0.0
6185,0.00315101941911744,0.07318958545832228,-1.54e-06,1.6355113511214805,3.4732176129917303,-36.73886186543555,1.0052136313683062,-6.6358093378312795,0.12067054082980143,-25.00825289081316,-1.1573229341274334,85.62707075802037,0.6295741068180681,23.196097574992763,0.2719344611720337,-0.1774078869763624,0.00015748,0.17874750426525693,0.00081957,1,0.0
6186,0.4537238319396862,0.5062475155873211,-1.54e-06,1.6355113511214805,3.4732176129917303,52.710533600836705,1.0052136313683062,4.231344461921027,0.12067054082980143,-62.59606897760198,-1.1573229341274334,92.73855091005458,0.6295741068180681,10.812065238868549,0.2719344611720337,0.32222685351356156,0.00015748,1.1310083997964813,0.00081957,0,0.0
6187,0.7736503177281174,0.21701115642690588,-1.54e-06,1.6355113511214805,3.4732176129917303,59.17291274953998,1.0052136313683062,31.47849185892746,0.12067054082980143,-75.52671577958444,-1.1573229341274334,-44.86278035324418,0.6295741068180681,22.778660140996976,0.2719344611720337,0.3510320703899633,0.00015748,0.868454521708247,0.00081957,0,0.0
6188,0.9991209223007068,0.14010617868047298,-1.54e-06,1.6355113511214805,3.4732176129917303,-60.65648267800567,1.0052136313683062,11.080579931524781,0.12067054082980143,-36.577288932856796,-1.1573229341274334,-79.53512272853271,0.6295741068180681,82.55384669701768,0.2719344611720337,-0.15587097570412928,0.00015748,0.1569618356123461,0.00081957,1,0.0
6189,0.6840538823955361,0.08034906644998405,-1.54e-06,1.6355113511214805,3.4732176129917303,-26.95788989930509,1.0052136313683062,8.77499054445802,0.12067054082980143,-7.838946207926494,-1.1573229341274334,-88.44385861008942,0.6295741068180681,43.98328268806225,0.2719344611720337,-0.14443044124250642,0.00015748,0.14448187012199676,0.00081957,1,0.0
6190,0.5551212531542301,0.16264501655012994,-1.54e-06,1.6355113511214805,3.4732176129917303,100.0,1.0052136313683062,30.629500992855938,0.12067054082980143,-41.90922307468413,-1.1573229341274334,-79.04390160477467,0.6295741068180681,-15.996994234798875,0.2719344611720337,0.3414152562938791,0.00015748,0.9355948051480276,0.00081957,0,0.0
6191,0.02553051735074452,0.03673097094907656,-1.54e-06,1.6355113511214805,3.4732176129917303,53.09366217269996,1.0052136313683062,21.36972272211803,0.12067054082980143,-98.35853066181164,-1.1573229341274334,94.06324477854373,0.6295741068180681,3.3846262823954105,0.2719344611720337,0.422189857051781,0.00015748,0.612479938343744,0.00081957,0,0.0
6192,0.7434129190384169,0.0690141594259919,-1.54e-06,1.6355113511214805,3.4732176129917303,-58.3161461891105,1.0052136313683062,6.407997796515831,0.12067054082980143,-39.31776478537014,-1.1573229341274334,-28.587904245275688,0.6295741068180681,71.27881962377353,0.2719344611720337,-0.06883840148762868,0.00015748,0.06897194765995207,0.00081957,1,0.0
6193,0.0038155969440202275,0.05779361283059117,-1.54e-06,1.6355113511214805,3.4732176129917303,67.28330922775963,1.0052136313683062,14.677557149382752,0.12067054082980143,-48.67935750117256,-1.1573229341274334,60.45936707606039,0.6295741068180681,-23.133984756237837,0.2719344611720337,0.46291452824971047,0.00015748,0.5417218511011381,0.00081957,0,0.0
6194,1.0802870155054958,0.5432099239222894,-1.54e-06,1.6355113511214805,3.4732176129917303,50.70275342698133,1.0052136313683062,23.15689335876214,0.12067054082980143,-72.34968559172128,-1.1573229341274334,-57.80985433285292,0.6295741068180681,44.86601324864437,0.2719344611720337,0.2958797969842786,0.00015748,1.0856420300244067,0.00081957,0,0.0
6195,0.8370676437333606,0.2398043267912954,-1.54e-06,1.6355113511214805,3.4732176129917303,72.25087972461021,1.0052136313683062,35.1612882525296,0.12067054082980143,-74.77970365977417,-1.1573229341274334,-69.198770589932,0.6295741068180681,19.2771123880347,0.2719344611720337,0.33603511675068454,0.00015748,0.9769928208504077,0.00081957,0,0.0
6196,0.005255097558836075,0.1024688333912557,-1.54e-06,1.6355113511214805,3.4732176129917303,-3.011780736955824,1.0052136313683062,10.201657967702666,0.12067054082980143,-59.87238125138891,-1.1573229341274334,35.23031057038069,0.6295741068180681,24.09009231361258,0.2719344611720337,-0.06887210229861912,0.00015748,0.21098143626277183,0.00081957,1,0.0
6197,0.2539768386042338,0.07602089145257229,-1.54e-06,1.6355113511214805,3.4732176129917303,92.17435161385312,1.0052136313683062,29.000455743048576,0.12067054082980143,-71.35381038070652,-1.1573229341274334,-6.389027907748224,0.6295741068180681,-13.692881300800382,0.2719344611720337,0.35172358493056866,0.00015748,0.8723153688970604,0.00081957,0,0.0
6198,0.0006037912507051713,0.06614931137109761,-1.54e-06,1.6355113511214805,3.4732176129917303,-8.087711362720203,1.0052136313683062,5.863106197659075,0.12067054082980143,-46.88354176554024,-1.1573229341274334,49.48958244287312,0.6295741068180681,19.224897154857622,0.2719344611720337,0.02778608419461953,0.00015748,0.11743758304218987,0.00081957,0,0.0
6199,0.0011753768056454728,0.15265995566303694,-1.54e-06,1.6355113511214805,3.4732176129917303,-0.6043934365418422,1.0052136313683062,1.4533632094933513,0.12067054082980143,-35.151725127875046,-1.1573229341274334,77.07295299326113,0.6295741068180681,7.550347451524782,0.2719344611720337,0.06456449942410362,0.00015748,0.28412795780467387,0.00081957,0,0.0
6200,0.3727035169290417,0.021773670830657555,-1.54e-06,0.9394841400331699,4.8120537992230235,-43.047076593199165,1.0052136313683062,5.466743449740299,0.12067054082980143,-31.952061923856917,-1.1573229341274334,-17.322542653072887,0.6295741068180681,52.03510966608392,0.2719344611720337,-0.035541021321349266,0.00015748,0.03547252797469442,0.00081957,1,0.0
6201,0.12713188102403405,0.06219791870403529,-1.54e-06,0.9394841400331699,4.8120537992230235,-23.453222571591567,1.0052136313683062,28.767423381950902,0.12067054082980143,-55.27685891026251,-1.1573229341274334,-19.020034626045835,0.6295741068180681,31.518731598736615,0.2719344611720337,-0.1374404284550988,0.00015748,0.13753484148746675,0.00081957,1,0.0
6202,0.47739852483324363,0.024582649768591106,-1.54e-06,0.9394841400331699,4.8120537992230235,-66.0305448745291,1.0052136313683062,21.951686453716658,0.12067054082980143,-79.9776913834029,-1.1573229341274334,-26.66406281175057,0.6295741068180681,83.23418923211653,0.2719344611720337,-0.07419874096300486,0.00015748,0.0743959379516623,0.00081957,1,0.0
6203,0.3962593862037759,0.019277153191889947,-1.54e-06,0.9394841400331699,4.8120537992230235,-61.55630014682613,1.0052136313683062,22.079562520639275,0.12067054082980143,-83.10452396102743,-1.1573229341274334,-47.2098542191528,0.6295741068180681,80.35010923756275,0.2719344611720337,-0.08264194678265997,0.00015748,0.0828460248611715,0.00081957,1,0.0
6204,0.6578702257191836,0.10107044056051696,-1.54e-06,0.9394841400331699,4.8120537992230235,-66.68216133330468,1.0052136313683062,-1.0061753634836879,0.12067054082980143,-23.337815116391994,-1.1573229341274334,-43.38609265073223,0.6295741068180681,78.46514349423654,0.2719344611720337,-0.09222465163219976,0.00015748,0.09235503996867933,0.00081957,1,0.0
6205,0.19940851439185603,0.008996105150646822,-1.54e-06,0.9394841400331699,4.8120537992230235,-30.473877238042625,1.0052136313683062,3.639553155211665,0.12067054082980143,-41.12287370572098,-1.1573229341274334,46.07609042200521,0.6295741068180681,36.57885078093457,0.2719344611720337,-0.029449134473906985,0.00015748,0.02988292919470456,0.00081957,1,0.0
6206,0.0059174886951794126,0.12948922408979513,-1.54e-06,0.9394841400331699,4.8120537992230235,-2.1443815763849576,1.0052136313683062,29.210015385447537,0.12067054082980143,-52.97332411815468,-1.1573229341274334,-13.082480970823312,0.6295741068180681,13.782131851233524,0.2719344611720337,-0.0810708962657248,0.00015748,0.22786640122963212,0.00081957,1,0.0
6207,0.26924078065839063,0.047748300117546855,-1.54e-06,0.9394841400331699,4.8120537992230235,-51.87884219442024,1.0052136313683062,29.782934681472177,0.12067054082980143,-87.8440767041159,-1.1573229341274334,-88.9885836619956,0.6295741068180681,72.27755664815028,0.2719344611720337,-0.15279982961707356,0.00015748,0.15342443153986934,0.00081957,1,0.0
6208,0.9096730884508448,0.25322007442585553,-1.54e-06,0.9394841400331699,4.8120537992230235,-0.9821593307080395,1.0052136313683062,54.61353560641479,0.12067054082980143,-60.624350836615456,-1.1573229341274334,66.70862896381612,0.6295741068180681,43.24024608112904,0.2719344611720337,0.3774542027329229,0.00015748,0.7386972849073119,0.00081957,0,0.0
6209,0.762782391083843,0.20212971728365595,-1.54e-06,0.9394841400331699,4.8120537992230235,30.448806480682745,1.0052136313683062,73.15261890832284,0.12067054082980143,-67.42756820159266,-1.1573229341274334,11.30687338844185,0.6295741068180681,21.622936810667664,0.2719344611720337,0.3281646475401458,0.00015748,1.0450451006961148,0.00081957,0,0.0
6210,0.2351144152081852,0.04375317717220853,-1.54e-06,0.9394841400331699,4.8120537992230235,-31.90586408864526,1.0052136313683062,-6.753479546215036,0.12067054082980143,-19.216944901907564,-1.1573229341274334,-33.627880248487095,0.6295741068180681,40.963992567754175,0.2719344611720337,-0.06774030439086297,0.00015748,0.0675078093204189,0.00081957,1,0.0
6211,0.5986334569780515,0.15192280058015734,-1.54e-06,0.9394841400331699,4.8120537992230235,-65.59911489937811,1.0052136313683062,-6.128576990064631,0.12067054082980143,-42.48266261024454,-1.1573229341274334,94.509716735135,0.6295741068180681,72.96296135247559,0.2719344611720337,-0.16311766076889028,0.00015748,0.16556714156174923,0.00081957,1,0.0
6212,0.19191289141918072,0.004296978011670187,-1.54e-06,0.9394841400331699,4.8120537992230235,-18.005443961396953,1.0052136313683062,2.659391634727511,0.12067054082980143,-0.9640485673920213,-1.1573229341274334,-62.58522125950002,0.6295741068180681,22.985764094390905,0.2719344611720337,-0.006396803383777121,0.00015748,0.006968684525421239,0.00081957,1,0.0
6213,0.2583833699199277,0.05284997875057484,-1.54e-06,0.9394841400331699,4.8120537992230235,-39.25341190122298,1.0052136313683062,-7.915700930759005,0.12067054082980143,-38.358189583413726,-1.1573229341274334,34.703718899985596,0.6295741068180681,48.23103148766919,0.2719344611720337,-0.06796574264968977,0.00015748,0.06948200608594776,0.00081957,1,0.0
6214,0.3302468812216991,0.13127540324280992,-1.54e-06,0.9394841400331699,4.8120537992230235,-64.53462552367608,1.0052136313683062,-7.708489417662402,0.12067054082980143,-82.60525693257593,-1.1573229341274334,26.233019079808045,0.6295741068180681,83.90193287928638,0.2719344611720337,-0.11698813882849335,0.00015748,0.1170114723045475,0.00081957,1,0.0
6215,0.5963057962817656,0.14781306136591532,-1.54e-06,0.9394841400331699,4.8120537992230235,47.53633724920706,1.0052136313683062,52.17876200234403,0.12067054082980143,-42.010589278216386,-1.1573229341274334,34.36333058150178,0.6295741068180681,0.7488345169897976,0.2719344611720337,0.3287692027943934,0.00015748,1.042137247651283,0.00081957,0,0.0
6216,0.7271175175596025,0.20486463589979625,-1.54e-06,0.9394841400331699,4.8120537992230235,25.104011920421616,1.0052136313683062,72.75332596915774,0.12067054082980143,-85.74895923099962,-1.1573229341274334,79.07297345450795,0.6295741068180681,24.419427343950606,0.2719344611720337,0.338552526016495,0.00015748,0.9844390890027752,0.00081957,0,0.0
6217,0.674626555905587,0.06779692730650484,-1.54e-06,0.9394841400331699,4.8120537992230235,-72.187313857483,1.0052136313683062,11.260062789673588,0.12067054082980143,-43.02403796022538,-1.1573229341274334,-57.07258468248095,0.6295741068180681,86.74257108942534,0.2719344611720337,-0.0735133297397802,0.00015748,0.07360850781928613,0.00081957,1,0.0
6218,0.07092424725479077,0.043349791597787346,-1.54e-06,0.9394841400331699,4.8120537992230235,-17.20551904066663,1.0052136313683062,23.517254919919345,0.12067054082980143,-41.5555058858855,-1.1573229341274334,-68.97989440847537,0.6295741068180681,26.516991204283986,0.2719344611720337,-0.12357844376308742,0.00015748,0.12552370791272538,0.00081957,1,0.0
6219,0.34824688550776284,0.03944201819642857,-1.54e-06,0.9394841400331699,4.8120537992230235,-36.84942111527987,1.0052136313683062,-3.0258926221047684,0.12067054082980143,-17.207589202704675,-1.1573229341274334,9.722225127436726,0.6295741068180681,42.4433298372463,0.2719344611720337,-0.06861104628622522,0.00015748,0.0692466698382018,0.00081957,1,0.0
6220,0.03793280737694454,0.013104538415028162,-1.54e-06,0.9394841400331699,4.8120537992230235,-26.748447348748247,1.0052136313683062,7.134991184043639,0.12067054082980143,-66.57796118831335,-1.1573229341274334,42.485720893483084,0.6295741068180681,37.00263586166026,0.2719344611720337,-0.05847461357911955,0.00015748,0.05965913650726844,0.00081957,1,0.0
6221,1.1047948192165196,0.2794819028094481,-1.54e-06,0.9394841400331699,4.8120537992230235,-12.35200640169179,1.0052136313683062,62.491057581635026,0.12067054082980143,-73.58946037559818,-1.1573229341274334,-51.42654396403955,0.6295741068180681,71.50049972343011,0.2719344611720337,0.3344706088376885,0.00015748,0.9677504887915935,0.00081957,0,0.0
6222,0.5377161296878149,0.12443510214111425,-1.54e-06,0.9394841400331699,4.8120537992230235,48.576522808430056,1.0052136313683062,67.05940889273691,0.12067054082980143,-98.53757201443229,-1.1573229341274334,99.78958470451389,0.6295741068180681,10.16690184438399,0.2719344611720337,0.31386027562943525,0.00015748,1.2270516359050347,0.00081957,0,0.0
6223,1.043297747518488,0.2685315789481379,-1.54e-06,0.9394841400331699,4.8120537992230235,-7.673616467745811,1.0052136313683062,58.011420119168605,0.12067054082980143,-58.75789531016493,-1.1573229341274334,-23.628963028129522,0.6295741068180681,59.02611667337903,0.2719344611720337,0.35368433911905145,0.00015748,0.8561121746559319,0.00081957,0,0.0
6224,0.038217247820652125,0.01985823348396893,-1.54e-06,0.9394841400331699,4.8120537992230235,-11.162331948452984,1.0052136313683062,-9.851317304932508,0.12067054082980143,-19.315588013840607,-1.1573229341274334,92.80401881254119,0.6295741068180681,11.234062688634443,0.2719344611720337,-0.06732366971325798,0.00015748,0.06717131881598987,0.00081957,1,0.0
6225,0.602378799941496,0.1460010931282164,-1.54e-06,0.9394841400331699,4.8120537992230235,36.23085167947168,1.0052136313683062,54.596485279342815,0.12067054082980143,-73.9453210669822,-1.1573229341274334,91.01345659354732,0.6295741068180681,14.27011323850522,0.2719344611720337,0.3301049824879173,0.00015748,1.0305519835641714,0.00081957,0,0.0
6226,0.42554009259220577,0.14618731419223924,-1.54e-06,0.9394841400331699,4.8120537992230235,78.02099033622687,1.0052136313683062,73.3263326319906,0.12067054082980143,-45.500345693387125,-1.1573229341274334,30.785078636749578,0.6295741068180681,-28.904340606309226,0.2719344611720337,0.3157983200937781,0.00015748,1.1969196903734893,0.00081957,0,0.0
6227,0.7539802693902138,0.19591565641540418,-1.54e-06,0.9394841400331699,4.8120537992230235,31.485018589603058,1.0052136313683062,44.691811634666394,0.12067054082980143,-15.54810018639061,-1.1573229341274334,-12.848837707539849,0.6295741068180681,11.811591915095855,0.2719344611720337,0.3483142818875582,0.00015748,0.885836052979881,0.00081957,0,0.0
6228,0.32553930514859825,0.14744173500225444,-1.54e-06,0.9394841400331699,4.8120537992230235,-40.95743165635676,1.0052136313683062,41.910373422710855,0.12067054082980143,-83.88745217967175,-1.1573229341274334,-89.1010488954814,0.6295741068180681,63.14066363768994,0.2719344611720337,-0.1275611174781474,0.00015748,0.2620439131201202,0.00081957,1,0.0
6229,0.6089891760003968,0.15002040803916786,-1.54e-06,0.9394841400331699,4.8120537992230235,58.05995721014389,1.0052136313683062,79.89110229537687,0.12067054082980143,-78.47152281173584,-1.1573229341274334,9.145392683526595,0.6295741068180681,3.3460533098075804,0.2719344611720337,0.3083520815170393,0.00015748,1.3180900655917407,0.00081957,0,0.0
6230,0.0002870137058914729,0.16358480862672983,-1.54e-06,0.9394841400331699,4.8120537992230235,48.05329586476912,1.0052136313683062,14.66912836792334,0.12067054082980143,-0.3639597961960052,-1.1573229341274334,100.0,0.6295741068180681,-37.69693063590416,0.2719344611720337,0.17150586658857253,0.00015748,0.390077093310018,0.00081957,0,0.0
6231,0.5680489455874651,0.1324467562048338,-1.54e-06,0.9394841400331699,4.8120537992230235,64.30829948952439,1.0052136313683062,68.6476500724706,0.12067054082980143,-78.44889259433279,-1.1573229341274334,23.31582752746109,0.6295741068180681,1.7478453503602294,0.2719344611720337,0.3034228072980236,0.00015748,1.4231555109402938,0.00081957,0,0.0
6232,0.5452490019252649,0.1637143784602934,-1.54e-06,0.9394841400331699,4.8120537992230235,76.09754445095182,1.0052136313683062,70.9655388753525,0.12067054082980143,-14.236761568529642,-1.1573229341274334,-57.27075113688788,0.6295741068180681,-26.854340858744756,0.2719344611720337,0.3172667464997984,0.00015748,1.1886533099803984,0.00081957,0,0.0
6233,0.8101463590017008,0.18189767051796066,-1.54e-06,0.9394841400331699,4.8120537992230235,33.08698001101528,1.0052136313683062,75.08532185642241,0.12067054082980143,-89.44072055011384,-1.1573229341274334,-18.96316408374404,0.6295741068180681,34.41789948397884,0.2719344611720337,0.3092150616329101,0.00015748,1.3104926104648194,0.00081957,0,0.0
6234,0.0011860339219265242,0.007377542819263052,-1.54e-06,0.9394841400331699,4.8120537992230235,-5.130676359108584,1.0052136313683062,5.201759415862928,0.12067054082980143,-23.999292240700047,-1.1573229341274334,68.02128240027415,0.6295741068180681,4.670421333075227,0.2719344611720337,-0.04657646108766532,0.00015748,0.04725446475596125,0.00081957,1,0.0
6235,0.6097604516088603,0.14073464716688242,-1.54e-06,0.9394841400331699,4.8120537992230235,74.21462182650858,1.0052136313683062,73.5608497647818,0.12067054082980143,-48.58207249735413,-1.1573229341274334,-59.265538030250006,0.6295741068180681,-8.511122641127525,0.2719344611720337,0.3019647335089519,0.00015748,1.4596361193017122,0.00081957,0,0.0
6236,0.18482967211915122,0.015272898279257287,-1.54e-06,0.9394841400331699,4.8120537992230235,-45.417561111612585,1.0052136313683062,20.38225418372074,0.12067054082980143,-92.29287683139741,-1.1573229341274334,25.56226281530367,0.6295741068180681,60.432507540440696,0.2719344611720337,-0.08671252247711067,0.00015748,0.08659476500744645,0.00081957,1,0.0
6237,0.29045559608376315,0.01587059092577544,-1.54e-06,0.9394841400331699,4.8120537992230235,-55.049819922351354,1.0052136313683062,21.94098262964967,0.12067054082980143,-98.74531370413993,-1.1573229341274334,52.08320134113605,0.6295741068180681,69.93194097483358,0.2719344611720337,-0.08041979837779234,0.00015748,0.08050127425342146,0.00081957,1,0.0
6238,0.875814847174905,0.20977720146436474,-1.54e-06,0.9394841400331699,4.8120537992230235,0.8308216240554496,1.0052136313683062,61.31071098053552,0.12067054082980143,-98.53009787337102,-1.1573229341274334,63.630009536466645,0.6295741068180681,54.97199079881851,0.2719344611720337,0.3368214987312694,0.00015748,0.9680757440458219,0.00081957,0,0.0
6239,0.5011061506328959,0.12406988260647386,-1.54e-06,0.9394841400331699,4.8120537992230235,68.39986703494198,1.0052136313683062,57.86713782880634,0.12067054082980143,-40.64191145221861,-1.1573229341274334,19.000011128926605,0.6295741068180681,-15.306137193459852,0.2719344611720337,0.3149306693087396,0.00015748,1.217023752545027,0.00081957,0,0.0
6240,0.6531886272165754,0.15166756066982673,-1.54e-06,0.9394841400331699,4.8120537992230235,66.8876005813205,1.0052136313683062,72.63688980032526,0.12067054082980143,-42.69766044984207,-1.1573229341274334,-69.66018963646174,0.6295741068180681,-4.188976170112595,0.2719344611720337,0.3055248404470424,0.00015748,1.3755601918107807,0.00081957,0,0.0
6241,0.4244279785369488,0.0201238113502155,-1.54e-06,0.9394841400331699,4.8120537992230235,-54.13197780694139,1.0052136313683062,15.356384888595006,0.12067054082980143,-56.141279021450394,-1.1573229341274334,-26.547929087361517,0.6295741068180681,67.22502955533251,0.2719344611720337,-0.052912033485672125,0.00015748,0.05262312994648262,0.00081957,1,0.0
6242,-0.0005029535356877446,0.038842434248125376,-1.54e-06,0.9394841400331699,4.8120537992230235,7.292104388331613,1.0052136313683062,-1.6738500838088377,0.12067054082980143,-0.014731300125439963,-1.1573229341274334,84.24364649449369,0.6295741068180681,-10.48846864032544,0.2719344611720337,-0.023278899639243344,0.00015748,0.08402174030060071,0.00081957,1,0.0
6243,0.017318087821813433,0.0756995814412888,-1.54e-06,0.9394841400331699,4.8120537992230235,-15.876654891524563,1.0052136313683062,28.285536602080626,0.12067054082980143,-50.91689679125499,-1.1573229341274334,-88.85044629798024,0.6295741068180681,27.234274292531115,0.2719344611720337,-0.16450567466138347,0.00015748,0.16496641726692426,0.00081957,1,0.0
6244,0.9101311122740305,0.20994564491522516,-1.54e-06,0.9394841400331699,4.8120537992230235,16.31066669431687,1.0052136313683062,72.14771506497571,0.12067054082980143,-86.25459442766571,-1.1573229341274334,-26.911683124878397,0.6295741068180681,47.77228215580703,0.2719344611720337,0.3169414156239983,0.00015748,1.1787375072537465,0.00081957,0,0.0
6245,0.5464869308726354,0.13557408274197472,-1.54e-06,0.9394841400331699,4.8120537992230235,55.98333916950535,1.0052136313683062,53.96805566697782,0.12067054082980143,-42.46165546722829,-1.1573229341274334,34.67471412038993,0.6295741068180681,-6.248792758756556,0.2719344611720337,0.32295250704515477,0.00015748,1.1043550007685679,0.00081957,0,0.0
6246,0.26508374464555773,0.03280198966563173,-1.54e-06,0.9394841400331699,4.8120537992230235,-29.745540773450767,1.0052136313683062,-3.0188294492388743,0.12067054082980143,-21.356605058167293,-1.1573229341274334,54.50101560533817,0.6295741068180681,32.72638100793944,0.2719344611720337,-0.0799649241185083,0.00015748,0.08012023464097277,0.00081957,1,0.0
6247,0.22185480002528074,0.007230459222941198,-1.54e-06,0.9394841400331699,4.8120537992230235,-32.06388611167053,1.0052136313683062,12.50562446048144,0.12067054082980143,-37.851884570582065,-1.1573229341274334,-56.28255540075831,0.6295741068180681,42.70487216882916,0.2719344611720337,-0.0544743500343189,0.00015748,0.054435654290372434,0.00081957,1,0.0
6248,0.4366527772189264,0.11029357320369648,-1.54e-06,0.9394841400331699,4.8120537992230235,91.45022987438524,1.0052136313683062,65.82666705878322,0.12067054082980143,-32.72326605658776,-1.1573229341274334,-22.313788343521864,0.6295741068180681,-32.329917571482476,0.2719344611720337,0.3032745339588183,0.00015748,1.4223174435553843,0.00081957,0,0.0
6249,0.4574237962683654,0.10829886807528086,-1.54e-06,0.9394841400331699,4.8120537992230235,93.36257109505445,1.0052136313683062,80.12816672542297,0.12067054082980143,-72.16479635292465,-1.1573229341274334,-7.298349211058381,0.6295741068180681,-22.094771820060775,0.2719344611720337,0.2950518437042873,0.00015748,1.6398422931653258,0.00081957,0,0.0
6250,0.29026323836556067,0.08609840472141032,-1.54e-06,0.9394841400331699,4.8120537992230235,92.41777106747027,1.0052136313683062,57.63234577531224,0.12067054082980143,-44.85269910779937,-1.1573229341274334,71.58103061467261,0.6295741068180681,-39.85302485112954,0.2719344611720337,0.3085933002244515,0.00015748,1.3141838012892673,0.00081957,0,0.0
6251,0.26005308295675866,0.013430378856740921,-1.54e-06,0.9394841400331699,4.8120537992230235,-44.891906850278524,1.0052136313683062,18.677363691408207,0.12067054082980143,-68.73778340115614,-1.1573229341274334,-33.33141773228911,0.6295741068180681,59.596443790940455,0.2719344611720337,-0.07845774707762498,0.00015748,0.07870795498879654,0.00081957,1,0.0
6252,0.005407934223341154,0.031094149926063575,-1.54e-06,0.9394841400331699,4.8120537992230235,-0.8192515521641123,1.0052136313683062,16.703152736342798,0.12067054082980143,-9.458370238902077,-1.1573229341274334,-66.59868256259006,0.6295741068180681,4.012309267117481,0.2719344611720337,-0.09193359188619665,0.00015748,0.09190139527340976,0.00081957,1,0.0
6253,0.5971055032323462,0.13219651495802381,-1.54e-06,0.9394841400331699,4.8120537992230235,100.0,1.0052136313683062,99.06167174486907,0.12067054082980143,-86.48454639172586,-1.1573229341274334,-89.54933964514953,0.6295741068180681,-12.319134398345883,0.2719344611720337,0.28678956995457017,0.00015748,1.952014826961366,0.00081957,0,0.0
6254,0.49422068996241675,0.034415180730877425,-1.54e-06,0.9394841400331699,4.8120537992230235,-73.35367240023997,1.0052136313683062,19.43197577452243,0.12067054082980143,-99.93433208710466,-1.1573229341274334,53.653889163937286,0.6295741068180681,89.99552219860827,0.2719344611720337,-0.07667206480590302,0.00015748,0.07624257645820681,0.00081957,1,0.0
6255,0.31114621703248246,0.009767767553025605,-1.54e-06,0.9394841400331699,4.8120537992230235,-45.977994582024564,1.0052136313683062,12.721665323949074,0.12067054082980143,-56.608873264575244,-1.1573229341274334,-25.625445219206252,0.6295741068180681,59.02830654677291,0.2719344611720337,-0.0390318247268734,0.00015748,0.03903021581809603,0.00081957,1,0.0
6256,0.0010560112374172204,0.026336548386350557,-1.54e-06,0.9394841400331699,4.8120537992230235,-0.6144844258768088,1.0052136313683062,11.735703785355737,0.12067054082980143,-16.725825241454046,-1.1573229341274334,29.898264150691013,0.6295741068180681,0.11437386475619356,0.2719344611720337,-0.06653586360903195,0.00015748,0.0746944242447463,0.00081957,1,0.0
6257,0.3949123455411632,0.10210911156298103,-1.54e-06,0.9394841400331699,4.8120537992230235,99.67792466839924,1.0052136313683062,84.74589122227786,0.12067054082980143,-76.57553546660009,-1.1573229341274334,9.315990235478852,0.6295741068180681,-29.636268353176813,0.2719344611720337,0.2950846302339337,0.00015748,1.6461603631735655,0.00081957,0,0.0
6258,0.03403122736569372,0.0018228864913433982,-1.54e-06,0.9394841400331699,4.8120537992230235,-20.236665332031258,1.0052136313683062,6.969131576138684,0.12067054082980143,-53.849234970682325,-1.1573229341274334,61.74805977563055,0.6295741068180681,26.423833183111633,0.2719344611720337,-0.02600255254493008,0.00015748,0.026107252210913187,0.00081957,1,0.0
6259,0.6210294439894424,0.15570120336848028,-1.54e-06,0.9394841400331699,4.8120537992230235,53.36497089865264,1.0052136313683062,50.48927562152172,0.12067054082980143,-17.442473492671812,-1.1573229341274334,-16.50026643763962,0.6295741068180681,-6.258990763566757,0.2719344611720337,0.3284523416411103,0.00015748,1.04768848614444,0.00081957,0,0.0
6260,0.002781861979784417,0.21800777642743152,-1.54e-06,0.9394841400331699,4.8120537992230235,24.01348899569878,1.0052136313683062,31.161857184454895,0.12067054082980143,-46.01850271820678,-1.1573229341274334,17.855943031616725,0.6295741068180681,-5.398825889606222,0.2719344611720337,0.021546103316008286,0.00015748,0.4334006936496231,0.00081957,0,0.0
6261,1.0721621616524568,0.26730322869533185,-1.54e-06,0.9394841400331699,4.8120537992230235,-2.607882666340563,1.0052136313683062,61.92526227603412,0.12067054082980143,-58.611306839821744,-1.1573229341274334,-73.75482477694317,0.6295741068180681,60.97796255992929,0.2719344611720337,0.33363351266124114,0.00015748,0.9965972746705793,0.00081957,0,0.0
6262,1.0840060790403614,0.3930125079707112,-1.54e-06,0.9394841400331699,4.8120537992230235,-3.3203423479748864,1.0052136313683062,30.892460164523243,0.12067054082980143,-11.444937453808626,-1.1573229341274334,-94.1641764596109,0.6295741068180681,55.81172688896506,0.2719344611720337,0.31710214907931694,0.00015748,0.9162587056045337,0.00081957,0,0.0
6263,0.002067347821615828,0.10286015873124663,-1.54e-06,0.9394841400331699,4.8120537992230235,-15.880497345671257,1.0052136313683062,33.22542534449175,0.12067054082980143,-59.40780580376349,-1.1573229341274334,-79.85863666863852,0.6295741068180681,27.360690057676784,0.2719344611720337,-0.1847729263195679,0.00015748,0.18486223840830104,0.00081957,1,0.0
6264,0.28611600293024597,0.08711385506521961,-1.54e-06,0.9394841400331699,4.8120537992230235,97.50496888308605,1.0052136313683062,54.62418826168375,0.12067054082980143,-28.315189518840437,-1.1573229341274334,48.63542338754943,0.6295741068180681,-46.40132582875004,0.2719344611720337,0.30919678604175826,0.00015748,1.3124134034091948,0.00081957,0,0.0
6265,0.35138934012947853,0.08963989602178528,-1.54e-06,0.9394841400331699,4.8120537992230235,84.85085294867385,1.0052136313683062,71.02581437043094,0.12067054082980143,-88.76815812155108,-1.1573229341274334,91.41033428540652,0.6295741068180681,-21.261016959196766,0.2719344611720337,0.3012262689906794,0.00015748,1.4700900622845632,0.00081957,0,0.0
6266,1.0645484218556631,0.26984506272311437,-1.54e-06,0.9394841400331699,4.8120537992230235,-6.574037028855971,1.0052136313683062,59.537227607638926,0.12067054082980143,-59.9266205350932,-1.1573229341274334,-51.490261642027576,0.6295741068180681,61.99655011871829,0.2719344611720337,0.34056124103432606,0.00015748,0.9288956235985569,0.00081957,0,0.0
6267,0.4635897904067149,0.02224078688657182,-1.54e-06,0.9394841400331699,4.8120537992230235,-62.2230258411326,1.0052136313683062,21.85055745949372,0.12067054082980143,-66.12110665848697,-1.1573229341274334,-97.62514689734859,0.6295741068180681,81.19878830513292,0.2719344611720337,-0.08124831210734784,0.00015748,0.08165703403643837,0.00081957,1,0.0
6268,0.0035094487454246925,0.08579193612279426,-1.54e-06,0.9394841400331699,4.8120537992230235,-1.4009999411708156,1.0052136313683062,25.14478466890451,0.12067054082980143,-29.66484089546643,-1.1573229341274334,-50.31228166530797,0.6295741068180681,8.121058075073895,0.2719344611720337,-0.10423516004457176,0.00015748,0.16031999676830147,0.00081957,1,0.0
6269,7.636361758732793e-05,0.05105631262061393,-1.54e-06,0.9394841400331699,4.8120537992230235,7.721033743745965,1.0052136313683062,3.457149616201834,0.12067054082980143,-7.787194089019931,-1.1573229341274334,47.174060863899975,0.6295741068180681,-5.9535155409060545,0.2719344611720337,0.046581017946236744,0.00015748,0.06520171824775375,0.00081957,0,0.0
6270,0.6269900758911229,0.1423863868622302,-1.54e-06,0.9394841400331699,4.8120537992230235,42.18302217026128,1.0052136313683062,69.67585296493762,0.12067054082980143,-95.39372942866643,-1.1573229341274334,64.36101504109499,0.6295741068180681,18.347132500453576,0.2719344611720337,0.3136798881253683,0.00015748,1.2301391081546398,0.00081957,0,0.0
6271,0.15138263979764516,0.15398268326693754,-1.54e-06,0.9394841400331699,4.8120537992230235,2.9495410270387086,1.0052136313683062,26.58187332043451,0.12067054082980143,-52.30736080321566,-1.1573229341274334,92.62922205356023,0.6295741068180681,9.638316519529972,0.2719344611720337,0.07381772582409438,0.00015748,0.2670313389756881,0.00081957,0,0.0
6272,0.2277750634273506,0.009809423856612492,-1.54e-06,0.9394841400331699,4.8120537992230235,-31.60692446033646,1.0052136313683062,13.750337476382539,0.12067054082980143,-34.18804815007347,-1.1573229341274334,-81.01722062344209,0.6295741068180681,42.917053035837746,0.2719344611720337,-0.06714252347862396,0.00015748,0.06718298029824951,0.00081957,1,0.0
6273,0.06491145654146513,0.0167781402365869,-1.54e-06,0.9394841400331699,4.8120537992230235,-32.476133597357716,1.0052136313683062,13.589590226806191,0.12067054082980143,-79.24018835417027,-1.1573229341274334,28.88740537923345,0.6295741068180681,45.18883632844053,0.2719344611720337,-0.08155821686112835,0.00015748,0.08193053387484917,0.00081957,1,0.0
6274,0.4233060967510564,0.11110658819294356,-1.54e-06,0.9394841400331699,4.8120537992230235,76.28941083876241,1.0052136313683062,54.66385534384476,0.12067054082980143,-32.36554567499315,-1.1573229341274334,34.348950868310986,0.6295741068180681,-26.583773939314064,0.2719344611720337,0.3163585155163245,0.00015748,1.1934519881352856,0.00081957,0,0.0
6275,0.22105945766155063,0.019723290305273974,-1.54e-06,0.9394841400331699,4.8120537992230235,-38.47237862095751,1.0052136313683062,18.429215689921676,0.12067054082980143,-56.577481829456254,-1.1573229341274334,-74.99687679474086,0.6295741068180681,53.21314654268892,0.2719344611720337,-0.09807686899211146,0.00015748,0.09825661129998237,0.00081957,1,0.0
6276,0.6154173258152092,0.13837081542988344,-1.54e-06,0.9394841400331699,4.8120537992230235,51.534043191582086,1.0052136313683062,72.98086219642919,0.12067054082980143,-91.88364402502289,-1.1573229341274334,39.18972131450885,0.6295741068180681,12.767796750999311,0.2719344611720337,0.3076836512904195,0.00015748,1.3359403726372934,0.00081957,0,0.0
6277,1.004058790111769,0.24025718520848643,-1.54e-06,0.9394841400331699,4.8120537992230235,6.7758470433134965,1.0052136313683062,67.23268983026549,0.12067054082980143,-71.63516707980847,-1.1573229341274334,-59.57958578493891,0.6295741068180681,55.461448365164635,0.2719344611720337,0.3232320278897227,0.00015748,1.1044732973570321,0.00081957,0,0.0
6278,0.8066162375697281,0.17968234865614185,-1.54e-06,0.9394841400331699,4.8120537992230235,48.289109223884346,1.0052136313683062,82.38280619823568,0.12067054082980143,-80.33574887461745,-1.1573229341274334,-71.6063775401913,0.6295741068180681,24.87574285441672,0.2719344611720337,0.3007643365147319,0.00015748,1.4747694049395539,0.00081957,0,0.0
6279,0.0010288224946844171,0.08459293171386771,-1.54e-06,0.9394841400331699,4.8120537992230235,-4.616636898211852,1.0052136313683062,24.54234130344048,0.12067054082980143,-47.8329167691399,-1.1573229341274334,17.790868018330524,0.6295741068180681,11.535625216775076,0.2719344611720337,-0.07903886266475584,0.00015748,0.1573120065038625,0.00081957,1,0.0
6280,1.0046652215353695,0.274028695557248,-1.54e-06,0.9394841400331699,4.8120537992230235,-2.5526185355739934,1.0052136313683062,78.14781638398766,0.12067054082980143,-91.29921438253672,-1.1573229341274334,15.649139381538886,0.6295741068180681,57.128561011721075,0.2719344611720337,0.3382019208530304,0.00015748,0.9603891383854355,0.00081957,0,0.0
6281,0.3204768058470989,0.09784024470296973,-1.54e-06,0.9394841400331699,4.8120537992230235,-40.415297094644934,1.0052136313683062,26.15487479717558,0.12067054082980143,-65.69107116548139,-1.1573229341274334,77.92654380056264,0.6295741068180681,45.79974572639891,0.2719344611720337,-0.16769651422373688,0.00015748,0.16906095042368163,0.00081957,1,0.0
6282,0.5736971025594384,0.16074199605726136,-1.54e-06,0.9394841400331699,4.8120537992230235,42.37980251360712,1.0052136313683062,37.04328465093956,0.12067054082980143,-17.914137236424136,-1.1573229341274334,75.16179515557853,0.6295741068180681,-6.049470255887402,0.2719344611720337,0.36131534483890687,0.00015748,0.8145949404038579,0.00081957,0,0.0
6283,0.000763860188425447,0.060101902994906795,-1.54e-06,0.9394841400331699,4.8120537992230235,3.270697494389994,1.0052136313683062,17.992836737362058,0.12067054082980143,-11.91953643735694,-1.1573229341274334,-59.10434328570338,0.6295741068180681,1.7240514038830066,0.2719344611720337,-0.07131917867870433,0.00015748,0.12926910511848416,0.00081957,1,0.0
6284,0.4569251878850806,0.11618820556260878,-1.54e-06,0.9394841400331699,4.8120537992230235,80.00555088627965,1.0052136313683062,58.37111115984012,0.12067054082980143,-28.721365852251733,-1.1573229341274334,-0.9423027655011054,0.6295741068180681,-26.584917736315443,0.2719344611720337,0.3109530817157231,0.00015748,1.2739623126223933,0.00081957,0,0.0
6285,0.3661723077459393,0.09443786738631613,-1.54e-06,0.9394841400331699,4.8120537992230235,100.0,1.0052136313683062,74.91255567391822,0.12067054082980143,-63.098509968482496,-1.1573229341274334,17.68605957301039,0.6295741068180681,-33.84422930890316,0.2719344611720337,0.2971604945653924,0.00015748,1.5809263565140732,0.00081957,0,0.0
6286,0.4251819298835017,0.07447023623013865,-1.54e-06,0.9394841400331699,4.8120537992230235,-51.38908434422939,1.0052136313683062,-7.048860023990515,0.12067054082980143,-32.54347746658567,-1.1573229341274334,11.384695714588752,0.6295741068180681,61.36301941740582,0.2719344611720337,-0.07907167321640199,0.00015748,0.07852557591929157,0.00081957,1,0.0
6287,0.10734517694196412,0.0019674056223622184,-1.54e-06,0.9394841400331699,4.8120537992230235,-18.256743233434452,1.0052136313683062,6.295765807359975,0.12067054082980143,-29.602146802952486,-1.1573229341274334,15.342373878733364,0.6295741068180681,22.929150227232686,0.2719344611720337,-0.021836165210928106,0.00015748,0.022538463389036117,0.00081957,1,0.0
6288,0.09669053870926989,0.030745992390210163,-1.54e-06,0.9394841400331699,4.8120537992230235,-21.936123892641604,1.0052136313683062,16.823319044727054,0.12067054082980143,-38.01471848113101,-1.1573229341274334,-98.28527703182698,0.6295741068180681,33.915602099542035,0.2719344611720337,-0.11789069141568287,0.00015748,0.11850972464612727,0.00081957,1,0.0
6289,0.16464721566814278,0.027274977922835064,-1.54e-06,0.9394841400331699,4.8120537992230235,-14.003342492980014,1.0052136313683062,0.19668967324510073,0.12067054082980143,-7.772399887917712,-1.1573229341274334,61.77664865672188,0.6295741068180681,12.372486943741377,0.2719344611720337,-0.09186318450240281,0.00015748,0.09214559457520059,0.00081957,1,0.0
6290,0.50699016510358,0.03818760179487199,-1.54e-06,0.9394841400331699,4.8120537992230235,-60.79813925562597,1.0052136313683062,16.302800979420603,0.12067054082980143,-58.54032769333532,-1.1573229341274334,-9.502419916648122,0.6295741068180681,73.52715293766649,0.2719344611720337,-0.07917098703965804,0.00015748,0.07915954425880563,0.00081957,1,0.0
6291,1.0161787178051884,0.2738584632853187,-1.54e-06,0.9394841400331699,4.8120537992230235,-3.95170342493129,1.0052136313683062,55.30050315653772,0.12067054082980143,-43.37531699264001,-1.1573229341274334,-20.233620079460213,0.6295741068180681,49.957154299163385,0.2719344611720337,0.3641191137716928,0.00015748,0.7837076190960559,0.00081957,0,0.0
6292,0.1439754656196967,0.03260087113179742,-1.54e-06,0.9394841400331699,4.8120537992230235,-36.49361825845346,1.0052136313683062,25.700414713194057,0.12067054082980143,-86.15705922324376,-1.1573229341274334,42.43887965624501,0.6295741068180681,47.75554533356528,0.2719344611720337,-0.11223200387383075,0.00015748,0.11232955052638696,0.00081957,1,0.0
6293,0.4564638654341406,0.1283121478597517,-1.54e-06,0.9394841400331699,4.8120537992230235,64.14409708843525,1.0052136313683062,40.585219004178875,0.12067054082980143,-8.190777380456318,-1.1573229341274334,49.59267146868861,0.6295741068180681,-25.476314893714544,0.2719344611720337,0.33895102708693825,0.00015748,0.9509281572769042,0.00081957,0,0.0
6294,0.5088422516257988,0.12452046632990009,-1.54e-06,0.9394841400331699,4.8120537992230235,68.12863943530485,1.0052136313683062,60.53051537909928,0.12067054082980143,-44.57007991589347,-1.1573229341274334,16.213887829663545,0.6295741068180681,-13.911790951412485,0.2719344611720337,0.3135547068192337,0.00015748,1.2348326312927378,0.00081957,0,0.0
6295,0.38903046636893046,0.02026227589638672,-1.54e-06,0.9394841400331699,4.8120537992230235,-50.821105084106364,1.0052136313683062,9.971870647437623,0.12067054082980143,-53.444075199263274,-1.1573229341274334,3.793859124116943,0.6295741068180681,62.1824526216215,0.2719344611720337,-0.03934544276014421,0.00015748,0.03927445134782164,0.00081957,1,0.0
6296,0.15371558755940984,0.012176170806372916,-1.54e-06,0.9394841400331699,4.8120537992230235,-26.803853550939674,1.0052136313683062,0.6760154907818285,0.12067054082980143,-42.87088028489847,-1.1573229341274334,87.35461251637543,0.6295741068180681,30.815382337903067,0.2719344611720337,-0.048352904689714066,0.00015748,0.048103439802964665,0.00081957,1,0.0
6297,0.18394910254203925,0.0047081203134095185,-1.54e-06,0.9394841400331699,4.8120537992230235,-31.22055704875117,1.0052136313683062,10.728690765386544,0.12067054082980143,-46.31525085174321,-1.1573229341274334,-11.637568230840508,0.6295741068180681,40.819764318871094,0.2719344611720337,-0.04044192535876863,0.00015748,0.04061898824377294,0.00081957,1,0.0
6298,0.1038766632468621,0.03330284885802706,-1.54e-06,0.9394841400331699,4.8120537992230235,-14.992424539178556,1.0052136313683062,20.986668693984136,0.12067054082980143,-27.459214441882736,-1.1573229341274334,-67.38397608319042,0.6295741068180681,21.773969247105747,0.2719344611720337,-0.10402097855132098,0.00015748,0.10363710753436442,0.00081957,1,0.0
6299,0.4505821749199169,0.10481540953904236,-1.54e-06,0.9394841400331699,4.8120537992230235,76.646013787931,1.0052136313683062,77.04602727606576,0.12067054082980143,-99.11271923747408,-1.1573229341274334,66.17446091377562,0.6295741068180681,-8.129492294758036,0.2719344611720337,0.2992484120210931,0.00015748,1.518814029525684,0.00081957,0,0.0
6300,6.285281299110539e-05,0.0006836869683949173,-1.54e-06,1.6199819781792681,12.447498086741032,25.089351364158663,1.0052136313683062,17.849885398713557,0.12067054082980143,-13.740640600214368,-1.1573229341274334,89.99321123248724,0.6295741068180681,-13.626448753316913,0.2719344611720337,-0.001684396978476135,0.00015748,0.0028164052374426937,0.00081957,1,0.0
6301,0.043309783839343835,0.00020054746178741658,-1.54e-06,1.6199819781792681,12.447498086741032,-82.5714772464166,1.0052136313683062,25.088431501033412,0.12067054082980143,-33.66273769486749,-1.1573229341274334,80.27243364251233,0.6295741068180681,43.676667212874925,0.2719344611720337,-0.0038617249774278747,0.00015748,0.0038711303272122295,0.00081957,1,0.0
6302,0.038496739104529644,0.00014436216018496025,-1.54e-06,1.6199819781792681,12.447498086741032,-59.40457113556782,1.0052136313683062,18.011164817801596,0.12067054082980143,-5.712350709829439,-1.1573229341274334,55.61340664395872,0.6295741068180681,29.93634206510145,0.2719344611720337,-0.003259824257677392,0.00015748,0.0032647396572290403,0.00081957,1,0.0
6303,0.01988729163374873,9.107099503989069e-05,-1.54e-06,1.6199819781792681,12.447498086741032,-95.46099250982768,1.0052136313683062,-4.797271334459057,0.12067054082980143,-46.88217446508311,-1.1573229341274334,-99.80359226924638,0.6295741068180681,57.70436361714479,0.2719344611720337,-0.0012637352081149547,0.00015748,0.0012667379466467909,0.00081957,1,0.0
6304,0.00594259176189357,0.0003933277371164035,-1.54e-06,1.6199819781792681,12.447498086741032,-56.65000360216591,1.0052136313683062,-27.373001994056526,0.12067054082980143,-2.2881716233665568,-1.1573229341274334,-67.4016982737817,0.6295741068180681,35.52633061536037,0.2719344611720337,-0.003953665921935269,0.00015748,0.003972188221887526,0.00081957,1,0.0
6305,0.012353757057093292,0.0005864304963517536,-1.54e-06,1.6199819781792681,12.447498086741032,-22.61729734698678,1.0052136313683062,45.8340844953258,0.12067054082980143,-64.77251467998262,-1.1573229341274334,-75.92615698184856,0.6295741068180681,12.413254239249646,0.2719344611720337,-0.005713526848187403,0.00015748,0.005714674500442684,0.00081957,1,0.0
6306,0.03162088417569618,0.0013231619218105608,-1.54e-06,1.6199819781792681,12.447498086741032,-31.082298508785602,1.0052136313683062,64.32263921820733,0.12067054082980143,-59.39941482599016,-1.1573229341274334,-35.44058148222467,0.6295741068180681,13.786856758265143,0.2719344611720337,-0.00849417591650606,0.00015748,0.008532612630376085,0.00081957,1,0.0
6307,0.043179627983836996,7.964135696951015e-05,-1.54e-06,1.6199819781792681,12.447498086741032,-82.82464871671952,1.0052136313683062,4.379625470515616,0.12067054082980143,-1.783292777776864,-1.1573229341274334,97.64812237913777,0.6295741068180681,43.740805726361465,0.2719344611720337,-0.002313790678563825,0.00015748,0.0023131439941702033,0.00081957,1,0.0
6308,0.013237573624843586,0.0010264024745331127,-1.54e-06,1.6199819781792681,12.447498086741032,33.458093008675256,1.0052136313683062,49.52664968536195,0.12067054082980143,-14.397758256440445,-1.1573229341274334,91.46151049227855,0.6295741068180681,-24.64163107727861,0.2719344611720337,-0.007067100872700936,0.00015748,0.007071538009008739,0.00081957,1,0.0
6309,0.005422484442755128,4.708614203706892e-07,-1.54e-06,1.6199819781792681,12.447498086741032,-25.518501110142648,1.0052136313683062,3.382672690367196,0.12067054082980143,-21.46079774295633,-1.1573229341274334,-1.2854457146951892,0.6295741068180681,15.257988785658227,0.2719344611720337,-0.0002817480753257791,0.00015748,0.0002816590167972865,0.00081957,1,0.0
6310,0.01160940250885479,4.9185269370240215e-05,-1.54e-06,1.6199819781792681,12.447498086741032,-41.26603827628508,1.0052136313683062,17.266840746680625,0.12067054082980143,-42.99889641992514,-1.1573229341274334,-59.7828906960483,0.6295741068180681,24.42067576080776,0.2719344611720337,-0.0019475929827577343,0.00015748,0.0019470327848646355,0.00081957,1,0.0
6311,0.024342214936432856,3.577786868378039e-05,-1.54e-06,1.6199819781792681,12.447498086741032,-53.73517486282858,1.0052136313683062,11.830010232096592,0.12067054082980143,-17.07759581331281,-1.1573229341274334,-57.02792990190526,0.6295741068180681,29.80271208950172,0.2719344611720337,-0.0016309800248711787,0.00015748,0.0016294082779349955,0.00081957,1,0.0
6312,3.25740067699358e-05,0.00027440438236603837,-1.54e-06,1.6199819781792681,12.447498086741032,28.922906571119412,1.0052136313683062,25.584019927470077,0.12067054082980143,-6.37078318314253,-1.1573229341274334,-22.535394834462085,0.6295741068180681,-18.41858239989498,0.2719344611720337,-0.0034988579975452133,0.00015748,0.003497679984372765,0.00081957,1,0.0
6313,0.012373646978933589,2.636910811961843e-06,-1.54e-06,1.6199819781792681,12.447498086741032,-48.849014134049696,1.0052136313683062,6.483768507144344,0.12067054082980143,-35.14152703078354,-1.1573229341274334,-17.670043869923006,0.6295741068180681,28.88778257314094,0.2719344611720337,-0.0005648764983628987,0.00015748,0.0005646205310103477,0.00081957,1,0.0
6314,0.02609886117269594,9.298782989601384e-05,-1.54e-06,1.6199819781792681,12.447498086741032,-34.42083702368273,1.0052136313683062,14.207763336957289,0.12067054082980143,-1.5686486964518898,-1.1573229341274334,57.47197621315147,0.6295741068180681,16.420757375903587,0.2719344611720337,-0.002556555503783093,0.00015748,0.002555279127327727,0.00081957,1,0.0
6315,0.015924088126693783,3.795535680099723e-06,-1.54e-06,1.6199819781792681,12.447498086741032,-97.76385193453395,1.0052136313683062,10.548517237217908,0.12067054082980143,-96.29763658796148,-1.1573229341274334,86.16275958349638,0.6295741068180681,58.92860170501892,0.2719344611720337,-0.0008069113127672136,0.00015748,0.0008071711215032475,0.00081957,1,0.0
6316,0.00013620707706780977,0.00026830014045131135,-1.54e-06,1.6199819781792681,12.447498086741032,-36.172116090833214,1.0052136313683062,26.224616263035333,0.12067054082980143,-87.22513699891192,-1.1573229341274334,15.991533778836736,0.6295741068180681,23.827390610810447,0.2719344611720337,-0.0028456746485306327,0.00015748,0.0031362179659334562,0.00081957,1,0.0
6317,5.3675436626789835e-05,0.0017877944118159256,-1.54e-06,1.6199819781792681,12.447498086741032,-6.047176009912907,1.0052136313683062,33.010129799003636,0.12067054082980143,-81.21174079818442,-1.1573229341274334,-37.54592475791071,0.6295741068180681,12.478078724976964,0.2719344611720337,-0.002288108845699796,0.00015748,0.005485683144390196,0.00081957,1,0.0
6318,0.00032712555345474487,0.0013807517968861469,-1.54e-06,1.6199819781792681,12.447498086741032,63.49627947749038,1.0052136313683062,56.51289886821079,0.12067054082980143,-23.612030256166896,-1.1573229341274334,94.9345165684266,0.6295741068180681,-41.17291724068354,0.2719344611720337,-0.007818111731336322,0.00015748,0.007865239155855028,0.00081957,1,0.0
6319,0.00011353240414480395,0.002783651524863911,-1.54e-06,1.6199819781792681,12.447498086741032,72.3588200877166,1.0052136313683062,31.344545080113207,0.12067054082980143,-3.0625616816087247,-1.1573229341274334,4.2704794121931595,0.6295741068180681,-33.37198477182801,0.2719344611720337,-0.0012577991167769106,0.00015748,0.006224237582081308,0.00081957,1,0.0
6320,0.0037630581375535195,1.7171635254843705e-05,-1.54e-06,1.6199819781792681,12.447498086741032,-45.57146155742551,1.0052136313683062,0.13365583946733917,0.12067054082980143,-37.53622154369353,-1.1573229341274334,-94.72553917276608,0.6295741068180681,28.975252908308267,0.2719344611720337,-0.0008794592054406658,0.00015748,0.0008793527220651929,0.00081957,1,0.0
6321,0.0012214847026671988,0.00011919027970305758,-1.54e-06,1.6199819781792681,12.447498086741032,-44.84392711180463,1.0052136313683062,-12.725281419535433,0.12067054082980143,-28.215973758071673,-1.1573229341274334,-1.7631873500811637,0.6295741068180681,28.503317852721345,0.2719344611720337,-0.002137051476526797,0.00015748,0.002137886189705802,0.00081957,1,0.0
6322,0.013901301825734114,0.0001114966815367032,-1.54e-06,1.6199819781792681,12.447498086741032,-50.12597433103755,1.0052136313683062,23.08669638480314,0.12067054082980143,-67.24073747913123,-1.1573229341274334,96.55221056454725,0.6295741068180681,28.801548281413684,0.2719344611720337,-0.00272648642437925,0.00015748,0.002745912485330985,0.00081957,1,0.0
6323,0.026606399947425325,4.9305380477486224e-05,-1.54e-06,1.6199819781792681,12.447498086741032,-70.54033173943462,1.0052136313683062,-3.032785037325056,0.12067054082980143,-14.75320538942949,-1.1573229341274334,64.87507802597538,0.6295741068180681,39.434948893881995,0.2719344611720337,-0.0011406642057404173,0.00015748,0.001143546652855649,0.00081957,1,0.0
6324,0.03287132161162379,0.0020006214537101564,-1.54e-06,1.6199819781792681,12.447498086741032,-3.6284193240560616,1.0052136313683062,74.78766610546919,0.12067054082980143,-42.08721537533573,-1.1573229341274334,-24.861986837464336,0.6295741068180681,-4.12492377595223,0.2719344611720337,-0.010203231080130859,0.00015748,0.010240594818889675,0.00081957,1,0.0
6325,0.04266969556330422,0.00023520826595736249,-1.54e-06,1.6199819781792681,12.447498086741032,-73.1459294865091,1.0052136313683062,28.21180251588334,0.12067054082980143,-18.180283858521666,-1.1573229341274334,-92.2001689576869,0.6295741068180681,38.72021942136605,0.2719344611720337,-0.004051645054593999,0.00015748,0.00405318640908546,0.00081957,1,0.0
6326,0.00434484295747134,0.0005738123807506029,-1.54e-06,1.6199819781792681,12.447498086741032,-80.99767973588523,1.0052136313683062,-30.774171157684567,0.12067054082980143,-29.439534093379585,-1.1573229341274334,-59.69541743726399,0.6295741068180681,51.39609254399566,0.2719344611720337,-0.004756345100642692,0.00015748,0.004768841269154973,0.00081957,1,0.0
6327,0.03375652845925432,6.414059870723111e-05,-1.54e-06,1.6199819781792681,12.447498086741032,-97.37739717729846,1.0052136313683062,21.227342742340642,0.12067054082980143,-59.30449114310762,-1.1573229341274334,-59.0954385285427,0.6295741068180681,55.873149846351964,0.2719344611720337,-0.0024468273478542154,0.00015748,0.0024471218432692097,0.00081957,1,0.0
6328,0.00010021384679876483,0.00377255098957039,-1.54e-06,1.6199819781792681,12.447498086741032,-58.83478962122557,1.0052136313683062,-38.14165816460916,0.12067054082980143,-39.529345493753404,-1.1573229341274334,-85.29873170716988,0.6295741068180681,52.19505817033992,0.2719344611720337,-0.005285802952434581,0.00015748,0.010624623497527155,0.00081957,1,0.0
6329,0.026023853359774373,0.008145291286828503,-1.54e-06,1.6199819781792681,12.447498086741032,-1.668411543375875,1.0052136313683062,-1.163726301397836,0.12067054082980143,-54.550345508366,-1.1573229341274334,75.11833319935813,0.6295741068180681,36.66032376106202,0.2719344611720337,0.00029822763484227063,0.00015748,0.01542499656944759,0.00081957,0,0.0
6330,0.0028193524091190713,1.3280128854306858e-06,-1.54e-06,1.6199819781792681,12.447498086741032,-38.15389177100003,1.0052136313683062,5.721429299633603,0.12067054082980143,-49.73402443051332,-1.1573229341274334,50.51258685333815,0.6295741068180681,23.592337001018333,0.2719344611720337,-0.000576592679033058,0.00015748,0.0005763272402423425,0.00081957,1,0.0
6331,0.011728699235114482,0.00012242732854811147,-1.54e-06,1.6199819781792681,12.447498086741032,-96.54321573263078,1.0052136313683062,-5.988918806071623,0.12067054082980143,-73.35545751995508,-1.1573229341274334,4.164017553455092,0.6295741068180681,59.5025462510941,0.2719344611720337,-0.0016929586975133475,0.00015748,0.0017081146296047968,0.00081957,1,0.0
6332,8.84681662793145e-05,0.002296634853612546,-1.54e-06,1.6199819781792681,12.447498086741032,-53.91120877771103,1.0052136313683062,-31.724966927749158,0.12067054082980143,-40.88544536927033,-1.1573229341274334,98.70624402284265,0.6295741068180681,42.496755109924926,0.2719344611720337,-0.00421550896224958,0.00015748,0.007458930115633776,0.00081957,1,0.0
6333,0.0001259110968208771,0.00039645563713001496,-1.54e-06,1.6199819781792681,12.447498086741032,13.789106180643893,1.0052136313683062,34.19072743736976,0.12067054082980143,-37.24993705171022,-1.1573229341274334,-28.90311502471581,0.6295741068180681,-8.688990409259421,0.2719344611720337,-0.00439313394100594,0.00015748,0.004397133098770316,0.00081957,1,0.0
6334,0.023945777712713535,4.7449444534261424e-05,-1.54e-06,1.6199819781792681,12.447498086741032,-69.85443037962438,1.0052136313683062,17.05630118278406,0.12067054082980143,-47.29257490154021,-1.1573229341274334,-26.148845761070113,0.6295741068180681,40.067468709863775,0.2719344611720337,-0.0019722158471845775,0.00015748,0.0019813094225031385,0.00081957,1,0.0
6335,0.00027343305021986647,0.0007389532147797543,-1.54e-06,1.6199819781792681,12.447498086741032,19.45045227139349,1.0052136313683062,46.77927289735943,0.12067054082980143,-48.29570125119357,-1.1573229341274334,-66.0280578496838,0.6295741068180681,-12.143274014410228,0.2719344611720337,-0.006005630172872525,0.00015748,0.006007423846804184,0.00081957,1,0.0
6336,0.0262776628650688,0.0007219898453501483,-1.54e-06,1.6199819781792681,12.447498086741032,-50.24237955220463,1.0052136313683062,51.6695072975293,0.12067054082980143,-75.19120552633258,-1.1573229341274334,-19.290972418967975,0.6295741068180681,26.959706773463893,0.2719344611720337,-0.00655500791904899,0.00015748,0.006554411730438679,0.00081957,1,0.0
6337,0.035156029945698206,5.6882668592690165e-05,-1.54e-06,1.6199819781792681,12.447498086741032,-97.79155953221222,1.0052136313683062,17.986587154333613,0.12067054082980143,-56.99042417353371,-1.1573229341274334,32.90256564158997,0.6295741068180681,55.33193507416783,0.2719344611720337,-0.002273080725245724,0.00015748,0.002272620912424402,0.00081957,1,0.0
6338,0.0022613607523875798,7.056570115273343e-05,-1.54e-06,1.6199819781792681,12.447498086741032,-53.84561641805339,1.0052136313683062,22.897578407312906,0.12067054082980143,-93.20809174916103,-1.1573229341274334,-10.555277461360937,0.6295741068180681,34.113889848624545,0.2719344611720337,-0.0025410771116913112,0.00015748,0.0025432289706018665,0.00081957,1,0.0
6339,0.0005864567944151716,0.00042557237427941354,-1.54e-06,1.6199819781792681,12.447498086741032,-13.721368744464984,1.0052136313683062,39.88919051108202,0.12067054082980143,-73.98476718178368,-1.1573229341274334,-79.52640422473833,0.6295741068180681,9.147004178216406,0.2719344611720337,-0.004835867052153513,0.00015748,0.00484467635134094,0.00081957,1,0.0
6340,0.008047063253011067,0.0005302371316938402,-1.54e-06,1.6199819781792681,12.447498086741032,6.610741743170046,1.0052136313683062,39.32092760999633,0.12067054082980143,-35.96564017371888,-1.1573229341274334,-0.42960097890021287,0.6295741068180681,-5.865928252481744,0.2719344611720337,-0.00518231881395294,0.00015748,0.005184546635104641,0.00081957,1,0.0
6341,0.0008930225066211689,0.0015725187767440384,-1.54e-06,1.6199819781792681,12.447498086741032,26.52181517120314,1.0052136313683062,68.4534015405802,0.12067054082980143,-71.97094212213105,-1.1573229341274334,-92.158458849715,0.6295741068180681,-16.65537844220937,0.2719344611720337,-0.008782717728031308,0.00015748,0.008783838275978544,0.00081957,1,0.0
6342,5.6437866378794554e-05,0.0015646278758020557,-1.54e-06,1.6199819781792681,12.447498086741032,82.94457301805066,1.0052136313683062,58.26363996965876,0.12067054082980143,-0.10511098561587817,-1.1573229341274334,27.202625650004357,0.6295741068180681,-53.23263913087542,0.2719344611720337,-0.0082239162799954,0.00015748,0.0082583048425901,0.00081957,1,0.0
6343,0.007639956000745157,0.0013976839162087164,-1.54e-06,1.6199819781792681,12.447498086741032,-94.95246609297425,1.0052136313683062,-54.709843599868925,0.12067054082980143,-8.746963831011954,-1.1573229341274334,96.68491821286865,0.6295741068180681,58.78754737745855,0.2719344611720337,-0.007609696891168654,0.00015748,0.007623064445959836,0.00081957,1,0.0
6344,0.0014768868049125673,0.00021768337379159572,-1.54e-06,1.6199819781792681,12.447498086741032,-11.046136573990152,1.0052136313683062,28.169784503526632,0.12067054082980143,-55.35727799361848,-1.1573229341274334,8.443719206651508,0.6295741068180681,6.750263693966183,0.2719344611720337,-0.003441999730972074,0.00015748,0.003449317526084559,0.00081957,1,0.0
6345,0.004251724462258924,0.002186737308769758,-1.54e-06,1.6199819781792681,12.447498086741032,62.18805557476628,1.0052136313683062,74.33939555194856,0.12067054082980143,-38.82220097706153,-1.1573229341274334,15.740067453308894,0.6295741068180681,-40.78674469728849,0.2719344611720337,-0.010084097803634633,0.00015748,0.010092724825767433,0.00081957,1,0.0
6346,0.00020584306602847678,0.0007079405917033233,-1.54e-06,1.6199819781792681,12.447498086741032,-13.349962361234471,1.0052136313683062,17.07826077898208,0.12067054082980143,-56.77864786378954,-1.1573229341274334,69.94535652099746,0.6295741068180681,11.5913721895579,0.2719344611720337,-0.001270446039536412,0.00015748,0.0025921921662098286,0.00081957,1,0.0
6347,0.021889307508014603,0.0005074238295397891,-1.54e-06,1.6199819781792681,12.447498086741032,-38.817352664935065,1.0052136313683062,42.64320648960962,0.12067054082980143,-54.76759579033055,-1.1573229341274334,-76.780651709038,0.6295741068180681,20.93557358641509,0.2719344611720337,-0.005370215719041107,0.00015748,0.0054001122487708116,0.00081957,1,0.0
6348,4.263051655853389e-05,3.718244965472922e-05,-1.54e-06,1.6199819781792681,12.447498086741032,-3.243120149200471,1.0052136313683062,11.64936726040704,0.12067054082980143,-19.766995488587416,-1.1573229341274334,-42.90750669593551,0.6295741068180681,2.3183922473223757,0.2719344611720337,-0.0014115778773653223,0.00015748,0.001413913515509785,0.00081957,1,0.0
6349,0.03126539141244154,3.7651520145052676e-05,-1.54e-06,1.6199819781792681,12.447498086741032,-95.35977833666576,1.0052136313683062,2.663210618043273,0.12067054082980143,-37.29527380333112,-1.1573229341274334,5.8312658553486765,0.6295741068180681,54.71814793545083,0.2719344611720337,-0.0007848330346606573,0.00015748,0.0007843792974346485,0.00081957,1,0.0
6350,0.007387158246936844,0.0010160169747799636,-1.54e-06,1.6199819781792681,12.447498086741032,3.7394249907958153,1.0052136313683062,55.29531934832996,0.12067054082980143,-72.7124838325547,-1.1573229341274334,91.95767193107892,0.6295741068180681,-4.4423135652431265,0.2719344611720337,-0.007189767866840296,0.00015748,0.0071810456700252346,0.00081957,1,0.0
6351,5.745726149510022e-06,0.001756344145690321,-1.54e-06,1.6199819781792681,12.447498086741032,23.5741637881977,1.0052136313683062,72.87481431659307,0.12067054082980143,-87.08943150101837,-1.1573229341274334,-58.24929252902054,0.6295741068180681,-14.72892286180005,0.2719344611720337,-0.009291998037518921,0.00015748,0.00931154869359934,0.00081957,1,0.0
6352,0.05991571417938455,0.0015162906963478166,-1.54e-06,1.6199819781792681,12.447498086741032,-85.16424022704479,1.0052136313683062,70.932375171127,0.12067054082980143,-58.24340425998334,-1.1573229341274334,-93.47982575207702,0.6295741068180681,42.91911411039107,0.2719344611720337,-0.009623431281538766,0.00015748,0.00962448528117104,0.00081957,1,0.0
6353,0.01661021120016284,0.0004961321496996013,-1.54e-06,1.6199819781792681,12.447498086741032,-41.652624366539996,1.0052136313683062,44.334216013341674,0.12067054082980143,-75.43031683988686,-1.1573229341274334,-50.65709632792167,0.6295741068180681,23.602805941401627,0.2719344611720337,-0.00544034817997672,0.00015748,0.0054411418397496605,0.00081957,1,0.0
6354,0.030426297127020586,3.900747203413131e-05,-1.54e-06,1.6199819781792681,12.447498086741032,-68.5073925001376,1.0052136313683062,0.11278235953275229,0.12067054082980143,-1.9099252519615533,-1.1573229341274334,-28.472883304987267,0.6295741068180681,37.87377558893708,0.2719344611720337,-0.001157948587114021,0.00015748,0.0011575985113900943,0.00081957,1,0.0
6355,0.00118274020306125,0.002571489007606278,-1.54e-06,1.6199819781792681,12.447498086741032,80.74618171930544,1.0052136313683062,39.39976776164732,0.12067054082980143,-0.8851118693020037,-1.1573229341274334,71.12090203281682,0.6295741068180681,-41.92649492685154,0.2719344611720337,-0.0028467921931305323,0.00015748,0.006829805587699695,0.00081957,1,0.0
6356,0.00012365749176318497,0.0007346910496845255,-1.54e-06,1.6199819781792681,12.447498086741032,44.02023881838489,1.0052136313683062,41.9910105298165,0.12067054082980143,-20.750321459307184,-1.1573229341274334,62.64713601817189,0.6295741068180681,-28.587084716140197,0.2719344611720337,-0.005785561071395793,0.00015748,0.0057870562232743466,0.00081957,1,0.0
6357,0.011004866350937382,6.675842045434076e-06,-1.54e-06,1.6199819781792681,12.447498086741032,-92.59714651229022,1.0052136313683062,9.777347181714475,0.12067054082980143,-95.42416851211851,-1.1573229341274334,-4.975338587655643,0.6295741068180681,57.132379236217126,0.2719344611720337,-0.0010336369039644028,0.00015748,0.001033516748169824,0.00081957,1,0.0
6358,0.005199345875306568,0.00031397503857570825,-1.54e-06,1.6199819781792681,12.447498086741032,-62.48054223226958,1.0052136313683062,-23.05034068000801,0.12067054082980143,-25.00976667727084,-1.1573229341274334,42.966514066105184,0.6295741068180681,38.779618850828705,0.2719344611720337,-0.003421586360846311,0.00015748,0.003435936705738684,0.00081957,1,0.0
6359,0.04406953887762889,0.0005125295171001503,-1.54e-06,1.6199819781792681,12.447498086741032,-82.86777491049519,1.0052136313683062,44.48739528634488,0.12067054082980143,-51.85634829196412,-1.1573229341274334,-99.49280290294789,0.6295741068180681,44.70759897520339,0.2719344611720337,-0.005823112526617366,0.00015748,0.005824827178147562,0.00081957,1,0.0
6360,0.03389834905911981,5.546834234851846e-05,-1.54e-06,1.6199819781792681,12.447498086741032,-90.69934711509516,1.0052136313683062,18.40118890436774,0.12067054082980143,-44.61941844909947,-1.1573229341274334,-90.04519054145226,0.6295741068180681,51.73559412326725,0.2719344611720337,-0.002190910780213593,0.00015748,0.002189780821447129,0.00081957,1,0.0
6361,0.022598109780473587,0.001512495099706287,-1.54e-06,1.6199819781792681,12.447498086741032,24.782729629995078,1.0052136313683062,61.624378292450785,0.12067054082980143,-16.714529840911666,-1.1573229341274334,28.903107552454966,0.6295741068180681,-20.61826967874122,0.2719344611720337,-0.008698640882746779,0.00015748,0.008708682371059717,0.00081957,1,0.0
6362,0.009008858086117347,0.0003940147860933662,-1.54e-06,1.6199819781792681,12.447498086741032,-10.436916768320708,1.0052136313683062,35.70578966100115,0.12067054082980143,-49.783079160068084,-1.1573229341274334,35.9053502617868,0.6295741068180681,4.644038254997824,0.2719344611720337,-0.0045912622039329404,0.00015748,0.00458795276581603,0.00081957,1,0.0
6363,0.05556157998363346,0.00015614862714093936,-1.54e-06,1.6199819781792681,12.447498086741032,-98.00579303087616,1.0052136313683062,14.724004235428756,0.12067054082980143,-2.842682444788362,-1.1573229341274334,59.98318104418996,0.6295741068180681,51.16474802821968,0.2719344611720337,-0.003485256792178075,0.00015748,0.0034851275955036917,0.00081957,1,0.0
6364,0.027822313920230053,0.00014497037335261902,-1.54e-06,1.6199819781792681,12.447498086741032,-81.42015780233928,1.0052136313683062,27.665926066210314,0.12067054082980143,-75.90455509771071,-1.1573229341274334,93.02184037716846,0.6295741068180681,46.00785951216533,0.2719344611720337,-0.003373449278087609,0.00015748,0.0033788800022990333,0.00081957,1,0.0
6365,0.03981643470776412,0.00042777035849782605,-1.54e-06,1.6199819781792681,12.447498086741032,-74.28354701947576,1.0052136313683062,39.91989737819701,0.12067054082980143,-46.69156620374569,-1.1573229341274334,-77.67750833133205,0.6295741068180681,40.01066573799476,0.2719344611720337,-0.005230821377952589,0.00015748,0.005256273788318804,0.00081957,1,0.0
6366,0.04600702237873525,0.0013197317074400648,-1.54e-06,1.6199819781792681,12.447498086741032,-68.922195969646,1.0052136313683062,66.47518579826125,0.12067054082980143,-74.89762926083344,-1.1573229341274334,28.866911448260613,0.6295741068180681,34.69211886266105,0.2719344611720337,-0.008869690001391838,0.00015748,0.008887246598875454,0.00081957,1,0.0
6367,0.06935703573196823,0.0017696127755869886,-1.54e-06,1.6199819781792681,12.447498086741032,-64.9655148159024,1.0052136313683062,69.81161147218263,0.12067054082980143,-9.391026271346313,-1.1573229341274334,-95.2276136361152,0.6295741068180681,28.07177502785869,0.2719344611720337,-0.010266438866111342,0.00015748,0.01027092659208255,0.00081957,1,0.0
6368,0.016908362094215576,0.00015340380990135996,-1.54e-06,1.6199819781792681,12.447498086741032,-69.66674765645189,1.0052136313683062,29.79620619502463,0.12067054082980143,-91.46880374505767,-1.1573229341274334,70.26272777455759,0.6295741068180681,40.826505039795485,0.2719344611720337,-0.0034079566856804406,0.00015748,0.003414041780518774,0.00081957,1,0.0
6369,1.890839266070754e-06,0.001584750490910251,-1.54e-06,1.6199819781792681,12.447498086741032,24.070941930751687,1.0052136313683062,46.2681437650711,0.12067054082980143,-61.049970605551614,-1.1573229341274334,1.6106324578564601,0.6295741068180681,-10.421569887667497,0.2719344611720337,-0.004646262656183543,0.00015748,0.006554836003878026,0.00081957,1,0.0
6370,3.244352550815094e-05,0.0007300716431361778,-1.54e-06,1.6199819781792681,12.447498086741032,51.53113543687372,1.0052136313683062,40.58337789820399,0.12067054082980143,-10.471673818316114,-1.1573229341274334,70.25294319852196,0.6295741068180681,-33.42903588672931,0.2719344611720337,-0.005715377470315011,0.00015748,0.005715378973856715,0.00081957,1,0.0
6371,6.546736356874416e-06,0.0031077914881457004,-1.54e-06,1.6199819781792681,12.447498086741032,19.26236830387094,1.0052136313683062,40.28184190930783,0.12067054082980143,-87.25541916569155,-1.1573229341274334,51.04950926487924,0.6295741068180681,2.1719404452166087,0.2719344611720337,-0.0019864182153600035,0.00015748,0.00762191297259348,0.00081957,1,0.0
6372,0.04582808588503827,0.00022556403005526737,-1.54e-06,1.6199819781792681,12.447498086741032,-82.05377969053633,1.0052136313683062,27.35518045614917,0.12067054082980143,-21.70957230018064,-1.1573229341274334,-54.083021005011965,0.6295741068180681,43.570527841528204,0.2719344611720337,-0.004042688849885206,0.00015748,0.004044045996633495,0.00081957,1,0.0
6373,2.8014147995331085e-05,0.0007730924145147836,-1.54e-06,1.6199819781792681,12.447498086741032,32.09298008268541,1.0052136313683062,45.488752783305934,0.12067054082980143,-34.03232261290919,-1.1573229341274334,-39.47796934974457,0.6295741068180681,-20.29029405189337,0.2719344611720337,-0.005975095182451613,0.00015748,0.005997996278524616,0.00081957,1,0.0
6374,0.024267981843815283,0.0021578437741216552,-1.54e-06,1.6199819781792681,12.447498086741032,-4.007742342463939,1.0052136313683062,80.34357258095815,0.12067054082980143,-73.26941360349936,-1.1573229341274334,-18.893153017948126,0.6295741068180681,-2.197111428726995,0.2719344611720337,-0.010584663738059944,0.00015748,0.010609752169360328,0.00081957,1,0.0
6375,0.015396806960218352,0.00029573441780317484,-1.54e-06,1.6199819781792681,12.447498086741032,-13.991598864871497,1.0052136313683062,30.040473395960515,0.12067054082980143,-23.34855749562992,-1.1573229341274334,-51.22637189122708,0.6295741068180681,6.179891087869633,0.2719344611720337,-0.003958902255127926,0.00015748,0.003980416057266583,0.00081957,1,0.0
6376,0.00419987198230875,2.385215649467329e-05,-1.54e-06,1.6199819781792681,12.447498086741032,-61.722777565220944,1.0052136313683062,0.5447511779406848,0.12067054082980143,-66.38146617833816,-1.1573229341274334,68.41117082574239,0.6295741068180681,38.313721115816506,0.2719344611720337,-0.0007945333049186247,0.00015748,0.0007937147187748802,0.00081957,1,0.0
6377,0.016537806026081917,0.0011668643406472891,-1.54e-06,1.6199819781792681,12.447498086741032,-100.0,1.0052136313683062,-36.16145845372398,0.12067054082980143,-27.65541272104359,-1.1573229341274334,88.46669785233408,0.6295741068180681,62.32187055307932,0.2719344611720337,-0.0049713723175866895,0.00015748,0.005770165462086883,0.00081957,1,0.0
6378,0.02545535441757335,0.0014708872185903576,-1.54e-06,1.6199819781792681,12.447498086741032,13.56177893435511,1.0052136313683062,62.00809340346348,0.12067054082980143,-20.882042406420958,-1.1573229341274334,-7.576374548155372,0.6295741068180681,-13.795034055611353,0.2719344611720337,-0.008654884665766732,0.00015748,0.008667663563688248,0.00081957,1,0.0
6379,0.054006371642536063,0.0018511456293812188,-1.54e-06,1.6199819781792681,12.447498086741032,-66.67916892103007,1.0052136313683062,76.13059470893937,0.12067054082980143,-68.6932457128978,-1.1573229341274334,38.43180895946841,0.6295741068180681,31.599966473602205,0.2719344611720337,-0.010396012251518984,0.00015748,0.01042392262247011,0.00081957,1,0.0
6380,0.04204584992501728,0.00010048378706137378,-1.54e-06,1.6199819781792681,12.447498086741032,-80.0493693832851,1.0052136313683062,13.851477631201508,0.12067054082980143,-16.128991527144947,-1.1573229341274334,87.51648234242607,0.6295741068180681,42.26734656436662,0.2719344611720337,-0.0027997581892500872,0.00015748,0.0028056597547454374,0.00081957,1,0.0
6381,0.030816346478565536,0.0006514002208705588,-1.54e-06,1.6199819781792681,12.447498086741032,-59.16535227735145,1.0052136313683062,48.895291096242076,0.12067054082980143,-74.7551425778358,-1.1573229341274334,57.99551755309208,0.6295741068180681,31.328674408505474,0.2719344611720337,-0.0063310887839264675,0.00015748,0.006334566607564042,0.00081957,1,0.0
6382,0.013020638875996363,0.00010830981296907929,-1.54e-06,1.6199819781792681,12.447498086741032,-94.38598320157072,1.0052136313683062,-5.418033848450185,0.12067054082980143,-65.71040008629723,-1.1573229341274334,-39.202171550775056,0.6295741068180681,58.08624022332749,0.2719344611720337,-0.0015877076310093063,0.00015748,0.0015967980795225326,0.00081957,1,0.0
6383,0.017173826968633253,0.000601653318548051,-1.54e-06,1.6199819781792681,12.447498086741032,-38.49711113747052,1.0052136313683062,47.354530373606735,0.12067054082980143,-80.16378033449551,-1.1573229341274334,24.91414160812419,0.6295741068180681,21.044516215363764,0.2719344611720337,-0.005921795417382953,0.00015748,0.005924783990009789,0.00081957,1,0.0
6384,0.044250500899448264,0.0015789645070128154,-1.54e-06,1.6199819781792681,12.447498086741032,-28.173250081725612,1.0052136313683062,66.33937240855118,0.12067054082980143,-31.062380642762754,-1.1573229341274334,18.409369474953834,0.6295741068180681,8.964158415691648,0.2719344611720337,-0.009389339665916624,0.00015748,0.009395792468938624,0.00081957,1,0.0
6385,0.03808038857677362,0.0016775136696997345,-1.54e-06,1.6199819781792681,12.447498086741032,-38.68616265649949,1.0052136313683062,72.29652307667305,0.12067054082980143,-67.76375998228218,-1.1573229341274334,8.452573465534917,0.6295741068180681,17.059727455767224,0.2719344611720337,-0.00965802258836607,0.00015748,0.009682058884003315,0.00081957,1,0.0
6386,0.030895366606485557,5.697988744005062e-05,-1.54e-06,1.6199819781792681,12.447498086741032,-82.45140299058025,1.0052136313683062,18.397242571705487,0.12067054082980143,-45.372650692744855,-1.1573229341274334,-46.40885239000728,0.6295741068180681,46.81884786996015,0.2719344611720337,-0.0022345662097618944,0.00015748,0.002235238070332136,0.00081957,1,0.0
6387,0.009194781660448627,0.00019553773372422186,-1.54e-06,1.6199819781792681,12.447498086741032,-13.053619060731574,1.0052136313683062,25.222441054778688,0.12067054082980143,-37.65471177924528,-1.1573229341274334,70.47931641982652,0.6295741068180681,6.105363882077829,0.2719344611720337,-0.0032982939007359974,0.00015748,0.0033016584190092373,0.00081957,1,0.0
6388,0.029002609376534746,0.000643490835728225,-1.54e-06,1.6199819781792681,12.447498086741032,-15.901202404159246,1.0052136313683062,41.248392104711655,0.12067054082980143,-17.016490222403913,-1.1573229341274334,61.715612452698586,0.6295741068180681,3.963769218097939,0.2719344611720337,-0.005994212130027887,0.00015748,0.006003135601422714,0.00081957,1,0.0
6389,0.04315805011124039,0.0003329781466487329,-1.54e-06,1.6199819781792681,12.447498086741032,-63.51282261526577,1.0052136313683062,31.885104028816468,0.12067054082980143,-13.721560126287656,-1.1573229341274334,-61.83310078416905,0.6295741068180681,32.27941975590415,0.2719344611720337,-0.004697020841809084,0.00015748,0.004700037285916931,0.00081957,1,0.0
6390,0.061712779429355574,0.0008486954147200697,-1.54e-06,1.6199819781792681,12.447498086741032,-93.51731634828555,1.0052136313683062,50.97666453252112,0.12067054082980143,-40.28366210714014,-1.1573229341274334,45.92367803487534,0.6295741068180681,47.172778438939126,0.2719344611720337,-0.007452709231419638,0.00015748,0.0074742275754845445,0.00081957,1,0.0
6391,0.05943538526040898,0.0015478133317097548,-1.54e-06,1.6199819781792681,12.447498086741032,-79.44432736441121,1.0052136313683062,69.86032905020717,0.12067054082980143,-59.19012944905747,-1.1573229341274334,32.15582607180248,0.6295741068180681,38.6380014046332,0.2719344611720337,-0.00972532195916053,0.00015748,0.009725198040317157,0.00081957,1,0.0
6392,0.05126102709292694,0.0005159799616931873,-1.54e-06,1.6199819781792681,12.447498086741032,-97.04300494320957,1.0052136313683062,43.138284982111045,0.12067054082980143,-57.19220980419256,-1.1573229341274334,38.68714613832722,0.6295741068180681,51.57648999194411,0.2719344611720337,-0.005956120835880015,0.00015748,0.005968671289322203,0.00081957,1,0.0
6393,0.02939519920793337,0.0017547263699356805,-1.54e-06,1.6199819781792681,12.447498086741032,-19.409724253037055,1.0052136313683062,73.49792581666436,0.12067054082980143,-64.30108068507336,-1.1573229341274334,-64.64372663149136,0.6295741068180681,6.891396114441098,0.2719344611720337,-0.009673568057393368,0.00015748,0.009699584077970353,0.00081957,1,0.0
6394,0.000353339087161314,0.0004950415209771692,-1.54e-06,1.6199819781792681,12.447498086741032,45.74424593720421,1.0052136313683062,33.06288694250069,0.12067054082980143,-0.26681932835487077,-1.1573229341274334,9.45991381217982,0.6295741068180681,-29.44150879374458,0.2719344611720337,-0.00467107373409315,0.00015748,0.004671290617594637,0.00081957,1,0.0
6395,0.011074138594320541,1.7194362648732704e-05,-1.54e-06,1.6199819781792681,12.447498086741032,-24.086783108029792,1.0052136313683062,9.090210404653705,0.12067054082980143,-10.458992689104447,-1.1573229341274334,-70.91274098739588,0.6295741068180681,13.584750011680429,0.2719344611720337,-0.00111241937152428,0.00015748,0.0011126795640337465,0.00081957,1,0.0
6396,0.015025256777317128,0.0009473686116591824,-1.54e-06,1.6199819781792681,12.447498086741032,19.711576052891257,1.0052136313683062,49.18008828101822,0.12067054082980143,-23.96292152221356,-1.1573229341274334,70.0526372927122,0.6295741068180681,-16.062888055927264,0.2719344611720337,-0.0068721232376274515,0.00015748,0.0068809850162692265,0.00081957,1,0.0
6397,0.008911365950549484,0.0005830275192998101,-1.54e-06,1.6199819781792681,12.447498086741032,-1.4372926070524874,1.0052136313683062,42.7576968809884,0.12067054082980143,-44.81968744032335,-1.1573229341274334,-60.04660902571068,0.6295741068180681,-0.5588740381926731,0.2719344611720337,-0.005493247805966557,0.00015748,0.005490979430225874,0.00081957,1,0.0
6398,0.008403858184733198,5.9829402904602745e-06,-1.54e-06,1.6199819781792681,12.447498086741032,-75.2312433583833,1.0052136313683062,13.205569430573636,0.12067054082980143,-83.83101665317578,-1.1573229341274334,-59.06199180837458,0.6295741068180681,46.837188172341286,0.2719344611720337,-0.001382710606896227,0.00015748,0.00138236360717452,0.00081957,1,0.0
6399,-1.3589506801463258e-05,0.006526777250392631,-1.54e-06,1.6199819781792681,12.447498086741032,-10.431347401120952,1.0052136313683062,-28.01159767754401,0.12067054082980143,-48.143855692718084,-1.1573229341274334,1.2215895148906186,0.6295741068180681,36.01682543308265,0.2719344611720337,-0.003530294997017059,0.00015748,0.014695600452443166,0.00081957,1,0.0
6400,0.015244804576567024,0.01533899173897621,-1.54e-06,2.4555240201100847,5.784478992892323,-1.6334296390893976,1.0052136313683062,0.9386958937321754,0.12067054082980143,-67.15853646815269,-1.1573229341274334,-73.2380149023146,0.6295741068180681,52.85963482110586,0.2719344611720337,-0.06099601037358482,0.00015748,0.06110813451753286,0.00081957,1,0.0
6401,0.00044278841175479644,0.01657328272971548,-1.54e-06,2.4555240201100847,5.784478992892323,43.568297900158534,1.0052136313683062,16.95605429001815,0.12067054082980143,-87.97087299126348,-1.1573229341274334,-51.001324399424284,0.6295741068180681,24.42912248548906,0.2719344611720337,-0.030506877575487486,0.00015748,0.055461394296804044,0.00081957,1,0.0
6402,0.09390194959754862,0.0037204449042324184,-1.54e-06,2.4555240201100847,5.784478992892323,-99.92876294961658,1.0052136313683062,-3.667649006651781,0.12067054082980143,-62.67697592729717,-1.1573229341274334,94.25132483006028,0.6295741068180681,74.44434143681111,0.2719344611720337,-0.017666300640225382,0.00015748,0.017818528863884006,0.00081957,1,0.0
6403,0.08245228111794477,0.0003709141098275251,-1.54e-06,2.4555240201100847,5.784478992892323,-76.06261603466072,1.0052136313683062,4.162733828898759,0.12067054082980143,-66.38300233069502,-1.1573229341274334,47.63907577167463,0.6295741068180681,61.80517581964742,0.2719344611720337,-0.008069588862404555,0.00015748,0.00808623068102655,0.00081957,1,0.0
6404,0.03898000695112007,0.04490324118861479,-1.54e-06,2.4555240201100847,5.784478992892323,25.058667836935616,1.0052136313683062,1.4011438868036032,0.12067054082980143,-99.63242354012614,-1.1573229341274334,32.16868266327159,0.6295741068180681,57.31597590816542,0.2719344611720337,-0.04255394504319854,0.00015748,0.09328029139746752,0.00081957,1,0.0
6405,0.0010886182088701013,0.013407005451747086,-1.54e-06,2.4555240201100847,5.784478992892323,27.13487305618088,1.0052136313683062,7.983437148371437,0.12067054082980143,-46.35974880618119,-1.1573229341274334,27.254007390729047,0.6295741068180681,7.300363911963692,0.2719344611720337,-9.721492374581767e-05,0.00015748,0.026823603562708003,0.00081957,1,0.0
6406,0.1273459211938811,0.0018451587469911358,-1.54e-06,2.4555240201100847,5.784478992892323,-89.70155751859802,1.0052136313683062,-1.9993823739261622,0.12067054082980143,-16.28403523750698,-1.1573229341274334,28.282993265988406,0.6295741068180681,50.48275203072582,0.2719344611720337,-0.012830087447937514,0.00015748,0.012847552991611551,0.00081957,1,0.0
6407,0.06323389281944601,0.00015549476797744992,-1.54e-06,2.4555240201100847,5.784478992892323,-66.23905020484786,1.0052136313683062,3.3493030904403924,0.12067054082980143,-55.01900858479529,-1.1573229341274334,60.418196076583435,0.6295741068180681,49.23301570109261,0.2719344611720337,-0.004682830681185043,0.00015748,0.004674827159606865,0.00081957,1,0.0
6408,0.022449274848174557,0.0001397293282965108,-1.54e-06,2.4555240201100847,5.784478992892323,5.8403535568717455,1.0052136313683062,2.6550922833749593,0.12067054082980143,-1e-20,-1.1573229341274334,-60.713735359878555,0.6295741068180681,3.872045304587916,0.2719344611720337,-0.008103179560577347,0.00015748,0.008101697062890354,0.00081957,1,0.0
6409,5.5656191479930284e-05,0.007888564402514502,-1.54e-06,2.4555240201100847,5.784478992892323,6.288361194865895,1.0052136313683062,11.217269525238912,0.12067054082980143,-24.471563137295867,-1.1573229341274334,6.884923982766358,0.6295741068180681,-4.438985573425986,0.2719344611720337,-0.027999497249874845,0.00015748,0.03291908107043004,0.00081957,1,0.0
6410,0.050371851649219826,0.0011139269026979363,-1.54e-06,2.4555240201100847,5.784478992892323,-8.088548069743393,1.0052136313683062,7.089828453269295,0.12067054082980143,-33.50190385514167,-1.1573229341274334,-87.26945918799426,0.6295741068180681,28.81296290673502,0.2719344611720337,-0.02289936516195856,0.00015748,0.022910293035366094,0.00081957,1,0.0
6411,0.08291229628186593,0.005282847819754173,-1.54e-06,2.4555240201100847,5.784478992892323,-40.03131847004167,1.0052136313683062,12.409994734072557,0.12067054082980143,-98.62171974900895,-1.1573229341274334,-82.36170847710447,0.6295741068180681,74.75574336241658,0.2719344611720337,-0.04544651844801788,0.00015748,0.04581216932205108,0.00081957,1,0.0
6412,0.028218053705338843,0.0010488511735358202,-1.54e-06,2.4555240201100847,5.784478992892323,-20.219045016108527,1.0052136313683062,7.104498945129402,0.12067054082980143,-33.04712324724465,-1.1573229341274334,-0.33451396985599263,0.6295741068180681,19.12616164359664,0.2719344611720337,-0.015379324618348513,0.00015748,0.015450511106784444,0.00081957,1,0.0
6413,0.0001080439577491113,0.008210335409294937,-1.54e-06,2.4555240201100847,5.784478992892323,-0.819221538114645,1.0052136313683062,4.529244081030636,0.12067054082980143,-49.9544188013005,-1.1573229341274334,59.13890434866995,0.6295741068180681,18.87087279444977,0.2719344611720337,-0.0018894056536007692,0.00015748,0.018064366938185354,0.00081957,1,0.0
6414,0.07955981346406342,0.0010794837587156988,-1.54e-06,2.4555240201100847,5.784478992892323,-71.63751345418885,1.0052136313683062,-0.6922276394739253,0.12067054082980143,-21.459188836543557,-1.1573229341274334,63.220490238994216,0.6295741068180681,37.00897196766063,0.2719344611720337,-0.014116724661045105,0.00015748,0.014152441824070435,0.00081957,1,0.0
6415,0.03283667149408846,0.0007560184921399226,-1.54e-06,2.4555240201100847,5.784478992892323,-31.299922898928248,1.0052136313683062,1.6122727292544896,0.12067054082980143,-10.771414745720003,-1.1573229341274334,34.39473288961751,0.6295741068180681,13.010355343320919,0.2719344611720337,-0.012829852767374979,0.00015748,0.012918546777074196,0.00081957,1,0.0
6416,0.00023104865827074106,0.008208421471870493,-1.54e-06,2.4555240201100847,5.784478992892323,-7.461070101613013,1.0052136313683062,9.55280408588998,0.12067054082980143,-79.22181101556974,-1.1573229341274334,61.20500609664404,0.6295741068180681,31.44778243438982,0.2719344611720337,-0.012340967854681532,0.00015748,0.02708413923334881,0.00081957,1,0.0
6417,0.1735690521007591,0.0023959490193548143,-1.54e-06,2.4555240201100847,5.784478992892323,-81.54985226997168,1.0052136313683062,1.6511260908710048,0.12067054082980143,-28.0528906794457,-1.1573229341274334,-95.88214566000075,0.6295741068180681,69.96173154273178,0.2719344611720337,-0.014607533000838925,0.00015748,0.014585835205524832,0.00081957,1,0.0
6418,1.7884883804886176e-05,0.005831249237405111,-1.54e-06,2.4555240201100847,5.784478992892323,-26.34380422759927,1.0052136313683062,10.11314454021397,0.12067054082980143,-67.96365581445565,-1.1573229341274334,95.44601077354346,0.6295741068180681,24.342819082844475,0.2719344611720337,-0.01827662813768073,0.00015748,0.025541341777888894,0.00081957,1,0.0
6419,0.0870782860366702,0.01871285043335085,-1.54e-06,2.4555240201100847,5.784478992892323,-10.26019668067994,1.0052136313683062,16.147810390991772,0.12067054082980143,-99.93702868859175,-1.1573229341274334,-3.6066979649893525,0.6295741068180681,53.38809651686658,0.2719344611720337,-0.012586085597984423,0.00015748,0.047423591724660465,0.00081957,1,0.0
6420,0.14754102939453262,0.0034057054414251267,-1.54e-06,2.4555240201100847,5.784478992892323,-74.88688763556966,1.0052136313683062,14.578226249373657,0.12067054082980143,-64.45145075138598,-1.1573229341274334,-68.70208503148949,0.6295741068180681,64.8835020459275,0.2719344611720337,-0.029497404094326864,0.00015748,0.029498121757233382,0.00081957,1,0.0
6421,0.0023342638964602425,0.047020957421013795,-1.54e-06,2.4555240201100847,5.784478992892323,92.88536653733689,1.0052136313683062,28.958423996853597,0.12067054082980143,-54.290077498042415,-1.1573229341274334,-29.20178167461009,0.6295741068180681,-32.01987601239362,0.2719344611720337,-0.0328245155432342,0.00015748,0.08533126436090341,0.00081957,1,0.0
6422,0.000552365565591198,0.005494755400327007,-1.54e-06,2.4555240201100847,5.784478992892323,13.194525189164063,1.0052136313683062,7.975607313277569,0.12067054082980143,-28.611474517862277,-1.1573229341274334,-5.717871015538311,0.6295741068180681,3.0942659104963672,0.2719344611720337,-0.011049705659005874,0.00015748,0.019904228381179417,0.00081957,1,0.0
6423,4.778788625354677e-05,0.002166799391328393,-1.54e-06,2.4555240201100847,5.784478992892323,0.20895393793949502,1.0052136313683062,0.8695539565929056,0.12067054082980143,-23.807105361189027,-1.1573229341274334,-4.098709382204439,0.6295741068180681,14.532314051479327,0.2719344611720337,-0.014227791710544207,0.00015748,0.016656454236138388,0.00081957,1,0.0
6424,0.0028260363350587347,0.003982683217725538,-1.54e-06,2.4555240201100847,5.784478992892323,19.660546227684645,1.0052136313683062,13.074130008365945,0.12067054082980143,-60.1419750190536,-1.1573229341274334,-93.02592236577303,0.6295741068180681,23.885682790089,0.2719344611720337,-0.03847332218006258,0.00015748,0.03850498135324765,0.00081957,1,0.0
6425,0.07136775762862638,0.0010600258153310998,-1.54e-06,2.4555240201100847,5.784478992892323,-57.58873654888512,1.0052136313683062,-3.386133222562972,0.12067054082980143,-10.814673425043415,-1.1573229341274334,35.13168672803377,0.6295741068180681,32.7866520810273,0.2719344611720337,-0.010106755993545906,0.00015748,0.010098381152078504,0.00081957,1,0.0
6426,0.0007497014143391725,0.004351978049063441,-1.54e-06,2.4555240201100847,5.784478992892323,7.238980581593205,1.0052136313683062,3.4772001531953567,0.12067054082980143,-17.56939934345535,-1.1573229341274334,12.412292654077653,0.6295741068180681,2.6597903803143166,0.2719344611720337,-0.0011663314717487924,0.00015748,0.009712974977973472,0.00081957,1,0.0
6427,0.352155605636745,0.1629338780796462,-1.54e-06,2.4555240201100847,5.784478992892323,10.769450666318821,1.0052136313683062,42.91864179209353,0.12067054082980143,-72.09887919523484,-1.1573229341274334,69.94409909974033,0.6295741068180681,11.98392854281068,0.2719344611720337,-0.04072502194122797,0.00015748,0.19206347904887638,0.00081957,1,0.0
6428,0.002521147989117886,0.034362372011792694,-1.54e-06,2.4555240201100847,5.784478992892323,47.054386673277726,1.0052136313683062,-3.741343300311959,0.12067054082980143,-38.644849423074525,-1.1573229341274334,82.4404451117002,0.6295741068180681,9.71124441695354,0.2719344611720337,-0.014124420248654932,0.00015748,0.06757304017968628,0.00081957,1,0.0
6429,0.00043921021072473865,0.04342805482168616,-1.54e-06,2.4555240201100847,5.784478992892323,-22.52618352173891,1.0052136313683062,29.71140482355693,0.12067054082980143,-92.57809725117613,-1.1573229341274334,96.45475331925077,0.6295741068180681,7.952000986796458,0.2719344611720337,-0.08144835412236281,0.00015748,0.08820130384738059,0.00081957,1,0.0
6430,0.0002769795597876157,0.017955144330364832,-1.54e-06,2.4555240201100847,5.784478992892323,26.638179381335885,1.0052136313683062,11.043586832943276,0.12067054082980143,-84.80785932772663,-1.1573229341274334,45.46726424529443,0.6295741068180681,25.43292345138681,0.2719344611720337,-0.009780299858495104,0.00015748,0.0436775691192757,0.00081957,1,0.0
6431,0.0002458419488139407,0.021729495566645718,-1.54e-06,2.4555240201100847,5.784478992892323,55.512544623413696,1.0052136313683062,12.323651365513715,0.12067054082980143,-54.09225760671576,-1.1573229341274334,22.444200684738664,0.6295741068180681,-1.699514026470265,0.2719344611720337,0.0034813945693291555,0.00015748,0.03977568744052232,0.00081957,0,0.0
6432,-5.422947809713419e-05,0.02990302946713784,-1.54e-06,2.4555240201100847,5.784478992892323,85.924860021866,1.0052136313683062,20.513434810726427,0.12067054082980143,-82.05043668562921,-1.1573229341274334,-22.5396542182663,0.6295741068180681,0.3732073350214239,0.2719344611720337,-0.009053956630034402,0.00015748,0.06427032117548948,0.00081957,1,0.0
6433,4.1376933290759865e-06,0.03311148283257861,-1.54e-06,2.4555240201100847,5.784478992892323,90.6915689741594,1.0052136313683062,20.368386301235144,0.12067054082980143,-89.64155721188642,-1.1573229341274334,2.1449401794917757,0.6295741068180681,1.5133894641765582,0.2719344611720337,-0.0032734444046274708,0.00015748,0.06735540686761221,0.00081957,1,0.0
6434,0.11801810480530331,0.002398064181623087,-1.54e-06,2.4555240201100847,5.784478992892323,-78.96141283402328,1.0052136313683062,-4.809126560816919,0.12067054082980143,-1.6358691767980738,-1.1573229341274334,16.355613875134807,0.6295741068180681,42.75154810268705,0.2719344611720337,-0.015025474703264036,0.00015748,0.014975278338884563,0.00081957,1,0.0
6435,0.04124151104866994,0.015462036724848891,-1.54e-06,2.4555240201100847,5.784478992892323,-27.108305291547726,1.0052136313683062,-9.291215545587434,0.12067054082980143,-23.784666240991083,-1.1573229341274334,-27.349649487541345,0.6295741068180681,45.835453130650485,0.2719344611720337,-0.05202325831083153,0.00015748,0.051960707951744636,0.00081957,1,0.0
6436,0.04367491212278217,0.006554963227507175,-1.54e-06,2.4555240201100847,5.784478992892323,-63.04336409047726,1.0052136313683062,-3.968339271076151,0.12067054082980143,-63.38768446925777,-1.1573229341274334,72.34641707297384,0.6295741068180681,61.73483092087984,0.2719344611720337,-0.030401323128288783,0.00015748,0.030858525424176858,0.00081957,1,0.0
6437,8.469667892666011e-05,0.022551871726717642,-1.54e-06,2.4555240201100847,5.784478992892323,89.606961716923,1.0052136313683062,14.739174769097456,0.12067054082980143,-31.973966384750145,-1.1573229341274334,-75.90565476974626,0.6295741068180681,-17.96404030695653,0.2719344611720337,-0.005316331245670332,0.00015748,0.047792517661998116,0.00081957,1,0.0
6438,0.02613248580534011,0.024226000103292275,-1.54e-06,2.4555240201100847,5.784478992892323,16.36740946181039,1.0052136313683062,24.01325316229377,0.12067054082980143,-30.080738500181162,-1.1573229341274334,-87.09752697081265,0.6295741068180681,-10.056417183222939,0.2719344611720337,-0.0640958839061525,0.00015748,0.0641175686516377,0.00081957,1,0.0
6439,0.05330552956871614,0.00021852744683138644,-1.54e-06,2.4555240201100847,5.784478992892323,-47.780209454059566,1.0052136313683062,4.793408105084617,0.12067054082980143,-51.87602000413729,-1.1573229341274334,23.271903701362145,0.6295741068180681,42.90904817258643,0.2719344611720337,-0.009869437923779941,0.00015748,0.009884012769967964,0.00081957,1,0.0
6440,0.13124591037135835,0.004355828285459087,-1.54e-06,2.4555240201100847,5.784478992892323,-70.31272955312694,1.0052136313683062,18.33663815498797,0.12067054082980143,-90.80492818347015,-1.1573229341274334,-63.45841602332018,0.6295741068180681,72.18163020149295,0.2719344611720337,-0.037246402128215464,0.00015748,0.03729270680343329,0.00081957,1,0.0
6441,0.04087734347223648,0.014890572394021383,-1.54e-06,2.4555240201100847,5.784478992892323,-52.934625972410906,1.0052136313683062,-10.10725295423389,0.12067054082980143,-42.4196284274891,-1.1573229341274334,47.438503924344346,0.6295741068180681,57.665310994793515,0.2719344611720337,-0.04790522888448258,0.00015748,0.048215478266524975,0.00081957,1,0.0
6442,0.013434307281552375,8.02128674810562e-05,-1.54e-06,2.4555240201100847,5.784478992892323,-18.43734283071157,1.0052136313683062,2.7888069814820406,0.12067054082980143,-27.356258395393418,-1.1573229341274334,19.853600056794566,0.6295741068180681,17.71192664739983,0.2719344611720337,-0.005650433701418586,0.00015748,0.005668684334445969,0.00081957,1,0.0
6443,0.01279239032489831,8.387540738593969e-05,-1.54e-06,2.4555240201100847,5.784478992892323,-43.07638980294531,1.0052136313683062,3.3494387665291683,0.12067054082980143,-54.44506044413004,-1.1573229341274334,85.46666967117034,0.6295741068180681,33.530685578577106,0.2719344611720337,-0.005579199468939736,0.00015748,0.0056020498864229,0.00081957,1,0.0
6444,0.07319916937219091,0.0006410382067717859,-1.54e-06,2.4555240201100847,5.784478992892323,-79.67111688087957,1.0052136313683062,9.089411812944437,0.12067054082980143,-96.66767277601467,-1.1573229341274334,65.11292317809057,0.6295741068180681,71.47718691934814,0.2719344611720337,-0.01787591967615078,0.00015748,0.017877700202295854,0.00081957,1,0.0
6445,0.13697572272963265,0.0009209103178869599,-1.54e-06,2.4555240201100847,5.784478992892323,-86.65395698799732,1.0052136313683062,2.4790172764104272,0.12067054082980143,-37.64891816490288,-1.1573229341274334,-9.390941726296957,0.6295741068180681,61.88710034704272,0.2719344611720337,-0.002032097284120215,0.00015748,0.0020496733834170964,0.00081957,1,0.0
6446,0.004018549845403091,0.0007301486730183268,-1.54e-06,2.4555240201100847,5.784478992892323,-35.48266052995165,1.0052136313683062,7.00981790813034,0.12067054082980143,-74.47479807501773,-1.1573229341274334,69.57372244653959,0.6295741068180681,39.3935015605894,0.2719344611720337,-0.01571578345538874,0.00015748,0.015765029011616246,0.00081957,1,0.0
6447,0.014456120807606582,0.003526218180580251,-1.54e-06,2.4555240201100847,5.784478992892323,-24.791650329481897,1.0052136313683062,11.89620596298178,0.12067054082980143,-99.21316011131135,-1.1573229341274334,2.1614611800393044,0.6295741068180681,53.766461738201166,0.2719344611720337,-0.036168111047280696,0.00015748,0.036132575692286104,0.00081957,1,0.0
6448,0.02477096055829675,0.0213125783515604,-1.54e-06,2.4555240201100847,5.784478992892323,6.468065437818454,1.0052136313683062,27.10907808994013,0.12067054082980143,-70.53914655089466,-1.1573229341274334,-74.22573265726808,0.6295741068180681,12.356007314986813,0.2719344611720337,-0.0632461386641876,0.00015748,0.06346356990747856,0.00081957,1,0.0
6449,0.0005928105826265434,0.006276692311166644,-1.54e-06,2.4555240201100847,5.784478992892323,-24.835032254403522,1.0052136313683062,5.7389439394992685,0.12067054082980143,-16.454330424562716,-1.1573229341274334,89.49517860906518,0.6295741068180681,-1.8768915082135365,0.2719344611720337,-0.03337905056248255,0.00015748,0.03496507057541081,0.00081957,1,0.0
6450,0.03177174880806845,0.0006882296561340483,-1.54e-06,2.4555240201100847,5.784478992892323,-65.79002784364961,1.0052136313683062,8.244987864386545,0.12067054082980143,-98.65420641898105,-1.1573229341274334,99.53223708570104,0.6295741068180681,61.33825706652358,0.2719344611720337,-0.016902710211215928,0.00015748,0.016893956508032187,0.00081957,1,0.0
6451,0.0019148052008619576,0.0011611331901780523,-1.54e-06,2.4555240201100847,5.784478992892323,12.64219878838615,1.0052136313683062,7.179569766424212,0.12067054082980143,-29.985227813299158,-1.1573229341274334,-55.89222792979854,0.6295741068180681,11.232655773720778,0.2719344611720337,-0.02072360510824533,0.00015748,0.020725424994777773,0.00081957,1,0.0
6452,0.00045092613408181936,0.014853036312132183,-1.54e-06,2.4555240201100847,5.784478992892323,4.589098312032877,1.0052136313683062,12.621334368536914,0.12067054082980143,-86.43548242368945,-1.1573229341274334,90.1922687693662,0.6295741068180681,24.8039114345923,0.2719344611720337,-0.005917039734111038,0.00015748,0.033903411216233484,0.00081957,1,0.0
6453,0.00031650257494389954,0.0017823883002158073,-1.54e-06,2.4555240201100847,5.784478992892323,1.7235270635854163,1.0052136313683062,1.0407760822685572,0.12067054082980143,-23.581850685786492,-1.1573229341274334,-16.006504957895434,0.6295741068180681,15.084876918850103,0.2719344611720337,-0.01710295224478472,0.00015748,0.018261524926161194,0.00081957,1,0.0
6454,0.0008417223388971912,0.000619129016139539,-1.54e-06,2.4555240201100847,5.784478992892323,-28.18859277584046,1.0052136313683062,-4.758079714466776,0.12067054082980143,-0.660544245072799,-1.1573229341274334,84.66147275782207,0.6295741068180681,6.092359831762007,0.2719344611720337,-0.014377252212355461,0.00015748,0.01440223478133063,0.00081957,1,0.0
6455,3.2394578135842844e-05,0.024742984492737673,-1.54e-06,2.4555240201100847,5.784478992892323,0.31283631176119586,1.0052136313683062,-3.8103148481546145,0.12067054082980143,-67.25210582540873,-1.1573229341274334,-10.919342933477006,0.6295741068180681,51.064310796307616,0.2719344611720337,-0.060659894095114755,0.00015748,0.06959491560191998,0.00081957,1,0.0
6456,0.10202112626377313,0.0014624382233807377,-1.54e-06,2.4555240201100847,5.784478992892323,-58.36393291237339,1.0052136313683062,11.62413133061543,0.12067054082980143,-78.44639157249135,-1.1573229341274334,-47.534847187902535,0.6295741068180681,66.21929609800972,0.2719344611720337,-0.026864910021655114,0.00015748,0.026881299817144967,0.00081957,1,0.0
6457,0.06793890434494562,0.0003433376800428897,-1.54e-06,2.4555240201100847,5.784478992892323,-55.17887173173298,1.0052136313683062,1.0847831322177912,0.12067054082980143,-26.168166909221974,-1.1573229341274334,31.007291213494778,0.6295741068180681,35.029900037843525,0.2719344611720337,-0.004950927380209397,0.00015748,0.004998810440238336,0.00081957,1,0.0
6458,0.10002779872889103,0.0006973006815939149,-1.54e-06,2.4555240201100847,5.784478992892323,-91.15446250137852,1.0052136313683062,1.0953581644018964,0.12067054082980143,-49.45479193470615,-1.1573229341274334,69.75595818226438,0.6295741068180681,59.41281481528335,0.2719344611720337,-0.005393150702169711,0.00015748,0.0053861454668082676,0.00081957,1,0.0
6459,0.06676934614517853,0.00734478875442482,-1.54e-06,2.4555240201100847,5.784478992892323,-52.11926376227322,1.0052136313683062,-5.8729257967432345,0.12067054082980143,-33.22235316938334,-1.1573229341274334,7.092050824817473,0.6295741068180681,52.49178578651346,0.2719344611720337,-0.03270357702850496,0.00015748,0.033134386382827494,0.00081957,1,0.0
6460,0.0003068873002412542,0.03296363565607627,-1.54e-06,2.4555240201100847,5.784478992892323,84.7579339789977,1.0052136313683062,15.487186536678706,0.12067054082980143,-65.7393454274877,-1.1573229341274334,48.768667007441934,0.6295741068180681,-9.889450430146498,0.2719344611720337,0.014810912029972877,0.00015748,0.052730459981997116,0.00081957,0,0.0
6461,0.10062964166405705,0.0007374925693313057,-1.54e-06,2.4555240201100847,5.784478992892323,-51.96082040685201,1.0052136313683062,8.163355393109427,0.12067054082980143,-52.93339331612734,-1.1573229341274334,-53.71110713870672,0.6295741068180681,53.95460336489466,0.2719344611720337,-0.018448975215820836,0.00015748,0.018465362847906095,0.00081957,1,0.0
6462,0.01694693160707384,2.7227030171785147e-05,-1.54e-06,2.4555240201100847,5.784478992892323,-37.16282662995773,1.0052136313683062,1.2428274170878497,0.12067054082980143,-35.599557992023236,-1.1573229341274334,67.0963332015133,0.6295741068180681,25.646401762897018,0.2719344611720337,-0.002045798467521545,0.00015748,0.0020586774108925627,0.00081957,1,0.0
6463,0.00039756012105246485,0.01698618382795098,-1.54e-06,2.4555240201100847,5.784478992892323,59.920134709764525,1.0052136313683062,9.532015411447945,0.12067054082980143,-46.23683844585749,-1.1573229341274334,-63.896135757996035,0.6295741068180681,6.223266147398911,0.2719344611720337,-0.01873803123039351,0.00015748,0.0483998867155116,0.00081957,1,0.0
6464,0.005654368005010041,0.002557723538983879,-1.54e-06,2.4555240201100847,5.784478992892323,-34.225175939430265,1.0052136313683062,-2.9835791070698567,0.12067054082980143,-41.670845595481296,-1.1573229341274334,68.37906745916867,0.6295741068180681,34.015775556863645,0.2719344611720337,-0.019070498294410695,0.00015748,0.019166576648155305,0.00081957,1,0.0
6465,0.0004047185562340294,0.010012959749600103,-1.54e-06,2.4555240201100847,5.784478992892323,34.174249650978716,1.0052136313683062,6.809848878447823,0.12067054082980143,-49.06713731093888,-1.1573229341274334,-94.07547196501626,0.6295741068180681,22.65389615109869,0.2719344611720337,-0.039294880264948574,0.00015748,0.04809718227891859,0.00081957,1,0.0
6466,0.001580821047329102,0.0076337719944903695,-1.54e-06,2.4555240201100847,5.784478992892323,-19.380509451216213,1.0052136313683062,2.20058030448773,0.12067054082980143,-72.9349473047976,-1.1573229341274334,48.51403831322967,0.6295741068180681,43.87655903564983,0.2719344611720337,-0.027408538745938852,0.00015748,0.034293129006689106,0.00081957,1,0.0
6467,0.001665597645401723,0.033318327596837685,-1.54e-06,2.4555240201100847,5.784478992892323,-2.014193373848247,1.0052136313683062,-15.14008899544796,0.12067054082980143,-19.09198311693358,-1.1573229341274334,39.07991066613663,0.6295741068180681,33.003991181453905,0.2719344611720337,-0.05974001418426556,0.00015748,0.07441062866168124,0.00081957,1,0.0
6468,-8.689148074753072e-06,0.0017423046500750254,-1.54e-06,2.4555240201100847,5.784478992892323,-41.74967933091366,1.0052136313683062,10.227880527487198,0.12067054082980143,-84.13223783265829,-1.1573229341274334,97.60095355372108,0.6295741068180681,38.53536268440557,0.2719344611720337,-0.021008747518047273,0.00015748,0.021039622686500885,0.00081957,1,0.0
6469,0.0002643980648879968,0.029040032381518442,-1.54e-06,2.4555240201100847,5.784478992892323,70.6504029027346,1.0052136313683062,3.3016863239358014,0.12067054082980143,-40.00869241752928,-1.1573229341274334,15.07583715088672,0.6295741068180681,0.37412180316817745,0.2719344611720337,-0.00627392516176338,0.00015748,0.058977311873322724,0.00081957,1,0.0
6470,0.14861531335216338,0.023630834528533793,-1.54e-06,2.4555240201100847,5.784478992892323,-99.85146974768335,1.0052136313683062,-15.21977980513542,0.12067054082980143,-21.409815159972784,-1.1573229341274334,-8.15864740313979,0.6295741068180681,84.45322546930832,0.2719344611720337,-0.05691928385151484,0.00015748,0.05704098671300487,0.00081957,1,0.0
6471,0.054764131801122995,0.011372356455283002,-1.54e-06,2.4555240201100847,5.784478992892323,-42.40571920913595,1.0052136313683062,2.7112970877316367,0.12067054082980143,-89.54596581502148,-1.1573229341274334,-29.866181896387797,0.6295741068180681,75.5266980440112,0.2719344611720337,-0.052196179770126735,0.00015748,0.05218695282970691,0.00081957,1,0.0
6472,1.5910068828506319e-06,0.004069765863906781,-1.54e-06,2.4555240201100847,5.784478992892323,22.939010109994253,1.0052136313683062,6.867491177873361,0.12067054082980143,-15.173995419226733,-1.1573229341274334,-41.88395220474299,0.6295741068180681,-2.469354316423695,0.2719344611720337,-0.011047534738809772,0.00015748,0.01757952425708544,0.00081957,1,0.0
6473,8.195199087523974e-05,0.017661861221276685,-1.54e-06,2.4555240201100847,5.784478992892323,33.305931241504595,1.0052136313683062,21.165985359362967,0.12067054082980143,-46.59253941263229,-1.1573229341274334,-56.543864980573005,0.6295741068180681,-5.964024902520943,0.2719344611720337,-0.04276262486667066,0.00015748,0.052672710528839865,0.00081957,1,0.0
6474,0.0005915832843360336,0.022588240665445056,-1.54e-06,2.4555240201100847,5.784478992892323,15.349135749016448,1.0052136313683062,15.260909210986654,0.12067054082980143,-51.77721622138719,-1.1573229341274334,88.63668029711552,0.6295741068180681,-4.662319206938788,0.2719344611720337,-0.0238159929692328,0.00015748,0.05266147553947044,0.00081957,1,0.0
6475,0.06551192525666688,0.001348253337445907,-1.54e-06,2.4555240201100847,5.784478992892323,-14.660447331735138,1.0052136313683062,9.426595837540274,0.12067054082980143,-41.161159012630016,-1.1573229341274334,-97.45715715676928,0.6295741068180681,34.8652400505693,0.2719344611720337,-0.025292045097423617,0.00015748,0.025278601954128142,0.00081957,1,0.0
6476,0.0003524558113889159,0.005412660724056526,-1.54e-06,2.4555240201100847,5.784478992892323,37.57972865552888,1.0052136313683062,6.257996315235034,0.12067054082980143,-0.24386457895738473,-1.1573229341274334,-66.67881653024489,0.6295741068180681,-12.269471078811067,0.2719344611720337,-0.008025401834338695,0.00015748,0.017488073870680923,0.00081957,1,0.0
6477,0.00028223661152849966,0.01803253965280304,-1.54e-06,2.4555240201100847,5.784478992892323,49.776001872544455,1.0052136313683062,9.714087574771133,0.12067054082980143,-56.14797824613699,-1.1573229341274334,-13.238835628340203,0.6295741068180681,9.36070449526751,0.2719344611720337,-0.010063262114213635,0.00015748,0.04410008857747478,0.00081957,1,0.0
6478,0.0009349248958471779,0.008460111762099888,-1.54e-06,2.4555240201100847,5.784478992892323,29.410762702866347,1.0052136313683062,12.072947931189077,0.12067054082980143,-65.05030920123035,-1.1573229341274334,-81.42319499069019,0.6295741068180681,24.552969612853644,0.2719344611720337,-0.03602132563300502,0.00015748,0.04480163841505632,0.00081957,1,0.0
6479,0.0016870694112411516,0.015680411648746288,-1.54e-06,2.4555240201100847,5.784478992892323,-3.5616769892446865,1.0052136313683062,1.2813752986993012,0.12067054082980143,-69.28042790259569,-1.1573229341274334,91.68408669075887,0.6295741068180681,33.9197180177625,0.2719344611720337,-0.013727234166935283,0.00015748,0.03875720395357115,0.00081957,1,0.0
6480,0.00018197253557583615,0.020651335148111467,-1.54e-06,2.4555240201100847,5.784478992892323,47.39754325335913,1.0052136313683062,10.143572711865787,0.12067054082980143,-54.8410602847878,-1.1573229341274334,38.75775362552531,0.6295741068180681,2.583856500970768,0.2719344611720337,0.005729553906242699,0.00015748,0.03625060943860043,0.00081957,0,0.0
6481,0.00021492485501688197,0.01098927757888078,-1.54e-06,2.4555240201100847,5.784478992892323,18.57695836580469,1.0052136313683062,6.837657102314358,0.12067054082980143,-39.56770650146183,-1.1573229341274334,35.310197335105606,0.6295741068180681,5.961314572001162,0.2719344611720337,0.0010642704162946645,0.00015748,0.020807054284741153,0.00081957,0,0.0
6482,0.03895709901754303,0.008268083457634206,-1.54e-06,2.4555240201100847,5.784478992892323,-50.871748260733575,1.0052136313683062,7.1013708872884065,0.12067054082980143,-21.680658791619244,-1.1573229341274334,90.67408573938992,0.6295741068180681,10.962176439830325,0.2719344611720337,-0.04196743889671174,0.00015748,0.04216749783109246,0.00081957,1,0.0
6483,0.0003719951070785543,0.01349871023465109,-1.54e-06,2.4555240201100847,5.784478992892323,8.970072129673774,1.0052136313683062,13.445080146591804,0.12067054082980143,-82.93294987934425,-1.1573229341274334,59.468269938559814,0.6295741068180681,23.49222649004379,0.2719344611720337,-0.011275284485962187,0.00015748,0.035446222222985074,0.00081957,1,0.0
6484,0.007944937856411587,2.1325305118131502e-05,-1.54e-06,2.4555240201100847,5.784478992892323,-14.58954141875878,1.0052136313683062,1.5999535572035182,0.12067054082980143,-18.411516355119062,-1.1573229341274334,22.42029286958662,0.6295741068180681,11.783795037463172,0.2719344611720337,-0.0029252407228252016,0.00015748,0.0029270935262488895,0.00081957,1,0.0
6485,0.10665854647223245,0.002642762138073462,-1.54e-06,2.4555240201100847,5.784478992892323,-46.50045529876717,1.0052136313683062,14.301427052835885,0.12067054082980143,-82.21721189872262,-1.1573229341274334,-95.08516482010366,0.6295741068180681,67.1856669713461,0.2719344611720337,-0.03590286890520412,0.00015748,0.0359165240644976,0.00081957,1,0.0
6486,9.825244434814862e-05,0.012235922661104771,-1.54e-06,2.4555240201100847,5.784478992892323,7.362614901999515,1.0052136313683062,-1.3156295196381649,0.12067054082980143,-11.738311068475882,-1.1573229341274334,90.27766442518484,0.6295741068180681,-2.3568616477489255,0.2719344611720337,0.001463787702078426,0.00015748,0.022479561110012265,0.00081957,0,0.0
6487,0.0637275761448085,0.0031143566286958974,-1.54e-06,2.4555240201100847,5.784478992892323,-20.865950794346116,1.0052136313683062,13.633501470937734,0.12067054082980143,-75.94369725924645,-1.1573229341274334,-90.94858625126395,0.6295741068180681,51.48533265945757,0.2719344611720337,-0.03754504382724783,0.00015748,0.03754288434176171,0.00081957,1,0.0
6488,0.13012948169395328,0.008634652146487596,-1.54e-06,2.4555240201100847,5.784478992892323,-98.12912163451827,1.0052136313683062,-8.134263543709482,0.12067054082980143,-34.331287101672324,-1.1573229341274334,28.095114217675285,0.6295741068180681,74.66454571958738,0.2719344611720337,-0.030542707174633026,0.00015748,0.030863177184839233,0.00081957,1,0.0
6489,0.0376030875466805,0.00043638584959359097,-1.54e-06,2.4555240201100847,5.784478992892323,-51.44890620897347,1.0052136313683062,6.759499571038509,0.12067054082980143,-73.0520426170525,-1.1573229341274334,55.56745156784426,0.6295741068180681,48.916201041888044,0.2719344611720337,-0.014094157153322186,0.00015748,0.014111998946856946,0.00081957,1,0.0
6490,0.05759373039382591,0.011590483279125388,-1.54e-06,2.4555240201100847,5.784478992892323,-57.30348033801886,1.0052136313683062,-3.039335718320893,0.12067054082980143,-72.3854675720834,-1.1573229341274334,20.126858922414673,0.6295741068180681,72.22496809155994,0.2719344611720337,-0.04502499402387674,0.00015748,0.045595644349473365,0.00081957,1,0.0
6491,0.0004337788150978461,0.010420386336022857,-1.54e-06,2.4555240201100847,5.784478992892323,14.85069900018629,1.0052136313683062,17.501477998394638,0.12067054082980143,-95.05264380938256,-1.1573229341274334,-28.51984375725791,0.6295741068180681,33.25701607213588,0.2719344611720337,-0.03527304275839962,0.00015748,0.04689080070950261,0.00081957,1,0.0
6492,-1.86674043306731e-05,0.0018849638962879867,-1.54e-06,2.4555240201100847,5.784478992892323,-24.443733911636137,1.0052136313683062,2.9109610937903763,0.12067054082980143,-40.91434714466872,-1.1573229341274334,76.56370660015112,0.6295741068180681,19.859754512119796,0.2719344611720337,-0.0030722562344261935,0.00015748,0.006648634186062852,0.00081957,1,0.0
6493,0.0038070371669819414,0.00022242954800014576,-1.54e-06,2.4555240201100847,5.784478992892323,-43.2585853321031,1.0052136313683062,2.878191882641152,0.12067054082980143,-61.99406108425461,-1.1573229341274334,97.71954845383489,0.6295741068180681,36.738215125632834,0.2719344611720337,-0.006201037646698656,0.00015748,0.006184167632948493,0.00081957,1,0.0
6494,0.059315812333853524,0.020571973295371006,-1.54e-06,2.4555240201100847,5.784478992892323,-60.83345002294905,1.0052136313683062,-10.741042976465321,0.12067054082980143,-50.3270278224997,-1.1573229341274334,31.66759572871198,0.6295741068180681,70.02865681994456,0.2719344611720337,-0.05666633223263813,0.00015748,0.057380797149896995,0.00081957,1,0.0
6495,0.000501789230300892,0.0322182326472048,-1.54e-06,2.4555240201100847,5.784478992892323,84.8173406572227,1.0052136313683062,18.86500560515832,0.12067054082980143,-96.69768222548895,-1.1573229341274334,2.807058554855908,0.6295741068180681,10.062757175300975,0.2719344611720337,-0.0074160412110896926,0.00015748,0.06956598400092986,0.00081957,1,0.0
6496,0.11290838147075936,0.0011031513151204281,-1.54e-06,2.4555240201100847,5.784478992892323,-49.809109483902574,1.0052136313683062,9.543154475451836,0.12067054082980143,-54.45215792361471,-1.1573229341274334,-84.68715288805541,0.6295741068180681,57.203132239122326,0.2719344611720337,-0.023009407147953534,0.00015748,0.02301822016632963,0.00081957,1,0.0
6497,0.1302320170302626,0.002940870851812322,-1.54e-06,2.4555240201100847,5.784478992892323,-61.42817804262052,1.0052136313683062,13.370630159256732,0.12067054082980143,-89.7887910574773,-1.1573229341274334,-100.0,0.6295741068180681,81.09517257537273,0.2719344611720337,-0.03768226401012831,0.00015748,0.03768865221290446,0.00081957,1,0.0
6498,0.0869141037491786,0.026824014541562385,-1.54e-06,2.4555240201100847,5.784478992892323,-69.62905342462795,1.0052136313683062,18.85582405224363,0.12067054082980143,-45.0931423052883,-1.1573229341274334,60.84406082986383,0.6295741068180681,21.79526379945972,0.2719344611720337,-0.07149870740361826,0.00015748,0.07177792448345853,0.00081957,1,0.0
6499,0.0022799951821003694,0.0022218121113751045,-1.54e-06,2.4555240201100847,5.784478992892323,2.1657516608273544,1.0052136313683062,10.207843325530883,0.12067054082980143,-59.16733827540053,-1.1573229341274334,-37.418783339648286,0.6295741068180681,26.14614187799866,0.2719344611720337,-0.028500314072057668,0.00015748,0.028489813014773015,0.00081957,1,0.0
6500,0.9216387886268087,3.400312876492789,-1.54e-06,1.7555182361220556,2.3361041145351167,28.75132512903523,1.0052136313683062,19.6119086316713,0.12067054082980143,-25.914821810177585,-1.1573229341274334,-45.971196824725624,0.6295741068180681,5.666444434478173,0.2719344611720337,-0.9473259943779324,0.00015748,1.3643122208540162,0.00081957,1,0.0
6501,0.6762498693988408,0.3672220454995598,-1.54e-06,1.7555182361220556,2.3361041145351167,79.63071411060783,1.0052136313683062,18.434771992983233,0.12067054082980143,-22.435150366296657,-1.1573229341274334,-48.65438873575554,0.6295741068180681,-22.399181172388523,0.2719344611720337,0.288474414138695,0.00015748,1.8264717154365233,0.00081957,0,0.0
6502,2.221048704061629,2.01796555167292,-1.54e-06,1.7555182361220556,2.3361041145351167,-34.56489069784077,1.0052136313683062,9.983046185376876,0.12067054082980143,-47.865562690777566,-1.1573229341274334,-27.67694694719753,0.6295741068180681,78.18614674397124,0.2719344611720337,-0.6918297527598399,0.00015748,0.7197295026191214,0.00081957,1,0.0
6503,0.44770733562433596,0.07888955994019439,-1.54e-06,1.7555182361220556,2.3361041145351167,-36.12842707003684,1.0052136313683062,8.857622436816227,0.12067054082980143,-99.53554427869399,-1.1573229341274334,68.56128647511476,0.6295741068180681,70.15188976932826,0.2719344611720337,0.3937827755689628,0.00015748,0.6822609395070399,0.00081957,0,0.0
6504,0.0006571490840266425,0.11386544092796938,-1.54e-06,1.7555182361220556,2.3361041145351167,-35.11527639011148,1.0052136313683062,-1.1164545688743017,0.12067054082980143,-40.86668444792555,-1.1573229341274334,45.2671230926904,0.6295741068180681,37.67494292820322,0.2719344611720337,-0.1886351335185916,0.00015748,0.19940028916908234,0.00081957,1,0.0
6505,1.450448104550356,0.9259961496706945,-1.54e-06,1.7555182361220556,2.3361041145351167,83.1204977115484,1.0052136313683062,33.445487447901314,0.12067054082980143,-89.3515239956467,-1.1573229341274334,-40.53193908379048,0.6295741068180681,16.58440255720143,0.2719344611720337,0.2854830679368947,0.00015748,2.790584257544092,0.00081957,0,0.0
6506,-0.37862313935201874,1.4549269037662176,-1.54e-06,1.7555182361220556,2.3361041145351167,43.258954184225395,1.0052136313683062,7.66697823396939,0.12067054082980143,-49.615229410937324,-1.1573229341274334,66.4988866614343,0.6295741068180681,-18.87948668329246,0.2719344611720337,0.8330361503532147,0.00015748,3.4633895347832566,0.00081957,0,0.0
6507,0.11758151873337042,4.330298800337481,-1.54e-06,1.7555182361220556,2.3361041145351167,43.71329171536733,1.0052136313683062,17.933916352288044,0.12067054082980143,-5.732757570672454,-1.1573229341274334,-31.95267244428273,0.6295741068180681,-30.75175292134287,0.2719344611720337,-0.7654141341478617,0.00015748,1.6986708679831353,0.00081957,1,0.0
6508,3.6010210773108566,4.532977462489773,-1.54e-06,1.7555182361220556,2.3361041145351167,-72.72590677347618,1.0052136313683062,7.293184391705007,0.12067054082980143,-9.54040593881929,-1.1573229341274334,-70.75382687004695,0.6295741068180681,99.13644334998101,0.2719344611720337,-1.034809658430405,0.00015748,0.20275905756907575,0.00081957,1,0.0
6509,-0.1759223290774054,2.385959747162987,-1.54e-06,1.7555182361220556,2.3361041145351167,2.3831834404013534,1.0052136313683062,-3.259236019158797,0.12067054082980143,-20.905666018605118,-1.1573229341274334,60.168590069784884,0.6295741068180681,-2.3657147713410565,0.2719344611720337,-0.02560651002853631,0.00015748,2.7447294854058804,0.00081957,1,0.0
6510,-0.16077831091601105,1.3423697728011748,-1.54e-06,1.7555182361220556,2.3361041145351167,24.998584177449978,1.0052136313683062,-1.1147240175910353,0.12067054082980143,-22.677895958285287,-1.1573229341274334,60.31598261184198,0.6295741068180681,-15.14777749732795,0.2719344611720337,0.30752265196487416,0.00015748,3.5152065822507055,0.00081957,0,0.0
6511,1.2901418901970927,0.8630134745353824,-1.54e-06,1.7555182361220556,2.3361041145351167,-68.50732454127116,1.0052136313683062,-2.8446341180602612,0.12067054082980143,-38.05561865607756,-1.1573229341274334,30.501700839313735,0.6295741068180681,74.0873135565997,0.2719344611720337,-0.3665693347538236,0.00015748,0.3574752516758867,0.00081957,1,0.0
6512,2.1872709812788527,1.682443078183456,-1.54e-06,1.7555182361220556,2.3361041145351167,-2.972209219291349,1.0052136313683062,18.480003793498685,0.12067054082980143,-69.2358843333289,-1.1573229341274334,-20.506661925096267,0.6295741068180681,65.14624309030191,0.2719344611720337,0.26556050663210595,0.00015748,1.3725574161138994,0.00081957,0,0.0
6513,0.1420111585272288,1.1563164607346164,-1.54e-06,1.7555182361220556,2.3361041145351167,74.31218250052362,1.0052136313683062,19.22929586628896,0.12067054082980143,-4.210886646037093,-1.1573229341274334,-33.30852978868893,0.6295741068180681,-48.378971168098595,0.2719344611720337,0.33690083289305406,0.00015748,2.0322692707566268,0.00081957,0,0.0
6514,-0.0015372059358881307,0.5303253779858192,-1.54e-06,1.7555182361220556,2.3361041145351167,39.133256008036064,1.0052136313683062,4.604752637360487,0.12067054082980143,-10.657880219372949,-1.1573229341274334,18.39247052844674,0.6295741068180681,-23.934555973256675,0.2719344611720337,0.5926168440695667,0.00015748,2.206644852440581,0.00081957,0,0.0
6515,2.0515084456494135,1.9781983259460514,-1.54e-06,1.7555182361220556,2.3361041145351167,55.18123853985497,1.0052136313683062,19.488680894375292,0.12067054082980143,-6.416644748590781,-1.1573229341274334,-83.29642698085759,0.6295741068180681,2.238035624830237,0.2719344611720337,0.2835720313691389,0.00015748,1.656313545000069,0.00081957,0,0.0
6516,-2.0837312654234608,12.007628514893423,-1.54e-06,1.7555182361220556,2.3361041145351167,-15.95784138175493,1.0052136313683062,2.621620060014324,0.12067054082980143,-37.79628503320388,-1.1573229341274334,91.90719307156267,0.6295741068180681,-20.478635891747043,0.2719344611720337,-1.6024206889540031,0.00015748,1.7340506917297138,0.00081957,1,0.0
6517,0.007138581395898347,0.6202654873482731,-1.54e-06,1.7555182361220556,2.3361041145351167,13.058854346645571,1.0052136313683062,0.7458744824514598,0.12067054082980143,-20.789693081631636,-1.1573229341274334,41.01473886715378,0.6295741068180681,-4.702222459600256,0.2719344611720337,0.2509133507486976,0.00015748,2.31199555680028,0.00081957,0,0.0
6518,0.002774286801466408,0.002608033418474952,-1.54e-06,1.7555182361220556,2.3361041145351167,-7.134211392908251,1.0052136313683062,8.467796859364807,0.12067054082980143,-71.1112651111156,-1.1573229341274334,48.228946575292184,0.6295741068180681,34.41503828899909,0.2719344611720337,0.400622016501861,0.00015748,0.675791398197926,0.00081957,0,0.0
6519,3.0658621280530958,3.779679011003957,-1.54e-06,1.7555182361220556,2.3361041145351167,23.12047903027294,1.0052136313683062,17.657265625204086,0.12067054082980143,-6.35124476260544,-1.1573229341274334,-92.68679455656472,0.6295741068180681,35.495015799110135,0.2719344611720337,0.26512641750491306,0.00015748,1.4536311910084982,0.00081957,0,0.0
6520,2.485086413094388,2.16045411317344,-1.54e-06,1.7555182361220556,2.3361041145351167,32.00333065317546,1.0052136313683062,28.055002507419267,0.12067054082980143,-89.30062494139545,-1.1573229341274334,-38.6961067323936,0.6295741068180681,60.73865058495841,0.2719344611720337,0.2813233263718251,0.00015748,2.2709692119448954,0.00081957,0,0.0
6521,0.6684961561152655,0.13413194941491396,-1.54e-06,1.7555182361220556,2.3361041145351167,-36.41834679294419,1.0052136313683062,4.2170508833670945,0.12067054082980143,-54.20453478846255,-1.1573229341274334,27.698662151100848,0.6295741068180681,55.66412366896483,0.2719344611720337,-0.18425414904473247,0.00015748,0.18778693733510843,0.00081957,1,0.0
6522,0.11190488512243113,0.41643230628611605,-1.54e-06,1.7555182361220556,2.3361041145351167,-41.16092401433051,1.0052136313683062,-4.406311379897066,0.12067054082980143,-25.445716053400112,-1.1573229341274334,41.71595477283162,0.6295741068180681,34.84602995293881,0.2719344611720337,-0.4303510087079184,0.00015748,0.42579063684323437,0.00081957,1,0.0
6523,0.7603503890615908,0.31623940395822536,-1.54e-06,1.7555182361220556,2.3361041145351167,45.20950921893802,1.0052136313683062,15.747910653523745,0.12067054082980143,-39.633933986030044,-1.1573229341274334,-22.439897900193483,0.6295741068180681,4.797980899821836,0.2719344611720337,0.30837642606651205,0.00015748,1.4170516265016155,0.00081957,0,0.0
6524,-6.87141654092116e-05,0.12343733565495484,-1.54e-06,1.7555182361220556,2.3361041145351167,40.11600066118704,1.0052136313683062,14.092444785572203,0.12067054082980143,-62.593268665979245,-1.1573229341274334,27.955010024187114,0.6295741068180681,2.630938447227138,0.2719344611720337,1.1912175919574226,0.00015748,1.2639292173790424,0.00081957,0,0.0
6525,1.5441781455491597,1.9060180784966336,-1.54e-06,1.7555182361220556,2.3361041145351167,38.92293516278166,1.0052136313683062,16.678795923806998,0.12067054082980143,-1.6074586662168655,-1.1573229341274334,-67.63434641765478,0.6295741068180681,-1.0452072334776745,0.2719344611720337,-0.0431740562120877,0.00015748,1.271586971186079,0.00081957,1,0.0
6526,0.722705494006876,0.11531466978010105,-1.54e-06,1.7555182361220556,2.3361041145351167,-53.85131954638771,1.0052136313683062,2.9211807477668574,0.12067054082980143,-67.07398176386832,-1.1573229341274334,45.68597103052807,0.6295741068180681,71.32523675191243,0.2719344611720337,-0.08580865095218086,0.00015748,0.08934266049161492,0.00081957,1,0.0
6527,1.3586137996621979,15.383970673292154,-1.54e-06,1.7555182361220556,2.3361041145351167,39.92551274015811,1.0052136313683062,32.44447507891885,0.12067054082980143,-12.25475174215979,-1.1573229341274334,-89.33818365237465,0.6295741068180681,-10.299875819520892,0.2719344611720337,-2.3800154096126205,0.00015748,2.4561161729889482,0.00081957,1,0.0
6528,-0.3239944314100436,1.382649740826253,-1.54e-06,1.7555182361220556,2.3361041145351167,46.193125690118436,1.0052136313683062,11.683232238807589,0.12067054082980143,-37.41484452755344,-1.1573229341274334,42.58183343582079,0.6295741068180681,-27.53776735368986,0.2719344611720337,0.6509583333986038,0.00015748,2.9493765918860255,0.00081957,0,0.0
6529,0.7580653911224899,0.36886934529301757,-1.54e-06,1.7555182361220556,2.3361041145351167,64.86661509056948,1.0052136313683062,18.56205492205117,0.12067054082980143,-33.091217651309265,-1.1573229341274334,-37.90136242921028,0.6295741068180681,-9.150882182907171,0.2719344611720337,0.2944825401638853,0.00015748,1.679369604542287,0.00081957,0,0.0
6530,8.720456663180443e-05,0.09740693113408025,-1.54e-06,1.7555182361220556,2.3361041145351167,46.97619492505269,1.0052136313683062,15.117772406641064,0.12067054082980143,-64.48799165186013,-1.1573229341274334,23.070791424709004,0.6295741068180681,1.1396483821783963,0.2719344611720337,1.0682355271336363,0.00015748,1.3932929687337436,0.00081957,0,0.0
6531,-0.0014521667980395003,0.1992812420693822,-1.54e-06,1.7555182361220556,2.3361041145351167,8.961013922921573,1.0052136313683062,3.825652280322728,0.12067054082980143,-33.79585704642073,-1.1573229341274334,37.553781657703084,0.6295741068180681,5.098499397003148,0.2719344611720337,0.370170895839402,0.00015748,1.5723835381590483,0.00081957,0,0.0
6532,0.03194620849924368,4.425149664631481,-1.54e-06,1.7555182361220556,2.3361041145351167,80.03603904808405,1.0052136313683062,24.65643104546089,0.12067054082980143,-9.159347762781637,-1.1573229341274334,-32.20986025944121,0.6295741068180681,-56.79891867783243,0.2719344611720337,-0.1459519752937224,0.00015748,2.7614490733850765,0.00081957,1,0.0
6533,0.4143667811383751,6.773068302441109,-1.54e-06,1.7555182361220556,2.3361041145351167,57.35255423384176,1.0052136313683062,-7.954314926381428,0.12067054082980143,-37.04917924501216,-1.1573229341274334,77.7901400632047,0.6295741068180681,-8.385343234347609,0.2719344611720337,0.2653685495508915,0.00015748,6.40474164668256,0.00081957,0,0.0
6534,-0.6411800389185025,1.9299066690056992,-1.54e-06,1.7555182361220556,2.3361041145351167,85.16729473568633,1.0052136313683062,12.378818764596254,0.12067054082980143,-49.10774079162299,-1.1573229341274334,52.65038152209823,0.6295741068180681,-44.94717349738151,0.2719344611720337,1.438977132492877,0.00015748,3.644319987160331,0.00081957,0,0.0
6535,-0.034809895435180316,0.752551842977843,-1.54e-06,1.7555182361220556,2.3361041145351167,70.95638575039115,1.0052136313683062,17.29211818244873,0.12067054082980143,-69.10785536998986,-1.1573229341274334,38.73211021162912,0.6295741068180681,-16.203116704415205,0.2719344611720337,1.6839430147757641,0.00015748,2.719644513125293,0.00081957,0,0.0
6536,1.2971426808968112,0.8499440000207956,-1.54e-06,1.7555182361220556,2.3361041145351167,26.946467174538412,1.0052136313683062,10.64598768119679,0.12067054082980143,-5.469784053456896,-1.1573229341274334,-44.7073464880172,0.6295741068180681,6.159871511045699,0.2719344611720337,0.3190455895510324,0.00015748,0.917769281713233,0.00081957,0,0.0
6537,1.293032096911825,0.8422332387765964,-1.54e-06,1.7555182361220556,2.3361041145351167,82.40506993449566,1.0052136313683062,27.41301204481058,0.12067054082980143,-55.34549948345077,-1.1573229341274334,-52.663200329615194,0.6295741068180681,-0.5990805478132741,0.2719344611720337,0.28001866078570203,0.00015748,2.379622054148572,0.00081957,0,0.0
6538,-1.167264796863114,3.5480775278024552,-1.54e-06,1.7555182361220556,2.3361041145351167,84.67349980452255,1.0052136313683062,23.423925070772544,0.12067054082980143,-84.52185872775375,-1.1573229341274334,82.72124039996885,0.6295741068180681,-47.78512628337201,0.2719344611720337,1.1230013056086146,0.00015748,4.359694927272402,0.00081957,0,0.0
6539,0.061419172649189946,0.07499213155415817,-1.54e-06,1.7555182361220556,2.3361041145351167,76.16068193940117,1.0052136313683062,13.220489076368237,0.12067054082980143,-7.145063856152636,-1.1573229341274334,-36.90864741110085,0.6295741068180681,-37.158666378693205,0.2719344611720337,0.3044708426616157,0.00015748,1.4063601583662786,0.00081957,0,0.0
6540,-0.0004792129150914537,0.00867044766871916,-1.54e-06,1.7555182361220556,2.3361041145351167,-15.806062485142272,1.0052136313683062,7.355036189689699,0.12067054082980143,-75.57708799581782,-1.1573229341274334,58.85054538802577,0.6295741068180681,40.284535788850974,0.2719344611720337,0.3685412429650573,0.00015748,0.785028943658786,0.00081957,0,0.0
6541,-1.147261765591934,3.0204209645398716,-1.54e-06,1.7555182361220556,2.3361041145351167,41.21494773038424,1.0052136313683062,10.602994364662694,0.12067054082980143,-57.95627378252469,-1.1573229341274334,94.4130581681505,0.6295741068180681,-33.960743878474396,0.2719344611720337,0.32802057537320484,0.00015748,4.073491952372351,0.00081957,0,0.0
6542,2.3781045859468533,2.585296047557648,-1.54e-06,1.7555182361220556,2.3361041145351167,-5.36224556087002,1.0052136313683062,11.329992866777745,0.12067054082980143,-3.624149837981144,-1.1573229341274334,-75.3725561146082,0.6295741068180681,42.79879684299544,0.2719344611720337,-0.798582039805649,0.00015748,0.7986402406906622,0.00081957,1,0.0
6543,0.05757996850676195,0.5369182086762032,-1.54e-06,1.7555182361220556,2.3361041145351167,80.20886334255212,1.0052136313683062,17.74131498168117,0.12067054082980143,-0.2075002755194862,-1.1573229341274334,-44.4520780829137,0.6295741068180681,-49.2947567104379,0.2719344611720337,0.3013961353347828,0.00015748,1.5338036532586967,0.00081957,0,0.0
6544,0.0001250738534204765,0.29312723398911233,-1.54e-06,1.7555182361220556,2.3361041145351167,9.972993907846014,1.0052136313683062,3.341506193185938,0.12067054082980143,-33.41273587859949,-1.1573229341274334,41.85824164188867,0.6295741068180681,3.423590147394033,0.2719344611720337,0.3599323978344626,0.00015748,1.880667213558697,0.00081957,0,0.0
6545,4.067478330122434,14.560029508458578,-1.54e-06,1.7555182361220556,2.3361041145351167,77.12401161047111,1.0052136313683062,12.656226425581924,0.12067054082980143,-31.97607603677021,-1.1573229341274334,-82.39368281177754,0.6295741068180681,45.902376119770445,0.2719344611720337,0.2849422348216173,0.00015748,5.377102939899245,0.00081957,0,0.0
6546,0.3972665196820498,0.4028499605169539,-1.54e-06,1.7555182361220556,2.3361041145351167,-20.372336726362832,1.0052136313683062,2.6573914849091014,0.12067054082980143,-58.415579951510814,-1.1573229341274334,52.66315458950064,0.6295741068180681,41.50323227156651,0.2719344611720337,0.2764205452706227,0.00015748,1.2759584384689215,0.00081957,0,0.0
6547,0.0017269956999406144,0.02677815580465179,-1.54e-06,1.7555182361220556,2.3361041145351167,60.47811765009379,1.0052136313683062,13.426119664130926,0.12067054082980143,-31.762038748942498,-1.1573229341274334,-13.029008496252205,0.6295741068180681,-17.90859844191608,0.2719344611720337,0.3112909451961219,0.00015748,1.3754991503802758,0.00081957,0,0.0
6548,-0.009173203567185206,0.4828255009827855,-1.54e-06,1.7555182361220556,2.3361041145351167,0.4645321793408262,1.0052136313683062,7.863167041861857,0.12067054082980143,-88.63179615609496,-1.1573229341274334,88.5741967665454,0.6295741068180681,31.667778469817435,0.2719344611720337,0.7059612580952711,0.00015748,2.6378261813857593,0.00081957,0,0.0
6549,2.547869723535489,2.2701234220612747,-1.54e-06,1.7555182361220556,2.3361041145351167,3.5403963910641667,1.0052136313683062,20.770785336625398,0.12067054082980143,-66.36489140123639,-1.1573229341274334,-35.78188284041002,0.6295741068180681,65.60893273946894,0.2719344611720337,0.2838255849294399,0.00015748,1.5694548042989438,0.00081957,0,0.0
6550,-0.13444403908318558,0.6381895823050646,-1.54e-06,1.7555182361220556,2.3361041145351167,-28.65660493202317,1.0052136313683062,-4.591998670622475,0.12067054082980143,-13.955242732709491,-1.1573229341274334,35.05148242516969,0.6295741068180681,18.74360503092785,0.2719344611720337,-0.4203771390772009,0.00015748,0.4217833457589569,0.00081957,1,0.0
6551,0.14641990829959317,0.10082613461036576,-1.54e-06,1.7555182361220556,2.3361041145351167,86.56029205788242,1.0052136313683062,17.647704606281973,0.12067054082980143,-21.687260695829483,-1.1573229341274334,-38.6370698459028,0.6295741068180681,-34.844340042652675,0.2719344611720337,0.29218252414667945,0.00015748,1.7482820672045754,0.00081957,0,0.0
6552,2.05669496519935,1.7136123396216147,-1.54e-06,1.7555182361220556,2.3361041145351167,-11.271710813051394,1.0052136313683062,11.576343574359424,0.12067054082980143,-59.56304158977068,-1.1573229341274334,-10.824171120885962,0.6295741068180681,66.32943307545743,0.2719344611720337,0.30995741579706887,0.00015748,1.239255557173122,0.00081957,0,0.0
6553,1.0005064999493034,0.4604739205675373,-1.54e-06,1.7555182361220556,2.3361041145351167,24.19920558569604,1.0052136313683062,13.29476659057201,0.12067054082980143,-36.733832442101395,-1.1573229341274334,-18.747311963503638,0.6295741068180681,17.676001523465793,0.2719344611720337,0.3199857217099211,0.00015748,1.095689683746746,0.00081957,0,0.0
6554,1.2445748791206113,0.5069420847234506,-1.54e-06,1.7555182361220556,2.3361041145351167,-3.824004098330252,1.0052136313683062,15.338243436959484,0.12067054082980143,-78.19444515332765,-1.1573229341274334,12.187594364878484,0.6295741068180681,55.56340405547317,0.2719344611720337,0.318642445139459,0.00015748,1.1364717712178278,0.00081957,0,0.0
6555,2.188153155541837,1.894392099281962,-1.54e-06,1.7555182361220556,2.3361041145351167,-29.90555373794749,1.0052136313683062,13.96829539350357,0.12067054082980143,-67.54088480619552,-1.1573229341274334,-12.32332333498243,0.6295741068180681,80.81566494521203,0.2719344611720337,-0.1721769074192302,0.00015748,0.9347540983853312,0.00081957,1,0.0
6556,-0.20929859957958574,0.9984616242860485,-1.54e-06,1.7555182361220556,2.3361041145351167,83.73453998378349,1.0052136313683062,11.312721038474068,0.12067054082980143,-20.83916839897071,-1.1573229341274334,9.24784931487978,0.6295741068180681,-46.243836341329875,0.2719344611720337,1.3207809951793978,0.00015748,2.575686019540832,0.00081957,0,0.0
6557,0.007083217960101917,0.5059383384350891,-1.54e-06,1.7555182361220556,2.3361041145351167,10.278247555474087,1.0052136313683062,3.8393551449107886,0.12067054082980143,-38.59356427234008,-1.1573229341274334,52.839300389315525,0.6295741068180681,3.0084318309057614,0.2719344611720337,0.36377798718214205,0.00015748,2.4546833669834967,0.00081957,0,0.0
6558,0.5526780710020658,0.22533926049286104,-1.54e-06,1.7555182361220556,2.3361041145351167,58.13531693354051,1.0052136313683062,17.738062494488698,0.12067054082980143,-39.01148081507572,-1.1573229341274334,-25.35515720387992,0.6295741068180681,-6.366384769705194,0.2719344611720337,0.3072208309706981,0.00015748,1.5486238339436706,0.00081957,0,0.0
6559,-0.12240002333107491,0.8981849720198964,-1.54e-06,1.7555182361220556,2.3361041145351167,48.09082838225436,1.0052136313683062,10.406625428766796,0.12067054082980143,-57.13780816907329,-1.1573229341274334,52.001895878239985,0.6295741068180681,-10.702335143954425,0.2719344611720337,1.1287584711483574,0.00015748,2.8970730246232526,0.00081957,0,0.0
6560,0.05559325638144452,1.0986190595478258,-1.54e-06,1.7555182361220556,2.3361041145351167,-47.3891772047055,1.0052136313683062,-8.183981908424288,0.12067054082980143,-11.378602000497581,-1.1573229341274334,43.85000030444744,0.6295741068180681,30.06178575309737,0.2719344611720337,-0.720049653978607,0.00015748,0.6685592167551448,0.00081957,1,0.0
6561,0.0036154673187966946,0.1307989546645918,-1.54e-06,1.7555182361220556,2.3361041145351167,9.11517301618578,1.0052136313683062,2.9668148663187797,0.12067054082980143,-13.65810460728929,-1.1573229341274334,6.541990479596712,0.6295741068180681,0.4362274599782677,0.2719344611720337,0.2704749201768575,0.00015748,0.3098710429092949,0.00081957,0,0.0
6562,-0.811621469075889,2.2792042770181267,-1.54e-06,1.7555182361220556,2.3361041145351167,44.51399906880049,1.0052136313683062,1.6599996394401806,0.12067054082980143,-33.703585523179946,-1.1573229341274334,81.72840333501864,0.6295741068180681,-34.58786637037203,0.2719344611720337,0.49817932739491,0.00015748,4.1326683982909325,0.00081957,0,0.0
6563,0.30480886768931165,0.22640209967645858,-1.54e-06,1.7555182361220556,2.3361041145351167,-11.242390453684358,1.0052136313683062,3.225137293124946,0.12067054082980143,-45.666065564726196,-1.1573229341274334,36.29865259129815,0.6295741068180681,30.129292651238618,0.2719344611720337,0.3013415451485907,0.00015748,0.8694435253736289,0.00081957,0,0.0
6564,1.2741772303035441,0.6016671100796769,-1.54e-06,1.7555182361220556,2.3361041145351167,16.439657256516988,1.0052136313683062,17.000851261721387,0.12067054082980143,-65.3090350326143,-1.1573229341274334,-7.247073547297243,0.6295741068180681,39.39590382758246,0.2719344611720337,0.3145652423125118,0.00015748,1.3518137963553598,0.00081957,0,0.0
6565,-0.036361352708406985,0.6100734450400358,-1.54e-06,1.7555182361220556,2.3361041145351167,-37.34424443988039,1.0052136313683062,-1.6108477776032322,0.12067054082980143,-49.37988603699558,-1.1573229341274334,59.87833318207555,0.6295741068180681,41.076856583746505,0.2719344611720337,-0.18494392824143893,0.00015748,0.6604344101317831,0.00081957,1,0.0
6566,0.7629432090429105,0.2728704075806344,-1.54e-06,1.7555182361220556,2.3361041145351167,-48.92113925037394,1.0052136313683062,6.924362726499162,0.12067054082980143,-76.69277826002738,-1.1573229341274334,41.9403728267644,0.6295741068180681,72.9715115293907,0.2719344611720337,-0.3421645656099334,0.00015748,0.34031637814394994,0.00081957,1,0.0
6567,3.8948703371554947,5.612297280795006,-1.54e-06,1.7555182361220556,2.3361041145351167,-4.65391045321033,1.0052136313683062,29.109892043375417,0.12067054082980143,-75.24727332216081,-1.1573229341274334,-67.0535218385952,0.6295741068180681,91.15560133357523,0.2719344611720337,0.16186049716903883,0.00015748,2.062468014730824,0.00081957,0,0.0
6568,-0.09587245148266399,0.7319886338726874,-1.54e-06,1.7555182361220556,2.3361041145351167,34.29562574326982,1.0052136313683062,3.171252249701544,0.12067054082980143,-18.642121819198593,-1.1573229341274334,33.24451205533628,0.6295741068180681,-18.9966996635091,0.2719344611720337,0.5358521849114127,0.00015748,2.4893740897369914,0.00081957,0,0.0
6569,0.06239716919274085,0.6272342144024886,-1.54e-06,1.7555182361220556,2.3361041145351167,-72.13900202914552,1.0052136313683062,-3.9367432687008495,0.12067054082980143,-71.21275529571727,-1.1573229341274334,86.3141045757259,0.6295741068180681,72.00621477773556,0.2719344611720337,-0.5067586371059577,0.00015748,0.5060962255815832,0.00081957,1,0.0
6570,-0.27997921814244453,1.3013666310748477,-1.54e-06,1.7555182361220556,2.3361041145351167,92.11216029280152,1.0052136313683062,20.764513745549202,0.12067054082980143,-90.68028861873431,-1.1573229341274334,54.56686785044012,0.6295741068180681,-21.81906100899222,0.2719344611720337,2.1023697518778564,0.00015748,3.3338862547948303,0.00081957,0,0.0
6571,0.015704597371737045,1.1787579771021268,-1.54e-06,1.7555182361220556,2.3361041145351167,12.810805960975712,1.0052136313683062,-0.6307355562857235,0.12067054082980143,-26.527483000402984,-1.1573229341274334,58.88933017816967,0.6295741068180681,-4.049027333937258,0.2719344611720337,0.2352069863058388,0.00015748,3.1983087535214185,0.00081957,0,0.0
6572,1.0845750428362197,0.34260394570806785,-1.54e-06,1.7555182361220556,2.3361041145351167,-52.656854539385094,1.0052136313683062,6.403256174075506,0.12067054082980143,-76.61756497981821,-1.1573229341274334,35.38703031380948,0.6295741068180681,81.53044416978652,0.2719344611720337,-0.2913623074903325,0.00015748,0.29313559093651814,0.00081957,1,0.0
6573,-0.05856057292643885,1.9493462852920156,-1.54e-06,1.7555182361220556,2.3361041145351167,-14.452020906834484,1.0052136313683062,-3.3001268137444733,0.12067054082980143,-31.570405368977603,-1.1573229341274334,62.250359302352805,0.6295741068180681,15.779299911794219,0.2719344611720337,-0.11127946046048187,0.00015748,2.124588714197295,0.00081957,1,0.0
6574,1.9028463559991804,1.1987334312013522,-1.54e-06,1.7555182361220556,2.3361041145351167,-15.009609764323006,1.0052136313683062,16.65159576897647,0.12067054082980143,-78.02246374881136,-1.1573229341274334,-0.33178396509851965,0.6295741068180681,70.85983611479047,0.2719344611720337,0.2945464254642413,0.00015748,1.180061114333326,0.00081957,0,0.0
6575,1.9245926304963894,1.2013616353955268,-1.54e-06,1.7555182361220556,2.3361041145351167,-18.75099248052095,1.0052136313683062,15.020005041449304,0.12067054082980143,-75.72593054905714,-1.1573229341274334,0.8235679405190195,0.6295741068180681,73.01111413594528,0.2719344611720337,0.32129347116073714,0.00015748,1.0809619314312047,0.00081957,0,0.0
6576,1.7406037550842128,6.032681702389706,-1.54e-06,1.7555182361220556,2.3361041145351167,-3.2476735657598614,1.0052136313683062,-2.0867751140789323,0.12067054082980143,-60.96280971225802,-1.1573229341274334,53.86098313696215,0.6295741068180681,56.87675828759147,0.2719344611720337,0.268638196671136,0.00015748,4.3031754063286485,0.00081957,0,0.0
6577,-0.3330554302577807,1.427165634023283,-1.54e-06,1.7555182361220556,2.3361041145351167,60.35642142943314,1.0052136313683062,5.4948584177490405,0.12067054082980143,-22.050534096007627,-1.1573229341274334,39.335204513332464,0.6295741068180681,-37.32837339197482,0.2719344611720337,0.8635253472135274,0.00015748,3.279741770801869,0.00081957,0,0.0
6578,-2.9666722558033234,19.368638484168045,-1.54e-06,1.7555182361220556,2.3361041145351167,-61.57725852434978,1.0052136313683062,-4.930401995738966,0.12067054082980143,-25.646191943429464,-1.1573229341274334,99.62180277447135,0.6295741068180681,-9.612399375650762,0.2719344611720337,-3.3860421330401556,0.00015748,0.28689241782991437,0.00081957,1,0.0
6579,1.7646291537940542,1.0644682103156347,-1.54e-06,1.7555182361220556,2.3361041145351167,-20.944017849883327,1.0052136313683062,12.257853652310231,0.12067054082980143,-64.45245629609713,-1.1573229341274334,0.9221420505428988,0.6295741068180681,66.72035570507776,0.2719344611720337,0.3188011932873136,0.00015748,0.8734337757779771,0.00081957,0,0.0
6580,2.746794824211322,3.6092860701868146,-1.54e-06,1.7555182361220556,2.3361041145351167,-20.432204898087193,1.0052136313683062,15.846536177102518,0.12067054082980143,-39.31358682992525,-1.1573229341274334,-61.88722236120686,0.6295741068180681,73.37587947770845,0.2719344611720337,-0.9888056934336518,0.00015748,1.0520030337976116,0.00081957,1,0.0
6581,1.1909380399435192,0.6634727722120288,-1.54e-06,1.7555182361220556,2.3361041145351167,25.55794165269953,1.0052136313683062,12.5648894198639,0.12067054082980143,-24.386233274280503,-1.1573229341274334,-31.161889121073855,0.6295741068180681,14.12334786909144,0.2719344611720337,0.321620097224174,0.00015748,1.054350380954337,0.00081957,0,0.0
6582,-0.003972034873364727,0.42610263318342073,-1.54e-06,1.7555182361220556,2.3361041145351167,94.49866607524775,1.0052136313683062,22.870109170390336,0.12067054082980143,-78.13363617119472,-1.1573229341274334,17.573612023028904,0.6295741068180681,-20.300492417541886,0.2719344611720337,1.838617233873292,0.00015748,2.4045611610371194,0.00081957,0,0.0
6583,0.003108030028263542,0.12203885078151662,-1.54e-06,1.7555182361220556,2.3361041145351167,98.50174790269455,1.0052136313683062,25.7947897985492,0.12067054082980143,-80.36234601502241,-1.1573229341274334,-0.34884086374233647,0.6295741068180681,-18.067162263241308,0.2719344611720337,0.9531680680743958,0.00015748,2.4683536577738208,0.00081957,0,0.0
6584,0.0008252206598624579,0.4888247056362172,-1.54e-06,1.7555182361220556,2.3361041145351167,35.17641345146902,1.0052136313683062,12.700846555660599,0.12067054082980143,-76.18927391821272,-1.1573229341274334,58.43983481527802,0.6295741068180681,7.67155575969283,0.2719344611720337,1.1836580275173174,0.00015748,2.4700549651815678,0.00081957,0,0.0
6585,3.630373087021608,4.898466061433422,-1.54e-06,1.7555182361220556,2.3361041145351167,19.587298162060424,1.0052136313683062,23.037974429968422,0.12067054082980143,-36.55684483696715,-1.1573229341274334,-90.20289228098153,0.6295741068180681,60.55288651463822,0.2719344611720337,0.2799882119976568,0.00015748,1.9013938018943723,0.00081957,0,0.0
6586,0.836344314509379,3.446744309190472,-1.54e-06,1.7555182361220556,2.3361041145351167,43.02535718917268,1.0052136313683062,30.432954264712386,0.12067054082980143,-78.16168752105459,-1.1573229341274334,-3.0248565427799954,0.6295741068180681,10.562735523981074,0.2719344611720337,-0.07908379949993871,0.00015748,2.680185414765682,0.00081957,1,0.0
6587,2.1254886262065833,2.1377563852543253,-1.54e-06,1.7555182361220556,2.3361041145351167,94.05684392036727,1.0052136313683062,28.780927021871012,0.12067054082980143,-32.414818833134625,-1.1573229341274334,-93.53013236144992,0.6295741068180681,-3.9475438832671466,0.2719344611720337,0.28099273975012506,0.00015748,2.6422042695690435,0.00081957,0,0.0
6588,-0.7292809848267403,2.080063268679898,-1.54e-06,1.7555182361220556,2.3361041145351167,46.628202479311376,1.0052136313683062,8.343535488820221,0.12067054082980143,-42.57810556445492,-1.1573229341274334,70.67298738901123,0.6295741068180681,-33.09744090601029,0.2719344611720337,0.6060113795028832,0.00015748,3.6755609940314153,0.00081957,0,0.0
6589,0.28812962297898514,0.07054021142189763,-1.54e-06,1.7555182361220556,2.3361041145351167,15.261699728912614,1.0052136313683062,8.03187504509101,0.12067054082980143,-34.13171514264862,-1.1573229341274334,6.723048462324873,0.6295741068180681,10.518259095031413,0.2719344611720337,0.3962280494784941,0.00015748,0.6755983481701636,0.00081957,0,0.0
6590,-2.360960716028718,12.648882390598583,-1.54e-06,1.7555182361220556,2.3361041145351167,-12.10930875608048,1.0052136313683062,4.381311290636958,0.12067054082980143,-50.750241449990206,-1.1573229341274334,99.96676430203227,0.6295741068180681,-19.8821126626221,0.2719344611720337,-1.591466507370897,0.00015748,1.60278030777787,0.00081957,1,0.0
6591,0.03368460482691926,0.0005257405292503103,-1.54e-06,1.7555182361220556,2.3361041145351167,10.006876562983656,1.0052136313683062,13.521572461561302,0.12067054082980143,-82.48540996842286,-1.1573229341274334,40.69970815104511,0.6295741068180681,31.255361865101758,0.2719344611720337,0.3458159009904542,0.00015748,1.0256842629541914,0.00081957,0,0.0
6592,-0.5194518859997865,1.6583889367779372,-1.54e-06,1.7555182361220556,2.3361041145351167,48.89689575168363,1.0052136313683062,13.048412892144631,0.12067054082980143,-83.5757267362909,-1.1573229341274334,87.81292618201334,0.6295741068180681,-9.879107341221964,0.2719344611720337,1.2002226318622131,0.00015748,3.712289086535826,0.00081957,0,0.0
6593,2.1487021533932644,1.487727492099084,-1.54e-06,1.7555182361220556,2.3361041145351167,5.237934231328392,1.0052136313683062,24.081196090515203,0.12067054082980143,-99.9163348121353,-1.1573229341274334,-8.377504509042861,0.6295741068180681,74.23710469313693,0.2719344611720337,0.28357425133616154,0.00015748,1.8151099129401453,0.00081957,0,0.0
6594,0.6340668173223293,0.11187796196627142,-1.54e-06,1.7555182361220556,2.3361041145351167,-63.62409025229727,1.0052136313683062,3.134648661059,0.12067054082980143,-84.4741667748696,-1.1573229341274334,63.15820565334998,0.6295741068180681,83.44679577498441,0.2719344611720337,-0.09464323949609761,0.00015748,0.0936263464812795,0.00081957,1,0.0
6595,0.001193046438638934,0.0031791415697248436,-1.54e-06,1.7555182361220556,2.3361041145351167,54.40166549794179,1.0052136313683062,20.33477067729319,0.12067054082980143,-83.40602177584661,-1.1573229341274334,15.475083080370553,0.6295741068180681,8.764029942975103,0.2719344611720337,0.2915019294985792,0.00015748,1.7709611833190357,0.00081957,0,0.0
6596,1.0197212270027156,7.223329498627866,-1.54e-06,1.7555182361220556,2.3361041145351167,-39.32820676338937,1.0052136313683062,14.189420335053512,0.12067054082980143,-33.430621498382465,-1.1573229341274334,-32.3118335017362,0.6295741068180681,50.066722222969794,0.2719344611720337,-2.7114941151749368,0.00015748,0.6276219177910023,0.00081957,1,0.0
6597,3.4429176939298936,4.237985955356713,-1.54e-06,1.7555182361220556,2.3361041145351167,50.88100935559912,1.0052136313683062,37.40690093419961,0.12067054082980143,-95.83353616706238,-1.1573229341274334,-74.65992388587365,0.6295741068180681,66.77932629663216,0.2719344611720337,0.2714682703541198,0.00015748,2.971729819737659,0.00081957,0,0.0
6598,1.6380324081851292,0.9019792811378922,-1.54e-06,1.7555182361220556,2.3361041145351167,-20.680202313598894,1.0052136313683062,5.7008053526477624,0.12067054082980143,-12.864507305316353,-1.1573229341274334,-33.12994616683155,0.6295741068180681,43.08522050570509,0.2719344611720337,-0.3559119866018716,0.00015748,0.35453056151246787,0.00081957,1,0.0
6599,2.978912948200665,3.297072334750876,-1.54e-06,1.7555182361220556,2.3361041145351167,16.491631149300485,1.0052136313683062,20.711284857576697,0.12067054082980143,-39.17082457672955,-1.1573229341274334,-69.08696655119627,0.6295741068180681,52.852863080855315,0.2719344611720337,0.2958566268297632,0.00015748,1.647969945447271,0.00081957,0,0.0
6600,-0.6906280458839483,6.401709881875991,-1.54e-06,1.6178178713416302,1.999735025193045,54.83153355855616,1.0052136313683062,4.208291896328749,0.12067054082980143,-75.18875511850615,-1.1573229341274334,63.62159757429821,0.6295741068180681,-2.5630959486401554,0.2719344611720337,1.2906791527070056,0.00015748,8.02198365212432,0.00081957,0,0.0
6601,4.057696761516036,10.905691149000816,-1.54e-06,1.6178178713416302,1.999735025193045,76.11137450883956,1.0052136313683062,28.488507929037247,0.12067054082980143,-58.10596642761816,-1.1573229341274334,-66.39672138643368,0.6295741068180681,27.543490640741073,0.2719344611720337,0.2816833536143051,0.00015748,6.069036064265781,0.00081957,0,0.0
6602,1.3418534193512937,1.8514031390390078,-1.54e-06,1.6178178713416302,1.999735025193045,29.920944529936893,1.0052136313683062,27.525217260660305,0.12067054082980143,-85.7637809504692,-1.1573229341274334,3.160906655067543,0.6295741068180681,28.681998633289673,0.2719344611720337,0.3330658870954526,0.00015748,3.758101366562908,0.00081957,0,0.0
6603,-0.4959183045500746,1.4945605413026386,-1.54e-06,1.6178178713416302,1.999735025193045,53.78470574396687,1.0052136313683062,15.942284214062823,0.12067054082980143,-65.97725524828759,-1.1573229341274334,32.91422139918636,0.6295741068180681,-12.12888841984956,0.2719344611720337,2.6597647587977358,0.00015748,4.033633004223291,0.00081957,0,0.0
6604,3.847710441916709,8.536345155315802,-1.54e-06,1.6178178713416302,1.999735025193045,14.3534489346038,1.0052136313683062,19.86922644956546,0.12067054082980143,-81.85735460532975,-1.1573229341274334,-20.229758475834597,0.6295741068180681,73.5088326032773,0.2719344611720337,0.2646833154592043,0.00015748,4.221241856566997,0.00081957,0,0.0
6605,1.07793501937486,0.5828228403834045,-1.54e-06,1.6178178713416302,1.999735025193045,13.738076326951076,1.0052136313683062,12.769157543914483,0.12067054082980143,-41.77789481090225,-1.1573229341274334,-4.059689415004309,0.6295741068180681,20.93761447168219,0.2719344611720337,0.3002041688209143,0.00015748,1.7063949943635024,0.00081957,0,0.0
6606,-1.1072772569800493,2.7334175297812666,-1.54e-06,1.6178178713416302,1.999735025193045,40.86953522626385,1.0052136313683062,5.8625874942131615,0.12067054082980143,-38.89818186293241,-1.1573229341274334,47.41610544161681,0.6295741068180681,-25.557464368748562,0.2719344611720337,1.3455088336897978,0.00015748,5.547005356462011,0.00081957,0,0.0
6607,-0.15799713619863054,0.8770187349468858,-1.54e-06,1.6178178713416302,1.999735025193045,22.506067945603295,1.0052136313683062,15.454777904520402,0.12067054082980143,-93.49724621665341,-1.1573229341274334,56.377961937673305,0.6295741068180681,22.60026130497859,0.2719344611720337,2.2267734260514365,0.00015748,4.028009231069583,0.00081957,0,0.0
6608,1.344826985357793,32.57557048752962,-1.54e-06,1.6178178713416302,1.999735025193045,-69.13544777714262,1.0052136313683062,15.610442198021214,0.12067054082980143,-44.38716681107111,-1.1573229341274334,-45.67216922577144,0.6295741068180681,85.86138267590133,0.2719344611720337,-12.299364685467337,0.00015748,0.2570084157710042,0.00081957,1,0.0
6609,-1.5428200507068728,3.5525474296805597,-1.54e-06,1.6178178713416302,1.999735025193045,76.45714480867709,1.0052136313683062,5.980384638331454,0.12067054082980143,-4.481424156877642,-1.1573229341274334,20.72345801259245,0.6295741068180681,-67.59744794512805,0.2719344611720337,1.6877742912428717,0.00015748,5.735784941047638,0.00081957,0,0.0
6610,2.6449937761366606,3.4501626597690103,-1.54e-06,1.6178178713416302,1.999735025193045,55.322739253884606,1.0052136313683062,30.282691450253516,0.12067054082980143,-80.88410611362858,-1.1573229341274334,-32.70240024845123,0.6295741068180681,31.661863573109457,0.2719344611720337,0.268486386489021,0.00015748,4.52901145760522,0.00081957,0,0.0
6611,5.712967676638886,15.256846507103267,-1.54e-06,1.6178178713416302,1.999735025193045,4.3540743516453295,1.0052136313683062,30.93772079449381,0.12067054082980143,-69.77348259387215,-1.1573229341274334,-57.68075773277138,0.6295741068180681,82.35424234286818,0.2719344611720337,0.27301872516833625,0.00015748,3.887400694768969,0.00081957,0,0.0
6612,-1.2829462587527514,3.538916775810695,-1.54e-06,1.6178178713416302,1.999735025193045,21.438568567102756,1.0052136313683062,9.510771389504127,0.12067054082980143,-50.27331590467408,-1.1573229341274334,58.827123355263346,0.6295741068180681,-16.227813275636436,0.2719344611720337,0.3679304759391222,0.00015748,5.594794286722532,0.00081957,0,0.0
6613,0.48760565749688145,0.06477130718679532,-1.54e-06,1.6178178713416302,1.999735025193045,-33.057122803770476,1.0052136313683062,8.315652114159588,0.12067054082980143,-89.56562730528648,-1.1573229341274334,53.79677518891324,0.6295741068180681,66.14841241136966,0.2719344611720337,0.3243453586009208,0.00015748,1.0774344115112144,0.00081957,0,0.0
6614,-1.7826807469045032,4.119045175998611,-1.54e-06,1.6178178713416302,1.999735025193045,68.72359486013862,1.0052136313683062,11.145155155705382,0.12067054082980143,-60.08832999968195,-1.1573229341274334,62.932997484226796,0.6295741068180681,-41.50809290962605,0.2719344611720337,2.3304340181887917,0.00015748,7.288480596235711,0.00081957,0,0.0
6615,-1.6667128212476656,6.053152568896007,-1.54e-06,1.6178178713416302,1.999735025193045,-12.668879097375651,1.0052136313683062,-6.861680368706322,0.12067054082980143,-11.42830681820748,-1.1573229341274334,43.46370154018588,0.6295741068180681,-4.2301593208852,0.2719344611720337,-0.9293299938765233,0.00015748,0.926317683775843,0.00081957,1,0.0
6616,3.8955253432613963,8.352980530618868,-1.54e-06,1.6178178713416302,1.999735025193045,98.58160012428209,1.0052136313683062,43.68919753736733,0.12067054082980143,-79.56540763976423,-1.1573229341274334,-76.92611681765827,0.6295741068180681,15.80276130825447,0.2719344611720337,0.26790356185016506,0.00015748,6.464991902622142,0.00081957,0,0.0
6617,-4.624429609807825,30.579799070210903,-1.54e-06,1.6178178713416302,1.999735025193045,16.269527462619735,1.0052136313683062,2.5127128412932227,0.12067054082980143,-32.86841749064048,-1.1573229341274334,74.73100387345737,0.6295741068180681,-50.01350884434453,0.2719344611720337,-2.2187770518124847,0.00015748,2.31014295028652,0.00081957,1,0.0
6618,-1.9843573886443187,4.3218714554571465,-1.54e-06,1.6178178713416302,1.999735025193045,84.39048598574215,1.0052136313683062,14.51266573066809,0.12067054082980143,-63.930158092276045,-1.1573229341274334,57.72793906282942,0.6295741068180681,-50.77250913118768,0.2719344611720337,2.874885412223383,0.00015748,7.09074969148493,0.00081957,0,0.0
6619,-1.6407453873944884,3.7400102367556514,-1.54e-06,1.6178178713416302,1.999735025193045,31.45420842794742,1.0052136313683062,2.4675959611060274,0.12067054082980143,-40.53295555751548,-1.1573229341274334,69.56339816344328,0.6295741068180681,-27.710882857838072,0.2719344611720337,0.7389659165116735,0.00015748,6.9247515964019595,0.00081957,0,0.0
6620,1.7651805434830559,2.5818777616633444,-1.54e-06,1.6178178713416302,1.999735025193045,-65.79740505060903,1.0052136313683062,-3.5796170020493268,0.12067054082980143,-33.099416446788034,-1.1573229341274334,25.08389376424336,0.6295741068180681,72.9755851119534,0.2719344611720337,-0.992129186676682,0.00015748,0.202488373338643,0.00081957,1,0.0
6621,4.611651555010765,13.067658428679469,-1.54e-06,1.6178178713416302,1.999735025193045,-9.324028330840008,1.0052136313683062,14.998383268575033,0.12067054082980143,-6.139704487717743,-1.1573229341274334,-73.37865820610097,0.6295741068180681,55.05654843640303,0.2719344611720337,-1.6455496295470582,0.00015748,1.7263390968776815,0.00081957,1,0.0
6622,0.26463095326378694,4.029173238297412,-1.54e-06,1.6178178713416302,1.999735025193045,-81.56615077998488,1.0052136313683062,-10.970632594489294,0.12067054082980143,-48.729221864124774,-1.1573229341274334,65.50283469581991,0.6295741068180681,77.58282818993018,0.2719344611720337,-1.7980325220305438,0.00015748,0.2935400564697317,0.00081957,1,0.0
6623,1.676662560838056,4.151428778335144,-1.54e-06,1.6178178713416302,1.999735025193045,-78.6431512729239,1.0052136313683062,-9.36033556038214,0.12067054082980143,-15.15634984508432,-1.1573229341274334,26.05122600866274,0.6295741068180681,71.31848542507191,0.2719344611720337,-1.804964325861639,0.00015748,0.23320909882492202,0.00081957,1,0.0
6624,1.5062220157276152,2.895542811055616,-1.54e-06,1.6178178713416302,1.999735025193045,-78.53239145810316,1.0052136313683062,-5.200859492800918,0.12067054082980143,-43.859828405842165,-1.1573229341274334,40.59262045543319,0.6295741068180681,83.25521767220518,0.2719344611720337,-1.3430098589378585,0.00015748,0.21226504929078782,0.00081957,1,0.0
6625,-1.9705944326485438,4.363510567676023,-1.54e-06,1.6178178713416302,1.999735025193045,72.81849021130117,1.0052136313683062,14.713369630667941,0.12067054082980143,-80.50264175951314,-1.1573229341274334,74.12749096289228,0.6295741068180681,-37.00204126672386,0.2719344611720337,2.7801542558996624,0.00015748,7.587529747446494,0.00081957,0,0.0
6626,1.2631757024854244,0.44781798646288484,-1.54e-06,1.6178178713416302,1.999735025193045,-33.01396023984066,1.0052136313683062,10.066488462726229,0.12067054082980143,-87.27633162035718,-1.1573229341274334,39.82163562629847,0.6295741068180681,73.38188796138097,0.2719344611720337,0.32884454853918765,0.00015748,1.125387376699849,0.00081957,0,0.0
6627,-2.048280769493363,4.70420850827713,-1.54e-06,1.6178178713416302,1.999735025193045,53.57394492221191,1.0052136313683062,5.374128486088994,0.12067054082980143,-30.600405120967473,-1.1573229341274334,61.728759180469076,0.6295741068180681,-52.57942884229633,0.2719344611720337,1.0695891684128784,0.00015748,7.516752831449056,0.00081957,0,0.0
6628,3.3304145079922236,5.0982894628076485,-1.54e-06,1.6178178713416302,1.999735025193045,0.9480556641730478,1.0052136313683062,16.027442649223058,0.12067054082980143,-40.91951580706369,-1.1573229341274334,-31.27890395496056,0.6295741068180681,50.97945846431028,0.2719344611720337,0.29828207493443826,0.00015748,2.109390413206835,0.00081957,0,0.0
6629,-2.8364771536591222,11.533831488637038,-1.54e-06,1.6178178713416302,1.999735025193045,-12.698493674019751,1.0052136313683062,3.5912966999278173,0.12067054082980143,-87.28389300092766,-1.1573229341274334,99.78954904162256,0.6295741068180681,15.055761496039766,0.2719344611720337,-0.37713913661697474,0.00015748,2.497683872736486,0.00081957,1,0.0
6630,3.6931724091099976,5.210823786212927,-1.54e-06,1.6178178713416302,1.999735025193045,-27.933100886818423,1.0052136313683062,18.494601997052005,0.12067054082980143,-91.07286488260962,-1.1573229341274334,1.1592790177264782,0.6295741068180681,96.57591321791097,0.2719344611720337,0.27340764641777937,0.00015748,2.2395186178804627,0.00081957,0,0.0
6631,-0.8918678234534227,2.249856183083767,-1.54e-06,1.6178178713416302,1.999735025193045,59.87181833500939,1.0052136313683062,15.833395527321073,0.12067054082980143,-73.78695844066137,-1.1573229341274334,45.3636632275914,0.6295741068180681,-16.777768956970647,0.2719344611720337,2.7843612943798846,0.00015748,4.977895198551716,0.00081957,0,0.0
6632,-2.2346786996570653,14.57958411836857,-1.54e-06,1.6178178713416302,1.999735025193045,78.44379605093795,1.0052136313683062,-12.41332902732557,0.12067054082980143,-25.929742581070762,-1.1573229341274334,93.43346391896851,0.6295741068180681,-60.32489602129305,0.2719344611720337,0.3000475634254167,0.00015748,13.72870365401203,0.00081957,0,0.0
6633,5.802604541573632,17.803145351021048,-1.54e-06,1.6178178713416302,1.999735025193045,76.32226550363717,1.0052136313683062,39.40671752315384,0.12067054082980143,-75.73221780480353,-1.1573229341274334,-90.48407553868009,0.6295741068180681,50.77745527360515,0.2719344611720337,0.2522323335447121,0.00015748,6.634132129951275,0.00081957,0,0.0
6634,-0.2660114593576779,0.9666289715750589,-1.54e-06,1.6178178713416302,1.999735025193045,89.20320094831942,1.0052136313683062,14.103795991274051,0.12067054082980143,-1.4028324341537521,-1.1573229341274334,-29.904008920059546,0.6295741068180681,-57.318355136083234,0.2719344611720337,1.6115336556201547,0.00015748,3.310899969375066,0.00081957,0,0.0
6635,3.1228828194239298,4.1628353695381675,-1.54e-06,1.6178178713416302,1.999735025193045,-47.95371466716955,1.0052136313683062,10.036635922377894,0.12067054082980143,-62.19278908656778,-1.1573229341274334,0.5502292520964815,0.6295741068180681,90.21003943391713,0.2719344611720337,-0.8891371616726538,0.00015748,0.897725048768419,0.00081957,1,0.0
6636,0.34784214478002884,0.11610730816934987,-1.54e-06,1.6178178713416302,1.999735025193045,-33.017579233621944,1.0052136313683062,4.860514493227679,0.12067054082980143,-75.42623192699917,-1.1573229341274334,51.75955123222121,0.6295741068180681,58.347480302429034,0.2719344611720337,0.3389591292284286,0.00015748,0.9615518179489067,0.00081957,0,0.0
6637,2.4770120899063954,4.556241510846205,-1.54e-06,1.6178178713416302,1.999735025193045,56.388419081398354,1.0052136313683062,33.74080800988832,0.12067054082980143,-68.6735876906902,-1.1573229341274334,-37.9293812983902,0.6295741068180681,16.197277972738064,0.2719344611720337,0.30948789879198824,0.00015748,4.524245830793693,0.00081957,0,0.0
6638,0.3926975084241646,0.2015045494123323,-1.54e-06,1.6178178713416302,1.999735025193045,-25.58861438036409,1.0052136313683062,-0.42053018456591573,0.12067054082980143,-25.999465833621443,-1.1573229341274334,21.055727597906436,0.6295741068180681,31.577667638423392,0.2719344611720337,-0.2602345135155133,0.00015748,0.251364012445618,0.00081957,1,0.0
6639,0.4198649096499485,0.16351967297744252,-1.54e-06,1.6178178713416302,1.999735025193045,-41.45940547807112,1.0052136313683062,2.0061636206816553,0.12067054082980143,-63.67005756324777,-1.1573229341274334,44.77971995982961,0.6295741068180681,60.277715220029336,0.2719344611720337,-0.11871895484488916,0.00015748,0.12237333404740637,0.00081957,1,0.0
6640,-0.8224113856560189,6.636639435393983,-1.54e-06,1.6178178713416302,1.999735025193045,-82.12000611814751,1.0052136313683062,-11.269102683418174,0.12067054082980143,-61.04544352731048,-1.1573229341274334,86.77500654024074,0.6295741068180681,72.01616707956815,0.2719344611720337,-1.9854795248031643,0.00015748,0.25463061244189067,0.00081957,1,0.0
6641,3.877841347104752,8.683749482808253,-1.54e-06,1.6178178713416302,1.999735025193045,63.668655467704454,1.0052136313683062,28.322475055921913,0.12067054082980143,-20.321884164333447,-1.1573229341274334,-84.02443320992309,0.6295741068180681,7.352862639750644,0.2719344611720337,0.2611992780087693,0.00015748,4.086658388952307,0.00081957,0,0.0
6642,1.7367079531333107,5.530854828552709,-1.54e-06,1.6178178713416302,1.999735025193045,-37.516131049683395,1.0052136313683062,-2.623959225890428,0.12067054082980143,-39.28672003828629,-1.1573229341274334,22.870257731248174,0.6295741068180681,62.217561683816804,0.2719344611720337,-0.5572474567938183,0.00015748,1.8626197803537705,0.00081957,1,0.0
6643,0.09019748070373468,0.006829353327125853,-1.54e-06,1.6178178713416302,1.999735025193045,6.912099232418487,1.0052136313683062,6.833461603066033,0.12067054082980143,-35.25745608797869,-1.1573229341274334,12.503395820333935,0.6295741068180681,12.950726704669448,0.2719344611720337,0.35696997071568676,0.00015748,0.9387488745453076,0.00081957,0,0.0
6644,3.8590862166575555,6.717807295151028,-1.54e-06,1.6178178713416302,1.999735025193045,-4.0659927090596435,1.0052136313683062,16.986600395957698,0.12067054082980143,-52.73362818931666,-1.1573229341274334,-30.385612245218812,0.6295741068180681,66.39844701925884,0.2719344611720337,0.27301766223026736,0.00015748,2.408762388151927,0.00081957,0,0.0
6645,-0.146024799202912,0.6370868671185601,-1.54e-06,1.6178178713416302,1.999735025193045,54.50780000497517,1.0052136313683062,14.14261079677981,0.12067054082980143,-37.57846664109992,-1.1573229341274334,3.7492868769707473,0.6295741068180681,-19.820802161843666,0.2719344611720337,2.1449694032305735,0.00015748,2.5552577017601323,0.00081957,0,0.0
6646,1.962145111182619,15.346410935621194,-1.54e-06,1.6178178713416302,1.999735025193045,48.73891930977988,1.0052136313683062,8.862991281984414,0.12067054082980143,-94.45054009965112,-1.1573229341274334,29.61010669169341,0.6295741068180681,45.754654786054076,0.2719344611720337,0.27116113371172457,0.00015748,8.85272421523937,0.00081957,0,0.0
6647,-2.473581076890219,63.28644060426819,-1.54e-06,1.6178178713416302,1.999735025193045,-19.017350420556383,1.0052136313683062,16.996272690681966,0.12067054082980143,-42.88895338127286,-1.1573229341274334,-4.208271583298932,0.6295741068180681,8.518405760752568,0.2719344611720337,-10.616303454563967,0.00015748,0.9207608366153543,0.00081957,1,0.0
6648,4.600107903475893,11.318919071837716,-1.54e-06,1.6178178713416302,1.999735025193045,84.44282762536206,1.0052136313683062,45.625743248225305,0.12067054082980143,-83.91244065027851,-1.1573229341274334,-79.31477630438515,0.6295741068180681,30.89772046956608,0.2719344611720337,0.26995679560688535,0.00015748,6.339108024923112,0.00081957,0,0.0
6649,0.6406959078349992,0.3437493185123735,-1.54e-06,1.6178178713416302,1.999735025193045,97.54233971107088,1.0052136313683062,35.28285449002774,0.12067054082980143,-96.29029311458362,-1.1573229341274334,-18.63179609339215,0.6295741068180681,-5.974897926375737,0.2719344611720337,0.26637496913052106,0.00015748,5.523722992345252,0.00081957,0,0.0
6650,1.733397535402264,13.11567415940192,-1.54e-06,1.6178178713416302,1.999735025193045,30.41912712731939,1.0052136313683062,12.865761545306862,0.12067054082980143,-6.12012952907637,-1.1573229341274334,-56.68569778917432,0.6295741068180681,7.8354775430649495,0.2719344611720337,-2.782307970085669,0.00015748,2.116030539904746,0.00081957,1,0.0
6651,-0.13486242851554575,0.694715926839746,-1.54e-06,1.6178178713416302,1.999735025193045,68.71729507971543,1.0052136313683062,23.435975303967673,0.12067054082980143,-85.71810060107595,-1.1573229341274334,20.82930682364936,0.6295741068180681,-5.546784592376328,0.2719344611720337,2.7775182120565542,0.00015748,3.8880056323304606,0.00081957,0,0.0
6652,1.4564769714641717,0.9340498190818125,-1.54e-06,1.6178178713416302,1.999735025193045,30.767301314084428,1.0052136313683062,21.962813225385638,0.12067054082980143,-77.18198171527493,-1.1573229341274334,-3.4496966722872684,0.6295741068180681,32.38448446367506,0.2719344611720337,0.2690578609645127,0.00015748,3.1182341650656134,0.00081957,0,0.0
6653,-0.7193276332669782,1.8838185576159379,-1.54e-06,1.6178178713416302,1.999735025193045,85.98995831860086,1.0052136313683062,22.727181024591342,0.12067054082980143,-76.4153187199205,-1.1573229341274334,24.35169773749982,0.6295741068180681,-28.27407276836556,0.2719344611720337,3.631029734858531,0.00015748,4.404021081191582,0.00081957,0,0.0
6654,0.6263117707481509,0.2943657360425365,-1.54e-06,1.6178178713416302,1.999735025193045,25.67889028946795,1.0052136313683062,10.329132726504461,0.12067054082980143,-22.234920259889343,-1.1573229341274334,-12.052633621248054,0.6295741068180681,0.618226551690919,0.2719344611720337,0.2985087978740385,0.00015748,1.5446237827264073,0.00081957,0,0.0
6655,-0.21066768234901723,0.8643258516281577,-1.54e-06,1.6178178713416302,1.999735025193045,60.715792924579986,1.0052136313683062,20.103508432729853,0.12067054082980143,-72.40091893557879,-1.1573229341274334,21.369265577866337,0.6295741068180681,-9.015267378313812,0.2719344611720337,3.015928580499843,0.00015748,3.2707920492768907,0.00081957,0,0.0
6656,0.8870018412597105,0.6335003739055345,-1.54e-06,1.6178178713416302,1.999735025193045,48.41563385695348,1.0052136313683062,15.323601076688314,0.12067054082980143,-24.078911842024144,-1.1573229341274334,-27.09672525785158,0.6295741068180681,-8.990067277570635,0.2719344611720337,0.28200655119831786,0.00015748,2.5071869226566914,0.00081957,0,0.0
6657,3.2728270356286187,5.377559916014937,-1.54e-06,1.6178178713416302,1.999735025193045,60.21175206192058,1.0052136313683062,34.20804286026254,0.12067054082980143,-78.77986727943697,-1.1573229341274334,-46.97746307633359,0.6295741068180681,32.27567291914371,0.2719344611720337,0.2677869629949341,0.00015748,4.871771825270262,0.00081957,0,0.0
6658,3.246124688938436,6.2215001885112935,-1.54e-06,1.6178178713416302,1.999735025193045,59.001017299251465,1.0052136313683062,23.114248503780185,0.12067054082980143,-12.552334061203078,-1.1573229341274334,-74.21028866097667,0.6295741068180681,1.5802697701201642,0.2719344611720337,0.27858250028571785,0.00015748,3.5479526334335185,0.00081957,0,0.0
6659,-1.212779203543597,2.9772627870961066,-1.54e-06,1.6178178713416302,1.999735025193045,19.937366701772522,1.0052136313683062,4.376543800834988,0.12067054082980143,-55.40139187867735,-1.1573229341274334,72.14312780131294,0.6295741068180681,-8.794311022564731,0.2719344611720337,0.8239194276845505,0.00015748,6.382744870457021,0.00081957,0,0.0
6660,2.473343271824269,12.242255069259137,-1.54e-06,1.6178178713416302,1.999735025193045,-54.586220787632314,1.0052136313683062,9.674232057126405,0.12067054082980143,-23.739787467496484,-1.1573229341274334,-37.534083159357984,0.6295741068180681,72.2959816866692,0.2719344611720337,-6.039217342285486,0.00015748,0.25304870112644196,0.00081957,1,0.0
6661,1.494596961285211,4.8854657526885,-1.54e-06,1.6178178713416302,1.999735025193045,70.42341003021312,1.0052136313683062,30.103360132651524,0.12067054082980143,-30.05637847512565,-1.1573229341274334,-45.813857586693786,0.6295741068180681,-24.567002468786967,0.2719344611720337,0.26572912426846695,0.00015748,4.444582422264085,0.00081957,0,0.0
6662,0.7385717769243443,0.15833408907782454,-1.54e-06,1.6178178713416302,1.999735025193045,9.287753601490888,1.0052136313683062,16.506927623989085,0.12067054082980143,-81.01269594763521,-1.1573229341274334,20.740475796147358,0.6295741068180681,39.66696094988846,0.2719344611720337,0.28018236691746945,0.00015748,2.177602251686255,0.00081957,0,0.0
6663,-2.245366328830278,5.012794437960261,-1.54e-06,1.6178178713416302,1.999735025193045,83.90145974423764,1.0052136313683062,6.355426595373357,0.12067054082980143,-25.48076245364641,-1.1573229341274334,50.57619392116499,0.6295741068180681,-71.87466103906291,0.2719344611720337,1.9324845258750472,0.00015748,7.870015035992083,0.00081957,0,0.0
6664,-1.6558606569956895,3.796205429770563,-1.54e-06,1.6178178713416302,1.999735025193045,29.646740346893054,1.0052136313683062,2.8036409359943724,0.12067054082980143,-49.2388963075368,-1.1573229341274334,76.41089789352438,0.6295741068180681,-22.55303171054371,0.2719344611720337,0.8287740816415874,0.00015748,7.162140834453517,0.00081957,0,0.0
6665,-0.3639236089755946,1.2815970667820769,-1.54e-06,1.6178178713416302,1.999735025193045,38.62318146058949,1.0052136313683062,17.015165832644705,0.12067054082980143,-64.16851895632493,-1.1573229341274334,30.229466114608922,0.6295741068180681,-4.730688451138477,0.2719344611720337,1.775615141470181,0.00015748,3.5413160907087176,0.00081957,0,0.0
6666,-1.546271772377552,8.401015761513415,-1.54e-06,1.6178178713416302,1.999735025193045,-42.33470946278237,1.0052136313683062,-9.680963307190302,0.12067054082980143,-34.767746895860036,-1.1573229341274334,71.2525086374356,0.6295741068180681,25.72556213425288,0.2719344611720337,-1.484980791521885,0.00015748,1.37624763033522,0.00081957,1,0.0
6667,5.394423811772198,13.758053309397573,-1.54e-06,1.6178178713416302,1.999735025193045,14.57267061879948,1.0052136313683062,25.804151676351147,0.12067054082980143,-46.50218025114334,-1.1573229341274334,-67.76108517875065,0.6295741068180681,65.4544941840788,0.2719344611720337,0.2902185190553601,0.00015748,3.4930735537833417,0.00081957,0,0.0
6668,-2.5638508054351163,5.486831827347223,-1.54e-06,1.6178178713416302,1.999735025193045,39.06082076324042,1.0052136313683062,0.3861240988032904,0.12067054082980143,-33.702017935814546,-1.1573229341274334,85.55372992336841,0.6295741068180681,-48.88707195142903,0.2719344611720337,0.35823860708646027,0.00015748,8.534165454061363,0.00081957,0,0.0
6669,-0.6007719596473975,1.5457604276422123,-1.54e-06,1.6178178713416302,1.999735025193045,39.30452047615325,1.0052136313683062,6.196420251061018,0.12067054082980143,-24.27774574316057,-1.1573229341274334,21.597054208235598,0.6295741068180681,-23.067316354204078,0.2719344611720337,1.323345293860292,0.00015748,3.5845441843514454,0.00081957,0,0.0
6670,-1.1387518309173925,2.748233125308465,-1.54e-06,1.6178178713416302,1.999735025193045,31.562887400680786,1.0052136313683062,2.1070390166799102,0.12067054082980143,-23.332683490649796,-1.1573229341274334,45.2355234464015,0.6295741068180681,-28.164415289985044,0.2719344611720337,0.7155676539173559,0.00015748,5.450722613384588,0.00081957,0,0.0
6671,-0.41712814721142855,1.2744952754436276,-1.54e-06,1.6178178713416302,1.999735025193045,-11.175779390901745,1.0052136313683062,5.628156312573398,0.12067054082980143,-74.53762526429185,-1.1573229341274334,73.4820605211588,0.6295741068180681,29.015129032687945,0.2719344611720337,0.4745968196019863,0.00015748,4.6836511612745575,0.00081957,0,0.0
6672,-0.9272613446555766,2.3618802272648836,-1.54e-06,1.6178178713416302,1.999735025193045,40.56330402575636,1.0052136313683062,10.24394782218619,0.12067054082980143,-60.527983632709514,-1.1573229341274334,52.36931113471162,0.6295741068180681,-13.240829146861216,0.2719344611720337,1.846314230474168,0.00015748,5.286961799233051,0.00081957,0,0.0
6673,3.6448427933056564,7.793082353652005,-1.54e-06,1.6178178713416302,1.999735025193045,63.325345266290654,1.0052136313683062,23.89170558032841,0.12067054082980143,-10.396394046984042,-1.1573229341274334,-82.64982904334406,0.6295741068180681,2.769476362114221,0.2719344611720337,0.2732412282378087,0.00015748,3.862403646257122,0.00081957,0,0.0
6674,3.510948699236606,6.154868362730747,-1.54e-06,1.6178178713416302,1.999735025193045,17.621995228691706,1.0052136313683062,18.10158566255481,0.12067054082980143,-26.57552820339792,-1.1573229341274334,-49.81313002611613,0.6295741068180681,35.42434059970796,0.2719344611720337,0.2771267719483912,0.00015748,2.476388566509388,0.00081957,0,0.0
6675,1.6819110208354722,5.644741299802596,-1.54e-06,1.6178178713416302,1.999735025193045,-55.763500451039896,1.0052136313683062,-0.6320841101485758,0.12067054082980143,-1.4181286257664956,-1.1573229341274334,-5.612482438022806,0.6295741068180681,47.81999067727736,0.2719344611720337,-2.54333036542704,0.00015748,0.09653864481394603,0.00081957,1,0.0
6676,0.019376456896763372,7.197920332627871,-1.54e-06,1.6178178713416302,1.999735025193045,11.579521662076026,1.0052136313683062,17.146762848072143,0.12067054082980143,-55.9647850282752,-1.1573229341274334,28.915355861575136,0.6295741068180681,6.082379882665681,0.2719344611720337,-0.3463873632120693,0.00015748,4.260822975526671,0.00081957,1,0.0
6677,-0.7426217328635749,10.473848103803775,-1.54e-06,1.6178178713416302,1.999735025193045,38.262033343531414,1.0052136313683062,20.456467053019683,0.12067054082980143,-67.77608813416232,-1.1573229341274334,75.0663613058189,0.6295741068180681,-29.183581121933464,0.2719344611720337,0.3929243496567807,0.00015748,11.164124487778194,0.00081957,0,0.0
6678,2.8851113299341713,4.950916032934815,-1.54e-06,1.6178178713416302,1.999735025193045,43.13374401874247,1.0052136313683062,19.79965671912942,0.12067054082980143,-9.883908082300838,-1.1573229341274334,-62.20174488100213,0.6295741068180681,4.827095777413838,0.2719344611720337,0.2771689333602705,0.00015748,2.7936029045682744,0.00081957,0,0.0
6679,2.1401334365015194,2.8148380702594884,-1.54e-06,1.6178178713416302,1.999735025193045,-7.460683523467127,1.0052136313683062,7.555264111901679,0.12067054082980143,-45.247311969304405,-1.1573229341274334,-0.891954748482451,0.6295741068180681,49.64634888006639,0.2719344611720337,0.2910093884712419,0.00015748,1.9471276420777726,0.00081957,0,0.0
6680,1.2559230050434098,0.8503265058991787,-1.54e-06,1.6178178713416302,1.999735025193045,-54.77025761887408,1.0052136313683062,-0.20097003964967547,0.12067054082980143,-54.942845503200886,-1.1573229341274334,37.681845101700354,0.6295741068180681,72.24620027013908,0.2719344611720337,-0.3568319785354819,0.00015748,0.31967458917503233,0.00081957,1,0.0
6681,0.006160594673382924,0.06430118864692864,-1.54e-06,1.6178178713416302,1.999735025193045,88.72981493224059,1.0052136313683062,24.91789491707917,0.12067054082980143,-54.02879969211639,-1.1573229341274334,-22.225106837386907,0.6295741068180681,-26.952918456775414,0.2719344611720337,0.26911237514271824,0.00015748,4.181431418460759,0.00081957,0,0.0
6682,-0.13368423707022536,0.6719270676482717,-1.54e-06,1.6178178713416302,1.999735025193045,68.59089956419226,1.0052136313683062,23.398348686179837,0.12067054082980143,-84.19329476048571,-1.1573229341274334,19.635570065005663,0.6295741068180681,-6.247851194628802,0.2719344611720337,2.727196306063503,0.00015748,3.8363461742393583,0.00081957,0,0.0
6683,-1.8145071853264092,8.106478316198313,-1.54e-06,1.6178178713416302,1.999735025193045,-30.162513052299044,1.0052136313683062,-8.055345542163042,0.12067054082980143,-33.13012906207014,-1.1573229341274334,67.30416734194795,0.6295741068180681,14.966297492333698,0.2719344611720337,-1.1947533153076981,0.00015748,1.2931658626344356,0.00081957,1,0.0
6684,-1.3236408461510902,3.05579854154544,-1.54e-06,1.6178178713416302,1.999735025193045,85.47873434719166,1.0052136313683062,14.385177799467836,0.12067054082980143,-39.587269514684905,-1.1573229341274334,24.558727405678056,0.6295741068180681,-53.415881241373505,0.2719344611720337,2.787737487964062,0.00015748,5.268767743882012,0.00081957,0,0.0
6685,0.8924556758254418,0.17387118409516406,-1.54e-06,1.6178178713416302,1.999735025193045,-26.102166848074457,1.0052136313683062,11.393937888555493,0.12067054082980143,-91.53821428515839,-1.1573229341274334,43.30408512453749,0.6295741068180681,67.20802326017898,0.2719344611720337,0.30961452974526893,0.00015748,1.3276836833664953,0.00081957,0,0.0
6686,1.363510010752123,1.3541420569743423,-1.54e-06,1.6178178713416302,1.999735025193045,46.84951508535687,1.0052136313683062,15.161874891235835,0.12067054082980143,-12.022594221564276,-1.1573229341274334,-39.23154564645999,0.6295741068180681,-9.842628070826581,0.2719344611720337,0.2957861139214646,0.00015748,2.3751168250309878,0.00081957,0,0.0
6687,0.004550527254161663,0.08869270841727442,-1.54e-06,1.6178178713416302,1.999735025193045,-17.23873048770077,1.0052136313683062,1.7547866905360359,0.12067054082980143,-34.63124298786835,-1.1573229341274334,24.187601371455475,0.6295741068180681,27.333348419064563,0.2719344611720337,-0.10264511070592733,0.00015748,0.124479058393998,0.00081957,1,0.0
6688,0.6718463992612285,5.539260074655829,-1.54e-06,1.6178178713416302,1.999735025193045,51.08159750947011,1.0052136313683062,0.7259067652255167,0.12067054082980143,-12.949928222127298,-1.1573229341274334,2.666993916483358,0.6295741068180681,-14.175271385365903,0.2719344611720337,0.33836605279461107,0.00015748,6.065383950466397,0.00081957,0,0.0
6689,-0.006173956841990957,0.3859976685582054,-1.54e-06,1.6178178713416302,1.999735025193045,87.36153835317621,1.0052136313683062,19.863018410540196,0.12067054082980143,-38.03844641901565,-1.1573229341274334,-19.64958308803925,0.6295741068180681,-34.46632028601244,0.2719344611720337,1.2344041831602675,0.00015748,3.9701259742725905,0.00081957,0,0.0
6690,4.508842868217135,13.803604834724123,-1.54e-06,1.6178178713416302,1.999735025193045,51.10190539379586,1.0052136313683062,36.42610897891698,0.12067054082980143,-66.14064540158493,-1.1573229341274334,-58.05531792800079,0.6295741068180681,36.6174744335988,0.2719344611720337,1.622390595233174,0.00015748,4.9846893205812925,0.00081957,0,0.0
6691,2.676326244914719,3.3090456888926885,-1.54e-06,1.6178178713416302,1.999735025193045,-27.811596868106925,1.0052136313683062,7.462886107995464,0.12067054082980143,-33.00879474269872,-1.1573229341274334,-15.01182069708381,0.6295741068180681,60.29486427752563,0.2719344611720337,-0.6762648575904463,0.00015748,0.7760521004622277,0.00081957,1,0.0
6692,0.5100259115923746,10.42674253043593,-1.54e-06,1.6178178713416302,1.999735025193045,67.46285951754147,1.0052136313683062,10.048365653360463,0.12067054082980143,-100.0,-1.1573229341274334,40.822288772508955,0.6295741068180681,23.123504738148235,0.2719344611720337,0.2496169601398579,0.00015748,8.680817586049542,0.00081957,0,0.0
6693,1.7262825188052335,3.1072663539952985,-1.54e-06,1.6178178713416302,1.999735025193045,-67.0065629582521,1.0052136313683062,-5.507802562039279,0.12067054082980143,-21.94916410432543,-1.1573229341274334,21.348433252337266,0.6295741068180681,67.82488275239544,0.2719344611720337,-1.2665658619318452,0.00015748,0.1982617811676637,0.00081957,1,0.0
6694,2.765061748312746,25.219241767310677,-1.54e-06,1.6178178713416302,1.999735025193045,5.322187518492766,1.0052136313683062,-0.5303556971919821,0.12067054082980143,-99.87443227314513,-1.1573229341274334,63.175152200317974,0.6295741068180681,79.11829945156248,0.2719344611720337,0.266394647060209,0.00015748,10.46086240521154,0.00081957,0,0.0
6695,0.6377997317911919,0.07292681896211249,-1.54e-06,1.6178178713416302,1.999735025193045,-12.441020727431317,1.0052136313683062,12.56221963029796,0.12067054082980143,-83.9372037561564,-1.1573229341274334,35.935372587630454,0.6295741068180681,52.558761939177515,0.2719344611720337,0.30011376922080735,0.00015748,1.5296969539457816,0.00081957,0,0.0
6696,2.8357057301714725,4.653542875453397,-1.54e-06,1.6178178713416302,1.999735025193045,89.23792908606332,1.0052136313683062,36.46341007090657,0.12067054082980143,-67.64592156269848,-1.1573229341274334,-60.59824409367958,0.6295741068180681,5.824041979133939,0.2719344611720337,0.2672035628286711,0.00015748,5.506083919296911,0.00081957,0,0.0
6697,0.7176005062059918,0.5673517674675326,-1.54e-06,1.6178178713416302,1.999735025193045,54.133683919411276,1.0052136313683062,13.732603651813134,0.12067054082980143,-9.288997295069448,-1.1573229341274334,-34.017451820545396,0.6295741068180681,-21.262425016347585,0.2719344611720337,0.2875896989900011,0.00015748,2.3629637505385612,0.00081957,0,0.0
6698,0.005568131379303676,0.013355204929044856,-1.54e-06,1.6178178713416302,1.999735025193045,-0.3342390680383444,1.0052136313683062,15.058200160288683,0.12067054082980143,-99.67456458824978,-1.1573229341274334,52.65384660061906,0.6295741068180681,44.28354880425912,0.2719344611720337,1.1966553447089558,0.00015748,2.147852882127625,0.00081957,0,0.0
6699,4.981372402619064,11.676655945167454,-1.54e-06,1.6178178713416302,1.999735025193045,16.130718097757686,1.0052136313683062,25.525843125980753,0.12067054082980143,-49.87723056774774,-1.1573229341274334,-61.0821196557451,0.6295741068180681,62.05386352691561,0.2719344611720337,0.2669053497750842,0.00015748,3.453225931626812,0.00081957,0,0.0
6700,0.9312105050527395,0.2514387459372641,-1.54e-06,0.8768481884349242,2.6102580191229356,-21.379742029391597,1.0052136313683062,5.825915857177753,0.12067054082980143,-31.944563370024596,-1.1573229341274334,2.1473577630548535,0.6295741068180681,38.807799005964135,0.2719344611720337,-0.15428347143840757,0.00015748,0.15910070622355418,0.00081957,1,0.0
6701,-0.3852940037482737,1.4582230619495493,-1.54e-06,0.8768481884349242,2.6102580191229356,46.29884078370791,1.0052136313683062,22.706946867465497,0.12067054082980143,-51.28737612847167,-1.1573229341274334,73.7129538775923,0.6295741068180681,-32.75649518065296,0.2719344611720337,2.480342650779657,0.00015748,4.844240598599344,0.00081957,0,0.0
6702,0.012224982083292257,0.006623302368105409,-1.54e-06,0.8768481884349242,2.6102580191229356,35.93219805394826,1.0052136313683062,51.019684354493286,0.12067054082980143,-98.75103475419353,-1.1573229341274334,16.73511429428057,0.6295741068180681,3.96545607411573,0.2719344611720337,0.26056888159919644,0.00015748,6.369627829401583,0.00081957,0,0.0
6703,1.4966516386466293,0.7696102620744,-1.54e-06,0.8768481884349242,2.6102580191229356,29.02588719792638,1.0052136313683062,57.63674629839219,0.12067054082980143,-69.92063495304829,-1.1573229341274334,-56.86850874178298,0.6295741068180681,20.102315356888443,0.2719344611720337,0.2599036128963026,0.00015748,6.751434136655902,0.00081957,0,0.0
6704,1.7020635429913766,0.8850711371576876,-1.54e-06,0.8768481884349242,2.6102580191229356,16.634353536856878,1.0052136313683062,57.20025897923946,0.12067054082980143,-89.67697010428412,-1.1573229341274334,-38.23586008585961,0.6295741068180681,37.94552893301022,0.2719344611720337,0.2611348913014333,0.00015748,6.379145153250871,0.00081957,0,0.0
6705,-0.0067200226303445465,0.3036445511975029,-1.54e-06,0.8768481884349242,2.6102580191229356,44.702553498586404,1.0052136313683062,39.6664334658827,0.12067054082980143,-64.59138612609972,-1.1573229341274334,25.478016925595732,0.6295741068180681,-17.99697517355077,0.2719344611720337,1.45194044760729,0.00015748,5.766892485659257,0.00081957,0,0.0
6706,0.0003405780949607973,0.1071728355024191,-1.54e-06,0.8768481884349242,2.6102580191229356,61.75430763424285,1.0052136313683062,41.98522649953959,0.12067054082980143,-21.898946118943016,-1.1573229341274334,-47.84184388091524,0.6295741068180681,-38.83763150335038,0.2719344611720337,0.5587626479537602,0.00015748,6.654564268585087,0.00081957,0,0.0
6707,0.0005320537154389626,0.004546820014744483,-1.54e-06,0.8768481884349242,2.6102580191229356,24.214787914522894,1.0052136313683062,37.70878829987181,0.12067054082980143,-79.57797688654458,-1.1573229341274334,21.778882070532607,0.6295741068180681,6.1223596037271975,0.2719344611720337,0.2670942477651703,0.00015748,4.619869814341152,0.00081957,0,0.0
6708,0.03725181439686731,3.8430245765750946,-1.54e-06,0.8768481884349242,2.6102580191229356,-19.40109211671059,1.0052136313683062,-16.106136679516364,0.12067054082980143,-28.290742873188,-1.1573229341274334,74.5530351811656,0.6295741068180681,21.236321517642345,0.2719344611720337,-1.3501170930943363,0.00015748,1.0921116088892577,0.00081957,1,0.0
6709,-0.001133312793186736,0.22403014487299314,-1.54e-06,0.8768481884349242,2.6102580191229356,33.963932564823,1.0052136313683062,40.91127846439992,0.12067054082980143,-89.04453997651747,-1.1573229341274334,50.6441830088917,0.6295741068180681,-2.889072599843045,0.2719344611720337,1.4117673241504796,0.00015748,5.392757871194437,0.00081957,0,0.0
6710,-0.2637184952355758,1.3226943337509964,-1.54e-06,0.8768481884349242,2.6102580191229356,38.99815367429366,1.0052136313683062,20.455200448869384,0.12067054082980143,-43.65741192185517,-1.1573229341274334,76.11728082757696,0.6295741068180681,-30.48935721205771,0.2719344611720337,2.739829465791985,0.00015748,3.7515366509243195,0.00081957,0,0.0
6711,0.000962216742942168,0.07016052016779122,-1.54e-06,0.8768481884349242,2.6102580191229356,56.23204277878113,1.0052136313683062,63.71917256286009,0.12067054082980143,-99.66300534047392,-1.1573229341274334,0.7916985506477183,0.6295741068180681,-11.954010485694237,0.2719344611720337,0.5748095609040216,0.00015748,8.2485680471482,0.00081957,0,0.0
6712,2.7856018503002518,2.158195045421384,-1.54e-06,0.8768481884349242,2.6102580191229356,-46.98915259436612,1.0052136313683062,13.545694240712303,0.12067054082980143,-39.51448823323052,-1.1573229341274334,-50.64507939087313,0.6295741068180681,87.03667166595886,0.2719344611720337,-0.4557877691758873,0.00015748,0.45185000362601196,0.00081957,1,0.0
6713,-0.3396130136695188,1.7077455340963503,-1.54e-06,0.8768481884349242,2.6102580191229356,63.62896049155562,1.0052136313683062,33.09747842745571,0.12067054082980143,-33.11812430005465,-1.1573229341274334,47.35397605318692,0.6295741068180681,-53.69916017619655,0.2719344611720337,3.031477073032402,0.00015748,5.58487040824291,0.00081957,0,0.0
6714,-0.000502124239387669,0.05382126210130228,-1.54e-06,0.8768481884349242,2.6102580191229356,73.68530410908406,1.0052136313683062,57.803556435606566,0.12067054082980143,-43.719441719894384,-1.1573229341274334,-60.76585145870285,0.6295741068180681,-39.25505903030853,0.2719344611720337,0.26154442442054027,0.00015748,8.593371644405064,0.00081957,0,0.0
6715,0.41515407203600985,0.15715938389911294,-1.54e-06,0.8768481884349242,2.6102580191229356,-4.223174311729351,1.0052136313683062,32.40432091507639,0.12067054082980143,-99.73585637452226,-1.1573229341274334,61.4197621890559,0.6295741068180681,34.77061724368908,0.2719344611720337,0.4991809531480951,0.00015748,2.7624393297022154,0.00081957,0,0.0
6716,1.029835034704725,1.3951407770341246,-1.54e-06,0.8768481884349242,2.6102580191229356,11.483967789777724,1.0052136313683062,36.16344251334075,0.12067054082980143,-47.99477772932185,-1.1573229341274334,6.203254768058113,0.6295741068180681,11.085826691025616,0.2719344611720337,1.1234806274306954,0.00015748,3.2988422445812153,0.00081957,0,0.0
6717,-0.10105768393911152,0.8997636008357254,-1.54e-06,0.8768481884349242,2.6102580191229356,35.02814511412527,1.0052136313683062,32.421087668532344,0.12067054082980143,-91.17689700063828,-1.1573229341274334,90.68689777701125,0.6295741068180681,-7.963015626061234,0.2719344611720337,2.415961715675576,0.00015748,5.157498961506781,0.00081957,0,0.0
6718,1.93722092628492,3.8751956669152294,-1.54e-06,0.8768481884349242,2.6102580191229356,29.7854343430241,1.0052136313683062,39.068424064781816,0.12067054082980143,-28.78603987439353,-1.1573229341274334,-25.551606568505207,0.6295741068180681,2.783378761568329,0.2719344611720337,2.6306920641327936,0.00015748,5.237853475606627,0.00081957,0,0.0
6719,0.002195799740465576,0.02673717853093719,-1.54e-06,0.8768481884349242,2.6102580191229356,44.155514874255665,1.0052136313683062,36.85530283512311,0.12067054082980143,-35.56157483055614,-1.1573229341274334,-27.971318008794757,0.6295741068180681,-21.072156642866695,0.2719344611720337,0.2626277110688884,0.00015748,5.380090699901219,0.00081957,0,0.0
6720,0.38570219491645075,0.6789447199035208,-1.54e-06,0.8768481884349242,2.6102580191229356,43.12671286880817,1.0052136313683062,64.97873850804339,0.12067054082980143,-91.29776712034956,-1.1573229341274334,-5.7940505700106,0.6295741068180681,-3.35183916193315,0.2719344611720337,0.5978240838350617,0.00015748,6.966558585730261,0.00081957,0,0.0
6721,-0.034145458593398015,12.010590430729472,-1.54e-06,0.8768481884349242,2.6102580191229356,93.14293962976502,1.0052136313683062,69.38186543719425,0.12067054082980143,-20.866625723629284,-1.1573229341274334,62.54907746086156,0.6295741068180681,-98.97389029792922,0.2719344611720337,4.236994856164117,0.00015748,8.03532930730724,0.00081957,0,0.0
6722,1.0137920514972378,1.8210173139796728,-1.54e-06,0.8768481884349242,2.6102580191229356,51.648309474691445,1.0052136313683062,32.836678221407276,0.12067054082980143,-13.569737583074891,-1.1573229341274334,-75.76885077024889,0.6295741068180681,-15.688202472918842,0.2719344611720337,0.31260364287049214,0.00015748,7.413033669068524,0.00081957,0,0.0
6723,0.00448959969876217,0.21192205555139595,-1.54e-06,0.8768481884349242,2.6102580191229356,9.648404325638438,1.0052136313683062,10.636581171783593,0.12067054082980143,-35.66818932047126,-1.1573229341274334,50.16884838255136,0.6295741068180681,-2.2036094239064146,0.2719344611720337,1.376826856211998,0.00015748,1.4027994527810406,0.00081957,0,0.0
6724,2.5021951385091707,4.283133607999472,-1.54e-06,0.8768481884349242,2.6102580191229356,-37.0347308563305,1.0052136313683062,25.39919242446704,0.12067054082980143,-40.27603242558945,-1.1573229341274334,-78.19447624221242,0.6295741068180681,78.06999177978896,0.2719344611720337,-1.333522122753795,0.00015748,1.3604804483446258,0.00081957,1,0.0
6725,0.0007752476613538395,0.023676181801655427,-1.54e-06,0.8768481884349242,2.6102580191229356,41.49208361240186,1.0052136313683062,36.24681122448354,0.12067054082980143,-39.23683133582447,-1.1573229341274334,-22.329810797636654,0.6295741068180681,-18.13956771484282,0.2719344611720337,0.26914182149648713,0.00015748,5.211304484361681,0.00081957,0,0.0
6726,0.0013373422315066108,0.18883581186528436,-1.54e-06,0.8768481884349242,2.6102580191229356,71.0831111872796,1.0052136313683062,51.14530808163847,0.12067054082980143,-44.08296745253134,-1.1573229341274334,-39.56229838793002,0.6295741068180681,-38.62967263624679,0.2719344611720337,0.7373675478953294,0.00015748,8.253262303472107,0.00081957,0,0.0
6727,0.6979222517719745,0.18634864003444282,-1.54e-06,0.8768481884349242,2.6102580191229356,14.237473980060185,1.0052136313683062,37.2065298429831,0.12067054082980143,-66.50235518863241,-1.1573229341274334,-3.92083757575731,0.6295741068180681,18.28912425677189,0.2719344611720337,0.26884683445393853,0.00015748,4.120473354427498,0.00081957,0,0.0
6728,1.1397039159128017,2.342702429384571,-1.54e-06,0.8768481884349242,2.6102580191229356,-25.84518243061976,1.0052136313683062,-1.031661532418834,0.12067054082980143,-67.35198050434634,-1.1573229341274334,86.66611240630176,0.6295741068180681,49.14862364554655,0.2719344611720337,0.19629878378714272,0.00015748,2.0686075699077824,0.00081957,0,0.0
6729,0.0013534466119548977,0.24806189278994314,-1.54e-06,0.8768481884349242,2.6102580191229356,7.378115950922699,1.0052136313683062,1.9220814024090886,0.12067054082980143,-14.74586670983364,-1.1573229341274334,44.04131100782486,0.6295741068180681,-7.072262644444215,0.2719344611720337,0.5450778030811833,0.00015748,1.4599142884548884,0.00081957,0,0.0
6730,0.006160116447873287,0.0015102625245386205,-1.54e-06,0.8768481884349242,2.6102580191229356,4.6660708901156305,1.0052136313683062,23.145591686321,0.12067054082980143,-72.08609544155024,-1.1573229341274334,43.07764479929648,0.6295741068180681,17.4316495692674,0.2719344611720337,0.2786640532692106,0.00015748,2.4429972926633,0.00081957,0,0.0
6731,0.7090276156248727,4.236549973815145,-1.54e-06,0.8768481884349242,2.6102580191229356,29.814551034992345,1.0052136313683062,32.90199929427029,0.12067054082980143,-48.9732829190121,-1.1573229341274334,86.98242296492718,0.6295741068180681,-20.049205436211057,0.2719344611720337,2.7834285042075697,0.00015748,4.668967473559802,0.00081957,0,0.0
6732,2.6911378081360064,2.1044427423947716,-1.54e-06,0.8768481884349242,2.6102580191229356,-34.72806461104878,1.0052136313683062,27.80065299861661,0.12067054082980143,-70.72050051941973,-1.1573229341274334,-22.51102386714341,0.6295741068180681,82.55363151415453,0.2719344611720337,0.2829854306602311,0.00015748,2.0866894238158054,0.00081957,0,0.0
6733,1.2890443422161693,0.47875050645477973,-1.54e-06,0.8768481884349242,2.6102580191229356,4.597429145064666,1.0052136313683062,47.08360732595295,0.12067054082980143,-97.42794506351409,-1.1573229341274334,0.287567986618529,0.6295741068180681,42.7244010052494,0.2719344611720337,0.2665693763471353,0.00015748,4.843929103960126,0.00081957,0,0.0
6734,6.590913671533638e-05,0.07652157613102975,-1.54e-06,0.8768481884349242,2.6102580191229356,2.547068781605124,1.0052136313683062,6.243258559885843,0.12067054082980143,-30.80034551364621,-1.1573229341274334,41.572149152308185,0.6295741068180681,3.7649410340105116,0.2719344611720337,0.780099484554321,0.00015748,0.8784001385779421,0.00081957,0,0.0
6735,-0.472322391623488,2.3935452216121886,-1.54e-06,0.8768481884349242,2.6102580191229356,86.53422581112055,1.0052136313683062,62.87286472971426,0.12067054082980143,-95.01104157250633,-1.1573229341274334,78.87890185136038,0.6295741068180681,-56.46692311744141,0.2719344611720337,3.7672082971132563,0.00015748,9.099594820937327,0.00081957,0,0.0
6736,2.27320448009148,3.920084248813234,-1.54e-06,0.8768481884349242,2.6102580191229356,1.42369046495956,1.0052136313683062,72.4462824117738,0.12067054082980143,-99.56056663038478,-1.1573229341274334,-23.766754482206032,0.6295741068180681,48.65437790675376,0.2719344611720337,0.28669277403425353,0.00015748,5.70610942593021,0.00081957,0,0.0
6737,-0.23219844713273607,2.216009864531542,-1.54e-06,0.8768481884349242,2.6102580191229356,100.0,1.0052136313683062,62.76252138888948,0.12067054082980143,-24.835871673722792,-1.1573229341274334,-18.926184122278535,0.6295741068180681,-81.79229135225485,0.2719344611720337,2.897250579566604,0.00015748,8.940207032779211,0.00081957,0,0.0
6738,-0.0004971167192584502,0.4246963309347348,-1.54e-06,0.8768481884349242,2.6102580191229356,47.525785190794664,1.0052136313683062,38.054318581273556,0.12067054082980143,-58.08883764667049,-1.1573229341274334,26.733383420305834,0.6295741068180681,-23.027220851018214,0.2719344611720337,1.716197982600307,0.00015748,5.773020424458157,0.00081957,0,0.0
6739,0.8029205707653173,5.634100924055668,-1.54e-06,0.8768481884349242,2.6102580191229356,19.007101315481343,1.0052136313683062,34.6621701521186,0.12067054082980143,-38.39637932394531,-1.1573229341274334,76.18912512895399,0.6295741068180681,-16.565955008641975,0.2719344611720337,0.885609598399028,0.00015748,4.824881605540759,0.00081957,0,0.0
6740,2.2812411135551636,7.898503804262663,-1.54e-06,0.8768481884349242,2.6102580191229356,-59.62558399712772,1.0052136313683062,-19.222073824747927,0.12067054082980143,-26.643829962632804,-1.1573229341274334,-20.893353524732987,0.6295741068180681,92.77745430137884,0.2719344611720337,-2.1453912016842125,0.00015748,0.17545777994501566,0.00081957,1,0.0
6741,0.5831315414422442,0.27971022161258136,-1.54e-06,0.8768481884349242,2.6102580191229356,75.38620409108228,1.0052136313683062,69.40444907164853,0.12067054082980143,-52.38754297254537,-1.1573229341274334,-84.71773639397881,0.6295741068180681,-29.916718612934957,0.2719344611720337,0.26124303164883145,0.00015748,9.751081584872079,0.00081957,0,0.0
6742,2.069215556962866,7.664986965196933,-1.54e-06,0.8768481884349242,2.6102580191229356,-63.63751584643936,1.0052136313683062,-22.214884644592097,0.12067054082980143,-14.100412230850617,-1.1573229341274334,10.824890713492124,0.6295741068180681,80.45190313259286,0.2719344611720337,-3.03934216570348,0.00015748,0.23297003197506672,0.00081957,1,0.0
6743,0.486314781382681,0.09479463006298898,-1.54e-06,0.8768481884349242,2.6102580191229356,-0.7879238955653782,1.0052136313683062,20.45650885636682,0.12067054082980143,-53.33561885122437,-1.1573229341274334,18.82632744264642,0.6295741068180681,21.869968702914374,0.2719344611720337,0.28871822555567395,0.00015748,1.970109078144799,0.00081957,0,0.0
6744,1.2820286469801918,0.5087063352716731,-1.54e-06,0.8768481884349242,2.6102580191229356,-14.1913071794729,1.0052136313683062,21.994877468658434,0.12067054082980143,-58.19248276331195,-1.1573229341274334,4.822814190142732,0.6295741068180681,44.07419723380419,0.2719344611720337,0.28899737802085446,0.00015748,1.855088934132278,0.00081957,0,0.0
6745,0.1386572688537122,0.015005200664430502,-1.54e-06,0.8768481884349242,2.6102580191229356,5.963704235024066,1.0052136313683062,23.92782384831765,0.12067054082980143,-65.30302091168467,-1.1573229341274334,31.71990483647088,0.6295741068180681,16.13266197053842,0.2719344611720337,0.2837576486826865,0.00015748,2.5376308480524905,0.00081957,0,0.0
6746,-1.0262142736756155,3.099987149332075,-1.54e-06,0.8768481884349242,2.6102580191229356,95.64872229908437,1.0052136313683062,39.75167256691947,0.12067054082980143,-35.84211864502312,-1.1573229341274334,67.46031645835073,0.6295741068180681,-88.20880180379046,0.2719344611720337,3.8133011085051933,0.00015748,7.7745366899465775,0.00081957,0,0.0
6747,1.1019825130188918,0.41367334867893424,-1.54e-06,0.8768481884349242,2.6102580191229356,-17.69944497451501,1.0052136313683062,6.883017120465748,0.12067054082980143,-15.55640709598301,-1.1573229341274334,-25.394344463871327,0.6295741068180681,34.21526336468231,0.2719344611720337,-0.30883515767861236,0.00015748,0.30962836618570555,0.00081957,1,0.0
6748,0.2265368690363004,0.028010361301089876,-1.54e-06,0.8768481884349242,2.6102580191229356,-2.736576904010946,1.0052136313683062,1.891822690542463,0.12067054082980143,-1.1483942771031022,-1.1573229341274334,-8.69690373566073,0.6295741068180681,5.779214255124368,0.2719344611720337,-0.09958511588993114,0.00015748,0.10160038110621013,0.00081957,1,0.0
6749,1.1932264960884411,2.821371271700839,-1.54e-06,0.8768481884349242,2.6102580191229356,-40.18539867219196,1.0052136313683062,-8.255940802748421,0.12067054082980143,-40.43198011221976,-1.1573229341274334,30.879016721780165,0.6295741068180681,59.635144735153574,0.2719344611720337,-1.1385735829889831,0.00015748,0.20185826483136782,0.00081957,1,0.0
6750,-0.08915184948372804,1.0213425469142214,-1.54e-06,0.8768481884349242,2.6102580191229356,18.48201030760236,1.0052136313683062,-1.2822639626362438,0.12067054082980143,-2.2731351607590087,-1.1573229341274334,65.68809279989087,0.6295741068180681,-25.75185976116902,0.2719344611720337,0.6104588772090049,0.00015748,2.7314998380250675,0.00081957,0,0.0
6751,0.9030266956851045,0.7399294701388766,-1.54e-06,0.8768481884349242,2.6102580191229356,60.23831827634974,1.0052136313683062,54.26499654561879,0.12067054082980143,-44.78421816108161,-1.1573229341274334,-76.49378794359518,0.6295741068180681,-15.145464283092318,0.2719344611720337,0.28833040435129575,0.00015748,8.6829824970292,0.00081957,0,0.0
6752,0.3219504060578884,0.04989703900777488,-1.54e-06,0.8768481884349242,2.6102580191229356,27.41042063238374,1.0052136313683062,50.16023184989487,0.12067054082980143,-99.86017537782425,-1.1573229341274334,14.476073809939665,0.6295741068180681,14.372138627928132,0.2719344611720337,0.26261589152150355,0.00015748,5.937718381835646,0.00081957,0,0.0
6753,0.002834025130861395,0.17395197338316382,-1.54e-06,0.8768481884349242,2.6102580191229356,65.083913941297,1.0052136313683062,55.69024325249173,0.12067054082980143,-66.40504803844053,-1.1573229341274334,-15.824102764640406,0.6295741068180681,-29.29187208423437,0.2719344611720337,0.9459422511642273,0.00015748,8.098584643403106,0.00081957,0,0.0
6754,-0.15107263421245687,1.2731941734259504,-1.54e-06,0.8768481884349242,2.6102580191229356,73.5767269301179,1.0052136313683062,56.22131285508347,0.12067054082980143,-86.17437560118655,-1.1573229341274334,50.36974489316445,0.6295741068180681,-40.00168959695137,0.2719344611720337,2.826074597745546,0.00015748,8.520318156308198,0.00081957,0,0.0
6755,-0.0004450242830484896,0.0361163263195109,-1.54e-06,0.8768481884349242,2.6102580191229356,21.19253106949871,1.0052136313683062,21.41974847416896,0.12067054082980143,-35.979056424353296,-1.1573229341274334,9.10994546543422,0.6295741068180681,-6.0681666070744225,0.2719344611720337,0.5081067615148029,0.00015748,2.963076748095814,0.00081957,0,0.0
6756,0.0009305524176976832,0.007643747434601969,-1.54e-06,0.8768481884349242,2.6102580191229356,31.576753515991637,1.0052136313683062,41.46984183531195,0.12067054082980143,-78.44641321436586,-1.1573229341274334,11.959533847656704,0.6295741068180681,0.8733308559568631,0.2719344611720337,0.2636286463150519,0.00015748,5.349856210634066,0.00081957,0,0.0
6757,2.0280813788046768,1.2805092916342806,-1.54e-06,0.8768481884349242,2.6102580191229356,9.81029920046424,1.0052136313683062,47.822334629454325,0.12067054082980143,-58.209973614114176,-1.1573229341274334,-61.45265380699823,0.6295741068180681,37.49989661630374,0.2719344611720337,0.2664866737880036,0.00015748,5.200946636522941,0.00081957,0,0.0
6758,-0.09521973420100949,1.4540967727969127,-1.54e-06,0.8768481884349242,2.6102580191229356,79.63612796170929,1.0052136313683062,36.02863087549391,0.12067054082980143,-25.58503573026495,-1.1573229341274334,-13.411743266519233,0.6295741068180681,-54.123725924439,0.2719344611720337,1.6530890805754415,0.00015748,8.506309451957963,0.00081957,0,0.0
6759,0.003273128452889462,0.016362277722689902,-1.54e-06,0.8768481884349242,2.6102580191229356,4.004997501714585,1.0052136313683062,5.318171942041028,0.12067054082980143,-16.35650752597326,-1.1573229341274334,16.045659611625084,0.6295741068180681,0.600943354384605,0.2719344611720337,0.38199753309506423,0.00015748,0.7267097064484345,0.00081957,0,0.0
6760,-1.5742573094241765,17.231868978762776,-1.54e-06,0.8768481884349242,2.6102580191229356,-13.818185733561487,1.0052136313683062,-39.337934833170664,0.12067054082980143,-8.67830115873558,-1.1573229341274334,29.411542091273034,0.6295741068180681,11.397633117394008,0.2719344611720337,-3.984259623191069,0.00015748,0.2017652673366488,0.00081957,1,0.0
6761,-0.05145377118713457,0.85528414109758,-1.54e-06,0.8768481884349242,2.6102580191229356,72.52865873990028,1.0052136313683062,52.15774837012127,0.12067054082980143,-68.81689483639434,-1.1573229341274334,20.71616609193209,0.6295741068180681,-39.69275432122541,0.2719344611720337,2.206966229051944,0.00015748,8.404986063854178,0.00081957,0,0.0
6762,0.07618530355042763,0.11192434497646439,-1.54e-06,0.8768481884349242,2.6102580191229356,83.37566056884211,1.0052136313683062,72.37006041128228,0.12067054082980143,-61.84704371364783,-1.1573229341274334,-67.98788415340792,0.6295741068180681,-40.16252071574594,0.2719344611720337,0.26893140573807717,0.00015748,10.110893354082528,0.00081957,0,0.0
6763,-0.01011145288542692,1.0284844937858377,-1.54e-06,0.8768481884349242,2.6102580191229356,25.147804031899806,1.0052136313683062,29.267639768507077,0.12067054082980143,-60.469171028947336,-1.1573229341274334,74.78294632387558,0.6295741068180681,-13.158618974402144,0.2719344611720337,2.186870531047265,0.00015748,3.2451895919690386,0.00081957,0,0.0
6764,0.0006943075041279112,0.014724098277104258,-1.54e-06,0.8768481884349242,2.6102580191229356,26.815995859167913,1.0052136313683062,25.89815068276869,0.12067054082980143,-34.89634636103832,-1.1573229341274334,-6.274435804644456,0.6295741068180681,-9.260997747993203,0.2719344611720337,0.2686670179046864,0.00015748,3.5990336909210496,0.00081957,0,0.0
6765,0.006076799282905387,0.10264802302435876,-1.54e-06,0.8768481884349242,2.6102580191229356,74.61326782743816,1.0052136313683062,59.93816735775278,0.12067054082980143,-55.85177768035806,-1.1573229341274334,-45.87814601962949,0.6295741068180681,-37.15939162646384,0.2719344611720337,0.5479175074905855,0.00015748,8.951260786651048,0.00081957,0,0.0
6766,0.0018834121341796406,0.21558828547473036,-1.54e-06,0.8768481884349242,2.6102580191229356,27.155538529009405,1.0052136313683062,14.066687728008127,0.12067054082980143,-8.820913650236172,-1.1573229341274334,7.360429757696848,0.6295741068180681,-21.60085667722635,0.2719344611720337,1.1498197191793977,0.00015748,2.524740985590019,0.00081957,0,0.0
6767,1.5533258165040356,0.797581677933759,-1.54e-06,0.8768481884349242,2.6102580191229356,2.8075199952542884,1.0052136313683062,29.483234686998937,0.12067054082980143,-31.811428532128442,-1.1573229341274334,-45.97700221149744,0.6295741068180681,27.818508330847674,0.2719344611720337,0.2720849912351295,0.00015748,3.1143507462475846,0.00081957,0,0.0
6768,-0.554454166554244,8.495241046421157,-1.54e-06,0.8768481884349242,2.6102580191229356,-34.61075414664074,1.0052136313683062,-34.75786441762777,0.12067054082980143,-16.89236296543857,-1.1573229341274334,88.60772562222107,0.6295741068180681,24.9424340318589,0.2719344611720337,-3.5319378590519,0.00015748,0.22946972214629402,0.00081957,1,0.0
6769,0.0010124686956882734,0.06811690815550524,-1.54e-06,0.8768481884349242,2.6102580191229356,68.59846479957511,1.0052136313683062,43.34334193216418,0.12067054082980143,-6.735099780563301,-1.1573229341274334,-74.32126620240497,0.6295741068180681,-46.95408385153214,0.2719344611720337,0.2610522554270238,0.00015748,7.032869355571431,0.00081957,0,0.0
6770,-0.0014308157126001753,0.3377545087230535,-1.54e-06,0.8768481884349242,2.6102580191229356,67.86856194486579,1.0052136313683062,58.27209257533845,0.12067054082980143,-77.71388716726362,-1.1573229341274334,2.630019559434415,0.6295741068180681,-30.031714207931852,0.2719344611720337,1.4365677484706634,0.00015748,8.495909343446186,0.00081957,0,0.0
6771,1.2771667914055058,2.1820758850142368,-1.54e-06,0.8768481884349242,2.6102580191229356,-31.402576515620307,1.0052136313683062,-5.522651879265306,0.12067054082980143,-27.87756882406416,-1.1573229341274334,0.6377592686821015,0.6295741068180681,52.74438481417228,0.2719344611720337,-0.7242484215531592,0.00015748,0.3022852889886182,0.00081957,1,0.0
6772,1.3692828265516717,1.516964197803334,-1.54e-06,0.8768481884349242,2.6102580191229356,19.872479205297648,1.0052136313683062,64.37743890543204,0.12067054082980143,-93.22917004675989,-1.1573229341274334,-14.810723052662363,0.6295741068180681,25.584780940032122,0.2719344611720337,0.602387807625953,0.00015748,5.986661024283979,0.00081957,0,0.0
6773,0.6802692073430212,0.7753151320835141,-1.54e-06,0.8768481884349242,2.6102580191229356,-36.55495101360518,1.0052136313683062,1.2018674128559803,0.12067054082980143,-81.42588695597469,-1.1573229341274334,78.82431958871699,0.6295741068180681,60.2550761455719,0.2719344611720337,-0.39764349292324835,0.00015748,0.4056975602846818,0.00081957,1,0.0
6774,2.2909384542776023,5.140569384537662,-1.54e-06,0.8768481884349242,2.6102580191229356,-37.36826983271244,1.0052136313683062,-0.6097682854768635,0.12067054082980143,-55.33676553238365,-1.1573229341274334,54.627336116900665,0.6295741068180681,68.5677991150861,0.2719344611720337,0.1224151990648521,0.00015748,2.376708648801575,0.00081957,0,0.0
6775,0.7681685571607597,0.531371253607672,-1.54e-06,0.8768481884349242,2.6102580191229356,-0.9511618593422839,1.0052136313683062,6.63182830829481,0.12067054082980143,-18.812758476092075,-1.1573229341274334,-4.717215436062751,0.6295741068180681,17.12765257428505,0.2719344611720337,0.3036450789797065,0.00015748,1.5995607895702606,0.00081957,0,0.0
6776,1.260860982786256,0.6725752189611793,-1.54e-06,0.8768481884349242,2.6102580191229356,65.24044834791316,1.0052136313683062,83.4914627731319,0.12067054082980143,-89.23301379993572,-1.1573229341274334,-82.30871342486121,0.6295741068180681,-2.5633290184832025,0.2719344611720337,0.25727351593123426,0.00015748,10.640012744186258,0.00081957,0,0.0
6777,-0.036765393201906194,0.7045549339727788,-1.54e-06,0.8768481884349242,2.6102580191229356,17.956558048778064,1.0052136313683062,8.805838412757966,0.12067054082980143,-30.95789157405126,-1.1573229341274334,69.35950885461952,0.6295741068180681,-14.181268899827066,0.2719344611720337,1.6050697178705828,0.00015748,2.39389359402201,0.00081957,0,0.0
6778,-0.303747081364573,1.3944547528273086,-1.54e-06,0.8768481884349242,2.6102580191229356,23.961184444617693,1.0052136313683062,1.1604207888815954,0.12067054082980143,-12.534077216225796,-1.1573229341274334,81.40744633497789,0.6295741068180681,-30.370218032391026,0.2719344611720337,1.0644570518955752,0.00015748,2.9877453156263556,0.00081957,0,0.0
6779,2.4725520242985755,5.629393258659633,-1.54e-06,0.8768481884349242,2.6102580191229356,-46.55964708256329,1.0052136313683062,-5.987731107799203,0.12067054082980143,-29.24749186948398,-1.1573229341274334,8.588995236772517,0.6295741068180681,74.34984853991465,0.2719344611720337,-0.8178342089557218,0.00015748,1.2188509057479073,0.00081957,1,0.0
6780,1.4219104879462257,0.8041708415736777,-1.54e-06,0.8768481884349242,2.6102580191229356,26.766686127275605,1.0052136313683062,36.891157812141586,0.12067054082980143,-8.380697629914032,-1.1573229341274334,-84.98980229982527,0.6295741068180681,1.9445961447922222,0.2719344611720337,0.2645001923638155,0.00015748,4.649035455519592,0.00081957,0,0.0
6781,1.5405977770696277,0.819830833691389,-1.54e-06,0.8768481884349242,2.6102580191229356,6.555653642185764,1.0052136313683062,30.494177788464658,0.12067054082980143,-25.053963339615176,-1.1573229341274334,-54.520302893040856,0.6295741068180681,22.676474051874496,0.2719344611720337,0.2690132593596759,0.00015748,3.255471175694985,0.00081957,0,0.0
6782,-8.812388907153412e-05,0.016715990213178916,-1.54e-06,0.8768481884349242,2.6102580191229356,35.10653532455138,1.0052136313683062,36.10574203427844,0.12067054082980143,-52.19527483436105,-1.1573229341274334,-6.587567465202761,0.6295741068180681,-9.840856364600427,0.2719344611720337,0.28662515769893115,0.00015748,4.9266320671827195,0.00081957,0,0.0
6783,-0.20916803652760096,1.2813423706706475,-1.54e-06,0.8768481884349242,2.6102580191229356,78.5973218622164,1.0052136313683062,42.11030917473782,0.12067054082980143,-29.65097115492659,-1.1573229341274334,6.687996773537138,0.6295741068180681,-59.80886750317328,0.2719344611720337,2.4655703266088187,0.00015748,7.553311344170544,0.00081957,0,0.0
6784,1.6274793106714864,0.8070625275422345,-1.54e-06,0.8768481884349242,2.6102580191229356,-2.5067448159926795,1.0052136313683062,34.68865412657701,0.12067054082980143,-58.58933913505909,-1.1573229341274334,-27.007682324636548,0.6295741068180681,40.75829585565884,0.2719344611720337,0.2701044797249359,0.00015748,3.466010915045069,0.00081957,0,0.0
6785,2.461238887747546,2.3977094998064588,-1.54e-06,0.8768481884349242,2.6102580191229356,-51.64698495605682,1.0052136313683062,7.403775479589908,0.12067054082980143,-58.026155867944745,-1.1573229341274334,-18.026780926427605,0.6295741068180681,93.37985514042451,0.2719344611720337,-0.4661423436369581,0.00015748,0.24572057254078866,0.00081957,1,0.0
6786,0.009514245801966359,0.04587653257730711,-1.54e-06,0.8768481884349242,2.6102580191229356,9.877476508318491,1.0052136313683062,28.040950733207243,0.12067054082980143,-85.98778225219392,-1.1573229341274334,60.11191343156992,0.6295741068180681,15.808578644816937,0.2719344611720337,0.7967142869065196,0.00015748,3.1524863181853453,0.00081957,0,0.0
6787,-1.6347275869035824,6.073891059540391,-1.54e-06,0.8768481884349242,2.6102580191229356,80.29090065525563,1.0052136313683062,-3.7839668820287007,0.12067054082980143,-7.424814391697699,-1.1573229341274334,73.24476081211779,0.6295741068180681,-79.9593428459506,0.2719344611720337,1.0743811497276372,0.00015748,7.42521143083847,0.00081957,0,0.0
6788,0.06333357563379827,0.3282487941987104,-1.54e-06,0.8768481884349242,2.6102580191229356,-4.497774026722911,1.0052136313683062,-4.677831622795929,0.12067054082980143,-3.546020361095552,-1.1573229341274334,16.544693592037426,0.6295741068180681,4.384761893942601,0.2719344611720337,-0.37044894903062864,0.00015748,0.36223890954172877,0.00081957,1,0.0
6789,0.9052493934755848,0.25168126220374526,-1.54e-06,0.8768481884349242,2.6102580191229356,-13.101503191008803,1.0052136313683062,23.339375491232357,0.12067054082980143,-76.73631557699494,-1.1573229341274334,30.47341206952061,0.6295741068180681,43.83902247357258,0.2719344611720337,0.287378169578808,0.00015748,2.012291091084233,0.00081957,0,0.0
6790,-0.24810484641921526,5.193317257784115,-1.54e-06,0.8768481884349242,2.6102580191229356,-25.196433110045692,1.0052136313683062,-23.366059475877588,0.12067054082980143,-13.934542058009184,-1.1573229341274334,60.779672411738325,0.6295741068180681,20.55271782984182,0.2719344611720337,-2.35051777188869,0.00015748,0.24183104188245008,0.00081957,1,0.0
6791,-0.008306515872598341,0.4501960372073025,-1.54e-06,0.8768481884349242,2.6102580191229356,30.757030822995358,1.0052136313683062,34.817701472482675,0.12067054082980143,-84.75008040293275,-1.1573229341274334,70.4148200503895,0.6295741068180681,-4.6254034859675315,0.2719344611720337,1.977381580836019,0.00015748,4.695666783635854,0.00081957,0,0.0
6792,0.9824112327079466,0.29333669637419196,-1.54e-06,0.8768481884349242,2.6102580191229356,-23.60878260874972,1.0052136313683062,6.2238529190328835,0.12067054082980143,-37.0018622630118,-1.1573229341274334,5.034857810363505,0.6295741068180681,42.89672096186276,0.2719344611720337,-0.17161753962875967,0.00015748,0.16556104459092166,0.00081957,1,0.0
6793,-0.005503814615389846,0.6994822993383293,-1.54e-06,0.8768481884349242,2.6102580191229356,93.19716768975482,1.0052136313683062,69.75413681872993,0.12067054082980143,-43.643874774420276,-1.1573229341274334,-51.07516912020557,0.6295741068180681,-60.47277183139624,0.2719344611720337,1.4950943967244035,0.00015748,9.824726252727558,0.00081957,0,0.0
6794,0.0047048061830805565,0.10695959223517158,-1.54e-06,0.8768481884349242,2.6102580191229356,45.498752561525755,1.0052136313683062,42.29577693445142,0.12067054082980143,-59.28268158875845,-1.1573229341274334,0.2194454252650253,0.6295741068180681,-17.21013467371884,0.2719344611720337,0.8040163267270293,0.00015748,5.96694851082331,0.00081957,0,0.0
6795,0.0924672996493241,0.03489448673780488,-1.54e-06,0.8768481884349242,2.6102580191229356,34.190088922312064,1.0052136313683062,32.39004704029332,0.12067054082980143,-36.46888375917342,-1.1573229341274334,-19.10594688723448,0.6295741068180681,-12.727911103487534,0.2719344611720337,0.26594025912720776,0.00015748,4.5012296164273575,0.00081957,0,0.0
6796,0.0006659601402678739,0.034286708915338596,-1.54e-06,0.8768481884349242,2.6102580191229356,77.84489268866588,1.0052136313683062,74.77513010346603,0.12067054082980143,-91.62431021494966,-1.1573229341274334,-39.89197491829408,0.6295741068180681,-27.487369952629304,0.2719344611720337,0.2577983678456732,0.00015748,10.390020929240112,0.00081957,0,0.0
6797,1.7977957227797374,1.1232159836662758,-1.54e-06,0.8768481884349242,2.6102580191229356,15.052094698545893,1.0052136313683062,36.68782471674203,0.12067054082980143,-17.987463436576757,-1.1573229341274334,-80.85758125328192,0.6295741068180681,18.31622382633328,0.2719344611720337,0.26905241796746826,0.00015748,4.248670965601435,0.00081957,0,0.0
6798,1.190474121433371,0.4616016628256152,-1.54e-06,0.8768481884349242,2.6102580191229356,21.73133998756213,1.0052136313683062,55.87630165218214,0.12067054082980143,-92.00687988426009,-1.1573229341274334,-21.404410303070396,0.6295741068180681,27.588979589764474,0.2719344611720337,0.2612205443199902,0.00015748,6.253120541271667,0.00081957,0,0.0
6799,-0.2905410173790255,1.4700967833150032,-1.54e-06,0.8768481884349242,2.6102580191229356,72.54288124690783,1.0052136313683062,43.14492154294402,0.12067054082980143,-49.79266075773418,-1.1573229341274334,37.06776318311619,0.6295741068180681,-52.243222664572066,0.2719344611720337,2.776523714226426,0.00015748,7.22337154529596,0.00081957,0,0.0
6800,0.2530197182631934,0.03570612712297109,-1.54e-06,1.73670515212841,4.5328831220534305,-41.338537085355505,1.0052136313683062,16.73312335372495,0.12067054082980143,-40.539362444244034,-1.1573229341274334,-49.279857998947556,0.6295741068180681,43.15453412482638,0.2719344611720337,-0.09850806436009246,0.00015748,0.09909999404891592,0.00081957,1,0.0
6801,0.001972028560280434,0.0026545420585795234,-1.54e-06,1.73670515212841,4.5328831220534305,-11.875604455814633,1.0052136313683062,-3.189553447090368,0.12067054082980143,-3.3117022319818,-1.1573229341274334,45.36310818274945,0.6295741068180681,3.6303925178018814,0.2719344611720337,-0.033355462368501315,0.00015748,0.03335731642664051,0.00081957,1,0.0
6802,-3.638425158841718e-05,0.14071158229063788,-1.54e-06,1.73670515212841,4.5328831220534305,67.63759817567838,1.0052136313683062,23.181249090340838,0.12067054082980143,-96.49910309884696,-1.1573229341274334,61.50652072957823,0.6295741068180681,2.3037318891899994,0.2719344611720337,0.050377662389839276,0.00015748,0.28721926858678587,0.00081957,0,0.0
6803,0.2511078109158681,0.006312915610019737,-1.54e-06,1.73670515212841,4.5328831220534305,-76.03237837665563,1.0052136313683062,3.2917283503175137,0.12067054082980143,-66.47007145059591,-1.1573229341274334,57.85004984549827,0.6295741068180681,71.28046841273402,0.2719344611720337,-0.0074636308548038524,0.00015748,0.0076584659182055434,0.00081957,1,0.0
6804,0.14430363511162697,0.05673904519638047,-1.54e-06,1.73670515212841,4.5328831220534305,-22.60339637578939,1.0052136313683062,22.196620285971218,0.12067054082980143,-84.34431215473924,-1.1573229341274334,-87.21013815971634,0.6295741068180681,56.63032230284948,0.2719344611720337,-0.16119986783944112,0.00015748,0.16127401352366638,0.00081957,1,0.0
6805,0.0010303989141567937,0.1432066073901667,-1.54e-06,1.73670515212841,4.5328831220534305,59.18902245346047,1.0052136313683062,21.061097520133856,0.12067054082980143,-30.91514368179498,-1.1573229341274334,44.30575909969224,0.6295741068180681,-30.590749936035905,0.2719344611720337,0.023292497206790955,0.00015748,0.2127980114680118,0.00081957,0,0.0
6806,0.21252498515451176,0.021677064886152085,-1.54e-06,1.73670515212841,4.5328831220534305,-54.546279156454936,1.0052136313683062,-6.074090404301345,0.12067054082980143,-6.581317213288236,-1.1573229341274334,46.710277811646606,0.6295741068180681,35.917712666447706,0.2719344611720337,-0.07001716077329717,0.00015748,0.06998103938939515,0.00081957,1,0.0
6807,-0.00011778592932459864,0.015776543174628836,-1.54e-06,1.73670515212841,4.5328831220534305,-2.44884345821401,1.0052136313683062,9.969093700054357,0.12067054082980143,-40.79985546929035,-1.1573229341274334,-4.8935198476856065,0.6295741068180681,16.07185941112818,0.2719344611720337,-0.057625592889719905,0.00015748,0.06823141255282669,0.00081957,1,0.0
6808,0.001239998712227186,0.07229175854435015,-1.54e-06,1.73670515212841,4.5328831220534305,47.02491781861694,1.0052136313683062,15.469122044988838,0.12067054082980143,-23.155996085676925,-1.1573229341274334,-65.79140718228581,0.6295741068180681,-10.000626362313385,0.2719344611720337,-0.036339357141655815,0.00015748,0.15346857619560786,0.00081957,1,0.0
6809,0.0010561451950338308,0.11939264032018305,-1.54e-06,1.73670515212841,4.5328831220534305,67.57872151434819,1.0052136313683062,14.147286639394702,0.12067054082980143,-49.621842966116084,-1.1573229341274334,91.04230241153313,0.6295741068180681,-20.95016792772102,0.2719344611720337,0.14203865983111563,0.00015748,0.18669440529983117,0.00081957,0,0.0
6810,0.0017253090057260945,0.10753048435000488,-1.54e-06,1.73670515212841,4.5328831220534305,56.98614725885365,1.0052136313683062,18.166584187284272,0.12067054082980143,-55.45594776865725,-1.1573229341274334,-3.597022324208052,0.6295741068180681,-4.922500663275841,0.2719344611720337,0.010846755505747901,0.00015748,0.21273038743086212,0.00081957,0,0.0
6811,0.00010455913439522124,0.09286602682589774,-1.54e-06,1.73670515212841,4.5328831220534305,76.04554532635484,1.0052136313683062,14.240515328725435,0.12067054082980143,-1.2279712670091854,-1.1573229341274334,-71.28521154449808,0.6295741068180681,-31.91137698224957,0.2719344611720337,0.021229791925039432,0.00015748,0.17474766341178538,0.00081957,0,0.0
6812,0.14713667210436082,0.011220103508733589,-1.54e-06,1.73670515212841,4.5328831220534305,-29.673247294928892,1.0052136313683062,11.40902244501628,0.12067054082980143,-52.14493502996165,-1.1573229341274334,-35.85631887545905,0.6295741068180681,43.96665249147336,0.2719344611720337,-0.07405434636199339,0.00015748,0.07428377866243203,0.00081957,1,0.0
6813,0.14397924262038664,0.0017583236227609314,-1.54e-06,1.73670515212841,4.5328831220534305,-51.340038351807735,1.0052136313683062,3.948026445663003,0.12067054082980143,-56.81003250132073,-1.1573229341274334,51.19776355699265,0.6295741068180681,50.527433277364935,0.2719344611720337,-0.012241925206116083,0.00015748,0.012387315061615403,0.00081957,1,0.0
6814,-0.00012447287375995375,0.10063836435201437,-1.54e-06,1.73670515212841,4.5328831220534305,49.1023233061428,1.0052136313683062,6.687349762521211,0.12067054082980143,-20.813809414928503,-1.1573229341274334,83.51250243724294,0.6295741068180681,-23.217095463686373,0.2719344611720337,0.10070611277793359,0.00015748,0.14109146369111322,0.00081957,0,0.0
6815,0.2172579554442614,0.1542697318722286,-1.54e-06,1.73670515212841,4.5328831220534305,59.78004144652944,1.0052136313683062,12.99950558461872,0.12067054082980143,-37.01024423808832,-1.1573229341274334,20.07886209752404,0.6295741068180681,-2.588801564028976,0.2719344611720337,0.13519406239046278,0.00015748,0.25121104592116666,0.00081957,0,0.0
6816,0.2418710123245125,0.009079520554400462,-1.54e-06,1.73670515212841,4.5328831220534305,-83.02682821324814,1.0052136313683062,1.3346309311599434,0.12067054082980143,-70.17030620163268,-1.1573229341274334,91.5007111617099,0.6295741068180681,73.03997350906941,0.2719344611720337,-0.025624992198903802,0.00015748,0.02554737638293251,0.00081957,1,0.0
6817,0.18646827147723105,0.0219873916281908,-1.54e-06,1.73670515212841,4.5328831220534305,-48.463597507484096,1.0052136313683062,16.436081636860035,0.12067054082980143,-88.95323744742538,-1.1573229341274334,-17.895640172446054,0.6295741068180681,67.85815330959184,0.2719344611720337,-0.1036117019147098,0.00015748,0.10384563565678935,0.00081957,1,0.0
6818,0.0017954318458330842,0.07151242518567104,-1.54e-06,1.73670515212841,4.5328831220534305,2.9391576920300175,1.0052136313683062,22.26031304037103,0.12067054082980143,-86.03957147377264,-1.1573229341274334,-31.517153222840978,0.6295741068180681,32.68692234446766,0.2719344611720337,-0.13090311159132706,0.00015748,0.16624014086443778,0.00081957,1,0.0
6819,0.00013025669320948507,0.031792283215203214,-1.54e-06,1.73670515212841,4.5328831220534305,24.03387851755147,1.0052136313683062,8.142848365416981,0.12067054082980143,-10.1699175397951,-1.1573229341274334,-37.14441388949727,0.6295741068180681,-5.944686008047864,0.2719344611720337,-0.021167848413857146,0.00015748,0.07618336293312958,0.00081957,1,0.0
6820,0.001625264400131693,0.03379982184246139,-1.54e-06,1.73670515212841,4.5328831220534305,17.993366251963113,1.0052136313683062,7.565696063440397,0.12067054082980143,-21.629989032195,-1.1573229341274334,-65.2011001715509,0.6295741068180681,7.83959488442647,0.2719344611720337,-0.08124459987148708,0.00015748,0.10813134066998845,0.00081957,1,0.0
6821,0.24078825306997154,0.011463769201009302,-1.54e-06,1.73670515212841,4.5328831220534305,-82.98778510498533,1.0052136313683062,0.16679680024214708,0.12067054082980143,-64.99958835756351,-1.1573229341274334,96.6211084561279,0.6295741068180681,70.31926928786537,0.2719344611720337,-0.03702190031965002,0.00015748,0.03692375694019467,0.00081957,1,0.0
6822,0.5071565297419715,0.13809876528225795,-1.54e-06,1.73670515212841,4.5328831220534305,-29.184996000364695,1.0052136313683062,13.112354044270786,0.12067054082980143,-56.9754448034079,-1.1573229341274334,-53.168514677781076,0.6295741068180681,68.0707434046649,0.2719344611720337,0.05490980196929811,0.00015748,0.17945026086012128,0.00081957,0,0.0
6823,0.003642535369855704,0.15199294044038156,-1.54e-06,1.73670515212841,4.5328831220534305,80.98171322645254,1.0052136313683062,29.66555923843479,0.12067054082980143,-70.03482695816642,-1.1573229341274334,-21.01549769493567,0.6295741068180681,-14.322876706186971,0.2719344611720337,0.008532015911832697,0.00015748,0.2837151313581857,0.00081957,0,0.0
6824,0.0093179003095607,0.15595985765080922,-1.54e-06,1.73670515212841,4.5328831220534305,74.86823021053372,1.0052136313683062,28.831947086741785,0.12067054082980143,-75.93596579444687,-1.1573229341274334,-51.154975067488536,0.6295741068180681,-3.1523507150121284,0.2719344611720337,-0.03726610413645487,0.00015748,0.2975033663543991,0.00081957,1,0.0
6825,0.32046692095167256,0.027206025963856666,-1.54e-06,1.73670515212841,4.5328831220534305,-72.17317174244157,1.0052136313683062,-4.908758221147026,0.12067054082980143,-13.762905458865186,-1.1573229341274334,25.27517962467872,0.6295741068180681,54.54252885193221,0.2719344611720337,-0.062455749774571356,0.00015748,0.06266500045079124,0.00081957,1,0.0
6826,-0.00016279100865225493,0.016659445610106537,-1.54e-06,1.73670515212841,4.5328831220534305,-26.767210834144283,1.0052136313683062,-1.9667036027734446,0.12067054082980143,-47.07058240598782,-1.1573229341274334,95.64345461861906,0.6295741068180681,27.72017903103787,0.2719344611720337,-0.016339835108586727,0.00015748,0.03822916888918091,0.00081957,1,0.0
6827,0.019028814457370147,0.15842289381070485,-1.54e-06,1.73670515212841,4.5328831220534305,61.96951218919063,1.0052136313683062,28.863175680029237,0.12067054082980143,-89.03093916348709,-1.1573229341274334,-48.90811906804878,0.6295741068180681,9.76983957618319,0.2719344611720337,-0.06367698391246414,0.00015748,0.2990626597192496,0.00081957,1,0.0
6828,0.39766407993890796,0.20835411384766828,-1.54e-06,1.73670515212841,4.5328831220534305,58.75828894113743,1.0052136313683062,23.410923109046053,0.12067054082980143,-98.04710236551507,-1.1573229341274334,59.96616296644873,0.6295741068180681,29.317462280329494,0.2719344611720337,0.19126268347700998,0.00015748,0.3831816462637014,0.00081957,0,0.0
6829,0.0003021068439612862,0.020214973176932223,-1.54e-06,1.73670515212841,4.5328831220534305,-0.5701950519166973,1.0052136313683062,8.700060098159504,0.12067054082980143,-41.42728632685085,-1.1573229341274334,2.729661727012917,0.6295741068180681,16.13808592778601,0.2719344611720337,-0.04471234011320258,0.00015748,0.07039919382689477,0.00081957,1,0.0
6830,1.781711843890088e-05,0.12095588684478065,-1.54e-06,1.73670515212841,4.5328831220534305,86.9841138796553,1.0052136313683062,19.577464220246185,0.12067054082980143,-28.97746991666245,-1.1573229341274334,-31.93091633992451,0.6295741068180681,-29.749719744225334,0.2719344611720337,0.05072225805217653,0.00015748,0.22973389178458334,0.00081957,0,0.0
6831,0.74834862537475,0.3204781297420098,-1.54e-06,1.73670515212841,4.5328831220534305,25.959076664070764,1.0052136313683062,17.739216219676184,0.12067054082980143,-66.56733912711164,-1.1573229341274334,-30.72214848111916,0.6295741068180681,60.21983767752124,0.2719344611720337,0.18669429977524582,0.00015748,0.4229679424519101,0.00081957,0,0.0
6832,0.23565412281490794,0.1464452825770033,-1.54e-06,1.73670515212841,4.5328831220534305,32.33428411527489,1.0052136313683062,24.820999270810617,0.12067054082980143,-100.0,-1.1573229341274334,71.23715130872529,0.6295741068180681,27.549268973440427,0.2719344611720337,0.12312758473977974,0.00015748,0.25599334205531604,0.00081957,0,0.0
6833,0.0011209668046004984,0.028406871714994432,-1.54e-06,1.73670515212841,4.5328831220534305,25.413259222489774,1.0052136313683062,9.635394344855092,0.12067054082980143,-7.2921498064677035,-1.1573229341274334,-62.93334417803959,0.6295741068180681,-6.243380340222711,0.2719344611720337,-0.04566681253172832,0.00015748,0.0826633060615802,0.00081957,1,0.0
6834,0.23735937961568943,0.30274276679673506,-1.54e-06,1.73670515212841,4.5328831220534305,-62.22212239858395,1.0052136313683062,-26.83639819663127,0.12067054082980143,-12.679566781728775,-1.1573229341274334,8.29228793591908,0.6295741068180681,71.42508345063125,0.2719344611720337,-0.24459192718373246,0.00015748,0.24789506237218584,0.00081957,1,0.0
6835,0.3355175022318805,0.01136222773253516,-1.54e-06,1.73670515212841,4.5328831220534305,-57.53169675273406,1.0052136313683062,11.58746518332651,0.12067054082980143,-49.15920678181717,-1.1573229341274334,-71.79040886348959,0.6295741068180681,67.62281640085675,0.2719344611720337,-0.06413298900910253,0.00015748,0.06416794098663142,0.00081957,1,0.0
6836,0.0018624720843952933,0.0014731513880382155,-1.54e-06,1.73670515212841,4.5328831220534305,-11.368447279334323,1.0052136313683062,-1.9991549990468673,0.12067054082980143,-6.874706149576734,-1.1573229341274334,40.88423419436739,0.6295741068180681,4.9806895006928205,0.2719344611720337,-0.025147313346409808,0.00015748,0.02515311608349577,0.00081957,1,0.0
6837,0.0013165234328185726,0.10876788035138424,-1.54e-06,1.73670515212841,4.5328831220534305,24.611184712464045,1.0052136313683062,24.836805121398818,0.12067054082980143,-80.02702229716273,-1.1573229341274334,-80.54932352746607,0.6295741068180681,25.139352146278416,0.2719344611720337,-0.14925967626056302,0.00015748,0.21609486094953045,0.00081957,1,0.0
6838,-2.2413070927651546e-05,0.0586582489705072,-1.54e-06,1.73670515212841,4.5328831220534305,15.39551803787347,1.0052136313683062,17.505221934474,0.12067054082980143,-57.52660477290015,-1.1573229341274334,-53.18993963856209,0.6295741068180681,18.564761296347367,0.2719344611720337,-0.10550379325123607,0.00015748,0.14868992065476963,0.00081957,1,0.0
6839,0.0061528649139721975,0.006423975944527231,-1.54e-06,1.73670515212841,4.5328831220534305,9.470021181434406,1.0052136313683062,6.200235477257933,0.12067054082980143,-7.831924934004246,-1.1573229341274334,-49.4217649086024,0.6295741068180681,1.9108380146447947,0.2719344611720337,-0.05002673900821308,0.00015748,0.049862938420674636,0.00081957,1,0.0
6840,0.0002716300511522163,0.1320354544073584,-1.54e-06,1.73670515212841,4.5328831220534305,77.06598324476046,1.0052136313683062,22.32912170057228,0.12067054082980143,-65.38057756818013,-1.1573229341274334,71.17650570405559,0.6295741068180681,-20.705030898252506,0.2719344611720337,0.11240840159370172,0.00015748,0.23682305428948433,0.00081957,0,0.0
6841,0.0004886853451949724,0.09393274675851213,-1.54e-06,1.73670515212841,4.5328831220534305,62.606475400708895,1.0052136313683062,17.89749463516465,0.12067054082980143,-24.545883042876156,-1.1573229341274334,-70.12631820450157,0.6295741068180681,-16.75556535416055,0.2719344611720337,-0.02165371318095953,0.00015748,0.1876198931461865,0.00081957,1,0.0
6842,0.1670469273278866,0.026271691120010397,-1.54e-06,1.73670515212841,4.5328831220534305,-22.724196016441876,1.0052136313683062,17.147549186319253,0.12067054082980143,-45.94590523172391,-1.1573229341274334,-67.88417372253502,0.6295741068180681,37.005377537975704,0.2719344611720337,-0.0991630070620268,0.00015748,0.09904421419613063,0.00081957,1,0.0
6843,0.3703823253790545,0.010683545601836842,-1.54e-06,1.73670515212841,4.5328831220534305,-62.36283075432623,1.0052136313683062,9.813775732736628,0.12067054082980143,-40.061967430019,-1.1573229341274334,-72.4557935299761,0.6295741068180681,67.72118643565824,0.2719344611720337,-0.04717611601830614,0.00015748,0.04730868307648388,0.00081957,1,0.0
6844,0.16653642783911216,0.010353112878679318,-1.54e-06,1.73670515212841,4.5328831220534305,-38.79468312446623,1.0052136313683062,11.570126916537124,0.12067054082980143,-61.18485738616154,-1.1573229341274334,-20.022467772241527,0.6295741068180681,51.596193836002016,0.2719344611720337,-0.07019156317093345,0.00015748,0.0709358538751309,0.00081957,1,0.0
6845,0.13635278332021233,0.0018080839063256391,-1.54e-06,1.73670515212841,4.5328831220534305,-61.26749666729365,1.0052136313683062,6.17786456891724,0.12067054082980143,-79.06530777960953,-1.1573229341274334,82.8028956570407,0.6295741068180681,60.688740262749135,0.2719344611720337,-0.023540153416999193,0.00015748,0.02363087717377446,0.00081957,1,0.0
6846,0.21251024367025212,0.00323689186640948,-1.54e-06,1.73670515212841,4.5328831220534305,-43.17733491058428,1.0052136313683062,4.326649121678665,0.12067054082980143,-30.55088193135132,-1.1573229341274334,-18.148510956077704,0.6295741068180681,44.377549060074614,0.2719344611720337,-0.01765486641977398,0.00015748,0.017680263231471236,0.00081957,1,0.0
6847,-0.0002812513603213107,0.10248660488089681,-1.54e-06,1.73670515212841,4.5328831220534305,46.49010414904199,1.0052136313683062,14.77064173923741,0.12067054082980143,-59.66492362857616,-1.1573229341274334,83.76259321082807,0.6295741068180681,-6.97065420123357,0.2719344611720337,0.0930385124803958,0.00015748,0.16369001363595542,0.00081957,0,0.0
6848,0.06945612253210758,0.010260878490147667,-1.54e-06,1.73670515212841,4.5328831220534305,-43.840626389764985,1.0052136313683062,-2.161184176551444,0.12067054082980143,-52.30071426757901,-1.1573229341274334,78.5969721136268,0.6295741068180681,43.592995850916004,0.2719344611720337,-0.03211075531841874,0.00015748,0.033860561449122056,0.00081957,1,0.0
6849,-6.126637529246803e-06,0.12705523383181253,-1.54e-06,1.73670515212841,4.5328831220534305,77.97814391733326,1.0052136313683062,19.630577298707014,0.12067054082980143,-61.682304337519106,-1.1573229341274334,59.518607639480045,0.6295741068180681,-18.842487137535723,0.2719344611720337,0.10613900943648899,0.00015748,0.23884172493584646,0.00081957,0,0.0
6850,0.1094097432127488,0.02688819440273251,-1.54e-06,1.73670515212841,4.5328831220534305,-24.487047447120855,1.0052136313683062,14.903277449983877,0.12067054082980143,-70.1511113743897,-1.1573229341274334,-42.251610721540565,0.6295741068180681,48.20575303058634,0.2719344611720337,-0.1116628782121716,0.00015748,0.11187525441369714,0.00081957,1,0.0
6851,0.020474793573442517,0.00020059321872608317,-1.54e-06,1.73670515212841,4.5328831220534305,-1.999693501626997,1.0052136313683062,1.2546839173119846,0.12067054082980143,-3.100174713558212,-1.1573229341274334,-10.681475138821362,0.6295741068180681,3.9218476574178087,0.2719344611720337,-0.009101252111293796,0.00015748,0.009166289384027011,0.00081957,1,0.0
6852,0.7300454063050728,0.28305600093006167,-1.54e-06,1.73670515212841,4.5328831220534305,20.16170406307708,1.0052136313683062,20.425561357276287,0.12067054082980143,-66.5611411683454,-1.1573229341274334,-16.803453004824128,0.6295741068180681,56.438644340594635,0.2719344611720337,0.2234597791442806,0.00015748,0.35864806990620446,0.00081957,0,0.0
6853,0.0013902571258485041,0.09910276824952537,-1.54e-06,1.73670515212841,4.5328831220534305,57.487409684139294,1.0052136313683062,17.479863518327974,0.12067054082980143,-42.889761097099104,-1.1573229341274334,-17.783795345170603,0.6295741068180681,-10.223214589464472,0.2719344611720337,0.010874168947190302,0.00015748,0.1931585714623122,0.00081957,0,0.0
6854,-0.0007326666643478474,0.15759600290371167,-1.54e-06,1.73670515212841,4.5328831220534305,27.18722439192181,1.0052136313683062,25.97406225033785,0.12067054082980143,-6.70802220747309,-1.1573229341274334,-78.79807374201704,0.6295741068180681,-22.741488722896623,0.2719344611720337,-0.1822201015105475,0.00015748,0.1848796842330611,0.00081957,1,0.0
6855,0.003480360147938899,0.14376051131700474,-1.54e-06,1.73670515212841,4.5328831220534305,77.67253829056895,1.0052136313683062,26.781336511878155,0.12067054082980143,-59.45284580493325,-1.1573229341274334,-61.88641675222972,0.6295741068180681,-11.021286476830584,0.2719344611720337,-0.029525718080036706,0.00015748,0.27560178485140496,0.00081957,1,0.0
6856,0.5270211650760311,0.12211194355150966,-1.54e-06,1.73670515212841,4.5328831220534305,-44.02564084583645,1.0052136313683062,23.045705476566575,0.12067054082980143,-83.70666940048473,-1.1573229341274334,-51.934333900912826,0.6295741068180681,80.2046314640079,0.2719344611720337,0.024455789872659645,0.00015748,0.1808505900041251,0.00081957,0,0.0
6857,0.0013286042538330628,0.025441522965570104,-1.54e-06,1.73670515212841,4.5328831220534305,-11.658980253472858,1.0052136313683062,-4.21795278797032,0.12067054082980143,-24.519249694446497,-1.1573229341274334,30.211616371914346,0.6295741068180681,19.81760899573352,0.2719344611720337,-0.05932894302885304,0.00015748,0.07127742359040841,0.00081957,1,0.0
6858,0.026495031490762627,0.00873332303342152,-1.54e-06,1.73670515212841,4.5328831220534305,-23.70322794455208,1.0052136313683062,9.054356046879116,0.12067054082980143,-63.37592073971941,-1.1573229341274334,27.864713242353982,0.6295741068180681,35.66555938318409,0.2719344611720337,-0.060785994238186085,0.00015748,0.06076795709980092,0.00081957,1,0.0
6859,0.08691454849489258,0.0035758238358156794,-1.54e-06,1.73670515212841,4.5328831220534305,-52.64479592469668,1.0052136313683062,1.4125064043196758,0.12067054082980143,-67.06389040853391,-1.1573229341274334,91.31714700307779,0.6295741068180681,51.29682295271678,0.2719344611720337,-0.009301056812435305,0.00015748,0.008977609441783982,0.00081957,1,0.0
6860,0.005084272699357965,9.522105337592619e-05,-1.54e-06,1.73670515212841,4.5328831220534305,-13.66611724191622,1.0052136313683062,0.4749494401321872,0.12067054082980143,-20.411368020088723,-1.1573229341274334,36.60382513201472,0.6295741068180681,12.289126237307606,0.2719344611720337,-0.003475621037636604,0.00015748,0.0034676493002839424,0.00081957,1,0.0
6861,0.00035576618595939413,0.044740036800696686,-1.54e-06,1.73670515212841,4.5328831220534305,28.97001353388925,1.0052136313683062,10.019197286830547,0.12067054082980143,-15.166186355528728,-1.1573229341274334,-25.726330912962442,0.6295741068180681,-8.174606005901067,0.2719344611720337,-0.008160397063019069,0.00015748,0.09057325215600173,0.00081957,1,0.0
6862,0.00026148078879917325,0.04633234974973291,-1.54e-06,1.73670515212841,4.5328831220534305,24.060269735036385,1.0052136313683062,15.82393507204471,0.12067054082980143,-30.211768561409926,-1.1573229341274334,-98.69899372022435,0.6295741068180681,6.60737409076265,0.2719344611720337,-0.11483030878138346,0.00015748,0.13296455168106264,0.00081957,1,0.0
6863,0.22784221861267862,0.004362590669815631,-1.54e-06,1.73670515212841,4.5328831220534305,-82.17126519810215,1.0052136313683062,5.9170995327835065,0.12067054082980143,-87.00164438557215,-1.1573229341274334,88.44867805165475,0.6295741068180681,77.83520942602138,0.2719344611720337,-0.02131388831376549,0.00015748,0.0212624057836229,0.00081957,1,0.0
6864,0.0004185136003476697,0.008597160019572777,-1.54e-06,1.73670515212841,4.5328831220534305,-11.484797998584888,1.0052136313683062,8.603796215587664,0.12067054082980143,-40.146300755496036,-1.1573229341274334,24.84498190095401,0.6295741068180681,16.32553445899024,0.2719344611720337,-0.047878475410123786,0.00015748,0.0495789836176119,0.00081957,1,0.0
6865,0.001036131501188975,0.13573392993392586,-1.54e-06,1.73670515212841,4.5328831220534305,74.48075222923319,1.0052136313683062,24.382254021080485,0.12067054082980143,-69.9896663748851,-1.1573229341274334,-3.8016001359282385,0.6295741068180681,-8.855225311845574,0.2719344611720337,0.01941026162123001,0.00015748,0.26912154733573196,0.00081957,0,0.0
6866,0.42700164946144703,0.21057891294039685,-1.54e-06,1.73670515212841,4.5328831220534305,63.6945464023201,1.0052136313683062,35.60703540889106,0.12067054082980143,-99.01013041405763,-1.1573229341274334,-74.85269395461314,0.6295741068180681,35.144834769301085,0.2719344611720337,0.08380620101998851,0.00015748,0.41281977214060395,0.00081957,0,0.0
6867,0.288236638296928,0.009407482636558249,-1.54e-06,1.73670515212841,4.5328831220534305,-82.07551702838362,1.0052136313683062,2.5624562112275466,0.12067054082980143,-62.543088372672855,-1.1573229341274334,56.22290976354764,0.6295741068180681,74.1502068078875,0.2719344611720337,-0.01817929797253151,0.00015748,0.018288407166794814,0.00081957,1,0.0
6868,0.3332106190071719,0.03129035642431671,-1.54e-06,1.73670515212841,4.5328831220534305,-57.236987943005815,1.0052136313683062,19.081732351429817,0.12067054082980143,-79.3518035640897,-1.1573229341274334,-94.36984880105008,0.6295741068180681,81.10044060900314,0.2719344611720337,-0.1241977526726211,0.00015748,0.12442459402017773,0.00081957,1,0.0
6869,0.2707054872248187,0.012098663238888165,-1.54e-06,1.73670515212841,4.5328831220534305,-58.91031090696479,1.0052136313683062,-1.1594622366553375,0.12067054082980143,-19.678565136282547,-1.1573229341274334,6.7759841446758005,0.6295741068180681,49.10412446938781,0.2719344611720337,-0.030069714571040018,0.00015748,0.029990913273093375,0.00081957,1,0.0
6870,0.2762079667693822,0.022236718441502573,-1.54e-06,1.73670515212841,4.5328831220534305,-73.95130045375062,1.0052136313683062,-4.171679873940433,0.12067054082980143,-29.28729117855917,-1.1573229341274334,57.16917040670577,0.6295741068180681,57.08644087123774,0.2719344611720337,-0.05831307367504461,0.00015748,0.058791342747194844,0.00081957,1,0.0
6871,0.00020688836463744753,0.12663867028912792,-1.54e-06,1.73670515212841,4.5328831220534305,87.60157773810637,1.0052136313683062,12.492091988852858,0.12067054082980143,-21.012073338957865,-1.1573229341274334,60.617575304416505,0.6295741068180681,-39.91041680604095,0.2719344611720337,0.16305195702054504,0.00015748,0.18944925559914078,0.00081957,0,0.0
6872,0.3884400438133936,0.011359841376300686,-1.54e-06,1.73670515212841,4.5328831220534305,-75.27553284717443,1.0052136313683062,5.861162173361648,0.12067054082980143,-42.40158385497757,-1.1573229341274334,-37.901050086993365,0.6295741068180681,74.3430422181566,0.2719344611720337,-0.01866111465196533,0.00015748,0.018665995094992276,0.00081957,1,0.0
6873,0.1656021972054658,0.046356917373834544,-1.54e-06,1.73670515212841,4.5328831220534305,-33.37211000951641,1.0052136313683062,19.393443869818416,0.12067054082980143,-89.1658433151756,-1.1573229341274334,-66.98012106115198,0.6295741068180681,64.93158503568367,0.2719344611720337,-0.1480587186930885,0.00015748,0.14811235355380598,0.00081957,1,0.0
6874,0.27156904316974034,0.012044253549843205,-1.54e-06,1.73670515212841,4.5328831220534305,-58.94046753460239,1.0052136313683062,12.946831598561849,0.12067054082980143,-71.77129707737578,-1.1573229341274334,-31.30486377483535,0.6295741068180681,71.44497245280058,0.2719344611720337,-0.07452434213516697,0.00015748,0.07477310350436099,0.00081957,1,0.0
6875,0.3350980458900352,0.03493160116002019,-1.54e-06,1.73670515212841,4.5328831220534305,-60.065507910650624,1.0052136313683062,21.94791848989533,0.12067054082980143,-79.98424272878594,-1.1573229341274334,-75.71158948223926,0.6295741068180681,76.97988481900096,0.2719344611720337,-0.12068757214568923,0.00015748,0.1211609550623719,0.00081957,1,0.0
6876,0.0008601190603825248,0.07348336353478747,-1.54e-06,1.73670515212841,4.5328831220534305,28.775123257168595,1.0052136313683062,8.941556887943161,0.12067054082980143,-44.227216437441434,-1.1573229341274334,54.93653882001751,0.6295741068180681,0.055781272187106046,0.2719344611720337,0.05072577926763936,0.00015748,0.1184915278928147,0.00081957,0,0.0
6877,0.005002307079860269,0.21757360234730277,-1.54e-06,1.73670515212841,4.5328831220534305,66.63618975723315,1.0052136313683062,38.52375423041338,0.12067054082980143,-56.34242829956071,-1.1573229341274334,-96.57580915368844,0.6295741068180681,-16.81133231318607,0.2719344611720337,-0.12233608876426735,0.00015748,0.28297780173866294,0.00081957,1,0.0
6878,0.0006391135704021389,0.10771665260286656,-1.54e-06,1.73670515212841,4.5328831220534305,64.69741462568301,1.0052136313683062,15.873513954904233,0.12067054082980143,-44.4145981483032,-1.1573229341274334,24.58532719407854,0.6295741068180681,-15.951224383531393,0.2719344611720337,0.0666691229197894,0.00015748,0.19656581255991507,0.00081957,0,0.0
6879,4.090266430793743e-05,0.1170182716968724,-1.54e-06,1.73670515212841,4.5328831220534305,59.87279427070689,1.0052136313683062,6.227713616802928,0.12067054082980143,-5.3983441084676755,-1.1573229341274334,86.75920742649168,0.6295741068180681,-36.537355881949665,0.2719344611720337,0.08769198219767427,0.00015748,0.18044205073579195,0.00081957,0,0.0
6880,0.13443760132667462,0.08662359050504928,-1.54e-06,1.73670515212841,4.5328831220534305,3.2288074841922145,1.0052136313683062,13.373521049936503,0.12067054082980143,-73.59734158462877,-1.1573229341274334,62.2457792626839,0.6295741068180681,29.278579563771927,0.2719344611720337,0.05504450343364823,0.00015748,0.1400683535810251,0.00081957,0,0.0
6881,0.28589997316709104,0.07884426667484087,-1.54e-06,1.73670515212841,4.5328831220534305,-16.98291700702727,1.0052136313683062,6.969479149061539,0.12067054082980143,-37.45893199563592,-1.1573229341274334,-62.89199284292284,0.6295741068180681,46.81731327912105,0.2719344611720337,-0.02910345721569617,0.00015748,0.14193906214051083,0.00081957,1,0.0
6882,0.18949765897315443,0.0026826457792910826,-1.54e-06,1.73670515212841,4.5328831220534305,-59.530241814069605,1.0052136313683062,5.677796764670073,0.12067054082980143,-63.65212185877112,-1.1573229341274334,43.436550386424706,0.6295741068180681,59.50608982245161,0.2719344611720337,-0.020864469013747344,0.00015748,0.02095358690746414,0.00081957,1,0.0
6883,0.2857551071173067,0.021184905645508862,-1.54e-06,1.73670515212841,4.5328831220534305,-84.11128320463533,1.0052136313683062,-3.289350152498274,0.12067054082980143,-53.31396284082749,-1.1573229341274334,68.19708487037563,0.6295741068180681,73.67556728309368,0.2719344611720337,-0.038919141861146575,0.00015748,0.03953143735851261,0.00081957,1,0.0
6884,0.26713926587522097,0.013935145434273162,-1.54e-06,1.73670515212841,4.5328831220534305,-57.589026293792365,1.0052136313683062,-2.6757292712381067,0.12067054082980143,-16.87931608946183,-1.1573229341274334,4.227658172441112,0.6295741068180681,48.6728810014441,0.2719344611720337,-0.031382861416105565,0.00015748,0.031610819418231725,0.00081957,1,0.0
6885,0.001544868020585899,0.059579683684549835,-1.54e-06,1.73670515212841,4.5328831220534305,-1.5107690843918518,1.0052136313683062,15.528266438944264,0.12067054082980143,-88.18244493421622,-1.1573229341274334,74.73263704101379,0.6295741068180681,28.312980447933036,0.2719344611720337,-0.01752674537348782,0.00015748,0.12559725089708657,0.00081957,1,0.0
6886,0.0005211564555840931,0.0876176019770947,-1.54e-06,1.73670515212841,4.5328831220534305,22.385225224354496,1.0052136313683062,22.128984617349843,0.12067054082980143,-71.99173345909891,-1.1573229341274334,-57.25216427364594,0.6295741068180681,20.64274531984955,0.2719344611720337,-0.1167640631950592,0.00015748,0.18843706354680212,0.00081957,1,0.0
6887,0.0008959429501273486,0.10380686149215597,-1.54e-06,1.73670515212841,4.5328831220534305,42.11606210501591,1.0052136313683062,20.68435348074506,0.12067054082980143,-75.41505560304697,-1.1573229341274334,25.087001766433964,0.6295741068180681,6.060345411532668,0.2719344611720337,0.002124550772225259,0.00015748,0.203700975394144,0.00081957,0,0.0
6888,0.496868651602952,0.26845708273897295,-1.54e-06,1.73670515212841,4.5328831220534305,68.26460832296658,1.0052136313683062,19.401435532495807,0.12067054082980143,-92.26315090585742,-1.1573229341274334,80.27740596709826,0.6295741068180681,29.604889578489736,0.2719344611720337,0.2236152217972992,0.00015748,0.4669210133947691,0.00081957,0,0.0
6889,0.3748149818515997,0.017904559558018875,-1.54e-06,1.73670515212841,4.5328831220534305,-93.13870711968578,1.0052136313683062,4.141981458157389,0.12067054082980143,-76.16257495916794,-1.1573229341274334,14.549789694201369,0.6295741068180681,95.50727822007819,0.2719344611720337,-0.03291577141429036,0.00015748,0.033325399358134264,0.00081957,1,0.0
6890,0.10644498587831996,0.1506817313042955,-1.54e-06,1.73670515212841,4.5328831220534305,71.22375456016937,1.0052136313683062,23.95616790937228,0.12067054082980143,-85.64497700252191,-1.1573229341274334,34.00515964656227,0.6295741068180681,3.3681362712367675,0.2719344611720337,0.08407561867742694,0.00015748,0.30671846918432455,0.00081957,0,0.0
6891,-0.00022584740837316986,0.15088355815071497,-1.54e-06,1.73670515212841,4.5328831220534305,67.75008627553517,1.0052136313683062,30.100363044656678,0.12067054082980143,-58.65062783114757,-1.1573229341274334,-35.453723321709695,0.6295741068180681,-15.372408857523205,0.2719344611720337,-0.029408767058838714,0.00015748,0.2501911322724797,0.00081957,1,0.0
6892,0.04098213684898744,0.38581088310514083,-1.54e-06,1.73670515212841,4.5328831220534305,-11.44175678768415,1.0052136313683062,32.981860797119246,0.12067054082980143,-40.78551388176387,-1.1573229341274334,44.34734760252904,0.6295741068180681,-9.824782067779255,0.2719344611720337,-0.30100886445440256,0.00015748,0.3035160207147358,0.00081957,1,0.0
6893,0.42223341550547,0.013158973467651693,-1.54e-06,1.73670515212841,4.5328831220534305,-84.60899931935565,1.0052136313683062,10.61160623807368,0.12067054082980143,-66.21826730156121,-1.1573229341274334,-44.79901340992525,0.6295741068180681,90.19507982419789,0.2719344611720337,-0.049723897135400506,0.00015748,0.04972265375033141,0.00081957,1,0.0
6894,0.29924019914485844,0.006897299083948293,-1.54e-06,1.73670515212841,4.5328831220534305,-73.20441039847735,1.0052136313683062,5.19818344380664,0.12067054082980143,-56.6238659042272,-1.1573229341274334,15.7304508047479,0.6295741068180681,70.65494226359635,0.2719344611720337,-0.015469708098278745,0.00015748,0.015542178553703295,0.00081957,1,0.0
6895,0.003192591447282511,0.11413391533381792,-1.54e-06,1.73670515212841,4.5328831220534305,39.059946135847014,1.0052136313683062,24.40777218820229,0.12067054082980143,-80.2368431030238,-1.1573229341274334,-29.550896238797655,0.6295741068180681,13.724916143666471,0.2719344611720337,-0.06962832723375509,0.00015748,0.2259079545232436,0.00081957,1,0.0
6896,0.0015902828293924975,0.022529951280486828,-1.54e-06,1.73670515212841,4.5328831220534305,2.7455711816560866,1.0052136313683062,7.888662526150572,0.12067054082980143,-20.688867223417255,-1.1573229341274334,14.918233947809206,0.6295741068180681,1.401788438296808,0.2719344611720337,-0.03176981106429837,0.00015748,0.05991239582578531,0.00081957,1,0.0
6897,0.12902011195454005,0.0051863105129513875,-1.54e-06,1.73670515212841,4.5328831220534305,-38.52155366771973,1.0052136313683062,9.088182042048569,0.12067054082980143,-59.08884329929621,-1.1573229341274334,10.366939515931143,0.6295741068180681,46.55692906049368,0.2719344611720337,-0.05067717333313631,0.00015748,0.05074721669116992,0.00081957,1,0.0
6898,0.06959768089523477,0.11101471449388398,-1.54e-06,1.73670515212841,4.5328831220534305,-1.378588786119859,1.0052136313683062,31.26070152414292,0.12067054082980143,-76.07264615438922,-1.1573229341274334,-89.39187944541071,0.6295741068180681,30.19299099955255,0.2719344611720337,-0.18911653941030918,0.00015748,0.18906260160446833,0.00081957,1,0.0
6899,0.40352874962991236,0.01242717158719631,-1.54e-06,1.73670515212841,4.5328831220534305,-70.32843224975691,1.0052136313683062,6.061682424499982,0.12067054082980143,-31.45238500282645,-1.1573229341274334,-61.703790693187635,0.6295741068180681,69.70716846042329,0.2719344611720337,-0.020937837270683678,0.00015748,0.02080712280182751,0.00081957,1,0.0
6900,0.0002350663444901091,0.01193236919251431,-1.54e-06,2.2752100000340056,5.77175343827026,29.770949756610232,1.0052136313683062,13.86617091654725,0.12067054082980143,-52.07448807434635,-1.1573229341274334,-57.24997298892409,0.6295741068180681,10.92794321002934,0.2719344611720337,-0.023936346606346144,0.00015748,0.04220912712741907,0.00081957,1,0.0
6901,0.0005270756449784614,0.010393236775996266,-1.54e-06,2.2752100000340056,5.77175343827026,10.904410605287486,1.0052136313683062,6.34529008715089,0.12067054082980143,-57.70691338431214,-1.1573229341274334,-60.26861257557653,0.6295741068180681,30.77770073717129,0.2719344611720337,-0.03962819473146133,0.00015748,0.048472075065490186,0.00081957,1,0.0
6902,0.06160580757578558,0.007647371788663526,-1.54e-06,2.2752100000340056,5.77175343827026,-80.03524421481643,1.0052136313683062,-4.210461317783524,0.12067054082980143,-75.29139067581158,-1.1573229341274334,96.44972062610448,0.6295741068180681,72.31766817849666,0.2719344611720337,-0.03055403011030651,0.00015748,0.03128185645202787,0.00081957,1,0.0
6903,0.00019085234808396967,0.014794031370704388,-1.54e-06,2.2752100000340056,5.77175343827026,51.63198154335128,1.0052136313683062,15.164146093693848,0.12067054082980143,-31.861714088594653,-1.1573229341274334,-96.1955673930329,0.6295741068180681,-5.418280658541076,0.2719344611720337,-0.02186351639553036,0.00015748,0.04459175953441623,0.00081957,1,0.0
6904,4.619962599558547e-05,0.027260842864592093,-1.54e-06,2.2752100000340056,5.77175343827026,42.708753597059435,1.0052136313683062,7.367821749111536,0.12067054082980143,-45.44468692307941,-1.1573229341274334,96.91502632584715,0.6295741068180681,-4.314833254669146,0.2719344611720337,0.024349250607188285,0.00015748,0.03266656061948326,0.00081957,0,0.0
6905,0.0013368970921843748,0.0054036019970528405,-1.54e-06,2.2752100000340056,5.77175343827026,-13.294400445598264,1.0052136313683062,12.731408423632287,0.12067054082980143,-76.9032818007648,-1.1573229341274334,22.526059936327513,0.6295741068180681,31.47673216420927,0.2719344611720337,-0.025400073459386177,0.00015748,0.03135433000945342,0.00081957,1,0.0
6906,0.0007450305530227741,0.01972424488157985,-1.54e-06,2.2752100000340056,5.77175343827026,22.804378335820054,1.0052136313683062,12.373988276729646,0.12067054082980143,-66.76212835997747,-1.1573229341274334,63.79321150817445,0.6295741068180681,11.098103904761665,0.2719344611720337,0.00018690197218638668,0.00015748,0.03837655252976575,0.00081957,0,0.0
6907,0.00037208170347047265,0.007570814252869132,-1.54e-06,2.2752100000340056,5.77175343827026,12.387748576522204,1.0052136313683062,12.91639863664988,0.12067054082980143,-59.48927170850571,-1.1573229341274334,-45.43437156157724,0.6295741068180681,20.46825777428405,0.2719344611720337,-0.02860205651405966,0.00015748,0.03786870719128621,0.00081957,1,0.0
6908,0.16370559714029118,0.0018716203738912075,-1.54e-06,2.2752100000340056,5.77175343827026,-95.84245268814709,1.0052136313683062,5.0083071742848695,0.12067054082980143,-65.78861584648786,-1.1573229341274334,-33.324105235965206,0.6295741068180681,83.98674493646612,0.2719344611720337,-0.016328246275027197,0.00015748,0.01636619221059227,0.00081957,1,0.0
6909,0.0003285816946147352,0.004577636856296766,-1.54e-06,2.2752100000340056,5.77175343827026,13.653218248308466,1.0052136313683062,7.016740593935527,0.12067054082980143,-13.48710172045751,-1.1573229341274334,-19.825985787701754,0.6295741068180681,-3.1267859370129787,0.2719344611720337,-0.011814077868425577,0.00015748,0.01847454007614586,0.00081957,1,0.0
6910,0.09157341769494877,0.0003500203698871671,-1.54e-06,2.2752100000340056,5.77175343827026,-44.967671882982884,1.0052136313683062,4.494300103474089,0.12067054082980143,-29.336859428258563,-1.1573229341274334,-41.20999847973646,0.6295741068180681,39.945670381842874,0.2719344611720337,-0.009194322580244375,0.00015748,0.00920858213891829,0.00081957,1,0.0
6911,0.2476384642642991,0.042912430074806225,-1.54e-06,2.2752100000340056,5.77175343827026,-49.19214839448147,1.0052136313683062,9.935449871684675,0.12067054082980143,-84.63833565461195,-1.1573229341274334,-17.949992010416185,0.6295741068180681,84.36987779073472,0.2719344611720337,0.012796181320218689,0.00015748,0.06215291149412375,0.00081957,0,0.0
6912,0.008998438434470755,0.0021785543438109633,-1.54e-06,2.2752100000340056,5.77175343827026,-12.821247202019116,1.0052136313683062,-4.307923746086598,0.12067054082980143,-9.296527262688825,-1.1573229341274334,9.020865667278642,0.6295741068180681,15.633747399565301,0.2719344611720337,-0.018811781328071993,0.00015748,0.018810616123172773,0.00081957,1,0.0
6913,-0.0001124399019109823,0.037361191668278455,-1.54e-06,2.2752100000340056,5.77175343827026,87.18051342268141,1.0052136313683062,12.705398838941266,0.12067054082980143,-14.7259987524888,-1.1573229341274334,41.99252477852754,0.6295741068180681,-37.54310326671495,0.2719344611720337,0.016867022737217425,0.00015748,0.054456742768629524,0.00081957,0,0.0
6914,0.10605630358142526,0.02878096284618351,-1.54e-06,2.2752100000340056,5.77175343827026,13.818397579462856,1.0052136313683062,10.226352045418166,0.12067054082980143,-64.0527504802617,-1.1573229341274334,-84.78329497060811,0.6295741068180681,43.819970094550406,0.2719344611720337,-0.01796608090356039,0.00015748,0.06720500827493756,0.00081957,1,0.0
6915,0.0005086032026783704,0.022916594046391976,-1.54e-06,2.2752100000340056,5.77175343827026,58.4614751207997,1.0052136313683062,15.81517413581523,0.12067054082980143,-55.45542175299588,-1.1573229341274334,-48.50087938564823,0.6295741068180681,1.4305820242597305,0.2719344611720337,-0.01331489346560892,0.00015748,0.055194829774824455,0.00081957,1,0.0
6916,1.706691859693077e-05,0.018833517237507515,-1.54e-06,2.2752100000340056,5.77175343827026,11.785733445001501,1.0052136313683062,16.164898522813818,0.12067054082980143,-93.49224110980144,-1.1573229341274334,61.52223501455186,0.6295741068180681,25.665137433191944,0.2719344611720337,-0.012951897422621726,0.00015748,0.046740911332098845,0.00081957,1,0.0
6917,0.11332765271183094,0.00061503345824902,-1.54e-06,2.2752100000340056,5.77175343827026,-65.58026437646669,1.0052136313683062,7.244042627256388,0.12067054082980143,-55.28626410269074,-1.1573229341274334,-28.209268488092533,0.6295741068180681,59.2101175587146,0.2719344611720337,-0.014947807400663133,0.00015748,0.014959227663011271,0.00081957,1,0.0
6918,0.09520475743836132,0.029783511608197553,-1.54e-06,2.2752100000340056,5.77175343827026,-20.154240474518947,1.0052136313683062,23.597877872355646,0.12067054082980143,-18.81914698169898,-1.1573229341274334,-83.86074977870229,0.6295741068180681,4.283349026162574,0.2719344611720337,-0.07204833066515873,0.00015748,0.07207553839222497,0.00081957,1,0.0
6919,0.12033493725989963,0.012135646488249233,-1.54e-06,2.2752100000340056,5.77175343827026,-66.22771906909476,1.0052136313683062,12.942497764782871,0.12067054082980143,-30.82520160582848,-1.1573229341274334,9.921480455093391,0.6295741068180681,32.58872312903429,0.2719344611720337,-0.04803075567423788,0.00015748,0.04780975662995911,0.00081957,1,0.0
6920,0.06576369123080729,0.029529701697823336,-1.54e-06,2.2752100000340056,5.77175343827026,-6.128967173000439,1.0052136313683062,-1.0092049581910414,0.12067054082980143,-55.45383745606051,-1.1573229341274334,-88.03275639774301,0.6295741068180681,55.46493369466854,0.2719344611720337,-0.05614009838934828,0.00015748,0.07710990403442443,0.00081957,1,0.0
6921,0.00024721970882013444,0.004321204936297696,-1.54e-06,2.2752100000340056,5.77175343827026,-33.50474612131557,1.0052136313683062,11.301861283102562,0.12067054082980143,-90.67999569556565,-1.1573229341274334,87.94629816349739,0.6295741068180681,40.497708806305255,0.2719344611720337,-0.020226937813008872,0.00015748,0.02563243421570983,0.00081957,1,0.0
6922,0.00010007276635981555,0.013541994092118958,-1.54e-06,2.2752100000340056,5.77175343827026,18.78163837334985,1.0052136313683062,14.890618238655454,0.12067054082980143,-67.00604155169185,-1.1573229341274334,-5.572481851270639,0.6295741068180681,16.234083995355984,0.2719344611720337,-0.019856183233720646,0.00015748,0.04163769236500299,0.00081957,1,0.0
6923,0.020518913505184172,0.028585049944447032,-1.54e-06,2.2752100000340056,5.77175343827026,76.7314167354906,1.0052136313683062,14.667061077941304,0.12067054082980143,-25.448788294031512,-1.1573229341274334,-57.77624136714698,0.6295741068180681,-17.386076363458354,0.2719344611720337,0.004750313576494622,0.00015748,0.051089548058422585,0.00081957,0,0.0
6924,3.7123088788365566e-05,0.003140715273557171,-1.54e-06,2.2752100000340056,5.77175343827026,-25.00242984015917,1.0052136313683062,6.26141310809154,0.12067054082980143,-32.0910048192482,-1.1573229341274334,86.12082336652672,0.6295741068180681,8.739749509327657,0.2719344611720337,-0.025839620297463596,0.00015748,0.02583376763575105,0.00081957,1,0.0
6925,0.04636206007383427,0.0009375722387993673,-1.54e-06,2.2752100000340056,5.77175343827026,-5.889348838549179,1.0052136313683062,7.108856114175403,0.12067054082980143,-22.39543893527504,-1.1573229341274334,-91.02693506182112,0.6295741068180681,21.029986080658382,0.2719344611720337,-0.02079106589018971,0.00015748,0.02083673016674574,0.00081957,1,0.0
6926,0.0008828666205624169,0.042691570976597225,-1.54e-06,2.2752100000340056,5.77175343827026,61.09748232951088,1.0052136313683062,28.403435160495366,0.12067054082980143,-83.00721682853691,-1.1573229341274334,24.967435621144844,0.6295741068180681,-7.927354746263238,0.2719344611720337,-0.02533372614961265,0.00015748,0.08190609161625287,0.00081957,1,0.0
6927,0.0010396627401234315,0.03034489681502387,-1.54e-06,2.2752100000340056,5.77175343827026,27.432760576166114,1.0052136313683062,19.464316671171552,0.12067054082980143,-7.101707533640924,-1.1573229341274334,-9.480899012384267,0.6295741068180681,-29.759154233819373,0.2719344611720337,-0.05859306023066219,0.00015748,0.06947759859016864,0.00081957,1,0.0
6928,0.00018511963418099686,0.024558685291219212,-1.54e-06,2.2752100000340056,5.77175343827026,66.97873135482881,1.0052136313683062,19.332991979363452,0.12067054082980143,-46.071605844523496,-1.1573229341274334,-71.46158474951875,0.6295741068180681,-9.37798971143419,0.2719344611720337,-0.017178022597275418,0.00015748,0.057257921089737575,0.00081957,1,0.0
6929,0.0005808720355235941,0.035376047355809924,-1.54e-06,2.2752100000340056,5.77175343827026,81.06606992034533,1.0052136313683062,22.003797432545284,0.12067054082980143,-28.394754376079735,-1.1573229341274334,-46.684215491722874,0.6295741068180681,-30.826607050524657,0.2719344611720337,-0.017786780038967213,0.00015748,0.06740415787315801,0.00081957,1,0.0
6930,0.5706279438954149,0.22089235359376758,-1.54e-06,2.2752100000340056,5.77175343827026,78.07194939890095,1.0052136313683062,2.2413388398779555,0.12067054082980143,-45.411930713972026,-1.1573229341274334,-38.82984343386918,0.6295741068180681,76.87626974792983,0.2719344611720337,0.05189423017448848,0.00015748,0.2443409954502906,0.00081957,0,0.0
6931,0.025720934886894406,0.0005249769619161001,-1.54e-06,2.2752100000340056,5.77175343827026,-46.02874842627418,1.0052136313683062,6.211298204052884,0.12067054082980143,-61.624997659307844,-1.1573229341274334,78.8867039515784,0.6295741068180681,37.04405984942534,0.2719344611720337,-0.012091476791090251,0.00015748,0.012297983817699603,0.00081957,1,0.0
6932,0.00019843799798924255,0.006131508031356949,-1.54e-06,2.2752100000340056,5.77175343827026,-31.79351422498875,1.0052136313683062,12.44444774665855,0.12067054082980143,-94.88486067226573,-1.1573229341274334,95.71569503738961,0.6295741068180681,40.182297641554136,0.2719344611720337,-0.020222556257511234,0.00015748,0.028679379742501728,0.00081957,1,0.0
6933,0.020437755830527468,0.002976759306275372,-1.54e-06,2.2752100000340056,5.77175343827026,2.444060474546322,1.0052136313683062,11.151425099472098,0.12067054082980143,-48.514286519041335,-1.1573229341274334,-91.54443457127753,0.6295741068180681,26.28103040314628,0.2719344611720337,-0.03465719876886965,0.00015748,0.03467074331351863,0.00081957,1,0.0
6934,0.00025090698408028467,0.02303452067650093,-1.54e-06,2.2752100000340056,5.77175343827026,38.97902571806096,1.0052136313683062,12.318817005116932,0.12067054082980143,-78.5732236845703,-1.1573229341274334,-28.74508594348231,0.6295741068180681,24.135749324322035,0.2719344611720337,-0.026048978401611335,0.00015748,0.06380564343933554,0.00081957,1,0.0
6935,0.0013469799766050866,0.029206668860012018,-1.54e-06,2.2752100000340056,5.77175343827026,74.14923203540503,1.0052136313683062,8.795658485750412,0.12067054082980143,-41.49006419008052,-1.1573229341274334,-65.74274809905003,0.6295741068180681,0.33744077717592447,0.2719344611720337,-0.016811314158369672,0.00015748,0.06868858972904232,0.00081957,1,0.0
6936,0.050193490413021624,0.0045148905425839774,-1.54e-06,2.2752100000340056,5.77175343827026,-20.848017662585484,1.0052136313683062,15.230936976314696,0.12067054082980143,-80.68783232760539,-1.1573229341274334,-89.92769467412477,0.6295741068180681,50.4974522056584,0.2719344611720337,-0.043928793611746,0.00015748,0.04393318770844607,0.00081957,1,0.0
6937,0.18141696409200142,0.01103437496950152,-1.54e-06,2.2752100000340056,5.77175343827026,-99.53615131246198,1.0052136313683062,-9.816922149617817,0.12067054082980143,-12.35370188938455,-1.1573229341274334,-30.60348327033825,0.6295741068180681,74.4767669527003,0.2719344611720337,-0.03330777950824176,0.00015748,0.033324202619198155,0.00081957,1,0.0
6938,0.06540354616478376,0.0005169214379940414,-1.54e-06,2.2752100000340056,5.77175343827026,-70.97488549837607,1.0052136313683062,5.409012073519023,0.12067054082980143,-79.20375348735094,-1.1573229341274334,68.9798044278371,0.6295741068180681,61.97910001889411,0.2719344611720337,-0.011936972465725107,0.00015748,0.012037436450350021,0.00081957,1,0.0
6939,0.10738041569929377,0.0027539201519752674,-1.54e-06,2.2752100000340056,5.77175343827026,-46.113850658411856,1.0052136313683062,-0.5534268242597038,0.12067054082980143,-18.696361097778546,-1.1573229341274334,-72.16043870225282,0.6295741068180681,46.06697088459609,0.2719344611720337,-0.019676167831433614,0.00015748,0.020074312450025587,0.00081957,1,0.0
6940,0.03143703657676,0.0022943137776278207,-1.54e-06,2.2752100000340056,5.77175343827026,-44.663305054339325,1.0052136313683062,12.229999717408056,0.12067054082980143,-96.58981475604766,-1.1573229341274334,28.041409037604662,0.6295741068180681,56.24329375809306,0.2719344611720337,-0.03053340282621445,0.00015748,0.03052868851416907,0.00081957,1,0.0
6941,0.14476338690298493,0.008345387418289656,-1.54e-06,2.2752100000340056,5.77175343827026,-89.1856422587709,1.0052136313683062,13.370510166868904,0.12067054082980143,-55.42901374370237,-1.1573229341274334,23.02486291561103,0.6295741068180681,55.28378191773447,0.2719344611720337,-0.0410374512772477,0.00015748,0.041072663273927654,0.00081957,1,0.0
6942,0.04416475283601634,0.019834067916630387,-1.54e-06,2.2752100000340056,5.77175343827026,-53.18840668045581,1.0052136313683062,22.485512529591094,0.12067054082980143,-87.40101903348142,-1.1573229341274334,82.99017105407304,0.6295741068180681,33.73585475625545,0.2719344611720337,-0.062245114619002714,0.00015748,0.06236335156076936,0.00081957,1,0.0
6943,0.02266203603309977,0.0032873652251549,-1.54e-06,2.2752100000340056,5.77175343827026,-6.158784867938881,1.0052136313683062,12.267669757450415,0.12067054082980143,-61.56452596773933,-1.1573229341274334,-72.93822623773416,0.6295741068180681,33.49860737284593,0.2719344611720337,-0.03609323578961654,0.00015748,0.036165922844579534,0.00081957,1,0.0
6944,6.693044106248491e-06,0.026970206547894983,-1.54e-06,2.2752100000340056,5.77175343827026,27.192624994536015,1.0052136313683062,12.357819236894677,0.12067054082980143,-95.83077731399015,-1.1573229341274334,91.74483512026468,0.6295741068180681,25.031332191471378,0.2719344611720337,-0.0003786891114160029,0.00015748,0.05406230535739824,0.00081957,1,0.0
6945,0.012854807654641896,9.381782698426758e-05,-1.54e-06,2.2752100000340056,5.77175343827026,0.35193894176217533,1.0052136313683062,2.0380825117603414,0.12067054082980143,-4.283194874215661,-1.1573229341274334,-31.053190206363514,0.6295741068180681,4.610505084965067,0.2719344611720337,-0.0060552183032268675,0.00015748,0.006084267643899838,0.00081957,1,0.0
6946,0.04731622200399241,0.0014634581510186,-1.54e-06,2.2752100000340056,5.77175343827026,-23.556416993460083,1.0052136313683062,9.304585890430435,0.12067054082980143,-53.255757167380466,-1.1573229341274334,-51.30630475691106,0.6295741068180681,37.93875289639119,0.2719344611720337,-0.025842170231981532,0.00015748,0.02585235459016712,0.00081957,1,0.0
6947,0.18241004081451298,0.0015513854041863833,-1.54e-06,2.2752100000340056,5.77175343827026,-87.59371107336038,1.0052136313683062,9.913665954201822,0.12067054082980143,-62.94977702149331,-1.1573229341274334,-94.25123424738871,0.6295741068180681,81.80649429223948,0.2719344611720337,-0.022297434156477107,0.00015748,0.022319167676118065,0.00081957,1,0.0
6948,0.1212939088477785,0.002304295354280396,-1.54e-06,2.2752100000340056,5.77175343827026,-67.54121109606342,1.0052136313683062,10.24706372529526,0.12067054082980143,-49.18839341544056,-1.1573229341274334,-20.12024243154564,0.6295741068180681,51.71465774169425,0.2719344611720337,-0.022347136513211175,0.00015748,0.022308381622850305,0.00081957,1,0.0
6949,1.4350641365873384e-05,0.02656522381405368,-1.54e-06,2.2752100000340056,5.77175343827026,81.31996855646305,1.0052136313683062,14.464814093337528,0.12067054082980143,-37.779509705413815,-1.1573229341274334,-77.47624903702676,0.6295741068180681,-10.953881828352717,0.2719344611720337,-0.008322912383186606,0.00015748,0.05908768096663311,0.00081957,1,0.0
6950,0.00030500302378633215,0.017015127684732265,-1.54e-06,2.2752100000340056,5.77175343827026,7.170702924201178,1.0052136313683062,16.85955067110529,0.12067054082980143,-89.97922630853424,-1.1573229341274334,56.30854104086376,0.6295741068180681,24.342617607246176,0.2719344611720337,-0.017109363898914143,0.00015748,0.04527960556215782,0.00081957,1,0.0
6951,0.07506258620491173,0.0002933459900099524,-1.54e-06,2.2752100000340056,5.77175343827026,-65.83520903093839,1.0052136313683062,2.3390598221187595,0.12067054082980143,-47.118011012313666,-1.1573229341274334,58.40318549688481,0.6295741068180681,47.11768627448293,0.2719344611720337,-0.003891268215608134,0.00015748,0.003895673624613041,0.00081957,1,0.0
6952,0.06256654998127649,0.0035903173680337194,-1.54e-06,2.2752100000340056,5.77175343827026,-32.29890454128698,1.0052136313683062,13.267608472753233,0.12067054082980143,-80.75254498842536,-1.1573229341274334,-73.8435255553942,0.6295741068180681,56.246636003840116,0.2719344611720337,-0.03978894672317684,0.00015748,0.03987158178377136,0.00081957,1,0.0
6953,0.11461262263473415,0.0010676585281523291,-1.54e-06,2.2752100000340056,5.77175343827026,-57.00817029603852,1.0052136313683062,1.1116084232256132,0.12067054082980143,-23.870555873521198,-1.1573229341274334,-44.817187383509406,0.6295741068180681,47.842100531968015,0.2719344611720337,-0.008634709324054756,0.00015748,0.008629304930441707,0.00081957,1,0.0
6954,0.07961895978644294,0.00031556515873956453,-1.54e-06,2.2752100000340056,5.77175343827026,-48.8251215590377,1.0052136313683062,4.508790176218245,0.12067054082980143,-35.08821699121031,-1.1573229341274334,-3.813590477111801,0.6295741068180681,39.089317785816284,0.2719344611720337,-0.007798968125429757,0.00015748,0.007856866992358338,0.00081957,1,0.0
6955,0.00016397094963843672,0.03880236261096012,-1.54e-06,2.2752100000340056,5.77175343827026,85.59899256503871,1.0052136313683062,6.944548804398764,0.12067054082980143,-5.85506515981841,-1.1573229341274334,85.84439223022575,0.6295741068180681,-39.18380537514957,0.2719344611720337,0.027489220377616266,0.00015748,0.0513834287121462,0.00081957,0,0.0
6956,0.031940784128816235,0.01801412822844902,-1.54e-06,2.2752100000340056,5.77175343827026,-44.15826289148466,1.0052136313683062,-16.085785821916375,0.12067054082980143,-10.407789639089467,-1.1573229341274334,64.6060973657025,0.6295741068180681,38.52664996747363,0.2719344611720337,-0.05041458474611238,0.00015748,0.052004517166921754,0.00081957,1,0.0
6957,0.0006312996500410784,0.016919002362295703,-1.54e-06,2.2752100000340056,5.77175343827026,24.78750022617683,1.0052136313683062,8.911805156763476,0.12067054082980143,-60.04963455251461,-1.1573229341274334,14.794035629597177,0.6295741068180681,16.598514714834735,0.2719344611720337,-0.010057869753072799,0.00015748,0.04188494381555309,0.00081957,1,0.0
6958,0.02073219968388576,0.008877708901965794,-1.54e-06,2.2752100000340056,5.77175343827026,-7.071903629351792,1.0052136313683062,-3.1511612899056964,0.12067054082980143,-23.20059035886899,-1.1573229341274334,-19.74788268942049,0.6295741068180681,25.6704226687841,0.2719344611720337,-0.029230871721810027,0.00015748,0.03624321604518065,0.00081957,1,0.0
6959,0.02601848562607169,0.0023714803027145787,-1.54e-06,2.2752100000340056,5.77175343827026,-17.4894723434995,1.0052136313683062,12.202493364750534,0.12067054082980143,-60.77153233902956,-1.1573229341274334,-29.393565022704962,0.6295741068180681,31.88897115818684,0.2719344611720337,-0.028386045762781136,0.00015748,0.02845267344792498,0.00081957,1,0.0
6960,0.10312027212655873,0.007494808314174095,-1.54e-06,2.2752100000340056,5.77175343827026,-72.54697718639629,1.0052136313683062,-3.269051208123559,0.12067054082980143,-52.42004809344383,-1.1573229341274334,-1.9589578609009441,0.6295741068180681,70.26318850526361,0.2719344611720337,-0.03308257180539237,0.00015748,0.03327770255792979,0.00081957,1,0.0
6961,0.00015826844246347171,0.016637527903354463,-1.54e-06,2.2752100000340056,5.77175343827026,38.071396326056096,1.0052136313683062,15.93206555535515,0.12067054082980143,-59.61479285738474,-1.1573229341274334,-46.7170122162545,0.6295741068180681,9.265435359465483,0.2719344611720337,-0.021355879755490387,0.00015748,0.04855919788733658,0.00081957,1,0.0
6962,3.8051950461970296e-06,0.015073505804037716,-1.54e-06,2.2752100000340056,5.77175343827026,17.20988777373808,1.0052136313683062,10.563949044340182,0.12067054082980143,-75.02576096626731,-1.1573229341274334,-14.944488439849048,0.6295741068180681,28.89149094780162,0.2719344611720337,-0.026715547172822963,0.00015748,0.05000812127878291,0.00081957,1,0.0
6963,0.008477464612936553,0.0014044081530931965,-1.54e-06,2.2752100000340056,5.77175343827026,-2.6009768217227767,1.0052136313683062,7.86676207628314,0.12067054082980143,-40.75245850185506,-1.1573229341274334,-40.51949169983826,0.6295741068180681,20.497727301392878,0.2719344611720337,-0.02319716942248742,0.00015748,0.02322109639750775,0.00081957,1,0.0
6964,0.03212281459543312,0.0773995109466169,-1.54e-06,2.2752100000340056,5.77175343827026,24.110103802707446,1.0052136313683062,-18.2366787642941,0.12067054082980143,-23.44018179742147,-1.1573229341274334,22.13146337668765,0.6295741068180681,35.5850869409488,0.2719344611720337,-0.07192157885383726,0.00015748,0.12352501138869287,0.00081957,1,0.0
6965,0.013746076584326847,0.020451749358930803,-1.54e-06,2.2752100000340056,5.77175343827026,-9.950485273584404,1.0052136313683062,-6.157467940020042,0.12067054082980143,-40.637597079469494,-1.1573229341274334,-30.747451225742267,0.6295741068180681,42.06028207046369,0.2719344611720337,-0.05605520370290762,0.00015748,0.062053597880043845,0.00081957,1,0.0
6966,0.000958053887842196,0.028433064459298017,-1.54e-06,2.2752100000340056,5.77175343827026,-4.93267382094593,1.0052136313683062,3.5541930395630166,0.12067054082980143,-99.22190820703969,-1.1573229341274334,-44.340239315595305,0.6295741068180681,63.51964528433346,0.2719344611720337,-0.07066075327188147,0.00015748,0.08195523900075359,0.00081957,1,0.0
6967,0.14925686662910564,0.001217820315825273,-1.54e-06,2.2752100000340056,5.77175343827026,-62.86967878857942,1.0052136313683062,1.6924553906942381,0.12067054082980143,-8.622612421885343,-1.1573229341274334,-76.28802195800981,0.6295741068180681,46.662083460128656,0.2719344611720337,-0.000757537761058008,0.00015748,0.0007822831411293163,0.00081957,1,0.0
6968,0.04426505468029088,0.009874282566160617,-1.54e-06,2.2752100000340056,5.77175343827026,-9.843769526673283,1.0052136313683062,20.181539108603776,0.12067054082980143,-55.35326544470586,-1.1573229341274334,-72.99621586450205,0.6295741068180681,21.925059216600605,0.2719344611720337,-0.04588865789928347,0.00015748,0.04593913874907004,0.00081957,1,0.0
6969,0.042981986840967136,7.994636265059308e-05,-1.54e-06,2.2752100000340056,5.77175343827026,-25.844418998237114,1.0052136313683062,1.4624583819555104,0.12067054082980143,-16.341368490297892,-1.1573229341274334,-3.9501937382200247,0.6295741068180681,20.92118612748848,0.2719344611720337,-0.002470377063292557,0.00015748,0.00247499554809566,0.00081957,1,0.0
6970,0.0002697888753394398,0.015304748354323699,-1.54e-06,2.2752100000340056,5.77175343827026,15.312531351545644,1.0052136313683062,5.117188054859861,0.12067054082980143,-8.077580556054452,-1.1573229341274334,78.7883535802047,0.6295741068180681,-15.001921219829962,0.2719344611720337,-0.01203636386620078,0.00015748,0.036825323216068136,0.00081957,1,0.0
6971,0.16004745308465015,0.006441301234291605,-1.54e-06,2.2752100000340056,5.77175343827026,-88.29159037308074,1.0052136313683062,9.43641856233938,0.12067054082980143,-34.553544588526115,-1.1573229341274334,0.4491467295221933,0.6295741068180681,51.85108155858048,0.2719344611720337,-0.034504053262833345,0.00015748,0.034603561304530475,0.00081957,1,0.0
6972,0.03056469043898767,0.002394077684031617,-1.54e-06,2.2752100000340056,5.77175343827026,-4.383042872965907,1.0052136313683062,10.241657040030372,0.12067054082980143,-46.95560956425219,-1.1573229341274334,-85.43906017862757,0.6295741068180681,29.044355167748677,0.2719344611720337,-0.031747972540942554,0.00015748,0.03178438588767715,0.00081957,1,0.0
6973,0.015997060743048463,0.024582091356718336,-1.54e-06,2.2752100000340056,5.77175343827026,-3.649571440425994,1.0052136313683062,18.65570021137691,0.12067054082980143,-18.852615500271156,-1.1573229341274334,11.942530257621613,0.6295741068180681,-13.173738875849535,0.2719344611720337,-0.06556356039521141,0.00015748,0.06552279196405625,0.00081957,1,0.0
6974,0.11473541335657174,0.004041914782552371,-1.54e-06,2.2752100000340056,5.77175343827026,-66.18111343302036,1.0052136313683062,3.8100067548587053,0.12067054082980143,-64.00314999303421,-1.1573229341274334,-52.17952681653322,0.6295741068180681,72.53176160379533,0.2719344611720337,-0.031123416239313244,0.00015748,0.031146577282433183,0.00081957,1,0.0
6975,0.1240718518142543,0.0016062529350914546,-1.54e-06,2.2752100000340056,5.77175343827026,-58.99252553064511,1.0052136313683062,3.0008867525994734,0.12067054082980143,-35.858752384473696,-1.1573229341274334,-68.94445318473804,0.6295741068180681,56.98415795582279,0.2719344611720337,-0.01735219578801339,0.00015748,0.017364515924150628,0.00081957,1,0.0
6976,0.08559121204759103,0.004104446851132785,-1.54e-06,2.2752100000340056,5.77175343827026,-47.331468287609184,1.0052136313683062,16.382956466658474,0.12067054082980143,-96.928172188611,-1.1573229341274334,-74.13260477814121,0.6295741068180681,68.91154357757341,0.2719344611720337,-0.04345116378831246,0.00015748,0.04345373826687021,0.00081957,1,0.0
6977,0.0825072360079995,0.00034523375834418163,-1.54e-06,2.2752100000340056,5.77175343827026,-47.863822681298245,1.0052136313683062,5.368886667990808,0.12067054082980143,-41.001876209186875,-1.1573229341274334,-20.860959317031387,0.6295741068180681,43.5113873933578,0.2719344611720337,-0.011233479131646974,0.00015748,0.011225359938411289,0.00081957,1,0.0
6978,0.2681916933382563,0.07545121405219421,-1.54e-06,2.2752100000340056,5.77175343827026,47.00018592964364,1.0052136313683062,18.844526487629967,0.12067054082980143,-83.6635576923851,-1.1573229341274334,-50.683455684817424,0.6295741068180681,50.52866084780573,0.2719344611720337,0.04181037435469955,0.00015748,0.10514657563270677,0.00081957,0,0.0
6979,0.0569424834650013,0.00013930720719716554,-1.54e-06,2.2752100000340056,5.77175343827026,-34.054291488145736,1.0052136313683062,2.979632653303173,0.12067054082980143,-26.47637054715211,-1.1573229341274334,-9.573923176317315,0.6295741068180681,29.679791663774513,0.2719344611720337,-0.0060569276006043745,0.00015748,0.006056263845066779,0.00081957,1,0.0
6980,0.06201647556729484,0.006621798902453796,-1.54e-06,2.2752100000340056,5.77175343827026,-50.14473574014852,1.0052136313683062,9.563810732131401,0.12067054082980143,-100.0,-1.1573229341274334,-4.748978266079835,0.6295741068180681,70.9641322339278,0.2719344611720337,-0.03623604914481156,0.00015748,0.041080774445106355,0.00081957,1,0.0
6981,0.004893991506738429,0.0013079540923557717,-1.54e-06,2.2752100000340056,5.77175343827026,-2.55385459835496,1.0052136313683062,7.6642377652543106,0.12067054082980143,-40.58344160921511,-1.1573229341274334,-32.740181879539925,0.6295741068180681,19.389079797096123,0.2719344611720337,-0.022053274281193833,0.00015748,0.02207676771997397,0.00081957,1,0.0
6982,0.20946992398373848,0.12711542960414857,-1.54e-06,2.2752100000340056,5.77175343827026,56.73652923053358,1.0052136313683062,-12.591668449561322,0.12067054082980143,-24.218256919139883,-1.1573229341274334,29.84163107997976,0.6295741068180681,39.577052736764635,0.2719344611720337,-0.02405537080200941,0.00015748,0.17159034762119696,0.00081957,1,0.0
6983,0.00012925600032662188,0.015426529351668146,-1.54e-06,2.2752100000340056,5.77175343827026,10.282676935067874,1.0052136313683062,7.145941125025713,0.12067054082980143,-53.08250051829232,-1.1573229341274334,82.51445094418405,0.6295741068180681,11.322133305569007,0.2719344611720337,0.007130361099192394,0.00015748,0.024291511859211787,0.00081957,0,0.0
6984,0.0017806538832741414,0.022618446506233396,-1.54e-06,2.2752100000340056,5.77175343827026,18.277015458767266,1.0052136313683062,17.47705496252657,0.12067054082980143,-49.051650193737565,-1.1573229341274334,49.83557393357773,0.6295741068180681,-4.418470552947172,0.2719344611720337,-0.02831966566682389,0.00015748,0.05415468946519832,0.00081957,1,0.0
6985,0.0003858686741405621,0.00792217566213066,-1.54e-06,2.2752100000340056,5.77175343827026,8.269863137285217,1.0052136313683062,1.00274610381201,0.12067054082980143,-13.34744853198396,-1.1573229341274334,38.51869356718439,0.6295741068180681,0.5222210315921025,0.2719344611720337,0.0059706626695639545,0.00015748,0.010011891450154516,0.00081957,0,0.0
6986,0.0077257723477702,0.009081961105919963,-1.54e-06,2.2752100000340056,5.77175343827026,-8.811139009707993,1.0052136313683062,-5.217153359215867,0.12067054082980143,-23.83968620013995,-1.1573229341274334,-27.608788008047593,0.6295741068180681,28.787854180987573,0.2719344611720337,-0.0416186453644625,0.00015748,0.04193083918763893,0.00081957,1,0.0
6987,0.0008021356868217547,0.01790850805345571,-1.54e-06,2.2752100000340056,5.77175343827026,17.42559293819474,1.0052136313683062,-4.025963112719119,0.12067054082980143,-20.684664174780153,-1.1573229341274334,18.119931112025988,0.6295741068180681,12.055058628191526,0.2719344611720337,-0.022227468585191444,0.00015748,0.04655289338881732,0.00081957,1,0.0
6988,0.0003569968021853026,0.01517178142903611,-1.54e-06,2.2752100000340056,5.77175343827026,6.075120814688043,1.0052136313683062,9.595579978328642,0.12067054082980143,-1e-20,-1.1573229341274334,48.4491399086706,0.6295741068180681,-20.610875979007147,0.2719344611720337,-0.0415072200448542,0.00015748,0.04940543724004194,0.00081957,1,0.0
6989,0.1164882440494978,0.032721599355560745,-1.54e-06,2.2752100000340056,5.77175343827026,-45.652917915016175,1.0052136313683062,19.164258249249595,0.12067054082980143,-8.360164895055679,-1.1573229341274334,-18.951678351270456,0.6295741068180681,6.595039900462954,0.2719344611720337,-0.07750509979760299,0.00015748,0.07763154072911023,0.00081957,1,0.0
6990,0.15098358587666083,0.0008953258569662683,-1.54e-06,2.2752100000340056,5.77175343827026,-95.59736465022502,1.0052136313683062,6.405340796786865,0.12067054082980143,-62.78610357109482,-1.1573229341274334,4.0037743354406246,0.6295741068180681,74.44199521855039,0.2719344611720337,-0.009847272355390204,0.00015748,0.009854778846268775,0.00081957,1,0.0
6991,0.08444445066140589,0.0007674058907707532,-1.54e-06,2.2752100000340056,5.77175343827026,-59.26421330625115,1.0052136313683062,8.328719404768119,0.12067054082980143,-69.09455805552467,-1.1573229341274334,-4.724647137607915,0.6295741068180681,58.545840798412776,0.2719344611720337,-0.019347108067055335,0.00015748,0.019353894923445254,0.00081957,1,0.0
6992,0.17055119286765527,0.0909547128915225,-1.54e-06,2.2752100000340056,5.77175343827026,10.023451860046615,1.0052136313683062,-3.988797012982877,0.12067054082980143,-86.01398435668091,-1.1573229341274334,48.12464070791813,0.6295741068180681,72.28995377805948,0.2719344611720337,-0.02926560705379283,0.00015748,0.13830622792137184,0.00081957,1,0.0
6993,0.08287201755930726,0.007431895838207742,-1.54e-06,2.2752100000340056,5.77175343827026,-68.80610184072809,1.0052136313683062,-8.34565823456134,0.12067054082980143,-29.60476077332312,-1.1573229341274334,44.25351852922874,0.6295741068180681,54.68680558914473,0.2719344611720337,-0.030087428590052926,0.00015748,0.030186462721124,0.00081957,1,0.0
6994,0.03228126555004976,0.0044762362918866,-1.54e-06,2.2752100000340056,5.77175343827026,-13.963377521178714,1.0052136313683062,15.268310282672232,0.12067054082980143,-78.53255695244371,-1.1573229341274334,-75.38624181279876,0.6295741068180681,43.446845988911214,0.2719344611720337,-0.04228967359751646,0.00015748,0.042304760822432654,0.00081957,1,0.0
6995,0.2697490843881125,0.05190774437414115,-1.54e-06,2.2752100000340056,5.77175343827026,-40.07640615961312,1.0052136313683062,15.574240095104878,0.12067054082980143,-89.41841053704185,-1.1573229341274334,23.072896285043736,0.6295741068180681,75.00728965901416,0.2719344611720337,0.04047714534541748,0.00015748,0.0556940997933079,0.00081957,0,0.0
6996,0.025829507682934582,5.814880460818809e-05,-1.54e-06,2.2752100000340056,5.77175343827026,-20.921472468181225,1.0052136313683062,2.4405130123885423,0.12067054082980143,-23.29771153158377,-1.1573229341274334,7.628419160510062,0.6295741068180681,19.202914790019545,0.2719344611720337,-0.005147310643395944,0.00015748,0.005153014186920104,0.00081957,1,0.0
6997,0.00040483174126110244,0.04615914439634465,-1.54e-06,2.2752100000340056,5.77175343827026,82.71782671196434,1.0052136313683062,24.94693228855722,0.12067054082980143,-37.758706551552216,-1.1573229341274334,0.7727032671501524,0.6295741068180681,-34.79110960828691,0.2719344611720337,-0.02183079618760954,0.00015748,0.08155873958817048,0.00081957,1,0.0
6998,0.04906092624327152,0.003061251782557776,-1.54e-06,2.2752100000340056,5.77175343827026,-28.1097470005796,1.0052136313683062,13.89567735054548,0.12067054082980143,-77.22309772144291,-1.1573229341274334,-54.27859317865273,0.6295741068180681,48.21878795992979,0.2719344611720337,-0.035971474438746,0.00015748,0.035975535363218805,0.00081957,1,0.0
6999,0.11095978154483493,0.0011285298585600497,-1.54e-06,2.2752100000340056,5.77175343827026,-56.7534174244695,1.0052136313683062,9.568396756852104,0.12067054082980143,-60.440624179532946,-1.1573229341274334,-61.901476157073326,0.6295741068180681,60.069356628915024,0.2719344611720337,-0.02342893877612963,0.00015748,0.023429051847674062,0.00081957,1,0.0
7000,1.6148027943032521,0.7952110166227261,-1.54e-06,2.9495387056773654,2.484128020216576,12.464055886767817,1.0052136313683062,8.440889506169071,0.12067054082980143,-29.748867093019033,-1.1573229341274334,-54.20276746095792,0.6295741068180681,51.43160149712494,0.2719344611720337,-0.32786765181177774,0.00015748,0.3299119914987591,0.00081957,1,0.0
7001,-0.9800757876505468,3.0694569967694876,-1.54e-06,2.9495387056773654,2.484128020216576,-75.96212261883834,1.0052136313683062,-3.2581739126274427,0.12067054082980143,-12.936777411994418,-1.1573229341274334,75.32021950158766,0.6295741068180681,3.2213962301132497,0.2719344611720337,-0.5172981419993243,0.00015748,0.7044921210802622,0.00081957,1,0.0
7002,-0.009534163681991892,5.720046240164483,-1.54e-06,2.9495387056773654,2.484128020216576,40.83683659883069,1.0052136313683062,19.533815650364364,0.12067054082980143,-36.69370730686064,-1.1573229341274334,-26.00012930101916,0.6295741068180681,-26.638695493191214,0.2719344611720337,-1.439548584260678,0.00015748,1.445914721078944,0.00081957,1,0.0
7003,-2.19592114430351,7.181797536329252,-1.54e-06,2.9495387056773654,2.484128020216576,-2.256274793786545,1.0052136313683062,-2.5268994325038716,0.12067054082980143,-1e-20,-1.1573229341274334,95.32500670935808,0.6295741068180681,-69.53910076458354,0.2719344611720337,-0.5362205111099492,0.00015748,1.3334845751145863,0.00081957,1,0.0
7004,-1.350532141902515,6.991065165789487,-1.54e-06,2.9495387056773654,2.484128020216576,-38.223262066288974,1.0052136313683062,9.760842669811288,0.12067054082980143,-67.68980215626037,-1.1573229341274334,85.28989323874963,0.6295741068180681,-3.462655337478441,0.2719344611720337,-1.101620361041681,0.00015748,1.2759648917550526,0.00081957,1,0.0
7005,0.30782802713963847,0.02456456674264029,-1.54e-06,2.9495387056773654,2.484128020216576,-29.47348258394484,1.0052136313683062,0.13921722716926027,0.12067054082980143,-9.611770455392419,-1.1573229341274334,5.248574995773734,0.6295741068180681,23.754162780704192,0.2719344611720337,-0.04436190082315512,0.00015748,0.0454256023157691,0.00081957,1,0.0
7006,-0.12481010872079834,1.1208334148312424,-1.54e-06,2.9495387056773654,2.484128020216576,84.51090802161026,1.0052136313683062,3.803853650657814,0.12067054082980143,-36.09491337004313,-1.1573229341274334,60.06303595659742,0.6295741068180681,-32.54689200272664,0.2719344611720337,0.25482082011926477,0.00015748,2.835202135350319,0.00081957,0,0.0
7007,0.019632343206688052,0.9703317619495453,-1.54e-06,2.9495387056773654,2.484128020216576,-85.19364649280435,1.0052136313683062,-8.566045344673162,0.12067054082980143,-22.371601389878915,-1.1573229341274334,63.85979660376346,0.6295741068180681,55.69787621111595,0.2719344611720337,-0.4047534435702924,0.00015748,0.7151465725519563,0.00081957,1,0.0
7008,2.380870851262057,1.8446673639385984,-1.54e-06,2.9495387056773654,2.484128020216576,-30.2749696426532,1.0052136313683062,4.107500478811691,0.12067054082980143,-21.04295710556953,-1.1573229341274334,-63.13782746513419,0.6295741068180681,88.37731033007555,0.2719344611720337,-0.43264333686499185,0.00015748,0.4286827787472683,0.00081957,1,0.0
7009,0.014895950077216558,0.049429736814224134,-1.54e-06,2.9495387056773654,2.484128020216576,78.89712338454316,1.0052136313683062,8.928599014140227,0.12067054082980143,-59.84902969400926,-1.1573229341274334,18.100554762041014,0.6295741068180681,-0.3196260295163561,0.2719344611720337,0.3992637208818083,0.00015748,0.6555046416045035,0.00081957,0,0.0
7010,1.95338948760459,1.2601270292478755,-1.54e-06,2.9495387056773654,2.484128020216576,-78.79553167865991,1.0052136313683062,6.17337309159936,0.12067054082980143,-23.768648287388626,-1.1573229341274334,-36.135625082935334,0.6295741068180681,83.64783098907142,0.2719344611720337,-0.36814995626139146,0.00015748,0.33018777507241936,0.00081957,1,0.0
7011,-0.43316122602389484,2.051318810042906,-1.54e-06,2.9495387056773654,2.484128020216576,-72.19826512988027,1.0052136313683062,-5.574822092511285,0.12067054082980143,-25.648949407479694,-1.1573229341274334,88.37844103114007,0.6295741068180681,26.536015462968756,0.2719344611720337,-0.23217316843778202,0.00015748,1.3318213281615572,0.00081957,1,0.0
7012,0.12247504544053917,0.00551857656496481,-1.54e-06,2.9495387056773654,2.484128020216576,-26.142910446873287,1.0052136313683062,1.5469630388307025,0.12067054082980143,-32.72644670875821,-1.1573229341274334,22.222663731869392,0.6295741068180681,32.64462018588713,0.2719344611720337,-0.04267590205758712,0.00015748,0.04367580910108251,0.00081957,1,0.0
7013,0.16623455188884884,0.5364604141344503,-1.54e-06,2.9495387056773654,2.484128020216576,-100.0,1.0052136313683062,-7.989470466361892,0.12067054082980143,-20.849256168839354,-1.1573229341274334,55.35781454065801,0.6295741068180681,63.83406810437848,0.2719344611720337,-0.4117188958976808,0.00015748,0.42792677349233826,0.00081957,1,0.0
7014,-0.002679810704898866,0.701319368494657,-1.54e-06,2.9495387056773654,2.484128020216576,-3.433059751981202,1.0052136313683062,0.8348980982164076,0.12067054082980143,-40.57531647082456,-1.1573229341274334,57.071585526738374,0.6295741068180681,17.719041672969173,0.2719344611720337,0.0685960186271467,0.00015748,1.3844762475667323,0.00081957,0,0.0
7015,0.12303321148131019,10.16213120121493,-1.54e-06,2.9495387056773654,2.484128020216576,99.8844658860722,1.0052136313683062,29.443191824042803,0.12067054082980143,-52.37372687432946,-1.1573229341274334,-61.03823233969781,0.6295741068180681,-45.63185528711374,0.2719344611720337,-1.9747488091783745,0.00015748,1.847109008436624,0.00081957,1,0.0
7016,-0.5917985884362281,1.7049685297722834,-1.54e-06,2.9495387056773654,2.484128020216576,-94.56985527497935,1.0052136313683062,-4.848982420908611,0.12067054082980143,-10.003645598246125,-1.1573229341274334,66.04724778260614,0.6295741068180681,22.565665405583296,0.2719344611720337,-0.43666673139076917,0.00015748,0.4585196126855938,0.00081957,1,0.0
7017,-0.5802838924314991,1.7928183562604616,-1.54e-06,2.9495387056773654,2.484128020216576,-76.56964868253844,1.0052136313683062,-3.3455381587284987,0.12067054082980143,-3.2217376851484083,-1.1573229341274334,53.17077533683052,0.6295741068180681,9.534358098040922,0.2719344611720337,-0.4699610798006943,0.00015748,0.5109757919608391,0.00081957,1,0.0
7018,0.6165867594039236,0.8664305444578224,-1.54e-06,2.9495387056773654,2.484128020216576,18.308625737053177,1.0052136313683062,8.083509356441095,0.12067054082980143,-0.17808398430537356,-1.1573229341274334,-41.427030577249724,0.6295741068180681,-4.078915925464495,0.2719344611720337,-0.5238490726283976,0.00015748,0.5131582196426007,0.00081957,1,0.0
7019,0.3004074574707911,1.758478713875065,-1.54e-06,2.9495387056773654,2.484128020216576,-24.640736619805477,1.0052136313683062,-3.448968403872389,0.12067054082980143,-63.707667503193,-1.1573229341274334,69.3939160691174,0.6295741068180681,64.18600363845265,0.2719344611720337,-0.2256917750357309,0.00015748,1.3545471062748224,0.00081957,1,0.0
7020,-0.1739685874372392,1.0437887028926203,-1.54e-06,2.9495387056773654,2.484128020216576,100.0,1.0052136313683062,13.281317565087711,0.12067054082980143,-83.48050564056143,-1.1573229341274334,67.88281492376981,0.6295741068180681,-21.34671149858919,0.2719344611720337,0.34238874670095276,0.00015748,2.7016776128508506,0.00081957,0,0.0
7021,-0.17458357346836617,1.3362782193945255,-1.54e-06,2.9495387056773654,2.484128020216576,-7.933970673903718,1.0052136313683062,-1.7383897321237103,0.12067054082980143,-27.695889707822012,-1.1573229341274334,63.726152415809395,0.6295741068180681,7.827740384559537,0.2719344611720337,-0.013121041880783335,0.00015748,1.596395641344642,0.00081957,1,0.0
7022,-0.031227933416768203,1.1500630229665578,-1.54e-06,2.9495387056773654,2.484128020216576,-26.826821700916405,1.0052136313683062,-0.4735603763833327,0.12067054082980143,-46.450168955391895,-1.1573229341274334,78.0612423228018,0.6295741068180681,27.28449350999025,0.2719344611720337,0.0013427558518802618,0.00015748,1.7396203678217095,0.00081957,0,0.0
7023,0.18978835256443993,0.1844595633732142,-1.54e-06,2.9495387056773654,2.484128020216576,80.29875287396113,1.0052136313683062,11.697910407653321,0.12067054082980143,-65.48422571152574,-1.1573229341274334,4.183953870937759,0.6295741068180681,5.428301772562982,0.2719344611720337,0.24128966941111699,0.00015748,0.5353541468030335,0.00081957,0,0.0
7024,2.182656370234072,3.483962547897474,-1.54e-06,2.9495387056773654,2.484128020216576,39.86589830024877,1.0052136313683062,4.639985812535169,0.12067054082980143,-49.34220686448413,-1.1573229341274334,-38.55970073230597,0.6295741068180681,77.49798031294074,0.2719344611720337,-0.24363922292051765,0.00015748,1.3344814756580816,0.00081957,1,0.0
7025,0.0035852103335889396,0.1497336918192817,-1.54e-06,2.9495387056773654,2.484128020216576,25.970894495976925,1.0052136313683062,5.78488839222677,0.12067054082980143,-70.07501847729357,-1.1573229341274334,47.86380970838679,0.6295741068180681,27.235233550388354,0.2719344611720337,0.2661261633655015,0.00015748,0.7842278912486149,0.00081957,0,0.0
7026,0.5705760686595562,1.2384697523282309,-1.54e-06,2.9495387056773654,2.484128020216576,54.609585774503614,1.0052136313683062,4.076591283539227,0.12067054082980143,-99.70594234167221,-1.1573229341274334,76.0045755690159,0.6295741068180681,51.56009779325459,0.2719344611720337,0.2715486175922228,0.00015748,2.3436133199442892,0.00081957,0,0.0
7027,0.2640192687454477,1.4861773648970413,-1.54e-06,2.9495387056773654,2.484128020216576,-56.754134096793976,1.0052136313683062,-6.061816967550436,0.12067054082980143,-43.01446141185689,-1.1573229341274334,63.48107901135581,0.6295741068180681,63.88474970190766,0.2719344611720337,-0.3387743668665856,0.00015748,1.04023361967504,0.00081957,1,0.0
7028,0.09824563134977068,0.01048416491699766,-1.54e-06,2.9495387056773654,2.484128020216576,-55.96413935000366,1.0052136313683062,0.954392515778426,0.12067054082980143,-49.09061696359113,-1.1573229341274334,44.09413022845458,0.6295741068180681,53.39883652075553,0.2719344611720337,-0.037828482445314275,0.00015748,0.03742277899469148,0.00081957,1,0.0
7029,1.6219483321179684,1.907929936103523,-1.54e-06,2.9495387056773654,2.484128020216576,-58.95196320395349,1.0052136313683062,15.088551995013011,0.12067054082980143,-87.37072572563835,-1.1573229341274334,-10.073974689172307,0.6295741068180681,100.0,0.2719344611720337,-0.8174872012336349,0.00015748,0.691960012714337,0.00081957,1,0.0
7030,-0.6214163438458158,2.554846954643487,-1.54e-06,2.9495387056773654,2.484128020216576,65.47178781678515,1.0052136313683062,1.430025576132446,0.12067054082980143,-6.494987297710805,-1.1573229341274334,54.48776639606138,0.6295741068180681,-55.987107796997705,0.2719344611720337,0.04039763522455453,0.00015748,2.415399480958742,0.00081957,0,0.0
7031,-0.0030714647501577375,1.0129102002771464,-1.54e-06,2.9495387056773654,2.484128020216576,51.89717857668222,1.0052136313683062,2.967818286560642,0.12067054082980143,-60.43722171958959,-1.1573229341274334,84.93387711115015,0.6295741068180681,-0.16256798134469413,0.2719344611720337,0.24226897090208022,0.00015748,2.911440607873079,0.00081957,0,0.0
7032,1.96938551746891,1.7963558517290936,-1.54e-06,2.9495387056773654,2.484128020216576,79.08030116619351,1.0052136313683062,19.440626577268844,0.12067054082980143,-88.36572021124151,-1.1573229341274334,-70.58493599500603,0.6295741068180681,68.44947010014906,0.2719344611720337,-0.740588341696041,0.00015748,0.7644036647658901,0.00081957,1,0.0
7033,0.3715064198425657,0.16243826550575033,-1.54e-06,2.9495387056773654,2.484128020216576,-72.91666771736286,1.0052136313683062,-3.080134796449676,0.12067054082980143,-28.366180348385342,-1.1573229341274334,35.51144047183428,0.6295741068180681,58.37528127321581,0.2719344611720337,-0.18504101166344858,0.00015748,0.20641120782287162,0.00081957,1,0.0
7034,0.6974220996373139,0.10471947391367671,-1.54e-06,2.9495387056773654,2.484128020216576,-44.201085563165876,1.0052136313683062,4.883781122447536,0.12067054082980143,-66.29696403179646,-1.1573229341274334,24.163767793105926,0.6295741068180681,73.92405578152213,0.2719344611720337,-0.15485310016116807,0.00015748,0.15967806773895968,0.00081957,1,0.0
7035,0.8947708083967694,8.169314093139498,-1.54e-06,2.9495387056773654,2.484128020216576,73.25553388484389,1.0052136313683062,27.947998898665983,0.12067054082980143,-52.263962389492406,-1.1573229341274334,-76.25081353728693,0.6295741068180681,-11.54449742626232,0.2719344611720337,-1.7940348575977212,0.00015748,1.614983356590264,0.00081957,1,0.0
7036,0.378873645848125,0.4642310836632376,-1.54e-06,2.9495387056773654,2.484128020216576,-17.418748428989318,1.0052136313683062,7.909800835412367,0.12067054082980143,-48.105387250490544,-1.1573229341274334,8.634130633569528,0.6295741068180681,35.972704882204845,0.2719344611720337,-0.42868216402672943,0.00015748,0.4222642061730296,0.00081957,1,0.0
7037,0.006264655133555425,0.29177092240055397,-1.54e-06,2.9495387056773654,2.484128020216576,-2.430883670570065,1.0052136313683062,-0.8150075356950583,0.12067054082980143,-16.9095670582136,-1.1573229341274334,23.492401724931153,0.6295741068180681,11.742861081824406,0.2719344611720337,-0.009951161038595557,0.00015748,0.49991327157722315,0.00081957,1,0.0
7038,0.6518663179720505,0.1908196301828804,-1.54e-06,2.9495387056773654,2.484128020216576,-87.15431656833397,1.0052136313683062,0.5165146752939549,0.12067054082980143,-29.0729571552627,-1.1573229341274334,24.21812776768353,0.6295741068180681,62.482529205092,0.2719344611720337,-0.22624256872553394,0.00015748,0.22763552764401712,0.00081957,1,0.0
7039,0.002179118303891947,0.03484120181614103,-1.54e-06,2.9495387056773654,2.484128020216576,80.46993655807326,1.0052136313683062,9.337109668248953,0.12067054082980143,-66.36707142329102,-1.1573229341274334,21.05344102386809,0.6295741068180681,3.3811150577871674,0.2719344611720337,0.4226127458547928,0.00015748,0.6183681856212113,0.00081957,0,0.0
7040,1.0957006964789153,0.46141107923911684,-1.54e-06,2.9495387056773654,2.484128020216576,14.974143915408254,1.0052136313683062,9.647328353816942,0.12067054082980143,-62.3630899166096,-1.1573229341274334,-19.25422249916829,0.6295741068180681,58.164130143671414,0.2719344611720337,-0.3599510488143617,0.00015748,0.37757920650118326,0.00081957,1,0.0
7041,0.00399450414618463,0.16072647384998434,-1.54e-06,2.9495387056773654,2.484128020216576,26.48895671986421,1.0052136313683062,3.985370550419835,0.12067054082980143,-34.034671012086825,-1.1573229341274334,17.704420439863014,0.6295741068180681,6.792022766734149,0.2719344611720337,0.1696378063761238,0.00015748,0.3964513052718287,0.00081957,0,0.0
7042,-0.8493494559804887,3.6589018923334518,-1.54e-06,2.9495387056773654,2.484128020216576,61.57311787706228,1.0052136313683062,-2.5217037065117336,0.12067054082980143,-2.3776119870407437,-1.1573229341274334,81.73571213732566,0.6295741068180681,-62.09210639390159,0.2719344611720337,-0.01220164187499817,0.00015748,3.0935571674610687,0.00081957,1,0.0
7043,2.5693196990317086,1.7454833387916626,-1.54e-06,2.9495387056773654,2.484128020216576,-49.723569107636386,1.0052136313683062,7.517202554481863,0.12067054082980143,-23.57286955930775,-1.1573229341274334,-67.68523397254474,0.6295741068180681,92.50276686482299,0.2719344611720337,-0.244921942431068,0.00015748,0.24493818169796186,0.00081957,1,0.0
7044,-0.5465756773594229,2.430268640463678,-1.54e-06,2.9495387056773654,2.484128020216576,4.19940765114037,1.0052136313683062,-1.1728220169157733,0.12067054082980143,-35.081275983436385,-1.1573229341274334,89.29143785827995,0.6295741068180681,-7.8527120208234935,0.2719344611720337,-0.020300314465849567,0.00015748,2.2257174691177632,0.00081957,1,0.0
7045,0.4131945764268644,1.8606075280660506,-1.54e-06,2.9495387056773654,2.484128020216576,94.46151250930785,1.0052136313683062,0.8385750579552522,0.12067054082980143,-51.26367968043873,-1.1573229341274334,50.541297561804846,0.6295741068180681,2.999499075676178,0.2719344611720337,0.1948926888340643,0.00015748,2.730454451181885,0.00081957,0,0.0
7046,1.3588100868805661,0.9952664470418249,-1.54e-06,2.9495387056773654,2.484128020216576,54.47756617403843,1.0052136313683062,8.318944088807362,0.12067054082980143,-40.6535680362717,-1.1573229341274334,-47.23994028071224,0.6295741068180681,40.854487758355056,0.2719344611720337,-0.333350587420912,0.00015748,0.5671566395014953,0.00081957,1,0.0
7047,-0.001140314575160284,0.16010033228937254,-1.54e-06,2.9495387056773654,2.484128020216576,37.574060409034004,1.0052136313683062,6.451042818650027,0.12067054082980143,-77.97981630847784,-1.1573229341274334,62.70109852968552,0.6295741068180681,22.8338700452051,0.2719344611720337,0.30504801956504013,0.00015748,1.4162988118430242,0.00081957,0,0.0
7048,-0.07675927777860803,0.992614682206181,-1.54e-06,2.9495387056773654,2.484128020216576,76.67578732980283,1.0052136313683062,3.047202983837381,0.12067054082980143,-57.43806930871849,-1.1573229341274334,78.84803324630418,0.6295741068180681,-11.401114593160669,0.2719344611720337,0.28723901736426427,0.00015748,2.9383210698581013,0.00081957,0,0.0
7049,0.8433253573011896,3.4461296776746475,-1.54e-06,2.9495387056773654,2.484128020216576,13.925275151247263,1.0052136313683062,21.671167240900225,0.12067054082980143,-92.8737165639322,-1.1573229341274334,-13.417816368697606,0.6295741068180681,46.3775654335421,0.2719344611720337,-1.130534006675526,0.00015748,1.1615523336034592,0.00081957,1,0.0
7050,0.6085332491477873,0.34325368470810924,-1.54e-06,2.9495387056773654,2.484128020216576,22.73052927739911,1.0052136313683062,9.34997377095008,0.12067054082980143,-43.39624784686742,-1.1573229341274334,-17.416632381910226,0.6295741068180681,26.643452421486508,0.2719344611720337,-0.3589506555269532,0.00015748,0.3623880575528284,0.00081957,1,0.0
7051,0.014743370182179416,0.02161661793123436,-1.54e-06,2.9495387056773654,2.484128020216576,17.614502012231792,1.0052136313683062,2.3329373211623774,0.12067054082980143,-13.64369180546788,-1.1573229341274334,-1.8689473927757376,0.6295741068180681,1.9276176886205048,0.2719344611720337,-0.09584291424163226,0.00015748,0.09961712614892414,0.00081957,1,0.0
7052,-0.34454897428802395,1.2018893218624593,-1.54e-06,2.9495387056773654,2.484128020216576,-57.311436583383696,1.0052136313683062,-0.5809753852266686,0.12067054082980143,-29.204867354029574,-1.1573229341274334,57.80222545514456,0.6295741068180681,23.75324313256052,0.2719344611720337,-0.23652140432582938,0.00015748,0.6166063512611647,0.00081957,1,0.0
7053,2.258183637789962,1.5624543360793275,-1.54e-06,2.9495387056773654,2.484128020216576,-64.56066535446708,1.0052136313683062,4.995792192083289,0.12067054082980143,-0.1480699432235079,-1.1573229341274334,-64.14945652880891,0.6295741068180681,73.81477622105785,0.2719344611720337,-0.27401724016782436,0.00015748,0.20671014250312,0.00081957,1,0.0
7054,0.8929946355837635,1.6953356958061496,-1.54e-06,2.9495387056773654,2.484128020216576,47.188773992549656,1.0052136313683062,1.5763657628199716,0.12067054082980143,-43.251938480563105,-1.1573229341274334,11.50515055704048,0.6295741068180681,34.49986357617152,0.2719344611720337,0.0035850651468134487,0.00015748,1.4548380979329067,0.00081957,0,0.0
7055,1.3960528800875154,0.556921328674234,-1.54e-06,2.9495387056773654,2.484128020216576,-12.47511288295892,1.0052136313683062,3.8625919322955142,0.12067054082980143,-0.8321414143024183,-1.1573229341274334,-48.482107678886344,0.6295741068180681,37.68693641866499,0.2719344611720337,-0.12807112156854528,0.00015748,0.1351169327792221,0.00081957,1,0.0
7056,0.0035343027377725544,0.45582709668892946,-1.54e-06,2.9495387056773654,2.484128020216576,39.44307416992289,1.0052136313683062,4.562310866333604,0.12067054082980143,-85.01627559694012,-1.1573229341274334,87.43238043750219,0.6295741068180681,25.110843905941714,0.2719344611720337,0.2960536617839411,0.00015748,2.2258077485409005,0.00081957,0,0.0
7057,1.8268944796910027,0.9115086230750775,-1.54e-06,2.9495387056773654,2.484128020216576,-60.460128769619615,1.0052136313683062,1.8742587554263974,0.12067054082980143,-16.507100421091522,-1.1573229341274334,-33.93865743707451,0.6295741068180681,79.7021952413443,0.2719344611720337,-0.16781992183254793,0.00015748,0.15593616412158565,0.00081957,1,0.0
7058,2.317997354137394,1.5390821403647152,-1.54e-06,2.9495387056773654,2.484128020216576,-8.460735179006138,1.0052136313683062,7.4657717403500365,0.12067054082980143,-7.184455787048607,-1.1573229341274334,-83.02491514202363,0.6295741068180681,62.09715571280024,0.2719344611720337,-0.2785281122907813,0.00015748,0.27915016895319106,0.00081957,1,0.0
7059,-1.440320252657811,15.709287882388054,-1.54e-06,2.9495387056773654,2.484128020216576,79.71503228793658,1.0052136313683062,27.041474991670235,0.12067054082980143,-75.88552168379981,-1.1573229341274334,23.466285202968834,0.6295741068180681,-68.02317957583742,0.2719344611720337,-2.0052026683674145,0.00015748,2.2022363787395998,0.00081957,1,0.0
7060,0.0532983341591291,0.05556920100766936,-1.54e-06,2.9495387056773654,2.484128020216576,48.571990813595576,1.0052136313683062,3.4797027234547104,0.12067054082980143,-2.299440777867177,-1.1573229341274334,-22.54853133870976,0.6295741068180681,-15.841080390022436,0.2719344611720337,-0.1645853353920691,0.00015748,0.16525230805148194,0.00081957,1,0.0
7061,0.042089341981882966,0.017544905938820545,-1.54e-06,2.9495387056773654,2.484128020216576,8.823490871094023,1.0052136313683062,2.002608621446755,0.12067054082980143,-17.48300986646937,-1.1573229341274334,3.0408444003883544,0.6295741068180681,8.723631988605616,0.2719344611720337,-0.09038413167048658,0.00015748,0.0905858905021391,0.00081957,1,0.0
7062,0.2846374189344092,1.087854648759909,-1.54e-06,2.9495387056773654,2.484128020216576,-18.924409917800443,1.0052136313683062,8.313839973031852,0.12067054082980143,-31.16066314277094,-1.1573229341274334,1.2768075538043162,0.6295741068180681,18.419605183171914,0.2719344611720337,-0.6307562025623107,0.00015748,0.6458092873060325,0.00081957,1,0.0
7063,-0.48838251849450254,2.281107370341734,-1.54e-06,2.9495387056773654,2.484128020216576,38.33705788042517,1.0052136313683062,9.119487289179371,0.12067054082980143,-64.45248164310567,-1.1573229341274334,71.18655211161214,0.6295741068180681,-12.625377954862643,0.2719344611720337,-0.0036565489566458,0.00015748,2.0052880042604664,0.00081957,1,0.0
7064,-0.001664723860576589,0.30544167694490554,-1.54e-06,2.9495387056773654,2.484128020216576,60.24714989442429,1.0052136313683062,4.741511689985747,0.12067054082980143,-50.08273073625144,-1.1573229341274334,43.67452114220435,0.6295741068180681,-2.1089740840598195,0.2719344611720337,0.2776427498530697,0.00015748,1.567930613016621,0.00081957,0,0.0
7065,0.6239967215121156,0.18759961696492228,-1.54e-06,2.9495387056773654,2.484128020216576,-6.540924757215247,1.0052136313683062,7.534547823144264,0.12067054082980143,-71.02335165292375,-1.1573229341274334,12.364728394185601,0.6295741068180681,60.59090516519724,0.2719344611720337,-0.27811676980375966,0.00015748,0.28152828886753056,0.00081957,1,0.0
7066,-0.5236360666123189,1.9156388042304968,-1.54e-06,2.9495387056773654,2.484128020216576,98.2490622605123,1.0052136313683062,4.990664742079944,0.12067054082980143,-51.405894113859866,-1.1573229341274334,93.20199049480449,0.6295741068180681,-45.95108409387086,0.2719344611720337,0.26216536763634934,0.00015748,3.603796974936695,0.00081957,0,0.0
7067,0.07400862020537025,0.14444977156529862,-1.54e-06,2.9495387056773654,2.484128020216576,78.26777998077439,1.0052136313683062,5.796877631234934,0.12067054082980143,-4.95624536968073,-1.1573229341274334,-35.081136928081065,0.6295741068180681,-25.520715892632715,0.2719344611720337,-0.2458759213259164,0.00015748,0.2663793827118518,0.00081957,1,0.0
7068,1.7244104198454435,0.8480527175984951,-1.54e-06,2.9495387056773654,2.484128020216576,-62.786170989273494,1.0052136313683062,8.016964771327904,0.12067054082980143,-50.16993540749903,-1.1573229341274334,-19.862363271282,0.6295741068180681,89.61350041144603,0.2719344611720337,-0.32262129300580616,0.00015748,0.31748848495263676,0.00081957,1,0.0
7069,1.1705828491855073,5.191155575782323,-1.54e-06,2.9495387056773654,2.484128020216576,14.540946054117455,1.0052136313683062,23.955777119088314,0.12067054082980143,-79.50162275292915,-1.1573229341274334,-38.92303548736935,0.6295741068180681,40.89061877908583,0.2719344611720337,-1.4002985784937088,0.00015748,1.3472104132043632,0.00081957,1,0.0
7070,1.932737381466378,0.9518086389346659,-1.54e-06,2.9495387056773654,2.484128020216576,-76.28611923919085,1.0052136313683062,2.5299603592101905,0.12067054082980143,-14.492478518191268,-1.1573229341274334,-34.52323359605701,0.6295741068180681,83.27056568753417,0.2719344611720337,-0.05813618823258095,0.00015748,0.05761369779299432,0.00081957,1,0.0
7071,1.1594630017031795,0.6811255850815462,-1.54e-06,2.9495387056773654,2.484128020216576,27.634562798837116,1.0052136313683062,6.724873475791375,0.12067054082980143,-43.064819485703076,-1.1573229341274334,-31.113855767524235,0.6295741068180681,48.11844442319507,0.2719344611720337,-0.3801129609533834,0.00015748,0.44724459469119304,0.00081957,1,0.0
7072,0.5473319973109587,0.3093283542794642,-1.54e-06,2.9495387056773654,2.484128020216576,80.29253682966801,1.0052136313683062,11.081553893520246,0.12067054082980143,-55.550391684400005,-1.1573229341274334,-17.731926102327545,0.6295741068180681,12.17272989445349,0.2719344611720337,0.07568984318739577,0.00015748,0.4722498122908496,0.00081957,0,0.0
7073,0.13458147977358959,3.464857258794664,-1.54e-06,2.9495387056773654,2.484128020216576,57.38972279733465,1.0052136313683062,17.83420138341998,0.12067054082980143,-36.38675724762543,-1.1573229341274334,-33.59555784773161,0.6295741068180681,-21.88683386583156,0.2719344611720337,-1.1307927456493378,0.00015748,1.1176874529642462,0.00081957,1,0.0
7074,-0.031934766126749614,0.42193737595971226,-1.54e-06,2.9495387056773654,2.484128020216576,-82.36466021638446,1.0052136313683062,2.891607130966799,0.12067054082980143,-72.56333071782255,-1.1573229341274334,73.76176702421364,0.6295741068180681,67.31496623201852,0.2719344611720337,-0.22090845485002397,0.00015748,0.47618479081328324,0.00081957,1,0.0
7075,-1.24922541868888,4.345989971390679,-1.54e-06,2.9495387056773654,2.484128020216576,-5.039610333585934,1.0052136313683062,3.3271883817102,0.12067054082980143,-10.840630684421455,-1.1573229341274334,44.70394223415886,0.6295741068180681,-37.49511096488754,0.2719344611720337,-0.705679262998657,0.00015748,0.7614192808599363,0.00081957,1,0.0
7076,1.3500306371805955,0.5389175506377191,-1.54e-06,2.9495387056773654,2.484128020216576,-23.84747446169975,1.0052136313683062,10.821402407981537,0.12067054082980143,-92.82590429215963,-1.1573229341274334,1.9966887570330956,0.6295741068180681,96.85328095569872,0.2719344611720337,-0.36892444283957715,0.00015748,0.38702455819289117,0.00081957,1,0.0
7077,2.3959030307304316,1.7413051019131174,-1.54e-06,2.9495387056773654,2.484128020216576,-35.632590792650184,1.0052136313683062,3.9795323456477587,0.12067054082980143,-13.780439510273528,-1.1573229341274334,-66.3845891027733,0.6295741068180681,84.5295018188329,0.2719344611720337,-0.3512270249999241,0.00015748,0.34018578888462137,0.00081957,1,0.0
7078,0.03389346216707034,0.42472747524694676,-1.54e-06,2.9495387056773654,2.484128020216576,18.384054970051896,1.0052136313683062,6.027857187924738,0.12067054082980143,-12.465143561699717,-1.1573229341274334,-9.965029594847817,0.6295741068180681,-7.645113913025674,0.2719344611720337,-0.37802957368314644,0.00015748,0.39975169177180797,0.00081957,1,0.0
7079,0.7121386667751731,0.33462163706459064,-1.54e-06,2.9495387056773654,2.484128020216576,59.49886736321931,1.0052136313683062,6.471373664411912,0.12067054082980143,-14.598074993752585,-1.1573229341274334,-45.58339101575564,0.6295741068180681,5.017523499274832,0.2719344611720337,-0.33492939620207246,0.00015748,0.3381168419980353,0.00081957,1,0.0
7080,-0.41223707872395776,1.6294551456897794,-1.54e-06,2.9495387056773654,2.484128020216576,55.515149549115556,1.0052136313683062,6.499314545711572,0.12067054082980143,-8.628860744902687,-1.1573229341274334,4.396193506676584,0.6295741068180681,-40.8096067367076,0.2719344611720337,-0.1575292925633358,0.00015748,0.8639220135782193,0.00081957,1,0.0
7081,2.0443216673284335,1.9497742684787243,-1.54e-06,2.9495387056773654,2.484128020216576,44.57363498240849,1.0052136313683062,10.805014589777679,0.12067054082980143,-62.86593466549307,-1.1573229341274334,-61.00978028864246,0.6295741068180681,78.2176779594714,0.2719344611720337,-0.6632188589355873,0.00015748,0.725712013004448,0.00081957,1,0.0
7082,-0.003827654777029288,0.9080771622725695,-1.54e-06,2.9495387056773654,2.484128020216576,53.40589417047919,1.0052136313683062,8.800554864606097,0.12067054082980143,-24.57822150295317,-1.1573229341274334,3.866666979318352,0.6295741068180681,-22.99297911551446,0.2719344611720337,-0.06362233853431143,0.00015748,1.0656572381011955,0.00081957,1,0.0
7083,0.7169499208191972,0.29927555193554234,-1.54e-06,2.9495387056773654,2.484128020216576,85.73758767955985,1.0052136313683062,13.454877863711458,0.12067054082980143,-76.68086847963693,-1.1573229341274334,-7.9844258267754356,0.6295741068180681,24.115820621689274,0.2719344611720337,0.3552175173188637,0.00015748,0.5671709321513385,0.00081957,0,0.0
7084,1.767553366748831,0.7540156581389965,-1.54e-06,2.9495387056773654,2.484128020216576,-48.682385144010716,1.0052136313683062,7.375406009525007,0.12067054082980143,-52.23937034190777,-1.1573229341274334,-23.316540359066323,0.6295741068180681,90.9558438097049,0.2719344611720337,-0.24299929454787586,0.00015748,0.2404815378502654,0.00081957,1,0.0
7085,0.6337298883334119,0.5732753922444818,-1.54e-06,2.9495387056773654,2.484128020216576,55.15357790095992,1.0052136313683062,13.058489718020116,0.12067054082980143,-58.335450775298376,-1.1573229341274334,-26.333552150901106,0.6295741068180681,23.35705862111056,0.2719344611720337,-0.49496341692355256,0.00015748,0.4953395964210114,0.00081957,1,0.0
7086,1.2448672473250202,11.076760245074885,-1.54e-06,2.9495387056773654,2.484128020216576,39.99810926648211,1.0052136313683062,27.87832735305868,0.12067054082980143,-38.823617740231676,-1.1573229341274334,-70.6129785029694,0.6295741068180681,-10.304678243712111,0.2719344611720337,-1.6957545853363702,0.00015748,2.1876532159527002,0.00081957,1,0.0
7087,-0.13241900217793962,1.229768920214888,-1.54e-06,2.9495387056773654,2.484128020216576,74.49106102472652,1.0052136313683062,1.8802496112920581,0.12067054082980143,-7.200124278295796,-1.1573229341274334,32.48693834557301,0.6295741068180681,-42.17911396993011,0.2719344611720337,0.15653356560897835,0.00015748,2.182925573436989,0.00081957,0,0.0
7088,0.11174832755267006,0.07456243707542193,-1.54e-06,2.9495387056773654,2.484128020216576,22.428483117724262,1.0052136313683062,8.606607636078609,0.12067054082980143,-96.16107915040368,-1.1573229341274334,55.90357090963254,0.6295741068180681,46.179919779891584,0.2719344611720337,0.3523409004154232,0.00015748,0.6644964003384624,0.00081957,0,0.0
7089,1.675980725042583,1.1946404987377748,-1.54e-06,2.9495387056773654,2.484128020216576,44.9697546297304,1.0052136313683062,10.806748241186131,0.12067054082980143,-54.48146538764406,-1.1573229341274334,-54.88604014078866,0.6295741068180681,60.090752680347556,0.2719344611720337,-0.530972239304831,0.00015748,0.5656645851550565,0.00081957,1,0.0
7090,2.132208955354388,1.2497093997345718,-1.54e-06,2.9495387056773654,2.484128020216576,-14.051101905008489,1.0052136313683062,9.230535876239662,0.12067054082980143,-37.93154707984371,-1.1573229341274334,-58.993722949762315,0.6295741068180681,78.34971438402799,0.2719344611720337,-0.3368387734391205,0.00015748,0.33731684303271914,0.00081957,1,0.0
7091,-0.0061920436732677275,0.4851501306400322,-1.54e-06,2.9495387056773654,2.484128020216576,-49.852989959944594,1.0052136313683062,-1.1705908704113777,0.12067054082980143,-37.94510172439388,-1.1573229341274334,57.99488934067954,0.6295741068180681,37.984016784441295,0.2719344611720337,-0.05843920975159983,0.00015748,0.7657295139816576,0.00081957,1,0.0
7092,-0.07804946221319613,1.2201919025528227,-1.54e-06,2.9495387056773654,2.484128020216576,6.449633599018498,1.0052136313683062,-0.24469489434022082,0.12067054082980143,-22.89231625691983,-1.1573229341274334,54.26206125007456,0.6295741068180681,-1.7571295424878823,0.2719344611720337,0.021660738903346966,0.00015748,1.7530110056878372,0.00081957,0,0.0
7093,-0.38684217432361384,1.9574833402806562,-1.54e-06,2.9495387056773654,2.484128020216576,26.803080193384126,1.0052136313683062,0.28731469686556305,0.12067054082980143,-28.442123065388195,-1.1573229341274334,71.25693899528461,0.6295741068180681,-17.551592518982183,0.2719344611720337,0.04493054789067896,0.00015748,2.227808474861748,0.00081957,0,0.0
7094,2.672259246198448,2.631447898513991,-1.54e-06,2.9495387056773654,2.484128020216576,4.893977769446839,1.0052136313683062,19.818701357530088,0.12067054082980143,-80.01985704633601,-1.1573229341274334,-76.00972990513029,0.6295741068180681,99.66725025374991,0.2719344611720337,-0.7299567487829571,0.00015748,0.7355298198130021,0.00081957,1,0.0
7095,0.05034060323059092,0.0393916800239459,-1.54e-06,2.9495387056773654,2.484128020216576,-77.35762921215051,1.0052136313683062,-1.9663688927502527,0.12067054082980143,-35.03284550561526,-1.1573229341274334,49.208681073996885,0.6295741068180681,52.32775791845711,0.2719344611720337,-0.12375889428766577,0.00015748,0.1237869840967936,0.00081957,1,0.0
7096,1.3587418470159842,0.42667083966720826,-1.54e-06,2.9495387056773654,2.484128020216576,-42.76903238037743,1.0052136313683062,6.508351564683874,0.12067054082980143,-57.86917473812907,-1.1573229341274334,-6.55562698153636,0.6295741068180681,83.51172202156707,0.2719344611720337,-0.2192025013034288,0.00015748,0.21867957209630187,0.00081957,1,0.0
7097,0.1372647470288757,0.08333530694679299,-1.54e-06,2.9495387056773654,2.484128020216576,-75.85079890669336,1.0052136313683062,-3.9082333192509715,0.12067054082980143,-7.96534403516934,-1.1573229341274334,32.38322684182165,0.6295741068180681,37.35030624505768,0.2719344611720337,-0.192909251598294,0.00015748,0.19175808875510206,0.00081957,1,0.0
7098,1.5153869544620897,1.1139421131074232,-1.54e-06,2.9495387056773654,2.484128020216576,82.88300823707196,1.0052136313683062,13.922315073701178,0.12067054082980143,-44.00235139941581,-1.1573229341274334,-74.69618631106577,0.6295741068180681,30.659471734362466,0.2719344611720337,-0.5637995096307243,0.00015748,0.5806123886909204,0.00081957,1,0.0
7099,0.0006727490178479734,0.07012337896447424,-1.54e-06,2.9495387056773654,2.484128020216576,70.87107711000317,1.0052136313683062,7.814942820543753,0.12067054082980143,-56.71931175834999,-1.1573229341274334,24.597865191841887,0.6295741068180681,-0.273193397513126,0.2719344611720337,0.35782148365489724,0.00015748,0.8484529439610091,0.00081957,0,0.0
7100,0.0003609786201092813,0.027624129987096197,-1.54e-06,1.7240431676280503,4.888366778534649,-0.26285816556201735,1.0052136313683062,8.563360395667637,0.12067054082980143,-47.18480683552892,-1.1573229341274334,59.55534441421563,0.6295741068180681,12.134425754536107,0.2719344611720337,0.002066821271868552,0.00015748,0.052499438302042206,0.00081957,0,0.0
7101,0.10472553614075311,0.0007849056254763479,-1.54e-06,1.7240431676280503,4.888366778534649,-30.066978347175013,1.0052136313683062,3.718380475317039,0.12067054082980143,-27.501033406075557,-1.1573229341274334,-7.043224034281144,0.6295741068180681,31.00263181593653,0.2719344611720337,-0.013881979847831512,0.00015748,0.013870212616353003,0.00081957,1,0.0
7102,0.003603932250412889,0.06889323488175063,-1.54e-06,1.7240431676280503,4.888366778534649,43.346995373749614,1.0052136313683062,14.881634033718141,0.12067054082980143,-36.47986110166888,-1.1573229341274334,-96.22314858621948,0.6295741068180681,3.4359827880655343,0.2719344611720337,-0.06149320483078108,0.00015748,0.15747868336415125,0.00081957,1,0.0
7103,0.13429281769940515,0.07563542685589555,-1.54e-06,1.7240431676280503,4.888366778534649,-0.3780006489313672,1.0052136313683062,11.568649373026194,0.12067054082980143,-70.94576773676435,-1.1573229341274334,-1.710445746750079,0.6295741068180681,39.94212001522595,0.2719344611720337,-0.015468893658056329,0.00015748,0.14761616648612153,0.00081957,1,0.0
7104,0.10142357626322161,0.002881668191633176,-1.54e-06,1.7240431676280503,4.888366778534649,-17.24630569451811,1.0052136313683062,7.3076921117410185,0.12067054082980143,-20.97161072518415,-1.1573229341274334,-61.17602905661762,0.6295741068180681,25.381131383673885,0.2719344611720337,-0.03764530251393825,0.00015748,0.037647751413049914,0.00081957,1,0.0
7105,0.11109626927534638,0.01771063368710305,-1.54e-06,1.7240431676280503,4.888366778534649,-14.501788869512408,1.0052136313683062,-2.4267359087745963,0.12067054082980143,-1.7822497767360654,-1.1573229341274334,-88.51927170537246,0.6295741068180681,26.999273302433313,0.2719344611720337,-0.06635858130152866,0.00015748,0.06707061961916608,0.00081957,1,0.0
7106,0.00014162145204864307,0.003983181404420621,-1.54e-06,1.7240431676280503,4.888366778534649,5.908293541217098,1.0052136313683062,6.914141049382921,0.12067054082980143,-10.451481106689133,-1.1573229341274334,-38.133353005242384,0.6295741068180681,1.7350449599557867,0.2719344611720337,-0.03388897837745299,0.00015748,0.03425289221907884,0.00081957,1,0.0
7107,0.0013537925263857886,0.029827825627079495,-1.54e-06,1.7240431676280503,4.888366778534649,9.058578387501308,1.0052136313683062,13.248732799169476,0.12067054082980143,-45.08510418005556,-1.1573229341274334,-8.838623566580626,0.6295741068180681,11.257234089317848,0.2719344611720337,-0.03479554292042567,0.00015748,0.07943547059287911,0.00081957,1,0.0
7108,0.00680431286184828,0.00046271591670685457,-1.54e-06,1.7240431676280503,4.888366778534649,-32.765997176938576,1.0052136313683062,3.8322477067623386,0.12067054082980143,-58.661061996189076,-1.1573229341274334,90.48126248320509,0.6295741068180681,31.679903812755526,0.2719344611720337,-0.011731030704809358,0.00015748,0.011840634668690024,0.00081957,1,0.0
7109,0.2374700030087903,0.007725463199941928,-1.54e-06,1.7240431676280503,4.888366778534649,-56.80386020850722,1.0052136313683062,13.092816845095548,0.12067054082980143,-60.20932606329846,-1.1573229341274334,-71.07362894766045,0.6295741068180681,67.02650481830659,0.2719344611720337,-0.0597166196997046,0.00015748,0.05989873236203262,0.00081957,1,0.0
7110,0.3137987157997922,0.01026402749951146,-1.54e-06,1.7240431676280503,4.888366778534649,-61.23923366816964,1.0052136313683062,-0.05504205331579076,0.12067054082980143,-4.9304748719196505,-1.1573229341274334,-77.74771922311139,0.6295741068180681,55.293259259458495,0.2719344611720337,-0.01080611831583136,0.00015748,0.01091213436132934,0.00081957,1,0.0
7111,0.0001331694066671607,0.019088661371344354,-1.54e-06,1.7240431676280503,4.888366778534649,8.453096865233634,1.0052136313683062,12.667607366909007,0.12067054082980143,-31.5881203521304,-1.1573229341274334,-39.82035338918136,0.6295741068180681,7.724511355923558,0.2719344611720337,-0.05000527874525946,0.00015748,0.06792153240920115,0.00081957,1,0.0
7112,0.0003269016450019868,0.10333027853215095,-1.54e-06,1.7240431676280503,4.888366778534649,72.41575416473029,1.0052136313683062,17.975123641079144,0.12067054082980143,-57.318204814007046,-1.1573229341274334,79.37082427895575,0.6295741068180681,-18.928820668313328,0.2719344611720337,0.08327697545712237,0.00015748,0.17363212345532858,0.00081957,0,0.0
7113,0.0006954100780638406,0.1153509497782251,-1.54e-06,1.7240431676280503,4.888366778534649,83.42830520672693,1.0052136313683062,23.018378124343005,0.12067054082980143,-53.21459917464219,-1.1573229341274334,71.72913222649778,0.6295741068180681,-29.368918548261412,0.2719344611720337,0.08487612944385761,0.00015748,0.18702636289516886,0.00081957,0,0.0
7114,0.002192669789551016,0.1498555548148353,-1.54e-06,1.7240431676280503,4.888366778534649,90.1133782348533,1.0052136313683062,35.89680188422616,0.12067054082980143,-48.54165214915871,-1.1573229341274334,-53.52639245543901,0.6295741068180681,-32.31177355070337,0.2719344611720337,-0.015557492726222172,0.00015748,0.23217786474180932,0.00081957,1,0.0
7115,0.04712846097012051,0.005682210230891209,-1.54e-06,1.7240431676280503,4.888366778534649,-30.340091012885058,1.0052136313683062,10.873839522276267,0.12067054082980143,-65.83379554831218,-1.1573229341274334,20.270135707338866,0.6295741068180681,39.22141902397179,0.2719344611720337,-0.04932828893689472,0.00015748,0.04927487800392636,0.00081957,1,0.0
7116,0.002111393457991384,0.053431750793333795,-1.54e-06,1.7240431676280503,4.888366778534649,16.17919051971319,1.0052136313683062,22.375207926530404,0.12067054082980143,-63.733880435645084,-1.1573229341274334,-92.70934627702741,0.6295741068180681,20.776905651335472,0.2719344611720337,-0.10256848596441698,0.00015748,0.13817036095883473,0.00081957,1,0.0
7117,0.0003268372885462667,0.07917756556331863,-1.54e-06,1.7240431676280503,4.888366778534649,46.186791685999516,1.0052136313683062,17.51917625142446,0.12067054082980143,-59.56635060115733,-1.1573229341274334,30.4299530710795,0.6295741068180681,-2.1462926350280185,0.2719344611720337,0.020429774256155317,0.00015748,0.14829240688464396,0.00081957,0,0.0
7118,0.0008665008405130403,0.06860848856434627,-1.54e-06,1.7240431676280503,4.888366778534649,52.051287411093135,1.0052136313683062,6.679852848234369,0.12067054082980143,-2.4017540051475814,-1.1573229341274334,43.369994769039344,0.6295741068180681,-28.551463215612934,0.2719344611720337,0.06875288759957338,0.00015748,0.08314484392107932,0.00081957,0,0.0
7119,0.010878294838530006,0.02249359706030473,-1.54e-06,1.7240431676280503,4.888366778534649,-22.01703827217852,1.0052136313683062,9.703111037489233,0.12067054082980143,-38.15921826713518,-1.1573229341274334,86.10989109716611,0.6295741068180681,10.60456510558862,0.2719344611720337,-0.07573675282980566,0.00015748,0.07590405610580628,0.00081957,1,0.0
7120,0.00468379346313047,0.09498184534841281,-1.54e-06,1.7240431676280503,4.888366778534649,44.65783980589726,1.0052136313683062,14.960201100705605,0.12067054082980143,-74.3001057903402,-1.1573229341274334,34.60375699420983,0.6295741068180681,9.545547298451416,0.2719344611720337,0.0015651082214079431,0.00015748,0.18628843381322907,0.00081957,0,0.0
7121,0.19481592640046083,0.006114012556354936,-1.54e-06,1.7240431676280503,4.888366778534649,-40.61605970452956,1.0052136313683062,11.044038486068114,0.12067054082980143,-42.097172967170884,-1.1573229341274334,-81.55274860962564,0.6295741068180681,51.105843517108745,0.2719344611720337,-0.05421949069305935,0.00015748,0.05422809820374485,0.00081957,1,0.0
7122,0.2139866577093637,0.03870879883914027,-1.54e-06,1.7240431676280503,4.888366778534649,-58.93037294627048,1.0052136313683062,16.696978651317774,0.12067054082980143,-99.92777331258684,-1.1573229341274334,65.8214545143002,0.6295741068180681,69.39649165943115,0.2719344611720337,-0.0163472018135492,0.00015748,0.08186487351178143,0.00081957,1,0.0
7123,0.13870248041321867,0.001839883597594038,-1.54e-06,1.7240431676280503,4.888366778534649,-32.016331647417786,1.0052136313683062,6.251195608181403,0.12067054082980143,-28.705793518534875,-1.1573229341274334,-39.552725601971694,0.6295741068180681,36.10285361426094,0.2719344611720337,-0.02722350526272716,0.00015748,0.02725325875876873,0.00081957,1,0.0
7124,0.0007457016312318807,0.03767255265562488,-1.54e-06,1.7240431676280503,4.888366778534649,-4.633544318504745,1.0052136313683062,3.796829666067394,0.12067054082980143,-58.15358332982278,-1.1573229341274334,84.17491631048289,0.6295741068180681,22.070007571708526,0.2719344611720337,0.0007869106350118504,0.00015748,0.07046345822181523,0.00081957,0,0.0
7125,0.005112003988128409,0.0005484970565390421,-1.54e-06,1.7240431676280503,4.888366778534649,-8.938229391713069,1.0052136313683062,3.0586593024090503,0.12067054082980143,-22.029102812674537,-1.1573229341274334,12.66761737249358,0.6295741068180681,11.845393277772367,0.2719344611720337,-0.01475889193644519,0.00015748,0.014751264917421276,0.00081957,1,0.0
7126,0.26549977267595265,0.006763514037057198,-1.54e-06,1.7240431676280503,4.888366778534649,-65.0099673077949,1.0052136313683062,1.9175559377989573,0.12067054082980143,-26.227667649982237,-1.1573229341274334,-18.752186316743963,0.6295741068180681,56.70250983347417,0.2719344611720337,-0.01158035010714394,0.00015748,0.011784487926521137,0.00081957,1,0.0
7127,0.13431326245837105,0.003381646334125749,-1.54e-06,1.7240431676280503,4.888366778534649,-59.79670974385654,1.0052136313683062,0.05290589865442255,0.12067054082980143,-51.73573981862236,-1.1573229341274334,80.47158606828756,0.6295741068180681,50.80935990076128,0.2719344611720337,-0.015213338828305929,0.00015748,0.015248913901406104,0.00081957,1,0.0
7128,0.4014631498918965,0.011896623654822563,-1.54e-06,1.7240431676280503,4.888366778534649,-90.37005510621485,1.0052136313683062,5.343184218537921,0.12067054082980143,-37.23240463228052,-1.1573229341274334,-68.61019792443567,0.6295741068180681,83.95530150463739,0.2719344611720337,-0.008838073499152966,0.00015748,0.009054325634980273,0.00081957,1,0.0
7129,0.3402422316009872,0.00986966826564945,-1.54e-06,1.7240431676280503,4.888366778534649,-79.40524127674222,1.0052136313683062,14.469058340775886,0.12067054082980143,-68.05634557665621,-1.1573229341274334,-88.90981800382572,0.6295741068180681,87.35927250132752,0.2719344611720337,-0.06030185060323741,0.00015748,0.06021596950989516,0.00081957,1,0.0
7130,0.1930244584813135,0.010879202162646082,-1.54e-06,1.7240431676280503,4.888366778534649,-47.734969307704596,1.0052136313683062,15.243195685229107,0.12067054082980143,-65.99642245693522,-1.1573229341274334,-69.95184890390276,0.6295741068180681,61.91814790677898,0.2719344611720337,-0.07289309679200287,0.00015748,0.07314825668909905,0.00081957,1,0.0
7131,0.30250863525052385,0.027659914515540753,-1.54e-06,1.7240431676280503,4.888366778534649,-87.86494150015965,1.0052136313683062,-6.714782117966363,0.12067054082980143,-19.39178962834393,-1.1573229341274334,64.92213655113174,0.6295741068180681,61.755964709060486,0.2719344611720337,-0.06998097876605819,0.00015748,0.06993882980976943,0.00081957,1,0.0
7132,0.11234904599178996,0.0011752746071854046,-1.54e-06,1.7240431676280503,4.888366778534649,-27.7174525685964,1.0052136313683062,1.0524049092856342,0.12067054082980143,-11.899347407252174,-1.1573229341274334,-7.734640808683443,0.6295741068180681,24.27035354351913,0.2719344611720337,-0.005067063572818414,0.00015748,0.005039689190698603,0.00081957,1,0.0
7133,0.0003285934525171508,0.027809342208199816,-1.54e-06,1.7240431676280503,4.888366778534649,-11.205187823561838,1.0052136313683062,12.084976183215291,0.12067054082980143,-72.05589334973892,-1.1573229341274334,75.08260824258646,0.6295741068180681,25.179644596901237,0.2719344611720337,-0.01732491097020522,0.00015748,0.06629261918621164,0.00081957,1,0.0
7134,0.14369973988445844,0.02204935364332901,-1.54e-06,1.7240431676280503,4.888366778534649,-50.6953204317767,1.0052136313683062,17.55070486519564,0.12067054082980143,-98.99918893565598,-1.1573229341274334,-43.54435637696415,0.6295741068180681,73.54480084233221,0.2719344611720337,-0.10059170733557714,0.00015748,0.10116414803827888,0.00081957,1,0.0
7135,0.18867138485728915,0.003325051059961441,-1.54e-06,1.7240431676280503,4.888366778534649,-48.33446304070259,1.0052136313683062,5.397209662262825,0.12067054082980143,-39.73947831062231,-1.1573229341274334,-34.98861533168555,0.6295741068180681,52.06277191359681,0.2719344611720337,-0.02794769622369644,0.00015748,0.027986769942257763,0.00081957,1,0.0
7136,0.26481478494353977,0.0060898666076645855,-1.54e-06,1.7240431676280503,4.888366778534649,-63.001697641877456,1.0052136313683062,4.733504054206228,0.12067054082980143,-39.10436485484971,-1.1573229341274334,-53.341469542861944,0.6295741068180681,64.9293117514137,0.2719344611720337,-0.025716751449249644,0.00015748,0.025802363693305675,0.00081957,1,0.0
7137,0.0008825504088881275,0.05346643257929927,-1.54e-06,1.7240431676280503,4.888366778534649,6.539167580410432,1.0052136313683062,20.279682842775163,0.12067054082980143,-85.76308612727959,-1.1573229341274334,8.249847607607308,0.6295741068180681,26.975142425971377,0.2719344611720337,-0.05553783017221341,0.00015748,0.12789780903826486,0.00081957,1,0.0
7138,0.15380088189446217,0.017891548949279523,-1.54e-06,1.7240431676280503,4.888366778534649,-33.47373459499302,1.0052136313683062,15.927350461514576,0.12067054082980143,-41.406542144374534,-1.1573229341274334,-44.8650868065255,0.6295741068180681,35.93324748404793,0.2719344611720337,-0.0690778687962284,0.00015748,0.0684213133863035,0.00081957,1,0.0
7139,0.35153734990665486,0.17948006427509247,-1.54e-06,1.7240431676280503,4.888366778534649,71.73580133835752,1.0052136313683062,28.80395818206721,0.12067054082980143,-73.1508936846738,-1.1573229341274334,-88.76148533066828,0.6295741068180681,24.410726904460155,0.2719344611720337,0.07363341959332559,0.00015748,0.3314708306401259,0.00081957,0,0.0
7140,0.07869686519831356,0.00039486887883922735,-1.54e-06,1.7240431676280503,4.888366778534649,-28.21806564845188,1.0052136313683062,3.030588399248437,0.12067054082980143,-28.79089842525949,-1.1573229341274334,15.283582917452424,0.6295741068180681,27.317897500047128,0.2719344611720337,-0.008966407680123146,0.00015748,0.008972487195292847,0.00081957,1,0.0
7141,0.045769135870543154,0.015309898084233121,-1.54e-06,1.7240431676280503,4.888366778534649,-10.98053607984507,1.0052136313683062,13.64795949969826,0.12067054082980143,-50.867985386069385,-1.1573229341274334,-66.20308334003212,0.6295741068180681,31.23571441523005,0.2719344611720337,-0.08081998301701682,0.00015748,0.08067870655817466,0.00081957,1,0.0
7142,0.000835204923163968,0.053192377336634566,-1.54e-06,1.7240431676280503,4.888366778534649,7.463766703805081,1.0052136313683062,22.793111187590007,0.12067054082980143,-78.56709876349085,-1.1573229341274334,-64.95712332431737,0.6295741068180681,28.700147050310793,0.2719344611720337,-0.10273270134052477,0.00015748,0.13813059521969256,0.00081957,1,0.0
7143,0.06980198505516227,0.0007612288112843735,-1.54e-06,1.7240431676280503,4.888366778534649,-23.01136852207034,1.0052136313683062,4.701375752490186,0.12067054082980143,-29.211212856007172,-1.1573229341274334,-1.5612086940695746,0.6295741068180681,25.492700122936764,0.2719344611720337,-0.019211865530174836,0.00015748,0.019211162980626743,0.00081957,1,0.0
7144,0.20623157143202675,0.0029459831347552583,-1.54e-06,1.7240431676280503,4.888366778534649,-87.45562212239638,1.0052136313683062,7.585862235928505,0.12067054082980143,-93.65362886100043,-1.1573229341274334,88.92217577119985,0.6295741068180681,81.48047347523996,0.2719344611720337,-0.02057917581376354,0.00015748,0.0207016163142209,0.00081957,1,0.0
7145,0.17486525808350067,0.006790427871914356,-1.54e-06,1.7240431676280503,4.888366778534649,-58.46581678551868,1.0052136313683062,13.278148646639364,0.12067054082980143,-80.42362359449622,-1.1573229341274334,-10.107664881341341,0.6295741068180681,67.66436485188727,0.2719344611720337,-0.058189498950272596,0.00015748,0.058193219320769964,0.00081957,1,0.0
7146,0.07474555775150607,0.10073936195730941,-1.54e-06,1.7240431676280503,4.888366778534649,57.46281750973932,1.0052136313683062,15.799953108904322,0.12067054082980143,-35.73312736340497,-1.1573229341274334,-98.66685176435496,0.6295741068180681,2.4220010598995625,0.2719344611720337,-0.027527744547073518,0.00015748,0.20326860214402856,0.00081957,1,0.0
7147,0.35617825147198007,0.27694139409003066,-1.54e-06,1.7240431676280503,4.888366778534649,13.930057064473413,1.0052136313683062,4.987557394739309,0.12067054082980143,-77.73087858552921,-1.1573229341274334,-59.16724884926311,0.6295741068180681,68.15394460412325,0.2719344611720337,-0.049793534034460435,0.00015748,0.354790443750968,0.00081957,1,0.0
7148,0.2867021122290531,0.014322716335248523,-1.54e-06,1.7240431676280503,4.888366778534649,-61.37398742459274,1.0052136313683062,-0.7798518679401756,0.12067054082980143,-19.51720941474198,-1.1573229341274334,-73.40395610651535,0.6295741068180681,62.336968566474,0.2719344611720337,-0.035799420432014235,0.00015748,0.03620554501355187,0.00081957,1,0.0
7149,0.18682648427328857,0.13834492798883197,-1.54e-06,1.7240431676280503,4.888366778534649,53.37092878811398,1.0052136313683062,30.070015390865073,0.12067054082980143,-85.12495919554456,-1.1573229341274334,-93.08242521119686,0.6295741068180681,25.65018616427044,0.2719344611720337,-0.011315052694020611,0.00015748,0.271891369829805,0.00081957,1,0.0
7150,0.3928896743568663,0.1115758156301449,-1.54e-06,1.7240431676280503,4.888366778534649,-23.48260656834354,1.0052136313683062,15.62113199488855,0.12067054082980143,-68.29925899233076,-1.1573229341274334,-87.366677045709,0.6295741068180681,70.52540870135422,0.2719344611720337,0.003567304737812277,0.00015748,0.18230789761416213,0.00081957,0,0.0
7151,0.17488905541366379,0.02138737590814951,-1.54e-06,1.7240431676280503,4.888366778534649,-45.50773051831843,1.0052136313683062,8.614771304365751,0.12067054082980143,-62.95939093919984,-1.1573229341274334,-79.25055485233585,0.6295741068180681,66.00549425467845,0.2719344611720337,-0.08938517209557602,0.00015748,0.08937669418404216,0.00081957,1,0.0
7152,0.01885078073314618,0.0025135645214845862,-1.54e-06,1.7240431676280503,4.888366778534649,-35.034824685383484,1.0052136313683062,7.798778024427488,0.12067054082980143,-71.64113219264064,-1.1573229341274334,71.22877688306491,0.6295741068180681,39.28335794546146,0.2719344611720337,-0.03197482328747457,0.00015748,0.03201541037138643,0.00081957,1,0.0
7153,0.00024214819818973998,0.11457605100894544,-1.54e-06,1.7240431676280503,4.888366778534649,79.89648968348939,1.0052136313683062,24.61045156540776,0.12067054082980143,-72.665472593911,-1.1573229341274334,41.49148694148783,0.6295741068180681,-14.58905762079671,0.2719344611720337,0.05077348560640327,0.00015748,0.21615609491809784,0.00081957,0,0.0
7154,0.00012066741635129163,0.06731669063219123,-1.54e-06,1.7240431676280503,4.888366778534649,48.77660571501165,1.0052136313683062,7.379572754398749,0.12067054082980143,-16.231973528358946,-1.1573229341274334,39.19145224882882,0.6295741068180681,-19.47060307315205,0.2719344611720337,0.060153334599570146,0.00015748,0.09320563414984656,0.00081957,0,0.0
7155,0.09203006117923929,0.0029346308449124483,-1.54e-06,1.7240431676280503,4.888366778534649,-13.04219744869075,1.0052136313683062,6.150611401556298,0.12067054082980143,-15.786485178143371,-1.1573229341274334,-68.10225750029251,0.6295741068180681,22.22815668147757,0.2719344611720337,-0.03810671936044474,0.00015748,0.03809087271377094,0.00081957,1,0.0
7156,0.14920644669569072,0.0031557977713556153,-1.54e-06,1.7240431676280503,4.888366778534649,-39.080847913500584,1.0052136313683062,-0.5693005517535663,0.12067054082980143,-14.939345283042202,-1.1573229341274334,0.2576490217336513,0.6295741068180681,33.23631252090514,0.2719344611720337,-0.010873426171941184,0.00015748,0.01110802037952746,0.00081957,1,0.0
7157,0.5789328844778454,0.17088831459528248,-1.54e-06,1.7240431676280503,4.888366778534649,-15.532232167157133,1.0052136313683062,24.530696273961322,0.12067054082980143,-81.9706015073371,-1.1573229341274334,-64.87092494624619,0.6295741068180681,76.95690029159209,0.2719344611720337,0.10128482478837149,0.00015748,0.22855278082072045,0.00081957,0,0.0
7158,0.0009403215416569355,0.05860929807652825,-1.54e-06,1.7240431676280503,4.888366778534649,27.137002943240788,1.0052136313683062,5.9751101142498175,0.12067054082980143,-25.83821642743463,-1.1573229341274334,92.32125582334587,0.6295741068180681,-11.271391889022008,0.2719344611720337,0.04771713503630875,0.00015748,0.07865006943824837,0.00081957,0,0.0
7159,0.23829461297502535,0.0044382693941664875,-1.54e-06,1.7240431676280503,4.888366778534649,-85.1009821375755,1.0052136313683062,11.432853201308943,0.12067054082980143,-94.92332048790443,-1.1573229341274334,33.67331376531244,0.6295741068180681,86.42091017547799,0.2719344611720337,-0.03953139445470664,0.00015748,0.039514847573397925,0.00081957,1,0.0
7160,0.17100340271735795,0.011219718750109478,-1.54e-06,1.7240431676280503,4.888366778534649,-53.70716617837685,1.0052136313683062,14.99778483817956,0.12067054082980143,-82.53963626309205,-1.1573229341274334,-35.993472934004046,0.6295741068180681,68.39802806845522,0.2719344611720337,-0.07457458395648434,0.00015748,0.07459207964534342,0.00081957,1,0.0
7161,0.0004013722801418096,0.17391184362061235,-1.54e-06,1.7240431676280503,4.888366778534649,90.08250514369695,1.0052136313683062,37.52517323920122,0.12067054082980143,-69.81456664702102,-1.1573229341274334,51.254896688343415,0.6295741068180681,-34.1887821444228,0.2719344611720337,0.01905713885727367,0.00015748,0.2548446670944922,0.00081957,0,0.0
7162,0.00448976358034564,0.12732763865386867,-1.54e-06,1.7240431676280503,4.888366778534649,78.67627542034296,1.0052136313683062,24.93946590022752,0.12067054082980143,-74.64997043771419,-1.1573229341274334,-45.88403391795286,0.6295741068180681,-2.41744567187918,0.2719344611720337,-0.019936994446780723,0.00015748,0.2541052312544072,0.00081957,1,0.0
7163,0.273937715597131,0.13160273746430748,-1.54e-06,1.7240431676280503,4.888366778534649,0.5630264475904335,1.0052136313683062,7.839769315012533,0.12067054082980143,-62.61876287148015,-1.1573229341274334,-8.829555053389223,0.6295741068180681,49.04295828576147,0.2719344611720337,0.01146695581358348,0.00015748,0.20503679491371338,0.00081957,0,0.0
7164,0.12625267612637375,0.006188490532050909,-1.54e-06,1.7240431676280503,4.888366778534649,-37.89381457361514,1.0052136313683062,11.714280716716594,0.12067054082980143,-58.4688507813404,-1.1573229341274334,-29.288110278548245,0.6295741068180681,48.09874412783278,0.2719344611720337,-0.054485258721721525,0.00015748,0.054758198756931,0.00081957,1,0.0
7165,0.06559824295935977,0.03070957279240368,-1.54e-06,1.7240431676280503,4.888366778534649,-18.582275141205265,1.0052136313683062,8.466662346903778,0.12067054082980143,-66.11366637379292,-1.1573229341274334,30.801991676915872,0.6295741068180681,37.80389525669566,0.2719344611720337,-0.02323922898084097,0.00015748,0.0755430709505438,0.00081957,1,0.0
7166,0.20836971548211086,0.007545839147448564,-1.54e-06,1.7240431676280503,4.888366778534649,-74.88976252196095,1.0052136313683062,6.616640089152663,0.12067054082980143,-62.869603524334536,-1.1573229341274334,70.80756542216218,0.6295741068180681,62.211599656055206,0.2719344611720337,-0.04162585188446007,0.00015748,0.04187602345269984,0.00081957,1,0.0
7167,0.09563440603807838,0.0007770448308242644,-1.54e-06,1.7240431676280503,4.888366778534649,-55.5420693931317,1.0052136313683062,5.309693094421878,0.12067054082980143,-71.22952802670206,-1.1573229341274334,85.06555571656064,0.6295741068180681,52.29704381855999,0.2719344611720337,-0.014984085325495358,0.00015748,0.014999410863489795,0.00081957,1,0.0
7168,0.21769386664776752,0.027263558026139324,-1.54e-06,1.7240431676280503,4.888366778534649,-49.11628340237638,1.0052136313683062,24.039652847369574,0.12067054082980143,-79.31693408947625,-1.1573229341274334,-93.85533389577081,0.6295741068180681,65.91360926546348,0.2719344611720337,-0.10394661596612505,0.00015748,0.10466030048097637,0.00081957,1,0.0
7169,0.30570834237657385,0.016573487801186573,-1.54e-06,1.7240431676280503,4.888366778534649,-85.25873553140065,1.0052136313683062,-3.0417834950392986,0.12067054082980143,-36.60755477608468,-1.1573229341274334,12.987787486553694,0.6295741068180681,73.85282853434788,0.2719344611720337,-0.02827849050327514,0.00015748,0.028386577392420953,0.00081957,1,0.0
7170,-9.604071907767797e-05,0.0389854332386142,-1.54e-06,1.7240431676280503,4.888366778534649,23.215951206096467,1.0052136313683062,15.257474680468139,0.12067054082980143,-35.80922484796299,-1.1573229341274334,-48.780716198453675,0.6295741068180681,3.567032417248474,0.2719344611720337,-0.04306582835164423,0.00015748,0.09796714360058263,0.00081957,1,0.0
7171,5.5680069138003274e-05,0.031077935710550175,-1.54e-06,1.7240431676280503,4.888366778534649,-6.743481703950072,1.0052136313683062,10.690962403079988,0.12067054082980143,-60.940244813387515,-1.1573229341274334,88.43709407014262,0.6295741068180681,16.827434996198686,0.2719344611720337,-0.004817782994278159,0.00015748,0.062380174292380804,0.00081957,1,0.0
7172,0.0003346071529801431,0.017338345771663204,-1.54e-06,1.7240431676280503,4.888366778534649,-30.48574990249286,1.0052136313683062,16.274095758127963,0.12067054082980143,-98.6076549104945,-1.1573229341274334,36.124859238022815,0.6295741068180681,48.03362292232649,0.2719344611720337,-0.08154088889297964,0.00015748,0.08157379970406897,0.00081957,1,0.0
7173,0.0009847959780464668,0.010850884522299166,-1.54e-06,1.7240431676280503,4.888366778534649,-14.032864426783311,1.0052136313683062,2.733422564983674,0.12067054082980143,-29.29822036079686,-1.1573229341274334,81.16636264946774,0.6295741068180681,9.642235651239886,0.2719344611720337,-0.018961156507714332,0.00015748,0.03632448794109969,0.00081957,1,0.0
7174,0.0004003725224610011,0.07651565722432556,-1.54e-06,1.7240431676280503,4.888366778534649,18.930268251434477,1.0052136313683062,22.239255524722243,0.12067054082980143,-81.35872674496028,-1.1573229341274334,-94.00342046531004,0.6295741068180681,30.47385653062157,0.2719344611720337,-0.11580198333259023,0.00015748,0.17523746231144333,0.00081957,1,0.0
7175,0.026341803360577565,0.1525342957153387,-1.54e-06,1.7240431676280503,4.888366778534649,64.30144602211482,1.0052136313683062,40.806053935195656,0.12067054082980143,-92.96224617718131,-1.1573229341274334,-66.81141964890148,0.6295741068180681,1.2224581907847802,0.2719344611720337,-0.0625007095206322,0.00015748,0.25344819280160347,0.00081957,1,0.0
7176,0.2906504038779778,0.005921011878677743,-1.54e-06,1.7240431676280503,4.888366778534649,-59.19698923259388,1.0052136313683062,4.121481072314439,0.12067054082980143,-18.149253465782486,-1.1573229341274334,-70.92016678192785,0.6295741068180681,55.72855888063124,0.2719344611720337,-0.008637204629681417,0.00015748,0.008674958636472253,0.00081957,1,0.0
7177,0.25569637494719644,0.0057206718655041,-1.54e-06,1.7240431676280503,4.888366778534649,-57.71955623398997,1.0052136313683062,10.846278947805251,0.12067054082980143,-48.6604654349525,-1.1573229341274334,-74.3223399252486,0.6295741068180681,64.4426065840957,0.2719344611720337,-0.046620535317261,0.00015748,0.046658649086864526,0.00081957,1,0.0
7178,0.0061037743299869746,0.04201883427136391,-1.54e-06,1.7240431676280503,4.888366778534649,-29.428651348291222,1.0052136313683062,-7.835790780828773,0.12067054082980143,-48.079822738804445,-1.1573229341274334,56.92142965668383,0.6295741068180681,40.2213188585397,0.2719344611720337,-0.08491168317977713,0.00015748,0.09046666844062815,0.00081957,1,0.0
7179,0.27187046188157915,0.030990608400789016,-1.54e-06,1.7240431676280503,4.888366778534649,-81.41443255388198,1.0052136313683062,-10.536286425299458,0.12067054082980143,-17.047952408240413,-1.1573229341274334,59.686634418676036,0.6295741068180681,60.56535682652417,0.2719344611720337,-0.06585109743400204,0.00015748,0.06690941419441855,0.00081957,1,0.0
7180,0.25179686467876405,0.024679858266702798,-1.54e-06,1.7240431676280503,4.888366778534649,-56.552054777348474,1.0052136313683062,21.95399985359433,0.12067054082980143,-67.33909408224439,-1.1573229341274334,-74.7717870972451,0.6295741068180681,63.54448274142024,0.2719344611720337,-0.08978833759797834,0.00015748,0.08999953011797411,0.00081957,1,0.0
7181,0.00015099962647036058,0.035079496552004055,-1.54e-06,1.7240431676280503,4.888366778534649,25.999466692439494,1.0052136313683062,13.230341550119775,0.12067054082980143,-25.753567770359382,-1.1573229341274334,-60.594006901255824,0.6295741068180681,0.16424066735632145,0.2719344611720337,-0.03999496816900186,0.00015748,0.09168873014605514,0.00081957,1,0.0
7182,0.2264111885786241,0.004018113628914139,-1.54e-06,1.7240431676280503,4.888366778534649,-57.15605608529801,1.0052136313683062,8.401976365410736,0.12067054082980143,-49.39582199228637,-1.1573229341274334,-43.791413642895925,0.6295741068180681,61.447162806389095,0.2719344611720337,-0.03525093081267251,0.00015748,0.035342551563669417,0.00081957,1,0.0
7183,0.0006316842793639976,0.056225870549190246,-1.54e-06,1.7240431676280503,4.888366778534649,7.432986467324547,1.0052136313683062,21.377815253341126,0.12067054082980143,-86.33927748482273,-1.1573229341274334,-22.385002131333053,0.6295741068180681,29.58942487379104,0.2719344611720337,-0.07697519532949951,0.00015748,0.13861849220788328,0.00081957,1,0.0
7184,0.19225375603000328,0.004276171262264538,-1.54e-06,1.7240431676280503,4.888366778534649,-42.377398916932385,1.0052136313683062,9.860041138122238,0.12067054082980143,-39.94181760385604,-1.1573229341274334,-64.39998600495409,0.6295741068180681,49.38323183866767,0.2719344611720337,-0.04350101174097116,0.00015748,0.04350599634112479,0.00081957,1,0.0
7185,0.03867047011379687,0.05458714447240263,-1.54e-06,1.7240431676280503,4.888366778534649,-6.821501937210214,1.0052136313683062,27.607462106066354,0.12067054082980143,-68.56737164850091,-1.1573229341274334,-66.93040595164317,0.6295741068180681,25.617574300226206,0.2719344611720337,-0.12393037157233998,0.00015748,0.12427334859761448,0.00081957,1,0.0
7186,0.13956647961728477,0.06992851648719303,-1.54e-06,1.7240431676280503,4.888366778534649,-5.977782133180971,1.0052136313683062,5.097749137646806,0.12067054082980143,-45.367957442024526,-1.1573229341274334,93.98236115125471,0.6295741068180681,22.046863876793257,0.2719344611720337,0.056461472696488706,0.00015748,0.08572084249267127,0.00081957,0,0.0
7187,0.2962503336358268,0.005594514202077627,-1.54e-06,1.7240431676280503,4.888366778534649,-73.19939200772598,1.0052136313683062,6.569608320307124,0.12067054082980143,-44.935211076455246,-1.1573229341274334,-37.31772658123092,0.6295741068180681,70.25898364293089,0.2719344611720337,-0.017439638762106975,0.00015748,0.017570671840779407,0.00081957,1,0.0
7188,0.18292089597256284,0.053107377779154315,-1.54e-06,1.7240431676280503,4.888366778534649,-67.52777400901773,1.0052136313683062,-7.10067175681082,0.12067054082980143,-61.339232354058154,-1.1573229341274334,52.53987069189458,0.6295741068180681,73.26526112931056,0.2719344611720337,-0.07080001773580856,0.00015748,0.09069256692073425,0.00081957,1,0.0
7189,0.2543439934439047,0.005844513706850046,-1.54e-06,1.7240431676280503,4.888366778534649,-72.58785253461707,1.0052136313683062,3.0736247310144065,0.12067054082980143,-48.77276456535728,-1.1573229341274334,0.6854337527843027,0.6295741068180681,68.38274090194327,0.2719344611720337,-0.006187829458710067,0.00015748,0.006452382605611479,0.00081957,1,0.0
7190,0.18907828533933202,0.0030429983702040665,-1.54e-06,1.7240431676280503,4.888366778534649,-39.473515321098475,1.0052136313683062,7.66515286879288,0.12067054082980143,-29.94935694018963,-1.1573229341274334,-63.96816360512674,0.6295741068180681,44.42322251809786,0.2719344611720337,-0.03325088664719447,0.00015748,0.033299756851161794,0.00081957,1,0.0
7191,0.0002558544760107584,0.06073582451500564,-1.54e-06,1.7240431676280503,4.888366778534649,61.21602759184681,1.0052136313683062,13.5236797685735,0.12067054082980143,-1.9823506214988902,-1.1573229341274334,-79.55037537378453,0.6295741068180681,-24.07375899520929,0.2719344611720337,-0.0010504458172165138,0.00015748,0.11870424854995684,0.00081957,1,0.0
7192,0.0513933077690476,0.2385183987516324,-1.54e-06,1.7240431676280503,4.888366778534649,-5.107138904799481,1.0052136313683062,43.580531818349954,0.12067054082980143,-92.69282793546108,-1.1573229341274334,45.487335462518644,0.6295741068180681,10.225628914129956,0.2719344611720337,-0.18993158328341148,0.00015748,0.2424910202554203,0.00081957,1,0.0
7193,0.0005680324505217826,0.027258461570162547,-1.54e-06,1.7240431676280503,4.888366778534649,-4.570694102315463,1.0052136313683062,16.766293121894662,0.12067054082980143,-67.48974649908489,-1.1573229341274334,-13.025022309307792,0.6295741068180681,26.11009365952019,0.2719344611720337,-0.0694510701030697,0.00015748,0.09060993692334296,0.00081957,1,0.0
7194,0.12133545793177894,0.0021324351591694626,-1.54e-06,1.7240431676280503,4.888366778534649,-58.687108467429596,1.0052136313683062,1.749497110471905,0.12067054082980143,-58.5412875809908,-1.1573229341274334,84.0749634803775,0.6295741068180681,51.393632288504264,0.2719344611720337,-0.009631171465668852,0.00015748,0.009949272123748673,0.00081957,1,0.0
7195,0.001150047121322495,0.10118802429963827,-1.54e-06,1.7240431676280503,4.888366778534649,64.09983359002365,1.0052136313683062,28.505077775800352,0.12067054082980143,-41.92565419866616,-1.1573229341274334,-80.04377893947961,0.6295741068180681,-16.562825070622807,0.2719344611720337,-0.04045293204714971,0.00015748,0.18049598784859122,0.00081957,1,0.0
7196,0.16189229445572723,0.10816721962473547,-1.54e-06,1.7240431676280503,4.888366778534649,-3.204461844203592,1.0052136313683062,10.728734361873554,0.12067054082980143,-81.28440575762092,-1.1573229341274334,-35.6981664687679,0.6295741068180681,53.95918820285413,0.2719344611720337,-0.057141035900133155,0.00015748,0.19728176783319978,0.00081957,1,0.0
7197,0.16914445934390276,0.0018689583895231503,-1.54e-06,1.7240431676280503,4.888366778534649,-61.08626678963203,1.0052136313683062,5.484549349271233,0.12067054082980143,-60.63636762140181,-1.1573229341274334,34.64152093051041,0.6295741068180681,58.962197382362824,0.2719344611720337,-0.014898757504759374,0.00015748,0.014918297184220249,0.00081957,1,0.0
7198,0.00037885951092653247,0.009795273719600346,-1.54e-06,1.7240431676280503,4.888366778534649,7.32800257930239,1.0052136313683062,7.015986233174057,0.12067054082980143,-8.204831209395664,-1.1573229341274334,-15.796668525496282,0.6295741068180681,-2.889639752084264,0.2719344611720337,-0.02603159023000665,0.00015748,0.0365990495305612,0.00081957,1,0.0
7199,-0.00012030771645354932,0.10090419478280108,-1.54e-06,1.7240431676280503,4.888366778534649,87.15799485377579,1.0052136313683062,11.130080869219505,0.12067054082980143,-5.9307702336865695,-1.1573229341274334,49.91692948123354,0.6295741068180681,-43.96891429828744,0.2719344611720337,0.11525252330709902,0.00015748,0.1314324148176067,0.00081957,0,0.0
7200,0.038092273738989296,0.010604816016797008,-1.54e-06,2.663793954946504,5.214432986554706,-1.759323391500217,1.0052136313683062,9.377776149231787,0.12067054082980143,-97.14439006598975,-1.1573229341274334,-18.33665550537053,0.6295741068180681,58.42388875445221,0.2719344611720337,-0.0607634153689401,0.00015748,0.06099017179723744,0.00081957,1,0.0
7201,0.05687597770027014,0.0023642421804610596,-1.54e-06,2.663793954946504,5.214432986554706,-69.72295941311984,1.0052136313683062,-1.4551176802009131,0.12067054082980143,-13.193673542658546,-1.1573229341274334,76.72957773776737,0.6295741068180681,26.154587906039858,0.2719344611720337,-0.026982208942750184,0.00015748,0.02701605935894466,0.00081957,1,0.0
7202,0.0007767920439698817,0.014431980951069128,-1.54e-06,2.663793954946504,5.214432986554706,33.65624222117567,1.0052136313683062,6.076286618964323,0.12067054082980143,-40.35918598501893,-1.1573229341274334,9.45537820047472,0.6295741068180681,7.029685872221679,0.2719344611720337,-0.00420474656483304,0.00015748,0.03246829061825361,0.00081957,1,0.0
7203,0.00038950537359427884,0.02247507269145219,-1.54e-06,2.663793954946504,5.214432986554706,37.26094998885486,1.0052136313683062,7.8373502679763565,0.12067054082980143,-58.018046412176304,-1.1573229341274334,49.01078801197192,0.6295741068180681,9.869955000134704,0.2719344611720337,0.0079357444064966,0.00015748,0.03820112199873947,0.00081957,0,0.0
7204,0.0021659886018495916,0.028039046780401602,-1.54e-06,2.663793954946504,5.214432986554706,17.64014301933731,1.0052136313683062,-4.754491090838641,0.12067054082980143,-24.40456909640371,-1.1573229341274334,68.77069616121923,0.6295741068180681,12.555039271001885,0.2719344611720337,-0.021140171366699496,0.00015748,0.060915584453972875,0.00081957,1,0.0
7205,0.05804980850333591,0.019261521618649836,-1.54e-06,2.663793954946504,5.214432986554706,16.28992344325726,1.0052136313683062,16.787117502689135,0.12067054082980143,-21.34395652637949,-1.1573229341274334,-94.44597767510524,0.6295741068180681,-2.248520771150694,0.2719344611720337,-0.0612994210808582,0.00015748,0.06179622701370763,0.00081957,1,0.0
7206,0.4578107703879394,0.15902695652126403,-1.54e-06,2.663793954946504,5.214432986554706,-2.5569936480036493,1.0052136313683062,10.780969625515638,0.12067054082980143,-31.756654707683076,-1.1573229341274334,75.79252225603797,0.6295741068180681,38.86207589244529,0.2719344611720337,0.03785496479209095,0.00015748,0.1871427422950785,0.00081957,0,0.0
7207,0.13214039218122642,0.001056637731906869,-1.54e-06,2.663793954946504,5.214432986554706,-60.155349798163336,1.0052136313683062,6.9638431384538615,0.12067054082980143,-58.293043035748546,-1.1573229341274334,-13.219426844839555,0.6295741068180681,59.748995579722255,0.2719344611720337,-0.019886725455306266,0.00015748,0.0198954174382208,0.00081957,1,0.0
7208,0.08734545530557664,0.029525566002404004,-1.54e-06,2.663793954946504,5.214432986554706,1.3206496682996516,1.0052136313683062,19.5713049485598,0.12067054082980143,-25.966914798032295,-1.1573229341274334,-96.81442962850961,0.6295741068180681,3.0646943571427983,0.2719344611720337,-0.07574614607192823,0.00015748,0.07633293948459047,0.00081957,1,0.0
7209,0.06051297652781876,0.030871374819805137,-1.54e-06,2.663793954946504,5.214432986554706,70.31850295311878,1.0052136313683062,12.449846143585813,0.12067054082980143,-71.47951540708111,-1.1573229341274334,-57.06331571050388,0.6295741068180681,22.47193567544322,0.2719344611720337,-0.023445835201688116,0.00015748,0.07685361257691642,0.00081957,1,0.0
7210,0.0878349508499137,0.00034093122894389525,-1.54e-06,2.663793954946504,5.214432986554706,-75.23951508112705,1.0052136313683062,4.102785581303498,0.12067054082980143,-67.40363069123646,-1.1573229341274334,64.48253194783737,0.6295741068180681,60.61488361033343,0.2719344611720337,-0.009173308854572767,0.00015748,0.009176033692000445,0.00081957,1,0.0
7211,0.032198295893762545,0.029271457263060532,-1.54e-06,2.663793954946504,5.214432986554706,68.24360382328219,1.0052136313683062,1.6092415639337474,0.12067054082980143,-10.86890223059955,-1.1573229341274334,-34.76151628814247,0.6295741068180681,-5.57866535840616,0.2719344611720337,-0.007470087105488597,0.00015748,0.05953719142781418,0.00081957,1,0.0
7212,0.2100443917829138,0.0022939036377711843,-1.54e-06,2.663793954946504,5.214432986554706,-68.45915054549383,1.0052136313683062,4.064951972383264,0.12067054082980143,-18.37083081195966,-1.1573229341274334,-85.08672326342368,0.6295741068180681,56.7077068835953,0.2719344611720337,-0.009628720482008935,0.00015748,0.009636307330615374,0.00081957,1,0.0
7213,0.15507214316000517,0.05504975990288999,-1.54e-06,2.663793954946504,5.214432986554706,20.58413377495179,1.0052136313683062,-2.930888454548903,0.12067054082980143,-35.21139651054976,-1.1573229341274334,-73.64587110393363,0.6295741068180681,51.03315233073711,0.2719344611720337,-0.058506425202102454,0.00015748,0.10603250735758574,0.00081957,1,0.0
7214,0.12017725700879275,0.010228437332000488,-1.54e-06,2.663793954946504,5.214432986554706,-22.280368888283196,1.0052136313683062,10.350267064189124,0.12067054082980143,-3.7170597149961115,-1.1573229341274334,-86.11014661860247,0.6295741068180681,12.910321256508512,0.2719344611720337,-0.043215746322720426,0.00015748,0.043595269795712384,0.00081957,1,0.0
7215,0.00015911292339657046,0.005430392657948255,-1.54e-06,2.663793954946504,5.214432986554706,43.71204813221511,1.0052136313683062,8.260425163544971,0.12067054082980143,-20.485334943194022,-1.1573229341274334,-67.27986137415222,0.6295741068180681,-3.576011544479887,0.2719344611720337,-0.02502493836833581,0.00015748,0.03142986833339778,0.00081957,1,0.0
7216,0.00046888121710127184,0.019695223261250974,-1.54e-06,2.663793954946504,5.214432986554706,55.56645182977531,1.0052136313683062,4.859398000886111,0.12067054082980143,-15.388686027156158,-1.1573229341274334,-7.036691839233585,0.6295741068180681,-12.150326348145565,0.2719344611720337,0.011644263206385638,0.00015748,0.028889310158909554,0.00081957,0,0.0
7217,-1.7409704072546273e-06,0.028122057930897934,-1.54e-06,2.663793954946504,5.214432986554706,83.2163771370993,1.0052136313683062,10.65084205330641,0.12067054082980143,-50.79504921921634,-1.1573229341274334,-17.453998735389906,0.6295741068180681,-3.909182538629819,0.2719344611720337,-0.0023493196263112727,0.00015748,0.05803943290951995,0.00081957,1,0.0
7218,9.78525295847188e-06,0.020905482575339838,-1.54e-06,2.663793954946504,5.214432986554706,36.6793072159558,1.0052136313683062,13.376582874050902,0.12067054082980143,-90.46699801648273,-1.1573229341274334,33.04444346608452,0.6295741068180681,24.822301305142606,0.2719344611720337,-0.017905013350864127,0.00015748,0.055045289191725424,0.00081957,1,0.0
7219,0.10133397750494982,0.008935601218119558,-1.54e-06,2.663793954946504,5.214432986554706,-19.00629603024332,1.0052136313683062,10.515752737489311,0.12067054082980143,-94.27137781951187,-1.1573229341274334,-51.831934364327985,0.6295741068180681,69.83135589356621,0.2719344611720337,-0.05888286381124048,0.00015748,0.05926205787343828,0.00081957,1,0.0
7220,0.12078242809856667,0.0679221781481531,-1.54e-06,2.663793954946504,5.214432986554706,13.56156361398512,1.0052136313683062,-1.5388134946537178,0.12067054082980143,-81.54629166391598,-1.1573229341274334,56.04803051385337,0.6295741068180681,62.132481356008384,0.2719344611720337,-0.039496500924626345,0.00015748,0.1167475005960345,0.00081957,1,0.0
7221,0.002947817582919579,0.0009618153343550609,-1.54e-06,2.663793954946504,5.214432986554706,-44.91730305608619,1.0052136313683062,-4.192892935869486,0.12067054082980143,-9.313987074839366,-1.1573229341274334,86.28014494365766,0.6295741068180681,15.164364881454592,0.2719344611720337,-0.018341354264423373,0.00015748,0.01838794411994268,0.00081957,1,0.0
7222,0.0002557956741466305,0.026394516618867415,-1.54e-06,2.663793954946504,5.214432986554706,-5.66854724520636,1.0052136313683062,13.868907024950348,0.12067054082980143,-71.41748203176112,-1.1573229341274334,94.62012631421182,0.6295741068180681,13.216948482917873,0.2719344611720337,-0.03232992210153553,0.00015748,0.06406417677667188,0.00081957,1,0.0
7223,0.20295234831548148,0.09047701676705816,-1.54e-06,2.663793954946504,5.214432986554706,74.31071121486728,1.0052136313683062,6.7152951975204385,0.12067054082980143,-59.92833671883029,-1.1573229341274334,69.9326422179203,0.6295741068180681,21.08994477478291,0.2719344611720337,0.05018923076359799,0.00015748,0.11979005080530597,0.00081957,0,0.0
7224,0.00026901326583572693,0.23712518221334047,-1.54e-06,2.663793954946504,5.214432986554706,41.050636444071635,1.0052136313683062,46.04094253937621,0.12067054082980143,-50.210707953674955,-1.1573229341274334,-79.9857311071655,0.6295741068180681,-51.794212447945824,0.2719344611720337,-0.20800596217826692,0.00015748,0.21399800831616853,0.00081957,1,0.0
7225,0.00018575520710739646,0.022623767698964868,-1.54e-06,2.663793954946504,5.214432986554706,69.05060458835115,1.0052136313683062,17.237321157135312,0.12067054082980143,-91.79573025038948,-1.1573229341274334,-49.20057237291424,0.6295741068180681,21.02683883870841,0.2719344611720337,-0.045467523973555905,0.00015748,0.0746310058128436,0.00081957,1,0.0
7226,0.014019494384857362,0.04583729322777698,-1.54e-06,2.663793954946504,5.214432986554706,40.10141533648051,1.0052136313683062,3.7658149519978723,0.12067054082980143,-99.77324714664869,-1.1573229341274334,4.314802940537978,0.6295741068180681,54.21135167076697,0.2719344611720337,-0.07528312716933014,0.00015748,0.1057154609917306,0.00081957,1,0.0
7227,0.13460199436077636,0.002850431663000402,-1.54e-06,2.663793954946504,5.214432986554706,-61.76989084439737,1.0052136313683062,12.02104441907207,0.12067054082980143,-95.70504389708684,-1.1573229341274334,-7.046552428088137,0.6295741068180681,76.69683757474148,0.2719344611720337,-0.037449426740336626,0.00015748,0.03748297964794465,0.00081957,1,0.0
7228,0.05992249815959975,0.0024187639513839855,-1.54e-06,2.663793954946504,5.214432986554706,-21.261066724591263,1.0052136313683062,6.433976418954867,0.12067054082980143,-20.948506826229604,-1.1573229341274334,-20.573509475785052,0.6295741068180681,17.319988604911973,0.2719344611720337,-0.022975788333939633,0.00015748,0.02300311647948042,0.00081957,1,0.0
7229,0.0006746437179331044,0.025200971977312223,-1.54e-06,2.663793954946504,5.214432986554706,36.466986786480014,1.0052136313683062,2.422896447795427,0.12067054082980143,-15.342497904325409,-1.1573229341274334,56.08363986912457,0.6295741068180681,-11.05075963807381,0.2719344611720337,0.015615815625044218,0.00015748,0.035724604679403776,0.00081957,0,0.0
7230,0.033459182960792117,0.04748981555421358,-1.54e-06,2.663793954946504,5.214432986554706,10.845349018071497,1.0052136313683062,-8.104202002818498,0.12067054082980143,-38.650132090936,-1.1573229341274334,25.907609952650464,0.6295741068180681,39.98395939434455,0.2719344611720337,-0.06894528033331791,0.00015748,0.09665866613100722,0.00081957,1,0.0
7231,0.19975053249269148,0.04620313162552872,-1.54e-06,2.663793954946504,5.214432986554706,-88.88195801597574,1.0052136313683062,14.169582584070277,0.12067054082980143,-0.03694441930041059,-1.1573229341274334,-46.82046802173725,0.6295741068180681,23.55692305460896,0.2719344611720337,-0.09687699696468874,0.00015748,0.09685372788787441,0.00081957,1,0.0
7232,0.16251039886814805,0.028373068712624537,-1.54e-06,2.663793954946504,5.214432986554706,-85.59340945774018,1.0052136313683062,-4.012987714066327,0.12067054082980143,-54.98172021805796,-1.1573229341274334,97.15286085773155,0.6295741068180681,73.0556160035942,0.2719344611720337,-0.01448916777077034,0.00015748,0.05102537363966266,0.00081957,1,0.0
7233,0.11389725025683486,0.0005839889859565053,-1.54e-06,2.663793954946504,5.214432986554706,-70.44426962741616,1.0052136313683062,3.060275360896455,0.12067054082980143,-46.595170719903166,-1.1573229341274334,24.55350667791326,0.6295741068180681,54.55461266872592,0.2719344611720337,-0.00605362182117241,0.00015748,0.00607387396992258,0.00081957,1,0.0
7234,-0.0002012663521391289,0.06681947904117741,-1.54e-06,2.663793954946504,5.214432986554706,-2.083787820129314,1.0052136313683062,24.433395199062986,0.12067054082980143,-44.874946173609025,-1.1573229341274334,0.33825919317673137,0.6295741068180681,-13.952916700392697,0.2719344611720337,-0.11370440722120556,0.00015748,0.11409952812946764,0.00081957,1,0.0
7235,0.0006017781215091333,0.0011814070620191634,-1.54e-06,2.663793954946504,5.214432986554706,-1.5819320064813547,1.0052136313683062,5.595407253386894,0.12067054082980143,-43.34055887333435,-1.1573229341274334,9.528657745071277,0.6295741068180681,19.503315796733613,0.2719344611720337,-0.019958014227265067,0.00015748,0.02017310277184207,0.00081957,1,0.0
7236,7.161080188733404e-05,0.07709440188076003,-1.54e-06,2.663793954946504,5.214432986554706,59.401425069635906,1.0052136313683062,-13.383610083360193,0.12067054082980143,-7.706034408335781,-1.1573229341274334,44.379642179049085,0.6295741068180681,8.974881682829189,0.2719344611720337,-0.0686266599622726,0.00015748,0.12942553804140852,0.00081957,1,0.0
7237,3.334514590069837e-05,0.016001605145808322,-1.54e-06,2.663793954946504,5.214432986554706,45.50590944473922,1.0052136313683062,8.267389373397219,0.12067054082980143,-21.373275852513906,-1.1573229341274334,-15.512704971576582,0.6295741068180681,-10.544371447375607,0.2719344611720337,-0.0042158462246687095,0.00015748,0.0334567605142865,0.00081957,1,0.0
7238,0.0024112216188738878,0.00476998005402715,-1.54e-06,2.663793954946504,5.214432986554706,12.975776183406516,1.0052136313683062,12.00547632772554,0.12067054082980143,-70.71754436767887,-1.1573229341274334,-17.80227055105751,0.6295741068180681,26.889988932061296,0.2719344611720337,-0.04156290040735076,0.00015748,0.04155578343152858,0.00081957,1,0.0
7239,0.006822474772062777,0.0003708078183726458,-1.54e-06,2.663793954946504,5.214432986554706,-51.180498358310935,1.0052136313683062,-1.5093263509246084,0.12067054082980143,-29.370106857384247,-1.1573229341274334,97.02141997551702,0.6295741068180681,24.990814265133412,0.2719344611720337,-0.012166722441499259,0.00015748,0.012182639282678456,0.00081957,1,0.0
7240,0.13611580711103397,0.001192061000963201,-1.54e-06,2.663793954946504,5.214432986554706,-68.2134288415602,1.0052136313683062,6.980447479390935,0.12067054082980143,-68.93134012094882,-1.1573229341274334,0.3817028427910398,0.6295741068180681,68.02164661388035,0.2719344611720337,-0.021172309607022665,0.00015748,0.021205502158479567,0.00081957,1,0.0
7241,0.0001739295311939948,0.03816790584291785,-1.54e-06,2.663793954946504,5.214432986554706,86.89492851773704,1.0052136313683062,13.061207940295883,0.12067054082980143,-100.0,-1.1573229341274334,-1.4475629695045555,0.6295741068180681,23.507127470724765,0.2719344611720337,-0.03079446419160987,0.00015748,0.09193534673071414,0.00081957,1,0.0
7242,0.11834467499720608,0.006434407665676929,-1.54e-06,2.663793954946504,5.214432986554706,-10.910239203077488,1.0052136313683062,15.117072377308515,0.12067054082980143,-85.138170302418,-1.1573229341274334,-90.29410117195236,0.6295741068180681,59.36647828862407,0.2719344611720337,-0.05574450178455732,0.00015748,0.055794752307320845,0.00081957,1,0.0
7243,0.13616817644221185,0.003084278007620739,-1.54e-06,2.663793954946504,5.214432986554706,-46.629437835767796,1.0052136313683062,12.292999864265182,0.12067054082980143,-78.59495800042227,-1.1573229341274334,-41.3413918533925,0.6295741068180681,64.74688652504445,0.2719344611720337,-0.037866893004281615,0.00015748,0.037873628913599036,0.00081957,1,0.0
7244,0.15550723007878897,0.0013186264127061722,-1.54e-06,2.663793954946504,5.214432986554706,-79.41467607402495,1.0052136313683062,2.6263021989617443,0.12067054082980143,-34.93738017174051,-1.1573229341274334,-3.673253104402749,0.6295741068180681,57.541145760312666,0.2719344611720337,-0.0050006705784531565,0.00015748,0.005049333876199409,0.00081957,1,0.0
7245,0.06124306225041848,0.01377812175150198,-1.54e-06,2.663793954946504,5.214432986554706,-57.835128642082125,1.0052136313683062,-5.429130910364958,0.12067054082980143,-52.857859284563595,-1.1573229341274334,61.4009655338108,0.6295741068180681,61.42419746773233,0.2719344611720337,-0.04832437436624579,0.00015748,0.04824307309478999,0.00081957,1,0.0
7246,0.022942439414393057,0.030160811199406615,-1.54e-06,2.663793954946504,5.214432986554706,-23.12809404248161,1.0052136313683062,-3.831656800340267,0.12067054082980143,-77.81748528577879,-1.1573229341274334,45.593093163171545,0.6295741068180681,65.19539034520258,0.2719344611720337,-0.0770135527940056,0.00015748,0.07912461468650836,0.00081957,1,0.0
7247,0.11732170605580813,0.002760746087151823,-1.54e-06,2.663793954946504,5.214432986554706,-46.97139668579204,1.0052136313683062,10.692727338671334,0.12067054082980143,-85.24357283334128,-1.1573229341274334,-18.691808218752705,0.6295741068180681,67.6230341226285,0.2719344611720337,-0.03686038933238621,0.00015748,0.03691557180957519,0.00081957,1,0.0
7248,0.17975366841858048,0.08068826952284575,-1.54e-06,2.663793954946504,5.214432986554706,-8.37075407440098,1.0052136313683062,-12.116950257741557,0.12067054082980143,-15.280687042325955,-1.1573229341274334,-59.498233882709144,0.6295741068180681,62.60839409152014,0.2719344611720337,-0.08675153893616774,0.00015748,0.12761209474135699,0.00081957,1,0.0
7249,0.00010168738543991918,0.015565590746440419,-1.54e-06,2.663793954946504,5.214432986554706,52.22849520400693,1.0052136313683062,13.399258484946959,0.12067054082980143,-78.54205873681651,-1.1573229341274334,-46.86950326004195,0.6295741068180681,23.046880682090798,0.2719344611720337,-0.045941273174211684,0.00015748,0.06316547704358619,0.00081957,1,0.0
7250,0.004499999757604262,0.0023943868208775644,-1.54e-06,2.663793954946504,5.214432986554706,-10.549775601363347,1.0052136313683062,8.409600076920462,0.12067054082980143,-71.57110229006139,-1.1573229341274334,26.93500840486059,0.6295741068180681,34.73814530210137,0.2719344611720337,-0.029759624659875566,0.00015748,0.02985028278149143,0.00081957,1,0.0
7251,8.599260811462117e-05,0.04526973517765801,-1.54e-06,2.663793954946504,5.214432986554706,79.404340065141,1.0052136313683062,6.239764395227396,0.12067054082980143,-47.42892578576754,-1.1573229341274334,90.21461805728397,0.6295741068180681,-11.643088632932395,0.2719344611720337,0.038561524054954735,0.00015748,0.058226626267855325,0.00081957,0,0.0
7252,-8.93016039530091e-05,0.041499507217810774,-1.54e-06,2.663793954946504,5.214432986554706,64.79924187859753,1.0052136313683062,-0.8516137277637582,0.12067054082980143,-36.23914370821785,-1.1573229341274334,43.76516629149733,0.6295741068180681,4.128327221729091,0.2719344611720337,-0.015940123626123064,0.00015748,0.08111328133687176,0.00081957,1,0.0
7253,-9.92583746406428e-06,0.08883935874787363,-1.54e-06,2.663793954946504,5.214432986554706,53.404332424648025,1.0052136313683062,23.35286690458176,0.12067054082980143,-36.96462483839187,-1.1573229341274334,50.08760131046248,0.6295741068180681,-39.237534552250665,0.2719344611720337,-0.07205256408509174,0.00015748,0.13719200305070706,0.00081957,1,0.0
7254,0.13525410639039984,0.002695797192351689,-1.54e-06,2.663793954946504,5.214432986554706,-42.27474070255202,1.0052136313683062,5.733703310738033,0.12067054082980143,-52.983234946383,-1.1573229341274334,-50.08531306321992,0.6295741068180681,58.867016606276806,0.2719344611720337,-0.03006442622424531,0.00015748,0.03024036326434541,0.00081957,1,0.0
7255,0.00469674670267739,0.0032148489428230785,-1.54e-06,2.663793954946504,5.214432986554706,-29.70674737138488,1.0052136313683062,7.978747226289791,0.12067054082980143,-55.31124623214029,-1.1573229341274334,59.197644332434784,0.6295741068180681,24.67476099261209,0.2719344611720337,-0.027629983367618342,0.00015748,0.02772387189425416,0.00081957,1,0.0
7256,0.0002797850318064232,0.010023499666943617,-1.54e-06,2.663793954946504,5.214432986554706,21.45831941393587,1.0052136313683062,13.632104597873761,0.12067054082980143,-84.6098870974095,-1.1573229341274334,-7.028794120348292,0.6295741068180681,29.753706667732793,0.2719344611720337,-0.040910003559601914,0.00015748,0.05018925980553345,0.00081957,1,0.0
7257,0.0002865271861783314,0.048716803116155866,-1.54e-06,2.663793954946504,5.214432986554706,80.80468276272236,1.0052136313683062,14.267832412809152,0.12067054082980143,-5.731493913158868,-1.1573229341274334,-2.625546252839632,0.6295741068180681,-44.36046538919338,0.2719344611720337,-0.021671379160996346,0.00015748,0.08711134192772982,0.00081957,1,0.0
7258,0.15754963114233422,0.0013554754681844863,-1.54e-06,2.663793954946504,5.214432986554706,-41.20772368448253,1.0052136313683062,3.4645365513801507,0.12067054082980143,-6.274260159038486,-1.1573229341274334,-84.95700690536545,0.6295741068180681,36.555541501008726,0.2719344611720337,-0.009020150937810436,0.00015748,0.008999660544494735,0.00081957,1,0.0
7259,0.13235408827504172,0.0009019182348381519,-1.54e-06,2.663793954946504,5.214432986554706,-72.2580842017957,1.0052136313683062,5.956714051223365,0.12067054082980143,-56.5974785446373,-1.1573229341274334,9.522125010798185,0.6295741068180681,60.606443472134224,0.2719344611720337,-0.014913090453288074,0.00015748,0.014917322225317702,0.00081957,1,0.0
7260,0.05514543680615808,0.0011639275772840547,-1.54e-06,2.663793954946504,5.214432986554706,-74.98292798675853,1.0052136313683062,-2.4627771867094586,0.12067054082980143,-26.812846070530362,-1.1573229341274334,92.12106143135144,0.6295741068180681,36.93349019797804,0.2719344611720337,-0.017436820194315375,0.00015748,0.017435562308013366,0.00081957,1,0.0
7261,0.038714227363237944,0.011574758668585506,-1.54e-06,2.663793954946504,5.214432986554706,-64.58067323720348,1.0052136313683062,6.49258444023952,0.12067054082980143,-32.39886452197653,-1.1573229341274334,85.74645208194482,0.6295741068180681,20.293371866790558,0.2719344611720337,-0.05265355896163133,0.00015748,0.052898067855848774,0.00081957,1,0.0
7262,0.00046624355422858477,0.0026795498005268655,-1.54e-06,2.663793954946504,5.214432986554706,6.373425955728099,1.0052136313683062,8.174950859692554,0.12067054082980143,-57.622436691831325,-1.1573229341274334,-3.348696009298837,0.6295741068180681,24.41668956034104,0.2719344611720337,-0.030932857506979133,0.00015748,0.031229729286326405,0.00081957,1,0.0
7263,0.24848291800221983,0.0778284569015232,-1.54e-06,2.663793954946504,5.214432986554706,19.37907473664941,1.0052136313683062,0.7130110268228159,0.12067054082980143,-49.40387774539947,-1.1573229341274334,-14.748073743304456,0.6295741068180681,55.95561687464149,0.2719344611720337,-0.005162263645695941,0.00015748,0.1157818761040558,0.00081957,1,0.0
7264,0.0032014716278428723,0.022393266475693677,-1.54e-06,2.663793954946504,5.214432986554706,22.05046035481977,1.0052136313683062,7.104676465847215,0.12067054082980143,-99.62417623187034,-1.1573229341274334,-9.170545626991586,0.6295741068180681,53.34341318983142,0.2719344611720337,-0.0718952182171143,0.00015748,0.07883370820517681,0.00081957,1,0.0
7265,0.09481311382378202,0.014286984539034391,-1.54e-06,2.663793954946504,5.214432986554706,1.752903221240775,1.0052136313683062,4.728002612441628,0.12067054082980143,-59.76051778574557,-1.1573229341274334,-88.24825478972548,0.6295741068180681,54.945248048494605,0.2719344611720337,-0.06562594334039973,0.00015748,0.06615891805530988,0.00081957,1,0.0
7266,9.542239067861225e-05,0.019785739966388327,-1.54e-06,2.663793954946504,5.214432986554706,46.16524833920612,1.0052136313683062,9.992719576933167,0.12067054082980143,-70.11740645135842,-1.1573229341274334,8.107233798912217,0.6295741068180681,17.601836913354756,0.2719344611720337,-0.01752424778104887,0.00015748,0.0528428963698369,0.00081957,1,0.0
7267,0.08425793175681723,0.008213265051678692,-1.54e-06,2.663793954946504,5.214432986554706,-70.22977072168409,1.0052136313683062,-8.055172702684047,0.12067054082980143,-16.498904318111034,-1.1573229341274334,54.45478135544413,0.6295741068180681,47.04687821861192,0.2719344611720337,-0.03445583577928492,0.00015748,0.03447980061874602,0.00081957,1,0.0
7268,0.05143714335465972,0.015148625837927124,-1.54e-06,2.663793954946504,5.214432986554706,7.530397540113323,1.0052136313683062,7.3148278396441615,0.12067054082980143,-85.24991440555107,-1.1573229341274334,-50.757560630028976,0.6295741068180681,57.15379008597618,0.2719344611720337,-0.06968629598888074,0.00015748,0.07000630045540124,0.00081957,1,0.0
7269,0.0003393926110329404,0.012659943037383391,-1.54e-06,2.663793954946504,5.214432986554706,19.9061653338982,1.0052136313683062,14.728372212166395,0.12067054082980143,-81.13841779003506,-1.1573229341274334,6.270173149300758,0.6295741068180681,23.784946474721174,0.2719344611720337,-0.03531935179405335,0.00015748,0.04957379246594058,0.00081957,1,0.0
7270,0.0006973919034429232,0.006393455648469007,-1.54e-06,2.663793954946504,5.214432986554706,13.706260808690423,1.0052136313683062,9.810726812300139,0.12067054082980143,-67.10140540854324,-1.1573229341274334,-0.9783896093306959,0.6295741068180681,25.808302907942732,0.2719344611720337,-0.031712938825330654,0.00015748,0.03833759843670583,0.00081957,1,0.0
7271,0.02303190674501507,0.0877325828336942,-1.54e-06,2.663793954946504,5.214432986554706,83.69289601199617,1.0052136313683062,-7.144895810028866,0.12067054082980143,-42.22665832472053,-1.1573229341274334,68.85088021629996,0.6295741068180681,14.224792285530002,0.2719344611720337,-0.04479904655445742,0.00015748,0.14288171742810657,0.00081957,1,0.0
7272,0.1852598211788259,0.0015543389489398192,-1.54e-06,2.663793954946504,5.214432986554706,-88.100958868395,1.0052136313683062,6.443546637923305,0.12067054082980143,-61.38421328729935,-1.1573229341274334,-14.162396033573152,0.6295741068180681,75.95943397654287,0.2719344611720337,-0.0162396685334848,0.00015748,0.016248424009837243,0.00081957,1,0.0
7273,0.00013986025463788576,0.03375381814649456,-1.54e-06,2.663793954946504,5.214432986554706,63.10192613671941,1.0052136313683062,12.631108975380107,0.12067054082980143,-84.61486891587347,-1.1573229341274334,60.97888751691476,0.6295741068180681,11.153508555892358,0.2719344611720337,0.010597840868424815,0.00015748,0.05930139622588655,0.00081957,0,0.0
7274,0.00014326000409825568,0.026728065108452544,-1.54e-06,2.663793954946504,5.214432986554706,23.714708858533765,1.0052136313683062,8.531741616335445,0.12067054082980143,-59.10713257963493,-1.1573229341274334,92.68085686429357,0.6295741068180681,6.950201667036346,0.2719344611720337,0.011840739689469422,0.00015748,0.04185582390940535,0.00081957,0,0.0
7275,0.00045274471411912987,0.02352021717375117,-1.54e-06,2.663793954946504,5.214432986554706,18.611423630771235,1.0052136313683062,9.60704847835031,0.12067054082980143,-98.69041458198953,-1.1573229341274334,90.61442398809054,0.6295741068180681,34.87847677123048,0.2719344611720337,-0.0050035102716892155,0.00015748,0.05039382492961764,0.00081957,1,0.0
7276,0.11766242954310967,0.0007624568318165807,-1.54e-06,2.663793954946504,5.214432986554706,-39.497791276127636,1.0052136313683062,1.7576067797586166,0.12067054082980143,-8.324678467614632,-1.1573229341274334,-45.61498592469099,0.6295741068180681,31.37747309096325,0.2719344611720337,-0.0037278738431685624,0.00015748,0.0037435173068031003,0.00081957,1,0.0
7277,0.04168364302710325,0.012376457924962538,-1.54e-06,2.663793954946504,5.214432986554706,-21.13842715779,1.0052136313683062,1.6936950347685005,0.12067054082980143,-73.54930063681083,-1.1573229341274334,17.229433937137642,0.6295741068180681,56.87806158391344,0.2719344611720337,-0.05222742481342112,0.00015748,0.053941901028374095,0.00081957,1,0.0
7278,0.01853673784881185,0.0048640478696341215,-1.54e-06,2.663793954946504,5.214432986554706,23.237723069012077,1.0052136313683062,10.749751582483649,0.12067054082980143,-60.31846276932481,-1.1573229341274334,-55.1693761409499,0.6295741068180681,25.850710767959026,0.2719344611720337,-0.044875792332930244,0.00015748,0.044914746522821576,0.00081957,1,0.0
7279,0.002090629800314839,0.006003329029585006,-1.54e-06,2.663793954946504,5.214432986554706,-3.3118963752977697,1.0052136313683062,3.4981685880464792,0.12067054082980143,-63.740553543890094,-1.1573229341274334,17.076832666194164,0.6295741068180681,37.65735702597056,0.2719344611720337,-0.04058904854652076,0.00015748,0.04069624156625673,0.00081957,1,0.0
7280,0.14227942772124277,0.13564236796415682,-1.54e-06,2.663793954946504,5.214432986554706,78.80284210735483,1.0052136313683062,-9.674713773426205,0.12067054082980143,-41.40481696830657,-1.1573229341274334,8.750604347470722,0.6295741068180681,40.088105122236364,0.2719344611720337,-0.06687157847747235,0.00015748,0.1864847655248583,0.00081957,1,0.0
7281,0.1464926555107104,0.0009976301826904483,-1.54e-06,2.663793954946504,5.214432986554706,-79.5305631750664,1.0052136313683062,5.641585949876858,0.12067054082980143,-63.06740248407908,-1.1573229341274334,10.508228832147863,0.6295741068180681,69.0796358837907,0.2719344611720337,-0.014464041147563255,0.00015748,0.014516658870567146,0.00081957,1,0.0
7282,0.0004152599687651942,0.029725746703473693,-1.54e-06,2.663793954946504,5.214432986554706,24.38943265892555,1.0052136313683062,-1.013730645314192,0.12067054082980143,-55.10749053030807,-1.1573229341274334,56.14091498642905,0.6295741068180681,27.120290383660635,0.2719344611720337,-0.032072284623486685,0.00015748,0.06909770460259371,0.00081957,1,0.0
7283,0.00015824449456933176,0.016467080759103286,-1.54e-06,2.663793954946504,5.214432986554706,27.02132475590675,1.0052136313683062,7.383322556283028,0.12067054082980143,-70.31855443422675,-1.1573229341274334,27.488240842999886,0.6295741068180681,25.20011751447549,0.2719344611720337,-0.019651748804648646,0.00015748,0.04738714652630446,0.00081957,1,0.0
7284,0.00360503241357929,0.001802037959724127,-1.54e-06,2.663793954946504,5.214432986554706,-3.257253705223483,1.0052136313683062,7.146853143437674,0.12067054082980143,-55.96369385533097,-1.1573229341274334,11.279531597363187,0.6295741068180681,26.0855930504155,0.2719344611720337,-0.025858648096090932,0.00015748,0.025947274032952,0.00081957,1,0.0
7285,0.0010926479761276808,0.010122316418128179,-1.54e-06,2.663793954946504,5.214432986554706,50.01972992572894,1.0052136313683062,14.992080421802864,0.12067054082980143,-75.34317490173339,-1.1573229341274334,-86.82934018827957,0.6295741068180681,23.898248727454398,0.2719344611720337,-0.06322690881539136,0.00015748,0.06322116659124233,0.00081957,1,0.0
7286,0.12662486049373745,0.0011981061417411362,-1.54e-06,2.663793954946504,5.214432986554706,-46.370843630012764,1.0052136313683062,0.09273092170458348,0.12067054082980143,-0.8906769792879925,-1.1573229341274334,-42.68728820411769,0.6295741068180681,31.58496891729238,0.2719344611720337,-0.002026000804271758,0.00015748,0.0020045928150508358,0.00081957,1,0.0
7287,0.03863266382042026,0.0014128003257156175,-1.54e-06,2.663793954946504,5.214432986554706,-5.281770312025414,1.0052136313683062,6.275684010981657,0.12067054082980143,-43.793023132138714,-1.1573229341274334,-23.304700833357042,0.6295741068180681,27.878621266212747,0.2719344611720337,-0.025382885465322757,0.00015748,0.025411384578355883,0.00081957,1,0.0
7288,0.21482488903603564,0.003020494396215346,-1.54e-06,2.663793954946504,5.214432986554706,-69.14349722071965,1.0052136313683062,10.660343040549595,0.12067054082980143,-67.62745994520668,-1.1573229341274334,-81.27570709763103,0.6295741068180681,79.50191319331867,0.2719344611720337,-0.0336003779090488,0.00015748,0.033612511248014836,0.00081957,1,0.0
7289,0.0004003310369168206,0.013832721503889919,-1.54e-06,2.663793954946504,5.214432986554706,52.64399496542646,1.0052136313683062,5.351950881383592,0.12067054082980143,-11.821049359065087,-1.1573229341274334,-33.73722233016009,0.6295741068180681,-11.201016552928435,0.2719344611720337,-0.00012559788163876533,0.00015748,0.027692410401194578,0.00081957,1,0.0
7290,0.10960540285028063,0.0007055192089562257,-1.54e-06,2.663793954946504,5.214432986554706,-65.49046920825107,1.0052136313683062,5.551514484160035,0.12067054082980143,-63.69564596608838,-1.1573229341274334,22.169683898888596,0.6295741068180681,60.596506417644505,0.2719344611720337,-0.015551266790088534,0.00015748,0.01560100373690174,0.00081957,1,0.0
7291,0.12888976157583532,0.001715726242781952,-1.54e-06,2.663793954946504,5.214432986554706,-17.517385152662794,1.0052136313683062,7.443773637816605,0.12067054082980143,-30.279643385514714,-1.1573229341274334,-96.79738933324691,0.6295741068180681,38.49912582847158,0.2719344611720337,-0.02771334576275537,0.00015748,0.02774675462214637,0.00081957,1,0.0
7292,4.212891149663056e-05,0.03504871328565287,-1.54e-06,2.663793954946504,5.214432986554706,92.90056133529511,1.0052136313683062,18.423860947513404,0.12067054082980143,-48.378480120632865,-1.1573229341274334,-44.6408445602187,0.6295741068180681,-19.303053654417628,0.2719344611720337,-0.01751690998583713,0.00015748,0.07173521816954279,0.00081957,1,0.0
7293,0.00010894565951860558,0.02857982638518102,-1.54e-06,2.663793954946504,5.214432986554706,39.97675311844424,1.0052136313683062,3.3224476476618077,0.12067054082980143,-6.532611653303676,-1.1573229341274334,56.9737873290794,0.6295741068180681,-20.18125043991256,0.2719344611720337,0.006941265344314371,0.00015748,0.04836926508018302,0.00081957,0,0.0
7294,6.043832835367358e-06,0.05454747528791211,-1.54e-06,2.663793954946504,5.214432986554706,76.2501986845362,1.0052136313683062,11.383703424336868,0.12067054082980143,-28.996096655353128,-1.1573229341274334,88.32605601922015,0.6295741068180681,-33.51428049942064,0.2719344611720337,0.0065812929139705476,0.00015748,0.09005129264257358,0.00081957,0,0.0
7295,0.000980243976553219,0.018478230877883466,-1.54e-06,2.663793954946504,5.214432986554706,61.25637250563512,1.0052136313683062,13.367932648567649,0.12067054082980143,-70.80543343645768,-1.1573229341274334,-42.198266584051446,0.6295741068180681,14.60328999596225,0.2719344611720337,-0.03399654251108114,0.00015748,0.06135735316542085,0.00081957,1,0.0
7296,0.08326504348997976,0.022719291123013324,-1.54e-06,2.663793954946504,5.214432986554706,-22.881032726694876,1.0052136313683062,12.191623929848097,0.12067054082980143,-0.34196272121049476,-1.1573229341274334,-49.757964703507014,0.6295741068180681,-1.5699415415975375,0.2719344611720337,-0.06660194275646217,0.00015748,0.06668599160337171,0.00081957,1,0.0
7297,0.06744648601532335,0.0027269064376560436,-1.54e-06,2.663793954946504,5.214432986554706,-57.012266173817345,1.0052136313683062,0.17272805790365528,0.12067054082980143,-5.766265056807228,-1.1573229341274334,39.595009304146565,0.6295741068180681,20.497367147728045,0.2719344611720337,-0.02598653055676237,0.00015748,0.02616515821071436,0.00081957,1,0.0
7298,0.15959227412011884,0.0014068184524500475,-1.54e-06,2.663793954946504,5.214432986554706,-34.514965280163246,1.0052136313683062,5.418452966986281,0.12067054082980143,-15.530078733887333,-1.1573229341274334,-98.57980657384685,0.6295741068180681,39.729424080841326,0.2719344611720337,-0.01693236942309428,0.00015748,0.016953462157593368,0.00081957,1,0.0
7299,0.00031859658178359784,0.0027300619958594598,-1.54e-06,2.663793954946504,5.214432986554706,-31.48659901374452,1.0052136313683062,8.193815371553821,0.12067054082980143,-80.2318518239607,-1.1573229341274334,77.87291293008691,0.6295741068180681,39.551079887621476,0.2719344611720337,-0.022056297150804614,0.00015748,0.02429135164702289,0.00081957,1,0.0
7300,0.7474755330435503,0.2403752094377625,-1.54e-06,2.5942354901041282,3.069515281003239,6.871549922405733,1.0052136313683062,15.054978781165747,0.12067054082980143,-84.09509268789115,-1.1573229341274334,-37.901837536748296,0.6295741068180681,70.19566197438957,0.2719344611720337,-0.32673671657227366,0.00015748,0.3269602247481487,0.00081957,1,0.0
7301,-0.3185379057131442,1.6045237412129252,-1.54e-06,2.5942354901041282,3.069515281003239,-16.997431107318707,1.0052136313683062,-0.6064203051415961,0.12067054082980143,-1e-20,-1.1573229341274334,97.26624907628744,0.6295741068180681,-30.130904585203833,0.2719344611720337,-0.24441933135621796,0.00015748,0.9663367419023141,0.00081957,1,0.0
7302,0.001207559842383299,0.12987433920471708,-1.54e-06,2.5942354901041282,3.069515281003239,38.806143891544686,1.0052136313683062,10.94850391318882,0.12067054082980143,-94.72842817735587,-1.1573229341274334,63.13335336609252,0.6295741068180681,28.346414961634082,0.2719344611720337,0.23597614404236517,0.00015748,0.2741737413555618,0.00081957,0,0.0
7303,0.17026009871651915,0.1087635670530328,-1.54e-06,2.5942354901041282,3.069515281003239,78.61723214876243,1.0052136313683062,9.447286627466339,0.12067054082980143,-0.05504700270979383,-1.1573229341274334,-75.9994151669189,0.6295741068180681,-23.051706685037857,0.2719344611720337,-0.21945324368299965,0.00015748,0.22322997473294867,0.00081957,1,0.0
7304,0.17719626209835515,0.033281197321880444,-1.54e-06,2.5942354901041282,3.069515281003239,-38.64385799653091,1.0052136313683062,4.191082891449122,0.12067054082980143,-73.04580092175738,-1.1573229341274334,48.71591427171817,0.6295741068180681,60.972456238284884,0.2719344611720337,-0.10228991903442941,0.00015748,0.10538328532368973,0.00081957,1,0.0
7305,0.6037214157737585,0.18304608539231268,-1.54e-06,2.5942354901041282,3.069515281003239,42.79269806598029,1.0052136313683062,11.84664775221914,0.12067054082980143,-34.25379638510656,-1.1573229341274334,-73.8682761929948,0.6295741068180681,26.24741411966228,0.2719344611720337,-0.27980295478907297,0.00015748,0.28117499014662,0.00081957,1,0.0
7306,0.15066718841362187,0.02251642225731315,-1.54e-06,2.5942354901041282,3.069515281003239,-48.05560593058227,1.0052136313683062,4.2895942182073235,0.12067054082980143,-79.03304629557891,-1.1573229341274334,60.27156430631679,0.6295741068180681,65.41072594872601,0.2719344611720337,-0.08024782385753167,0.00015748,0.08382237882213435,0.00081957,1,0.0
7307,0.711802001826504,1.2874697856578965,-1.54e-06,2.5942354901041282,3.069515281003239,77.21122221744126,1.0052136313683062,-0.6463069633705965,0.12067054082980143,-40.40332139672512,-1.1573229341274334,42.566584158351795,0.6295741068180681,17.500021312866092,0.2719344611720337,0.10988644451386986,0.00015748,1.3559537701274578,0.00081957,0,0.0
7308,0.17292975943373,0.3815640101351489,-1.54e-06,2.5942354901041282,3.069515281003239,86.11910654667668,1.0052136313683062,19.75572424561139,0.12067054082980143,-66.75846591037131,-1.1573229341274334,-49.875110653044466,0.6295741068180681,3.273646297639598,0.2719344611720337,-0.3640804992732801,0.00015748,0.4196458420047954,0.00081957,1,0.0
7309,0.30287177821290384,0.1729539765914489,-1.54e-06,2.5942354901041282,3.069515281003239,-0.052276560688724834,1.0052136313683062,6.723195420240153,0.12067054082980143,-80.29180836461936,-1.1573229341274334,33.1045074548344,0.6295741068180681,55.93619644127544,0.2719344611720337,-0.05930911444490167,0.00015748,0.27023434646357575,0.00081957,1,0.0
7310,0.0045737230465396905,0.05283972889766627,-1.54e-06,2.5942354901041282,3.069515281003239,15.041043557596371,1.0052136313683062,6.185159450828015,0.12067054082980143,-47.65468384031762,-1.1573229341274334,15.324049056320614,0.6295741068180681,19.260803600737354,0.2719344611720337,-0.09912304605398616,0.00015748,0.14194020777558336,0.00081957,1,0.0
7311,0.007903884071885248,0.1217242651540104,-1.54e-06,2.5942354901041282,3.069515281003239,100.0,1.0052136313683062,14.653026897220201,0.12067054082980143,-79.25994486450698,-1.1573229341274334,40.288242052429254,0.6295741068180681,-9.374511875870562,0.2719344611720337,0.34331310509249263,0.00015748,0.5305165409048569,0.00081957,0,0.0
7312,0.5428224979890105,0.21953653387386401,-1.54e-06,2.5942354901041282,3.069515281003239,53.00096029733034,1.0052136313683062,13.56271847894734,0.12067054082980143,-45.481874358619706,-1.1573229341274334,-70.07441830015442,0.6295741068180681,26.103986429393995,0.2719344611720337,-0.31982305857463106,0.00015748,0.32161318713115955,0.00081957,1,0.0
7313,1.1257791013201248,1.0687644796151323,-1.54e-06,2.5942354901041282,3.069515281003239,-69.49444277101036,1.0052136313683062,21.540925355165246,0.12067054082980143,-79.84373231684292,-1.1573229341274334,-44.80875100897988,0.6295741068180681,90.00747133994926,0.2719344611720337,-0.5915532633052226,0.00015748,0.5310612873046211,0.00081957,1,0.0
7314,0.3409499585169159,0.17077321806609863,-1.54e-06,2.5942354901041282,3.069515281003239,82.57411609489422,1.0052136313683062,11.543762128598175,0.12067054082980143,-12.092923311794474,-1.1573229341274334,-87.63557225359915,0.6295741068180681,-10.363879037314737,0.2719344611720337,-0.27192688782221824,0.00015748,0.28604691727435955,0.00081957,1,0.0
7315,0.0008429795382889349,0.16693069651639997,-1.54e-06,2.5942354901041282,3.069515281003239,41.21513656822281,1.0052136313683062,5.469630950480965,0.12067054082980143,-47.02113313206449,-1.1573229341274334,42.39108878097934,0.6295741068180681,2.9036467596237108,0.2719344611720337,0.1677551360137521,0.00015748,0.3765242368603573,0.00081957,0,0.0
7316,0.04014022997145417,0.07332337377765173,-1.54e-06,2.5942354901041282,3.069515281003239,30.365296037687855,1.0052136313683062,7.926575880197386,0.12067054082980143,-46.05849455521829,-1.1573229341274334,-3.606126514517432,0.6295741068180681,14.824952767004675,0.2719344611720337,-0.17785851530458288,0.00015748,0.18456721015623137,0.00081957,1,0.0
7317,0.7419790627973584,0.07987807055738033,-1.54e-06,2.5942354901041282,3.069515281003239,-60.54225802814232,1.0052136313683062,3.9332775629996837,0.12067054082980143,-36.97460718063493,-1.1573229341274334,-10.380899164579828,0.6295741068180681,68.90214709887249,0.2719344611720337,-0.0567830632942088,0.00015748,0.05757711155411006,0.00081957,1,0.0
7318,1.4342544178287921,1.856260222036825,-1.54e-06,2.5942354901041282,3.069515281003239,-21.267411116600222,1.0052136313683062,-5.984983574635182,0.12067054082980143,-7.221467248000496,-1.1573229341274334,-86.90973152712738,0.6295741068180681,92.61240555901185,0.2719344611720337,-0.6421069021143135,0.00015748,0.7399583079077612,0.00081957,1,0.0
7319,0.22314673428054188,0.06159555234817371,-1.54e-06,2.5942354901041282,3.069515281003239,-6.627577152128275,1.0052136313683062,8.427423823054987,0.12067054082980143,-68.77253165874811,-1.1573229341274334,16.168730955908618,0.6295741068180681,46.564432919088254,0.2719344611720337,-0.17074330864574605,0.00015748,0.1744045965238643,0.00081957,1,0.0
7320,0.3010539623737265,0.1897139835222326,-1.54e-06,2.5942354901041282,3.069515281003239,57.53668440499738,1.0052136313683062,13.428759585743945,0.12067054082980143,-63.517748749924756,-1.1573229341274334,-27.38170055203961,0.6295741068180681,22.182383937266444,0.2719344611720337,-0.16860833096660013,0.00015748,0.32322494489002984,0.00081957,1,0.0
7321,0.010974077431287532,0.022160664549600435,-1.54e-06,2.5942354901041282,3.069515281003239,-44.087473872155456,1.0052136313683062,-3.2077301372511333,0.12067054082980143,-18.395645911571055,-1.1573229341274334,42.71586061681565,0.6295741068180681,27.68356311354497,0.2719344611720337,-0.07676553413138863,0.00015748,0.08155631611121832,0.00081957,1,0.0
7322,0.0390444468301927,0.055171210644356664,-1.54e-06,2.5942354901041282,3.069515281003239,37.114684376200955,1.0052136313683062,6.625476090496406,0.12067054082980143,-28.296065193667523,-1.1573229341274334,-17.196575141701054,0.6295741068180681,3.247972448980327,0.2719344611720337,-0.15794837728194744,0.00015748,0.1616787975198566,0.00081957,1,0.0
7323,0.08422476042244131,0.9341134698786802,-1.54e-06,2.5942354901041282,3.069515281003239,38.58065938937402,1.0052136313683062,23.176217470290748,0.12067054082980143,-77.1607269362528,-1.1573229341274334,-17.141737148128225,0.6295741068180681,9.363180349541269,0.2719344611720337,-0.5584251597399567,0.00015748,0.5723239610727019,0.00081957,1,0.0
7324,0.8448196191121741,0.18499882250927097,-1.54e-06,2.5942354901041282,3.069515281003239,-7.668764872233502,1.0052136313683062,11.910281075471495,0.12067054082980143,-58.59074981659405,-1.1573229341274334,-49.270039437026504,0.6295741068180681,65.39442766089105,0.2719344611720337,-0.24978860249730883,0.00015748,0.24983184462011532,0.00081957,1,0.0
7325,0.6716818186509689,0.5197468366689533,-1.54e-06,2.5942354901041282,3.069515281003239,83.57973481428397,1.0052136313683062,9.620706396537548,0.12067054082980143,-86.18226320885198,-1.1573229341274334,39.165278005530794,0.6295741068180681,32.79468009429556,0.2719344611720337,0.30295383124176845,0.00015748,0.9701588094496428,0.00081957,0,0.0
7326,0.6798105615091654,0.08273269630932732,-1.54e-06,2.5942354901041282,3.069515281003239,-16.906625676175132,1.0052136313683062,4.750744867280163,0.12067054082980143,-11.688946681263086,-1.1573229341274334,-48.57577686588213,0.6295741068180681,38.030005975063474,0.2719344611720337,-0.09451816024396362,0.00015748,0.09477404204056658,0.00081957,1,0.0
7327,-0.008514924930494105,0.749984903942929,-1.54e-06,2.5942354901041282,3.069515281003239,85.77279445776064,1.0052136313683062,11.867636418912024,0.12067054082980143,-18.790018056431748,-1.1573229341274334,30.95459571859621,0.6295741068180681,-50.922459148015044,0.2719344611720337,0.044790042772393956,0.00015748,1.0273881053749743,0.00081957,0,0.0
7328,0.04662098144402735,0.008698770794835182,-1.54e-06,2.5942354901041282,3.069515281003239,-15.873928013225456,1.0052136313683062,2.569598873219206,0.12067054082980143,-38.38057649734148,-1.1573229341274334,26.20158503416762,0.6295741068180681,28.17331572700075,0.2719344611720337,-0.055525278855121055,0.00015748,0.055212334785596576,0.00081957,1,0.0
7329,0.47408137002007056,0.16572461325973095,-1.54e-06,2.5942354901041282,3.069515281003239,21.42329190598455,1.0052136313683062,12.821101909786394,0.12067054082980143,-68.520890105975,-1.1573229341274334,-29.12248560666756,0.6295741068180681,46.15049521264711,0.2719344611720337,-0.27857725096637864,0.00015748,0.2833801099865929,0.00081957,1,0.0
7330,0.000704030552085011,0.1162002743023247,-1.54e-06,2.5942354901041282,3.069515281003239,63.88706928180848,1.0052136313683062,8.242518028853379,0.12067054082980143,-36.230315302035244,-1.1573229341274334,-2.9651772951417774,0.6295741068180681,-8.083544329733312,0.2719344611720337,0.07719826264216437,0.00015748,0.219378782254788,0.00081957,0,0.0
7331,0.001274273696127981,0.04367990445014882,-1.54e-06,2.5942354901041282,3.069515281003239,-46.51269678477673,1.0052136313683062,5.841163493654798,0.12067054082980143,-95.65735522796682,-1.1573229341274334,83.69714362991859,0.6295741068180681,65.45870301529324,0.2719344611720337,-0.06024063783682233,0.00015748,0.10329310435211604,0.00081957,1,0.0
7332,0.17087248376228203,0.23821503534616817,-1.54e-06,2.5942354901041282,3.069515281003239,73.47431686847919,1.0052136313683062,9.013613622693208,0.12067054082980143,-100.0,-1.1573229341274334,89.46756790464896,0.6295741068180681,22.145697320034433,0.2719344611720337,0.3047686443949995,0.00015748,0.8651226782883266,0.00081957,0,0.0
7333,0.0010108019145314007,0.1302399854207971,-1.54e-06,2.5942354901041282,3.069515281003239,34.95760619385454,1.0052136313683062,11.325621899486165,0.12067054082980143,-92.14740935954768,-1.1573229341274334,54.00076742123588,0.6295741068180681,29.168023785933745,0.2719344611720337,0.13000200921822366,0.00015748,0.2700876476160128,0.00081957,0,0.0
7334,0.7811087616090611,0.32426586687905995,-1.54e-06,2.5942354901041282,3.069515281003239,20.83856215585903,1.0052136313683062,7.971936817924962,0.12067054082980143,-46.20966640640195,-1.1573229341274334,-54.284223881883825,0.6295741068180681,53.11053976735109,0.2719344611720337,-0.2530783827559692,0.00015748,0.34481356461297724,0.00081957,1,0.0
7335,0.37503804714776046,0.11431963557848498,-1.54e-06,2.5942354901041282,3.069515281003239,-13.24283453409424,1.0052136313683062,11.271631402709751,0.12067054082980143,-93.39187162508709,-1.1573229341274334,18.699741849646394,0.6295741068180681,68.0390041499463,0.2719344611720337,-0.2307114639684667,0.00015748,0.23723570237495856,0.00081957,1,0.0
7336,0.9075143485407497,0.1839666566305152,-1.54e-06,2.5942354901041282,3.069515281003239,-67.59180288225751,1.0052136313683062,8.884326280167222,0.12067054082980143,-50.307608010027835,-1.1573229341274334,-19.892859074366942,0.6295741068180681,79.09973373087655,0.2719344611720337,-0.1819260293286262,0.00015748,0.18509046197973353,0.00081957,1,0.0
7337,0.404927301598368,0.7390944789374415,-1.54e-06,2.5942354901041282,3.069515281003239,-28.31445902089229,1.0052136313683062,-8.833928237645408,0.12067054082980143,-12.46319969951648,-1.1573229341274334,20.55225307077788,0.6295741068180681,47.17069986625187,0.2719344611720337,-0.3419770624968192,0.00015748,0.5278620352503927,0.00081957,1,0.0
7338,0.27749063116683914,0.010126786722602452,-1.54e-06,2.5942354901041282,3.069515281003239,-68.86563292419322,1.0052136313683062,3.888496911459977,0.12067054082980143,-76.9002477009869,-1.1573229341274334,60.52074969196529,0.6295741068180681,75.07839221048049,0.2719344611720337,-0.05379984443973904,0.00015748,0.05395299625342879,0.00081957,1,0.0
7339,0.3094592688256055,0.12551201134408324,-1.54e-06,2.5942354901041282,3.069515281003239,-7.8176530257548755,1.0052136313683062,12.674519482506486,0.12067054082980143,-87.65866389874428,-1.1573229341274334,14.733201101102418,0.6295741068180681,56.94436504379042,0.2719344611720337,-0.2420979649751798,0.00015748,0.24608542820920512,0.00081957,1,0.0
7340,0.6911113015821388,0.06758083030577754,-1.54e-06,2.5942354901041282,3.069515281003239,-62.72166732973192,1.0052136313683062,5.8007100558409865,0.12067054082980143,-60.111394770830294,-1.1573229341274334,7.207135367508592,0.6295741068180681,79.87089445856498,0.2719344611720337,-0.09561066720687132,0.00015748,0.09487944695224208,0.00081957,1,0.0
7341,0.00256757567508914,0.263811574917413,-1.54e-06,2.5942354901041282,3.069515281003239,98.55791758208869,1.0052136313683062,8.485860546739254,0.12067054082980143,-44.080787674733884,-1.1573229341274334,54.241847798308854,0.6295741068180681,-30.817244502713603,0.2719344611720337,0.26017256255635723,0.00015748,0.9229268094669588,0.00081957,0,0.0
7342,1.0577703475441378,0.2186845444917333,-1.54e-06,2.5942354901041282,3.069515281003239,-10.305545199548622,1.0052136313683062,8.473248125158822,0.12067054082980143,-16.25531659655804,-1.1573229341274334,-88.08157241092401,0.6295741068180681,52.891882318030085,0.2719344611720337,-0.1833052725244399,0.00015748,0.18270428160603075,0.00081957,1,0.0
7343,0.2872699036449692,0.062149689471201655,-1.54e-06,2.5942354901041282,3.069515281003239,-25.643948415798544,1.0052136313683062,8.7465497048766,0.12067054082980143,-85.09301877358511,-1.1573229341274334,31.712381378600128,0.6295741068180681,64.59559994414285,0.2719344611720337,-0.17422951384968188,0.00015748,0.1745535163666656,0.00081957,1,0.0
7344,0.24622047413888126,0.13469980504498516,-1.54e-06,2.5942354901041282,3.069515281003239,-99.65899904612596,1.0052136313683062,-5.891462672809772,0.12067054082980143,-50.82704921885215,-1.1573229341274334,80.94315122070525,0.6295741068180681,78.39769839591631,0.2719344611720337,-0.1731548186026771,0.00015748,0.1776954692664495,0.00081957,1,0.0
7345,0.8729957676169948,0.3563074294446088,-1.54e-06,2.5942354901041282,3.069515281003239,24.627344811827943,1.0052136313683062,15.601165752775394,0.12067054082980143,-86.95987072749331,-1.1573229341274334,-50.083701549629914,0.6295741068180681,72.22030620277123,0.2719344611720337,-0.3048711747304638,0.00015748,0.40099228235890677,0.00081957,1,0.0
7346,0.35119308097678936,0.027182705802688514,-1.54e-06,2.5942354901041282,3.069515281003239,-51.18655135947178,1.0052136313683062,5.721229349705383,0.12067054082980143,-76.37865306831324,-1.1573229341274334,40.47116551971006,0.6295741068180681,71.92738193247253,0.2719344611720337,-0.10207400219586912,0.00015748,0.10202616197507916,0.00081957,1,0.0
7347,0.44963530290868065,0.31533368489848007,-1.54e-06,2.5942354901041282,3.069515281003239,60.83774547301055,1.0052136313683062,4.550571698262221,0.12067054082980143,-16.610811579744286,-1.1573229341274334,-46.89872369195826,0.6295741068180681,8.8596283758237,0.2719344611720337,-0.10071875918933057,0.00015748,0.3879772263307625,0.00081957,1,0.0
7348,1.152716306264432,0.25227419099963155,-1.54e-06,2.5942354901041282,3.069515281003239,-28.3045805751245,1.0052136313683062,10.766999490311784,0.12067054082980143,-46.15143117987686,-1.1573229341274334,-69.81780483286548,0.6295741068180681,78.3384087327228,0.2719344611720337,-0.22032755925232042,0.00015748,0.22056884066548757,0.00081957,1,0.0
7349,0.009232520173787132,0.01026490898063024,-1.54e-06,2.5942354901041282,3.069515281003239,-70.23861829633407,1.0052136313683062,-0.7279904208953042,0.12067054082980143,-54.26839794494135,-1.1573229341274334,77.15032901526291,0.6295741068180681,53.656034353942246,0.2719344611720337,-0.05449371174910369,0.00015748,0.05474237720649116,0.00081957,1,0.0
7350,-0.031713464285976434,1.208147404594965,-1.54e-06,2.5942354901041282,3.069515281003239,73.40700966925651,1.0052136313683062,5.450549075646762,0.12067054082980143,-7.821919507087119,-1.1573229341274334,84.51569514849555,0.6295741068180681,-57.97765575257203,0.2719344611720337,0.031005071348473523,0.00015748,1.5369037346992862,0.00081957,0,0.0
7351,0.8939392761661707,0.4871322509325756,-1.54e-06,2.5942354901041282,3.069515281003239,38.410932355044764,1.0052136313683062,11.36471860907535,0.12067054082980143,-85.31446790491472,-1.1573229341274334,-12.35334603652461,0.6295741068180681,65.18334132347938,0.2719344611720337,0.06936349422611865,0.00015748,0.5307070192647457,0.00081957,0,0.0
7352,0.8514663174915578,0.17350037800922402,-1.54e-06,2.5942354901041282,3.069515281003239,-19.499602686914226,1.0052136313683062,9.04026906406221,0.12067054082980143,-19.954740670894846,-1.1573229341274334,-63.7167461059917,0.6295741068180681,45.41622021168307,0.2719344611720337,-0.1772311408086424,0.00015748,0.17615504947528302,0.00081957,1,0.0
7353,0.6011131828532721,1.3267790749511899,-1.54e-06,2.5942354901041282,3.069515281003239,11.430331097410388,1.0052136313683062,22.530049000509806,0.12067054082980143,-32.3428133608256,-1.1573229341274334,-74.51400091890756,0.6295741068180681,10.249243485206133,0.2719344611720337,-0.6448806134716556,0.00015748,0.6530322296306872,0.00081957,1,0.0
7354,1.0840843348400724,1.7623625393041848,-1.54e-06,2.5942354901041282,3.069515281003239,-1.6865502606469387,1.0052136313683062,-4.428506400673542,0.12067054082980143,-49.32192138375182,-1.1573229341274334,18.638540760183616,0.6295741068180681,79.74330423589778,0.2719344611720337,-0.19387387209539675,0.00015748,1.0458546449134136,0.00081957,1,0.0
7355,0.035874796004414344,0.04176988784348379,-1.54e-06,2.5942354901041282,3.069515281003239,-9.718429878997231,1.0052136313683062,6.847020816055939,0.12067054082980143,-66.53206278117793,-1.1573229341274334,34.93086637214682,0.6295741068180681,38.77079334474155,0.2719344611720337,-0.1334236076805483,0.00015748,0.13422817913642174,0.00081957,1,0.0
7356,0.8941623796241915,0.19459512590040245,-1.54e-06,2.5942354901041282,3.069515281003239,-38.14223025873608,1.0052136313683062,6.966785945010366,0.12067054082980143,-8.862410791586763,-1.1573229341274334,-60.03286687838027,0.6295741068180681,46.80219612331205,0.2719344611720337,-0.1556244639957376,0.00015748,0.15814897647917858,0.00081957,1,0.0
7357,0.0024062092381039735,0.2716584908123343,-1.54e-06,2.5942354901041282,3.069515281003239,73.84206087120063,1.0052136313683062,6.152918029000825,0.12067054082980143,-72.10409958245268,-1.1573229341274334,91.51399836615393,0.6295741068180681,-1.8994731049271685,0.2719344611720337,0.24933997290676518,0.00015748,0.9381899797716116,0.00081957,0,0.0
7358,6.676450065773443e-05,0.01885282711679634,-1.54e-06,2.5942354901041282,3.069515281003239,36.2944153852287,1.0052136313683062,3.1963928091574685,0.12067054082980143,-0.773788828323609,-1.1573229341274334,-25.807530762094807,0.6295741068180681,-12.042438180350942,0.2719344611720337,-0.09057418457434871,0.00015748,0.09333616181519791,0.00081957,1,0.0
7359,1.3209344287902292,1.0742169655224347,-1.54e-06,2.5942354901041282,3.069515281003239,-4.304452711813229,1.0052136313683062,0.1940935660686529,0.12067054082980143,-16.27117060886063,-1.1573229341274334,-89.95203160580864,0.6295741068180681,78.08230806018138,0.2719344611720337,-0.44054014159186616,0.00015748,0.5597614311890513,0.00081957,1,0.0
7360,0.003640049377477972,0.7801653827106905,-1.54e-06,2.5942354901041282,3.069515281003239,41.755465242710464,1.0052136313683062,14.488275538067636,0.12067054082980143,-62.53399740615883,-1.1573229341274334,68.64144471826492,0.6295741068180681,-12.323127074158204,0.2719344611720337,-0.032081052261116905,0.00015748,0.966865516815122,0.00081957,1,0.0
7361,0.0012968792239094473,0.028541704132867,-1.54e-06,2.5942354901041282,3.069515281003239,-76.57092600049235,1.0052136313683062,-2.4460724198088153,0.12067054082980143,-46.40153933168607,-1.1573229341274334,80.28350679860682,0.6295741068180681,51.615975757694585,0.2719344611720337,-0.08698896660554631,0.00015748,0.0999333093018793,0.00081957,1,0.0
7362,0.29236327165375475,0.13452673173341034,-1.54e-06,2.5942354901041282,3.069515281003239,-11.543896357462389,1.0052136313683062,6.839519227528683,0.12067054082980143,-83.47303155400526,-1.1573229341274334,37.1735352615651,0.6295741068180681,61.157591892784595,0.2719344611720337,-0.08316132810145019,0.00015748,0.2282489114810247,0.00081957,1,0.0
7363,0.0013842903751579705,1.454959207392167,-1.54e-06,2.5942354901041282,3.069515281003239,73.84735453788056,1.0052136313683062,27.663169274841056,0.12067054082980143,-76.10414362513265,-1.1573229341274334,-21.346126633675954,0.6295741068180681,-15.750182249062135,0.2719344611720337,-0.5523443121203575,0.00015748,0.7807616830793178,0.00081957,1,0.0
7364,0.0005612624277557821,0.14983288388783578,-1.54e-06,2.5942354901041282,3.069515281003239,36.733582842037386,1.0052136313683062,6.795368880040043,0.12067054082980143,-56.139229049674526,-1.1573229341274334,46.04690958233192,0.6295741068180681,8.610060586667611,0.2719344611720337,0.18137098525725726,0.00015748,0.32965014523664127,0.00081957,0,0.0
7365,0.24620955023870505,0.12226030425997164,-1.54e-06,2.5942354901041282,3.069515281003239,5.937335102730082,1.0052136313683062,11.460110045433227,0.12067054082980143,-85.60380793250063,-1.1573229341274334,13.308787124451962,0.6295741068180681,51.82214938795613,0.2719344611720337,-0.23700678350400695,0.00015748,0.24628040920752248,0.00081957,1,0.0
7366,0.001496085572586292,0.9020501364044891,-1.54e-06,2.5942354901041282,3.069515281003239,29.89138448272004,1.0052136313683062,18.23981006280869,0.12067054082980143,-80.86683837489205,-1.1573229341274334,63.42977024486314,0.6295741068180681,1.2917324348727224,0.2719344611720337,-0.15710130536599232,0.00015748,0.8727452779153507,0.00081957,1,0.0
7367,0.0012156167755796865,0.193563274124115,-1.54e-06,2.5942354901041282,3.069515281003239,97.17976292485712,1.0052136313683062,9.54308037663315,0.12067054082980143,-63.43015710798728,-1.1573229341274334,67.26217172407142,0.6295741068180681,-18.997451875675125,0.2719344611720337,0.3004809420543591,0.00015748,0.8961685304377169,0.00081957,0,0.0
7368,-0.1366985447425481,1.343161944255633,-1.54e-06,2.5942354901041282,3.069515281003239,86.46785955801451,1.0052136313683062,4.104385495409553,0.12067054082980143,-6.396659696298343,-1.1573229341274334,95.02142587680879,0.6295741068180681,-66.64360394401373,0.2719344611720337,0.05693209957446754,0.00015748,1.6055885242427512,0.00081957,0,0.0
7369,-0.15131684160000347,2.051407772374457,-1.54e-06,2.5942354901041282,3.069515281003239,99.69603257959793,1.0052136313683062,25.78273967144717,0.12067054082980143,-64.76269821841211,-1.1573229341274334,32.86148882096607,0.6295741068180681,-51.14726976993761,0.2719344611720337,-0.25465711247309175,0.00015748,1.220320710411126,0.00081957,1,0.0
7370,0.00024806958160311643,0.07895436307623174,-1.54e-06,2.5942354901041282,3.069515281003239,8.384181413681707,1.0052136313683062,4.134664619791033,0.12067054082980143,-38.21912776424307,-1.1573229341274334,29.100495239408232,0.6295741068180681,13.594699645127514,0.2719344611720337,0.07784936951188737,0.00015748,0.1146202975315665,0.00081957,0,0.0
7371,0.6202308314176648,0.2954429532073747,-1.54e-06,2.5942354901041282,3.069515281003239,32.49760040929349,1.0052136313683062,6.989973761484641,0.12067054082980143,-42.54135933215454,-1.1573229341274334,-37.75234402254409,0.6295741068180681,38.71976097515016,0.2719344611720337,-0.13085409307230644,0.00015748,0.3483774917292669,0.00081957,1,0.0
7372,0.7060898872474828,0.20508042780054186,-1.54e-06,2.5942354901041282,3.069515281003239,35.07185552294631,1.0052136313683062,12.971226593587058,0.12067054082980143,-38.07483314341604,-1.1573229341274334,-77.58047923758906,0.6295741068180681,33.64773285126135,0.2719344611720337,-0.2864146263685749,0.00015748,0.28708657158082124,0.00081957,1,0.0
7373,0.0008153493058928873,0.09724804844590688,-1.54e-06,2.5942354901041282,3.069515281003239,86.59389755457767,1.0052136313683062,7.655870150760498,0.12067054082980143,-0.1930772328885158,-1.1573229341274334,-59.335520316522945,0.6295741068180681,-30.975090139706833,0.2719344611720337,-0.16474731397763548,0.00015748,0.21328008315625563,0.00081957,1,0.0
7374,0.014378072280930687,0.5139788200288689,-1.54e-06,2.5942354901041282,3.069515281003239,28.197968254524472,1.0052136313683062,-3.449121873972519,0.12067054082980143,-27.598701674313688,-1.1573229341274334,67.60107061175171,0.6295741068180681,3.741217068667022,0.2719344611720337,-3.989774445467553e-05,0.00015748,0.7437684225904768,0.00081957,1,0.0
7375,0.6942914188892902,0.12664332111794663,-1.54e-06,2.5942354901041282,3.069515281003239,-24.261106003002894,1.0052136313683062,10.38046672475789,0.12067054082980143,-73.22681373865419,-1.1573229341274334,-14.42848070711679,0.6295741068180681,73.94084719733993,0.2719344611720337,-0.21605177811666137,0.00015748,0.2168500001820391,0.00081957,1,0.0
7376,0.0008137170163795421,0.11569896895152154,-1.54e-06,2.5942354901041282,3.069515281003239,-9.595286593549458,1.0052136313683062,-1.1627716863059698,0.12067054082980143,-17.23236887081945,-1.1573229341274334,35.86157522906574,0.6295741068180681,11.296649171204958,0.2719344611720337,-0.007000082567676258,0.00015748,0.21382534131244746,0.00081957,1,0.0
7377,0.29568211128188304,0.1428020669413852,-1.54e-06,2.5942354901041282,3.069515281003239,20.102045007207206,1.0052136313683062,11.987724038481486,0.12067054082980143,-75.58881475275095,-1.1573229341274334,-7.2767432002659085,0.6295741068180681,43.8179476495652,0.2719344611720337,-0.26540434989124245,0.00015748,0.26719308826192917,0.00081957,1,0.0
7378,0.8599621238204368,0.12584495532542117,-1.54e-06,2.5942354901041282,3.069515281003239,-85.45278438422113,1.0052136313683062,0.51410190017542,0.12067054082980143,-22.837670770200884,-1.1573229341274334,-9.547773253307984,0.6295741068180681,75.7752249341495,0.2719344611720337,-0.02088163640616075,0.00015748,0.02088141051460744,0.00081957,1,0.0
7379,0.00037793933746266273,0.19090191962482816,-1.54e-06,2.5942354901041282,3.069515281003239,19.80785155254004,1.0052136313683062,7.044783198582384,0.12067054082980143,-34.0554997597177,-1.1573229341274334,25.353367443031214,0.6295741068180681,-0.09603232855562423,0.2719344611720337,-0.0009512948619229133,0.00015748,0.323229946122105,0.00081957,1,0.0
7380,0.6252346981635248,0.39619361758924965,-1.54e-06,2.5942354901041282,3.069515281003239,24.229551955285444,1.0052136313683062,18.76001417097488,0.12067054082980143,-60.523339804466275,-1.1573229341274334,-58.91041562127368,0.6295741068180681,36.58002160855273,0.2719344611720337,-0.3810448810584313,0.00015748,0.38861379013011016,0.00081957,1,0.0
7381,0.32579399849141344,0.14418534621436294,-1.54e-06,2.5942354901041282,3.069515281003239,10.184232929100459,1.0052136313683062,12.199758084108748,0.12067054082980143,-84.8812477636851,-1.1573229341274334,1.798852231180173,0.6295741068180681,53.452082700342245,0.2719344611720337,-0.2652462068180693,0.00015748,0.26829850757908524,0.00081957,1,0.0
7382,0.6116241122202432,0.06532345259287468,-1.54e-06,2.5942354901041282,3.069515281003239,-51.21588385353951,1.0052136313683062,7.502058210213328,0.12067054082980143,-72.65892834563476,-1.1573229341274334,12.811323432702986,0.6295741068180681,79.4793682088058,0.2719344611720337,-0.13607698764786577,0.00015748,0.13672283354869338,0.00081957,1,0.0
7383,0.05596198417442183,0.15996152107796663,-1.54e-06,2.5942354901041282,3.069515281003239,51.10627401545189,1.0052136313683062,5.379893421598253,0.12067054082980143,-42.19879931273617,-1.1573229341274334,12.804027117558794,0.6295741068180681,5.506088460222304,0.2719344611720337,0.054822757922488724,0.00015748,0.2929886062900803,0.00081957,0,0.0
7384,0.0730131376426511,0.015897722250790683,-1.54e-06,2.5942354901041282,3.069515281003239,-34.628472395370686,1.0052136313683062,4.704599103700384,0.12067054082980143,-63.64197534357516,-1.1573229341274334,47.86637770394404,0.6295741068180681,47.16407446554902,0.2719344611720337,-0.08186625512315457,0.00015748,0.08131738566134103,0.00081957,1,0.0
7385,-0.12219200988791545,1.3771840950303424,-1.54e-06,2.5942354901041282,3.069515281003239,94.93695303861267,1.0052136313683062,15.269955904860455,0.12067054082980143,-1e-20,-1.1573229341274334,-4.644168046502728,0.6295741068180681,-71.91900411343521,0.2719344611720337,-0.16507218224348813,0.00015748,0.9726727152723806,0.00081957,1,0.0
7386,0.3174787713550243,0.0280663334013542,-1.54e-06,2.5942354901041282,3.069515281003239,-66.22623766090902,1.0052136313683062,-1.3774227766497038,0.12067054082980143,-21.269555203829633,-1.1573229341274334,27.81799228628459,0.6295741068180681,46.41697911423538,0.2719344611720337,-0.0688026734304432,0.00015748,0.06926071516225725,0.00081957,1,0.0
7387,0.002094483498528532,0.41319439934024954,-1.54e-06,2.5942354901041282,3.069515281003239,36.77523359160735,1.0052136313683062,2.875469476705701,0.12067054082980143,-46.50210210705895,-1.1573229341274334,88.43948465748157,0.6295741068180681,-3.571507894851523,0.2719344611720337,0.12496602921362249,0.00015748,0.900626892119867,0.00081957,0,0.0
7388,0.6020554859431213,0.13339445748761594,-1.54e-06,2.5942354901041282,3.069515281003239,34.39927292523065,1.0052136313683062,9.662377676036899,0.12067054082980143,-9.753120643742557,-1.1573229341274334,-81.57497341163028,0.6295741068180681,14.170947865817604,0.2719344611720337,-0.2094392615009816,0.00015748,0.2077908239355414,0.00081957,1,0.0
7389,0.06497732759216146,0.518010615943909,-1.54e-06,2.5942354901041282,3.069515281003239,-42.25860151844614,1.0052136313683062,6.125760530736369,0.12067054082980143,-7.233782039477463,-1.1573229341274334,12.480017365610061,0.6295741068180681,5.0056767024672695,0.2719344611720337,-0.4192632966027384,0.00015748,0.41004484810649366,0.00081957,1,0.0
7390,0.1609465699959685,0.2570671860698963,-1.54e-06,2.5942354901041282,3.069515281003239,-86.49921497257647,1.0052136313683062,4.186260109299162,0.12067054082980143,-46.347725571309674,-1.1573229341274334,59.691326533756865,0.6295741068180681,49.67914641944656,0.2719344611720337,-0.3136993395807264,0.00015748,0.31070455411584585,0.00081957,1,0.0
7391,-0.0008651121641764514,0.20634597004351152,-1.54e-06,2.5942354901041282,3.069515281003239,-26.59775379899272,1.0052136313683062,-0.6034013820932022,0.12067054082980143,-41.55405643268709,-1.1573229341274334,74.75792212082995,0.6295741068180681,26.653187308526107,0.2719344611720337,0.0010436288633338675,0.00015748,0.3734649000193976,0.00081957,0,0.0
7392,0.6003454802917447,0.050456292450288875,-1.54e-06,2.5942354901041282,3.069515281003239,-56.52718937889039,1.0052136313683062,4.395508157401408,0.12067054082980143,-47.98845614314925,-1.1573229341274334,5.707205486730218,0.6295741068180681,67.9181228292748,0.2719344611720337,-0.06951243947023873,0.00015748,0.0683414322134804,0.00081957,1,0.0
7393,0.3337237470854,0.23230159262126596,-1.54e-06,2.5942354901041282,3.069515281003239,71.07420659068462,1.0052136313683062,15.112273430458865,0.12067054082980143,-37.33773359607327,-1.1573229341274334,-70.99439488542279,0.6295741068180681,3.2326843569617703,0.2719344611720337,-0.3252057837787265,0.00015748,0.324331458062248,0.00081957,1,0.0
7394,-0.005724562813492521,0.5533295869116049,-1.54e-06,2.5942354901041282,3.069515281003239,25.962274249695447,1.0052136313683062,-0.022046900012777787,0.12067054082980143,-26.23782124665031,-1.1573229341274334,85.02338189344151,0.6295741068180681,-10.64350935610321,0.2719344611720337,0.05299094846185376,0.00015748,0.9492488517970192,0.00081957,0,0.0
7395,0.016739221584338368,0.49884943219462463,-1.54e-06,2.5942354901041282,3.069515281003239,34.985194291970245,1.0052136313683062,-0.804875030142979,0.12067054082980143,-53.33724853370088,-1.1573229341274334,91.57010344853103,0.6295741068180681,11.575742148460003,0.2719344611720337,0.07725607461855777,0.00015748,0.8568146221047577,0.00081957,0,0.0
7396,0.45836524970398185,0.9265354953556931,-1.54e-06,2.5942354901041282,3.069515281003239,27.84782556358371,1.0052136313683062,19.68464073099608,0.12067054082980143,-23.170874750390805,-1.1573229341274334,-73.38361340141068,0.6295741068180681,-1.348400761349239,0.2719344611720337,-0.5411189404829273,0.00015748,0.5451566093452678,0.00081957,1,0.0
7397,0.625219924142034,0.32699972614071077,-1.54e-06,2.5942354901041282,3.069515281003239,5.656132330162482,1.0052136313683062,5.63938701596339,0.12067054082980143,-59.426403294903764,-1.1573229341274334,-14.751342370083188,0.6295741068180681,60.219395660546134,0.2719344611720337,-0.20413211057575048,0.00015748,0.35287549445818217,0.00081957,1,0.0
7398,0.55341741249037,0.5069646204357103,-1.54e-06,2.5942354901041282,3.069515281003239,-88.05103277731354,1.0052136313683062,-10.076658777271922,0.12067054082980143,-19.135461452697953,-1.1573229341274334,35.54994617305752,0.6295741068180681,76.89370912028171,0.2719344611720337,-0.34389990762330175,0.00015748,0.36470839364465485,0.00081957,1,0.0
7399,0.8885297548978943,0.16269189047917915,-1.54e-06,2.5942354901041282,3.069515281003239,-57.19440711325581,1.0052136313683062,3.06449181716072,0.12067054082980143,-0.12702092779511803,-1.1573229341274334,-47.840699017629525,0.6295741068180681,51.02852961978399,0.2719344611720337,-0.09063677786744899,0.00015748,0.09002146074868216,0.00081957,1,0.0
7400,-4.7330324922378875e-06,0.025126931693767597,-1.54e-06,1.763610302617491,3.7567800062813674,-15.688092752712091,1.0052136313683062,6.871736347897577,0.12067054082980143,-52.683039463242565,-1.1573229341274334,45.91373877340939,0.6295741068180681,25.513796851353018,0.2719344611720337,-0.050728324696058105,0.00015748,0.08112556878269388,0.00081957,1,0.0
7401,0.4571533624827575,0.1438541515225557,-1.54e-06,1.763610302617491,3.7567800062813674,100.0,1.0052136313683062,29.574074419484464,0.12067054082980143,-72.86690892830494,-1.1573229341274334,-7.822712503755568,0.6295741068180681,-6.626284120822972,0.2719344611720337,0.40835683948073853,0.00015748,0.6437608563396099,0.00081957,0,0.0
7402,0.6985481704740768,0.419617827044966,-1.54e-06,1.763610302617491,3.7567800062813674,21.416709940990177,1.0052136313683062,6.542735220236123,0.12067054082980143,-30.9001366975106,-1.1573229341274334,-28.98270026457917,0.6295741068180681,35.60792902695235,0.2719344611720337,0.13840165468468754,0.00015748,0.5309802076578919,0.00081957,0,0.0
7403,0.0004904534255616433,0.14112256383317473,-1.54e-06,1.763610302617491,3.7567800062813674,78.24641523656499,1.0052136313683062,15.22993315565074,0.12067054082980143,-43.24379513722773,-1.1573229341274334,40.425884074175784,0.6295741068180681,-26.527994128474727,0.2719344611720337,0.2818940579061343,0.00015748,0.363708470262732,0.00081957,0,0.0
7404,6.023620454392864e-05,0.1085104773966762,-1.54e-06,1.763610302617491,3.7567800062813674,34.96358513340744,1.0052136313683062,8.194623730653433,0.12067054082980143,-23.091495684618604,-1.1573229341274334,17.49098627700604,0.6295741068180681,-10.851794952892046,0.2719344611720337,0.11650050649387823,0.00015748,0.1705141350399627,0.00081957,0,0.0
7405,0.35739049809220735,0.11411552441556377,-1.54e-06,1.763610302617491,3.7567800062813674,100.0,1.0052136313683062,29.385393697305155,0.12067054082980143,-87.58992072062784,-1.1573229341274334,23.410093882246905,0.6295741068180681,-5.63106219764348,0.2719344611720337,0.40555777822037503,0.00015748,0.6509138027267112,0.00081957,0,0.0
7406,0.5892748309835949,0.03528059290928928,-1.54e-06,1.763610302617491,3.7567800062813674,-80.61701515885015,1.0052136313683062,8.06350238934889,0.12067054082980143,-72.07686732165446,-1.1573229341274334,9.157891316583056,0.6295741068180681,90.69735667254267,0.2719344611720337,-0.06287763970096287,0.00015748,0.06270161399118183,0.00081957,1,0.0
7407,0.25422236833602263,0.1850693787351843,-1.54e-06,1.763610302617491,3.7567800062813674,-39.37320652328017,1.0052136313683062,14.347639790321054,0.12067054082980143,-43.54133535172729,-1.1573229341274334,17.565506856966447,0.6295741068180681,33.82403329460837,0.2719344611720337,-0.2334768673830066,0.00015748,0.2389701943242894,0.00081957,1,0.0
7408,0.6796308152063726,0.05093098461360363,-1.54e-06,1.763610302617491,3.7567800062813674,-61.65309936426155,1.0052136313683062,7.8445781155303695,0.12067054082980143,-35.63624256506378,-1.1573229341274334,-62.021610474673395,0.6295741068180681,74.89085512325771,0.2719344611720337,-0.07844187901255256,0.00015748,0.07821765042209014,0.00081957,1,0.0
7409,0.20472922722749554,0.007467980831734943,-1.54e-06,1.763610302617491,3.7567800062813674,-21.775539429931328,1.0052136313683062,4.744746441411624,0.12067054082980143,-25.983938416015242,-1.1573229341274334,-11.693548745045936,0.6295741068180681,30.099710539811138,0.2719344611720337,-0.05407237616324563,0.00015748,0.054119727536628096,0.00081957,1,0.0
7410,0.3940096855347365,0.13299960440419928,-1.54e-06,1.763610302617491,3.7567800062813674,-33.805034951598785,1.0052136313683062,9.660739073931307,0.12067054082980143,-81.0135636503045,-1.1573229341274334,32.16864051218386,0.6295741068180681,65.41367833456333,0.2719344611720337,0.007117634579471663,0.00015748,0.20651676802203478,0.00081957,0,0.0
7411,0.34534414132673674,0.019243347207209792,-1.54e-06,1.763610302617491,3.7567800062813674,-84.02564830108552,1.0052136313683062,4.4373204725709545,0.12067054082980143,-85.8336057385693,-1.1573229341274334,91.5970448613501,0.6295741068180681,81.93217117387937,0.2719344611720337,-0.0587707770886515,0.00015748,0.05973276397967886,0.00081957,1,0.0
7412,0.48457746064387475,0.2627163730727667,-1.54e-06,1.763610302617491,3.7567800062813674,27.861090413824936,1.0052136313683062,25.714686025917175,0.12067054082980143,-79.15996443646243,-1.1573229341274334,-57.21654724420293,0.6295741068180681,40.37967772243699,0.2719344611720337,-0.010642025847661607,0.00015748,0.46348913845059836,0.00081957,1,0.0
7413,0.34158603882455246,0.025261110597779576,-1.54e-06,1.763610302617491,3.7567800062813674,-65.6408746416324,1.0052136313683062,0.4002226698270636,0.12067054082980143,-45.910663586977265,-1.1573229341274334,50.49358073187594,0.6295741068180681,59.674194927407854,0.2719344611720337,-0.05701884148058782,0.00015748,0.05758990431453455,0.00081957,1,0.0
7414,0.7151202550757391,0.22630318076759928,-1.54e-06,1.763610302617491,3.7567800062813674,92.95747233800121,1.0052136313683062,31.562731679927264,0.12067054082980143,-61.38727607218747,-1.1573229341274334,-67.59156879244958,0.6295741068180681,6.1133732259491405,0.2719344611720337,0.37679563571855523,0.00015748,0.6799511774191068,0.00081957,0,0.0
7415,0.3858887647347946,0.20863898698202904,-1.54e-06,1.763610302617491,3.7567800062813674,78.86752748294316,1.0052136313683062,20.078354632870216,0.12067054082980143,-29.855439304422976,-1.1573229341274334,-57.21695286619612,0.6295741068180681,-9.992282509497018,0.2719344611720337,0.22557662834285702,0.00015748,0.4790589960271299,0.00081957,0,0.0
7416,0.26247541081629294,0.20135363125398564,-1.54e-06,1.763610302617491,3.7567800062813674,-74.0254273171243,1.0052136313683062,-4.327516125010778,0.12067054082980143,-16.842594914471753,-1.1573229341274334,95.65666274842118,0.6295741068180681,37.617277810538724,0.2719344611720337,-0.277299875097154,0.00015748,0.27488101969762196,0.00081957,1,0.0
7417,0.13378399169776553,0.03482355469477148,-1.54e-06,1.763610302617491,3.7567800062813674,-50.04708018556271,1.0052136313683062,-5.015583593159631,0.12067054082980143,-28.378326622274624,-1.1573229341274334,77.23798406024962,0.6295741068180681,35.7210838029457,0.2719344611720337,-0.10867231307360095,0.00015748,0.10874132187740626,0.00081957,1,0.0
7418,0.6639762885524642,0.297797786996422,-1.54e-06,1.763610302617491,3.7567800062813674,-46.47933964160955,1.0052136313683062,0.7093879109417668,0.12067054082980143,-46.55257999394042,-1.1573229341274334,24.549566061175796,0.6295741068180681,68.7396232705903,0.2719344611720337,0.042521167881779676,0.00015748,0.29280952432487817,0.00081957,0,0.0
7419,0.26768013806849256,0.009319248085221148,-1.54e-06,1.763610302617491,3.7567800062813674,-70.71106658945581,1.0052136313683062,6.9286117434545575,0.12067054082980143,-93.58622023008797,-1.1573229341274334,82.72611618014389,0.6295741068180681,77.85739159857008,0.2719344611720337,-0.052244509254814435,0.00015748,0.05226955328338217,0.00081957,1,0.0
7420,0.5839567883962926,0.07131767907758324,-1.54e-06,1.763610302617491,3.7567800062813674,-53.67899789444144,1.0052136313683062,14.507568681082438,0.12067054082980143,-66.74016107068785,-1.1573229341274334,-53.1588561084422,0.6295741068180681,79.96083246609587,0.2719344611720337,-0.17352799930050217,0.00015748,0.17352723309845797,0.00081957,1,0.0
7421,0.07578353491268819,0.10181663556715355,-1.54e-06,1.763610302617491,3.7567800062813674,4.504009705180118,1.0052136313683062,14.595825119800553,0.12067054082980143,-53.537643251545475,-1.1573229341274334,-35.34516757041076,0.6295741068180681,26.494483659420304,0.2719344611720337,-0.21279330282461256,0.00015748,0.21553454430637636,0.00081957,1,0.0
7422,0.34710241562403965,0.12917392576445047,-1.54e-06,1.763610302617491,3.7567800062813674,-23.12617641093519,1.0052136313683062,15.872000851258882,0.12067054082980143,-79.71503776426931,-1.1573229341274334,-25.40737454332533,0.6295741068180681,61.666487902010445,0.2719344611720337,-0.1703240357860902,0.00015748,0.2525435489074275,0.00081957,1,0.0
7423,0.08808951754814542,0.14452779226348328,-1.54e-06,1.763610302617491,3.7567800062813674,100.0,1.0052136313683062,18.63203522614534,0.12067054082980143,-31.589495483388585,-1.1573229341274334,2.6781803965174285,0.6295741068180681,-37.008578582798044,0.2719344611720337,0.31607816000070393,0.00015748,0.44304521846195716,0.00081957,0,0.0
7424,0.06389050717642264,0.06800257783817329,-1.54e-06,1.763610302617491,3.7567800062813674,99.97936137518366,1.0052136313683062,22.73729947652066,0.12067054082980143,-86.71074711106498,-1.1573229341274334,95.59245006982104,0.6295741068180681,-22.01901557940527,0.2719344611720337,0.4570703338716784,0.00015748,0.5502246900065799,0.00081957,0,0.0
7425,0.3860798436508625,0.06058096092835169,-1.54e-06,1.763610302617491,3.7567800062813674,-73.19732973429166,1.0052136313683062,-0.14294015648235736,0.12067054082980143,-70.87887573476767,-1.1573229341274334,52.36932625335569,0.6295741068180681,81.64775792658878,0.2719344611720337,-0.08268711440921099,0.00015748,0.08103015508330887,0.00081957,1,0.0
7426,0.4735157710662818,0.14554476156833235,-1.54e-06,1.763610302617491,3.7567800062813674,90.92271334811167,1.0052136313683062,29.2295394340055,0.12067054082980143,-82.48115584552815,-1.1573229341274334,7.172326892150146,0.6295741068180681,1.7634954874219224,0.2719344611720337,0.41146594637167655,0.00015748,0.6373218744412188,0.00081957,0,0.0
7427,0.5462599994162549,0.9792886289540913,-1.54e-06,1.763610302617491,3.7567800062813674,10.225228923745522,1.0052136313683062,29.965309878401644,0.12067054082980143,-19.20232298271036,-1.1573229341274334,-24.719755609668443,0.6295741068180681,-2.6717587892774475,0.2719344611720337,-0.220854009510975,0.00015748,0.6844854837941262,0.00081957,1,0.0
7428,0.04123781279901184,0.018256347768076258,-1.54e-06,1.763610302617491,3.7567800062813674,4.512527918375997,1.0052136313683062,6.428159258972551,0.12067054082980143,-16.915821104948044,-1.1573229341274334,-23.871607554787765,0.6295741068180681,7.921233461730725,0.2719344611720337,-0.08968410291505086,0.00015748,0.09021221405521582,0.00081957,1,0.0
7429,0.13311959507443305,0.07847144383756437,-1.54e-06,1.763610302617491,3.7567800062813674,-9.002864676254958,1.0052136313683062,13.344611757020557,0.12067054082980143,-60.44828311146079,-1.1573229341274334,-20.49052964573094,0.6295741068180681,37.36243553065011,0.2719344611720337,-0.18877473408940085,0.00015748,0.19290456155984728,0.00081957,1,0.0
7430,0.5652073499454746,0.2164634684696239,-1.54e-06,1.763610302617491,3.7567800062813674,-22.603871957842728,1.0052136313683062,23.60868234502328,0.12067054082980143,-99.84388838409083,-1.1573229341274334,-31.964221206228043,0.6295741068180681,75.02555210832008,0.2719344611720337,-0.09884447505497118,0.00015748,0.35543337743994263,0.00081957,1,0.0
7431,0.10159826173947235,0.002635156176972342,-1.54e-06,1.763610302617491,3.7567800062813674,-22.20354313748386,1.0052136313683062,3.54198626189175,0.12067054082980143,-33.53554576739049,-1.1573229341274334,20.5010211661163,0.6295741068180681,27.275245644508,0.2719344611720337,-0.03408017488867901,0.00015748,0.034270034031961674,0.00081957,1,0.0
7432,0.774270278689825,0.06520412918298364,-1.54e-06,1.763610302617491,3.7567800062813674,-69.41599286723175,1.0052136313683062,6.44456320756252,0.12067054082980143,-27.042877613075834,-1.1573229341274334,-71.90201642037965,0.6295741068180681,78.95065601640127,0.2719344611720337,-0.05217553489908462,0.00015748,0.052132647315795075,0.00081957,1,0.0
7433,0.2838612574425019,0.024131405103395103,-1.54e-06,1.763610302617491,3.7567800062813674,-27.940249825005633,1.0052136313683062,8.336742092810228,0.12067054082980143,-42.3003564592844,-1.1573229341274334,-21.99031339010962,0.6295741068180681,44.08630132910618,0.2719344611720337,-0.10561770475078325,0.00015748,0.10543252721907792,0.00081957,1,0.0
7434,0.5635865350843433,0.10556990829448537,-1.54e-06,1.763610302617491,3.7567800062813674,-87.14465272754151,1.0052136313683062,-5.185213810864015,0.12067054082980143,-24.30677838204408,-1.1573229341274334,34.65050760778066,0.6295741068180681,70.92973792225787,0.2719344611720337,-0.13076666657910607,0.00015748,0.13049967489784442,0.00081957,1,0.0
7435,0.026576660470444935,0.1541392767604699,-1.54e-06,1.763610302617491,3.7567800062813674,26.507581832834987,1.0052136313683062,16.68539381148492,0.12067054082980143,-73.40923834270306,-1.1573229341274334,19.51669532802652,0.6295741068180681,17.24311630567163,0.2719344611720337,-0.03453139330187008,0.00015748,0.30010263544037974,0.00081957,1,0.0
7436,0.495389496802303,0.14462016349392254,-1.54e-06,1.763610302617491,3.7567800062813674,-25.786312353304435,1.0052136313683062,19.8793675923498,0.12067054082980143,-64.08131059504306,-1.1573229341274334,-92.04568242113805,0.6295741068180681,64.6864428109222,0.2719344611720337,-0.26583412163576736,0.00015748,0.26710988225085575,0.00081957,1,0.0
7437,0.0018386462899125378,0.13993674499807537,-1.54e-06,1.763610302617491,3.7567800062813674,14.634470375517727,1.0052136313683062,-2.9276334207634305,0.12067054082980143,-11.94241602179987,-1.1573229341274334,54.727182734405595,0.6295741068180681,-3.879723180758474,0.2719344611720337,0.019523935626265795,0.00015748,0.23725514741837045,0.00081957,0,0.0
7438,0.35358544161363625,0.2048720950411881,-1.54e-06,1.763610302617491,3.7567800062813674,-6.681789447338826,1.0052136313683062,21.934419162386796,0.12067054082980143,-84.3436403077034,-1.1573229341274334,-51.680102172278396,0.6295741068180681,56.15075156519403,0.2719344611720337,-0.21174920131768094,0.00015748,0.33614917988953996,0.00081957,1,0.0
7439,0.000635094247538992,0.2001304136753522,-1.54e-06,1.763610302617491,3.7567800062813674,68.43867966327142,1.0052136313683062,6.223412852293692,0.12067054082980143,-20.59580563384275,-1.1573229341274334,87.11908989026803,0.6295741068180681,-35.862787901049295,0.2719344611720337,0.22215661081032387,0.00015748,0.4862123567249208,0.00081957,0,0.0
7440,0.0013045998860371187,0.048704828325578,-1.54e-06,1.763610302617491,3.7567800062813674,-23.224272270841105,1.0052136313683062,0.403141553316288,0.12067054082980143,-52.142352582860376,-1.1573229341274334,83.66956797018,0.6295741068180681,29.049179010692505,0.2719344611720337,0.009947462607221992,0.00015748,0.0782393404384864,0.00081957,0,0.0
7441,0.5222734011986503,0.21967750490605456,-1.54e-06,1.763610302617491,3.7567800062813674,88.31470029728875,1.0052136313683062,22.653528775705677,0.12067054082980143,-94.24998431070901,-1.1573229341274334,36.465872297484566,0.6295741068180681,15.215149853210686,0.2719344611720337,0.3703625415910949,0.00015748,0.7893287134957168,0.00081957,0,0.0
7442,0.44321221865587956,0.027448440346883016,-1.54e-06,1.763610302617491,3.7567800062813674,-69.16059740215536,1.0052136313683062,10.048755496941514,0.12067054082980143,-84.83318652679151,-1.1573229341274334,25.857497826149064,0.6295741068180681,84.23595952713842,0.2719344611720337,-0.09672827735320812,0.00015748,0.09673509031490908,0.00081957,1,0.0
7443,0.0006845481705276754,0.07100805552754953,-1.54e-06,1.763610302617491,3.7567800062813674,-1.1641859819719484,1.0052136313683062,0.28210643901193344,0.12067054082980143,-17.501201543716075,-1.1573229341274334,51.515221620105066,0.6295741068180681,2.7320751000565062,0.2719344611720337,0.009974528215388946,0.00015748,0.13001719926145086,0.00081957,0,0.0
7444,0.19558838314115418,0.005360919353645887,-1.54e-06,1.763610302617491,3.7567800062813674,-33.434365335926735,1.0052136313683062,4.655266479484611,0.12067054082980143,-42.15520860244696,-1.1573229341274334,18.157730397763675,0.6295741068180681,40.04088003854606,0.2719344611720337,-0.043169137503543474,0.00015748,0.043190640345934304,0.00081957,1,0.0
7445,0.2865532517053213,0.0225194657752618,-1.54e-06,1.763610302617491,3.7567800062813674,-33.02200955083523,1.0052136313683062,8.636621728407103,0.12067054082980143,-49.12351601313327,-1.1573229341274334,-10.935429028761188,0.6295741068180681,48.45477573710229,0.2719344611720337,-0.10209737704149165,0.00015748,0.10202043194894282,0.00081957,1,0.0
7446,0.0008861404475229012,0.014174353906871988,-1.54e-06,1.763610302617491,3.7567800062813674,0.6758571378725164,1.0052136313683062,2.1667384172753588,0.12067054082980143,-12.867594195347325,-1.1573229341274334,7.0588166608869125,0.6295741068180681,4.680424504182804,0.2719344611720337,-0.009393706480458862,0.00015748,0.03628086325748212,0.00081957,1,0.0
7447,0.05788971750758076,0.1531255784993635,-1.54e-06,1.763610302617491,3.7567800062813674,21.181579853721143,1.0052136313683062,17.975921564223043,0.12067054082980143,-96.84914165005844,-1.1573229341274334,67.38679128782103,0.6295741068180681,26.219964450588147,0.2719344611720337,0.07066984919277475,0.00015748,0.32380886637112466,0.00081957,0,0.0
7448,0.10657993101142016,0.10068176536017044,-1.54e-06,1.763610302617491,3.7567800062813674,99.95856957039626,1.0052136313683062,20.18317399155269,0.12067054082980143,-61.8184930750701,-1.1573229341274334,66.66775800853267,0.6295741068180681,-29.15376033127897,0.2719344611720337,0.4474615322523266,0.00015748,0.5115433681079866,0.00081957,0,0.0
7449,0.26597529706927614,0.16656917834121154,-1.54e-06,1.763610302617491,3.7567800062813674,4.515246178725578,1.0052136313683062,15.027494947422035,0.12067054082980143,-99.99249211862636,-1.1573229341274334,88.12263826541466,0.6295741068180681,42.18880726610308,0.2719344611720337,0.2074259628794346,0.00015748,0.31315120606688596,0.00081957,0,0.0
7450,0.0014844820182803864,0.20629273080964386,-1.54e-06,1.763610302617491,3.7567800062813674,38.49357773073219,1.0052136313683062,5.970916259771082,0.12067054082980143,-9.111550681577215,-1.1573229341274334,62.76604787481958,0.6295741068180681,-27.320224148559,0.2719344611720337,0.07592069401345355,0.00015748,0.3604995862361674,0.00081957,0,0.0
7451,0.4668486309444681,0.12465529072863642,-1.54e-06,1.763610302617491,3.7567800062813674,-23.96937441816171,1.0052136313683062,18.22439561107339,0.12067054082980143,-58.05758573514669,-1.1573229341274334,-88.08177965917423,0.6295741068180681,60.09336640845982,0.2719344611720337,-0.24742586897434077,0.00015748,0.24683677931529863,0.00081957,1,0.0
7452,0.0014717065926755923,0.12446816996757384,-1.54e-06,1.763610302617491,3.7567800062813674,25.477472577657135,1.0052136313683062,13.595461298545498,0.12067054082980143,-63.89200265049764,-1.1573229341274334,40.706658257970055,0.6295741068180681,10.079570630154187,0.2719344611720337,0.048833644712203375,0.00015748,0.24646893969709344,0.00081957,0,0.0
7453,0.2086813925901037,0.03796248463805676,-1.54e-06,1.763610302617491,3.7567800062813674,-59.38296663099668,1.0052136313683062,-2.8816671146827564,0.12067054082980143,-36.847594790771026,-1.1573229341274334,77.16570596788509,0.6295741068180681,45.30640919083614,0.2719344611720337,-0.10798522259768203,0.00015748,0.11019534339268564,0.00081957,1,0.0
7454,0.44280862222896944,0.22223220890902945,-1.54e-06,1.763610302617491,3.7567800062813674,71.85492081657085,1.0052136313683062,15.315760700742498,0.12067054082980143,-54.25152914113158,-1.1573229341274334,39.08223138077456,0.6295741068180681,-0.29296467285059064,0.2719344611720337,0.375118020731853,0.00015748,0.6066318094095117,0.00081957,0,0.0
7455,0.22717158073047994,0.2206060494746759,-1.54e-06,1.763610302617491,3.7567800062813674,84.88026889217016,1.0052136313683062,9.217308258881696,0.12067054082980143,-32.4526118290456,-1.1573229341274334,60.24479706937113,0.6295741068180681,-24.613265457327977,0.2719344611720337,0.3176348799638347,0.00015748,0.6232947399669524,0.00081957,0,0.0
7456,0.05575356596006087,0.029935829965469285,-1.54e-06,1.763610302617491,3.7567800062813674,-35.026331792911456,1.0052136313683062,10.030305579777089,0.12067054082980143,-86.73458675676534,-1.1573229341274334,62.5414578136744,0.6295741068180681,51.533865039790804,0.2719344611720337,-0.11433694678786831,0.00015748,0.11425447485100103,0.00081957,1,0.0
7457,0.001589794947897738,0.16579698693191258,-1.54e-06,1.763610302617491,3.7567800062813674,72.4631820802812,1.0052136313683062,8.757556598166664,0.12067054082980143,-24.8255819754631,-1.1573229341274334,64.72869692541254,0.6295741068180681,-33.47213268050937,0.2719344611720337,0.2611901849042647,0.00015748,0.41266255930875706,0.00081957,0,0.0
7458,0.19059670066980916,0.17838292345057016,-1.54e-06,1.763610302617491,3.7567800062813674,18.952685916017565,1.0052136313683062,19.378003713557458,0.12067054082980143,-45.72936504719395,-1.1573229341274334,-86.7390517851875,0.6295741068180681,23.296800464610318,0.2719344611720337,-0.24427551077442278,0.00015748,0.29678616910651323,0.00081957,1,0.0
7459,0.00026342399883438894,0.08134364704342956,-1.54e-06,1.763610302617491,3.7567800062813674,-1.9805259216784306,1.0052136313683062,10.770909027020714,0.12067054082980143,-70.58063336983638,-1.1573229341274334,54.2526087918455,0.6295741068180681,26.22846130110962,0.2719344611720337,-0.018717437266665138,0.00015748,0.16754817892438756,0.00081957,1,0.0
7460,6.877122475545949e-05,0.14257152030267892,-1.54e-06,1.763610302617491,3.7567800062813674,63.02381626456942,1.0052136313683062,12.726211674170509,0.12067054082980143,-37.87954173450888,-1.1573229341274334,28.385331905886922,0.6295741068180681,-19.083367081956137,0.2719344611720337,0.19986145160097224,0.00015748,0.30866275595659576,0.00081957,0,0.0
7461,0.34176930616627377,0.07752788964419038,-1.54e-06,1.763610302617491,3.7567800062813674,-68.63327345814038,1.0052136313683062,-7.266419628502145,0.12067054082980143,-31.31019782103652,-1.1573229341274334,57.654084490485005,0.6295741068180681,58.797834753042565,0.2719344611720337,-0.11602757808597532,0.00015748,0.1162919649870187,0.00081957,1,0.0
7462,0.000507555818146186,0.019222485722076153,-1.54e-06,1.763610302617491,3.7567800062813674,-8.467121532112042,1.0052136313683062,-0.6572236833040429,0.12067054082980143,-8.56000426451808,-1.1573229341274334,30.41766374064446,0.6295741068180681,4.419488312748925,0.2719344611720337,-0.029639573853996605,0.00015748,0.059727341053474096,0.00081957,1,0.0
7463,0.002547485941196692,0.11795392995454583,-1.54e-06,1.763610302617491,3.7567800062813674,19.11862266632993,1.0052136313683062,11.840186826097641,0.12067054082980143,-67.98120139660789,-1.1573229341274334,63.86494367407778,0.6295741068180681,13.288217617891918,0.2719344611720337,0.09738609850496763,0.00015748,0.221965046987341,0.00081957,0,0.0
7464,-3.221775598605259e-05,0.1388820460977083,-1.54e-06,1.763610302617491,3.7567800062813674,54.105260506737295,1.0052136313683062,7.6313177392112115,0.12067054082980143,-8.466066996948364,-1.1573229341274334,17.84649510779865,0.6295741068180681,-27.69664427163506,0.2719344611720337,0.18795013037906705,0.00015748,0.22659422757958447,0.00081957,0,0.0
7465,0.41816355423652984,0.05157763111523372,-1.54e-06,1.763610302617491,3.7567800062813674,-82.60002087340906,1.0052136313683062,-2.57955799777035,0.12067054082980143,-53.58304273882292,-1.1573229341274334,66.95007069887221,0.6295741068180681,74.90085525564427,0.2719344611720337,-0.07610998687914022,0.00015748,0.07655070894406804,0.00081957,1,0.0
7466,0.02288100445781969,0.0025422013239689055,-1.54e-06,1.763610302617491,3.7567800062813674,-38.40447100554727,1.0052136313683062,0.9011954037416432,0.12067054082980143,-53.23330152681692,-1.1573229341274334,82.19546220316161,0.6295741068180681,36.1450062661834,0.2719344611720337,-0.026907816672103846,0.00015748,0.026977023973679425,0.00081957,1,0.0
7467,0.0005602224380014901,0.08474790188984892,-1.54e-06,1.763610302617491,3.7567800062813674,2.656162807193971,1.0052136313683062,-0.40360498593761807,0.12067054082980143,-11.174753729121937,-1.1573229341274334,50.169976047148396,0.6295741068180681,-2.0173575557295753,0.2719344611720337,0.0044024392871084145,0.00015748,0.15650727879810483,0.00081957,0,0.0
7468,0.19991902301914466,0.026107584310931953,-1.54e-06,1.763610302617491,3.7567800062813674,-21.748798953805164,1.0052136313683062,1.6013670195207474,0.12067054082980143,-24.847289185985158,-1.1573229341274334,-2.36913766956095,0.6295741068180681,31.23353154310435,0.2719344611720337,-0.04517980530238982,0.00015748,0.0681947879050844,0.00081957,1,0.0
7469,0.005569146195161995,0.14702157880297057,-1.54e-06,1.763610302617491,3.7567800062813674,53.94848660093381,1.0052136313683062,5.975016668357755,0.12067054082980143,-11.348402427794362,-1.1573229341274334,29.289434531059563,0.6295741068180681,-25.542943019215052,0.2719344611720337,0.18012460298845734,0.00015748,0.27131145548782365,0.00081957,0,0.0
7470,5.2002772907844275e-06,0.09680613038223393,-1.54e-06,1.763610302617491,3.7567800062813674,-5.149561088856145,1.0052136313683062,4.553282744008433,0.12067054082980143,-45.786056340098426,-1.1573229341274334,85.09657900590017,0.6295741068180681,12.34973856031936,0.2719344611720337,0.039617304120255714,0.00015748,0.17082856557431123,0.00081957,0,0.0
7471,0.0016054422436558302,0.08834569459508057,-1.54e-06,1.763610302617491,3.7567800062813674,-20.99749077675488,1.0052136313683062,-6.787428578324745,0.12067054082980143,-18.686513602100522,-1.1573229341274334,81.76637325945197,0.6295741068180681,14.30822235937163,0.2719344611720337,-0.07507359047677928,0.00015748,0.16900823753302505,0.00081957,1,0.0
7472,0.0027698602155119545,0.1360513095768589,-1.54e-06,1.763610302617491,3.7567800062813674,82.92512916112041,1.0052136313683062,14.707774589963453,0.12067054082980143,-44.902785572619166,-1.1573229341274334,56.18368055865809,0.6295741068180681,-29.369144624587815,0.2719344611720337,0.33123475880542796,0.00015748,0.39247323213086116,0.00081957,0,0.0
7473,0.42549226981327704,0.04839697913654618,-1.54e-06,1.763610302617491,3.7567800062813674,-43.41124643999439,1.0052136313683062,12.343041978495284,0.12067054082980143,-63.09574524047059,-1.1573229341274334,-29.115702724991873,0.6295741068180681,65.94863884136507,0.2719344611720337,-0.14908769096558872,0.00015748,0.1491925831136044,0.00081957,1,0.0
7474,0.0011846992979406834,0.2027271051699956,-1.54e-06,1.763610302617491,3.7567800062813674,-12.119484316482868,1.0052136313683062,-10.998105108565376,0.12067054082980143,-15.373997951206858,-1.1573229341274334,86.17435777414929,0.6295741068180681,12.858303893971735,0.2719344611720337,-0.1084740536019548,0.00015748,0.2752123498146244,0.00081957,1,0.0
7475,0.3940854876164053,0.27001533594017774,-1.54e-06,1.763610302617491,3.7567800062813674,54.066454043265864,1.0052136313683062,9.180892889568366,0.12067054082980143,-39.46460443219968,-1.1573229341274334,38.340816059697566,0.6295741068180681,2.2647410877588525,0.2719344611720337,0.27133511820585077,0.00015748,0.5453174834307983,0.00081957,0,0.0
7476,0.44809516766045665,0.022712602772641553,-1.54e-06,1.763610302617491,3.7567800062813674,-87.35408961173633,1.0052136313683062,5.070426162153878,0.12067054082980143,-83.91435414501936,-1.1573229341274334,67.91303314139803,0.6295741068180681,89.19747942397287,0.2719344611720337,-0.03706276304522588,0.00015748,0.03727335642298199,0.00081957,1,0.0
7477,0.11924697891074615,0.1499972388871828,-1.54e-06,1.763610302617491,3.7567800062813674,47.90675114490503,1.0052136313683062,13.370892656725239,0.12067054082980143,-22.596270526079632,-1.1573229341274334,-52.35590643570321,0.6295741068180681,-5.405816230776984,0.2719344611720337,-0.013354946777685867,0.00015748,0.2935751317109905,0.00081957,1,0.0
7478,5.7982472162687246e-05,0.004370710244497098,-1.54e-06,1.763610302617491,3.7567800062813674,-28.193194840532048,1.0052136313683062,-0.3558852463759968,0.12067054082980143,-37.39658167728928,-1.1573229341274334,66.63752214473757,0.6295741068180681,24.85455654723833,0.2719344611720337,-0.028968459193126003,0.00015748,0.032203772830681515,0.00081957,1,0.0
7479,0.00014363744856116245,0.1430607000696964,-1.54e-06,1.763610302617491,3.7567800062813674,100.0,1.0052136313683062,15.5438142023644,0.12067054082980143,-20.53316723980539,-1.1573229341274334,3.427601732955742,0.6295741068180681,-44.18384897369883,0.2719344611720337,0.28601286675054566,0.00015748,0.3983226493728012,0.00081957,0,0.0
7480,0.00020627569454655797,0.006720169833832486,-1.54e-06,1.763610302617491,3.7567800062813674,-23.584322101182934,1.0052136313683062,-1.3414111336265324,0.12067054082980143,-26.497155300740353,-1.1573229341274334,56.7361945041754,0.6295741068180681,18.59819731581442,0.2719344611720337,-0.03881289822094744,0.00015748,0.043821702756781475,0.00081957,1,0.0
7481,0.33649818678879423,0.04358777132908294,-1.54e-06,1.763610302617491,3.7567800062813674,-43.611886082006095,1.0052136313683062,11.426643334844568,0.12067054082980143,-73.47384970688407,-1.1573229341274334,-1.7569093225980552,0.6295741068180681,66.02193820161894,0.2719344611720337,-0.14319243202299442,0.00015748,0.14412779508148982,0.00081957,1,0.0
7482,0.05643968189303805,0.19311674095973547,-1.54e-06,1.763610302617491,3.7567800062813674,34.79679020180536,1.0052136313683062,2.535003997908649,0.12067054082980143,-34.39209300186458,-1.1573229341274334,74.03450740828728,0.6295741068180681,-4.4696680478393676,0.2719344611720337,0.1344305125964301,0.00015748,0.36218934771863376,0.00081957,0,0.0
7483,0.15945599094514928,0.12211505730525953,-1.54e-06,1.763610302617491,3.7567800062813674,99.91178913278178,1.0052136313683062,21.033949866621544,0.12067054082980143,-52.61827818673421,-1.1573229341274334,33.77721510351007,0.6295741068180681,-28.547807374918452,0.2719344611720337,0.408704288047506,0.00015748,0.5015201980621696,0.00081957,0,0.0
7484,0.03326941683678458,0.09836708940318073,-1.54e-06,1.763610302617491,3.7567800062813674,34.923473887147495,1.0052136313683062,9.939558505001994,0.12067054082980143,-10.999327782233536,-1.1573229341274334,-69.6490442111289,0.6295741068180681,-4.130780368178643,0.2719344611720337,-0.14374291263555242,0.00015748,0.2127483274844447,0.00081957,1,0.0
7485,8.413012365235395e-05,0.14627383494901924,-1.54e-06,1.763610302617491,3.7567800062813674,45.526825190463036,1.0052136313683062,7.219252569258245,0.12067054082980143,-25.040181707415478,-1.1573229341274334,51.673886051549374,0.6295741068180681,-18.67526259698874,0.2719344611720337,0.18636602031354305,0.00015748,0.2682462859302445,0.00081957,0,0.0
7486,0.1406693515344784,0.0912992278278958,-1.54e-06,1.763610302617491,3.7567800062813674,25.50731217496667,1.0052136313683062,8.780244449601998,0.12067054082980143,-11.04285921229911,-1.1573229341274334,-40.654928913737116,0.6295741068180681,-0.4282438230511738,0.2719344611720337,0.0059066391116373435,0.00015748,0.1732809672316537,0.00081957,0,0.0
7487,0.10371860136010938,0.02372506208135219,-1.54e-06,1.763610302617491,3.7567800062813674,-17.87845135041951,1.0052136313683062,8.099463780087257,0.12067054082980143,-50.2832629816834,-1.1573229341274334,8.64411975092664,0.6295741068180681,33.80227361856564,0.2719344611720337,-0.10671735320455304,0.00015748,0.10666067855613019,0.00081957,1,0.0
7488,0.0017987760126143976,0.007551835772036854,-1.54e-06,1.763610302617491,3.7567800062813674,-38.565228278121246,1.0052136313683062,-1.4222388604223168,0.12067054082980143,-48.685844553833945,-1.1573229341274334,89.57661689194784,0.6295741068180681,33.78720750444095,0.2719344611720337,-0.042149509327542106,0.00015748,0.04348829261874837,0.00081957,1,0.0
7489,0.03250434557415031,0.005311925074555114,-1.54e-06,1.763610302617491,3.7567800062813674,-20.426418972638167,1.0052136313683062,-1.7366677238766257,0.12067054082980143,-14.75935166990434,-1.1573229341274334,38.24953976332424,0.6295741068180681,14.351586326601721,0.2719344611720337,-0.04523849556831762,0.00015748,0.04554747412972068,0.00081957,1,0.0
7490,0.0007776434641611138,0.001709569382537659,-1.54e-06,1.763610302617491,3.7567800062813674,-15.359772042333933,1.0052136313683062,-0.9710202285976952,0.12067054082980143,-16.745409743503227,-1.1573229341274334,35.62428796668817,0.6295741068180681,12.145018134459209,0.2719344611720337,-0.02522814588305853,0.00015748,0.025272573119365482,0.00081957,1,0.0
7491,0.28187999248362816,0.013254337768936978,-1.54e-06,1.763610302617491,3.7567800062813674,-75.17192974027058,1.0052136313683062,2.4059978892846323,0.12067054082980143,-78.25137809869359,-1.1573229341274334,89.71623351773701,0.6295741068180681,73.78951560112894,0.2719344611720337,-0.03202935965657325,0.00015748,0.03212883216965444,0.00081957,1,0.0
7492,0.5506282939298544,0.034508979363398126,-1.54e-06,1.763610302617491,3.7567800062813674,-60.688411806276015,1.0052136313683062,8.737375595749594,0.12067054082980143,-53.197516973529986,-1.1573229341274334,-25.615497891701896,0.6295741068180681,74.14342742860362,0.2719344611720337,-0.08492848167224464,0.00015748,0.08503190854401395,0.00081957,1,0.0
7493,0.14490906548695884,0.003519594281830411,-1.54e-06,1.763610302617491,3.7567800062813674,-20.61237930015302,1.0052136313683062,0.16338534606214,0.12067054082980143,-10.286273967991093,-1.1573229341274334,4.504376567164026,0.6295741068180681,19.300982020701795,0.2719344611720337,-0.013780768388672721,0.00015748,0.013832662223522835,0.00081957,1,0.0
7494,0.0030414241008425956,0.005499745320680806,-1.54e-06,1.763610302617491,3.7567800062813674,-39.22253404779289,1.0052136313683062,-0.4654029907318339,0.12067054082980143,-50.27949616755357,-1.1573229341274334,90.39061445914025,0.6295741068180681,33.87496497093545,0.2719344611720337,-0.04540799324618232,0.00015748,0.045625954479164677,0.00081957,1,0.0
7495,0.36996016080881716,0.035549455868622,-1.54e-06,1.763610302617491,3.7567800062813674,-62.75858287601755,1.0052136313683062,11.64111198674174,0.12067054082980143,-94.49025302218952,-1.1573229341274334,32.50221610831173,0.6295741068180681,82.56833591662658,0.2719344611720337,-0.126783265358119,0.00015748,0.1269421295489478,0.00081957,1,0.0
7496,0.4672531190142417,0.02252824295063222,-1.54e-06,1.763610302617491,3.7567800062813674,-79.27813610588878,1.0052136313683062,5.425589198297516,0.12067054082980143,-74.77558487963654,-1.1573229341274334,43.13164471479787,0.6295741068180681,84.5848719585136,0.2719344611720337,-0.030847781631855992,0.00015748,0.03098308713403285,0.00081957,1,0.0
7497,0.6164637696695574,0.2902028759519965,-1.54e-06,1.763610302617491,3.7567800062813674,61.79456848101009,1.0052136313683062,30.62511704351314,0.12067054082980143,-66.07247243493187,-1.1573229341274334,-86.21897877958624,0.6295741068180681,22.37653440103655,0.2719344611720337,0.1321975260580394,0.00015748,0.5782213950029783,0.00081957,0,0.0
7498,0.3112488271387298,0.01751777629884408,-1.54e-06,1.763610302617491,3.7567800062813674,-82.0802416067867,1.0052136313683062,2.2952086930807414,0.12067054082980143,-82.84904911715839,-1.1573229341274334,96.94027092626547,0.6295741068180681,79.50680502816904,0.2719344611720337,-0.041385590061698146,0.00015748,0.04121637389530672,0.00081957,1,0.0
7499,0.8566108650753921,0.35229760957474204,-1.54e-06,1.763610302617491,3.7567800062813674,9.68684768458884,1.0052136313683062,16.88023609487301,0.12067054082980143,-60.255094117549866,-1.1573229341274334,-48.78721528624231,0.6295741068180681,57.14051535193941,0.2719344611720337,0.1953764056072826,0.00015748,0.47781296868728323,0.00081957,0,0.0
7500,-0.21007996831282727,1.125377449939153,-1.54e-06,2.207605765924382,2.41508007668732,39.58786993731024,1.0052136313683062,4.278572338411312,0.12067054082980143,-55.372673423590676,-1.1573229341274334,79.75904631783337,0.6295741068180681,-7.638974973336868,0.2719344611720337,0.419307032881022,0.00015748,3.115416786895093,0.00081957,0,0.0
7501,0.5744183974556458,0.12491134769250858,-1.54e-06,2.207605765924382,2.41508007668732,9.623064863513164,1.0052136313683062,12.028573701207932,0.12067054082980143,-85.33405489793878,-1.1573229341274334,29.930587451071297,0.6295741068180681,47.91769973747073,0.2719344611720337,0.39611989006319515,0.00015748,0.6844172920675363,0.00081957,0,0.0
7502,0.05697729481745739,0.03465805775149841,-1.54e-06,2.207605765924382,2.41508007668732,63.97400869217386,1.0052136313683062,11.08154729932816,0.12067054082980143,-39.39291554270332,-1.1573229341274334,-4.552878057560849,0.6295741068180681,-10.862904284207278,0.2719344611720337,0.38287960860536474,0.00015748,0.7203538146874231,0.00081957,0,0.0
7503,-0.04575307036121923,1.5370748164085888,-1.54e-06,2.207605765924382,2.41508007668732,-34.660546895170775,1.0052136313683062,-5.597353526350069,0.12067054082980143,-26.377500336879017,-1.1573229341274334,63.18093561860206,0.6295741068180681,26.415835112470766,0.2719344611720337,-0.22281371172478415,0.00015748,1.4275248137702032,0.00081957,1,0.0
7504,-6.359370347386317e-05,0.09819085422627039,-1.54e-06,2.207605765924382,2.41508007668732,92.13423140145274,1.0052136313683062,18.551256681799106,0.12067054082980143,-89.24934544376352,-1.1573229341274334,22.40701738178757,0.6295741068180681,-2.59890108318382,0.2719344611720337,1.0096892919396232,0.00015748,1.1873032297477597,0.00081957,0,0.0
7505,-0.4431763126637187,7.17949118545407,-1.54e-06,2.207605765924382,2.41508007668732,20.052444673784084,1.0052136313683062,16.324825479580806,0.12067054082980143,-24.1650549090086,-1.1573229341274334,-2.233098229681108,0.6295741068180681,-25.121143632932338,0.2719344611720337,-1.506827825942835,0.00015748,1.52194595442853,0.00081957,1,0.0
7506,0.004742523325254933,0.008060983009455434,-1.54e-06,2.207605765924382,2.41508007668732,73.28096003188666,1.0052136313683062,16.2028339381123,0.12067054082980143,-79.3364859180801,-1.1573229341274334,12.998049759613462,0.6295741068180681,4.834920613203968,0.2719344611720337,0.3332669577549054,0.00015748,1.022833605327728,0.00081957,0,0.0
7507,-0.9705860602033405,4.224036787456017,-1.54e-06,2.207605765924382,2.41508007668732,88.57975815610112,1.0052136313683062,13.2191837814031,0.12067054082980143,-14.90197046310759,-1.1573229341274334,24.85034987896196,0.6295741068180681,-74.92538237811823,0.2719344611720337,-0.038141702135367384,0.00015748,2.4559765702322593,0.00081957,1,0.0
7508,2.494328604205773,2.059526815575089,-1.54e-06,2.207605765924382,2.41508007668732,32.07519219573392,1.0052136313683062,22.53756223161774,0.12067054082980143,-90.9788215087798,-1.1573229341274334,-41.813687193091376,0.6295741068180681,75.66872214522522,0.2719344611720337,0.3070146974551565,0.00015748,1.2961698503620855,0.00081957,0,0.0
7509,0.528406727291997,0.3037762629946257,-1.54e-06,2.207605765924382,2.41508007668732,87.32490153345086,1.0052136313683062,14.181136028045309,0.12067054082980143,-17.3545904338173,-1.1573229341274334,-44.486937590072664,0.6295741068180681,-26.430317635990992,0.2719344611720337,0.35278969548060424,0.00015748,0.8846554676667644,0.00081957,0,0.0
7510,0.0016537621038452688,0.004761083507342065,-1.54e-06,2.207605765924382,2.41508007668732,-9.222928675032696,1.0052136313683062,9.208257967873763,0.12067054082980143,-95.8675325255386,-1.1573229341274334,66.67494313836904,0.6295741068180681,49.84308514559578,0.2719344611720337,0.39505831660990864,0.00015748,0.6821711322247217,0.00081957,0,0.0
7511,2.276681609938339,2.2759180669080665,-1.54e-06,2.207605765924382,2.41508007668732,-1.4700535715123513,1.0052136313683062,16.336844096685674,0.12067054082980143,-62.31590222636988,-1.1573229341274334,-53.21679927813158,0.6295741068180681,77.46322306705693,0.2719344611720337,-0.675696887268807,0.00015748,0.8749097417961245,0.00081957,1,0.0
7512,-0.6884211164297769,2.466772209521334,-1.54e-06,2.207605765924382,2.41508007668732,39.153142541687046,1.0052136313683062,7.3589842275862525,0.12067054082980143,-31.436315971699404,-1.1573229341274334,47.88905321370233,0.6295741068180681,-30.662897578706467,0.2719344611720337,0.03745297925520641,0.00015748,1.9119628707447123,0.00081957,0,0.0
7513,0.816183476219603,0.5386085067850716,-1.54e-06,2.207605765924382,2.41508007668732,38.88673167639464,1.0052136313683062,6.114160772573034,0.12067054082980143,-18.73676790810214,-1.1573229341274334,-18.82779214184644,0.6295741068180681,6.613306989469752,0.2719344611720337,0.3365387740023128,0.00015748,0.8987045630713336,0.00081957,0,0.0
7514,-0.8723964078428932,3.5662455779959537,-1.54e-06,2.207605765924382,2.41508007668732,33.709383460461325,1.0052136313683062,10.235101001629076,0.12067054082980143,-44.68754689516792,-1.1573229341274334,50.30417590830226,0.6295741068180681,-25.140306995543014,0.2719344611720337,-0.20350254427643288,0.00015748,1.6345536559634406,0.00081957,1,0.0
7515,0.0093631704514332,0.021712472810927457,-1.54e-06,2.207605765924382,2.41508007668732,13.91481154462176,1.0052136313683062,7.04146220804884,0.12067054082980143,-57.66923723017926,-1.1573229341274334,36.061412238012196,0.6295741068180681,20.098238618101625,0.2719344611720337,0.41167582608425346,0.00015748,0.6432599281502822,0.00081957,0,0.0
7516,2.369500354985548,1.7134002851356764,-1.54e-06,2.207605765924382,2.41508007668732,-44.76412323271776,1.0052136313683062,12.063262460546145,0.12067054082980143,-54.43452958296711,-1.1573229341274334,-37.48361526295299,0.6295741068180681,92.71964725311166,0.2719344611720337,-0.5393595680310733,0.00015748,0.5356343237742877,0.00081957,1,0.0
7517,2.4296101909779257,2.1914199637214513,-1.54e-06,2.207605765924382,2.41508007668732,-6.884529051397832,1.0052136313683062,13.647771906077493,0.12067054082980143,-28.54320568109576,-1.1573229341274334,-74.38952980682855,0.6295741068180681,63.63582744199219,0.2719344611720337,-0.6705937649634521,0.00015748,0.6734362064669661,0.00081957,1,0.0
7518,-0.09532684686039428,0.8498346194166169,-1.54e-06,2.207605765924382,2.41508007668732,84.17314404878351,1.0052136313683062,9.314278842047754,0.12067054082980143,-1.0047369042093663,-1.1573229341274334,-1.558637360237252,0.6295741068180681,-55.81952787530715,0.2719344611720337,0.42803384738985795,0.00015748,2.095470928826818,0.00081957,0,0.0
7519,0.40373298709099004,9.95211481591597,-1.54e-06,2.207605765924382,2.41508007668732,23.529083367534277,1.0052136313683062,20.14441254107592,0.12067054082980143,-1e-20,-1.1573229341274334,-78.58997378517996,0.6295741068180681,-16.1584354725985,0.2719344611720337,-2.6343363280126604,0.00015748,1.0907851186432223,0.00081957,1,0.0
7520,0.4931281236631947,0.1693830195219422,-1.54e-06,2.207605765924382,2.41508007668732,-18.80689339247709,1.0052136313683062,5.995919041411968,0.12067054082980143,-50.94985519835081,-1.1573229341274334,14.557767960216768,0.6295741068180681,45.08003250628446,0.2719344611720337,-0.27671437702727536,0.00015748,0.2799956467585432,0.00081957,1,0.0
7521,2.112273662927011,2.2497155363017933,-1.54e-06,2.207605765924382,2.41508007668732,12.381768713589544,1.0052136313683062,16.059155711643907,0.12067054082980143,-25.869851315077703,-1.1573229341274334,-78.41121083686772,0.6295741068180681,44.964688082560684,0.2719344611720337,-0.790188907904757,0.00015748,0.7914040168083518,0.00081957,1,0.0
7522,0.47844383569469456,0.18708787449535116,-1.54e-06,2.207605765924382,2.41508007668732,9.992109487321407,1.0052136313683062,5.137581627200026,0.12067054082980143,-14.19737479193871,-1.1573229341274334,-18.589470268074933,0.6295741068180681,12.205448733471592,0.2719344611720337,-0.2766558472535301,0.00015748,0.2778546722733808,0.00081957,1,0.0
7523,0.556374415894374,0.34266329852647076,-1.54e-06,2.207605765924382,2.41508007668732,18.629668961410335,1.0052136313683062,6.947173845239008,0.12067054082980143,-19.123653820971203,-1.1573229341274334,-24.301244157259056,0.6295741068180681,12.665868070059096,0.2719344611720337,-0.3631591818461467,0.00015748,0.3946042844256602,0.00081957,1,0.0
7524,1.329803551072494,1.235310223488026,-1.54e-06,2.207605765924382,2.41508007668732,-19.52641880975658,1.0052136313683062,8.210979829273828,0.12067054082980143,-8.87802060619355,-1.1573229341274334,-39.215254707976925,0.6295741068180681,33.04797055467165,0.2719344611720337,-0.5751568961807453,0.00015748,0.48261574772012217,0.00081957,1,0.0
7525,1.0764093701835595,0.46866899472973733,-1.54e-06,2.207605765924382,2.41508007668732,-80.50767605273063,1.0052136313683062,-2.4233399344042303,0.12067054082980143,-26.48425861531769,-1.1573229341274334,23.512480495140917,0.6295741068180681,70.4911453783014,0.2719344611720337,-0.25745552535403177,0.00015748,0.24656196161090366,0.00081957,1,0.0
7526,-0.9476363275857962,3.946306361972096,-1.54e-06,2.207605765924382,2.41508007668732,-17.24237692606355,1.0052136313683062,3.9327483147229785,0.12067054082980143,-27.939697150322097,-1.1573229341274334,49.89668044188719,0.6295741068180681,-6.636070095766753,0.2719344611720337,-0.821218108053338,0.00015748,0.8544840006047186,0.00081957,1,0.0
7527,1.8327519421937057,4.9853528492562855,-1.54e-06,2.207605765924382,2.41508007668732,88.60773315039778,1.0052136313683062,9.747839998011269,0.12067054082980143,-100.0,-1.1573229341274334,16.51639092274588,0.6295741068180681,54.80339358716856,0.2719344611720337,0.27434615836248977,0.00015748,3.6903888371771547,0.00081957,0,0.0
7528,2.01650021636701,1.6876591974426447,-1.54e-06,2.207605765924382,2.41508007668732,73.72631611392698,1.0052136313683062,19.343150981795134,0.12067054082980143,-34.44568795840902,-1.1573229341274334,-76.76479008583183,0.6295741068180681,17.72347399476913,0.2719344611720337,0.31578757563625853,0.00015748,1.1801234601645905,0.00081957,0,0.0
7529,0.520287717412105,0.21267856989181372,-1.54e-06,2.207605765924382,2.41508007668732,92.5675433427712,1.0052136313683062,16.218834258794452,0.12067054082980143,-43.55367578173226,-1.1573229341274334,-31.87452308473493,0.6295741068180681,-13.055579121258893,0.2719344611720337,0.3250745490702888,0.00015748,1.072823843189869,0.00081957,0,0.0
7530,1.0690602591408795,0.2943566433876772,-1.54e-06,2.207605765924382,2.41508007668732,-86.57796149913491,1.0052136313683062,-0.05005373362726743,0.12067054082980143,-53.854895135338325,-1.1573229341274334,39.17001109757558,0.6295741068180681,87.9820045062795,0.2719344611720337,-0.14053659104151628,0.00015748,0.14189144720917218,0.00081957,1,0.0
7531,-0.0002590558476557314,0.13063464298344415,-1.54e-06,2.207605765924382,2.41508007668732,52.20405005491365,1.0052136313683062,5.208757591120486,0.12067054082980143,-18.525658694926666,-1.1573229341274334,5.842867973996976,0.6295741068180681,-18.207199926239813,0.2719344611720337,0.4301255385799353,0.00015748,1.0391033584580471,0.00081957,0,0.0
7532,1.083452754359043,0.4990153579939882,-1.54e-06,2.207605765924382,2.41508007668732,8.710029075062328,1.0052136313683062,6.25622579309198,0.12067054082980143,-4.673233276336526,-1.1573229341274334,-43.666266981216,0.6295741068180681,19.369180476310248,0.2719344611720337,-0.3376427170366598,0.00015748,0.3410802477810704,0.00081957,1,0.0
7533,0.8837918445811432,0.19763499188761502,-1.54e-06,2.207605765924382,2.41508007668732,-29.284567774407794,1.0052136313683062,4.081169511481775,0.12067054082980143,-31.93282791656011,-1.1573229341274334,-0.7645692214735964,0.6295741068180681,46.804397855823375,0.2719344611720337,-0.16685386590006634,0.00015748,0.16620436696986796,0.00081957,1,0.0
7534,0.9710176249492286,5.5961647015556295,-1.54e-06,2.207605765924382,2.41508007668732,-51.430667080463145,1.0052136313683062,12.100880619871758,0.12067054082980143,-22.71624912986725,-1.1573229341274334,-41.39127020053361,0.6295741068180681,47.91494675810125,0.2719344611720337,-2.282788394474632,0.00015748,0.49808571267838486,0.00081957,1,0.0
7535,0.0007364053125378245,0.1331793845518343,-1.54e-06,2.207605765924382,2.41508007668732,11.667379750766214,1.0052136313683062,6.508105494667476,0.12067054082980143,-61.9858967866206,-1.1573229341274334,53.961041862789344,0.6295741068180681,19.122092207000037,0.2719344611720337,0.37159735908471736,0.00015748,1.3868439490020288,0.00081957,0,0.0
7536,2.6101488061834153,2.512913658888938,-1.54e-06,2.207605765924382,2.41508007668732,-4.541747111387284,1.0052136313683062,14.079612497103678,0.12067054082980143,-22.471783666031417,-1.1573229341274334,-84.92687736566712,0.6295741068180681,62.50790527889705,0.2719344611720337,-0.6817518667413871,0.00015748,0.6958831561936527,0.00081957,1,0.0
7537,0.318106860133886,0.14351262996194042,-1.54e-06,2.207605765924382,2.41508007668732,47.693993535152146,1.0052136313683062,7.688121104815921,0.12067054082980143,-17.437421644637634,-1.1573229341274334,-14.343951742709585,0.6295741068180681,-10.24830115957327,0.2719344611720337,0.497253117093216,0.00015748,0.5152184859212148,0.00081957,0,0.0
7538,0.2641046092170307,0.03072354401604958,-1.54e-06,2.207605765924382,2.41508007668732,26.945392141019955,1.0052136313683062,14.039397443394341,0.12067054082980143,-93.12535205075862,-1.1573229341274334,34.70030901541964,0.6295741068180681,37.55320934196408,0.2719344611720337,0.36631448552368795,0.00015748,0.8070803236485311,0.00081957,0,0.0
7539,2.160014894823952,1.7617559691294027,-1.54e-06,2.207605765924382,2.41508007668732,81.79403565453225,1.0052136313683062,25.07465838664946,0.12067054082980143,-76.69224863937568,-1.1573229341274334,-62.95029732795299,0.6295741068180681,38.9873266412715,0.2719344611720337,0.2906660344002291,0.00015748,1.5271583039818548,0.00081957,0,0.0
7540,2.8328654821070196,6.326163232545441,-1.54e-06,2.207605765924382,2.41508007668732,-61.60329886690729,1.0052136313683062,18.473355122969078,0.12067054082980143,-42.98815654800791,-1.1573229341274334,-83.18374601906757,0.6295741068180681,99.87147943369698,0.2719344611720337,-2.0775404348756785,0.00015748,0.7481927648096323,0.00081957,1,0.0
7541,-0.00018752995728776867,0.022658254340797587,-1.54e-06,2.207605765924382,2.41508007668732,36.526109126018206,1.0052136313683062,7.868196141431716,0.12067054082980143,-40.97285723239739,-1.1573229341274334,13.8037348563651,0.6295741068180681,1.2803097005783641,0.2719344611720337,0.4887942019107031,0.00015748,0.5110495071297775,0.00081957,0,0.0
7542,0.9559592548127628,1.633154747751019,-1.54e-06,2.207605765924382,2.41508007668732,60.284746269226304,1.0052136313683062,9.675404319204462,0.12067054082980143,-94.55369567822058,-1.1573229341274334,29.677707005271422,0.6295741068180681,44.996861289162354,0.2719344611720337,0.2847282231517112,0.00015748,2.326641400166407,0.00081957,0,0.0
7543,1.7932545455768252,1.420181326972124,-1.54e-06,2.207605765924382,2.41508007668732,70.68018854245761,1.0052136313683062,17.94592348636349,0.12067054082980143,-31.630224851819325,-1.1573229341274334,-70.32165584177324,0.6295741068180681,13.742668133040024,0.2719344611720337,0.2804820045662712,0.00015748,1.0949147782436925,0.00081957,0,0.0
7544,2.7681754309051896,2.2009128384521786,-1.54e-06,2.207605765924382,2.41508007668732,-68.2141660565962,1.0052136313683062,3.1110657331611784,0.12067054082980143,-1.3980089370719642,-1.1573229341274334,-57.14812223446529,0.6295741068180681,84.217210192019,0.2719344611720337,-0.10418555942222746,0.00015748,0.07301526584543466,0.00081957,1,0.0
7545,2.1419989876879533,1.9910905627321704,-1.54e-06,2.207605765924382,2.41508007668732,61.53785503937549,1.0052136313683062,22.799056982045318,0.12067054082980143,-54.491896729586294,-1.1573229341274334,-67.24807102151745,0.6295741068180681,32.79640461712241,0.2719344611720337,0.22782545873488058,0.00015748,1.2977385335538623,0.00081957,0,0.0
7546,1.7553625083139683,1.4974156738055666,-1.54e-06,2.207605765924382,2.41508007668732,33.89226074998224,1.0052136313683062,10.958439063997389,0.12067054082980143,-23.138050853291,-1.1573229341274334,-57.094734661994565,0.6295741068180681,30.557325520355437,0.2719344611720337,0.004821205261117956,0.00015748,0.8368611966072638,0.00081957,0,0.0
7547,1.2396073867674686,0.6322737887542311,-1.54e-06,2.207605765924382,2.41508007668732,34.319218877232586,1.0052136313683062,13.612689062524911,0.12067054082980143,-51.97000171539148,-1.1573229341274334,-22.136122743609683,0.6295741068180681,31.550533611624015,0.2719344611720337,0.3505275402450322,0.00015748,0.815399295621703,0.00081957,0,0.0
7548,0.00018222562883307702,0.07850479680768294,-1.54e-06,2.207605765924382,2.41508007668732,46.799779425506784,1.0052136313683062,12.302753832568,0.12067054082980143,-83.00077300778209,-1.1573229341274334,42.55058850077357,0.6295741068180681,16.27792633414753,0.2719344611720337,0.795317465030382,0.00015748,1.0507480785332288,0.00081957,0,0.0
7549,0.4881894240672291,0.09221450673472689,-1.54e-06,2.207605765924382,2.41508007668732,23.318583319324524,1.0052136313683062,15.432793090077245,0.12067054082980143,-96.20861655924381,-1.1573229341274334,30.44158478773605,0.6295741068180681,43.83463098063381,0.2719344611720337,0.3505774953287153,0.00015748,0.8761701182156947,0.00081957,0,0.0
7550,0.0022942604994364846,0.12408846288624605,-1.54e-06,2.207605765924382,2.41508007668732,51.92762128525395,1.0052136313683062,11.960285897538206,0.12067054082980143,-74.67946775872423,-1.1573229341274334,38.92112979287397,0.6295741068180681,8.289390026201962,0.2719344611720337,0.7781205029698073,0.00015748,1.2328645359549786,0.00081957,0,0.0
7551,0.8717775777835446,0.3150977224848157,-1.54e-06,2.207605765924382,2.41508007668732,16.61478347045225,1.0052136313683062,11.41766746055159,0.12067054082980143,-61.77089094433875,-1.1573229341274334,4.481132634149704,0.6295741068180681,37.73042655024803,0.2719344611720337,0.40332167294184496,0.00015748,0.6602772401970061,0.00081957,0,0.0
7552,0.0035185504870218764,0.023049198596699644,-1.54e-06,2.207605765924382,2.41508007668732,88.59160589364497,1.0052136313683062,15.074540596991644,0.12067054082980143,-59.29185675534011,-1.1573229341274334,-3.2951896751534644,0.6295741068180681,-12.145081980348191,0.2719344611720337,0.37099822249655257,0.00015748,1.0362300469872179,0.00081957,0,0.0
7553,-0.006852763141981355,0.5570294337135313,-1.54e-06,2.207605765924382,2.41508007668732,-61.73008845568225,1.0052136313683062,0.11760173751812641,0.12067054082980143,-78.30472950534335,-1.1573229341274334,89.12988463438178,0.6295741068180681,65.9748756507074,0.2719344611720337,-0.06124747628191801,0.00015748,0.8502825563645151,0.00081957,1,0.0
7554,0.11558602369479161,0.008585216675408638,-1.54e-06,2.207605765924382,2.41508007668732,-30.55800391952932,1.0052136313683062,0.6701635073577994,0.12067054082980143,-33.63462009398916,-1.1573229341274334,29.332323567504258,0.6295741068180681,33.92177209942694,0.2719344611720337,-0.02633261978905858,0.00015748,0.02762579502443761,0.00081957,1,0.0
7555,2.17084686175433,2.4156652233825913,-1.54e-06,2.207605765924382,2.41508007668732,0.6091435524925518,1.0052136313683062,18.7060024123156,0.12067054082980143,-69.5391150320334,-1.1573229341274334,-51.747375126969146,0.6295741068180681,76.46121378348089,0.2719344611720337,-0.8385499302006848,0.00015748,0.9367096004560594,0.00081957,1,0.0
7556,-0.6141227493836676,20.28425241139285,-1.54e-06,2.207605765924382,2.41508007668732,-75.92578204785345,1.0052136313683062,19.63765979809371,0.12067054082980143,-57.93514040410327,-1.1573229341274334,-5.115835446143154,0.6295741068180681,40.57932239200079,0.2719344611720337,-4.574714375304615,0.00015748,0.887731210102066,0.00081957,1,0.0
7557,-0.002585830575124737,0.2187142082437657,-1.54e-06,2.207605765924382,2.41508007668732,80.21689397560611,1.0052136313683062,9.573449818730332,0.12067054082980143,-44.79944383915344,-1.1573229341274334,12.77711598041473,0.6295741068180681,-17.20807653889779,0.2719344611720337,0.6854545292871813,0.00015748,1.3983240566487627,0.00081957,0,0.0
7558,1.9330190910275815,1.3585411656535513,-1.54e-06,2.207605765924382,2.41508007668732,66.30909725910222,1.0052136313683062,23.160611378246575,0.12067054082980143,-83.17132193861907,-1.1573229341274334,-44.3218619569895,0.6295741068180681,45.49632792249718,0.2719344611720337,0.3052890258476785,0.00015748,1.397298789842655,0.00081957,0,0.0
7559,0.0012860203211255694,0.2840485180895555,-1.54e-06,2.207605765924382,2.41508007668732,38.94683285706947,1.0052136313683062,6.8039178699208245,0.12067054082980143,-59.09243413838884,-1.1573229341274334,48.55416589266465,0.6295741068180681,6.064893388572173,0.2719344611720337,0.545281982577488,0.00015748,1.7473272117319163,0.00081957,0,0.0
7560,0.18945281734308494,0.080126136136429,-1.54e-06,2.207605765924382,2.41508007668732,-72.12343027836339,1.0052136313683062,3.7628690423566806,0.12067054082980143,-98.87468053496684,-1.1573229341274334,79.88688930165421,0.6295741068180681,88.75162151840617,0.2719344611720337,-0.11022577641216605,0.00015748,0.11121499139529126,0.00081957,1,0.0
7561,1.8926795005887744,1.312827248467889,-1.54e-06,2.207605765924382,2.41508007668732,56.815174414154185,1.0052136313683062,21.296597355894676,0.12067054082980143,-76.38505469008014,-1.1573229341274334,-42.11781742039733,0.6295741068180681,45.6382510754658,0.2719344611720337,0.30444588138093387,0.00015748,1.274470139223756,0.00081957,0,0.0
7562,1.810781679379318,1.3438639370050898,-1.54e-06,2.207605765924382,2.41508007668732,99.82998939576068,1.0052136313683062,28.161933517487192,0.12067054082980143,-85.73038901710044,-1.1573229341274334,-57.32516791665428,0.6295741068180681,26.371056089914774,0.2719344611720337,0.2874772897319188,0.00015748,1.6544730152833638,0.00081957,0,0.0
7563,1.8708169410210738,1.8368777274015387,-1.54e-06,2.207605765924382,2.41508007668732,29.33219269542467,1.0052136313683062,9.66054385352084,0.12067054082980143,-45.970059928282254,-1.1573229341274334,-28.83773781089586,0.6295741068180681,47.46940853981858,0.2719344611720337,0.31018036460339693,0.00015748,1.341656498547081,0.00081957,0,0.0
7564,0.11350326367512076,0.10043369366511473,-1.54e-06,2.207605765924382,2.41508007668732,-32.7948608355565,1.0052136313683062,6.1441419917574445,0.12067054082980143,-100.0,-1.1573229341274334,83.62518937529482,0.6295741068180681,65.26608062386073,0.2719344611720337,0.31299833916173586,0.00015748,0.9047985998232255,0.00081957,0,0.0
7565,1.3345157134357772,0.6467224256427602,-1.54e-06,2.207605765924382,2.41508007668732,-30.613095614321903,1.0052136313683062,9.528884460924301,0.12067054082980143,-62.61001063243452,-1.1573229341274334,-4.039345747955901,0.6295741068180681,72.57800709512462,0.2719344611720337,-0.43985333366918894,0.00015748,0.44510400391552446,0.00081957,1,0.0
7566,0.04281691761242712,0.0125520183039766,-1.54e-06,2.207605765924382,2.41508007668732,2.5751603576125865,1.0052136313683062,8.472069431895767,0.12067054082980143,-77.51936101476664,-1.1573229341274334,49.67067885260411,0.6295741068180681,36.03100742723577,0.2719344611720337,0.41646040815955593,0.00015748,0.6292108427996602,0.00081957,0,0.0
7567,-0.005452865995515976,0.3504362673292409,-1.54e-06,2.207605765924382,2.41508007668732,17.606512006119672,1.0052136313683062,5.068833078041729,0.12067054082980143,-57.16756939234324,-1.1573229341274334,62.4279111441058,0.6295741068180681,11.545811089003024,0.2719344611720337,0.3611228162704859,0.00015748,2.0312211907310926,0.00081957,0,0.0
7568,0.3621382228690413,0.07565694467238993,-1.54e-06,2.207605765924382,2.41508007668732,1.344512859266916,1.0052136313683062,3.0791962696201174,0.12067054082980143,-11.818566940972214,-1.1573229341274334,-9.301054197721783,0.6295741068180681,12.777342803191056,0.2719344611720337,-0.16048567878234504,0.00015748,0.16564163207707988,0.00081957,1,0.0
7569,0.20745498699000886,0.06811701391660348,-1.54e-06,2.207605765924382,2.41508007668732,31.493870186485328,1.0052136313683062,8.012159989540944,0.12067054082980143,-40.37673257365032,-1.1573229341274334,9.230772417510664,0.6295741068180681,7.192683562352421,0.2719344611720337,0.4879982508995328,0.00015748,0.5112051605225767,0.00081957,0,0.0
7570,1.2068968522019055,0.6731185574536293,-1.54e-06,2.207605765924382,2.41508007668732,-26.066451422076945,1.0052136313683062,10.897633949546112,0.12067054082980143,-75.23988709100219,-1.1573229341274334,5.231223970300337,0.6295741068180681,74.40641293080955,0.2719344611720337,-0.40523171827805665,0.00015748,0.5269375171474451,0.00081957,1,0.0
7571,2.488917954451625,7.941018415555587,-1.54e-06,2.207605765924382,2.41508007668732,66.03129300723567,1.0052136313683062,1.8775056876618965,0.12067054082980143,-37.39659546833662,-1.1573229341274334,-10.531888283113668,0.6295741068180681,40.883322361923774,0.2719344611720337,0.2415701611725749,0.00015748,4.101553659418631,0.00081957,0,0.0
7572,2.641147159612028,3.0302715124078374,-1.54e-06,2.207605765924382,2.41508007668732,3.9190509790375003,1.0052136313683062,17.61062533305939,0.12067054082980143,-54.88788453430329,-1.1573229341274334,-74.50850268616676,0.6295741068180681,78.67640806783749,0.2719344611720337,-0.8324265211590014,0.00015748,0.9578349449372452,0.00081957,1,0.0
7573,0.4347304768681147,0.18705861711347632,-1.54e-06,2.207605765924382,2.41508007668732,7.752389542851334,1.0052136313683062,6.187167085411545,0.12067054082980143,-56.11187105601432,-1.1573229341274334,27.181997801627485,0.6295741068180681,32.32509354783288,0.2719344611720337,0.3806774551793902,0.00015748,0.7439190038158524,0.00081957,0,0.0
7574,0.5067172166875531,0.14741383098350927,-1.54e-06,2.207605765924382,2.41508007668732,55.79480915323796,1.0052136313683062,14.220275313728326,0.12067054082980143,-61.49510198904327,-1.1573229341274334,-3.845679310602282,0.6295741068180681,12.963064756200946,0.2719344611720337,0.35047150702703417,0.00015748,0.8851030129289346,0.00081957,0,0.0
7575,1.1554107800213334,0.6701015194944439,-1.54e-06,2.207605765924382,2.41508007668732,8.92022216799388,1.0052136313683062,8.392088211207113,0.12067054082980143,-20.936191407722436,-1.1573229341274334,-39.67432717735982,0.6295741068180681,29.70757588256857,0.2719344611720337,-0.4557272063512965,0.00015748,0.46132453138052787,0.00081957,1,0.0
7576,-1.322879978819055,4.674327705493528,-1.54e-06,2.207605765924382,2.41508007668732,18.208877170372165,1.0052136313683062,-4.256846848045921,0.12067054082980143,-0.1416170694547743,-1.1573229341274334,71.52057441423511,0.6295741068180681,-44.89543180559959,0.2719344611720337,-0.27527927966334687,0.00015748,2.021969446680909,0.00081957,1,0.0
7577,0.009961268359110043,0.23505762746491693,-1.54e-06,2.207605765924382,2.41508007668732,-27.325922504886947,1.0052136313683062,4.584917636623535,0.12067054082980143,-86.00372953342276,-1.1573229341274334,82.82724184301398,0.6295741068180681,51.728396275685796,0.2719344611720337,0.23047583017927392,0.00015748,1.219713571489917,0.00081957,0,0.0
7578,0.8014764756854375,0.36912171262066745,-1.54e-06,2.207605765924382,2.41508007668732,-22.39048603172217,1.0052136313683062,9.299611525584494,0.12067054082980143,-73.52422105827377,-1.1573229341274334,20.893945380062494,0.6295741068180681,62.88636924298431,0.2719344611720337,-0.14070716074425244,0.00015748,0.4533009225310009,0.00081957,1,0.0
7579,0.3683700319480938,0.44413238172922304,-1.54e-06,2.207605765924382,2.41508007668732,-82.27269364360924,1.0052136313683062,-5.655092796905923,0.12067054082980143,-25.827564581697054,-1.1573229341274334,50.67279973399736,0.6295741068180681,57.16099744044728,0.2719344611720337,-0.43259834600837405,0.00015748,0.43595134648392225,0.00081957,1,0.0
7580,0.6205658867417143,0.2112535950195233,-1.54e-06,2.207605765924382,2.41508007668732,-34.06369874215983,1.0052136313683062,7.3437617503805805,0.12067054082980143,-100.0,-1.1573229341274334,63.48895527166849,0.6295741068180681,78.08405398464727,0.2719344611720337,0.3988009103484339,0.00015748,0.6497596480073239,0.00081957,0,0.0
7581,1.0291756107175827,0.40816461374076835,-1.54e-06,2.207605765924382,2.41508007668732,-53.781703819334524,1.0052136313683062,9.126712060098816,0.12067054082980143,-96.01144782858051,-1.1573229341274334,36.104649710256844,0.6295741068180681,95.39094535610619,0.2719344611720337,-0.3914868501396358,0.00015748,0.39812272692728734,0.00081957,1,0.0
7582,0.8449118809212877,0.6435016387686598,-1.54e-06,2.207605765924382,2.41508007668732,-95.50196533895986,1.0052136313683062,-5.3013519019462185,0.12067054082980143,-24.47099779089878,-1.1573229341274334,40.77191489953282,0.6295741068180681,71.18421588942851,0.2719344611720337,-0.44742703761067315,0.00015748,0.4374866104438052,0.00081957,1,0.0
7583,0.34537743319330527,1.7382459843419014,-1.54e-06,2.207605765924382,2.41508007668732,50.59865796744934,1.0052136313683062,1.3020683483129847,0.12067054082980143,-66.91779123386614,-1.1573229341274334,62.587995249991764,0.6295741068180681,19.191193762026227,0.2719344611720337,0.288459619989746,0.00015748,3.038569647699039,0.00081957,0,0.0
7584,-0.5304132276217062,1.7534989812800872,-1.54e-06,2.207605765924382,2.41508007668732,76.54392433217603,1.0052136313683062,6.471804935658875,0.12067054082980143,-54.36381625596625,-1.1573229341274334,79.73383060743186,0.6295741068180681,-33.541931025707,0.2719344611720337,0.608571019267969,0.00015748,3.5295136089216657,0.00081957,0,0.0
7585,0.7244784903677903,0.3087658107380795,-1.54e-06,2.207605765924382,2.41508007668732,91.8471440935311,1.0052136313683062,18.522122281463385,0.12067054082980143,-55.80680102960216,-1.1573229341274334,-32.18431645905,0.6295741068180681,-3.0174376718176257,0.2719344611720337,0.31710498104062146,0.00015748,1.1782814354684243,0.00081957,0,0.0
7586,1.6420774525668742,0.6096532977511506,-1.54e-06,2.207605765924382,2.41508007668732,-69.41058259656403,1.0052136313683062,4.859207880750868,0.12067054082980143,-54.288387412889676,-1.1573229341274334,6.5004563602972985,0.6295741068180681,91.25015434726431,0.2719344611720337,-0.16632129264730874,0.00015748,0.15810667771871875,0.00081957,1,0.0
7587,2.079124021977998,1.1347936599302237,-1.54e-06,2.207605765924382,2.41508007668732,-51.165545110285336,1.0052136313683062,7.139896584405328,0.12067054082980143,-41.490109649437386,-1.1573229341274334,-26.142174677421607,0.6295741068180681,85.10708042564445,0.2719344611720337,-0.3066966926073857,0.00015748,0.3063158995104866,0.00081957,1,0.0
7588,-0.0012399206914821825,0.1574629771447739,-1.54e-06,2.207605765924382,2.41508007668732,-24.78086827509793,1.0052136313683062,-0.9913622001247687,0.12067054082980143,-23.89592350431414,-1.1573229341274334,30.892180351043805,0.6295741068180681,23.42481284581808,0.2719344611720337,-0.06581096695071106,0.00015748,0.28023402505509654,0.00081957,1,0.0
7589,1.2212032751080937,0.6115166768764366,-1.54e-06,2.207605765924382,2.41508007668732,93.91536672784882,1.0052136313683062,24.639986449551746,0.12067054082980143,-92.52013125405117,-1.1573229341274334,-30.09566708834684,0.6295741068180681,24.137935900644603,0.2719344611720337,0.29807433685470874,0.00015748,1.5175441273316612,0.00081957,0,0.0
7590,-0.7484067312497511,2.3821366590043924,-1.54e-06,2.207605765924382,2.41508007668732,-45.06244519733004,1.0052136313683062,0.2328569186255548,0.12067054082980143,-48.96801326686999,-1.1573229341274334,76.09847615425547,0.6295741068180681,25.636738275283122,0.2719344611720337,-0.4645732646298355,0.00015748,0.6305175979657194,0.00081957,1,0.0
7591,0.12662882171895606,0.11043339052791848,-1.54e-06,2.207605765924382,2.41508007668732,52.465879924788,1.0052136313683062,5.989513181732985,0.12067054082980143,-5.046246513757745,-1.1573229341274334,-15.541013209959905,0.6295741068180681,-22.681594785194388,0.2719344611720337,0.42839626455380586,0.00015748,0.5771843471233905,0.00081957,0,0.0
7592,0.34715806880549627,0.10005018066129928,-1.54e-06,2.207605765924382,2.41508007668732,66.68913890561747,1.0052136313683062,15.256975594784445,0.12067054082980143,-61.025153228133156,-1.1573229341274334,-4.855389026880459,0.6295741068180681,3.858316090330821,0.2719344611720337,0.349932205659486,0.00015748,0.9330906514115098,0.00081957,0,0.0
7593,0.17086134781873596,16.66974443285531,-1.54e-06,2.207605765924382,2.41508007668732,27.663759712886375,1.0052136313683062,33.61469045542863,0.12067054082980143,-76.90887517989324,-1.1573229341274334,-26.394150288623283,0.6295741068180681,3.351506362504488,0.2719344611720337,-2.709824443088426,0.00015748,2.2618964320696056,0.00081957,1,0.0
7594,0.9858287672262198,0.22138781035897856,-1.54e-06,2.207605765924382,2.41508007668732,-69.71460510273938,1.0052136313683062,0.689497750515752,0.12067054082980143,-45.97906995509148,-1.1573229341274334,28.083142430059905,0.6295741068180681,74.85600641522846,0.2719344611720337,-0.0674366878230324,0.00015748,0.06618202989952031,0.00081957,1,0.0
7595,1.2170647213747452,0.4695690831654194,-1.54e-06,2.207605765924382,2.41508007668732,-76.98722909791604,1.0052136313683062,-1.363748793649169,0.12067054082980143,-28.493283319343508,-1.1573229341274334,17.268145213821384,0.6295741068180681,73.0171498085221,0.2719344611720337,-0.18163782503335096,0.00015748,0.17917966660057993,0.00081957,1,0.0
7596,-0.13188322200770664,0.9572500143986807,-1.54e-06,2.207605765924382,2.41508007668732,82.33427925711482,1.0052136313683062,14.47225843931471,0.12067054082980143,-99.98778665728993,-1.1573229341274334,77.35191201735313,0.6295741068180681,-3.0053865578827392,0.2719344611720337,1.038758877575692,0.00015748,2.985150229480242,0.00081957,0,0.0
7597,0.3689920799840489,0.1553576756417201,-1.54e-06,2.207605765924382,2.41508007668732,-17.960320539374987,1.0052136313683062,7.080168673418136,0.12067054082980143,-75.38056909526897,-1.1573229341274334,43.33782742811001,0.6295741068180681,52.717419537693736,0.2719344611720337,0.3079276743506564,0.00015748,0.38276790290893603,0.00081957,0,0.0
7598,0.002351549249425433,0.5340966233800294,-1.54e-06,2.207605765924382,2.41508007668732,11.75656843185391,1.0052136313683062,1.373328472508629,0.12067054082980143,-26.940614460678315,-1.1573229341274334,38.97577454854596,0.6295741068180681,2.3691564582639733,0.2719344611720337,0.16874048214933313,0.00015748,1.491729158601312,0.00081957,0,0.0
7599,0.5159562824786037,0.1762611841876099,-1.54e-06,2.207605765924382,2.41508007668732,48.88141824727072,1.0052136313683062,11.034331536563029,0.12067054082980143,-41.684089856418574,-1.1573229341274334,-10.222326488419155,0.6295741068180681,6.38943842461604,0.2719344611720337,0.38348785803447794,0.00015748,0.7196282730174354,0.00081957,0,0.0
7600,0.0006023500615357641,0.05395150134050066,-1.54e-06,1.157213583065995,4.172918713237247,-1.744514026070016,1.0052136313683062,5.662160754749549,0.12067054082980143,-29.400411415095565,-1.1573229341274334,59.1389095638359,0.6295741068180681,5.385764964960626,0.2719344611720337,0.022360618130577964,0.00015748,0.08923121349736508,0.00081957,0,0.0
7601,0.5788173945298303,0.13873631748830165,-1.54e-06,1.157213583065995,4.172918713237247,65.15054149519,1.0052136313683062,51.40336448039883,0.12067054082980143,-66.45442907256981,-1.1573229341274334,-47.154034039054295,0.6295741068180681,2.121967479032733,0.2719344611720337,0.3168958562720726,0.00015748,1.1883925496819554,0.00081957,0,0.0
7602,0.3527322735835978,0.026288372737938173,-1.54e-06,1.157213583065995,4.172918713237247,-37.97075778789436,1.0052136313683062,1.829153694058619,0.12067054082980143,-27.158042624465565,-1.1573229341274334,10.153159664098714,0.6295741068180681,42.682256232096755,0.2719344611720337,-0.050667278312335674,0.00015748,0.05124957792351375,0.00081957,1,0.0
7603,0.1256322541245371,0.060515847634952116,-1.54e-06,1.157213583065995,4.172918713237247,100.0,1.0052136313683062,38.61843559657767,0.12067054082980143,-34.10178242629301,-1.1573229341274334,6.850815228365453,0.6295741068180681,-47.13937441935216,0.2719344611720337,0.324997232109077,0.00015748,1.0880507192619597,0.00081957,0,0.0
7604,0.21606949317638097,0.12633601068178718,-1.54e-06,1.157213583065995,4.172918713237247,47.96080619843854,1.0052136313683062,22.027630675634086,0.12067054082980143,-36.06688478492298,-1.1573229341274334,86.30741545357616,0.6295741068180681,-18.879458409701922,0.2719344611720337,0.37138170190404907,0.00015748,0.5758831336746998,0.00081957,0,0.0
7605,1.0546983844473248,0.27194059577341867,-1.54e-06,1.157213583065995,4.172918713237247,14.414723643717801,1.0052136313683062,51.90562011963136,0.12067054082980143,-78.43778471154579,-1.1573229341274334,-86.88426174489781,0.6295741068180681,54.438102719974616,0.2719344611720337,0.32758760365495265,0.00015748,1.0548612600540883,0.00081957,0,0.0
7606,0.4909468430959102,0.05571521791468818,-1.54e-06,1.157213583065995,4.172918713237247,-55.10909583510653,1.0052136313683062,0.8249956880463403,0.12067054082980143,-41.09349690888961,-1.1573229341274334,21.891269735360947,0.6295741068180681,62.23928547069717,0.2719344611720337,-0.06809273219259293,0.00015748,0.06816288499006401,0.00081957,1,0.0
7607,0.4471709470574884,0.12987186921014654,-1.54e-06,1.157213583065995,4.172918713237247,-48.32750619349513,1.0052136313683062,16.734730005476262,0.12067054082980143,-71.06421313347089,-1.1573229341274334,-67.36586612308929,0.6295741068180681,74.82949654475004,0.2719344611720337,-0.15956964862630107,0.00015748,0.23754845144598036,0.00081957,1,0.0
7608,0.7471987394440583,0.18837901203183985,-1.54e-06,1.157213583065995,4.172918713237247,48.38328634083334,1.0052136313683062,44.570025429480026,0.12067054082980143,-41.63467238794571,-1.1573229341274334,-83.80479876564242,0.6295741068180681,11.914487110559202,0.2719344611720337,0.3298171736058768,0.00015748,1.0337345072327249,0.00081957,0,0.0
7609,0.6708641940891668,0.17733258966693022,-1.54e-06,1.157213583065995,4.172918713237247,45.593359096877656,1.0052136313683062,46.18735391394438,0.12067054082980143,-98.0305506219605,-1.1573229341274334,-2.048906296295411,0.6295741068180681,28.65869453335046,0.2719344611720337,0.3134862751362866,0.00015748,1.2351811287696652,0.00081957,0,0.0
7610,0.6697613320528307,0.08123367539722637,-1.54e-06,1.157213583065995,4.172918713237247,-81.91847902333957,1.0052136313683062,4.6659151245041155,0.12067054082980143,-77.20795387331204,-1.1573229341274334,37.832439523114616,0.6295741068180681,95.94747660319587,0.2719344611720337,-0.05071080469834764,0.00015748,0.05094398841657195,0.00081957,1,0.0
7611,0.00011752698455511079,0.10991153415341895,-1.54e-06,1.157213583065995,4.172918713237247,20.23381276649249,1.0052136313683062,11.458928112730943,0.12067054082980143,-4.894480268085254,-1.1573229341274334,-3.6802070249090733,0.6295741068180681,-13.14433863877027,0.2719344611720337,0.03714625195482124,0.00015748,0.1884619398263342,0.00081957,0,0.0
7612,0.5425597650270655,0.14036697554462188,-1.54e-06,1.157213583065995,4.172918713237247,32.412509900933,1.0052136313683062,35.444220209993595,0.12067054082980143,-73.08001646912562,-1.1573229341274334,44.652751247654095,0.6295741068180681,17.261334287534787,0.2719344611720337,0.35729152128838665,0.00015748,0.8283871060025354,0.00081957,0,0.0
7613,0.29943940440272326,0.011107097418120465,-1.54e-06,1.157213583065995,4.172918713237247,-28.127538735117557,1.0052136313683062,7.910191642627707,0.12067054082980143,-22.719233110010116,-1.1573229341274334,-46.97236679053319,0.6295741068180681,37.329437754820795,0.2719344611720337,-0.057665988968100206,0.00015748,0.05755971612656079,0.00081957,1,0.0
7614,0.30991259959644707,0.015679282133284702,-1.54e-06,1.157213583065995,4.172918713237247,-27.84201758884111,1.0052136313683062,0.9490695498121178,0.12067054082980143,-10.564787626193494,-1.1573229341274334,-24.760594409777347,0.6295741068180681,32.63869171739345,0.2719344611720337,-0.017738492348906742,0.00015748,0.017799056173458668,0.00081957,1,0.0
7615,0.41109356203493314,0.18231357420845762,-1.54e-06,1.157213583065995,4.172918713237247,22.879239963485023,1.0052136313683062,19.237814062568873,0.12067054082980143,-41.93909525516037,-1.1573229341274334,77.25598856398902,0.6295741068180681,5.931671326944821,0.2719344611720337,0.3685738464562311,0.00015748,0.49602178909304034,0.00081957,0,0.0
7616,0.12230812097779031,0.06168742947022958,-1.54e-06,1.157213583065995,4.172918713237247,82.2969082813881,1.0052136313683062,30.56394790290072,0.12067054082980143,-38.10219904623906,-1.1573229341274334,52.55961400960376,0.6295741068180681,-37.963774957198304,0.2719344611720337,0.34484332184336486,0.00015748,0.9102842378971254,0.00081957,0,0.0
7617,0.40144466225367603,0.17375943369481,-1.54e-06,1.157213583065995,4.172918713237247,88.95602694757332,1.0052136313683062,69.25973662104789,0.12067054082980143,-86.27747305950597,-1.1573229341274334,-22.51875304159922,0.6295741068180681,-19.04986043683417,0.2719344611720337,0.3105956664485876,0.00015748,1.3259878023145273,0.00081957,0,0.0
7618,0.6963585945740551,0.21720698998501267,-1.54e-06,1.157213583065995,4.172918713237247,3.087629698251461,1.0052136313683062,30.093769403348368,0.12067054082980143,-74.17117384693492,-1.1573229341274334,84.52928288283262,0.6295741068180681,35.29412046704849,0.2719344611720337,0.4267615479643669,0.00015748,0.5804570471854393,0.00081957,0,0.0
7619,0.5986363918438012,0.1550446620293149,-1.54e-06,1.157213583065995,4.172918713237247,67.32297343324876,1.0052136313683062,42.21089034958735,0.12067054082980143,-38.393645033291605,-1.1573229341274334,-72.56083673435572,0.6295741068180681,-4.077145974715792,0.2719344611720337,0.3191518335757018,0.00015748,1.1393893834134365,0.00081957,0,0.0
7620,0.21078117002198504,0.005678670838256049,-1.54e-06,1.157213583065995,4.172918713237247,-21.93928583892211,1.0052136313683062,2.2008560150662158,0.12067054082980143,-16.359316640378225,-1.1573229341274334,-9.518707566475898,0.6295741068180681,26.524394473431595,0.2719344611720337,-0.004662073462596023,0.00015748,0.004673111755445904,0.00081957,1,0.0
7621,0.2671036334801251,0.17162466297443474,-1.54e-06,1.157213583065995,4.172918713237247,50.19385001672544,1.0052136313683062,17.07779586949189,0.12067054082980143,-33.04175104051004,-1.1573229341274334,56.96638889061462,0.6295741068180681,-12.81670645682667,0.2719344611720337,0.30004894812952837,0.00015748,0.7367552943204032,0.00081957,0,0.0
7622,0.5192444881040038,0.05222279870925438,-1.54e-06,1.157213583065995,4.172918713237247,-65.52760605926665,1.0052136313683062,20.157579442960703,0.12067054082980143,-87.66037477124048,-1.1573229341274334,-33.46683346615195,0.6295741068180681,87.79043115863169,0.2719344611720337,-0.15067426922485727,0.00015748,0.15067171594460144,0.00081957,1,0.0
7623,0.24566547156646856,0.07127569234530641,-1.54e-06,1.157213583065995,4.172918713237247,99.50905772851054,1.0052136313683062,51.316053309589385,0.12067054082980143,-70.90550840317489,-1.1573229341274334,-2.9372217745979303,0.6295741068180681,-29.444409612925096,0.2719344611720337,0.30768210221717474,0.00015748,1.337214057096751,0.00081957,0,0.0
7624,0.3998239287937686,0.1055278092274897,-1.54e-06,1.157213583065995,4.172918713237247,92.69793535042294,1.0052136313683062,45.76354801763569,0.12067054082980143,-35.240934273019306,-1.1573229341274334,-64.29613354102693,0.6295741068180681,-28.100237528856628,0.2719344611720337,0.31325898126426144,0.00015748,1.2370499885194957,0.00081957,0,0.0
7625,0.41244085830473304,0.17419808649072477,-1.54e-06,1.157213583065995,4.172918713237247,43.801572484983396,1.0052136313683062,18.623029539867936,0.12067054082980143,-52.055983821652134,-1.1573229341274334,90.88368158983664,0.6295741068180681,0.4447172646466946,0.2719344611720337,0.37076442070736204,0.00015748,0.8334654614831006,0.00081957,0,0.0
7626,0.5178930306332781,0.1298326028616354,-1.54e-06,1.157213583065995,4.172918713237247,74.04679217313769,1.0052136313683062,45.98165952537451,0.12067054082980143,-41.910036957202884,-1.1573229341274334,-62.55268868617089,0.6295741068180681,-11.935728828146832,0.2719344611720337,0.3201784608271468,0.00015748,1.1406166778223126,0.00081957,0,0.0
7627,0.3817589358642155,0.09462813337991482,-1.54e-06,1.157213583065995,4.172918713237247,96.92703446391303,1.0052136313683062,64.94393264120309,0.12067054082980143,-98.97641885466844,-1.1573229341274334,-21.534014804535452,0.6295741068180681,-14.237344349488772,0.2719344611720337,0.29947125425005017,0.00015748,1.5135757920862218,0.00081957,0,0.0
7628,0.6838810064168394,0.1746233513195395,-1.54e-06,1.157213583065995,4.172918713237247,22.18316595936092,1.0052136313683062,37.45593788048192,0.12067054082980143,-74.50984575146255,-1.1573229341274334,21.120087354451965,0.6295741068180681,29.820827261937815,0.2719344611720337,0.35777990961534767,0.00015748,0.8305121545129169,0.00081957,0,0.0
7629,0.43556865921437277,0.08153062406922,-1.54e-06,1.157213583065995,4.172918713237247,-48.8730828605464,1.0052136313683062,-4.8601039860315725,0.12067054082980143,-28.870023472460765,-1.1573229341274334,39.14752355948196,0.6295741068180681,52.13226226108788,0.2719344611720337,-0.11225702666605153,0.00015748,0.1124370775732414,0.00081957,1,0.0
7630,0.3561221437344968,0.09630701553445373,-1.54e-06,1.157213583065995,4.172918713237247,50.858862854338184,1.0052136313683062,36.372060334564466,0.12067054082980143,-73.75499214747396,-1.1573229341274334,64.4939332463631,0.6295741068180681,-0.9809287634372271,0.2719344611720337,0.347757452386763,0.00015748,0.8891102997155331,0.00081957,0,0.0
7631,0.2697555178338881,0.08766599772288615,-1.54e-06,1.157213583065995,4.172918713237247,69.23114520032735,1.0052136313683062,32.101695355898634,0.12067054082980143,-36.93655300118146,-1.1573229341274334,29.615377534825708,0.6295741068180681,-25.031324802311783,0.2719344611720337,0.3516797899040141,0.00015748,0.8644361416159645,0.00081957,0,0.0
7632,0.11441515076085304,0.004948084402205222,-1.54e-06,1.157213583065995,4.172918713237247,-18.009596037889775,1.0052136313683062,0.8581372930136081,0.12067054082980143,-22.40943534362805,-1.1573229341274334,31.547168994897568,0.6295741068180681,19.87056408551534,0.2719344611720337,-0.029893342888341855,0.00015748,0.030578823817803476,0.00081957,1,0.0
7633,0.8248979716560503,0.21824305481584058,-1.54e-06,1.157213583065995,4.172918713237247,3.059236376720673,1.0052136313683062,37.582075875123714,0.12067054082980143,-88.54693648697199,-1.1573229341274334,26.30119644393909,0.6295741068180681,50.58085747912784,0.2719344611720337,0.3614890022048223,0.00015748,0.7947608390782674,0.00081957,0,0.0
7634,0.4277728423412986,0.11180206631111628,-1.54e-06,1.157213583065995,4.172918713237247,34.85534799276484,1.0052136313683062,35.757569766133315,0.12067054082980143,-87.32770439891085,-1.1573229341274334,86.81207855096926,0.6295741068180681,13.748940533377542,0.2719344611720337,0.3592396482653397,0.00015748,0.8203239067742203,0.00081957,0,0.0
7635,0.022140308822000188,0.08108699970510766,-1.54e-06,1.157213583065995,4.172918713237247,-6.90686441306031,1.0052136313683062,16.41202273949066,0.12067054082980143,-36.13983818419233,-1.1573229341274334,-52.20247098936692,0.6295741068180681,19.608103637420058,0.2719344611720337,-0.17850086582105912,0.00015748,0.18334056524377373,0.00081957,1,0.0
7636,0.5418526020750394,0.09251391518246511,-1.54e-06,1.157213583065995,4.172918713237247,-51.719932737297604,1.0052136313683062,-4.787170626327931,0.12067054082980143,-17.26870472378626,-1.1573229341274334,-10.721966345304933,0.6295741068180681,57.63432939696996,0.2719344611720337,-0.09303149528315006,0.00015748,0.09402594014325495,0.00081957,1,0.0
7637,0.29612356097716297,0.0163703863298629,-1.54e-06,1.157213583065995,4.172918713237247,-40.672794881619005,1.0052136313683062,10.991498522325763,0.12067054082980143,-57.21512833084736,-1.1573229341274334,-5.6838730831634905,0.6295741068180681,53.98905017739649,0.2719344611720337,-0.08090746403756237,0.00015748,0.08083204858272268,0.00081957,1,0.0
7638,0.5954985639977826,0.1613594888899556,-1.54e-06,1.157213583065995,4.172918713237247,19.725741202481377,1.0052136313683062,31.697789601784766,0.12067054082980143,-75.46795263804529,-1.1573229341274334,63.61497321509931,0.6295741068180681,26.20796675676805,0.2719344611720337,0.37868242302980015,0.00015748,0.7341846738128078,0.00081957,0,0.0
7639,0.35890117357906476,0.01519102628515739,-1.54e-06,1.157213583065995,4.172918713237247,-30.542289035693965,1.0052136313683062,8.429800855807189,0.12067054082980143,-18.4904497861333,-1.1573229341274334,-68.57877549241825,0.6295741068180681,40.886730076000156,0.2719344611720337,-0.06473387510672256,0.00015748,0.06469383332702434,0.00081957,1,0.0
7640,0.23302912572388396,0.030688693390776758,-1.54e-06,1.157213583065995,4.172918713237247,-26.981380664590542,1.0052136313683062,-2.6135730798393513,0.12067054082980143,-16.72746072639209,-1.1573229341274334,36.1454800692958,0.6295741068180681,27.035313237618087,0.2719344611720337,-0.08405282805330525,0.00015748,0.08401566034231323,0.00081957,1,0.0
7641,0.21906227492297037,0.02831595280095426,-1.54e-06,1.157213583065995,4.172918713237247,-27.042012959061847,1.0052136313683062,-4.027924373246241,0.12067054082980143,-18.41439373682547,-1.1573229341274334,31.065017437502657,0.6295741068180681,28.91984583569725,0.2719344611720337,-0.06727506539426797,0.00015748,0.06722900141987803,0.00081957,1,0.0
7642,0.3644238347204922,0.12242244431724103,-1.54e-06,1.157213583065995,4.172918713237247,41.78907612267663,1.0052136313683062,29.051576691152466,0.12067054082980143,-51.27608620928124,-1.1573229341274334,79.83155986167903,0.6295741068180681,-5.847945876881824,0.2719344611720337,0.3993203556614829,0.00015748,0.6579218932873823,0.00081957,0,0.0
7643,0.5034923333041523,0.183784798263593,-1.54e-06,1.157213583065995,4.172918713237247,80.51167634601454,1.0052136313683062,62.45946848750517,0.12067054082980143,-59.52974186093001,-1.1573229341274334,-58.77258393964843,0.6295741068180681,-16.6686186012545,0.2719344611720337,0.31795278261878424,0.00015748,1.207282395590439,0.00081957,0,0.0
7644,0.2906851487211698,0.09315727166286368,-1.54e-06,1.157213583065995,4.172918713237247,47.837018543536445,1.0052136313683062,28.628173795245885,0.12067054082980143,-63.36453760792064,-1.1573229341274334,94.40563646374109,0.6295741068180681,-6.637103678240741,0.2719344611720337,0.37403975245884935,0.00015748,0.7541854960861055,0.00081957,0,0.0
7645,0.0016156427469911638,0.0036096774046278537,-1.54e-06,1.157213583065995,4.172918713237247,-15.456560044542282,1.0052136313683062,5.474877072653138,0.12067054082980143,-42.92773568867239,-1.1573229341274334,56.67157540808342,0.6295741068180681,19.213494192724024,0.2719344611720337,-0.038994822734810836,0.00015748,0.03894609587953175,0.00081957,1,0.0
7646,0.4560030415609857,0.12119382175837133,-1.54e-06,1.157213583065995,4.172918713237247,59.687951525404316,1.0052136313683062,36.491709892147284,0.12067054082980143,-41.13005255873112,-1.1573229341274334,-10.169364434222459,0.6295741068180681,-9.007956279909973,0.2719344611720337,0.3421576173839348,0.00015748,0.928897407945089,0.00081957,0,0.0
7647,0.557977604684366,0.149210702253901,-1.54e-06,1.157213583065995,4.172918713237247,24.83675099997533,1.0052136313683062,33.33392815599485,0.12067054082980143,-73.48274397477844,-1.1573229341274334,61.59186724735383,0.6295741068180681,20.659195865095406,0.2719344611720337,0.3769570270346924,0.00015748,0.7436163949172847,0.00081957,0,0.0
7648,0.09795140664942747,0.051012369782030664,-1.54e-06,1.157213583065995,4.172918713237247,91.68363653606019,1.0052136313683062,40.84625225609993,0.12067054082980143,-65.55435997591019,-1.1573229341274334,55.450345223429025,0.6295741068180681,-35.3416645429462,0.2719344611720337,0.32241427744303874,0.00015748,1.112615047337576,0.00081957,0,0.0
7649,0.33133715045286183,0.12679264423348083,-1.54e-06,1.157213583065995,4.172918713237247,100.0,1.0052136313683062,51.78587123053868,0.12067054082980143,-23.049692762128917,-1.1573229341274334,-74.48161740008887,0.6295741068180681,-42.84843654984538,0.2719344611720337,0.3196311072593572,0.00015748,1.153818867552243,0.00081957,0,0.0
7650,0.9281807786910037,0.4028333812345253,-1.54e-06,1.157213583065995,4.172918713237247,53.250224916951375,1.0052136313683062,54.09214788218951,0.12067054082980143,-99.99735026235257,-1.1573229341274334,49.89819988289689,0.6295741068180681,24.683689989237923,0.2719344611720337,0.5939531724293975,0.00015748,1.3079491195168087,0.00081957,0,0.0
7651,0.7300689352796115,0.2337429835475415,-1.54e-06,1.157213583065995,4.172918713237247,20.509106168664946,1.0052136313683062,45.312399234079805,0.12067054082980143,-69.48118037256064,-1.1573229341274334,21.9010108095958,0.6295741068180681,24.815648637012323,0.2719344611720337,0.36890797486125704,0.00015748,0.7738197278118278,0.00081957,0,0.0
7652,0.0015260184201631166,0.057000000510401744,-1.54e-06,1.157213583065995,4.172918713237247,-21.139672809971657,1.0052136313683062,13.135675357301935,0.12067054082980143,-81.6675298869603,-1.1573229341274334,99.91703822124578,0.6295741068180681,32.07101612868548,0.2719344611720337,-0.03978945332732112,0.00015748,0.12973570615511384,0.00081957,1,0.0
7653,0.8451512258698876,0.20661199144590334,-1.54e-06,1.157213583065995,4.172918713237247,13.66763495500715,1.0052136313683062,47.5229400226791,0.12067054082980143,-99.65185264809226,-1.1573229341274334,-1.551904855187068,0.6295741068180681,49.833304109371596,0.2719344611720337,0.335388619831998,0.00015748,0.9737388362665611,0.00081957,0,0.0
7654,1.269576963921589,0.7912284757672842,-1.54e-06,1.157213583065995,4.172918713237247,43.11588769347774,1.0052136313683062,38.80507677390048,0.12067054082980143,-26.74761228146536,-1.1573229341274334,27.951973268786755,0.6295741068180681,15.870731288679009,0.2719344611720337,0.8293981627945167,0.00015748,1.0085194445762422,0.00081957,0,0.0
7655,0.18697169634998187,0.10112771240968552,-1.54e-06,1.157213583065995,4.172918713237247,-29.89458165203206,1.0052136313683062,22.231265434005834,0.12067054082980143,-67.34921866015677,-1.1573229341274334,-50.849712737124534,0.6295741068180681,49.094491338869744,0.2719344611720337,-0.21687029696387067,0.00015748,0.2168112076740153,0.00081957,1,0.0
7656,0.6285706075475682,0.06820483288027515,-1.54e-06,1.157213583065995,4.172918713237247,-66.32607911005145,1.0052136313683062,4.190127118674983,0.12067054082980143,-47.124565620765246,-1.1573229341274334,-0.7810773871039158,0.6295741068180681,76.59644352507597,0.2719344611720337,-0.0584647137327111,0.00015748,0.05990503966007585,0.00081957,1,0.0
7657,0.5602777458956989,0.17628857060349826,-1.54e-06,1.157213583065995,4.172918713237247,40.74652426648923,1.0052136313683062,23.29920721470329,0.12067054082980143,-25.854994802035193,-1.1573229341274334,6.586079733759356,0.6295741068180681,1.4827772895552151,0.2719344611720337,0.37149644537814364,0.00015748,0.7627594481025649,0.00081957,0,0.0
7658,0.8487786318898136,0.26301647475763734,-1.54e-06,1.157213583065995,4.172918713237247,-3.64968418060961,1.0052136313683062,33.22873209684994,0.12067054082980143,-64.95699851174159,-1.1573229341274334,20.771728498748292,0.6295741068180681,45.47573711796224,0.2719344611720337,0.38391822554886657,0.00015748,0.6114336400281978,0.00081957,0,0.0
7659,0.024698396778304654,0.04096906768530302,-1.54e-06,1.157213583065995,4.172918713237247,98.22646122980862,1.0052136313683062,40.11246488257486,0.12067054082980143,-67.7221024107909,-1.1573229341274334,69.01461390107099,0.6295741068180681,-41.24517663146749,0.2719344611720337,0.31973566397316583,0.00015748,1.1439616620904172,0.00081957,0,0.0
7660,0.4875524636747566,0.12410776147978873,-1.54e-06,1.157213583065995,4.172918713237247,76.87169667218377,1.0052136313683062,43.94671821866524,0.12067054082980143,-37.53901816447051,-1.1573229341274334,-60.274684577750705,0.6295741068180681,-15.731437004296073,0.2719344611720337,0.32051659516461695,0.00015748,1.1359536976197353,0.00081957,0,0.0
7661,0.24989309683721375,0.07804049191586719,-1.54e-06,1.157213583065995,4.172918713237247,-29.252496521391546,1.0052136313683062,-9.429342013370967,0.12067054082980143,-10.4215198250361,-1.1573229341274334,57.85819405488875,0.6295741068180681,26.806814814013883,0.2719344611720337,-0.13993143576932107,0.00015748,0.1418460283501813,0.00081957,1,0.0
7662,0.7920148286074328,0.3210923730774277,-1.54e-06,1.157213583065995,4.172918713237247,-3.0610562788554097,1.0052136313683062,28.426864821192808,0.12067054082980143,-53.348192107887435,-1.1573229341274334,71.29881640730716,0.6295741068180681,33.472409248994076,0.2719344611720337,0.38087834087146993,0.00015748,0.5452290972158664,0.00081957,0,0.0
7663,0.00754181817944366,0.14494415273072214,-1.54e-06,1.157213583065995,4.172918713237247,22.215831023199158,1.0052136313683062,14.729846157854995,0.12067054082980143,-8.323959459016066,-1.1573229341274334,-47.92579466815226,0.6295741068180681,-8.365858304258067,0.2719344611720337,-0.03141760780745122,0.00015748,0.2769386744110629,0.00081957,1,0.0
7664,0.11388436515124778,0.0030923092675428565,-1.54e-06,1.157213583065995,4.172918713237247,-30.504533480233857,1.0052136313683062,4.355210864674104,0.12067054082980143,-56.8284398282259,-1.1573229341274334,68.30009313201394,0.6295741068180681,36.89236389838237,0.2719344611720337,-0.018896334612928056,0.00015748,0.019088140961691737,0.00081957,1,0.0
7665,0.5095091283259523,0.12165192425175313,-1.54e-06,1.157213583065995,4.172918713237247,90.28978178740513,1.0052136313683062,58.66345951751823,0.12067054082980143,-69.19893003954363,-1.1573229341274334,-70.25929324611288,0.6295741068180681,-12.03333352843461,0.2719344611720337,0.3033339760395791,0.00015748,1.4275477711279714,0.00081957,0,0.0
7666,0.4033368106614932,0.12857733764825596,-1.54e-06,1.157213583065995,4.172918713237247,34.02289356707837,1.0052136313683062,24.918290835045816,0.12067054082980143,-57.86491085380442,-1.1573229341274334,95.5404424514541,0.6295741068180681,3.1813229673918717,0.2719344611720337,0.40437395428793793,0.00015748,0.6536633082096239,0.00081957,0,0.0
7667,0.49459251491957257,0.12450886855733884,-1.54e-06,1.157213583065995,4.172918713237247,92.79731474850873,1.0052136313683062,51.68824460673427,0.12067054082980143,-37.93079182287211,-1.1573229341274334,-94.5933618733728,0.6295741068180681,-22.88969480209718,0.2719344611720337,0.3087883442189989,0.00015748,1.3135373492216003,0.00081957,0,0.0
7668,0.6474723764665422,0.16103254059395777,-1.54e-06,1.157213583065995,4.172918713237247,31.08209467287105,1.0052136313683062,40.52408974889212,0.12067054082980143,-74.54334409840672,-1.1573229341274334,10.311946758692454,0.6295741068180681,23.88991196863366,0.2719344611720337,0.3451252375603831,0.00015748,0.9018775551034317,0.00081957,0,0.0
7669,0.6255464596055349,0.13792820396273464,-1.54e-06,1.157213583065995,4.172918713237247,-61.65074734657327,1.0052136313683062,-0.5882495375712307,0.12067054082980143,-34.503047918213674,-1.1573229341274334,-83.99400786473704,0.6295741068180681,81.11966044169098,0.2719344611720337,-0.1350306519884272,0.00015748,0.1354880059655086,0.00081957,1,0.0
7670,0.004342433221608044,0.10709475781778868,-1.54e-06,1.157213583065995,4.172918713237247,-16.46924773627439,1.0052136313683062,20.868052178194603,0.12067054082980143,-69.42140662286383,-1.1573229341274334,-2.286191064317318,0.6295741068180681,31.790133987923266,0.2719344611720337,-0.1907122775511504,0.00015748,0.2079588442837776,0.00081957,1,0.0
7671,2.374080167304171e-05,0.032809036036929744,-1.54e-06,1.157213583065995,4.172918713237247,-9.895428617213678,1.0052136313683062,-4.455185001443341,0.12067054082980143,-15.85373244841803,-1.1573229341274334,91.75331633608603,0.6295741068180681,3.988700488262561,0.2719344611720337,-0.11739198297454345,0.00015748,0.11959755872589639,0.00081957,1,0.0
7672,0.4004984170423974,0.1224461967472761,-1.54e-06,1.157213583065995,4.172918713237247,33.58486632091042,1.0052136313683062,26.990466248122296,0.12067054082980143,-65.414210376407,-1.1573229341274334,97.15668777982651,0.6295741068180681,5.780815150761361,0.2719344611720337,0.393586111001262,0.00015748,0.6825317248154477,0.00081957,0,0.0
7673,0.00011707981380482818,0.04976002459572023,-1.54e-06,1.157213583065995,4.172918713237247,-2.042351341621122,1.0052136313683062,3.671182653419775,0.12067054082980143,-24.805416947660667,-1.1573229341274334,64.5672163472685,0.6295741068180681,3.6112374548048196,0.2719344611720337,0.006689384993581807,0.00015748,0.09018566993513548,0.00081957,0,0.0
7674,0.4923678683049485,0.025847432564185875,-1.54e-06,1.157213583065995,4.172918713237247,-49.564123847741605,1.0052136313683062,11.602196279712272,0.12067054082980143,-43.11168908946168,-1.1573229341274334,-53.961953482770966,0.6295741068180681,63.837942213607676,0.2719344611720337,-0.07284712500663654,0.00015748,0.07305444802348904,0.00081957,1,0.0
7675,0.0007661105230394871,0.08023601002059706,-1.54e-06,1.157213583065995,4.172918713237247,-12.122251351254876,1.0052136313683062,14.121871403911973,0.12067054082980143,-70.07899880418866,-1.1573229341274334,88.87621062979889,0.6295741068180681,22.628150007020874,0.2719344611720337,-0.018421251122343926,0.00015748,0.15912485267214438,0.00081957,1,0.0
7676,0.3744706685582747,0.10715822663400604,-1.54e-06,1.157213583065995,4.172918713237247,73.56023743971808,1.0052136313683062,35.3283723371572,0.12067054082980143,-25.407389000797973,-1.1573229341274334,-24.12974227548275,0.6295741068180681,-24.249601374805593,0.2719344611720337,0.3383189183862932,0.00015748,0.9530464529538483,0.00081957,0,0.0
7677,0.048365833246826834,0.1450102372985371,-1.54e-06,1.157213583065995,4.172918713237247,6.573004978339414,1.0052136313683062,10.456883851740963,0.12067054082980143,-50.137082472389444,-1.1573229341274334,57.35288687455017,0.6295741068180681,11.652024765330545,0.2719344611720337,0.06086633993395667,0.00015748,0.2898133432404268,0.00081957,0,0.0
7678,0.7676188743883137,0.20224953332379533,-1.54e-06,1.157213583065995,4.172918713237247,27.44018808581421,1.0052136313683062,37.1146924232661,0.12067054082980143,-47.4337083640994,-1.1573229341274334,-36.93905181186035,0.6295741068180681,23.909124364053735,0.2719344611720337,0.3563897490996145,0.00015748,0.8373214021776664,0.00081957,0,0.0
7679,0.32850754082555533,0.08207960357053243,-1.54e-06,1.157213583065995,4.172918713237247,77.99797854100592,1.0052136313683062,50.722251847552855,0.12067054082980143,-92.48561400113071,-1.1573229341274334,28.506381581214,0.6295741068180681,-8.727455422498931,0.2719344611720337,0.31189325110220045,0.00015748,1.2578429917210894,0.00081957,0,0.0
7680,0.2789581725492343,0.1668290948908398,-1.54e-06,1.157213583065995,4.172918713237247,80.46479166303472,1.0052136313683062,15.000476011548038,0.12067054082980143,-9.835570385587209,-1.1573229341274334,34.11998195235611,0.6295741068180681,-34.209824270413414,0.2719344611720337,0.3333645019006782,0.00015748,1.00587010751579,0.00081957,0,0.0
7681,0.2772440901133947,0.09936442695871096,-1.54e-06,1.157213583065995,4.172918713237247,62.80125580119236,1.0052136313683062,24.83745309946717,0.12067054082980143,-23.23271125789329,-1.1573229341274334,42.310361263183765,0.6295741068180681,-26.210550027067303,0.2719344611720337,0.3782638142688145,0.00015748,0.7365377579632056,0.00081957,0,0.0
7682,0.1775266241880879,0.07577911099755252,-1.54e-06,1.157213583065995,4.172918713237247,73.15131582482285,1.0052136313683062,26.694010912591494,0.12067054082980143,-29.539153380520943,-1.1573229341274334,52.39615930818086,0.6295741068180681,-33.81938392115277,0.2719344611720337,0.3615686491382787,0.00015748,0.8093720864956268,0.00081957,0,0.0
7683,0.7366319625248928,0.17294414518713003,-1.54e-06,1.157213583065995,4.172918713237247,47.04196133578361,1.0052136313683062,55.03117950810694,0.12067054082980143,-86.30548549838174,-1.1573229341274334,-46.559045025225885,0.6295741068180681,24.56923176694757,0.2719344611720337,0.31618307119437256,0.00015748,1.1961891659007493,0.00081957,0,0.0
7684,0.14418982177706421,0.014195621685607031,-1.54e-06,1.157213583065995,4.172918713237247,-12.243100609922958,1.0052136313683062,8.55111404342673,0.12067054082980143,-14.525490231656207,-1.1573229341274334,-49.27068808888801,0.6295741068180681,19.74487640672145,0.2719344611720337,-0.08274764040272667,0.00015748,0.08269474696317236,0.00081957,1,0.0
7685,0.5014624073951655,0.15874198909786164,-1.54e-06,1.157213583065995,4.172918713237247,30.90379212575134,1.0052136313683062,23.593684397785804,0.12067054082980143,-44.1969582540604,-1.1573229341274334,65.44158614031879,0.6295741068180681,5.763469652011088,0.2719344611720337,0.4114394141871328,0.00015748,0.6384151395676901,0.00081957,0,0.0
7686,1.0006488682114327,0.24848346829910994,-1.54e-06,1.157213583065995,4.172918713237247,18.468730662894114,1.0052136313683062,54.932664189561876,0.12067054082980143,-98.57917228367835,-1.1573229341274334,-62.73559264230901,0.6295741068180681,56.23949261242878,0.2719344611720337,0.3193664797745609,0.00015748,1.1520064170983915,0.00081957,0,0.0
7687,0.5931036188719665,0.046351610495888915,-1.54e-06,1.157213583065995,4.172918713237247,-56.36440354522103,1.0052136313683062,16.712375025640164,0.12067054082980143,-48.05047091061666,-1.1573229341274334,-94.20170073933038,0.6295741068180681,75.35198756502044,0.2719344611720337,-0.12447060102809436,0.00015748,0.12471096607544684,0.00081957,1,0.0
7688,0.34392036378946694,0.13506002310801923,-1.54e-06,1.157213583065995,4.172918713237247,-44.177600990530784,1.0052136313683062,-12.155137296682291,0.12067054082980143,-24.81961182884768,-1.1573229341274334,84.92139482932532,0.6295741068180681,43.02465134890389,0.2719344611720337,-0.17661846185461416,0.00015748,0.1775129579086811,0.00081957,1,0.0
7689,0.676323484083881,0.062483747904174484,-1.54e-06,1.157213583065995,4.172918713237247,-75.49683613865531,1.0052136313683062,20.241162218746982,0.12067054082980143,-82.91266343082556,-1.1573229341274334,-64.84733236428687,0.6295741068180681,99.7467632281196,0.2719344611720337,-0.14496707668615116,0.00015748,0.14528045415454272,0.00081957,1,0.0
7690,0.49651405851862274,0.02651934949916761,-1.54e-06,1.157213583065995,4.172918713237247,-57.50803935628915,1.0052136313683062,10.996425872400621,0.12067054082980143,-60.31639140448748,-1.1573229341274334,-18.685974333592565,0.6295741068180681,72.58916883867627,0.2719344611720337,-0.058466429815995404,0.00015748,0.05928659354422435,0.00081957,1,0.0
7691,0.1940974838251858,0.15979096327424439,-1.54e-06,1.157213583065995,4.172918713237247,49.44506639396132,1.0052136313683062,18.258150618085345,0.12067054082980143,-8.917677377695505,-1.1573229341274334,24.639877310962497,0.6295741068180681,-24.61330011638389,0.2719344611720337,0.2896972010577495,0.00015748,0.519398953837897,0.00081957,0,0.0
7692,0.0004256376983588321,0.0014857864590268697,-1.54e-06,1.157213583065995,4.172918713237247,-4.312188591007064,1.0052136313683062,-1.2080416191559056,0.12067054082980143,-8.19627303488737,-1.1573229341274334,27.21952918576684,0.6295741068180681,3.5960001402885027,0.2719344611720337,-0.024361311720356875,0.00015748,0.024398848354881132,0.00081957,1,0.0
7693,0.18329250575774747,0.06095060085475484,-1.54e-06,1.157213583065995,4.172918713237247,80.97987811821477,1.0052136313683062,43.80276171048383,0.12067054082980143,-80.92208179131224,-1.1573229341274334,60.03862402558676,0.6295741068180681,-21.49310592586949,0.2719344611720337,0.32163631920951036,0.00015748,1.124189223412808,0.00081957,0,0.0
7694,0.1969183069209829,0.061191070484080665,-1.54e-06,1.157213583065995,4.172918713237247,81.33575166754511,1.0052136313683062,45.892373421194776,0.12067054082980143,-89.30607094134956,-1.1573229341274334,61.732996495424494,0.6295741068180681,-18.205812034704177,0.2719344611720337,0.31738150829981215,0.00015748,1.178801539234128,0.00081957,0,0.0
7695,1.0720416905117307,0.6675329890864269,-1.54e-06,1.157213583065995,4.172918713237247,29.75077399510504,1.0052136313683062,31.116410390739038,0.12067054082980143,-99.22491530892019,-1.1573229341274334,-21.842712557528127,0.6295741068180681,63.53038203250776,0.2719344611720337,0.2953994538207214,0.00015748,1.558661377562064,0.00081957,0,0.0
7696,0.683335575977793,0.18453564145792933,-1.54e-06,1.157213583065995,4.172918713237247,50.733020106466086,1.0052136313683062,37.138237330172466,0.12067054082980143,-14.078445107122635,-1.1573229341274334,-85.55367864742078,0.6295741068180681,-1.3602414972969357,0.2719344611720337,0.34791058402688474,0.00015748,0.8811712678005537,0.00081957,0,0.0
7697,0.0009458106522008958,0.036405238577330724,-1.54e-06,1.157213583065995,4.172918713237247,99.1268666101568,1.0052136313683062,42.73612118030078,0.12067054082980143,-81.0204847685263,-1.1573229341274334,84.06531360094374,0.6295741068180681,-39.05899035897058,0.2719344611720337,0.3161787547674218,0.00015748,1.191280213414346,0.00081957,0,0.0
7698,0.24354034735474994,0.0806098594535553,-1.54e-06,1.157213583065995,4.172918713237247,67.05274715856285,1.0052136313683062,34.38101604521488,0.12067054082980143,-75.26162431606109,-1.1573229341274334,75.45389196462536,0.6295741068180681,-12.034553887526048,0.2719344611720337,0.3328596485445813,0.00015748,1.0227826156682638,0.00081957,0,0.0
7699,0.8188406514867832,0.20743373412268176,-1.54e-06,1.157213583065995,4.172918713237247,35.83050946383349,1.0052136313683062,44.08107127035905,0.12067054082980143,-53.662227448362636,-1.1573229341274334,-71.24675867508888,0.6295741068180681,25.41520813052362,0.2719344611720337,0.33237675409059886,0.00015748,1.0083708359022183,0.00081957,0,0.0
7700,0.0007798551372894952,0.07778529649521203,-1.54e-06,2.134437427598921,4.047685849999918,32.25651820016981,1.0052136313683062,3.3358647279805917,0.12067054082980143,-16.02045435987712,-1.1573229341274334,36.89816299146872,0.6295741068180681,-11.093198978538316,0.2719344611720337,0.060739880197421534,0.00015748,0.11476514062131073,0.00081957,0,0.0
7701,0.0013962311698593466,0.07879139146458662,-1.54e-06,2.134437427598921,4.047685849999918,36.19207332211088,1.0052136313683062,7.777376716970947,0.12067054082980143,-8.012956237227218,-1.1573229341274334,5.978796158749422,0.6295741068180681,-19.554395981396475,0.2719344611720337,0.007365390795778082,0.00015748,0.13048099972890392,0.00081957,0,0.0
7702,0.15762475118313352,0.16310982212457892,-1.54e-06,2.134437427598921,4.047685849999918,50.03321106318263,1.0052136313683062,12.637226222044202,0.12067054082980143,-99.95857859604955,-1.1573229341274334,78.36659823586669,0.6295741068180681,29.509027490165497,0.2719344611720337,0.10406247263667381,0.00015748,0.2884383967204869,0.00081957,0,0.0
7703,0.001008206075411272,0.06891958778923495,-1.54e-06,2.134437427598921,4.047685849999918,39.36822723591587,1.0052136313683062,6.940078944747269,0.12067054082980143,-27.902337776700428,-1.1573229341274334,17.35338547345827,0.6295741068180681,-6.953450439680332,0.2719344611720337,0.060853870189337085,0.00015748,0.09842078742413457,0.00081957,0,0.0
7704,0.2928651629775799,0.009975967906082217,-1.54e-06,2.134437427598921,4.047685849999918,-70.81317223805775,1.0052136313683062,0.9640822594762775,0.12067054082980143,-37.91304988402404,-1.1573229341274334,25.770167175088073,0.6295741068180681,59.60902943965015,0.2719344611720337,-0.016742359107622562,0.00015748,0.01673634805440135,0.00081957,1,0.0
7705,-0.0005070257671844214,0.4962508443671555,-1.54e-06,2.134437427598921,4.047685849999918,89.57260849329239,1.0052136313683062,31.483225811716135,0.12067054082980143,-71.97393627343513,-1.1573229341274334,99.04787111117993,0.6295741068180681,-44.80058821832511,0.2719344611720337,-0.047916400824144445,0.00015748,0.5369123859009342,0.00081957,1,0.0
7706,0.0007940574104073339,0.06949419004929501,-1.54e-06,2.134437427598921,4.047685849999918,38.946389952326854,1.0052136313683062,13.321471362965143,0.12067054082980143,-56.20600092256063,-1.1573229341274334,-2.692857486308724,0.6295741068180681,7.438463925158473,0.2719344611720337,-0.04011251572022978,0.00015748,0.15137237967042277,0.00081957,1,0.0
7707,0.012591936250054114,0.150891741412317,-1.54e-06,2.134437427598921,4.047685849999918,67.88966271674184,1.0052136313683062,1.8751415013379855,0.12067054082980143,-20.81137078230626,-1.1573229341274334,58.86927515350457,0.6295741068180681,-20.845946619167353,0.2719344611720337,0.08201833399348596,0.00015748,0.2594518084345545,0.00081957,0,0.0
7708,4.693233214991821e-05,0.1388904053736596,-1.54e-06,2.134437427598921,4.047685849999918,93.70999071303146,1.0052136313683062,14.597510356239837,0.12067054082980143,-70.77219682286083,-1.1573229341274334,81.85734609613732,0.6295741068180681,-17.797878970222612,0.2719344611720337,0.21222675440945918,0.00015748,0.23981563060488445,0.00081957,0,0.0
7709,0.5138400090763364,0.043044119688127706,-1.54e-06,2.134437427598921,4.047685849999918,-60.438389803503284,1.0052136313683062,15.700679094290486,0.12067054082980143,-79.98072577299499,-1.1573229341274334,-68.64880932191859,0.6295741068180681,91.3670313549517,0.2719344611720337,-0.13423566718012891,0.00015748,0.13424839873538574,0.00081957,1,0.0
7710,0.18027269605182566,0.00527616863189228,-1.54e-06,2.134437427598921,4.047685849999918,-12.82440814221356,1.0052136313683062,5.176031705684947,0.12067054082980143,-14.648090397565248,-1.1573229341274334,-41.737280629124534,0.6295741068180681,23.146611832885334,0.2719344611720337,-0.04392239351427432,0.00015748,0.0440448209827254,0.00081957,1,0.0
7711,0.3830718847020993,0.01820623652381573,-1.54e-06,2.134437427598921,4.047685849999918,-60.3834781240156,1.0052136313683062,10.04618311540813,0.12067054082980143,-68.40105344508358,-1.1573229341274334,-21.59029794313028,0.6295741068180681,76.96394287891036,0.2719344611720337,-0.08115135020225515,0.00015748,0.08125021752066817,0.00081957,1,0.0
7712,0.0018717718081771029,0.12581399044021152,-1.54e-06,2.134437427598921,4.047685849999918,35.22148977100209,1.0052136313683062,16.24369141543908,0.12067054082980143,-18.66335573700544,-1.1573229341274334,-29.090942733129737,0.6295741068180681,-18.29813072636344,0.2719344611720337,-0.11529327260671163,0.00015748,0.18580326572956046,0.00081957,1,0.0
7713,0.00603714211443751,0.037708216903031826,-1.54e-06,2.134437427598921,4.047685849999918,41.75792755812653,1.0052136313683062,11.015172125416619,0.12067054082980143,-22.968272946172593,-1.1573229341274334,-73.77119300987152,0.6295741068180681,-1.0754154493725867,0.2719344611720337,-0.1275971025775118,0.00015748,0.1280860228520291,0.00081957,1,0.0
7714,0.3338431947865961,0.010183948888736869,-1.54e-06,2.134437427598921,4.047685849999918,-39.96303983535955,1.0052136313683062,3.30844375556754,0.12067054082980143,-12.044164079414847,-1.1573229341274334,-49.99257108796301,0.6295741068180681,42.25992595192319,0.2719344611720337,-0.02202002966995086,0.00015748,0.02204514766980537,0.00081957,1,0.0
7715,0.22635624480035987,0.005852447133857339,-1.54e-06,2.134437427598921,4.047685849999918,-48.43090463240975,1.0052136313683062,6.545517550744232,0.12067054082980143,-54.842828033649845,-1.1573229341274334,12.528086952905502,0.6295741068180681,54.80990628809513,0.2719344611720337,-0.04613334941199152,0.00015748,0.046105049752027234,0.00081957,1,0.0
7716,0.001546077928523834,0.07089664723654913,-1.54e-06,2.134437427598921,4.047685849999918,-4.391919614128177,1.0052136313683062,2.3133808519441432,0.12067054082980143,-19.73489747137714,-1.1573229341274334,69.94143443483951,0.6295741068180681,-0.23386664278951283,0.2719344611720337,-0.023537650870078614,0.00015748,0.13844106905455586,0.00081957,1,0.0
7717,0.007872635001103578,0.0932260400081245,-1.54e-06,2.134437427598921,4.047685849999918,33.158807436577696,1.0052136313683062,18.770246617914058,0.12067054082980143,-87.74273547499966,-1.1573229341274334,-8.13801263032628,0.6295741068180681,25.18087963898632,0.2719344611720337,-0.12173012336328051,0.00015748,0.19788799514230973,0.00081957,1,0.0
7718,0.00044383140077175476,0.1182892614700841,-1.54e-06,2.134437427598921,4.047685849999918,62.49612036947425,1.0052136313683062,18.61792682760183,0.12067054082980143,-94.38746719857508,-1.1573229341274334,41.85745319347627,0.6295741068180681,10.934025754107575,0.2719344611720337,0.02905193069119308,0.00015748,0.23357962507740646,0.00081957,0,0.0
7719,0.21638995281778695,0.01152321027124148,-1.54e-06,2.134437427598921,4.047685849999918,-18.36493898225602,1.0052136313683062,3.175755569799694,0.12067054082980143,-18.89508522575758,-1.1573229341274334,-43.13880488766293,0.6295741068180681,33.20672157034275,0.2719344611720337,-0.05993754995051786,0.00015748,0.05973156438142333,0.00081957,1,0.0
7720,0.17332859616574742,0.030818190191096797,-1.54e-06,2.134437427598921,4.047685849999918,2.2122166758602244,1.0052136313683062,11.991194542147142,0.12067054082980143,-45.670802531400085,-1.1573229341274334,-60.73056181320056,0.6295741068180681,33.068472307497856,0.2719344611720337,-0.12325216134431025,0.00015748,0.12342109901827478,0.00081957,1,0.0
7721,0.016175178360216425,0.1383908424218066,-1.54e-06,2.134437427598921,4.047685849999918,21.52764773101048,1.0052136313683062,25.648942078777406,0.12067054082980143,-93.95725202474677,-1.1573229341274334,-31.549226365214945,0.6295741068180681,27.58893416689238,0.2719344611720337,-0.2191240171512788,0.00015748,0.22101604059872756,0.00081957,1,0.0
7722,0.0010108736476969749,0.04080261347521427,-1.54e-06,2.134437427598921,4.047685849999918,-6.94624915583069,1.0052136313683062,10.688104477899794,0.12067054082980143,-83.83099404568819,-1.1573229341274334,55.674245727194,0.6295741068180681,36.733110435582795,0.2719344611720337,-0.053625820650386055,0.00015748,0.10836012225970142,0.00081957,1,0.0
7723,0.44164042339066323,0.046880297088248875,-1.54e-06,2.134437427598921,4.047685849999918,-33.9163809758026,1.0052136313683062,16.12494534806071,0.12067054082980143,-64.44873001722426,-1.1573229341274334,-92.21304555404518,0.6295741068180681,71.15795175995197,0.2719344611720337,-0.14605196616952254,0.00015748,0.1467341786108195,0.00081957,1,0.0
7724,0.2867843321836544,0.01689125889239626,-1.54e-06,2.134437427598921,4.047685849999918,-44.237446101386816,1.0052136313683062,10.65309713589541,0.12067054082980143,-67.00319106015179,-1.1573229341274334,-15.447128687940847,0.6295741068180681,63.776001951454965,0.2719344611720337,-0.08840130193433099,0.00015748,0.08846690969645249,0.00081957,1,0.0
7725,0.01094690486222466,0.03134354190464557,-1.54e-06,2.134437427598921,4.047685849999918,26.710712017461443,1.0052136313683062,9.801088932718804,0.12067054082980143,-34.94482621339358,-1.1573229341274334,-46.05547207693489,0.6295741068180681,9.886824352675788,0.2719344611720337,-0.11736082351661592,0.00015748,0.11751398434289823,0.00081957,1,0.0
7726,0.0002605732713942266,0.10552372460445604,-1.54e-06,2.134437427598921,4.047685849999918,79.81833304902862,1.0052136313683062,13.66321706129385,0.12067054082980143,-44.71619779534612,-1.1573229341274334,-3.253788437498743,0.6295741068180681,-15.265132040601513,0.2719344611720337,0.05709684182525743,0.00015748,0.1954205973190592,0.00081957,0,0.0
7727,0.5824606477448575,0.03376650867325032,-1.54e-06,2.134437427598921,4.047685849999918,-67.46110322009797,1.0052136313683062,9.493826919590987,0.12067054082980143,-45.3128318752478,-1.1573229341274334,-86.77142449362943,0.6295741068180681,84.75771059407502,0.2719344611720337,-0.08212901319472818,0.00015748,0.08228615675678541,0.00081957,1,0.0
7728,0.24694739872793592,0.34166672571845946,-1.54e-06,2.134437427598921,4.047685849999918,-9.228142662557277,1.0052136313683062,27.960171969487888,0.12067054082980143,-36.28443757288467,-1.1573229341274334,-80.84524165767783,0.6295741068180681,12.547126383785752,0.2719344611720337,-0.29966498160750693,0.00015748,0.2960624133305953,0.00081957,1,0.0
7729,0.27628637131992806,0.010234622916967587,-1.54e-06,2.134437427598921,4.047685849999918,-37.78055707491636,1.0052136313683062,5.5096953357679395,0.12067054082980143,-38.45564428209929,-1.1573229341274334,-27.11808167961737,0.6295741068180681,50.40924492339942,0.2719344611720337,-0.054685243547817994,0.00015748,0.05522284262178416,0.00081957,1,0.0
7730,0.6475028289542705,0.055071212040071885,-1.54e-06,2.134437427598921,4.047685849999918,-87.2598075688657,1.0052136313683062,0.023773587937835447,0.12067054082980143,-12.27613214579975,-1.1573229341274334,-79.85752696635086,0.6295741068180681,84.07338628655236,0.2719344611720337,-0.04216678135406043,0.00015748,0.04161536922373887,0.00081957,1,0.0
7731,0.20753624007131788,0.16718593202195903,-1.54e-06,2.134437427598921,4.047685849999918,27.134765865574927,1.0052136313683062,1.6571396784045007,0.12067054082980143,-37.179240242972746,-1.1573229341274334,-3.235677973215769,0.6295741068180681,25.773056276798332,0.2719344611720337,-0.03573986838689858,0.00015748,0.24795759729068573,0.00081957,1,0.0
7732,-2.8482898779484678e-05,0.08238940473032849,-1.54e-06,2.134437427598921,4.047685849999918,-9.73287602317758,1.0052136313683062,-1.3837808036318653,0.12067054082980143,-20.57215494401983,-1.1573229341274334,95.0028877398863,0.6295741068180681,3.349728596861235,0.2719344611720337,-0.018749971158324996,0.00015748,0.1590131842295776,0.00081957,1,0.0
7733,0.22080580127322796,0.014972212331846622,-1.54e-06,2.134437427598921,4.047685849999918,-63.500551797738844,1.0052136313683062,-3.2583285608922186,0.12067054082980143,-25.85143574352555,-1.1573229341274334,38.555415891899244,0.6295741068180681,49.14308371905522,0.2719344611720337,-0.04040199868076247,0.00015748,0.040887353681415065,0.00081957,1,0.0
7734,0.2586438839514411,0.05320526571454622,-1.54e-06,2.134437427598921,4.047685849999918,-75.17035927333798,1.0052136313683062,-3.6774457191416303,0.12067054082980143,-59.61136155378688,-1.1573229341274334,53.946750350011854,0.6295741068180681,77.33930544866125,0.2719344611720337,-0.09421353386750783,0.00015748,0.09446118587772262,0.00081957,1,0.0
7735,0.4168076007067426,0.053274328342988536,-1.54e-06,2.134437427598921,4.047685849999918,-44.56454028320159,1.0052136313683062,18.683140474367327,0.12067054082980143,-88.0774357155142,-1.1573229341274334,-60.683695985860545,0.6295741068180681,81.12161750846867,0.2719344611720337,-0.15790016956384198,0.00015748,0.15774240209676774,0.00081957,1,0.0
7736,0.22946836377706206,0.06495527978090301,-1.54e-06,2.134437427598921,4.047685849999918,-75.90061458817469,1.0052136313683062,8.973681967207863,0.12067054082980143,-54.90879643580232,-1.1573229341274334,57.66392250477561,0.6295741068180681,52.492212047145664,0.2719344611720337,-0.14017475610320634,0.00015748,0.14096018401685045,0.00081957,1,0.0
7737,1.2544220584795447,1.1333454330735693,-1.54e-06,2.134437427598921,4.047685849999918,58.24383623699341,1.0052136313683062,-1.4540513791690943,0.12067054082980143,-31.799387243226718,-1.1573229341274334,36.976564695033666,0.6295741068180681,59.30536707007767,0.2719344611720337,0.18061072119823046,0.00015748,0.9445156590098815,0.00081957,0,0.0
7738,0.18482265232957085,0.01740662689883124,-1.54e-06,2.134437427598921,4.047685849999918,-22.184826545778087,1.0052136313683062,10.736985821131476,0.12067054082980143,-48.47002492678232,-1.1573229341274334,-21.47794490471131,0.6295741068180681,38.8568817087982,0.2719344611720337,-0.08594206659464367,0.00015748,0.0862117574573787,0.00081957,1,0.0
7739,0.0013465484042302772,0.028770836736869972,-1.54e-06,2.134437427598921,4.047685849999918,-15.942930632166084,1.0052136313683062,2.0729546509540215,0.12067054082980143,-38.581739476759346,-1.1573229341274334,66.32815588769502,0.6295741068180681,18.393264185302332,0.2719344611720337,0.011979125032133359,0.00015748,0.04732922430003224,0.00081957,0,0.0
7740,0.10077261226289458,0.0287700208604806,-1.54e-06,2.134437427598921,4.047685849999918,10.270705135183333,1.0052136313683062,10.950931171624505,0.12067054082980143,-42.81080768259714,-1.1573229341274334,-48.47558331216066,0.6295741068180681,24.169711512087144,0.2719344611720337,-0.11654553479158729,0.00015748,0.11709264338452556,0.00081957,1,0.0
7741,-7.715062022639607e-05,0.05411169736143792,-1.54e-06,2.134437427598921,4.047685849999918,-9.052394185388046,1.0052136313683062,9.660782713775244,0.12067054082980143,-89.06587417858643,-1.1573229341274334,91.06326162394888,0.6295741068180681,36.442062113392645,0.2719344611720337,0.01050434960237049,0.00015748,0.10148002371792,0.00081957,0,0.0
7742,0.20024004162155062,0.08658633395034167,-1.54e-06,2.134437427598921,4.047685849999918,-3.5824027701351855,1.0052136313683062,16.972033866496854,0.12067054082980143,-99.68021710003451,-1.1573229341274334,-25.835317387391676,0.6295741068180681,61.575423542196155,0.2719344611720337,-0.1544872312664464,0.00015748,0.19989805083961323,0.00081957,1,0.0
7743,0.3327251565501538,0.12828059428315505,-1.54e-06,2.134437427598921,4.047685849999918,0.8859891537816577,1.0052136313683062,14.15819440829217,0.12067054082980143,-94.10125807428952,-1.1573229341274334,-16.146449837173655,0.6295741068180681,65.00713899911982,0.2719344611720337,-0.058875769250942955,0.00015748,0.23040150081339306,0.00081957,1,0.0
7744,0.11026667937129692,0.022670371743863323,-1.54e-06,2.134437427598921,4.047685849999918,17.846482991491893,1.0052136313683062,9.467934849385236,0.12067054082980143,-23.275604323655617,-1.1573229341274334,-69.23328315639428,0.6295741068180681,13.88623659990233,0.2719344611720337,-0.10436905993538544,0.00015748,0.1048112863380921,0.00081957,1,0.0
7745,0.566191765711035,0.039378823084349236,-1.54e-06,2.134437427598921,4.047685849999918,-64.80149720547743,1.0052136313683062,13.950996155040654,0.12067054082980143,-64.67919247024896,-1.1573229341274334,-82.9182465895769,0.6295741068180681,89.53295243062044,0.2719344611720337,-0.11452935694080549,0.00015748,0.11468244446758816,0.00081957,1,0.0
7746,0.09641231198345296,0.044876291050813685,-1.54e-06,2.134437427598921,4.047685849999918,22.514237572370263,1.0052136313683062,10.538756447912409,0.12067054082980143,-39.977138005888406,-1.1573229341274334,-68.1039755303048,0.6295741068180681,21.89682315820748,0.2719344611720337,-0.14350365549472216,0.00015748,0.1447165336093968,0.00081957,1,0.0
7747,0.00515078276834742,0.1619710973337763,-1.54e-06,2.134437427598921,4.047685849999918,54.5701475765964,1.0052136313683062,-2.760051940991508,0.12067054082980143,-13.85462082370109,-1.1573229341274334,32.6962638657877,0.6295741068180681,-9.844637649816757,0.2719344611720337,-0.01637478546299727,0.00015748,0.2557665616427758,0.00081957,1,0.0
7748,0.23545662107637816,0.015168521621226394,-1.54e-06,2.134437427598921,4.047685849999918,-13.747360915746306,1.0052136313683062,8.720652447851457,0.12067054082980143,-32.01621122481996,-1.1573229341274334,-57.02304811448405,0.6295741068180681,35.97859958959046,0.2719344611720337,-0.08274495727021085,0.00015748,0.08362642552968937,0.00081957,1,0.0
7749,0.2769038279896672,0.025652986638654653,-1.54e-06,2.134437427598921,4.047685849999918,-53.38677984988021,1.0052136313683062,12.255177098839917,0.12067054082980143,-95.29436188210835,-1.1573229341274334,10.236742649499867,0.6295741068180681,79.86618833429208,0.2719344611720337,-0.11113067953043088,0.00015748,0.11103027619676847,0.00081957,1,0.0
7750,0.16037255074308585,0.12286236964067654,-1.54e-06,2.134437427598921,4.047685849999918,-49.862906587758786,1.0052136313683062,-6.223155772131273,0.12067054082980143,-58.10814251889003,-1.1573229341274334,86.27128553322622,0.6295741068180681,61.05188199664331,0.2719344611720337,-0.09309371715414694,0.00015748,0.17006591905285878,0.00081957,1,0.0
7751,0.0019284113191478797,0.07650141457670959,-1.54e-06,2.134437427598921,4.047685849999918,15.075492750404502,1.0052136313683062,-0.8555926356327579,0.12067054082980143,-19.72468331229075,-1.1573229341274334,55.87719014354252,0.6295741068180681,0.5889751141123102,0.2719344611720337,0.019866271129295343,0.00015748,0.12953324411147651,0.00081957,0,0.0
7752,0.0019283269615061188,0.029004620076710386,-1.54e-06,2.134437427598921,4.047685849999918,-22.986819028040358,1.0052136313683062,3.841496696056887,0.12067054082980143,-65.29642458341505,-1.1573229341274334,83.32301156877132,0.6295741068180681,34.42701045788832,0.2719344611720337,0.010698478756847464,0.00015748,0.04687025412607885,0.00081957,0,0.0
7753,0.11371545523724658,0.03039165354313705,-1.54e-06,2.134437427598921,4.047685849999918,28.769565954006744,1.0052136313683062,11.225635512120162,0.12067054082980143,-17.570762910120482,-1.1573229341274334,-91.69090323668341,0.6295741068180681,7.498033007846776,0.2719344611720337,-0.11886819125239236,0.00015748,0.11933751792485804,0.00081957,1,0.0
7754,0.1563137598190498,0.018607371880416865,-1.54e-06,2.134437427598921,4.047685849999918,-73.03807759454658,1.0052136313683062,-5.276289335895918,0.12067054082980143,-31.85227908137623,-1.1573229341274334,80.74699514837476,0.6295741068180681,49.19823809644152,0.2719344611720337,-0.06452100212276467,0.00015748,0.06490125063405487,0.00081957,1,0.0
7755,0.003402134714813654,0.6439402463499317,-1.54e-06,2.134437427598921,4.047685849999918,95.15396117126065,1.0052136313683062,40.628905946932726,0.12067054082980143,-44.860945568010386,-1.1573229341274334,-74.76432208083318,0.6295741068180681,-49.19276225447768,0.2719344611720337,-0.27154127944278855,0.00015748,0.46761165668350796,0.00081957,1,0.0
7756,0.4314424363882739,0.0287196935796534,-1.54e-06,2.134437427598921,4.047685849999918,-38.23422144909484,1.0052136313683062,12.007378919350918,0.12067054082980143,-46.3095238187677,-1.1573229341274334,-83.9355389033634,0.6295741068180681,63.86076525162121,0.2719344611720337,-0.1060779246579548,0.00015748,0.10606976378162254,0.00081957,1,0.0
7757,0.022532245259598266,0.00813910705593164,-1.54e-06,2.134437427598921,4.047685849999918,-45.0401852747684,1.0052136313683062,-4.110611943836405,0.12067054082980143,-21.231009425206864,-1.1573229341274334,77.1007266259423,0.6295741068180681,24.364946124588936,0.2719344611720337,-0.05705644763316206,0.00015748,0.05705114870829747,0.00081957,1,0.0
7758,0.2703353891097385,0.04551702631357154,-1.54e-06,2.134437427598921,4.047685849999918,-2.42502955466242,1.0052136313683062,10.411395322710158,0.12067054082980143,-43.254483478091586,-1.1573229341274334,-86.69950184354317,0.6295741068180681,44.67058609506119,0.2719344611720337,-0.14420562617340413,0.00015748,0.14567480616980996,0.00081957,1,0.0
7759,-0.003660618442938246,0.2731427156590963,-1.54e-06,2.134437427598921,4.047685849999918,22.66775147980117,1.0052136313683062,15.19707861921133,0.12067054082980143,-13.49829874334894,-1.1573229341274334,38.428369532240545,0.6295741068180681,-28.53528416713848,0.2719344611720337,-0.14757009599031654,0.00015748,0.3050889661415973,0.00081957,1,0.0
7760,0.5073169026595497,0.36186536313521445,-1.54e-06,2.134437427598921,4.047685849999918,-76.30373352013014,1.0052136313683062,29.99346428847022,0.12067054082980143,-78.31722364935182,-1.1573229341274334,-45.55727334812644,0.6295741068180681,68.9465416056351,0.2719344611720337,-0.31339443618785756,0.00015748,0.3171392097548158,0.00081957,1,0.0
7761,0.134793962875159,0.08812682262195912,-1.54e-06,2.134437427598921,4.047685849999918,10.444521400469771,1.0052136313683062,17.79936096695554,0.12067054082980143,-90.60090180428443,-1.1573229341274334,-45.572714918620356,0.6295741068180681,49.31706515278756,0.2719344611720337,-0.18893901747011235,0.00015748,0.20260377232855317,0.00081957,1,0.0
7762,0.34970949389077266,0.16706239658254557,-1.54e-06,2.134437427598921,4.047685849999918,-45.761624040416066,1.0052136313683062,-6.040088951446728,0.12067054082980143,-35.34738722565451,-1.1573229341274334,18.91087731649262,0.6295741068180681,64.04722838747891,0.2719344611720337,-0.0979276741588839,0.00015748,0.2016641611992915,0.00081957,1,0.0
7763,0.5386982256754054,0.03778182663465579,-1.54e-06,2.134437427598921,4.047685849999918,-53.16470605895873,1.0052136313683062,10.64692302831368,0.12067054082980143,-48.30503742811356,-1.1573229341274334,-94.89289241955746,0.6295741068180681,79.62899609858064,0.2719344611720337,-0.1065470447761072,0.00015748,0.10781025339493418,0.00081957,1,0.0
7764,1.0225614115186328,0.6489328848355136,-1.54e-06,2.134437427598921,4.047685849999918,52.401097227869045,1.0052136313683062,10.715429919841993,0.12067054082980143,-72.72306207391325,-1.1573229341274334,-86.86831059850351,0.6295741068180681,83.2009833864064,0.2719344611720337,0.07039603305578329,0.00015748,0.6247617140361583,0.00081957,0,0.0
7765,0.33414456078946464,0.01592963818011263,-1.54e-06,2.134437427598921,4.047685849999918,-36.53076029975613,1.0052136313683062,8.882506363068362,0.12067054082980143,-42.439259210487194,-1.1573229341274334,-51.05397463085036,0.6295741068180681,54.72954959297937,0.2719344611720337,-0.07752646448667762,0.00015748,0.07774921746643869,0.00081957,1,0.0
7766,0.27375832069471256,0.008834265622488811,-1.54e-06,2.134437427598921,4.047685849999918,-53.62053173097549,1.0052136313683062,7.91962681638637,0.12067054082980143,-60.03988211402241,-1.1573229341274334,5.032210569725958,0.6295741068180681,61.84715175352568,0.2719344611720337,-0.05661690865191838,0.00015748,0.056645880106398046,0.00081957,1,0.0
7767,3.4001513398884686e-05,0.057923641787777765,-1.54e-06,2.134437427598921,4.047685849999918,10.972470020961758,1.0052136313683062,10.6881692466228,0.12067054082980143,-73.91188203425708,-1.1573229341274334,51.79021885132364,0.6295741068180681,24.083577011412824,0.2719344611720337,-0.00823766904100591,0.00015748,0.11962777419385555,0.00081957,1,0.0
7768,0.3048575652974075,0.16194167529871129,-1.54e-06,2.134437427598921,4.047685849999918,-61.106620661624966,1.0052136313683062,19.267924878997604,0.12067054082980143,-62.79592112803786,-1.1573229341274334,2.214348086037747,0.6295741068180681,50.80911297410356,0.2719344611720337,-0.21216851445686563,0.00015748,0.21436641361890413,0.00081957,1,0.0
7769,0.00017779398489360665,0.013207884995336818,-1.54e-06,2.134437427598921,4.047685849999918,-24.387845482918017,1.0052136313683062,3.6854118135896288,0.12067054082980143,-51.93113978524454,-1.1573229341274334,66.46155479733677,0.6295741068180681,28.38082743792406,0.2719344611720337,-0.005205213579518177,0.00015748,0.030710935749886835,0.00081957,1,0.0
7770,0.11619589291325759,0.0019232713851462713,-1.54e-06,2.134437427598921,4.047685849999918,-33.99900087319912,1.0052136313683062,0.08117487499481227,0.12067054082980143,-20.964720166755598,-1.1573229341274334,22.13116536051657,0.6295741068180681,28.290363587062828,0.2719344611720337,-0.008760816729153645,0.00015748,0.00885717569727901,0.00081957,1,0.0
7771,0.48345020346990886,0.2517669213012897,-1.54e-06,2.134437427598921,4.047685849999918,56.80634922534258,1.0052136313683062,12.398849392835249,0.12067054082980143,-61.125428304835296,-1.1573229341274334,26.44440021099022,0.6295741068180681,24.380490362574967,0.2719344611720337,0.2036605252671979,0.00015748,0.35763520948863925,0.00081957,0,0.0
7772,0.184318307719023,0.0029585218615050934,-1.54e-06,2.134437427598921,4.047685849999918,-44.727350695851754,1.0052136313683062,2.262806217770203,0.12067054082980143,-36.39987120041773,-1.1573229341274334,18.889347325116734,0.6295741068180681,43.62957404138542,0.2719344611720337,-0.011075194599185158,0.00015748,0.011148610779939278,0.00081957,1,0.0
7773,0.4952307926701934,0.22031205185448255,-1.54e-06,2.134437427598921,4.047685849999918,13.785398676222602,1.0052136313683062,13.382315973704422,0.12067054082980143,-99.97151355268541,-1.1573229341274334,22.64654233821256,0.6295741068180681,66.95010227953088,0.2719344611720337,0.0883453182110752,0.00015748,0.311416938413484,0.00081957,0,0.0
7774,0.0008478540176690696,0.13109478593800206,-1.54e-06,2.134437427598921,4.047685849999918,90.49741777596334,1.0052136313683062,18.754795046798804,0.12067054082980143,-84.05869994421522,-1.1573229341274334,48.91474366585148,0.6295741068180681,-7.55169687396671,0.2719344611720337,0.11992232121576339,0.00015748,0.2556389927594602,0.00081957,0,0.0
7775,0.42709906039845547,0.17867328771116098,-1.54e-06,2.134437427598921,4.047685849999918,1.160807119615278,1.0052136313683062,4.287974175394875,0.12067054082980143,-42.33413273696132,-1.1573229341274334,-57.82680509106333,0.6295741068180681,54.64276638679593,0.2719344611720337,-0.07159117610289542,0.00015748,0.2445344332138831,0.00081957,1,0.0
7776,0.0002845106514427487,0.10658706847580526,-1.54e-06,2.134437427598921,4.047685849999918,52.17693121124414,1.0052136313683062,12.363393927470593,0.12067054082980143,-76.75892290681679,-1.1573229341274334,62.939595798619344,0.6295741068180681,7.547875825909823,0.2719344611720337,0.08212768390622746,0.00015748,0.18910562152212698,0.00081957,0,0.0
7777,0.05488780798671167,0.12317821265331014,-1.54e-06,2.134437427598921,4.047685849999918,72.92770120924706,1.0052136313683062,19.386850111231997,0.12067054082980143,-62.52596823126748,-1.1573229341274334,-66.03230124392353,0.6295741068180681,5.034045488113729,0.2719344611720337,-0.10213570397282423,0.00015748,0.24487151135285296,0.00081957,1,0.0
7778,0.0002906577114246689,0.12554615466542426,-1.54e-06,2.134437427598921,4.047685849999918,87.98463672158783,1.0052136313683062,14.668424562917005,0.12067054082980143,-61.36281601255478,-1.1573229341274334,45.38473827290266,0.6295741068180681,-16.237686326556172,0.2719344611720337,0.14951349337417252,0.00015748,0.21751133614567358,0.00081957,0,0.0
7779,0.0031132591385674424,0.007650492297702711,-1.54e-06,2.134437427598921,4.047685849999918,-10.582698394478328,1.0052136313683062,6.114112947814155,0.12067054082980143,-48.66830146019213,-1.1573229341274334,26.379603613153716,0.6295741068180681,24.88253333644806,0.2719344611720337,-0.05576289154191973,0.00015748,0.05577343074961832,0.00081957,1,0.0
7780,0.206653643054869,0.04095798362410526,-1.54e-06,2.134437427598921,4.047685849999918,10.356925426926429,1.0052136313683062,13.21216286905557,0.12067054082980143,-40.882578378998105,-1.1573229341274334,-88.4321870868882,0.6295741068180681,31.502595845684386,0.2719344611720337,-0.14197410555006498,0.00015748,0.14251749265527783,0.00081957,1,0.0
7781,0.003353212178499154,0.15876388538120767,-1.54e-06,2.134437427598921,4.047685849999918,8.232574544712048,1.0052136313683062,16.71075361527929,0.12067054082980143,-33.68415101491067,-1.1573229341274334,10.705676519654357,0.6295741068180681,-6.0006664478089515,0.2719344611720337,-0.15993135717038495,0.00015748,0.21159887892028753,0.00081957,1,0.0
7782,0.0010737580020487303,0.09454994176855032,-1.54e-06,2.134437427598921,4.047685849999918,59.87190646032705,1.0052136313683062,14.341195758986975,0.12067054082980143,-58.58603763044088,-1.1573229341274334,7.0248258940212835,0.6295741068180681,-1.2628786988698153,0.2719344611720337,0.016967965102596336,0.00015748,0.1831693967265336,0.00081957,0,0.0
7783,0.0050482476465177895,0.11372792012843469,-1.54e-06,2.134437427598921,4.047685849999918,72.01760871196447,1.0052136313683062,17.171652208900124,0.12067054082980143,-71.75138139007498,-1.1573229341274334,18.091979335591898,0.6295741068180681,-2.0159610263002765,0.2719344611720337,0.04230728290344288,0.00015748,0.21906952651066813,0.00081957,0,0.0
7784,0.1427418126366622,0.034511008656827574,-1.54e-06,2.134437427598921,4.047685849999918,-11.314067964422188,1.0052136313683062,13.40945876120142,0.12067054082980143,-72.5278444108866,-1.1573229341274334,-20.228737544200715,0.6295741068180681,46.23570739456355,0.2719344611720337,-0.12865733706737606,0.00015748,0.12892252577957355,0.00081957,1,0.0
7785,0.0007741057377598781,0.057081138285433757,-1.54e-06,2.134437427598921,4.047685849999918,27.80451851374574,1.0052136313683062,9.765454188766887,0.12067054082980143,-42.957931418978944,-1.1573229341274334,16.169173311125874,0.6295741068180681,3.7355777088705016,0.2719344611720337,0.005184969510014056,0.00015748,0.10841064128599369,0.00081957,0,0.0
7786,0.04733129183447515,0.04993197847370354,-1.54e-06,2.134437427598921,4.047685849999918,5.610514269502405,1.0052136313683062,14.470725662070263,0.12067054082980143,-77.87452772937978,-1.1573229341274334,-13.830118872571243,0.6295741068180681,36.9727537614825,0.2719344611720337,-0.14745906151452193,0.00015748,0.14846247441807148,0.00081957,1,0.0
7787,0.3391148489856851,0.010509480553324463,-1.54e-06,2.134437427598921,4.047685849999918,-82.27326092035456,1.0052136313683062,7.33497025392271,0.12067054082980143,-84.76627900934025,-1.1573229341274334,37.524706624290324,0.6295741068180681,87.77513062941571,0.2719344611720337,-0.04921322949241485,0.00015748,0.04918639537145977,0.00081957,1,0.0
7788,0.030036893200374976,0.054537080081216396,-1.54e-06,2.134437427598921,4.047685849999918,5.496853151821549,1.0052136313683062,8.668584426530874,0.12067054082980143,-69.29294052593256,-1.1573229341274334,-2.7818972534505466,0.6295741068180681,36.95790714147747,0.2719344611720337,-0.13801173570832137,0.00015748,0.14610353918485564,0.00081957,1,0.0
7789,0.5193059321977264,0.050758165038474225,-1.54e-06,2.134437427598921,4.047685849999918,-86.69285981298158,1.0052136313683062,1.3488372180192874,0.12067054082980143,-1.4471787314438878,-1.1573229341274334,-37.94860946016708,0.6295741068180681,60.27085391208003,0.2719344611720337,-0.07824682117530632,0.00015748,0.078471382112791,0.00081957,1,0.0
7790,0.08358001433945189,0.037414943778606644,-1.54e-06,2.134437427598921,4.047685849999918,-21.896516850524485,1.0052136313683062,13.513973249078887,0.12067054082980143,-97.1657253197254,-1.1573229341274334,25.60838085618659,0.6295741068180681,56.49292284558363,0.2719344611720337,-0.12971587822310832,0.00015748,0.13002235735665885,0.00081957,1,0.0
7791,0.09228191537441865,0.0917343909704244,-1.54e-06,2.134437427598921,4.047685849999918,21.40643710319715,1.0052136313683062,19.58072990668429,0.12067054082980143,-84.39295360998425,-1.1573229341274334,-56.92717148582695,0.6295741068180681,38.3083430870068,0.2719344611720337,-0.20036232514442112,0.00015748,0.2039463473235931,0.00081957,1,0.0
7792,0.09870668166551888,0.09691202039348659,-1.54e-06,2.134437427598921,4.047685849999918,-10.60602679570239,1.0052136313683062,5.034594827232135,0.12067054082980143,-84.26905712850572,-1.1573229341274334,46.69991591804808,0.6295741068180681,53.373830848658464,0.2719344611720337,-0.08824106420090709,0.00015748,0.1751957073194727,0.00081957,1,0.0
7793,0.017447598379773,0.017463940625544905,-1.54e-06,2.134437427598921,4.047685849999918,7.200890849577162,1.0052136313683062,8.460138517956329,0.12067054082980143,-42.15472934219017,-1.1573229341274334,-12.30284043941047,0.6295741068180681,18.096125698464043,0.2719344611720337,-0.08710210738917568,0.00015748,0.08715487584555778,0.00081957,1,0.0
7794,0.5192350175747119,0.023991698273777434,-1.54e-06,2.134437427598921,4.047685849999918,-71.87115253495267,1.0052136313683062,5.368579308810115,0.12067054082980143,-31.795558700705783,-1.1573229341274334,-57.78650035353263,0.6295741068180681,74.5914734130255,0.2719344611720337,-0.03431330986634393,0.00015748,0.03433344435946667,0.00081957,1,0.0
7795,0.3503949842736529,0.014698233949421081,-1.54e-06,2.134437427598921,4.047685849999918,-36.73443963066567,1.0052136313683062,7.507409840342139,0.12067054082980143,-33.581622101304724,-1.1573229341274334,-58.191631588720256,0.6295741068180681,52.56113760482038,0.2719344611720337,-0.06766666222701777,0.00015748,0.06769553696709758,0.00081957,1,0.0
7796,-0.0005326511211413976,0.04344426183455886,-1.54e-06,2.134437427598921,4.047685849999918,-0.47800875557901285,1.0052136313683062,7.106989031596161,0.12067054082980143,-64.64471901087092,-1.1573229341274334,55.839763204659334,0.6295741068180681,26.046588916226742,0.2719344611720337,-0.006163165025989785,0.00015748,0.0876165492742402,0.00081957,1,0.0
7797,0.0008085279849551763,0.052556325322501755,-1.54e-06,2.134437427598921,4.047685849999918,39.6286292598264,1.0052136313683062,10.096697423651266,0.12067054082980143,-33.46653732431566,-1.1573229341274334,-21.175417010376098,0.6295741068180681,-0.9915392382222186,0.2719344611720337,-0.036068096403466005,0.00015748,0.12174016044961328,0.00081957,1,0.0
7798,0.22774032296133317,0.2912208258009713,-1.54e-06,2.134437427598921,4.047685849999918,58.2473463602213,1.0052136313683062,0.546094034272701,0.12067054082980143,-48.702467701390844,-1.1573229341274334,56.67242216458202,0.6295741068180681,15.50318706156578,0.2719344611720337,0.03595645178382703,0.00015748,0.40372518744858277,0.00081957,0,0.0
7799,1.015881366018239,0.8685966010503586,-1.54e-06,2.134437427598921,4.047685849999918,45.21063189659135,1.0052136313683062,-0.1462941802360021,0.12067054082980143,-57.66868712677374,-1.1573229341274334,54.197424794643865,0.6295741068180681,65.92113396000744,0.2719344611720337,0.14117976130775223,0.00015748,0.7955007104990314,0.00081957,0,0.0
7800,0.05178096051718073,0.003260107891571797,-1.54e-06,3.2013800316438306,5.716629895423952,37.62968612486643,1.0052136313683062,11.419770121231018,0.12067054082980143,-84.17847215311517,-1.1573229341274334,-96.98861023068508,0.6295741068180681,46.77490285189752,0.2719344611720337,-0.03650721493381362,0.00015748,0.03677807462783779,0.00081957,1,0.0
7801,0.12350794767212175,0.0013221190654368689,-1.54e-06,3.2013800316438306,5.716629895423952,-43.54997052762084,1.0052136313683062,11.111568213363919,0.12067054082980143,-82.43425974191746,-1.1573229341274334,-76.19068379785568,0.6295741068180681,72.48930954091591,0.2719344611720337,-0.024907590054557237,0.00015748,0.024964003261016342,0.00081957,1,0.0
7802,0.1522984685288365,0.0012631828708155326,-1.54e-06,3.2013800316438306,5.716629895423952,-70.98638983291676,1.0052136313683062,10.771587124602911,0.12067054082980143,-84.44567368912169,-1.1573229341274334,-73.35769471432212,0.6295741068180681,84.87660367826993,0.2719344611720337,-0.02281146398677789,0.00015748,0.022809277535054826,0.00081957,1,0.0
7803,0.0003185398633194017,0.011996243027030002,-1.54e-06,3.2013800316438306,5.716629895423952,14.30888939739864,1.0052136313683062,2.2631020507618533,0.12067054082980143,-41.282962482553906,-1.1573229341274334,93.23627307193672,0.6295741068180681,9.966506481200682,0.2719344611720337,0.008823220323980694,0.00015748,0.015461194789278982,0.00081957,0,0.0
7804,3.795991820068623e-05,0.007651930127113965,-1.54e-06,3.2013800316438306,5.716629895423952,84.52701289457414,1.0052136313683062,13.764224960383345,0.12067054082980143,-78.85137968459858,-1.1573229341274334,-62.95934889558626,0.6295741068180681,14.520791222065759,0.2719344611720337,-0.02590276722987509,0.00015748,0.036336612404416525,0.00081957,1,0.0
7805,0.019014913881952172,0.0027511978609736087,-1.54e-06,3.2013800316438306,5.716629895423952,36.74283274243886,1.0052136313683062,13.07974924978405,0.12067054082980143,-92.13615936912103,-1.1573229341274334,-51.283432392119565,0.6295741068180681,38.396533400674414,0.2719344611720337,-0.03304744863767561,0.00015748,0.03304814424238348,0.00081957,1,0.0
7806,0.021900934382388437,0.00037132777464690464,-1.54e-06,3.2013800316438306,5.716629895423952,-26.530014594809668,1.0052136313683062,5.67153997627886,0.12067054082980143,-64.16186802073244,-1.1573229341274334,34.754881243359875,0.6295741068180681,39.141187118800104,0.2719344611720337,-0.012518506661917377,0.00015748,0.012515557170376366,0.00081957,1,0.0
7807,9.998981493097858e-05,0.08320057193251351,-1.54e-06,3.2013800316438306,5.716629895423952,76.40849168809113,1.0052136313683062,38.207194537434816,0.12067054082980143,-95.61700322137675,-1.1573229341274334,9.186357142846704,0.6295741068180681,-39.02917469284089,0.2719344611720337,-0.08901029384804947,0.00015748,0.12341768162137896,0.00081957,1,0.0
7808,0.25950126080365876,0.03465672497602791,-1.54e-06,3.2013800316438306,5.716629895423952,-34.80527097748214,1.0052136313683062,-0.5268205563825418,0.12067054082980143,-14.101513663397046,-1.1573229341274334,-93.84502902790422,0.6295741068180681,68.51484139419345,0.2719344611720337,-0.000641741751583394,0.00015748,0.050188131413253276,0.00081957,1,0.0
7809,0.043720924283057044,0.0020294382750440636,-1.54e-06,3.2013800316438306,5.716629895423952,3.6255682774452382,1.0052136313683062,11.968871089695607,0.12067054082980143,-97.0028005222107,-1.1573229341274334,-31.483933425454197,0.6295741068180681,53.30324372873346,0.2719344611720337,-0.029816200679838832,0.00015748,0.029820503293647195,0.00081957,1,0.0
7810,0.0006361422694637076,0.0055960433365256496,-1.54e-06,3.2013800316438306,5.716629895423952,48.08356672708343,1.0052136313683062,10.399344987734628,0.12067054082980143,-88.93103903894615,-1.1573229341274334,-13.336289546974703,0.6295741068180681,32.23163647410079,0.2719344611720337,-0.02575277043196403,0.00015748,0.0325617581454236,0.00081957,1,0.0
7811,0.01855358244472484,0.002090899178141287,-1.54e-06,3.2013800316438306,5.716629895423952,-16.28768474617134,1.0052136313683062,4.755748814871005,0.12067054082980143,-3.791187806734844,-1.1573229341274334,-7.406229315290467,0.6295741068180681,-1.1856316295183098,0.2719344611720337,-0.019327876897344276,0.00015748,0.019351436916501964,0.00081957,1,0.0
7812,0.0037020769838381623,0.008035150730596836,-1.54e-06,3.2013800316438306,5.716629895423952,-18.6733786021546,1.0052136313683062,-6.544987415933147,0.12067054082980143,-36.86042578526048,-1.1573229341274334,54.14946448163311,0.6295741068180681,41.05814663702731,0.2719344611720337,-0.03673792312009716,0.00015748,0.03670126482830657,0.00081957,1,0.0
7813,0.010467970454152764,0.000991513443039289,-1.54e-06,3.2013800316438306,5.716629895423952,-23.040264910813573,1.0052136313683062,8.77929845387536,0.12067054082980143,-91.24635002121701,-1.1573229341274334,54.647644643335845,0.6295741068180681,46.94606146937146,0.2719344611720337,-0.018826928997453328,0.00015748,0.01885763651768521,0.00081957,1,0.0
7814,9.745057298897464e-05,0.010821430144907359,-1.54e-06,3.2013800316438306,5.716629895423952,7.951200875174846,1.0052136313683062,1.7418976533625106,0.12067054082980143,-92.61951290593092,-1.1573229341274334,76.96278091678252,0.6295741068180681,53.217852408164255,0.2719344611720337,-0.029260591268712444,0.00015748,0.03953183605405909,0.00081957,1,0.0
7815,0.020392624292032625,0.00029596674615646706,-1.54e-06,3.2013800316438306,5.716629895423952,-66.92939509851773,1.0052136313683062,-2.4278280796833127,0.12067054082980143,-13.10760459538482,-1.1573229341274334,81.78353258143137,0.6295741068180681,23.415461687585076,0.2719344611720337,-0.00958186087739093,0.00015748,0.009578182319079994,0.00081957,1,0.0
7816,0.07956011986205913,0.001971946450940245,-1.54e-06,3.2013800316438306,5.716629895423952,-11.425803248375571,1.0052136313683062,12.093765433020554,0.12067054082980143,-59.52384430992696,-1.1573229341274334,-78.80478695374963,0.6295741068180681,39.680413911549124,0.2719344611720337,-0.02461207843629951,0.00015748,0.024578498422878462,0.00081957,1,0.0
7817,0.11593792176403381,0.0010043525098610987,-1.54e-06,3.2013800316438306,5.716629895423952,-55.932896437715264,1.0052136313683062,9.967778704762441,0.12067054082980143,-84.34515791274801,-1.1573229341274334,-45.08079759044683,0.6295741068180681,74.42330252714711,0.2719344611720337,-0.02184416539976088,0.00015748,0.021848045005306422,0.00081957,1,0.0
7818,0.041433869691522254,0.0006510134868657361,-1.54e-06,3.2013800316438306,5.716629895423952,-28.360085267055275,1.0052136313683062,3.927130264444446,0.12067054082980143,-57.13162132705218,-1.1573229341274334,10.712204962921689,0.6295741068180681,44.36518085065125,0.2719344611720337,-0.014181992469465936,0.00015748,0.014261717401128225,0.00081957,1,0.0
7819,1.490792238653671e-05,0.010958922951144201,-1.54e-06,3.2013800316438306,5.716629895423952,-18.459050464349186,1.0052136313683062,8.517051841323292,0.12067054082980143,-24.85474581723613,-1.1573229341274334,62.17094036921572,0.6295741068180681,-5.626221167259525,0.2719344611720337,-0.029884463236749596,0.00015748,0.03917496367959787,0.00081957,1,0.0
7820,0.0011259530968539683,0.019885440369216495,-1.54e-06,3.2013800316438306,5.716629895423952,70.08001271530131,1.0052136313683062,-6.529155124345741,0.12067054082980143,-7.135364006687919,-1.1573229341274334,-7.325421711797067,0.6295741068180681,5.716474096878727,0.2719344611720337,-0.03298789106565808,0.00015748,0.0535141404022897,0.00081957,1,0.0
7821,0.0995540763086864,0.002121965114761991,-1.54e-06,3.2013800316438306,5.716629895423952,-60.863964945533816,1.0052136313683062,1.2681988053290145,0.12067054082980143,-52.26893560937175,-1.1573229341274334,-18.305735464381936,0.6295741068180681,66.61828136171766,0.2719344611720337,-0.019423991259663858,0.00015748,0.0194067900260227,0.00081957,1,0.0
7822,0.1526784348028079,0.004165928993550953,-1.54e-06,3.2013800316438306,5.716629895423952,-84.41249627801537,1.0052136313683062,-1.7192880660397232,0.12067054082980143,-31.15130092169944,-1.1573229341274334,-61.811728260266925,0.6295741068180681,76.59906093207141,0.2719344611720337,-0.022901177870162437,0.00015748,0.022859752632444545,0.00081957,1,0.0
7823,7.110255585651704e-05,0.0064799023427476446,-1.54e-06,3.2013800316438306,5.716629895423952,79.9015804835139,1.0052136313683062,12.094609710693575,0.12067054082980143,-79.60750868217072,-1.1573229341274334,-64.06867638924636,0.6295741068180681,20.317630431107336,0.2719344611720337,-0.029182640175251892,0.00015748,0.036775877823397904,0.00081957,1,0.0
7824,0.08719663586872284,0.0015945857641612654,-1.54e-06,3.2013800316438306,5.716629895423952,-44.01178147513492,1.0052136313683062,4.634816522393884,0.12067054082980143,-3.1656327927751913,-1.1573229341274334,-59.61168371581551,0.6295741068180681,21.54716007285513,0.2719344611720337,-0.01489997028159951,0.00015748,0.014845009886727548,0.00081957,1,0.0
7825,0.15525711780983778,0.0009318863555913487,-1.54e-06,3.2013800316438306,5.716629895423952,-85.49405672800496,1.0052136313683062,6.625077371688734,0.12067054082980143,-50.01604089283517,-1.1573229341274334,-67.90468701386484,0.6295741068180681,72.13646921183168,0.2719344611720337,-0.011985678286260449,0.00015748,0.011980193407161336,0.00081957,1,0.0
7826,0.000784043405754737,0.00887898925463079,-1.54e-06,3.2013800316438306,5.716629895423952,17.66817555508987,1.0052136313683062,-1.6240972655125334,0.12067054082980143,-34.71744126053265,-1.1573229341274334,45.8263472392273,0.6295741068180681,19.851961602103486,0.2719344611720337,-0.015031273813067434,0.00015748,0.027857899442498727,0.00081957,1,0.0
7827,0.002571256737512926,0.0007571906190990308,-1.54e-06,3.2013800316438306,5.716629895423952,4.490220958252925,1.0052136313683062,0.023300252519294625,0.12067054082980143,-20.683374287144694,-1.1573229341274334,1.9456753982208068,0.6295741068180681,14.47752055656329,0.2719344611720337,-0.012116041367446907,0.00015748,0.012250805836478283,0.00081957,1,0.0
7828,7.777869608602272e-05,0.010361601026981717,-1.54e-06,3.2013800316438306,5.716629895423952,46.20443216671477,1.0052136313683062,8.556707125962808,0.12067054082980143,-96.91695228819111,-1.1573229341274334,37.93536135869912,0.6295741068180681,36.27169712017903,0.2719344611720337,-0.01785418831023376,0.00015748,0.03483824855209873,0.00081957,1,0.0
7829,0.0069965200404337735,0.0009025466355770282,-1.54e-06,3.2013800316438306,5.716629895423952,7.322198124946131,1.0052136313683062,7.089454044908463,0.12067054082980143,-64.65418877027864,-1.1573229341274334,3.182630915662854,0.6295741068180681,30.248849067381315,0.2719344611720337,-0.018485748541956934,0.00015748,0.01848943326444618,0.00081957,1,0.0
7830,0.04241765660979756,0.00017443665683235503,-1.54e-06,3.2013800316438306,5.716629895423952,-64.55406105385754,1.0052136313683062,5.093131667593503,0.12067054082980143,-73.30679200135432,-1.1573229341274334,68.79303996875524,0.6295741068180681,54.67124318050143,0.2719344611720337,-0.009215124569628851,0.00015748,0.00922309818797581,0.00081957,1,0.0
7831,-2.726414688292156e-06,0.008778571034278121,-1.54e-06,3.2013800316438306,5.716629895423952,82.75504715310839,1.0052136313683062,10.53980067173779,0.12067054082980143,-63.58818411089004,-1.1573229341274334,-44.794891733093635,0.6295741068180681,8.854242308564665,0.2719344611720337,-0.016707038694267047,0.00015748,0.03177620878347918,0.00081957,1,0.0
7832,0.13132543876969116,0.0012945320445128907,-1.54e-06,3.2013800316438306,5.716629895423952,-41.72990454508234,1.0052136313683062,10.837886531506296,0.12067054082980143,-74.66560801846418,-1.1573229341274334,-93.41868042738633,0.6295741068180681,70.25409337585762,0.2719344611720337,-0.024368320347767213,0.00015748,0.024360213535772984,0.00081957,1,0.0
7833,0.000311381774021402,0.011051431181528355,-1.54e-06,3.2013800316438306,5.716629895423952,-25.910099489151296,1.0052136313683062,8.103209520249202,0.12067054082980143,-18.38343879479179,-1.1573229341274334,62.72771588972428,0.6295741068180681,-7.767220258051211,0.2719344611720337,-0.0336352059140463,0.00015748,0.04113333952226933,0.00081957,1,0.0
7834,0.09679445182305746,0.01574564032355074,-1.54e-06,3.2013800316438306,5.716629895423952,-80.41762404742457,1.0052136313683062,18.81314208140377,0.12067054082980143,-72.00671852227214,-1.1573229341274334,-5.896920789484129,0.6295741068180681,41.91667340986862,0.2719344611720337,-0.054544728576183234,0.00015748,0.05462013606155781,0.00081957,1,0.0
7835,0.10596099228180533,0.008772021729239549,-1.54e-06,3.2013800316438306,5.716629895423952,-49.400432884028966,1.0052136313683062,-2.019611110567176,0.12067054082980143,-58.330397079519514,-1.1573229341274334,-34.71171020423768,0.6295741068180681,79.39466445549172,0.2719344611720337,-0.040111835811934934,0.00015748,0.04002626494398015,0.00081957,1,0.0
7836,-5.518178892049974e-06,0.006097667365960007,-1.54e-06,3.2013800316438306,5.716629895423952,-4.805417937331294,1.0052136313683062,7.367158758190589,0.12067054082980143,-78.54831682882956,-1.1573229341274334,83.3135720676101,0.6295741068180681,31.34745634254486,0.2719344611720337,-0.005417904346189663,0.00015748,0.017054430604479767,0.00081957,1,0.0
7837,0.047441972510382624,0.002701644812143066,-1.54e-06,3.2013800316438306,5.716629895423952,-42.44939176369722,1.0052136313683062,10.266390592420189,0.12067054082980143,-58.77044793550453,-1.1573229341274334,12.589664995533743,0.6295741068180681,34.29212947049303,0.2719344611720337,-0.02406469917058142,0.00015748,0.024076631802377443,0.00081957,1,0.0
7838,0.02557073892953976,0.030535829854924416,-1.54e-06,3.2013800316438306,5.716629895423952,-24.828723835878993,1.0052136313683062,17.44891168776987,0.12067054082980143,-0.7206380180967418,-1.1573229341274334,-29.14640965843114,0.6295741068180681,-28.069241045320705,0.2719344611720337,-0.07321501631020336,0.00015748,0.0730969085478741,0.00081957,1,0.0
7839,0.00040953442048728,0.008728416846303376,-1.54e-06,3.2013800316438306,5.716629895423952,-3.0204182347280484,1.0052136313683062,2.372882506185493,0.12067054082980143,-20.065574696286504,-1.1573229341274334,75.64855946703833,0.6295741068180681,0.19156680795573733,0.2719344611720337,-0.0035097537580807397,0.00015748,0.019978661394231656,0.00081957,1,0.0
7840,8.774869268540764e-05,0.013882494172277916,-1.54e-06,3.2013800316438306,5.716629895423952,88.0712022109273,1.0052136313683062,13.84953839226676,0.12067054082980143,-20.836162638489093,-1.1573229341274334,-73.14747417542829,0.6295741068180681,-28.586493762308805,0.2719344611720337,-0.020491162691065337,0.00015748,0.03786471133781716,0.00081957,1,0.0
7841,0.020145846142477608,0.002976214643613496,-1.54e-06,3.2013800316438306,5.716629895423952,38.957000428294634,1.0052136313683062,12.887297857805535,0.12067054082980143,-94.82723733590909,-1.1573229341274334,-54.121252187651045,0.6295741068180681,40.88345431722447,0.2719344611720337,-0.03453922974241507,0.00015748,0.03455985447835535,0.00081957,1,0.0
7842,0.03396340495066155,0.0026951954644256915,-1.54e-06,3.2013800316438306,5.716629895423952,31.389697737261773,1.0052136313683062,13.56631012265181,0.12067054082980143,-91.03518029152285,-1.1573229341274334,-64.73857279453735,0.6295741068180681,41.509497213086775,0.2719344611720337,-0.033201721442640074,0.00015748,0.033275706958138355,0.00081957,1,0.0
7843,0.11101695296531301,0.0018281630700434147,-1.54e-06,3.2013800316438306,5.716629895423952,-35.466174446954085,1.0052136313683062,6.446938099293384,0.12067054082980143,-67.58883985545263,-1.1573229341274334,-71.48202745495317,0.6295741068180681,68.30273166874458,0.2719344611720337,-0.024832966621673842,0.00015748,0.024806342985629046,0.00081957,1,0.0
7844,0.139413882833801,0.0035223925597755125,-1.54e-06,3.2013800316438306,5.716629895423952,-67.80538313719661,1.0052136313683062,8.755334420869566,0.12067054082980143,-18.564512530523402,-1.1573229341274334,-93.60847473749148,0.6295741068180681,40.51156492690156,0.2719344611720337,-0.023404951010046738,0.00015748,0.02340428084386872,0.00081957,1,0.0
7845,0.06849436034698472,0.002451373992793974,-1.54e-06,3.2013800316438306,5.716629895423952,-92.71318042127126,1.0052136313683062,0.6664087085384656,0.12067054082980143,-0.6344304323409489,-1.1573229341274334,42.33498380069123,0.6295741068180681,24.58431091885496,0.2719344611720337,-0.02314073243781611,0.00015748,0.023125092780747213,0.00081957,1,0.0
7846,0.03734685911663732,0.013759590830160512,-1.54e-06,3.2013800316438306,5.716629895423952,3.9444924663339,1.0052136313683062,15.994738644805388,0.12067054082980143,-20.938028665892716,-1.1573229341274334,-71.5834359310185,0.6295741068180681,-8.980279100994638,0.2719344611720337,-0.04822713389556747,0.00015748,0.048507127796854024,0.00081957,1,0.0
7847,0.00030684343590767216,0.032431300974086016,-1.54e-06,3.2013800316438306,5.716629895423952,85.88549939075988,1.0052136313683062,-4.670533797366098,0.12067054082980143,-47.463140489345996,-1.1573229341274334,72.65329494282703,0.6295741068180681,17.16380368692562,0.2719344611720337,-0.027096339835418606,0.00015748,0.06866044086241163,0.00081957,1,0.0
7848,0.0008659115930551575,0.0027646417457617162,-1.54e-06,3.2013800316438306,5.716629895423952,69.39195601158538,1.0052136313683062,12.141501605779023,0.12067054082980143,-67.87159858184455,-1.1573229341274334,-86.2818122041302,0.6295741068180681,16.89847014110412,0.2719344611720337,-0.0322127188674158,0.00015748,0.03221950473679255,0.00081957,1,0.0
7849,0.00040595870082512503,0.01593337465584331,-1.54e-06,3.2013800316438306,5.716629895423952,59.040239626506164,1.0052136313683062,2.183059293311533,0.12067054082980143,-10.177226859601925,-1.1573229341274334,41.7429761897906,0.6295741068180681,-16.822579927550045,0.2719344611720337,0.0101672589676261,0.00015748,0.021975193583512822,0.00081957,0,0.0
7850,-3.302721460790581e-05,0.010813309477217556,-1.54e-06,3.2013800316438306,5.716629895423952,44.1064051692216,1.0052136313683062,11.301499341356132,0.12067054082980143,-3.667809616586731,-1.1573229341274334,-52.57343263709548,0.6295741068180681,-27.76300556913064,0.2719344611720337,-0.029678487346386367,0.00015748,0.03722380905928992,0.00081957,1,0.0
7851,0.05949654257219897,0.00013719240575042567,-1.54e-06,3.2013800316438306,5.716629895423952,-73.6907812665822,1.0052136313683062,1.5609143438779085,0.12067054082980143,-43.37015012172638,-1.1573229341274334,48.82098868030545,0.6295741068180681,47.86857855148589,0.2719344611720337,-0.0015679347681231063,0.00015748,0.00156640063113448,0.00081957,1,0.0
7852,0.04011284850737067,0.0001631171981851261,-1.54e-06,3.2013800316438306,5.716629895423952,12.259939014735954,1.0052136313683062,2.6847444180957196,0.12067054082980143,-1.5696952772106973,-1.1573229341274334,-75.4724499351492,0.6295741068180681,7.364646672003291,0.2719344611720337,-0.007830836276148282,0.00015748,0.007876893451324335,0.00081957,1,0.0
7853,0.0006490014993717243,0.00425291566814217,-1.54e-06,3.2013800316438306,5.716629895423952,41.817783848551855,1.0052136313683062,-0.77783599901261,0.12067054082980143,-24.418312998035947,-1.1573229341274334,-46.98060911657295,0.6295741068180681,16.60229615306639,0.2719344611720337,-0.031185789803989065,0.00015748,0.031180082039528965,0.00081957,1,0.0
7854,0.06173623707439507,0.0012383327785977474,-1.54e-06,3.2013800316438306,5.716629895423952,1.5504330923388587,1.0052136313683062,5.47374166353011,0.12067054082980143,-47.86471149806245,-1.1573229341274334,-68.31085800585998,0.6295741068180681,39.91631670205855,0.2719344611720337,-0.02186177493571338,0.00015748,0.02187832292214301,0.00081957,1,0.0
7855,0.07251235498118805,0.0006991597659536991,-1.54e-06,3.2013800316438306,5.716629895423952,-22.89932810416112,1.0052136313683062,7.576474622411507,0.12067054082980143,-60.937987124877814,-1.1573229341274334,-43.72357048953323,0.6295741068180681,48.66519231794288,0.2719344611720337,-0.018407049829744875,0.00015748,0.01839482025370381,0.00081957,1,0.0
7856,0.004224285739188122,0.0015724567082337115,-1.54e-06,3.2013800316438306,5.716629895423952,22.14710677626192,1.0052136313683062,9.765624238189407,0.12067054082980143,-76.05252466449575,-1.1573229341274334,-13.157853535299447,0.6295741068180681,30.653415006188833,0.2719344611720337,-0.024130582760610822,0.00015748,0.024131900471301926,0.00081957,1,0.0
7857,4.4940295176376654e-05,0.014324767991990218,-1.54e-06,3.2013800316438306,5.716629895423952,25.94969117309736,1.0052136313683062,21.824520417918077,0.12067054082980143,-89.69593148561916,-1.1573229341274334,-19.691526689859554,0.6295741068180681,11.355723687462286,0.2719344611720337,-0.049564669939034925,0.00015748,0.05140066591390775,0.00081957,1,0.0
7858,0.0003800643846741947,0.002042730154907718,-1.54e-06,3.2013800316438306,5.716629895423952,-12.21053201361586,1.0052136313683062,9.624247894868095,0.12067054082980143,-75.43378268818817,-1.1573229341274334,46.72387817876764,0.6295741068180681,30.184066371487592,0.2719344611720337,-0.01864694005718956,0.00015748,0.019840449710515337,0.00081957,1,0.0
7859,0.0634141447924168,0.01184468921310651,-1.54e-06,3.2013800316438306,5.716629895423952,13.408209996675836,1.0052136313683062,1.4080551926900646,0.12067054082980143,-77.90192959717712,-1.1573229341274334,-63.33344006039318,0.6295741068180681,68.94577759981881,0.2719344611720337,-0.052304099011550455,0.00015748,0.05249177300604103,0.00081957,1,0.0
7860,0.13928052088871795,0.038297518643871487,-1.54e-06,3.2013800316438306,5.716629895423952,26.96702756958928,1.0052136313683062,-0.9310001738817684,0.12067054082980143,-70.56023854045894,-1.1573229341274334,15.820860334403315,0.6295741068180681,66.13063101443258,0.2719344611720337,-0.020352023806076976,0.00015748,0.07149439818358858,0.00081957,1,0.0
7861,0.09023045488834955,0.0009489786479341795,-1.54e-06,3.2013800316438306,5.716629895423952,-7.5425578241104265,1.0052136313683062,7.528446586137306,0.12067054082980143,-47.69667839956732,-1.1573229341274334,-96.93059059810386,0.6295741068180681,44.72369431649157,0.2719344611720337,-0.020944538326889917,0.00015748,0.020993685385947043,0.00081957,1,0.0
7862,0.10082142583238979,0.0005275774416407385,-1.54e-06,3.2013800316438306,5.716629895423952,-89.628909833069,1.0052136313683062,7.657394614016199,0.12067054082980143,-92.92073959290634,-1.1573229341274334,33.360906969130426,0.6295741068180681,81.8705897413146,0.2719344611720337,-0.014867502930355216,0.00015748,0.014906958517105629,0.00081957,1,0.0
7863,0.00029452960817058504,0.011239871196750252,-1.54e-06,3.2013800316438306,5.716629895423952,70.10660335845527,1.0052136313683062,2.9578927848804875,0.12067054082980143,-28.23019294881921,-1.1573229341274334,-8.74375609852115,0.6295741068180681,-1.1625166672414513,0.2719344611720337,-0.004990428647560122,0.00015748,0.026187582322586236,0.00081957,1,0.0
7864,0.07685407719460755,0.002258202610424911,-1.54e-06,3.2013800316438306,5.716629895423952,3.6188916462922562,1.0052136313683062,13.103727606529546,0.12067054082980143,-93.32209934070434,-1.1573229341274334,-79.89179772482788,0.6295741068180681,58.80059744936916,0.2719344611720337,-0.03269730658679083,0.00015748,0.032736895521858385,0.00081957,1,0.0
7865,0.0006280929369359145,0.011267435456132402,-1.54e-06,3.2013800316438306,5.716629895423952,59.901803443498,1.0052136313683062,9.67858959736324,0.12067054082980143,-43.57723097775324,-1.1573229341274334,0.5996576566160424,0.6295741068180681,-4.569670018235287,0.2719344611720337,-0.004271760535463092,0.00015748,0.025043639986785424,0.00081957,1,0.0
7866,0.00016191198685516772,0.009290480107543195,-1.54e-06,3.2013800316438306,5.716629895423952,74.05521277396545,1.0052136313683062,8.740132148994741,0.12067054082980143,-52.65854394831521,-1.1573229341274334,-25.658621872357017,0.6295741068180681,4.538264397704073,0.2719344611720337,-0.00916647555756325,0.00015748,0.026654871889019518,0.00081957,1,0.0
7867,0.007774145178310876,0.01612904639892641,-1.54e-06,3.2013800316438306,5.716629895423952,-17.08671215756129,1.0052136313683062,-7.159531436179159,0.12067054082980143,-63.76910628107238,-1.1573229341274334,67.32232171304094,0.6295741068180681,61.14124237390186,0.2719344611720337,-0.05152897462513083,0.00015748,0.05275091926767382,0.00081957,1,0.0
7868,0.09919724978708461,0.005150177595713478,-1.54e-06,3.2013800316438306,5.716629895423952,-70.93798038511478,1.0052136313683062,8.777077155362175,0.12067054082980143,-22.20570542307231,-1.1573229341274334,-32.70025159106585,0.6295741068180681,30.32091586505174,0.2719344611720337,-0.030142458530229378,0.00015748,0.03022838913158439,0.00081957,1,0.0
7869,0.07976136026756019,0.0007312193126728901,-1.54e-06,3.2013800316438306,5.716629895423952,-61.303988778799436,1.0052136313683062,6.551245836784246,0.12067054082980143,-49.76959226495958,-1.1573229341274334,-1.4379636204839403,0.6295741068180681,47.21890507312964,0.2719344611720337,-0.012963042606972546,0.00015748,0.01304615840647649,0.00081957,1,0.0
7870,0.02427940855298616,0.0020721363494061425,-1.54e-06,3.2013800316438306,5.716629895423952,18.735288881981838,1.0052136313683062,11.759616571610895,0.12067054082980143,-89.5615711431211,-1.1573229341274334,-31.16959814440589,0.6295741068180681,41.9448726959724,0.2719344611720337,-0.02902747446933809,0.00015748,0.02902937249132721,0.00081957,1,0.0
7871,0.000264545501174801,0.007069460715373146,-1.54e-06,3.2013800316438306,5.716629895423952,75.13799034574204,1.0052136313683062,11.54358673416489,0.12067054082980143,-89.53599758336493,-1.1573229341274334,-51.01370738550908,0.6295741068180681,28.49919383663949,0.2719344611720337,-0.03193036333013784,0.00015748,0.03949537982912524,0.00081957,1,0.0
7872,0.1331665735270558,0.0007291782425156174,-1.54e-06,3.2013800316438306,5.716629895423952,-69.56819114287596,1.0052136313683062,3.1765911826072775,0.12067054082980143,-25.0071524444986,-1.1573229341274334,-69.18962727962735,0.6295741068180681,55.04004738234811,0.2719344611720337,-0.006212109026352844,0.00015748,0.006209452471997022,0.00081957,1,0.0
7873,0.00014998765991007523,0.005379762520599193,-1.54e-06,3.2013800316438306,5.716629895423952,3.1880460494563954,1.0052136313683062,5.764250699159666,0.12067054082980143,-76.01956441518578,-1.1573229341274334,65.32029921862363,0.6295741068180681,33.80385603914164,0.2719344611720337,-0.009070248559114667,0.00015748,0.018786056672790444,0.00081957,1,0.0
7874,0.1458176618391999,0.000922236113984743,-1.54e-06,3.2013800316438306,5.716629895423952,-64.83443342726929,1.0052136313683062,7.729190817518623,0.12067054082980143,-57.88846836319454,-1.1573229341274334,-82.91936633967775,0.6295741068180681,71.19911171167236,0.2719344611720337,-0.0167809504616961,0.00015748,0.016784748152898904,0.00081957,1,0.0
7875,0.06011817580167732,0.00772126918496275,-1.54e-06,3.2013800316438306,5.716629895423952,-39.07388837336894,1.0052136313683062,9.66112811798369,0.12067054082980143,-8.132173302175527,-1.1573229341274334,-35.57411072894954,0.6295741068180681,5.135606004480379,0.2719344611720337,-0.03666859297023918,0.00015748,0.03687537921391659,0.00081957,1,0.0
7876,1.1149640265412097e-05,0.007164284620790792,-1.54e-06,3.2013800316438306,5.716629895423952,87.20410614532777,1.0052136313683062,9.498109550865035,0.12067054082980143,-21.524798961164464,-1.1573229341274334,-84.30070792996945,0.6295741068180681,-15.994359886426942,0.2719344611720337,-0.011495495949410791,0.00015748,0.023635276361014517,0.00081957,1,0.0
7877,0.021747605035692882,0.02863562100936284,-1.54e-06,3.2013800316438306,5.716629895423952,56.58214439521863,1.0052136313683062,-6.021969435251189,0.12067054082980143,-57.64894301177218,-1.1573229341274334,-68.76205042326235,0.6295741068180681,56.38328378924153,0.2719344611720337,-0.07672524947094367,0.00015748,0.07681635028938144,0.00081957,1,0.0
7878,0.010998691306393943,0.011485815629179965,-1.54e-06,3.2013800316438306,5.716629895423952,-34.08167123510047,1.0052136313683062,-10.686327105259204,0.12067054082980143,-21.101480194000633,-1.1573229341274334,68.30831144890112,0.6295741068180681,41.95498183665261,0.2719344611720337,-0.04214490507300308,0.00015748,0.042836991860422856,0.00081957,1,0.0
7879,0.037774147556682444,0.0014477962557060589,-1.54e-06,3.2013800316438306,5.716629895423952,27.828369514201597,1.0052136313683062,9.420427230141525,0.12067054082980143,-59.81797399170288,-1.1573229341274334,-74.92266343369761,0.6295741068180681,30.779193005856264,0.2719344611720337,-0.025482508026366667,0.00015748,0.025475737494499523,0.00081957,1,0.0
7880,0.00027563349790074576,0.01951024204304497,-1.54e-06,3.2013800316438306,5.716629895423952,56.99548042643453,1.0052136313683062,-4.511730408228221,0.12067054082980143,-10.27764671104697,-1.1573229341274334,53.930353966603086,0.6295741068180681,-1.8442432101270696,0.2719344611720337,-0.011758930655888834,0.00015748,0.043165338000972206,0.00081957,1,0.0
7881,0.13222590111432725,0.0006705720166491359,-1.54e-06,3.2013800316438306,5.716629895423952,-81.23720773804797,1.0052136313683062,5.3149737465731235,0.12067054082980143,-48.62576624299192,-1.1573229341274334,-41.31477163921081,0.6295741068180681,66.5390295242349,0.2719344611720337,-0.009483831385799585,0.00015748,0.009556979482062293,0.00081957,1,0.0
7882,0.08959686270006662,0.00535084488927791,-1.54e-06,3.2013800316438306,5.716629895423952,-35.763672515328956,1.0052136313683062,16.786422548082236,0.12067054082980143,-83.83216451993248,-1.1573229341274334,-51.443159136722464,0.6295741068180681,50.13948621601584,0.2719344611720337,-0.035570696615273026,0.00015748,0.035587916355043936,0.00081957,1,0.0
7883,0.03537177191751999,0.0018906900603942569,-1.54e-06,3.2013800316438306,5.716629895423952,-89.47044504492057,1.0052136313683062,3.710116778781852,0.12067054082980143,-41.3587658886456,-1.1573229341274334,99.86212836715957,0.6295741068180681,34.848766754139504,0.2719344611720337,-0.02096788137821337,0.00015748,0.021105212990168917,0.00081957,1,0.0
7884,0.02510566476949419,0.002152000462015212,-1.54e-06,3.2013800316438306,5.716629895423952,-76.51374353353377,1.0052136313683062,4.059181252154784,0.12067054082980143,-35.94880804106158,-1.1573229341274334,90.73780416411815,0.6295741068180681,26.694511052733194,0.2719344611720337,-0.022229599916721833,0.00015748,0.02226562392206928,0.00081957,1,0.0
7885,0.05124023897698869,0.002047601920018121,-1.54e-06,3.2013800316438306,5.716629895423952,-50.47954146965896,1.0052136313683062,0.05046793499238488,0.12067054082980143,-55.93701366160447,-1.1573229341274334,36.28980777785754,0.6295741068180681,55.95185335727423,0.2719344611720337,-0.018386415194698885,0.00015748,0.01853536427632063,0.00081957,1,0.0
7886,0.0017847824337773321,0.0014023172559024751,-1.54e-06,3.2013800316438306,5.716629895423952,33.27082859248304,1.0052136313683062,6.381092852087279,0.12067054082980143,-53.96983841484684,-1.1573229341274334,-32.11841738322137,0.6295741068180681,21.777222647268093,0.2719344611720337,-0.022273530852227347,0.00015748,0.02233039637619934,0.00081957,1,0.0
7887,0.09291143249565859,0.0007748418718204637,-1.54e-06,3.2013800316438306,5.716629895423952,-30.482452681029223,1.0052136313683062,8.439378490143334,0.12067054082980143,-62.11569677475928,-1.1573229341274334,-60.838031857939704,0.6295741068180681,54.344086677853824,0.2719344611720337,-0.019289814407144574,0.00015748,0.019303760115621602,0.00081957,1,0.0
7888,0.16774160132207738,0.14324202617642706,-1.54e-06,3.2013800316438306,5.716629895423952,66.51659691976076,1.0052136313683062,-27.37796741179444,0.12067054082980143,-6.661093886196633,-1.1573229341274334,69.83355827288999,0.6295741068180681,69.33535680575869,0.2719344611720337,-0.0867264564525267,0.00015748,0.17300266572688705,0.00081957,1,0.0
7889,0.14080350035507713,0.0014123808630437755,-1.54e-06,3.2013800316438306,5.716629895423952,-54.28124340699571,1.0052136313683062,11.799721015548895,0.12067054082980143,-79.14570591152153,-1.1573229341274334,-87.03553411948577,0.6295741068180681,74.72586164315499,0.2719344611720337,-0.024305107003349934,0.00015748,0.024304851901622248,0.00081957,1,0.0
7890,0.05757462151032039,0.0080723585279459,-1.54e-06,3.2013800316438306,5.716629895423952,-34.57984342819216,1.0052136313683062,13.328714890153012,0.12067054082980143,-39.43069674896314,-1.1573229341274334,-28.5849638275182,0.6295741068180681,17.449992505073816,0.2719344611720337,-0.03844096790695557,0.00015748,0.03846814662751606,0.00081957,1,0.0
7891,0.0009914696207106999,0.010606828972481766,-1.54e-06,3.2013800316438306,5.716629895423952,6.732499995189489,1.0052136313683062,8.156288722082673,0.12067054082980143,-21.189253908052322,-1.1573229341274334,36.46949835301484,0.6295741068180681,-9.892631038520644,0.2719344611720337,-0.021152951468927955,0.00015748,0.0339321461404659,0.00081957,1,0.0
7892,0.09568852939839255,0.009614858550339327,-1.54e-06,3.2013800316438306,5.716629895423952,4.0624761483865415,1.0052136313683062,4.236179251416079,0.12067054082980143,-84.08381696090736,-1.1573229341274334,-94.91758564002832,0.6295741068180681,77.62777585108915,0.2719344611720337,-0.04986225375595524,0.00015748,0.04998055286759402,0.00081957,1,0.0
7893,0.07464663608878347,0.0013281805611835588,-1.54e-06,3.2013800316438306,5.716629895423952,-76.62801716641556,1.0052136313683062,5.124961599640491,0.12067054082980143,-98.60008156004858,-1.1573229341274334,57.013192361192864,0.6295741068180681,82.39308277599285,0.2719344611720337,-0.018770596269999502,0.00015748,0.018764067460300377,0.00081957,1,0.0
7894,0.001281347047008885,0.04316646700811941,-1.54e-06,3.2013800316438306,5.716629895423952,73.24843162043793,1.0052136313683062,-11.085189050545857,0.12067054082980143,-35.89895545846277,-1.1573229341274334,81.28238848549165,0.6295741068180681,25.83820076026717,0.2719344611720337,-0.04735075938249762,0.00015748,0.0854973395404356,0.00081957,1,0.0
7895,0.03776103938373699,0.00018078579096766933,-1.54e-06,3.2013800316438306,5.716629895423952,-86.2561992095147,1.0052136313683062,0.16620902733288057,0.12067054082980143,-40.624754903898044,-1.1573229341274334,97.36081413094375,0.6295741068180681,42.699801266553145,0.2719344611720337,-0.006640394186466665,0.00015748,0.006655185502155137,0.00081957,1,0.0
7896,0.0018472399874041728,0.01280916226682243,-1.54e-06,3.2013800316438306,5.716629895423952,-0.4516772218145714,1.0052136313683062,-3.1708263679698967,0.12067054082980143,-78.10865965556714,-1.1573229341274334,47.29665141156042,0.6295741068180681,60.22062328943758,0.2719344611720337,-0.04939034334629655,0.00015748,0.049446451991484286,0.00081957,1,0.0
7897,0.13801177359682376,0.0015960817595969646,-1.54e-06,3.2013800316438306,5.716629895423952,-73.54298859247382,1.0052136313683062,6.1418609912902635,0.12067054082980143,-21.620529909303897,-1.1573229341274334,-77.04881924828783,0.6295741068180681,48.03707211159377,0.2719344611720337,-0.013991625003288278,0.00015748,0.013985660302810793,0.00081957,1,0.0
7898,0.06310881746294712,0.01447676361324084,-1.54e-06,3.2013800316438306,5.716629895423952,-1.5451363806461873,1.0052136313683062,-6.679564010375462,0.12067054082980143,-27.73275159600112,-1.1573229341274334,-55.45060670138333,0.6295741068180681,53.19869731881477,0.2719344611720337,-0.052112952471078805,0.00015748,0.05207537865365992,0.00081957,1,0.0
7899,0.1242154484736366,0.0009865836673346243,-1.54e-06,3.2013800316438306,5.716629895423952,-37.56862762043096,1.0052136313683062,8.122723629329771,0.12067054082980143,-57.124089988768034,-1.1573229341274334,-94.77062029760609,0.6295741068180681,61.84210472696669,0.2719344611720337,-0.020311096283039735,0.00015748,0.020320786714393125,0.00081957,1,0.0
7900,0.08969895430757295,0.08828532411717459,-1.54e-06,0.7917823152062691,5.4615668567766305,-28.873654129388772,1.0052136313683062,-24.216327873700568,0.12067054082980143,-35.117028128334,-1.1573229341274334,27.004237446816152,0.6295741068180681,38.237707098903144,0.2719344611720337,-0.10687076121157045,0.00015748,0.1072970596457367,0.00081957,1,0.0
7901,0.27467836707423,0.48712303169425014,-1.54e-06,0.7917823152062691,5.4615668567766305,78.81845145839134,1.0052136313683062,77.87968958355916,0.12067054082980143,-78.8931252683282,-1.1573229341274334,19.316635587857057,0.6295741068180681,-15.650812166610153,0.2719344611720337,0.13863876175485046,0.00015748,1.6526726653812758,0.00081957,0,0.0
7902,0.469620222458181,0.035436407998448674,-1.54e-06,0.7917823152062691,5.4615668567766305,-71.13044852125213,1.0052136313683062,36.15197163653256,0.12067054082980143,-100.0,-1.1573229341274334,17.62118561989055,0.6295741068180681,89.28353995373314,0.2719344611720337,-0.09585627410295999,0.00015748,0.09602947900987344,0.00081957,1,0.0
7903,0.6312334987324001,0.14362874373918036,-1.54e-06,0.7917823152062691,5.4615668567766305,82.75278717392744,1.0052136313683062,100.0,0.12067054082980143,-43.594805973347405,-1.1573229341274334,33.18737266695245,0.6295741068180681,-16.501612810878093,0.2719344611720337,0.2922634780642879,0.00015748,1.7290598690358712,0.00081957,0,0.0
7904,0.8492794680188097,0.19381585812831725,-1.54e-06,0.7917823152062691,5.4615668567766305,30.67961026949299,1.0052136313683062,87.9556948958533,0.12067054082980143,-58.83973991368203,-1.1573229341274334,59.655011055915935,0.6295741068180681,29.655069112399275,0.2719344611720337,0.3075116439277715,0.00015748,1.33075670631611,0.00081957,0,0.0
7905,0.4039464967032546,0.02186865576011291,-1.54e-06,0.7917823152062691,5.4615668567766305,-45.549316346108085,1.0052136313683062,15.129802587702235,0.12067054082980143,-22.056525282849677,-1.1573229341274334,-81.34336751853219,0.6295741068180681,56.46803877033301,0.2719344611720337,-0.04965443691710353,0.00015748,0.050995887292282854,0.00081957,1,0.0
7906,0.5125022358505678,0.22398103861983792,-1.54e-06,0.7917823152062691,5.4615668567766305,-44.87931290474476,1.0052136313683062,71.76831209571084,0.12067054082980143,-72.37856902173355,-1.1573229341274334,-97.48795536530636,0.6295741068180681,66.09025597362707,0.2719344611720337,-0.0702188132588056,0.00015748,0.2956134062874093,0.00081957,1,0.0
7907,0.7304990431628693,0.10597658586768174,-1.54e-06,0.7917823152062691,5.4615668567766305,-75.49915820770666,1.0052136313683062,19.994818231489557,0.12067054082980143,-31.4571022837704,-1.1573229341274334,-41.95474146713703,0.6295741068180681,90.49280966452417,0.2719344611720337,-0.1324813413064837,0.00015748,0.13279848823004975,0.00081957,1,0.0
7908,0.02707747309153305,0.01002215286483193,-1.54e-06,0.7917823152062691,5.4615668567766305,-15.686618877887858,1.0052136313683062,18.016503964906647,0.12067054082980143,-38.69905865367098,-1.1573229341274334,-57.6337156122082,0.6295741068180681,22.5442514271219,0.2719344611720337,-0.06096253181477924,0.00015748,0.06172081144737499,0.00081957,1,0.0
7909,0.36654180509495676,0.27424373688670983,-1.54e-06,0.7917823152062691,5.4615668567766305,79.71277610425835,1.0052136313683062,98.07332677455328,0.12067054082980143,-52.7813816176307,-1.1573229341274334,75.8029355029555,0.6295741068180681,-30.350618259432913,0.2719344611720337,0.22200155354588247,0.00015748,1.3877239757061992,0.00081957,0,0.0
7910,0.0014422907574097588,0.12472078920684396,-1.54e-06,0.7917823152062691,5.4615668567766305,10.860211065197038,1.0052136313683062,35.03093686742694,0.12067054082980143,-30.996017579243276,-1.1573229341274334,30.796862652649928,0.6295741068180681,-6.039092002461015,0.2719344611720337,-0.02347723625222889,0.00015748,0.1960710688230922,0.00081957,1,0.0
7911,0.8382322638093178,0.18800929632759938,-1.54e-06,0.7917823152062691,5.4615668567766305,32.213453426238566,1.0052136313683062,92.77126799505608,0.12067054082980143,-66.58952815070174,-1.1573229341274334,67.33921382092618,0.6295741068180681,29.195508172324317,0.2719344611720337,0.30622228645756644,0.00015748,1.3597971064196397,0.00081957,0,0.0
7912,0.2119383201121771,0.005779267853758617,-1.54e-06,0.7917823152062691,5.4615668567766305,-47.758608315316515,1.0052136313683062,20.824037124047557,0.12067054082980143,-91.06115173077583,-1.1573229341274334,38.05979992385656,0.6295741068180681,61.85324170709885,0.2719344611720337,-0.04066974279344966,0.00015748,0.040520731634488605,0.00081957,1,0.0
7913,0.0043728263048572885,0.018594389780044313,-1.54e-06,0.7917823152062691,5.4615668567766305,-12.713260774994168,1.0052136313683062,22.886645285340325,0.12067054082980143,-54.20090910926489,-1.1573229341274334,44.1643580008193,0.6295741068180681,17.043368179102526,0.2719344611720337,-0.0679984496056643,0.00015748,0.0674146440583429,0.00081957,1,0.0
7914,0.2923373397057392,0.008995565441038782,-1.54e-06,0.7917823152062691,5.4615668567766305,-53.0729722038289,1.0052136313683062,19.364230232348927,0.12067054082980143,-79.95081591087668,-1.1573229341274334,1.5065846078253367,0.6295741068180681,68.15401177967277,0.2719344611720337,-0.033078136781818104,0.00015748,0.03327227768229753,0.00081957,1,0.0
7915,0.1201746822208581,0.01196066877851949,-1.54e-06,0.7917823152062691,5.4615668567766305,-40.84705482401173,1.0052136313683062,17.479104813962437,0.12067054082980143,-81.79740227268822,-1.1573229341274334,-36.08299423597796,0.6295741068180681,55.487654091415166,0.2719344611720337,-0.06325734616714498,0.00015748,0.06319172264442457,0.00081957,1,0.0
7916,0.7083317999248998,0.15872705961857883,-1.54e-06,0.7917823152062691,5.4615668567766305,70.49645708555823,1.0052136313683062,100.0,0.12067054082980143,-41.118079744110844,-1.1573229341274334,5.978274866326586,0.6295741068180681,-4.871557875652185,0.2719344611720337,0.2950445083087324,0.00015748,1.6498436909544645,0.00081957,0,0.0
7917,0.14921893349649518,0.02041244470589656,-1.54e-06,0.7917823152062691,5.4615668567766305,-18.421592740667368,1.0052136313683062,18.943600778618176,0.12067054082980143,-34.30564861734748,-1.1573229341274334,54.846974075846354,0.6295741068180681,21.64187668015144,0.2719344611720337,-0.07282874579505279,0.00015748,0.0731689714218804,0.00081957,1,0.0
7918,0.36881441359263045,0.017351185668754477,-1.54e-06,0.7917823152062691,5.4615668567766305,-41.96626188129722,1.0052136313683062,13.225575450385353,0.12067054082980143,-19.55722117554613,-1.1573229341274334,-80.2535885631974,0.6295741068180681,52.11227985536179,0.2719344611720337,-0.042833663798498164,0.00015748,0.04263009375620963,0.00081957,1,0.0
7919,0.13070888408126552,0.005472882905392772,-1.54e-06,0.7917823152062691,5.4615668567766305,-36.33234404254422,1.0052136313683062,15.695038767316735,0.12067054082980143,-70.80231507817437,-1.1573229341274334,-9.159455433801906,0.6295741068180681,48.4444894788043,0.2719344611720337,-0.04183627889619097,0.00015748,0.04231572451377674,0.00081957,1,0.0
7920,0.32417366671427744,0.014910734829510608,-1.54e-06,0.7917823152062691,5.4615668567766305,-39.79609621019933,1.0052136313683062,8.03312971836827,0.12067054082980143,-23.7963791506541,-1.1573229341274334,-53.91588044054923,0.6295741068180681,49.64298455582039,0.2719344611720337,-0.02852446650323435,0.00015748,0.0286870475007249,0.00081957,1,0.0
7921,0.4317820269610029,0.0262816742852488,-1.54e-06,0.7917823152062691,5.4615668567766305,-68.74436834758077,1.0052136313683062,33.8903522396577,0.12067054082980143,-100.0,-1.1573229341274334,11.890200432765589,0.6295741068180681,86.87040098573956,0.2719344611720337,-0.0829784153969303,0.00015748,0.08291238820428645,0.00081957,1,0.0
7922,0.5713389103608276,0.16034855260702505,-1.54e-06,0.7917823152062691,5.4615668567766305,-41.772038349611314,1.0052136313683062,38.54652551052385,0.12067054082980143,-14.449936446287255,-1.1573229341274334,-6.806480715268147,0.6295741068180681,49.882705295115834,0.2719344611720337,-0.1269278735020969,0.00015748,0.1960575844684963,0.00081957,1,0.0
7923,0.27093844905620773,0.0065231146987858885,-1.54e-06,0.7917823152062691,5.4615668567766305,-40.51378557904824,1.0052136313683062,19.39856813672675,0.12067054082980143,-42.27832303921937,-1.1573229341274334,-83.97802106842686,0.6295741068180681,52.39244245470134,0.2719344611720337,-0.03997508273005859,0.00015748,0.04010767945622308,0.00081957,1,0.0
7924,0.4451643686479808,0.031465604731253455,-1.54e-06,0.7917823152062691,5.4615668567766305,-50.05308049470447,1.0052136313683062,22.18247476850804,0.12067054082980143,-31.344699941780608,-1.1573229341274334,-66.67589634105022,0.6295741068180681,61.57829351197932,0.2719344611720337,-0.07594524258054033,0.00015748,0.07648494421286928,0.00081957,1,0.0
7925,0.6525893457311424,0.09485283904679007,-1.54e-06,0.7917823152062691,5.4615668567766305,-76.8152344284731,1.0052136313683062,16.842427259915425,0.12067054082980143,-64.4419109452204,-1.1573229341274334,65.35742928296156,0.6295741068180681,92.32118719421896,0.2719344611720337,-0.12566099633387107,0.00015748,0.12648454013466953,0.00081957,1,0.0
7926,0.10309647701192175,0.0017160514111404525,-1.54e-06,0.7917823152062691,5.4615668567766305,-13.580225592317266,1.0052136313683062,3.5242959255855273,0.12067054082980143,-11.71061875900128,-1.1573229341274334,-9.624685542346187,0.6295741068180681,16.992840109554347,0.2719344611720337,-0.009899566051066271,0.00015748,0.010490743341641844,0.00081957,1,0.0
7927,0.6064165950422965,0.14278183483276743,-1.54e-06,0.7917823152062691,5.4615668567766305,81.67184987842955,1.0052136313683062,88.5583095369757,0.12067054082980143,-14.305385038500962,-1.1573229341274334,35.454960378329986,0.6295741068180681,-25.3819520509983,0.2719344611720337,0.2988240774258133,0.00015748,1.5307929210027627,0.00081957,0,0.0
7928,0.07965433655544586,0.03497991065795179,-1.54e-06,0.7917823152062691,5.4615668567766305,-10.124900066432557,1.0052136313683062,28.893718702182788,0.12067054082980143,-20.064869033913553,-1.1573229341274334,-71.58375177965108,0.6295741068180681,13.729311562251066,0.2719344611720337,-0.08864084278682949,0.00015748,0.08937279933051687,0.00081957,1,0.0
7929,0.1302042873262797,0.015017073238375186,-1.54e-06,0.7917823152062691,5.4615668567766305,-40.11609945707848,1.0052136313683062,28.08273310494047,0.12067054082980143,-81.80260386294631,-1.1573229341274334,-67.91814407702978,0.6295741068180681,54.7829312849362,0.2719344611720337,-0.08471413459724032,0.00015748,0.08481159234994544,0.00081957,1,0.0
7930,0.35810257553508057,0.3415614264595652,-1.54e-06,0.7917823152062691,5.4615668567766305,54.96213147015869,1.0052136313683062,81.9796300344173,0.12067054082980143,-79.56112599364357,-1.1573229341274334,63.92180191532298,0.6295741068180681,-3.0953403610038186,0.2719344611720337,0.16874848796311792,0.00015748,1.2996501976422592,0.00081957,0,0.0
7931,0.18234299606538928,0.2221723311115937,-1.54e-06,0.7917823152062691,5.4615668567766305,19.167384483941458,1.0052136313683062,50.093706552870245,0.12067054082980143,-21.464271887885005,-1.1573229341274334,30.23413166699286,0.6295741068180681,-6.943792785059552,0.2719344611720337,0.060231875253767914,0.00015748,0.37456250984176,0.00081957,0,0.0
7932,0.0596573150925553,0.006899846908314192,-1.54e-06,0.7917823152062691,5.4615668567766305,-31.428507174841275,1.0052136313683062,21.28789825160322,0.12067054082980143,-87.77554625363442,-1.1573229341274334,54.316268041065776,0.6295741068180681,42.03035440533547,0.2719344611720337,-0.056053815608819044,0.00015748,0.05592533226622548,0.00081957,1,0.0
7933,0.4624779762661919,0.22798475059249868,-1.54e-06,0.7917823152062691,5.4615668567766305,3.6703740327445167,1.0052136313683062,46.76289188318101,0.12067054082980143,-5.285916987409875,-1.1573229341274334,-65.7105187278206,0.6295741068180681,19.41796011496028,0.2719344611720337,0.12551376471539288,0.00015748,0.4719052756865706,0.00081957,0,0.0
7934,0.4306207497139515,0.24976993160512592,-1.54e-06,0.7917823152062691,5.4615668567766305,22.81532933028137,1.0052136313683062,46.858096675073575,0.12067054082980143,-12.242118558292512,-1.1573229341274334,7.653749160424653,0.6295741068180681,5.740718470094081,0.2719344611720337,0.16531790322469203,0.00015748,0.6751321274099802,0.00081957,0,0.0
7935,0.23020485523355488,0.008386308688936172,-1.54e-06,0.7917823152062691,5.4615668567766305,-51.09940758147615,1.0052136313683062,25.175217496278698,0.12067054082980143,-87.90731700946432,-1.1573229341274334,-39.622291970642216,0.6295741068180681,67.4958437805919,0.2719344611720337,-0.058948234590651766,0.00015748,0.05902189128218696,0.00081957,1,0.0
7936,0.764458440576695,0.17101790925721638,-1.54e-06,0.7917823152062691,5.4615668567766305,43.23182044326536,1.0052136313683062,94.17273436839943,0.12067054082980143,-65.72430952256653,-1.1573229341274334,89.22327220916787,0.6295741068180681,17.043253612545346,0.2719344611720337,0.3044684851899223,0.00015748,1.3979467861155466,0.00081957,0,0.0
7937,0.7371806201702618,0.16475228771702083,-1.54e-06,0.7917823152062691,5.4615668567766305,69.1588231550713,1.0052136313683062,100.0,0.12067054082980143,-32.106926769127675,-1.1573229341274334,-25.891107283896847,0.6295741068180681,-3.6480981655259908,0.2719344611720337,0.29493409022758843,0.00015748,1.6403182665150817,0.00081957,0,0.0
7938,0.020553402962284428,0.00024325777481353221,-1.54e-06,0.7917823152062691,5.4615668567766305,-5.772353709528468,1.0052136313683062,3.378164892267839,0.12067054082980143,-10.748065680546073,-1.1573229341274334,-10.416861837094228,0.6295741068180681,7.850881970497084,0.2719344611720337,-0.010452667738774067,0.00015748,0.01044479260877547,0.00081957,1,0.0
7939,0.14423211728056484,0.09010706091569182,-1.54e-06,0.7917823152062691,5.4615668567766305,-44.57627650999411,1.0052136313683062,-12.106796323787542,0.12067054082980143,-57.723782748638754,-1.1573229341274334,-67.83963011897676,0.6295741068180681,60.74041184395268,0.2719344611720337,-0.10890227406375534,0.00015748,0.10879182355213425,0.00081957,1,0.0
7940,0.1815750164554459,0.011524489996913535,-1.54e-06,0.7917823152062691,5.4615668567766305,-44.34419453432144,1.0052136313683062,27.003732785698215,0.12067054082980143,-78.30295231764906,-1.1573229341274334,-78.76780778126117,0.6295741068180681,59.75180071326925,0.2719344611720337,-0.07554696209704961,0.00015748,0.07557489424108974,0.00081957,1,0.0
7941,0.5618797924756455,0.13616219721002887,-1.54e-06,0.7917823152062691,5.4615668567766305,-47.532730591308926,1.0052136313683062,31.476350201525943,0.12067054082980143,-21.30987042896856,-1.1573229341274334,39.541478167198164,0.6295741068180681,53.57844420867367,0.2719344611720337,-0.18093046451150865,0.00015748,0.18253776809945724,0.00081957,1,0.0
7942,0.0887051797774463,0.014764425779019699,-1.54e-06,0.7917823152062691,5.4615668567766305,-31.88037859726931,1.0052136313683062,23.78995791928385,0.12067054082980143,-64.92524649184679,-1.1573229341274334,-86.71788564960823,0.6295741068180681,44.427034964112806,0.2719344611720337,-0.08176393651899462,0.00015748,0.08164745911100667,0.00081957,1,0.0
7943,0.0030476776288191204,0.01795217789233758,-1.54e-06,0.7917823152062691,5.4615668567766305,-3.0495239406709946,1.0052136313683062,16.51002539549616,0.12067054082980143,-30.192105951634826,-1.1573229341274334,74.87938299248292,0.6295741068180681,2.953694311886173,0.2719344611720337,-0.061101212161137605,0.00015748,0.06125530434694376,0.00081957,1,0.0
7944,0.0009930056049477498,0.06300054091314532,-1.54e-06,0.7917823152062691,5.4615668567766305,5.833466223921031,1.0052136313683062,26.599076859889575,0.12067054082980143,-14.774211681324436,-1.1573229341274334,24.20750797291585,0.6295741068180681,-6.824839077126384,0.2719344611720337,-0.07401836893261632,0.00015748,0.10634917533472876,0.00081957,1,0.0
7945,0.02053742194538715,0.018253631161624498,-1.54e-06,0.7917823152062691,5.4615668567766305,1.6249797308344818,1.0052136313683062,12.4243571096312,0.12067054082980143,-9.865802563933538,-1.1573229341274334,62.12985154665747,0.6295741068180681,-3.828074800660132,0.2719344611720337,-0.061072110451822384,0.00015748,0.061145085053786075,0.00081957,1,0.0
7946,0.6857453618510067,0.16102223496897286,-1.54e-06,0.7917823152062691,5.4615668567766305,59.11212112413794,1.0052136313683062,79.27067088668971,0.12067054082980143,-24.716890443218258,-1.1573229341274334,71.69566501763431,0.6295741068180681,-5.37500936715712,0.2719344611720337,0.3063031820533537,0.00015748,1.3589238185429646,0.00081957,0,0.0
7947,0.001988700128730078,0.023439876713781584,-1.54e-06,0.7917823152062691,5.4615668567766305,3.891975538436579,1.0052136313683062,17.18474821884053,0.12067054082980143,-3.1765895937585524,-1.1573229341274334,-4.730609012844605,0.6295741068180681,-5.38968694602465,0.2719344611720337,-0.06209920754588934,0.00015748,0.06324884097077939,0.00081957,1,0.0
7948,0.3322551879026132,0.02012789708360463,-1.54e-06,0.7917823152062691,5.4615668567766305,-50.11429278821993,1.0052136313683062,7.595550235548562,0.12067054082980143,-53.609413581608656,-1.1573229341274334,-5.235634925805832,0.6295741068180681,63.19570540266103,0.2719344611720337,-0.020616569769692214,0.00015748,0.02109249726357431,0.00081957,1,0.0
7949,0.29929826127273884,0.02232557002701862,-1.54e-06,0.7917823152062691,5.4615668567766305,-47.25169490166203,1.0052136313683062,4.97979025863208,0.12067054082980143,-61.7575809567612,-1.1573229341274334,65.95152413433941,0.6295741068180681,58.70305074424563,0.2719344611720337,-0.03655065725556006,0.00015748,0.0372678968721831,0.00081957,1,0.0
7950,0.3827535208493189,0.09871743191182432,-1.54e-06,0.7917823152062691,5.4615668567766305,-57.3704033135513,1.0052136313683062,59.714185197158685,0.12067054082980143,-93.79211446761595,-1.1573229341274334,-60.74655046225267,0.6295741068180681,73.27465473313708,0.2719344611720337,-0.167904818968293,0.00015748,0.16918851588154743,0.00081957,1,0.0
7951,0.2843542539490393,0.012704148285451388,-1.54e-06,0.7917823152062691,5.4615668567766305,-48.519367595540885,1.0052136313683062,27.357370681581216,0.12067054082980143,-76.5333150573578,-1.1573229341274334,-1.2743837845066621,0.6295741068180681,61.95200515425528,0.2719344611720337,-0.06467611489549184,0.00015748,0.06471946457062287,0.00081957,1,0.0
7952,0.3905593008121398,0.041755456561722734,-1.54e-06,0.7917823152062691,5.4615668567766305,-48.728202506633785,1.0052136313683062,31.85405740450011,0.12067054082980143,-56.892178960165445,-1.1573229341274334,-2.4402222033603627,0.6295741068180681,59.88744613892895,0.2719344611720337,-0.10309424042593596,0.00015748,0.10415551344437937,0.00081957,1,0.0
7953,0.5156625344575996,0.1589230586074468,-1.54e-06,0.7917823152062691,5.4615668567766305,-65.31734864084605,1.0052136313683062,-23.02826349525169,0.12067054082980143,-27.510423579936667,-1.1573229341274334,8.796238681747296,0.6295741068180681,80.1999516450574,0.2719344611720337,-0.1212497894604038,0.00015748,0.1218204716244699,0.00081957,1,0.0
7954,0.21801845460145367,0.02219916851581343,-1.54e-06,0.7917823152062691,5.4615668567766305,-38.54070487262342,1.0052136313683062,32.80873075776695,0.12067054082980143,-68.0995429204732,-1.1573229341274334,-24.00287916318939,0.6295741068180681,49.76857604011332,0.2719344611720337,-0.0863866065879152,0.00015748,0.08611001617115072,0.00081957,1,0.0
7955,1.0054664325056517,0.23018748694390526,-1.54e-06,0.7917823152062691,5.4615668567766305,14.96941645039108,1.0052136313683062,99.84528258965571,0.12067054082980143,-81.8939042354583,-1.1573229341274334,-10.10716129304515,0.6295741068180681,56.95500349344313,0.2719344611720337,0.30133329728460523,0.00015748,1.4687618260249036,0.00081957,0,0.0
7956,0.5965145518549796,0.275348556531245,-1.54e-06,0.7917823152062691,5.4615668567766305,39.96510593849761,1.0052136313683062,76.81521098948612,0.12067054082980143,-40.60623322110499,-1.1573229341274334,-0.3352493335375586,0.6295741068180681,10.10936062141307,0.2719344611720337,0.22210795352999835,0.00015748,1.1834046195822125,0.00081957,0,0.0
7957,0.5558329683482589,0.056321583731106475,-1.54e-06,0.7917823152062691,5.4615668567766305,-57.89271699971167,1.0052136313683062,15.860553745360765,0.12067054082980143,-22.5401750547513,-1.1573229341274334,-54.29546015955387,0.6295741068180681,69.90335114015848,0.2719344611720337,-0.09226095170855651,0.00015748,0.09310170416298606,0.00081957,1,0.0
7958,0.17665634624450208,0.01086334398708505,-1.54e-06,0.7917823152062691,5.4615668567766305,-22.31106279260552,1.0052136313683062,2.5097204529381623,0.12067054082980143,-26.401501811582055,-1.1573229341274334,66.64369397661363,0.6295741068180681,26.33661886926064,0.2719344611720337,-0.04422573644869613,0.00015748,0.04526389266422686,0.00081957,1,0.0
7959,0.07834665248631521,0.09577308026917877,-1.54e-06,0.7917823152062691,5.4615668567766305,-1.476250395921167,1.0052136313683062,37.14446604393337,0.12067054082980143,-17.326136596445075,-1.1573229341274334,-1.4617274094813857,0.6295741068180681,1.0704818976543873,0.2719344611720337,-0.12349070292546588,0.00015748,0.13682349164039193,0.00081957,1,0.0
7960,0.8754206522876075,0.20143355517832215,-1.54e-06,0.7917823152062691,5.4615668567766305,27.889534423710842,1.0052136313683062,84.42182663730539,0.12067054082980143,-43.14194019444298,-1.1573229341274334,37.58410385933757,0.6295741068180681,29.245331165169347,0.2719344611720337,0.3121352199806266,0.00015748,1.2538097027266846,0.00081957,0,0.0
7961,0.8610443681982662,0.1913005762776943,-1.54e-06,0.7917823152062691,5.4615668567766305,44.1069800588448,1.0052136313683062,99.97125673268779,0.12067054082980143,-50.74542353026028,-1.1573229341274334,-24.187617007732058,0.6295741068180681,23.068632757677342,0.2719344611720337,0.29853693744539145,0.00015748,1.5358184814810751,0.00081957,0,0.0
7962,0.7492500747992618,0.1722571129228562,-1.54e-06,0.7917823152062691,5.4615668567766305,44.98151072562988,1.0052136313683062,83.821451544048,0.12067054082980143,-43.91657843737848,-1.1573229341274334,85.05061027839987,0.6295741068180681,10.366661502568768,0.2719344611720337,0.3087909159949406,0.00015748,1.3124812137336859,0.00081957,0,0.0
7963,0.9600832615375741,0.24505514081178967,-1.54e-06,0.7917823152062691,5.4615668567766305,7.638651106342321,1.0052136313683062,61.720561976232105,0.12067054082980143,-16.354736731630624,-1.1573229341274334,74.76347562580082,0.6295741068180681,38.28771715613289,0.2719344611720337,0.341299646910679,0.00015748,0.9275780095196497,0.00081957,0,0.0
7964,0.0641338378207969,0.23659540593025719,-1.54e-06,0.7917823152062691,5.4615668567766305,23.796632898875533,1.0052136313683062,51.975018004987675,0.12067054082980143,-10.280900929807217,-1.1573229341274334,-85.64517993596955,0.6295741068180681,-13.249069016729504,0.2719344611720337,-0.011255597541896672,0.00015748,0.36752486062113454,0.00081957,1,0.0
7965,0.24420260626558687,0.07095944528343295,-1.54e-06,0.7917823152062691,5.4615668567766305,-46.936828297407985,1.0052136313683062,53.64708380052019,0.12067054082980143,-93.74239261469386,-1.1573229341274334,-65.14476320389554,0.6295741068180681,61.77990170624069,0.2719344611720337,-0.14816464792345085,0.00015748,0.14892519892526307,0.00081957,1,0.0
7966,0.12876672527585242,0.036573995424278236,-1.54e-06,0.7917823152062691,5.4615668567766305,-22.77604882918254,1.0052136313683062,34.32209960983989,0.12067054082980143,-45.466425079955656,-1.1573229341274334,-61.808473889868864,0.6295741068180681,30.21316012324619,0.2719344611720337,-0.09963306385876614,0.00015748,0.09914169045872781,0.00081957,1,0.0
7967,0.0020849880788417763,0.15549049561596603,-1.54e-06,0.7917823152062691,5.4615668567766305,0.11191478827789025,1.0052136313683062,51.29798279759683,0.12067054082980143,-40.97429609455982,-1.1573229341274334,-75.72030021943016,0.6295741068180681,5.490467029982567,0.2719344611720337,-0.12415998748651907,0.00015748,0.20119012443601664,0.00081957,1,0.0
7968,0.8425048016968076,0.1910017196378771,-1.54e-06,0.7917823152062691,5.4615668567766305,42.563472828787305,1.0052136313683062,89.91408170861544,0.12067054082980143,-28.65062998987746,-1.1573229341274334,-14.11879465974807,0.6295741068180681,16.57823533943531,0.2719344611720337,0.3055528253508767,0.00015748,1.372428460351129,0.00081957,0,0.0
7969,0.34166417419720835,0.11220083337848005,-1.54e-06,0.7917823152062691,5.4615668567766305,-37.15101763047579,1.0052136313683062,51.051185829907034,0.12067054082980143,-47.432107169815254,-1.1573229341274334,-54.22621392472906,0.6295741068180681,45.5081329690547,0.2719344611720337,-0.1650585329426938,0.00015748,0.16509836339453754,0.00081957,1,0.0
7970,0.19911127898643743,0.0042817915692096,-1.54e-06,0.7917823152062691,5.4615668567766305,-39.8275262900755,1.0052136313683062,16.797703413871854,0.12067054082980143,-67.79805158127778,-1.1573229341274334,12.059603285987281,0.6295741068180681,51.412604897285256,0.2719344611720337,-0.031944470011810826,0.00015748,0.03192591995366089,0.00081957,1,0.0
7971,0.08462618350362155,0.001330150034630621,-1.54e-06,0.7917823152062691,5.4615668567766305,-23.81428556784718,1.0052136313683062,8.288612966572963,0.12067054082980143,-53.53437277814487,-1.1573229341274334,55.77174113932958,0.6295741068180681,30.697633326315703,0.2719344611720337,-0.013327309636113227,0.00015748,0.013335579103781948,0.00081957,1,0.0
7972,0.03480732199994734,0.01800488660105995,-1.54e-06,0.7917823152062691,5.4615668567766305,-22.33637128316063,1.0052136313683062,-1.1573933158751923,0.12067054082980143,-43.97819136173752,-1.1573229341274334,-14.8149853545758,0.6295741068180681,31.026844522542653,0.2719344611720337,-0.05308089084204654,0.00015748,0.05409320819250974,0.00081957,1,0.0
7973,0.7636652323529094,0.19821597601645044,-1.54e-06,0.7917823152062691,5.4615668567766305,58.00252472165976,1.0052136313683062,67.6646427491759,0.12067054082980143,-0.209902939449035,-1.1573229341274334,0.14817852855890276,0.6295741068180681,-0.8523886089702067,0.2719344611720337,0.30304631103488044,0.00015748,1.4237999171579445,0.00081957,0,0.0
7974,0.20558845518313618,0.0056260049953357405,-1.54e-06,0.7917823152062691,5.4615668567766305,-24.08995094216328,1.0052136313683062,3.542041497275671,0.12067054082980143,-2.3225578768243453,-1.1573229341274334,-97.5667991042286,0.6295741068180681,30.95527623218799,0.2719344611720337,-0.0029051759056028395,0.00015748,0.003054059717811926,0.00081957,1,0.0
7975,0.641177516483549,0.147156940180869,-1.54e-06,0.7917823152062691,5.4615668567766305,81.12052104592057,1.0052136313683062,95.16591489387109,0.12067054082980143,-31.110276343545223,-1.1573229341274334,20.616063720835545,0.6295741068180681,-17.519636557830424,0.2719344611720337,0.2941017932675334,0.00015748,1.6692173307385172,0.00081957,0,0.0
7976,0.12158405774183616,0.019808426024693876,-1.54e-06,0.7917823152062691,5.4615668567766305,-40.451456140248304,1.0052136313683062,8.264916719236709,0.12067054082980143,-73.90045192817576,-1.1573229341274334,-30.872275321735813,0.6295741068180681,54.792619737243776,0.2719344611720337,-0.05750040687433775,0.00015748,0.05717247485295469,0.00081957,1,0.0
7977,0.0801817930376978,0.0020563899430802468,-1.54e-06,0.7917823152062691,5.4615668567766305,-16.762669789683457,1.0052136313683062,9.223519096395414,0.12067054082980143,-21.582376270599735,-1.1573229341274334,-63.557098515659874,0.6295741068180681,22.90228698854423,0.2719344611720337,-0.03077403407780932,0.00015748,0.030773904927720558,0.00081957,1,0.0
7978,0.004345651536961148,0.0367199505669056,-1.54e-06,0.7917823152062691,5.4615668567766305,-14.166997892820172,1.0052136313683062,31.540468207844597,0.12067054082980143,-62.07529258265281,-1.1573229341274334,24.63783601349013,0.6295741068180681,19.491350186513206,0.2719344611720337,-0.09489557834020665,0.00015748,0.09537410355436746,0.00081957,1,0.0
7979,0.05781614804052149,0.04981855524153683,-1.54e-06,0.7917823152062691,5.4615668567766305,-14.252910199283386,1.0052136313683062,-21.147587483215744,0.12067054082980143,-1.4174216224833973,-1.1573229341274334,-26.94217387762226,0.6295741068180681,19.233671984866234,0.2719344611720337,-0.0863947122279357,0.00015748,0.08619460559168059,0.00081957,1,0.0
7980,0.29896348102946874,0.010131608341018356,-1.54e-06,0.7917823152062691,5.4615668567766305,-56.76862124195893,1.0052136313683062,26.783620696744922,0.12067054082980143,-81.47672096024742,-1.1573229341274334,-84.53910663401666,0.6295741068180681,74.68512280914705,0.2719344611720337,-0.05990682215719569,0.00015748,0.05991907301426321,0.00081957,1,0.0
7981,0.00441768251021496,0.024013708481701986,-1.54e-06,0.7917823152062691,5.4615668567766305,-24.2377720569717,1.0052136313683062,30.22863882344684,0.12067054082980143,-91.26313399267289,-1.1573229341274334,65.262359628595,0.6295741068180681,33.01539273227979,0.2719344611720337,-0.08630343633726928,0.00015748,0.08706142177559134,0.00081957,1,0.0
7982,0.24358344399142684,0.23610587305590744,-1.54e-06,0.7917823152062691,5.4615668567766305,-11.077593813967678,1.0052136313683062,64.62702201667975,0.12067054082980143,-85.01929531787108,-1.1573229341274334,18.698262149908906,0.6295741068180681,32.02078987028909,0.2719344611720337,-0.00043599616528744445,0.00015748,0.39141717250481367,0.00081957,1,0.0
7983,0.04008044714746198,0.0018048575283482011,-1.54e-06,0.7917823152062691,5.4615668567766305,-17.25769934258528,1.0052136313683062,11.075874313421625,0.12067054082980143,-44.50258758214187,-1.1573229341274334,18.311810128452894,0.6295741068180681,23.113903761958493,0.2719344611720337,-0.029379683282595298,0.00015748,0.029391173460564864,0.00081957,1,0.0
7984,0.08027439088448676,0.004050930063686396,-1.54e-06,0.7917823152062691,5.4615668567766305,-14.15108009301067,1.0052136313683062,-0.34076258419961863,0.12067054082980143,-27.202067588601277,-1.1573229341274334,78.60993800121354,0.6295741068180681,16.76407410940447,0.2719344611720337,-0.026852633082122192,0.00015748,0.026730425146568065,0.00081957,1,0.0
7985,0.8452273747295416,0.23043821468240144,-1.54e-06,0.7917823152062691,5.4615668567766305,48.11718175402569,1.0052136313683062,81.92537764428329,0.12067054082980143,-51.85822788249458,-1.1573229341274334,8.077033855740277,0.6295741068180681,23.773820267777356,0.2719344611720337,0.29427421069782167,0.00015748,1.654986218189511,0.00081957,0,0.0
7986,0.32071433628994506,0.10733080580745943,-1.54e-06,0.7917823152062691,5.4615668567766305,-37.68857543223576,1.0052136313683062,45.86500626254791,0.12067054082980143,-65.83865790602862,-1.1573229341274334,63.78942076282243,0.6295741068180681,44.81152229191073,0.2719344611720337,-0.1627982928721178,0.00015748,0.1644770119876471,0.00081957,1,0.0
7987,0.9606974995671905,0.2234520548178588,-1.54e-06,0.7917823152062691,5.4615668567766305,20.797902455351437,1.0052136313683062,83.37224592875778,0.12067054082980143,-23.96596163341014,-1.1573229341274334,-27.310103114791414,0.6295741068180681,35.48442394069073,0.2719344611720337,0.3159073626034571,0.00015748,1.1987634636945135,0.00081957,0,0.0
7988,0.004572686579957616,0.009904463765102834,-1.54e-06,0.7917823152062691,5.4615668567766305,-9.228364313665407,1.0052136313683062,16.603744589676356,0.12067054082980143,-30.301989054048086,-1.1573229341274334,-33.03702285414065,0.6295741068180681,13.55657249718128,0.2719344611720337,-0.052856862020314636,0.00015748,0.054147930002210985,0.00081957,1,0.0
7989,0.3250359584948451,0.024298101757601335,-1.54e-06,0.7917823152062691,5.4615668567766305,-34.57596996726909,1.0052136313683062,2.145397936629402,0.12067054082980143,-10.790008054861037,-1.1573229341274334,-19.743445564519014,0.6295741068180681,41.6266451114372,0.2719344611720337,-0.05230937189891243,0.00015748,0.051697730760925716,0.00081957,1,0.0
7990,0.8760910302622514,0.19551661080659016,-1.54e-06,0.7917823152062691,5.4615668567766305,28.6537383409686,1.0052136313683062,95.37762561652598,0.12067054082980143,-65.60409880097953,-1.1573229341274334,43.94602335218703,0.6295741068180681,33.72556290815057,0.2719344611720337,0.3063546951863795,0.00015748,1.3592163731195144,0.00081957,0,0.0
7991,0.39141634559093663,0.07010381032718586,-1.54e-06,0.7917823152062691,5.4615668567766305,-51.44708608747916,1.0052136313683062,-10.624183302872618,0.12067054082980143,-35.03361906953167,-1.1573229341274334,37.30434266831721,0.6295741068180681,62.960633583930274,0.2719344611720337,-0.07832444529961112,0.00015748,0.07833997873161673,0.00081957,1,0.0
7992,0.7857272423360744,0.22972921231560856,-1.54e-06,0.7917823152062691,5.4615668567766305,-64.17737585870002,1.0052136313683062,24.811132548102744,0.12067054082980143,-21.043132620893278,-1.1573229341274334,95.38699966042621,0.6295741068180681,73.48217899925979,0.2719344611720337,-0.18848614855003276,0.00015748,0.2342355103816604,0.00081957,1,0.0
7993,0.0013103765338070839,0.1397170503020865,-1.54e-06,0.7917823152062691,5.4615668567766305,24.148397018428643,1.0052136313683062,30.40417867851181,0.12067054082980143,-5.930829521881768,-1.1573229341274334,39.38597917445058,0.6295741068180681,-21.18493281387263,0.2719344611720337,0.019505160310992503,0.00015748,0.21876280200031722,0.00081957,0,0.0
7994,0.7893074588455666,0.180707580354808,-1.54e-06,0.7917823152062691,5.4615668567766305,63.92745163886614,1.0052136313683062,100.0,0.12067054082980143,-45.83099837054449,-1.1573229341274334,-33.94746902138586,0.6295741068180681,7.888101968274211,0.2719344611720337,0.29214028627373023,0.00015748,1.7345008313151475,0.00081957,0,0.0
7995,0.7081338634510654,0.16720792299396592,-1.54e-06,0.7917823152062691,5.4615668567766305,70.15672994452756,1.0052136313683062,97.48122096193302,0.12067054082980143,-62.898153311167555,-1.1573229341274334,39.47526002352733,0.6295741068180681,1.9964793990562373,0.2719344611720337,0.2910076964328301,0.00015748,1.7758923355573768,0.00081957,0,0.0
7996,-0.00027929963765863097,0.20922535875778162,-1.54e-06,0.7917823152062691,5.4615668567766305,28.397075176544192,1.0052136313683062,43.67275776591998,0.12067054082980143,-0.6881329661285479,-1.1573229341274334,-88.6346002119633,0.6295741068180681,-20.397991174443035,0.2719344611720337,-0.015719970568126157,0.00015748,0.3336329443828331,0.00081957,1,0.0
7997,0.9116243102062294,0.2055249351201458,-1.54e-06,0.7917823152062691,5.4615668567766305,40.95640073877893,1.0052136313683062,95.08527279837652,0.12067054082980143,-13.847300667040937,-1.1573229341274334,-90.43828690161943,0.6295741068180681,19.763692082822978,0.2719344611720337,0.30470542327943906,0.00015748,1.3941722189189112,0.00081957,0,0.0
7998,0.24154604106318656,0.008460217951373297,-1.54e-06,0.7917823152062691,5.4615668567766305,-53.24546698623336,1.0052136313683062,25.303755060358945,0.12067054082980143,-92.163473348561,-1.1573229341274334,-29.233763336499354,0.6295741068180681,70.08888891365483,0.2719344611720337,-0.05688040031850592,0.00015748,0.057027515222242774,0.00081957,1,0.0
7999,0.2690518642324259,0.007553594507131375,-1.54e-06,0.7917823152062691,5.4615668567766305,-43.21922466194324,1.0052136313683062,14.948831303932488,0.12067054082980143,-54.78508386282442,-1.1573229341274334,-18.760468036220928,0.6295741068180681,55.13324361199523,0.2719344611720337,-0.026449676399103714,0.00015748,0.026616884381202077,0.00081957,1,0.0
8000,0.0004355429939430777,0.01731355733479027,-1.54e-06,2.584289374165019,5.088702604112883,46.3142489054919,1.0052136313683062,11.53383413884857,0.12067054082980143,-72.04162932111684,-1.1573229341274334,-44.55192034354392,0.6295741068180681,23.60663907394165,0.2719344611720337,-0.05196686084099491,0.00015748,0.06905065209806471,0.00081957,1,0.0
8001,0.05203217045678904,0.008560166357404433,-1.54e-06,2.584289374165019,5.088702604112883,1.4883004308202612,1.0052136313683062,14.717457440119938,0.12067054082980143,-60.326338715814174,-1.1573229341274334,-45.2485665888542,0.6295741068180681,26.698567364901297,0.2719344611720337,-0.04967374164386271,0.00015748,0.050492339627818655,0.00081957,1,0.0
8002,0.11891642907829635,0.002389044587526679,-1.54e-06,2.584289374165019,5.088702604112883,-51.489537976227204,1.0052136313683062,9.72980543206913,0.12067054082980143,-79.99469191605232,-1.1573229341274334,-1.5223451853998482,0.6295741068180681,64.66666923705398,0.2719344611720337,-0.03440003727818187,0.00015748,0.03443087950837013,0.00081957,1,0.0
8003,0.12277822247184159,0.03475580456123665,-1.54e-06,2.584289374165019,5.088702604112883,-49.7032816590647,1.0052136313683062,11.65819782882149,0.12067054082980143,-1e-20,-1.1573229341274334,-25.987586489128958,0.6295741068180681,7.404477839053446,0.2719344611720337,-0.08534507650492318,0.00015748,0.08551828306111484,0.00081957,1,0.0
8004,0.04833259574995577,0.04975932574816544,-1.54e-06,2.584289374165019,5.088702604112883,78.02902260109438,1.0052136313683062,9.028946506743535,0.12067054082980143,-77.46677724531733,-1.1573229341274334,-59.57816553890006,0.6295741068180681,29.942449770023455,0.2719344611720337,-0.0561528964351409,0.00015748,0.11550846886233487,0.00081957,1,0.0
8005,0.026577189801689036,0.024495377788865843,-1.54e-06,2.584289374165019,5.088702604112883,33.52737054431876,1.0052136313683062,2.9340689769184882,0.12067054082980143,-51.298905367764,-1.1573229341274334,-79.89209423299793,0.6295741068180681,35.592470894362854,0.2719344611720337,-0.08515203189842223,0.00015748,0.08513731304505139,0.00081957,1,0.0
8006,-6.756142609182225e-05,0.0374175708907233,-1.54e-06,2.584289374165019,5.088702604112883,74.14891986658236,1.0052136313683062,16.407255776879214,0.12067054082980143,-70.42602481719645,-1.1573229341274334,9.344322115196592,0.6295741068180681,-1.7904604885373532,0.2719344611720337,-0.0031833910306612867,0.00015748,0.07291552231924195,0.00081957,1,0.0
8007,0.005900131223866595,0.0003698534436089778,-1.54e-06,2.584289374165019,5.088702604112883,4.943927265497803,1.0052136313683062,2.535985001908768,0.12067054082980143,-14.387126387303729,-1.1573229341274334,-13.297635349412884,0.6295741068180681,6.635324049901903,0.2719344611720337,-0.012331330293264149,0.00015748,0.01235331743839174,0.00081957,1,0.0
8008,0.2329607832548309,0.022938756545650522,-1.54e-06,2.584289374165019,5.088702604112883,-99.9399177035488,1.0052136313683062,-9.169027835803806,0.12067054082980143,-14.179791217889859,-1.1573229341274334,-17.046451874304132,0.6295741068180681,78.81367255404564,0.2719344611720337,-0.053594563219129636,0.00015748,0.05472555930688521,0.00081957,1,0.0
8009,0.06899042531741087,0.0003400769122602863,-1.54e-06,2.584289374165019,5.088702604112883,-38.13430777895919,1.0052136313683062,3.6232341950258116,0.12067054082980143,-40.01951342399651,-1.1573229341274334,14.687171450620093,0.6295741068180681,36.78404938129575,0.2719344611720337,-0.011363099543019102,0.00015748,0.01139207451243411,0.00081957,1,0.0
8010,0.0001175594881322739,0.04312088749630329,-1.54e-06,2.584289374165019,5.088702604112883,80.77655332349215,1.0052136313683062,6.89776703397767,0.12067054082980143,-27.0381196760546,-1.1573229341274334,39.80439072651201,0.6295741068180681,-21.27293380848796,0.2719344611720337,0.044384212682549704,0.00015748,0.04803611153456393,0.00081957,0,0.0
8011,0.14103633246798175,0.011012191133712768,-1.54e-06,2.584289374165019,5.088702604112883,-62.85220777562096,1.0052136313683062,1.2181846243827121,0.12067054082980143,-68.99800260254753,-1.1573229341274334,1.4571062248079454,0.6295741068180681,77.29875941348068,0.2719344611720337,-0.04830201474872911,0.00015748,0.04818721867287555,0.00081957,1,0.0
8012,0.18472212463356985,0.07846790551768237,-1.54e-06,2.584289374165019,5.088702604112883,64.63126846367155,1.0052136313683062,-0.04440028922854848,0.12067054082980143,-23.56426761434829,-1.1573229341274334,-93.33216590174473,0.6295741068180681,29.468775049725778,0.2719344611720337,-0.03808874346832499,0.00015748,0.13338198294668063,0.00081957,1,0.0
8013,0.043385620409992165,0.00015516039675036756,-1.54e-06,2.584289374165019,5.088702604112883,-53.831728220484585,1.0052136313683062,1.0476898291125,0.12067054082980143,-42.364234670602265,-1.1573229341274334,70.54194422562612,0.6295741068180681,37.300448921123326,0.2719344611720337,-0.004049359971387561,0.00015748,0.004069891535066943,0.00081957,1,0.0
8014,0.15873441117971365,0.041615536378762724,-1.54e-06,2.584289374165019,5.088702604112883,-55.425724003150094,1.0052136313683062,23.03457044454194,0.12067054082980143,-70.96000637117493,-1.1573229341274334,-39.53141033846947,0.6295741068180681,43.87287497897621,0.2719344611720337,-0.09562402196908265,0.00015748,0.09605816732179528,0.00081957,1,0.0
8015,0.0012171726189657422,0.0012183626960674933,-1.54e-06,2.584289374165019,5.088702604112883,-22.729471030085644,1.0052136313683062,5.773069120541908,0.12067054082980143,-62.28388036806125,-1.1573229341274334,52.16422275216866,0.6295741068180681,32.830552181202854,0.2719344611720337,-0.020808520552678015,0.00015748,0.020800445629183133,0.00081957,1,0.0
8016,0.14997983897197517,0.0017933409783549756,-1.54e-06,2.584289374165019,5.088702604112883,-22.98252066930035,1.0052136313683062,6.652680556441587,0.12067054082980143,-14.392043201728992,-1.1573229341274334,-97.18835551127061,0.6295741068180681,32.03625813494137,0.2719344611720337,-0.022123097088024016,0.00015748,0.022131201370370588,0.00081957,1,0.0
8017,0.0009736107136711913,0.04675721673424896,-1.54e-06,2.584289374165019,5.088702604112883,17.29420540651372,1.0052136313683062,18.1285389830903,0.12067054082980143,-73.25840739827824,-1.1573229341274334,80.41600936430004,0.6295741068180681,2.880758686998504,0.2719344611720337,-0.040873632696718246,0.00015748,0.09317828660451878,0.00081957,1,0.0
8018,0.12649061450580903,0.055786381998201885,-1.54e-06,2.584289374165019,5.088702604112883,33.102517809445,1.0052136313683062,8.445661828885276,0.12067054082980143,-100.0,-1.1573229341274334,-26.331675767215486,0.6295741068180681,62.146895375817515,0.2719344611720337,-0.05105577650248353,0.00015748,0.11791062168143535,0.00081957,1,0.0
8019,0.0005053499322953681,0.028020370253632975,-1.54e-06,2.584289374165019,5.088702604112883,27.980531563018424,1.0052136313683062,10.642773364779604,0.12067054082980143,-86.10362099181447,-1.1573229341274334,76.54878407749415,0.6295741068180681,23.37167888245597,0.2719344611720337,0.0037089219833749895,0.00015748,0.05311250065101967,0.00081957,0,0.0
8020,0.08782736494146137,0.009486149415653275,-1.54e-06,2.584289374165019,5.088702604112883,-53.44997761632694,1.0052136313683062,9.282784047333518,0.12067054082980143,-40.443098590919476,-1.1573229341274334,23.58228778177258,0.6295741068180681,31.40955809088658,0.2719344611720337,-0.04645487245148322,0.00015748,0.046598712357421496,0.00081957,1,0.0
8021,0.13397877695607308,0.021763752443770566,-1.54e-06,2.584289374165019,5.088702604112883,24.2581040886269,1.0052136313683062,7.931868733561953,0.12067054082980143,-26.4547438214174,-1.1573229341274334,-88.02086799163561,0.6295741068180681,22.46340608882126,0.2719344611720337,-0.008705239220498963,0.00015748,0.04841171493243276,0.00081957,1,0.0
8022,-0.00011612512328652846,0.017673438721830224,-1.54e-06,2.584289374165019,5.088702604112883,8.00448981405886,1.0052136313683062,5.5825851620114255,0.12067054082980143,-16.204357889178848,-1.1573229341274334,41.04061907438534,0.6295741068180681,-6.699031803605535,0.2719344611720337,-0.016644732538899164,0.00015748,0.04348094810142398,0.00081957,1,0.0
8023,9.752250222488934e-05,0.027479544560451173,-1.54e-06,2.584289374165019,5.088702604112883,23.354225265664834,1.0052136313683062,10.955179772656843,0.12067054082980143,-73.80259007990247,-1.1573229341274334,78.614975751119,0.6295741068180681,14.978274014146015,0.2719344611720337,0.006023688531510269,0.00015748,0.04867285594161745,0.00081957,0,0.0
8024,0.026937024293015394,0.04798871291299827,-1.54e-06,2.584289374165019,5.088702604112883,43.86873998181504,1.0052136313683062,-4.344219388297322,0.12067054082980143,-25.893272001516355,-1.1573229341274334,-99.72999956525094,0.6295741068180681,30.851865213143387,0.2719344611720337,-0.10936974696165176,0.00015748,0.11014277449048253,0.00081957,1,0.0
8025,0.07957330354731024,0.00085432334538844,-1.54e-06,2.584289374165019,5.088702604112883,-18.54518258376068,1.0052136313683062,5.310170611093447,0.12067054082980143,-30.822211123842106,-1.1573229341274334,-35.5141662995457,0.6295741068180681,29.745253818712797,0.2719344611720337,-0.020177794164078475,0.00015748,0.020198308395442743,0.00081957,1,0.0
8026,0.0012572618104445543,0.03650666121388102,-1.54e-06,2.584289374165019,5.088702604112883,79.53638488418798,1.0052136313683062,16.160500897299787,0.12067054082980143,-36.12645036367683,-1.1573229341274334,-35.45085065812505,0.6295741068180681,-20.86708613589852,0.2719344611720337,-0.014808335722119731,0.00015748,0.07193669530463963,0.00081957,1,0.0
8027,0.0003537411629934775,0.0003959653470839904,-1.54e-06,2.584289374165019,5.088702604112883,11.776486702012285,1.0052136313683062,2.5086971481906715,0.12067054082980143,-0.8522266906448557,-1.1573229341274334,-23.880303860367288,0.6295741068180681,-3.882794624038362,0.2719344611720337,-0.009190469364405691,0.00015748,0.009254322367853644,0.00081957,1,0.0
8028,0.0013952954313175003,0.04070964142651558,-1.54e-06,2.584289374165019,5.088702604112883,86.95463116683062,1.0052136313683062,12.332061069357644,0.12067054082980143,-75.30288381872006,-1.1573229341274334,4.686561532697306,0.6295741068180681,6.448454822699685,0.2719344611720337,-0.0068264898661607384,0.00015748,0.08519307512753554,0.00081957,1,0.0
8029,0.20568407014860182,0.009243621234313482,-1.54e-06,2.584289374165019,5.088702604112883,-47.05737836465631,1.0052136313683062,7.601456991008025,0.12067054082980143,-67.9255492818828,-1.1573229341274334,-92.35209584360133,0.6295741068180681,79.63119855926865,0.2719344611720337,-0.055735958712235856,0.00015748,0.05592075189970344,0.00081957,1,0.0
8030,0.08978313150474024,0.004218235961408367,-1.54e-06,2.584289374165019,5.088702604112883,-35.692220480743565,1.0052136313683062,12.410686454440823,0.12067054082980143,-88.58089425452282,-1.1573229341274334,-3.6520907134344607,0.6295741068180681,59.0545204129701,0.2719344611720337,-0.04366662921332554,0.00015748,0.043896982128738736,0.00081957,1,0.0
8031,0.000593475910900032,0.04081535644967541,-1.54e-06,2.584289374165019,5.088702604112883,69.6331937864181,1.0052136313683062,2.1104941624713818,0.12067054082980143,-2.5971082259267853,-1.1573229341274334,41.10116702868749,0.6295741068180681,-26.938004650493752,0.2719344611720337,0.025676868354458267,0.00015748,0.058558803700777644,0.00081957,0,0.0
8032,0.005183106473241661,0.00430946022924329,-1.54e-06,2.584289374165019,5.088702604112883,26.318535642500304,1.0052136313683062,9.786593466281278,0.12067054082980143,-41.28439117065461,-1.1573229341274334,-51.13901592654307,0.6295741068180681,11.788016792011478,0.2719344611720337,-0.03954856981979034,0.00015748,0.03987564208264191,0.00081957,1,0.0
8033,0.1756679754974248,0.0014506135523496516,-1.54e-06,2.584289374165019,5.088702604112883,-88.03397320380837,1.0052136313683062,5.853949197703,0.12067054082980143,-66.88034971773958,-1.1573229341274334,14.411348147928232,0.6295741068180681,75.63414287870579,0.2719344611720337,-0.01562591710837421,0.00015748,0.015617593575627852,0.00081957,1,0.0
8034,0.10994818969111464,0.0033252455427740498,-1.54e-06,2.584289374165019,5.088702604112883,-9.348823144081924,1.0052136313683062,9.516372333818058,0.12067054082980143,-47.0834567460118,-1.1573229341274334,-80.38675944101537,0.6295741068180681,40.18767855181093,0.2719344611720337,-0.040625251513086574,0.00015748,0.04066619429374477,0.00081957,1,0.0
8035,0.1575203019134382,0.0013948974508460818,-1.54e-06,2.584289374165019,5.088702604112883,-69.9540591885727,1.0052136313683062,2.363702380129657,0.12067054082980143,-32.502626926271176,-1.1573229341274334,-8.328084001169389,0.6295741068180681,54.05788671053848,0.2719344611720337,-0.004111629191953682,0.00015748,0.004150795473729337,0.00081957,1,0.0
8036,0.011645483751317257,0.0006469993304141522,-1.54e-06,2.584289374165019,5.088702604112883,-21.51862716206802,1.0052136313683062,4.435069688072598,0.12067054082980143,-48.54974034747893,-1.1573229341274334,38.02205469525127,0.6295741068180681,28.13313502619317,0.2719344611720337,-0.01578197305903895,0.00015748,0.015816260904574945,0.00081957,1,0.0
8037,0.0008254107120151954,0.017267455434798174,-1.54e-06,2.584289374165019,5.088702604112883,25.564373049216186,1.0052136313683062,11.234175165371227,0.12067054082980143,-31.769593830230193,-1.1573229341274334,-5.886539846838543,0.6295741068180681,-4.197019687251642,0.2719344611720337,-0.027679657313138983,0.00015748,0.04842160663614398,0.00081957,1,0.0
8038,0.24993695108522246,0.0032940478107783256,-1.54e-06,2.584289374165019,5.088702604112883,-76.58772124004123,1.0052136313683062,5.531476151835709,0.12067054082980143,-29.142670696224197,-1.1573229341274334,-84.7222726885924,0.6295741068180681,67.03560777860437,0.2719344611720337,-0.01520520590514221,0.00015748,0.015215235574459918,0.00081957,1,0.0
8039,0.13130596086961802,0.0019319169271044775,-1.54e-06,2.584289374165019,5.088702604112883,-57.55949160197426,1.0052136313683062,1.1662647771386514,0.12067054082980143,-8.615478105018829,-1.1573229341274334,-11.935590841798483,0.6295741068180681,33.86600499716133,0.2719344611720337,-0.013881057541449913,0.00015748,0.013849807393861739,0.00081957,1,0.0
8040,0.17852889216045925,0.12415407142842982,-1.54e-06,2.584289374165019,5.088702604112883,39.28796998488056,1.0052136313683062,-7.422517657979496,0.12067054082980143,-46.011819951939664,-1.1573229341274334,-5.757264028003418,0.6295741068180681,53.19642131083623,0.2719344611720337,-0.06825425583999806,0.00015748,0.17540186818705772,0.00081957,1,0.0
8041,0.11704266904485772,0.07453558923752562,-1.54e-06,2.584289374165019,5.088702604112883,70.27473590280616,1.0052136313683062,2.3614340319124087,0.12067054082980143,-55.26981905766158,-1.1573229341274334,-62.73468977315346,0.6295741068180681,35.43593519793173,0.2719344611720337,-0.05494980784730778,0.00015748,0.13710037923813673,0.00081957,1,0.0
8042,0.00028756114795158716,0.02508506271209576,-1.54e-06,2.584289374165019,5.088702604112883,82.41263007638416,1.0052136313683062,9.990975142555865,0.12067054082980143,-43.33304068451644,-1.1573229341274334,-75.51268534371552,0.6295741068180681,0.35687410685582815,0.2719344611720337,-0.03621764478029891,0.00015748,0.0739831477148756,0.00081957,1,0.0
8043,0.0002443587751997378,0.04092706060970881,-1.54e-06,2.584289374165019,5.088702604112883,42.71962468822735,1.0052136313683062,15.04766452618637,0.12067054082980143,-9.802598582433038,-1.1573229341274334,-23.79657530299195,0.6295741068180681,-29.15166591270155,0.2719344611720337,-0.05397688578046729,0.00015748,0.08479397735980475,0.00081957,1,0.0
8044,0.1701164632483678,0.015941663125134863,-1.54e-06,2.584289374165019,5.088702604112883,-60.44501109755061,1.0052136313683062,-0.0371360009225622,0.12067054082980143,-59.1998853845609,-1.1573229341274334,-29.776085154500315,0.6295741068180681,79.06908864068576,0.2719344611720337,-0.05664551736753566,0.00015748,0.05748458327756567,0.00081957,1,0.0
8045,0.0016547031749001885,0.03559602667561443,-1.54e-06,2.584289374165019,5.088702604112883,-1.7560562238999866,1.0052136313683062,-0.6464310406567653,0.12067054082980143,-83.47474830401929,-1.1573229341274334,82.39097405706671,0.6295741068180681,49.77890242167771,0.2719344611720337,-0.05239777854309574,0.00015748,0.08257908277231138,0.00081957,1,0.0
8046,0.04593763222831562,0.0036414463075809937,-1.54e-06,2.584289374165019,5.088702604112883,7.347385883396896,1.0052136313683062,9.517424040291472,0.12067054082980143,-49.55960315775011,-1.1573229341274334,-51.93005713123059,0.6295741068180681,27.350186572313863,0.2719344611720337,-0.040441952385630496,0.00015748,0.04041871609249983,0.00081957,1,0.0
8047,0.2665111064938627,0.03517490891393928,-1.54e-06,2.584289374165019,5.088702604112883,-23.656576883753086,1.0052136313683062,11.132840235783858,0.12067054082980143,-35.20106450384301,-1.1573229341274334,-82.20307534422122,0.6295741068180681,47.644740234353186,0.2719344611720337,0.01023944404802226,0.00015748,0.0478867413194152,0.00081957,0,0.0
8048,2.003707979343801e-05,0.00931518629719219,-1.54e-06,2.584289374165019,5.088702604112883,-43.65218647181035,1.0052136313683062,-0.6699934825490381,0.12067054082980143,-0.3370669283518598,-1.1573229341274334,92.97006007744582,0.6295741068180681,0.4935987487591977,0.2719344611720337,-0.045368063197891384,0.00015748,0.04975449101934455,0.00081957,1,0.0
8049,0.002415511761286241,0.0001797621940718905,-1.54e-06,2.584289374165019,5.088702604112883,-31.8036257931747,1.0052136313683062,-1.0760582427382623,0.12067054082980143,-20.538677072117355,-1.1573229341274334,63.4010726112221,0.6295741068180681,16.73634463133849,0.2719344611720337,-0.007965934796461044,0.00015748,0.00797418318306974,0.00081957,1,0.0
8050,0.0054739387809348145,2.675840086441398e-05,-1.54e-06,2.584289374165019,5.088702604112883,-25.485304085028478,1.0052136313683062,1.080333760684061,0.12067054082980143,-28.09115036799334,-1.1573229341274334,48.85116272083058,0.6295741068180681,18.729659559884556,0.2719344611720337,-0.0029485988418929774,0.00015748,0.0029465234780344483,0.00081957,1,0.0
8051,0.08951296327835362,0.019131692889836027,-1.54e-06,2.584289374165019,5.088702604112883,-58.116082596700466,1.0052136313683062,12.515770314132888,0.12067054082980143,-46.951446601754746,-1.1573229341274334,30.393169649588238,0.6295741068180681,30.584771459571446,0.2719344611720337,-0.06556905610379782,0.00015748,0.06564465012291101,0.00081957,1,0.0
8052,9.83940841439157e-05,0.011950498234030875,-1.54e-06,2.584289374165019,5.088702604112883,23.441787869517544,1.0052136313683062,9.66783386430778,0.12067054082980143,-58.862330789055925,-1.1573229341274334,1.4982783506024562,0.6295741068180681,17.477725301057163,0.2719344611720337,-0.024104856869144986,0.00015748,0.042997200173275185,0.00081957,1,0.0
8053,0.13796425644029403,0.025182961426862036,-1.54e-06,2.584289374165019,5.088702604112883,-8.611108063048507,1.0052136313683062,2.2323746117794028,0.12067054082980143,-53.085607963581694,-1.1573229341274334,-100.0,0.6295741068180681,63.053732296132075,0.2719344611720337,-0.08184875282593404,0.00015748,0.08326891384463375,0.00081957,1,0.0
8054,0.00022736955273033876,0.15660744085959127,-1.54e-06,2.584289374165019,5.088702604112883,-26.558782962558215,1.0052136313683062,25.17472348735791,0.12067054082980143,-24.043609127701224,-1.1573229341274334,74.49894554311678,0.6295741068180681,-32.31674267875205,0.2719344611720337,-0.1696350542241833,0.00015748,0.18525396575041647,0.00081957,1,0.0
8055,0.17867234194618145,0.003091988136892949,-1.54e-06,2.584289374165019,5.088702604112883,-63.481383402340185,1.0052136313683062,10.152861242804397,0.12067054082980143,-78.65904405537442,-1.1573229341274334,-35.05289972866493,0.6295741068180681,76.54962455596663,0.2719344611720337,-0.0371650939140516,0.00015748,0.03722204176420125,0.00081957,1,0.0
8056,0.05333417305046122,0.009659115044498921,-1.54e-06,2.584289374165019,5.088702604112883,-18.98682381483155,1.0052136313683062,-0.29294165574835157,0.12067054082980143,-44.52433046501489,-1.1573229341274334,-3.312239979997793,0.6295741068180681,42.97702166380112,0.2719344611720337,-0.04687688055072949,0.00015748,0.04732489724732691,0.00081957,1,0.0
8057,0.11904037260417016,0.0024988544201368225,-1.54e-06,2.584289374165019,5.088702604112883,-57.91062057682509,1.0052136313683062,9.701038937782172,0.12067054082980143,-88.08654436516025,-1.1573229341274334,12.397972975975462,0.6295741068180681,70.31904102935806,0.2719344611720337,-0.03489099704234858,0.00015748,0.034951117770091085,0.00081957,1,0.0
8058,0.07842234445407456,0.025049244177750833,-1.54e-06,2.584289374165019,5.088702604112883,18.120206160957274,1.0052136313683062,4.362666815807848,0.12067054082980143,-59.46070461422342,-1.1573229341274334,-97.56004799584746,0.6295741068180681,50.369275512525995,0.2719344611720337,-0.0875417062710627,0.00015748,0.08778510932631375,0.00081957,1,0.0
8059,0.24011263947425404,0.1806315473105029,-1.54e-06,2.584289374165019,5.088702604112883,3.8219929054851294,1.0052136313683062,-16.483574362748637,0.12067054082980143,-34.4254967175624,-1.1573229341274334,69.68933220603311,0.6295741068180681,66.6242002407172,0.2719344611720337,-0.07577535865345174,0.00015748,0.21314490754539245,0.00081957,1,0.0
8060,0.2047541544487328,0.010491735677085036,-1.54e-06,2.584289374165019,5.088702604112883,-99.63555069926419,1.0052136313683062,-5.599041694322512,0.12067054082980143,-23.270888668379317,-1.1573229341274334,6.614066895653939,0.6295741068180681,72.67147291716446,0.2719344611720337,-0.031826089520712024,0.00015748,0.03191848806494708,0.00081957,1,0.0
8061,0.20872046021761811,0.0028131881041331256,-1.54e-06,2.584289374165019,5.088702604112883,-54.50142680641209,1.0052136313683062,8.350688976836564,0.12067054082980143,-46.048947427842755,-1.1573229341274334,-86.27634715176254,0.6295741068180681,64.14835795107778,0.2719344611720337,-0.030119897505141137,0.00015748,0.03014243262371747,0.00081957,1,0.0
8062,0.007828205555379802,0.01626295631795919,-1.54e-06,2.584289374165019,5.088702604112883,21.774936766090583,1.0052136313683062,12.090448933555823,0.12067054082980143,-5.569018637006715,-1.1573229341274334,-54.13509304181672,0.6295741068180681,-15.986013783248865,0.2719344611720337,-0.05564495460160046,0.00015748,0.05572815166235226,0.00081957,1,0.0
8063,0.00239256879061921,0.0015996244043649283,-1.54e-06,2.584289374165019,5.088702604112883,-18.812164275719386,1.0052136313683062,1.269997421179513,0.12067054082980143,-6.085838410013188,-1.1573229341274334,34.35020351112077,0.6295741068180681,2.599846293863894,0.2719344611720337,-0.020622729482038554,0.00015748,0.02064864315246632,0.00081957,1,0.0
8064,0.08599923707337467,0.04298048462339126,-1.54e-06,2.584289374165019,5.088702604112883,-26.62692407090719,1.0052136313683062,-11.97387282785797,0.12067054082980143,-11.382090934348954,-1.1573229341274334,-11.870479696033762,0.6295741068180681,47.24368338974571,0.2719344611720337,-0.08693027262741604,0.00015748,0.09125383250508418,0.00081957,1,0.0
8065,0.25249512732440577,0.0033989392105019073,-1.54e-06,2.584289374165019,5.088702604112883,-72.97363012796701,1.0052136313683062,7.249827343846929,0.12067054082980143,-39.86672420167364,-1.1573229341274334,-92.57104660235223,0.6295741068180681,71.856110376513,0.2719344611720337,-0.023315242403831093,0.00015748,0.023394814596103236,0.00081957,1,0.0
8066,0.14760598758190677,0.13834097112487206,-1.54e-06,2.584289374165019,5.088702604112883,60.13713961896188,1.0052136313683062,-11.414604087877748,0.12067054082980143,-21.352652585200662,-1.1573229341274334,-5.748121771234946,0.6295741068180681,34.32109603062131,0.2719344611720337,-0.074512135264228,0.00015748,0.1883234167334767,0.00081957,1,0.0
8067,0.1444647242895851,0.0009455614444305675,-1.54e-06,2.584289374165019,5.088702604112883,-92.33828309838158,1.0052136313683062,5.347944836185523,0.12067054082980143,-76.47966906437225,-1.1573229341274334,54.22907115552509,0.6295741068180681,76.08746607811347,0.2719344611720337,-0.013117324678156711,0.00015748,0.01314535093385609,0.00081957,1,0.0
8068,0.02633257804308324,0.0015075577436920245,-1.54e-06,2.584289374165019,5.088702604112883,-34.791706159184784,1.0052136313683062,7.009752288563814,0.12067054082980143,-74.44021614369863,-1.1573229341274334,53.51296041966084,0.6295741068180681,44.71185679172746,0.2719344611720337,-0.024760156551314756,0.00015748,0.024733674323451964,0.00081957,1,0.0
8069,0.13446648395626506,0.0021467862108466565,-1.54e-06,2.584289374165019,5.088702604112883,-31.37865186758502,1.0052136313683062,8.358725915002257,0.12067054082980143,-47.73076021547991,-1.1573229341274334,-60.50235303937937,0.6295741068180681,48.37354997282566,0.2719344611720337,-0.031658218423975655,0.00015748,0.031698282278162244,0.00081957,1,0.0
8070,0.0002405288616882384,0.033250511282335915,-1.54e-06,2.584289374165019,5.088702604112883,47.71778619529631,1.0052136313683062,17.671175463484385,0.12067054082980143,-29.047974949897082,-1.1573229341274334,-49.07904041909506,0.6295741068180681,-18.106356696193025,0.2719344611720337,-0.05507573670284095,0.00015748,0.07708450217457989,0.00081957,1,0.0
8071,0.08144778923328498,0.002300884113287304,-1.54e-06,2.584289374165019,5.088702604112883,-1.5265795493785752,1.0052136313683062,8.278058932316208,0.12067054082980143,-34.62185450961123,-1.1573229341274334,-70.41490545468882,0.6295741068180681,27.357806377250014,0.2719344611720337,-0.03293423106903171,0.00015748,0.03304545889166268,0.00081957,1,0.0
8072,7.812417613273226e-06,0.042893996089338,-1.54e-06,2.584289374165019,5.088702604112883,39.05745748991035,1.0052136313683062,27.321501791820104,0.12067054082980143,-96.29264586642611,-1.1573229341274334,-42.125081488299394,0.6295741068180681,13.434408679557938,0.2719344611720337,-0.08689595705557651,0.00015748,0.09994875430510919,0.00081957,1,0.0
8073,0.0001561796846829,0.03272248051606614,-1.54e-06,2.584289374165019,5.088702604112883,81.72010437324296,1.0052136313683062,13.383469417015986,0.12067054082980143,-79.63881475783084,-1.1573229341274334,-66.10933114985738,0.6295741068180681,18.843591685411408,0.2719344611720337,-0.05685632194007102,0.00015748,0.09568422749736956,0.00081957,1,0.0
8074,0.0001538059326921734,0.01216952083473768,-1.54e-06,2.584289374165019,5.088702604112883,-19.04158657477808,1.0052136313683062,-3.1798336584133886,0.12067054082980143,-9.637129792925887,-1.1573229341274334,85.28083865869777,0.6295741068180681,6.046250593121863,0.2719344611720337,-0.010881032594733199,0.00015748,0.03264832207944423,0.00081957,1,0.0
8075,0.00025444710659838776,0.04222489185433887,-1.54e-06,2.584289374165019,5.088702604112883,69.5170586417012,1.0052136313683062,6.890295100507525,0.12067054082980143,-41.93616492031213,-1.1573229341274334,60.974345924610944,0.6295741068180681,-10.489267336772652,0.2719344611720337,0.03937822161293185,0.00015748,0.051440916197906694,0.00081957,0,0.0
8076,0.00015238152511209968,0.05066213938286197,-1.54e-06,2.584289374165019,5.088702604112883,76.75581862561707,1.0052136313683062,5.93946834926776,0.12067054082980143,-2.1543191282766223,-1.1573229341274334,54.85058554171979,0.6295741068180681,-38.236234493338586,0.2719344611720337,0.01846088398628884,0.00015748,0.07975786263208312,0.00081957,0,0.0
8077,0.21106647460617856,0.0031525440355059456,-1.54e-06,2.584289374165019,5.088702604112883,-85.90241748573341,1.0052136313683062,1.1340002009487717,0.12067054082980143,-19.67709962488451,-1.1573229341274334,-30.11884776447798,0.6295741068180681,59.66040263360272,0.2719344611720337,-0.004751193905145728,0.00015748,0.004751670789327679,0.00081957,1,0.0
8078,0.0001222734102237083,0.0049904767123259705,-1.54e-06,2.584289374165019,5.088702604112883,-13.237012406683785,1.0052136313683062,3.6449275831838444,0.12067054082980143,-31.687300276708626,-1.1573229341274334,48.38528155427236,0.6295741068180681,12.754453712562078,0.2719344611720337,-0.007836201666921045,0.00015748,0.01675097851579873,0.00081957,1,0.0
8079,0.0019632971816992972,0.004616340640876624,-1.54e-06,2.584289374165019,5.088702604112883,17.59501752810213,1.0052136313683062,9.484636858025247,0.12067054082980143,-56.289670235583955,-1.1573229341274334,-28.858930976370942,0.6295741068180681,22.02045295992211,0.2719344611720337,-0.042644631879841056,0.00015748,0.042634117822176555,0.00081957,1,0.0
8080,0.000492250822744067,0.026075747239185158,-1.54e-06,2.584289374165019,5.088702604112883,81.01687773232693,1.0052136313683062,8.616852058575628,0.12067054082980143,-25.877854574511986,-1.1573229341274334,-48.20484000584944,0.6295741068180681,-12.971789788428971,0.2719344611720337,-0.004755107160651039,0.00015748,0.05584427334953472,0.00081957,1,0.0
8081,0.24084035139072507,0.003059652579951375,-1.54e-06,2.584289374165019,5.088702604112883,-77.15423678609879,1.0052136313683062,5.58753994550312,0.12067054082980143,-32.04738952338084,-1.1573229341274334,-74.45212025165911,0.6295741068180681,66.86610833662789,0.2719344611720337,-0.015046142317823962,0.00015748,0.015098126511691375,0.00081957,1,0.0
8082,0.00017786314398601788,0.01922963406902202,-1.54e-06,2.584289374165019,5.088702604112883,53.78059192372397,1.0052136313683062,8.903838653620259,0.12067054082980143,-34.285764045465704,-1.1573229341274334,-24.121592679598454,0.6295741068180681,-3.40016732225638,0.2719344611720337,-0.0075222632022070544,0.00015748,0.044263878607710264,0.00081957,1,0.0
8083,0.16608455600374403,0.0031048136052560403,-1.54e-06,2.584289374165019,5.088702604112883,-46.210382469657176,1.0052136313683062,7.845013971206488,0.12067054082980143,-58.274871863275294,-1.1573229341274334,-59.365024045841984,0.6295741068180681,63.73349578794369,0.2719344611720337,-0.035601372446700905,0.00015748,0.03561428574699156,0.00081957,1,0.0
8084,0.22393645532214787,0.0987926611268467,-1.54e-06,2.584289374165019,5.088702604112883,44.123513323161454,1.0052136313683062,3.0980547774031093,0.12067054082980143,-76.77681080271469,-1.1573229341274334,-82.53585762470158,0.6295741068180681,69.42819306938414,0.2719344611720337,-0.06632888240802792,0.00015748,0.1611140015918755,0.00081957,1,0.0
8085,0.09688671626551253,0.001330921704877963,-1.54e-06,2.584289374165019,5.088702604112883,-55.82358322721969,1.0052136313683062,-1.4740753980809789,0.12067054082980143,-9.440558890476069,-1.1573229341274334,18.728627173150155,0.6295741068180681,31.311462194266205,0.2719344611720337,-0.01168022790380404,0.00015748,0.011712499253119384,0.00081957,1,0.0
8086,0.010142065661572677,0.0019246041085319982,-1.54e-06,2.584289374165019,5.088702604112883,24.68100395574514,1.0052136313683062,4.929666943054422,0.12067054082980143,-18.083296570292685,-1.1573229341274334,-55.44125143357706,0.6295741068180681,5.718616681466036,0.2719344611720337,-0.02848795159124535,0.00015748,0.028544499639699156,0.00081957,1,0.0
8087,0.01854985384176408,0.013417383875418906,-1.54e-06,2.584289374165019,5.088702604112883,11.11087276699948,1.0052136313683062,6.741653886401542,0.12067054082980143,-75.67258178943497,-1.1573229341274334,-23.177722840470413,0.6295741068180681,43.43501145993066,0.2719344611720337,-0.06373352373148693,0.00015748,0.06531286096905832,0.00081957,1,0.0
8088,0.0006006530967876955,0.011780564740914722,-1.54e-06,2.584289374165019,5.088702604112883,24.404101469647696,1.0052136313683062,17.070439749449356,0.12067054082980143,-77.27182063023118,-1.1573229341274334,-40.10312540799931,0.6295741068180681,22.57169198861342,0.2719344611720337,-0.06099432771499099,0.00015748,0.06108216014973016,0.00081957,1,0.0
8089,0.23948568374583457,0.003197392733864722,-1.54e-06,2.584289374165019,5.088702604112883,-93.8569145736304,1.0052136313683062,3.9192208555983385,0.12067054082980143,-44.43801442720001,-1.1573229341274334,-37.82020436297276,0.6295741068180681,78.11720361668591,0.2719344611720337,-0.010933016970236742,0.00015748,0.010963951007422139,0.00081957,1,0.0
8090,0.08914983929113007,0.011604258263734039,-1.54e-06,2.584289374165019,5.088702604112883,6.178629185855096,1.0052136313683062,16.018988837975293,0.12067054082980143,-93.73454130328143,-1.1573229341274334,-84.29228646163689,0.6295741068180681,55.76936778899745,0.2719344611720337,-0.07290707755737101,0.00015748,0.0729736892125243,0.00081957,1,0.0
8091,0.18356338612211598,0.04375055729343452,-1.54e-06,2.584289374165019,5.088702604112883,-69.85242333090437,1.0052136313683062,-6.197244929627044,0.12067054082980143,-55.057302075497,-1.1573229341274334,43.57539765922684,0.6295741068180681,81.04629254467697,0.2719344611720337,-0.04971320974571893,0.00015748,0.08202810301542893,0.00081957,1,0.0
8092,0.07627527607383722,0.0010264479202174806,-1.54e-06,2.584289374165019,5.088702604112883,-59.34907135187547,1.0052136313683062,1.1395054574241585,0.12067054082980143,-27.22082580052569,-1.1573229341274334,46.999015504305575,0.6295741068180681,34.24659077576578,0.2719344611720337,-0.015170487338188224,0.00015748,0.01516309454466963,0.00081957,1,0.0
8093,0.08764038551185657,0.007355209673617172,-1.54e-06,2.584289374165019,5.088702604112883,-39.57400688614621,1.0052136313683062,11.646979413386337,0.12067054082980143,-54.83159805794332,-1.1573229341274334,-1.8561040224217138,0.6295741068180681,37.02778081238259,0.2719344611720337,-0.04237057889585246,0.00015748,0.042119815091533654,0.00081957,1,0.0
8094,0.01920810142467745,0.0001349123792845933,-1.54e-06,2.584289374165019,5.088702604112883,-39.292746446108815,1.0052136313683062,0.15305489797018787,0.12067054082980143,-32.97456821348021,-1.1573229341274334,64.00585250048248,0.6295741068180681,26.892377633385507,0.2719344611720337,-0.002403096538412317,0.00015748,0.002457525174605158,0.00081957,1,0.0
8095,0.4083955813932355,0.24824245042635484,-1.54e-06,2.584289374165019,5.088702604112883,68.77034947643567,1.0052136313683062,-6.718387679552438,0.12067054082980143,-63.03270531577227,-1.1573229341274334,8.603551696724702,0.6295741068180681,75.4738553329685,0.2719344611720337,-0.03375180148371912,0.00015748,0.27683228374797997,0.00081957,1,0.0
8096,0.0612325300587275,0.012868872625447475,-1.54e-06,2.584289374165019,5.088702604112883,-52.12502510613741,1.0052136313683062,-7.986618701145816,0.12067054082980143,-23.20935183132572,-1.1573229341274334,51.80185819822873,0.6295741068180681,44.11777499277016,0.2719344611720337,-0.045879480475350225,0.00015748,0.04607836502749615,0.00081957,1,0.0
8097,0.14808521967016114,0.0036878729196067003,-1.54e-06,2.584289374165019,5.088702604112883,-56.590133359128835,1.0052136313683062,3.5998165368888237,0.12067054082980143,-54.44241248295048,-1.1573229341274334,-21.19831186264072,0.6295741068180681,64.64763478032667,0.2719344611720337,-0.029820481273228398,0.00015748,0.029820380240667677,0.00081957,1,0.0
8098,0.09544108167059005,0.003701207209887142,-1.54e-06,2.584289374165019,5.088702604112883,-41.12345826898909,1.0052136313683062,10.782885917292083,0.12067054082980143,-89.61958689253262,-1.1573229341274334,2.5199131622755964,0.6295741068180681,63.957241019452,0.2719344611720337,-0.04158310611375543,0.00015748,0.04181327646197841,0.00081957,1,0.0
8099,0.13884646948088955,0.0014041937093464277,-1.54e-06,2.584289374165019,5.088702604112883,-24.16609407899511,1.0052136313683062,5.8173002271701435,0.12067054082980143,-21.01105723211265,-1.1573229341274334,-82.66664843208656,0.6295741068180681,35.53892353907751,0.2719344611720337,-0.022141111385713824,0.00015748,0.022147007401684227,0.00081957,1,0.0
8100,-0.19500090845059814,1.2718757423963039,-1.54e-06,0.8768481884349242,2.6102580191229356,48.46211921210519,1.0052136313683062,23.329916423087962,0.12067054082980143,-32.74520389829148,-1.1573229341274334,53.208846778672985,0.6295741068180681,-38.73553486459718,0.2719344611720337,2.646123998688565,0.00015748,4.566720452279994,0.00081957,0,0.0
8101,-0.046341418268702306,1.5285803231350645,-1.54e-06,0.8768481884349242,2.6102580191229356,75.1088226915784,1.0052136313683062,51.57501091398792,0.12067054082980143,-43.74905500334194,-1.1573229341274334,17.674311768363687,0.6295741068180681,-54.903003262022395,0.2719344611720337,2.904898429910964,0.00015748,7.333968611071296,0.00081957,0,0.0
8102,1.7179422046737884,4.5194743504319295,-1.54e-06,0.8768481884349242,2.6102580191229356,-61.591605526091044,1.0052136313683062,-7.415195254621738,0.12067054082980143,-66.29475640361144,-1.1573229341274334,52.04308176603816,0.6295741068180681,89.05638039234825,0.2719344611720337,-1.8462820145409207,0.00015748,0.22110467719187565,0.00081957,1,0.0
8103,-0.3588734636317834,3.2318797347332273,-1.54e-06,0.8768481884349242,2.6102580191229356,66.18674705079104,1.0052136313683062,34.82462970722839,0.12067054082980143,-99.49841988305835,-1.1573229341274334,94.43918985717802,0.6295741068180681,-28.447751123511132,0.2719344611720337,2.5142915254655676,0.00015748,8.906783546002616,0.00081957,0,0.0
8104,0.0001726070031948801,0.00978580503205754,-1.54e-06,0.8768481884349242,2.6102580191229356,44.6867336083851,1.0052136313683062,54.82919496213826,0.12067054082980143,-94.38936413044424,-1.1573229341274334,3.8770309878271165,0.6295741068180681,-3.5544251853658904,0.2719344611720337,0.2627573224685662,0.00015748,7.1176472802524176,0.00081957,0,0.0
8105,-0.00897265539737302,3.25290840454336,-1.54e-06,0.8768481884349242,2.6102580191229356,-17.940810902518006,1.0052136313683062,-15.688493508635295,0.12067054082980143,-35.91560341837953,-1.1573229341274334,64.12844056927058,0.6295741068180681,26.31635538062072,0.2719344611720337,-1.0612430231044403,0.00015748,0.9474036923840222,0.00081957,1,0.0
8106,2.632263236246252,1.9026104412439553,-1.54e-06,0.8768481884349242,2.6102580191229356,-41.25025844381075,1.0052136313683062,11.702557333134017,0.12067054082980143,-26.26511225369506,-1.1573229341274334,-57.581866923058506,0.6295741068180681,76.46047879768163,0.2719344611720337,-0.39800365705522645,0.00015748,0.39438298598459764,0.00081957,1,0.0
8107,-0.0019592927064961962,0.33887812425950864,-1.54e-06,0.8768481884349242,2.6102580191229356,69.34469496784718,1.0052136313683062,59.88131600630692,0.12067054082980143,-87.44692835125181,-1.1573229341274334,-19.9090128030932,0.6295741068180681,-21.18489808866338,0.2719344611720337,0.39702331209528285,0.00015748,9.638495758795592,0.00081957,0,0.0
8108,0.001538493399083407,0.1446036191039101,-1.54e-06,0.8768481884349242,2.6102580191229356,43.62653504032955,1.0052136313683062,34.496507143699176,0.12067054082980143,-40.791119436752574,-1.1573229341274334,-3.6844237758561924,0.6295741068180681,-21.892257931163275,0.2719344611720337,0.9046601029511034,0.00015748,5.223279216139304,0.00081957,0,0.0
8109,0.00043099117893952155,0.1833866059097709,-1.54e-06,0.8768481884349242,2.6102580191229356,48.95062040322233,1.0052136313683062,44.102770612114256,0.12067054082980143,-65.24331257909547,-1.1573229341274334,8.833969425906654,0.6295741068180681,-18.912256611054755,0.2719344611720337,1.0863522913603747,0.00015748,6.38844140905129,0.00081957,0,0.0
8110,1.785926106652423,1.3710307145351595,-1.54e-06,0.8768481884349242,2.6102580191229356,-50.775464084919776,1.0052136313683062,10.016916935332572,0.12067054082980143,-85.2513195249302,-1.1573229341274334,45.566594033013025,0.6295741068180681,86.17364656331698,0.2719344611720337,-0.47091751317769587,0.00015748,0.46644209004457465,0.00081957,1,0.0
8111,2.505037438279368,1.85148072505764,-1.54e-06,0.8768481884349242,2.6102580191229356,-22.972198431282447,1.0052136313683062,29.781548875076048,0.12067054082980143,-56.88639508586436,-1.1573229341274334,-38.75019791471913,0.6295741068180681,67.44577139351057,0.2719344611720337,0.2758515669924977,0.00015748,2.585673522735957,0.00081957,0,0.0
8112,-0.01223901209040057,0.8348208820220792,-1.54e-06,0.8768481884349242,2.6102580191229356,78.83486088046057,1.0052136313683062,39.442992054242055,0.12067054082980143,-3.929753694558193,-1.1573229341274334,-31.39713329865582,0.6295741068180681,-63.03159981668475,0.2719344611720337,1.9962699060495988,0.00015748,7.289962876659183,0.00081957,0,0.0
8113,-0.04041790711464521,0.8630495143707849,-1.54e-06,0.8768481884349242,2.6102580191229356,29.347990566860403,1.0052136313683062,19.222489383785554,0.12067054082980143,-44.84216921222249,-1.1573229341274334,69.80051339493232,0.6295741068180681,-19.093169894725204,0.2719344611720337,2.5006737165416526,0.00015748,3.165618155620958,0.00081957,0,0.0
8114,-0.0010581103026612304,0.23406026070998806,-1.54e-06,0.8768481884349242,2.6102580191229356,57.36185993865913,1.0052136313683062,55.800094964574704,0.12067054082980143,-86.37219002145036,-1.1573229341274334,14.615605057986699,0.6295741068180681,-19.46978363443176,0.2719344611720337,1.26353755616593,0.00015748,7.730932267584519,0.00081957,0,0.0
8115,1.507859309245313,3.8566122227042223,-1.54e-06,0.8768481884349242,2.6102580191229356,40.63655000785921,1.0052136313683062,44.74896578845132,0.12067054082980143,-36.024077220347564,-1.1573229341274334,-2.3720277045636484,0.6295741068180681,-12.653634428424596,0.2719344611720337,3.1722903193355307,0.00015748,5.5898282789947,0.00081957,0,0.0
8116,-0.33415445895366847,1.5771889996964248,-1.54e-06,0.8768481884349242,2.6102580191229356,44.94375367287552,1.0052136313683062,20.010228282795012,0.12067054082980143,-42.82839277869171,-1.1573229341274334,79.08011028574016,0.6295741068180681,-36.057624038985885,0.2719344611720337,2.8196926413281282,0.00015748,4.345037302924017,0.00081957,0,0.0
8117,0.679070450366324,0.8060209068568958,-1.54e-06,0.8768481884349242,2.6102580191229356,10.665888473990156,1.0052136313683062,33.7243142022817,0.12067054082980143,-41.214463259425855,-1.1573229341274334,-5.4837658353240055,0.6295741068180681,7.915735361209433,0.2719344611720337,0.34885777608676927,0.00015748,2.8703403189093026,0.00081957,0,0.0
8118,-0.008906872001797572,0.6150964879529486,-1.54e-06,0.8768481884349242,2.6102580191229356,10.964091294061616,1.0052136313683062,8.886289375522873,0.12067054082980143,-45.803606583233616,-1.1573229341274334,85.0587591733373,0.6295741068180681,-4.194516811884813,0.2719344611720337,1.4148267580398968,0.00015748,2.346839366010878,0.00081957,0,0.0
8119,-0.021992758870148954,0.5720301721568741,-1.54e-06,0.8768481884349242,2.6102580191229356,53.57724788811793,1.0052136313683062,37.544955399005936,0.12067054082980143,-46.74757403273429,-1.1573229341274334,19.166225817348845,0.6295741068180681,-31.882941605447957,0.2719344611720337,1.8841638233484397,0.00015748,5.956969065354194,0.00081957,0,0.0
8120,-0.0005203535373147217,0.2480900138346239,-1.54e-06,0.8768481884349242,2.6102580191229356,-2.0130803216139723,1.0052136313683062,3.388010765399567,0.12067054082980143,-41.8554890819984,-1.1573229341274334,75.81083446041004,0.6295741068180681,7.029175280655395,0.2719344611720337,0.3292047896775827,0.00015748,1.5914397663309332,0.00081957,0,0.0
8121,0.002001363755251173,0.10170530448573988,-1.54e-06,0.8768481884349242,2.6102580191229356,12.046636719169351,1.0052136313683062,29.77396480064472,0.12067054082980143,-90.18381770467403,-1.1573229341274334,69.2980695861254,0.6295741068180681,13.8088573438867,0.2719344611720337,1.1026062566126602,0.00015748,3.3308243872879086,0.00081957,0,0.0
8122,-0.023797774730868415,0.7948545752872311,-1.54e-06,0.8768481884349242,2.6102580191229356,52.107243964826985,1.0052136313683062,39.78471622072396,0.12067054082980143,-64.33652601555326,-1.1573229341274334,45.51978581057973,0.6295741068180681,-27.725411936147317,0.2719344611720337,2.3612572861928314,0.00015748,6.099087040811234,0.00081957,0,0.0
8123,0.10687463204788827,0.012646792080988803,-1.54e-06,0.8768481884349242,2.6102580191229356,-17.47184468205956,1.0052136313683062,16.278714967291005,0.12067054082980143,-96.74010363683198,-1.1573229341274334,87.63014756171079,0.6295741068180681,40.98924899222243,0.2719344611720337,0.31929795066930416,0.00015748,1.1530845814329638,0.00081957,0,0.0
8124,1.8424349133410844,1.0005833726394573,-1.54e-06,0.8768481884349242,2.6102580191229356,-46.233498046484364,1.0052136313683062,11.278799213226725,0.12067054082980143,-74.7949171961763,-1.1573229341274334,17.71632299400023,0.6295741068180681,83.23616498094088,0.2719344611720337,-0.25787680674641533,0.00015748,0.2640946545024271,0.00081957,1,0.0
8125,0.004993989150952727,0.0019304529021024876,-1.54e-06,0.8768481884349242,2.6102580191229356,-0.10671252265116918,1.0052136313683062,18.01960311721293,0.12067054082980143,-64.84998007176293,-1.1573229341274334,45.91705245416446,0.6295741068180681,18.355041940048928,0.2719344611720337,0.2924627449758773,0.00015748,1.747494049934176,0.00081957,0,0.0
8126,0.20909673271674034,0.0977376767416293,-1.54e-06,0.8768481884349242,2.6102580191229356,67.71314811077468,1.0052136313683062,61.60426115310812,0.12067054082980143,-58.42271756750554,-1.1573229341274334,-54.68510138347646,0.6295741068180681,-27.906873471217335,0.2719344611720337,0.27013704589051457,0.00015748,8.660320472510003,0.00081957,0,0.0
8127,-0.0604863127402262,0.9843758169385072,-1.54e-06,0.8768481884349242,2.6102580191229356,93.11928296730397,1.0052136313683062,75.2814091996654,0.12067054082980143,-98.48601145081948,-1.1573229341274334,15.592532668089117,0.6295741068180681,-46.81424188472187,0.2719344611720337,2.4274479067865187,0.00015748,11.129225736365594,0.00081957,0,0.0
8128,2.216726015534494,1.3686670846248412,-1.54e-06,0.8768481884349242,2.6102580191229356,-44.46476981137897,1.0052136313683062,12.540581359737596,0.12067054082980143,-54.54600524242361,-1.1573229341274334,-16.36947215085837,0.6295741068180681,81.11641334201333,0.2719344611720337,-0.3637802621908719,0.00015748,0.3596223025531031,0.00081957,1,0.0
8129,-0.2533217625604629,1.2909882356357747,-1.54e-06,0.8768481884349242,2.6102580191229356,49.90552985635857,1.0052136313683062,40.27481874508874,0.12067054082980143,-87.33653225649408,-1.1573229341274334,86.87497026450716,0.6295741068180681,-24.737153523710333,0.2719344611720337,2.870416517839855,0.00015748,6.008906174358517,0.00081957,0,0.0
8130,-0.20260376835927918,1.6422701576061112,-1.54e-06,0.8768481884349242,2.6102580191229356,99.92220284847457,1.0052136313683062,82.49057991560383,0.12067054082980143,-81.20242624125346,-1.1573229341274334,-7.509429608835118,0.6295741068180681,-61.32739305573911,0.2719344611720337,2.287314073558538,0.00015748,10.867685037314136,0.00081957,0,0.0
8131,0.6380510448741874,0.254999055226948,-1.54e-06,0.8768481884349242,2.6102580191229356,42.56733142439438,1.0052136313683062,41.81999310602672,0.12067054082980143,-25.789279398158246,-1.1573229341274334,-60.39563885948915,0.6295741068180681,-14.455480737963288,0.2719344611720337,0.26294117959148267,0.00015748,5.734625571844282,0.00081957,0,0.0
8132,-0.014679805118504863,0.7410492716163517,-1.54e-06,0.8768481884349242,2.6102580191229356,57.00139810820914,1.0052136313683062,42.440322818140785,0.12067054082980143,-60.874533721194474,-1.1573229341274334,33.2352168099988,0.6295741068180681,-31.49486351766031,0.2719344611720337,2.2385541892515093,0.00015748,6.561224999381178,0.00081957,0,0.0
8133,3.8341156555432576e-05,0.08087763397077624,-1.54e-06,0.8768481884349242,2.6102580191229356,95.37609589089358,1.0052136313683062,70.51666804750951,0.12067054082980143,-42.73987288029954,-1.1573229341274334,-88.28536029427227,0.6295741068180681,-54.505113210810755,0.2719344611720337,0.25820813319600333,0.00015748,10.782277125779174,0.00081957,0,0.0
8134,-0.9000263568159769,2.4997461670335435,-1.54e-06,0.8768481884349242,2.6102580191229356,61.89515075937362,1.0052136313683062,16.36823377420723,0.12067054082980143,-22.4020065885977,-1.1573229341274334,82.5317455773667,0.6295741068180681,-63.84974214755685,0.2719344611720337,3.003303725937177,0.00015748,4.735692741434856,0.00081957,0,0.0
8135,0.0035811238264580325,0.14762268330516687,-1.54e-06,0.8768481884349242,2.6102580191229356,81.88571431748326,1.0052136313683062,53.45965727989729,0.12067054082980143,-19.572868236418238,-1.1573229341274334,-74.33092456589806,0.6295741068180681,-53.40882207848059,0.2719344611720337,0.5533673132585326,0.00015748,8.649062927576004,0.00081957,0,0.0
8136,0.965887175333945,3.440868395796192,-1.54e-06,0.8768481884349242,2.6102580191229356,-27.02490613029464,1.0052136313683062,19.933930304785306,0.12067054082980143,-50.00089316729508,-1.1573229341274334,-17.307961665372506,0.6295741068180681,50.511964161332436,0.2719344611720337,-1.511547174394702,0.00015748,0.7097193727565833,0.00081957,1,0.0
8137,0.032985181151493514,0.09621299305385429,-1.54e-06,0.8768481884349242,2.6102580191229356,-10.037093855038053,1.0052136313683062,9.70446502630558,0.12067054082980143,-72.76364707735515,-1.1573229341274334,70.87316526249047,0.6295741068180681,28.478674602495097,0.2719344611720337,0.5298362932391142,0.00015748,1.0237482346480578,0.00081957,0,0.0
8138,-0.0031459746733450977,0.2665927489371159,-1.54e-06,0.8768481884349242,2.6102580191229356,82.05117671092901,1.0052136313683062,58.91420059120039,0.12067054082980143,-43.915652939738514,-1.1573229341274334,-46.7064879806464,0.6295741068180681,-48.38458852030114,0.2719344611720337,1.0179767645999345,0.00015748,9.141853768892988,0.00081957,0,0.0
8139,0.0034909532520761566,0.012180780798254423,-1.54e-06,0.8768481884349242,2.6102580191229356,25.785490425361463,1.0052136313683062,28.136829538724314,0.12067054082980143,-44.17496848364929,-1.1573229341274334,-0.02109579308142015,0.6295741068180681,-5.6994565055814475,0.2719344611720337,0.2687238349439609,0.00015748,3.7624002387603444,0.00081957,0,0.0
8140,-0.00338827751851166,0.6019234071005789,-1.54e-06,0.8768481884349242,2.6102580191229356,11.919235155000742,1.0052136313683062,-0.015150510384171534,0.12067054082980143,-11.058488213300485,-1.1573229341274334,60.2611270260045,0.6295741068180681,-14.876920079543087,0.2719344611720337,0.5524955405319313,0.00015748,2.234442971843012,0.00081957,0,0.0
8141,-0.001628757388511648,0.2851545232368584,-1.54e-06,0.8768481884349242,2.6102580191229356,17.23358154069739,1.0052136313683062,9.15830280433158,0.12067054082980143,-24.561170700622746,-1.1573229341274334,37.738226854675254,0.6295741068180681,-10.206516918066129,0.2719344611720337,1.2681620240056453,0.00015748,2.06452305916908,0.00081957,0,0.0
8142,2.0503930450863592,1.195051015293465,-1.54e-06,0.8768481884349242,2.6102580191229356,-6.331269960441412,1.0052136313683062,47.41471589443734,0.12067054082980143,-88.01552000052902,-1.1573229341274334,-23.742402859423727,0.6295741068180681,57.508169339153625,0.2719344611720337,0.2760956218570976,0.00015748,4.459493941063506,0.00081957,0,0.0
8143,0.00022457504968265152,0.46388388001912717,-1.54e-06,0.8768481884349242,2.6102580191229356,30.183700318715665,1.0052136313683062,14.758459546624744,0.12067054082980143,-17.91400742079995,-1.1573229341274334,29.028496697187016,0.6295741068180681,-23.51209344561827,0.2719344611720337,1.7182664019369227,0.00015748,2.914095422087721,0.00081957,0,0.0
8144,0.456058591527001,0.07814246193240015,-1.54e-06,0.8768481884349242,2.6102580191229356,-2.825531407754651,1.0052136313683062,21.541144071093004,0.12067054082980143,-63.112887192279864,-1.1573229341274334,28.555851458723897,0.6295741068180681,25.860137009968373,0.2719344611720337,0.28890075817152205,0.00015748,2.015796230476419,0.00081957,0,0.0
8145,-0.03405868094212061,0.8210035881270782,-1.54e-06,0.8768481884349242,2.6102580191229356,46.12564556813991,1.0052136313683062,23.121771014739682,0.12067054082980143,-20.45820042471193,-1.1573229341274334,27.043239582652696,0.6295741068180681,-36.73791266749699,0.2719344611720337,2.2283792253249812,0.00015748,4.312998045440283,0.00081957,0,0.0
8146,-0.0031872689936678356,0.9188993371575533,-1.54e-06,0.8768481884349242,2.6102580191229356,46.783242742895055,1.0052136313683062,28.90532017583296,0.12067054082980143,-56.738333414418804,-1.1573229341274334,24.229570091425888,0.6295741068180681,-18.141289543380545,0.2719344611720337,1.1978417880616226,0.00015748,6.335725492206746,0.00081957,0,0.0
8147,2.4618528957696344,6.65369965688534,-1.54e-06,0.8768481884349242,2.6102580191229356,-58.89146311751402,1.0052136313683062,-16.88773310111015,0.12067054082980143,-9.129642182423995,-1.1573229341274334,-17.039868575287556,0.6295741068180681,81.96091922568259,0.2719344611720337,-2.1697895043612343,0.00015748,0.21480715823984242,0.00081957,1,0.0
8148,-0.017703548284864867,0.7198813571751492,-1.54e-06,0.8768481884349242,2.6102580191229356,32.052514736128714,1.0052136313683062,30.051028798374656,0.12067054082980143,-75.05286918645339,-1.1573229341274334,78.54222707516716,0.6295741068180681,-10.581126572362663,0.2719344611720337,2.4258883493982997,0.00015748,4.36425686487816,0.00081957,0,0.0
8149,0.5845451927776208,0.7110740640292803,-1.54e-06,0.8768481884349242,2.6102580191229356,34.91825542318888,1.0052136313683062,62.2572746705252,0.12067054082980143,-86.31989515769835,-1.1573229341274334,-14.171580495695533,0.6295741068180681,4.481670600088086,0.2719344611720337,0.3411255970217204,0.00015748,6.371184779477719,0.00081957,0,0.0
8150,2.5028388328937563,1.9006487387610225,-1.54e-06,0.8768481884349242,2.6102580191229356,-33.145990765811824,1.0052136313683062,13.928907421203691,0.12067054082980143,-10.007544467570979,-1.1573229341274334,-77.4423641641153,0.6295741068180681,63.62523974216796,0.2719344611720337,-0.5868764480708167,0.00015748,0.5841311105522505,0.00081957,1,0.0
8151,0.003245484609655902,0.3706261084602047,-1.54e-06,0.8768481884349242,2.6102580191229356,38.16374451909023,1.0052136313683062,16.371012894192383,0.12067054082980143,-1.0972876693371307,-1.1573229341274334,-0.7193436560563008,0.6295741068180681,-32.716711470192244,0.2719344611720337,1.4083739971509788,0.00015748,3.362902785936593,0.00081957,0,0.0
8152,0.48493257633525655,0.10645089377515651,-1.54e-06,0.8768481884349242,2.6102580191229356,-23.44766405496932,1.0052136313683062,16.360977978442374,0.12067054082980143,-97.63558121035675,-1.1573229341274334,79.34271499473421,0.6295741068180681,51.153574087055226,0.2719344611720337,0.3262796012142536,0.00015748,1.0970731302261112,0.00081957,0,0.0
8153,0.19585730018901293,0.040682153388142635,-1.54e-06,0.8768481884349242,2.6102580191229356,39.02670431486901,1.0052136313683062,49.83405429815315,0.12067054082980143,-81.29255769183449,-1.1573229341274334,-4.874853627399713,0.6295741068180681,-0.9049773787615185,0.2719344611720337,0.2635069041064395,0.00015748,6.424192423505605,0.00081957,0,0.0
8154,-1.2783236988206175,3.8440911772573854,-1.54e-06,0.8768481884349242,2.6102580191229356,13.812067819469675,1.0052136313683062,-12.883717165613826,0.12067054082980143,-3.0561793540178286,-1.1573229341274334,60.04780783775947,0.6295741068180681,-27.320720313401985,0.2719344611720337,-0.5556864410326381,0.00015748,0.8057603026971023,0.00081957,1,0.0
8155,0.750138374016908,0.23688340508550404,-1.54e-06,0.8768481884349242,2.6102580191229356,5.769845630714107,1.0052136313683062,28.83437720163596,0.12067054082980143,-65.16443506872294,-1.1573229341274334,5.810221627536005,0.6295741068180681,25.743066971536035,0.2719344611720337,0.2767896889753352,0.00015748,3.398638728362349,0.00081957,0,0.0
8156,0.0006350023414182226,0.7090828387981754,-1.54e-06,0.8768481884349242,2.6102580191229356,41.08054442744369,1.0052136313683062,17.40708697026379,0.12067054082980143,-8.066192741711646,-1.1573229341274334,20.8872672858923,0.6295741068180681,-35.956638479821024,0.2719344611720337,2.064237086315626,0.00015748,3.5787821533921322,0.00081957,0,0.0
8157,-0.011859270277839506,0.44065187450922183,-1.54e-06,0.8768481884349242,2.6102580191229356,53.13207996034357,1.0052136313683062,28.541483616312778,0.12067054082980143,-15.694170664807595,-1.1573229341274334,-9.063377038687435,0.6295741068180681,-38.638602352475004,0.2719344611720337,1.4501100986818107,0.00015748,5.293931696243457,0.00081957,0,0.0
8158,-2.5658337679871496e-05,0.3760959408927921,-1.54e-06,0.8768481884349242,2.6102580191229356,11.474339129967264,1.0052136313683062,-0.5467716294229926,0.12067054082980143,-11.443694257074515,-1.1573229341274334,25.801757880333355,0.6295741068180681,-6.403287275802664,0.2719344611720337,0.44395976239314827,0.00015748,1.8128986947770542,0.00081957,0,0.0
8159,1.2408315734247914,0.5956108141984556,-1.54e-06,0.8768481884349242,2.6102580191229356,-32.89602841934957,1.0052136313683062,20.041180308250482,0.12067054082980143,-99.80902007784383,-1.1573229341274334,69.07516936253427,0.6295741068180681,66.85982344238447,0.2719344611720337,0.32158403189044127,0.00015748,1.356880815841667,0.00081957,0,0.0
8160,0.003296655845524743,0.15488503032311754,-1.54e-06,0.8768481884349242,2.6102580191229356,10.196097094032027,1.0052136313683062,20.720968153748863,0.12067054082980143,-68.07551972685489,-1.1573229341274334,64.82460137309548,0.6295741068180681,7.825807485648993,0.2719344611720337,1.2793207901608934,0.00015748,2.4452416346375085,0.00081957,0,0.0
8161,-0.2354832280776954,1.6636280107336445,-1.54e-06,0.8768481884349242,2.6102580191229356,48.03943826024046,1.0052136313683062,11.666728960169053,0.12067054082980143,-19.887638145493973,-1.1573229341274334,36.40302938218742,0.6295741068180681,-36.66655889115799,0.2719344611720337,1.5930879597200953,0.00015748,5.152945709116641,0.00081957,0,0.0
8162,0.22904699459933375,0.5417118585375374,-1.54e-06,0.8768481884349242,2.6102580191229356,-10.733097067401363,1.0052136313683062,-5.197947510783347,0.12067054082980143,-14.752194903171931,-1.1573229341274334,24.424776318657567,0.6295741068180681,15.224011881220227,0.2719344611720337,-0.42730765655193886,0.00015748,0.3943480351017908,0.00081957,1,0.0
8163,-0.002403845534744542,0.34208409939963386,-1.54e-06,0.8768481884349242,2.6102580191229356,23.880537278768074,1.0052136313683062,9.527537284751181,0.12067054082980143,-7.116281868130868,-1.1573229341274334,22.292746513119944,0.6295741068180681,-21.477052489795398,0.2719344611720337,1.4300272813032004,0.00015748,2.0743597463389163,0.00081957,0,0.0
8164,0.0019411683230217136,0.019754431538302294,-1.54e-06,0.8768481884349242,2.6102580191229356,-2.549332960504072,1.0052136313683062,17.651703162255323,0.12067054082980143,-75.1537932450661,-1.1573229341274334,65.48508700155243,0.6295741068180681,21.752133883897404,0.2719344611720337,0.6129229486270369,0.00015748,1.6734161990767762,0.00081957,0,0.0
8165,-0.0075928655446427795,0.6492551453470068,-1.54e-06,0.8768481884349242,2.6102580191229356,17.77158459212089,1.0052136313683062,15.792450095806487,0.12067054082980143,-67.70189246502586,-1.1573229341274334,71.24640013527508,0.6295741068180681,3.568490204297309,0.2719344611720337,1.3936930660886184,0.00015748,3.531859727914934,0.00081957,0,0.0
8166,-0.4531379214749325,1.2404180219578183,-1.54e-06,0.8768481884349242,2.6102580191229356,77.13092871047166,1.0052136313683062,30.15741262774091,0.12067054082980143,-0.117170228756558,-1.1573229341274334,-29.639084157996972,0.6295741068180681,-64.33111583899704,0.2719344611720337,1.2019799271413367,0.00015748,7.005132208818742,0.00081957,0,0.0
8167,1.7443515184208715,1.0367008004014326,-1.54e-06,0.8768481884349242,2.6102580191229356,-4.471365876161029,1.0052136313683062,17.738421504761554,0.12067054082980143,-1.3923287801264943,-1.1573229341274334,-61.29628424097899,0.6295741068180681,26.338672712454102,0.2719344611720337,0.29201844444959935,0.00015748,1.7576864195179174,0.00081957,0,0.0
8168,-0.003587061321256968,0.4755460097394003,-1.54e-06,0.8768481884349242,2.6102580191229356,64.45502954093156,1.0052136313683062,55.797997533063075,0.12067054082980143,-80.83585924423998,-1.1573229341274334,19.369976197752955,0.6295741068180681,-28.447786639404622,0.2719344611720337,1.785246189330897,0.00015748,8.074030797338125,0.00081957,0,0.0
8169,1.6585385985239764,1.355080576872421,-1.54e-06,0.8768481884349242,2.6102580191229356,6.156989306073457,1.0052136313683062,58.332291496087294,0.12067054082980143,-96.25146185529384,-1.1573229341274334,-11.247819551491617,0.6295741068180681,41.66501820580957,0.2719344611720337,0.4662356234776519,0.00015748,5.2121788685034955,0.00081957,0,0.0
8170,-0.003817857635790123,0.4280160506707298,-1.54e-06,0.8768481884349242,2.6102580191229356,56.18336008149017,1.0052136313683062,52.6789346861091,0.12067054082980143,-85.3044891425718,-1.1573229341274334,30.8782556169848,0.6295741068180681,-21.362876665156563,0.2719344611720337,1.7566339349053255,0.00015748,7.356171739161784,0.00081957,0,0.0
8171,-0.44474218449195035,1.7942582236382738,-1.54e-06,0.8768481884349242,2.6102580191229356,80.63017582485082,1.0052136313683062,44.37160148971068,0.12067054082980143,-49.37732517966855,-1.1573229341274334,40.28337333637257,0.6295741068180681,-60.75649176582629,0.2719344611720337,2.946753615806338,0.00015748,7.800198862396853,0.00081957,0,0.0
8172,-2.855785754909789,15.152085758406274,-1.54e-06,0.8768481884349242,2.6102580191229356,18.236558479144623,1.0052136313683062,-26.00114625274169,0.12067054082980143,-12.427125238082988,-1.1573229341274334,70.79765164082549,0.6295741068180681,-36.79480741030773,0.2719344611720337,-2.365567791806089,0.00015748,0.38914404759152044,0.00081957,1,0.0
8173,1.596915120052743,0.8520222205496586,-1.54e-06,0.8768481884349242,2.6102580191229356,32.464328620245645,1.0052136313683062,66.72682679863568,0.12067054082980143,-87.38053007001247,-1.1573229341274334,-56.147957374497146,0.6295741068180681,24.202931314532066,0.2719344611720337,0.2602413376730093,0.00015748,7.717750036808031,0.00081957,0,0.0
8174,-0.0030957652699492577,0.7885992126430618,-1.54e-06,0.8768481884349242,2.6102580191229356,28.48574818990045,1.0052136313683062,17.783008260959885,0.12067054082980143,-39.1060599514895,-1.1573229341274334,63.884677034100505,0.6295741068180681,-19.417978345364602,0.2719344611720337,2.4151698584728556,0.00015748,3.007696649087537,0.00081957,0,0.0
8175,2.7058926392875686,8.05553287011292,-1.54e-06,0.8768481884349242,2.6102580191229356,-76.48241228720808,1.0052136313683062,-5.748990648532853,0.12067054082980143,-31.183286994954976,-1.1573229341274334,-2.5149723587825488,0.6295741068180681,100.0,0.2719344611720337,-3.457236022093208,0.00015748,0.23752189207857666,0.00081957,1,0.0
8176,1.6967126240973986,0.9329155789799186,-1.54e-06,0.8768481884349242,2.6102580191229356,16.118498389675562,1.0052136313683062,48.9856757129228,0.12067054082980143,-61.219633670665665,-1.1573229341274334,-53.64168808430359,0.6295741068180681,29.333281196006354,0.2719344611720337,0.26150507126280376,0.00015748,5.477184412345636,0.00081957,0,0.0
8177,-0.3590202165660741,1.6113655222599037,-1.54e-06,0.8768481884349242,2.6102580191229356,67.54061569789557,1.0052136313683062,42.26304560263896,0.12067054082980143,-68.14508838598277,-1.1573229341274334,63.70765664255053,0.6295741068180681,-44.47279148111513,0.2719344611720337,2.9523639261356314,0.00015748,7.142073572605709,0.00081957,0,0.0
8178,0.006178410052306571,0.5021301160095012,-1.54e-06,0.8768481884349242,2.6102580191229356,47.652064154702295,1.0052136313683062,63.12372148064131,0.12067054082980143,-96.08266161007577,-1.1573229341274334,11.817729611234967,0.6295741068180681,-10.449713778885762,0.2719344611720337,0.7300849754257781,0.00015748,7.022923716737513,0.00081957,0,0.0
8179,1.3010617431225282,0.48698264564856764,-1.54e-06,0.8768481884349242,2.6102580191229356,-23.66180673837329,1.0052136313683062,7.716168463662289,0.12067054082980143,-25.337510024868333,-1.1573229341274334,-18.493940774470147,0.6295741068180681,43.92184784946325,0.2719344611720337,-0.26315905035663895,0.00015748,0.2639466603210003,0.00081957,1,0.0
8180,1.0524106275601073,0.3060715348398275,-1.54e-06,0.8768481884349242,2.6102580191229356,-17.781052258584687,1.0052136313683062,28.413400453265332,0.12067054082980143,-97.17542072404477,-1.1573229341274334,42.04687302101675,0.6295741068180681,55.146895541087595,0.2719344611720337,0.28032933304880614,0.00015748,2.3375009916087874,0.00081957,0,0.0
8181,0.3721847743039275,2.252553317572307,-1.54e-06,0.8768481884349242,2.6102580191229356,86.07525277112931,1.0052136313683062,75.91695591365145,0.12067054082980143,-15.618639129590163,-1.1573229341274334,-99.99531301428118,0.6295741068180681,-60.384838171774106,0.2719344611720337,0.8237403699712225,0.00015748,8.740256660230925,0.00081957,0,0.0
8182,2.142690600886069,4.643331246571542,-1.54e-06,0.8768481884349242,2.6102580191229356,83.37294149501655,1.0052136313683062,86.72705120765137,0.12067054082980143,-88.00202346548132,-1.1573229341274334,-72.65460252122433,0.6295741068180681,-9.96039562150509,0.2719344611720337,2.325068284409859,0.00015748,13.036357850932676,0.00081957,0,0.0
8183,1.8583622498401633,0.9733443181183993,-1.54e-06,0.8768481884349242,2.6102580191229356,-8.660802623508406,1.0052136313683062,42.114640841295326,0.12067054082980143,-88.74111261564525,-1.1573229341274334,-11.756201097211832,0.6295741068180681,57.521189848648724,0.2719344611720337,0.2705329425727516,0.00015748,4.042061166673463,0.00081957,0,0.0
8184,-0.008616602662219641,0.2460541248141734,-1.54e-06,0.8768481884349242,2.6102580191229356,40.85766963870685,1.0052136313683062,20.754158148715298,0.12067054082980143,-1.212813676330317,-1.1573229341274334,-16.064891737393445,0.6295741068180681,-33.372885311756804,0.2719344611720337,1.0818859408979384,0.00015748,3.698000241588297,0.00081957,0,0.0
8185,-0.0011003840344612215,0.6850867071681256,-1.54e-06,0.8768481884349242,2.6102580191229356,-7.891582743811269,1.0052136313683062,-6.5195351456107815,0.12067054082980143,-14.184942569152676,-1.1573229341274334,35.8439127438803,0.6295741068180681,8.780788835988858,0.2719344611720337,-0.5336921877783584,0.00015748,0.5466040081997711,0.00081957,1,0.0
8186,1.260180494359606,10.688617198369602,-1.54e-06,0.8768481884349242,2.6102580191229356,-77.30250300414686,1.0052136313683062,-35.0726592905131,0.12067054082980143,-30.652754825231273,-1.1573229341274334,73.5571969307998,0.6295741068180681,83.34365384997254,0.2719344611720337,-5.013856114527728,0.00015748,0.2297052570124385,0.00081957,1,0.0
8187,1.6111893762154674,4.5222274402532205,-1.54e-06,0.8768481884349242,2.6102580191229356,-47.48051203855965,1.0052136313683062,-12.996630938979267,0.12067054082980143,-22.739355560276447,-1.1573229341274334,13.667577813559074,0.6295741068180681,64.74197628945623,0.2719344611720337,-1.8318624805689665,0.00015748,0.22605655191671836,0.00081957,1,0.0
8188,-0.011235099738241772,2.2685030672931275,-1.54e-06,0.8768481884349242,2.6102580191229356,100.0,1.0052136313683062,84.91338556733753,0.12067054082980143,-66.80744809640544,-1.1573229341274334,-22.35358361185322,0.6295741068180681,-65.68464087838537,0.2719344611720337,2.4150850091749385,0.00015748,10.50378298597261,0.00081957,0,0.0
8189,0.7680076014349619,0.3189322497637703,-1.54e-06,0.8768481884349242,2.6102580191229356,-36.89419054999883,1.0052136313683062,9.457042530470865,0.12067054082980143,-90.71610960468492,-1.1573229341274334,63.79785696566016,0.6295741068180681,65.90936743679956,0.2719344611720337,-0.23566208490732574,0.00015748,0.23503130357916688,0.00081957,1,0.0
8190,3.12748459599302,3.4547701706858804,-1.54e-06,0.8768481884349242,2.6102580191229356,-43.93856915024091,1.0052136313683062,19.867184657466588,0.12067054082980143,-25.565694646314853,-1.1573229341274334,-92.35297186995805,0.6295741068180681,86.50807279641053,0.2719344611720337,-0.9180063988792923,0.00015748,0.9445969803605855,0.00081957,1,0.0
8191,0.001935132009022844,0.2811114385634842,-1.54e-06,0.8768481884349242,2.6102580191229356,21.399601466404,1.0052136313683062,20.50436157111311,0.12067054082980143,-50.32476679454182,-1.1573229341274334,49.29449741249965,0.6295741068180681,-6.323368414991208,0.2719344611720337,1.529478772953908,0.00015748,2.98445803200915,0.00081957,0,0.0
8192,-0.2988261483437986,1.4113881274008584,-1.54e-06,0.8768481884349242,2.6102580191229356,37.90159646818131,1.0052136313683062,20.832002231689604,0.12067054082980143,-52.47340248228137,-1.1573229341274334,87.98522742486401,0.6295741068180681,-27.843462687246028,0.2719344611720337,2.832353689840894,0.00015748,3.8423880928672434,0.00081957,0,0.0
8193,0.18839354259299324,0.9834514526554677,-1.54e-06,0.8768481884349242,2.6102580191229356,85.07979535777868,1.0052136313683062,71.75771285273012,0.12067054082980143,-23.608813419597762,-1.1573229341274334,-97.03607756869005,0.6295741068180681,-55.53363270948189,0.2719344611720337,0.42576813328990415,0.00015748,8.95792527013344,0.00081957,0,0.0
8194,1.434699187399752,0.746019545132978,-1.54e-06,0.8768481884349242,2.6102580191229356,3.368861504425343,1.0052136313683062,26.669648230958458,0.12067054082980143,-19.042025784954426,-1.1573229341274334,-48.803189361824224,0.6295741068180681,20.881095059689716,0.2719344611720337,0.2768721921312305,0.00015748,2.5873101279215076,0.00081957,0,0.0
8195,1.1730898572823232,0.41998562237237225,-1.54e-06,0.8768481884349242,2.6102580191229356,-17.826118502932268,1.0052136313683062,23.604418107376386,0.12067054082980143,-78.75551459338466,-1.1573229341274334,26.517471996868085,0.6295741068180681,51.63682841706042,0.2719344611720337,0.2960364141337686,0.00015748,1.9643051569722099,0.00081957,0,0.0
8196,2.2882535521850786,1.56764787218403,-1.54e-06,0.8768481884349242,2.6102580191229356,-17.549167328227107,1.0052136313683062,27.878579169502615,0.12067054082980143,-44.26797450584943,-1.1573229341274334,-43.54856546372171,0.6295741068180681,56.34565468580455,0.2719344611720337,0.2813332740299104,0.00015748,2.4448302613350608,0.00081957,0,0.0
8197,1.5371375148020987,2.7133644505476893,-1.54e-06,0.8768481884349242,2.6102580191229356,-28.06866259757986,1.0052136313683062,0.8641894895724146,0.12067054082980143,-60.94997601662168,-1.1573229341274334,72.98941598361597,0.6295741068180681,53.077823170583194,0.2719344611720337,0.2552948311954244,0.00015748,2.182787159549486,0.00081957,0,0.0
8198,3.219002820435759,5.1193052356275155,-1.54e-06,0.8768481884349242,2.6102580191229356,-62.81130693925104,1.0052136313683062,16.677122324520756,0.12067054082980143,-30.982874630067567,-1.1573229341274334,-71.02930307553763,0.6295741068180681,99.95235725015287,0.2719344611720337,-1.9550226730614533,0.00015748,0.18421202960057048,0.00081957,1,0.0
8199,0.8916216255039588,0.26833618020174665,-1.54e-06,0.8768481884349242,2.6102580191229356,-22.641042369302504,1.0052136313683062,23.850536247425104,0.12067054082980143,-96.53886244032513,-1.1573229341274334,61.113647448308505,0.6295741068180681,54.41822627078316,0.2719344611720337,0.30353568557445265,0.00015748,1.6674503923322075,0.00081957,0,0.0
8200,0.00035785997396836633,0.00041151023608915785,-1.54e-06,5.099183737297721,8.287414518368358,-29.773822384013314,1.0052136313683062,6.942288461348433,0.12067054082980143,-8.10253778864326,-1.1573229341274334,1.2791281655437248,0.6295741068180681,-16.79348768019467,0.2719344611720337,-0.006530652205119712,0.00015748,0.006530648204758031,0.00081957,1,0.0
8201,0.014128150518369464,0.0019460852969981643,-1.54e-06,5.099183737297721,8.287414518368358,77.93590419895244,1.0052136313683062,-10.277135275706309,0.12067054082980143,-34.86173866878146,-1.1573229341274334,-67.46798974457528,0.6295741068180681,69.15742194751638,0.2719344611720337,-0.014566481108922731,0.00015748,0.014572555592329922,0.00081957,1,0.0
8202,2.8560047445905234e-05,0.0013539833260628625,-1.54e-06,5.099183737297721,8.287414518368358,35.5278182343044,1.0052136313683062,4.530959849655008,0.12067054082980143,-12.676412417644089,-1.1573229341274334,33.74858991371706,0.6295741068180681,-16.826408429794498,0.2719344611720337,-0.0021816955275663773,0.00015748,0.0046578830561415235,0.00081957,1,0.0
8203,0.023416700045067303,6.0804676644938664e-05,-1.54e-06,5.099183737297721,8.287414518368358,-81.07259879316575,1.0052136313683062,3.1902288606610725,0.12067054082980143,-14.38000561068451,-1.1573229341274334,-36.866386138737525,0.6295741068180681,24.935164709165083,0.2719344611720337,-0.002420148192767711,0.00015748,0.002420776142651946,0.00081957,1,0.0
8204,0.0001031074174151908,6.822805181438058e-05,-1.54e-06,5.099183737297721,8.287414518368358,-34.29933801702175,1.0052136313683062,2.348436248631773,0.12067054082980143,-47.41766335237518,-1.1573229341274334,83.53720369270069,0.6295741068180681,25.216820735278002,0.2719344611720337,-0.0008677009063250968,0.00015748,0.0009960184716797339,0.00081957,1,0.0
8205,0.009180908861701314,1.3471015656521407e-05,-1.54e-06,5.099183737297721,8.287414518368358,-10.991822354064404,1.0052136313683062,2.251904598684182,0.12067054082980143,-9.577912919973423,-1.1573229341274334,-39.63424028276652,0.6295741068180681,8.04704968292745,0.2719344611720337,-0.0011894002448422044,0.00015748,0.0011905006973949744,0.00081957,1,0.0
8206,0.011996937488999104,0.0026231826165471705,-1.54e-06,5.099183737297721,8.287414518368358,78.13849608135595,1.0052136313683062,-12.326587528289703,0.12067054082980143,-43.23896254660966,-1.1573229341274334,-31.786979843074615,0.6295741068180681,79.56610811292647,0.2719344611720337,-0.016599166718575198,0.00015748,0.01668859384032438,0.00081957,1,0.0
8207,0.03612103682901273,5.654338655450498e-05,-1.54e-06,5.099183737297721,8.287414518368358,-54.560746689013286,1.0052136313683062,4.6102287644188955,0.12067054082980143,-82.60535389632082,-1.1573229341274334,-67.3729088599923,0.6295741068180681,77.25308656318985,0.2719344611720337,-0.0036412014418254345,0.00015748,0.0036458530495510504,0.00081957,1,0.0
8208,0.0667309110607247,0.002496868192702891,-1.54e-06,5.099183737297721,8.287414518368358,-99.39534472213131,1.0052136313683062,6.047918667025969,0.12067054082980143,-87.98423044270206,-1.1573229341274334,-19.610148394395654,0.6295741068180681,91.7644992909142,0.2719344611720337,0.001428264769804708,0.00015748,0.0033152743886174004,0.00081957,0,0.0
8209,0.00010150588240086245,0.0019597979917827706,-1.54e-06,5.099183737297721,8.287414518368358,92.29047668234307,1.0052136313683062,-5.519962548618012,0.12067054082980143,-80.3480308470559,-1.1573229341274334,67.93719909191657,0.6295741068180681,64.52240290296331,0.2719344611720337,-0.010901166889587545,0.00015748,0.01237229828281561,0.00081957,1,0.0
8210,0.00013029124146066856,0.0009400722481871229,-1.54e-06,5.099183737297721,8.287414518368358,31.386775711524155,1.0052136313683062,6.867983525615333,0.12067054082980143,-68.10144847438616,-1.1573229341274334,62.478336964549776,0.6295741068180681,15.264774015304011,0.2719344611720337,-0.0018697893100514547,0.00015748,0.0036354585564776216,0.00081957,1,0.0
8211,0.026422582931185642,4.478123028481053e-05,-1.54e-06,5.099183737297721,8.287414518368358,-60.33022527466846,1.0052136313683062,1.9948332048427622,0.12067054082980143,-55.564558646172046,-1.1573229341274334,-23.299891192118185,0.6295741068180681,58.889135238715575,0.2719344611720337,-0.0024856166263255994,0.00015748,0.00249107635344881,0.00081957,1,0.0
8212,0.027221206933946758,1.5010839487717592e-05,-1.54e-06,5.099183737297721,8.287414518368358,-98.67751671953168,1.0052136313683062,5.493150429052231,0.12067054082980143,-99.58662150761052,-1.1573229341274334,45.93799629239829,0.6295741068180681,79.12976010044463,0.2719344611720337,-0.0025831478537066944,0.00015748,0.0025839961032975765,0.00081957,1,0.0
8213,0.04088064420135763,2.296519593059298e-05,-1.54e-06,5.099183737297721,8.287414518368358,-95.57688234008309,1.0052136313683062,6.070126632666659,0.12067054082980143,-84.66540790902565,-1.1573229341274334,-52.52416251801968,0.6295741068180681,80.05877397380623,0.2719344611720337,-0.0027867789536478397,0.00015748,0.0027865986152841755,0.00081957,1,0.0
8214,3.139155522781378e-05,0.0013410080071704486,-1.54e-06,5.099183737297721,8.287414518368358,-23.629067896646706,1.0052136313683062,13.206277434820745,0.12067054082980143,-53.20828653041295,-1.1573229341274334,38.78878271293504,0.6295741068180681,-11.108467141221254,0.2719344611720337,-0.009469488329451381,0.00015748,0.01026626507193357,0.00081957,1,0.0
8215,0.015565641350659621,0.0010038676152744363,-1.54e-06,5.099183737297721,8.287414518368358,79.11856728624352,1.0052136313683062,-2.9621615619230015,0.12067054082980143,-77.05758668335663,-1.1573229341274334,-71.41410090952924,0.6295741068180681,73.83082037438501,0.2719344611720337,-0.011093319286941081,0.00015748,0.011091061736031792,0.00081957,1,0.0
8216,0.014474763976011079,0.00010756509608021597,-1.54e-06,5.099183737297721,8.287414518368358,59.99024219663646,1.0052136313683062,6.205505039054284,0.12067054082980143,-98.16581003670609,-1.1573229341274334,-72.36736905516292,0.6295741068180681,56.26481235873175,0.2719344611720337,-0.00536831311957844,0.00015748,0.00537189289684144,0.00081957,1,0.0
8217,0.0001555258007477356,0.0050639577093580905,-1.54e-06,5.099183737297721,8.287414518368358,47.74201681420111,1.0052136313683062,22.18071304748825,0.12067054082980143,-84.03329300488447,-1.1573229341274334,89.96729581863575,0.6295741068180681,-38.59299085065098,0.2719344611720337,-0.013395347961978181,0.00015748,0.01850635778809956,0.00081957,1,0.0
8218,8.78087064533628e-05,0.007278459865392918,-1.54e-06,5.099183737297721,8.287414518368358,-70.06230352824473,1.0052136313683062,28.404355731457052,0.12067054082980143,-62.118940873573095,-1.1573229341274334,76.93162525069742,0.6295741068180681,-61.350848110710544,0.2719344611720337,-0.02358442604707153,0.00015748,0.026181469432241398,0.00081957,1,0.0
8219,0.02017843110426181,0.0013297899328741395,-1.54e-06,5.099183737297721,8.287414518368358,62.042484680278584,1.0052136313683062,-6.50240164588069,0.12067054082980143,-49.78542869161204,-1.1573229341274334,-87.55158950449155,0.6295741068180681,72.81246227593051,0.2719344611720337,-0.012253996839458216,0.00015748,0.012248801032863554,0.00081957,1,0.0
8220,0.0002715937582125627,0.01000268716147564,-1.54e-06,5.099183737297721,8.287414518368358,-44.744994789500424,1.0052136313683062,38.44358275783491,0.12067054082980143,-95.96523357130901,-1.1573229341274334,-18.451097402330586,0.6295741068180681,-69.74131427248403,0.2719344611720337,-0.030176835553202594,0.00015748,0.03146885054971518,0.00081957,1,0.0
8221,0.007212896176567128,0.00046640741673735974,-1.54e-06,5.099183737297721,8.287414518368358,61.41336404431409,1.0052136313683062,0.3030246223932112,0.12067054082980143,-88.02388840215058,-1.1573229341274334,-11.701353088760793,0.6295741068180681,62.715124150398594,0.2719344611720337,-0.007878050935335838,0.00015748,0.007881660212476868,0.00081957,1,0.0
8222,0.02327502748462062,8.9898678475914e-06,-1.54e-06,5.099183737297721,8.287414518368358,-24.15875437509875,1.0052136313683062,3.4818966647578136,0.12067054082980143,-36.36013169935543,-1.1573229341274334,-78.21208741581671,0.6295741068180681,36.104970614903756,0.2719344611720337,-0.001741053848976295,0.00015748,0.001742057470787052,0.00081957,1,0.0
8223,0.013626442605335472,0.0012521454048482527,-1.54e-06,5.099183737297721,8.287414518368358,12.846489811966242,1.0052136313683062,-6.039384405039723,0.12067054082980143,-80.2582383984052,-1.1573229341274334,36.83260676036919,0.6295741068180681,87.73302613819101,0.2719344611720337,-0.011638219894835263,0.00015748,0.011638489397653513,0.00081957,1,0.0
8224,7.05013672742949e-06,0.0011689487679286876,-1.54e-06,5.099183737297721,8.287414518368358,40.872925385713174,1.0052136313683062,4.501605265411978,0.12067054082980143,-42.879438879485775,-1.1573229341274334,55.83209424985442,0.6295741068180681,4.06038535931961,0.2719344611720337,-0.00045892527859696863,0.00015748,0.0027539952364485083,0.00081957,1,0.0
8225,0.031020581300286024,3.483106468952439e-05,-1.54e-06,5.099183737297721,8.287414518368358,-14.984474090099162,1.0052136313683062,7.955196916918874,0.12067054082980143,-93.36293051766573,-1.1573229341274334,-92.12927490554608,0.6295741068180681,66.29005082764861,0.2719344611720337,-0.004016164011608935,0.00015748,0.004020847908074835,0.00081957,1,0.0
8226,6.528747783909883e-05,0.005370890079880879,-1.54e-06,5.099183737297721,8.287414518368358,61.399967501132224,1.0052136313683062,22.161672138560906,0.12067054082980143,-77.82942014690484,-1.1573229341274334,85.10542049090822,0.6295741068180681,-45.06429409472181,0.2719344611720337,-0.013302821884040106,0.00015748,0.01890775801240807,0.00081957,1,0.0
8227,1.5793224450444399e-07,0.0010130240148016748,-1.54e-06,5.099183737297721,8.287414518368358,23.413088764542113,1.0052136313683062,-1.9390493962363848,0.12067054082980143,-39.94818774955825,-1.1573229341274334,89.995313843091,0.6295741068180681,26.971821192377703,0.2719344611720337,-0.0030298808624162473,0.00015748,0.004756524789436783,0.00081957,1,0.0
8228,0.023561598224215472,4.1719923853542846e-05,-1.54e-06,5.099183737297721,8.287414518368358,-7.561004157863243,1.0052136313683062,2.2204869493763053,0.12067054082980143,-39.22047636114987,-1.1573229341274334,-88.12252065774365,0.6295741068180681,41.906810377795004,0.2719344611720337,-0.0027646442571418245,0.00015748,0.0027707761452213974,0.00081957,1,0.0
8229,0.0002043968226988213,0.0014535251125120995,-1.54e-06,5.099183737297721,8.287414518368358,81.64764070680609,1.0052136313683062,-10.149411837713643,0.12067054082980143,-18.699763173222525,-1.1573229341274334,-13.981577927867091,0.6295741068180681,44.118905464520175,0.2719344611720337,-0.012410865261459628,0.00015748,0.012439417441543438,0.00081957,1,0.0
8230,0.01855646805596283,0.001027393138909183,-1.54e-06,5.099183737297721,8.287414518368358,31.18852937775675,1.0052136313683062,-5.916605821027222,0.12067054082980143,-48.863479899089796,-1.1573229341274334,-46.68698141571489,0.6295741068180681,69.90043858399157,0.2719344611720337,-0.0105837074760562,0.00015748,0.01060702239190018,0.00081957,1,0.0
8231,0.013256500690401227,0.0005270640673322634,-1.54e-06,5.099183737297721,8.287414518368358,33.25186535053039,1.0052136313683062,-5.6392632657181,0.12067054082980143,-8.309663996188759,-1.1573229341274334,-68.20852355768596,0.6295741068180681,36.333776442869976,0.2719344611720337,-0.007526939060440745,0.00015748,0.0075365232154843064,0.00081957,1,0.0
8232,0.03597524188438683,4.8232404004081533e-05,-1.54e-06,5.099183737297721,8.287414518368358,-49.88613414523454,1.0052136313683062,6.008566157722499,0.12067054082980143,-96.8398488342207,-1.1573229341274334,-64.05712905245097,0.6295741068180681,81.72756867395738,0.2719344611720337,-0.003975658550618419,0.00015748,0.003975438110551033,0.00081957,1,0.0
8233,0.01660658569381996,3.569222722519131e-05,-1.54e-06,5.099183737297721,8.287414518368358,-79.76526737356012,1.0052136313683062,0.959262091227221,0.12067054082980143,-57.46645307925702,-1.1573229341274334,60.50921530477321,0.6295741068180681,55.1976280957582,0.2719344611720337,-0.0018213321531560633,0.00015748,0.001818946729809658,0.00081957,1,0.0
8234,0.00016930264760289804,0.005092115395680371,-1.54e-06,5.099183737297721,8.287414518368358,-0.5765052549608889,1.0052136313683062,18.512253600266273,0.12067054082980143,-32.65180078079887,-1.1573229341274334,97.08056246699748,0.6295741068180681,-57.4580185567586,0.2719344611720337,-0.014358230661899186,0.00015748,0.019147441453422634,0.00081957,1,0.0
8235,0.011317986249069933,8.657390232795439e-05,-1.54e-06,5.099183737297721,8.287414518368358,12.421456445568664,1.0052136313683062,1.600413291017997,0.12067054082980143,-54.50104366683027,-1.1573229341274334,-23.237458040782965,0.6295741068180681,41.691405137233424,0.2719344611720337,-0.0036441968982736444,0.00015748,0.003651815159484824,0.00081957,1,0.0
8236,6.174739009046082e-05,0.010200446225067168,-1.54e-06,5.099183737297721,8.287414518368358,-33.98921500758108,1.0052136313683062,33.447210721868515,0.12067054082980143,-61.092652090462046,-1.1573229341274334,52.845229284798535,0.6295741068180681,-85.60739846986401,0.2719344611720337,-0.02704137854354919,0.00015748,0.030998860453617147,0.00081957,1,0.0
8237,4.375493518625484e-05,0.0007314410666776211,-1.54e-06,5.099183737297721,8.287414518368358,-33.12865963762065,1.0052136313683062,11.470051275934603,0.12067054082980143,-71.25891894615529,-1.1573229341274334,66.27259438743252,0.6295741068180681,8.86065167693683,0.2719344611720337,-0.00733523786455769,0.00015748,0.007734733188051453,0.00081957,1,0.0
8238,5.354354985553922e-06,0.0014810291390267712,-1.54e-06,5.099183737297721,8.287414518368358,-14.828625308624424,1.0052136313683062,8.01563229333856,0.12067054082980143,-21.582669017392313,-1.1573229341274334,64.40399677901293,0.6295741068180681,-18.943970977179834,0.2719344611720337,-0.006213063601166691,0.00015748,0.008195278751328914,0.00081957,1,0.0
8239,0.00545417464474679,0.0013659836962886943,-1.54e-06,5.099183737297721,8.287414518368358,90.25295012059729,1.0052136313683062,-6.83249037282639,0.12067054082980143,-54.48319938217571,-1.1573229341274334,-32.24767612473026,0.6295741068180681,61.66955856194695,0.2719344611720337,-0.012405500458884628,0.00015748,0.012402032968482298,0.00081957,1,0.0
8240,2.4499811717176856e-05,0.0014054609065327758,-1.54e-06,5.099183737297721,8.287414518368358,-17.63873897276395,1.0052136313683062,11.135660041401467,0.12067054082980143,-30.301374826019916,-1.1573229341274334,30.635053392121208,0.6295741068180681,-20.947480413583587,0.2719344611720337,-0.008639322298910629,0.00015748,0.009799458216078418,0.00081957,1,0.0
8241,0.02030522633417277,7.210437811198703e-05,-1.54e-06,5.099183737297721,8.287414518368358,5.101794126939741,1.0052136313683062,8.45134769022691,0.12067054082980143,-68.01531626512406,-1.1573229341274334,-88.43500633751314,0.6295741068180681,36.19904162253457,0.2719344611720337,-0.003774304557231112,0.00015748,0.003775544669936781,0.00081957,1,0.0
8242,9.189815451816907e-06,0.0013319301386837564,-1.54e-06,5.099183737297721,8.287414518368358,50.9887010841919,1.0052136313683062,-5.761723744686366,0.12067054082980143,-19.975879093222456,-1.1573229341274334,57.995402687550936,0.6295741068180681,25.38635557672554,0.2719344611720337,-0.006059856564736452,0.00015748,0.00779430590468065,0.00081957,1,0.0
8243,8.034534169318319e-05,0.005951578220208963,-1.54e-06,5.099183737297721,8.287414518368358,-30.13196940898998,1.0052136313683062,26.036841509577254,0.12067054082980143,-33.046100101239695,-1.1573229341274334,-23.214731842433725,0.6295741068180681,-71.35302601580577,0.2719344611720337,-0.02208334793616601,0.00015748,0.02367828124497122,0.00081957,1,0.0
8244,0.002615833595418029,5.6917664035784906e-05,-1.54e-06,5.099183737297721,8.287414518368358,-27.316376986966358,1.0052136313683062,-2.3476919693756138,0.12067054082980143,-11.651653957884603,-1.1573229341274334,44.119842749990546,0.6295741068180681,19.724014441603973,0.2719344611720337,-0.0021976050241466335,0.00015748,0.002203968430006591,0.00081957,1,0.0
8245,0.007489445699565472,0.0002040790311687369,-1.54e-06,5.099183737297721,8.287414518368358,32.267163986800156,1.0052136313683062,10.03660793687007,0.12067054082980143,-63.499822169047874,-1.1573229341274334,-63.919028687756956,0.6295741068180681,14.095071253907017,0.2719344611720337,-0.004981978651973551,0.00015748,0.00498403352403679,0.00081957,1,0.0
8246,0.0002005948282564618,0.0015079639768108902,-1.54e-06,5.099183737297721,8.287414518368358,22.954382271629203,1.0052136313683062,12.837152905793628,0.12067054082980143,-20.701435261843436,-1.1573229341274334,-44.85368756016525,0.6295741068180681,-34.304186765320296,0.2719344611720337,-0.009615581756768198,0.00015748,0.01057093160692613,0.00081957,1,0.0
8247,0.0273069154585108,0.00043031585741876204,-1.54e-06,5.099183737297721,8.287414518368358,-65.3611411960573,1.0052136313683062,-5.534025150266185,0.12067054082980143,-18.12462503498063,-1.1573229341274334,-21.29770367351012,0.6295741068180681,60.6144121842678,0.2719344611720337,-0.006322379769741771,0.00015748,0.0063270693083635745,0.00081957,1,0.0
8248,0.0011559508944680354,6.789400821261075e-05,-1.54e-06,5.099183737297721,8.287414518368358,-28.447946885310394,1.0052136313683062,0.9427105647103552,0.12067054082980143,-67.66909919486886,-1.1573229341274334,97.9388634115981,0.6295741068180681,44.93165837591121,0.2719344611720337,-0.0027221286813615972,0.00015748,0.002729265743083885,0.00081957,1,0.0
8249,0.011794700426200386,0.0004993827917720942,-1.54e-06,5.099183737297721,8.287414518368358,-80.11659628543478,1.0052136313683062,11.072122919750091,0.12067054082980143,-70.66959211037015,-1.1573229341274334,43.57991346251602,0.6295741068180681,24.61254639817575,0.2719344611720337,-0.007392153533611491,0.00015748,0.007387337782453215,0.00081957,1,0.0
8250,0.014576597096531606,0.00019053249820554798,-1.54e-06,5.099183737297721,8.287414518368358,10.828363011869374,1.0052136313683062,-2.0424827166831028,0.12067054082980143,-21.214588175579955,-1.1573229341274334,-55.96084106604789,0.6295741068180681,34.949510813869985,0.2719344611720337,-0.004635108861711536,0.00015748,0.004640799554673896,0.00081957,1,0.0
8251,0.0054629018408315294,1.3206713838359109e-05,-1.54e-06,5.099183737297721,8.287414518368358,-61.57279412980491,1.0052136313683062,-0.03998347243034264,0.12067054082980143,-1e-20,-1.1573229341274334,41.131550717892935,0.6295741068180681,8.177592827694559,0.2719344611720337,-0.0014488042693360098,0.00015748,0.0014487767265535922,0.00081957,1,0.0
8252,8.970087989038089e-05,0.004798426459783969,-1.54e-06,5.099183737297721,8.287414518368358,24.275883046231865,1.0052136313683062,23.207020592758834,0.12067054082980143,-74.07428376260346,-1.1573229341274334,46.60518277092356,0.6295741068180681,-42.8253173386274,0.2719344611720337,-0.01565645989920749,0.00015748,0.019238474751025365,0.00081957,1,0.0
8253,0.024007800142674555,1.2549342986593633e-05,-1.54e-06,5.099183737297721,8.287414518368358,-30.62823018950054,1.0052136313683062,4.378968610119229,0.12067054082980143,-58.222836545966366,-1.1573229341274334,-55.20061194055165,0.6295741068180681,48.810389490554,0.2719344611720337,-0.0023608137164423393,0.00015748,0.002360854277204826,0.00081957,1,0.0
8254,1.9010046123816432e-05,0.00040078787629262066,-1.54e-06,5.099183737297721,8.287414518368358,41.29784292278274,1.0052136313683062,-1.2277352043979055,0.12067054082980143,-34.73772168474288,-1.1573229341274334,16.630526706175743,0.6295741068180681,24.240771985653943,0.2719344611720337,-0.003911081819952955,0.00015748,0.004416403191439412,0.00081957,1,0.0
8255,0.027112917529521927,0.0002681297184028417,-1.54e-06,5.099183737297721,8.287414518368358,-74.71908898595967,1.0052136313683062,-2.2908726346837023,0.12067054082980143,-49.92553649579093,-1.1573229341274334,7.884879188470525,0.6295741068180681,71.17795135979709,0.2719344611720337,-0.0050681259599189045,0.00015748,0.005074395560999874,0.00081957,1,0.0
8256,0.0002199311941145643,0.0018015426777869437,-1.54e-06,5.099183737297721,8.287414518368358,-94.1052554101954,1.0052136313683062,16.90610396983179,0.12067054082980143,-70.0159539848734,-1.1573229341274334,88.83867002100918,0.6295741068180681,-6.5348361185813975,0.2719344611720337,-0.013794933892966845,0.00015748,0.01380355004369277,0.00081957,1,0.0
8257,0.02622975897867616,0.000350233218531906,-1.54e-06,5.099183737297721,8.287414518368358,-36.947472981756256,1.0052136313683062,13.259756914839416,0.12067054082980143,-94.06650611654177,-1.1573229341274334,-70.90712218897727,0.6295741068180681,44.85549759617152,0.2719344611720337,-0.006650049263985478,0.00015748,0.0066466575672991845,0.00081957,1,0.0
8258,0.0010336872049962406,7.712837037650057e-05,-1.54e-06,5.099183737297721,8.287414518368358,-5.308521634137216,1.0052136313683062,3.540375317785355,0.12067054082980143,-8.561633260766015,-1.1573229341274334,-10.35264109130734,0.6295741068180681,-5.187097615626918,0.2719344611720337,-0.002766774929092675,0.00015748,0.0027657071833487824,0.00081957,1,0.0
8259,0.0015377146891729643,0.00966942301913976,-1.54e-06,5.099183737297721,8.287414518368358,-58.85072240419503,1.0052136313683062,37.931183973002796,0.12067054082980143,-75.32989777877353,-1.1573229341274334,-73.73811054223611,0.6295741068180681,-75.91018249822048,0.2719344611720337,-0.03125584611823033,0.00015748,0.03128532289862063,0.00081957,1,0.0
8260,0.032735643649071874,1.4228193312966014e-05,-1.54e-06,5.099183737297721,8.287414518368358,-90.41394552713275,1.0052136313683062,3.4678055648566883,0.12067054082980143,-51.05996957839674,-1.1573229341274334,-37.017817141961544,0.6295741068180681,58.208874721279734,0.2719344611720337,-0.0014744870632573917,0.00015748,0.0014751135965034667,0.00081957,1,0.0
8261,0.014605702582227573,5.481796760653981e-06,-1.54e-06,5.099183737297721,8.287414518368358,-77.34292345077493,1.0052136313683062,1.8457937500078543,0.12067054082980143,-49.80794116326313,-1.1573229341274334,55.03738315517721,0.6295741068180681,44.89620739473924,0.2719344611720337,-0.0008522874727513482,0.00015748,0.000855672997898683,0.00081957,1,0.0
8262,3.205944233033997e-05,0.0009481176338747166,-1.54e-06,5.099183737297721,8.287414518368358,-22.977485269177862,1.0052136313683062,6.587537364823777,0.12067054082980143,-4.582116846923727,-1.1573229341274334,29.78183490968118,0.6295741068180681,-22.024711054936308,0.2719344611720337,-0.006193457019541069,0.00015748,0.0072369374633169,0.00081957,1,0.0
8263,4.675679374485653e-05,0.0044110872748597835,-1.54e-06,5.099183737297721,8.287414518368358,-73.83845790898997,1.0052136313683062,25.90866642817152,0.12067054082980143,-70.89727981997956,-1.1573229341274334,15.674530332743496,0.6295741068180681,-38.12218188670308,0.2719344611720337,-0.02126698512222918,0.00015748,0.02128292171692188,0.00081957,1,0.0
8264,1.3823793895396952e-05,0.0014455055697562256,-1.54e-06,5.099183737297721,8.287414518368358,76.99491618920067,1.0052136313683062,-5.093414426236441,0.12067054082980143,-37.57118169816255,-1.1573229341274334,41.920384908769336,0.6295741068180681,34.03813543501466,0.2719344611720337,-0.007290617389178277,0.00015748,0.008960116618403203,0.00081957,1,0.0
8265,2.6462244954852943e-05,0.0008067193799847312,-1.54e-06,5.099183737297721,8.287414518368358,87.84949057465919,1.0052136313683062,13.116298575182757,0.12067054082980143,-90.15398142069861,-1.1573229341274334,-40.00566568362547,0.6295741068180681,8.538852415246215,0.2719344611720337,-0.005615680560747148,0.00015748,0.006607236457657022,0.00081957,1,0.0
8266,0.010230951275878558,6.485930792253705e-05,-1.54e-06,5.099183737297721,8.287414518368358,72.4731424783206,1.0052136313683062,8.440210533765898,0.12067054082980143,-97.90832364287861,-1.1573229341274334,-76.90738002956424,0.6295741068180681,43.73911060071444,0.2719344611720337,-0.004798208650008089,0.00015748,0.004797347558686887,0.00081957,1,0.0
8267,0.020248869398726055,0.0011195738695530407,-1.54e-06,5.099183737297721,8.287414518368358,75.63288503730666,1.0052136313683062,-3.167376743451872,0.12067054082980143,-79.23911988217954,-1.1573229341274334,-89.36196816963499,0.6295741068180681,80.68877306912486,0.2719344611720337,-0.011703704797762678,0.00015748,0.011700346319308913,0.00081957,1,0.0
8268,0.004756328055352643,0.0019090031455210295,-1.54e-06,5.099183737297721,8.287414518368358,10.456801553099654,1.0052136313683062,-12.55460588748076,0.12067054082980143,-35.94533680544915,-1.1573229341274334,75.57999449926186,0.6295741068180681,71.7733660528727,0.2719344611720337,-0.01389041475349716,0.00015748,0.013894790535268566,0.00081957,1,0.0
8269,0.0068306445244004105,0.0006194927598594638,-1.54e-06,5.099183737297721,8.287414518368358,43.35827006762803,1.0052136313683062,-1.0398824824032502,0.12067054082980143,-94.05565876549824,-1.1573229341274334,25.837311214866755,0.6295741068180681,71.87157853944788,0.2719344611720337,-0.008688667220271779,0.00015748,0.00869504179004015,0.00081957,1,0.0
8270,3.5214007043843365e-05,0.0059449539673775455,-1.54e-06,5.099183737297721,8.287414518368358,50.948460054634396,1.0052136313683062,22.645928395253016,0.12067054082980143,-49.134599437303805,-1.1573229341274334,50.317764323877874,0.6295741068180681,-64.6226353242928,0.2719344611720337,-0.015636229545507856,0.00015748,0.02090926519543771,0.00081957,1,0.0
8271,0.0008535120737764926,0.00040808991339452943,-1.54e-06,5.099183737297721,8.287414518368358,-78.5808106063643,1.0052136313683062,5.16591459162163,0.12067054082980143,-1e-20,-1.1573229341274334,55.90571535478443,0.6295741068180681,-13.485132753253128,0.2719344611720337,-0.006776821795574372,0.00015748,0.006781954428213195,0.00081957,1,0.0
8272,0.00013625673278866435,0.00039799447246730084,-1.54e-06,5.099183737297721,8.287414518368358,31.31175883644975,1.0052136313683062,2.3847287498290757,0.12067054082980143,-1.0787999801423567,-1.1573229341274334,-23.278567743834085,0.6295741068180681,-11.244811433990431,0.2719344611720337,-0.0011476471148976122,0.00015748,0.0018917682980914875,0.00081957,1,0.0
8273,0.0001264892711248522,0.007163195464293185,-1.54e-06,5.099183737297721,8.287414518368358,-39.10749845783903,1.0052136313683062,31.868148015011098,0.12067054082980143,-97.68370778093227,-1.1573229341274334,43.49995327792143,0.6295741068180681,-48.88839835753091,0.2719344611720337,-0.023975699884229176,0.00015748,0.02605860682047362,0.00081957,1,0.0
8274,0.03241347194331225,0.0002811708594808941,-1.54e-06,5.099183737297721,8.287414518368358,-67.8854012534904,1.0052136313683062,11.925438306274163,0.12067054082980143,-87.08265966140571,-1.1573229341274334,-69.10986524054788,0.6295741068180681,52.06431399314156,0.2719344611720337,-0.0060009305753440725,0.00015748,0.006004125784502434,0.00081957,1,0.0
8275,0.021233453414536703,0.00020992473036661604,-1.54e-06,5.099183737297721,8.287414518368358,48.51010272028026,1.0052136313683062,3.7464339344614705,0.12067054082980143,-86.53625903568013,-1.1573229341274334,-95.32123265997154,0.6295741068180681,63.93455643789427,0.2719344611720337,-0.006214398582074858,0.00015748,0.006210430610933432,0.00081957,1,0.0
8276,0.010531078028515252,0.00016772060690150185,-1.54e-06,5.099183737297721,8.287414518368358,-23.135023622475106,1.0052136313683062,5.631801339932432,0.12067054082980143,-14.081170936471251,-1.1573229341274334,-47.31843708810922,0.6295741068180681,1.2585351196971744,0.2719344611720337,-0.004096092500161929,0.00015748,0.004102452484622934,0.00081957,1,0.0
8277,0.0076782729982049075,7.43850878221571e-05,-1.54e-06,5.099183737297721,8.287414518368358,21.566420041325188,1.0052136313683062,-1.6582301321336472,0.12067054082980143,-2.778235483117518,-1.1573229341274334,-54.0001578106234,0.6295741068180681,14.033637725655307,0.2719344611720337,-0.0029153179162888267,0.00015748,0.002914248595219315,0.00081957,1,0.0
8278,1.817267336458317e-05,0.0040013085443387445,-1.54e-06,5.099183737297721,8.287414518368358,61.798719802156576,1.0052136313683062,12.32855045291652,0.12067054082980143,-13.002292868438127,-1.1573229341274334,68.92432691009154,0.6295741068180681,-55.13509170845738,0.2719344611720337,-0.008236436747013407,0.00015748,0.013860890006617525,0.00081957,1,0.0
8279,0.023913497525291493,0.0005417416177595006,-1.54e-06,5.099183737297721,8.287414518368358,-67.22028551535695,1.0052136313683062,-3.4076201357495064,0.12067054082980143,-71.64824685494452,-1.1573229341274334,48.82121398674938,0.6295741068180681,86.22753447171648,0.2719344611720337,-0.007270850424636124,0.00015748,0.0073049198827473474,0.00081957,1,0.0
8280,0.00016465430819734284,0.007477657720994188,-1.54e-06,5.099183737297721,8.287414518368358,46.29408371127593,1.0052136313683062,26.876054678652302,0.12067054082980143,-63.451998714835334,-1.1573229341274334,63.742797165781674,0.6295741068180681,-70.80867681709415,0.2719344611720337,-0.018690174610756186,0.00015748,0.024449970253224304,0.00081957,1,0.0
8281,0.021414122662422576,0.0004665656538617725,-1.54e-06,5.099183737297721,8.287414518368358,-71.88900864107583,1.0052136313683062,7.707376622838688,0.12067054082980143,-5.03090076785598,-1.1573229341274334,-72.89540641641963,0.6295741068180681,0.637196837007999,0.2719344611720337,-0.006871774960434763,0.00015748,0.006881704993967585,0.00081957,1,0.0
8282,0.022316066050242937,0.0001746620669299339,-1.54e-06,5.099183737297721,8.287414518368358,-25.51577890351119,1.0052136313683062,1.3886212605467814,0.12067054082980143,-76.03341643716941,-1.1573229341274334,-14.21209535910207,0.6295741068180681,69.32065251985865,0.2719344611720337,-0.004893566452358975,0.00015748,0.004896906498841688,0.00081957,1,0.0
8283,0.0008810897525292974,1.7606577606152754e-05,-1.54e-06,5.099183737297721,8.287414518368358,58.783903335949155,1.0052136313683062,4.069439246097854,0.12067054082980143,-31.57302566858811,-1.1573229341274334,-60.09546477095991,0.6295741068180681,5.527728827436504,0.2719344611720337,-0.002070122138357115,0.00015748,0.002069241245623995,0.00081957,1,0.0
8284,0.00012442051518976593,0.0005391216423460491,-1.54e-06,5.099183737297721,8.287414518368358,1.9307979152612345,1.0052136313683062,-6.459955220960466,0.12067054082980143,-26.688455084043095,-1.1573229341274334,65.00741470874279,0.6295741068180681,40.37886655253837,0.2719344611720337,-0.007325450287155321,0.00015748,0.007332662106081616,0.00081957,1,0.0
8285,0.026016266604825915,0.00010595696946725875,-1.54e-06,5.099183737297721,8.287414518368358,-65.941078910228,1.0052136313683062,-0.01718832872291841,0.12067054082980143,-46.942425709297964,-1.1573229341274334,-13.167463907181794,0.6295741068180681,59.89629552059932,0.2719344611720337,-0.0031831401720023495,0.00015748,0.003177435486657295,0.00081957,1,0.0
8286,0.01693657299726052,8.70803959616273e-06,-1.54e-06,5.099183737297721,8.287414518368358,-11.967316537766388,1.0052136313683062,3.7557773755093207,0.12067054082980143,-47.60216553817467,-1.1573229341274334,-46.45748371550169,0.6295741068180681,36.116858217593816,0.2719344611720337,-0.00203643227123777,0.00015748,0.002036699193794993,0.00081957,1,0.0
8287,0.024399366975734707,9.515551597293797e-05,-1.54e-06,5.099183737297721,8.287414518368358,18.573291816695527,1.0052136313683062,5.402221355325167,0.12067054082980143,-92.09720347048464,-1.1573229341274334,-81.32557673300771,0.6295741068180681,66.3677082525878,0.2719344611720337,-0.0049843478411623985,0.00015748,0.004985066961730842,0.00081957,1,0.0
8288,1.096095449719045e-05,0.0005349464998692948,-1.54e-06,5.099183737297721,8.287414518368358,90.33811105632003,1.0052136313683062,-2.788152789632473,0.12067054082980143,-17.57699409968274,-1.1573229341274334,-50.810118243398264,0.6295741068180681,15.857032640918794,0.2719344611720337,-0.005709004006832004,0.00015748,0.006194172390497387,0.00081957,1,0.0
8289,-2.2308432149429486e-06,0.0005579048712898418,-1.54e-06,5.099183737297721,8.287414518368358,45.0295747150516,1.0052136313683062,1.3448567375069773,0.12067054082980143,-16.055646308918103,-1.1573229341274334,-2.671711693422931,0.6295741068180681,0.5399418080211864,0.2719344611720337,-0.00018000232895426288,0.00015748,0.001284648502678302,0.00081957,1,0.0
8290,0.00022780580926253478,0.00036742606719928554,-1.54e-06,5.099183737297721,8.287414518368358,33.45831054394561,1.0052136313683062,1.0551932536392008,0.12067054082980143,-14.112344467835172,-1.1573229341274334,-4.206777656368179,0.6295741068180681,2.20221311282734,0.2719344611720337,-0.0003593903888560604,0.00015748,0.0010908799818829173,0.00081957,1,0.0
8291,0.019889305425840484,0.00037062102814260426,-1.54e-06,5.099183737297721,8.287414518368358,-13.717935816366047,1.0052136313683062,-5.152403287755205,0.12067054082980143,-4.756499853005217,-1.1573229341274334,-57.29925631917201,0.6295741068180681,40.75346896604321,0.2719344611720337,-0.006073598705399567,0.00015748,0.006083787526708645,0.00081957,1,0.0
8292,0.031147241314488254,2.1431279639424394e-05,-1.54e-06,5.099183737297721,8.287414518368358,-96.50784212373024,1.0052136313683062,3.1592360367609187,0.12067054082980143,-65.11475752233606,-1.1573229341274334,-3.419094355587927,0.6295741068180681,67.51586899231056,0.2719344611720337,-0.0018010496811896935,0.00015748,0.0018071736512735186,0.00081957,1,0.0
8293,0.023215825228897716,3.90698702123458e-05,-1.54e-06,5.099183737297721,8.287414518368358,-0.45941666085026167,1.0052136313683062,7.9792134166126685,0.12067054082980143,-83.23994167906447,-1.1573229341274334,-78.060981454976,0.6295741068180681,51.20287015387488,0.2719344611720337,-0.0037076385452734168,0.00015748,0.0037053271943120842,0.00081957,1,0.0
8294,1.7649921724618295e-06,0.0009201444005670822,-1.54e-06,5.099183737297721,8.287414518368358,38.53332658769942,1.0052136313683062,-1.25001641789618,0.12067054082980143,-70.99518850400835,-1.1573229341274334,85.99601372532254,0.6295741068180681,46.62256541841103,0.2719344611720337,-0.005310427706996068,0.00015748,0.006526132969758816,0.00081957,1,0.0
8295,0.016322490849566614,0.000206775786921158,-1.54e-06,5.099183737297721,8.287414518368358,-23.69964477304344,1.0052136313683062,-2.2654511854942516,0.12067054082980143,-33.207284634080935,-1.1573229341274334,-11.15515036693052,0.6295741068180681,47.09854964339684,0.2719344611720337,-0.004656959720236361,0.00015748,0.004656296729274666,0.00081957,1,0.0
8296,0.0004803913327851017,0.0010191076611853,-1.54e-06,5.099183737297721,8.287414518368358,13.98749343423667,1.0052136313683062,-8.032457967337647,0.12067054082980143,-44.94234494183291,-1.1573229341274334,79.44185548850147,0.6295741068180681,57.92509776110397,0.2719344611720337,-0.010144566167614066,0.00015748,0.01016383902015314,0.00081957,1,0.0
8297,0.019078512879960603,0.0006105130008906435,-1.54e-06,5.099183737297721,8.287414518368358,-0.8971109501360226,1.0052136313683062,-5.082853805817405,0.12067054082980143,-33.47529827061372,-1.1573229341274334,-35.88500445947935,0.6295741068180681,58.641388270708674,0.2719344611720337,-0.00803487982840441,0.00015748,0.008031736814508687,0.00081957,1,0.0
8298,0.01139984672952838,0.0015366688574202894,-1.54e-06,5.099183737297721,8.287414518368358,78.70003345774445,1.0052136313683062,-5.903099080075467,0.12067054082980143,-78.95215270733542,-1.1573229341274334,-28.772673320567815,0.6295741068180681,81.24861175874398,0.2719344611720337,-0.013269023962387301,0.00015748,0.013273817219122278,0.00081957,1,0.0
8299,0.00043799160473420584,0.0023136691786681783,-1.54e-06,5.099183737297721,8.287414518368358,45.88267816594036,1.0052136313683062,-12.40388695285478,0.12067054082980143,-21.903332309926135,-1.1573229341274334,86.06680997648319,0.6295741068180681,51.785722259246036,0.2719344611720337,-0.012408546634612319,0.00015748,0.013683328460279425,0.00081957,1,0.0
8300,0.0008684939422285848,0.03429653626463758,-1.54e-06,3.2276756328829896,3.844279185449999,-2.34328685160785,1.0052136313683062,0.7038909966936313,0.12067054082980143,-61.008974637590505,-1.1573229341274334,54.72423649195667,0.6295741068180681,41.487426161220526,0.2719344611720337,-0.07422730218968088,0.00015748,0.09022896970155925,0.00081957,1,0.0
8301,0.005068582921936071,0.09127428958040285,-1.54e-06,3.2276756328829896,3.844279185449999,-20.065482064461428,1.0052136313683062,-7.022333750484479,0.12067054082980143,-26.998040927455264,-1.1573229341274334,56.171068678562456,0.6295741068180681,38.07858176138737,0.2719344611720337,-0.13871488881072855,0.00015748,0.15284559773515558,0.00081957,1,0.0
8302,0.44526338154901385,0.4565847225727852,-1.54e-06,3.2276756328829896,3.844279185449999,78.09507625705857,1.0052136313683062,-5.003772639185092,0.12067054082980143,-45.97296136756359,-1.1573229341274334,-13.99638721688156,0.6295741068180681,61.26880485876826,0.2719344611720337,-0.17715174494027286,0.00015748,0.41167310763186693,0.00081957,1,0.0
8303,0.3293653061157439,0.18756656229665614,-1.54e-06,3.2276756328829896,3.844279185449999,-2.522812449712223,1.0052136313683062,-2.910495221821245,0.12067054082980143,-56.48422172607563,-1.1573229341274334,0.841879550205624,0.6295741068180681,78.02573339223392,0.2719344611720337,-0.18246525822294496,0.00015748,0.22763974348015048,0.00081957,1,0.0
8304,0.006135027004349092,0.05639011802330848,-1.54e-06,3.2276756328829896,3.844279185449999,36.76188447462236,1.0052136313683062,1.828796248202776,0.12067054082980143,-60.657372657090356,-1.1573229341274334,32.054532343209985,0.6295741068180681,32.41440085132515,0.2719344611720337,-0.09423460856267793,0.00015748,0.12504579069226057,0.00081957,1,0.0
8305,0.44231303216090856,0.021430178891003855,-1.54e-06,3.2276756328829896,3.844279185449999,-49.20215554822589,1.0052136313683062,10.007404963574764,0.12067054082980143,-84.54971966294056,-1.1573229341274334,-21.043439330173396,0.6295741068180681,89.88515650194243,0.2719344611720337,-0.07806259726548609,0.00015748,0.07813673135522048,0.00081957,1,0.0
8306,0.00660074203490757,0.0013949522410190984,-1.54e-06,3.2276756328829896,3.844279185449999,-38.442788816621565,1.0052136313683062,2.835920033387484,0.12067054082980143,-56.21735304557377,-1.1573229341274334,60.07098910523896,0.6295741068180681,40.06356582329529,0.2719344611720337,-0.0192589096847028,0.00015748,0.019419866567556773,0.00081957,1,0.0
8307,0.35996248371052236,0.014448777167202177,-1.54e-06,3.2276756328829896,3.844279185449999,-10.057894402168776,1.0052136313683062,5.760647442884876,0.12067054082980143,-23.56765461686348,-1.1573229341274334,-65.70539400968917,0.6295741068180681,41.81298240800224,0.2719344611720337,-0.04857919726285365,0.00015748,0.048667612975337844,0.00081957,1,0.0
8308,0.0004987112817946837,0.046530542326151156,-1.54e-06,3.2276756328829896,3.844279185449999,63.564875608634864,1.0052136313683062,6.954721056467564,0.12067054082980143,-51.563525080082854,-1.1573229341274334,18.584130833593427,0.6295741068180681,4.229954201230084,0.2719344611720337,0.0283143614291426,0.00015748,0.0726806822131395,0.00081957,0,0.0
8309,0.1295879267949801,0.07094872463257443,-1.54e-06,3.2276756328829896,3.844279185449999,-44.48587152741281,1.0052136313683062,8.229966058462427,0.12067054082980143,-23.83557594227831,-1.1573229341274334,-3.7363549221541232,0.6295741068180681,17.765860720620363,0.2719344611720337,-0.13953429877801848,0.00015748,0.13844210800319984,0.00081957,1,0.0
8310,0.1802611889767983,0.005955087328798486,-1.54e-06,3.2276756328829896,3.844279185449999,-33.40529983215641,1.0052136313683062,6.391238622141399,0.12067054082980143,-74.31843022065395,-1.1573229341274334,26.00362284335498,0.6295741068180681,61.864974263330645,0.2719344611720337,-0.05195536576017012,0.00015748,0.052013328412855435,0.00081957,1,0.0
8311,0.3861014728257,0.027118845664765606,-1.54e-06,3.2276756328829896,3.844279185449999,-3.1880062323662934,1.0052136313683062,9.466559355270771,0.12067054082980143,-31.29218006502582,-1.1573229341274334,-77.99857218428899,0.6295741068180681,40.2712360647209,0.2719344611720337,-0.07485790231520512,0.00015748,0.07727468147805583,0.00081957,1,0.0
8312,0.11397539544172397,0.009290695545134476,-1.54e-06,3.2276756328829896,3.844279185449999,-21.63826451722091,1.0052136313683062,7.7698049244331155,0.12067054082980143,-92.29135861156715,-1.1573229341274334,44.290566185831615,0.6295741068180681,63.106470469940355,0.2719344611720337,-0.0655914266040325,0.00015748,0.06594274210919887,0.00081957,1,0.0
8313,0.22737654220186304,0.19018629679489743,-1.54e-06,3.2276756328829896,3.844279185449999,6.796602934138841,1.0052136313683062,-1.1180149296637547,0.12067054082980143,-86.37640596475484,-1.1573229341274334,49.69701915103581,0.6295741068180681,80.51487478672803,0.2719344611720337,-0.15220425096182083,0.00015748,0.23833917337078542,0.00081957,1,0.0
8314,0.01023331264906785,0.008512863020737293,-1.54e-06,3.2276756328829896,3.844279185449999,53.23544034421608,1.0052136313683062,6.0726961519068565,0.12067054082980143,-34.91335421671013,-1.1573229341274334,-20.751336607470616,0.6295741068180681,4.396946998319123,0.2719344611720337,-0.06187862894056516,0.00015748,0.061993877458501975,0.00081957,1,0.0
8315,0.43987171012166193,0.24621441892371576,-1.54e-06,3.2276756328829896,3.844279185449999,67.67406714661355,1.0052136313683062,1.8920745554288552,0.12067054082980143,-63.24536768310005,-1.1573229341274334,-28.243127017132327,0.6295741068180681,62.7744079186778,0.2719344611720337,-0.1069610255104504,0.00015748,0.2866046773079345,0.00081957,1,0.0
8316,0.004763667115637693,0.005449080611650416,-1.54e-06,3.2276756328829896,3.844279185449999,6.8627643435688155,1.0052136313683062,4.5001613447291104,0.12067054082980143,-27.233340729469404,-1.1573229341274334,5.606114874909507,0.6295741068180681,8.608075874740912,0.2719344611720337,-0.04048566322614517,0.00015748,0.040973506463297234,0.00081957,1,0.0
8317,0.1952858635070306,0.004132521457930129,-1.54e-06,3.2276756328829896,3.844279185449999,-88.12187083346734,1.0052136313683062,4.277031673161206,0.12067054082980143,-69.72734723826133,-1.1573229341274334,56.91769478914412,0.6295741068180681,72.85801999727828,0.2719344611720337,-0.0347700673393372,0.00015748,0.03512924125717319,0.00081957,1,0.0
8318,0.0004225502570530115,0.01889019356511482,-1.54e-06,3.2276756328829896,3.844279185449999,11.328852667279044,1.0052136313683062,2.3709384768754522,0.12067054082980143,-36.99539757433427,-1.1573229341274334,28.633814451518624,0.6295741068180681,16.86765540184415,0.2719344611720337,-0.0054838293439423876,0.00015748,0.04072817927033516,0.00081957,1,0.0
8319,0.0009830677037374613,0.05181948529556222,-1.54e-06,3.2276756328829896,3.844279185449999,97.34904419671881,1.0052136313683062,10.774738763466937,0.12067054082980143,-10.04854976124455,-1.1573229341274334,-65.99143754560907,0.6295741068180681,-34.51475776120956,0.2719344611720337,-0.07486000841572539,0.00015748,0.1120861260274167,0.00081957,1,0.0
8320,0.42701057294458694,0.05848153242924406,-1.54e-06,3.2276756328829896,3.844279185449999,-86.97773131431154,1.0052136313683062,5.146992979837371,0.12067054082980143,-0.33912415482006447,-1.1573229341274334,-52.082897659662166,0.6295741068180681,44.423600913233656,0.2719344611720337,-0.10360800988112696,0.00015748,0.10395568563167205,0.00081957,1,0.0
8321,0.14229523604641636,0.07528506160460821,-1.54e-06,3.2276756328829896,3.844279185449999,61.30188113607905,1.0052136313683062,1.3411139697872911,0.12067054082980143,-35.3001137614478,-1.1573229341274334,-39.84507039511359,0.6295741068180681,27.88097011427396,0.2719344611720337,-0.15378101468711908,0.00015748,0.15551864101559965,0.00081957,1,0.0
8322,0.0558438032865205,0.003120417819427003,-1.54e-06,3.2276756328829896,3.844279185449999,-11.069860798083873,1.0052136313683062,4.810031929909291,0.12067054082980143,-46.126180626062066,-1.1573229341274334,20.001081719269443,0.6295741068180681,29.321991636270297,0.2719344611720337,-0.037554977529929465,0.00015748,0.03756491853439099,0.00081957,1,0.0
8323,0.25644277611487354,0.02909490852960759,-1.54e-06,3.2276756328829896,3.844279185449999,-31.153570232727002,1.0052136313683062,6.165998041517033,0.12067054082980143,-10.089072592006307,-1.1573229341274334,-43.705895593780554,0.6295741068180681,23.619915088181614,0.2719344611720337,-0.0799790249034496,0.00015748,0.08014816257811813,0.00081957,1,0.0
8324,0.6684616828682681,0.044188480177383076,-1.54e-06,3.2276756328829896,3.844279185449999,-88.0560401637892,1.0052136313683062,6.360548561002069,0.12067054082980143,-36.4966611835711,-1.1573229341274334,-75.78883395288175,0.6295741068180681,92.49146016244696,0.2719344611720337,-0.04336797087405445,0.00015748,0.04329978323040188,0.00081957,1,0.0
8325,0.0013416150448751774,0.06209744890099719,-1.54e-06,3.2276756328829896,3.844279185449999,41.14419519240755,1.0052136313683062,4.233207932372256,0.12067054082980143,-53.297686686557185,-1.1573229341274334,51.680234323650694,0.6295741068180681,12.388148155676848,0.2719344611720337,0.04679694414630259,0.00015748,0.0902588477367435,0.00081957,0,0.0
8326,0.2276624325446852,0.016148133574576874,-1.54e-06,3.2276756328829896,3.844279185449999,7.938641076359648,1.0052136313683062,9.077424074393019,0.12067054082980143,-44.37697575951603,-1.1573229341274334,-39.67966402074952,0.6295741068180681,32.871589874174475,0.2719344611720337,-0.07261785430912927,0.00015748,0.07403455049050796,0.00081957,1,0.0
8327,0.3871287381645561,0.4456273309676121,-1.54e-06,3.2276756328829896,3.844279185449999,60.32431008547605,1.0052136313683062,-6.369803888139147,0.12067054082980143,-47.7829391038291,-1.1573229341274334,26.785503297944203,0.6295741068180681,59.2653960764434,0.2719344611720337,-0.14407725243901534,0.00015748,0.4195624830785476,0.00081957,1,0.0
8328,0.12260655620737115,0.0032246378338891516,-1.54e-06,3.2276756328829896,3.844279185449999,-37.07187674245714,1.0052136313683062,5.114686378670908,0.12067054082980143,-67.97146342762194,-1.1573229341274334,38.43278977085935,0.6295741068180681,54.90168470271471,0.2719344611720337,-0.03929097202626679,0.00015748,0.03928817138269504,0.00081957,1,0.0
8329,0.24492747647712143,0.21847366036710697,-1.54e-06,3.2276756328829896,3.844279185449999,59.969829864413896,1.0052136313683062,2.6370234695097294,0.12067054082980143,-99.818272413183,-1.1573229341274334,56.39826661054695,0.6295741068180681,65.9471836850564,0.2719344611720337,-0.06978764007585465,0.00015748,0.2838462209031717,0.00081957,1,0.0
8330,0.12893607980209726,0.008844428432030621,-1.54e-06,3.2276756328829896,3.844279185449999,50.93881457027809,1.0052136313683062,6.470100189226516,0.12067054082980143,-24.750597599611407,-1.1573229341274334,-53.817766588917735,0.6295741068180681,8.622345450730055,0.2719344611720337,-0.06531402010641865,0.00015748,0.06544655716355399,0.00081957,1,0.0
8331,0.0005172160315054936,0.11103774158823422,-1.54e-06,3.2276756328829896,3.844279185449999,51.084690704472614,1.0052136313683062,1.8261905130808607,0.12067054082980143,-40.89929810478095,-1.1573229341274334,72.4089626346375,0.6295741068180681,0.34062315652714725,0.2719344611720337,0.04058501435477413,0.00015748,0.19181929370525763,0.00081957,0,0.0
8332,0.06114894624073919,0.02092551435130828,-1.54e-06,3.2276756328829896,3.844279185449999,56.76299828295123,1.0052136313683062,10.40252365380378,0.12067054082980143,-74.79117620705341,-1.1573229341274334,-12.122694345471762,0.6295741068180681,27.723865673123928,0.2719344611720337,-0.09856847634756456,0.00015748,0.098822299557084,0.00081957,1,0.0
8333,9.011503986849911e-05,0.06233932941404413,-1.54e-06,3.2276756328829896,3.844279185449999,-56.36614812231914,1.0052136313683062,-8.066311281672162,0.12067054082980143,-17.341063840613497,-1.1573229341274334,77.2960793362384,0.6295741068180681,37.32841868994088,0.2719344611720337,-0.09737855361555679,0.00015748,0.12395405783539874,0.00081957,1,0.0
8334,0.06226720835791408,0.014739753735901567,-1.54e-06,3.2276756328829896,3.844279185449999,24.021001805128616,1.0052136313683062,5.360919897324256,0.12067054082980143,-0.8084323639770197,-1.1573229341274334,-40.910151628815434,0.6295741068180681,-8.940964572690499,0.2719344611720337,-0.060803386938800524,0.00015748,0.060519556770741084,0.00081957,1,0.0
8335,0.25193967092361935,0.009123754343044887,-1.54e-06,3.2276756328829896,3.844279185449999,-90.12279009246534,1.0052136313683062,-1.1175345431231494,0.12067054082980143,-12.816855284208334,-1.1573229341274334,13.510885985392449,0.6295741068180681,50.528961696704556,0.2719344611720337,-0.025125877867956746,0.00015748,0.025254778853429707,0.00081957,1,0.0
8336,0.001625415366213634,0.10689739763246985,-1.54e-06,3.2276756328829896,3.844279185449999,-14.724817857007881,1.0052136313683062,12.346338285380615,0.12067054082980143,-63.69075553962944,-1.1573229341274334,40.875548821930636,0.6295741068180681,16.36726285933756,0.2719344611720337,-0.1375238879689498,0.00015748,0.1782325414376891,0.00081957,1,0.0
8337,0.012810417814362984,0.0012184790704781346,-1.54e-06,3.2276756328829896,3.844279185449999,-52.56089606392732,1.0052136313683062,-1.5625036482792425,0.12067054082980143,-14.284244674493264,-1.1573229341274334,44.12766723258525,0.6295741068180681,22.780074416823375,0.2719344611720337,-0.023821912441744884,0.00015748,0.02383952303973467,0.00081957,1,0.0
8338,-0.00023716292651509985,0.061219320624935056,-1.54e-06,3.2276756328829896,3.844279185449999,53.94183171288617,1.0052136313683062,1.466189599402389,0.12067054082980143,-4.085911544883002,-1.1573229341274334,7.878386952296519,0.6295741068180681,-17.79601303570606,0.2719344611720337,0.027761943459197726,0.00015748,0.09861360888483672,0.00081957,0,0.0
8339,0.13551149180967925,0.14129583743887003,-1.54e-06,3.2276756328829896,3.844279185449999,27.34881305097292,1.0052136313683062,17.566298948878405,0.12067054082980143,-51.32586188607221,-1.1573229341274334,-49.628492384691405,0.6295741068180681,6.196738596544867,0.2719344611720337,-0.19794968874952812,0.00015748,0.19600027620318106,0.00081957,1,0.0
8340,0.28842806904482843,0.3821714062703645,-1.54e-06,3.2276756328829896,3.844279185449999,36.779687250650746,1.0052136313683062,-3.948418420294037,0.12067054082980143,-91.699063702036,-1.1573229341274334,91.47725873335571,0.6295741068180681,78.47083571930402,0.2719344611720337,-0.11650665925890091,0.00015748,0.3929682172884795,0.00081957,1,0.0
8341,-3.9391842225011686e-05,0.056538451443409535,-1.54e-06,3.2276756328829896,3.844279185449999,58.006090330614036,1.0052136313683062,10.770259595013542,0.12067054082980143,-87.22923940601845,-1.1573229341274334,46.283195594984136,0.6295741068180681,20.57378731156034,0.2719344611720337,0.014382381613064966,0.00015748,0.10256849883287958,0.00081957,0,0.0
8342,0.24615658489479617,0.020805312730868847,-1.54e-06,3.2276756328829896,3.844279185449999,-4.7484857417446085,1.0052136313683062,7.889780632094001,0.12067054082980143,-84.58573633920581,-1.1573229341274334,0.32097133857633753,0.6295741068180681,68.25750711096693,0.2719344611720337,-0.08938269505770287,0.00015748,0.09112794420431171,0.00081957,1,0.0
8343,0.0009173472349320432,0.008550612262574751,-1.54e-06,3.2276756328829896,3.844279185449999,-26.825420083765156,1.0052136313683062,-0.2050146420874075,0.12067054082980143,-11.214445066112546,-1.1573229341274334,30.126916930937163,0.6295741068180681,11.364431939348615,0.2719344611720337,-0.014998215228392009,0.00015748,0.03003802078954973,0.00081957,1,0.0
8344,0.0006796034195168943,1.0089989691295334,-1.54e-06,3.2276756328829896,3.844279185449999,78.76713737075606,1.0052136313683062,34.117999794403495,0.12067054082980143,-84.56739273240717,-1.1573229341274334,31.346477035625846,0.6295741068180681,-53.212781760292444,0.2719344611720337,-0.3343897502568946,0.00015748,0.6463050936268449,0.00081957,1,0.0
8345,0.26490057163641934,0.2573335945376809,-1.54e-06,3.2276756328829896,3.844279185449999,-9.461493428401342,1.0052136313683062,-4.407969769613515,0.12067054082980143,-78.21398237927639,-1.1573229341274334,73.21537495988981,0.6295741068180681,83.72894066388096,0.2719344611720337,-0.13808354515976506,0.00015748,0.2868255644954803,0.00081957,1,0.0
8346,0.3473667742914519,0.17566681467916037,-1.54e-06,3.2276756328829896,3.844279185449999,-56.36467834444792,1.0052136313683062,14.560649624253443,0.12067054082980143,-29.819098916390978,-1.1573229341274334,-54.26997951894368,0.6295741068180681,31.27959540352042,0.2719344611720337,-0.21453012174547081,0.00015748,0.21418560172854673,0.00081957,1,0.0
8347,0.3717351641191474,0.0705432485356208,-1.54e-06,3.2276756328829896,3.844279185449999,78.02063792465482,1.0052136313683062,11.762244315147159,0.12067054082980143,-82.28736465336351,-1.1573229341274334,-87.08333247658281,0.6295741068180681,58.57190036042905,0.2719344611720337,-0.17039790428114499,0.00015748,0.17164959543696956,0.00081957,1,0.0
8348,0.16473738437327504,0.002919735124652989,-1.54e-06,3.2276756328829896,3.844279185449999,-29.216483093996537,1.0052136313683062,3.1360362609299584,0.12067054082980143,-26.866779169921717,-1.1573229341274334,-3.6381906453970134,0.6295741068180681,33.08032769297915,0.2719344611720337,-0.023082217980501352,0.00015748,0.0232437198209763,0.00081957,1,0.0
8349,0.0054779951692665585,0.0015560510031224968,-1.54e-06,3.2276756328829896,3.844279185449999,-37.03957898525659,1.0052136313683062,2.585753285595596,0.12067054082980143,-57.0877402836796,-1.1573229341274334,60.8290436659758,0.6295741068180681,40.96348629379545,0.2719344611720337,-0.018541276806638834,0.00015748,0.018581362219169104,0.00081957,1,0.0
8350,0.23821074585349106,0.04933204410555928,-1.54e-06,3.2276756328829896,3.844279185449999,-53.75556332577353,1.0052136313683062,-0.24175933882359218,0.12067054082980143,-68.045989688799,-1.1573229341274334,39.853170046689996,0.6295741068180681,81.22755805089855,0.2719344611720337,-0.10182728952317018,0.00015748,0.10694217095757151,0.00081957,1,0.0
8351,0.21893316814724553,0.12818249692716566,-1.54e-06,3.2276756328829896,3.844279185449999,8.290646090738242,1.0052136313683062,-0.9337977494879148,0.12067054082980143,-64.02181479828408,-1.1573229341274334,4.777935613808194,0.6295741068180681,69.3295117576811,0.2719344611720337,-0.18839754492295444,0.00015748,0.1896893507097995,0.00081957,1,0.0
8352,0.0005610521408747349,0.04164621586522925,-1.54e-06,3.2276756328829896,3.844279185449999,-25.170530734259582,1.0052136313683062,-2.2976320121208094,0.12067054082980143,-25.383144496000902,-1.1573229341274334,63.473492329891094,0.6295741068180681,22.099514800127242,0.2719344611720337,-0.016662862289957933,0.00015748,0.08529348800197313,0.00081957,1,0.0
8353,0.0008311129910796855,0.038126078783676125,-1.54e-06,3.2276756328829896,3.844279185449999,65.79052505986111,1.0052136313683062,6.006897936597783,0.12067054082980143,-63.8891183619791,-1.1573229341274334,7.799962183373465,0.6295741068180681,20.283012129863558,0.2719344611720337,-0.07657608139824824,0.00015748,0.10782654224772421,0.00081957,1,0.0
8354,0.07995792058157491,0.05863641245848873,-1.54e-06,3.2276756328829896,3.844279185449999,95.9644165779103,1.0052136313683062,14.396958068298082,0.12067054082980143,-26.564493126114442,-1.1573229341274334,-88.8252951139734,0.6295741068180681,-20.147138274128224,0.2719344611720337,-0.13006194843507884,0.00015748,0.13254406678671543,0.00081957,1,0.0
8355,0.19943853306032647,0.012576472284161056,-1.54e-06,3.2276756328829896,3.844279185449999,-0.6805271982608497,1.0052136313683062,4.066108536798519,0.12067054082980143,-44.97246275212093,-1.1573229341274334,-15.262240980971233,0.6295741068180681,43.395916741683614,0.2719344611720337,-0.06516744291784077,0.00015748,0.06525791521123003,0.00081957,1,0.0
8356,0.015836733159297567,0.03995642378780414,-1.54e-06,3.2276756328829896,3.844279185449999,75.78987140174078,1.0052136313683062,11.390377304866112,0.12067054082980143,-23.304292429702002,-1.1573229341274334,-58.994850084408036,0.6295741068180681,-18.963312305606667,0.2719344611720337,-0.10739810861826586,0.00015748,0.10726598233873201,0.00081957,1,0.0
8357,0.1233958252704605,0.006753183090358766,-1.54e-06,3.2276756328829896,3.844279185449999,0.5874503410133763,1.0052136313683062,6.8660858225268955,0.12067054082980143,-49.68595886692777,-1.1573229341274334,-3.5716621097107057,0.6295741068180681,32.328863958657045,0.2719344611720337,-0.0548104864829138,0.00015748,0.05490568863274124,0.00081957,1,0.0
8358,0.270866308198619,0.012918759671098339,-1.54e-06,3.2276756328829896,3.844279185449999,-61.24077936796349,1.0052136313683062,2.7668854331654393,0.12067054082980143,-14.107756991369838,-1.1573229341274334,-16.7803745455341,0.6295741068180681,40.22962237131402,0.2719344611720337,-0.0418015957726428,0.00015748,0.04172309825679706,0.00081957,1,0.0
8359,0.17224295576403326,0.08314370293653595,-1.54e-06,3.2276756328829896,3.844279185449999,-46.187863961479664,1.0052136313683062,-5.212090618986164,0.12067054082980143,-39.368544415844234,-1.1573229341274334,37.273265982107596,0.6295741068180681,64.68270950306493,0.2719344611720337,-0.14188846313250844,0.00015748,0.14197916648555767,0.00081957,1,0.0
8360,0.32247912415624375,0.38274900731218353,-1.54e-06,3.2276756328829896,3.844279185449999,82.1569732953152,1.0052136313683062,-4.752148096964806,0.12067054082980143,-44.82880982689924,-1.1573229341274334,6.149312395958143,0.6295741068180681,47.1294747409509,0.2719344611720337,-0.1527294126857981,0.00015748,0.3819133487413514,0.00081957,1,0.0
8361,0.0004880804351476975,0.3404700613957915,-1.54e-06,3.2276756328829896,3.844279185449999,45.19205170989604,1.0052136313683062,24.008172150861643,0.12067054082980143,-63.57179935607621,-1.1573229341274334,-37.90842846129648,0.6295741068180681,-16.522245533702275,0.2719344611720337,-0.30277610843087593,0.00015748,0.3034750968667365,0.00081957,1,0.0
8362,0.24684844247910326,0.005806854557404536,-1.54e-06,3.2276756328829896,3.844279185449999,-78.02147173229224,1.0052136313683062,6.564926377870886,0.12067054082980143,-94.03911986694857,-1.1573229341274334,53.99535666409182,0.6295741068180681,88.88177518509302,0.2719344611720337,-0.04626911089166363,0.00015748,0.04629576520647521,0.00081957,1,0.0
8363,0.05843811825125644,0.0058217501877257365,-1.54e-06,3.2276756328829896,3.844279185449999,46.44867643496979,1.0052136313683062,5.457764689059924,0.12067054082980143,-22.91615465612376,-1.1573229341274334,-35.19305417164285,0.6295741068180681,3.100929882006481,0.2719344611720337,-0.053437824480599305,0.00015748,0.053477653452906726,0.00081957,1,0.0
8364,0.012528557300129445,0.0021565454920699644,-1.54e-06,3.2276756328829896,3.844279185449999,16.949538439730453,1.0052136313683062,3.155576496806143,0.12067054082980143,-25.150956182807896,-1.1573229341274334,-0.24526149819109572,0.6295741068180681,9.612022701382875,0.2719344611720337,-0.031132770095282206,0.00015748,0.031129962759178707,0.00081957,1,0.0
8365,0.0009104618307018003,0.09679807087156338,-1.54e-06,3.2276756328829896,3.844279185449999,39.21912670150167,1.0052136313683062,1.3660030330200608,0.12067054082980143,-49.51632661415532,-1.1573229341274334,74.95581104029816,0.6295741068180681,12.379330587197602,0.2719344611720337,0.027764471136865837,0.00015748,0.16464093124740517,0.00081957,0,0.0
8366,0.2582746418120121,0.021431433309933162,-1.54e-06,3.2276756328829896,3.844279185449999,-13.26602113104164,1.0052136313683062,4.474637046508786,0.12067054082980143,-60.35529945519494,-1.1573229341274334,-8.536305859340828,0.6295741068180681,61.3155476068548,0.2719344611720337,-0.08085263846813048,0.00015748,0.08129289124626876,0.00081957,1,0.0
8367,0.10893166130835821,0.005575604129254671,-1.54e-06,3.2276756328829896,3.844279185449999,-99.68968439178175,1.0052136313683062,-3.341495593096105,0.12067054082980143,-21.885329193321326,-1.1573229341274334,62.60339880354751,0.6295741068180681,48.985713645982585,0.2719344611720337,-0.037774173228233364,0.00015748,0.037830203900123725,0.00081957,1,0.0
8368,7.433165228742933e-05,0.07373478262216636,-1.54e-06,3.2276756328829896,3.844279185449999,70.4398752567293,1.0052136313683062,5.040604590968069,0.12067054082980143,-45.454052166535014,-1.1573229341274334,35.80039319145617,0.6295741068180681,-1.7845103165670686,0.2719344611720337,0.06004926613882243,0.00015748,0.10756073840639087,0.00081957,0,0.0
8369,-2.6667839997662757e-05,0.045112461169749096,-1.54e-06,3.2276756328829896,3.844279185449999,89.09388253507143,1.0052136313683062,7.80345568322598,0.12067054082980143,-47.682282996218355,-1.1573229341274334,-4.955967586413931,0.6295741068180681,-3.5004338366686545,0.2719344611720337,0.002339149916141099,0.00015748,0.08857672069881034,0.00081957,0,0.0
8370,0.019972375840434084,0.0005310818605987401,-1.54e-06,3.2276756328829896,3.844279185449999,-8.82699474045003,1.0052136313683062,1.7862489343667052,0.12067054082980143,-23.928170100197256,-1.1573229341274334,15.949211403843817,0.6295741068180681,16.386540100568535,0.2719344611720337,-0.014197086986802106,0.00015748,0.014141546188320291,0.00081957,1,0.0
8371,0.3081949029822991,0.011400570802633816,-1.54e-06,3.2276756328829896,3.844279185449999,-0.9287236904262076,1.0052136313683062,5.568766967243164,0.12067054082980143,-19.10622179017726,-1.1573229341274334,-63.345190922033204,0.6295741068180681,32.44334976283448,0.2719344611720337,-0.046282276218783926,0.00015748,0.04636746741977497,0.00081957,1,0.0
8372,0.0005157640691885457,0.006856884076735145,-1.54e-06,3.2276756328829896,3.844279185449999,25.4761389201319,1.0052136313683062,2.782186778920943,0.12067054082980143,-31.7607481206032,-1.1573229341274334,4.052347298805063,0.6295741068180681,12.702569262093498,0.2719344611720337,-0.0475379820213853,0.00015748,0.04857761607891191,0.00081957,1,0.0
8373,0.13931810973748004,0.6254424896505102,-1.54e-06,3.2276756328829896,3.844279185449999,35.599159255871,1.0052136313683062,32.10405715708755,0.12067054082980143,-78.37842822864022,-1.1573229341274334,-70.92166390506937,0.6295741068180681,-9.079385866059207,0.2719344611720337,-0.41213921865345826,0.00015748,0.4125493358113619,0.00081957,1,0.0
8374,0.2727368375628068,0.013527564654701854,-1.54e-06,3.2276756328829896,3.844279185449999,-2.7087560085462106,1.0052136313683062,8.872305553975293,0.12067054082980143,-65.4447655029217,-1.1573229341274334,-25.440712230350183,0.6295741068180681,54.75785341675476,0.2719344611720337,-0.07547533116562787,0.00015748,0.0754466515900906,0.00081957,1,0.0
8375,0.07490471655273911,0.08520077022146122,-1.54e-06,3.2276756328829896,3.844279185449999,81.97722426475072,1.0052136313683062,16.09555166794747,0.12067054082980143,-37.96914302410876,-1.1573229341274334,-74.23797187294055,0.6295741068180681,-14.489886391768323,0.2719344611720337,-0.15292529656682533,0.00015748,0.15674108460486605,0.00081957,1,0.0
8376,0.11154593830782211,0.05257539456155936,-1.54e-06,3.2276756328829896,3.844279185449999,0.6723074104560927,1.0052136313683062,4.610613850672404,0.12067054082980143,-100.0,-1.1573229341274334,46.36429862196615,0.6295741068180681,72.55879347449215,0.2719344611720337,-0.12761653857445887,0.00015748,0.12763343979813296,0.00081957,1,0.0
8377,-0.00010058970367454734,0.3523184781063462,-1.54e-06,3.2276756328829896,3.844279185449999,100.0,1.0052136313683062,12.839273605653766,0.12067054082980143,-1e-20,-1.1573229341274334,19.756526709715068,0.6295741068180681,-71.07550173263104,0.2719344611720337,-0.0722526422467075,0.00015748,0.4277947571911692,0.00081957,1,0.0
8378,-0.0031808162852080546,0.3873044872215031,-1.54e-06,3.2276756328829896,3.844279185449999,16.61456438300707,1.0052136313683062,18.04555671233135,0.12067054082980143,-1e-20,-1.1573229341274334,-56.581630533079164,0.6295741068180681,-44.76585986618667,0.2719344611720337,-0.3149912296368053,0.00015748,0.316765040596173,0.00081957,1,0.0
8379,0.35333916638335183,0.05691179807064527,-1.54e-06,3.2276756328829896,3.844279185449999,89.6551293705238,1.0052136313683062,17.13868525895937,0.12067054082980143,-95.70745759469722,-1.1573229341274334,-93.63515332130143,0.6295741068180681,52.268915033310236,0.2719344611720337,-0.1667549934217401,0.00015748,0.1669207597317937,0.00081957,1,0.0
8380,0.010887922374475126,0.0007786622507944261,-1.54e-06,3.2276756328829896,3.844279185449999,24.96540368386791,1.0052136313683062,1.8490285671873712,0.12067054082980143,-0.6115032375435563,-1.1573229341274334,-21.34414606203875,0.6295741068180681,-6.3413418428892525,0.2719344611720337,-0.01791354402281215,0.00015748,0.018007613742180024,0.00081957,1,0.0
8381,0.4479668533065767,0.12814053695387273,-1.54e-06,3.2276756328829896,3.844279185449999,-37.705853267044965,1.0052136313683062,-4.449083153241852,0.12067054082980143,-19.473467179097565,-1.1573229341274334,-43.068988585817145,0.6295741068180681,75.29167098780613,0.2719344611720337,-0.16742143553928057,0.00015748,0.17099829698051733,0.00081957,1,0.0
8382,0.3719073663230756,0.020804074124751118,-1.54e-06,3.2276756328829896,3.844279185449999,-19.49377482296821,1.0052136313683062,10.999595768910202,0.12067054082980143,-83.02519930877614,-1.1573229341274334,-27.589860463534453,0.6295741068180681,75.01518561247046,0.2719344611720337,-0.08909678064487131,0.00015748,0.0891323582444607,0.00081957,1,0.0
8383,0.29119366154218457,0.01998918684651743,-1.54e-06,3.2276756328829896,3.844279185449999,17.369101207535202,1.0052136313683062,8.89846410509758,0.12067054082980143,-64.90282612746343,-1.1573229341274334,-41.51483502361959,0.6295741068180681,53.27618635668055,0.2719344611720337,-0.09159118965196236,0.00015748,0.09193873766235636,0.00081957,1,0.0
8384,0.46452354973953613,0.019536639157353333,-1.54e-06,3.2276756328829896,3.844279185449999,-72.30750428946764,1.0052136313683062,5.035250580369507,0.12067054082980143,-46.975591786742015,-1.1573229341274334,-29.937461659499753,0.6295741068180681,79.9967216963063,0.2719344611720337,-0.036275532207397404,0.00015748,0.03624874753482793,0.00081957,1,0.0
8385,0.3893169362834863,0.2876957982739836,-1.54e-06,3.2276756328829896,3.844279185449999,-7.013911498911928,1.0052136313683062,24.823628180640544,0.12067054082980143,-74.87138749478825,-1.1573229341274334,-82.432947168407,0.6295741068180681,37.094510664459456,0.2719344611720337,-0.2824343561791197,0.00015748,0.2814925097914144,0.00081957,1,0.0
8386,0.06373223460868246,0.0006021280317019647,-1.54e-06,3.2276756328829896,3.844279185449999,-8.742702815102177,1.0052136313683062,1.7620501295081337,0.12067054082980143,-19.251398873879637,-1.1573229341274334,2.922319825969866,0.6295741068180681,17.531891356063664,0.2719344611720337,-0.01517704448200673,0.00015748,0.015199814884358915,0.00081957,1,0.0
8387,0.46560574831522494,0.24433499983931675,-1.54e-06,3.2276756328829896,3.844279185449999,-46.87075704798282,1.0052136313683062,20.613975522374446,0.12067054082980143,-56.37436190403827,-1.1573229341274334,-78.96700997142051,0.6295741068180681,47.05598643241386,0.2719344611720337,-0.2546286616727815,0.00015748,0.25419022592291246,0.00081957,1,0.0
8388,0.20181635471599169,0.009652141628728891,-1.54e-06,3.2276756328829896,3.844279185449999,19.545108513212725,1.0052136313683062,7.236272871035959,0.12067054082980143,-42.293636192775054,-1.1573229341274334,-38.33055082551526,0.6295741068180681,31.445877555615333,0.2719344611720337,-0.06523658690328547,0.00015748,0.06521266821546239,0.00081957,1,0.0
8389,0.08648125844808696,0.3038208408600743,-1.54e-06,3.2276756328829896,3.844279185449999,-2.870828167711836,1.0052136313683062,19.541157726167405,0.12067054082980143,-40.080987327993235,-1.1573229341274334,-35.3570463401128,0.6295741068180681,-7.322652712917832,0.2719344611720337,-0.28648932769919877,0.00015748,0.2868786164009862,0.00081957,1,0.0
8390,0.2300242910512338,0.004425529438331049,-1.54e-06,3.2276756328829896,3.844279185449999,-79.14386161534743,1.0052136313683062,1.6999440357500537,0.12067054082980143,-39.38922468578945,-1.1573229341274334,26.071366153399243,0.6295741068180681,59.292980609094144,0.2719344611720337,-0.012961150459592074,0.00015748,0.013017789520181521,0.00081957,1,0.0
8391,0.4825681057478177,0.026557644383602065,-1.54e-06,3.2276756328829896,3.844279185449999,-35.30019821635483,1.0052136313683062,3.686329762449635,0.12067054082980143,-16.75103936544281,-1.1573229341274334,-76.57093786233519,0.6295741068180681,57.84012171577279,0.2719344611720337,-0.04476706950699561,0.00015748,0.0455107672816042,0.00081957,1,0.0
8392,0.19543895732538044,0.003272969450383831,-1.54e-06,3.2276756328829896,3.844279185449999,-64.25212090672665,1.0052136313683062,2.282604898058743,0.12067054082980143,-50.79268240552912,-1.1573229341274334,32.408210381209095,0.6295741068180681,60.480307989525535,0.2719344611720337,-0.016504677668931354,0.00015748,0.016401315892456334,0.00081957,1,0.0
8393,0.36094758300548546,0.03425213675150218,-1.54e-06,3.2276756328829896,3.844279185449999,50.29602557774805,1.0052136313683062,13.950401240087038,0.12067054082980143,-67.6825591275358,-1.1573229341274334,-86.80150133832065,0.6295741068180681,45.95995657168582,0.2719344611720337,-0.12177013799547597,0.00015748,0.12177261675972405,0.00081957,1,0.0
8394,0.0002844055140855395,0.04444155339567008,-1.54e-06,3.2276756328829896,3.844279185449999,61.65343115171535,1.0052136313683062,8.760036976445756,0.12067054082980143,-87.68196160781937,-1.1573229341274334,34.42369747778839,0.6295741068180681,28.74206360210918,0.2719344611720337,-0.0378027406482163,0.00015748,0.1062300541099268,0.00081957,1,0.0
8395,0.0010805222297095574,0.08986734505080042,-1.54e-06,3.2276756328829896,3.844279185449999,90.24754492546853,1.0052136313683062,6.244507881982551,0.12067054082980143,-63.552649077171665,-1.1573229341274334,47.728625318647154,0.6295741068180681,2.8247308280438794,0.2719344611720337,0.06387996672544845,0.00015748,0.1417517959340211,0.00081957,0,0.0
8396,0.3133473191049514,0.03499722448196303,-1.54e-06,3.2276756328829896,3.844279185449999,-64.20952839240401,1.0052136313683062,7.1070544919743,0.12067054082980143,-32.272262881106315,-1.1573229341274334,-20.20150162060516,0.6295741068180681,47.90730673266981,0.2719344611720337,-0.08908005381402657,0.00015748,0.09009182422694019,0.00081957,1,0.0
8397,0.4488987673861554,0.0220951993529923,-1.54e-06,3.2276756328829896,3.844279185449999,-93.38574913704446,1.0052136313683062,2.234979271365291,0.12067054082980143,-20.313635979678267,-1.1573229341274334,-28.88575100452879,0.6295741068180681,68.76803922912978,0.2719344611720337,-0.021038277186634115,0.00015748,0.020770376419266722,0.00081957,1,0.0
8398,0.22337243279014737,0.013668596529605507,-1.54e-06,3.2276756328829896,3.844279185449999,41.763443421325476,1.0052136313683062,8.239497925755598,0.12067054082980143,-35.27865406760085,-1.1573229341274334,-64.17116177656703,0.6295741068180681,23.02483710902372,0.2719344611720337,-0.07615459700780584,0.00015748,0.07677597251048428,0.00081957,1,0.0
8399,0.0005103427415494299,0.019159032101260857,-1.54e-06,3.2276756328829896,3.844279185449999,30.716971701302466,1.0052136313683062,7.672513286945913,0.12067054082980143,-71.46526114287424,-1.1573229341274334,27.152906147793782,0.6295741068180681,27.6263639773582,0.2719344611720337,-0.050076048246057436,0.00015748,0.07144782980852327,0.00081957,1,0.0
8400,0.5620272149606158,0.15415973019016563,-1.54e-06,1.1164405908824162,4.829651400474193,93.419482497756,1.0052136313683062,49.55949829034752,0.12067054082980143,-21.539886805089726,-1.1573229341274334,-11.813946612145765,0.6295741068180681,-24.859829891085358,0.2719344611720337,0.34366941248087485,0.00015748,0.9176272417989686,0.00081957,0,0.0
8401,0.11837345817267343,0.0029566610694548388,-1.54e-06,1.1164405908824162,4.829651400474193,-33.29624969942395,1.0052136313683062,9.171413919862635,0.12067054082980143,-57.232063589782115,-1.1573229341274334,27.334247383938536,0.6295741068180681,40.623277294811594,0.2719344611720337,-0.035635482170224754,0.00015748,0.03576872203064533,0.00081957,1,0.0
8402,0.3742981596061124,0.12533943777061762,-1.54e-06,1.1164405908824162,4.829651400474193,100.0,1.0052136313683062,39.867983851845466,0.12067054082980143,-22.04047210144356,-1.1573229341274334,99.85180543627139,0.6295741068180681,-43.535322819267456,0.2719344611720337,0.3644305161186776,0.00015748,0.7952028347323057,0.00081957,0,0.0
8403,0.9411528135513026,0.23662261658755038,-1.54e-06,1.1164405908824162,4.829651400474193,45.29045805030291,1.0052136313683062,70.11454760665988,0.12067054082980143,-65.38980148030993,-1.1573229341274334,-89.07279205897092,0.6295741068180681,34.14219063512571,0.2719344611720337,0.33760755400239334,0.00015748,0.9596973929664852,0.00081957,0,0.0
8404,0.043620884444715735,0.09790278839353442,-1.54e-06,1.1164405908824162,4.829651400474193,-21.232246785859257,1.0052136313683062,32.97951761218477,0.12067054082980143,-75.8668506466455,-1.1573229341274334,18.198911057599183,0.6295741068180681,28.468300139448694,0.2719344611720337,-0.15661269075833495,0.00015748,0.16267622349897276,0.00081957,1,0.0
8405,0.00014937218449101453,0.1162523197086704,-1.54e-06,1.1164405908824162,4.829651400474193,35.429396812506035,1.0052136313683062,13.70906100175444,0.12067054082980143,-10.1014901950754,-1.1573229341274334,56.27183328003664,0.6295741068180681,-23.353462484324442,0.2719344611720337,0.09210030316828911,0.00015748,0.1960867644823096,0.00081957,0,0.0
8406,0.3306465263538696,0.023423110818660588,-1.54e-06,1.1164405908824162,4.829651400474193,-72.35899627640899,1.0052136313683062,4.188959622186329,0.12067054082980143,-90.89673317228839,-1.1573229341274334,84.8362183058654,0.6295741068180681,82.07903188215424,0.2719344611720337,-0.01381542436832015,0.00015748,0.01494494692275842,0.00081957,1,0.0
8407,0.7266678428032665,0.1739467883296749,-1.54e-06,1.1164405908824162,4.829651400474193,62.81129166530666,1.0052136313683062,67.91638382076398,0.12067054082980143,-99.72720588587597,-1.1573229341274334,18.135753030224357,0.6295741068180681,21.99607328668268,0.2719344611720337,0.3286800407751592,0.00015748,1.045701227951164,0.00081957,0,0.0
8408,0.2865297947067813,0.01641493008773372,-1.54e-06,1.1164405908824162,4.829651400474193,-58.690238076704766,1.0052136313683062,20.15471928951181,0.12067054082980143,-81.85109064051886,-1.1573229341274334,-43.47863289776938,0.6295741068180681,73.65770708699077,0.2719344611720337,-0.08892036131428013,0.00015748,0.08896033021636987,0.00081957,1,0.0
8409,-0.00014537644050310883,0.13362644428716414,-1.54e-06,1.1164405908824162,4.829651400474193,9.921275140958638,1.0052136313683062,26.093034375937545,0.12067054082980143,-72.61832982664862,-1.1573229341274334,61.559598037728456,0.6295741068180681,10.499566142218747,0.2719344611720337,-0.0007016098077877453,0.00015748,0.2556380777915068,0.00081957,1,0.0
8410,0.014457342624176722,0.08106980625143789,-1.54e-06,1.1164405908824162,4.829651400474193,5.610232877471554,1.0052136313683062,21.190024507434607,0.12067054082980143,-33.801454675226175,-1.1573229341274334,9.139958083292445,0.6295741068180681,2.334335299146044,0.2719344611720337,-0.041287320930399,0.00015748,0.14598846139232977,0.00081957,1,0.0
8411,0.005258978624595789,0.20076889421402794,-1.54e-06,1.1164405908824162,4.829651400474193,17.19880129968168,1.0052136313683062,36.00465185995715,0.12067054082980143,-53.133220158697235,-1.1573229341274334,-95.36915486138294,0.6295741068180681,8.591889176454123,0.2719344611720337,-0.09731989325665914,0.00015748,0.3326733897943447,0.00081957,1,0.0
8412,0.13224397966331425,0.0016335553927625973,-1.54e-06,1.1164405908824162,4.829651400474193,-21.745154449433922,1.0052136313683062,5.954947956693597,0.12067054082980143,-21.911442942117556,-1.1573229341274334,-25.70945451512612,0.6295741068180681,26.42516687656591,0.2719344611720337,-0.022683564336055326,0.00015748,0.022676112349407418,0.00081957,1,0.0
8413,0.007404062179223916,0.015616151037178687,-1.54e-06,1.1164405908824162,4.829651400474193,-0.020387007657764918,1.0052136313683062,12.101372597232178,0.12067054082980143,-8.309897549623898,-1.1573229341274334,-67.88481589975032,0.6295741068180681,4.667382140142691,0.2719344611720337,-0.06915896768154844,0.00015748,0.06975976324347577,0.00081957,1,0.0
8414,0.003943373599740563,0.17643728649635174,-1.54e-06,1.1164405908824162,4.829651400474193,-7.828737122982483,1.0052136313683062,34.77334911419443,0.12067054082980143,-94.29206864791863,-1.1573229341274334,-45.7081840081434,0.6295741068180681,34.80485950463221,0.2719344611720337,-0.13066901990937452,0.00015748,0.30112806393032304,0.00081957,1,0.0
8415,0.2365476808284182,0.053278776834053757,-1.54e-06,1.1164405908824162,4.829651400474193,-32.80046368373762,1.0052136313683062,17.59826724975714,0.12067054082980143,-52.72526064223877,-1.1573229341274334,41.634605117560504,0.6295741068180681,38.69668846155474,0.2719344611720337,-0.04880012904107214,0.00015748,0.10862182480146551,0.00081957,1,0.0
8416,0.7547863578059494,0.18439466088736367,-1.54e-06,1.1164405908824162,4.829651400474193,84.419152084391,1.0052136313683062,75.06362474542725,0.12067054082980143,-74.99895604555287,-1.1573229341274334,-83.14713777055405,0.6295741068180681,8.570721781414866,0.2719344611720337,0.3138280992309114,0.00015748,1.1722330064272914,0.00081957,0,0.0
8417,0.008394450124933867,0.19858789043382313,-1.54e-06,1.1164405908824162,4.829651400474193,-13.73040308766991,1.0052136313683062,13.99914003414024,0.12067054082980143,-84.28171800408965,-1.1573229341274334,-38.958702408130904,0.6295741068180681,43.25381529369834,0.2719344611720337,-0.13654911621225294,0.00015748,0.31038718365718576,0.00081957,1,0.0
8418,0.37691425770495246,0.12836327998251487,-1.54e-06,1.1164405908824162,4.829651400474193,100.0,1.0052136313683062,40.45120751105521,0.12067054082980143,-17.678569792548256,-1.1573229341274334,95.09611616253957,0.6295741068180681,-45.33043653710118,0.2719344611720337,0.3688734689591271,0.00015748,0.7737834502108105,0.00081957,0,0.0
8419,0.0740002228204733,0.005654152672603483,-1.54e-06,1.1164405908824162,4.829651400474193,-28.821959509901646,1.0052136313683062,11.43556549502954,0.12067054082980143,-60.37805808220495,-1.1573229341274334,26.61245077149037,0.6295741068180681,36.662096712270426,0.2719344611720337,-0.051841841316032936,0.00015748,0.05195836652636157,0.00081957,1,0.0
8420,0.18382969732441062,0.013836392139049802,-1.54e-06,1.1164405908824162,4.829651400474193,-31.316743195679177,1.0052136313683062,15.04984101292155,0.12067054082980143,-37.41359851432156,-1.1573229341274334,-92.32667010531162,0.6295741068180681,42.54443491992426,0.2719344611720337,-0.08302617719176528,0.00015748,0.08305789248303569,0.00081957,1,0.0
8421,0.4652719450925994,0.15708091227759305,-1.54e-06,1.1164405908824162,4.829651400474193,-29.10660248034303,1.0052136313683062,33.393651929767316,0.12067054082980143,-46.60075487893061,-1.1573229341274334,-68.00256052707782,0.6295741068180681,48.9856392888834,0.2719344611720337,0.006449597471443483,0.00015748,0.23688900262731516,0.00081957,0,0.0
8422,0.5519878475623522,0.1441892609036273,-1.54e-06,1.1164405908824162,4.829651400474193,89.4804324482569,1.0052136313683062,57.70881279921366,0.12067054082980143,-56.70539788614306,-1.1573229341274334,23.16445814756101,0.6295741068180681,-14.656349918340588,0.2719344611720337,0.3359334714314773,0.00015748,0.9790987607919879,0.00081957,0,0.0
8423,0.0027535541241419798,0.0730054315583705,-1.54e-06,1.1164405908824162,4.829651400474193,17.785310121153223,1.0052136313683062,9.461055964044197,0.12067054082980143,-10.339037216076544,-1.1573229341274334,58.56724649567317,0.6295741068180681,-13.44804593289213,0.2719344611720337,0.04408421652560676,0.00015748,0.10635002291375431,0.00081957,0,0.0
8424,0.7735759308523098,0.1987460362160432,-1.54e-06,1.1164405908824162,4.829651400474193,63.705690699983116,1.0052136313683062,56.03494690044499,0.12067054082980143,-42.51244231175098,-1.1573229341274334,-47.22135874773273,0.6295741068180681,9.527088846751452,0.2719344611720337,0.3433747821803988,0.00015748,0.9189053673310312,0.00081957,0,0.0
8425,0.0036388228158784897,0.10390576488014337,-1.54e-06,1.1164405908824162,4.829651400474193,1.7196879903453697,1.0052136313683062,24.94090686104945,0.12067054082980143,-66.21190750217345,-1.1573229341274334,55.1235930845504,0.6295741068180681,12.415514907811772,0.2719344611720337,-0.026881156163497955,0.00015748,0.1914291663186098,0.00081957,1,0.0
8426,0.6842454287659064,0.19765395604760827,-1.54e-06,1.1164405908824162,4.829651400474193,60.783556791580466,1.0052136313683062,41.534410517910175,0.12067054082980143,-22.3010932448246,-1.1573229341274334,29.661029138507473,0.6295741068180681,-3.640576918294172,0.2719344611720337,0.3784232401363929,0.00015748,0.7366752166363124,0.00081957,0,0.0
8427,0.4791221170696425,0.1331336000843026,-1.54e-06,1.1164405908824162,4.829651400474193,99.4355032395921,1.0052136313683062,51.92204201007153,0.12067054082980143,-41.211993017076956,-1.1573229341274334,33.06291075689656,0.6295741068180681,-28.218499091420114,0.2719344611720337,0.33817583468317547,0.00015748,0.9568376848998389,0.00081957,0,0.0
8428,0.38366132386384744,0.1191976611124995,-1.54e-06,1.1164405908824162,4.829651400474193,-38.65974770673848,1.0052136313683062,32.74420960918663,0.12067054082980143,-66.85642259860681,-1.1573229341274334,-45.846749241727615,0.6295741068180681,56.56118195530961,0.2719344611720337,-0.0439519531785275,0.00015748,0.20206519220585745,0.00081957,1,0.0
8429,0.001021610386445826,0.19490702630239243,-1.54e-06,1.1164405908824162,4.829651400474193,49.71588717499756,1.0052136313683062,31.245093354580163,0.12067054082980143,-37.53148619424338,-1.1573229341274334,15.136714528458413,0.6295741068180681,-21.588435906895967,0.2719344611720337,0.05962016530739772,0.00015748,0.4004171030152582,0.00081957,0,0.0
8430,0.3398075606679647,0.015510641097364122,-1.54e-06,1.1164405908824162,4.829651400474193,-44.59343405973238,1.0052136313683062,9.238186485800014,0.12067054082980143,-26.262960431484075,-1.1573229341274334,-35.53556616068244,0.6295741068180681,48.8151693393667,0.2719344611720337,-0.04739443009835309,0.00015748,0.04761995747317421,0.00081957,1,0.0
8431,0.7941514405357704,0.1943332700645823,-1.54e-06,1.1164405908824162,4.829651400474193,76.06067375657712,1.0052136313683062,67.94924970400203,0.12067054082980143,-53.150988235405386,-1.1573229341274334,-94.34812517982321,0.6295741068180681,8.731972449199475,0.2719344611720337,0.3266197890490293,0.00015748,1.067372989141085,0.00081957,0,0.0
8432,1.0586992467099838,0.26300001717154403,-1.54e-06,1.1164405908824162,4.829651400474193,23.418357584412664,1.0052136313683062,70.99857120151157,0.12067054082980143,-92.80452751708881,-1.1573229341274334,-81.57042583249017,0.6295741068180681,61.88761329599817,0.2719344611720337,0.3332246308227772,0.00015748,0.9870984807110909,0.00081957,0,0.0
8433,0.3814464563554181,0.03026459356261508,-1.54e-06,1.1164405908824162,4.829651400474193,-54.53123610893817,1.0052136313683062,3.829508698360922,0.12067054082980143,-35.396993955935166,-1.1573229341274334,23.388081838534465,0.6295741068180681,56.77916774292779,0.2719344611720337,-0.06774312909273321,0.00015748,0.06773606645470952,0.00081957,1,0.0
8434,0.0390274918756236,0.011352923987222272,-1.54e-06,1.1164405908824162,4.829651400474193,-31.584235793135942,1.0052136313683062,8.287529832593842,0.12067054082980143,-72.07078460354427,-1.1573229341274334,41.89561388782832,0.6295741068180681,41.74757733912344,0.2719344611720337,-0.061276519035314614,0.00015748,0.06120807286968526,0.00081957,1,0.0
8435,0.7210970858514565,0.18683152042595694,-1.54e-06,1.1164405908824162,4.829651400474193,81.79102158638548,1.0052136313683062,55.50986568537592,0.12067054082980143,-21.074910417256948,-1.1573229341274334,-81.86713775474671,0.6295741068180681,-7.679992559718267,0.2719344611720337,0.33827963075662504,0.00015748,0.9589989727363045,0.00081957,0,0.0
8436,0.2769447129676477,0.014105047114783598,-1.54e-06,1.1164405908824162,4.829651400474193,-63.99063144280741,1.0052136313683062,16.93564583304217,0.12067054082980143,-99.61411010130098,-1.1573229341274334,88.64728705483593,0.6295741068180681,72.53623781328231,0.2719344611720337,-0.06633306728472317,0.00015748,0.0675350073412971,0.00081957,1,0.0
8437,0.11533038231370264,0.010841949576978297,-1.54e-06,1.1164405908824162,4.829651400474193,-17.320550084199734,1.0052136313683062,11.425109818315654,0.12067054082980143,-18.724568398237373,-1.1573229341274334,-93.12125108479755,0.6295741068180681,25.84599815263921,0.2719344611720337,-0.07194314464299154,0.00015748,0.0722440040856343,0.00081957,1,0.0
8438,1.083206206200997,0.38093310628941146,-1.54e-06,1.1164405908824162,4.829651400474193,23.64978055851922,1.0052136313683062,36.38189424480229,0.12067054082980143,-34.186893924514905,-1.1573229341274334,-80.81507321836763,0.6295741068180681,53.43858210214548,0.2719344611720337,0.33728388174642204,0.00015748,0.9269482413152974,0.00081957,0,0.0
8439,0.9246417655775044,0.316241568888465,-1.54e-06,1.1164405908824162,4.829651400474193,-13.397435102219552,1.0052136313683062,62.44680041551926,0.12067054082980143,-99.69111058050164,-1.1573229341274334,-89.48987624180684,0.6295741068180681,79.17112939466914,0.2719344611720337,0.20725661641297455,0.00015748,0.7169641838963496,0.00081957,0,0.0
8440,0.2855389634284685,0.006650607986794576,-1.54e-06,1.1164405908824162,4.829651400474193,-46.712813681503086,1.0052136313683062,10.595777119259404,0.12067054082980143,-45.05311735367814,-1.1573229341274334,-41.0513003037435,0.6295741068180681,55.64308069789892,0.2719344611720337,-0.03481991032959524,0.00015748,0.034899232416898,0.00081957,1,0.0
8441,1.098394016931377,0.2707839838633503,-1.54e-06,1.1164405908824162,4.829651400474193,20.67408432604103,1.0052136313683062,75.18735095746531,0.12067054082980143,-99.84003983853896,-1.1573229341274334,-93.4974106778277,0.6295741068180681,67.54097359704825,0.2719344611720337,0.33069914219349217,0.00015748,1.015777352049165,0.00081957,0,0.0
8442,0.07320878228408861,0.16263924631589896,-1.54e-06,1.1164405908824162,4.829651400474193,35.20745161137055,1.0052136313683062,26.073945858632896,0.12067054082980143,-6.352757073985216,-1.1573229341274334,-88.56310656072401,0.6295741068180681,-13.321892815861888,0.2719344611720337,0.00915817524577256,0.00015748,0.3081209286283086,0.00081957,0,0.0
8443,0.3474153017190335,0.010384470061564684,-1.54e-06,1.1164405908824162,4.829651400474193,-60.09974535339294,1.0052136313683062,11.191275123041217,0.12067054082980143,-61.80398858880242,-1.1573229341274334,-19.627561185982785,0.6295741068180681,70.36094059853286,0.2719344611720337,-0.030136954919090422,0.00015748,0.030409005155496396,0.00081957,1,0.0
8444,0.3255403839746483,0.008872991607055389,-1.54e-06,1.1164405908824162,4.829651400474193,-56.1133965193368,1.0052136313683062,10.90412362173498,0.12067054082980143,-57.570631981196,-1.1573229341274334,-24.06458320431718,0.6295741068180681,66.01986525967607,0.2719344611720337,-0.031171235929211304,0.00015748,0.031190909203530057,0.00081957,1,0.0
8445,0.6188421682593255,0.1615260865020635,-1.54e-06,1.1164405908824162,4.829651400474193,58.01779567034119,1.0052136313683062,53.79456074024664,0.12067054082980143,-86.93949668648746,-1.1573229341274334,98.2162052304773,0.6295741068180681,11.680138731609315,0.2719344611720337,0.3500407806851009,0.00015748,0.870129866022737,0.00081957,0,0.0
8446,0.9940917549466524,0.2767014895835738,-1.54e-06,1.1164405908824162,4.829651400474193,33.04649652740664,1.0052136313683062,74.33246192235269,0.12067054082980143,-68.2615441092629,-1.1573229341274334,-71.81498228621024,0.6295741068180681,39.68101798687877,0.2719344611720337,0.34698863990582296,0.00015748,0.8795076007282446,0.00081957,0,0.0
8447,0.2883694886668686,0.01854769658924305,-1.54e-06,1.1164405908824162,4.829651400474193,-57.023469738127105,1.0052136313683062,2.7485308700197333,0.12067054082980143,-65.06455674704544,-1.1573229341274334,83.21426692825999,0.6295741068180681,61.699592213032304,0.2719344611720337,-0.04219265195091266,0.00015748,0.04222311841503038,0.00081957,1,0.0
8448,0.42672288198240005,0.05412914398472099,-1.54e-06,1.1164405908824162,4.829651400474193,-73.8210891006634,1.0052136313683062,-3.282516985703209,0.12067054082980143,-59.38042897030265,-1.1573229341274334,23.90945795681875,0.6295741068180681,82.83547059617062,0.2719344611720337,-0.05088526799608767,0.00015748,0.05084008372976949,0.00081957,1,0.0
8449,0.5382882069750213,0.15660460598501802,-1.54e-06,1.1164405908824162,4.829651400474193,76.80963156432271,1.0052136313683062,42.80967024179179,0.12067054082980143,-36.41956958583601,-1.1573229341274334,74.29840210071085,0.6295741068180681,-16.78788765766059,0.2719344611720337,0.3645774262820032,0.00015748,0.7957922289237014,0.00081957,0,0.0
8450,0.8157498823006091,0.2740325370331754,-1.54e-06,1.1164405908824162,4.829651400474193,-21.48713972356319,1.0052136313683062,41.226016969903306,0.12067054082980143,-89.638206770255,-1.1573229341274334,68.781763137089,0.6295741068180681,67.5584265188402,0.2719344611720337,0.28351755170221543,0.00015748,0.4821108817820709,0.00081957,0,0.0
8451,0.5312863718114271,0.04412282982481557,-1.54e-06,1.1164405908824162,4.829651400474193,-84.0201874575005,1.0052136313683062,5.747662496137865,0.12067054082980143,-67.11289358592535,-1.1573229341274334,21.50911373256269,0.6295741068180681,92.00071756176573,0.2719344611720337,-0.05077162139035437,0.00015748,0.051130316477350925,0.00081957,1,0.0
8452,0.6997948001387762,0.17002361641244798,-1.54e-06,1.1164405908824162,4.829651400474193,95.1726401730461,1.0052136313683062,70.50400747068055,0.12067054082980143,-54.88062934046293,-1.1573229341274334,-87.87323367462277,0.6295741068180681,-5.793602698779379,0.2719344611720337,0.3194587164497079,0.00015748,1.1498983785286216,0.00081957,0,0.0
8453,0.4569724369310497,0.025846985479101525,-1.54e-06,1.1164405908824162,4.829651400474193,-65.08628887700159,1.0052136313683062,13.22753213949384,0.12067054082980143,-48.53783242359752,-1.1573229341274334,-30.965726178141434,0.6295741068180681,72.09980078919374,0.2719344611720337,-0.05977938464562636,0.00015748,0.06049362622847579,0.00081957,1,0.0
8454,0.7718890286310292,0.20931172404854384,-1.54e-06,1.1164405908824162,4.829651400474193,68.23875677881308,1.0052136313683062,58.45196917402043,0.12067054082980143,-83.640887746925,-1.1573229341274334,-16.12284614030301,0.6295741068180681,22.864621497552168,0.2719344611720337,0.3206648062335864,0.00015748,1.1320423744846508,0.00081957,0,0.0
8455,-8.453450707915366e-05,0.07766045550719357,-1.54e-06,1.1164405908824162,4.829651400474193,4.090650055326292,1.0052136313683062,14.822855769707335,0.12067054082980143,-52.415216113677445,-1.1573229341274334,93.1033443168953,0.6295741068180681,6.2096586655875115,0.2719344611720337,0.02794195700996876,0.00015748,0.13590215676573347,0.00081957,0,0.0
8456,0.6535483428205153,0.16871990780707374,-1.54e-06,1.1164405908824162,4.829651400474193,99.9490121690373,1.0052136313683062,64.84424244685394,0.12067054082980143,-24.894378943879833,-1.1573229341274334,-97.11937975237727,0.6295741068180681,-20.814155084924796,0.2719344611720337,0.3285168366814218,0.00015748,1.0439290157910417,0.00081957,0,0.0
8457,0.059282950925405815,0.009730699553650598,-1.54e-06,1.1164405908824162,4.829651400474193,-17.83175427470961,1.0052136313683062,5.659789982416244,0.12067054082980143,-36.471856415665535,-1.1573229341274334,86.84353702314924,0.6295741068180681,16.74231589472392,0.2719344611720337,-0.056472819103086894,0.00015748,0.05714615731273871,0.00081957,1,0.0
8458,0.5775576113885952,0.14914432538982111,-1.54e-06,1.1164405908824162,4.829651400474193,83.45228227274337,1.0052136313683062,57.04236999114093,0.12067054082980143,-62.851335501930855,-1.1573229341274334,29.95444407922588,0.6295741068180681,-8.038657444899052,0.2719344611720337,0.3360496480833478,0.00015748,0.9760050893980515,0.00081957,0,0.0
8459,0.006753139099594185,0.12447875338698149,-1.54e-06,1.1164405908824162,4.829651400474193,8.827804692957718,1.0052136313683062,29.599665326802253,0.12067054082980143,-41.0824616485494,-1.1573229341274334,-44.58538150769046,0.6295741068180681,4.866346960090726,0.2719344611720337,-0.08036692038807308,0.00015748,0.20990207432314606,0.00081957,1,0.0
8460,0.20314363061551063,0.006000308445399858,-1.54e-06,1.1164405908824162,4.829651400474193,-48.11484938115222,1.0052136313683062,13.680126872325568,0.12067054082980143,-74.47501013261582,-1.1573229341274334,20.482439955539437,0.6295741068180681,58.14860144986618,0.2719344611720337,-0.050861687506487875,0.00015748,0.050843243877695544,0.00081957,1,0.0
8461,0.6392043237965122,0.152788432528597,-1.54e-06,1.1164405908824162,4.829651400474193,-82.50361821841533,1.0052136313683062,9.307211675492347,0.12067054082980143,-45.18704023985558,-1.1573229341274334,81.31347130193988,0.6295741068180681,78.78673420368128,0.2719344611720337,-0.1941369172286747,0.00015748,0.1942571194153061,0.00081957,1,0.0
8462,0.02386325120168763,0.00022195833312032664,-1.54e-06,1.1164405908824162,4.829651400474193,-12.769067440970883,1.0052136313683062,2.039736128991678,0.12067054082980143,-26.964798309666225,-1.1573229341274334,39.439820979715456,0.6295741068180681,14.73490756352473,0.2719344611720337,-0.004720549570148912,0.00015748,0.004742063026019679,0.00081957,1,0.0
8463,0.3196939869833498,0.13264908844843654,-1.54e-06,1.1164405908824162,4.829651400474193,-62.331329709706495,1.0052136313683062,-10.11914225378919,0.12067054082980143,-46.84019153096135,-1.1573229341274334,-70.264564157864,0.6295741068180681,79.10590026958957,0.2719344611720337,-0.1449148719897112,0.00015748,0.1451889964085381,0.00081957,1,0.0
8464,0.001519463272521504,0.06325677569319016,-1.54e-06,1.1164405908824162,4.829651400474193,5.965966091395912,1.0052136313683062,15.293993438422117,0.12067054082980143,-29.67176319806579,-1.1573229341274334,0.6934390634568374,0.6295741068180681,3.500564541294912,0.2719344611720337,-0.021321229145223726,0.00015748,0.12853614538214853,0.00081957,1,0.0
8465,0.09766777193823695,0.002238229749294615,-1.54e-06,1.1164405908824162,4.829651400474193,-33.76946388590798,1.0052136313683062,8.533450740710128,0.12067054082980143,-63.92115103726385,-1.1573229341274334,54.776298091836445,0.6295741068180681,40.532223726802336,0.2719344611720337,-0.03012222164995019,0.00015748,0.030087422174026997,0.00081957,1,0.0
8466,0.2448482268014016,0.035024103342679844,-1.54e-06,1.1164405908824162,4.829651400474193,-55.789563500660044,1.0052136313683062,24.959894581863413,0.12067054082980143,-88.92070600279123,-1.1573229341274334,-76.12848046119178,0.6295741068180681,74.2209415584906,0.2719344611720337,-0.13121529731202056,0.00015748,0.13104481573710777,0.00081957,1,0.0
8467,0.43012227394021557,0.13361635164357186,-1.54e-06,1.1164405908824162,4.829651400474193,95.41835517407195,1.0052136313683062,40.936111286732675,0.12067054082980143,-26.479271527335797,-1.1573229341274334,80.04846697571647,0.6295741068180681,-35.006365516081786,0.2719344611720337,0.35719195896490485,0.00015748,0.8330350988540829,0.00081957,0,0.0
8468,0.11083273535619398,0.26999669918032276,-1.54e-06,1.1164405908824162,4.829651400474193,99.90338030851812,1.0052136313683062,58.698236793629974,0.12067054082980143,-48.42745364885026,-1.1573229341274334,9.15129581234375,0.6295741068180681,-46.1556025502986,0.2719344611720337,0.17088808288585833,0.00015748,0.7724272409254962,0.00081957,0,0.0
8469,0.003600572577744432,0.0003959915439574899,-1.54e-06,1.1164405908824162,4.829651400474193,-14.745702141236347,1.0052136313683062,2.546242176745744,0.12067054082980143,-38.34900558453057,-1.1573229341274334,68.60657677330202,0.6295741068180681,16.78666408988747,0.2719344611720337,-0.007491518983859117,0.00015748,0.007772428574363486,0.00081957,1,0.0
8470,0.4800170881350372,0.20273484853003013,-1.54e-06,1.1164405908824162,4.829651400474193,-3.3211464794251873,1.0052136313683062,15.002165885346734,0.12067054082980143,-23.581956857880453,-1.1573229341274334,66.71775013834743,0.6295741068180681,24.07313222907614,0.2719344611720337,0.22035837186529797,0.00015748,0.23178307749124308,0.00081957,0,0.0
8471,0.007040259599795776,0.0011023860386246396,-1.54e-06,1.1164405908824162,4.829651400474193,-13.71424030299638,1.0052136313683062,5.09382088416642,0.12067054082980143,-37.0388722863287,-1.1573229341274334,48.41256088040632,0.6295741068180681,16.541706176966894,0.2719344611720337,-0.019716921658554334,0.00015748,0.020105746504960803,0.00081957,1,0.0
8472,0.5318986613061918,0.1391028292852139,-1.54e-06,1.1164405908824162,4.829651400474193,100.0,1.0052136313683062,60.176901807106105,0.12067054082980143,-50.08458520848679,-1.1573229341274334,-0.8562002942440785,0.6295741068180681,-22.39150161695416,0.2719344611720337,0.33038908935551864,0.00015748,1.027339589455173,0.00081957,0,0.0
8473,0.559359028476981,0.15068528011556923,-1.54e-06,1.1164405908824162,4.829651400474193,86.12129960625046,1.0052136313683062,52.60378585471373,0.12067054082980143,-43.07578507098814,-1.1573229341274334,22.139729057103867,0.6295741068180681,-16.521255882036552,0.2719344611720337,0.34350801822953286,0.00015748,0.9158950106423658,0.00081957,0,0.0
8474,0.8608382964373462,0.28575443103985265,-1.54e-06,1.1164405908824162,4.829651400474193,-4.40595978682153,1.0052136313683062,41.51846998471576,0.12067054082980143,-49.51537125041093,-1.1573229341274334,-13.173474296131202,0.6295741068180681,51.35542594979313,0.2719344611720337,0.29865554525059557,0.00015748,0.5181039687656216,0.00081957,0,0.0
8475,0.2081831691953401,0.15274330926734755,-1.54e-06,1.1164405908824162,4.829651400474193,-2.570661081890354,1.0052136313683062,31.223867554664224,0.12067054082980143,-70.08240669696451,-1.1573229341274334,33.01681910968453,0.6295741068180681,26.031103777885097,0.2719344611720337,0.03721802319813869,0.00015748,0.2801216115994689,0.00081957,0,0.0
8476,0.32220831390751825,0.20282300463023437,-1.54e-06,1.1164405908824162,4.829651400474193,31.424819736927493,1.0052136313683062,32.85107642552758,0.12067054082980143,-32.4976486745093,-1.1573229341274334,-18.04756147515549,0.6295741068180681,3.706442296072703,0.2719344611720337,0.14254933147487797,0.00015748,0.4443891683973809,0.00081957,0,0.0
8477,0.5269723309773153,0.14697724020967418,-1.54e-06,1.1164405908824162,4.829651400474193,73.47374649705586,1.0052136313683062,48.194180573296556,0.12067054082980143,-61.476400860980256,-1.1573229341274334,99.35428833118469,0.6295741068180681,-9.301621147157103,0.2719344611720337,0.3568676487750788,0.00015748,0.8348248696006362,0.00081957,0,0.0
8478,0.3677082216896984,0.01624932521393243,-1.54e-06,1.1164405908824162,4.829651400474193,-52.861828244942174,1.0052136313683062,6.384633927389126,0.12067054082980143,-35.47528426162873,-1.1573229341274334,-23.54850400939527,0.6295741068180681,58.65479761614438,0.2719344611720337,-0.02897598307022233,0.00015748,0.02962356213424664,0.00081957,1,0.0
8479,0.0008762759522307206,0.09510489564002762,-1.54e-06,1.1164405908824162,4.829651400474193,-5.1732832242591,1.0052136313683062,27.28920331009004,0.12067054082980143,-65.76090499609454,-1.1573229341274334,7.026306724633866,0.6295741068180681,18.54510297963689,0.2719344611720337,-0.0825153056154546,0.00015748,0.17971073060941878,0.00081957,1,0.0
8480,0.46547594922845303,0.13582937428951647,-1.54e-06,1.1164405908824162,4.829651400474193,96.27672859788119,1.0052136313683062,46.98300358280658,0.12067054082980143,-29.371010971735004,-1.1573229341274334,47.52100588697505,0.6295741068180681,-32.07852369870294,0.2719344611720337,0.35027027446466213,0.00015748,0.8735856804562692,0.00081957,0,0.0
8481,0.15916659729162644,0.01497458139062426,-1.54e-06,1.1164405908824162,4.829651400474193,-28.888318027676963,1.0052136313683062,0.01621094882142976,0.12067054082980143,-24.660417063076814,-1.1573229341274334,-36.67208753125036,0.6295741068180681,36.56041393339749,0.2719344611720337,-0.045163113343140625,0.00015748,0.04748685496852955,0.00081957,1,0.0
8482,0.3117895708112343,0.01207236578675359,-1.54e-06,1.1164405908824162,4.829651400474193,-40.91648116305339,1.0052136313683062,2.719596010865505,0.12067054082980143,-16.73148745685587,-1.1573229341274334,-49.970872799523384,0.6295741068180681,46.0675384207125,0.2719344611720337,-0.010297442620476901,0.00015748,0.01046327419318433,0.00081957,1,0.0
8483,0.01289191051705918,0.3758532995834793,-1.54e-06,1.1164405908824162,4.829651400474193,48.74687660406063,1.0052136313683062,22.08805462395314,0.12067054082980143,-69.89770978342632,-1.1573229341274334,-7.322042164792198,0.6295741068180681,2.1844139808126517,0.2719344611720337,-0.01959955833951682,0.00015748,0.6621670326357332,0.00081957,1,0.0
8484,0.7961116945600013,0.2036585138026493,-1.54e-06,1.1164405908824162,4.829651400474193,34.19850985658274,1.0052136313683062,55.76045162799491,0.12067054082980143,-94.00055929142349,-1.1573229341274334,64.17783543229483,0.6295741068180681,37.267677210779254,0.2719344611720337,0.3541304255669087,0.00015748,0.8503342247742436,0.00081957,0,0.0
8485,0.588844411123419,0.15373515371882157,-1.54e-06,1.1164405908824162,4.829651400474193,89.04937449543498,1.0052136313683062,57.04845490949586,0.12067054082980143,-44.56586460554711,-1.1573229341274334,-7.126790293756934,0.6295741068180681,-14.941078463634963,0.2719344611720337,0.3365026625656683,0.00015748,0.9704660184767385,0.00081957,0,0.0
8486,1.6016620066033882e-05,0.13149173323265434,-1.54e-06,1.1164405908824162,4.829651400474193,27.812271209409374,1.0052136313683062,23.28862096077988,0.12067054082980143,-24.60710262327748,-1.1573229341274334,-10.94297784266699,0.6295741068180681,-11.556974203537008,0.2719344611720337,0.009006789281116034,0.00015748,0.2402675646626287,0.00081957,0,0.0
8487,0.24974803959966838,0.21932419296689298,-1.54e-06,1.1164405908824162,4.829651400474193,10.902442722500965,1.0052136313683062,43.05472666631742,0.12067054082980143,-64.10206916187364,-1.1573229341274334,-26.867374783880408,0.6295741068180681,19.21585305087706,0.2719344611720337,0.02699984715533235,0.00015748,0.3876809570969795,0.00081957,0,0.0
8488,0.2826108882993799,0.00734360600309865,-1.54e-06,1.1164405908824162,4.829651400474193,-44.04712750073565,1.0052136313683062,11.100187559207264,0.12067054082980143,-38.86778677863828,-1.1573229341274334,-69.84090912492566,0.6295741068180681,53.95790005203371,0.2719344611720337,-0.04507633859803633,0.00015748,0.045123497149578744,0.00081957,1,0.0
8489,0.5076344618518173,0.1601278385565609,-1.54e-06,1.1164405908824162,4.829651400474193,83.81634352125435,1.0052136313683062,40.865835388819725,0.12067054082980143,-57.62479553109961,-1.1573229341274334,95.11200678325923,0.6295741068180681,-12.298875588579298,0.2719344611720337,0.3382595064994425,0.00015748,0.9471722216241534,0.00081957,0,0.0
8490,0.7293935699842388,0.18027542048502365,-1.54e-06,1.1164405908824162,4.829651400474193,71.03629874014659,1.0052136313683062,64.01971276795648,0.12067054082980143,-65.36447226475059,-1.1573229341274334,-31.154292856224483,0.6295741068180681,9.078688568826365,0.2719344611720337,0.33224906418232575,0.00015748,1.007123863183171,0.00081957,0,0.0
8491,0.6684431393656857,0.24627142343502878,-1.54e-06,1.1164405908824162,4.829651400474193,-1.8201611810269975,1.0052136313683062,25.488814049750605,0.12067054082980143,-22.760641433975454,-1.1573229341274334,-23.90598013366402,0.6295741068180681,36.6303153529883,0.2719344611720337,0.23413896889970545,0.00015748,0.3841602415479243,0.00081957,0,0.0
8492,0.1923475391498115,0.003426912071061559,-1.54e-06,1.1164405908824162,4.829651400474193,-37.66846389652825,1.0052136313683062,7.0860507974899605,0.12067054082980143,-46.10661877616932,-1.1573229341274334,10.880797481485365,0.6295741068180681,43.92114390394199,0.2719344611720337,-0.01905669019959089,0.00015748,0.0192479846385734,0.00081957,1,0.0
8493,0.3221286711724911,0.012881675161731356,-1.54e-06,1.1164405908824162,4.829651400474193,-34.982218671523725,1.0052136313683062,10.727781572827093,0.12067054082980143,-8.145094572343742,-1.1573229341274334,-90.18807424319681,0.6295741068180681,39.64868005761689,0.2719344611720337,-0.044135542212815966,0.00015748,0.04518055862698494,0.00081957,1,0.0
8494,0.25797236855995587,0.006706568514597648,-1.54e-06,1.1164405908824162,4.829651400474193,-48.88197090907499,1.0052136313683062,7.412096928999012,0.12067054082980143,-55.93461916422585,-1.1573229341274334,16.39151926202813,0.6295741068180681,56.30635641897469,0.2719344611720337,-0.016170909655814678,0.00015748,0.016267147292915306,0.00081957,1,0.0
8495,0.3100161820902728,0.012186135702428144,-1.54e-06,1.1164405908824162,4.829651400474193,-56.030696521817575,1.0052136313683062,17.715242639647613,0.12067054082980143,-69.07095732491088,-1.1573229341274334,-16.770004217631648,0.6295741068180681,66.29045699912922,0.2719344611720337,-0.06548480435084367,0.00015748,0.06548126109633154,0.00081957,1,0.0
8496,0.023105028488832197,0.022306891619587276,-1.54e-06,1.1164405908824162,4.829651400474193,-11.260053756362057,1.0052136313683062,15.272716441924397,0.12067054082980143,-33.033474687326766,-1.1573229341274334,-63.79396400978728,0.6295741068180681,20.135577003069425,0.2719344611720337,-0.09332707540973306,0.00015748,0.09323900608460314,0.00081957,1,0.0
8497,0.8563659256779514,0.2079811430987611,-1.54e-06,1.1164405908824162,4.829651400474193,46.053641935927345,1.0052136313683062,73.04651832124384,0.12067054082980143,-99.53443134507569,-1.1573229341274334,-15.625145504909591,0.6295741068180681,36.752149654401045,0.2719344611720337,0.3335412160276259,0.00015748,0.998460778995617,0.00081957,0,0.0
8498,0.14266380241129697,0.0017671696226695364,-1.54e-06,1.1164405908824162,4.829651400474193,-22.566299692379083,1.0052136313683062,5.928747992925321,0.12067054082980143,-21.013381949001715,-1.1573229341274334,-29.65709813772019,0.6295741068180681,27.318438635087798,0.2719344611720337,-0.022036799582211553,0.00015748,0.02205107418204312,0.00081957,1,0.0
8499,0.4997801902137282,0.055751254791669716,-1.54e-06,1.1164405908824162,4.829651400474193,-74.39201547424452,1.0052136313683062,4.610867236211871,0.12067054082980143,-53.57141730722386,-1.1573229341274334,51.89948781850456,0.6295741068180681,77.22201196346296,0.2719344611720337,-0.09430815342838986,0.00015748,0.09428739512581705,0.00081957,1,0.0
8500,0.10043772095573389,0.004845383751609157,-1.54e-06,2.5444746948606527,5.502555075188559,-96.8336973739278,1.0052136313683062,-8.511797565114852,0.12067054082980143,-11.762519814008959,-1.1573229341274334,93.7902596973094,0.6295741068180681,48.39363179819955,0.2719344611720337,-0.0271198093744336,0.00015748,0.02702738346044867,0.00081957,1,0.0
8501,0.0422829743168007,0.001434985141871536,-1.54e-06,2.5444746948606527,5.502555075188559,-47.104123068595406,1.0052136313683062,9.43024587180475,0.12067054082980143,-88.89556343131893,-1.1573229341274334,46.480130135585355,0.6295741068180681,55.7681541035758,0.2719344611720337,-0.02508777203909459,0.00015748,0.025102943451131933,0.00081957,1,0.0
8502,0.05500579041006081,0.00017023459298709466,-1.54e-06,2.5444746948606527,5.502555075188559,-18.14274766578408,1.0052136313683062,2.51741849284609,0.12067054082980143,-13.069196089936815,-1.1573229341274334,-34.97213885786994,0.6295741068180681,19.933822616497576,0.2719344611720337,-0.007363659918369426,0.00015748,0.007360412008253541,0.00081957,1,0.0
8503,-7.349534267231395e-06,0.013968470052929347,-1.54e-06,2.5444746948606527,5.502555075188559,75.815120530656,1.0052136313683062,9.718180596510166,0.12067054082980143,-4.14174474676146,-1.1573229341274334,-99.03479687258987,0.6295741068180681,-22.022312314737604,0.2719344611720337,-0.01040315341807569,0.00015748,0.03545054054140875,0.00081957,1,0.0
8504,0.13082367159185382,0.004404819732230684,-1.54e-06,2.5444746948606527,5.502555075188559,-98.29160166517005,1.0052136313683062,7.815299867529156,0.12067054082980143,-56.003466728563076,-1.1573229341274334,53.09392671034212,0.6295741068180681,59.08916575835402,0.2719344611720337,-0.030814498729855436,0.00015748,0.030776273519509317,0.00081957,1,0.0
8505,0.12051634629977863,0.0016919593048822152,-1.54e-06,2.5444746948606527,5.502555075188559,-99.48617356423362,1.0052136313683062,-0.8028485952320505,0.12067054082980143,-51.768516907859386,-1.1573229341274334,68.21336789274822,0.6295741068180681,68.40411411092093,0.2719344611720337,-0.006728939257952715,0.00015748,0.006791844507290301,0.00081957,1,0.0
8506,0.0001665276477048061,0.028438944113990467,-1.54e-06,2.5444746948606527,5.502555075188559,66.59976067420106,1.0052136313683062,9.012721773215835,0.12067054082980143,-45.42081177262423,-1.1573229341274334,39.609586365139386,0.6295741068180681,-7.382726737255503,0.2719344611720337,0.018356160292959833,0.00015748,0.041101989822038616,0.00081957,0,0.0
8507,0.001155356617504974,0.006226286106527294,-1.54e-06,2.5444746948606527,5.502555075188559,18.145423417547264,1.0052136313683062,5.127558189615439,0.12067054082980143,-21.09462682318505,-1.1573229341274334,-6.748283057936749,0.6295741068180681,1.5880070703212747,0.2719344611720337,-0.005024923643116717,0.00015748,0.016879488469644956,0.00081957,1,0.0
8508,0.14470694556490726,0.0017367367939790344,-1.54e-06,2.5444746948606527,5.502555075188559,-57.288424838325604,1.0052136313683062,9.174073213207274,0.12067054082980143,-62.16292991951836,-1.1573229341274334,-71.16848686600213,0.6295741068180681,66.89790535299174,0.2719344611720337,-0.027267488710968266,0.00015748,0.027383012394020485,0.00081957,1,0.0
8509,-0.00013895593382839966,0.024303552928532188,-1.54e-06,2.5444746948606527,5.502555075188559,83.70251003243696,1.0052136313683062,5.458371291923629,0.12067054082980143,-28.340886131752622,-1.1573229341274334,-80.33445712375052,0.6295741068180681,-2.629786205412944,0.2719344611720337,-0.026610759999890616,0.00015748,0.06419852698902738,0.00081957,1,0.0
8510,0.06592019731199125,0.00020745482185726937,-1.54e-06,2.5444746948606527,5.502555075188559,-58.240189727474224,1.0052136313683062,3.968337690153146,0.12067054082980143,-55.22459558269751,-1.1573229341274334,44.02274057030774,0.6295741068180681,48.279859877113225,0.2719344611720337,-0.008195057927389346,0.00015748,0.008193263593565836,0.00081957,1,0.0
8511,5.3145390425626826e-05,0.01215118427120524,-1.54e-06,2.5444746948606527,5.502555075188559,-5.762521539491015,1.0052136313683062,7.271604817063807,0.12067054082980143,-72.6179763750124,-1.1573229341274334,91.51115192164963,0.6295741068180681,27.03625525499748,0.2719344611720337,-0.000441730323912962,0.00015748,0.024667036603392818,0.00081957,1,0.0
8512,0.1376421304982142,0.06817298413147535,-1.54e-06,2.5444746948606527,5.502555075188559,78.46525158402532,1.0052136313683062,7.0227019746445745,0.12067054082980143,-80.9316488321878,-1.1573229341274334,-99.28501520311292,0.6295741068180681,49.7773435002196,0.2719344611720337,-0.04204259740607807,0.00015748,0.12889203980245875,0.00081957,1,0.0
8513,0.19819912788595198,0.057520203893437365,-1.54e-06,2.5444746948606527,5.502555075188559,-15.644011696242599,1.0052136313683062,-0.45718258999863803,0.12067054082980143,-12.484372982022897,-1.1573229341274334,88.67712276062085,0.6295741068180681,24.95756064621613,0.2719344611720337,0.011568390295693974,0.00015748,0.08301396004538478,0.00081957,0,0.0
8514,0.0393115690304512,0.0010952578067977994,-1.54e-06,2.5444746948606527,5.502555075188559,-64.04879203140294,1.0052136313683062,7.310284709069251,0.12067054082980143,-98.96446360843969,-1.1573229341274334,91.07294371468231,0.6295741068180681,64.96424074102923,0.2719344611720337,-0.020369359863790078,0.00015748,0.020401642417701496,0.00081957,1,0.0
8515,0.06758455122566154,0.00547664305478867,-1.54e-06,2.5444746948606527,5.502555075188559,-16.16000811879424,1.0052136313683062,13.13823701463341,0.12067054082980143,-90.69480723974473,-1.1573229341274334,-67.35042927830386,0.6295741068180681,59.23984252784039,0.2719344611720337,-0.04895580572492475,0.00015748,0.04900116971558728,0.00081957,1,0.0
8516,7.85867810206009e-06,0.01729726483981864,-1.54e-06,2.5444746948606527,5.502555075188559,42.542708254756704,1.0052136313683062,7.442158749399711,0.12067054082980143,-40.74317018802923,-1.1573229341274334,12.780028031386385,0.6295741068180681,1.8808393150562925,0.2719344611720337,0.0018441669640146627,0.00015748,0.032983817908074684,0.00081957,0,0.0
8517,0.0005814983564933901,0.023968103002860033,-1.54e-06,2.5444746948606527,5.502555075188559,65.43812895226654,1.0052136313683062,8.135430821112932,0.12067054082980143,-62.727407495897445,-1.1573229341274334,-65.92469613247661,0.6295741068180681,19.303444111347048,0.2719344611720337,-0.04137201727341403,0.00015748,0.07173546529401945,0.00081957,1,0.0
8518,0.061425341828095115,0.0015628622568522933,-1.54e-06,2.5444746948606527,5.502555075188559,-7.09212194199067,1.0052136313683062,8.487920058840844,0.12067054082980143,-40.54500512888939,-1.1573229341274334,-74.5050133113829,0.6295741068180681,30.946644548291776,0.2719344611720337,-0.027351492908902136,0.00015748,0.027377903598253695,0.00081957,1,0.0
8519,0.3462828477504893,0.0856762098367684,-1.54e-06,2.5444746948606527,5.502555075188559,-68.15588845823669,1.0052136313683062,-1.7247423927076582,0.12067054082980143,-11.09760929901039,-1.1573229341274334,90.4199774453303,0.6295741068180681,56.80333710335232,0.2719344611720337,0.005956120616454688,0.00015748,0.11194331797028416,0.00081957,0,0.0
8520,0.03541342535355921,0.002990679981001712,-1.54e-06,2.5444746948606527,5.502555075188559,-1.4752260541685416,1.0052136313683062,11.10188070924185,0.12067054082980143,-62.77096232378716,-1.1573229341274334,-53.764262884044975,0.6295741068180681,34.52640128658185,0.2719344611720337,-0.03556622623063329,0.00015748,0.03562271165087356,0.00081957,1,0.0
8521,6.109136239323965e-05,0.06245509368087787,-1.54e-06,2.5444746948606527,5.502555075188559,97.34293438936164,1.0052136313683062,20.358089272868355,0.12067054082980143,-29.972816440887748,-1.1573229341274334,63.20954380188564,0.6295741068180681,-48.66274530581768,0.2719344611720337,-0.017036524836537642,0.00015748,0.10255845538651054,0.00081957,1,0.0
8522,0.18388728216727343,0.002294451246142036,-1.54e-06,2.5444746948606527,5.502555075188559,-76.81135630359205,1.0052136313683062,11.84720806493757,0.12067054082980143,-76.507475580948,-1.1573229341274334,-80.07006083176525,0.6295741068180681,82.78363036759815,0.2719344611720337,-0.031179698468938685,0.00015748,0.031224081216358196,0.00081957,1,0.0
8523,0.28718405577541706,0.13221447930567698,-1.54e-06,2.5444746948606527,5.502555075188559,77.564839661274,1.0052136313683062,-7.058883266077371,0.12067054082980143,-16.02011456606848,-1.1573229341274334,-98.49809479845283,0.6295741068180681,47.08741223082682,0.2719344611720337,-0.03166675647221169,0.00015748,0.17715231585063196,0.00081957,1,0.0
8524,0.0001435526884494276,0.019088115550298965,-1.54e-06,2.5444746948606527,5.502555075188559,26.438180052172292,1.0052136313683062,6.1045993725115935,0.12067054082980143,-36.675210451412816,-1.1573229341274334,67.35015677032773,0.6295741068180681,-0.9956033944719385,0.2719344611720337,0.011852111429923168,0.00015748,0.026806020384887486,0.00081957,0,0.0
8525,0.0007799746347245534,0.005540474018021089,-1.54e-06,2.5444746948606527,5.502555075188559,-29.851827456448298,1.0052136313683062,7.937349923233639,0.12067054082980143,-57.71449071629512,-1.1573229341274334,90.29022492255264,0.6295741068180681,22.420889316096307,0.2719344611720337,-0.020345245196237413,0.00015748,0.026606703426105202,0.00081957,1,0.0
8526,0.13940784874467022,0.00292865646018144,-1.54e-06,2.5444746948606527,5.502555075188559,-86.69173822800045,1.0052136313683062,2.4452795211075404,0.12067054082980143,-20.241352308458268,-1.1573229341274334,15.203950361460414,0.6295741068180681,46.61705313121752,0.2719344611720337,-0.021638267500197643,0.00015748,0.021598630501148054,0.00081957,1,0.0
8527,0.0004673261047898336,0.03458241281444261,-1.54e-06,2.5444746948606527,5.502555075188559,72.88258216985983,1.0052136313683062,10.348618256094095,0.12067054082980143,-24.29598836540644,-1.1573229341274334,52.312752461753675,0.6295741068180681,-27.27421924274828,0.2719344611720337,0.01301171611752553,0.00015748,0.05331203095664357,0.00081957,0,0.0
8528,6.814626844903193e-06,0.0332896158085548,-1.54e-06,2.5444746948606527,5.502555075188559,63.32162052981554,1.0052136313683062,14.137470196274233,0.12067054082980143,-88.8080458461833,-1.1573229341274334,76.95821575993747,0.6295741068180681,9.496312714498528,0.2719344611720337,0.012135612245229757,0.00015748,0.056901480282979575,0.00081957,0,0.0
8529,0.003224844364470847,0.03935131637877297,-1.54e-06,2.5444746948606527,5.502555075188559,43.35443728457543,1.0052136313683062,4.93533093637377,0.12067054082980143,-99.75930190711289,-1.1573229341274334,61.99555693279099,0.6295741068180681,40.41546203903688,0.2719344611720337,-0.03255678217822406,0.00015748,0.08632772394348412,0.00081957,1,0.0
8530,0.032530230954211425,0.020062453479797838,-1.54e-06,2.5444746948606527,5.502555075188559,4.329280804254302,1.0052136313683062,21.151958639697238,0.12067054082980143,-50.5669694249291,-1.1573229341274334,-58.2781895254656,0.6295741068180681,7.518068062639935,0.2719344611720337,-0.062167527386793014,0.00015748,0.06198293060645724,0.00081957,1,0.0
8531,0.14283230414368656,0.0013359420223482683,-1.54e-06,2.5444746948606527,5.502555075188559,-88.2572315840306,1.0052136313683062,9.817347348624752,0.12067054082980143,-91.22723598117524,-1.1573229341274334,4.762819871731639,0.6295741068180681,84.22931721532949,0.2719344611720337,-0.02415514880416765,0.00015748,0.024145779104326262,0.00081957,1,0.0
8532,3.3108772951956356e-05,0.005343682947535966,-1.54e-06,2.5444746948606527,5.502555075188559,44.08636577016534,1.0052136313683062,11.108686195948918,0.12067054082980143,-33.879032735672716,-1.1573229341274334,-99.94931295139597,0.6295741068180681,4.390587942350351,0.2719344611720337,-0.034534578385656184,0.00015748,0.038196473036768736,0.00081957,1,0.0
8533,0.09887321435784988,0.0004413182243978009,-1.54e-06,2.5444746948606527,5.502555075188559,-40.95089320193258,1.0052136313683062,2.5521409811796087,0.12067054082980143,-14.822725932640921,-1.1573229341274334,-40.97286812770854,0.6295741068180681,32.8731859564638,0.2719344611720337,-0.004907117489337847,0.00015748,0.00491134226359392,0.00081957,1,0.0
8534,0.03492058784951342,0.0010943471579261917,-1.54e-06,2.5444746948606527,5.502555075188559,-41.8263781605218,1.0052136313683062,7.492355549164517,0.12067054082980143,-78.19420328691123,-1.1573229341274334,44.96962727202237,0.6295741068180681,49.786246961405986,0.2719344611720337,-0.021356464854950442,0.00015748,0.02141525357627868,0.00081957,1,0.0
8535,-1.0658169624228053e-05,0.03012918546578252,-1.54e-06,2.5444746948606527,5.502555075188559,51.24993815307608,1.0052136313683062,8.468184178250747,0.12067054082980143,-90.35916308021916,-1.1573229341274334,28.256310330752566,0.6295741068180681,29.603338630278277,0.2719344611720337,-0.024912892894725487,0.00015748,0.07261950731045722,0.00081957,1,0.0
8536,0.0012855123511141923,0.0001998355285802269,-1.54e-06,2.5444746948606527,5.502555075188559,-40.79750724661144,1.0052136313683062,-0.3222863593310604,0.12067054082980143,-30.414607539183734,-1.1573229341274334,96.114023556869,0.6295741068180681,20.41086909004867,0.2719344611720337,-0.009518175285990202,0.00015748,0.009531583345968172,0.00081957,1,0.0
8537,8.946150684396859e-05,0.021761219875402825,-1.54e-06,2.5444746948606527,5.502555075188559,49.303444980764425,1.0052136313683062,9.658338864883829,0.12067054082980143,-12.463295696758609,-1.1573229341274334,7.451009736253595,0.6295741068180681,-22.32342694398062,0.2719344611720337,-0.006593218609384156,0.00015748,0.04302748907195676,0.00081957,1,0.0
8538,0.07113743516496743,0.0010108815172394032,-1.54e-06,2.5444746948606527,5.502555075188559,-59.859048167731565,1.0052136313683062,3.4328878750460703,0.12067054082980143,-64.559788911007,-1.1573229341274334,38.62566952018968,0.6295741068180681,57.24508637532152,0.2719344611720337,-0.015343100013564653,0.00015748,0.015346810923693647,0.00081957,1,0.0
8539,0.000551971926182171,0.022923605003325877,-1.54e-06,2.5444746948606527,5.502555075188559,42.71751973888455,1.0052136313683062,12.072521215440318,0.12067054082980143,-97.55275197223712,-1.1573229341274334,3.226873774951047,0.6295741068180681,33.6957817618874,0.2719344611720337,-0.03154369565803232,0.00015748,0.066349331874844,0.00081957,1,0.0
8540,0.12919356511254926,0.011203295002600276,-1.54e-06,2.5444746948606527,5.502555075188559,-76.62601895049931,1.0052136313683062,17.06962854475799,0.12067054082980143,-75.84824904376534,-1.1573229341274334,1.5616535161221357,0.6295741068180681,56.9649340051353,0.2719344611720337,-0.049708664376717386,0.00015748,0.04980049758578264,0.00081957,1,0.0
8541,0.08629642628802195,0.0017685104178389978,-1.54e-06,2.5444746948606527,5.502555075188559,-29.77464873129881,1.0052136313683062,9.746437829458293,0.12067054082980143,-60.48376660209809,-1.1573229341274334,-56.05164801217949,0.6295741068180681,48.926864796265505,0.2719344611720337,-0.02952354766523703,0.00015748,0.029546399512330006,0.00081957,1,0.0
8542,0.05937569925591825,0.02265014641630394,-1.54e-06,2.5444746948606527,5.502555075188559,-3.661096802673705,1.0052136313683062,6.71862842341197,0.12067054082980143,-98.79653182372556,-1.1573229341274334,-87.7377811033028,0.6295741068180681,74.10593261592517,0.2719344611720337,-0.07977706640592513,0.00015748,0.08091689685795425,0.00081957,1,0.0
8543,0.004065790374242151,0.012342611249779444,-1.54e-06,2.5444746948606527,5.502555075188559,13.840200638099153,1.0052136313683062,3.9552049501588136,0.12067054082980143,-62.03868011873798,-1.1573229341274334,-9.022178576657437,0.6295741068180681,33.220287627448826,0.2719344611720337,-0.037482295672522384,0.00015748,0.049072011882058564,0.00081957,1,0.0
8544,0.0006793495659103144,0.015860588110279777,-1.54e-06,2.5444746948606527,5.502555075188559,78.42383848407013,1.0052136313683062,9.655650488705916,0.12067054082980143,-17.85368960049123,-1.1573229341274334,-95.1368377908276,0.6295741068180681,-13.690921330668765,0.2719344611720337,-0.014310052192034687,0.00015748,0.043279278300044105,0.00081957,1,0.0
8545,0.21293820859994927,0.0019803340768268277,-1.54e-06,2.5444746948606527,5.502555075188559,-92.56788316162063,1.0052136313683062,7.221030113416899,0.12067054082980143,-52.94846237217209,-1.1573229341274334,-80.14739183515658,0.6295741068180681,82.27958348971195,0.2719344611720337,-0.017568720935339528,0.00015748,0.017585006555478035,0.00081957,1,0.0
8546,0.0002677537845616751,0.012239133705943907,-1.54e-06,2.5444746948606527,5.502555075188559,43.9261095262172,1.0052136313683062,8.865001717635097,0.12067054082980143,-50.5661833654101,-1.1573229341274334,-52.3480177208087,0.6295741068180681,13.807034881862887,0.2719344611720337,-0.028284919799464184,0.00015748,0.04634879130128018,0.00081957,1,0.0
8547,0.1252163166738477,0.0009344678540320095,-1.54e-06,2.5444746948606527,5.502555075188559,-33.39535848592249,1.0052136313683062,5.569998676606588,0.12067054082980143,-22.227498534924024,-1.1573229341274334,-98.4077693951449,0.6295741068180681,40.74999214396323,0.2719344611720337,-0.017599534213113412,0.00015748,0.017587946120430086,0.00081957,1,0.0
8548,0.000652655635532573,0.0353674600759821,-1.54e-06,2.5444746948606527,5.502555075188559,88.08561841365739,1.0052136313683062,16.49875666803051,0.12067054082980143,-88.49168869541595,-1.1573229341274334,20.3589902710214,0.6295741068180681,5.645089860476563,0.2719344611720337,0.00041559397898800754,0.00015748,0.07032140684917344,0.00081957,0,0.0
8549,0.00027389888085971315,0.020777475530234048,-1.54e-06,2.5444746948606527,5.502555075188559,52.130271319318084,1.0052136313683062,22.537235189718718,0.12067054082980143,-91.9103588062463,-1.1573229341274334,-61.89709546207897,0.6295741068180681,17.253087907102575,0.2719344611720337,-0.045389916133303176,0.00015748,0.06694104975811586,0.00081957,1,0.0
8550,0.027672087579642186,0.016289761823634598,-1.54e-06,2.5444746948606527,5.502555075188559,14.409982442513925,1.0052136313683062,0.5895178796563626,0.12067054082980143,-47.712180784867016,-1.1573229341274334,-82.27149519730251,0.6295741068180681,40.876088552476475,0.2719344611720337,-0.06364267230941016,0.00015748,0.06446706225820976,0.00081957,1,0.0
8551,0.00019722303311842104,0.01295090529744943,-1.54e-06,2.5444746948606527,5.502555075188559,28.100287324446885,1.0052136313683062,8.480338163802585,0.12067054082980143,-50.85688266527188,-1.1573229341274334,11.812694339903425,0.6295741068180681,10.96269876253744,0.2719344611720337,-0.007518388701015063,0.00015748,0.0323002421558584,0.00081957,1,0.0
8552,0.11033330221851169,0.0008815814265169366,-1.54e-06,2.5444746948606527,5.502555075188559,-55.45214589881223,1.0052136313683062,0.5147506795945976,0.12067054082980143,-10.473728903151137,-1.1573229341274334,-20.564163542120728,0.6295741068180681,36.09276319259715,0.2719344611720337,-0.0037233812049322435,0.00015748,0.0038261954038547067,0.00081957,1,0.0
8553,0.1335415536150898,0.0010648801529350614,-1.54e-06,2.5444746948606527,5.502555075188559,-47.00692442176725,1.0052136313683062,7.09999310092712,0.12067054082980143,-40.08184476582403,-1.1573229341274334,-78.41324593879553,0.6295741068180681,52.35381789537462,0.2719344611720337,-0.020110142347818414,0.00015748,0.02011294472373346,0.00081957,1,0.0
8554,0.16060288738524742,0.019221256402792538,-1.54e-06,2.5444746948606527,5.502555075188559,-65.78024615993824,1.0052136313683062,1.3737694143874473,0.12067054082980143,-39.6920794274218,-1.1573229341274334,43.311246622966635,0.6295741068180681,55.0369413575485,0.2719344611720337,0.0065276743755959266,0.00015748,0.025803477127147922,0.00081957,0,0.0
8555,-5.913839177668079e-05,0.019862825303669018,-1.54e-06,2.5444746948606527,5.502555075188559,0.8553551232516704,1.0052136313683062,20.668801188048608,0.12067054082980143,-82.73332219343885,-1.1573229341274334,26.618518144112002,0.6295741068180681,16.972147151055808,0.2719344611720337,-0.050652612251958024,0.00015748,0.06019795048640378,0.00081957,1,0.0
8556,0.029603009593576632,0.010533449980315503,-1.54e-06,2.5444746948606527,5.502555075188559,-12.985619718197466,1.0052136313683062,-2.952496463342193,0.12067054082980143,-38.0738642702546,-1.1573229341274334,-16.345631385813377,0.6295741068180681,39.84362709720495,0.2719344611720337,-0.04610509862833269,0.00015748,0.04665464327021325,0.00081957,1,0.0
8557,0.13741714535559324,0.0016792666046129782,-1.54e-06,2.5444746948606527,5.502555075188559,-51.46808169659083,1.0052136313683062,9.79683733092939,0.12067054082980143,-60.30098818173344,-1.1573229341274334,-75.0227490568081,0.6295741068180681,62.64913634947192,0.2719344611720337,-0.027906508143543465,0.00015748,0.0279443984708592,0.00081957,1,0.0
8558,0.14239356201136244,0.004220147306228141,-1.54e-06,2.5444746948606527,5.502555075188559,-59.53431212766017,1.0052136313683062,16.323303714142238,0.12067054082980143,-87.00333964395327,-1.1573229341274334,-63.77054647187641,0.6295741068180681,70.843436179093,0.2719344611720337,-0.04013762960034053,0.00015748,0.04012801481276313,0.00081957,1,0.0
8559,0.19353789881963146,0.001963303324958103,-1.54e-06,2.5444746948606527,5.502555075188559,-99.56449701151693,1.0052136313683062,4.271471700461964,0.12067054082980143,-54.20908170223671,-1.1573229341274334,-35.752819958427345,0.6295741068180681,82.42592554518836,0.2719344611720337,-0.011710558120888852,0.00015748,0.011745423864948644,0.00081957,1,0.0
8560,0.18487658831420356,0.005186270359940489,-1.54e-06,2.5444746948606527,5.502555075188559,-95.03197859656488,1.0052136313683062,-1.6149150493908715,0.12067054082980143,-36.10148665752036,-1.1573229341274334,-34.38689259766764,0.6295741068180681,77.93619718026095,0.2719344611720337,-0.02141653603462968,0.00015748,0.021378185793909016,0.00081957,1,0.0
8561,0.09821379987847484,0.0028744863316698993,-1.54e-06,2.5444746948606527,5.502555075188559,-38.60533636942374,1.0052136313683062,8.728056020793622,0.12067054082980143,-71.8798345107802,-1.1573229341274334,-53.557340632150215,0.6295741068180681,61.840346999478,0.2719344611720337,-0.03510609542020024,0.00015748,0.03510539292056891,0.00081957,1,0.0
8562,0.11610692463374134,0.002259123756397699,-1.54e-06,2.5444746948606527,5.502555075188559,-33.3315530730541,1.0052136313683062,11.7704920826115,0.12067054082980143,-57.29082324368115,-1.1573229341274334,-88.50177789573456,0.6295741068180681,51.591640699542516,0.2719344611720337,-0.03195109055595512,0.00015748,0.032044409482028344,0.00081957,1,0.0
8563,-1.647886150404898e-05,0.014879771515308214,-1.54e-06,2.5444746948606527,5.502555075188559,8.512159752630314,1.0052136313683062,11.219928197762544,0.12067054082980143,-88.92769084140896,-1.1573229341274334,66.27478272778703,0.6295741068180681,30.59131669350658,0.2719344611720337,-0.011303144420707036,0.00015748,0.03889621024983678,0.00081957,1,0.0
8564,0.12384388464447033,0.0014898970567148386,-1.54e-06,2.5444746948606527,5.502555075188559,-50.80887377989486,1.0052136313683062,9.377824318948226,0.12067054082980143,-62.58558989042782,-1.1573229341274334,-57.710156937070415,0.6295741068180681,61.074236387146705,0.2719344611720337,-0.026715597034358742,0.00015748,0.02672580432714992,0.00081957,1,0.0
8565,0.0895451011865339,0.00039305686816362045,-1.54e-06,2.5444746948606527,5.502555075188559,-30.316477337808195,1.0052136313683062,2.7862261671976825,0.12067054082980143,-14.352174269829982,-1.1573229341274334,-54.269981702479825,0.6295741068180681,29.892565593659334,0.2719344611720337,-0.008518919000457053,0.00015748,0.00851932958255914,0.00081957,1,0.0
8566,0.1745032990106076,0.0018100938245118772,-1.54e-06,2.5444746948606527,5.502555075188559,-65.8954118761849,1.0052136313683062,9.988267295258073,0.12067054082980143,-57.84987822243589,-1.1573229341274334,-91.80534991176714,0.6295741068180681,70.78252114373632,0.2719344611720337,-0.026414363250570665,0.00015748,0.02641102201468981,0.00081957,1,0.0
8567,2.400065729057932e-05,0.01259758182167683,-1.54e-06,2.5444746948606527,5.502555075188559,63.09611430054697,1.0052136313683062,8.829974992825319,0.12067054082980143,-14.988823266646445,-1.1573229341274334,-76.17803606360548,0.6295741068180681,-12.5312764252921,0.2719344611720337,-0.011141037545670033,0.00015748,0.03423246929876822,0.00081957,1,0.0
8568,0.13158271529073656,0.001010827470623048,-1.54e-06,2.5444746948606527,5.502555075188559,-66.98876378826645,1.0052136313683062,8.021405823541343,0.12067054082980143,-63.31220537757069,-1.1573229341274334,-28.665616777138123,0.6295741068180681,65.5268158407,0.2719344611720337,-0.020069538114579236,0.00015748,0.020061746339130663,0.00081957,1,0.0
8569,0.22102672678561677,0.14814690608370276,-1.54e-06,2.5444746948606527,5.502555075188559,84.47491242762813,1.0052136313683062,-11.748122138349531,0.12067054082980143,-26.750356171124874,-1.1573229341274334,87.50868339012054,0.6295741068180681,30.16883228880168,0.2719344611720337,-0.016674431288679,0.00015748,0.19331392450085116,0.00081957,1,0.0
8570,0.0018085593864641814,0.010975101186731975,-1.54e-06,2.5444746948606527,5.502555075188559,27.246130529816856,1.0052136313683062,14.788544630195847,0.12067054082980143,-18.771998809728814,-1.1573229341274334,-68.58655820076996,0.6295741068180681,-11.423683144670559,0.2719344611720337,-0.04441553064002082,0.00015748,0.04436177351971739,0.00081957,1,0.0
8571,2.4839000578591452e-05,0.010936624229055029,-1.54e-06,2.5444746948606527,5.502555075188559,46.41900089868381,1.0052136313683062,11.45522935306171,0.12067054082980143,-43.37565275036445,-1.1573229341274334,-59.580110535042394,0.6295741068180681,4.63558275065825,0.2719344611720337,-0.02329220602137267,0.00015748,0.04030363963744673,0.00081957,1,0.0
8572,0.00044448028755672553,0.01281115426241931,-1.54e-06,2.5444746948606527,5.502555075188559,35.70577708937434,1.0052136313683062,3.1072107635501176,0.12067054082980143,-8.861794858405641,-1.1573229341274334,2.107805504164657,0.6295741068180681,-9.102715793312385,0.2719344611720337,0.009340165617905022,0.00015748,0.016778680844979462,0.00081957,0,0.0
8573,0.3123798680666078,0.0780866552333104,-1.54e-06,2.5444746948606527,5.502555075188559,-25.24372435216023,1.0052136313683062,-1.3699472687036471,0.12067054082980143,-43.12318312889354,-1.1573229341274334,-12.808402163300295,0.6295741068180681,75.41498736396574,0.2719344611720337,0.0022903762007637496,0.00015748,0.10508790614182656,0.00081957,0,0.0
8574,0.14092155315070223,0.0024235901578159957,-1.54e-06,2.5444746948606527,5.502555075188559,-63.253531536489895,1.0052136313683062,12.790559309942104,0.12067054082980143,-85.70336668646263,-1.1573229341274334,-53.405125652812316,0.6295741068180681,75.61827730657804,0.2719344611720337,-0.034278003538337584,0.00015748,0.03432059901798641,0.00081957,1,0.0
8575,0.04968414165220381,0.0010683109196205154,-1.54e-06,2.5444746948606527,5.502555075188559,-64.15452175263057,1.0052136313683062,-2.7072351021787577,0.12067054082980143,-34.5119328362317,-1.1573229341274334,83.35601297440297,0.6295741068180681,40.62585868200129,0.2719344611720337,-0.0099206501158319,0.00015748,0.009935997637987415,0.00081957,1,0.0
8576,0.00013067163149660388,0.025179790908341885,-1.54e-06,2.5444746948606527,5.502555075188559,70.56631839545906,1.0052136313683062,6.664059042115206,0.12067054082980143,-17.60707546244145,-1.1573229341274334,7.7037558219021385,0.6295741068180681,-19.35374865593381,0.2719344611720337,0.020435310372644656,0.00015748,0.03180505627063062,0.00081957,0,0.0
8577,0.004787835953002834,0.024478895184009267,-1.54e-06,2.5444746948606527,5.502555075188559,-46.05566822651855,1.0052136313683062,-12.85664655217552,0.12067054082980143,-43.49094812539553,-1.1573229341274334,97.40914512348937,0.6295741068180681,52.63281654155634,0.2719344611720337,-0.06334392081023046,0.00015748,0.06370553719991923,0.00081957,1,0.0
8578,0.0005140534020654508,0.009551162304031234,-1.54e-06,2.5444746948606527,5.502555075188559,21.38959998000583,1.0052136313683062,11.471720708192683,0.12067054082980143,-86.71335970881668,-1.1573229341274334,-63.64727538684896,0.6295741068180681,41.324402536593226,0.2719344611720337,-0.05758660500732297,0.00015748,0.0581348030767723,0.00081957,1,0.0
8579,0.14477459024040448,0.03492512193691052,-1.54e-06,2.5444746948606527,5.502555075188559,37.16312403922645,1.0052136313683062,11.400057302281176,0.12067054082980143,-30.940096632571677,-1.1573229341274334,-61.27386675078779,0.6295741068180681,15.357065187589091,0.2719344611720337,0.023077127853525146,0.00015748,0.044874282251603365,0.00081957,0,0.0
8580,0.016220030787112483,0.003693429591778906,-1.54e-06,2.5444746948606527,5.502555075188559,22.522052988506086,1.0052136313683062,11.300843840961198,0.12067054082980143,-49.5988157375509,-1.1573229341274334,-84.58393939455365,0.6295741068180681,20.445849737143014,0.2719344611720337,-0.038506715619721084,0.00015748,0.03850366495410885,0.00081957,1,0.0
8581,0.17820134322104042,0.007590534299143843,-1.54e-06,2.5444746948606527,5.502555075188559,-66.80172211544817,1.0052136313683062,-0.9906212524613077,0.12067054082980143,-29.404108989736912,-1.1573229341274334,-94.67445425083413,0.6295741068180681,71.45128313882351,0.2719344611720337,-0.035462871002089315,0.00015748,0.03548804227833962,0.00081957,1,0.0
8582,0.1081845653827741,0.0026394859674418306,-1.54e-06,2.5444746948606527,5.502555075188559,-69.34726124665825,1.0052136313683062,9.30438430213248,0.12067054082980143,-98.80790960258787,-1.1573229341274334,6.125803124598322,0.6295741068180681,81.12428661650878,0.2719344611720337,-0.03225542017676919,0.00015748,0.03245351677744056,0.00081957,1,0.0
8583,0.0002165968367975335,0.007337234846658276,-1.54e-06,2.5444746948606527,5.502555075188559,23.5504115554346,1.0052136313683062,15.096820936101885,0.12067054082980143,-48.611840597337746,-1.1573229341274334,-56.227153460121016,0.6295741068180681,7.614310188356598,0.2719344611720337,-0.038878620626684346,0.00015748,0.040491871429230275,0.00081957,1,0.0
8584,0.0003079634362599115,0.02744397530336974,-1.54e-06,2.5444746948606527,5.502555075188559,51.52743910494297,1.0052136313683062,15.635473927738243,0.12067054082980143,-31.841983328882797,-1.1573229341274334,1.204153031351485,0.6295741068180681,-19.2853767947619,0.2719344611720337,-0.022036601023474347,0.00015748,0.05860571005158487,0.00081957,1,0.0
8585,0.15340952227406815,0.0009582985438479121,-1.54e-06,2.5444746948606527,5.502555075188559,-87.3558560075093,1.0052136313683062,5.581074412967903,0.12067054082980143,-56.202051535856455,-1.1573229341274334,-8.310056044643144,0.6295741068180681,70.31468324453292,0.2719344611720337,-0.01079232335022976,0.00015748,0.01081973891231641,0.00081957,1,0.0
8586,0.08575789534688733,0.002003364672839137,-1.54e-06,2.5444746948606527,5.502555075188559,-43.75355020658297,1.0052136313683062,10.641629486448782,0.12067054082980143,-80.25690283114557,-1.1573229341274334,-23.01561186931991,0.6295741068180681,60.416140308621,0.2719344611720337,-0.03130698074623603,0.00015748,0.0313136583862539,0.00081957,1,0.0
8587,0.12380022371042372,0.00425610084829996,-1.54e-06,2.5444746948606527,5.502555075188559,-35.11549011873653,1.0052136313683062,15.992981477237418,0.12067054082980143,-82.03343218817675,-1.1573229341274334,-97.98754605643819,0.6295741068180681,63.63148936065396,0.2719344611720337,-0.044212940704837805,0.00015748,0.04422518123662117,0.00081957,1,0.0
8588,0.1783662897214018,0.011286777763835666,-1.54e-06,2.5444746948606527,5.502555075188559,-97.80817952573447,1.0052136313683062,-6.882176668803181,0.12067054082980143,-26.984853609795035,-1.1573229341274334,-17.96419336259759,0.6295741068180681,78.82540269524897,0.2719344611720337,-0.03631618942627529,0.00015748,0.03647451833089528,0.00081957,1,0.0
8589,0.10808367615149544,0.050683371865503486,-1.54e-06,2.5444746948606527,5.502555075188559,-62.37388237001762,1.0052136313683062,-16.52865590683503,0.12067054082980143,-32.42910723695849,-1.1573229341274334,8.592342957777683,0.6295741068180681,78.50423647256898,0.2719344611720337,-0.08738820137697412,0.00015748,0.09314196161580673,0.00081957,1,0.0
8590,0.0016974071358555887,0.04175287131328321,-1.54e-06,2.5444746948606527,5.502555075188559,54.609396412801345,1.0052136313683062,16.247497981647154,0.12067054082980143,-9.350297380474826,-1.1573229341274334,18.268228596003006,0.6295741068180681,-38.414010530120876,0.2719344611720337,-0.03819960807201513,0.00015748,0.08104743594614328,0.00081957,1,0.0
8591,0.00016333016940746348,0.0017703674314909388,-1.54e-06,2.5444746948606527,5.502555075188559,-19.88627840063505,1.0052136313683062,7.045157400398154,0.12067054082980143,-66.64459057082902,-1.1573229341274334,46.32775087585605,0.6295741068180681,32.73698065446861,0.2719344611720337,-0.01900515549770017,0.00015748,0.020388029242115156,0.00081957,1,0.0
8592,0.16233428832166463,0.0010917026724277907,-1.54e-06,2.5444746948606527,5.502555075188559,-79.86896897554672,1.0052136313683062,5.883722300860149,0.12067054082980143,-49.198187299934965,-1.1573229341274334,-38.94457556305742,0.6295741068180681,67.82441015456799,0.2719344611720337,-0.012741578163171008,0.00015748,0.012745750058705235,0.00081957,1,0.0
8593,0.00012360533403343865,0.006955442503675109,-1.54e-06,2.5444746948606527,5.502555075188559,19.21814911262875,1.0052136313683062,13.918940459393598,0.12067054082980143,-76.05784536940689,-1.1573229341274334,-41.28121885135322,0.6295741068180681,27.616219488020395,0.2719344611720337,-0.040408818501720435,0.00015748,0.04463711794459967,0.00081957,1,0.0
8594,0.10131474896529868,0.10374682888039324,-1.54e-06,2.5444746948606527,5.502555075188559,38.94646892051168,1.0052136313683062,-15.858641227158206,0.12067054082980143,-26.905166961049478,-1.1573229341274334,63.516448522714086,0.6295741068180681,38.95617928189376,0.2719344611720337,-0.060024226989117954,0.00015748,0.14978750142741604,0.00081957,1,0.0
8595,0.05966115267401537,0.00016026461747756693,-1.54e-06,2.5444746948606527,5.502555075188559,-27.16482271869849,1.0052136313683062,2.0299477282987395,0.12067054082980143,-16.58115315593982,-1.1573229341274334,-19.655428024382434,0.6295741068180681,24.21118127907331,0.2719344611720337,-0.005123853076893755,0.00015748,0.0051267714697524145,0.00081957,1,0.0
8596,0.009328709200956978,0.00356374712612986,-1.54e-06,2.5444746948606527,5.502555075188559,-35.58271784926254,1.0052136313683062,2.3997934077910728,0.12067054082980143,-11.895187851615571,-1.1573229341274334,75.91287367072027,0.6295741068180681,5.121567337789696,0.2719344611720337,-0.03005315913720323,0.00015748,0.030084601583708,0.00081957,1,0.0
8597,0.07592102903630264,0.01899415254261621,-1.54e-06,2.5444746948606527,5.502555075188559,27.1081478631991,1.0052136313683062,6.801317874104193,0.12067054082980143,-10.828744140645554,-1.1573229341274334,-45.141741003732065,0.6295741068180681,2.530995420009234,0.2719344611720337,0.010914694901121812,0.00015748,0.02610802062067761,0.00081957,0,0.0
8598,0.12641729025655118,0.001830731226227953,-1.54e-06,2.5444746948606527,5.502555075188559,-62.00373259302442,1.0052136313683062,3.2420307860548165,0.12067054082980143,-47.14480687677657,-1.1573229341274334,-32.387932701213444,0.6295741068180681,61.34495387080761,0.2719344611720337,-0.018486018422345055,0.00015748,0.01867690483709218,0.00081957,1,0.0
8599,0.12871817093008728,0.0047362529804235555,-1.54e-06,2.5444746948606527,5.502555075188559,-82.6964782974152,1.0052136313683062,0.1816385039166796,0.12067054082980143,-62.47048106398487,-1.1573229341274334,12.334717788494396,0.6295741068180681,77.32586945696906,0.2719344611720337,-0.02631168868286903,0.00015748,0.026424708148222068,0.00081957,1,0.0
8600,0.7093904241771847,0.34650660110424125,-1.54e-06,2.5001981170100263,3.054458114527892,58.74256847539324,1.0052136313683062,19.503690133669455,0.12067054082980143,-92.45604819091722,-1.1573229341274334,-34.497941784826935,0.6295741068180681,46.78166714866459,0.2719344611720337,-0.0643156909353817,0.00015748,0.4863186464883327,0.00081957,1,0.0
8601,0.975409186750988,0.41968061677249435,-1.54e-06,2.5001981170100263,3.054458114527892,-12.325258435681256,1.0052136313683062,15.889427347834687,0.12067054082980143,-38.01578405219009,-1.1573229341274334,-75.65543434644393,0.6295741068180681,50.469670309868306,0.2719344611720337,-0.34024640415244606,0.00015748,0.3471556687649385,0.00081957,1,0.0
8602,0.5294053803504621,1.8663977850873035,-1.54e-06,2.5001981170100263,3.054458114527892,63.295577996835206,1.0052136313683062,-8.056225436430731,0.12067054082980143,-16.596299558211538,-1.1573229341274334,63.22665343661707,0.6295741068180681,5.255610997396952,0.2719344611720337,-0.03493524852660401,0.00015748,1.5763989361711945,0.00081957,1,0.0
8603,0.6242721906512823,0.1661515678849912,-1.54e-06,2.5001981170100263,3.054458114527892,33.8110635921471,1.0052136313683062,10.826371049736371,0.12067054082980143,-20.680447327170988,-1.1573229341274334,-77.76217826523713,0.6295741068180681,21.114307335954237,0.2719344611720337,-0.2538792913057469,0.00015748,0.2555939302222086,0.00081957,1,0.0
8604,0.28812669431823434,0.11075358351987374,-1.54e-06,2.5001981170100263,3.054458114527892,20.83431369356005,1.0052136313683062,9.732843364382493,0.12067054082980143,-51.00344424892317,-1.1573229341274334,-19.94836441650661,0.6295741068180681,29.92678597222561,0.2719344611720337,-0.23227727238729706,0.00015748,0.23483685787134806,0.00081957,1,0.0
8605,-0.004583848502342391,5.377050011460368,-1.54e-06,2.5001981170100263,3.054458114527892,-54.35308530596737,1.0052136313683062,28.387133864377734,0.12067054082980143,-47.52803484735466,-1.1573229341274334,-13.989092507469625,0.6295741068180681,2.4820011274815537,0.2719344611720337,-1.4674866662128432,0.00015748,1.05772053996713,0.00081957,1,0.0
8606,0.0011499114666660426,0.41789846525049856,-1.54e-06,2.5001981170100263,3.054458114527892,47.82626611003112,1.0052136313683062,3.506441400698969,0.12067054082980143,-50.97336321637235,-1.1573229341274334,94.25686782240744,0.6295741068180681,-7.01026598930836,0.2719344611720337,0.17082060089072798,0.00015748,1.0360550053415525,0.00081957,0,0.0
8607,0.5757124124869255,0.08671839043267832,-1.54e-06,2.5001981170100263,3.054458114527892,-5.590921958114771,1.0052136313683062,7.454507239724576,0.12067054082980143,-33.905365131771795,-1.1573229341274334,-35.509420939258106,0.6295741068180681,41.19740107685539,0.2719344611720337,-0.16799455339411137,0.00015748,0.16866194658381436,0.00081957,1,0.0
8608,0.06821476410239202,0.3641742163701782,-1.54e-06,2.5001981170100263,3.054458114527892,-94.60031091118222,1.0052136313683062,-13.309532816974876,0.12067054082980143,-15.241722926616577,-1.1573229341274334,84.97702352692889,0.6295741068180681,54.716941688755064,0.2719344611720337,-0.3278416521003519,0.00015748,0.3432282383101969,0.00081957,1,0.0
8609,0.0013587143311699634,0.12872777177921763,-1.54e-06,2.5001981170100263,3.054458114527892,63.06133106496963,1.0052136313683062,9.446178840341942,0.12067054082980143,-40.8548363150913,-1.1573229341274334,-3.0691449329617337,0.6295741068180681,-6.280188783591596,0.2719344611720337,0.054785202351341045,0.00015748,0.2555380752758519,0.00081957,0,0.0
8610,1.530505301223203,0.9540609399223087,-1.54e-06,2.5001981170100263,3.054458114527892,39.25609202082655,1.0052136313683062,12.617909810797903,0.12067054082980143,-58.19420841534614,-1.1573229341274334,-84.82842807664476,0.6295741068180681,74.48923558548381,0.2719344611720337,0.0021340725104936897,0.00015748,0.6472596813106688,0.00081957,0,0.0
8611,0.24981974840236876,0.17084959704613353,-1.54e-06,2.5001981170100263,3.054458114527892,28.72064123212328,1.0052136313683062,13.610644207947622,0.12067054082980143,-95.23379792056555,-1.1573229341274334,28.368846617443012,0.6295741068180681,43.018782420680154,0.2719344611720337,0.015043833274293483,0.00015748,0.3336741688525269,0.00081957,0,0.0
8612,0.6921112769635093,0.19805977985674753,-1.54e-06,2.5001981170100263,3.054458114527892,4.7145656021200875,1.0052136313683062,10.467311552623555,0.12067054082980143,-57.11721461369282,-1.1573229341274334,-40.91254127931184,0.6295741068180681,56.25517566342074,0.2719344611720337,-0.2738026430034344,0.00015748,0.28385997019419795,0.00081957,1,0.0
8613,0.0007388361251072506,0.29152318811837014,-1.54e-06,2.5001981170100263,3.054458114527892,43.91598601786988,1.0052136313683062,1.322768375313126,0.12067054082980143,-7.781636658893872,-1.1573229341274334,29.87319091415404,0.6295741068180681,-20.67285158578089,0.2719344611720337,0.09216561824741268,0.00015748,0.5833883585150633,0.00081957,0,0.0
8614,0.8326838265812515,1.7667331131316062,-1.54e-06,2.5001981170100263,3.054458114527892,-76.76911591738023,1.0052136313683062,20.637783402803386,0.12067054082980143,-61.74754060512848,-1.1573229341274334,-36.60863006295492,0.6295741068180681,69.27417444697461,0.2719344611720337,-0.8261458413198509,0.00015748,0.578180861352437,0.00081957,1,0.0
8615,0.00248380575679108,0.12644097827051742,-1.54e-06,2.5001981170100263,3.054458114527892,34.27489345108044,1.0052136313683062,9.6466889749232,0.12067054082980143,-74.37622455462073,-1.1573229341274334,40.960770945120764,0.6295741068180681,20.998242671072617,0.2719344611720337,0.12219092843730904,0.00015748,0.25243454583282743,0.00081957,0,0.0
8616,0.473600035214616,0.05255667227283626,-1.54e-06,2.5001981170100263,3.054458114527892,-92.35229527560695,1.0052136313683062,-1.3496459763765154,0.12067054082980143,-40.8697912403983,-1.1573229341274334,45.16230669526801,0.6295741068180681,72.28155449995603,0.2719344611720337,-0.07843922405261188,0.00015748,0.07753427524379068,0.00081957,1,0.0
8617,-0.0016242296879285245,0.3611449146246797,-1.54e-06,2.5001981170100263,3.054458114527892,-42.57166242506386,1.0052136313683062,-4.973564510320794,0.12067054082980143,-25.308397683925804,-1.1573229341274334,85.55985262650678,0.6295741068180681,24.16798610071202,0.2719344611720337,-0.09210038460409342,0.00015748,0.5276291308316375,0.00081957,1,0.0
8618,0.38148528974948615,0.5422935419361841,-1.54e-06,2.5001981170100263,3.054458114527892,2.3609336507657934,1.0052136313683062,2.1734256491477115,0.12067054082980143,-86.17128119828364,-1.1573229341274334,84.7184056448239,0.6295741068180681,56.93324535787539,0.2719344611720337,0.0850229684245925,0.00015748,0.7465315589816084,0.00081957,0,0.0
8619,0.005070940626244136,0.44141661330996373,-1.54e-06,2.5001981170100263,3.054458114527892,24.980862826638646,1.0052136313683062,7.665306813284483,0.12067054082980143,-57.81733158578922,-1.1573229341274334,86.42310933231161,0.6295741068180681,0.462690484933426,0.2719344611720337,0.09419032090658536,0.00015748,0.8717758199304779,0.00081957,0,0.0
8620,0.8462781791201781,0.13078641754730133,-1.54e-06,2.5001981170100263,3.054458114527892,-42.41737916765944,1.0052136313683062,8.79980288183448,0.12067054082980143,-58.37844957236261,-1.1573229341274334,-22.20907828157825,0.6295741068180681,76.65835316957654,0.2719344611720337,-0.17353437709009004,0.00015748,0.17376028668920732,0.00081957,1,0.0
8621,1.054776377484236,0.545691115680736,-1.54e-06,2.5001981170100263,3.054458114527892,44.14988581482163,1.0052136313683062,21.226745983677056,0.12067054082980143,-84.4971790516088,-1.1573229341274334,-87.66758743537447,0.6295741068180681,65.61776740077042,0.2719344611720337,-0.39920287066585486,0.00015748,0.5092945177325863,0.00081957,1,0.0
8622,1.2290127108722304,1.090941390076235,-1.54e-06,2.5001981170100263,3.054458114527892,-33.51544626048069,1.0052136313683062,-0.8335919779876049,0.12067054082980143,-43.312941103043386,-1.1573229341274334,-23.898582090466427,0.6295741068180681,91.96587666139129,0.2719344611720337,-0.24649627525280993,0.00015748,0.626744782905271,0.00081957,1,0.0
8623,0.19108870467694494,0.21996499407840117,-1.54e-06,2.5001981170100263,3.054458114527892,56.909113560178675,1.0052136313683062,6.058057085436131,0.12067054082980143,-40.95870445664301,-1.1573229341274334,6.599590014935693,0.6295741068180681,5.731819026968204,0.2719344611720337,0.11432356107018093,0.00015748,0.40125659709732775,0.00081957,0,0.0
8624,1.1601060120222084,2.5877614346396047,-1.54e-06,2.5001981170100263,3.054458114527892,28.092928976227785,1.0052136313683062,-5.758915096533542,0.12067054082980143,-53.76009002967527,-1.1573229341274334,61.33425259324748,0.6295741068180681,63.24241665962584,0.2719344611720337,-0.02820608813948089,0.00015748,1.6905412651637532,0.00081957,1,0.0
8625,1.0508261652715705,0.7664364715035233,-1.54e-06,2.5001981170100263,3.054458114527892,68.93917818298416,1.0052136313683062,10.717442791150823,0.12067054082980143,-67.6358682182307,-1.1573229341274334,-31.54556926078784,0.6295741068180681,48.439363260637926,0.2719344611720337,0.13386898892529697,0.00015748,0.7874829516307055,0.00081957,0,0.0
8626,0.0023929525629282633,0.24205512888020042,-1.54e-06,2.5001981170100263,3.054458114527892,31.179784173512992,1.0052136313683062,4.740135209623819,0.12067054082980143,-52.24926668566923,-1.1573229341274334,67.98635333370166,0.6295741068180681,5.19061524322321,0.2719344611720337,0.16027899030338658,0.00015748,0.6065793349251237,0.00081957,0,0.0
8627,0.04775206192302783,0.034906096136830975,-1.54e-06,2.5001981170100263,3.054458114527892,-29.061595333029025,1.0052136313683062,5.962374773871653,0.12067054082980143,-76.56119732019215,-1.1573229341274334,53.78287917634387,0.6295741068180681,51.597432614053645,0.2719344611720337,-0.11245744639245098,0.00015748,0.11616708095454237,0.00081957,1,0.0
8628,0.1993516112289611,0.07061834434031629,-1.54e-06,2.5001981170100263,3.054458114527892,37.24197019974269,1.0052136313683062,7.178013642955527,0.12067054082980143,-18.79461759902813,-1.1573229341274334,-39.20850910417994,0.6295741068180681,4.044159917728072,0.2719344611720337,-0.18520257041850388,0.00015748,0.18678147315180751,0.00081957,1,0.0
8629,0.10150379455067465,0.03293446000827553,-1.54e-06,2.5001981170100263,3.054458114527892,-69.13404638714896,1.0052136313683062,3.20974005960878,0.12067054082980143,-65.81325183116246,-1.1573229341274334,71.19757775568164,0.6295741068180681,58.82829641559364,0.2719344611720337,-0.12374120270870384,0.00015748,0.12414406543996268,0.00081957,1,0.0
8630,0.026340116875298136,0.09775058646619694,-1.54e-06,2.5001981170100263,3.054458114527892,67.27063215990236,1.0052136313683062,13.527161583132367,0.12067054082980143,-99.90008289827144,-1.1573229341274334,68.37859645101197,0.6295741068180681,15.866751346466025,0.2719344611720337,0.375673302997673,0.00015748,0.49335535928095864,0.00081957,0,0.0
8631,-0.00756179623904174,0.6512656881049739,-1.54e-06,2.5001981170100263,3.054458114527892,38.492682557715085,1.0052136313683062,14.761648027121792,0.12067054082980143,-63.89451433658353,-1.1573229341274334,58.01756973827901,0.6295741068180681,-6.892489752699356,0.2719344611720337,-0.02862455128049818,0.00015748,0.824341337652829,0.00081957,1,0.0
8632,0.000238950768841395,0.08228040020263297,-1.54e-06,2.5001981170100263,3.054458114527892,-7.952900650212128,1.0052136313683062,7.213762849110438,0.12067054082980143,-80.05042105979538,-1.1573229341274334,55.73230840528951,0.6295741068180681,42.48268916907622,0.2719344611720337,-0.027395392626241882,0.00015748,0.16472198448169947,0.00081957,1,0.0
8633,0.8245649677707128,0.2770996616904392,-1.54e-06,2.5001981170100263,3.054458114527892,-55.37808000245017,1.0052136313683062,14.548959203838098,0.12067054082980143,-82.10239095321297,-1.1573229341274334,-6.377955453222647,0.6295741068180681,84.55852919504655,0.2719344611720337,-0.3062802463214296,0.00015748,0.3063549361358944,0.00081957,1,0.0
8634,0.4971411897146807,0.24919305254754948,-1.54e-06,2.5001981170100263,3.054458114527892,64.21297277082697,1.0052136313683062,14.55484377112712,0.12067054082980143,-64.38626964064262,-1.1573229341274334,-31.865630178386017,0.6295741068180681,24.34884874356391,0.2719344611720337,-0.003583631274488408,0.00015748,0.40178509900726783,0.00081957,1,0.0
8635,0.0009741118225617962,0.2787057288503032,-1.54e-06,2.5001981170100263,3.054458114527892,75.24262410467527,1.0052136313683062,10.876649811889378,0.12067054082980143,-31.8859495647581,-1.1573229341274334,17.092477237589357,0.6295741068180681,-28.020146186717447,0.2719344611720337,0.15867258339553922,0.00015748,0.5970341874619846,0.00081957,0,0.0
8636,0.32227465322973403,0.1628556756210629,-1.54e-06,2.5001981170100263,3.054458114527892,35.51766038951884,1.0052136313683062,7.4186819180457295,0.12067054082980143,-38.60162209272471,-1.1573229341274334,-27.40104305060667,0.6295741068180681,21.71563719257495,0.2719344611720337,-0.1631802925283549,0.00015748,0.274911929607877,0.00081957,1,0.0
8637,-0.0006919714423659629,0.6462834909503063,-1.54e-06,2.5001981170100263,3.054458114527892,76.2400307801959,1.0052136313683062,1.8303099514900918,0.12067054082980143,-27.265999865420966,-1.1573229341274334,92.34583351696294,0.6295741068180681,-34.431023177542876,0.2719344611720337,0.16621041632400757,0.00015748,1.3899456982427587,0.00081957,0,0.0
8638,0.26605787447220974,0.8010293282335139,-1.54e-06,2.5001981170100263,3.054458114527892,10.99657064597779,1.0052136313683062,19.644866680418865,0.12067054082980143,-56.85286219956716,-1.1573229341274334,-24.030523918646242,0.6295741068180681,16.997925973788863,0.2719344611720337,-0.5218328583079302,0.00015748,0.5261340522053092,0.00081957,1,0.0
8639,0.002347637783961354,0.04416260455010321,-1.54e-06,2.5001981170100263,3.054458114527892,-71.71831751663758,1.0052136313683062,-4.291671872402906,0.12067054082980143,-24.41641084675124,-1.1573229341274334,66.61429165880485,0.6295741068180681,38.079752540995344,0.2719344611720337,-0.14496437718628116,0.00015748,0.14485708332713845,0.00081957,1,0.0
8640,0.0008025057902389943,0.06830233976376424,-1.54e-06,2.5001981170100263,3.054458114527892,87.14813779824628,1.0052136313683062,13.141751359722667,0.12067054082980143,-92.67761393791415,-1.1573229341274334,71.00112806571232,0.6295741068180681,1.5759774406073332,0.2719344611720337,0.393736605251769,0.00015748,0.684123132103865,0.00081957,0,0.0
8641,0.1696399202322031,0.07985872179424039,-1.54e-06,2.5001981170100263,3.054458114527892,59.13595685260123,1.0052136313683062,7.245574646758596,0.12067054082980143,-1e-20,-1.1573229341274334,-62.50752616597386,0.6295741068180681,-14.900268346238656,0.2719344611720337,-0.19710362419368524,0.00015748,0.19706410534467625,0.00081957,1,0.0
8642,0.3176022586995051,0.23295145613424895,-1.54e-06,2.5001981170100263,3.054458114527892,86.0876937326986,1.0052136313683062,16.484009121021785,0.12067054082980143,-62.75045346350774,-1.1573229341274334,-31.15363241132437,0.6295741068180681,5.749570126399598,0.2719344611720337,0.015758660306103706,0.00015748,0.42150597318032745,0.00081957,0,0.0
8643,0.5387330593563566,0.7540643798362983,-1.54e-06,2.5001981170100263,3.054458114527892,81.748961513416,1.0052136313683062,2.281729445388142,0.12067054082980143,-27.603810537937896,-1.1573229341274334,20.723895336150512,0.6295741068180681,-2.0178840460050593,0.2719344611720337,0.18347941326781608,0.00015748,1.098574562021906,0.00081957,0,0.0
8644,0.049004799489678896,0.021604016913905826,-1.54e-06,2.5001981170100263,3.054458114527892,33.04987304527901,1.0052136313683062,3.6965738048775734,0.12067054082980143,-1e-20,-1.1573229341274334,-30.493312094600327,0.6295741068180681,-10.0256585578425,0.2719344611720337,-0.10228606941408964,0.00015748,0.10214027698569968,0.00081957,1,0.0
8645,0.23299785614390364,0.13731293216503046,-1.54e-06,2.5001981170100263,3.054458114527892,-14.280621334056537,1.0052136313683062,5.065774678353947,0.12067054082980143,-4.524011033917061,-1.1573229341274334,-15.453109283102084,0.6295741068180681,8.386286782903372,0.2719344611720337,-0.19774985957621005,0.00015748,0.20679409694415407,0.00081957,1,0.0
8646,0.015228284463069564,0.06806399924140075,-1.54e-06,2.5001981170100263,3.054458114527892,-69.19471658614599,1.0052136313683062,-6.418137902657314,0.12067054082980143,-6.668560499362595,-1.1573229341274334,56.0290678562015,0.6295741068180681,29.387027937361555,0.2719344611720337,-0.17593767582579597,0.00015748,0.17645015492777413,0.00081957,1,0.0
8647,0.004073055716080409,0.49194342899241217,-1.54e-06,2.5001981170100263,3.054458114527892,-37.05145052880029,1.0052136313683062,-8.541894241016857,0.12067054082980143,-19.473384510201097,-1.1573229341274334,82.55014638202937,0.6295741068180681,26.00125775889509,0.2719344611720337,-0.15077005117171505,0.00015748,0.5725285578586848,0.00081957,1,0.0
8648,0.07326693500768677,0.09783137391798509,-1.54e-06,2.5001981170100263,3.054458114527892,-1.3923397887668088,1.0052136313683062,9.565464939552431,0.12067054082980143,-82.34134412234657,-1.1573229341274334,34.429025791625776,0.6295741068180681,45.05463388355198,0.2719344611720337,-0.18216993727761363,0.00015748,0.21024493126011254,0.00081957,1,0.0
8649,0.6762377201295124,0.307000931111811,-1.54e-06,2.5001981170100263,3.054458114527892,44.75809174897561,1.0052136313683062,14.251188097527464,0.12067054082980143,-70.85630898343481,-1.1573229341274334,-38.38071083286604,0.6295741068180681,44.47670308045331,0.2719344611720337,-0.11201071263149615,0.00015748,0.41074031757636925,0.00081957,1,0.0
8650,0.0013694606140101095,0.14316979756527037,-1.54e-06,2.5001981170100263,3.054458114527892,83.13272732240611,1.0052136313683062,7.987244195170508,0.12067054082980143,-20.90279865570274,-1.1573229341274334,-9.747356097936125,0.6295741068180681,-26.31607177599778,0.2719344611720337,0.2392380852382182,0.00015748,0.2729125451927016,0.00081957,0,0.0
8651,0.2814025011303807,0.22116619715646146,-1.54e-06,2.5001981170100263,3.054458114527892,75.31655878706835,1.0052136313683062,15.842609856263078,0.12067054082980143,-66.91703229047681,-1.1573229341274334,-21.983890617262574,0.6295741068180681,11.218351070819333,0.2719344611720337,-0.014939227884801926,0.00015748,0.39916654353577696,0.00081957,1,0.0
8652,-0.001334860767976509,0.5153659942033162,-1.54e-06,2.5001981170100263,3.054458114527892,77.36452261405395,1.0052136313683062,3.616401521497813,0.12067054082980143,-38.6075102237707,-1.1573229341274334,92.11958984839234,0.6295741068180681,-28.566624088045224,0.2719344611720337,0.201148096449978,0.00015748,1.3050578442473966,0.00081957,0,0.0
8653,0.00015590908827775585,0.0726492724619669,-1.54e-06,2.5001981170100263,3.054458114527892,3.3334224528915084,1.0052136313683062,1.172303785243654,0.12067054082980143,-17.083968553285825,-1.1573229341274334,19.870923645056735,0.6295741068180681,5.716649646915074,0.2719344611720337,0.03901768936457156,0.00015748,0.12126698168159522,0.00081957,0,0.0
8654,0.3087116039221218,0.09074950767355552,-1.54e-06,2.5001981170100263,3.054458114527892,25.323621224045333,1.0052136313683062,8.458183517798044,0.12067054082980143,-34.232716388529404,-1.1573229341274334,-33.39417390264607,0.6295741068180681,20.52592379304715,0.2719344611720337,-0.2103394057925459,0.00015748,0.21034771611567954,0.00081957,1,0.0
8655,0.0015565459865463094,0.15381519941923533,-1.54e-06,2.5001981170100263,3.054458114527892,53.811580310729596,1.0052136313683062,9.271425271511651,0.12067054082980143,-82.78778196241569,-1.1573229341274334,79.6455066184222,0.6295741068180681,10.905322977154983,0.2719344611720337,0.2862993637589173,0.00015748,0.645350735731008,0.00081957,0,0.0
8656,0.5120452841638929,0.48823671738588426,-1.54e-06,2.5001981170100263,3.054458114527892,22.454527063870785,1.0052136313683062,6.302901104821805,0.12067054082980143,-100.0,-1.1573229341274334,81.48040957127913,0.6295741068180681,57.15770695451607,0.2719344611720337,0.21398649261093938,0.00015748,0.8418422360532187,0.00081957,0,0.0
8657,0.3800541106018347,3.746262354658302,-1.54e-06,2.5001981170100263,3.054458114527892,-19.29991430745772,1.0052136313683062,28.26213678752983,0.12067054082980143,-38.48522288396945,-1.1573229341274334,-78.43387041852479,0.6295741068180681,10.904387574801518,0.2719344611720337,-1.2639233655114144,0.00015748,0.7968393710299757,0.00081957,1,0.0
8658,1.1316226239633878,0.5225723917026635,-1.54e-06,2.5001981170100263,3.054458114527892,59.49515678300605,1.0052136313683062,18.643808914815487,0.12067054082980143,-73.41614418987923,-1.1573229341274334,-77.17846459251471,0.6295741068180681,54.756514070955966,0.2719344611720337,-0.046535227604736995,0.00015748,0.5239104404741413,0.00081957,1,0.0
8659,0.020256175593219794,0.006525881497315922,-1.54e-06,2.5001981170100263,3.054458114527892,4.807709072043334,1.0052136313683062,2.3557223551584534,0.12067054082980143,-14.975097554570363,-1.1573229341274334,1.2286967870266128,0.6295741068180681,6.6383606250048155,0.2719344611720337,-0.053024321037020955,0.00015748,0.05397201796862397,0.00081957,1,0.0
8660,0.5601894413603524,0.03613033260844957,-1.54e-06,2.5001981170100263,3.054458114527892,-89.10248755016032,1.0052136313683062,3.140485033727542,0.12067054082980143,-70.87068675955622,-1.1573229341274334,47.98372045790996,0.6295741068180681,89.48839899958594,0.2719344611720337,-0.03505240078944801,0.00015748,0.03549711635399163,0.00081957,1,0.0
8661,0.10493308212820596,5.328979130677292,-1.54e-06,2.5001981170100263,3.054458114527892,13.184122814339615,1.0052136313683062,33.76226269634907,0.12067054082980143,-32.74296712741583,-1.1573229341274334,-56.21992923854954,0.6295741068180681,-32.16002197448815,0.2719344611720337,-1.3335983012815227,0.00015748,1.2587995819209303,0.00081957,1,0.0
8662,0.2622339559906919,0.1109734064760593,-1.54e-06,2.5001981170100263,3.054458114527892,35.42590065655223,1.0052136313683062,9.298495076098572,0.12067054082980143,-36.036255899041514,-1.1573229341274334,-35.54471445463916,0.6295741068180681,16.039885164871674,0.2719344611720337,-0.2307543024039416,0.00015748,0.23489781902968268,0.00081957,1,0.0
8663,0.00010353547682795394,0.427613408106103,-1.54e-06,2.5001981170100263,3.054458114527892,-8.422472096414152,1.0052136313683062,-3.3495850246079426,0.12067054082980143,-12.821692962336058,-1.1573229341274334,68.45525844492671,0.6295741068180681,1.9509675375786326,0.2719344611720337,-0.038392642468703386,0.00015748,0.657783022305094,0.00081957,1,0.0
8664,0.0011897072093618455,0.044673436818744534,-1.54e-06,2.5001981170100263,3.054458114527892,-7.323381130618227,1.0052136313683062,6.160783064099355,0.12067054082980143,-62.533287017602284,-1.1573229341274334,35.0271725611162,0.6295741068180681,34.94580810276573,0.2719344611720337,-0.12924762357145098,0.00015748,0.1334138000316854,0.00081957,1,0.0
8665,-0.4958925129156315,2.7826951737775114,-1.54e-06,2.5001981170100263,3.054458114527892,46.47758810919087,1.0052136313683062,15.703219439932273,0.12067054082980143,-46.151647118386734,-1.1573229341274334,94.20211563970727,0.6295741068180681,-51.27253434523667,0.2719344611720337,-0.3166549325308563,0.00015748,1.2696873495245025,0.00081957,1,0.0
8666,0.7082728380147465,0.17886652437133965,-1.54e-06,2.5001981170100263,3.054458114527892,-54.70414724097024,1.0052136313683062,8.97739354288109,0.12067054082980143,-46.36628872441812,-1.1573229341274334,-11.08595297313778,0.6295741068180681,62.98221324684335,0.2719344611720337,-0.21750394451577384,0.00015748,0.2157627331733081,0.00081957,1,0.0
8667,0.4083254969912844,0.19322833550283802,-1.54e-06,2.5001981170100263,3.054458114527892,71.99539415931037,1.0052136313683062,17.595808199271847,0.12067054082980143,-97.963032343017,-1.1573229341274334,12.969660042249735,0.6295741068180681,29.46184150732628,0.2719344611720337,0.2524713024445686,0.00015748,0.4628305820063585,0.00081957,0,0.0
8668,0.8266849883101455,2.2495830777881176,-1.54e-06,2.5001981170100263,3.054458114527892,-4.70857523344351,1.0052136313683062,27.509642380118088,0.12067054082980143,-38.34082801722488,-1.1573229341274334,-89.436645276211,0.6295741068180681,21.970040775551986,0.2719344611720337,-0.8570823093018108,0.00015748,0.8235806039995069,0.00081957,1,0.0
8669,0.22041252927000518,0.007599365414351578,-1.54e-06,2.5001981170100263,3.054458114527892,-79.22024851307236,1.0052136313683062,2.0759485028499918,0.12067054082980143,-75.94445052709932,-1.1573229341274334,75.5932378541354,0.6295741068180681,75.97255433570338,0.2719344611720337,-0.026341531859923488,0.00015748,0.025839366535715357,0.00081957,1,0.0
8670,0.010228508890915117,0.0023544658921656066,-1.54e-06,2.5001981170100263,3.054458114527892,-18.53205972758537,1.0052136313683062,-1.0249092536566202,0.12067054082980143,-7.915572121948791,-1.1573229341274334,17.29414677474764,0.6295741068180681,11.327097850006968,0.2719344611720337,-0.03092461453190768,0.00015748,0.030896808331218654,0.00081957,1,0.0
8671,0.5230096477002124,0.05234533857300559,-1.54e-06,2.5001981170100263,3.054458114527892,-50.37380463086607,1.0052136313683062,7.431651201571347,0.12067054082980143,-71.72003950663857,-1.1573229341274334,20.882377552990377,0.6295741068180681,73.60449957539173,0.2719344611720337,-0.1337944380181221,0.00015748,0.13404713958005401,0.00081957,1,0.0
8672,0.006487315445195374,0.0447247341117884,-1.54e-06,2.5001981170100263,3.054458114527892,0.08513766747025972,1.0052136313683062,5.714094737445201,0.12067054082980143,-54.19929219802865,-1.1573229341274334,25.66973994777161,0.6295741068180681,28.64357068435071,0.2719344611720337,-0.12660975332207208,0.00015748,0.13449975830097344,0.00081957,1,0.0
8673,0.0009043845101954495,0.14064383980899026,-1.54e-06,2.5001981170100263,3.054458114527892,-14.977902825724026,1.0052136313683062,-1.6719612240880528,0.12067054082980143,-15.375944949670806,-1.1573229341274334,40.647771878181466,0.6295741068180681,11.096498355409038,0.2719344611720337,-0.023151009076623374,0.00015748,0.25919223875947495,0.00081957,1,0.0
8674,0.0018668315510513844,0.16305795377880533,-1.54e-06,2.5001981170100263,3.054458114527892,38.47625995255082,1.0052136313683062,6.64264495581977,0.12067054082980143,-55.31120474204419,-1.1573229341274334,49.44970500743604,0.6295741068180681,6.4940214044495574,0.2719344611720337,0.20004407787063905,0.00015748,0.4047516410600638,0.00081957,0,0.0
8675,-0.0005561528268530624,0.23650830312473423,-1.54e-06,2.5001981170100263,3.054458114527892,89.56408777885659,1.0052136313683062,7.850425155127521,0.12067054082980143,-52.1310988271659,-1.1573229341274334,67.94133584988589,0.6295741068180681,-23.141696426590986,0.2719344611720337,0.2861214100756827,0.00015748,0.9896354102506525,0.00081957,0,0.0
8676,0.0734260028035455,0.15123312046773352,-1.54e-06,2.5001981170100263,3.054458114527892,85.00832388437026,1.0052136313683062,12.046970867230689,0.12067054082980143,-50.47415614061506,-1.1573229341274334,-4.063047362161859,0.6295741068180681,-9.249670093918366,0.2719344611720337,0.17921847682135908,0.00015748,0.3388650861040995,0.00081957,0,0.0
8677,-0.0943293605388098,1.302428093093432,-1.54e-06,2.5001981170100263,3.054458114527892,-2.416166712123979,1.0052136313683062,7.894648665370796,0.12067054082980143,-27.645886274477025,-1.1573229341274334,76.02260552623439,0.6295741068180681,-16.921298671217116,0.2719344611720337,-0.2314786895605629,0.00015748,0.9980888100233858,0.00081957,1,0.0
8678,0.5172106011061139,0.2210561447392135,-1.54e-06,2.5001981170100263,3.054458114527892,5.060266920622392,1.0052136313683062,8.07771483130555,0.12067054082980143,-67.05981947839982,-1.1573229341274334,-6.447720261562778,0.6295741068180681,55.812914084030005,0.2719344611720337,-0.1758927022271254,0.00015748,0.3059768281802683,0.00081957,1,0.0
8679,0.4839413201723479,0.17564496573284621,-1.54e-06,2.5001981170100263,3.054458114527892,95.35387885086358,1.0052136313683062,19.233822608206722,0.12067054082980143,-98.25902941132414,-1.1573229341274334,6.706641413841118,0.6295741068180681,21.37649768603304,0.2719344611720337,0.39968195681551627,0.00015748,0.5276901877115848,0.00081957,0,0.0
8680,0.5885731465697235,0.4124878000597544,-1.54e-06,2.5001981170100263,3.054458114527892,-17.259375977049444,1.0052136313683062,4.859357984500373,0.12067054082980143,-88.99071181577395,-1.1573229341274334,46.180577036065735,0.6295741068180681,77.26250007984169,0.2719344611720337,-0.00983811490883274,0.00015748,0.45993735309333467,0.00081957,1,0.0
8681,0.11229078255350469,0.008370191299951008,-1.54e-06,2.5001981170100263,3.054458114527892,-70.48566953749814,1.0052136313683062,0.17441666805030298,0.12067054082980143,-61.314647543220836,-1.1573229341274334,73.037160297177,0.6295741068180681,61.846528486714725,0.2719344611720337,-0.02878354204780206,0.00015748,0.0283789700965647,0.00081957,1,0.0
8682,-0.0002563925130283917,0.11478512701712702,-1.54e-06,2.5001981170100263,3.054458114527892,-65.90619644519658,1.0052136313683062,-3.51099326651146,0.12067054082980143,-25.36205928984007,-1.1573229341274334,70.08130122944613,0.6295741068180681,33.97214102762299,0.2719344611720337,-0.139787163235437,0.00015748,0.2329676564653152,0.00081957,1,0.0
8683,0.32297671451444127,0.03333997955633691,-1.54e-06,2.5001981170100263,3.054458114527892,-53.517503212826405,1.0052136313683062,-1.5793642091412827,0.12067054082980143,-9.867824659964215,-1.1573229341274334,14.549755766424123,0.6295741068180681,35.88380525817943,0.2719344611720337,-0.07444570022762946,0.00015748,0.07502573686433896,0.00081957,1,0.0
8684,0.6695008252866768,0.18046710535358326,-1.54e-06,2.5001981170100263,3.054458114527892,-6.580024371956822,1.0052136313683062,12.714351354137042,0.12067054082980143,-74.21045355052048,-1.1573229341274334,-25.39653450688889,0.6295741068180681,65.54546232143541,0.2719344611720337,-0.2807815269369032,0.00015748,0.2815982194408289,0.00081957,1,0.0
8685,-0.00043895909751134887,0.07649616091996476,-1.54e-06,2.5001981170100263,3.054458114527892,-27.996300701499937,1.0052136313683062,6.607140530201446,0.12067054082980143,-92.74597524271138,-1.1573229341274334,76.97015482226033,0.6295741068180681,56.28580279893472,0.2719344611720337,-0.007081737357548801,0.00015748,0.14048410349411833,0.00081957,1,0.0
8686,0.30039324377624727,0.09660977449145598,-1.54e-06,2.5001981170100263,3.054458114527892,55.90659398174245,1.0052136313683062,8.129262721231575,0.12067054082980143,-1e-20,-1.1573229341274334,-72.96626977597289,0.6295741068180681,-9.261573357922384,0.2719344611720337,-0.209556020057725,0.00015748,0.21021618734471004,0.00081957,1,0.0
8687,0.7268191884150703,1.3616781977288652,-1.54e-06,2.5001981170100263,3.054458114527892,-86.39933457629523,1.0052136313683062,13.459810899941386,0.12067054082980143,-29.266163512626857,-1.1573229341274334,-28.202697822539047,0.6295741068180681,54.3894177572791,0.2719344611720337,-0.7020189902034504,0.00015748,0.4892941978360128,0.00081957,1,0.0
8688,0.27153800442826487,0.7205132425365014,-1.54e-06,2.5001981170100263,3.054458114527892,54.01005404094804,1.0052136313683062,-0.8798945415729722,0.12067054082980143,-39.382133497112044,-1.1573229341274334,53.06829732216578,0.6295741068180681,9.358340471647749,0.2719344611720337,0.06532466754778615,0.00015748,0.9663579512134981,0.00081957,0,0.0
8689,-0.0006904682630868297,0.23629225260562542,-1.54e-06,2.5001981170100263,3.054458114527892,74.18418358469155,1.0052136313683062,13.791468540277858,0.12067054082980143,-70.71601499028964,-1.1573229341274334,56.790097206888696,0.6295741068180681,-10.901043249133751,0.2719344611720337,0.24274721835416413,0.00015748,0.745497729090717,0.00081957,0,0.0
8690,1.1056278221591005,0.7703320353771501,-1.54e-06,2.5001981170100263,3.054458114527892,33.26835867083061,1.0052136313683062,6.2122144967701045,0.12067054082980143,-37.17988105858019,-1.1573229341274334,-55.96782803049376,0.6295741068180681,52.63051714318016,0.2719344611720337,-0.048377504811464744,0.00015748,0.6023231681554091,0.00081957,1,0.0
8691,0.002049930235346775,0.06999067067669741,-1.54e-06,2.5001981170100263,3.054458114527892,23.84598655332935,1.0052136313683062,3.694146356376225,0.12067054082980143,-17.434663963093765,-1.1573229341274334,3.476875174957385,0.6295741068180681,-2.188502827029538,0.2719344611720337,0.06360877984519595,0.00015748,0.09974643420896398,0.00081957,0,0.0
8692,0.7144890546936569,0.1097275921791184,-1.54e-06,2.5001981170100263,3.054458114527892,-45.1456278675227,1.0052136313683062,9.944788529528159,0.12067054082980143,-77.40058645510133,-1.1573229341274334,1.1051698084246953,0.6295741068180681,81.96205352923666,0.2719344611720337,-0.19127887802968344,0.00015748,0.19243777687487615,0.00081957,1,0.0
8693,-0.02264089146174686,1.244536616312428,-1.54e-06,2.5001981170100263,3.054458114527892,45.97594850889697,1.0052136313683062,20.115635192410362,0.12067054082980143,-82.1051335155711,-1.1573229341274334,79.0083836421312,0.6295741068180681,-11.84171966408608,0.2719344611720337,-0.1090902050496414,0.00015748,1.1696371341328435,0.00081957,1,0.0
8694,0.4628578210619906,0.22153217238797335,-1.54e-06,2.5001981170100263,3.054458114527892,45.519155251575896,1.0052136313683062,13.515837899393878,0.12067054082980143,-49.53036411923308,-1.1573229341274334,-55.82579865545403,0.6295741068180681,26.23620712189429,0.2719344611720337,-0.3127416532118174,0.00015748,0.3301494899620036,0.00081957,1,0.0
8695,1.278747765220409,1.9091047210261036,-1.54e-06,2.5001981170100263,3.054458114527892,9.387305569099333,1.0052136313683062,-3.251580073528776,0.12067054082980143,-34.964027695271156,-1.1573229341274334,-9.045825625400182,0.6295741068180681,71.23977670788317,0.2719344611720337,-0.14240314983617763,0.00015748,1.1091789546117279,0.00081957,1,0.0
8696,0.17546581332698064,0.15147478965497324,-1.54e-06,2.5001981170100263,3.054458114527892,95.60742184285125,1.0052136313683062,14.36128119724928,0.12067054082980143,-63.66417342384413,-1.1573229341274334,0.9728835451411296,0.6295741068180681,-5.247481695787837,0.2719344611720337,0.30615672069700256,0.00015748,0.4049279888617851,0.00081957,0,0.0
8697,0.3310463089926352,0.3427621434705316,-1.54e-06,2.5001981170100263,3.054458114527892,2.4313074617281787,1.0052136313683062,1.9460868347085598,0.12067054082980143,-57.07233533249334,-1.1573229341274334,44.42900742383062,0.6295741068180681,41.728572783590735,0.2719344611720337,0.03591061202932386,0.00015748,0.4688656298280035,0.00081957,0,0.0
8698,-0.013196851186574682,0.4390078250424505,-1.54e-06,2.5001981170100263,3.054458114527892,-57.442486938315255,1.0052136313683062,2.7092697429240697,0.12067054082980143,-12.872252335520145,-1.1573229341274334,42.48182976655287,0.6295741068180681,13.380541182226542,0.2719344611720337,-0.3735699252984761,0.00015748,0.3986190624095908,0.00081957,1,0.0
8699,0.0028080544074131075,0.2651866244664721,-1.54e-06,2.5001981170100263,3.054458114527892,53.82200449657646,1.0052136313683062,4.921130450329456,0.12067054082980143,-43.164144654083614,-1.1573229341274334,59.36799638810973,0.6295741068180681,-9.068347315669824,0.2719344611720337,0.19019799066815019,0.00015748,0.72027040705596,0.00081957,0,0.0
8700,0.06060071974577027,0.06194403274337527,-1.54e-06,0.48226107656787986,6.778191466412777,-29.863180477645184,1.0052136313683062,-27.020499478455815,0.12067054082980143,-75.00038065439243,-1.1573229341274334,11.138892801316107,0.6295741068180681,44.59406621701304,0.2719344611720337,-0.06476344943054804,0.00015748,0.06481022416889945,0.00081957,1,0.0
8701,-3.281162498310411e-05,0.0006916536566781664,-1.54e-06,0.48226107656787986,6.778191466412777,-5.241346053418386,1.0052136313683062,11.426510345294547,0.12067054082980143,-24.455839812830288,-1.1573229341274334,1.2688774664713747,0.6295741068180681,7.899736040962929,0.2719344611720337,-0.013641778403831344,0.00015748,0.013576412342423821,0.00081957,1,0.0
8702,0.07548618528136568,0.004238866178434901,-1.54e-06,0.48226107656787986,6.778191466412777,-13.965662513758751,1.0052136313683062,0.8090227973821966,0.12067054082980143,-23.145842885397474,-1.1573229341274334,-12.999736696909874,0.6295741068180681,20.57611331299729,0.2719344611720337,-0.008160683754474523,0.00015748,0.008419105182759321,0.00081957,1,0.0
8703,0.023396252132082965,0.0020967975637859516,-1.54e-06,0.48226107656787986,6.778191466412777,-11.029227186427867,1.0052136313683062,23.99948162359212,0.12067054082980143,-47.404932852739144,-1.1573229341274334,30.272941344662293,0.6295741068180681,16.40982691815866,0.2719344611720337,-0.026446759299422445,0.00015748,0.026613038154061443,0.00081957,1,0.0
8704,0.4022386063781211,0.1258007981026761,-1.54e-06,0.48226107656787986,6.778191466412777,-46.69412008376773,1.0052136313683062,-34.32562763814058,0.12067054082980143,-15.364897316199922,-1.1573229341274334,2.8795278519831085,0.6295741068180681,67.63958383798787,0.2719344611720337,-0.08879959870704672,0.00015748,0.08871214271796159,0.00081957,1,0.0
8705,0.08540992347746472,0.145028186541734,-1.54e-06,0.48226107656787986,6.778191466412777,-27.704001346274573,1.0052136313683062,-66.78074527644381,0.12067054082980143,-47.53603780356186,-1.1573229341274334,67.26326339264718,0.6295741068180681,41.04088978121952,0.2719344611720337,-0.11482610791673228,0.00015748,0.11470098734490713,0.00081957,1,0.0
8706,0.009867093182310008,0.003117990303887158,-1.54e-06,0.48226107656787986,6.778191466412777,-15.44102384911096,1.0052136313683062,29.955314067262865,0.12067054082980143,-64.81462066547549,-1.1573229341274334,-11.358764396316952,0.6295741068180681,23.242143694836525,0.2719344611720337,-0.03500828035543274,0.00015748,0.03501444807794361,0.00081957,1,0.0
8707,0.4999222927095418,0.05303869426551312,-1.54e-06,0.48226107656787986,6.778191466412777,-50.53814333119162,1.0052136313683062,85.02983907142371,0.12067054082980143,-45.83399036563302,-1.1573229341274334,-54.105988339813415,0.6295741068180681,72.8961600016168,0.2719344611720337,-0.11365457506101131,0.00015748,0.11386736862365532,0.00081957,1,0.0
8708,0.4009892188792944,0.03139072366199347,-1.54e-06,0.48226107656787986,6.778191466412777,-38.07046484589646,1.0052136313683062,46.73799277710508,0.12067054082980143,-35.19662676260265,-1.1573229341274334,83.08311789963567,0.6295741068180681,54.47195335303632,0.2719344611720337,-0.08113643461649617,0.00015748,0.08114605966669758,0.00081957,1,0.0
8709,0.002426204018031338,0.008114162332779349,-1.54e-06,0.48226107656787986,6.778191466412777,-9.337651426983271,1.0052136313683062,-10.490551779625958,0.12067054082980143,-26.915667547684862,-1.1573229341274334,-4.804115566897813,0.6295741068180681,14.084118690259775,0.2719344611720337,-0.02545721998178935,0.00015748,0.025803645025746228,0.00081957,1,0.0
8710,-0.001543119076015148,0.2129343375978489,-1.54e-06,0.48226107656787986,6.778191466412777,13.348788432941783,1.0052136313683062,82.5002174153093,0.12067054082980143,-15.625762022866382,-1.1573229341274334,-30.891077996166075,0.6295741068180681,-12.740346964504905,0.2719344611720337,-0.02254541789766301,0.00015748,0.300180555013131,0.00081957,1,0.0
8711,0.37274556621689825,0.02995039700256338,-1.54e-06,0.48226107656787986,6.778191466412777,-41.44925953203639,1.0052136313683062,66.49658515291924,0.12067054082980143,-59.17133982943676,-1.1573229341274334,31.03784009888146,0.6295741068180681,59.896027540011566,0.2719344611720337,-0.08645262067002105,0.00015748,0.0872775573980347,0.00081957,1,0.0
8712,0.15361482491555545,0.021212480876082684,-1.54e-06,0.48226107656787986,6.778191466412777,-26.60227958982335,1.0052136313683062,64.90513177532954,0.12067054082980143,-82.43445892608428,-1.1573229341274334,55.03637700755294,0.6295741068180681,38.947250155994745,0.2719344611720337,-0.07622971205434195,0.00015748,0.07649841619353914,0.00081957,1,0.0
8713,-0.0007469421540119425,0.13757695375076345,-1.54e-06,0.48226107656787986,6.778191466412777,12.239457786519054,1.0052136313683062,67.97058585217174,0.12067054082980143,-2.5026245027186693,-1.1573229341274334,0.16389853957299375,0.6295741068180681,-14.914111829561525,0.2719344611720337,-0.03851989093983074,0.00015748,0.17286841857685126,0.00081957,1,0.0
8714,0.3874367814440553,0.1871805460608965,-1.54e-06,0.48226107656787986,6.778191466412777,-53.44765270779791,1.0052136313683062,-48.33513722304711,0.12067054082980143,-45.61781545761896,-1.1573229341274334,57.3701709874744,0.6295741068180681,77.87281302486521,0.2719344611720337,-0.10646052545722148,0.00015748,0.10885690470471479,0.00081957,1,0.0
8715,0.037093615600245024,0.008333565328991379,-1.54e-06,0.48226107656787986,6.778191466412777,-7.291260439364402,1.0052136313683062,31.79365413707805,0.12067054082980143,-31.170519447448655,-1.1573229341274334,15.751863099104957,0.6295741068180681,10.718647009415422,0.2719344611720337,-0.04018896185004781,0.00015748,0.040673269509001526,0.00081957,1,0.0
8716,0.21609004820114652,0.014189058258947528,-1.54e-06,0.48226107656787986,6.778191466412777,-30.36279467301689,1.0052136313683062,10.055203152084976,0.12067054082980143,-38.02113602246535,-1.1573229341274334,-19.286346262910836,0.6295741068180681,44.35058669228312,0.2719344611720337,-0.017330016314094657,0.00015748,0.017626805589121976,0.00081957,1,0.0
8717,0.2742932373940599,0.022798760885679677,-1.54e-06,0.48226107656787986,6.778191466412777,-36.368095582990954,1.0052136313683062,12.117557518879307,0.12067054082980143,-55.22889011309448,-1.1573229341274334,83.5100274551316,0.6295741068180681,52.78622165780349,0.2719344611720337,-0.033344075338770894,0.00015748,0.03376604739573568,0.00081957,1,0.0
8718,0.1685943458317059,0.12474995959347539,-1.54e-06,0.48226107656787986,6.778191466412777,-32.047331869065,1.0052136313683062,-54.20498493148411,0.12067054082980143,-23.149338063228406,-1.1573229341274334,-62.23777097104309,0.6295741068180681,47.32661921360698,0.2719344611720337,-0.09864042495394539,0.00015748,0.09953367458746355,0.00081957,1,0.0
8719,0.02391977144810401,0.000636403404804667,-1.54e-06,0.48226107656787986,6.778191466412777,-8.725978940674107,1.0052136313683062,13.386717720033175,0.12067054082980143,-19.057887214268625,-1.1573229341274334,-75.92747783974693,0.6295741068180681,13.162598791207445,0.2719344611720337,-0.016233827621013636,0.00015748,0.016360745083661317,0.00081957,1,0.0
8720,0.3761199731352508,0.10390221464667057,-1.54e-06,0.48226107656787986,6.778191466412777,-45.20660056979918,1.0052136313683062,-27.736850215348884,0.12067054082980143,-15.188535222857311,-1.1573229341274334,-46.519024286629985,0.6295741068180681,65.69660142960295,0.2719344611720337,-0.07573184961522081,0.00015748,0.076146414557652,0.00081957,1,0.0
8721,0.22965146543108697,0.1737963645660129,-1.54e-06,0.48226107656787986,6.778191466412777,-56.42834190438815,1.0052136313683062,-39.683897567562795,0.12067054082980143,-97.59742925805256,-1.1573229341274334,-56.410350119330154,0.6295741068180681,83.64433138328641,0.2719344611720337,-0.09781783967508711,0.00015748,0.09808957867530824,0.00081957,1,0.0
8722,0.3868328406106228,0.03517403581687772,-1.54e-06,0.48226107656787986,6.778191466412777,-31.65073466090712,1.0052136313683062,45.94654655021559,0.12067054082980143,-17.809796526048622,-1.1573229341274334,91.82345286292004,0.6295741068180681,44.86543021688482,0.2719344611720337,-0.08775523057745918,0.00015748,0.08761626830304653,0.00081957,1,0.0
8723,0.3024353894371301,0.019040064827683993,-1.54e-06,0.48226107656787986,6.778191466412777,-48.19760194697476,1.0052136313683062,31.095663525186605,0.12067054082980143,-77.65517365185583,-1.1573229341274334,-56.71079494599449,0.6295741068180681,70.72542299267106,0.2719344611720337,-0.019252219746767902,0.00015748,0.019262895769850494,0.00081957,1,0.0
8724,0.010697982210741808,0.06796622825544776,-1.54e-06,0.48226107656787986,6.778191466412777,2.528084499665167,1.0052136313683062,65.79510534985498,0.12067054082980143,-8.970645874317405,-1.1573229341274334,-72.79252652818393,0.6295741068180681,-3.715966133376765,0.2719344611720337,-0.09494346741458212,0.00015748,0.09539336000936643,0.00081957,1,0.0
8725,0.5041303724475694,0.040460707730662855,-1.54e-06,0.48226107656787986,6.778191466412777,-53.46172435470803,1.0052136313683062,64.75613607618276,0.12067054082980143,-50.728692491261974,-1.1573229341274334,-13.858977722066664,0.6295741068180681,77.19247565285558,0.2719344611720337,-0.0903239989325915,0.00015748,0.09068559571935776,0.00081957,1,0.0
8726,0.05862165870910164,0.0033362648364911734,-1.54e-06,0.48226107656787986,6.778191466412777,-27.472157674616682,1.0052136313683062,31.862001318272924,0.12067054082980143,-89.65270863987057,-1.1573229341274334,-30.884837003565583,0.6295741068180681,41.09478377624287,0.2719344611720337,-0.032685133222329195,0.00015748,0.03278831417931027,0.00081957,1,0.0
8727,0.5418006700852065,0.055482719769484025,-1.54e-06,0.48226107656787986,6.778191466412777,-46.93637996865919,1.0052136313683062,62.4866189166412,0.12067054082980143,-14.30737632573528,-1.1573229341274334,-8.672022968211833,0.6295741068180681,67.08535194553568,0.2719344611720337,-0.10662235210381721,0.00015748,0.10711838627962222,0.00081957,1,0.0
8728,0.38736127634512607,0.14345072105913065,-1.54e-06,0.48226107656787986,6.778191466412777,-51.92168853961652,1.0052136313683062,-35.35844150279441,0.12067054082980143,-28.51121668105948,-1.1573229341274334,-70.504064853793,0.6295741068180681,75.82242390287838,0.2719344611720337,-0.08669435796442904,0.00015748,0.08804445301267069,0.00081957,1,0.0
8729,-0.030485916575735492,0.08651646660090415,-1.54e-06,0.48226107656787986,6.778191466412777,-13.491420545111577,1.0052136313683062,-18.42438975862462,0.12067054082980143,-38.443409566791985,-1.1573229341274334,-82.40255392706035,0.6295741068180681,20.796813116495457,0.2719344611720337,-0.050689555247868306,0.00015748,0.0530786304200498,0.00081957,1,0.0
8730,0.4622302143582,0.04400902258290288,-1.54e-06,0.48226107656787986,6.778191466412777,-38.46794019445124,1.0052136313683062,47.238003225172804,0.12067054082980143,-14.302119583154505,-1.1573229341274334,68.6926272141534,0.6295741068180681,54.70749786770997,0.2719344611720337,-0.09344429943165004,0.00015748,0.09444690198494578,0.00081957,1,0.0
8731,-0.04698719223991739,0.15616962395024914,-1.54e-06,0.48226107656787986,6.778191466412777,8.115690647268162,1.0052136313683062,9.280422690829761,0.12067054082980143,-10.577382881372516,-1.1573229341274334,51.85900768567533,0.6295741068180681,-8.80502475036494,0.2719344611720337,-0.0006344304009932231,0.00015748,0.12300904322247241,0.00081957,1,0.0
8732,0.13489045781227288,0.0687659648120493,-1.54e-06,0.48226107656787986,6.778191466412777,-17.423250000390723,1.0052136313683062,-48.96942605903731,0.12067054082980143,-2.0660315284224366,-1.1573229341274334,62.81273570476079,0.6295741068180681,25.220183230389758,0.2719344611720337,-0.08122169593268126,0.00015748,0.08160696903677518,0.00081957,1,0.0
8733,0.015547268767718912,0.020366088768881654,-1.54e-06,0.48226107656787986,6.778191466412777,-11.37830347924128,1.0052136313683062,-21.79888822824042,0.12067054082980143,-18.0380030371043,-1.1573229341274334,-50.20508754629997,0.6295741068180681,17.17601846521445,0.2719344611720337,-0.04291590377157398,0.00015748,0.043497874436878525,0.00081957,1,0.0
8734,-0.011695818124453285,0.030387360753650935,-1.54e-06,0.48226107656787986,6.778191466412777,1.2983872487312806,1.0052136313683062,-18.575662626697238,0.12067054082980143,-0.37897416517016247,-1.1573229341274334,68.1322869496415,0.6295741068180681,-1.8802221391358338,0.2719344611720337,-0.02295865667385815,0.00015748,0.028476511106608232,0.00081957,1,0.0
8735,0.4027110106807667,0.03537987982710478,-1.54e-06,0.48226107656787986,6.778191466412777,-46.76555359410647,1.0052136313683062,79.84487079523166,0.12067054082980143,-64.37172719222995,-1.1573229341274334,-41.49315637158649,0.6295741068180681,67.84989809599855,0.2719344611720337,-0.09720641449095686,0.00015748,0.09747739265087642,0.00081957,1,0.0
8736,0.30860588812382117,0.013846229953135208,-1.54e-06,0.48226107656787986,6.778191466412777,-47.20348584194196,1.0052136313683062,58.20995609175713,0.12067054082980143,-99.67366034142894,-1.1573229341274334,47.815736547200146,0.6295741068180681,68.96003167105984,0.2719344611720337,-0.05951264284436297,0.00015748,0.05964776392372932,0.00081957,1,0.0
8737,-0.020621979947408664,0.0824923727196618,-1.54e-06,0.48226107656787986,6.778191466412777,-8.973157479950334,1.0052136313683062,61.72998819340044,0.12067054082980143,-63.37849122588656,-1.1573229341274334,-47.31427532354488,0.6295741068180681,14.076621076667559,0.2719344611720337,-0.0766090543498401,0.00015748,0.08801464122662896,0.00081957,1,0.0
8738,0.3922480590485849,0.023522161848043593,-1.54e-06,0.48226107656787986,6.778191466412777,-51.16199271100787,1.0052136313683062,71.3977670488484,0.12067054082980143,-78.05502931294934,-1.1573229341274334,-52.71144763886157,0.6295741068180681,74.5903667255953,0.2719344611720337,-0.07815608485835028,0.00015748,0.07896854194064885,0.00081957,1,0.0
8739,0.4810641865699294,0.02959018457659653,-1.54e-06,0.48226107656787986,6.778191466412777,-59.88175265718006,1.0052136313683062,63.61023877734465,0.12067054082980143,-68.92567190843843,-1.1573229341274334,-99.83904994177212,0.6295741068180681,87.21209169366077,0.2719344611720337,-0.06971817639891487,0.00015748,0.06980266421391101,0.00081957,1,0.0
8740,0.13884108649130739,0.013173058131214506,-1.54e-06,0.48226107656787986,6.778191466412777,-27.17636787490396,1.0052136313683062,58.003405112789764,0.12067054082980143,-80.83422086782664,-1.1573229341274334,16.752667788844917,0.6295741068180681,40.005102702995515,0.2719344611720337,-0.06415498133157693,0.00015748,0.06470177445938888,0.00081957,1,0.0
8741,0.29413431488095,0.10330351347574647,-1.54e-06,0.48226107656787986,6.778191466412777,-54.698914242867815,1.0052136313683062,-17.145921469504092,0.12067054082980143,-94.09170432501492,-1.1573229341274334,40.889054384080296,0.6295741068180681,80.3808635358646,0.2719344611720337,-0.0611313225446327,0.00015748,0.06138317535742202,0.00081957,1,0.0
8742,0.1941669401938127,0.015714664510445196,-1.54e-06,0.48226107656787986,6.778191466412777,-38.02429800312757,1.0052136313683062,17.165337826619183,0.12067054082980143,-66.85688191151195,-1.1573229341274334,-86.69440969253075,0.6295741068180681,56.19668599152738,0.2719344611720337,-0.004708664684900449,0.00015748,0.004824837881927881,0.00081957,1,0.0
8743,0.2836192505525794,0.2789356638907294,-1.54e-06,0.48226107656787986,6.778191466412777,-49.96709316240691,1.0052136313683062,-79.10585548585635,0.12067054082980143,-43.48979124807288,-1.1573229341274334,-10.170178475533653,0.6295741068180681,73.37247149073775,0.2719344611720337,-0.14626600690482214,0.00015748,0.14439038149029773,0.00081957,1,0.0
8744,0.33266811296243964,0.043029196730083645,-1.54e-06,0.48226107656787986,6.778191466412777,-31.955246609893358,1.0052136313683062,73.00132316478609,0.12067054082980143,-40.811593615901714,-1.1573229341274334,23.76215830627437,0.6295741068180681,45.86814721195608,0.2719344611720337,-0.10044734642127326,0.00015748,0.10118374348821293,0.00081957,1,0.0
8745,0.026852787520906675,0.002588137585745704,-1.54e-06,0.48226107656787986,6.778191466412777,-15.57952317715157,1.0052136313683062,28.31367150560403,0.12067054082980143,-50.79986866497964,-1.1573229341274334,-68.71625109333674,0.6295741068180681,23.459754409016274,0.2719344611720337,-0.03316500087841319,0.00015748,0.03320848928123138,0.00081957,1,0.0
8746,0.40594328945770003,0.03957900426832664,-1.54e-06,0.48226107656787986,6.778191466412777,-48.27174420006425,1.0052136313683062,80.93394472296148,0.12067054082980143,-85.50270369956114,-1.1573229341274334,75.07654684837253,0.6295741068180681,69.86050436022076,0.2719344611720337,-0.1023074597677895,0.00015748,0.10313837311098432,0.00081957,1,0.0
8747,0.044560167398893985,0.2177447077256663,-1.54e-06,0.48226107656787986,6.778191466412777,-29.03612532885104,1.0052136313683062,-84.92356866514832,0.12067054082980143,-41.97431036587355,-1.1573229341274334,-44.06611696058177,0.6295741068180681,43.61582915252917,0.2719344611720337,-0.14635847340022567,0.00015748,0.14787439504111421,0.00081957,1,0.0
8748,0.31052313487620925,0.04986186983497938,-1.54e-06,0.48226107656787986,6.778191466412777,-31.85820205426733,1.0052136313683062,82.81905497100989,0.12067054082980143,-44.83951622170179,-1.1573229341274334,-32.29192042061483,0.6295741068180681,45.99229860488316,0.2719344611720337,-0.10764290041272945,0.00015748,0.10824198307691352,0.00081957,1,0.0
8749,-0.10660893018414853,0.2515103924453087,-1.54e-06,0.48226107656787986,6.778191466412777,-0.0017395367374765103,1.0052136313683062,51.209675820110746,0.12067054082980143,-49.44836122089206,-1.1573229341274334,-80.50525388677617,0.6295741068180681,0.9156737261438866,0.2719344611720337,-0.0770633486655723,0.00015748,0.07724573834247092,0.00081957,1,0.0
8750,0.09231688308715927,0.0032740287452705805,-1.54e-06,0.48226107656787986,6.778191466412777,-27.784020037440108,1.0052136313683062,39.10437263843554,0.12067054082980143,-73.46823286417172,-1.1573229341274334,-98.57687139879775,0.6295741068180681,41.481410064679366,0.2719344611720337,-0.03943032008248983,0.00015748,0.03957358420106335,0.00081957,1,0.0
8751,0.23570042648252953,0.21641199517381748,-1.54e-06,0.48226107656787986,6.778191466412777,-52.309754907042276,1.0052136313683062,-59.087295503456474,0.12067054082980143,-82.0466775882067,-1.1573229341274334,19.52421256703051,0.6295741068180681,77.2286422283277,0.2719344611720337,-0.1197048624812086,0.00015748,0.1200431044331575,0.00081957,1,0.0
8752,0.03726489611057313,0.005938763828565758,-1.54e-06,0.48226107656787986,6.778191466412777,-22.25379263692432,1.0052136313683062,43.31561077489803,0.12067054082980143,-84.15468285583052,-1.1573229341274334,-27.489992587145686,0.6295741068180681,33.36100195009822,0.2719344611720337,-0.048720601783821406,0.00015748,0.04867254486351879,0.00081957,1,0.0
8753,0.19766729243672765,0.00550439685658345,-1.54e-06,0.48226107656787986,6.778191466412777,-24.59486150050385,1.0052136313683062,30.33842621789112,0.12067054082980143,-33.01982924037694,-1.1573229341274334,-21.680802877554903,0.6295741068180681,35.78105720621392,0.2719344611720337,-0.034489130592360445,0.00015748,0.03465785103918316,0.00081957,1,0.0
8754,-0.08269390825034469,0.17507304346854802,-1.54e-06,0.48226107656787986,6.778191466412777,-9.28165233589608,1.0052136313683062,-3.249366068163572,0.12067054082980143,-66.53960408773271,-1.1573229341274334,48.539095267261246,0.6295741068180681,14.521047445531963,0.2719344611720337,-0.03327828886092961,0.00015748,0.03558922136126297,0.00081957,1,0.0
8755,0.5695700596380016,0.2698867504787112,-1.54e-06,0.48226107656787986,6.778191466412777,-36.82809081671996,1.0052136313683062,78.77010604062679,0.12067054082980143,-36.84684412947577,-1.1573229341274334,-31.92269858512821,0.6295741068180681,68.63361323328368,0.2719344611720337,0.08673949802399578,0.00015748,0.5566667872362889,0.00081957,0,0.0
8756,0.26451398076175325,0.31909865207128174,-1.54e-06,0.48226107656787986,6.778191466412777,-61.99108488998796,1.0052136313683062,-72.14025727229037,0.12067054082980143,-85.90609804879286,-1.1573229341274334,-84.89887383006158,0.6295741068180681,91.79464405160783,0.2719344611720337,-0.148072941330849,0.00015748,0.14605040199176342,0.00081957,1,0.0
8757,0.19188600026218675,0.14050557693680343,-1.54e-06,0.48226107656787986,6.778191466412777,-29.40961590350285,1.0052136313683062,-64.26720661048519,0.12067054082980143,-19.04700866529375,-1.1573229341274334,67.1619144673551,0.6295741068180681,42.91041147059986,0.2719344611720337,-0.11023486760509704,0.00015748,0.11123570422777729,0.00081957,1,0.0
8758,0.28575518949758394,0.030622761709248658,-1.54e-06,0.48226107656787986,6.778191466412777,-43.1401047725716,1.0052136313683062,11.557776308400719,0.12067054082980143,-72.70554281896511,-1.1573229341274334,64.93040003907379,0.6295741068180681,62.94874919219172,0.2719344611720337,-0.02812882568748825,0.00015748,0.028124303315609438,0.00081957,1,0.0
8759,0.022855954064995163,0.00028262875365069626,-1.54e-06,0.48226107656787986,6.778191466412777,-3.8048280268439374,1.0052136313683062,5.392826530042464,0.12067054082980143,-9.315445623561232,-1.1573229341274334,5.833544552708594,0.6295741068180681,5.564503344956443,0.2719344611720337,-0.0056512378776734104,0.00015748,0.005525582804176458,0.00081957,1,0.0
8760,0.6115204200191575,0.060705179222564604,-1.54e-06,0.48226107656787986,6.778191466412777,-60.14346492686711,1.0052136313683062,59.3709891487612,0.12067054082980143,-34.87767084263261,-1.1573229341274334,-21.11911680930223,0.6295741068180681,86.55901310204013,0.2719344611720337,-0.0989786141097163,0.00015748,0.0998478393854453,0.00081957,1,0.0
8761,0.38995868649463317,0.022123727505063973,-1.54e-06,0.48226107656787986,6.778191466412777,-53.449920986148896,1.0052136313683062,49.88149112965736,0.12067054082980143,-85.66025389493484,-1.1573229341274334,12.59366641341944,0.6295741068180681,77.8921285281721,0.2719344611720337,-0.0534430520595963,0.00015748,0.05340798810398779,0.00081957,1,0.0
8762,0.020330917247158214,0.07484810420232041,-1.54e-06,0.48226107656787986,6.778191466412777,-14.097475144622502,1.0052136313683062,-54.483080953293054,0.12067054082980143,-23.27624407583691,-1.1573229341274334,42.42004852718181,0.6295741068180681,21.03397009541683,0.2719344611720337,-0.08846738311148712,0.00015748,0.08872884379553651,0.00081957,1,0.0
8763,0.45244234630455965,0.04833346210993411,-1.54e-06,0.48226107656787986,6.778191466412777,-41.025289993723995,1.0052136313683062,67.8244836642744,0.12067054082980143,-33.13823327203883,-1.1573229341274334,42.29193799761595,0.6295741068180681,58.723960521955796,0.2719344611720337,-0.10303774305623106,0.00015748,0.10537970915057748,0.00081957,1,0.0
8764,0.398859182018632,0.06915042569407688,-1.54e-06,0.48226107656787986,6.778191466412777,-55.51906077068866,1.0052136313683062,3.843656812523915,0.12067054082980143,-67.55667271063278,-1.1573229341274334,10.047082478947011,0.6295741068180681,80.96938236826493,0.2719344611720337,-0.04525737578348238,0.00015748,0.04570332399918324,0.00081957,1,0.0
8765,0.20424294360839315,0.006648006608795195,-1.54e-06,0.48226107656787986,6.778191466412777,-36.80356929826317,1.0052136313683062,49.97619172898795,0.12067054082980143,-89.72678208086475,-1.1573229341274334,19.514416320102058,0.6295741068180681,54.05848453335619,0.2719344611720337,-0.047778306985515856,0.00015748,0.04799779645250915,0.00081957,1,0.0
8766,0.42463497129555194,0.028049389973591594,-1.54e-06,0.48226107656787986,6.778191466412777,-46.34670355536911,1.0052136313683062,43.379186600101576,0.12067054082980143,-42.906711218853,-1.1573229341274334,-5.404712592217404,0.6295741068180681,66.98453012947424,0.2719344611720337,-0.06461233627529937,0.00015748,0.06471154392527668,0.00081957,1,0.0
8767,0.17186980529311668,0.01809037122227862,-1.54e-06,0.48226107656787986,6.778191466412777,-22.857521373928662,1.0052136313683062,54.633362505892265,0.12067054082980143,-60.00181830092461,-1.1573229341274334,70.11218418633155,0.6295741068180681,33.136843992414036,0.2719344611720337,-0.06850825071157325,0.00015748,0.06858873161436692,0.00081957,1,0.0
8768,0.07085380183676945,0.040058282516195726,-1.54e-06,0.48226107656787986,6.778191466412777,-19.826430189918632,1.0052136313683062,75.52567802850099,0.12067054082980143,-87.39738950201645,-1.1573229341274334,27.79674942178349,0.6295741068180681,29.354423242108396,0.2719344611720337,-0.09338838351548116,0.00015748,0.09353273356443588,0.00081957,1,0.0
8769,0.389567156939184,0.16592471918376578,-1.54e-06,0.48226107656787986,6.778191466412777,-52.427433455062676,1.0052136313683062,-42.85223016441236,0.12067054082980143,-33.91405031994857,-1.1573229341274334,-13.113168348851657,0.6295741068180681,76.43203832060225,0.2719344611720337,-0.0984204591684182,0.00015748,0.09926956165146568,0.00081957,1,0.0
8770,0.3125421734033451,0.01897464072469377,-1.54e-06,0.48226107656787986,6.778191466412777,-47.98066536720531,1.0052136313683062,33.93376816526335,0.12067054082980143,-87.97095206842674,-1.1573229341274334,37.41697938322847,0.6295741068180681,70.12734411345592,0.2719344611720337,-0.031043996879486318,0.00015748,0.031171725082485693,0.00081957,1,0.0
8771,0.3790388536299408,0.02439341939846333,-1.54e-06,0.48226107656787986,6.778191466412777,-41.09991084841738,1.0052136313683062,48.608245644841745,0.12067054082980143,-49.58628105904978,-1.1573229341274334,48.83273176876846,0.6295741068180681,59.2697040079402,0.2719344611720337,-0.07062887296922224,0.00015748,0.07078734708280224,0.00081957,1,0.0
8772,0.16451926063902117,0.022484983500409186,-1.54e-06,0.48226107656787986,6.778191466412777,-24.658910296068125,1.0052136313683062,62.86000877054693,0.12067054082980143,-70.02655423857598,-1.1573229341274334,49.39457302641933,0.6295741068180681,35.95361213366488,0.2719344611720337,-0.07614559579143954,0.00015748,0.0764040488717728,0.00081957,1,0.0
8773,0.01442543186426688,0.0029275173678858166,-1.54e-06,0.48226107656787986,6.778191466412777,-6.5336350495222115,1.0052136313683062,-4.058248430657107,0.12067054082980143,-4.94619056908047,-1.1573229341274334,-83.54676419977187,0.6295741068180681,9.941144551073132,0.2719344611720337,-0.016368038271310045,0.00015748,0.016599496590747095,0.00081957,1,0.0
8774,0.07849094342959534,0.025725937437359164,-1.54e-06,0.48226107656787986,6.778191466412777,-17.634363599614286,1.0052136313683062,-20.9468842484769,0.12067054082980143,-29.9041275399659,-1.1573229341274334,23.902286866248765,0.6295741068180681,26.003984596136068,0.2719344611720337,-0.041661122885120014,0.00015748,0.041778428589574215,0.00081957,1,0.0
8775,-0.06332888776571358,0.1598204283509043,-1.54e-06,0.48226107656787986,6.778191466412777,-1.7713138749683512,1.0052136313683062,-38.32859233095883,0.12067054082980143,-0.6905192559664228,-1.1573229341274334,-65.79144618068902,0.6295741068180681,3.42291793488337,0.2719344611720337,-0.06245993791689495,0.00015748,0.06903628773563511,0.00081957,1,0.0
8776,0.16351529193602007,0.00948317479344914,-1.54e-06,0.48226107656787986,6.778191466412777,-14.373622120112193,1.0052136313683062,34.89337263047749,0.12067054082980143,-3.7902865404812496,-1.1573229341274334,-67.14660422181394,0.6295741068180681,20.69745824132505,0.2719344611720337,-0.04643392317605206,0.00015748,0.04646606280677932,0.00081957,1,0.0
8777,0.3450247767961078,0.02443015280215912,-1.54e-06,0.48226107656787986,6.778191466412777,-28.043815074436385,1.0052136313683062,40.45099431563927,0.12067054082980143,-3.229068015338867,-1.1573229341274334,-2.4763450736265558,0.6295741068180681,39.92622302144484,0.2719344611720337,-0.07167681398442442,0.00015748,0.071826146708469,0.00081957,1,0.0
8778,0.2436149702833324,0.008569850971644543,-1.54e-06,0.48226107656787986,6.778191466412777,-34.29084316344371,1.0052136313683062,35.93897751992273,0.12067054082980143,-62.70066979000974,-1.1573229341274334,34.11249812253701,0.6295741068180681,49.9615551244911,0.2719344611720337,-0.038826998260114175,0.00015748,0.03885014555136589,0.00081957,1,0.0
8779,0.3304258814892753,0.17596632249889113,-1.54e-06,0.48226107656787986,6.778191466412777,-16.85991525457695,1.0052136313683062,99.16733833030109,0.12067054082980143,-29.619709316061645,-1.1573229341274334,45.26049797771795,0.6295741068180681,30.13547038045419,0.2719344611720337,0.00801333530256726,0.00015748,0.2608839343218321,0.00081957,0,0.0
8780,0.41369163172685236,0.033669881492994956,-1.54e-06,0.48226107656787986,6.778191466412777,-48.29508192129235,1.0052136313683062,76.58879677362481,0.12067054082980143,-67.89694529820805,-1.1573229341274334,-17.692206351005755,0.6295741068180681,70.03053577268761,0.2719344611720337,-0.09389442794541303,0.00015748,0.0942162935597434,0.00081957,1,0.0
8781,0.5385297202457316,0.0612797777125678,-1.54e-06,0.48226107656787986,6.778191466412777,-51.80804212859106,1.0052136313683062,78.57026643566701,0.12067054082980143,-48.90237973365488,-1.1573229341274334,49.35128550863957,0.6295741068180681,74.38363234724483,0.2719344611720337,-0.1160939397791434,0.00015748,0.11869106151883502,0.00081957,1,0.0
8782,-0.15543598043956858,0.7922612145082621,-1.54e-06,0.48226107656787986,6.778191466412777,41.914200849132115,1.0052136313683062,53.71238962480442,0.12067054082980143,-12.286076645612862,-1.1573229341274334,-40.40555707976171,0.6295741068180681,-38.13636885374528,0.2719344611720337,-0.011473878900761791,0.00015748,0.9194669046331791,0.00081957,1,0.0
8783,0.15145312784343826,0.07677957051423709,-1.54e-06,0.48226107656787986,6.778191466412777,-21.401194131565173,1.0052136313683062,-47.44459435300104,0.12067054082980143,-8.925268356384331,-1.1573229341274334,43.46853448606126,0.6295741068180681,31.190883316291487,0.2719344611720337,-0.08070707816559723,0.00015748,0.08275682541809305,0.00081957,1,0.0
8784,0.2609734043130042,0.012609318334975864,-1.54e-06,0.48226107656787986,6.778191466412777,-28.581871764089225,1.0052136313683062,28.661899378636992,0.12067054082980143,-37.32595824661574,-1.1573229341274334,64.86499935351746,0.6295741068180681,41.203370250463216,0.2719344611720337,-0.044923515378101284,0.00015748,0.046359261166221175,0.00081957,1,0.0
8785,0.07540239745378209,0.005009408855796701,-1.54e-06,0.48226107656787986,6.778191466412777,-11.789200845960915,1.0052136313683062,30.743367641955498,0.12067054082980143,-26.167723868507526,-1.1573229341274334,-38.932383164625186,0.6295741068180681,17.341247362586426,0.2719344611720337,-0.03600289691782134,0.00015748,0.0358944592568575,0.00081957,1,0.0
8786,0.16645362709437694,0.05285392821631261,-1.54e-06,0.48226107656787986,6.778191466412777,-15.154726681597449,1.0052136313683062,73.7646769747186,0.12067054082980143,-28.02364075219502,-1.1573229341274334,-41.03171876097538,0.6295741068180681,21.809533521511018,0.2719344611720337,-0.09912607936676657,0.00015748,0.09958013605544994,0.00081957,1,0.0
8787,0.43166229593260447,0.17139985819674297,-1.54e-06,0.48226107656787986,6.778191466412777,-61.15631480331835,1.0052136313683062,-33.265336112433424,0.12067054082980143,-56.713349030052534,-1.1573229341274334,-4.336946812531777,0.6295741068180681,89.25949209232937,0.2719344611720337,-0.0920928315636518,0.00015748,0.09191176291709255,0.00081957,1,0.0
8788,0.3394483845963339,0.177273236879711,-1.54e-06,0.48226107656787986,6.778191466412777,-40.31563858926253,1.0052136313683062,-62.21761565177004,0.12067054082980143,-5.923405252761968,-1.1573229341274334,42.79650871327043,0.6295741068180681,58.39461738766108,0.2719344611720337,-0.1180575066046039,0.00015748,0.11905706093627796,0.00081957,1,0.0
8789,0.3904954992526175,0.026503881284048417,-1.54e-06,0.48226107656787986,6.778191466412777,-35.7987426839251,1.0052136313683062,27.344497614226647,0.12067054082980143,-5.466311946982542,-1.1573229341274334,-30.611786989107305,0.6295741068180681,51.38248300527816,0.2719344611720337,-0.05892928938912444,0.00015748,0.059588640187266825,0.00081957,1,0.0
8790,0.1292349868363193,0.033593037504967185,-1.54e-06,0.48226107656787986,6.778191466412777,-32.16465191981765,1.0052136313683062,-8.50707319433977,0.12067054082980143,-78.93554001304723,-1.1573229341274334,82.13652394388912,0.6295741068180681,47.44242943032957,0.2719344611720337,-0.033837379346488825,0.00015748,0.03403971192803033,0.00081957,1,0.0
8791,0.14495455827974835,0.003194967046629131,-1.54e-06,0.48226107656787986,6.778191466412777,-14.380386845913605,1.0052136313683062,17.21214122812496,0.12067054082980143,-6.4496493231313545,-1.1573229341274334,-31.901768161378286,0.6295741068180681,20.756274431089672,0.2719344611720337,-0.02434208426847503,0.00015748,0.02427966323816882,0.00081957,1,0.0
8792,-0.04542990503103251,0.09649764003709008,-1.54e-06,0.48226107656787986,6.778191466412777,-3.267252286780414,1.0052136313683062,-7.936070841790854,0.12067054082980143,-19.058915119544412,-1.1573229341274334,-31.481166359198944,0.6295741068180681,5.376868187141207,0.2719344611720337,-0.024618940869082832,0.00015748,0.0272361373573647,0.00081957,1,0.0
8793,0.10191898782288072,0.010230250748183817,-1.54e-06,0.48226107656787986,6.778191466412777,-15.725136739116012,1.0052136313683062,42.338989282239496,0.12067054082980143,-42.456991306193764,-1.1573229341274334,0.6000443954981246,0.6295741068180681,23.018483410539915,0.2719344611720337,-0.05063940991531015,0.00015748,0.050914655996123666,0.00081957,1,0.0
8794,0.0985934588335485,0.011598243749422777,-1.54e-06,0.48226107656787986,6.778191466412777,-15.563614867887063,1.0052136313683062,42.93686236407088,0.12067054082980143,-54.30292285011881,-1.1573229341274334,79.75170652092982,0.6295741068180681,22.620950747449783,0.2719344611720337,-0.05355527311010564,0.00015748,0.05364553809859313,0.00081957,1,0.0
8795,0.1807551940236598,0.006048580144419792,-1.54e-06,0.48226107656787986,6.778191466412777,-29.953845494076347,1.0052136313683062,44.23037264897639,0.12067054082980143,-70.5940035760966,-1.1573229341274334,21.303481984831684,0.6295741068180681,43.88416387074857,0.2719344611720337,-0.0453143446399099,0.00015748,0.045436319244686184,0.00081957,1,0.0
8796,0.23395131588310294,0.009740198598767683,-1.54e-06,0.48226107656787986,6.778191466412777,-38.912282931549555,1.0052136313683062,57.68889794840371,0.12067054082980143,-87.45015324027382,-1.1573229341274334,-5.804576150681661,0.6295741068180681,57.089536916954515,0.2719344611720337,-0.058074440697942216,0.00015748,0.058310984449073934,0.00081957,1,0.0
8797,0.11494956992518982,0.002419080171338123,-1.54e-06,0.48226107656787986,6.778191466412777,-17.136076229998903,1.0052136313683062,21.798037757327833,0.12067054082980143,-41.560200115389314,-1.1573229341274334,60.73826886239604,0.6295741068180681,24.917818076056143,0.2719344611720337,-0.025149840154573833,0.00015748,0.025118127750201703,0.00081957,1,0.0
8798,0.09837031975462436,0.04655335356455059,-1.54e-06,0.48226107656787986,6.778191466412777,-18.0106622518469,1.0052136313683062,76.44878617231244,0.12067054082980143,-72.75645109310973,-1.1573229341274334,32.74427069343193,0.6295741068180681,26.417094759941904,0.2719344611720337,-0.09718543632774901,0.00015748,0.09736370858600854,0.00081957,1,0.0
8799,-0.034421188490764865,0.07878088789567703,-1.54e-06,0.48226107656787986,6.778191466412777,-17.229654541706967,1.0052136313683062,40.69111166092639,0.12067054082980143,-83.19357483614239,-1.1573229341274334,-70.0387925301852,0.6295741068180681,26.383091378654836,0.2719344611720337,-0.055804938658178344,0.00015748,0.056249371207962695,0.00081957,1,0.0
8800,0.4829402137741382,0.12890786080642708,-1.54e-06,1.600149459561681,3.485910062937601,-12.062362233728424,1.0052136313683062,13.044110711514618,0.12067054082980143,-23.624507484592243,-1.1573229341274334,-82.80828967073597,0.6295741068180681,36.92646716311115,0.2719344611720337,-0.24721717766122786,0.00015748,0.24868086006276424,0.00081957,1,0.0
8801,0.4443842154141608,0.1557020022696881,-1.54e-06,1.600149459561681,3.485910062937601,79.71001117936724,1.0052136313683062,19.732579221993255,0.12067054082980143,-5.583658833167586,-1.1573229341274334,-62.21433417261871,0.6295741068180681,-26.514312119080294,0.2719344611720337,0.4060589261249341,0.00015748,0.6504474385560897,0.00081957,0,0.0
8802,0.66359504953989,0.08018298592658599,-1.54e-06,1.600149459561681,3.485910062937601,-41.069668650415224,1.0052136313683062,10.48038066535849,0.12067054082980143,-37.38047435497071,-1.1573229341274334,-52.98574157514263,0.6295741068180681,60.69619684424657,0.2719344611720337,-0.16029196185732975,0.00015748,0.15993058904270485,0.00081957,1,0.0
8803,-0.0006408526252287827,0.15575827224442262,-1.54e-06,1.600149459561681,3.485910062937601,-9.844471249525276,1.0052136313683062,-4.4988145243465985,0.12067054082980143,-8.589082196178996,-1.1573229341274334,65.05387908530452,0.6295741068180681,2.2026054357320337,0.2719344611720337,-0.09353085486512339,0.00015748,0.27145060737589277,0.00081957,1,0.0
8804,-2.7913399424144003e-05,0.105734639690107,-1.54e-06,1.600149459561681,3.485910062937601,-11.977639952190165,1.0052136313683062,1.5746260266531857,0.12067054082980143,-42.33245598702636,-1.1573229341274334,78.19780949790811,0.6295741068180681,16.846147428698128,0.2719344611720337,0.033779181029933936,0.00015748,0.19175634781223977,0.00081957,0,0.0
8805,0.0017610536194605508,0.030270638505550524,-1.54e-06,1.600149459561681,3.485910062937601,91.73705991679479,1.0052136313683062,27.36001226681951,0.12067054082980143,-82.95593408978556,-1.1573229341274334,37.985968757319675,0.6295741068180681,-19.632423343969943,0.2719344611720337,0.3533622269596023,0.00015748,0.8574926941078579,0.00081957,0,0.0
8806,0.35697069864408376,0.024023576096831777,-1.54e-06,1.600149459561681,3.485910062937601,-65.54006727881041,1.0052136313683062,2.8351763234986245,0.12067054082980143,-74.38189017410379,-1.1573229341274334,76.30031690087085,0.6295741068180681,70.48696584184354,0.2719344611720337,-0.04505162912664524,0.00015748,0.04500854718208556,0.00081957,1,0.0
8807,0.22113189993961713,0.06729717313365431,-1.54e-06,1.600149459561681,3.485910062937601,42.05191820938531,1.0052136313683062,22.698302873934793,0.12067054082980143,-98.02564574059883,-1.1573229341274334,75.42118949677057,0.6295741068180681,15.688622066162106,0.2719344611720337,0.40833130908674037,0.00015748,0.6448306563759714,0.00081957,0,0.0
8808,0.0004541888528442062,0.039727036195326776,-1.54e-06,1.600149459561681,3.485910062937601,76.29362666690422,1.0052136313683062,19.660800859733197,0.12067054082980143,-58.8181719448732,-1.1573229341274334,44.63519169698475,0.6295741068180681,-22.430204399554235,0.2719344611720337,0.4046308805136315,0.00015748,0.6541287175944218,0.00081957,0,0.0
8809,0.11570084964462306,0.006130081474994835,-1.54e-06,1.600149459561681,3.485910062937601,-17.77634370173169,1.0052136313683062,3.942083529796211,0.12067054082980143,-30.937900222267004,-1.1573229341274334,15.489234894849996,0.6295741068180681,24.524042954249612,0.2719344611720337,-0.05406193207376594,0.00015748,0.0542811224518975,0.00081957,1,0.0
8810,1.2674400466578222,1.218182143468629,-1.54e-06,1.600149459561681,3.485910062937601,-15.626399183181357,1.0052136313683062,-0.11997581277157525,0.12067054082980143,-49.70360899407972,-1.1573229341274334,49.099742944825955,0.6295741068180681,67.25323228344165,0.2719344611720337,0.237625092187764,0.00015748,1.112501734826625,0.00081957,0,0.0
8811,1.1671521910786717,0.18671335493406083,-1.54e-06,1.600149459561681,3.485910062937601,-71.94070586839021,1.0052136313683062,6.039224693335852,0.12067054082980143,-13.092680496506146,-1.1573229341274334,-89.32072809378384,0.6295741068180681,83.64042723406973,0.2719344611720337,-0.04771245110454513,0.00015748,0.047224761588109475,0.00081957,1,0.0
8812,0.6161940953954976,0.0515530265116358,-1.54e-06,1.600149459561681,3.485910062937601,-49.64353202213532,1.0052136313683062,8.019893203999024,0.12067054082980143,-44.910047199830835,-1.1573229341274334,-20.997850418326628,0.6295741068180681,64.51786813440413,0.2719344611720337,-0.10136710638047952,0.00015748,0.10140114525101951,0.00081957,1,0.0
8813,-8.167471918041347e-05,0.04134416218547584,-1.54e-06,1.600149459561681,3.485910062937601,70.26545434044452,1.0052136313683062,18.28195559154666,0.12067054082980143,-61.377600407732686,-1.1573229341274334,55.85548918836312,0.6295741068180681,-18.84504786331451,0.2719344611720337,0.4170003986350862,0.00015748,0.6249684448348588,0.00081957,0,0.0
8814,0.14457328637153855,0.04169660853706426,-1.54e-06,1.600149459561681,3.485910062937601,-16.590477291541504,1.0052136313683062,8.70891838386307,0.12067054082980143,-44.82324163335373,-1.1573229341274334,4.708954696695136,0.6295741068180681,31.185516193530077,0.2719344611720337,-0.14256175956007486,0.00015748,0.1428040643457766,0.00081957,1,0.0
8815,0.001977802389714567,0.04566529162913306,-1.54e-06,1.600149459561681,3.485910062937601,99.99210352677568,1.0052136313683062,19.668326954970713,0.12067054082980143,-28.58084883608299,-1.1573229341274334,-3.3583010686985393,0.6295741068180681,-43.58721929789678,0.2719344611720337,0.3843305914198934,0.00015748,0.7162834794477662,0.00081957,0,0.0
8816,0.5709899702151633,0.0496969726704288,-1.54e-06,1.600149459561681,3.485910062937601,-46.42303863877203,1.0052136313683062,8.279900566152357,0.12067054082980143,-46.983046749783924,-1.1573229341274334,-18.843882475990572,0.6295741068180681,62.56092421380708,0.2719344611720337,-0.11380315805482909,0.00015748,0.11417715499791746,0.00081957,1,0.0
8817,0.43830642869266784,0.06403053511075185,-1.54e-06,1.600149459561681,3.485910062937601,-10.925088601912181,1.0052136313683062,9.230910484289607,0.12067054082980143,-8.389784148771323,-1.1573229341274334,-74.1209293729812,0.6295741068180681,27.287691482109377,0.2719344611720337,-0.16375519749446937,0.00015748,0.16443015571227915,0.00081957,1,0.0
8818,0.12344098917577967,0.06744424808062055,-1.54e-06,1.600149459561681,3.485910062937601,-38.673741226061225,1.0052136313683062,6.364214016386816,0.12067054082980143,-54.31688193148251,-1.1573229341274334,65.86874048607146,0.6295741068180681,37.01643369491813,0.2719344611720337,-0.1612367928070546,0.00015748,0.16398092957777244,0.00081957,1,0.0
8819,0.680201757233651,0.3312124089087074,-1.54e-06,1.600149459561681,3.485910062937601,-30.88379767123234,1.0052136313683062,22.89604636008329,0.12067054082980143,-71.14943880923789,-1.1573229341274334,-81.38285852124065,0.6295741068180681,71.79815874316331,0.2719344611720337,-0.3894406875888009,0.00015748,0.4060986248695385,0.00081957,1,0.0
8820,-0.00018211890528779806,0.20265020022034147,-1.54e-06,1.600149459561681,3.485910062937601,32.722137069972305,1.0052136313683062,3.3293826266219475,0.12067054082980143,-16.141537252182182,-1.1573229341274334,62.826833011874974,0.6295741068180681,-18.744400959738496,0.2719344611720337,0.17823976911275174,0.00015748,0.4621554336150505,0.00081957,0,0.0
8821,0.0074810331281331965,0.06134619150437984,-1.54e-06,1.600149459561681,3.485910062937601,59.196272737331554,1.0052136313683062,13.983651724407268,0.12067054082980143,-52.37137463162491,-1.1573229341274334,74.57802600185762,0.6295741068180681,-19.02206485186524,0.2719344611720337,0.46276309185520625,0.00015748,0.5424320860721937,0.00081957,0,0.0
8822,0.19882851072050567,0.08963195358495732,-1.54e-06,1.600149459561681,3.485910062937601,75.25045087368578,1.0052136313683062,17.39604959214463,0.12067054082980143,-27.0652284792602,-1.1573229341274334,-1.899808632561889,0.6295741068180681,-26.30875697085512,0.2719344611720337,0.42465469511924664,0.00015748,0.6070644906588838,0.00081957,0,0.0
8823,0.6050607325879487,0.15971856172722937,-1.54e-06,1.600149459561681,3.485910062937601,45.24285264377251,1.0052136313683062,28.076489318915463,0.12067054082980143,-85.05186135582083,-1.1573229341274334,1.0249910431496985,0.6295741068180681,25.194965118538075,0.2719344611720337,0.3667609832645058,0.00015748,0.7790474010409871,0.00081957,0,0.0
8824,0.8608082722998059,0.12190607464029993,-1.54e-06,1.600149459561681,3.485910062937601,-53.2517796831197,1.0052136313683062,12.288853414048582,0.12067054082980143,-43.69408469624708,-1.1573229341274334,-68.19117068268538,0.6295741068180681,76.7863979090299,0.2719344611720337,-0.1844352874068894,0.00015748,0.18492113553105458,0.00081957,1,0.0
8825,0.582098058092914,0.07432797418318741,-1.54e-06,1.600149459561681,3.485910062937601,-69.2654982217877,1.0052136313683062,0.689870217253571,0.12067054082980143,-47.590193742023494,-1.1573229341274334,36.33535574887237,0.6295741068180681,70.46680060421794,0.2719344611720337,-0.08012078864284648,0.00015748,0.08126211124994047,0.00081957,1,0.0
8826,0.4073204018187997,0.11097627357895345,-1.54e-06,1.600149459561681,3.485910062937601,78.76762055846802,1.0052136313683062,28.79661950655619,0.12067054082980143,-65.6191755746927,-1.1573229341274334,-20.550691577197547,0.6295741068180681,-4.428086800046617,0.2719344611720337,0.3518235668746189,0.00015748,0.8625728758039654,0.00081957,0,0.0
8827,-0.00019506931372337277,0.059785949122341094,-1.54e-06,1.600149459561681,3.485910062937601,-24.027243207356204,1.0052136313683062,7.291418511759479,0.12067054082980143,-74.99333342436353,-1.1573229341274334,78.68801958923115,0.6295741068180681,37.778637032958734,0.2719344611720337,-0.016722545323948693,0.00015748,0.12398911427130684,0.00081957,1,0.0
8828,0.5609508902413424,0.1786390070449152,-1.54e-06,1.600149459561681,3.485910062937601,91.53907887336179,1.0052136313683062,25.312178463875792,0.12067054082980143,-11.792465585762399,-1.1573229341274334,-93.18148624141561,0.6295741068180681,-24.00116147539135,0.2719344611720337,0.36081789141095505,0.00015748,0.811279312789051,0.00081957,0,0.0
8829,0.7634838424267513,0.21266860101858706,-1.54e-06,1.600149459561681,3.485910062937601,72.20200126186297,1.0052136313683062,34.5662288290641,0.12067054082980143,-71.76811995225032,-1.1573229341274334,-63.0382704003811,0.6295741068180681,14.742369244851766,0.2719344611720337,0.33520041223677655,0.00015748,0.9828286293895142,0.00081957,0,0.0
8830,0.6720571786022189,0.12193732686793285,-1.54e-06,1.600149459561681,3.485910062937601,-29.903543232007898,1.0052136313683062,13.129081887400488,0.12067054082980143,-30.25470634616456,-1.1573229341274334,-82.25059968867144,0.6295741068180681,54.199708472083564,0.2719344611720337,-0.22326387429185657,0.00015748,0.2236949013035759,0.00081957,1,0.0
8831,-0.00021060662157945664,0.05010973698102683,-1.54e-06,1.600149459561681,3.485910062937601,75.29483278797757,1.0052136313683062,16.14595832541082,0.12067054082980143,-43.41495993021748,-1.1573229341274334,42.265302823181564,0.6295741068180681,-28.1912005504445,0.2719344611720337,0.43428059948674275,0.00015748,0.5966357088129524,0.00081957,0,0.0
8832,0.14260087659562543,0.002726285832927692,-1.54e-06,1.600149459561681,3.485910062937601,-21.26829406458144,1.0052136313683062,1.482935313762844,0.12067054082980143,-23.699970302531526,-1.1573229341274334,18.6359612253132,0.6295741068180681,23.92518762394258,0.2719344611720337,-0.012085197108925265,0.00015748,0.012126541653098124,0.00081957,1,0.0
8833,0.3946997203717493,0.28549714019291694,-1.54e-06,1.600149459561681,3.485910062937601,-4.03788774671851,1.0052136313683062,20.142545706454847,0.12067054082980143,-47.72153011006481,-1.1573229341274334,-78.65290066217474,0.6295741068180681,38.81931014842863,0.2719344611720337,-0.3499491263730968,0.00015748,0.3769523716043827,0.00081957,1,0.0
8834,0.06048863399064197,0.06564175163014875,-1.54e-06,1.600149459561681,3.485910062937601,75.43925489316675,1.0052136313683062,16.125179336563935,0.12067054082980143,-31.94890762033498,-1.1573229341274334,24.675355029571506,0.6295741068180681,-30.837505452597,0.2719344611720337,0.44854015933291413,0.00015748,0.5632095390631873,0.00081957,0,0.0
8835,0.13141955588859633,0.05802857373280892,-1.54e-06,1.600149459561681,3.485910062937601,65.3786675305047,1.0052136313683062,20.98348584407128,0.12067054082980143,-68.26758828848479,-1.1573229341274334,43.0538683546375,0.6295741068180681,-8.77453875213289,0.2719344611720337,0.4013281856669507,0.00015748,0.6660436452690933,0.00081957,0,0.0
8836,0.004570266301757636,0.01929553330803831,-1.54e-06,1.600149459561681,3.485910062937601,-35.154589247678494,1.0052136313683062,-1.9648709806032498,0.12067054082980143,-44.624188097227595,-1.1573229341274334,83.68933536373996,0.6295741068180681,31.11412655866767,0.2719344611720337,-0.08764533604028318,0.00015748,0.08777383399770353,0.00081957,1,0.0
8837,0.023790160176797137,0.17223675496665086,-1.54e-06,1.600149459561681,3.485910062937601,1.6611622873724061,1.0052136313683062,16.03299897915562,0.12067054082980143,-83.60367490234833,-1.1573229341274334,56.77248937126832,0.6295741068180681,28.206388126833637,0.2719344611720337,-0.01288328520453888,0.00015748,0.3336639759881529,0.00081957,1,0.0
8838,0.40729772568378536,0.16738191747932174,-1.54e-06,1.600149459561681,3.485910062937601,-24.48906063594629,1.0052136313683062,16.317271119492876,0.12067054082980143,-63.08654676734177,-1.1573229341274334,-35.94163398384389,0.6295741068180681,54.09597597452703,0.2719344611720337,-0.28156072494357776,0.00015748,0.28930917618557883,0.00081957,1,0.0
8839,0.000395208685600168,0.038644442660459105,-1.54e-06,1.600149459561681,3.485910062937601,99.70850700693687,1.0052136313683062,22.76240649646443,0.12067054082980143,-47.57837425974315,-1.1573229341274334,7.79636698972487,0.6295741068180681,-36.1637673778571,0.2719344611720337,0.3669729523641591,0.00015748,0.7851289624187439,0.00081957,0,0.0
8840,0.028252593472232905,0.0015162990116077274,-1.54e-06,1.600149459561681,3.485910062937601,-22.772188787355503,1.0052136313683062,1.17661881021809,0.12067054082980143,-36.411723201811014,-1.1573229341274334,47.711961370183744,0.6295741068180681,24.573597380622786,0.2719344611720337,-0.01722526348971195,0.00015748,0.017225651419753005,0.00081957,1,0.0
8841,0.22705825662614554,0.08175574378495105,-1.54e-06,1.600149459561681,3.485910062937601,99.87476201317581,1.0052136313683062,25.447490143141263,0.12067054082980143,-35.988596837366465,-1.1573229341274334,-36.32101299786046,0.6295741068180681,-31.91775901287986,0.2719344611720337,0.3582612185854809,0.00015748,0.8266598153369457,0.00081957,0,0.0
8842,0.5548592628964754,0.14198212990172,-1.54e-06,1.600149459561681,3.485910062937601,41.084445874260794,1.0052136313683062,28.193099107187553,0.12067054082980143,-93.98797927781258,-1.1573229341274334,19.298553251505947,0.6295741068180681,27.8912697893337,0.2719344611720337,0.3718772745937222,0.00015748,0.7603000346927031,0.00081957,0,0.0
8843,0.0028698822631237353,0.13045060222390203,-1.54e-06,1.600149459561681,3.485910062937601,42.030183593052755,1.0052136313683062,10.370020198541608,0.12067054082980143,-41.0283110369884,-1.1573229341274334,57.806647977341726,0.6295741068180681,-12.393915353415053,0.2719344611720337,0.33937814184685317,0.00015748,0.39454682170104144,0.00081957,0,0.0
8844,0.9832220989207691,0.19278517785618562,-1.54e-06,1.600149459561681,3.485910062937601,-82.56340305025051,1.0052136313683062,-0.45760905504804267,0.12067054082980143,-24.204151902524988,-1.1573229341274334,-21.101002832451755,0.6295741068180681,84.17205212655617,0.2719344611720337,-0.09306911266762356,0.00015748,0.09316268362460355,0.00081957,1,0.0
8845,0.11271632801143822,0.15411594650615326,-1.54e-06,1.600149459561681,3.485910062937601,1.4585116319316775,1.0052136313683062,13.458890469945164,0.12067054082980143,-49.96525417547851,-1.1573229341274334,-13.900283441430854,0.6295741068180681,24.580210897160285,0.2719344611720337,-0.190410689105616,0.00015748,0.27835871085855846,0.00081957,1,0.0
8846,-7.6991299900242e-05,0.1218271490102944,-1.54e-06,1.600149459561681,3.485910062937601,98.5041038228282,1.0052136313683062,18.74414871589487,0.12067054082980143,-16.361212036391635,-1.1573229341274334,22.71897743015347,0.6295741068180681,-55.36164224426585,0.2719344611720337,0.55432036680809,0.00015748,0.6329386421869001,0.00081957,0,0.0
8847,0.005905607721483963,0.036148534894372045,-1.54e-06,1.600149459561681,3.485910062937601,96.75443525747032,1.0052136313683062,24.46506690680676,0.12067054082980143,-59.905352273549106,-1.1573229341274334,17.438699232732155,0.6295741068180681,-30.123053503858035,0.2719344611720337,0.3614880444349278,0.00015748,0.8103624938196927,0.00081957,0,0.0
8848,0.4080130802571149,0.023438245140067978,-1.54e-06,1.600149459561681,3.485910062937601,-54.57472677000802,1.0052136313683062,6.647517895521997,0.12067054082980143,-69.38331755302187,-1.1573229341274334,37.32959512297916,0.6295741068180681,67.3636177738388,0.2719344611720337,-0.07198421055014036,0.00015748,0.07218711705358517,0.00081957,1,0.0
8849,0.3396288163102636,0.015844661695935375,-1.54e-06,1.600149459561681,3.485910062937601,-56.08684142757889,1.0052136313683062,6.062529008970216,0.12067054082980143,-74.61197133676247,-1.1573229341274334,56.527336030141214,0.6295741068180681,66.48674386585762,0.2719344611720337,-0.05865444726553483,0.00015748,0.0587166676157342,0.00081957,1,0.0
8850,0.0002699392432852221,0.03274597649537271,-1.54e-06,1.600149459561681,3.485910062937601,99.77898875002415,1.0052136313683062,26.336224247403138,0.12067054082980143,-69.16051848332732,-1.1573229341274334,20.92734948463827,0.6295741068180681,-28.00149651389657,0.2719344611720337,0.3517048711537847,0.00015748,0.8668712814500565,0.00081957,0,0.0
8851,4.747540523381e-05,0.08892265740013192,-1.54e-06,1.600149459561681,3.485910062937601,-15.098250146838785,1.0052136313683062,7.181994346822558,0.12067054082980143,-69.65114623749493,-1.1573229341274334,82.2030487147701,0.6295741068180681,29.820979873120656,0.2719344611720337,0.0705816140214783,0.00015748,0.14843411933384495,0.00081957,0,0.0
8852,0.2813324864035359,0.011646426995209219,-1.54e-06,1.600149459561681,3.485910062937601,-22.61630518548405,1.0052136313683062,4.036823918475873,0.12067054082980143,-22.105540373010875,-1.1573229341274334,-9.849548470397005,0.6295741068180681,30.16486251337637,0.2719344611720337,-0.05385602957856744,0.00015748,0.05389549931365872,0.00081957,1,0.0
8853,0.0009589548739771248,0.04928464346653003,-1.54e-06,1.600149459561681,3.485910062937601,60.28279170672603,1.0052136313683062,15.733930779316834,0.12067054082980143,-61.434459641505825,-1.1573229341274334,73.44422187087815,0.6295741068180681,-15.206035254167851,0.2719344611720337,0.4519048168356687,0.00015748,0.5577006301481414,0.00081957,0,0.0
8854,0.21747919490325832,0.07538868194842681,-1.54e-06,1.600149459561681,3.485910062937601,-22.521610004421717,1.0052136313683062,11.069810540313735,0.12067054082980143,-58.587812427145586,-1.1573229341274334,1.4273180834886863,0.6295741068180681,43.193234768711726,0.2719344611720337,-0.19314977584411025,0.00015748,0.19305940590861553,0.00081957,1,0.0
8855,0.46213876564355255,0.028570300043096016,-1.54e-06,1.600149459561681,3.485910062937601,-25.96165329649527,1.0052136313683062,3.965923846641832,0.12067054082980143,-9.1432913649512,-1.1573229341274334,-42.02407886020717,0.6295741068180681,34.31843461409642,0.2719344611720337,-0.054103309065922325,0.00015748,0.05437541987421608,0.00081957,1,0.0
8856,0.6025708209688281,0.16853063659461434,-1.54e-06,1.600149459561681,3.485910062937601,68.29223887388073,1.0052136313683062,29.15916047497055,0.12067054082980143,-58.60394210749693,-1.1573229341274334,-43.30539991904683,0.6295741068180681,4.887434383476309,0.2719344611720337,0.3561101855955117,0.00015748,0.8371948114906744,0.00081957,0,0.0
8857,0.7639586387901749,0.07316796389362742,-1.54e-06,1.600149459561681,3.485910062937601,-57.409000778629824,1.0052136313683062,6.286113195162315,0.12067054082980143,-35.10916281808725,-1.1573229341274334,-34.765659380975634,0.6295741068180681,69.9618410733558,0.2719344611720337,-0.0642618540465136,0.00015748,0.06417372091470744,0.00081957,1,0.0
8858,0.0013256139649262533,0.027464686837088713,-1.54e-06,1.600149459561681,3.485910062937601,84.90427223393282,1.0052136313683062,27.34777402220743,0.12067054082980143,-96.45547641160161,-1.1573229341274334,55.805422872146906,0.6295741068180681,-11.055748880255743,0.2719344611720337,0.3511915026522513,0.00015748,0.8675500712599543,0.00081957,0,0.0
8859,0.8596362271913294,0.45864435035451967,-1.54e-06,1.600149459561681,3.485910062937601,5.801462059400591,1.0052136313683062,13.476816240119954,0.12067054082980143,-95.44416004178282,-1.1573229341274334,57.44924589451817,0.6295741068180681,61.103382158696796,0.2719344611720337,0.3519612203091236,0.00015748,0.8741522651920826,0.00081957,0,0.0
8860,0.00020983614279451723,0.02243241440220787,-1.54e-06,1.600149459561681,3.485910062937601,-4.024774487598477,1.0052136313683062,4.247364220797041,0.12067054082980143,-24.843303277840278,-1.1573229341274334,14.56440398262169,0.6295741068180681,11.106550026448053,0.2719344611720337,-0.04706457815774808,0.00015748,0.0756791958117074,0.00081957,1,0.0
8861,0.2887419786127887,0.010860292833274707,-1.54e-06,1.600149459561681,3.485910062937601,-22.26875711418901,1.0052136313683062,3.2752901209258587,0.12067054082980143,-17.841345091583822,-1.1573229341274334,-12.080024456781105,0.6295741068180681,28.60039461219163,0.2719344611720337,-0.04048854619408146,0.00015748,0.040517703174022895,0.00081957,1,0.0
8862,0.5736350139405975,0.04474735066586055,-1.54e-06,1.600149459561681,3.485910062937601,-58.14868252171683,1.0052136313683062,3.5971805577124067,0.12067054082980143,-44.1240460014702,-1.1573229341274334,10.268112500932075,0.6295741068180681,65.08306286299424,0.2719344611720337,-0.026968058251491064,0.00015748,0.0268632906936882,0.00081957,1,0.0
8863,0.6893199861580848,0.06837482075935544,-1.54e-06,1.600149459561681,3.485910062937601,-61.25260458206946,1.0052136313683062,10.173375145975774,0.12067054082980143,-63.879519336649466,-1.1573229341274334,-10.305196104362029,0.6295741068180681,79.97124743148592,0.2719344611720337,-0.12989539651352228,0.00015748,0.12974352272973444,0.00081957,1,0.0
8864,0.6165075791441991,0.242531301026366,-1.54e-06,1.600149459561681,3.485910062937601,-34.69988202604325,1.0052136313683062,19.365553984369594,0.12067054082980143,-70.89373526116135,-1.1573229341274334,-60.82172147297506,0.6295741068180681,71.24397913674851,0.2719344611720337,-0.34511483194156767,0.00015748,0.3460779506684708,0.00081957,1,0.0
8865,0.3316100862043483,0.07485575327297407,-1.54e-06,1.600149459561681,3.485910062937601,-13.08501121679499,1.0052136313683062,10.07592900527362,0.12067054082980143,-29.327118843068913,-1.1573229341274334,-45.292461079369076,0.6295741068180681,32.80638181834549,0.2719344611720337,-0.18757579321822254,0.00015748,0.19142303519263554,0.00081957,1,0.0
8866,0.10824119519036646,0.05210831433610842,-1.54e-06,1.600149459561681,3.485910062937601,85.26147620713695,1.0052136313683062,24.267485947134332,0.12067054082980143,-61.67016393184918,-1.1573229341274334,15.984778768597232,0.6295741068180681,-20.627375144977584,0.2719344611720337,0.3691429303331324,0.00015748,0.7732640927852614,0.00081957,0,0.0
8867,0.36476384347256463,0.34253095227862485,-1.54e-06,1.600149459561681,3.485910062937601,83.79345636364327,1.0052136313683062,8.891050455674403,0.12067054082980143,-33.4740882257713,-1.1573229341274334,19.49922199677298,0.6295741068180681,-15.76015578961907,0.2719344611720337,0.3231586169477457,0.00015748,1.075641029006018,0.00081957,0,0.0
8868,0.26730686859557873,0.1357692213226163,-1.54e-06,1.600149459561681,3.485910062937601,-7.137903235476171,1.0052136313683062,13.849004025214109,0.12067054082980143,-39.8238730487437,-1.1573229341274334,-46.75560116650072,0.6295741068180681,31.748479498163803,0.2719344611720337,-0.25664827801438467,0.00015748,0.25806637183599584,0.00081957,1,0.0
8869,0.02291667633676653,0.0034721744417476955,-1.54e-06,1.600149459561681,3.485910062937601,-13.70665231097479,1.0052136313683062,2.8716656227825883,0.12067054082980143,-29.95057035048054,-1.1573229341274334,26.736230711674636,0.6295741068180681,18.4436339288421,0.2719344611720337,-0.03786596362763651,0.00015748,0.03810838410935447,0.00081957,1,0.0
8870,0.36270505684958,0.015926352627950998,-1.54e-06,1.600149459561681,3.485910062937601,-40.95995974440323,1.0052136313683062,4.05772233238263,0.12067054082980143,-42.08473260189559,-1.1573229341274334,15.838485360926384,0.6295741068180681,48.78802294925719,0.2719344611720337,-0.03701907834033803,0.00015748,0.037077165227280814,0.00081957,1,0.0
8871,0.11411918420343004,0.1827367214383975,-1.54e-06,1.600149459561681,3.485910062937601,-2.869928527749127,1.0052136313683062,15.412674937947484,0.12067054082980143,-62.76071375083533,-1.1573229341274334,-5.659092024974185,0.6295741068180681,31.40244222624846,0.2719344611720337,-0.22135346197650776,0.00015748,0.3036019331679899,0.00081957,1,0.0
8872,0.3481273217956597,0.21799940136259324,-1.54e-06,1.600149459561681,3.485910062937601,8.178816455904887,1.0052136313683062,17.419832168641324,0.12067054082980143,-61.644764352388954,-1.1573229341274334,-6.88581470499917,0.6295741068180681,30.74646909868462,0.2719344611720337,0.02037328815843159,0.00015748,0.4142379169483585,0.00081957,0,0.0
8873,0.7950169701647394,0.08350109951040846,-1.54e-06,1.600149459561681,3.485910062937601,-43.65051165063123,1.0052136313683062,5.877745787231182,0.12067054082980143,-8.594851992924378,-1.1573229341274334,-74.32758422813987,0.6295741068180681,55.19568956361743,0.2719344611720337,-0.06996100404562343,0.00015748,0.06960793696019087,0.00081957,1,0.0
8874,0.03670813247460081,0.04084473653994306,-1.54e-06,1.600149459561681,3.485910062937601,61.06705693781851,1.0052136313683062,20.97734191833794,0.12067054082980143,-80.35665431414222,-1.1573229341274334,70.24850956636703,0.6295741068180681,-6.755399031555742,0.2719344611720337,0.4122698658991057,0.00015748,0.6349249148618792,0.00081957,0,0.0
8875,0.5927272995709237,0.04924002697144504,-1.54e-06,1.600149459561681,3.485910062937601,-26.086047554646175,1.0052136313683062,5.122193430740916,0.12067054082980143,-0.6571036026233346,-1.1573229341274334,-71.15351204861217,0.6295741068180681,36.77737073676156,0.2719344611720337,-0.07836859373473941,0.00015748,0.0784733545549348,0.00081957,1,0.0
8876,0.025922443519828864,0.03894208273203371,-1.54e-06,1.600149459561681,3.485910062937601,84.9428910871223,1.0052136313683062,22.804377239293864,0.12067054082980143,-63.95088540806132,-1.1573229341274334,31.55630641444851,0.6295741068180681,-22.750006483695042,0.2719344611720337,0.37536530929845446,0.00015748,0.7496217470712788,0.00081957,0,0.0
8877,0.001373561642546206,0.032151748374119,-1.54e-06,1.600149459561681,3.485910062937601,53.906915079387886,1.0052136313683062,21.116009078915372,0.12067054082980143,-97.32868515611878,-1.1573229341274334,95.4524619532928,0.6295741068180681,1.7121323613476178,0.2719344611720337,0.4103385757301935,0.00015748,0.6393339110902733,0.00081957,0,0.0
8878,0.00104181397065517,0.047812021681980184,-1.54e-06,1.600149459561681,3.485910062937601,66.99983924574313,1.0052136313683062,20.03429932665922,0.12067054082980143,-82.53987888932845,-1.1573229341274334,84.03568950033771,0.6295741068180681,-10.46910673641937,0.2719344611720337,0.4641401954382045,0.00015748,0.6743783155081713,0.00081957,0,0.0
8879,0.35837334701876167,0.13138566043617805,-1.54e-06,1.600149459561681,3.485910062937601,80.44204396183768,1.0052136313683062,18.757394787950755,0.12067054082980143,-9.50823557568792,-1.1573229341274334,-46.16458941762746,0.6295741068180681,-28.695923259485962,0.2719344611720337,0.41059044314177406,0.00015748,0.6390369464187814,0.00081957,0,0.0
8880,0.23597303804944825,0.10382697736961294,-1.54e-06,1.600149459561681,3.485910062937601,78.91987046153054,1.0052136313683062,16.768058026144423,0.12067054082980143,-14.555998765284304,-1.1573229341274334,-19.111340200303115,0.6295741068180681,-31.24560877491473,0.2719344611720337,0.42835775682303734,0.00015748,0.6012109199753776,0.00081957,0,0.0
8881,1.3743502315241043,1.081091065613357,-1.54e-06,1.600149459561681,3.485910062937601,50.37168473115729,1.0052136313683062,20.04942463181229,0.12067054082980143,-87.79615621510376,-1.1573229341274334,-43.72413627293879,0.6295741068180681,64.36055088462341,0.2719344611720337,0.30092035800661987,0.00015748,1.4989137550649252,0.00081957,0,0.0
8882,0.0137467212036263,0.04587048471314689,-1.54e-06,1.600149459561681,3.485910062937601,77.43852811668836,1.0052136313683062,18.200214143897156,0.12067054082980143,-48.81436020926142,-1.1573229341274334,36.75867552980087,0.6295741068180681,-26.196917950979284,0.2719344611720337,0.41396974280017496,0.00015748,0.632651127686976,0.00081957,0,0.0
8883,0.0002516520400629718,0.11433491504437163,-1.54e-06,1.600149459561681,3.485910062937601,9.53859871836878,1.0052136313683062,3.7674845993224086,0.12067054082980143,-23.77888144203522,-1.1573229341274334,41.883837724958255,0.6295741068180681,-0.14583268762327092,0.2719344611720337,0.10838373426187392,0.00015748,0.18839822805483492,0.00081957,0,0.0
8884,0.04624445106398101,0.004718506042600028,-1.54e-06,1.600149459561681,3.485910062937601,-36.74461245771335,1.0052136313683062,3.753683698255266,0.12067054082980143,-65.89202459855942,-1.1573229341274334,76.25608777348437,0.6295741068180681,42.63781097825583,0.2719344611720337,-0.03678378269237118,0.00015748,0.03682447535516973,0.00081957,1,0.0
8885,0.18448801878720883,0.036477057649194455,-1.54e-06,1.600149459561681,3.485910062937601,-37.22588067764927,1.0052136313683062,-2.858550130336408,0.12067054082980143,-25.335657968809766,-1.1573229341274334,48.94382079688514,0.6295741068180681,31.80826474187652,0.2719344611720337,-0.10492864536544419,0.00015748,0.1045627792008671,0.00081957,1,0.0
8886,0.002360179632906967,0.06526451479557883,-1.54e-06,1.600149459561681,3.485910062937601,63.492506757375395,1.0052136313683062,12.594000572010927,0.12067054082980143,-44.05145158206047,-1.1573229341274334,67.95366241803362,0.6295741068180681,-23.830939376402686,0.2719344611720337,0.4430842702477081,0.00015748,0.572762421586481,0.00081957,0,0.0
8887,0.4915121007925285,0.13436128826872273,-1.54e-06,1.600149459561681,3.485910062937601,48.180872875889136,1.0052136313683062,25.080239866571063,0.12067054082980143,-74.51436328234035,-1.1573229341274334,9.654336040096492,0.6295741068180681,15.123985927591793,0.2719344611720337,0.3872218150561875,0.00015748,0.7098521593474492,0.00081957,0,0.0
8888,0.3836989475620571,0.13080056405441692,-1.54e-06,1.600149459561681,3.485910062937601,89.15554272553283,1.0052136313683062,21.45252879380392,0.12067054082980143,-11.773332436299185,-1.1573229341274334,-61.379940218497964,0.6295741068180681,-30.088470841502517,0.2719344611720337,0.38168525154768734,0.00015748,0.7242918071277196,0.00081957,0,0.0
8889,0.6186377610200258,0.06111507210352514,-1.54e-06,1.600149459561681,3.485910062937601,-31.07813472651112,1.0052136313683062,8.081773366146813,0.12067054082980143,-16.030803659630717,-1.1573229341274334,-65.84478795414809,0.6295741068180681,45.8102938161428,0.2719344611720337,-0.12175936711682397,0.00015748,0.12160524044988211,0.00081957,1,0.0
8890,0.9214111842933462,0.27210198223784193,-1.54e-06,1.600149459561681,3.485910062937601,73.6774556857897,1.0052136313683062,38.321062382888606,0.12067054082980143,-72.37818184166211,-1.1573229341274334,-88.48234489112163,0.6295741068180681,19.93793328963451,0.2719344611720337,0.32758992687067273,0.00015748,1.0545650466108039,0.00081957,0,0.0
8891,0.1774490717871301,0.06318562315279415,-1.54e-06,1.600149459561681,3.485910062937601,80.03991514240818,1.0052136313683062,25.13040302830967,0.12067054082980143,-65.03245032051308,-1.1573229341274334,13.178576301738902,0.6295741068180681,-14.542384589044293,0.2719344611720337,0.36921918996420017,0.00015748,0.7742460379242371,0.00081957,0,0.0
8892,0.9007937601292624,0.12022496148604236,-1.54e-06,1.600149459561681,3.485910062937601,-70.48918708358019,1.0052136313683062,12.737843265456641,0.12067054082980143,-67.54984032111426,-1.1573229341274334,-35.99376407008925,0.6295741068180681,94.65056523765537,0.2719344611720337,-0.17216267067047275,0.00015748,0.17289359410692134,0.00081957,1,0.0
8893,0.5022618233895283,0.14584764423142443,-1.54e-06,1.600149459561681,3.485910062937601,46.18193217661006,1.0052136313683062,22.49642398884611,0.12067054082980143,-63.531249086817986,-1.1573229341274334,4.951116486459302,0.6295741068180681,12.55290392975071,0.2719344611720337,0.40087692147813214,0.00015748,0.6605267939732512,0.00081957,0,0.0
8894,0.004374526708497584,0.24334781574797884,-1.54e-06,1.600149459561681,3.485910062937601,99.63704823038515,1.0052136313683062,28.76869696583441,0.12067054082980143,-58.48587558488463,-1.1573229341274334,77.71187278905349,0.6295741068180681,-48.72962642262524,0.2719344611720337,0.537243647491926,0.00015748,0.9185386684052257,0.00081957,0,0.0
8895,0.009102740008346412,0.0031418417475130153,-1.54e-06,1.600149459561681,3.485910062937601,-30.518522212842406,1.0052136313683062,1.6359953803615688,0.12067054082980143,-51.8324794549012,-1.1573229341274334,70.364172060815,0.6295741068180681,32.851061877947274,0.2719344611720337,-0.024984821577642286,0.00015748,0.025144883923024074,0.00081957,1,0.0
8896,0.00041978093373101766,0.06503445007761066,-1.54e-06,1.600149459561681,3.485910062937601,17.297511716872005,1.0052136313683062,4.372925004420047,0.12067054082980143,-3.1035330500209612,-1.1573229341274334,-13.746166154318338,0.6295741068180681,-7.278329609059031,0.2719344611720337,0.0063572462063384155,0.00015748,0.12564784083593283,0.00081957,0,0.0
8897,0.5193441341112689,0.09972472026425472,-1.54e-06,1.600149459561681,3.485910062937601,-47.14521031880933,1.0052136313683062,14.002675743376356,0.12067054082980143,-75.74183548833817,-1.1573229341274334,-7.210785245502649,0.6295741068180681,72.40390339943062,0.2719344611720337,-0.21518217744541054,0.00015748,0.21683056173778467,0.00081957,1,0.0
8898,0.07353516063932486,0.06639142575726782,-1.54e-06,1.600149459561681,3.485910062937601,79.82105676449967,1.0052136313683062,16.59382122753015,0.12067054082980143,-28.64770365488754,-1.1573229341274334,13.42591355023471,0.6295741068180681,-32.8766461361718,0.2719344611720337,0.42882063425760325,0.00015748,0.5943433274490975,0.00081957,0,0.0
8899,0.3096414147208869,0.09699856289720178,-1.54e-06,1.600149459561681,3.485910062937601,82.19753676875035,1.0052136313683062,24.515025650917984,0.12067054082980143,-45.500689320496505,-1.1573229341274334,-21.814020528447916,0.6295741068180681,-17.426983900950198,0.2719344611720337,0.3701083605517321,0.00015748,0.7701896991232133,0.00081957,0,0.0
8900,0.18003626542640103,0.011369090621652813,-1.54e-06,2.459242111292193,3.0947272010640288,-7.8881947727262745,1.0052136313683062,3.4741842868251167,0.12067054082980143,-24.209898207509713,-1.1573229341274334,-1.169400760510951,0.6295741068180681,21.918250915033838,0.2719344611720337,-0.06951650549434418,0.00015748,0.07002557284877964,0.00081957,1,0.0
8901,0.6979635529471779,0.6022601866309323,-1.54e-06,2.459242111292193,3.0947272010640288,45.17480542809007,1.0052136313683062,7.694405186615313,0.12067054082980143,-96.92508785731194,-1.1573229341274334,76.4423323061361,0.6295741068180681,49.581199031627584,0.2719344611720337,0.2958050288392911,0.00015748,1.0757144213884793,0.00081957,0,0.0
8902,0.002060213086368612,0.12086309680001373,-1.54e-06,2.459242111292193,3.0947272010640288,61.67089164408288,1.0052136313683062,7.913442129356094,0.12067054082980143,-29.770447331115477,-1.1573229341274334,-5.312365331303767,0.6295741068180681,-11.57988417503075,0.2719344611720337,0.1028698225975239,0.00015748,0.22550348717753793,0.00081957,0,0.0
8903,0.4055307309618361,0.13346831914653653,-1.54e-06,2.459242111292193,3.0947272010640288,23.033741928556385,1.0052136313683062,10.904965736236306,0.12067054082980143,-46.740866877368035,-1.1573229341274334,-38.82934992814335,0.6295741068180681,31.310107271787555,0.2719344611720337,-0.25041686860980694,0.00015748,0.25425428605445743,0.00081957,1,0.0
8904,0.25526399308947023,0.19129028282523086,-1.54e-06,2.459242111292193,3.0947272010640288,81.02782796189338,1.0052136313683062,11.958122704282786,0.12067054082980143,-11.452127315096629,-1.1573229341274334,-87.33772210972425,0.6295741068180681,-13.475630110223939,0.2719344611720337,-0.30464959158802535,0.00015748,0.3065759441601101,0.00081957,1,0.0
8905,1.0628631829431974,0.1795657019376955,-1.54e-06,2.459242111292193,3.0947272010640288,-54.578435729202916,1.0052136313683062,5.834363879268467,0.12067054082980143,-28.314568531565094,-1.1573229341274334,-51.7310111166465,0.6295741068180681,75.2174318332159,0.2719344611720337,-0.10701664819041694,0.00015748,0.10701489733767804,0.00081957,1,0.0
8906,0.4823295891683701,0.054883920977421966,-1.54e-06,2.459242111292193,3.0947272010640288,-2.1893748243938163,1.0052136313683062,5.833363290244488,0.12067054082980143,-16.614575556441967,-1.1573229341274334,-40.77849256186605,0.6295741068180681,27.306276611925387,0.2719344611720337,-0.12221877877191395,0.00015748,0.12272801840564757,0.00081957,1,0.0
8907,0.15879774859214285,0.014957942995348306,-1.54e-06,2.459242111292193,3.0947272010640288,-5.08447490939191,1.0052136313683062,4.031091844779622,0.12067054082980143,-28.645487487402626,-1.1573229341274334,0.8555481689527893,0.6295741068180681,22.49066613093053,0.2719344611720337,-0.08438568366439246,0.00015748,0.08477922322400976,0.00081957,1,0.0
8908,0.3309623357897702,0.02439480085543797,-1.54e-06,2.459242111292193,3.0947272010640288,-36.76119645062937,1.0052136313683062,-0.9271826685457435,0.12067054082980143,-4.434311495295394,-1.1573229341274334,-1.6464944877277052,0.6295741068180681,28.529617875095532,0.2719344611720337,-0.034045567843686175,0.00015748,0.0344380971872566,0.00081957,1,0.0
8909,0.11756176622243186,0.25605521993893077,-1.54e-06,2.459242111292193,3.0947272010640288,61.64327771235833,1.0052136313683062,7.155861694547742,0.12067054082980143,-84.58884506389548,-1.1573229341274334,87.449435829605,0.6295741068180681,15.289676865810303,0.2719344611720337,0.2719573180025883,0.00015748,0.8267686189254397,0.00081957,0,0.0
8910,0.370462729903126,0.0234723311542078,-1.54e-06,2.459242111292193,3.0947272010640288,-81.28542940206968,1.0052136313683062,0.2198415703644314,0.12067054082980143,-50.940149976267044,-1.1573229341274334,51.60338483252244,0.6295741068180681,69.31631579992685,0.2719344611720337,-0.04624469728873786,0.00015748,0.046644810582821154,0.00081957,1,0.0
8911,0.4629509465407329,0.20016418497350302,-1.54e-06,2.459242111292193,3.0947272010640288,86.14518946668593,1.0052136313683062,18.84042878791463,0.12067054082980143,-92.36717761621927,-1.1573229341274334,0.38145487981774867,0.6295741068180681,21.932049887357238,0.2719344611720337,0.3008324748681165,0.00015748,0.4947872169432995,0.00081957,0,0.0
8912,0.11767787825104065,0.012243030924661332,-1.54e-06,2.459242111292193,3.0947272010640288,-31.02989880104369,1.0052136313683062,4.257808056740124,0.12067054082980143,-56.85838884107581,-1.1573229341274334,39.08013816348579,0.6295741068180681,44.4513685653972,0.2719344611720337,-0.07422882515674777,0.00015748,0.07450720441987695,0.00081957,1,0.0
8913,0.14144981982252758,0.12627723664502935,-1.54e-06,2.459242111292193,3.0947272010640288,77.79609065883078,1.0052136313683062,9.12195786986047,0.12067054082980143,-1e-20,-1.1573229341274334,-77.30091044714685,0.6295741068180681,-22.19364209943284,0.2719344611720337,-0.24216907876818555,0.00015748,0.24928106767678254,0.00081957,1,0.0
8914,0.1630683406088825,0.01869764045656673,-1.54e-06,2.459242111292193,3.0947272010640288,-65.2438078234114,1.0052136313683062,-1.88064633403719,0.12067054082980143,-38.70795985309171,-1.1573229341274334,55.32177987379906,0.6295741068180681,50.65135723620602,0.2719344611720337,-0.06286991737645042,0.00015748,0.06217227738243172,0.00081957,1,0.0
8915,0.8565659341239904,0.2050675677063747,-1.54e-06,2.459242111292193,3.0947272010640288,-55.983523095360766,1.0052136313683062,4.41124276121819,0.12067054082980143,-0.09409132428324472,-1.1573229341274334,-48.34345411151961,0.6295741068180681,47.26343114800102,0.2719344611720337,-0.15905258242618134,0.00015748,0.15286579537175723,0.00081957,1,0.0
8916,0.0005721062289513468,0.17090960703337957,-1.54e-06,2.459242111292193,3.0947272010640288,-32.51166366614212,1.0052136313683062,2.276958267564046,0.12067054082980143,-65.48122194551839,-1.1573229341274334,91.5084755271537,0.6295741068180681,38.82164092766789,0.2719344611720337,0.034442462073564495,0.00015748,0.3357097647341045,0.00081957,0,0.0
8917,0.3580238411753569,0.19229325534987832,-1.54e-06,2.459242111292193,3.0947272010640288,84.1394264174333,1.0052136313683062,16.31126466696602,0.12067054082980143,-74.8050484265559,-1.1573229341274334,-6.106356661072845,0.6295741068180681,11.644670666634529,0.2719344611720337,0.24323168618724617,0.00015748,0.4365781172836491,0.00081957,0,0.0
8918,0.5331661996531337,0.04262174624955528,-1.54e-06,2.459242111292193,3.0947272010640288,-47.58577402615613,1.0052136313683062,1.7171037092614734,0.12067054082980143,-20.846437654753295,-1.1573229341274334,-6.6314208047322625,0.6295741068180681,48.06516219145733,0.2719344611720337,-0.01760499983606414,0.00015748,0.017631999297291003,0.00081957,1,0.0
8919,0.4381748982710132,0.3829281411009129,-1.54e-06,2.459242111292193,3.0947272010640288,48.46061598075025,1.0052136313683062,5.675990372350583,0.12067054082980143,-52.27241510928467,-1.1573229341274334,15.796276242058541,0.6295741068180681,23.615161712646866,0.2719344611720337,0.13497243359655503,0.00015748,0.5852920942602662,0.00081957,0,0.0
8920,0.001622716022141868,0.10553310285660156,-1.54e-06,2.459242111292193,3.0947272010640288,-14.223524572377022,1.0052136313683062,2.8793515048711993,0.12067054082980143,-51.46865001201578,-1.1573229341274334,59.49703189403463,0.6295741068180681,27.629242252577534,0.2719344611720337,0.06514524947308264,0.00015748,0.1889966601454124,0.00081957,0,0.0
8921,0.6927964006085412,0.344830938234155,-1.54e-06,2.459242111292193,3.0947272010640288,36.283190144900814,1.0052136313683062,17.961418672887632,0.12067054082980143,-77.96219184055413,-1.1573229341274334,-59.36267263321601,0.6295741068180681,52.37422352076247,0.2719344611720337,-0.3508765092241699,0.00015748,0.4160980900052833,0.00081957,1,0.0
8922,0.008900788807709503,0.0804392435111086,-1.54e-06,2.459242111292193,3.0947272010640288,65.5552055641718,1.0052136313683062,7.207047314651758,0.12067054082980143,-2.1296509819375182,-1.1573229341274334,-52.68624230987341,0.6295741068180681,-22.25248961034857,0.2719344611720337,-0.18385258373228813,0.00015748,0.193985837531309,0.00081957,1,0.0
8923,0.2863702797881048,0.026302369525326413,-1.54e-06,2.459242111292193,3.0947272010640288,-5.524393337587953,1.0052136313683062,4.72555796015341,0.12067054082980143,-27.21367264297912,-1.1573229341274334,-12.43665664331813,0.6295741068180681,27.05077766774432,0.2719344611720337,-0.10316304241195313,0.00015748,0.1031926186576488,0.00081957,1,0.0
8924,0.3293777642033603,0.10907113414454182,-1.54e-06,2.459242111292193,3.0947272010640288,22.66389781640061,1.0052136313683062,9.972084177336178,0.12067054082980143,-43.5734785405581,-1.1573229341274334,-32.172144447435684,0.6295741068180681,26.73608701293015,0.2719344611720337,-0.22673766297701767,0.00015748,0.23138292690028692,0.00081957,1,0.0
8925,0.37497131823086627,0.0169571746765258,-1.54e-06,2.459242111292193,3.0947272010640288,-51.248394186329314,1.0052136313683062,3.490186698000787,0.12067054082980143,-49.1129608622039,-1.1573229341274334,25.265967229780774,0.6295741068180681,57.33574605815034,0.2719344611720337,-0.05045689451635336,0.00015748,0.05057747888445494,0.00081957,1,0.0
8926,0.0007972025426159213,0.010102566235147718,-1.54e-06,2.459242111292193,3.0947272010640288,-33.5025610347087,1.0052136313683062,-2.3409345084100073,0.12067054082980143,-11.700036183852026,-1.1573229341274334,32.9073950735195,0.6295741068180681,18.247966908276652,0.2719344611720337,-0.06693353602666971,0.00015748,0.06688966897327492,0.00081957,1,0.0
8927,0.7234325328111096,0.10807045378339876,-1.54e-06,2.459242111292193,3.0947272010640288,-77.9150940107819,1.0052136313683062,-1.2777309189513006,0.12067054082980143,-11.357882047233787,-1.1573229341274334,-5.3460560081527255,0.6295741068180681,61.82291139989466,0.2719344611720337,-0.06350007236766801,0.00015748,0.0639027261213954,0.00081957,1,0.0
8928,-0.15282677880706852,1.8412168547823153,-1.54e-06,2.459242111292193,3.0947272010640288,59.50545520217268,1.0052136313683062,23.123566998047487,0.12067054082980143,-64.68930884930215,-1.1573229341274334,44.93425389721077,0.6295741068180681,-31.57736783365232,0.2719344611720337,-0.3062779341624583,0.00015748,1.0513128688278992,0.00081957,1,0.0
8929,0.2350927579144647,0.17249445186301104,-1.54e-06,2.459242111292193,3.0947272010640288,-13.76858487357143,1.0052136313683062,1.564455610331839,0.12067054082980143,-51.65141583435697,-1.1573229341274334,32.19921685473211,0.6295741068180681,44.541580082620456,0.2719344611720337,-0.08364850309418063,0.00015748,0.24595867240278207,0.00081957,1,0.0
8930,0.0006000438358082054,0.00254416300208645,-1.54e-06,2.459242111292193,3.0947272010640288,-29.9121746556265,1.0052136313683062,0.2595922630026566,0.12067054082980143,-29.828448279358206,-1.1573229341274334,38.16665838693708,0.6295741068180681,25.88565320080924,0.2719344611720337,-0.016877710538561783,0.00015748,0.01852357814752783,0.00081957,1,0.0
8931,0.9579513645275732,0.24505027740908897,-1.54e-06,2.459242111292193,3.0947272010640288,-16.841820871658562,1.0052136313683062,4.312033822226272,0.12067054082980143,-15.135232355458314,-1.1573229341274334,-72.42247289069672,0.6295741068180681,56.31559434646909,0.2719344611720337,-0.21690996884182756,0.00015748,0.2222847882084778,0.00081957,1,0.0
8932,0.17939015931125546,0.21135362357833268,-1.54e-06,2.459242111292193,3.0947272010640288,81.05642957948108,1.0052136313683062,17.16422649346901,0.12067054082980143,-75.40392897216488,-1.1573229341274334,-8.329328711638869,0.6295741068180681,7.346726177387177,0.2719344611720337,0.038121141978653184,0.00015748,0.4186650612869904,0.00081957,0,0.0
8933,0.6773577500135209,0.28935517563231883,-1.54e-06,2.459242111292193,3.0947272010640288,44.91047695282009,1.0052136313683062,15.067668702486005,0.12067054082980143,-46.78248034234738,-1.1573229341274334,-83.44453653327979,0.6295741068180681,34.32499299019737,0.2719344611720337,-0.35390595091535304,0.00015748,0.36672050330349726,0.00081957,1,0.0
8934,0.2053618210792415,0.022011594543749288,-1.54e-06,2.459242111292193,3.0947272010640288,-54.17486278530914,1.0052136313683062,5.893515728902648,0.12067054082980143,-86.43776049242994,-1.1573229341274334,62.52240858095435,0.6295741068180681,71.18742551389131,0.2719344611720337,-0.09765482388929649,0.00015748,0.098374017536235,0.00081957,1,0.0
8935,0.0008331566489949704,0.0350684989879395,-1.54e-06,2.459242111292193,3.0947272010640288,44.00720173721043,1.0052136313683062,4.730937551464946,0.12067054082980143,-0.4820228525020795,-1.1573229341274334,-35.69746690035437,0.6295741068180681,-15.588954047688192,0.2719344611720337,-0.12456430279652303,0.00015748,0.1272306899071003,0.00081957,1,0.0
8936,0.002721403691044011,0.12458065369515568,-1.54e-06,2.459242111292193,3.0947272010640288,42.55443644492694,1.0052136313683062,11.661508963867817,0.12067054082980143,-99.22620807354345,-1.1573229341274334,78.47165920596248,0.6295741068180681,24.931591751550403,0.2719344611720337,0.3099266469869702,0.00015748,0.3979674207685921,0.00081957,0,0.0
8937,0.4018513223913447,0.15331956004643563,-1.54e-06,2.459242111292193,3.0947272010640288,88.87229282524007,1.0052136313683062,18.67342565848591,0.12067054082980143,-99.29472906625418,-1.1573229341274334,19.18740114898874,0.6295741068180681,20.453708587310857,0.2719344611720337,0.41543217835822116,0.00015748,0.49931121100079373,0.00081957,0,0.0
8938,0.21609310835236595,0.03926298258367761,-1.54e-06,2.459242111292193,3.0947272010640288,-1.3868656616003492,1.0052136313683062,6.550752830019803,0.12067054082980143,-42.19714305005942,-1.1573229341274334,-2.0694775813307964,0.6295741068180681,30.063400943111407,0.2719344611720337,-0.1386544258552159,0.00015748,0.13925825678950396,0.00081957,1,0.0
8939,0.5440924085783014,0.07856754153945635,-1.54e-06,2.459242111292193,3.0947272010640288,-76.04174494819132,1.0052136313683062,-2.1693177920471105,0.12067054082980143,-11.54739358670661,-1.1573229341274334,11.083994498888847,0.6295741068180681,53.79628212721208,0.2719344611720337,-0.09268418317124755,0.00015748,0.09191836613581528,0.00081957,1,0.0
8940,0.4792534308301929,0.2636297175009235,-1.54e-06,2.459242111292193,3.0947272010640288,56.65779578995376,1.0052136313683062,15.867361695200728,0.12067054082980143,-62.350983563594006,-1.1573229341274334,-48.94359042872955,0.6295741068180681,27.01977448315926,0.2719344611720337,-0.19568453040425537,0.00015748,0.3873018565098194,0.00081957,1,0.0
8941,-0.0008182093776107902,0.16694351308849145,-1.54e-06,2.459242111292193,3.0947272010640288,-3.0777432481488693,1.0052136313683062,11.0314403150102,0.12067054082980143,-73.77712786259167,-1.1573229341274334,43.875750016958094,0.6295741068180681,30.03939393957255,0.2719344611720337,-0.12921294444374704,0.00015748,0.26896464864642716,0.00081957,1,0.0
8942,0.0007362277380543458,0.21544312319410472,-1.54e-06,2.459242111292193,3.0947272010640288,-6.397444737897211,1.0052136313683062,1.4563590631864691,0.12067054082980143,-45.941634098313195,-1.1573229341274334,72.88777736878194,0.6295741068180681,19.104385506679513,0.2719344611720337,0.05696046939672089,0.00015748,0.4229976093844185,0.00081957,0,0.0
8943,0.4875452351040199,0.13589693528836622,-1.54e-06,2.459242111292193,3.0947272010640288,-10.25536127374608,1.0052136313683062,11.6121234398306,0.12067054082980143,-50.871014975602236,-1.1573229341274334,-22.85865811067733,0.6295741068180681,43.074936113671264,0.2719344611720337,-0.22434257342175912,0.00015748,0.2294677694891557,0.00081957,1,0.0
8944,0.7098647596294374,0.07447566634863621,-1.54e-06,2.459242111292193,3.0947272010640288,-74.22877393340033,1.0052136313683062,2.7978511421387244,0.12067054082980143,-37.89110259416398,-1.1573229341274334,3.8761902853279233,0.6295741068180681,72.1896588337852,0.2719344611720337,-0.044425245101774376,0.00015748,0.04404773223865805,0.00081957,1,0.0
8945,0.3212991431722274,0.31333213368949986,-1.54e-06,2.459242111292193,3.0947272010640288,-2.7311867178335856,1.0052136313683062,2.6093502899164025,0.12067054082980143,-66.15764541149711,-1.1573229341274334,46.502355019840465,0.6295741068180681,49.339072145101376,0.2719344611720337,-0.001251126957581561,0.00015748,0.4128035346409613,0.00081957,1,0.0
8946,-0.0004968708679172762,0.07164212969144143,-1.54e-06,2.459242111292193,3.0947272010640288,-24.513265778340127,1.0052136313683062,5.7786968781860635,0.12067054082980143,-68.84779029867701,-1.1573229341274334,62.403971190467644,0.6295741068180681,39.60202444525269,0.2719344611720337,-0.008943195248659885,0.00015748,0.14264113456857624,0.00081957,1,0.0
8947,0.5726789292168162,0.26641505245503644,-1.54e-06,2.459242111292193,3.0947272010640288,98.94544150299188,1.0052136313683062,20.160692477844584,0.12067054082980143,-80.82226529716837,-1.1573229341274334,-33.3026970702524,0.6295741068180681,16.70815852530504,0.2719344611720337,0.19840884799566813,0.00015748,0.5285952996254778,0.00081957,0,0.0
8948,0.08195141922322335,0.14611553383564516,-1.54e-06,2.459242111292193,3.0947272010640288,87.83796814657961,1.0052136313683062,9.890066062055077,0.12067054082980143,-0.07190188307816957,-1.1573229341274334,-79.39003577263651,0.6295741068180681,-28.42371063556997,0.2719344611720337,-0.2564435639253935,0.00015748,0.2663151794715602,0.00081957,1,0.0
8949,0.010760980591358216,0.09566081198792317,-1.54e-06,2.459242111292193,3.0947272010640288,-4.8297163265132586,1.0052136313683062,8.951644507538603,0.12067054082980143,-88.05533009218497,-1.1573229341274334,56.04624375666012,0.6295741068180681,44.762211774835244,0.2719344611720337,-0.05774440818016763,0.00015748,0.19489797990919738,0.00081957,1,0.0
8950,0.16406860054465966,0.05352515826861258,-1.54e-06,2.459242111292193,3.0947272010640288,2.715045124392837,1.0052136313683062,7.43628173883221,0.12067054082980143,-51.03909819293991,-1.1573229341274334,4.162337492332325,0.6295741068180681,31.347612953555085,0.2719344611720337,-0.16265470129742277,0.00015748,0.16296833935019306,0.00081957,1,0.0
8951,1.224780678465229,2.035533533213951,-1.54e-06,2.459242111292193,3.0947272010640288,-63.979613824462845,1.0052136313683062,27.82072278320835,0.12067054082980143,-73.38890207240325,-1.1573229341274334,-86.86024053505211,0.6295741068180681,85.00340211792383,0.2719344611720337,-0.8822420305856176,0.00015748,0.6428017339674017,0.00081957,1,0.0
8952,0.6402226751249771,0.09684930391679188,-1.54e-06,2.459242111292193,3.0947272010640288,-98.87848936956313,1.0052136313683062,-2.1868383497021706,0.12067054082980143,-28.884038765735895,-1.1573229341274334,28.405179909947122,0.6295741068180681,75.117659883729,0.2719344611720337,-0.09610573781083324,0.00015748,0.09614888674036558,0.00081957,1,0.0
8953,0.6966225641617103,0.10408621386225755,-1.54e-06,2.459242111292193,3.0947272010640288,-59.95534177222659,1.0052136313683062,10.519844187675467,0.12067054082980143,-97.09204066487105,-1.1573229341274334,21.278179865412877,0.6295741068180681,97.49845995729157,0.2719344611720337,-0.1957590237545903,0.00015748,0.1957552032563208,0.00081957,1,0.0
8954,0.4174596301692306,0.09766363971668096,-1.54e-06,2.459242111292193,3.0947272010640288,43.6501614829809,1.0052136313683062,8.196827976992685,0.12067054082980143,-0.17348147693378868,-1.1573229341274334,-79.03934228492575,0.6295741068180681,0.15979079612025,0.2719344611720337,-0.20118045373677487,0.00015748,0.2011950408989254,0.00081957,1,0.0
8955,0.23289379924360787,0.09024551813380369,-1.54e-06,2.459242111292193,3.0947272010640288,5.066283539136687,1.0052136313683062,9.654311502397382,0.12067054082980143,-62.9587580207059,-1.1573229341274334,0.4376312164270102,0.6295741068180681,39.149802153995864,0.2719344611720337,-0.21186357930012512,0.00015748,0.2115731719258933,0.00081957,1,0.0
8956,0.0017501101755479365,0.12939871028728975,-1.54e-06,2.459242111292193,3.0947272010640288,82.66707210843998,1.0052136313683062,12.381599427160827,0.12067054082980143,-66.68278837938685,-1.1573229341274334,26.255950589008076,0.6295741068180681,-5.182479121103533,0.2719344611720337,0.30568715258756823,0.00015748,0.3528966009440115,0.00081957,0,0.0
8957,0.5534921117775594,0.0774558983463334,-1.54e-06,2.459242111292193,3.0947272010640288,-72.88726409698351,1.0052136313683062,-2.5550307477559033,0.12067054082980143,-13.42708916728819,-1.1573229341274334,10.018064330560522,0.6295741068180681,55.729435514573204,0.2719344611720337,-0.07785490547334584,0.00015748,0.07771607857057661,0.00081957,1,0.0
8958,0.9947867216920036,0.17531172092373393,-1.54e-06,2.459242111292193,3.0947272010640288,-34.17918368006296,1.0052136313683062,8.47430481881569,0.12067054082980143,-34.10496231675612,-1.1573229341274334,-59.26943243169062,0.6295741068180681,67.5701381834397,0.2719344611720337,-0.16651083109249254,0.00015748,0.16743685589795976,0.00081957,1,0.0
8959,0.0002835937521951104,0.1308820565666618,-1.54e-06,2.459242111292193,3.0947272010640288,7.453502533156494,1.0052136313683062,8.921192387988947,0.12067054082980143,-96.20988611877567,-1.1573229341274334,84.12075384660619,0.6295741068180681,39.28208446534452,0.2719344611720337,0.21700654230963726,0.00015748,0.2630725564410295,0.00081957,0,0.0
8960,0.0008402648967125725,0.056206610254549295,-1.54e-06,2.459242111292193,3.0947272010640288,-17.391158442045448,1.0052136313683062,5.02487655199819,0.12067054082980143,-65.05913415932213,-1.1573229341274334,54.47044523971236,0.6295741068180681,37.61618171007236,0.2719344611720337,0.007293786718396422,0.00015748,0.1043288647317141,0.00081957,0,0.0
8961,0.0067743396519941435,0.07698051257721028,-1.54e-06,2.459242111292193,3.0947272010640288,58.18690672923182,1.0052136313683062,6.632016156984766,0.12067054082980143,-8.074506983731789,-1.1573229341274334,-38.90397683517067,0.6295741068180681,-17.047697510884944,0.2719344611720337,-0.12706000199027553,0.00015748,0.18419056569148215,0.00081957,1,0.0
8962,0.43223455563136337,0.22808740182390216,-1.54e-06,2.459242111292193,3.0947272010640288,69.98826076407363,1.0052136313683062,15.866364338263876,0.12067054082980143,-73.30328914260757,-1.1573229341274334,-18.54151782008322,0.6295741068180681,21.95354398187054,0.2719344611720337,0.09071445892431135,0.00015748,0.4206176313681543,0.00081957,0,0.0
8963,0.00015567885085832067,0.20821957540160324,-1.54e-06,2.459242111292193,3.0947272010640288,98.82118184442554,1.0052136313683062,9.25365929885743,0.12067054082980143,-1.759093663133625,-1.1573229341274334,-22.00654928769076,0.6295741068180681,-48.19620256982384,0.2719344611720337,0.20100017231509498,0.00015748,0.4399262776814385,0.00081957,0,0.0
8964,0.3883794822349729,0.0358682859386946,-1.54e-06,2.459242111292193,3.0947272010640288,-65.41194039987232,1.0052136313683062,7.396838898338696,0.12067054082980143,-95.72871421381988,-1.1573229341274334,56.84013472344642,0.6295741068180681,86.71965899747758,0.2719344611720337,-0.12325305501611769,0.00015748,0.12397187970335774,0.00081957,1,0.0
8965,0.0004382194256696281,0.1343117355123612,-1.54e-06,2.459242111292193,3.0947272010640288,-56.47093059468088,1.0052136313683062,-5.265126229975194,0.12067054082980143,-18.62131717461921,-1.1573229341274334,67.55716513711963,0.6295741068180681,29.163725709670114,0.2719344611720337,-0.1256290472983274,0.00015748,0.2475090917522061,0.00081957,1,0.0
8966,0.6297476293489856,0.32280607389308014,-1.54e-06,2.459242111292193,3.0947272010640288,54.82945543759036,1.0052136313683062,19.61437640469905,0.12067054082980143,-91.41557463564142,-1.1573229341274334,-32.89563196747037,0.6295741068180681,44.730960648471566,0.2719344611720337,-0.09314047648912188,0.00015748,0.46682343334044923,0.00081957,1,0.0
8967,0.22079596382099798,0.8698490199599561,-1.54e-06,2.459242111292193,3.0947272010640288,97.7554302680821,1.0052136313683062,26.60537604828191,0.12067054082980143,-52.75656724617635,-1.1573229341274334,-88.94927807059535,0.6295741068180681,-15.27588219770309,0.2719344611720337,-0.5449794788354144,0.00015748,0.5796063669251347,0.00081957,1,0.0
8968,0.7382042087547622,0.3385476109511991,-1.54e-06,2.459242111292193,3.0947272010640288,-24.874098457301233,1.0052136313683062,13.216975538974683,0.12067054082980143,-32.174600396990456,-1.1573229341274334,-50.98057107445064,0.6295741068180681,42.91238874561346,0.2719344611720337,-0.31405992047184544,0.00015748,0.3121565860845667,0.00081957,1,0.0
8969,0.2365767234408384,0.007443574456559073,-1.54e-06,2.459242111292193,3.0947272010640288,-67.61374822630911,1.0052136313683062,3.4658230899298896,0.12067054082980143,-74.10853613164178,-1.1573229341274334,64.38822899693805,0.6295741068180681,70.67751408933222,0.2719344611720337,-0.046856210044958525,0.00015748,0.046862500373688866,0.00081957,1,0.0
8970,0.9723508877619254,0.34291529025798057,-1.54e-06,2.459242111292193,3.0947272010640288,0.9814938420430643,1.0052136313683062,16.936934501074685,0.12067054082980143,-80.57256763243555,-1.1573229341274334,-64.00123637527696,0.6295741068180681,78.46578132631038,0.2719344611720337,-0.3772311836983272,0.00015748,0.37767743057376146,0.00081957,1,0.0
8971,1.302234882146259,0.29490887597854465,-1.54e-06,2.459242111292193,3.0947272010640288,-40.95958757157688,1.0052136313683062,9.349947572315033,0.12067054082980143,-26.692912080744104,-1.1573229341274334,-88.78398105582203,0.6295741068180681,78.12580894641656,0.2719344611720337,-0.1850222308619913,0.00015748,0.18560130943660944,0.00081957,1,0.0
8972,1.2207643785210045,0.2514486008447655,-1.54e-06,2.459242111292193,3.0947272010640288,-47.14561111698943,1.0052136313683062,8.801576223325632,0.12067054082980143,-31.47062984496192,-1.1573229341274334,-73.41816755889458,0.6295741068180681,79.25064865494839,0.2719344611720337,-0.16467791267940082,0.00015748,0.16587533607025676,0.00081957,1,0.0
8973,0.19860092876287522,0.020100190163032012,-1.54e-06,2.459242111292193,3.0947272010640288,-50.47947203210179,1.0052136313683062,5.557192847373483,0.12067054082980143,-81.28856091960184,-1.1573229341274334,57.9182152193666,0.6295741068180681,67.14264110188407,0.2719344611720337,-0.09382734630142932,0.00015748,0.09387713917603425,0.00081957,1,0.0
8974,0.42718911479614,0.028666749085929144,-1.54e-06,2.459242111292193,3.0947272010640288,-51.2098415042808,1.0052136313683062,0.7953587577990898,0.12067054082980143,-22.683302953713664,-1.1573229341274334,7.935926733766605,0.6295741068180681,46.040785720822655,0.2719344611720337,-0.023335429240930017,0.00015748,0.023292895389828164,0.00081957,1,0.0
8975,0.0053371406640781716,0.007525225758436834,-1.54e-06,2.459242111292193,3.0947272010640288,-63.60870956368886,1.0052136313683062,0.8621696361906543,0.12067054082980143,-65.44914339999104,-1.1573229341274334,81.31352263529398,0.6295741068180681,56.229334206243045,0.2719344611720337,-0.0334496112360662,0.00015748,0.03377583918693315,0.00081957,1,0.0
8976,0.00012356428507381834,0.24896449035213455,-1.54e-06,2.459242111292193,3.0947272010640288,37.487846414280746,1.0052136313683062,3.1682207104747953,0.12067054082980143,-32.95965278654393,-1.1573229341274334,51.81064456019856,0.6295741068180681,-6.073657224101776,0.2719344611720337,0.1325534436140694,0.00015748,0.5589978957352395,0.00081957,0,0.0
8977,1.0715341572223447,0.6427308352541563,-1.54e-06,2.459242111292193,3.0947272010640288,-78.90944140277624,1.0052136313683062,9.494703688576497,0.12067054082980143,-6.3415360597941675,-1.1573229341274334,-57.7356502752083,0.6295741068180681,58.38383894955013,0.2719344611720337,-0.3903809802481822,0.00015748,0.3733666691310851,0.00081957,1,0.0
8978,0.8305254064571249,0.38743324766029524,-1.54e-06,2.459242111292193,3.0947272010640288,43.041168412203064,1.0052136313683062,17.8649221261795,0.12067054082980143,-63.23071479975044,-1.1573229341274334,-86.94486498264918,0.6295741068180681,48.588001130684525,0.2719344611720337,-0.3782522691644171,0.00015748,0.42638040868258853,0.00081957,1,0.0
8979,0.0037498183831096155,0.11975754250353447,-1.54e-06,2.459242111292193,3.0947272010640288,83.84261257215515,1.0052136313683062,12.080211849231066,0.12067054082980143,-68.93536671908993,-1.1573229341274334,39.37766134566983,0.6295741068180681,-6.666715694937168,0.2719344611720337,0.3463203469973696,0.00015748,0.451692679801154,0.00081957,0,0.0
8980,0.4344595879042018,0.15295848347019025,-1.54e-06,2.459242111292193,3.0947272010640288,0.5602956691952666,1.0052136313683062,12.167389593052764,0.12067054082980143,-79.06079540011424,-1.1573229341274334,-7.666140556514078,0.6295741068180681,57.28770321979186,0.2719344611720337,-0.2640373027718743,0.00015748,0.2742372932720425,0.00081957,1,0.0
8981,0.13627907971025888,0.122535819213067,-1.54e-06,2.459242111292193,3.0947272010640288,93.66100081452909,1.0052136313683062,15.120118707630208,0.12067054082980143,-77.52416439273331,-1.1573229341274334,24.17375174498333,0.6295741068180681,-1.352521154852878,0.2719344611720337,0.4071437433311171,0.00015748,0.4197019721914503,0.00081957,0,0.0
8982,0.6167340224152891,0.05528853892249843,-1.54e-06,2.459242111292193,3.0947272010640288,-46.68271650941375,1.0052136313683062,3.71981277268381,0.12067054082980143,-29.993193127580053,-1.1573229341274334,-12.087464153766536,0.6295741068180681,55.28069996595253,0.2719344611720337,-0.056266359534643484,0.00015748,0.05660552916996786,0.00081957,1,0.0
8983,0.5197565330089591,0.044659986767992155,-1.54e-06,2.459242111292193,3.0947272010640288,-41.12899588255218,1.0052136313683062,5.755374156868491,0.12067054082980143,-51.56446932614872,-1.1573229341274334,3.5792457855761466,0.6295741068180681,60.959409602128126,0.2719344611720337,-0.10404432261310098,0.00015748,0.10446080030052646,0.00081957,1,0.0
8984,0.04797245839630414,0.001026059782566981,-1.54e-06,2.459242111292193,3.0947272010640288,-28.050764927153608,1.0052136313683062,0.9931504931225081,0.12067054082980143,-31.218412092452176,-1.1573229341274334,32.26562638386094,0.6295741068180681,27.79327608605592,0.2719344611720337,-0.011742161805519185,0.00015748,0.011903483063598985,0.00081957,1,0.0
8985,0.7133131809954162,0.0870257309917282,-1.54e-06,2.459242111292193,3.0947272010640288,-27.782051219176175,1.0052136313683062,5.379622327732233,0.12067054082980143,-22.170083331598825,-1.1573229341274334,-40.62449808239293,0.6295741068180681,48.58884700566804,0.2719344611720337,-0.10309147480411486,0.00015748,0.10485356404653857,0.00081957,1,0.0
8986,1.238658464583033,0.4054106659500488,-1.54e-06,2.459242111292193,3.0947272010640288,-8.06211697561739,1.0052136313683062,13.375366806159649,0.12067054082980143,-55.83133448087467,-1.1573229341274334,-92.16399596659629,0.6295741068180681,82.64510862979758,0.2719344611720337,-0.35028458046427413,0.00015748,0.3528452880633036,0.00081957,1,0.0
8987,0.03292720037090574,0.02983954281991448,-1.54e-06,2.459242111292193,3.0947272010640288,9.526187264566214,1.0052136313683062,5.036071023205742,0.12067054082980143,-34.27620563404766,-1.1573229341274334,4.677204121455705,0.6295741068180681,15.584282894350931,0.2719344611720337,-0.1174452787285482,0.00015748,0.11750400119153208,0.00081957,1,0.0
8988,0.0007126147366638413,0.08850270285395831,-1.54e-06,2.459242111292193,3.0947272010640288,37.65421946771784,1.0052136313683062,7.089870727246583,0.12067054082980143,-36.98368565627535,-1.1573229341274334,-1.0305317563597198,0.6295741068180681,4.092383326546467,0.2719344611720337,-0.06108364266509245,0.00015748,0.19007271663991884,0.00081957,1,0.0
8989,0.9414378530394667,0.13024683212971735,-1.54e-06,2.459242111292193,3.0947272010640288,-79.48784041398123,1.0052136313683062,3.713552476723979,0.12067054082980143,-38.6484430184252,-1.1573229341274334,-14.573448293745514,0.6295741068180681,84.19655796617153,0.2719344611720337,-0.04438985947620647,0.00015748,0.04443550521512171,0.00081957,1,0.0
8990,-0.0006361396316495738,0.09305492750953542,-1.54e-06,2.459242111292193,3.0947272010640288,-9.16019368811568,1.0052136313683062,0.9601842556792212,0.12067054082980143,-28.41853466112397,-1.1573229341274334,39.67985576145894,0.6295741068180681,15.102145449159945,0.2719344611720337,0.0281151782270313,0.00015748,0.16779603379417188,0.00081957,0,0.0
8991,0.5183013050088843,0.10674973759552152,-1.54e-06,2.459242111292193,3.0947272010640288,29.53731146884126,1.0052136313683062,8.424193509444503,0.12067054082980143,-9.427596811524813,-1.1573229341274334,-73.37877688257039,0.6295741068180681,14.06032034080435,0.2719344611720337,-0.20141122601797887,0.00015748,0.20200810956229906,0.00081957,1,0.0
8992,0.29420209793346996,0.022694522886123794,-1.54e-06,2.459242111292193,3.0947272010640288,-55.565081292496124,1.0052136313683062,5.781235034276334,0.12067054082980143,-81.47955890948118,-1.1573229341274334,52.33763412038192,0.6295741068180681,72.79859973463721,0.2719344611720337,-0.09709400867605875,0.00015748,0.0969395829592253,0.00081957,1,0.0
8993,0.6142529472979019,0.23682823730093358,-1.54e-06,2.459242111292193,3.0947272010640288,30.890510559933425,1.0052136313683062,14.246153048512092,0.12067054082980143,-54.19855632099516,-1.1573229341274334,-63.26556599274477,0.6295741068180681,40.33905342536858,0.2719344611720337,-0.3281158021982805,0.00015748,0.33300312113821684,0.00081957,1,0.0
8994,0.0001992089160793853,0.12588746616956545,-1.54e-06,2.459242111292193,3.0947272010640288,63.39816479841628,1.0052136313683062,9.263584240097273,0.12067054082980143,-36.132373971254026,-1.1573229341274334,-10.929903444694533,0.6295741068180681,-7.9256460474619175,0.2719344611720337,0.002152711315678027,0.00015748,0.2507870016686506,0.00081957,0,0.0
8995,0.06085205617323197,0.0965928067023898,-1.54e-06,2.459242111292193,3.0947272010640288,100.0,1.0052136313683062,14.898215784485467,0.12067054082980143,-78.26465297351459,-1.1573229341274334,34.47492461053794,0.6295741068180681,-7.463877266740025,0.2719344611720337,0.41791221016521163,0.00015748,0.48680151877665856,0.00081957,0,0.0
8996,0.7370032322566835,0.34297699740905196,-1.54e-06,2.459242111292193,3.0947272010640288,55.403409359366904,1.0052136313683062,18.6539025582673,0.12067054082980143,-81.72205195218778,-1.1573229341274334,-46.9052264879687,0.6295741068180681,44.8566773283146,0.2719344611720337,-0.08166956818270021,0.00015748,0.46373905426990225,0.00081957,1,0.0
8997,0.0010225659762816974,0.09537145926965801,-1.54e-06,2.459242111292193,3.0947272010640288,99.987256324745,1.0052136313683062,12.532907806245737,0.12067054082980143,-70.16846849302424,-1.1573229341274334,49.613710590180936,0.6295741068180681,-15.432622959944732,0.2719344611720337,0.37676577335966044,0.00015748,0.6557335139674864,0.00081957,0,0.0
8998,0.3498952995653233,1.005930608704052,-1.54e-06,2.459242111292193,3.0947272010640288,41.884810895882644,1.0052136313683062,27.86811117249449,0.12067054082980143,-89.8896997882373,-1.1573229341274334,-42.54097641904296,0.6295741068180681,25.35291791981673,0.2719344611720337,-0.5855094505878956,0.00015748,0.6199136454471251,0.00081957,1,0.0
8999,0.000586396585028709,0.2595931242868557,-1.54e-06,2.459242111292193,3.0947272010640288,-30.871103208185772,1.0052136313683062,-2.569410353374317,0.12067054082980143,-27.62259640421306,-1.1573229341274334,75.01684042704655,0.6295741068180681,19.853730758153517,0.2719344611720337,-0.05029807669772671,0.00015748,0.4323153423677778,0.00081957,1,0.0
9000,0.8040404941783947,201.10342722920012,-1.54e-06,1.053781742958659,1.4533862399266007,-48.10213321098834,1.0052136313683062,-35.92091048212099,0.12067054082980143,-0.04935576519443441,-1.1573229341274334,9.914127050799504,0.6295741068180681,67.43570672860537,0.2719344611720337,-36.30397658515477,0.00015748,0.24021472620024298,0.00081957,1,0.0
9001,2.184623158452432,5.381349117915027,-1.54e-06,1.053781742958659,1.4533862399266007,45.62213732734746,1.0052136313683062,41.468167618877715,0.12067054082980143,-69.9373682506778,-1.1573229341274334,-14.510151852688486,0.6295741068180681,-0.31011851295035286,0.2719344611720337,0.27200534957936995,0.00015748,25.323549790141133,0.00081957,0,0.0
9002,-2.5329633051669393,5.259064083226937,-1.54e-06,1.053781742958659,1.4533862399266007,90.56792678755477,1.0052136313683062,37.55396983445695,0.12067054082980143,-19.36291497383178,-1.1573229341274334,-30.692792507847464,0.6295741068180681,-79.03161996378937,0.2719344611720337,5.104369739721928,0.00015748,30.971058977680276,0.00081957,0,0.0
9003,3.6003807261458523,8.118540388529233,-1.54e-06,1.053781742958659,1.4533862399266007,-35.00164303614122,1.0052136313683062,4.2058998282854345,0.12067054082980143,-68.12301857650051,-1.1573229341274334,28.174327869058114,0.6295741068180681,75.42093904567295,0.2719344611720337,-0.4843152394225658,0.00015748,0.46210781662857947,0.00081957,1,0.0
9004,-7.156057418496818,14.583565722046473,-1.54e-06,1.053781742958659,1.4533862399266007,92.8351208104996,1.0052136313683062,37.86457053921449,0.12067054082980143,-74.86537126975288,-1.1573229341274334,29.648173702166154,0.6295741068180681,-81.31950678968549,0.2719344611720337,26.094411458631132,0.00015748,36.95242348494048,0.00081957,0,0.0
9005,0.8832476972591929,139.64456834892508,-1.54e-06,1.053781742958659,1.4533862399266007,18.709374684878714,1.0052136313683062,4.67538564963463,0.12067054082980143,-98.97350360452197,-1.1573229341274334,47.07685815396922,0.6295741068180681,39.69064943480712,0.2719344611720337,0.5612902064199332,0.00015748,41.72506301163217,0.00081957,0,0.0
9006,-2.5866274062242542,5.370514764202777,-1.54e-06,1.053781742958659,1.4533862399266007,12.87398250377437,1.0052136313683062,13.57522084550264,0.12067054082980143,-66.6635140316535,-1.1573229341274334,40.6018184888369,0.6295741068180681,3.6309782511300503,0.2719344611720337,8.101136678898202,0.00015748,17.635340029877092,0.00081957,0,0.0
9007,-10.741300039449847,30.970512687873,-1.54e-06,1.053781742958659,1.4533862399266007,65.62616769038874,1.0052136313683062,-1.1127303026349158,0.12067054082980143,-33.18922493732711,-1.1573229341274334,67.00275988554574,0.6295741068180681,-91.10397959735079,0.2719344611720337,9.381754490090941,0.00015748,53.087162131505224,0.00081957,0,0.0
9008,-0.00022424434212098276,0.05171624883071406,-1.54e-06,1.053781742958659,1.4533862399266007,7.799218628680979,1.0052136313683062,3.9298209423993793,0.12067054082980143,-2.171821323493095,-1.1573229341274334,-3.592496391498721,0.6295741068180681,-5.874841475266996,0.2719344611720337,0.3823996078342722,0.00015748,2.8488582184234224,0.00081957,0,0.0
9009,7.881212968375962,53.94795937764691,-1.54e-06,1.053781742958659,1.4533862399266007,-48.483732665305794,1.0052136313683062,2.081060822362042,0.12067054082980143,-21.3682643741232,-1.1573229341274334,-14.976555729343097,0.6295741068180681,84.88158533907097,0.2719344611720337,-19.179334399591973,0.00015748,-3.7797270537679237,0.00081957,1,0.0
9010,5.307769882654783,36.18178981741492,-1.54e-06,1.053781742958659,1.4533862399266007,-44.07328140212419,1.0052136313683062,-7.417988008663493,0.12067054082980143,-8.915657861565679,-1.1573229341274334,2.4885433202142373,0.6295741068180681,62.27814574441368,0.2719344611720337,-9.449671387676606,0.00015748,-3.385590787463186,0.00081957,1,0.0
9011,-4.449403083210897,9.145190619200678,-1.54e-06,1.053781742958659,1.4533862399266007,-5.707865274704994,1.0052136313683062,3.9126788667238928,0.12067054082980143,-84.91310324970928,-1.1573229341274334,76.9711075507729,0.6295741068180681,16.67824033917944,0.2719344611720337,1.104838273852737,0.00015748,30.266443416229848,0.00081957,0,0.0
9012,-8.873521424631624,139.12219081724933,-1.54e-06,1.053781742958659,1.4533862399266007,-33.61545394329949,1.0052136313683062,-30.00141460875904,0.12067054082980143,-12.443950876156109,-1.1573229341274334,62.722601430632224,0.6295741068180681,4.734791488177762,0.2719344611720337,-17.58636198750859,0.00015748,0.13754595202401454,0.00081957,1,0.0
9013,5.8326998770903895,29.79161994225136,-1.54e-06,1.053781742958659,1.4533862399266007,-24.147076168744892,1.0052136313683062,5.0530069314927,0.12067054082980143,-13.845442566888407,-1.1573229341274334,-15.806657850243912,0.6295741068180681,51.27538215267388,0.2719344611720337,-10.839511670953165,0.00015748,0.18380417820033745,0.00081957,1,0.0
9014,-4.286342531038459,8.80607350435956,-1.54e-06,1.053781742958659,1.4533862399266007,74.25166538725114,1.0052136313683062,28.80295251900773,0.12067054082980143,-37.04656906832943,-1.1573229341274334,2.878119820130756,0.6295741068180681,-67.18937710704996,0.2719344611720337,15.209452936095753,0.00015748,26.406189080507794,0.00081957,0,0.0
9015,19.6162128488527,448.1473724307558,-1.54e-06,1.053781742958659,1.4533862399266007,9.880757116425709,1.0052136313683062,70.02939891474578,0.12067054082980143,-71.13403289721727,-1.1573229341274334,-63.5736313128093,0.6295741068180681,78.27503657500804,0.2719344611720337,0.4297990760942625,0.00015748,36.701778706081576,0.00081957,0,0.0
9016,8.698867393761201,66.31262550674438,-1.54e-06,1.053781742958659,1.4533862399266007,0.8623362804139636,1.0052136313683062,19.492675304004678,0.12067054082980143,-22.611931809148857,-1.1573229341274334,-29.362322750597894,0.6295741068180681,41.009186866177934,0.2719344611720337,0.3539650158931149,0.00015748,11.079878966566548,0.00081957,0,0.0
9017,-2.32914818402202,25.213119282384902,-1.54e-06,1.053781742958659,1.4533862399266007,-5.392255651316362,1.0052136313683062,1.5932846446800955,0.12067054082980143,-92.11068678057656,-1.1573229341274334,66.57962291230895,0.6295741068180681,36.26386696074553,0.2719344611720337,3.6924221265837414,0.00015748,24.61215375947114,0.00081957,0,0.0
9018,15.855084147635095,250.08740616369408,-1.54e-06,1.053781742958659,1.4533862399266007,63.2420063786986,1.0052136313683062,77.15186200555512,0.12067054082980143,-69.08353535883555,-1.1573229341274334,-84.77376789451776,0.6295741068180681,29.60843115767838,0.2719344611720337,0.24783870773541494,0.00015748,43.2992657956281,0.00081957,0,0.0
9019,0.05952126996690765,13.873077706219135,-1.54e-06,1.053781742958659,1.4533862399266007,100.0,1.0052136313683062,57.90961238641165,0.12067054082980143,-31.75741276460449,-1.1573229341274334,-52.047691523208776,0.6295741068180681,-75.07587173684563,0.2719344611720337,0.2543849136768621,0.00015748,36.36760205848013,0.00081957,0,0.0
9020,3.7906017343198215,9.9555116447275,-1.54e-06,1.053781742958659,1.4533862399266007,-34.95889275039565,1.0052136313683062,3.725524859795293,0.12067054082980143,-61.07215319861687,-1.1573229341274334,24.019714178652784,0.6295741068180681,72.74496010561296,0.2719344611720337,-1.7465854008900679,0.00015748,0.1859935802491245,0.00081957,1,0.0
9021,9.939253673350557,107.3755866468567,-1.54e-06,1.053781742958659,1.4533862399266007,86.47835060263039,1.0052136313683062,79.7968644424356,0.12067054082980143,-88.75580227042666,-1.1573229341274334,-66.73668304615869,0.6295741068180681,-0.8221522442976945,0.2719344611720337,0.25192380978412743,0.00015748,47.981845807197914,0.00081957,0,0.0
9022,-7.898226989099758,24.992167987833042,-1.54e-06,1.053781742958659,1.4533862399266007,97.13501555059979,1.0052136313683062,50.405535755741006,0.12067054082980143,-97.22422317830802,-1.1573229341274334,36.80072599675751,0.6295741068180681,-83.13900720872374,0.2719344611720337,32.24611216184575,0.00015748,35.650200157134854,0.00081957,0,0.0
9023,-8.870394230104912,17.920587141178732,-1.54e-06,1.053781742958659,1.4533862399266007,81.20637088182463,1.0052136313683062,21.748607485562903,0.12067054082980143,-49.10622085138541,-1.1573229341274334,43.11981142578857,0.6295741068180681,-91.77030889272649,0.2719344611720337,19.79795924810593,0.00015748,41.92145874311733,0.00081957,0,0.0
9024,3.877894642617136,15.181295132480374,-1.54e-06,1.053781742958659,1.4533862399266007,52.585563238554876,1.0052136313683062,52.489264486575024,0.12067054082980143,-88.3955669933484,-1.1573229341274334,-20.186406105917555,0.6295741068180681,7.643125628092138,0.2719344611720337,0.3606381568747601,0.00015748,31.286784755802966,0.00081957,0,0.0
9025,-6.902360736538486,70.48085940276653,-1.54e-06,1.053781742958659,1.4533862399266007,76.2364830796408,1.0052136313683062,-1.0656683659360804,0.12067054082980143,-11.92952409176453,-1.1573229341274334,26.227240428159092,0.6295741068180681,-83.89763896269585,0.2719344611720337,5.109238205331838,0.00015748,48.08569808203808,0.00081957,0,0.0
9026,0.038830155578264414,1.0333397797690119e-05,-1.54e-06,1.053781742958659,1.4533862399266007,1.5954484286613329,1.0052136313683062,11.421217444785668,0.12067054082980143,-44.605058980680376,-1.1573229341274334,14.746445547818416,0.6295741068180681,17.90578225118333,0.2719344611720337,1.854280658547955,0.00015748,5.858779457211815,0.00081957,0,0.0
9027,-5.665333018608842,11.638017676113044,-1.54e-06,1.053781742958659,1.4533862399266007,39.91142783321425,1.0052136313683062,17.81795352422748,0.12067054082980143,-70.93977479045022,-1.1573229341274334,51.44150265433682,0.6295741068180681,-32.78100442106359,0.2719344611720337,13.529268823607092,0.00015748,30.99343438032401,0.00081957,0,0.0
9028,7.332205658708057,57.04055668708228,-1.54e-06,1.053781742958659,1.4533862399266007,47.558719111223745,1.0052136313683062,45.6907387070976,0.12067054082980143,-44.01947544731607,-1.1573229341274334,-45.751051964223485,0.6295741068180681,4.026738853902787,0.2719344611720337,0.43393163230237874,0.00015748,27.5335858702723,0.00081957,0,0.0
9029,12.272885590369812,142.8970997101036,-1.54e-06,1.053781742958659,1.4533862399266007,53.52284585952344,1.0052136313683062,72.34662818605248,0.12067054082980143,-94.96512410271306,-1.1573229341274334,-55.34572451329689,0.6295741068180681,37.20636384561862,0.2719344611720337,0.3001542708292355,0.00015748,39.955512318659714,0.00081957,0,0.0
9030,7.9915410428669125,58.54930683356061,-1.54e-06,1.053781742958659,1.4533862399266007,-61.03019106600227,1.0052136313683062,-3.1202111110919497,0.12067054082980143,-26.067077963273782,-1.1573229341274334,-4.30049388811055,0.6295741068180681,97.72136656818127,0.2719344611720337,-17.83814792300107,0.00015748,-6.656863146307447,0.00081957,1,0.0
9031,-0.9419642287434711,2.298277959070674,-1.54e-06,1.053781742958659,1.4533862399266007,17.68900847961244,1.0052136313683062,5.326164173374869,0.12067054082980143,-3.618845112771619,-1.1573229341274334,0.6863840495132006,0.6295741068180681,-18.85571938159693,0.2719344611720337,4.238190726773289,0.00015748,7.067109968295106,0.00081957,0,0.0
9032,-11.320045318968411,345.19872936009466,-1.54e-06,1.053781742958659,1.4533862399266007,-47.6599546739467,1.0052136313683062,-44.768197119065505,0.12067054082980143,-49.95088923299232,-1.1573229341274334,90.45382667963706,0.6295741068180681,38.62815094904923,0.2719344611720337,-27.079392808908374,0.00015748,0.2598395484339928,0.00081957,1,0.0
9033,0.04498994431588699,4.283206757513029e-06,-1.54e-06,1.053781742958659,1.4533862399266007,11.460326734420953,1.0052136313683062,14.374043600976375,0.12067054082980143,-38.30718534280283,-1.1573229341274334,5.620466243146156,0.6295741068180681,7.2851143666009,0.2719344611720337,0.7115297447389923,0.00015748,8.28931137107551,0.00081957,0,0.0
9034,-4.915957863410193,10.071065362050938,-1.54e-06,1.053781742958659,1.4533862399266007,3.1775672036479863,1.0052136313683062,0.6699125042339231,0.12067054082980143,-60.593602504817355,-1.1573229341274334,66.1387350943194,0.6295741068180681,-3.173146938680306,0.2719344611720337,0.9411797360048588,0.00015748,30.08674976339002,0.00081957,0,0.0
9035,-3.3375011615074612,6.925509919225226,-1.54e-06,1.053781742958659,1.4533862399266007,82.20625378137336,1.0052136313683062,40.28182963136102,0.12067054082980143,-56.92804559101658,-1.1573229341274334,-3.7950803776904802,0.6295741068180681,-60.597833359513594,0.2719344611720337,12.66904037370415,0.00015748,30.924642552040154,0.00081957,0,0.0
9036,2.677957648380694,40.29626704939774,-1.54e-06,1.053781742958659,1.4533862399266007,-69.91055324068442,1.0052136313683062,-23.467778604654256,0.12067054082980143,-15.014514022923494,-1.1573229341274334,35.14161919104194,0.6295741068180681,76.74508793093678,0.2719344611720337,-19.439526611246848,0.00015748,0.21928242154417177,0.00081957,1,0.0
9037,16.411682842995482,251.31414439493454,-1.54e-06,1.053781742958659,1.4533862399266007,32.124859384856514,1.0052136313683062,58.2319231107485,0.12067054082980143,-51.93598221983358,-1.1573229341274334,-73.20068157148563,0.6295741068180681,51.802694417184,0.2719344611720337,0.2110803230090319,0.00015748,31.669224298239254,0.00081957,0,0.0
9038,3.343714827262076,47.509655628748995,-1.54e-06,1.053781742958659,1.4533862399266007,-82.46880290142607,1.0052136313683062,-26.097969369465886,0.12067054082980143,-19.13123745230818,-1.1573229341274334,40.47985845778446,0.6295741068180681,91.37098213262982,0.2719344611720337,-22.965315212442505,0.00015748,0.23740859465934783,0.00081957,1,0.0
9039,18.307771796375135,286.9622189984166,-1.54e-06,1.053781742958659,1.4533862399266007,-2.2384363201172066,1.0052136313683062,48.70343164848271,0.12067054082980143,-61.55374779586953,-1.1573229341274334,-56.92734265767054,0.6295741068180681,91.73161229553259,0.2719344611720337,0.34629766121665284,0.00015748,23.803149744283402,0.00081957,0,0.0
9040,-5.656494187482206,26.66671259234694,-1.54e-06,1.053781742958659,1.4533862399266007,90.59806479611657,1.0052136313683062,47.64996236215849,0.12067054082980143,-65.99678162384029,-1.1573229341274334,12.34706454836855,0.6295741068180681,-81.78754599828842,0.2719344611720337,24.832249383484516,0.00015748,30.95750625814771,0.00081957,0,0.0
9041,0.19387982200606046,2.7134446402951227,-1.54e-06,1.053781742958659,1.4533862399266007,63.98834920742469,1.0052136313683062,36.68006812309889,0.12067054082980143,-27.539129724533012,-1.1573229341274334,-30.433038443105662,0.6295741068180681,-42.83184517851966,0.2719344611720337,0.45836988398280987,0.00015748,24.578068800161482,0.00081957,0,0.0
9042,-7.539690616023012,107.72890702640748,-1.54e-06,1.053781742958659,1.4533862399266007,-32.428249627527414,1.0052136313683062,-14.059581138246978,0.12067054082980143,-65.77468238882005,-1.1573229341274334,73.1232539618172,0.6295741068180681,32.27542731843,0.2719344611720337,-9.715666084403704,0.00015748,0.23931775768869556,0.00081957,1,0.0
9043,-0.3406461527766602,2.0220513044838015,-1.54e-06,1.053781742958659,1.4533862399266007,95.23502310675761,1.0052136313683062,54.734487767579985,0.12067054082980143,-57.765093330102516,-1.1573229341274334,-36.24662730615604,0.6295741068180681,-56.53450972568378,0.2719344611720337,0.30244684666271127,0.00015748,38.683016217310374,0.00081957,0,0.0
9044,-3.7694486596370176,57.040790224035824,-1.54e-06,1.053781742958659,1.4533862399266007,-38.83328425649555,1.0052136313683062,-17.456346456258967,0.12067054082980143,-24.920262486116386,-1.1573229341274334,46.6973226310278,0.6295741068180681,31.049487330676467,0.2719344611720337,-13.909808284729746,0.00015748,0.2606915080837,0.00081957,1,0.0
9045,-7.349323443533454,15.088655786937721,-1.54e-06,1.053781742958659,1.4533862399266007,52.047508184376056,1.0052136313683062,24.578271241342485,0.12067054082980143,-98.00278135716052,-1.1573229341274334,68.35575721474278,0.6295741068180681,-39.92110491047742,0.2719344611720337,18.363841208108127,0.00015748,40.06302692782843,0.00081957,0,0.0
9046,8.17217046661193,130.199281878702,-1.54e-06,1.053781742958659,1.4533862399266007,55.28367017153306,1.0052136313683062,67.43769101798203,0.12067054082980143,-60.93533286843016,-1.1573229341274334,-49.81929388184132,0.6295741068180681,-2.7456775344759303,0.2719344611720337,0.3121333303729372,0.00015748,35.510915589849255,0.00081957,0,0.0
9047,-8.27515927435347,16.740477815835682,-1.54e-06,1.053781742958659,1.4533862399266007,65.8482290770763,1.0052136313683062,21.28210699656066,0.12067054082980143,-68.88686129761523,-1.1573229341274334,55.639786474980575,0.6295741068180681,-67.8775648348472,0.2719344611720337,18.25110707980285,0.00015748,41.03719290603004,0.00081957,0,0.0
9048,-2.383090802204899,5.088604394582878,-1.54e-06,1.053781742958659,1.4533862399266007,33.61871635603003,1.0052136313683062,13.38736009095724,0.12067054082980143,-24.362041920966792,-1.1573229341274334,9.688999591265851,0.6295741068180681,-30.339726325136436,0.2719344611720337,9.65228423129511,0.00015748,13.767833880208872,0.00081957,0,0.0
9049,2.0196889637085533,5.99310403619615,-1.54e-06,1.053781742958659,1.4533862399266007,42.27609733281055,1.0052136313683062,33.2497549888127,0.12067054082980143,-41.80398437890755,-1.1573229341274334,-20.750300396685166,0.6295741068180681,-10.962840281041585,0.2719344611720337,0.31163359793987766,0.00015748,20.70504918469648,0.00081957,0,0.0
9050,-6.9622894327323035,14.126789168856682,-1.54e-06,1.053781742958659,1.4533862399266007,67.95102816659377,1.0052136313683062,19.057691420356434,0.12067054082980143,-40.42748663633007,-1.1573229341274334,32.17880506111137,0.6295741068180681,-74.63674100599071,0.2719344611720337,16.8440952530104,0.00015748,33.39145786086559,0.00081957,0,0.0
9051,0.9449348347435613,34.978373839216005,-1.54e-06,1.053781742958659,1.4533862399266007,38.944314595631276,1.0052136313683062,27.97363393197593,0.12067054082980143,-94.33869373047357,-1.1573229341274334,12.397400541526654,0.6295741068180681,18.967034879345963,0.2719344611720337,0.36581953278213497,0.00015748,30.94323401735945,0.00081957,0,0.0
9052,0.04992509809705048,7.78334409463555e-06,-1.54e-06,1.053781742958659,1.4533862399266007,11.712807158721398,1.0052136313683062,14.501665718842272,0.12067054082980143,-38.310307816151884,-1.1573229341274334,5.409617413177352,0.6295741068180681,7.105675392467071,0.2719344611720337,0.6679713464460515,0.00015748,8.381749133381096,0.00081957,0,0.0
9053,8.971434807657467,59.06830316587666,-1.54e-06,1.053781742958659,1.4533862399266007,6.691888889287612,1.0052136313683062,41.82428253631447,0.12067054082980143,-98.3506620080399,-1.1573229341274334,-10.635047015771038,0.6295741068180681,70.49287901056837,0.2719344611720337,0.2538076702726091,0.00015748,22.134035960020995,0.00081957,0,0.0
9054,-4.933173447709098,10.118024647748879,-1.54e-06,1.053781742958659,1.4533862399266007,86.00475248500203,1.0052136313683062,32.41736604701438,0.12067054082980143,-38.46279539631773,-1.1573229341274334,1.0730798936472288,0.6295741068180681,-79.35702766868917,0.2719344611720337,16.74565338456626,0.00015748,30.224179049402075,0.00081957,0,0.0
9055,-3.384393306809425,143.49933461910078,-1.54e-06,1.053781742958659,1.4533862399266007,12.646179173857277,1.0052136313683062,-15.9468062587194,0.12067054082980143,-75.06354101644256,-1.1573229341274334,87.43941908143934,0.6295741068180681,7.93128926844263,0.2719344611720337,0.3808839923642289,0.00015748,59.032365144887905,0.00081957,0,0.0
9056,11.090147809006346,97.92005125585332,-1.54e-06,1.053781742958659,1.4533862399266007,-10.348394538434755,1.0052136313683062,32.843983467981865,0.12067054082980143,-67.35304554191974,-1.1573229341274334,-19.075695544759693,0.6295741068180681,76.4094042236388,0.2719344611720337,0.3576293472901071,0.00015748,15.461814190327729,0.00081957,0,0.0
9057,-11.68837520071802,615.1898735789623,-1.54e-06,1.053781742958659,1.4533862399266007,-9.672604805255077,1.0052136313683062,14.922556889634903,0.12067054082980143,-74.71576008972399,-1.1573229341274334,31.917188510423838,0.6295741068180681,8.792007706478547,0.2719344611720337,-48.30741969626335,0.00015748,0.7098031684988193,0.00081957,1,0.0
9058,-5.698509286370545,11.680022095175024,-1.54e-06,1.053781742958659,1.4533862399266007,76.84537243047676,1.0052136313683062,33.843689192857774,0.12067054082980143,-69.2562475029675,-1.1573229341274334,25.62249967723429,0.6295741068180681,-63.398602044561194,0.2719344611720337,22.563635873733297,0.00015748,30.527197109140268,0.00081957,0,0.0
9059,-1.6424146269926387,3.5625651907250786,-1.54e-06,1.053781742958659,1.4533862399266007,-2.898114874245012,1.0052136313683062,14.848799997349943,0.12067054082980143,-89.90228529119956,-1.1573229341274334,51.77774524451771,0.6295741068180681,30.94116695359187,0.2719344611720337,5.967005498781431,0.00015748,16.821151785952445,0.00081957,0,0.0
9060,9.55930078336553,90.31572923102398,-1.54e-06,1.053781742958659,1.4533862399266007,27.477616064537038,1.0052136313683062,38.86530823395763,0.12067054082980143,-30.066372714667406,-1.1573229341274334,-48.01273027405854,0.6295741068180681,21.643461424689377,0.2719344611720337,0.4476559281565766,0.00015748,21.255585438235563,0.00081957,0,0.0
9061,8.292502327204287,47.34745138931821,-1.54e-06,1.053781742958659,1.4533862399266007,-46.225004987328695,1.0052136313683062,9.816000794510153,0.12067054082980143,-45.414144217177316,-1.1573229341274334,-10.886786410532089,0.6295741068180681,95.27006392496993,0.2719344611720337,-19.481613907690427,0.00015748,0.15764259806873682,0.00081957,1,0.0
9062,0.3958496533495861,0.1891367004816472,-1.54e-06,1.053781742958659,1.4533862399266007,23.792141486189127,1.0052136313683062,22.753558921990336,0.12067054082980143,-46.507888500607834,-1.1573229341274334,-1.1693529631916513,0.6295741068180681,1.6796542494480804,0.2719344611720337,0.25755072859268147,0.00015748,13.689578859167826,0.00081957,0,0.0
9063,-5.695044322502288,11.577563238996031,-1.54e-06,1.053781742958659,1.4533862399266007,66.74612860630218,1.0052136313683062,14.756628007234628,0.12067054082980143,-8.395173260605263,-1.1573229341274334,10.009934727811354,0.6295741068180681,-80.77843085570973,0.2719344611720337,13.547783993904106,0.00015748,26.427223909741556,0.00081957,0,0.0
9064,6.8901774791055415,45.83514393918106,-1.54e-06,1.053781742958659,1.4533862399266007,21.378206490859515,1.0052136313683062,27.544360460602928,0.12067054082980143,-25.760924188503584,-1.1573229341274334,-33.455410755845094,0.6295741068180681,17.55799382100294,0.2719344611720337,0.41120322665858744,0.00015748,16.438522696951843,0.00081957,0,0.0
9065,-1.883226008967121,3.9714590546099537,-1.54e-06,1.053781742958659,1.4533862399266007,68.42351985435076,1.0052136313683062,32.61979742410262,0.12067054082980143,-33.033178495836474,-1.1573229341274334,-16.147544684759204,0.6295741068180681,-51.89352902011154,0.2719344611720337,5.570242860658844,0.00015748,25.25309228701829,0.00081957,0,0.0
9066,-6.025676969371194,55.019164718334636,-1.54e-06,1.053781742958659,1.4533862399266007,1.0429272075791707,1.0052136313683062,-10.530808131003658,0.12067054082980143,-0.9603868749040505,-1.1573229341274334,25.689566194949272,0.6295741068180681,-21.378476805378895,0.2719344611720337,-5.145730527178351,0.00015748,0.35930302723945573,0.00081957,1,0.0
9067,-3.970686842465952,8.03976271880035,-1.54e-06,1.053781742958659,1.4533862399266007,6.260804342655284,1.0052136313683062,0.6189120574184455,0.12067054082980143,-41.20731490651095,-1.1573229341274334,47.6455411089589,0.6295741068180681,-8.820464933683889,0.2719344611720337,1.1890018203093007,0.00015748,23.09321291070536,0.00081957,0,0.0
9068,-1.9796635307408366,4.34552636544944,-1.54e-06,1.053781742958659,1.4533862399266007,71.98947349714285,1.0052136313683062,27.67622366321691,0.12067054082980143,-8.161614694149966,-1.1573229341274334,-25.90753413406579,0.6295741068180681,-66.05125131773642,0.2719344611720337,4.607126325451537,0.00015748,24.0442085153678,0.00081957,0,0.0
9069,-6.99165795399516,14.276879614945644,-1.54e-06,1.053781742958659,1.4533862399266007,30.57940013779704,1.0052136313683062,12.203551880092636,0.12067054082980143,-82.28703600217051,-1.1573229341274334,73.89609720019172,0.6295741068180681,-27.163097941322253,0.2719344611720337,9.891125685772288,0.00015748,39.10587787220155,0.00081957,0,0.0
9070,-6.051680433603493,12.253269018757765,-1.54e-06,1.053781742958659,1.4533862399266007,54.124692592474986,1.0052136313683062,18.010012860912134,0.12067054082980143,-49.548776575976206,-1.1573229341274334,36.598468017222196,0.6295741068180681,-54.9665257075939,0.2719344611720337,15.05429871282292,0.00015748,29.913294547190773,0.00081957,0,0.0
9071,4.394582859629887,15.676161998179127,-1.54e-06,1.053781742958659,1.4533862399266007,25.10233388584505,1.0052136313683062,36.07645929268521,0.12067054082980143,-74.45517182547431,-1.1573229341274334,-9.704590915403736,0.6295741068180681,27.91730102165346,0.2719344611720337,0.291401979695177,0.00015748,21.193302675619346,0.00081957,0,0.0
9072,-0.02446053815049609,0.20135437555417302,-1.54e-06,1.053781742958659,1.4533862399266007,63.442137985170376,1.0052136313683062,48.85100612442143,0.12067054082980143,-87.91577851027215,-1.1573229341274334,-9.652655607025537,0.6295741068180681,-14.64611993809728,0.2719344611720337,0.2564323755176581,0.00015748,31.566954652876294,0.00081957,0,0.0
9073,17.18426096699107,267.42414617777797,-1.54e-06,1.053781742958659,1.4533862399266007,15.230864865452993,1.0052136313683062,55.76487462091735,0.12067054082980143,-58.89439098686466,-1.1573229341274334,-64.17646430594809,0.6295741068180681,70.32509130139684,0.2719344611720337,0.2482323698854625,0.00015748,28.159489767897135,0.00081957,0,0.0
9074,16.591783576786668,332.3527579258611,-1.54e-06,1.053781742958659,1.4533862399266007,0.6719799766525714,1.0052136313683062,66.63074429796403,0.12067054082980143,-98.7802470853297,-1.1573229341274334,-34.86463075112667,0.6295741068180681,87.58037184849745,0.2719344611720337,0.30869710529076144,0.00015748,35.81012359566715,0.00081957,0,0.0
9075,-1.1663441875073222,4.039062859084395,-1.54e-06,1.053781742958659,1.4533862399266007,45.23177113872601,1.0052136313683062,42.761181703439846,0.12067054082980143,-98.89218793077531,-1.1573229341274334,15.93909620008756,0.6295741068180681,-3.099147397437067,0.2719344611720337,8.387295721587988,0.00015748,24.72049670813218,0.00081957,0,0.0
9076,-7.432601043222855,15.29146202539652,-1.54e-06,1.053781742958659,1.4533862399266007,32.66364442175166,1.0052136313683062,9.858159945224266,0.12067054082980143,-71.55654945103382,-1.1573229341274334,72.56307315589349,0.6295741068180681,-36.251460027782436,0.2719344611720337,8.713586223274266,0.00015748,40.808293581720136,0.00081957,0,0.0
9077,1.2700120175711649,46.225017267072374,-1.54e-06,1.053781742958659,1.4533862399266007,37.07796986750418,1.0052136313683062,5.975985882530577,0.12067054082980143,-10.973885579449838,-1.1573229341274334,-7.963884472880615,0.6295741068180681,-17.992719101258633,0.2719344611720337,0.46822942634966047,0.00015748,26.570036667722285,0.00081957,0,0.0
9078,3.6352361833692415,12.308085926057005,-1.54e-06,1.053781742958659,1.4533862399266007,-30.649475774520845,1.0052136313683062,-0.22639151100815888,0.12067054082980143,-36.18645721307075,-1.1573229341274334,14.86192798951985,0.6295741068180681,56.57778400081986,0.2719344611720337,-2.65486721553036,0.00015748,0.17607718365331837,0.00081957,1,0.0
9079,-2.538149443741759,5.361105250968193,-1.54e-06,1.053781742958659,1.4533862399266007,18.30269621970601,1.0052136313683062,1.3817217011809804,0.12067054082980143,-5.889131932688675,-1.1573229341274334,14.837976115772769,0.6295741068180681,-26.34280885556245,0.2719344611720337,3.034132632559829,0.00015748,14.029067185155078,0.00081957,0,0.0
9080,-4.532791118183802,10.452047910186685,-1.54e-06,1.053781742958659,1.4533862399266007,51.372539456188505,1.0052136313683062,22.91940672837037,0.12067054082980143,-67.17145668223053,-1.1573229341274334,32.256098389903755,0.6295741068180681,-35.62746871073732,0.2719344611720337,16.152510823665736,0.00015748,25.840072414691853,0.00081957,0,0.0
9081,-6.969125963747132,14.163309469752347,-1.54e-06,1.053781742958659,1.4533862399266007,88.54455242672759,1.0052136313683062,32.79963752571347,0.12067054082980143,-56.57584457116839,-1.1573229341274334,23.75761703345232,0.6295741068180681,-84.94155753139292,0.2719344611720337,23.66854874138594,0.00015748,34.24770951347165,0.00081957,0,0.0
9082,0.017083351396443902,0.0002751391395661145,-1.54e-06,1.053781742958659,1.4533862399266007,22.939999385966914,1.0052136313683062,30.596735594738863,0.12067054082980143,-85.39401992149564,-1.1573229341274334,15.119766348415478,0.6295741068180681,17.908619761829815,0.2719344611720337,2.311413739287336,0.00015748,17.476925428017605,0.00081957,0,0.0
9083,9.169110291322465,91.62265777793307,-1.54e-06,1.053781742958659,1.4533862399266007,59.373497773009746,1.0052136313683062,54.198913934053685,0.12067054082980143,-40.66603402192551,-1.1573229341274334,-62.13250667460973,0.6295741068180681,-1.6105324861903496,0.2719344611720337,0.2685163367926755,0.00015748,32.668713095750306,0.00081957,0,0.0
9084,-12.79912607614094,313.3697938658819,-1.54e-06,1.053781742958659,1.4533862399266007,-23.40986444468398,1.0052136313683062,-14.512993752034676,0.12067054082980143,-15.68467788652384,-1.1573229341274334,60.80939793631292,0.6295741068180681,-23.791131402408855,0.2719344611720337,-26.433108195953185,0.00015748,0.16017627202589324,0.00081957,1,0.0
9085,-0.0026702389307464713,0.13146005530724147,-1.54e-06,1.053781742958659,1.4533862399266007,19.35156230302564,1.0052136313683062,12.790012814855737,0.12067054082980143,-20.64844445015888,-1.1573229341274334,-4.228339277776311,0.6295741068180681,-7.060855329588149,0.2719344611720337,0.4534763645696671,0.00015748,9.047197344514196,0.00081957,0,0.0
9086,-0.6171856276821108,1.4080996017781084,-1.54e-06,1.053781742958659,1.4533862399266007,14.700624760857377,1.0052136313683062,9.982980249079267,0.12067054082980143,-24.444939126933868,-1.1573229341274334,6.337223230998105,0.6295741068180681,-5.347754396098367,0.2719344611720337,4.880125916083543,0.00015748,6.942623249480004,0.00081957,0,0.0
9087,-9.065131068954475,183.6259986757568,-1.54e-06,1.053781742958659,1.4533862399266007,-70.7774947505224,1.0052136313683062,-45.52540976651203,0.12067054082980143,-5.001182420879656,-1.1573229341274334,81.88311013950702,0.6295741068180681,30.628861262927458,0.2719344611720337,-31.716652495464423,0.00015748,0.2037274551038788,0.00081957,1,0.0
9088,2.8395347494428,36.8830168253312,-1.54e-06,1.053781742958659,1.4533862399266007,-63.56362401748484,1.0052136313683062,-21.16776316612934,0.12067054082980143,-12.472630744672063,-1.1573229341274334,30.030509072866696,0.6295741068180681,70.80513988097218,0.2719344611720337,-17.359986642279335,0.00015748,0.2141706352265622,0.00081957,1,0.0
9089,-0.2371394998804801,0.8398146330450802,-1.54e-06,1.053781742958659,1.4533862399266007,44.66865762567896,1.0052136313683062,23.17158224883114,0.12067054082980143,-19.276583312445563,-1.1573229341274334,-18.673512133427835,0.6295741068180681,-30.151508949330015,0.2719344611720337,0.2978118855719494,0.00015748,17.328835044963803,0.00081957,0,0.0
9090,1.7064815524961832,2.384036631055515,-1.54e-06,1.053781742958659,1.4533862399266007,-5.575666148765096,1.0052136313683062,0.38326940130822873,0.12067054082980143,-1.7146817945285462,-1.1573229341274334,-3.094169893528438,0.6295741068180681,11.895285026465833,0.2719344611720337,-0.07584944843446938,0.00015748,0.11203588115828154,0.00081957,1,0.0
9091,-4.018408719097117,49.58453976450361,-1.54e-06,1.053781742958659,1.4533862399266007,-32.639031179445595,1.0052136313683062,-7.552292133249369,0.12067054082980143,-70.896438978824,-1.1573229341274334,60.25661269712454,0.6295741068180681,47.71129155139211,0.2719344611720337,-5.851206667898377,0.00015748,0.2435770988781849,0.00081957,1,0.0
9092,-0.5150589278402862,1.668534841244786,-1.54e-06,1.053781742958659,1.4533862399266007,79.96798467226392,1.0052136313683062,44.83560377372123,0.12067054082980143,-46.13201730630922,-1.1573229341274334,-30.045523045920326,0.6295741068180681,-49.310439929214105,0.2719344611720337,0.330416222300423,0.00015748,32.04288660833724,0.00081957,0,0.0
9093,8.337511624511073,65.96276928156793,-1.54e-06,1.053781742958659,1.4533862399266007,21.718106361030433,1.0052136313683062,30.26557133302212,0.12067054082980143,-25.784633990522774,-1.1573229341274334,-39.92493191949002,0.6295741068180681,22.43564551625046,0.2719344611720337,0.26968223776229827,0.00015748,17.88956360389058,0.00081957,0,0.0
9094,5.967171187472214,30.771082190673656,-1.54e-06,1.053781742958659,1.4533862399266007,28.01458554712022,1.0052136313683062,40.84773216945297,0.12067054082980143,-71.13314859025645,-1.1573229341274334,-19.666569898470303,0.6295741068180681,28.40154869184926,0.2719344611720337,0.3715945280818609,0.00015748,23.052575956815534,0.00081957,0,0.0
9095,-1.7914689754328155,3.6797023090643948,-1.54e-06,1.053781742958659,1.4533862399266007,16.245653763764654,1.0052136313683062,3.463743912212057,0.12067054082980143,-8.447734745203025,-1.1573229341274334,9.353018396448485,0.6295741068180681,-19.204755401411667,0.2719344611720337,3.6597383753523527,0.00015748,9.487510471287804,0.00081957,0,0.0
9096,3.060122705863564,9.395848898033574,-1.54e-06,1.053781742958659,1.4533862399266007,-24.32505395057912,1.0052136313683062,-0.31301713531611947,0.12067054082980143,-26.963377680248865,-1.1573229341274334,10.513964236249857,0.6295741068180681,44.73558894619161,0.2719344611720337,-2.128073254398581,0.00015748,0.12277150909245838,0.00081957,1,0.0
9097,7.704564411986022,63.817749399753296,-1.54e-06,1.053781742958659,1.4533862399266007,32.980865822088106,1.0052136313683062,30.532736310874103,0.12067054082980143,-6.368129738822828,-1.1573229341274334,-50.425128927215084,0.6295741068180681,1.0591498099587917,0.2719344611720337,0.34213179230718715,0.00015748,18.637537695153377,0.00081957,0,0.0
9098,-6.024314602627206,12.386600165965875,-1.54e-06,1.053781742958659,1.4533862399266007,19.402658933265784,1.0052136313683062,13.266106970728659,0.12067054082980143,-96.06375118150248,-1.1573229341274334,78.1537360292539,0.6295741068180681,-7.320037415878306,0.2719344611720337,8.899855598645848,0.00015748,36.43196829909555,0.00081957,0,0.0
9099,1.1291183392661077,9.43118916785236,-1.54e-06,1.053781742958659,1.4533862399266007,-18.697929900582306,1.0052136313683062,-6.219230124736854,0.12067054082980143,-5.3796909363310474,-1.1573229341274334,8.701085606757506,0.6295741068180681,23.123948400957516,0.2719344611720337,-4.436451660352198,0.00015748,0.19136233569635097,0.00081957,1,0.0
9100,0.29531420556149823,0.2544259869128535,-1.54e-06,1.1211449964209517,4.787338469101568,-2.6948988213073455,1.0052136313683062,47.23829138322521,0.12067054082980143,-81.30813342930664,-1.1573229341274334,-97.45916799321981,0.6295741068180681,40.4131985011417,0.2719344611720337,-0.04188238999882668,0.00015748,0.443094938147797,0.00081957,1,0.0
9101,0.14801340500194254,0.12249652953023862,-1.54e-06,1.1211449964209517,4.787338469101568,-14.206628434716249,1.0052136313683062,30.267480590811726,0.12067054082980143,-77.55678101831234,-1.1573229341274334,28.01369541361199,0.6295741068180681,32.26969123408331,0.2719344611720337,-0.03338146183262236,0.00015748,0.2221842402988084,0.00081957,1,0.0
9102,0.2796302282620756,0.008601308514523846,-1.54e-06,1.1211449964209517,4.787338469101568,-56.23836276189216,1.0052136313683062,12.291865599981662,0.12067054082980143,-72.93790719462795,-1.1573229341274334,-2.9444627597061404,0.6295741068180681,68.04769170019323,0.2719344611720337,-0.04619337120718575,0.00015748,0.046165075962827026,0.00081957,1,0.0
9103,0.49972617301811395,0.13534009752352158,-1.54e-06,1.1211449964209517,4.787338469101568,87.80903464138017,1.0052136313683062,51.21500114669196,0.12067054082980143,-60.65710543894167,-1.1573229341274334,55.72361910654269,0.6295741068180681,-15.434245649618376,0.2719344611720337,0.33749735309514434,0.00015748,0.964762647017761,0.00081957,0,0.0
9104,0.4593049320072916,0.13802947858416387,-1.54e-06,1.1211449964209517,4.787338469101568,100.0,1.0052136313683062,43.23286278327122,0.12067054082980143,-9.067220375561307,-1.1573229341274334,15.517661606698944,0.6295741068180681,-39.413538459378046,0.2719344611720337,0.35365612622605536,0.00015748,0.8529831891414019,0.00081957,0,0.0
9105,0.022719957064190277,0.09420676519787555,-1.54e-06,1.1211449964209517,4.787338469101568,-28.783415667616534,1.0052136313683062,32.91124667124394,0.12067054082980143,-93.58630497315957,-1.1573229341274334,-50.43027854707054,0.6295741068180681,46.16133146256852,0.2719344611720337,-0.18562382160734253,0.00015748,0.18715260338731743,0.00081957,1,0.0
9106,0.5571918013818458,0.026855138337540142,-1.54e-06,1.1211449964209517,4.787338469101568,-80.67112358852519,1.0052136313683062,15.629356131896932,0.12067054082980143,-62.463240410423886,-1.1573229341274334,-68.15686455687134,0.6295741068180681,93.04365711946554,0.2719344611720337,-0.04772606414729306,0.00015748,0.047791412780890365,0.00081957,1,0.0
9107,0.2247711545621254,0.005890078896282219,-1.54e-06,1.1211449964209517,4.787338469101568,-43.679538339070966,1.0052136313683062,11.931415196103028,0.12067054082980143,-57.0123522754745,-1.1573229341274334,-13.472587035728747,0.6295741068180681,53.26690047758268,0.2719344611720337,-0.0470166646118716,0.00015748,0.04709058523917543,0.00081957,1,0.0
9108,0.000245492646101908,0.05456885940885181,-1.54e-06,1.1211449964209517,4.787338469101568,4.62822014780079,1.0052136313683062,16.413223279711165,0.12067054082980143,-23.84327936701851,-1.1573229341274334,-14.32040976492307,0.6295741068180681,2.0962948828598202,0.2719344611720337,-0.04612927204907816,0.00015748,0.1145652727670346,0.00081957,1,0.0
9109,0.05328578055680122,0.09636726346256172,-1.54e-06,1.1211449964209517,4.787338469101568,-30.467489634664556,1.0052136313683062,34.028354579475135,0.12067054082980143,-90.47961271134444,-1.1573229341274334,-66.37384248083406,0.6295741068180681,48.01333037733576,0.2719344611720337,-0.18907218137256437,0.00015748,0.1900922073573315,0.00081957,1,0.0
9110,0.17865119535057536,0.0026373973853292968,-1.54e-06,1.1211449964209517,4.787338469101568,-25.641061344991055,1.0052136313683062,6.470653279579599,0.12067054082980143,-20.154548725692976,-1.1573229341274334,-42.60043506464183,0.6295741068180681,31.102491088623065,0.2719344611720337,-0.024667502816671506,0.00015748,0.024683469300086133,0.00081957,1,0.0
9111,0.00209905838925295,0.036680257731796076,-1.54e-06,1.1211449964209517,4.787338469101568,-6.580818347110365,1.0052136313683062,18.581605138786923,0.12067054082980143,-31.34435841097485,-1.1573229341274334,-76.21746563609139,0.6295741068180681,15.743429410871801,0.2719344611720337,-0.11345262914380105,0.00015748,0.11365075344686384,0.00081957,1,0.0
9112,0.08797653175763227,0.0036987991095640393,-1.54e-06,1.1211449964209517,4.787338469101568,-28.023525597810206,1.0052136313683062,1.0248539572161302,0.12067054082980143,-47.052030318518916,-1.1573229341274334,86.70325786212236,0.6295741068180681,30.216789250140746,0.2719344611720337,-0.022927476081994667,0.00015748,0.022990667239872208,0.00081957,1,0.0
9113,0.3541136581840891,0.029409080400267736,-1.54e-06,1.1211449964209517,4.787338469101568,-60.78022938744037,1.0052136313683062,2.8189892408486688,0.12067054082980143,-58.603768225198294,-1.1573229341274334,74.48414649654369,0.6295741068180681,64.33887036519891,0.2719344611720337,-0.06397217294103681,0.00015748,0.06387639969369906,0.00081957,1,0.0
9114,0.0017187883857136543,0.06016560773077973,-1.54e-06,1.1211449964209517,4.787338469101568,-16.76556941933971,1.0052136313683062,20.184886805709016,0.12067054082980143,-84.7751717365622,-1.1573229341274334,90.21065519072373,0.6295741068180681,28.282863562991544,0.2719344611720337,-0.04567415830556252,0.00015748,0.1319569760341483,0.00081957,1,0.0
9115,0.23642951513434682,0.01943317798547668,-1.54e-06,1.1211449964209517,4.787338469101568,-34.023119668947594,1.0052136313683062,-2.544632105097388,0.12067054082980143,-18.884994348501063,-1.1573229341274334,34.28086332099378,0.6295741068180681,34.29368692253165,0.2719344611720337,-0.05567731734470976,0.00015748,0.055954253158632776,0.00081957,1,0.0
9116,0.8001117711124417,0.19380274227984887,-1.54e-06,1.1211449964209517,4.787338469101568,63.78372904381371,1.0052136313683062,67.19178776697746,0.12067054082980143,-73.7630769640148,-1.1573229341274334,-56.289064445102674,0.6295741068180681,19.882430905225775,0.2719344611720337,0.32836202961525207,0.00015748,1.0485272246221815,0.00081957,0,0.0
9117,0.38005526315557103,0.11957719150168335,-1.54e-06,1.1211449964209517,4.787338469101568,99.98927399913732,1.0052136313683062,44.56223334416165,0.12067054082980143,-33.20178180929728,-1.1573229341274334,77.5018077738162,0.6295741068180681,-38.924289272854885,0.2719344611720337,0.3527716246674482,0.00015748,0.8576171012426235,0.00081957,0,0.0
9118,0.4385783871297725,0.11535578603572258,-1.54e-06,1.1211449964209517,4.787338469101568,99.57867563863977,1.0052136313683062,61.83950210780206,0.12067054082980143,-85.53281296328566,-1.1573229341274334,69.08305037640702,0.6295741068180681,-18.837944847641655,0.2719344611720337,0.3254867805186185,0.00015748,1.076714640534358,0.00081957,0,0.0
9119,0.5212930679807182,0.023985721103436497,-1.54e-06,1.1211449964209517,4.787338469101568,-80.47970450343125,1.0052136313683062,18.58062383955346,0.12067054082980143,-74.73547026958761,-1.1573229341274334,-50.624916857246696,0.6295741068180681,93.62039114682474,0.2719344611720337,-0.061965273077074355,0.00015748,0.06230188259133478,0.00081957,1,0.0
9120,0.8634645734571695,0.22415098368266176,-1.54e-06,1.1211449964209517,4.787338469101568,39.98628388793989,1.0052136313683062,54.40614544882167,0.12067054082980143,-57.92345336357981,-1.1573229341274334,-28.395891228971948,0.6295741068180681,29.970234396188523,0.2719344611720337,0.35317895129138327,0.00015748,0.8540210617584121,0.00081957,0,0.0
9121,0.16858227642689622,0.0029891882532585732,-1.54e-06,1.1211449964209517,4.787338469101568,-38.239352780004296,1.0052136313683062,8.463421567451205,0.12067054082980143,-56.19084203109413,-1.1573229341274334,26.40309243923857,0.6295741068180681,45.38843174841846,0.2719344611720337,-0.027683569285033585,0.00015748,0.027711353951593118,0.00081957,1,0.0
9122,0.000800144643103004,0.08682028935995198,-1.54e-06,1.1211449964209517,4.787338469101568,21.438441994629812,1.0052136313683062,8.439048317589268,0.12067054082980143,-12.761819940831078,-1.1573229341274334,82.10457026363021,0.6295741068180681,-15.913630691574513,0.2719344611720337,0.07738494490253604,0.00015748,0.11857060807474439,0.00081957,0,0.0
9123,0.22723239352698438,0.014705161124912127,-1.54e-06,1.1211449964209517,4.787338469101568,-54.99066642253159,1.0052136313683062,18.966916600745616,0.12067054082980143,-93.2964973646112,-1.1573229341274334,63.11659203051379,0.6295741068180681,64.27972830796206,0.2719344611720337,-0.07687944326203369,0.00015748,0.077176008644951,0.00081957,1,0.0
9124,0.3663555437188911,0.15381714320270964,-1.54e-06,1.1211449964209517,4.787338469101568,100.0,1.0052136313683062,42.56454605469805,0.12067054082980143,-0.2411818144808059,-1.1573229341274334,43.906371454341254,0.6295741068180681,-51.127119116098235,0.2719344611720337,0.35707972612273536,0.00015748,0.7194094779120992,0.00081957,0,0.0
9125,0.8311950258241029,0.1960555155882041,-1.54e-06,1.1211449964209517,4.787338469101568,58.35784089267998,1.0052136313683062,72.42616893752658,0.12067054082980143,-99.99695395055461,-1.1573229341274334,-40.9107491037622,0.6295741068180681,32.17579461100875,0.2719344611720337,0.32201913114877667,0.00015748,1.1164965462316516,0.00081957,0,0.0
9126,0.4110155940307505,0.028456725097931897,-1.54e-06,1.1211449964209517,4.787338469101568,-59.14625731429431,1.0052136313683062,3.0914506393282166,0.12067054082980143,-38.328852124949904,-1.1573229341274334,2.233051103975038,0.6295741068180681,63.99893508016727,0.2719344611720337,-0.04621110254916796,0.00015748,0.046117594184819165,0.00081957,1,0.0
9127,0.0012159097266574714,0.1409891498158074,-1.54e-06,1.1211449964209517,4.787338469101568,22.86160965893778,1.0052136313683062,24.404733712617258,0.12067054082980143,-54.187823636202545,-1.1573229341274334,67.45578412026317,0.6295741068180681,-3.6400230002441876,0.2719344611720337,0.04269488832290741,0.00015748,0.26729787648509357,0.00081957,0,0.0
9128,0.8672564458862595,0.20704750529378124,-1.54e-06,1.1211449964209517,4.787338469101568,54.33405116791957,1.0052136313683062,70.93209731125015,0.12067054082980143,-91.0860414381456,-1.1573229341274334,-57.30918368840443,0.6295741068180681,33.98335727820761,0.2719344611720337,0.3251327808592296,0.00015748,1.084804699418029,0.00081957,0,0.0
9129,0.11093159483425291,0.051615304247189825,-1.54e-06,1.1211449964209517,4.787338469101568,-50.230423612785785,1.0052136313683062,-4.457728485071006,0.12067054082980143,-85.37366242238785,-1.1573229341274334,94.37559738055195,0.6295741068180681,61.76511042353876,0.2719344611720337,-0.0811464680656711,0.00015748,0.08135278426466608,0.00081957,1,0.0
9130,0.7356895800550194,0.21903349434926933,-1.54e-06,1.1211449964209517,4.787338469101568,48.34204966405703,1.0052136313683062,55.863425822159584,0.12067054082980143,-51.98698065184815,-1.1573229341274334,41.4897093836628,0.6295741068180681,8.85120043532304,0.2719344611720337,0.3785344220783825,0.00015748,0.7353636122891517,0.00081957,0,0.0
9131,0.00013090059407988575,0.13093384365103464,-1.54e-06,1.1211449964209517,4.787338469101568,46.36899309653364,1.0052136313683062,12.440695060780662,0.12067054082980143,-0.0869676737977711,-1.1573229341274334,66.39732514552394,0.6295741068180681,-33.42730138157343,0.2719344611720337,0.1329334369120397,0.00015748,0.22467057469993393,0.00081957,0,0.0
9132,0.3178635818394334,0.009446932477879283,-1.54e-06,1.1211449964209517,4.787338469101568,-43.38802759017974,1.0052136313683062,12.331960197190972,0.12067054082980143,-32.11731223752754,-1.1573229341274334,-68.21003744912946,0.6295741068180681,51.35232078248209,0.2719344611720337,-0.0453393350493685,0.00015748,0.04514892861064023,0.00081957,1,0.0
9133,0.020463364016973185,0.06545553286429676,-1.54e-06,1.1211449964209517,4.787338469101568,-19.778584143127368,1.0052136313683062,27.3593320721926,0.12067054082980143,-67.45608363872788,-1.1573229341274334,-52.837008101839665,0.6295741068180681,32.76494794642512,0.2719344611720337,-0.15163673231017377,0.00015748,0.1520965289087508,0.00081957,1,0.0
9134,-0.00025059531382659594,0.07818384450036145,-1.54e-06,1.1211449964209517,4.787338469101568,5.571375429469335,1.0052136313683062,19.92518064100949,0.12067054082980143,-27.827884137418412,-1.1573229341274334,-66.19841954816205,0.6295741068180681,6.929812373989153,0.2719344611720337,-0.07746962608946995,0.00015748,0.1647780271259297,0.00081957,1,0.0
9135,0.13292308624283733,0.11977906883224473,-1.54e-06,1.1211449964209517,4.787338469101568,-4.398788728106418,1.0052136313683062,23.48950565532325,0.12067054082980143,-43.438649216970994,-1.1573229341274334,-86.45068915946946,0.6295741068180681,25.97230330088748,0.2719344611720337,-0.0626548126968457,0.00015748,0.24040412669882283,0.00081957,1,0.0
9136,0.004798812196420435,0.17429454869796168,-1.54e-06,1.1211449964209517,4.787338469101568,62.2583859541865,1.0052136313683062,10.176170216030817,0.12067054082980143,-3.357651009311051,-1.1573229341274334,65.31260757860494,0.6295741068180681,-37.11688425852392,0.2719344611720337,0.13016289739785242,0.00015748,0.40308366338252793,0.00081957,0,0.0
9137,0.570635327215593,0.1384995873145687,-1.54e-06,1.1211449964209517,4.787338469101568,99.97899417165978,1.0052136313683062,71.41591420657282,0.12067054082980143,-84.04751133316063,-1.1573229341274334,-11.812392790310998,0.6295741068180681,-9.736136298874127,0.2719344611720337,0.31691696908609085,0.00015748,1.1838212948318654,0.00081957,0,0.0
9138,0.7101879877806337,0.16576872034551232,-1.54e-06,1.1211449964209517,4.787338469101568,99.95124376099304,1.0052136313683062,81.09417845645424,0.12067054082980143,-85.95503288406942,-1.1573229341274334,-89.40472984118368,0.6295741068180681,1.2011772663555733,0.2719344611720337,0.3092131562305663,0.00015748,1.3063691437067548,0.00081957,0,0.0
9139,0.4063069507697975,0.034728857393752866,-1.54e-06,1.1211449964209517,4.787338469101568,-52.47798936088154,1.0052136313683062,-0.6800605188236923,0.12067054082980143,-19.54911557810048,-1.1573229341274334,-13.563045405648396,0.6295741068180681,55.4255444451343,0.2719344611720337,-0.056598720492101476,0.00015748,0.05634906604689974,0.00081957,1,0.0
9140,0.5261972380780006,0.035605583384132965,-1.54e-06,1.1211449964209517,4.787338469101568,-61.92242979299292,1.0052136313683062,3.1525836958180338,0.12067054082980143,-12.49981129060215,-1.1573229341274334,-99.2325403182524,0.6295741068180681,69.03705684628908,0.2719344611720337,-0.025385777481239595,0.00015748,0.025423129572545555,0.00081957,1,0.0
9141,0.0007684460606079968,0.06512126211604653,-1.54e-06,1.1211449964209517,4.787338469101568,-15.313166992051366,1.0052136313683062,23.300275299717566,0.12067054082980143,-67.80548191833876,-1.1573229341274334,-25.70297265260527,0.6295741068180681,29.42025459657814,0.2719344611720337,-0.11697126432335783,0.00015748,0.1542569998279472,0.00081957,1,0.0
9142,0.5480608151213453,0.15600262277999247,-1.54e-06,1.1211449964209517,4.787338469101568,66.99342078844576,1.0052136313683062,44.48495233427544,0.12067054082980143,-54.16039719586007,-1.1573229341274334,91.09828343542341,0.6295741068180681,-6.951381041118989,0.2719344611720337,0.36513426613992284,0.00015748,0.7893652905758364,0.00081957,0,0.0
9143,0.57261154107947,0.13608581914589993,-1.54e-06,1.1211449964209517,4.787338469101568,99.87841256977725,1.0052136313683062,74.67789112285922,0.12067054082980143,-99.62144802977495,-1.1573229341274334,0.34029334525254457,0.6295741068180681,-5.04934579262531,0.2719344611720337,0.3134974097415507,0.00015748,1.2352014977110546,0.00081957,0,0.0
9144,0.0009513178111269643,0.04082388757844049,-1.54e-06,1.1211449964209517,4.787338469101568,1.0787083906022847,1.0052136313683062,10.512662209813222,0.12067054082980143,-25.462250229671163,-1.1573229341274334,61.00067685614345,0.6295741068180681,0.03686339810795752,0.2719344611720337,-0.028909180675049075,0.00015748,0.08421381235546979,0.00081957,1,0.0
9145,0.05224313572468637,0.0034042639611612606,-1.54e-06,1.1211449964209517,4.787338469101568,-21.105893586347484,1.0052136313683062,7.859897838366485,0.12067054082980143,-44.37332633368262,-1.1573229341274334,17.67864040853711,0.6295741068180681,27.306229702090313,0.2719344611720337,-0.03982333002983464,0.00015748,0.0398512140412684,0.00081957,1,0.0
9146,5.496222919908894e-05,0.07315002201947915,-1.54e-06,1.1211449964209517,4.787338469101568,17.225014430920112,1.0052136313683062,4.09458102316357,0.12067054082980143,-5.853036449043914,-1.1573229341274334,97.36799610763946,0.6295741068180681,-16.663680914404754,0.2719344611720337,0.03129095383060214,0.00015748,0.11349197215029729,0.00081957,0,0.0
9147,0.4188862826133924,0.0169872376573525,-1.54e-06,1.1211449964209517,4.787338469101568,-62.164885749895234,1.0052136313683062,9.915683077329945,0.12067054082980143,-49.25276114208237,-1.1573229341274334,-31.325578147890816,0.6295741068180681,70.69598630808845,0.2719344611720337,-0.030555690722461625,0.00015748,0.030608819219769597,0.00081957,1,0.0
9148,0.49802347272236186,0.030415538048151315,-1.54e-06,1.1211449964209517,4.787338469101568,-84.37194062370602,1.0052136313683062,9.220767362075973,0.12067054082980143,-81.88315766759324,-1.1573229341274334,22.917612009810128,0.6295741068180681,95.16805382202395,0.2719344611720337,-0.028734703176338656,0.00015748,0.028672911024471632,0.00081957,1,0.0
9149,0.0002748492226475885,0.12882693714175036,-1.54e-06,1.1211449964209517,4.787338469101568,44.86740839490674,1.0052136313683062,12.86756029106932,0.12067054082980143,-0.09706454561933933,-1.1573229341274334,54.63014890231349,0.6295741068180681,-31.808733143396353,0.2719344611720337,0.12058366591762865,0.00015748,0.22371905976176287,0.00081957,0,0.0
9150,0.121246644437213,0.023085849825788436,-1.54e-06,1.1211449964209517,4.787338469101568,-37.18975091255641,1.0052136313683062,18.606128853016816,0.12067054082980143,-73.79831489921105,-1.1573229341274334,-26.076870432941945,0.6295741068180681,50.74480591975589,0.2719344611720337,-0.10375055689722355,0.00015748,0.1035820007543078,0.00081957,1,0.0
9151,0.06812133948308027,0.03563222587497299,-1.54e-06,1.1211449964209517,4.787338469101568,-25.915974147373902,1.0052136313683062,19.88744323307621,0.12067054082980143,-61.207020988375724,-1.1573229341274334,-58.95539353212264,0.6295741068180681,39.59285801258349,0.2719344611720337,-0.12351811726272685,0.00015748,0.12397241725663435,0.00081957,1,0.0
9152,0.17090267870081205,0.008435858672718767,-1.54e-06,1.1211449964209517,4.787338469101568,-28.742902140056493,1.0052136313683062,11.383462457480434,0.12067054082980143,-33.204940636597975,-1.1573229341274334,-67.93476385068986,0.6295741068180681,38.24090378903863,0.2719344611720337,-0.06416183025428163,0.00015748,0.06431649478005885,0.00081957,1,0.0
9153,0.6200916852073741,0.14918629470681044,-1.54e-06,1.1211449964209517,4.787338469101568,100.0,1.0052136313683062,72.11255776504048,0.12067054082980143,-75.81030856773377,-1.1573229341274334,-45.989561638119426,0.6295741068180681,-8.028629280112686,0.2719344611720337,0.3154950384564623,0.00015748,1.203325486901745,0.00081957,0,0.0
9154,0.282320463159206,0.010714818554610771,-1.54e-06,1.1211449964209517,4.787338469101568,-55.9239819600179,1.0052136313683062,6.073066688743457,0.12067054082980143,-66.82383168132128,-1.1573229341274334,42.500020846347624,0.6295741068180681,63.87630876827966,0.2719344611720337,-0.01027667695508622,0.00015748,0.010187905385403952,0.00081957,1,0.0
9155,0.1635032961088439,0.01722863821856182,-1.54e-06,1.1211449964209517,4.787338469101568,-29.390651691832808,1.0052136313683062,16.800037076180914,0.12067054082980143,-42.00892440191016,-1.1573229341274334,-77.41261861206513,0.6295741068180681,40.40741486353697,0.2719344611720337,-0.09037769855380118,0.00015748,0.0905411896419682,0.00081957,1,0.0
9156,0.0010825654344530644,0.09144172846402673,-1.54e-06,1.1211449964209517,4.787338469101568,12.212617555200847,1.0052136313683062,16.79325051440292,0.12067054082980143,-36.47850109292481,-1.1573229341274334,28.574976797201284,0.6295741068180681,0.43929300276109035,0.2719344611720337,0.008769142722355863,0.00015748,0.17251910261686865,0.00081957,0,0.0
9157,0.22680587503149235,0.013003243215123274,-1.54e-06,1.1211449964209517,4.787338469101568,-35.645294500019205,1.0052136313683062,15.232785405241959,0.12067054082980143,-38.5986969147917,-1.1573229341274334,-90.91533519492765,0.6295741068180681,47.03325809322789,0.2719344611720337,-0.07965194466697278,0.00015748,0.07984637750509865,0.00081957,1,0.0
9158,0.31924562798248435,0.054757340115676345,-1.54e-06,1.1211449964209517,4.787338469101568,-49.706940519055024,1.0052136313683062,-7.873790995376931,0.12067054082980143,-30.904474668008685,-1.1573229341274334,89.3025243090856,0.6295741068180681,48.606781584775405,0.2719344611720337,-0.10198671971376642,0.00015748,0.10193941958166587,0.00081957,1,0.0
9159,0.0014660990570128374,0.06003405089657359,-1.54e-06,1.1211449964209517,4.787338469101568,-22.64055213852422,1.0052136313683062,26.09239667777517,0.12067054082980143,-79.83269116642161,-1.1573229341274334,-17.09290914512267,0.6295741068180681,36.055197140172716,0.2719344611720337,-0.14151347031187145,0.00015748,0.1469478390070793,0.00081957,1,0.0
9160,0.06459565807402107,0.002267523883651778,-1.54e-06,1.1211449964209517,4.787338469101568,-25.40297462898562,1.0052136313683062,7.455432089263726,0.12067054082980143,-51.56804848795689,-1.1573229341274334,37.922566053616684,0.6295741068180681,31.471726236745717,0.2719344611720337,-0.03201198547127786,0.00015748,0.032063437503592626,0.00081957,1,0.0
9161,0.6706035563367978,0.15831390417063326,-1.54e-06,1.1211449964209517,4.787338469101568,80.61393096146118,1.0052136313683062,71.43953996184398,0.12067054082980143,-97.1584912060405,-1.1573229341274334,-8.135269133670208,0.6295741068180681,9.890865851923811,0.2719344611720337,0.3192973232461132,0.00015748,1.153883489296849,0.00081957,0,0.0
9162,0.5068571219452018,0.2024903068626132,-1.54e-06,1.1211449964209517,4.787338469101568,-34.577572675225724,1.0052136313683062,40.109071626402226,0.12067054082980143,-88.56239717758645,-1.1573229341274334,-76.36761666240496,0.6295741068180681,70.65376651598322,0.2719344611720337,0.008718959913284946,0.00015748,0.36393924250181264,0.00081957,0,0.0
9163,0.18734561689913987,0.017476509061430077,-1.54e-06,1.1211449964209517,4.787338469101568,-39.8195511176426,1.0052136313683062,-2.832689179377567,0.12067054082980143,-45.496505730894604,-1.1573229341274334,86.28021240835658,0.6295741068180681,41.967519337484724,0.2719344611720337,-0.047556668449926696,0.00015748,0.047453882547557426,0.00081957,1,0.0
9164,0.0008158749578782709,0.018628513334775533,-1.54e-06,1.1211449964209517,4.787338469101568,-13.050778915455616,1.0052136313683062,13.084542133767064,0.12067054082980143,-46.883095583728355,-1.1573229341274334,66.9012675805631,0.6295741068180681,14.502891476581143,0.2719344611720337,-0.070514048443578,0.00015748,0.07083371848219774,0.00081957,1,0.0
9165,0.38977711963364203,0.013481769340467645,-1.54e-06,1.1211449964209517,4.787338469101568,-70.73425815733921,1.0052136313683062,13.349637678388762,0.12067054082980143,-80.28447102282631,-1.1573229341274334,-6.016129810601917,0.6295741068180681,83.44495675595101,0.2719344611720337,-0.038984517684907814,0.00015748,0.03899002475980091,0.00081957,1,0.0
9166,0.21208005817339598,0.0062353245998855045,-1.54e-06,1.1211449964209517,4.787338469101568,-45.70941341852736,1.0052136313683062,13.305197994644942,0.12067054082980143,-67.15797347264339,-1.1573229341274334,8.640391665573407,0.6295741068180681,55.3983464407051,0.2719344611720337,-0.05123788485789269,0.00015748,0.05136548391579771,0.00081957,1,0.0
9167,0.007959568568951164,0.0024973262378417353,-1.54e-06,1.1211449964209517,4.787338469101568,-15.69841340371877,1.0052136313683062,6.892962357113737,0.12067054082980143,-42.808098269174195,-1.1573229341274334,41.059325574010664,0.6295741068180681,20.02454091487925,0.2719344611720337,-0.031759520352844434,0.00015748,0.031702575623125756,0.00081957,1,0.0
9168,0.23794333297950965,0.008045699673995672,-1.54e-06,1.1211449964209517,4.787338469101568,-33.44753849670263,1.0052136313683062,2.908235722003132,0.12067054082980143,-21.064913815848925,-1.1573229341274334,-10.490331807392343,0.6295741068180681,36.747786932280334,0.2719344611720337,-0.0210390782545415,0.00015748,0.02082501897964239,0.00081957,1,0.0
9169,1.0962034175739332,0.2743901927963371,-1.54e-06,1.1211449964209517,4.787338469101568,14.354107672181852,1.0052136313683062,69.27841026039835,0.12067054082980143,-97.33569344870291,-1.1573229341274334,-76.84558422494338,0.6295741068180681,69.29308001501545,0.2719344611720337,0.3367123968195801,0.00015748,0.9654735861165632,0.00081957,0,0.0
9170,0.00012618426677268868,0.06927602263890398,-1.54e-06,1.1211449964209517,4.787338469101568,14.612250731864972,1.0052136313683062,6.445203667948859,0.12067054082980143,-13.043259510782612,-1.1573229341274334,86.60329616500843,0.6295741068180681,-12.239740442007278,0.2719344611720337,0.03993165217320277,0.00015748,0.10183826511772082,0.00081957,0,0.0
9171,0.02242823581525582,0.0008300180651081291,-1.54e-06,1.1211449964209517,4.787338469101568,-25.796475038775824,1.0052136313683062,5.13260308408093,0.12067054082980143,-62.71168592866257,-1.1573229341274334,98.21774780687267,0.6295741068180681,29.96067661063287,0.2719344611720337,-0.015408289569227804,0.00015748,0.015415379557271026,0.00081957,1,0.0
9172,0.4954871015057945,0.019484521076693344,-1.54e-06,1.1211449964209517,4.787338469101568,-71.44795644335905,1.0052136313683062,14.682371847322226,0.12067054082980143,-54.0774452102933,-1.1573229341274334,-95.834235017668,0.6295741068180681,85.0396894526076,0.2719344611720337,-0.04736105585274494,0.00015748,0.0474573731300415,0.00081957,1,0.0
9173,0.25956954568087764,0.006001224527002042,-1.54e-06,1.1211449964209517,4.787338469101568,-42.19592760152129,1.0052136313683062,10.126146906071234,0.12067054082980143,-42.05198727557204,-1.1573229341274334,-42.54984295427617,0.6295741068180681,51.153153677089506,0.2719344611720337,-0.03839902293172642,0.00015748,0.03845214758554591,0.00081957,1,0.0
9174,0.26859033415904654,0.02775908071733189,-1.54e-06,1.1211449964209517,4.787338469101568,-48.38790855547488,1.0052136313683062,23.339748780334745,0.12067054082980143,-66.41649977698866,-1.1573229341274334,-88.24716974857627,0.6295741068180681,63.54579828287174,0.2719344611720337,-0.1149989230794933,0.00015748,0.11548036116427712,0.00081957,1,0.0
9175,0.00014770954118834,0.13975085475401836,-1.54e-06,1.1211449964209517,4.787338469101568,25.6002364250293,1.0052136313683062,21.729415232492503,0.12067054082980143,-42.64571549131512,-1.1573229341274334,31.376032780295198,0.6295741068180681,-5.365771194008243,0.2719344611720337,0.03116620072595283,0.00015748,0.27493021809627377,0.00081957,0,0.0
9176,0.2620411622020989,0.007269745751469627,-1.54e-06,1.1211449964209517,4.787338469101568,-61.71993187786029,1.0052136313683062,13.301071816302311,0.12067054082980143,-93.80412226246507,-1.1573229341274334,65.73438539518045,0.6295741068180681,72.08765564643578,0.2719344611720337,-0.04183312642670001,0.00015748,0.04194184715559102,0.00081957,1,0.0
9177,0.26619713021287483,0.02056945788850192,-1.54e-06,1.1211449964209517,4.787338469101568,-52.459453535142316,1.0052136313683062,20.607926200646148,0.12067054082980143,-74.18692629941133,-1.1573229341274334,-61.195961451361136,0.6295741068180681,67.68420427952613,0.2719344611720337,-0.10117638679401131,0.00015748,0.10116960389522597,0.00081957,1,0.0
9178,0.5654460119296771,0.152371098597114,-1.54e-06,1.1211449964209517,4.787338469101568,87.98897843828148,1.0052136313683062,51.195012002746864,0.12067054082980143,-33.001938892923626,-1.1573229341274334,-5.722336298334525,0.6295741068180681,-19.183472504345055,0.2719344611720337,0.34256059338340306,0.00015748,0.9234846992390537,0.00081957,0,0.0
9179,0.08241161217480478,0.09232308725045282,-1.54e-06,1.1211449964209517,4.787338469101568,-35.829101328749005,1.0052136313683062,31.983271976803525,0.12067054082980143,-92.02255342128758,-1.1573229341274334,-92.08652444966528,0.6295741068180681,56.32953550230499,0.2719344611720337,-0.19504213004336884,0.00015748,0.19611661760511562,0.00081957,1,0.0
9180,0.3182355566042085,0.015813714034211786,-1.54e-06,1.1211449964209517,4.787338469101568,-44.477667095211444,1.0052136313683062,2.432776544140717,0.12067054082980143,-26.200110992727783,-1.1573229341274334,-10.46014585366736,0.6295741068180681,48.512070630596334,0.2719344611720337,-0.03032693032771146,0.00015748,0.03028248821130779,0.00081957,1,0.0
9181,-0.00015476839795361408,0.12985988902795334,-1.54e-06,1.1211449964209517,4.787338469101568,27.657410859686028,1.0052136313683062,19.01778498884673,0.12067054082980143,-43.23310973976556,-1.1573229341274334,97.97848836307337,0.6295741068180681,-11.246873276132247,0.2719344611720337,0.0878089266319462,0.00015748,0.23861646319357274,0.00081957,0,0.0
9182,0.5120130991096972,0.03288845886131647,-1.54e-06,1.1211449964209517,4.787338469101568,-84.28249564897747,1.0052136313683062,8.710474601758095,0.12067054082980143,-77.51978491016771,-1.1573229341274334,16.280091328636633,0.6295741068180681,94.70849476438279,0.2719344611720337,-0.031136314426690764,0.00015748,0.031208437803190943,0.00081957,1,0.0
9183,0.3912178935636843,0.12435834445462045,-1.54e-06,1.1211449964209517,4.787338469101568,92.95893815410845,1.0052136313683062,40.894861614776005,0.12067054082980143,-35.94018304255263,-1.1573229341274334,99.84105079190705,0.6295741068180681,-34.24023570539485,0.2719344611720337,0.3593762642857361,0.00015748,0.8208935231004073,0.00081957,0,0.0
9184,0.0007808676034596895,0.15788602278556013,-1.54e-06,1.1211449964209517,4.787338469101568,35.16083388005214,1.0052136313683062,26.47668983475101,0.12067054082980143,-13.648194668579652,-1.1573229341274334,-61.19605077207673,0.6295741068180681,-16.709659236128203,0.2719344611720337,-0.01072518170259018,0.00015748,0.28211874914087537,0.00081957,1,0.0
9185,0.04739017357973169,0.05309138792377789,-1.54e-06,1.1211449964209517,4.787338469101568,-23.010836526219535,1.0052136313683062,24.689038291658086,0.12067054082980143,-64.55647428484019,-1.1573229341274334,-66.00729200151694,0.6295741068180681,36.96674150454338,0.2719344611720337,-0.1443319421972131,0.00015748,0.14432537635566392,0.00081957,1,0.0
9186,0.7137046533528566,0.1922839938531572,-1.54e-06,1.1211449964209517,4.787338469101568,64.37418909661542,1.0052136313683062,48.55766969012342,0.12067054082980143,-30.09937223755591,-1.1573229341274334,-24.88549441025215,0.6295741068180681,0.8450317278865938,0.2719344611720337,0.3541653718946107,0.00015748,0.842898438444442,0.00081957,0,0.0
9187,0.08819969512077477,0.0007135239391684336,-1.54e-06,1.1211449964209517,4.787338469101568,-13.672535226775944,1.0052136313683062,3.532753208572935,0.12067054082980143,-12.684635738584719,-1.1573229341274334,-19.025851900634372,0.6295741068180681,16.72973088855299,0.2719344611720337,-0.014274956952283157,0.00015748,0.014280149931093992,0.00081957,1,0.0
9188,0.040634887824785235,0.002736978103944934,-1.54e-06,1.1211449964209517,4.787338469101568,-30.528465427199524,1.0052136313683062,9.332446815546094,0.12067054082980143,-73.40535842699067,-1.1573229341274334,93.40951861105214,0.6295741068180681,36.352296351771095,0.2719344611720337,-0.035380058515509794,0.00015748,0.03527288168734902,0.00081957,1,0.0
9189,0.6430571643185636,0.20890106750757595,-1.54e-06,1.1211449964209517,4.787338469101568,45.18522309828851,1.0052136313683062,40.81093042901173,0.12067054082980143,-42.86713561389362,-1.1573229341274334,42.127117807978195,0.6295741068180681,8.984382082106913,0.2719344611720337,0.34030813427078366,0.00015748,0.6858196838503816,0.00081957,0,0.0
9190,0.40974538594282933,0.1242350159942471,-1.54e-06,1.1211449964209517,4.787338469101568,100.0,1.0052136313683062,44.61892683816941,0.12067054082980143,-30.31045607581478,-1.1573229341274334,58.18631604008122,0.6295741068180681,-36.829919231910374,0.2719344611720337,0.34884863435074276,0.00015748,0.8823304007269505,0.00081957,0,0.0
9191,0.38824756627428536,0.04546423369018138,-1.54e-06,1.1211449964209517,4.787338469101568,-65.61367568500746,1.0052136313683062,31.205919668807404,0.12067054082980143,-85.079088832749,-1.1573229341274334,-90.65545604283578,0.6295741068180681,82.34152780068104,0.2719344611720337,-0.13855265834288166,0.00015748,0.1382917756695649,0.00081957,1,0.0
9192,0.5191237093009355,0.028449955728517547,-1.54e-06,1.1211449964209517,4.787338469101568,-66.66264793091038,1.0052136313683062,6.950786692802826,0.12067054082980143,-29.513277667027182,-1.1573229341274334,-89.46489283878537,0.6295741068180681,75.8927852519681,0.2719344611720337,-0.013503261606885279,0.00015748,0.013745702458117263,0.00081957,1,0.0
9193,0.6294280609824927,0.15000880077479278,-1.54e-06,1.1211449964209517,4.787338469101568,83.33195473156019,1.0052136313683062,70.65289928936342,0.12067054082980143,-96.26204593953071,-1.1573229341274334,6.781400184493964,0.6295741068180681,5.016498500184846,0.2719344611720337,0.3206621586926006,0.00015748,1.1342717692656104,0.00081957,0,0.0
9194,0.3236952537713101,0.05036168641483015,-1.54e-06,1.1211449964209517,4.787338469101568,-61.086691607702484,1.0052136313683062,-6.585915413418342,0.12067054082980143,-56.1794127026305,-1.1573229341274334,79.54691894304563,0.6295741068180681,66.27374373928626,0.2719344611720337,-0.06808829374954603,0.00015748,0.06804180072995186,0.00081957,1,0.0
9195,0.4710577763032341,0.07142905642116469,-1.54e-06,1.1211449964209517,4.787338469101568,-69.0667331023992,1.0052136313683062,-6.260180486407878,0.12067054082980143,-37.66257721765078,-1.1573229341274334,40.46710776132953,0.6295741068180681,72.35549316904795,0.2719344611720337,-0.08937138776204875,0.00015748,0.08939281494537174,0.00081957,1,0.0
9196,0.5105611959120531,0.02120188752523833,-1.54e-06,1.1211449964209517,4.787338469101568,-73.2891901931555,1.0052136313683062,13.565565853693935,0.12067054082980143,-53.43467074069542,-1.1573229341274334,-93.92926567385682,0.6295741068180681,86.73712983627881,0.2719344611720337,-0.04022847703236365,0.00015748,0.04020895097487373,0.00081957,1,0.0
9197,0.11714276470857427,0.0021585898034250425,-1.54e-06,1.1211449964209517,4.787338469101568,-38.84347588302345,1.0052136313683062,8.123207578521589,0.12067054082980143,-71.8118799940351,-1.1573229341274334,78.37429548410968,0.6295741068180681,45.40848722951779,0.2719344611720337,-0.02499282265991051,0.00015748,0.02498211272699442,0.00081957,1,0.0
9198,0.5260730180936612,0.0897575395607459,-1.54e-06,1.1211449964209517,4.787338469101568,-71.94233220732356,1.0052136313683062,-5.940282930571491,0.12067054082980143,-31.747739574605482,-1.1573229341274334,47.38168517236819,0.6295741068180681,72.78293339363883,0.2719344611720337,-0.11568822883379244,0.00015748,0.11557653992789328,0.00081957,1,0.0
9199,0.37303012811274705,0.118779272567218,-1.54e-06,1.1211449964209517,4.787338469101568,99.94197588864544,1.0052136313683062,43.54895972060656,0.12067054082980143,-32.79613163964217,-1.1573229341274334,83.32690150816434,0.6295741068180681,-39.512265369187645,0.2719344611720337,0.35413526357884706,0.00015748,0.8507973199214927,0.00081957,0,0.0
9200,-7.282564552751891e-05,0.0411985689213015,-1.54e-06,2.1555968919717063,3.134572259162862,-5.007698440900951,1.0052136313683062,3.2813953771714304,0.12067054082980143,-33.001806778673725,-1.1573229341274334,26.71198148069002,0.6295741068180681,16.359441850015603,0.2719344611720337,0.008700477066684455,0.00015748,0.07554499296966014,0.00081957,0,0.0
9201,0.736535246980828,0.6469673542341013,-1.54e-06,2.1555968919717063,3.134572259162862,100.0,1.0052136313683062,32.140845743180535,0.12067054082980143,-82.86371994734778,-1.1573229341274334,-87.26451716664255,0.6295741068180681,14.689625046969326,0.2719344611720337,-0.08704430842601579,0.00015748,0.8015291997309262,0.00081957,1,0.0
9202,0.8016101222090063,0.08938761386341498,-1.54e-06,2.1555968919717063,3.134572259162862,-76.13037281232393,1.0052136313683062,3.711311818630525,0.12067054082980143,-48.59306028995837,-1.1573229341274334,6.625575461720789,0.6295741068180681,81.67080983581978,0.2719344611720337,-0.04008776684694517,0.00015748,0.03983713028047139,0.00081957,1,0.0
9203,0.8800576885805289,0.4262081923546499,-1.54e-06,2.1555968919717063,3.134572259162862,41.00906506927597,1.0052136313683062,21.747327916671747,0.12067054082980143,-76.8925598943745,-1.1573229341274334,-56.98572920880199,0.6295741068180681,46.66633200194801,0.2719344611720337,-0.017132167729693448,0.00015748,0.5677713668576418,0.00081957,1,0.0
9204,0.0126197780856796,0.023312884675923663,-1.54e-06,2.1555968919717063,3.134572259162862,-0.11534188291557378,1.0052136313683062,4.21561174004451,0.12067054082980143,-31.311904991228467,-1.1573229341274334,10.819780522991538,0.6295741068180681,15.93451704434216,0.2719344611720337,-0.10103170991700128,0.00015748,0.10128410585381725,0.00081957,1,0.0
9205,0.8172789412804,0.26296606867467254,-1.54e-06,2.1555968919717063,3.134572259162862,82.96246447912533,1.0052136313683062,24.66069696305068,0.12067054082980143,-89.6620225549827,-1.1573229341274334,-30.926991531376093,0.6295741068180681,27.410760551778683,0.2719344611720337,0.38181598679819984,0.00015748,0.7116039372895371,0.00081957,0,0.0
9206,5.998657082834091e-05,0.11807306468399441,-1.54e-06,2.1555968919717063,3.134572259162862,-16.51473106237954,1.0052136313683062,6.177755016527497,0.12067054082980143,-79.50975641918777,-1.1573229341274334,84.00803336096845,0.6295741068180681,39.0217640894126,0.2719344611720337,0.1338970182445131,0.00015748,0.20885128035228234,0.00081957,0,0.0
9207,0.027966355293662815,0.04331882271564015,-1.54e-06,2.1555968919717063,3.134572259162862,32.076049992873095,1.0052136313683062,5.140083759598803,0.12067054082980143,-0.6076506288297258,-1.1573229341274334,-36.95653117749847,0.6295741068180681,-10.5328132944105,0.2719344611720337,-0.1427454869436783,0.00015748,0.14302040281257447,0.00081957,1,0.0
9208,0.437266350302691,0.10011089867391498,-1.54e-06,2.1555968919717063,3.134572259162862,7.117547918412748,1.0052136313683062,8.795115448589959,0.12067054082980143,-24.44621326483803,-1.1573229341274334,-48.34421197987204,0.6295741068180681,25.770162776740154,0.2719344611720337,-0.2110605918547873,0.00015748,0.21263408679628412,0.00081957,1,0.0
9209,1.0801383135552536,0.40148742173767227,-1.54e-06,2.1555968919717063,3.134572259162862,99.38203322587496,1.0052136313683062,28.239263435036733,0.12067054082980143,-78.36530929008003,-1.1573229341274334,-76.23054091729193,0.6295741068180681,24.028011233026024,0.2719344611720337,0.36161445888794763,0.00015748,0.799642427341347,0.00081957,0,0.0
9210,0.8502583182696285,0.11778303979598835,-1.54e-06,2.1555968919717063,3.134572259162862,-70.34811138335127,1.0052136313683062,2.3080579929804026,0.12067054082980143,-25.818573900006296,-1.1573229341274334,-14.094540542479654,0.6295741068180681,69.79273186382116,0.2719344611720337,-0.039407247511365665,0.00015748,0.040075630546203986,0.00081957,1,0.0
9211,0.14921779689469616,0.07760368865618135,-1.54e-06,2.1555968919717063,3.134572259162862,47.222399041297386,1.0052136313683062,14.749844635244779,0.12067054082980143,-100.0,-1.1573229341274334,78.90637139005672,0.6295741068180681,21.329764150855667,0.2719344611720337,0.439866176254053,0.00015748,0.5725646536551228,0.00081957,0,0.0
9212,0.0008744863997233177,0.13497930822003357,-1.54e-06,2.1555968919717063,3.134572259162862,49.99946678535296,1.0052136313683062,9.120041168629784,0.12067054082980143,-35.05148141208434,-1.1573229341274334,5.227395881454917,0.6295741068180681,-7.831237428339047,0.2719344611720337,0.1463180079524325,0.00015748,0.2749252072540064,0.00081957,0,0.0
9213,0.7801437910366685,0.26795834054077816,-1.54e-06,2.1555968919717063,3.134572259162862,-4.000439257137366,1.0052136313683062,14.98494864487993,0.12067054082980143,-54.850716999458974,-1.1573229341274334,-64.46768972859851,0.6295741068180681,57.218842366021,0.2719344611720337,-0.34092208146565406,0.00015748,0.3446522442654373,0.00081957,1,0.0
9214,0.2788482339168671,0.009731464257091128,-1.54e-06,2.1555968919717063,3.134572259162862,-48.603337206470705,1.0052136313683062,3.2896580069674393,0.12067054082980143,-54.138295971933424,-1.1573229341274334,39.68783604380973,0.6295741068180681,54.33486088740664,0.2719344611720337,-0.04410153833709641,0.00015748,0.04396939106097742,0.00081957,1,0.0
9215,0.762447034629646,0.29019329627908746,-1.54e-06,2.1555968919717063,3.134572259162862,11.142542492955837,1.0052136313683062,15.060467034367576,0.12067054082980143,-40.997192629302106,-1.1573229341274334,-83.93353720679164,0.6295741068180681,44.467807897169905,0.2719344611720337,-0.35973506504783137,0.00015748,0.3604114296337414,0.00081957,1,0.0
9216,1.0228128302179058,0.16544029800399732,-1.54e-06,2.1555968919717063,3.134572259162862,-49.78424743393972,1.0052136313683062,5.720286159611776,0.12067054082980143,-20.638460152689554,-1.1573229341274334,-56.96026254296896,0.6295741068180681,67.23392024071417,0.2719344611720337,-0.10467118378199344,0.00015748,0.10485147668711112,0.00081957,1,0.0
9217,0.0013903460843172066,0.12457319456590332,-1.54e-06,2.1555968919717063,3.134572259162862,12.207759729570322,1.0052136313683062,9.569944280166773,0.12067054082980143,-71.82676874061977,-1.1573229341274334,43.73311456283944,0.6295741068180681,26.226000323599393,0.2719344611720337,0.027821585855528463,0.00015748,0.24794843331404032,0.00081957,0,0.0
9218,0.42079304958683633,0.1468544982092533,-1.54e-06,2.1555968919717063,3.134572259162862,-14.28274196851299,1.0052136313683062,13.001500879294126,0.12067054082980143,-62.3894796142257,-1.1573229341274334,-11.889651674201431,0.6295741068180681,47.88388964974188,0.2719344611720337,-0.2564775547218541,0.00015748,0.25999835842735974,0.00081957,1,0.0
9219,0.8028173180588805,0.3981134135031942,-1.54e-06,2.1555968919717063,3.134572259162862,49.39517792702949,1.0052136313683062,20.297488774027123,0.12067054082980143,-64.41577553603169,-1.1573229341274334,-63.54787449058758,0.6295741068180681,35.44854200911873,0.2719344611720337,-0.0179354321170207,0.00015748,0.5476527473036068,0.00081957,1,0.0
9220,0.10234186795644701,0.01773339290240568,-1.54e-06,2.1555968919717063,3.134572259162862,-48.206110354069565,1.0052136313683062,4.982007218462163,0.12067054082980143,-80.35832900960179,-1.1573229341274334,69.77732721617011,0.6295741068180681,60.43188602224213,0.2719344611720337,-0.07962594341096153,0.00015748,0.07983763085714153,0.00081957,1,0.0
9221,-0.0004551089674094122,0.10505836391528514,-1.54e-06,2.1555968919717063,3.134572259162862,93.95785251559289,1.0052136313683062,15.851594769549541,0.12067054082980143,-89.8856067677722,-1.1573229341274334,77.13492345630549,0.6295741068180681,-10.36063220897619,0.2719344611720337,0.5292110632249558,0.00015748,0.7986235272492637,0.00081957,0,0.0
9222,1.8694575169013892,2.0362213225741774,-1.54e-06,2.1555968919717063,3.134572259162862,73.8674849221866,1.0052136313683062,7.293160520989383,0.12067054082980143,-20.347287369702862,-1.1573229341274334,-78.89270401315872,0.6295741068180681,44.03756033479061,0.2719344611720337,0.2983115508764522,0.00015748,1.506391258983611,0.00081957,0,0.0
9223,0.8846160146862427,0.31764523871520983,-1.54e-06,2.1555968919717063,3.134572259162862,99.67802267225125,1.0052136313683062,23.653055720775612,0.12067054082980143,-60.86574103322406,-1.1573229341274334,-66.9421229946187,0.6295741068180681,10.149432952650638,0.2719344611720337,0.38429111752221734,0.00015748,0.7104586850590594,0.00081957,0,0.0
9224,1.3134662023180503,0.26751934007960715,-1.54e-06,2.1555968919717063,3.134572259162862,-77.60666184867897,1.0052136313683062,5.939519842266898,0.12067054082980143,-26.682648564725955,-1.1573229341274334,-59.254069422351456,0.6295741068180681,90.5879504845676,0.2719344611720337,-0.08349093096055915,0.00015748,0.08405982698912784,0.00081957,1,0.0
9225,0.016825141820413725,0.049800718929301144,-1.54e-06,2.1555968919717063,3.134572259162862,94.3810087943629,1.0052136313683062,15.562316234696768,0.12067054082980143,-66.0583996828727,-1.1573229341274334,30.536611735690887,0.6295741068180681,-16.996272256692425,0.2719344611720337,0.47666021217382887,0.00015748,0.5260258952427026,0.00081957,0,0.0
9226,0.7444837522974752,0.24323274777925333,-1.54e-06,2.1555968919717063,3.134572259162862,73.98393897836094,1.0052136313683062,21.604824606507844,0.12067054082980143,-99.92869876460232,-1.1573229341274334,-4.660501098051236,0.6295741068180681,36.03307036360792,0.2719344611720337,0.38142043069431486,0.00015748,0.7292334973397171,0.00081957,0,0.0
9227,0.22702728573697528,0.08931574004144173,-1.54e-06,2.1555968919717063,3.134572259162862,96.71685650625598,1.0052136313683062,17.921701071936738,0.12067054082980143,-65.05328653616625,-1.1573229341274334,4.31401999011452,0.6295741068180681,-10.639954964253873,0.2719344611720337,0.4499516245608414,0.00015748,0.5612955633791443,0.00081957,0,0.0
9228,-0.0007080199643959909,0.7972029145879099,-1.54e-06,2.1555968919717063,3.134572259162862,50.26514224769199,1.0052136313683062,-0.5061698080532676,0.12067054082980143,-6.328990078245253,-1.1573229341274334,95.45567183745663,0.6295741068180681,-38.45536055367894,0.2719344611720337,0.07845929990451184,0.00015748,1.3066077317686027,0.00081957,0,0.0
9229,1.40038806672991,0.3150521577638074,-1.54e-06,2.1555968919717063,3.134572259162862,-64.5341503004962,1.0052136313683062,6.885747972013918,0.12067054082980143,-14.442904546769565,-1.1573229341274334,-87.53479261902137,0.6295741068180681,83.41927287577853,0.2719344611720337,-0.11589181582512398,0.00015748,0.11639530239402507,0.00081957,1,0.0
9230,0.0007998956147539094,0.13634347685069795,-1.54e-06,2.1555968919717063,3.134572259162862,51.3007410478728,1.0052136313683062,9.297048867915297,0.12067054082980143,-40.16544094762663,-1.1573229341274334,15.541069117071833,0.6295741068180681,-7.137857234410384,0.2719344611720337,0.22439023923256196,0.00015748,0.28758332430026334,0.00081957,0,0.0
9231,0.05008898377649823,0.013190036837309281,-1.54e-06,2.1555968919717063,3.134572259162862,-24.142185122901992,1.0052136313683062,3.872704885783353,0.12067054082980143,-50.93945956663409,-1.1573229341274334,39.232149006019334,0.6295741068180681,35.50755109456327,0.2719344611720337,-0.0721289645326404,0.00015748,0.07220228137731793,0.00081957,1,0.0
9232,0.0002804839683399063,0.3014560356696449,-1.54e-06,2.1555968919717063,3.134572259162862,38.1289485013613,1.0052136313683062,7.496810970454588,0.12067054082980143,-28.50806424903523,-1.1573229341274334,45.91847373583128,0.6295741068180681,-16.569417273529062,0.2719344611720337,0.12247147587613089,0.00015748,0.622208713744923,0.00081957,0,0.0
9233,0.003227603802240131,0.07578101289057282,-1.54e-06,2.1555968919717063,3.134572259162862,11.952927358350998,1.0052136313683062,4.9466138207094525,0.12067054082980143,-34.54045486922141,-1.1573229341274334,17.549231328885508,0.6295741068180681,10.642225914233517,0.2719344611720337,0.014038366655960643,0.00015748,0.1448331154468397,0.00081957,0,0.0
9234,0.00025277450816507674,0.057723317314978,-1.54e-06,2.1555968919717063,3.134572259162862,76.921523396263,1.0052136313683062,13.58064662704986,0.12067054082980143,-71.04199240864158,-1.1573229341274334,54.58747606995364,0.6295741068180681,-9.390483660383033,0.2719344611720337,0.4353090304832373,0.00015748,0.586346885934418,0.00081957,0,0.0
9235,0.002453727741571071,0.3352599128285197,-1.54e-06,2.1555968919717063,3.134572259162862,49.00123503070158,1.0052136313683062,3.35689218635896,0.12067054082980143,-34.70831055877581,-1.1573229341274334,78.5243173915544,0.6295741068180681,-16.780531398135736,0.2719344611720337,0.19652094765865902,0.00015748,0.8976903165695159,0.00081957,0,0.0
9236,0.024637436574607374,0.13682156603713108,-1.54e-06,2.1555968919717063,3.134572259162862,20.78383867684628,1.0052136313683062,10.444859103820141,0.12067054082980143,-66.21675882790956,-1.1573229341274334,28.798353880060382,0.6295741068180681,21.255389912060647,0.2719344611720337,-0.005942144368908664,0.00015748,0.2727096114610105,0.00081957,1,0.0
9237,0.2771388235289044,0.16689615817657663,-1.54e-06,2.1555968919717063,3.134572259162862,55.09912838700387,1.0052136313683062,14.551276246619402,0.12067054082980143,-65.85975599377666,-1.1573229341274334,10.845128017475675,0.6295741068180681,11.61623782094898,0.2719344611720337,0.27949532763319157,0.00015748,0.4306336814316238,0.00081957,0,0.0
9238,0.8114390587690548,0.32066738218062973,-1.54e-06,2.1555968919717063,3.134572259162862,-22.01042795856303,1.0052136313683062,17.871978159671997,0.12067054082980143,-63.99538691886126,-1.1573229341274334,-50.48826858457541,0.6295741068180681,63.67095156380592,0.2719344611720337,-0.35427906911463264,0.00015748,0.3545812855290504,0.00081957,1,0.0
9239,0.242093855462791,0.012389535067698531,-1.54e-06,2.1555968919717063,3.134572259162862,-47.66431401366795,1.0052136313683062,4.402430757333689,0.12067054082980143,-64.60136140492051,-1.1573229341274334,47.08684209232694,0.6295741068180681,57.764968138834206,0.2719344611720337,-0.06657609976053547,0.00015748,0.06729936577481449,0.00081957,1,0.0
9240,0.09655975824240592,0.14737572503698107,-1.54e-06,2.1555968919717063,3.134572259162862,23.4791671952328,1.0052136313683062,11.301380560828179,0.12067054082980143,-27.53819432833186,-1.1573229341274334,-28.84682179090812,0.6295741068180681,3.69978585483657,0.2719344611720337,-0.2405807174874179,0.00015748,0.2429106464507583,0.00081957,1,0.0
9241,0.4206615589409147,0.18465810719653777,-1.54e-06,2.1555968919717063,3.134572259162862,12.102541670662248,1.0052136313683062,12.764586221853108,0.12067054082980143,-47.84427705793455,-1.1573229341274334,-42.37416766326937,0.6295741068180681,34.156473584320864,0.2719344611720337,-0.29390428310055494,0.00015748,0.30225637181147547,0.00081957,1,0.0
9242,0.5782512333928127,0.2781351565159406,-1.54e-06,2.1555968919717063,3.134572259162862,13.215504349869038,1.0052136313683062,15.259854691779012,0.12067054082980143,-64.13164029428093,-1.1573229341274334,-42.45084796281477,0.6295741068180681,46.8196406549451,0.2719344611720337,-0.26153981346497035,0.00015748,0.384955153988377,0.00081957,1,0.0
9243,0.0022063563375718243,0.03417466925243043,-1.54e-06,2.1555968919717063,3.134572259162862,99.368553064606,1.0052136313683062,18.44668614828104,0.12067054082980143,-85.64218381934599,-1.1573229341274334,36.69051833843072,0.6295741068180681,-9.832229008748886,0.2719344611720337,0.43669068520861576,0.00015748,0.5848717207389539,0.00081957,0,0.0
9244,1.0596449594313742,0.8035360704014773,-1.54e-06,2.1555968919717063,3.134572259162862,70.98379200181537,1.0052136313683062,8.157613214949759,0.12067054082980143,-12.89832848101247,-1.1573229341274334,-74.23054978751217,0.6295741068180681,15.508064252037954,0.2719344611720337,0.17610730153320514,0.00015748,0.8493723179773205,0.00081957,0,0.0
9245,0.7373636567416582,0.3186532427482818,-1.54e-06,2.1555968919717063,3.134572259162862,17.842252987962482,1.0052136313683062,14.036635990798754,0.12067054082980143,-40.541240345530476,-1.1573229341274334,-83.60445041584548,0.6295741068180681,42.614755992458456,0.2719344611720337,-0.3565378538578098,0.00015748,0.3850788344081445,0.00081957,1,0.0
9246,0.4034070402812943,0.34574714775398047,-1.54e-06,2.1555968919717063,3.134572259162862,61.27144334455518,1.0052136313683062,5.701956776818657,0.12067054082980143,-22.856819286724953,-1.1573229341274334,0.8630114250724895,0.6295741068180681,-4.734693951419023,0.2719344611720337,0.24357115189077647,0.00015748,0.6850250560995496,0.00081957,0,0.0
9247,0.6961640904532922,0.07669492830373578,-1.54e-06,2.1555968919717063,3.134572259162862,-62.79952809538548,1.0052136313683062,7.562469222360152,0.12067054082980143,-71.97489219825358,-1.1573229341274334,13.855532150635092,0.6295741068180681,84.44210141441046,0.2719344611720337,-0.1337307111125822,0.00015748,0.13372411555656097,0.00081957,1,0.0
9248,0.17010937509651758,0.08336652542710672,-1.54e-06,2.1555968919717063,3.134572259162862,48.78035220396356,1.0052136313683062,14.704195786402078,0.12067054082980143,-97.45501501214825,-1.1573229341274334,73.07190599283096,0.6295741068180681,20.778659670545103,0.2719344611720337,0.444034138404784,0.00015748,0.5584603728278129,0.00081957,0,0.0
9249,0.6900638851620352,0.35165818843314844,-1.54e-06,2.1555968919717063,3.134572259162862,45.15664779578101,1.0052136313683062,17.875500941287466,0.12067054082980143,-52.072969572109514,-1.1573229341274334,-66.42705107404689,0.6295741068180681,29.05502099610929,0.2719344611720337,-0.09696521584497342,0.00015748,0.47961055681924725,0.00081957,1,0.0
9250,0.9912465933061858,0.2544564504733743,-1.54e-06,2.1555968919717063,3.134572259162862,-31.871455031371763,1.0052136313683062,13.922187306629379,0.12067054082980143,-61.49142807959117,-1.1573229341274334,-57.023720585642415,0.6295741068180681,78.76995651221262,0.2719344611720337,-0.3000141006140915,0.00015748,0.3007433750435331,0.00081957,1,0.0
9251,0.5486350116874887,0.07644773329596496,-1.54e-06,2.1555968919717063,3.134572259162862,-8.4233146333373,1.0052136313683062,5.977385991771457,0.12067054082980143,-16.845905146550773,-1.1573229341274334,-46.97752458191714,0.6295741068180681,32.965837779216685,0.2719344611720337,-0.15311487512690578,0.00015748,0.15375932779773402,0.00081957,1,0.0
9252,1.0546712928428468,0.17951921741403218,-1.54e-06,2.1555968919717063,3.134572259162862,-46.91890914460987,1.0052136313683062,6.261861084606366,0.12067054082980143,-16.300544416042836,-1.1573229341274334,-65.83502072577772,0.6295741068180681,64.72776351623287,0.2719344611720337,-0.11261817640977613,0.00015748,0.11205531649272528,0.00081957,1,0.0
9253,0.04695330197474479,0.09522593424918246,-1.54e-06,2.1555968919717063,3.134572259162862,51.80050695890965,1.0052136313683062,12.991299810583468,0.12067054082980143,-83.56309658539782,-1.1573229341274334,67.93030635098751,0.6295741068180681,9.37336090420562,0.2719344611720337,0.39409045100809936,0.00015748,0.5098401108940529,0.00081957,0,0.0
9254,-3.9138183625109235e-06,0.2597015394914364,-1.54e-06,2.1555968919717063,3.134572259162862,56.10428871335841,1.0052136313683062,5.531541924734857,0.12067054082980143,-33.071121937273176,-1.1573229341274334,62.12309284882034,0.6295741068180681,-20.48184474582794,0.2719344611720337,0.2289077446875955,0.00015748,0.794572990550549,0.00081957,0,0.0
9255,0.002403693709420951,0.1351550196167771,-1.54e-06,2.1555968919717063,3.134572259162862,55.66445395424426,1.0052136313683062,10.372246403111696,0.12067054082980143,-47.39857572471333,-1.1573229341274334,22.261027563431867,0.6295741068180681,-6.477218401865947,0.2719344611720337,0.274362989242203,0.00015748,0.3201539437736302,0.00081957,0,0.0
9256,0.011559443587646934,0.2336836507677267,-1.54e-06,2.1555968919717063,3.134572259162862,32.52423312965309,1.0052136313683062,15.629133063858148,0.12067054082980143,-71.40735240274444,-1.1573229341274334,12.603566525614886,0.6295741068180681,15.72636286631197,0.2719344611720337,-0.13651392637158427,0.00015748,0.36350600325845056,0.00081957,1,0.0
9257,0.02387779456358142,0.003559796781142841,-1.54e-06,2.1555968919717063,3.134572259162862,-36.87447873773023,1.0052136313683062,0.28823245269673026,0.12067054082980143,-40.7865970614537,-1.1573229341274334,51.9074854641039,0.6295741068180681,34.37098994513225,0.2719344611720337,-0.022828340126056015,0.00015748,0.022780349590938873,0.00081957,1,0.0
9258,6.809027272602908e-05,0.11274591129748783,-1.54e-06,2.1555968919717063,3.134572259162862,25.485030522621305,1.0052136313683062,8.463880332434625,0.12067054082980143,-43.77994127102652,-1.1573229341274334,6.0045747275471415,0.6295741068180681,9.784528952404733,0.2719344611720337,-0.07754034295112863,0.00015748,0.22860788567236875,0.00081957,1,0.0
9259,0.5814220528767279,0.06284265718756454,-1.54e-06,2.1555968919717063,3.134572259162862,-23.101095865943442,1.0052136313683062,5.7566364688623395,0.12067054082980143,-23.176046961703115,-1.1573229341274334,-33.73931980254443,0.6295741068180681,41.5915903641288,0.2719344611720337,-0.11757211804497072,0.00015748,0.11754914475102132,0.00081957,1,0.0
9260,0.001560087742297267,0.31104551087583027,-1.54e-06,2.1555968919717063,3.134572259162862,52.18149229925727,1.0052136313683062,3.8814486658042977,0.12067054082980143,-35.421810997222224,-1.1573229341274334,75.73931702620877,0.6295741068180681,-17.63602460384922,0.2719344611720337,0.21145738733079528,0.00015748,0.8844657621849352,0.00081957,0,0.0
9261,0.14781579760979235,0.0367894790841363,-1.54e-06,2.1555968919717063,3.134572259162862,10.773665331220808,1.0052136313683062,5.512745538711782,0.12067054082980143,-17.07725735248066,-1.1573229341274334,-22.027027525561255,0.6295741068180681,9.765195094456052,0.2719344611720337,-0.13476433847412775,0.00015748,0.1346166464186108,0.00081957,1,0.0
9262,0.2657239006582141,0.023781462107106584,-1.54e-06,2.1555968919717063,3.134572259162862,-69.51135564430405,1.0052136313683062,-0.16597943064962423,0.12067054082980143,-51.05610297951329,-1.1573229341274334,62.01202627292421,0.6295741068180681,59.75830189775989,0.2719344611720337,-0.07777181053732075,0.00015748,0.07837197259630042,0.00081957,1,0.0
9263,1.1291405719405863,0.24231703048618902,-1.54e-06,2.1555968919717063,3.134572259162862,-56.44657342868508,1.0052136313683062,12.451760242789032,0.12067054082980143,-66.92455076281082,-1.1573229341274334,-44.96287904342114,0.6295741068180681,95.68923232523979,0.2719344611720337,-0.24984489999639903,0.00015748,0.24918275883917584,0.00081957,1,0.0
9264,0.033502816742771446,0.00948206305286446,-1.54e-06,2.1555968919717063,3.134572259162862,-32.874807269040936,1.0052136313683062,3.3949229191164516,0.12067054082980143,-57.02089541777388,-1.1573229341274334,52.5010537455582,0.6295741068180681,40.83025545209594,0.2719344611720337,-0.05395503915532162,0.00015748,0.05376685482265458,0.00081957,1,0.0
9265,0.00014645135194080172,0.09253995059479646,-1.54e-06,2.1555968919717063,3.134572259162862,75.18104151940852,1.0052136313683062,11.072794344499728,0.12067054082980143,-59.640212501453796,-1.1573229341274334,62.100811341632784,0.6295741068180681,-15.683493166021904,0.2719344611720337,0.3824003785075746,0.00015748,0.73293692616383,0.00081957,0,0.0
9266,0.5315108641488215,0.07184210766109614,-1.54e-06,2.1555968919717063,3.134572259162862,-68.40833381471579,1.0052136313683062,-1.7090140040206618,0.12067054082980143,-23.31642190716709,-1.1573229341274334,20.346559196142007,0.6295741068180681,56.89977659272234,0.2719344611720337,-0.08427629630251476,0.00015748,0.08419442077797396,0.00081957,1,0.0
9267,0.45565079980038026,0.031634840754223126,-1.54e-06,2.1555968919717063,3.134572259162862,-45.987569132773615,1.0052136313683062,1.2240517312185122,0.12067054082980143,-25.88260313784053,-1.1573229341274334,6.246990476519888,0.6295741068180681,46.9520222784778,0.2719344611720337,-0.005802514567937462,0.00015748,0.005484195301200984,0.00081957,1,0.0
9268,0.6175841187833635,0.049409689974846946,-1.54e-06,2.1555968919717063,3.134572259162862,-63.26178282129825,1.0052136313683062,4.038430535454962,0.12067054082980143,-51.14571836679418,-1.1573229341274334,15.246396531877584,0.6295741068180681,71.27149691730689,0.2719344611720337,-0.051560277776118414,0.00015748,0.05165256083784168,0.00081957,1,0.0
9269,0.07432539802960615,0.0008903578222832722,-1.54e-06,2.1555968919717063,3.134572259162862,-16.731252094643445,1.0052136313683062,0.9681790579254246,0.12067054082980143,-18.564373341931447,-1.1573229341274334,16.086839215507815,0.6295741068180681,17.743182737771953,0.2719344611720337,-0.013749495892174338,0.00015748,0.014065871055183827,0.00081957,1,0.0
9270,0.003915738313494899,0.053555802026623876,-1.54e-06,2.1555968919717063,3.134572259162862,88.22168666962824,1.0052136313683062,14.627689647105464,0.12067054082980143,-65.34031226555513,-1.1573229341274334,37.99310939493202,0.6295741068180681,-15.853901902727078,0.2719344611720337,0.46526326729469825,0.00015748,0.5370350811361199,0.00081957,0,0.0
9271,0.4498335583668964,0.10675236441106048,-1.54e-06,2.1555968919717063,3.134572259162862,-30.59121319120986,1.0052136313683062,10.125728767116515,0.12067054082980143,-76.97051648214082,-1.1573229341274334,10.417402939106386,0.6295741068180681,66.23030383386143,0.2719344611720337,-0.22400916831400247,0.00015748,0.22374019749355917,0.00081957,1,0.0
9272,0.6572260057525791,0.1964688559878577,-1.54e-06,2.1555968919717063,3.134572259162862,18.725648872528108,1.0052136313683062,11.527988333608796,0.12067054082980143,-16.108119517281153,-1.1573229341274334,-88.92137331878071,0.6295741068180681,25.857555237251397,0.2719344611720337,-0.28580303610824476,0.00015748,0.28847607540521814,0.00081957,1,0.0
9273,0.8188325247047974,0.40880929762234197,-1.54e-06,2.1555968919717063,3.134572259162862,6.338609125956098,1.0052136313683062,19.301792995681602,0.12067054082980143,-78.5506396621192,-1.1573229341274334,-58.90901291706228,0.6295741068180681,64.69584754980039,0.2719344611720337,-0.3445668142125505,0.00015748,0.4598779114926406,0.00081957,1,0.0
9274,0.35597779616890535,0.1835881449529841,-1.54e-06,2.1555968919717063,3.134572259162862,34.601700756215926,1.0052136313683062,11.79267197822569,0.12067054082980143,-99.38448412090302,-1.1573229341274334,76.31372698337826,0.6295741068180681,36.9273692009584,0.2719344611720337,0.37855706999113214,0.00015748,0.6792727547514977,0.00081957,0,0.0
9275,0.18435590022768722,0.16152962603112006,-1.54e-06,2.1555968919717063,3.134572259162862,27.6282643930462,1.0052136313683062,14.075360407713758,0.12067054082980143,-84.98821481981834,-1.1573229341274334,38.08321300431685,0.6295741068180681,29.32203772972489,0.2719344611720337,0.15872529246234549,0.00015748,0.37229667674271416,0.00081957,0,0.0
9276,0.001241180897394445,0.09884916427171347,-1.54e-06,2.1555968919717063,3.134572259162862,98.537363943482,1.0052136313683062,11.605823812600661,0.12067054082980143,-30.87716970846705,-1.1573229341274334,7.646038878010652,0.6295741068180681,-35.03959849805421,0.2719344611720337,0.4007435539925763,0.00015748,0.5364506874330501,0.00081957,0,0.0
9277,0.9327357266997216,0.5842590556482808,-1.54e-06,2.1555968919717063,3.134572259162862,-22.500714536174097,1.0052136313683062,24.04533010725423,0.12067054082980143,-84.71550867781121,-1.1573229341274334,-58.20667036671654,0.6295741068180681,75.14673526222519,0.2719344611720337,-0.47941535735491647,0.00015748,0.48348705853494933,0.00081957,1,0.0
9278,0.46757625981169865,0.052117918456112466,-1.54e-06,2.1555968919717063,3.134572259162862,-34.804919822856505,1.0052136313683062,7.489830529377936,0.12067054082980143,-53.795968190028844,-1.1573229341274334,2.9502910804072533,0.6295741068180681,55.77390005984775,0.2719344611720337,-0.14053855387360992,0.00015748,0.14098232051317106,0.00081957,1,0.0
9279,-0.0007485893599461779,0.4071856036111259,-1.54e-06,2.1555968919717063,3.134572259162862,54.20664545832075,1.0052136313683062,2.5103210515197434,0.12067054082980143,-26.86326872701775,-1.1573229341274334,80.34811323367619,0.6295741068180681,-24.33969480182069,0.2719344611720337,0.1831384341981122,0.00015748,1.006416900695902,0.00081957,0,0.0
9280,1.1738747585814755,0.20789292192825115,-1.54e-06,2.1555968919717063,3.134572259162862,-74.56073091862027,1.0052136313683062,8.562240754186009,0.12067054082980143,-50.954756637184495,-1.1573229341274334,-37.651081390613584,0.6295741068180681,95.57553021092536,0.2719344611720337,-0.14166028406064896,0.00015748,0.14061354138530763,0.00081957,1,0.0
9281,0.1888068860894533,0.005088255811594849,-1.54e-06,2.1555968919717063,3.134572259162862,-17.35957093422998,1.0052136313683062,1.2515879842786435,0.12067054082980143,-12.70066036026981,-1.1573229341274334,1.338991495961136,0.6295741068180681,19.44123626785426,0.2719344611720337,-0.017194069505588754,0.00015748,0.01761436188652483,0.00081957,1,0.0
9282,0.7819295360917967,0.17443634747368492,-1.54e-06,2.1555968919717063,3.134572259162862,-17.23893992263693,1.0052136313683062,11.469769508341992,0.12067054082980143,-43.478367463906736,-1.1573229341274334,-55.311317817195295,0.6295741068180681,56.787890284134384,0.2719344611720337,-0.2542270485849993,0.00015748,0.2543898641751496,0.00081957,1,0.0
9283,0.0004036938463483075,0.19607489981189233,-1.54e-06,2.1555968919717063,3.134572259162862,69.22422806943814,1.0052136313683062,7.223194326720078,0.12067054082980143,-47.86272088646398,-1.1573229341274334,76.57974895782064,0.6295741068180681,-20.10106482757874,0.2719344611720337,0.30736726331012215,0.00015748,0.9210697788321094,0.00081957,0,0.0
9284,0.39624373794823897,0.1071612573144126,-1.54e-06,2.1555968919717063,3.134572259162862,17.3951116665284,1.0052136313683062,8.89310786024354,0.12067054082980143,-17.337415949480178,-1.1573229341274334,-57.14336133658877,0.6295741068180681,17.0261997863956,0.2719344611720337,-0.22154727502719163,0.00015748,0.22342405929921194,0.00081957,1,0.0
9285,0.7965445638075834,0.09172823865029028,-1.54e-06,2.1555968919717063,3.134572259162862,-77.69114979586035,1.0052136313683062,3.3059242349010662,0.12067054082980143,-45.500559764817744,-1.1573229341274334,7.3439440607007365,0.6295741068180681,80.11196954229301,0.2719344611720337,-0.04219414200575054,0.00015748,0.04203339362962759,0.00081957,1,0.0
9286,0.0004666277257425744,0.1465175232801056,-1.54e-06,2.1555968919717063,3.134572259162862,41.15745031063081,1.0052136313683062,7.4452929382633775,0.12067054082980143,-40.95704934898425,-1.1573229341274334,34.049007936742164,0.6295741068180681,-4.173981308959493,0.2719344611720337,0.23864844971220806,0.00015748,0.34359400014001856,0.00081957,0,0.0
9287,0.4609040587341666,0.16991345354649942,-1.54e-06,2.1555968919717063,3.134572259162862,83.21679294625028,1.0052136313683062,17.839225380585603,0.12067054082980143,-58.81906196463947,-1.1573229341274334,-14.671936073561117,0.6295741068180681,0.5273340690943489,0.2719344611720337,0.43201228723136553,0.00015748,0.5431716457835881,0.00081957,0,0.0
9288,0.0010334204555413895,0.07071712053233017,-1.54e-06,2.1555968919717063,3.134572259162862,0.29884432883314954,1.0052136313683062,6.252584959179807,0.12067054082980143,-51.71168447530952,-1.1573229341274334,31.75644492498044,0.6295741068180681,23.216001126570937,0.2719344611720337,-0.03475558013866967,0.00015748,0.15183278389565383,0.00081957,1,0.0
9289,0.2597685241990959,0.010100090680051289,-1.54e-06,2.1555968919717063,3.134572259162862,-27.719484974106823,1.0052136313683062,3.0322993738094306,0.12067054082980143,-31.074205193039507,-1.1573229341274334,11.042262108443087,0.6295741068180681,34.72552856819932,0.2719344611720337,-0.04829548460133739,0.00015748,0.04869874787790631,0.00081957,1,0.0
9290,0.5293068446756022,0.18121379469813487,-1.54e-06,2.1555968919717063,3.134572259162862,99.38864951706384,1.0052136313683062,20.116429917692145,0.12067054082980143,-56.64415937128064,-1.1573229341274334,-34.29054047179869,0.6295741068180681,-4.631033506669571,0.2719344611720337,0.41704116723043133,0.00015748,0.6152771667068089,0.00081957,0,0.0
9291,0.00022460908572230487,0.1250766508239533,-1.54e-06,2.1555968919717063,3.134572259162862,58.238122784134966,1.0052136313683062,6.643451093652794,0.12067054082980143,-4.957968623620407,-1.1573229341274334,-22.89706127491964,0.6295741068180681,-24.105312338863452,0.2719344611720337,0.11868295531387196,0.00015748,0.22590070766625597,0.00081957,0,0.0
9292,0.31813279568790565,0.1347466249275461,-1.54e-06,2.1555968919717063,3.134572259162862,90.00056238263402,1.0052136313683062,17.680150401518425,0.12067054082980143,-56.553068922399305,-1.1573229341274334,-8.316677917018,0.6295741068180681,-9.004935687923226,0.2719344611720337,0.43327865210208316,0.00015748,0.5283268592943714,0.00081957,0,0.0
9293,0.005234644488283924,0.12174917885863025,-1.54e-06,2.1555968919717063,3.134572259162862,71.60211915817267,1.0052136313683062,9.509113262427505,0.12067054082980143,-51.79434312468327,-1.1573229341274334,54.97367355595003,0.6295741068180681,-16.002330167446736,0.2719344611720337,0.34921740326145123,0.00015748,0.6911369210702396,0.00081957,0,0.0
9294,4.047694541464697e-05,0.07021950122001201,-1.54e-06,2.1555968919717063,3.134572259162862,75.91742302356205,1.0052136313683062,12.480405559957065,0.12067054082980143,-69.08084616629718,-1.1573229341274334,60.31475151457331,0.6295741068180681,-10.18436556978352,0.2719344611720337,0.4182655546829051,0.00015748,0.6501879353935339,0.00081957,0,0.0
9295,0.7117602779440286,0.20362867568976212,-1.54e-06,2.1555968919717063,3.134572259162862,7.600721262025091,1.0052136313683062,12.355771802593113,0.12067054082980143,-27.377309606437368,-1.1573229341274334,-79.83076836198157,0.6295741068180681,36.99068385850115,0.2719344611720337,-0.2904639923894725,0.00015748,0.29045717450916064,0.00081957,1,0.0
9296,1.2058236086620302,0.22853422242337962,-1.54e-06,2.1555968919717063,3.134572259162862,-62.06228013518199,1.0052136313683062,6.204178409957544,0.12067054082980143,-24.680133306510676,-1.1573229341274334,-63.25114352128023,0.6295741068180681,80.78244447560202,0.2719344611720337,-0.10933484915198022,0.00015748,0.11052837006159244,0.00081957,1,0.0
9297,0.6331748884449511,0.34830031635211356,-1.54e-06,2.1555968919717063,3.134572259162862,55.48454062738342,1.0052136313683062,16.501802534969197,0.12067054082980143,-30.474249719328476,-1.1573229341274334,-90.76448611299692,0.6295741068180681,14.611918981950593,0.2719344611720337,-0.1834469103797981,0.00015748,0.4540898996980923,0.00081957,1,0.0
9298,0.0003836090625108368,0.06753782464748592,-1.54e-06,2.1555968919717063,3.134572259162862,-58.64803323697184,1.0052136313683062,-5.542939980861664,0.12067054082980143,-22.566718650541258,-1.1573229341274334,70.6756621473508,0.6295741068180681,32.4965535014728,0.2719344611720337,-0.17553718754634404,0.00015748,0.17634784262961525,0.00081957,1,0.0
9299,0.5664285449922695,0.24887018956060936,-1.54e-06,2.1555968919717063,3.134572259162862,78.84263289603814,1.0052136313683062,16.258428086392207,0.12067054082980143,-86.92290080920701,-1.1573229341274334,12.754666047024818,0.6295741068180681,23.78076975550569,0.2719344611720337,0.36431927215768856,0.00015748,0.7884962410674133,0.00081957,0,0.0
9300,0.11321191116400646,0.03047510171324322,-1.54e-06,0.7631940241558249,2.47659447396597,-7.653156894804041,1.0052136313683062,1.9354224847649244,0.12067054082980143,-24.72564784925096,-1.1573229341274334,20.910561512705154,0.6295741068180681,14.740091269705532,0.2719344611720337,-0.047372840374663376,0.00015748,0.0516806515024698,0.00081957,1,0.0
9301,1.0785518407737125,1.5902009370905104,-1.54e-06,0.7631940241558249,2.47659447396597,-12.23278719954304,1.0052136313683062,42.25012018028672,0.12067054082980143,-100.0,-1.1573229341274334,58.58589656816348,0.6295741068180681,42.473098102401664,0.2719344611720337,0.3188660124277496,0.00015748,4.016041384992664,0.00081957,0,0.0
9302,0.6185809724920015,0.16895190307928676,-1.54e-06,0.7631940241558249,2.47659447396597,-14.500348656432912,1.0052136313683062,4.7030775860595195,0.12067054082980143,-32.85327246633307,-1.1573229341274334,14.961730378992256,0.6295741068180681,28.654732322196566,0.2719344611720337,-0.1316905106987811,0.00015748,0.1408541397359406,0.00081957,1,0.0
9303,0.0005636011374098304,0.00017029282128308787,-1.54e-06,0.7631940241558249,2.47659447396597,-5.711293519074019,1.0052136313683062,17.460492361724253,0.12067054082980143,-68.89612668962921,-1.1573229341274334,52.69047260587202,0.6295741068180681,23.196957244285752,0.2719344611720337,0.2895212598712976,0.00015748,1.931316321708798,0.00081957,0,0.0
9304,0.8633420558551979,2.3092885172447284,-1.54e-06,0.7631940241558249,2.47659447396597,-18.88282846402748,1.0052136313683062,-6.744013851400434,0.12067054082980143,-16.005572806461522,-1.1573229341274334,9.646981054493088,0.6295741068180681,30.594841473714485,0.2719344611720337,-1.0304897713907468,0.00015748,0.21057852136418442,0.00081957,1,0.0
9305,0.003329124099858305,0.17333326142450822,-1.54e-06,0.7631940241558249,2.47659447396597,29.17563659654401,1.0052136313683062,33.88688638219094,0.12067054082980143,-45.81953358193976,-1.1573229341274334,9.578828520202093,0.6295741068180681,-12.26171408192121,0.2719344611720337,1.0898830339371415,0.00015748,6.788208735538284,0.00081957,0,0.0
9306,-0.45640819470756,1.6151225069741613,-1.54e-06,0.7631940241558249,2.47659447396597,59.27685255777627,1.0052136313683062,45.46399130980635,0.12067054082980143,-43.984024689832715,-1.1573229341274334,24.165249942840834,0.6295741068180681,-47.22643570937858,0.2719344611720337,2.8302205541310306,0.00015748,10.427618149727202,0.00081957,0,0.0
9307,0.0019115827327771395,0.03649242926515719,-1.54e-06,0.7631940241558249,2.47659447396597,3.2616444750863716,1.0052136313683062,24.305094304003227,0.12067054082980143,-72.59451449763309,-1.1573229341274334,52.831299841912426,0.6295741068180681,15.803346345444663,0.2719344611720337,0.8175484843357719,0.00015748,3.4040402466956934,0.00081957,0,0.0
9308,1.0919929429328699,0.5310606177097222,-1.54e-06,0.7631940241558249,2.47659447396597,17.645067155445183,1.0052136313683062,33.87054303622083,0.12067054082980143,-18.905026678437725,-1.1573229341274334,-48.10034955823387,0.6295741068180681,3.300108250155206,0.2719344611720337,0.2612797461218923,0.00015748,5.730223626154841,0.00081957,0,0.0
9309,3.070340025986793,2.950161516302193,-1.54e-06,0.7631940241558249,2.47659447396597,-32.10586604556868,1.0052136313683062,12.80316182550617,0.12067054082980143,-10.893963126968774,-1.1573229341274334,-67.19994287527395,0.6295741068180681,64.92933360030051,0.2719344611720337,-0.5169122436743029,0.00015748,0.5194975305266688,0.00081957,1,0.0
9310,0.8360016620986774,0.29093646747112356,-1.54e-06,0.7631940241558249,2.47659447396597,-19.011103914952038,1.0052136313683062,5.543860857296588,0.12067054082980143,-41.40631728322448,-1.1573229341274334,18.40750053563213,0.6295741068180681,37.38853648967175,0.2719344611720337,-0.13501386980565314,0.00015748,0.1378437609501252,0.00081957,1,0.0
9311,0.002095476593616752,0.436808147215201,-1.54e-06,0.7631940241558249,2.47659447396597,58.162918619134025,1.0052136313683062,56.18351772300391,0.12067054082980143,-46.10486361562234,-1.1573229341274334,-19.556634738018822,0.6295741068180681,-36.113882083701434,0.2719344611720337,1.553726829590052,0.00015748,11.753959616968455,0.00081957,0,0.0
9312,0.23161643716115465,3.0549732517285024,-1.54e-06,0.7631940241558249,2.47659447396597,52.741268271674194,1.0052136313683062,70.91030166823037,0.12067054082980143,-61.89592990965011,-1.1573229341274334,6.482176785714881,0.6295741068180681,-33.54471895146624,0.2719344611720337,2.6414633192991754,0.00015748,10.643119352290919,0.00081957,0,0.0
9313,0.0028617817713111338,0.03222386108568119,-1.54e-06,0.7631940241558249,2.47659447396597,-13.106984757498381,1.0052136313683062,10.271121813800397,0.12067054082980143,-74.5641764465509,-1.1573229341274334,78.53944041819203,0.6295741068180681,28.994110851126454,0.2719344611720337,0.3413104010430894,0.00015748,1.110683490743863,0.00081957,0,0.0
9314,0.000347027274758549,0.41861255566577255,-1.54e-06,0.7631940241558249,2.47659447396597,44.876562631398535,1.0052136313683062,57.024076179070875,0.12067054082980143,-79.96958401247153,-1.1573229341274334,21.687176393280897,0.6295741068180681,-17.266256422087892,0.2719344611720337,1.8308893479436046,0.00015748,10.661804975962454,0.00081957,0,0.0
9315,-0.0008631935563423454,0.5670437291624905,-1.54e-06,0.7631940241558249,2.47659447396597,36.331433845438006,1.0052136313683062,28.596654261437084,0.12067054082980143,-20.737911169206065,-1.1573229341274334,6.555920529079442,0.6295741068180681,-28.506507768800077,0.2719344611720337,1.9696253238354742,0.00015748,6.455101303870041,0.00081957,0,0.0
9316,-0.0928228622815328,0.885601216446278,-1.54e-06,0.7631940241558249,2.47659447396597,64.0628056481363,1.0052136313683062,74.72589544623519,0.12067054082980143,-99.42180925791114,-1.1573229341274334,23.34346383563044,0.6295741068180681,-29.079934808375274,0.2719344611720337,2.431726596012899,0.00015748,14.557154788151424,0.00081957,0,0.0
9317,0.0048027145311498876,0.014242910472931143,-1.54e-06,0.7631940241558249,2.47659447396597,14.072386891998471,1.0052136313683062,16.39101160866959,0.12067054082980143,-17.685389585726433,-1.1573229341274334,-3.8625505134299374,0.6295741068180681,-6.456293953536934,0.2719344611720337,0.27676702174570944,0.00015748,3.186543839135137,0.00081957,0,0.0
9318,2.3418919112675285,1.9654912211744746,-1.54e-06,0.7631940241558249,2.47659447396597,15.022212930284907,1.0052136313683062,51.796159948724146,0.12067054082980143,-30.554111788338606,-1.1573229341274334,-83.45090460688232,0.6295741068180681,22.54357566750862,0.2719344611720337,0.2597030168310992,0.00015748,7.903962090933461,0.00081957,0,0.0
9319,-0.0008660617978042406,0.48481622937256275,-1.54e-06,0.7631940241558249,2.47659447396597,19.057765073816476,1.0052136313683062,39.52962434918651,0.12067054082980143,-99.41893037868029,-1.1573229341274334,79.52061902041832,0.6295741068180681,6.74868863576274,0.2719344611720337,2.3312136589983377,0.00015748,6.675152712680252,0.00081957,0,0.0
9320,3.1223703322994285,3.0213824072863202,-1.54e-06,0.7631940241558249,2.47659447396597,-9.333843621522439,1.0052136313683062,52.463798488178014,0.12067054082980143,-67.19532019105588,-1.1573229341274334,-56.103709890499594,0.6295741068180681,60.768523466862035,0.2719344611720337,0.267635925605866,0.00015748,6.592250124999063,0.00081957,0,0.0
9321,0.0008939896462664132,0.01102442943717529,-1.54e-06,0.7631940241558249,2.47659447396597,12.503588098665649,1.0052136313683062,17.465413627583256,0.12067054082980143,-24.95961939185119,-1.1573229341274334,2.4649546909427418,0.6295741068180681,-3.183545552842926,0.2719344611720337,0.2856133194351942,0.00015748,3.218871037854214,0.00081957,0,0.0
9322,0.0027791317192700227,0.25907288903580644,-1.54e-06,0.7631940241558249,2.47659447396597,67.31525839165444,1.0052136313683062,75.9582326934871,0.12067054082980143,-75.24437100573316,-1.1573229341274334,-27.145636815905466,0.6295741068180681,-33.266049164077984,0.2719344611720337,1.1326117811308336,0.00015748,14.879977639564821,0.00081957,0,0.0
9323,2.0988262181925714,1.460893733280395,-1.54e-06,0.7631940241558249,2.47659447396597,7.1636891675841445,1.0052136313683062,51.66514943027616,0.12067054082980143,-59.245621199473575,-1.1573229341274334,-48.03836859652903,0.6295741068180681,34.25517954626283,0.2719344611720337,0.2593538677938185,0.00015748,7.38139556777392,0.00081957,0,0.0
9324,2.9157535068191667,7.576367641759692,-1.54e-06,0.7631940241558249,2.47659447396597,-49.90261818199747,1.0052136313683062,-7.2092066617469035,0.12067054082980143,-31.112733966901423,-1.1573229341274334,-8.476674541621524,0.6295741068180681,83.1104034030884,0.2719344611720337,-2.1189279124057183,0.00015748,0.2177200222800495,0.00081957,1,0.0
9325,0.8332301333001695,4.860279096653105,-1.54e-06,0.7631940241558249,2.47659447396597,-33.956186406294435,1.0052136313683062,-11.334649811343084,0.12067054082980143,-49.63997051246512,-1.1573229341274334,52.65354692460544,0.6295741068180681,52.28114758062676,0.2719344611720337,-2.1288439006722264,0.00015748,0.2253727025156007,0.00081957,1,0.0
9326,1.1022426611664136,0.5782739370870735,-1.54e-06,0.7631940241558249,2.47659447396597,-28.75184567895606,1.0052136313683062,9.785791756873063,0.12067054082980143,-69.74785217498233,-1.1573229341274334,37.0045518293603,0.6295741068180681,56.486128740537566,0.2719344611720337,-0.30721642729463794,0.00015748,0.30680380106443506,0.00081957,1,0.0
9327,-0.00880273774265583,0.481053244901129,-1.54e-06,0.7631940241558249,2.47659447396597,24.611100509618154,1.0052136313683062,28.11501936030526,0.12067054082980143,-48.86601897445932,-1.1573229341274334,38.76458133057015,0.6295741068180681,-11.449314662199024,0.2719344611720337,2.0312038850055663,0.00015748,5.556102804855216,0.00081957,0,0.0
9328,0.003617565155616287,0.3753225214353997,-1.54e-06,0.7631940241558249,2.47659447396597,38.011584186486516,1.0052136313683062,51.00366174764561,0.12067054082980143,-57.86895387823551,-1.1573229341274334,1.8528918108965093,0.6295741068180681,-17.517422014543786,0.2719344611720337,1.1644993066862974,0.00015748,8.591066964307819,0.00081957,0,0.0
9329,-5.783513977336563e-05,0.12108125258298877,-1.54e-06,0.7631940241558249,2.47659447396597,1.5651024590558527,1.0052136313683062,5.2550699721248515,0.12067054082980143,-26.06112415566073,-1.1573229341274334,38.02999043005076,0.6295741068180681,2.5775079353562766,0.2719344611720337,0.85711700487683,0.00015748,1.1564662780480626,0.00081957,0,0.0
9330,-0.015836542093475514,0.6020111580749616,-1.54e-06,0.7631940241558249,2.47659447396597,4.089676995872848,1.0052136313683062,12.270522757337488,0.12067054082980143,-56.741885371841256,-1.1573229341274334,82.57507227317049,0.6295741068180681,4.6828686691155665,0.2719344611720337,1.9220832307804354,0.00015748,2.5419593493262074,0.00081957,0,0.0
9331,0.39968656035256567,0.06925205402767086,-1.54e-06,0.7631940241558249,2.47659447396597,12.70587965480617,1.0052136313683062,38.395913666618,0.12067054082980143,-70.17985645136152,-1.1573229341274334,11.241700869667627,0.6295741068180681,14.300099294595269,0.2719344611720337,0.26604688225580597,0.00015748,5.953979208255747,0.00081957,0,0.0
9332,1.404961849612197,0.7674535935836617,-1.54e-06,0.7631940241558249,2.47659447396597,15.616331414589327,1.0052136313683062,42.11498847823649,0.12067054082980143,-34.91187227792333,-1.1573229341274334,-48.28562394220604,0.6295741068180681,12.849260452004732,0.2719344611720337,0.26010042141821854,0.00015748,6.594516407171676,0.00081957,0,0.0
9333,0.18454827809669005,0.023803893926413626,-1.54e-06,0.7631940241558249,2.47659447396597,-9.712456317802669,1.0052136313683062,12.688909865688975,0.12067054082980143,-60.40313140858926,-1.1573229341274334,49.64199824210063,0.6295741068180681,25.64893364857373,0.2719344611720337,0.3193117617704632,0.00015748,1.1910541060102569,0.00081957,0,0.0
9334,-0.018305288233106953,0.5476710401737139,-1.54e-06,0.7631940241558249,2.47659447396597,65.15600019204756,1.0052136313683062,71.19801879460256,0.12067054082980143,-75.52064531779425,-1.1573229341274334,-7.470312013462604,0.6295741068180681,-34.11333805227123,0.2719344611720337,1.8225403430971285,0.00015748,14.115277543013068,0.00081957,0,0.0
9335,-0.002993201745198071,0.5533485201206019,-1.54e-06,0.7631940241558249,2.47659447396597,1.3036378443081063,1.0052136313683062,7.542976759974842,0.12067054082980143,-47.24973195898781,-1.1573229341274334,78.98020511141755,0.6295741068180681,4.357016698600529,0.2719344611720337,1.0467440765560045,0.00015748,2.463330456549311,0.00081957,0,0.0
9336,2.5442621027127927,2.3281540305030926,-1.54e-06,0.7631940241558249,2.47659447396597,-39.858430499588444,1.0052136313683062,15.541424114098607,0.12067054082980143,-61.22584097656136,-1.1573229341274334,-11.137521886557877,0.6295741068180681,80.34621240393973,0.2719344611720337,-0.6034075345629358,0.00015748,0.6096625835996378,0.00081957,1,0.0
9337,-0.358092477731776,1.412266883748564,-1.54e-06,0.7631940241558249,2.47659447396597,66.3831783024819,1.0052136313683062,60.29623521677818,0.12067054082980143,-65.4725122770744,-1.1573229341274334,18.363881486121265,0.6295741068180681,-44.621111484044,0.2719344611720337,2.6800354838419835,0.00015748,12.90791064228414,0.00081957,0,0.0
9338,-0.0003578261810721628,0.26870488366131523,-1.54e-06,0.7631940241558249,2.47659447396597,7.4298501231780065,1.0052136313683062,28.381091623904762,0.12067054082980143,-87.47062567720026,-1.1573229341274334,78.43508834006924,0.6295741068180681,13.54456251235375,0.2719344611720337,1.8535978995202085,0.00015748,4.282822367551022,0.00081957,0,0.0
9339,-0.00020500610909346406,0.09420305304856322,-1.54e-06,0.7631940241558249,2.47659447396597,67.06964985508989,1.0052136313683062,59.415268127452016,0.12067054082980143,-16.550852850775815,-1.1573229341274334,-77.31214047619967,0.6295741068180681,-47.44130509223323,0.2719344611720337,0.25787299485504445,0.00015748,12.663021262997006,0.00081957,0,0.0
9340,2.9834854910675057,9.672231538301894,-1.54e-06,0.7631940241558249,2.47659447396597,-20.313883208067615,1.0052136313683062,29.10776073882957,0.12067054082980143,-49.9936483511793,-1.1573229341274334,45.900097371744245,0.6295741068180681,45.066092818231084,0.2719344611720337,0.2935931276607646,0.00015748,5.167947300046835,0.00081957,0,0.0
9341,0.10586176072493725,0.026945827338719766,-1.54e-06,0.7631940241558249,2.47659447396597,26.377880346463204,1.0052136313683062,43.96568491569195,0.12067054082980143,-66.67804461769195,-1.1573229341274334,1.4013209026394045,0.6295741068180681,-0.22013229900367026,0.2719344611720337,0.2684988293080681,0.00015748,7.780103670768531,0.00081957,0,0.0
9342,0.43112481290208704,0.2699419749750267,-1.54e-06,0.7631940241558249,2.47659447396597,41.1754166379613,1.0052136313683062,56.8817099790903,0.12067054082980143,-44.1764440905538,-1.1573229341274334,-45.245711543904314,0.6295741068180681,-15.748069965735795,0.2719344611720337,0.2624763649066031,0.00015748,9.792628608031261,0.00081957,0,0.0
9343,-1.3203710341208381,3.402790022015421,-1.54e-06,0.7631940241558249,2.47659447396597,50.18316055347873,1.0052136313683062,25.951353736603572,0.12067054082980143,-71.01231751970222,-1.1573229341274334,99.2001898575027,0.6295741068180681,-41.44532078887863,0.2719344611720337,3.024072922806176,0.00015748,8.971058801758929,0.00081957,0,0.0
9344,1.2383284315977752,0.45149690347108745,-1.54e-06,0.7631940241558249,2.47659447396597,-13.86421198427399,1.0052136313683062,30.168051422071077,0.12067054082980143,-82.41481620215595,-1.1573229341274334,27.370775670861786,0.6295741068180681,47.360688745302944,0.2719344611720337,0.27380970833753815,0.00015748,3.247455869291481,0.00081957,0,0.0
9345,-0.041949555510936154,0.8649490719871854,-1.54e-06,0.7631940241558249,2.47659447396597,62.51140229747619,1.0052136313683062,72.35266165030922,0.12067054082980143,-93.89428799480115,-1.1573229341274334,21.801790697183407,0.6295741068180681,-29.239938894423574,0.2719344611720337,2.489938703125013,0.00015748,14.071145907912253,0.00081957,0,0.0
9346,4.722390543960442,6.776088599391233,-1.54e-06,0.7631940241558249,2.47659447396597,-14.999323871382959,1.0052136313683062,74.37832898526752,0.12067054082980143,-83.1863385460643,-1.1573229341274334,-96.73326643032186,0.6295741068180681,87.08110795082172,0.2719344611720337,0.2581601669176763,0.00015748,9.009928622959535,0.00081957,0,0.0
9347,-0.28994747101548707,3.0708758089870645,-1.54e-06,0.7631940241558249,2.47659447396597,23.036332284454566,1.0052136313683062,5.818587756299882,0.12067054082980143,-37.956147581011265,-1.1573229341274334,35.188679540453215,0.6295741068180681,-8.483150552877282,0.2719344611720337,0.38825056931469115,0.00015748,6.325153190958309,0.00081957,0,0.0
9348,3.311848420924221,3.4786429446787075,-1.54e-06,0.7631940241558249,2.47659447396597,-14.30026667574131,1.0052136313683062,44.51201710907447,0.12067054082980143,-55.56196460215526,-1.1573229341274334,-61.81851441077175,0.6295741068180681,64.17063360469726,0.2719344611720337,0.26139761668641404,0.00015748,5.605807994146717,0.00081957,0,0.0
9349,0.00010413391775321301,0.06098110249434872,-1.54e-06,0.7631940241558249,2.47659447396597,57.424973725816855,1.0052136313683062,57.34865089308066,0.12067054082980143,-33.819641471881944,-1.1573229341274334,-54.99660055761994,0.6295741068180681,-34.96356411785193,0.2719344611720337,0.2642630600545104,0.00015748,11.695607295274215,0.00081957,0,0.0
9350,0.4478045922359599,0.127322338907865,-1.54e-06,0.7631940241558249,2.47659447396597,13.25337102085602,1.0052136313683062,21.94148768513408,0.12067054082980143,-18.826589556379684,-1.1573229341274334,-18.541710089274048,0.6295741068180681,-0.5527090972557491,0.2719344611720337,0.26786384903998695,0.00015748,3.8411562192480684,0.00081957,0,0.0
9351,0.8431734024194228,0.48046924577364253,-1.54e-06,0.7631940241558249,2.47659447396597,58.45356178699093,1.0052136313683062,75.06570038350571,0.12067054082980143,-48.73708303084359,-1.1573229341274334,-80.24904667713344,0.6295741068180681,-22.167388859932203,0.2719344611720337,0.2546418197051521,0.00015748,13.933681732263022,0.00081957,0,0.0
9352,0.04019557134573948,0.03970871511490522,-1.54e-06,0.7631940241558249,2.47659447396597,22.40966241404011,1.0052136313683062,18.71573215989638,0.12067054082980143,-0.9836001679714106,-1.1573229341274334,-25.956126209194846,0.6295741068180681,-17.526363601962753,0.2719344611720337,0.26909124852161304,0.00015748,3.972054327594828,0.00081957,0,0.0
9353,-0.46399708500407133,1.638255373150795,-1.54e-06,0.7631940241558249,2.47659447396597,74.81220692062583,1.0052136313683062,61.17724457107275,0.12067054082980143,-51.96375691482978,-1.1573229341274334,4.811435010099619,0.6295741068180681,-56.479700908113706,0.2719344611720337,2.727275889354609,0.00015748,13.61450539677059,0.00081957,0,0.0
9354,1.270281025664044,0.5458661013727213,-1.54e-06,0.7631940241558249,2.47659447396597,0.8194931919997717,1.0052136313683062,35.456185278633065,0.12067054082980143,-56.64865366303074,-1.1573229341274334,-10.216022956802076,0.6295741068180681,28.83083421327508,0.2719344611720337,0.2722426261129738,0.00015748,4.692325720471045,0.00081957,0,0.0
9355,1.210231053862172,0.4843272963360117,-1.54e-06,0.7631940241558249,2.47659447396597,-11.751223312397926,1.0052136313683062,22.328139077745693,0.12067054082980143,-54.7996705328894,-1.1573229341274334,10.589873315273332,0.6295741068180681,37.33992679444085,0.2719344611720337,0.27917945325891047,0.00015748,2.330661209211153,0.00081957,0,0.0
9356,0.0009552190979440489,0.014859419494053505,-1.54e-06,0.7631940241558249,2.47659447396597,49.029454234911434,1.0052136313683062,73.2702404955899,0.12067054082980143,-99.87549357900018,-1.1573229341274334,-9.240656304911651,0.6295741068180681,-9.18211888011496,0.2719344611720337,0.25673328612195423,0.00015748,13.121337017413722,0.00081957,0,0.0
9357,-0.0013568205937314892,0.09158565108390036,-1.54e-06,0.7631940241558249,2.47659447396597,-10.519103056221235,1.0052136313683062,9.43602617659195,0.12067054082980143,-67.80499685821462,-1.1573229341274334,80.00864253274457,0.6295741068180681,23.348492266712526,0.2719344611720337,0.31730094608245507,0.00015748,1.436539869812861,0.00081957,0,0.0
9358,-0.0008286061131053124,0.09446311599112782,-1.54e-06,0.7631940241558249,2.47659447396597,75.60632686666035,1.0052136313683062,73.6426584428111,0.12067054082980143,-37.501031206957485,-1.1573229341274334,-78.2851826428978,0.6295741068180681,-47.83550940366153,0.2719344611720337,0.2544265573741198,0.00015748,15.124508173348925,0.00081957,0,0.0
9359,-0.40665738126578166,1.7035481271309094,-1.54e-06,0.7631940241558249,2.47659447396597,42.97950630597371,1.0052136313683062,40.02186948846455,0.12067054082980143,-80.985757831993,-1.1573229341274334,52.06508019191241,0.6295741068180681,-18.360215648282328,0.2719344611720337,1.9660508483238877,0.00015748,10.123391859285412,0.00081957,0,0.0
9360,0.001230837967569176,0.5372771469642931,-1.54e-06,0.7631940241558249,2.47659447396597,77.39497141618047,1.0052136313683062,76.74539553486336,0.12067054082980143,-60.60817458338412,-1.1573229341274334,-36.68560705799763,0.6295741068180681,-46.93081369764955,0.2719344611720337,1.634715236244518,0.00015748,15.801592326533097,0.00081957,0,0.0
9361,-1.046864977549344,2.7401535437811226,-1.54e-06,0.7631940241558249,2.47659447396597,65.92570948152529,1.0052136313683062,49.07950075019743,0.12067054082980143,-74.85598897846255,-1.1573229341274334,74.54904533343313,0.6295741068180681,-52.72905723565197,0.2719344611720337,3.726761631032719,0.00015748,11.597509062920022,0.00081957,0,0.0
9362,1.4196639682172147,3.04841983335637,-1.54e-06,0.7631940241558249,2.47659447396597,-25.65908110140641,1.0052136313683062,16.293095073769823,0.12067054082980143,-56.745601952926904,-1.1573229341274334,-8.758814653487194,0.6295741068180681,57.19617114731758,0.2719344611720337,-1.166561321889716,0.00015748,1.1803613753668345,0.00081957,1,0.0
9363,0.4587797177028272,0.11250140350071838,-1.54e-06,0.7631940241558249,2.47659447396597,17.741848193027856,1.0052136313683062,36.71967954246266,0.12067054082980143,-50.27458042343667,-1.1573229341274334,-8.755067353331446,0.6295741068180681,5.277897553167773,0.2719344611720337,0.2611392412931499,0.00015748,6.062020902673898,0.00081957,0,0.0
9364,0.7446640056001115,0.14914938789852275,-1.54e-06,0.7631940241558249,2.47659447396597,-5.073601969769716,1.0052136313683062,37.68877026940977,0.12067054082980143,-97.71728089270114,-1.1573229341274334,39.51986580792785,0.6295741068180681,39.38914467747748,0.2719344611720337,0.2641032011473481,0.00015748,4.5998369224862,0.00081957,0,0.0
9365,1.4307009334897116,0.7535786932344838,-1.54e-06,0.7631940241558249,2.47659447396597,27.689096027988974,1.0052136313683062,68.3794963077861,0.12067054082980143,-83.36606321479952,-1.1573229341274334,-40.062664140063205,0.6295741068180681,18.21245457243198,0.2719344611720337,0.2606004370306909,0.00015748,10.98716388435435,0.00081957,0,0.0
9366,1.3397713434287506,0.5653218168229049,-1.54e-06,0.7631940241558249,2.47659447396597,-15.719721106846048,1.0052136313683062,5.652313337345451,0.12067054082980143,-10.955624543716585,-1.1573229341274334,-23.204975802610225,0.6295741068180681,31.620006918785453,0.2719344611720337,-0.20984743127280317,0.00015748,0.21203930861225787,0.00081957,1,0.0
9367,0.0032643620725654188,0.10540942394867922,-1.54e-06,0.7631940241558249,2.47659447396597,19.437094952679,1.0052136313683062,44.97917885014818,0.12067054082980143,-99.57773651940849,-1.1573229341274334,52.67594460984587,0.6295741068180681,10.30414787106348,0.2719344611720337,1.182952924584162,0.00015748,7.332625734554972,0.00081957,0,0.0
9368,0.7459534367368867,0.3424415971105642,-1.54e-06,0.7631940241558249,2.47659447396597,43.26311932952264,1.0052136313683062,61.87021477488153,0.12067054082980143,-50.05993952126542,-1.1573229341274334,-55.0552385795156,0.6295741068180681,-11.260428373158705,0.2719344611720337,0.25717188671997526,0.00015748,11.095391142367548,0.00081957,0,0.0
9369,-0.006048792673643888,0.6514775350481438,-1.54e-06,0.7631940241558249,2.47659447396597,18.309203367849225,1.0052136313683062,21.29657887571053,0.12067054082980143,-49.62601477558793,-1.1573229341274334,57.629483412081406,0.6295741068180681,-7.760174625642888,0.2719344611720337,2.4514949349243675,0.00015748,4.260252268062161,0.00081957,0,0.0
9370,0.34547177119628336,0.13167369016333136,-1.54e-06,0.7631940241558249,2.47659447396597,33.64285592198376,1.0052136313683062,40.65348212190718,0.12067054082980143,-26.795025870580947,-1.1573229341274334,-39.208096333069896,0.6295741068180681,-15.118174811821195,0.2719344611720337,0.26221849788053486,0.00015748,7.6602224374245855,0.00081957,0,0.0
9371,0.0010649788878196453,0.051881081885630495,-1.54e-06,0.7631940241558249,2.47659447396597,49.400550329376756,1.0052136313683062,48.21217641040462,0.12067054082980143,-26.249550125005754,-1.1573229341274334,-48.06044191359868,0.6295741068180681,-31.004981998674346,0.2719344611720337,0.2594604215259926,0.00015748,9.921795535914399,0.00081957,0,0.0
9372,1.8885254448603996,5.836591850892404,-1.54e-06,0.7631940241558249,2.47659447396597,-43.74053805393695,1.0052136313683062,-8.007006506201927,0.12067054082980143,-46.848420647274885,-1.1573229341274334,27.679259500979242,0.6295741068180681,70.93520052423375,0.2719344611720337,-2.142906977367076,0.00015748,0.21653266919052494,0.00081957,1,0.0
9373,-0.2602485525106535,1.213829653683176,-1.54e-06,0.7631940241558249,2.47659447396597,39.20831935030507,1.0052136313683062,46.56160353432508,0.12067054082980143,-85.1330338907438,-1.1573229341274334,66.51310974667511,0.6295741068180681,-18.089499579189763,0.2719344611720337,2.924161895581297,0.00015748,8.860009902849896,0.00081957,0,0.0
9374,0.0015588962122405903,0.012963590619262848,-1.54e-06,0.7631940241558249,2.47659447396597,30.877206720321695,1.0052136313683062,44.68734156977166,0.12067054082980143,-59.5980762828622,-1.1573229341274334,-5.38168125175627,0.6295741068180681,-7.087941228837001,0.2719344611720337,0.2603604046032171,0.00015748,8.064479323676666,0.00081957,0,0.0
9375,3.0406473573148824,2.9316792325742993,-1.54e-06,0.7631940241558249,2.47659447396597,-2.7671915961679807,1.0052136313683062,54.40602411813485,0.12067054082980143,-59.12912887945604,-1.1573229341274334,-67.40793437162613,0.6295741068180681,52.53624143722175,0.2719344611720337,0.2592340088722662,0.00015748,7.254006058214005,0.00081957,0,0.0
9376,-0.00026913228117653176,0.07791978846407373,-1.54e-06,0.7631940241558249,2.47659447396597,62.84547800674589,1.0052136313683062,64.28479262938517,0.12067054082980143,-43.029676241203155,-1.1573229341274334,-55.76605037177297,0.6295741068180681,-36.56285536986036,0.2719344611720337,0.3342236500636133,0.00015748,13.059986499023605,0.00081957,0,0.0
9377,1.3730404913291263,0.7453420336892915,-1.54e-06,0.7631940241558249,2.47659447396597,39.690326869371,1.0052136313683062,81.3619531688082,0.12067054082980143,-92.54706670063023,-1.1573229341274334,-50.28060027793383,0.6295741068180681,10.883589758955397,0.2719344611720337,0.25608963093471626,0.00015748,13.420581827845126,0.00081957,0,0.0
9378,-0.07611079839593193,0.8609961471276757,-1.54e-06,0.7631940241558249,2.47659447396597,18.88319441840824,1.0052136313683062,33.26114678226736,0.12067054082980143,-89.18335863572727,-1.1573229341274334,89.28479865570698,0.6295741068180681,1.026281836214688,0.2719344611720337,2.8820928889604396,0.00015748,5.749659522791234,0.00081957,0,0.0
9379,1.7452142798130135,1.0835050878704413,-1.54e-06,0.7631940241558249,2.47659447396597,-30.457631647363417,1.0052136313683062,10.749606752756684,0.12067054082980143,-52.91640366190032,-1.1573229341274334,4.738380855491514,0.6295741068180681,60.629226851975865,0.2719344611720337,-0.3559904501558704,0.00015748,0.3619224420332141,0.00081957,1,0.0
9380,3.5315241867948,3.7015952398341643,-1.54e-06,0.7631940241558249,2.47659447396597,-20.073009149753013,1.0052136313683062,56.12454322462117,0.12067054082980143,-92.96627282481012,-1.1573229341274334,-40.998675931218635,0.6295741068180681,81.39941362184231,0.2719344611720337,0.25958585388245403,0.00015748,6.597659496917611,0.00081957,0,0.0
9381,1.0430871260834595,0.41742904492537736,-1.54e-06,0.7631940241558249,2.47659447396597,-5.161622716627767,1.0052136313683062,14.425758300538176,0.12067054082980143,-22.480064627691345,-1.1573229341274334,-11.022668917922887,0.6295741068180681,21.388418293627158,0.2719344611720337,0.2922752670759162,0.00015748,1.7595361241824796,0.00081957,0,0.0
9382,0.2967323168111149,4.114655501245146,-1.54e-06,0.7631940241558249,2.47659447396597,-19.638906874536463,1.0052136313683062,-14.789558218031665,0.12067054082980143,-18.96105038035605,-1.1573229341274334,32.959632359639016,0.6295741068180681,26.190674761800505,0.2719344611720337,-1.9628366284639287,0.00015748,0.22293362189972,0.00081957,1,0.0
9383,-0.024150714812981255,0.7789482177955064,-1.54e-06,0.7631940241558249,2.47659447396597,18.33315669147591,1.0052136313683062,5.7531118849119585,0.12067054082980143,-4.281989310255209,-1.1573229341274334,34.646220953808,0.6295741068180681,-21.36488494753366,0.2719344611720337,1.9219898742270407,0.00015748,2.742052275996811,0.00081957,0,0.0
9384,0.0015561920958914177,0.4689811863642661,-1.54e-06,0.7631940241558249,2.47659447396597,14.976363778829043,1.0052136313683062,11.093839732444922,0.12067054082980143,-22.202467242022777,-1.1573229341274334,37.42750714886259,0.6295741068180681,-11.644507673330205,0.2719344611720337,1.9431671594533761,0.00015748,2.746861827726224,0.00081957,0,0.0
9385,-0.6598200564244023,2.1663690481700884,-1.54e-06,0.7631940241558249,2.47659447396597,94.23117892519141,1.0052136313683062,78.26193406833438,0.12067054082980143,-67.79433222627121,-1.1573229341274334,3.2204960117706998,0.6295741068180681,-70.34942557647203,0.2719344611720337,3.1481635677120847,0.00015748,17.260555510967524,0.00081957,0,0.0
9386,1.1371496389362223,0.6051187607123414,-1.54e-06,0.7631940241558249,2.47659447396597,-28.695878834586157,1.0052136313683062,9.74706120126863,0.12067054082980143,-68.46873516361865,-1.1573229341274334,34.032920745974096,0.6295741068180681,56.71219800167574,0.2719344611720337,-0.3028020434551288,0.00015748,0.3045469440813446,0.00081957,1,0.0
9387,2.2333638182220046,1.677296145672761,-1.54e-06,0.7631940241558249,2.47659447396597,-20.68922638272389,1.0052136313683062,27.560613525195155,0.12067054082980143,-65.79396345945737,-1.1573229341274334,-7.7102606727245115,0.6295741068180681,60.457000817052744,0.2719344611720337,0.27371812768411097,0.00015748,3.1334198078478055,0.00081957,0,0.0
9388,-0.39895176232871865,1.5186663898402886,-1.54e-06,0.7631940241558249,2.47659447396597,49.84079249851697,1.0052136313683062,53.481618374194916,0.12067054082980143,-89.19006860954367,-1.1573229341274334,63.76494345492699,0.6295741068180681,-27.056476900674966,0.2719344611720337,3.105036854124696,0.00015748,10.655859389570038,0.00081957,0,0.0
9389,-0.6435434264737356,2.0256259743744547,-1.54e-06,0.7631940241558249,2.47659447396597,70.25655651237484,1.0052136313683062,40.74183153101692,0.12067054082980143,-12.45868322432861,-1.1573229341274334,2.3322533885672163,0.6295741068180681,-67.39677349876114,0.2719344611720337,2.9025027585391037,0.00015748,10.671715024292325,0.00081957,0,0.0
9390,3.885964491967542e-06,0.04258724433978197,-1.54e-06,0.7631940241558249,2.47659447396597,30.683790620747764,1.0052136313683062,50.095287744936805,0.12067054082980143,-79.1876395289594,-1.1573229341274334,13.308038984395688,0.6295741068180681,-2.5661676065905055,0.2719344611720337,0.6226531673576527,0.00015748,8.696174381819926,0.00081957,0,0.0
9391,1.0105950818940024,0.3220252182491918,-1.54e-06,0.7631940241558249,2.47659447396597,5.7654836136265315,1.0052136313683062,45.22054367132621,0.12067054082980143,-83.8681358032696,-1.1573229341274334,6.345170182385643,0.6295741068180681,30.304666590504794,0.2719344611720337,0.26103230577364256,0.00015748,6.367016076981692,0.00081957,0,0.0
9392,1.3725660681550913,0.7596312668858861,-1.54e-06,0.7631940241558249,2.47659447396597,-29.843983879364934,1.0052136313683062,10.020296063053337,0.12067054082980143,-63.91474501821227,-1.1573229341274334,24.525342835243706,0.6295741068180681,59.019751988091905,0.2719344611720337,-0.30915007183931487,0.00015748,0.30915665805950154,0.00081957,1,0.0
9393,-0.3585744095155506,3.65121573649446,-1.54e-06,0.7631940241558249,2.47659447396597,12.441708859582596,1.0052136313683062,5.243789074782452,0.12067054082980143,-76.88041882085056,-1.1573229341274334,91.34868216072314,0.6295741068180681,7.90752262248512,0.2719344611720337,1.0289971822455044,0.00015748,5.832181747466671,0.00081957,0,0.0
9394,-0.7032927980076795,1.9973300476763631,-1.54e-06,0.7631940241558249,2.47659447396597,73.99321218167897,1.0052136313683062,37.91122998076758,0.12067054082980143,-1e-20,-1.1573229341274334,-14.147631435152999,0.6295741068180681,-72.64148304447177,0.2719344611720337,2.460386769143521,0.00015748,11.061003471693482,0.00081957,0,0.0
9395,2.6321963557128045,2.1476374988973217,-1.54e-06,0.7631940241558249,2.47659447396597,-15.01040743221633,1.0052136313683062,40.365460061222485,0.12067054082980143,-68.17640164169462,-1.1573229341274334,-29.46657862575271,0.6295741068180681,60.46373556050722,0.2719344611720337,0.2661751352452386,0.00015748,4.8495362295441415,0.00081957,0,0.0
9396,0.5712734626205862,0.13970793831908684,-1.54e-06,0.7631940241558249,2.47659447396597,-0.348691132572601,1.0052136313683062,16.679396662832403,0.12067054082980143,-32.04087433859846,-1.1573229341274334,3.658918022115505,0.6295741068180681,14.970876848506883,0.2719344611720337,0.28196714748862806,0.00015748,2.2045957520546082,0.00081957,0,0.0
9397,-0.755166499716287,4.871758458710538,-1.54e-06,0.7631940241558249,2.47659447396597,80.08601260819096,1.0052136313683062,77.73639393039306,0.12067054082980143,-93.88540484266233,-1.1573229341274334,82.98367264393131,0.6295741068180681,-64.03700096048964,0.2719344611720337,5.415823517273941,0.00015748,13.949470539691712,0.00081957,0,0.0
9398,-0.000981686432091955,0.1049333306900242,-1.54e-06,0.7631940241558249,2.47659447396597,79.64690203377802,1.0052136313683062,79.27009025441308,0.12067054082980143,-45.6080262646108,-1.1573229341274334,-78.45532564786247,0.6295741068180681,-48.62142533289234,0.2719344611720337,0.29590088177115437,0.00015748,16.20296215832588,0.00081957,0,0.0
9399,2.0748954327431375,1.309978581146283,-1.54e-06,0.7631940241558249,2.47659447396597,-21.717657258614306,1.0052136313683062,32.09456089573632,0.12067054082980143,-81.85062491444265,-1.1573229341274334,8.547034511794811,0.6295741068180681,63.21728119554368,0.2719344611720337,0.2713615939494367,0.00015748,3.332827553090085,0.00081957,0,0.0
9400,0.0025388937423444324,2.2653576849227668e-06,-1.54e-06,4.121352885726401,32.50711697721612,21.243060981572025,1.0052136313683062,47.07293186493877,0.12067054082980143,-71.17437381315312,-1.1573229341274334,-75.6103208761656,0.6295741068180681,-13.68913596843151,0.2719344611720337,-0.00013726808593257406,0.00015748,0.00013727873254778953,0.00081957,1,0.0
9401,0.004025358438560544,1.827638105087695e-06,-1.54e-06,4.121352885726401,32.50711697721612,-43.25864329388656,1.0052136313683062,40.67693351918801,0.12067054082980143,-9.64196397695989,-1.1573229341274334,-43.54000088257034,0.6295741068180681,-2.8102887343840157,0.2719344611720337,-0.0001269459302349639,0.00015748,0.00012694499884653625,0.00081957,1,0.0
9402,0.0032302446780504,1.7032216836506221e-06,-1.54e-06,4.121352885726401,32.50711697721612,36.06162873253086,1.0052136313683062,38.06582799925077,0.12067054082980143,-0.053275800978412724,-1.1573229341274334,43.79834864123739,0.6295741068180681,-19.92746314386534,0.2719344611720337,-0.00011936391283941738,0.00015748,0.00011940779913696627,0.00081957,1,0.0
9403,0.006060353853630416,7.378018427433308e-06,-1.54e-06,4.121352885726401,32.50711697721612,63.8577074700277,1.0052136313683062,81.40879356812638,0.12067054082980143,-38.50375053958717,-1.1573229341274334,-96.7550492376523,0.6295741068180681,-36.08775086347223,0.2719344611720337,-0.0002484073942023748,0.00015748,0.00024847926284869985,0.00081957,1,0.0
9404,0.004189791950750497,2.317186154100128e-06,-1.54e-06,4.121352885726401,32.50711697721612,-80.96794101064785,1.0052136313683062,47.348738802195456,0.12067054082980143,-48.75896110626958,-1.1573229341274334,26.36065814849554,0.6295741068180681,5.830708446895391,0.2719344611720337,-0.00014325399038044931,0.00015748,0.00014325261997618513,0.00081957,1,0.0
9405,0.0052012471935318685,3.91273695230591e-06,-1.54e-06,4.121352885726401,32.50711697721612,16.18930645554496,1.0052136313683062,58.6936569880877,0.12067054082980143,-5.432493183192944,-1.1573229341274334,-43.02534790988517,0.6295741068180681,-21.507455166696705,0.2719344611720337,-0.00018314566315453203,0.00015748,0.0001831488299024278,0.00081957,1,0.0
9406,0.007453978307106002,7.800870171378482e-06,-1.54e-06,4.121352885726401,32.50711697721612,24.414066023599908,1.0052136313683062,82.54169444149268,0.12067054082980143,-2.3038855441779793,-1.1573229341274334,0.031084633794683084,0.6295741068180681,-31.246613426665153,0.2719344611720337,-0.00025882273402606104,0.00015748,0.0002588303538839741,0.00081957,1,0.0
9407,0.003013879850883425,2.9617286375948877e-06,-1.54e-06,4.121352885726401,32.50711697721612,4.3522531290167175,1.0052136313683062,54.20695528938245,0.12067054082980143,-87.52254281016013,-1.1573229341274334,-70.46367138306633,0.6295741068180681,-11.124577173274119,0.2719344611720337,-0.0001577210731494362,0.00015748,0.0001577255472195796,0.00081957,1,0.0
9408,0.0016356484474382008,5.11672841550411e-07,-1.54e-06,4.121352885726401,32.50711697721612,-86.89855413358332,1.0052136313683062,24.00342211550354,0.12067054082980143,-66.1776826174942,-1.1573229341274334,-15.993478872660098,0.6295741068180681,16.027856721363257,0.2719344611720337,-6.755315333019604e-05,0.00015748,6.757555156265108e-05,0.00081957,1,0.0
9409,0.0072349481656009355,6.3081205243577555e-06,-1.54e-06,4.121352885726401,32.50711697721612,-61.45068402770682,1.0052136313683062,75.38418282868618,0.12067054082980143,-22.526775548625768,-1.1573229341274334,48.82337485164035,0.6295741068180681,-9.337567952191598,0.2719344611720337,-0.0002351919255713596,0.00015748,0.0002352119813164323,0.00081957,1,0.0
9410,0.004288299607348644,4.124609019008971e-06,-1.54e-06,4.121352885726401,32.50711697721612,4.853813250257197,1.0052136313683062,62.40834229288515,0.12067054082980143,-69.38945367469447,-1.1573229341274334,94.98286384996457,0.6295741068180681,-15.884454187402298,0.2719344611720337,-0.00018677516016475619,0.00015748,0.00018680417249137033,0.00081957,1,0.0
9411,0.0012740382061291857,8.794491912857504e-07,-1.54e-06,4.121352885726401,32.50711697721612,69.75105138354918,1.0052136313683062,28.206731399695503,0.12067054082980143,-29.987217933662556,-1.1573229341274334,46.9829374595861,0.6295741068180681,-21.67311079362839,0.2719344611720337,-8.375746339391332e-05,0.00015748,8.376539813971806e-05,0.00081957,1,0.0
9412,0.0053108230888595865,4.1655922228660145e-06,-1.54e-06,4.121352885726401,32.50711697721612,-8.533312195252062,1.0052136313683062,61.03840187065435,0.12067054082980143,-22.87210010297426,-1.1573229341274334,9.843060103671574,0.6295741068180681,-15.841590396355612,0.2719344611720337,-0.00018868508418099116,0.00015748,0.00018875828334814003,0.00081957,1,0.0
9413,0.001752907375609283,6.927478857938251e-07,-1.54e-06,4.121352885726401,32.50711697721612,38.798987696725156,1.0052136313683062,24.56427788380089,0.12067054082980143,-8.039057452072347,-1.1573229341274334,48.87056869102104,0.6295741068180681,-15.632355910565945,0.2719344611720337,-7.573963125760686e-05,0.00015748,7.574362175625219e-05,0.00081957,1,0.0
9414,0.00029515503495474533,2.1642084360124393e-07,-1.54e-06,4.121352885726401,32.50711697721612,43.22389955936271,1.0052136313683062,13.82022740604675,0.12067054082980143,-23.648543826812567,-1.1573229341274334,-32.648358088275,0.6295741068180681,-11.627041534111305,0.2719344611720337,-3.9610510340949684e-05,0.00015748,3.9640200143705936e-05,0.00081957,1,0.0
9415,0.005651991021330813,7.277238104204101e-06,-1.54e-06,4.121352885726401,32.50711697721612,72.37974324383656,1.0052136313683062,81.31055968843488,0.12067054082980143,-55.20128423552445,-1.1573229341274334,27.764229485447775,0.6295741068180681,-37.09308631477711,0.2719344611720337,-0.00024657671690067997,0.00015748,0.0002465668304768206,0.00081957,1,0.0
9416,7.946751933043906e-05,1.4252803815166387e-07,-1.54e-06,4.121352885726401,32.50711697721612,25.61492585501316,1.0052136313683062,11.71655013494649,0.12067054082980143,-35.072128148715315,-1.1573229341274334,73.94570142978714,0.6295741068180681,-6.756737537658222,0.2719344611720337,-3.271996225417273e-05,0.00015748,3.273480561239891e-05,0.00081957,1,0.0
9417,0.0039732373746900855,1.5882274934198636e-06,-1.54e-06,4.121352885726401,32.50711697721612,-49.01902521393178,1.0052136313683062,37.670426437133486,0.12067054082980143,-2.941084465060607,-1.1573229341274334,-11.889552196717718,0.6295741068180681,-1.2707839868959994,0.2719344611720337,-0.00011891860020257563,0.00015748,0.0001189199682424394,0.00081957,1,0.0
9418,1.7475651680044215e-05,1.3899686824511993e-07,-1.54e-06,4.121352885726401,32.50711697721612,-15.474075274108166,1.0052136313683062,13.021534443875453,0.12067054082980143,-61.52760825541182,-1.1573229341274334,64.56239751181882,0.6295741068180681,3.6425852456184864,0.2719344611720337,-3.4653948582834076e-05,0.00015748,3.465412423517634e-05,0.00081957,1,0.0
9419,0.00281369656560904,2.9125194452060727e-06,-1.54e-06,4.121352885726401,32.50711697721612,11.752034732517707,1.0052136313683062,53.73729401571856,0.12067054082980143,-93.39342613469567,-1.1573229341274334,24.156256530500958,0.6295741068180681,-12.469128515968546,0.2719344611720337,-0.00015605158091498082,0.00015748,0.00015606297575709405,0.00081957,1,0.0
9420,0.0010847868133682485,2.9372490746845622e-05,-1.54e-06,4.121352885726401,32.50711697721612,40.97927196137986,1.0052136313683062,28.001081883692997,0.12067054082980143,-99.6673358313096,-1.1573229341274334,85.4305041278928,0.6295741068180681,3.1892656431828783,0.2719344611720337,-3.9550315520056147e-05,0.00015748,9.724297456457408e-05,0.00081957,1,0.0
9421,0.00012719343227559276,2.4664695215403327e-07,-1.54e-06,4.121352885726401,32.50711697721612,-57.10917781734443,1.0052136313683062,18.112069840587544,0.12067054082980143,-96.51749056926229,-1.1573229341274334,63.12876251408509,0.6295741068180681,13.585825596924517,0.2719344611720337,-4.735335397332791e-05,0.00015748,4.735668272685275e-05,0.00081957,1,0.0
9422,0.0020073222204943183,2.1822012826844325e-06,-1.54e-06,4.121352885726401,32.50711697721612,65.47431725562018,1.0052136313683062,45.856250042624026,0.12067054082980143,-69.75849570353364,-1.1573229341274334,-62.49064454724352,0.6295741068180681,-22.874630686867054,0.2719344611720337,-0.00013329227086760523,0.00015748,0.0001332926735249508,0.00081957,1,0.0
9423,0.002863551248619623,1.404289996022594e-06,-1.54e-06,4.121352885726401,32.50711697721612,19.725121033799883,1.0052136313683062,35.22754186340919,0.12067054082980143,-9.377947535040333,-1.1573229341274334,-52.23694940859841,0.6295741068180681,-14.463900072592967,0.2719344611720337,-0.00010863186336111476,0.00015748,0.00010862314967281214,0.00081957,1,0.0
9424,0.0002267132800683263,7.898750036104917e-10,-1.54e-06,4.121352885726401,32.50711697721612,-87.03230439474312,1.0052136313683062,2.0195917590390167,0.12067054082980143,-39.49663890398908,-1.1573229341274334,67.77818283944977,0.6295741068180681,20.649460955923807,0.2719344611720337,-4.060652349381149e-06,0.00015748,4.0621262347676834e-06,0.00081957,1,0.0
9425,7.295181083527428e-05,1.1252630160383529e-07,-1.54e-06,4.121352885726401,32.50711697721612,-72.30313011381807,1.0052136313683062,13.059704856422114,0.12067054082980143,-82.5553274408907,-1.1573229341274334,-32.48859265662397,0.6295741068180681,17.725183272152897,0.2719344611720337,-3.322328670765854e-05,0.00015748,3.32278292305909e-05,0.00081957,1,0.0
9426,0.0024322548424830755,1.3468101394021075e-06,-1.54e-06,4.121352885726401,32.50711697721612,4.338583613837709,1.0052136313683062,35.82864488553107,0.12067054082980143,-37.258790085464085,-1.1573229341274334,-71.44552641609994,0.6295741068180681,-9.15408746439876,0.2719344611720337,-0.00010669661566016575,0.00015748,0.00010669626219964922,0.00081957,1,0.0
9427,0.0015561573393910694,3.262252213798871e-07,-1.54e-06,4.121352885726401,32.50711697721612,-33.40118751111448,1.0052136313683062,17.74063361960943,0.12067054082980143,-20.115245102041488,-1.1573229341274334,3.903639021198274,0.6295741068180681,3.0049264014605575,0.2719344611720337,-5.340498090097591e-05,0.00015748,5.3415204749884456e-05,0.00081957,1,0.0
9428,3.125806143269849e-06,1.361687282484102e-06,-1.54e-06,4.121352885726401,32.50711697721612,-87.0700167550371,1.0052136313683062,13.660329750974883,0.12067054082980143,-97.82864391505379,-1.1573229341274334,5.709681121646563,0.6295741068180681,22.28543036996131,0.2719344611720337,-3.2900024984109454e-05,0.00015748,3.540485659161757e-05,0.00081957,1,0.0
9429,0.002712759650645672,1.963979914855145e-06,-1.54e-06,4.121352885726401,32.50711697721612,80.56302009903683,1.0052136313683062,41.39372528936988,0.12067054082980143,-16.58509127834127,-1.1573229341274334,55.869285466410425,0.6295741068180681,-29.23100210726935,0.2719344611720337,-0.00012675445423651093,0.00015748,0.00012676916274362984,0.00081957,1,0.0
9430,0.0030421028696640635,8.009844624629067e-07,-1.54e-06,4.121352885726401,32.50711697721612,-60.25365242848553,1.0052136313683062,26.939296454870835,0.12067054082980143,-2.853691447353383,-1.1573229341274334,-82.4311981787224,0.6295741068180681,4.800239258857677,0.2719344611720337,-8.483680093214538e-05,0.00015748,8.483217648344001e-05,0.00081957,1,0.0
9431,0.0037815274758903755,4.473788351975238e-06,-1.54e-06,4.121352885726401,32.50711697721612,18.100307305206936,1.0052136313683062,65.9612642683964,0.12067054082980143,-98.69970199128942,-1.1573229341274334,34.28101931621277,0.6295741068180681,-17.339816871466912,0.2719344611720337,-0.00019351216557286533,0.00015748,0.00019350406138034985,0.00081957,1,0.0
9432,5.311512440836757e-06,1.7284430601413144e-05,-1.54e-06,4.121352885726401,32.50711697721612,-26.535020402789595,1.0052136313683062,3.288375309971199,0.12067054082980143,-53.10387919886214,-1.1573229341274334,-45.26057353011439,0.6295741068180681,16.93611888271353,0.2719344611720337,-4.5055050082125534e-06,0.00015748,3.907125490379275e-05,0.00081957,1,0.0
9433,0.002923593696762469,1.9365985747948836e-06,-1.54e-06,4.121352885726401,32.50711697721612,4.832708979899001,1.0052136313683062,42.59203574410865,0.12067054082980143,-44.549740862133724,-1.1573229341274334,-26.02536525055204,0.6295741068180681,-11.013705681898497,0.2719344611720337,-0.00012717207801381315,0.00015748,0.00012722452708690085,0.00081957,1,0.0
9434,9.607136041167065e-07,1.548376109725571e-07,-1.54e-06,4.121352885726401,32.50711697721612,9.339351158570825,1.0052136313683062,12.109994686476663,0.12067054082980143,-45.220718633167024,-1.1573229341274334,-16.207427935216206,0.6295741068180681,-2.287137258431672,0.2719344611720337,-3.281251218868778e-05,0.00015748,3.279961583457581e-05,0.00081957,1,0.0
9435,0.006276570571609956,4.513202176931322e-06,-1.54e-06,4.121352885726401,32.50711697721612,-40.024323231386255,1.0052136313683062,63.143114697196175,0.12067054082980143,-3.8410653365604257,-1.1573229341274334,27.225757083832054,0.6295741068180681,-11.364062060626654,0.2719344611720337,-0.00019903382397476357,0.00015748,0.00019903858241315727,0.00081957,1,0.0
9436,8.27051099916128e-06,3.5628819168019676e-07,-1.54e-06,4.121352885726401,32.50711697721612,96.0792196711234,1.0052136313683062,17.817993604041103,0.12067054082980143,-29.878831879558103,-1.1573229341274334,12.49793387914047,0.6295741068180681,-23.84515149443158,0.2719344611720337,-5.12349899937301e-05,0.00015748,5.123761784312668e-05,0.00081957,1,0.0
9437,0.001807978918354799,1.1421952131180304e-06,-1.54e-06,4.121352885726401,32.50711697721612,18.56217792511193,1.0052136313683062,33.13129790280151,0.12067054082980143,-49.87602857662228,-1.1573229341274334,40.438357741659644,0.6295741068180681,-10.793191354298953,0.2719344611720337,-9.720113336906886e-05,0.00015748,9.71949509508571e-05,0.00081957,1,0.0
9438,7.539719905786638e-05,4.684559498597849e-08,-1.54e-06,4.121352885726401,32.50711697721612,-88.9066767967813,1.0052136313683062,9.432592802253188,0.12067054082980143,-73.51753523604026,-1.1573229341274334,-92.23867226253174,0.6295741068180681,21.94867705161375,0.2719344611720337,-2.326907112249379e-05,0.00015748,2.3271935941944987e-05,0.00081957,1,0.0
9439,1.9908453395935067e-05,3.112953890374013e-08,-1.54e-06,4.121352885726401,32.50711697721612,-49.94656136568027,1.0052136313683062,6.865008029770494,0.12067054082980143,-50.607930168084046,-1.1573229341274334,22.476470401141118,0.6295741068180681,12.258010645469442,0.2719344611720337,-1.7203905817746766e-05,0.00015748,1.7210939310957713e-05,0.00081957,1,0.0
9440,0.0009831942864887869,1.4823096183761207e-06,-1.54e-06,4.121352885726401,32.50711697721612,91.12346224018626,1.0052136313683062,37.57946584314408,0.12067054082980143,-71.54272304569776,-1.1573229341274334,40.40761493864194,0.6295741068180681,-25.962650301392372,0.2719344611720337,-0.00010784378943283558,0.00015748,0.00010787320065055905,0.00081957,1,0.0
9441,3.918009972052284e-05,2.884839953993272e-07,-1.54e-06,4.121352885726401,32.50711697721612,66.76237379949328,1.0052136313683062,16.093589106057674,0.12067054082980143,-36.27358455351558,-1.1573229341274334,75.86352597930156,0.6295741068180681,-16.820850573738262,0.2719344611720337,-4.5808367295727015e-05,0.00015748,4.580023446513798e-05,0.00081957,1,0.0
9442,3.2165033746250384e-05,5.518541253664729e-07,-1.54e-06,4.121352885726401,32.50711697721612,60.762688902155666,1.0052136313683062,23.65639117621456,0.12067054082980143,-70.57921157509087,-1.1573229341274334,80.04771882091644,0.6295741068180681,-15.317283488542634,0.2719344611720337,-6.58015457624207e-05,0.00015748,6.580198513457278e-05,0.00081957,1,0.0
9443,0.00010843303053884399,2.3441825553084048e-09,-1.54e-06,4.121352885726401,32.50711697721612,-0.806594968412674,1.0052136313683062,0.945573130024776,0.12067054082980143,-0.038863469854362793,-1.1573229341274334,21.077030242741415,0.6295741068180681,-0.20869013314392543,0.2719344611720337,-3.164974309692581e-06,0.00015748,3.167467671984193e-06,0.00081957,1,0.0
9444,0.0011803914136137741,3.2020243328590364e-07,-1.54e-06,4.121352885726401,32.50711697721612,24.152607642647144,1.0052136313683062,16.79576033483763,0.12067054082980143,-7.758719054893691,-1.1573229341274334,49.0457210623191,0.6295741068180681,-10.07112209268734,0.2719344611720337,-5.161721469168534e-05,0.00015748,5.161732652469626e-05,0.00081957,1,0.0
9445,0.0008699416687654621,1.664451681163415e-07,-1.54e-06,4.121352885726401,32.50711697721612,-95.71544523167856,1.0052136313683062,14.11912542909381,0.12067054082980143,-63.7749392046331,-1.1573229341274334,13.728673840133952,0.6295741068180681,20.748002391958277,0.2719344611720337,-3.752009046854228e-05,0.00015748,3.756865420253751e-05,0.00081957,1,0.0
9446,6.357341630318456e-06,3.6070051499125413e-07,-1.54e-06,4.121352885726401,32.50711697721612,45.09015969250097,1.0052136313683062,19.27114755431515,0.12067054082980143,-58.20118760957715,-1.1573229341274334,-21.01848843095512,0.6295741068180681,-11.14404146766953,0.2719344611720337,-5.3211791831546345e-05,0.00015748,5.321516180314439e-05,0.00081957,1,0.0
9447,3.828776386941338e-05,5.940352557726602e-05,-1.54e-06,4.121352885726401,32.50711697721612,12.900008622440588,1.0052136313683062,-10.89357675581572,0.12067054082980143,-47.940780034307245,-1.1573229341274334,69.34101216693172,0.6295741068180681,31.650405695099845,0.2719344611720337,-2.7250962341886407e-05,0.00015748,0.00014518655046502225,0.00081957,1,0.0
9448,8.328355245659606e-05,5.760300363605885e-07,-1.54e-06,4.121352885726401,32.50711697721612,52.81190228707108,1.0052136313683062,24.44307587834104,0.12067054082980143,-70.7826167262523,-1.1573229341274334,-95.29716332636298,0.6295741068180681,-13.166511955783996,0.2719344611720337,-6.745500890213338e-05,0.00015748,6.745795333966306e-05,0.00081957,1,0.0
9449,0.0018499445315193358,1.3524316000703224e-05,-1.54e-06,4.121352885726401,32.50711697721612,-44.552358393697936,1.0052136313683062,17.825128393878966,0.12067054082980143,-33.479938471246214,-1.1573229341274334,-49.83820764923036,0.6295741068180681,12.785062881231765,0.2719344611720337,-3.209871138027382e-05,0.00015748,5.865391497323589e-05,0.00081957,1,0.0
9450,2.0324690239007176e-05,6.750400448502001e-06,-1.54e-06,4.121352885726401,32.50711697721612,-99.58672046666167,1.0052136313683062,-11.346816253588932,0.12067054082980143,-7.114258381251725,-1.1573229341274334,-51.04614337802394,0.6295741068180681,28.59587286884472,0.2719344611720337,-3.25352187194041e-05,0.00015748,4.563456461278351e-05,0.00081957,1,0.0
9451,0.003700446532483195,4.139343380862407e-06,-1.54e-06,4.121352885726401,32.50711697721612,68.17865989837047,1.0052136313683062,62.084576346030154,0.12067054082980143,-60.8916507511152,-1.1573229341274334,-74.37721216091283,0.6295741068180681,-29.241110220496065,0.2719344611720337,-0.0001848870823123863,0.00015748,0.00018490066214684082,0.00081957,1,0.0
9452,0.0008151885890470886,6.500141027206305e-07,-1.54e-06,4.121352885726401,32.50711697721612,0.1447023018324896,1.0052136313683062,26.04804811539006,0.12067054082980143,-73.95482799187579,-1.1573229341274334,95.2280531446469,0.6295741068180681,-2.9769440803275637,0.2719344611720337,-7.299632240299534e-05,0.00015748,7.302115488411168e-05,0.00081957,1,0.0
9453,0.0020544072398682406,1.5822977932721437e-06,-1.54e-06,4.121352885726401,32.50711697721612,-4.463846075958292,1.0052136313683062,39.844144877729406,0.12067054082980143,-73.96524162702252,-1.1573229341274334,-88.65194488966387,0.6295741068180681,-5.649342944655686,0.2719344611720337,-0.00011460894866120928,0.00015748,0.00011465107417900591,0.00081957,1,0.0
9454,0.006052750348940225,5.665444406414289e-06,-1.54e-06,4.121352885726401,32.50711697721612,-18.3979464458547,1.0052136313683062,72.04166166944364,0.12067054082980143,-37.74629947133695,-1.1573229341274334,-84.844040817694,0.6295741068180681,-15.728381214365392,0.2719344611720337,-0.00022055720888762602,0.00015748,0.00022058939927914348,0.00081957,1,0.0
9455,0.0060393223980224255,5.618547233366969e-06,-1.54e-06,4.121352885726401,32.50711697721612,8.032253920226761,1.0052136313683062,70.57653786431472,0.12067054082980143,-20.756062726571987,-1.1573229341274334,-71.37338416755242,0.6295741068180681,-22.22323627115056,0.2719344611720337,-0.00021802507423531397,0.00015748,0.00021816481813975258,0.00081957,1,0.0
9456,1.9269325922904694e-06,1.6991079200513874e-07,-1.54e-06,4.121352885726401,32.50711697721612,61.26633238576808,1.0052136313683062,12.356618092097335,0.12067054082980143,-21.422249635965652,-1.1573229341274334,-67.03226382031295,0.6295741068180681,-15.040607720844857,0.2719344611720337,-3.513602677402344e-05,0.00015748,3.514404063537132e-05,0.00081957,1,0.0
9457,0.00026146052109234487,9.397761971318442e-07,-1.54e-06,4.121352885726401,32.50711697721612,95.19126054089972,1.0052136313683062,30.21772793155395,0.12067054082980143,-68.46339491326145,-1.1573229341274334,-60.26087341964717,0.6295741068180681,-24.332311437658525,0.2719344611720337,-8.512671542803897e-05,0.00015748,8.513655648236178e-05,0.00081957,1,0.0
9458,0.007115387642157595,6.518454645394052e-06,-1.54e-06,4.121352885726401,32.50711697721612,-8.616246270000799,1.0052136313683062,75.59101487608139,0.12067054082980143,-3.648540723152285,-1.1573229341274334,6.508031118355422,0.6295741068180681,-21.926501934795716,0.2719344611720337,-0.00023741062156600485,0.00015748,0.0002374479431957322,0.00081957,1,0.0
9459,7.787044795777424e-06,2.3600470920154483e-05,-1.54e-06,4.121352885726401,32.50711697721612,-42.06174644359728,1.0052136313683062,-6.128904646765288,0.12067054082980143,-34.18550543568284,-1.1573229341274334,58.81823597534933,0.6295741068180681,24.251233603327705,0.2719344611720337,-1.711493196882366e-05,0.00015748,6.40692531924484e-05,0.00081957,1,0.0
9460,0.007751816729437416,6.622580732449922e-06,-1.54e-06,4.121352885726401,32.50711697721612,-70.40888248092726,1.0052136313683062,76.76465859831208,0.12067054082980143,-10.303486401869003,-1.1573229341274334,77.02995470567731,0.6295741068180681,-8.92881393512651,0.2719344611720337,-0.00024187261345517226,0.00015748,0.00024187561791308312,0.00081957,1,0.0
9461,0.005166238203480456,3.5558014724441847e-06,-1.54e-06,4.121352885726401,32.50711697721612,-10.690835204672394,1.0052136313683062,56.12019691996469,0.12067054082980143,-11.900076184803414,-1.1573229341274334,91.29099351502411,0.6295741068180681,-15.005190328108435,0.2719344611720337,-0.00017562433053663703,0.00015748,0.00017562253005791014,0.00081957,1,0.0
9462,0.0021816914507536466,1.1709215735945357e-06,-1.54e-06,4.121352885726401,32.50711697721612,53.78426801102737,1.0052136313683062,31.955856408405392,0.12067054082980143,-12.066857913467603,-1.1573229341274334,15.40861167980828,0.6295741068180681,-20.72877127991433,0.2719344611720337,-9.790296915494534e-05,0.00015748,9.789595888401689e-05,0.00081957,1,0.0
9463,0.002411232398414733,2.2834549153118782e-06,-1.54e-06,4.121352885726401,32.50711697721612,43.86083520956097,1.0052136313683062,46.76767757071576,0.12067054082980143,-67.46789842048098,-1.1573229341274334,11.664878692950749,0.6295741068180681,-19.032414234979058,0.2719344611720337,-0.0001370639741195156,0.00015748,0.00013708217166392544,0.00081957,1,0.0
9464,4.941213198356468e-05,2.10570438881233e-07,-1.54e-06,4.121352885726401,32.50711697721612,86.98435995491896,1.0052136313683062,13.255059415750898,0.12067054082980143,-14.30329896430361,-1.1573229341274334,48.9869774641073,0.6295741068180681,-21.805802844956112,0.2719344611720337,-3.901033572545977e-05,0.00015748,3.901259994620331e-05,0.00081957,1,0.0
9465,0.0026718681159523775,1.8648561305471854e-06,-1.54e-06,4.121352885726401,32.50711697721612,18.201027306771056,1.0052136313683062,42.04828443749471,0.12067054082980143,-46.71409388728611,-1.1573229341274334,-47.72588680038658,0.6295741068180681,-13.441261871894252,0.2719344611720337,-0.00012488325301811108,0.00015748,0.00012489540946740934,0.00081957,1,0.0
9466,6.557733939437354e-06,7.766162236711948e-07,-1.54e-06,4.121352885726401,32.50711697721612,40.584705676105365,1.0052136313683062,28.702951602663866,0.12067054082980143,-97.18114172628135,-1.1573229341274334,-98.75411018741549,0.6295741068180681,-9.862351372681706,0.2719344611720337,-7.82223079178464e-05,0.00015748,7.825836248799953e-05,0.00081957,1,0.0
9467,1.7345864711818416e-05,2.5360476447087302e-06,-1.54e-06,4.121352885726401,32.50711697721612,68.1369933830231,1.0052136313683062,23.91555006771455,0.12067054082980143,-72.5226442923556,-1.1573229341274334,89.9709930693915,0.6295741068180681,-15.932657616487997,0.2719344611720337,-6.37067282360907e-05,0.00015748,6.76726844283764e-05,0.00081957,1,0.0
9468,0.0019359383924525534,1.2996212818650087e-06,-1.54e-06,4.121352885726401,32.50711697721612,-43.23567276102544,1.0052136313683062,37.090730268575165,0.12067054082980143,-87.14098208392646,-1.1573229341274334,-17.35093429051488,0.6295741068180681,4.202365982992979,0.2719344611720337,-0.00010534492599769599,0.00015748,0.00010536606703910377,0.00081957,1,0.0
9469,9.235420486967635e-05,1.9286317881895466e-07,-1.54e-06,4.121352885726401,32.50711697721612,-72.50954374735248,1.0052136313683062,16.49662725267899,0.12067054082980143,-96.35113873009466,-1.1573229341274334,-17.18970530262888,0.6295741068180681,17.681379565052605,0.2719344611720337,-4.24425961470617e-05,0.00015748,4.245239831745838e-05,0.00081957,1,0.0
9470,5.886237873017376e-06,9.556394308872332e-07,-1.54e-06,4.121352885726401,32.50711697721612,73.8356991410673,1.0052136313683062,31.134575139669803,0.12067054082980143,-94.5628764550823,-1.1573229341274334,-2.026663533766441,0.6295741068180681,-18.30342188430375,0.2719344611720337,-8.606229960934764e-05,0.00015748,8.605161384885572e-05,0.00081957,1,0.0
9471,0.0003906943911025351,4.410798280986322e-09,-1.54e-06,4.121352885726401,32.50711697721612,-53.94287385295073,1.0052136313683062,-0.5681126745267695,0.12067054082980143,-4.652848716233419,-1.1573229341274334,-12.200419537559567,0.6295741068180681,12.06309640148352,0.2719344611720337,-2.5595294094600648e-06,0.00015748,2.563653969848491e-06,0.00081957,1,0.0
9472,0.0032471641547424227,1.4837574016656826e-06,-1.54e-06,4.121352885726401,32.50711697721612,-89.09348855890578,1.0052136313683062,38.571618417394575,0.12067054082980143,-58.419422051884204,-1.1573229341274334,59.428360021639044,0.6295741068180681,10.961084447217099,0.2719344611720337,-0.00011468330218692265,0.00015748,0.00011467447675256372,0.00081957,1,0.0
9473,0.0051268888881717215,6.8123142428040805e-06,-1.54e-06,4.121352885726401,32.50711697721612,62.211709053330694,1.0052136313683062,76.77185437608138,0.12067054082980143,-63.69681183742499,-1.1573229341274334,-18.866281990092208,0.6295741068180681,-32.44102963835349,0.2719344611720337,-0.00023030884796864317,0.00015748,0.00023118731570832924,0.00081957,1,0.0
9474,0.004063951641576056,3.3915669762541746e-06,-1.54e-06,4.121352885726401,32.50711697721612,97.00907587112636,1.0052136313683062,53.84303965350172,0.12067054082980143,-0.4924716510795219,-1.1573229341274334,28.091770776086538,0.6295741068180681,-37.82010647512651,0.2719344611720337,-0.0001677327830272889,0.00015748,0.00016773422284414074,0.00081957,1,0.0
9475,0.0020660731085729786,2.1433586138946025e-06,-1.54e-06,4.121352885726401,32.50711697721612,61.75236622186611,1.0052136313683062,45.39440154024339,0.12067054082980143,-67.14439271821085,-1.1573229341274334,-55.34483141302298,0.6295741068180681,-22.165796534935122,0.2719344611720337,-0.00013224152579730973,0.00015748,0.00013224264289444365,0.00081957,1,0.0
9476,0.004495673217683372,3.0794433670780295e-06,-1.54e-06,4.121352885726401,32.50711697721612,-76.35851228352537,1.0052136313683062,54.64084019938474,0.12067054082980143,-65.07587860643243,-1.1573229341274334,95.88796689069173,0.6295741068180681,3.5211085490498726,0.2719344611720337,-0.00016423696048254707,0.00015748,0.0001642572336707659,0.00081957,1,0.0
9477,0.0032377817324879135,1.7562718309852377e-06,-1.54e-06,4.121352885726401,32.50711697721612,28.531252330483373,1.0052136313683062,39.2150960694179,0.12067054082980143,-5.156916555174998,-1.1573229341274334,-63.61093714680237,0.6295741068180681,-17.877468167369948,0.2719344611720337,-0.0001215293374703335,0.00015748,0.00012155260359029536,0.00081957,1,0.0
9478,0.005565702124450818,3.9907250784849e-06,-1.54e-06,4.121352885726401,32.50711697721612,-34.87158538271307,1.0052136313683062,59.99434362739281,0.12067054082980143,-20.292700910434284,-1.1573229341274334,50.97852266225294,0.6295741068180681,-10.285513466324472,0.2719344611720337,-0.00018665294914222113,0.00015748,0.0001866541904196002,0.00081957,1,0.0
9479,0.004131755411413134,1.7693571065067163e-06,-1.54e-06,4.121352885726401,32.50711697721612,-83.8415585844695,1.0052136313683062,40.76812900388011,0.12067054082980143,-25.63412224290835,-1.1573229341274334,32.315168070977,0.6295741068180681,6.726804813589615,0.2719344611720337,-0.00012613146348180616,0.00015748,0.0001261310103020671,0.00081957,1,0.0
9480,0.005907875312861338,7.0071947893019165e-06,-1.54e-06,4.121352885726401,32.50711697721612,39.717725653903045,1.0052136313683062,80.10429788728882,0.12067054082980143,-52.48503869508736,-1.1573229341274334,-25.092835023748535,0.6295741068180681,-29.759522549914724,0.2719344611720337,-0.00024328413426903824,0.00015748,0.00024328678391736836,0.00081957,1,0.0
9481,0.00019451606297546376,5.845416762882948e-08,-1.54e-06,4.121352885726401,32.50711697721612,26.812196268376766,1.0052136313683062,6.5991279420804325,0.12067054082980143,-6.731630551179849,-1.1573229341274334,7.552274190736243,0.6295741068180681,-7.307171545870823,0.2719344611720337,-1.9486932287203304e-05,0.00015748,1.950522061536789e-05,0.00081957,1,0.0
9482,5.109941371944041e-06,9.691304206566532e-05,-1.54e-06,4.121352885726401,32.50711697721612,0.7481004249206787,1.0052136313683062,-22.192690368960196,0.12067054082980143,-68.01565800399099,-1.1573229341274334,18.390492078039752,0.6295741068180681,56.58170119004191,0.2719344611720337,-5.481898062107923e-05,0.00015748,0.0002456600466059512,0.00081957,1,0.0
9483,1.6848042889332573e-05,6.73330081905685e-07,-1.54e-06,4.121352885726401,32.50711697721612,74.71645028529421,1.0052136313683062,26.078747225966314,0.12067054082980143,-71.1475832633094,-1.1573229341274334,-70.08985421070508,0.6295741068180681,-18.41800667886505,0.2719344611720337,-7.242619805920309e-05,0.00015748,7.24262258145122e-05,0.00081957,1,0.0
9484,0.0018954544855898517,2.437815888939337e-07,-1.54e-06,4.121352885726401,32.50711697721612,-90.71080770585418,1.0052136313683062,15.963637020445049,0.12067054082980143,-24.909585017913898,-1.1573229341274334,45.833791462391886,0.6295741068180681,15.961716701690747,0.2719344611720337,-4.8457178203253654e-05,0.00015748,4.845625312586719e-05,0.00081957,1,0.0
9485,0.004261380281408168,4.545667570530042e-06,-1.54e-06,4.121352885726401,32.50711697721612,20.065937422919482,1.0052136313683062,65.83483326497175,0.12067054082980143,-73.26588077196948,-1.1573229341274334,-84.92100546906666,0.6295741068180681,-19.205414664722255,0.2719344611720337,-0.00019556810727864367,0.00015748,0.00019557005018739103,0.00081957,1,0.0
9486,0.00024231244327196423,1.8017112966975602e-07,-1.54e-06,4.121352885726401,32.50711697721612,-21.231824075417645,1.0052136313683062,14.597198276849763,0.12067054082980143,-61.52299953112179,-1.1573229341274334,94.4925359966646,0.6295741068180681,4.248306824823701,0.2719344611720337,-3.9402366278083764e-05,0.00015748,3.940427569550083e-05,0.00081957,1,0.0
9487,0.0006474315553001726,5.271130992235495e-07,-1.54e-06,4.121352885726401,32.50711697721612,-42.056089706093395,1.0052136313683062,24.878979296267673,0.12067054082980143,-91.58080656655548,-1.1573229341274334,-64.66966991298489,0.6295741068180681,8.360186204161165,0.2719344611720337,-6.728017045804277e-05,0.00015748,6.729384528650085e-05,0.00081957,1,0.0
9488,0.003259731513170584,9.362150000411801e-07,-1.54e-06,4.121352885726401,32.50711697721612,-83.76893909179462,1.0052136313683062,29.741907734770095,0.12067054082980143,-18.078772066451275,-1.1573229341274334,19.784661033196908,0.6295741068180681,9.682450187910312,0.2719344611720337,-9.252959864123181e-05,0.00015748,9.25287845922549e-05,0.00081957,1,0.0
9489,0.0048890821997041875,3.2991018825205582e-06,-1.54e-06,4.121352885726401,32.50711697721612,-14.30697491897622,1.0052136313683062,54.350480144689946,0.12067054082980143,-17.909047033977867,-1.1573229341274334,71.52875444141763,0.6295741068180681,-13.12962905931352,0.2719344611720337,-0.00016903734203258173,0.00015748,0.0001690458664075667,0.00081957,1,0.0
9490,6.483865528227398e-05,4.547793169794822e-08,-1.54e-06,4.121352885726401,32.50711697721612,-100.0,1.0052136313683062,8.779018055697058,0.12067054082980143,-80.22291867830515,-1.1573229341274334,63.11569741662824,0.6295741068180681,24.422939637387742,0.2719344611720337,-2.1352940018092566e-05,0.00015748,2.137277682846412e-05,0.00081957,1,0.0
9491,0.004775365893260636,4.483797077388119e-06,-1.54e-06,4.121352885726401,32.50711697721612,-13.384243090518405,1.0052136313683062,65.26994495580632,0.12067054082980143,-63.80560703241797,-1.1573229341274334,-74.56206413622618,0.6295741068180681,-12.681844921303385,0.2719344611720337,-0.00019561064374574514,0.00015748,0.00019560872250943317,0.00081957,1,0.0
9492,0.0006956880081661738,1.2000229883139916e-06,-1.54e-06,4.121352885726401,32.50711697721612,68.46431317735919,1.0052136313683062,34.57471219452846,0.12067054082980143,-82.53273975892168,-1.1573229341274334,61.42424854725832,0.6295741068180681,-19.429159213694543,0.2719344611720337,-9.777421614788612e-05,0.00015748,9.777869967882676e-05,0.00081957,1,0.0
9493,0.00015249650562425623,7.273921409393804e-08,-1.54e-06,4.121352885726401,32.50711697721612,20.253806919681843,1.0052136313683062,8.314727609828008,0.12067054082980143,-18.8523126457712,-1.1573229341274334,17.48853829743998,0.6295741068180681,-5.565173059642225,0.2719344611720337,-2.3602488367079194e-05,0.00015748,2.360695260385235e-05,0.00081957,1,0.0
9494,9.134048086556457e-05,4.01687606313348e-09,-1.54e-06,4.121352885726401,32.50711697721612,-99.38276422003736,1.0052136313683062,3.821279054792966,0.12067054082980143,-58.44378426571254,-1.1573229341274334,67.44825843522996,0.6295741068180681,24.166845330916118,0.2719344611720337,-8.831596518591852e-06,0.00015748,8.835004311485377e-06,0.00081957,1,0.0
9495,0.0016270829714789127,1.2166192052729454e-06,-1.54e-06,4.121352885726401,32.50711697721612,-29.984971114449475,1.0052136313683062,35.70777214832099,0.12067054082980143,-91.45137140150088,-1.1573229341274334,80.27131780936064,0.6295741068180681,1.7748550050345797,0.2719344611720337,-0.00010101865221257735,0.00015748,0.0001010620528382167,0.00081957,1,0.0
9496,0.0003556963426510145,1.947571241640089e-07,-1.54e-06,4.121352885726401,32.50711697721612,-96.40607012678271,1.0052136313683062,17.104956388423812,0.12067054082980143,-96.56523264258219,-1.1573229341274334,-79.3516039973768,0.6295741068180681,22.831312141083068,0.2719344611720337,-4.384406566198551e-05,0.00015748,4.384443561361976e-05,0.00081957,1,0.0
9497,0.0018909778105483145,2.674343173012019e-06,-1.54e-06,4.121352885726401,32.50711697721612,88.59900390186252,1.0052136313683062,50.75335245163107,0.12067054082980143,-87.08592568456166,-1.1573229341274334,37.57825321224416,0.6295741068180681,-28.40828352840003,0.2719344611720337,-0.00014687454627894625,0.00015748,0.00014687996629583923,0.00081957,1,0.0
9498,0.004411565496377954,3.9870490391089765e-06,-1.54e-06,4.121352885726401,32.50711697721612,-22.248970722709338,1.0052136313683062,61.839508768800954,0.12067054082980143,-70.52673240940003,-1.1573229341274334,-40.134618986707736,0.6295741068180681,-9.315515788913698,0.2719344611720337,-0.00018428089193372422,0.00015748,0.00018431434034595786,0.00081957,1,0.0
9499,2.2426766407837237e-05,3.38124641867834e-07,-1.54e-06,4.121352885726401,32.50711697721612,-14.216183359357796,1.0052136313683062,20.05096229132933,0.12067054082980143,-87.50501901931432,-1.1573229341274334,-23.29010473851704,0.6295741068180681,3.490929889401293,0.2719344611720337,-5.346195630858041e-05,0.00015748,5.345958832759211e-05,0.00081957,1,0.0
9500,0.00016121574502125924,0.014605385869391415,-1.54e-06,1.2158541232221989,2.735354949826481,-5.5940849456246395,1.0052136313683062,15.584405612086467,0.12067054082980143,-91.83423981797884,-1.1573229341274334,82.97339879965533,0.6295741068180681,31.439447284071786,0.2719344611720337,0.5025460772930272,0.00015748,0.9464076409525168,0.00081957,0,0.0
9501,0.12304101310338433,0.05302873983622544,-1.54e-06,1.2158541232221989,2.735354949826481,85.33046692446865,1.0052136313683062,43.84894552629145,0.12067054082980143,-70.8977834548823,-1.1573229341274334,-36.707472042364216,0.6295741068180681,-24.441279682638385,0.2719344611720337,0.27288367187403173,0.00015748,3.731928209767959,0.00081957,0,0.0
9502,-7.384419531464292e-05,0.1408564111791772,-1.54e-06,1.2158541232221989,2.735354949826481,49.65731753419171,1.0052136313683062,13.161280807588026,0.12067054082980143,-2.1456678639234017,-1.1573229341274334,-11.60465367311245,0.6295741068180681,-33.640003460139454,0.2719344611720337,0.8051904795483243,0.00015748,1.492926600997401,0.00081957,0,0.0
9503,0.0007621893514513922,0.09657914841938536,-1.54e-06,1.2158541232221989,2.735354949826481,-29.8517640180268,1.0052136313683062,1.3431227723486447,0.12067054082980143,-66.4535069930667,-1.1573229341274334,76.41484781103017,0.6295741068180681,40.97048491482649,0.2719344611720337,-0.10218072314445632,0.00015748,0.15896378058604543,0.00081957,1,0.0
9504,0.35426926022364524,0.12161419451251408,-1.54e-06,1.2158541232221989,2.735354949826481,93.96389697553926,1.0052136313683062,50.51328713108311,0.12067054082980143,-76.91644188518903,-1.1573229341274334,-54.30339061045295,0.6295741068180681,-23.121031154273265,0.2719344611720337,0.2660882625817276,0.00015748,4.249952493453243,0.00081957,0,0.0
9505,2.4903072891311937,4.969391407482115,-1.54e-06,1.2158541232221989,2.735354949826481,-15.305741734217511,1.0052136313683062,3.416680648815148,0.12067054082980143,-42.7374508025457,-1.1573229341274334,-19.462003817194425,0.6295741068180681,72.84041601033277,0.2719344611720337,0.28947815895810236,0.00015748,2.8902095133616843,0.00081957,0,0.0
9506,2.0755815986714987,1.148240327360458,-1.54e-06,1.2158541232221989,2.735354949826481,-14.703050194959228,1.0052136313683062,33.038865347000836,0.12067054082980143,-85.34628522172419,-1.1573229341274334,-33.12926929959806,0.6295741068180681,74.57749949533756,0.2719344611720337,0.28527355621215333,0.00015748,2.010299066104491,0.00081957,0,0.0
9507,2.243577180919211,1.3725740431592763,-1.54e-06,1.2158541232221989,2.735354949826481,-11.051848948146203,1.0052136313683062,33.581492333135515,0.12067054082980143,-71.71921415771378,-1.1573229341274334,-54.113088613054025,0.6295741068180681,70.45711139805238,0.2719344611720337,0.28311639677261746,0.00015748,2.0575958452219236,0.00081957,0,0.0
9508,0.4561616350510481,0.056556439251254725,-1.54e-06,1.2158541232221989,2.735354949826481,-18.731364157655268,1.0052136313683062,4.080228026758716,0.12067054082980143,-27.559082029189895,-1.1573229341274334,6.727272168776704,0.6295741068180681,29.922166410488813,0.2719344611720337,-0.11788504891465963,0.00015748,0.11959912825124215,0.00081957,1,0.0
9509,0.8888020058910684,4.247293386100616,-1.54e-06,1.2158541232221989,2.735354949826481,-99.79725420266539,1.0052136313683062,-25.20059979856633,0.12067054082980143,-38.440931544542636,-1.1573229341274334,87.84426548037325,0.6295741068180681,91.49683796098613,0.2719344611720337,-2.0523893728386424,0.00015748,0.21911729897692322,0.00081957,1,0.0
9510,1.9902710313773238,1.2174946998337726,-1.54e-06,1.2158541232221989,2.735354949826481,34.361329857295566,1.0052136313683062,43.16758310399888,0.12067054082980143,-55.03827697884497,-1.1573229341274334,-96.56328247370138,0.6295741068180681,33.55347445658704,0.2719344611720337,0.27241975987236855,0.00015748,3.1229572990479646,0.00081957,0,0.0
9511,0.05560351410690112,0.012452565561378614,-1.54e-06,1.2158541232221989,2.735354949826481,39.036322146619476,1.0052136313683062,30.29640036758999,0.12067054082980143,-84.4757514348325,-1.1573229341274334,20.35763820264384,0.6295741068180681,6.153188845572515,0.2719344611720337,0.2813756094165669,0.00015748,2.3518494001838572,0.00081957,0,0.0
9512,0.8396328078173787,0.35208099921159847,-1.54e-06,1.2158541232221989,2.735354949826481,99.75948124357896,1.0052136313683062,60.74880084626475,0.12067054082980143,-88.47886227507033,-1.1573229341274334,-79.9974826708727,0.6295741068180681,-14.001958225223548,0.2719344611720337,0.26434720505926723,0.00015748,4.903261289248933,0.00081957,0,0.0
9513,1.195753447581568,0.32782778406867324,-1.54e-06,1.2158541232221989,2.735354949826481,-24.506659104665328,1.0052136313683062,4.94496064497735,0.12067054082980143,-5.845830411622236,-1.1573229341274334,-41.81444016164343,0.6295741068180681,39.83484432536675,0.2719344611720337,-0.1591400417992454,0.00015748,0.1589496029061298,0.00081957,1,0.0
9514,0.18171046347061148,0.07036435863838213,-1.54e-06,1.2158541232221989,2.735354949826481,99.41373912772292,1.0052136313683062,50.43601178960023,0.12067054082980143,-78.98286352925015,-1.1573229341274334,-48.56225078712011,0.6295741068180681,-28.422976499057103,0.2719344611720337,0.265327901835279,0.00015748,4.351553354166638,0.00081957,0,0.0
9515,0.0010430231451263872,0.0986682567230926,-1.54e-06,1.2158541232221989,2.735354949826481,69.8621738856273,1.0052136313683062,28.48118571396659,0.12067054082980143,-39.90143235433655,-1.1573229341274334,-15.653138470623457,0.6295741068180681,-30.963793743873214,0.2719344611720337,0.6764614497596696,0.00015748,2.6589381256157285,0.00081957,0,0.0
9516,0.4285001816645506,0.09611458322479305,-1.54e-06,1.2158541232221989,2.735354949826481,38.17459444518804,1.0052136313683062,31.682078316160236,0.12067054082980143,-72.27637824461654,-1.1573229341274334,-6.2281525778828595,0.6295741068180681,8.937185419865987,0.2719344611720337,0.2816227469728867,0.00015748,2.4099383278941375,0.00081957,0,0.0
9517,-0.007892126606634964,0.8365778571163354,-1.54e-06,1.2158541232221989,2.735354949826481,67.92293985186767,1.0052136313683062,23.44755561369999,0.12067054082980143,-59.07054970454932,-1.1573229341274334,69.8413467436479,0.6295741068180681,-33.99996289833967,0.2719344611720337,2.1466771764816546,0.00015748,2.6855709832518126,0.00081957,0,0.0
9518,0.0017813178622383408,0.03099062297489172,-1.54e-06,1.2158541232221989,2.735354949826481,6.230348822027322,1.0052136313683062,15.726487364757693,0.12067054082980143,-76.7819114413317,-1.1573229341274334,65.66935717588942,0.6295741068180681,19.0446888811256,0.2719344611720337,0.6303501177508095,0.00015748,1.0673002239610707,0.00081957,0,0.0
9519,0.00040469691337308156,0.38914413873447595,-1.54e-06,1.2158541232221989,2.735354949826481,26.090498074156464,1.0052136313683062,10.855499907703937,0.12067054082980143,-49.49060154188705,-1.1573229341274334,76.81515165654018,0.6295741068180681,-8.827664660998769,0.2719344611720337,1.0687756578694936,0.00015748,1.7702386993279422,0.00081957,0,0.0
9520,0.21062982465979818,0.03076990366710314,-1.54e-06,1.2158541232221989,2.735354949826481,25.671111456037664,1.0052136313683062,27.054945973905582,0.12067054082980143,-81.92609765498321,-1.1573229341274334,23.709801443310102,0.6295741068180681,15.707915933514137,0.2719344611720337,0.2861815310876772,0.00015748,1.9841557600172426,0.00081957,0,0.0
9521,1.0074235335075454,0.4333299467452878,-1.54e-06,1.2158541232221989,2.735354949826481,58.230582366268806,1.0052136313683062,38.323357516977744,0.12067054082980143,-40.280518447482926,-1.1573229341274334,-76.50771081396158,0.6295741068180681,-3.7466021708873063,0.2719344611720337,0.2730051483237572,0.00015748,3.0273549993203024,0.00081957,0,0.0
9522,0.5613410629020863,0.12093781825623745,-1.54e-06,1.2158541232221989,2.735354949826481,-51.74633411781288,1.0052136313683062,5.394854760172448,0.12067054082980143,-93.55835854739875,-1.1573229341274334,79.31608440750237,0.6295741068180681,74.70475673033535,0.2719344611720337,-0.11251598930948994,0.00015748,0.11381520447211849,0.00081957,1,0.0
9523,0.18904103364641167,0.04448809131047139,-1.54e-06,1.2158541232221989,2.735354949826481,54.83630000918669,1.0052136313683062,36.01924286824167,0.12067054082980143,-77.64590744039896,-1.1573229341274334,-6.865960913163086,0.6295741068180681,-3.247003438151567,0.2719344611720337,0.2750250770841296,0.00015748,2.8610124200774987,0.00081957,0,0.0
9524,0.00023503352417320045,0.022575684817855567,-1.54e-06,1.2158541232221989,2.735354949826481,49.413471472718506,1.0052136313683062,21.61050515608739,0.12067054082980143,-31.038730463773966,-1.1573229341274334,-17.47342896903467,0.6295741068180681,-19.657566189777082,0.2719344611720337,0.28737835026558545,0.00015748,1.9606669153337881,0.00081957,0,0.0
9525,0.8036977037321291,0.21851731839453054,-1.54e-06,1.2158541232221989,2.735354949826481,20.104381187128478,1.0052136313683062,31.683120920714373,0.12067054082980143,-82.22067056860556,-1.1573229341274334,-2.513095439484666,0.6295741068180681,29.689022675160604,0.2719344611720337,0.28392310980685587,0.00015748,2.2088739271228164,0.00081957,0,0.0
9526,0.5461219440929979,0.12778657376367578,-1.54e-06,1.2158541232221989,2.735354949826481,-4.048784812483108,1.0052136313683062,14.172234033658574,0.12067054082980143,-56.0229531673458,-1.1573229341274334,22.721527756742418,0.6295741068180681,29.996474416364844,0.2719344611720337,0.3433561425088258,0.00015748,0.9067718139565515,0.00081957,0,0.0
9527,0.8989262103749349,0.20289947660478982,-1.54e-06,1.2158541232221989,2.735354949826481,-44.15239478583419,1.0052136313683062,7.752226191525519,0.12067054082980143,-68.93144435186655,-1.1573229341274334,30.967677787640113,0.6295741068180681,68.60148051192188,0.2719344611720337,-0.1966530495998791,0.00015748,0.19620399384072099,0.00081957,1,0.0
9528,0.4754392075647368,0.051518114464723354,-1.54e-06,1.2158541232221989,2.735354949826481,-21.531044060385334,1.0052136313683062,3.5265632567954563,0.12067054082980143,-30.842344979287105,-1.1573229341274334,12.152251182446754,0.6295741068180681,33.03590920531071,0.2719344611720337,-0.0823170595704208,0.00015748,0.08299849961223678,0.00081957,1,0.0
9529,0.6442943238078429,0.1485824668452697,-1.54e-06,1.2158541232221989,2.735354949826481,-25.24565733285366,1.0052136313683062,15.117488770660112,0.12067054082980143,-94.16551042079855,-1.1573229341274334,63.43858048139719,0.6295741068180681,57.698582348627525,0.2719344611720337,0.3630758699121833,0.00015748,0.8178669631371943,0.00081957,0,0.0
9530,5.1543237444384715e-05,0.06300332069972817,-1.54e-06,1.2158541232221989,2.735354949826481,47.82583293639473,1.0052136313683062,25.212997737125143,0.12067054082980143,-60.36685597640604,-1.1573229341274334,16.61738330070195,0.6295741068180681,-10.465690851095209,0.2719344611720337,0.6449371824785243,0.00015748,2.216750719461885,0.00081957,0,0.0
9531,0.3636119832608272,0.0806834594584489,-1.54e-06,1.2158541232221989,2.735354949826481,-6.615261215861028,1.0052136313683062,2.29943128815118,0.12067054082980143,-5.665802536301702,-1.1573229341274334,-14.987845151940348,0.6295741068180681,14.15548052159502,0.2719344611720337,-0.15594121964365482,0.00015748,0.16889923892155229,0.00081957,1,0.0
9532,1.7087399905999894,0.980027522353385,-1.54e-06,1.2158541232221989,2.735354949826481,58.716012562579465,1.0052136313683062,53.88695585022705,0.12067054082980143,-100.0,-1.1573229341274334,-75.2647949511446,0.6295741068180681,32.452952128929375,0.2719344611720337,0.2655572593349702,0.00015748,4.403307095098562,0.00081957,0,0.0
9533,-0.006186524788304226,0.8753302576746937,-1.54e-06,1.2158541232221989,2.735354949826481,38.686147141046874,1.0052136313683062,7.538205697700828,0.12067054082980143,-29.415180319050467,-1.1573229341274334,84.71018719259608,0.6295741068180681,-28.443982966213685,0.2719344611720337,1.0148892698255638,0.00015748,2.5442354224682515,0.00081957,0,0.0
9534,1.5428646145761247,0.6373792474099372,-1.54e-06,1.2158541232221989,2.735354949826481,-20.71411177890725,1.0052136313683062,26.851414433999356,0.12067054082980143,-93.16362723624313,-1.1573229341274334,6.80333011040145,0.6295741068180681,71.0991652183093,0.2719344611720337,0.2972100854082692,0.00015748,1.5612394765857571,0.00081957,0,0.0
9535,0.679874748069996,0.2299158203320984,-1.54e-06,1.2158541232221989,2.735354949826481,49.81499329039053,1.0052136313683062,33.166474673806924,0.12067054082980143,-45.58625270980559,-1.1573229341274334,-47.47300908688173,0.6295741068180681,-2.960585340711483,0.2719344611720337,0.2767418717172747,0.00015748,2.599484938999326,0.00081957,0,0.0
9536,-0.0021880995519387714,0.6033871971956555,-1.54e-06,1.2158541232221989,2.735354949826481,87.37861249747237,1.0052136313683062,25.25519386844233,0.12067054082980143,-23.719689474963452,-1.1573229341274334,7.304475259493754,0.6295741068180681,-54.38191683367462,0.2719344611720337,1.7635921661552583,0.00015748,2.8321874143758947,0.00081957,0,0.0
9537,0.32612812540315306,0.06242703176784621,-1.54e-06,1.2158541232221989,2.735354949826481,-39.36479168741636,1.0052136313683062,5.243430127986804,0.12067054082980143,-79.53839889364174,-1.1573229341274334,68.4113249609299,0.6295741068180681,58.139383647973084,0.2719344611720337,-0.10843559867486399,0.00015748,0.10879927072336612,0.00081957,1,0.0
9538,0.6259048278487711,0.41636932259480536,-1.54e-06,1.2158541232221989,2.735354949826481,91.86176066535027,1.0052136313683062,50.29902801117374,0.12067054082980143,-43.285269342213226,-1.1573229341274334,-90.22758410433376,0.6295741068180681,-31.754228106898662,0.2719344611720337,0.2751342810944075,0.00015748,3.8299883913937673,0.00081957,0,0.0
9539,0.5186013955291234,0.34496491841135174,-1.54e-06,1.2158541232221989,2.735354949826481,-25.303439408412135,1.0052136313683062,-4.024130338939184,0.12067054082980143,-15.224692116174387,-1.1573229341274334,20.503054273000004,0.6295741068180681,29.36637672892672,0.2719344611720337,-0.30327798865816796,0.00015748,0.307951908916215,0.00081957,1,0.0
9540,0.042803694103149104,0.9458441241460928,-1.54e-06,1.2158541232221989,2.735354949826481,-0.6830266434040823,1.0052136313683062,-3.2780973960125506,0.12067054082980143,-32.45456194388395,-1.1573229341274334,84.75617460628845,0.6295741068180681,4.5953425174622256,0.2719344611720337,0.08099162090795453,0.00015748,1.5938460725658001,0.00081957,0,0.0
9541,0.0001600155278247417,0.1990374583152658,-1.54e-06,1.2158541232221989,2.735354949826481,67.80001629725518,1.0052136313683062,29.949824215229093,0.12067054082980143,-63.39961978111717,-1.1573229341274334,18.86615231686411,0.6295741068180681,-23.782813297477873,0.2719344611720337,1.0947712908789646,0.00015748,2.8247796120684443,0.00081957,0,0.0
9542,0.990652073410462,0.36826424040844347,-1.54e-06,1.2158541232221989,2.735354949826481,47.8062940546448,1.0052136313683062,39.47237195459107,0.12067054082980143,-67.53047071772978,-1.1573229341274334,-48.54364594066136,0.6295741068180681,12.161057062038754,0.2719344611720337,0.2737603196510885,0.00015748,3.0521078367521306,0.00081957,0,0.0
9543,1.2013884144280615,0.6903433282668883,-1.54e-06,1.2158541232221989,2.735354949826481,-39.06750716085978,1.0052136313683062,-2.615227732971823,0.12067054082980143,-12.740778363425854,-1.1573229341274334,-3.9719890022089386,0.6295741068180681,49.39780670302311,0.2719344611720337,-0.29974137887526897,0.00015748,0.2908326137611591,0.00081957,1,0.0
9544,0.0020656296561973875,0.03722283013056832,-1.54e-06,1.2158541232221989,2.735354949826481,70.79634189578852,1.0052136313683062,26.260745360720705,0.12067054082980143,-19.651151502953745,-1.1573229341274334,-44.998017194428165,0.6295741068180681,-36.01071669330353,0.2719344611720337,0.2777206102393954,0.00015748,2.52266310955551,0.00081957,0,0.0
9545,0.4772235491214716,0.12100768714109235,-1.54e-06,1.2158541232221989,2.735354949826481,-14.986823487279793,1.0052136313683062,10.517705156234955,0.12067054082980143,-64.49662395945106,-1.1573229341274334,46.05266551662975,0.6295741068180681,37.97936815042431,0.2719344611720337,0.41561148485185345,0.00015748,0.6176260394131287,0.00081957,0,0.0
9546,2.7416841170211637,2.2072048266866897,-1.54e-06,1.2158541232221989,2.735354949826481,-28.55655733179392,1.0052136313683062,25.084878690521112,0.12067054082980143,-30.315760648382764,-1.1573229341274334,-87.02430231545536,0.6295741068180681,74.15764001056418,0.2719344611720337,0.25499768041564674,0.00015748,1.3241096537571022,0.00081957,0,0.0
9547,0.08367113302641349,0.024349488247529843,-1.54e-06,1.2158541232221989,2.735354949826481,51.13011568619054,1.0052136313683062,31.27509081548276,0.12067054082980143,-68.75960575718004,-1.1573229341274334,-2.26676427198422,0.6295741068180681,-5.852367753884266,0.2719344611720337,0.27708416389742196,0.00015748,2.562367452869948,0.00081957,0,0.0
9548,1.8940209824358216,0.8634538443784139,-1.54e-06,1.2158541232221989,2.735354949826481,-33.956389518244265,1.0052136313683062,8.853179175067115,0.12067054082980143,-1.091265411145207,-1.1573229341274334,-78.59193152170614,0.6295741068180681,57.17048087708027,0.2719344611720337,-0.31210407065770673,0.00015748,0.3083414205279207,0.00081957,1,0.0
9549,-0.0003183009704375017,0.02569812492464558,-1.54e-06,1.2158541232221989,2.735354949826481,78.62235926448417,1.0052136313683062,37.6470308486998,0.12067054082980143,-62.127506083034305,-1.1573229341274334,-27.8727308906915,0.6295741068180681,-25.419341930327914,0.2719344611720337,0.2705979895715487,0.00015748,3.335164211949676,0.00081957,0,0.0
9550,0.6276029366898073,0.15018735563928567,-1.54e-06,1.2158541232221989,2.735354949826481,30.018606698380744,1.0052136313683062,33.5271937622907,0.12067054082980143,-85.24788124819379,-1.1573229341274334,-0.9850496604604825,0.6295741068180681,22.00078561966934,0.2719344611720337,0.2825429329081932,0.00015748,2.4549166852170714,0.00081957,0,0.0
9551,0.6048902803722996,0.21599151449792833,-1.54e-06,1.2158541232221989,2.735354949826481,47.01965815673615,1.0052136313683062,25.292268994151016,0.12067054082980143,-30.281991966555992,-1.1573229341274334,-46.31204002318434,0.6295741068180681,-6.554390623015666,0.2719344611720337,0.2802930655200484,0.00015748,2.3266491984638935,0.00081957,0,0.0
9552,1.0736489968741716,0.3299215661193391,-1.54e-06,1.2158541232221989,2.735354949826481,-3.5662310281892498,1.0052136313683062,27.763101820603808,0.12067054082980143,-90.6901816838376,-1.1573229341274334,12.501968621536626,0.6295741068180681,51.51672136872217,0.2719344611720337,0.29330674292771575,0.00015748,1.749018729975926,0.00081957,0,0.0
9553,0.0009955223901803034,0.21595471704932384,-1.54e-06,1.2158541232221989,2.735354949826481,74.89906976658065,1.0052136313683062,20.0531734200337,0.12067054082980143,-12.96524686159501,-1.1573229341274334,-24.171944557180375,0.6295741068180681,-42.77665933234687,0.2719344611720337,0.7763923733497288,0.00015748,2.6069035307638155,0.00081957,0,0.0
9554,-0.0001445314425980726,0.31479302434743306,-1.54e-06,1.2158541232221989,2.735354949826481,58.88883668281178,1.0052136313683062,30.69946175615324,0.12067054082980143,-83.12798228881098,-1.1573229341274334,54.85716349126949,0.6295741068180681,-15.127565337073415,0.2719344611720337,1.524272371779015,0.00015748,2.643981490581058,0.00081957,0,0.0
9555,0.8010035709706286,0.16545557462086788,-1.54e-06,1.2158541232221989,2.735354949826481,-28.868279889843357,1.0052136313683062,6.379371365769212,0.12067054082980143,-38.19217465864007,-1.1573229341274334,1.9171290124329545,0.6295741068180681,46.583880482670466,0.2719344611720337,-0.19277539436103008,0.00015748,0.19366389697828645,0.00081957,1,0.0
9556,0.0010971728145769966,0.013840274023006811,-1.54e-06,1.2158541232221989,2.735354949826481,59.9755991911243,1.0052136313683062,34.932688741395395,0.12067054082980143,-77.7416454258958,-1.1573229341274334,-0.9113148212159575,0.6295741068180681,-9.136361083725815,0.2719344611720337,0.27423247309849774,0.00015748,2.9220233878807016,0.00081957,0,0.0
9557,0.0013771952572401158,0.003540108684033619,-1.54e-06,1.2158541232221989,2.735354949826481,27.505192568994037,1.0052136313683062,28.39996419361145,0.12067054082980143,-96.74432077010995,-1.1573229341274334,41.971303752724864,0.6295741068180681,16.185051526113373,0.2719344611720337,0.2851442449956274,0.00015748,2.100632332604466,0.00081957,0,0.0
9558,1.1657440951931821,0.5342655874261141,-1.54e-06,1.2158541232221989,2.735354949826481,-61.36392162430408,1.0052136313683062,1.5941688765307986,0.12067054082980143,-72.47360375065371,-1.1573229341274334,53.18353898507219,0.6295741068180681,83.61863192387578,0.2719344611720337,-0.22729803872304769,0.00015748,0.2236252249830926,0.00081957,1,0.0
9559,0.12407787367171785,0.029789830647662004,-1.54e-06,1.2158541232221989,2.735354949826481,57.55584421711437,1.0052136313683062,37.590624173948434,0.12067054082980143,-85.07653710020553,-1.1573229341274334,-1.5289987825616362,0.6295741068180681,-3.245230847798926,0.2719344611720337,0.27299102368236183,0.00015748,3.0086537187395024,0.00081957,0,0.0
9560,0.0005071905305485958,0.3829966324374182,-1.54e-06,1.2158541232221989,2.735354949826481,20.306781053715813,1.0052136313683062,7.243698763405684,0.12067054082980143,-40.66525662548315,-1.1573229341274334,76.66512975476346,0.6295741068180681,-8.574357684048909,0.2719344611720337,0.7723029593106946,0.00015748,1.7509152383175683,0.00081957,0,0.0
9561,0.9558281580400803,0.34365103975079353,-1.54e-06,1.2158541232221989,2.735354949826481,46.05549891646794,1.0052136313683062,38.60122920091658,0.12067054082980143,-68.38361789908987,-1.1573229341274334,-44.37144664135527,0.6295741068180681,12.903963597241084,0.2719344611720337,0.27404777218145604,0.00015748,2.9844391818140887,0.00081957,0,0.0
9562,0.3774622057304131,0.11285209782866197,-1.54e-06,1.2158541232221989,2.735354949826481,69.75497136864334,1.0052136313683062,40.24378143562819,0.12067054082980143,-65.1422806104275,-1.1573229341274334,-38.79847456539456,0.6295741068180681,-12.834140843427013,0.2719344611720337,0.2728116338360733,0.00015748,3.31537212162386,0.00081957,0,0.0
9563,-0.0006071200830866097,0.3595500308928261,-1.54e-06,1.2158541232221989,2.735354949826481,66.35538239888783,1.0052136313683062,31.513496472847343,0.12067054082980143,-83.59106164821794,-1.1573229341274334,52.08884944777454,0.6295741068180681,-18.904500347508183,0.2719344611720337,1.5669704027812752,0.00015748,2.9334132630125405,0.00081957,0,0.0
9564,1.4455050226064972,0.5578223866599774,-1.54e-06,1.2158541232221989,2.735354949826481,-48.97179372012297,1.0052136313683062,2.5846800019145695,0.12067054082980143,-36.22656290394079,-1.1573229341274334,-1.2905897424338577,0.6295741068180681,68.94914821586863,0.2719344611720337,-0.09995525986251196,0.00015748,0.09985750953794077,0.00081957,1,0.0
9565,0.00040104970703030984,0.06384042744346335,-1.54e-06,1.2158541232221989,2.735354949826481,1.4667695005033246,1.0052136313683062,5.1817472794604065,0.12067054082980143,-38.968888969895815,-1.1573229341274334,54.2738341774371,0.6295741068180681,7.753030925139765,0.2719344611720337,0.3677286657146736,0.00015748,0.7906921687400938,0.00081957,0,0.0
9566,0.9797437653004162,0.3721856521826925,-1.54e-06,1.2158541232221989,2.735354949826481,23.999406089134894,1.0052136313683062,23.077753288608466,0.12067054082980143,-27.432129911913414,-1.1573229341274334,-47.82356967905196,0.6295741068180681,11.447018569152808,0.2719344611720337,0.2917167225769882,0.00015748,1.7322542324907455,0.00081957,0,0.0
9567,1.4428192296653457,0.6353246916796116,-1.54e-06,1.2158541232221989,2.735354949826481,8.28117009529646,1.0052136313683062,28.602224562093877,0.12067054082980143,-57.26261254632938,-1.1573229341274334,-39.3008351083036,0.6295741068180681,39.71730452928063,0.2719344611720337,0.2873744694193848,0.00015748,1.9386743983903623,0.00081957,0,0.0
9568,0.031259495706241314,0.0615692433188351,-1.54e-06,1.2158541232221989,2.735354949826481,88.50165162763841,1.0052136313683062,31.21452472168451,0.12067054082980143,-11.788379762860535,-1.1573229341274334,-68.83319232225182,0.6295741068180681,-48.7692190696042,0.2719344611720337,0.27443413410993056,0.00015748,3.0119190952243176,0.00081957,0,0.0
9569,-0.0020183529674949185,0.3324604497130504,-1.54e-06,1.2158541232221989,2.735354949826481,39.340103369927554,1.0052136313683062,7.422545750659353,0.12067054082980143,-8.715356471375998,-1.1573229341274334,28.453910628017557,0.6295741068180681,-28.740930099729308,0.2719344611720337,0.957655957049045,0.00015748,1.567688291406813,0.00081957,0,0.0
9570,-0.00019451148138860397,0.017155338049186043,-1.54e-06,1.2158541232221989,2.735354949826481,29.124007051259657,1.0052136313683062,20.784202148769772,0.12067054082980143,-59.76971623250852,-1.1573229341274334,22.822147333776805,0.6295741068180681,1.46558150170219,0.2719344611720337,0.3886610669002084,0.00015748,1.6381604381580597,0.00081957,0,0.0
9571,0.001112425634008929,0.07688001313825367,-1.54e-06,1.2158541232221989,2.735354949826481,71.13124945793868,1.0052136313683062,37.31978844796627,0.12067054082980143,-83.04138746118332,-1.1573229341274334,8.83822774572862,0.6295741068180681,-16.03125077607796,0.2719344611720337,0.6736838690319418,0.00015748,3.278440299718386,0.00081957,0,0.0
9572,0.8650776505639478,1.9730362952492904,-1.54e-06,1.2158541232221989,2.735354949826481,-63.03766824262692,1.0052136313683062,-11.91150597501399,0.12067054082980143,-32.45018521012127,-1.1573229341274334,47.23570728142413,0.6295741068180681,66.14761150068627,0.2719344611720337,-0.9938693208409614,0.00015748,0.20995416791197286,0.00081957,1,0.0
9573,0.2199695686485068,0.039727450265110806,-1.54e-06,1.2158541232221989,2.735354949826481,53.29026661712566,1.0052136313683062,39.766803591797256,0.12067054082980143,-99.02850657599909,-1.1573229341274334,6.067260158819726,0.6295741068180681,6.08853686498164,0.2719344611720337,0.27450054001120194,0.00015748,3.1240215403040636,0.00081957,0,0.0
9574,-4.15975453553763e-05,0.05812012579221404,-1.54e-06,1.2158541232221989,2.735354949826481,35.34341646382541,1.0052136313683062,25.46035437101957,0.12067054082980143,-62.43219437488481,-1.1573229341274334,19.528672730354252,0.6295741068180681,-3.15544047025162,0.2719344611720337,0.4519612366962812,0.00015748,1.8256286300897466,0.00081957,0,0.0
9575,0.0002490439284912327,0.0163230999029738,-1.54e-06,1.2158541232221989,2.735354949826481,47.93750012484694,1.0052136313683062,28.442375033883714,0.12067054082980143,-68.26052825273234,-1.1573229341274334,7.54914395136205,0.6295741068180681,-5.669001960938494,0.2719344611720337,0.3234523425323892,0.00015748,2.3970826778299386,0.00081957,0,0.0
9576,0.0011428338826962037,0.02618898392813854,-1.54e-06,1.2158541232221989,2.735354949826481,43.60774790189637,1.0052136313683062,16.38406890159357,0.12067054082980143,-15.652212446901341,-1.1573229341274334,-20.263770614266274,0.6295741068180681,-21.803180961760702,0.2719344611720337,0.30058964486524176,0.00015748,1.5684981263342417,0.00081957,0,0.0
9577,0.36387177811587246,0.09160438023191403,-1.54e-06,1.2158541232221989,2.735354949826481,35.60257482899517,1.0052136313683062,22.83813901835074,0.12067054082980143,-40.571523951707995,-1.1573229341274334,-18.103015052077886,0.6295741068180681,-1.608739479216709,0.2719344611720337,0.2887298869715673,0.00015748,1.8761477933930597,0.00081957,0,0.0
9578,0.22746808835159937,0.07650616208417788,-1.54e-06,1.2158541232221989,2.735354949826481,93.9285865147717,1.0052136313683062,49.02857284353518,0.12067054082980143,-80.7097524632136,-1.1573229341274334,-44.18797848207814,0.6295741068180681,-23.56481574977454,0.2719344611720337,0.26685764424249037,0.00015748,4.23471759966667,0.00081957,0,0.0
9579,0.00038753805501889893,0.04928423428372609,-1.54e-06,1.2158541232221989,2.735354949826481,-2.6994563468314534,1.0052136313683062,15.72440543430685,0.12067054082980143,-94.80219205016296,-1.1573229341274334,93.5603895428878,0.6295741068180681,29.140115098913725,0.2719344611720337,0.7552153048264743,0.00015748,1.0413799204642713,0.00081957,0,0.0
9580,0.0004565154392848214,0.01199620144895258,-1.54e-06,1.2158541232221989,2.735354949826481,59.095665274616564,1.0052136313683062,36.248171575027676,0.12067054082980143,-85.13631982229089,-1.1573229341274334,4.263518176399903,0.6295741068180681,-6.060175239401822,0.2719344611720337,0.2746789342730951,0.00015748,2.9879938275437765,0.00081957,0,0.0
9581,2.506007546296117,1.7208252740248047,-1.54e-06,1.2158541232221989,2.735354949826481,-26.070221716117356,1.0052136313683062,25.426788385929754,0.12067054082980143,-52.245484376968584,-1.1573229341274334,-63.427635178707746,0.6295741068180681,78.17059830894014,0.2719344611720337,0.29930866909489573,0.00015748,1.5091257843995511,0.00081957,0,0.0
9582,0.25174293247870594,0.044804402695945496,-1.54e-06,1.2158541232221989,2.735354949826481,26.053306211333553,1.0052136313683062,23.81266231447802,0.12067054082980143,-65.84062151739451,-1.1573229341274334,12.088835184643623,0.6295741068180681,10.795759868129899,0.2719344611720337,0.2901985235943785,0.00015748,1.8186383994234527,0.00081957,0,0.0
9583,1.792072961719566,0.9974573559510556,-1.54e-06,1.2158541232221989,2.735354949826481,47.88209130665136,1.0052136313683062,52.22787597565989,0.12067054082980143,-83.27604059611282,-1.1573229341274334,-83.13977032151857,0.6295741068180681,31.645083340803545,0.2719344611720337,0.26847408023148356,0.00015748,3.7902969966169793,0.00081957,0,0.0
9584,0.0007619022983449408,0.028846235153999346,-1.54e-06,1.2158541232221989,2.735354949826481,64.54040999162831,1.0052136313683062,26.87136658544506,0.12067054082980143,-32.6957322080232,-1.1573229341274334,-31.191367021316918,0.6295741068180681,-27.761379252427247,0.2719344611720337,0.2809486362790694,0.00015748,2.4850292512190566,0.00081957,0,0.0
9585,1.9556504531675458,0.8811373316949824,-1.54e-06,1.2158541232221989,2.735354949826481,-40.71177739582084,1.0052136313683062,8.723723010742917,0.12067054082980143,-12.031330749922054,-1.1573229341274334,-67.03086339680726,0.6295741068180681,66.29657506026679,0.2719344611720337,-0.27996926954733514,0.00015748,0.2773801542012372,0.00081957,1,0.0
9586,1.4969913061489208,0.8522737160054509,-1.54e-06,1.2158541232221989,2.735354949826481,6.786374824874022,1.0052136313683062,41.90138211951379,0.12067054082980143,-99.95012004531121,-1.1573229341274334,-9.751459952293093,0.6295741068180681,51.75336227638459,0.2719344611720337,0.3937950070548024,0.00015748,2.4665945796669972,0.00081957,0,0.0
9587,1.3916795429303912,1.5551833013800282,-1.54e-06,1.2158541232221989,2.735354949826481,59.822747806893865,1.0052136313683062,28.603804252673985,0.12067054082980143,-41.278825995163245,-1.1573229341274334,-75.4677692155554,0.6295741068180681,8.914469482613688,0.2719344611720337,0.27233868208099077,0.00015748,3.8184319342065494,0.00081957,0,0.0
9588,0.438734384991478,0.11151085007700756,-1.54e-06,1.2158541232221989,2.735354949826481,21.869294119049034,1.0052136313683062,17.444269387575336,0.12067054082980143,-32.58359311259152,-1.1573229341274334,-12.932222688154447,0.6295741068180681,4.7297680438965255,0.2719344611720337,0.3059625309293966,0.00015748,1.3649821316594957,0.00081957,0,0.0
9589,0.11193022927037448,0.00794173758844553,-1.54e-06,1.2158541232221989,2.735354949826481,-12.879427323390093,1.0052136313683062,1.9968600052438563,0.12067054082980143,-26.679014644771293,-1.1573229341274334,21.824657331632192,0.6295741068180681,19.438530000147292,0.2719344611720337,-0.044508535590132924,0.00015748,0.04457580288810655,0.00081957,1,0.0
9590,0.6483443528446502,0.0914149996172624,-1.54e-06,1.2158541232221989,2.735354949826481,-18.27147999775155,1.0052136313683062,2.8087664343828362,0.12067054082980143,-13.570248553791405,-1.1573229341274334,-10.27802145755894,0.6295741068180681,28.141379573320936,0.2719344611720337,-0.06441789885189006,0.00015748,0.06505469492299706,0.00081957,1,0.0
9591,2.4017615177422895,1.537530150630221,-1.54e-06,1.2158541232221989,2.735354949826481,0.543009335304842,1.0052136313683062,45.43228411197775,0.12067054082980143,-97.3306297427866,-1.1573229341274334,-59.69081476901413,0.6295741068180681,75.08589716567293,0.2719344611720337,0.2745222757514929,0.00015748,2.8685052447219967,0.00081957,0,0.0
9592,0.0006167627827093902,0.10246163797705697,-1.54e-06,1.2158541232221989,2.735354949826481,75.63069196829328,1.0052136313683062,32.70709726059283,0.12067054082980143,-54.12246448516199,-1.1573229341274334,-11.083290627134913,0.6295741068180681,-29.190931100031705,0.2719344611720337,0.7038464055752198,0.00015748,3.04125328513656,0.00081957,0,0.0
9593,0.8405122516752275,0.3195951550500896,-1.54e-06,1.2158541232221989,2.735354949826481,60.589092660724674,1.0052136313683062,39.95270459343674,0.12067054082980143,-53.26737988944482,-1.1573229341274334,-62.138439797374176,0.6295741068180681,-3.4820662310914443,0.2719344611720337,0.27152727308349567,0.00015748,3.1652178072952037,0.00081957,0,0.0
9594,-0.00022781557608875236,0.10830339709148702,-1.54e-06,1.2158541232221989,2.735354949826481,26.957077280812424,1.0052136313683062,16.457645863481364,0.12067054082980143,-57.676645188569026,-1.1573229341274334,47.27107053203937,0.6295741068180681,-1.194025957333257,0.2719344611720337,0.9325102113379902,0.00015748,1.429169493053365,0.00081957,0,0.0
9595,-0.00018929118468410944,0.27551494090476963,-1.54e-06,1.2158541232221989,2.735354949826481,16.968100373666843,1.0052136313683062,2.818491177527722,0.12067054082980143,-18.550469328222114,-1.1573229341274334,54.41828681547813,0.6295741068180681,-12.487655204496498,0.2719344611720337,0.44369510664935163,0.00015748,1.451070365970058,0.00081957,0,0.0
9596,0.0018194129481696741,0.05234741945485582,-1.54e-06,1.2158541232221989,2.735354949826481,56.9223332131383,1.0052136313683062,37.00491139591847,0.12067054082980143,-98.96248608306401,-1.1573229341274334,29.709761518552995,0.6295741068180681,-2.4474674213590366,0.2719344611720337,0.6481803817499636,0.00015748,3.0038334277658305,0.00081957,0,0.0
9597,0.7018049915935676,0.2014619020005165,-1.54e-06,1.2158541232221989,2.735354949826481,46.00854858202557,1.0052136313683062,38.82327494917056,0.12067054082980143,-79.995597246493,-1.1573229341274334,-24.275949279709767,0.6295741068180681,12.127322981750556,0.2719344611720337,0.27356139709371474,0.00015748,2.954615185332209,0.00081957,0,0.0
9598,0.335818547340371,0.13561800488385023,-1.54e-06,1.2158541232221989,2.735354949826481,72.42585362863043,1.0052136313683062,28.991692007832828,0.12067054082980143,-12.218930884129502,-1.1573229341274334,-69.22797642805553,0.6295741068180681,-33.613305096539506,0.2719344611720337,0.27759860528746994,0.00015748,2.696712274155354,0.00081957,0,0.0
9599,1.09053507181081,0.4520777823012494,-1.54e-06,1.2158541232221989,2.735354949826481,48.47898902355663,1.0052136313683062,39.19404775659145,0.12067054082980143,-55.82861970731288,-1.1573229341274334,-62.16352198424629,0.6295741068180681,8.89868380956366,0.2719344611720337,0.27492887972877567,0.00015748,2.970134821836205,0.00081957,0,0.0
9600,0.4130908119232052,0.048383934338000464,-1.54e-06,2.387138367997413,2.9709305229720875,-58.59800758812674,1.0052136313683062,7.109939892244972,0.12067054082980143,-90.63975019807008,-1.1573229341274334,51.15674865424725,0.6295741068180681,82.31284322549422,0.2719344611720337,-0.1426837761944874,0.00015748,0.14238990043032868,0.00081957,1,0.0
9601,0.00399633034474195,0.0999412217880097,-1.54e-06,2.387138367997413,2.9709305229720875,-21.061028415331,1.0052136313683062,4.227392869279658,0.12067054082980143,-67.94088625531326,-1.1573229341274334,66.37030143419123,0.6295741068180681,39.83257704676143,0.2719344611720337,0.10411429192490951,0.00015748,0.15445674201294413,0.00081957,0,0.0
9602,0.0010643774127390149,0.14940595043700422,-1.54e-06,2.387138367997413,2.9709305229720875,95.29571342893087,1.0052136313683062,13.719496636823433,0.12067054082980143,-46.22519371208433,-1.1573229341274334,18.33368833020831,0.6295741068180681,-29.211920600229295,0.2719344611720337,0.3387103977296532,0.00015748,0.7043788638084576,0.00081957,0,0.0
9603,0.8633353948278385,0.11767706070398426,-1.54e-06,2.387138367997413,2.9709305229720875,-56.53832934882808,1.0052136313683062,4.627164896616455,0.12067054082980143,-37.08453204430626,-1.1573229341274334,-13.895512411581207,0.6295741068180681,69.0567828165516,0.2719344611720337,-0.08158541292082197,0.00015748,0.08157316248240185,0.00081957,1,0.0
9604,0.0001841554938549761,0.1262392602215186,-1.54e-06,2.387138367997413,2.9709305229720875,93.63621189221968,1.0052136313683062,8.891161590977212,0.12067054082980143,-39.734197635475674,-1.1573229341274334,34.03324067687423,0.6295741068180681,-28.83309078240307,0.2719344611720337,0.3524526884558976,0.00015748,0.8589732192770834,0.00081957,0,0.0
9605,0.30250475322059356,0.10174275292278105,-1.54e-06,2.387138367997413,2.9709305229720875,69.2761685239524,1.0052136313683062,15.912147944967126,0.12067054082980143,-91.93446018106185,-1.1573229341274334,33.17442612168153,0.6295741068180681,19.447447950745147,0.2719344611720337,0.4922869652541414,0.00015748,0.4976125931938036,0.00081957,0,0.0
9606,0.003553628714303203,0.060592148033994604,-1.54e-06,2.387138367997413,2.9709305229720875,8.183443571884462,1.0052136313683062,6.179707977737608,0.12067054082980143,-44.56855582851815,-1.1573229341274334,14.623623468998677,0.6295741068180681,19.325564302262052,0.2719344611720337,-0.13273852881904766,0.00015748,0.1590635498433058,0.00081957,1,0.0
9607,-0.00667490908110846,0.9680725076123511,-1.54e-06,2.387138367997413,2.9709305229720875,39.86226180142007,1.0052136313683062,19.58313211694953,0.12067054082980143,-47.40875334551775,-1.1573229341274334,-23.432582218563056,0.6295741068180681,-7.46273265916984,0.2719344611720337,-0.5593077182805004,0.00015748,0.576233405003074,0.00081957,1,0.0
9608,0.004843200419221594,0.11663312466607739,-1.54e-06,2.387138367997413,2.9709305229720875,66.0782835954765,1.0052136313683062,7.570602569742299,0.12067054082980143,-1e-20,-1.1573229341274334,-53.67752034636005,0.6295741068180681,-24.702871357650306,0.2719344611720337,-0.23290419372814583,0.00015748,0.23413676827796723,0.00081957,1,0.0
9609,0.0016524929285850476,0.030560312877200426,-1.54e-06,2.387138367997413,2.9709305229720875,81.0975620093657,1.0052136313683062,16.08656114201478,0.12067054082980143,-99.97515270868307,-1.1573229341274334,54.08426035719383,0.6295741068180681,8.462231112431663,0.2719344611720337,0.4923631950298446,0.00015748,0.5086336642562994,0.00081957,0,0.0
9610,0.944603714830197,0.43253505202117176,-1.54e-06,2.387138367997413,2.9709305229720875,73.98233709363119,1.0052136313683062,21.185007427089534,0.12067054082980143,-82.79868271499663,-1.1573229341274334,-46.53509614422282,0.6295741068180681,37.35094895123077,0.2719344611720337,0.15501369916233962,0.00015748,0.6266777849065923,0.00081957,0,0.0
9611,0.393981806254036,0.09385432381577369,-1.54e-06,2.387138367997413,2.9709305229720875,5.179398941848816,1.0052136313683062,8.225290105424598,0.12067054082980143,-38.44898688251758,-1.1573229341274334,-21.507641621549666,0.6295741068180681,30.669670676123864,0.2719344611720337,-0.20168039765254622,0.00015748,0.20742800771073946,0.00081957,1,0.0
9612,0.08772735873603421,0.033508492989404476,-1.54e-06,2.387138367997413,2.9709305229720875,-18.14442012152188,1.0052136313683062,5.2923323913451155,0.12067054082980143,-57.131006771294864,-1.1573229341274334,32.520084043987936,0.6295741068180681,38.95020245256233,0.2719344611720337,-0.11758061266091059,0.00015748,0.12140426018268637,0.00081957,1,0.0
9613,0.6949675951118734,0.3578610555148918,-1.54e-06,2.387138367997413,2.9709305229720875,51.20737344420452,1.0052136313683062,14.490667572057864,0.12067054082980143,-31.370068977123605,-1.1573229341274334,-86.88160006398111,0.6295741068180681,20.433277011470686,0.2719344611720337,-0.3903927987325815,0.00015748,0.40588340825252023,0.00081957,1,0.0
9614,9.737959713107536e-05,0.14210046633721576,-1.54e-06,2.387138367997413,2.9709305229720875,54.8915350256865,1.0052136313683062,6.426773148816679,0.12067054082980143,-23.950421193005273,-1.1573229341274334,4.76810768410105,0.6295741068180681,-14.331555487204248,0.2719344611720337,0.2230407770150194,0.00015748,0.2845893496592468,0.00081957,0,0.0
9615,0.11297740210602142,0.15687285737500536,-1.54e-06,2.387138367997413,2.9709305229720875,16.775274044168356,1.0052136313683062,3.477146795488297,0.12067054082980143,-38.30009132563777,-1.1573229341274334,20.60833488284139,0.6295741068180681,17.029636775272124,0.2719344611720337,0.04633394143208311,0.00015748,0.2696686953855906,0.00081957,0,0.0
9616,0.03404763268083899,0.03828376247085902,-1.54e-06,2.387138367997413,2.9709305229720875,73.5514139778839,1.0052136313683062,15.053730760585667,0.12067054082980143,-99.39206973164607,-1.1573229341274334,57.61005067477004,0.6295741068180681,12.680886362339736,0.2719344611720337,0.4793829697153922,0.00015748,0.5219029415111331,0.00081957,0,0.0
9617,0.8164217277619483,0.2878993852037298,-1.54e-06,2.387138367997413,2.9709305229720875,95.2545012860846,1.0052136313683062,21.024533270504453,0.12067054082980143,-81.66303836409577,-1.1573229341274334,-32.28433332449756,0.6295741068180681,21.37588391113092,0.2719344611720337,0.39939154575119284,0.00015748,0.6538939342616422,0.00081957,0,0.0
9618,-0.0026548387407441254,0.4878933971439729,-1.54e-06,2.387138367997413,2.9709305229720875,9.130811524751225,1.0052136313683062,5.7727022731427455,0.12067054082980143,-19.168759486979518,-1.1573229341274334,34.90458959343241,0.6295741068180681,-9.192211097973505,0.2719344611720337,-0.08385019703425434,0.00015748,0.6300466294098085,0.00081957,1,0.0
9619,1.2082659747750848,1.0283048564133135,-1.54e-06,2.387138367997413,2.9709305229720875,51.150803256098314,1.0052136313683062,5.545014868940041,0.12067054082980143,-19.121692165636937,-1.1573229341274334,-57.63417081524318,0.6295741068180681,31.857981064927046,0.2719344611720337,0.09811356998892651,0.00015748,0.8401891939232136,0.00081957,0,0.0
9620,0.0011716413376807733,0.04410156342237751,-1.54e-06,2.387138367997413,2.9709305229720875,87.54048791222712,1.0052136313683062,13.856970506186592,0.12067054082980143,-77.82797892562498,-1.1573229341274334,40.13558380696028,0.6295741068180681,-4.8413195510377625,0.2719344611720337,0.4582697139594204,0.00015748,0.5498250228589435,0.00081957,0,0.0
9621,0.007923791851921602,0.0739734309303396,-1.54e-06,2.387138367997413,2.9709305229720875,18.123386822589516,1.0052136313683062,6.2046959082252675,0.12067054082980143,-38.63188537924511,-1.1573229341274334,7.582864236135424,0.6295741068180681,12.445127356169333,0.2719344611720337,-0.09794767923950962,0.00015748,0.17328842395474528,0.00081957,1,0.0
9622,0.03253521657971459,0.06183751262854444,-1.54e-06,2.387138367997413,2.9709305229720875,92.19894616270662,1.0052136313683062,12.978608365780667,0.12067054082980143,-63.420278253218456,-1.1573229341274334,28.015887580011405,0.6295741068180681,-13.231932905964616,0.2719344611720337,0.4386885413854785,0.00015748,0.5816200171694393,0.00081957,0,0.0
9623,0.3288895872012424,0.21317339278367795,-1.54e-06,2.387138367997413,2.9709305229720875,54.422949554744115,1.0052136313683062,12.179073660015796,0.12067054082980143,-42.80054149653048,-1.1573229341274334,-32.41339455040677,0.6295741068180681,9.37933321291066,0.2719344611720337,-0.07907111431689295,0.00015748,0.3598447470933406,0.00081957,1,0.0
9624,0.6294440342692353,0.28695770439421225,-1.54e-06,2.387138367997413,2.9709305229720875,29.268195974910835,1.0052136313683062,13.47524161394289,0.12067054082980143,-48.57415073055305,-1.1573229341274334,-56.35088788095339,0.6295741068180681,35.51392855003207,0.2719344611720337,-0.3603109157598435,0.00015748,0.3671122792111661,0.00081957,1,0.0
9625,0.7942835739620602,0.3729649243123302,-1.54e-06,2.387138367997413,2.9709305229720875,61.52663392475889,1.0052136313683062,19.320483004126096,0.12067054082980143,-82.38887103047901,-1.1573229341274334,-33.35729645381405,0.6295741068180681,38.14113042268675,0.2719344611720337,0.09050036948403403,0.00015748,0.5623444526796408,0.00081957,0,0.0
9626,-0.5373731416441769,4.732166211529501,-1.54e-06,2.387138367997413,2.9709305229720875,54.850268194951134,1.0052136313683062,27.194057492303582,0.12067054082980143,-52.05313581967401,-1.1573229341274334,20.265821915813824,0.6295741068180681,-50.872305342353826,0.2719344611720337,-0.9047833038461262,0.00015748,1.2295695018205506,0.00081957,1,0.0
9627,0.01648059142231051,0.041447337429228806,-1.54e-06,2.387138367997413,2.9709305229720875,-51.78079929211764,1.0052136313683062,5.680061989641689,0.12067054082980143,-96.44562329168873,-1.1573229341274334,82.9890108832131,0.6295741068180681,69.08998261463694,0.2719344611720337,-0.10694830627517993,0.00015748,0.10910239574696146,0.00081957,1,0.0
9628,0.08386853349138412,0.15410317247404298,-1.54e-06,2.387138367997413,2.9709305229720875,67.5772028237444,1.0052136313683062,10.499148263623853,0.12067054082980143,-39.66588180166407,-1.1573229341274334,-7.645824498902246,0.6295741068180681,-8.007466697264489,0.2719344611720337,0.15018648198574233,0.00015748,0.3343803754819986,0.00081957,0,0.0
9629,-0.0008514022805888866,0.4757603396560339,-1.54e-06,2.387138367997413,2.9709305229720875,-11.189403221422314,1.0052136313683062,-3.776618425195403,0.12067054082980143,-10.967599540083862,-1.1573229341274334,63.320584609339974,0.6295741068180681,2.989045193513125,0.2719344611720337,-0.05740162509339691,0.00015748,0.7001019377005349,0.00081957,1,0.0
9630,0.3121077998549533,0.1455402957511266,-1.54e-06,2.387138367997413,2.9709305229720875,46.57415060737384,1.0052136313683062,14.657604480915008,0.12067054082980143,-94.11906506624759,-1.1573229341274334,37.64502291359476,0.6295741068180681,31.491714092674904,0.2719344611720337,0.3663910813714359,0.00015748,0.4400562116459961,0.00081957,0,0.0
9631,0.0019308510111035737,0.20114367847404602,-1.54e-06,2.387138367997413,2.9709305229720875,38.36435564732446,1.0052136313683062,6.674081825708259,0.12067054082980143,-64.64483679448108,-1.1573229341274334,73.13810507164952,0.6295741068180681,7.237670980683501,0.2719344611720337,0.24912421175294136,0.00015748,0.7466533709035423,0.00081957,0,0.0
9632,0.0375336971791973,0.06795438861710673,-1.54e-06,2.387138367997413,2.9709305229720875,94.23372116957908,1.0052136313683062,12.798493714553496,0.12067054082980143,-58.87699192903664,-1.1573229341274334,23.568876237018387,0.6295741068180681,-16.223876075460595,0.2719344611720337,0.43408945407821764,0.00015748,0.5828019559490611,0.00081957,0,0.0
9633,0.5190888901457626,0.08748313252548842,-1.54e-06,2.387138367997413,2.9709305229720875,-42.13754587006515,1.0052136313683062,9.076098919351598,0.12067054082980143,-81.7373223410178,-1.1573229341274334,24.242373803229285,0.6295741068180681,74.55681586499983,0.2719344611720337,-0.1951808053933098,0.00015748,0.19623138701263582,0.00081957,1,0.0
9634,0.5542323667694361,0.05379268872285038,-1.54e-06,2.387138367997413,2.9709305229720875,-30.185864626196924,1.0052136313683062,3.674128905615636,0.12067054082980143,-28.653375089084303,-1.1573229341274334,-10.849170899474885,0.6295741068180681,45.45831903351139,0.2719344611720337,-0.0849381873272744,0.00015748,0.08541268609309591,0.00081957,1,0.0
9635,0.0947699999598055,0.08054481093321887,-1.54e-06,2.387138367997413,2.9709305229720875,95.79969336341475,1.0052136313683062,13.262928584214015,0.12067054082980143,-55.955199166001556,-1.1573229341274334,15.752064062214874,0.6295741068180681,-16.72089896009328,0.2719344611720337,0.44254344047237115,0.00015748,0.5750047559627147,0.00081957,0,0.0
9636,1.2355217783258192,0.4354955972591381,-1.54e-06,2.387138367997413,2.9709305229720875,-3.063161901663508,1.0052136313683062,7.845888309910337,0.12067054082980143,-18.007910021444165,-1.1573229341274334,-92.51415747880269,0.6295741068180681,57.45836619757741,0.2719344611720337,-0.31546615346302603,0.00015748,0.3233720554076673,0.00081957,1,0.0
9637,0.08734807450839088,0.13423208578851573,-1.54e-06,2.387138367997413,2.9709305229720875,17.83653203417949,1.0052136313683062,9.651604743667734,0.12067054082980143,-69.58233789766496,-1.1573229341274334,26.70916931633588,0.6295741068180681,29.016765085103422,0.2719344611720337,-0.028915409411207044,0.00015748,0.26634442574095096,0.00081957,1,0.0
9638,0.006522212424185048,0.05748436645804329,-1.54e-06,2.387138367997413,2.9709305229720875,50.81200746646633,1.0052136313683062,12.055558424671242,0.12067054082980143,-100.0,-1.1573229341274334,84.43552344858675,0.6295741068180681,19.43930753952437,0.2719344611720337,0.39164178300706726,0.00015748,0.6887894698186654,0.00081957,0,0.0
9639,0.29601170269070665,1.6944760855346155,-1.54e-06,2.387138367997413,2.9709305229720875,-54.47629526958243,1.0052136313683062,12.066824386525806,0.12067054082980143,-17.466870593020225,-1.1573229341274334,-13.359339741053757,0.6295741068180681,21.281296791019617,0.2719344611720337,-0.8113925233152119,0.00015748,0.5387616323041646,0.00081957,1,0.0
9640,0.4116664078091189,0.06027490526035866,-1.54e-06,2.387138367997413,2.9709305229720875,-12.895988988648005,1.0052136313683062,6.527806154280062,0.12067054082980143,-42.35561478758742,-1.1573229341274334,-6.7679758521815625,0.6295741068180681,40.5596095996359,0.2719344611720337,-0.1581982827500781,0.00015748,0.15857837328369587,0.00081957,1,0.0
9641,0.4327305432747076,0.029577066681385388,-1.54e-06,2.387138367997413,2.9709305229720875,-35.89807766851062,1.0052136313683062,3.8287410079738797,0.12067054082980143,-38.95682304777793,-1.1573229341274334,8.233477880402425,0.6295741068180681,47.89472829928411,0.2719344611720337,-0.0729785909071092,0.00015748,0.07372396673196821,0.00081957,1,0.0
9642,-0.0001819270079930213,0.11170367710476185,-1.54e-06,2.387138367997413,2.9709305229720875,-29.459357238759207,1.0052136313683062,6.684788030346422,0.12067054082980143,-98.11321909193013,-1.1573229341274334,90.13475386444082,0.6295741068180681,57.50543268983836,0.2719344611720337,0.12648417211702306,0.00015748,0.17790965049776958,0.00081957,0,0.0
9643,1.0113128267718674,0.5562399385623252,-1.54e-06,2.387138367997413,2.9709305229720875,39.313103294925284,1.0052136313683062,18.427914563847757,0.12067054082980143,-58.97878168421915,-1.1573229341274334,-89.52088738405817,0.6295741068180681,49.45486554075331,0.2719344611720337,-0.4469361203026679,0.00015748,0.5029999705594346,0.00081957,1,0.0
9644,0.02534951772920302,0.1388550100471222,-1.54e-06,2.387138367997413,2.9709305229720875,54.0311484244734,1.0052136313683062,8.86964514070419,0.12067054082980143,-37.10056137604319,-1.1573229341274334,-4.506488455407525,0.6295741068180681,-4.056294257605851,0.2719344611720337,0.04537689584793374,0.00015748,0.28043203562649527,0.00081957,0,0.0
9645,0.18784149666927552,0.4543349239255713,-1.54e-06,2.387138367997413,2.9709305229720875,-36.57668439626508,1.0052136313683062,-5.92704339882013,0.12067054082980143,-34.896114522539435,-1.1573229341274334,49.28886372212148,0.6295741068180681,47.24152588917989,0.2719344611720337,-0.2615134659197766,0.00015748,0.40973404269309827,0.00081957,1,0.0
9646,-0.0007159333811495028,0.10545321900109157,-1.54e-06,2.387138367997413,2.9709305229720875,82.47640495066403,1.0052136313683062,11.215226671941178,0.12067054082980143,-74.9147308958883,-1.1573229341274334,62.29194348513944,0.6295741068180681,-6.6276731973245555,0.2719344611720337,0.4115223954279518,0.00015748,0.8413638133689341,0.00081957,0,0.0
9647,0.39828048547097006,0.04497571501521849,-1.54e-06,2.387138367997413,2.9709305229720875,-26.52041489307016,1.0052136313683062,5.918200859291733,0.12067054082980143,-51.05050815823245,-1.1573229341274334,9.218264745109185,0.6295741068180681,49.63603363407487,0.2719344611720337,-0.13345701996110992,0.00015748,0.13387484041056175,0.00081957,1,0.0
9648,0.043367603956466154,0.0009696851964221187,-1.54e-06,2.387138367997413,2.9709305229720875,-23.10480318208978,1.0052136313683062,0.6355806893096674,0.12067054082980143,-25.438144734891804,-1.1573229341274334,26.17418657871109,0.6295741068180681,23.240388906759563,0.2719344611720337,-0.006369160128454094,0.00015748,0.006370629848950108,0.00081957,1,0.0
9649,0.06923686550538422,0.0465295052428552,-1.54e-06,2.387138367997413,2.9709305229720875,-37.52565829059137,1.0052136313683062,6.5298940877781515,0.12067054082980143,-85.27916085828807,-1.1573229341274334,61.62554922518162,0.6295741068180681,59.59504252503183,0.2719344611720337,-0.1355327944576101,0.00015748,0.13636474509358096,0.00081957,1,0.0
9650,0.006093501108170862,0.05635491812327906,-1.54e-06,2.387138367997413,2.9709305229720875,0.4896713222294735,1.0052136313683062,6.161203615895988,0.12067054082980143,-51.81294447862596,-1.1573229341274334,22.14418388618407,0.6295741068180681,26.538554130018266,0.2719344611720337,-0.1538138083908767,0.00015748,0.1553463751314639,0.00081957,1,0.0
9651,0.8871933620726355,0.2445396825399358,-1.54e-06,2.387138367997413,2.9709305229720875,18.965230835384936,1.0052136313683062,10.140327752392034,0.12067054082980143,-11.656705114024964,-1.1573229341274334,-87.78054007995269,0.6295741068180681,28.968046364490803,0.2719344611720337,-0.2726085722818501,0.00015748,0.27229723068576916,0.00081957,1,0.0
9652,0.09482337726366785,0.08781611945533868,-1.54e-06,2.387138367997413,2.9709305229720875,4.55333967868043,1.0052136313683062,7.976179686337471,0.12067054082980143,-57.65438311437781,-1.1573229341274334,13.724436110017306,0.6295741068180681,30.99114925978791,0.2719344611720337,-0.2017133054793889,0.00015748,0.20388858190671585,0.00081957,1,0.0
9653,0.6890893558687917,0.22979542336356465,-1.54e-06,2.387138367997413,2.9709305229720875,25.13106729611376,1.0052136313683062,9.09443820149148,0.12067054082980143,-23.658195182980357,-1.1573229341274334,-66.97044263517736,0.6295741068180681,28.71332854185793,0.2719344611720337,-0.29413018868800495,0.00015748,0.3037287439458564,0.00081957,1,0.0
9654,0.03471783007847884,1.4697720618872485,-1.54e-06,2.387138367997413,2.9709305229720875,-50.80164081078995,1.0052136313683062,9.908550947446301,0.12067054082980143,-19.369389361731486,-1.1573229341274334,17.141734579017267,0.6295741068180681,10.880521385923396,0.2719344611720337,-0.7344039388960051,0.00015748,0.5866777258539966,0.00081957,1,0.0
9655,0.0006122005106535822,0.0679873883425788,-1.54e-06,2.387138367997413,2.9709305229720875,15.576887002054663,1.0052136313683062,6.4206859610606974,0.12067054082980143,-40.561037305053716,-1.1573229341274334,5.793216438609684,0.6295741068180681,15.036536237720746,0.2719344611720337,-0.16981843103017855,0.00015748,0.1740356864681409,0.00081957,1,0.0
9656,0.7345358348002047,0.09137831763257516,-1.54e-06,2.387138367997413,2.9709305229720875,-56.03630380616366,1.0052136313683062,1.4627627703871768,0.12067054082980143,-23.587262498752636,-1.1573229341274334,-7.9924567827822335,0.6295741068180681,58.73216175274937,0.2719344611720337,-0.015349755488133778,0.00015748,0.01564297158164718,0.00081957,1,0.0
9657,0.7897480048972427,0.11248093956253619,-1.54e-06,2.387138367997413,2.9709305229720875,-32.59257923635638,1.0052136313683062,3.3793947586160953,0.12067054082980143,-7.794368172314407,-1.1573229341274334,-39.77842754308554,0.6295741068180681,42.55947881177379,0.2719344611720337,-0.0639486586630137,0.00015748,0.06373608847392766,0.00081957,1,0.0
9658,0.39279880077304635,0.09143858335272229,-1.54e-06,2.387138367997413,2.9709305229720875,-70.4958004692323,1.0052136313683062,-3.8318872887948383,0.12067054082980143,-7.318561655093766,-1.1573229341274334,25.203505629186477,0.6295741068180681,42.859724766632745,0.2719344611720337,-0.15545254273219306,0.00015748,0.1560363082154821,0.00081957,1,0.0
9659,0.05776859255162456,0.024632974665487962,-1.54e-06,2.387138367997413,2.9709305229720875,-78.29614862973634,1.0052136313683062,1.135025755874287,0.12067054082980143,-71.2870486456406,-1.1573229341274334,87.88188163764006,0.6295741068180681,65.71458135438223,0.2719344611720337,-0.10693834128109903,0.00015748,0.10745767705831383,0.00081957,1,0.0
9660,0.022426387579530083,0.04858382489119483,-1.54e-06,2.387138367997413,2.9709305229720875,58.23804321828036,1.0052136313683062,13.491801457474722,0.12067054082980143,-99.45838232470065,-1.1573229341274334,72.54863385971069,0.6295741068180681,17.052366880704415,0.2719344611720337,0.42199541395287077,0.00015748,0.6074271685499002,0.00081957,0,0.0
9661,0.014027558241476834,0.1285336257821644,-1.54e-06,2.387138367997413,2.9709305229720875,18.751727125125715,1.0052136313683062,9.099893332094132,0.12067054082980143,-75.75677454469525,-1.1573229341274334,47.55334952576425,0.6295741068180681,27.375810664813397,0.2719344611720337,0.14059310017084353,0.00015748,0.2613058342800488,0.00081957,0,0.0
9662,0.0020788303412546116,0.015341905893310668,-1.54e-06,2.387138367997413,2.9709305229720875,-6.404974560732263,1.0052136313683062,0.797257581356332,0.12067054082980143,-15.865067607898128,-1.1573229341274334,14.577332400894818,0.6295741068180681,10.570910237647409,0.2719344611720337,0.005278903420722616,0.00015748,0.024828080676510676,0.00081957,0,0.0
9663,-0.0017633179821857081,0.5407980227240795,-1.54e-06,2.387138367997413,2.9709305229720875,-31.652449140559103,1.0052136313683062,3.0996480273773575,0.12067054082980143,-16.95601050052981,-1.1573229341274334,46.673842179689956,0.6295741068180681,6.328345653715616,0.2719344611720337,-0.258698704768344,0.00015748,0.5581428762356788,0.00081957,1,0.0
9664,-0.3735166781819381,5.79399148890052,-1.54e-06,2.387138367997413,2.9709305229720875,-26.41081332061856,1.0052136313683062,23.716348889989746,0.12067054082980143,-41.12508368909514,-1.1573229341274334,35.967713189420614,0.6295741068180681,-23.59856194769937,0.2719344611720337,-1.299239113776288,0.00015748,1.2993292210090686,0.00081957,1,0.0
9665,1.1409209853401108,1.743292794431919,-1.54e-06,2.387138367997413,2.9709305229720875,14.617587169657629,1.0052136313683062,0.9738158236873413,0.12067054082980143,-79.97899349316747,-1.1573229341274334,61.37148013988887,0.6295741068180681,72.42003203561757,0.2719344611720337,0.12450858665626863,0.00015748,1.493647948407784,0.00081957,0,0.0
9666,1.2561633790046685,0.3320424284892213,-1.54e-06,2.387138367997413,2.9709305229720875,-41.29459534671271,1.0052136313683062,12.073408260504413,0.12067054082980143,-59.48263180694258,-1.1573229341274334,-51.01853739217096,0.6295741068180681,87.91084582249162,0.2719344611720337,-0.27624121993149475,0.00015748,0.27409648718953084,0.00081957,1,0.0
9667,0.0006231392813778047,0.14455340587008939,-1.54e-06,2.387138367997413,2.9709305229720875,77.10932050467862,1.0052136313683062,8.639017086252638,0.12067054082980143,-10.802513252848534,-1.1573229341274334,-35.18996829219575,0.6295741068180681,-27.125292383081696,0.2719344611720337,0.015509068063523701,0.00015748,0.28130583018384736,0.00081957,0,0.0
9668,0.0007413064191179597,0.13696990079295548,-1.54e-06,2.387138367997413,2.9709305229720875,-30.190952477258282,1.0052136313683062,1.4079397472056205,0.12067054082980143,-57.36583321455553,-1.1573229341274334,72.75474093287494,0.6295741068180681,37.81184588344542,0.2719344611720337,0.039478201498824264,0.00015748,0.258094696159521,0.00081957,0,0.0
9669,0.7392709338624334,0.13931153330671248,-1.54e-06,2.387138367997413,2.9709305229720875,0.13305654501351843,1.0052136313683062,7.261142953193203,0.12067054082980143,-15.466349109411832,-1.1573229341274334,-57.72514444513061,0.6295741068180681,33.070113238660404,0.2719344611720337,-0.18707943341279257,0.00015748,0.18844980907172795,0.00081957,1,0.0
9670,0.014503232260528229,0.0009784259452444344,-1.54e-06,2.387138367997413,2.9709305229720875,4.15985107449348,1.0052136313683062,0.43787958902636526,0.12067054082980143,-0.2472744410794835,-1.1573229341274334,-4.248113320495689,0.6295741068180681,-0.6547232720107165,0.2719344611720337,-0.020451146491508292,0.00015748,0.02065971995542047,0.00081957,1,0.0
9671,-0.00035276590089738935,0.3618393181249572,-1.54e-06,2.387138367997413,2.9709305229720875,51.276687379548264,1.0052136313683062,4.551536139476068,0.12067054082980143,-53.5883070332144,-1.1573229341274334,88.40856821110903,0.6295741068180681,-7.641074014916545,0.2719344611720337,0.2305613817658892,0.00015748,1.1619315775401764,0.00081957,0,0.0
9672,0.001555111694097916,0.14089503405638998,-1.54e-06,2.387138367997413,2.9709305229720875,-19.374430464101074,1.0052136313683062,-1.9841999804529855,0.12067054082980143,-17.36076112368628,-1.1573229341274334,40.92566110731432,0.6295741068180681,14.771375370042412,0.2719344611720337,-0.03706174151919596,0.00015748,0.25799924995123724,0.00081957,1,0.0
9673,0.5672326360854718,0.2743736980633815,-1.54e-06,2.387138367997413,2.9709305229720875,16.250915268995655,1.0052136313683062,14.904833800123159,0.12067054082980143,-86.44279232093507,-1.1573229341274334,-5.875946062602766,0.6295741068180681,54.59620802970201,0.2719344611720337,-0.15782907760086357,0.00015748,0.4022236638652475,0.00081957,1,0.0
9674,1.2045826986455928,0.5975655950120128,-1.54e-06,2.387138367997413,2.9709305229720875,61.52385032980746,1.0052136313683062,17.903805624566413,0.12067054082980143,-76.60172532394503,-1.1573229341274334,-53.19551662344007,0.6295741068180681,51.61590450605732,0.2719344611720337,0.18183116488701118,0.00015748,0.6623889533517544,0.00081957,0,0.0
9675,0.5009481884894771,0.4186860688890687,-1.54e-06,2.387138367997413,2.9709305229720875,-54.80645602667013,1.0052136313683062,-6.424949577273173,0.12067054082980143,-22.294926451563132,-1.1573229341274334,21.363245282292738,0.6295741068180681,59.64221085461849,0.2719344611720337,-0.31365863340798067,0.00015748,0.3356412999448439,0.00081957,1,0.0
9676,0.8687224610264875,0.5621589915976865,-1.54e-06,2.387138367997413,2.9709305229720875,62.975301038484716,1.0052136313683062,10.364947376385151,0.12067054082980143,-69.04146081952281,-1.1573229341274334,5.043694569822422,0.6295741068180681,34.95919462577278,0.2719344611720337,0.32315108055889274,0.00015748,0.9178111874406113,0.00081957,0,0.0
9677,0.6220374781385807,0.3679529981986343,-1.54e-06,2.387138367997413,2.9709305229720875,78.56799725623557,1.0052136313683062,14.70771526390071,0.12067054082980143,-20.21094059613454,-1.1573229341274334,-93.85981538262027,0.6295741068180681,0.08316676048311061,0.2719344611720337,-0.24934461844412448,0.00015748,0.44274035040738824,0.00081957,1,0.0
9678,-0.0014461633292682796,0.2253129094913412,-1.54e-06,2.387138367997413,2.9709305229720875,-63.13105157185458,1.0052136313683062,-5.6297746776171165,0.12067054082980143,-18.200515209348755,-1.1573229341274334,71.2132123307359,0.6295741068180681,30.546840475760572,0.2719344611720337,-0.18362047263185094,0.00015748,0.3487210754795899,0.00081957,1,0.0
9679,0.0016421793534293627,0.1755659099226067,-1.54e-06,2.387138367997413,2.9709305229720875,71.11403519585426,1.0052136313683062,8.512754897703234,0.12067054082980143,-70.33302300442537,-1.1573229341274334,82.95271012342324,0.6295741068180681,-6.863580248263997,0.2719344611720337,0.34621440905782513,0.00015748,1.0889157599806836,0.00081957,0,0.0
9680,1.0492007645852768,0.5408223636140128,-1.54e-06,2.387138367997413,2.9709305229720875,45.32834710566819,1.0052136313683062,20.431948617061625,0.12067054082980143,-83.3163554306604,-1.1573229341274334,-58.36042598768089,0.6295741068180681,56.212576565415674,0.2719344611720337,-0.13801593360863623,0.00015748,0.5738224777448975,0.00081957,1,0.0
9681,1.555549194597714,0.45232763490375344,-1.54e-06,2.387138367997413,2.9709305229720875,-70.67709415183559,1.0052136313683062,3.821525333685872,0.12067054082980143,-0.8851788173949305,-1.1573229341274334,-79.01964918102396,0.6295741068180681,79.56136359035207,0.2719344611720337,-0.05819456970872475,0.00015748,0.05661037507795827,0.00081957,1,0.0
9682,0.8727545498322832,0.432625336408338,-1.54e-06,2.387138367997413,2.9709305229720875,39.95443938690521,1.0052136313683062,17.335887810738203,0.12067054082980143,-73.54206962498563,-1.1573229341274334,-49.40225780466995,0.6295741068180681,49.24362953828578,0.2719344611720337,-0.16080957061774553,0.00015748,0.5009646839699788,0.00081957,1,0.0
9683,-0.5284459494667602,3.878118028146929,-1.54e-06,2.387138367997413,2.9709305229720875,-56.21890075541122,1.0052136313683062,13.793202854659706,0.12067054082980143,-50.594028566907944,-1.1573229341274334,88.44790062546919,0.6295741068180681,-2.1601854151087587,0.2719344611720337,-0.9776562637924888,0.00015748,0.9947548192037259,0.00081957,1,0.0
9684,0.0006386775459654714,0.051834696022575406,-1.54e-06,2.387138367997413,2.9709305229720875,54.05068706332978,1.0052136313683062,12.215544226630806,0.12067054082980143,-99.97937985621543,-1.1573229341274334,81.43460468847171,0.6295741068180681,18.629483758384364,0.2719344611720337,0.402663599763625,0.00015748,0.6611656886858341,0.00081957,0,0.0
9685,0.015307358883734246,0.04393634582990037,-1.54e-06,2.387138367997413,2.9709305229720875,-25.74618049599943,1.0052136313683062,5.924385976953547,0.12067054082980143,-72.76203778330438,-1.1573229341274334,51.47774065087247,0.6295741068180681,47.04147252841881,0.2719344611720337,-0.1270974973130258,0.00015748,0.12895322989607208,0.00081957,1,0.0
9686,0.132269908018108,0.05884430494475977,-1.54e-06,2.387138367997413,2.9709305229720875,85.74131380380605,1.0052136313683062,15.989777005968444,0.12067054082980143,-87.74749255582593,-1.1573229341274334,33.66042664771128,0.6295741068180681,5.1973927359621594,0.2719344611720337,0.4896743649704961,0.00015748,0.5101891106914517,0.00081957,0,0.0
9687,0.0010150136353070244,0.11509149517441397,-1.54e-06,2.387138367997413,2.9709305229720875,15.90218938257347,1.0052136313683062,0.8980303321693195,0.12067054082980143,-4.887063185068127,-1.1573229341274334,8.940470806932217,0.6295741068180681,-6.185898553741824,0.2719344611720337,0.049917400325001735,0.00015748,0.20690353558023306,0.00081957,0,0.0
9688,0.0014081485328611976,0.08664980788710679,-1.54e-06,2.387138367997413,2.9709305229720875,-23.348257894290462,1.0052136313683062,6.124584517481414,0.12067054082980143,-81.42084033251776,-1.1573229341274334,69.03217333686395,0.6295741068180681,47.85106238712376,0.2719344611720337,0.04262091942927173,0.00015748,0.14986497722838618,0.00081957,0,0.0
9689,0.6868811020313376,0.12675385843607978,-1.54e-06,2.387138367997413,2.9709305229720875,-41.52738042734149,1.0052136313683062,2.4749381388777314,0.12067054082980143,-37.95748448969737,-1.1573229341274334,-6.094137063600047,0.6295741068180681,62.30644620357515,0.2719344611720337,-0.14498637994013477,0.00015748,0.14794800155829227,0.00081957,1,0.0
9690,0.37234052688323005,0.21342602102853586,-1.54e-06,2.387138367997413,2.9709305229720875,69.67176643678894,1.0052136313683062,10.523607207666476,0.12067054082980143,-0.20494206286524852,-1.1573229341274334,-88.16567698076692,0.6295741068180681,-13.143439821344042,0.2719344611720337,-0.31534573944701144,0.00015748,0.3187654117096908,0.00081957,1,0.0
9691,0.7470727868870611,0.21404418145456588,-1.54e-06,2.387138367997413,2.9709305229720875,-11.819659436287925,1.0052136313683062,12.029537665876102,0.12067054082980143,-67.0817870250616,-1.1573229341274334,-25.99032061619973,0.6295741068180681,64.23060306332253,0.2719344611720337,-0.2992357608133075,0.00015748,0.29975507055557615,0.00081957,1,0.0
9692,0.0003210944626100276,0.28819603444316155,-1.54e-06,2.387138367997413,2.9709305229720875,9.03207867232076,1.0052136313683062,3.2605717381280135,0.12067054082980143,-58.46853023102884,-1.1573229341274334,82.66475869356667,0.6295741068180681,17.107729897919054,0.2719344611720337,0.13910976986779555,0.00015748,0.7015038700659146,0.00081957,0,0.0
9693,1.3164436714960752,0.6203907216101041,-1.54e-06,2.387138367997413,2.9709305229720875,74.50154896034002,1.0052136313683062,21.311085820086934,0.12067054082980143,-86.66572499832347,-1.1573229341274334,-58.66156632005773,0.6295741068180681,52.75160397380367,0.2719344611720337,0.2671767798742818,0.00015748,0.7268640553506484,0.00081957,0,0.0
9694,0.6794040164330444,0.209548618827091,-1.54e-06,2.387138367997413,2.9709305229720875,84.59312103320984,1.0052136313683062,21.19080488476248,0.12067054082980143,-99.27834271503272,-1.1573229341274334,-4.612419290996069,0.6295741068180681,29.243747676508217,0.2719344611720337,0.4091743404177019,0.00015748,0.6407961068642772,0.00081957,0,0.0
9695,-0.993663411495429,6.0253989880097985,-1.54e-06,2.387138367997413,2.9709305229720875,-32.429240056839326,1.0052136313683062,15.820949669135052,0.12067054082980143,-45.416057944984196,-1.1573229341274334,100.0,0.6295741068180681,-34.49433152974955,0.2719344611720337,-1.1573969453054516,0.00015748,1.1352542549334599,0.00081957,1,0.0
9696,0.6528294709633728,0.3141849393046121,-1.54e-06,2.387138367997413,2.9709305229720875,29.782788488482023,1.0052136313683062,14.48291666064413,0.12067054082980143,-56.735419003575345,-1.1573229341274334,-50.83614600492229,0.6295741068180681,39.36588775189091,0.2719344611720337,-0.32580561705984373,0.00015748,0.3926730997990772,0.00081957,1,0.0
9697,0.08843422547842542,0.0022999105238275044,-1.54e-06,2.387138367997413,2.9709305229720875,-32.139943295932014,1.0052136313683062,1.3944812233787274,0.12067054082980143,-37.33724014920679,-1.1573229341274334,34.75103134222763,0.6295741068180681,34.14689324420415,0.2719344611720337,-0.017980370364549067,0.00015748,0.018597464417881668,0.00081957,1,0.0
9698,0.0026965130511110436,0.21250526374327514,-1.54e-06,2.387138367997413,2.9709305229720875,-9.93088612883099,1.0052136313683062,-1.0878329561990867,0.12067054082980143,-11.414107472653452,-1.1573229341274334,38.28369980215016,0.6295741068180681,4.800738989700376,0.2719344611720337,-0.029088497444032108,0.00015748,0.3741498313810333,0.00081957,1,0.0
9699,0.007893474517415094,0.018681786968322685,-1.54e-06,2.387138367997413,2.9709305229720875,-42.09430065670614,1.0052136313683062,-2.606165437157638,0.12067054082980143,-20.450523253119176,-1.1573229341274334,42.75265914778493,0.6295741068180681,27.001010821728148,0.2719344611720337,-0.08679070369447549,0.00015748,0.08711543763497297,0.00081957,1,0.0
9700,0.8764693560395644,0.38781196019457503,-1.54e-06,2.4469845184420502,3.085375171979975,62.46629129664469,1.0052136313683062,17.89046348709616,0.12067054082980143,-83.3717976641318,-1.1573229341274334,-40.38615552122618,0.6295741068180681,47.10945670966738,0.2719344611720337,0.10898210142316028,0.00015748,0.522363738809072,0.00081957,0,0.0
9701,0.04587862071819182,0.09428527029941507,-1.54e-06,2.4469845184420502,3.085375171979975,93.55125257679441,1.0052136313683062,14.228539283163226,0.12067054082980143,-79.5485393660217,-1.1573229341274334,40.297438163506776,0.6295741068180681,-4.642462976978617,0.2719344611720337,0.40913832055539623,0.00015748,0.49552699218054086,0.00081957,0,0.0
9702,0.5010001335007183,0.04727008589778326,-1.54e-06,2.4469845184420502,3.085375171979975,-80.00197716619853,1.0052136313683062,-0.3340640952217216,0.12067054082980143,-35.93377981106428,-1.1573229341274334,30.839746374117965,0.6295741068180681,66.048080915122,0.2719344611720337,-0.05706681174722407,0.00015748,0.05701050289216175,0.00081957,1,0.0
9703,0.04148135175487383,0.006348542709253748,-1.54e-06,2.4469845184420502,3.085375171979975,-33.16298089109651,1.0052136313683062,2.6727136590922806,0.12067054082980143,-51.71498188614953,-1.1573229341274334,46.56446564337377,0.6295741068180681,39.944903367406425,0.2719344611720337,-0.041827541478456076,0.00015748,0.04172465369533401,0.00081957,1,0.0
9704,0.5661975953820106,0.25621745421471204,-1.54e-06,2.4469845184420502,3.085375171979975,78.58880589263921,1.0052136313683062,19.71755651218819,0.12067054082980143,-95.07558569741909,-1.1573229341274334,-12.435209480837171,0.6295741068180681,31.499704498798685,0.2719344611720337,0.18619441905388157,0.00015748,0.5171550571100882,0.00081957,0,0.0
9705,0.2969179273910032,0.11723183968376609,-1.54e-06,2.4469845184420502,3.085375171979975,86.91433822304138,1.0052136313683062,17.520038524246704,0.12067054082980143,-97.2276129654921,-1.1573229341274334,33.31941750143092,0.6295741068180681,14.92495496418146,0.2719344611720337,0.47370692470606635,0.00015748,0.49015958421632966,0.00081957,0,0.0
9706,0.3341459857124061,0.5352783468628989,-1.54e-06,2.4469845184420502,3.085375171979975,-17.555088163159134,1.0052136313683062,-3.236242380508427,0.12067054082980143,-47.63099927861679,-1.1573229341274334,50.8187611035924,0.6295741068180681,49.93144686710361,0.2719344611720337,-0.12963281298151752,0.00015748,0.5279176119788574,0.00081957,1,0.0
9707,-7.85275293102572e-06,0.09236784437521134,-1.54e-06,2.4469845184420502,3.085375171979975,71.04228092855578,1.0052136313683062,12.674982098177308,0.12067054082980143,-94.43639581310933,-1.1573229341274334,78.36907448357316,0.6295741068180681,8.004253749909658,0.2719344611720337,0.36627339855219965,0.00015748,0.62449027228021,0.00081957,0,0.0
9708,0.001108873139983868,0.10956184673375086,-1.54e-06,2.4469845184420502,3.085375171979975,32.282500364472945,1.0052136313683062,8.491824746956173,0.12067054082980143,-56.24152057407758,-1.1573229341274334,20.218792218318473,0.6295741068180681,14.025246158431464,0.2719344611720337,0.00493139840089904,0.00015748,0.21809769383793512,0.00081957,0,0.0
9709,0.0011124424759518803,0.21220252225324068,-1.54e-06,2.4469845184420502,3.085375171979975,94.10445915374642,1.0052136313683062,12.323134761833328,0.12067054082980143,-81.48207519767163,-1.1573229341274334,98.87197454020291,0.6295741068180681,-17.04744163672114,0.2719344611720337,0.3556842603291824,0.00015748,1.1408187904556764,0.00081957,0,0.0
9710,0.09996528640897906,0.096054972599641,-1.54e-06,2.4469845184420502,3.085375171979975,24.260968020295273,1.0052136313683062,8.98207050797012,0.12067054082980143,-50.28602199355833,-1.1573229341274334,-6.66509365021372,0.6295741068180681,20.9180504242298,0.2719344611720337,-0.2110600921955822,0.00015748,0.21515921695115314,0.00081957,1,0.0
9711,0.7982497556495675,0.3831622661867825,-1.54e-06,2.4469845184420502,3.085375171979975,80.69653042374301,1.0052136313683062,14.338692815803583,0.12067054082980143,-80.40280751967184,-1.1573229341274334,-1.613177363552876,0.6295741068180681,32.33328555772109,0.2719344611720337,0.37233308184934955,0.00015748,0.726798206178106,0.00081957,0,0.0
9712,0.9307037219051195,0.30443551784110406,-1.54e-06,2.4469845184420502,3.085375171979975,-8.881259622445624,1.0052136313683062,16.424290822702694,0.12067054082980143,-84.21265607466302,-1.1573229341274334,-49.58900976399278,0.6295741068180681,81.09449996795028,0.2719344611720337,-0.3541239113994176,0.00015748,0.3560758285829965,0.00081957,1,0.0
9713,0.0015665462973690203,0.09701589078812455,-1.54e-06,2.4469845184420502,3.085375171979975,-35.27119723859178,1.0052136313683062,-3.972372370618651,0.12067054082980143,-14.17505575637422,-1.1573229341274334,47.426456905888074,0.6295741068180681,20.468712939262776,0.2719344611720337,-0.0828516936968415,0.00015748,0.191570801306402,0.00081957,1,0.0
9714,0.8285948502481355,0.3083357494775372,-1.54e-06,2.4469845184420502,3.085375171979975,20.965312795453535,1.0052136313683062,11.62577111404491,0.12067054082980143,-46.70060993680098,-1.1573229341274334,-75.56438766127772,0.6295741068180681,52.10898381124561,0.2719344611720337,-0.3417615319494718,0.00015748,0.35234804987149193,0.00081957,1,0.0
9715,0.0005058642378588107,0.04539278569708274,-1.54e-06,2.4469845184420502,3.085375171979975,-0.8140135091632619,1.0052136313683062,6.1450121864127425,0.12067054082980143,-55.13049683414761,-1.1573229341274334,26.817116275334488,0.6295741068180681,28.274801993964637,0.2719344611720337,-0.12301456773974337,0.00015748,0.13490821307233722,0.00081957,1,0.0
9716,0.0004144293572430069,0.2751890570365272,-1.54e-06,2.4469845184420502,3.085375171979975,73.6023940048239,1.0052136313683062,5.0203131194227275,0.12067054082980143,-28.86664968063907,-1.1573229341274334,46.37537131550604,0.6295741068180681,-25.394519543046023,0.2719344611720337,0.20888801241967736,0.00015748,0.7736038580500648,0.00081957,0,0.0
9717,0.06692879602315527,0.15026437692620614,-1.54e-06,2.4469845184420502,3.085375171979975,78.63091718581263,1.0052136313683062,12.37469754655688,0.12067054082980143,-56.120313937638784,-1.1573229341274334,3.0616963640471533,0.6295741068180681,-4.738401634152828,0.2719344611720337,0.1744629460237433,0.00015748,0.34288473032838535,0.00081957,0,0.0
9718,-0.0018639444735650823,0.8774054345604749,-1.54e-06,2.4469845184420502,3.085375171979975,33.96132034573828,1.0052136313683062,13.370055744858302,0.12067054082980143,-33.753294859922775,-1.1573229341274334,38.738589214710956,0.6295741068180681,-22.66660199492107,0.2719344611720337,-0.14868267460972973,0.00015748,0.8507120235828822,0.00081957,1,0.0
9719,0.14887524665611013,0.28845029418539775,-1.54e-06,2.4469845184420502,3.085375171979975,-19.853609553084294,1.0052136313683062,2.2924515277487814,0.12067054082980143,-89.75274433986714,-1.1573229341274334,97.86707767414724,0.6295741068180681,57.80572973725334,0.2719344611720337,0.06621220797324001,0.00015748,0.45907646801398194,0.00081957,0,0.0
9720,0.001568251280907318,0.08546360109181922,-1.54e-06,2.4469845184420502,3.085375171979975,-6.153697927944183,1.0052136313683062,8.176763364940854,0.12067054082980143,-81.62862240315184,-1.1573229341274334,52.70163184796391,0.6295741068180681,41.9451979263308,0.2719344611720337,-0.06329757408614335,0.00015748,0.1787886282358292,0.00081957,1,0.0
9721,0.0023548588542975785,0.35810374878812024,-1.54e-06,2.4469845184420502,3.085375171979975,17.669879872867767,1.0052136313683062,0.39260463839296833,0.12067054082980143,-32.349578927035324,-1.1573229341274334,73.22262285025194,0.6295741068180681,0.4495543035215721,0.2719344611720337,0.07159563370017868,0.00015748,0.6888049076592482,0.00081957,0,0.0
9722,0.17090078076508963,0.1167757785109036,-1.54e-06,2.4469845184420502,3.085375171979975,70.72806802971321,1.0052136313683062,8.745519223376354,0.12067054082980143,-1e-20,-1.1573229341274334,-74.58712332627603,0.6295741068180681,-18.79994615871909,0.2719344611720337,-0.2315197459190203,0.00015748,0.2393267135142662,0.00081957,1,0.0
9723,0.06837286235013629,0.1559504717670551,-1.54e-06,2.4469845184420502,3.085375171979975,96.4517722255252,1.0052136313683062,12.77842675527009,0.12067054082980143,-43.2416203772496,-1.1573229341274334,-14.960548531867673,0.6295741068180681,-18.333460259930963,0.2719344611720337,0.1865488944999663,0.00015748,0.3606541790470779,0.00081957,0,0.0
9724,0.5962622958950046,0.04687452965195386,-1.54e-06,2.4469845184420502,3.085375171979975,-73.1398463073398,1.0052136313683062,2.74955674151238,0.12067054082980143,-48.02630808303474,-1.1573229341274334,20.708227664883196,0.6295741068180681,73.0160968861886,0.2719344611720337,-0.03437427870233733,0.00015748,0.0347589267288853,0.00081957,1,0.0
9725,0.20894326202973568,0.006306630435023235,-1.54e-06,2.4469845184420502,3.085375171979975,-73.03859837102736,1.0052136313683062,1.8303755440125784,0.12067054082980143,-67.9014004440968,-1.1573229341274334,69.29508456902539,0.6295741068180681,68.52714105559649,0.2719344611720337,-0.03257018049296942,0.00015748,0.03284754294422562,0.00081957,1,0.0
9726,0.6179538386279013,0.2116717207081213,-1.54e-06,2.4469845184420502,3.085375171979975,-8.092892371786128,1.0052136313683062,13.741546906005416,0.12067054082980143,-90.21485608813626,-1.1573229341274334,-13.631880537482463,0.6295741068180681,73.43990843918615,0.2719344611720337,-0.3079387388445256,0.00015748,0.3160138244987214,0.00081957,1,0.0
9727,0.4707787040759231,0.11768310225869608,-1.54e-06,2.4469845184420502,3.085375171979975,26.01123623418876,1.0052136313683062,9.805491363797794,0.12067054082980143,-25.66227918824519,-1.1573229341274334,-58.111536564954044,0.6295741068180681,21.10655090345695,0.2719344611720337,-0.225908089643315,0.00015748,0.2269313804178119,0.00081957,1,0.0
9728,0.0016951763434027711,0.07063299158603756,-1.54e-06,2.4469845184420502,3.085375171979975,16.28605866281387,1.0052136313683062,6.909808056233781,0.12067054082980143,-49.57476672941934,-1.1573229341274334,15.91544160893104,0.6295741068180681,18.614820177831632,0.2719344611720337,-0.09491338026890236,0.00015748,0.16650639882726512,0.00081957,1,0.0
9729,0.2573716795484109,0.13818973979020563,-1.54e-06,2.4469845184420502,3.085375171979975,-35.04840407587802,1.0052136313683062,1.2786780210222823,0.12067054082980143,-62.30586187866917,-1.1573229341274334,41.62961291229789,0.6295741068180681,60.1721170519357,0.2719344611720337,-0.15080761881500432,0.00015748,0.20117558194775254,0.00081957,1,0.0
9730,1.1036617102040038,0.19212423035867138,-1.54e-06,2.4469845184420502,3.085375171979975,-66.13630577238628,1.0052136313683062,5.31608546929278,0.12067054082980143,-26.48661073702383,-1.1573229341274334,-46.94097366746228,0.6295741068180681,78.49008650910788,0.2719344611720337,-0.08188810817721114,0.00015748,0.08185432245353673,0.00081957,1,0.0
9731,0.0003248910576653663,0.11017683063017704,-1.54e-06,2.4469845184420502,3.085375171979975,25.134761392822398,1.0052136313683062,1.6363834407735023,0.12067054082980143,-0.9363300988854303,-1.1573229341274334,2.738455248322796,0.6295741068180681,-12.66159901638801,0.2719344611720337,0.05602000037336434,0.00015748,0.19122545497188653,0.00081957,0,0.0
9732,0.9704039666081502,0.15011411234827188,-1.54e-06,2.4469845184420502,3.085375171979975,-52.28337577190691,1.0052136313683062,4.7616006675630205,0.12067054082980143,-22.69774522220546,-1.1573229341274334,-45.55989757292406,0.6295741068180681,67.39833070549439,0.2719344611720337,-0.08143467568738043,0.00015748,0.08226527421987455,0.00081957,1,0.0
9733,0.9398442832001687,0.17003605214201606,-1.54e-06,2.4469845184420502,3.085375171979975,-15.88999589400136,1.0052136313683062,7.986651262454592,0.12067054082980143,-15.705192772427205,-1.1573229341274334,-76.15486076828911,0.6295741068180681,48.92960531397767,0.2719344611720337,-0.16566872585868594,0.00015748,0.1660071506938827,0.00081957,1,0.0
9734,0.0005314260702211082,0.3502302250451433,-1.54e-06,2.4469845184420502,3.085375171979975,-16.298960637700723,1.0052136313683062,-2.816079606351968,0.12067054082980143,-28.039420903176488,-1.1573229341274334,79.43304366781133,0.6295741068180681,14.125787971910517,0.2719344611720337,-0.022970230662338775,0.00015748,0.5677832639998148,0.00081957,1,0.0
9735,0.0010027428774170843,0.11967495409748148,-1.54e-06,2.4469845184420502,3.085375171979975,75.04248537651631,1.0052136313683062,12.09921016288889,0.12067054082980143,-73.5137047496578,-1.1573229341274334,44.25602604276015,0.6295741068180681,-0.9569583073947837,0.2719344611720337,0.3433209681119286,0.00015748,0.42501196582206224,0.00081957,0,0.0
9736,0.0009584811593359999,0.02118218769310219,-1.54e-06,2.4469845184420502,3.085375171979975,-3.7252782100024224,1.0052136313683062,1.4771316762482594,0.12067054082980143,-18.11762438880551,-1.1573229341274334,15.261157565228714,0.6295741068180681,9.891738758596434,0.2719344611720337,0.01112080065193169,0.00015748,0.03255800792345662,0.00081957,0,0.0
9737,0.6563131208977588,0.31873565484909944,-1.54e-06,2.4469845184420502,3.085375171979975,35.655454609178314,1.0052136313683062,17.407676839348923,0.12067054082980143,-76.64429934964082,-1.1573229341274334,-50.64295834376743,0.6295741068180681,49.12977408079018,0.2719344611720337,-0.2902814406806179,0.00015748,0.4076936654506963,0.00081957,1,0.0
9738,0.7035396297585862,0.09420670803040371,-1.54e-06,2.4469845184420502,3.085375171979975,-24.17318507900468,1.0052136313683062,7.228834084908647,0.12067054082980143,-33.6600850770259,-1.1573229341274334,-37.0654453567955,0.6295741068180681,52.12178251523401,0.2719344611720337,-0.14376034531276327,0.00015748,0.14384171852783978,0.00081957,1,0.0
9739,0.7579299963974286,0.11766721421164623,-1.54e-06,2.4469845184420502,3.085375171979975,-71.93595716139164,1.0052136313683062,-0.3119504742980659,0.12067054082980143,-6.2918061163770425,-1.1573229341274334,-16.22876106335614,0.6295741068180681,56.972720696478724,0.2719344611720337,-0.06707515616167385,0.00015748,0.06688783273804423,0.00081957,1,0.0
9740,0.05127920173244649,0.07922725321443988,-1.54e-06,2.4469845184420502,3.085375171979975,3.2589959462115274,1.0052136313683062,8.756847142127771,0.12067054082980143,-67.81829367123446,-1.1573229341274334,22.574839065712162,0.6295741068180681,34.95257117802817,0.2719344611720337,-0.18911684345408267,0.00015748,0.18942028762693688,0.00081957,1,0.0
9741,0.001963242646908836,0.0693766858735843,-1.54e-06,2.4469845184420502,3.085375171979975,23.70109035722951,1.0052136313683062,5.706110237395427,0.12067054082980143,-35.67408406710933,-1.1573229341274334,8.124069725723986,0.6295741068180681,8.415813485200118,0.2719344611720337,-0.03214678839015109,0.00015748,0.1505649066969225,0.00081957,1,0.0
9742,0.47558778359301584,0.034001817493871475,-1.54e-06,2.4469845184420502,3.085375171979975,-32.6516458617451,1.0052136313683062,3.7100267519779226,0.12067054082980143,-27.676843269251357,-1.1573229341274334,-9.42070150926343,0.6295741068180681,43.60530123019197,0.2719344611720337,-0.06320716744221717,0.00015748,0.06327586054244506,0.00081957,1,0.0
9743,0.006764310079170777,0.09924930723775104,-1.54e-06,2.4469845184420502,3.085375171979975,46.39671548401331,1.0052136313683062,8.120556044102264,0.12067054082980143,-32.77816108329668,-1.1573229341274334,-14.964239205103814,0.6295741068180681,-0.8947904147906709,0.2719344611720337,-0.11954121454643296,0.00015748,0.21231704621337633,0.00081957,1,0.0
9744,0.174579359758466,0.047948379609693816,-1.54e-06,2.4469845184420502,3.085375171979975,26.012292434434368,1.0052136313683062,6.252281872823017,0.12067054082980143,-18.066951215954077,-1.1573229341274334,-30.86399101245471,0.6295741068180681,6.472850542203874,0.2719344611720337,-0.15225152263107494,0.00015748,0.15350582066890056,0.00081957,1,0.0
9745,0.03899335268533055,0.1009406665921104,-1.54e-06,2.4469845184420502,3.085375171979975,53.51164212797345,1.0052136313683062,8.4928822273958,0.12067054082980143,-22.29864640399319,-1.1573229341274334,-36.84121817962377,0.6295741068180681,-6.47062884373571,0.2719344611720337,-0.20965005585357702,0.00015748,0.21931924644925752,0.00081957,1,0.0
9746,0.794709775579848,0.3633601870585429,-1.54e-06,2.4469845184420502,3.085375171979975,-51.72421487833676,1.0052136313683062,10.682906868834316,0.12067054082980143,-28.663593482431143,-1.1573229341274334,-36.09475827696339,0.6295741068180681,52.276564250598746,0.2719344611720337,-0.31164076487138986,0.00015748,0.3063292956465055,0.00081957,1,0.0
9747,-0.2417610935608789,1.3744146307903033,-1.54e-06,2.4469845184420502,3.085375171979975,22.269527751973463,1.0052136313683062,2.884620526750405,0.12067054082980143,-0.07383664702826273,-1.1573229341274334,74.33850912735085,0.6295741068180681,-42.105766723762244,0.2719344611720337,-0.15073511616791652,0.00015748,0.9867917960186794,0.00081957,1,0.0
9748,0.7991941833242313,0.12752366513415891,-1.54e-06,2.4469845184420502,3.085375171979975,-70.80857977929143,1.0052136313683062,0.016145616342147638,0.12067054082980143,-4.779188163242964,-1.1573229341274334,-22.103842494241814,0.6295741068180681,57.27548391886202,0.2719344611720337,-0.062225380157631245,0.00015748,0.062309401392716755,0.00081957,1,0.0
9749,-0.00973247178995873,2.5080465383730663,-1.54e-06,2.4469845184420502,3.085375171979975,74.53951973125015,1.0052136313683062,29.252586934495476,0.12067054082980143,-43.53587392912174,-1.1573229341274334,-22.79210489526683,0.6295741068180681,-45.77929774528438,0.2719344611720337,-0.604459978640851,0.00015748,1.1055434165815092,0.00081957,1,0.0
9750,0.9262738419810722,0.2040051015188079,-1.54e-06,2.4469845184420502,3.085375171979975,-9.237163950150983,1.0052136313683062,10.477547630766985,0.12067054082980143,-39.304019014843554,-1.1573229341274334,-68.2277013403381,0.6295741068180681,59.45331676596085,0.2719344611720337,-0.2420365738650443,0.00015748,0.242736756410471,0.00081957,1,0.0
9751,0.057825166655209426,0.09664304227719822,-1.54e-06,2.4469845184420502,3.085375171979975,13.615443198755722,1.0052136313683062,9.237975040496973,0.12067054082980143,-64.79938036218132,-1.1573229341274334,14.805936161915264,0.6295741068180681,29.8600862274202,0.2719344611720337,-0.18396477527349256,0.00015748,0.21068769289876613,0.00081957,1,0.0
9752,0.09102238449508615,0.004348032596200439,-1.54e-06,2.4469845184420502,3.085375171979975,-41.025490369836064,1.0052136313683062,2.3916975332159227,0.12067054082980143,-53.47382774640107,-1.1573229341274334,48.860886935780016,0.6295741068180681,45.61812862192795,0.2719344611720337,-0.03249831640777909,0.00015748,0.032719839530789524,0.00081957,1,0.0
9753,0.7531538528183535,0.0811491228362526,-1.54e-06,2.4469845184420502,3.085375171979975,-63.837855463947534,1.0052136313683062,3.6324948643095865,0.12067054082980143,-37.13150951804733,-1.1573229341274334,-7.719789047707563,0.6295741068180681,70.31340725888909,0.2719344611720337,-0.04883601306443829,0.00015748,0.04893038414424399,0.00081957,1,0.0
9754,-0.0007349736364608561,0.6500430592625779,-1.54e-06,2.4469845184420502,3.085375171979975,92.73636537453396,1.0052136313683062,3.061863247832283,0.12067054082980143,-20.80788449608072,-1.1573229341274334,89.91501253971941,0.6295741068180681,-47.86438629597495,0.2719344611720337,0.19249393996912678,0.00015748,1.4669156879374556,0.00081957,0,0.0
9755,-0.02609277681270994,1.6626971320111061,-1.54e-06,2.4469845184420502,3.085375171979975,-49.166321929284976,1.0052136313683062,11.430235697283576,0.12067054082980143,-8.891946601573371,-1.1573229341274334,22.531362455985974,0.6295741068180681,-6.282040719347902,0.2719344611720337,-0.7370204420592076,0.00015748,0.7364874289185993,0.00081957,1,0.0
9756,0.0017490335862069273,0.15217599429961587,-1.54e-06,2.4469845184420502,3.085375171979975,42.57231522821413,1.0052136313683062,6.94799029281711,0.12067054082980143,-53.51020387030449,-1.1573229341274334,43.78198047270959,0.6295741068180681,4.427775145981167,0.2719344611720337,0.21105632833916171,0.00015748,0.35842192764981523,0.00081957,0,0.0
9757,0.38996725197881643,0.02264808509954852,-1.54e-06,2.4469845184420502,3.085375171979975,-50.177649946221315,1.0052136313683062,2.1771576751345014,0.12067054082980143,-35.96617315270355,-1.1573229341274334,17.836187296602336,0.6295741068180681,50.599298431260635,0.2719344611720337,-0.02705104976787389,0.00015748,0.032709703857812654,0.00081957,1,0.0
9758,0.601699731049171,0.2111934761142179,-1.54e-06,2.4469845184420502,3.085375171979975,-35.56072346412457,1.0052136313683062,7.73197284907097,0.12067054082980143,-15.00746665883883,-1.1573229341274334,-32.865480697000756,0.6295741068180681,34.68244226945135,0.2719344611720337,-0.23211982164465314,0.00015748,0.2339607143880986,0.00081957,1,0.0
9759,1.0059429577349808,0.32413296642193273,-1.54e-06,2.4469845184420502,3.085375171979975,8.721471798914463,1.0052136313683062,14.866430063205888,0.12067054082980143,-54.874829388766734,-1.1573229341274334,-84.12768508843301,0.6295741068180681,63.893208226677466,0.2719344611720337,-0.3482879527412198,0.00015748,0.3487406845552242,0.00081957,1,0.0
9760,0.7964142877754254,1.064667841523851,-1.54e-06,2.4469845184420502,3.085375171979975,12.873254619627835,1.0052136313683062,1.9571098606442328,0.12067054082980143,-92.3609122897268,-1.1573229341274334,85.0769230259157,0.6295741068180681,69.57790125014624,0.2719344611720337,0.1289047494370521,0.00015748,1.1488563897619104,0.00081957,0,0.0
9761,0.0006141830895212697,0.04925395707264735,-1.54e-06,2.4469845184420502,3.085375171979975,29.101829858679544,1.0052136313683062,3.819172410227057,0.12067054082980143,-10.751161817600671,-1.1573229341274334,-10.299779031451454,0.6295741068180681,-6.350500080063791,0.2719344611720337,-0.012133754289831926,0.00015748,0.1051191928397282,0.00081957,1,0.0
9762,-0.01134596672360444,0.6027526818548437,-1.54e-06,2.4469845184420502,3.085375171979975,92.83906075902294,1.0052136313683062,14.883996529573153,0.12067054082980143,-49.055272167680805,-1.1573229341274334,63.5666964560068,0.6295741068180681,-41.180821827157395,0.2719344611720337,0.17291410143969543,0.00015748,1.1740271437520349,0.00081957,0,0.0
9763,0.1829520616135211,0.006744098898787695,-1.54e-06,2.4469845184420502,3.085375171979975,-8.819913242063485,1.0052136313683062,2.2484147311150027,0.12067054082980143,-14.371364884688822,-1.1573229341274334,-5.000203849191756,0.6295741068180681,17.33744312213537,0.2719344611720337,-0.04413786611609087,0.00015748,0.04413392876768239,0.00081957,1,0.0
9764,0.0016061326567886058,0.25786648103238824,-1.54e-06,2.4469845184420502,3.085375171979975,42.708898877100005,1.0052136313683062,2.8683959209999386,0.12067054082980143,-28.817436344356175,-1.1573229341274334,47.23192020579677,0.6295741068180681,-9.721601782821171,0.2719344611720337,0.1371761344889278,0.00015748,0.5816729063770494,0.00081957,0,0.0
9765,0.9063936689744067,0.26041699004304664,-1.54e-06,2.4469845184420502,3.085375171979975,13.703142977754526,1.0052136313683062,11.375340122671279,0.12067054082980143,-35.053124830537236,-1.1573229341274334,-85.13642932303172,0.6295741068180681,49.7227968989924,0.2719344611720337,-0.29625448000030474,0.00015748,0.30211331406118613,0.00081957,1,0.0
9766,0.04256039483698504,0.023035954235984424,-1.54e-06,2.4469845184420502,3.085375171979975,-64.2017763523165,1.0052136313683062,-2.640502836828062,0.12067054082980143,-32.862007518370746,-1.1573229341274334,63.14287727071473,0.6295741068180681,41.27304548373424,0.2719344611720337,-0.10092744239038755,0.00015748,0.10069853732631297,0.00081957,1,0.0
9767,0.0003417804338660263,0.15342216679148424,-1.54e-06,2.4469845184420502,3.085375171979975,-20.138059868411776,1.0052136313683062,1.4579349751528459,0.12067054082980143,-49.04142076715503,-1.1573229341274334,70.40723858339719,0.6295741068180681,27.51285446500583,0.2719344611720337,0.037335759523446393,0.00015748,0.2950718746226837,0.00081957,0,0.0
9768,0.06168618230001266,0.0948866248656782,-1.54e-06,2.4469845184420502,3.085375171979975,68.53014367853459,1.0052136313683062,7.677011543049267,0.12067054082980143,-0.5214326999725328,-1.1573229341274334,-61.96124081548975,0.6295741068180681,-21.708219112232523,0.2719344611720337,-0.21387173267525073,0.00015748,0.21491008550442303,0.00081957,1,0.0
9769,0.48562690019057253,0.03375837451162241,-1.54e-06,2.4469845184420502,3.085375171979975,-43.27249455392474,1.0052136313683062,2.417011065761364,0.12067054082980143,-29.750911006556294,-1.1573229341274334,-0.07366737294121298,0.6295741068180681,49.70012732182705,0.2719344611720337,-0.03750499613161728,0.00015748,0.03718391451661856,0.00081957,1,0.0
9770,0.000577575531402641,0.1580276708143435,-1.54e-06,2.4469845184420502,3.085375171979975,2.758863548117214,1.0052136313683062,1.8777870162740107,0.12067054082980143,-35.8179798208349,-1.1573229341274334,49.887459330850675,0.6295741068180681,12.417536233269784,0.2719344611720337,0.06798054873033775,0.00015748,0.3055866068066893,0.00081957,0,0.0
9771,1.0743547610288247,0.8823497025692726,-1.54e-06,2.4469845184420502,3.085375171979975,-36.245432069020836,1.0052136313683062,23.84614360686511,0.12067054082980143,-80.94217468354351,-1.1573229341274334,-59.4604420176646,0.6295741068180681,78.57406908795731,0.2719344611720337,-0.5448697485788745,0.00015748,0.5300153797035978,0.00081957,1,0.0
9772,0.1053007189202948,0.1044903652332212,-1.54e-06,2.4469845184420502,3.085375171979975,-68.62315454839295,1.0052136313683062,-3.457712630368714,0.12067054082980143,-58.400325535233435,-1.1573229341274334,79.64088212458947,0.6295741068180681,64.28546997777879,0.2719344611720337,-0.13304635908849266,0.00015748,0.1541884109136919,0.00081957,1,0.0
9773,0.0011343714013221928,0.08904788716192587,-1.54e-06,2.4469845184420502,3.085375171979975,-34.78505785392154,1.0052136313683062,-1.6446021194114415,0.12067054082980143,-27.793530617455183,-1.1573229341274334,54.635088083257784,0.6295741068180681,25.25519524173485,0.2719344611720337,-0.042906081741584196,0.00015748,0.18063564376703822,0.00081957,1,0.0
9774,-0.00010232017168598784,0.568705072228751,-1.54e-06,2.4469845184420502,3.085375171979975,5.727882801862199,1.0052136313683062,-4.286226605275126,0.12067054082980143,-17.90231543948557,-1.1573229341274334,85.88540463420861,0.6295741068180681,-1.5936017300263008,0.2719344611720337,-0.013196498573437077,0.00015748,0.8493115547818954,0.00081957,1,0.0
9775,-0.0027988442421871262,0.6028389515932239,-1.54e-06,2.4469845184420502,3.085375171979975,35.39074288677369,1.0052136313683062,15.07325632457708,0.12067054082980143,-57.137927625567215,-1.1573229341274334,42.46862676828828,0.6295741068180681,-7.174146555789587,0.2719344611720337,-0.084013611345023,0.00015748,0.6980761940924802,0.00081957,1,0.0
9776,0.000968141697424596,0.17183897018147418,-1.54e-06,2.4469845184420502,3.085375171979975,26.608703019780137,1.0052136313683062,5.803998180896702,0.12067054082980143,-31.737067680999687,-1.1573229341274334,30.15768395584196,0.6295741068180681,-2.7476055689599694,0.2719344611720337,0.09308543119959262,0.00015748,0.33416801156512105,0.00081957,0,0.0
9777,0.10183073877090187,0.08459714862801654,-1.54e-06,2.4469845184420502,3.085375171979975,0.5078758301390238,1.0052136313683062,9.014651484314022,0.12067054082980143,-71.48206343431139,-1.1573229341274334,22.195606104342517,0.6295741068180681,40.08653897196712,0.2719344611720337,-0.19354327758079723,0.00015748,0.19884329742289916,0.00081957,1,0.0
9778,0.5777505319708497,0.24675890545202486,-1.54e-06,2.4469845184420502,3.085375171979975,31.413761502417415,1.0052136313683062,15.041968911244346,0.12067054082980143,-99.74938730364768,-1.1573229341274334,13.988571508601167,0.6295741068180681,55.695119675546614,0.2719344611720337,0.12826731583134976,0.00015748,0.4155043433996962,0.00081957,0,0.0
9779,0.0006843512647830337,0.2530033421572467,-1.54e-06,2.4469845184420502,3.085375171979975,16.28204626896587,1.0052136313683062,-0.1401899570447681,0.12067054082980143,-20.588792767728542,-1.1573229341274334,47.50577353233728,0.6295741068180681,-0.9787831964847513,0.2719344611720337,0.05154552705312865,0.00015748,0.4736180941798268,0.00081957,0,0.0
9780,0.0007326651899024483,0.13710634288151022,-1.54e-06,2.4469845184420502,3.085375171979975,99.39400767105194,1.0052136313683062,10.123097590793833,0.12067054082980143,-55.51329704658054,-1.1573229341274334,50.74600322526869,0.6295741068180681,-23.42386569382616,0.2719344611720337,0.339759542153822,0.00015748,0.7872445019779966,0.00081957,0,0.0
9781,0.8489040366556102,0.13855772488102217,-1.54e-06,2.4469845184420502,3.085375171979975,-89.09772758205384,1.0052136313683062,-0.10308272525441092,0.12067054082980143,-18.624975109122932,-1.1573229341274334,-5.631885667727838,0.6295741068180681,73.0677445684835,0.2719344611720337,-0.06950646238498932,0.00015748,0.06950847271683604,0.00081957,1,0.0
9782,0.8679742966329782,0.4804977192980223,-1.54e-06,2.4469845184420502,3.085375171979975,1.002583412959249,1.0052136313683062,6.059036825890634,0.12067054082980143,-56.405696453601884,-1.1573229341274334,-22.960657790764884,0.6295741068180681,65.99467164863763,0.2719344611720337,-0.09846937746341,0.00015748,0.43899562206606046,0.00081957,1,0.0
9783,0.06903587581935122,0.15301246554756417,-1.54e-06,2.4469845184420502,3.085375171979975,100.0,1.0052136313683062,12.787856298399273,0.12067054082980143,-43.04003348790256,-1.1573229341274334,-14.096341038733426,0.6295741068180681,-20.05697816813653,0.2719344611720337,0.2180445815342109,0.00015748,0.3687408611480856,0.00081957,0,0.0
9784,1.0533187062249787,0.1725144178286574,-1.54e-06,2.4469845184420502,3.085375171979975,-73.28668570283784,1.0052136313683062,4.161545133481076,0.12067054082980143,-28.22895225548217,-1.1573229341274334,-34.85613471772994,0.6295741068180681,80.35504360529134,0.2719344611720337,-0.056021811187997705,0.00015748,0.055953827285702085,0.00081957,1,0.0
9785,0.2687068278577839,0.1603712962741849,-1.54e-06,2.4469845184420502,3.085375171979975,73.92427963267846,1.0052136313683062,11.409093703899243,0.12067054082980143,-1e-20,-1.1573229341274334,-89.96500187805366,0.6295741068180681,-18.770641487139518,0.2719344611720337,-0.2654181024723386,0.00015748,0.26852171552224574,0.00081957,1,0.0
9786,0.46623188046924824,0.2540119771612018,-1.54e-06,2.4469845184420502,3.085375171979975,41.55649307111131,1.0052136313683062,15.628751006981215,0.12067054082980143,-67.49541253374133,-1.1573229341274334,-41.48033346198006,0.6295741068180681,35.09453068840243,0.2719344611720337,-0.2618932169050094,0.00015748,0.3680697050961698,0.00081957,1,0.0
9787,0.7969006219694883,0.16072877538468383,-1.54e-06,2.4469845184420502,3.085375171979975,-44.02896166694525,1.0052136313683062,11.970945978925387,0.12067054082980143,-91.2660396509854,-1.1573229341274334,-3.34060453057222,0.6295741068180681,93.02332550210784,0.2719344611720337,-0.24591176308744364,0.00015748,0.24615913418576582,0.00081957,1,0.0
9788,0.28102467659849584,0.21363540526039737,-1.54e-06,2.4469845184420502,3.085375171979975,93.82799758321664,1.0052136313683062,14.297749925140371,0.12067054082980143,-40.89909218183074,-1.1573229341274334,-45.91384341549021,0.6295741068180681,-8.278990421524734,0.2719344611720337,0.03639286860558885,0.00015748,0.39654849954870597,0.00081957,0,0.0
9789,0.0008019697471610687,0.07787046734661351,-1.54e-06,2.4469845184420502,3.085375171979975,58.3760870816936,1.0052136313683062,6.931035838062434,0.12067054082980143,-7.747231427102816,-1.1573229341274334,-42.65293785598703,0.6295741068180681,-17.11779940262043,0.2719344611720337,-0.17173333892113132,0.00015748,0.18995496519918323,0.00081957,1,0.0
9790,1.0731198745745731,0.22145185226096278,-1.54e-06,2.4469845184420502,3.085375171979975,-31.826491580127534,1.0052136313683062,10.341355118231611,0.12067054082980143,-45.139430247821615,-1.1573229341274334,-62.72749479880925,0.6295741068180681,75.42150271489606,0.2719344611720337,-0.2172635836163658,0.00015748,0.2171435560481986,0.00081957,1,0.0
9791,0.7820482404248154,0.18818220557884296,-1.54e-06,2.4469845184420502,3.085375171979975,13.885488056183302,1.0052136313683062,11.250784302103456,0.12067054082980143,-28.499646195487337,-1.1573229341274334,-78.5916197827352,0.6295741068180681,38.95005167353521,0.2719344611720337,-0.25613688425519915,0.00015748,0.25581120551921427,0.00081957,1,0.0
9792,-0.0002804707817719576,0.07530009000683392,-1.54e-06,2.4469845184420502,3.085375171979975,-6.552809259230515,1.0052136313683062,6.153035555419886,0.12067054082980143,-65.49418858775518,-1.1573229341274334,50.02107870640655,0.6295741068180681,32.857238558143735,0.2719344611720337,0.024673729447664328,0.00015748,0.13687230702544773,0.00081957,0,0.0
9793,0.1828960912962616,0.008344198360035707,-1.54e-06,2.4469845184420502,3.085375171979975,-23.017436904408825,1.0052136313683062,3.079733020086709,0.12067054082980143,-36.30670283322422,-1.1573229341274334,16.919333112654364,0.6295741068180681,33.899292973793095,0.2719344611720337,-0.0569135518337202,0.00015748,0.05726851612115218,0.00081957,1,0.0
9794,1.0082929009925032,0.18942280134541728,-1.54e-06,2.4469845184420502,3.085375171979975,-18.48389850248133,1.0052136313683062,7.287777954068066,0.12067054082980143,-8.776246703377463,-1.1573229341274334,-83.94700305263102,0.6295741068180681,49.265491159210946,0.2719344611720337,-0.15377131865827431,0.00015748,0.15330295581004327,0.00081957,1,0.0
9795,0.5357983766937999,0.22961827539201818,-1.54e-06,2.4469845184420502,3.085375171979975,23.214053025024835,1.0052136313683062,14.543943771805985,0.12067054082980143,-68.29325788868316,-1.1573229341274334,-40.84174861837635,0.6295741068180681,46.479924072914216,0.2719344611720337,-0.3153742306786004,0.00015748,0.335837494894614,0.00081957,1,0.0
9796,0.8788411455139435,0.44778825626799,-1.54e-06,2.4469845184420502,3.085375171979975,47.89216307729726,1.0052136313683062,19.311633168869058,0.12067054082980143,-71.11487696329428,-1.1573229341274334,-85.27484830444455,0.6295741068180681,51.41973074628094,0.2719344611720337,-0.3570078483095252,0.00015748,0.47171961646955013,0.00081957,1,0.0
9797,-0.0007793354083913129,0.5194334115938499,-1.54e-06,2.4469845184420502,3.085375171979975,99.89730747144199,1.0052136313683062,4.633257340265818,0.12067054082980143,-21.381667857378666,-1.1573229341274334,75.54054921544771,0.6295741068180681,-49.23604779750534,0.2719344611720337,0.2216932562662356,0.00015748,1.3489740022383216,0.00081957,0,0.0
9798,0.09890124738960471,0.13425293004296182,-1.54e-06,2.4469845184420502,3.085375171979975,36.2062473956788,1.0052136313683062,10.655666218452927,0.12067054082980143,-59.81099773929237,-1.1573229341274334,1.3972061455307392,0.6295741068180681,19.05122839165785,0.2719344611720337,-0.1137722339898577,0.00015748,0.2622367930491264,0.00081957,1,0.0
9799,0.34117872822949497,0.0829033251192548,-1.54e-06,2.4469845184420502,3.085375171979975,-8.123820189619245,1.0052136313683062,9.228560554480273,0.12067054082980143,-64.8299072120496,-1.1573229341274334,1.8298766013132004,0.6295741068180681,48.97661025296916,0.2719344611720337,-0.19635704129043052,0.00015748,0.20093168896471458,0.00081957,1,0.0
9800,-0.0005233937613975392,0.8017526027856878,-1.54e-06,0.8719611650083201,3.0023031448610418,73.59843420411862,1.0052136313683062,44.24138031420076,0.12067054082980143,-59.035583284500156,-1.1573229341274334,81.58219287474125,0.6295741068180681,-49.113694393175344,0.2719344611720337,2.0653859264935344,0.00015748,4.921739135600795,0.00081957,0,0.0
9801,0.0004310857644764243,0.039983397077862456,-1.54e-06,0.8719611650083201,3.0023031448610418,4.901561335131553,1.0052136313683062,5.309708923931903,0.12067054082980143,-24.401025766699817,-1.1573229341274334,46.544978242057276,0.6295741068180681,-0.7229916392335937,0.2719344611720337,0.4887120199642935,0.00015748,0.5356686992166945,0.00081957,0,0.0
9802,0.02572473919649898,0.041179995469714174,-1.54e-06,0.8719611650083201,3.0023031448610418,94.50729406954336,1.0052136313683062,80.83531250126822,0.12067054082980143,-77.25844406125562,-1.1573229341274334,-72.35830544908657,0.6295741068180681,-41.39656236559396,0.2719344611720337,0.2589283277971761,0.00015748,7.743544931303339,0.00081957,0,0.0
9803,0.8202792726253039,0.24808291340353866,-1.54e-06,0.8719611650083201,3.0023031448610418,11.58404654852465,1.0052136313683062,25.708605312597328,0.12067054082980143,-14.415844867222448,-1.1573229341274334,-51.38564049803786,0.6295741068180681,9.715521380258208,0.2719344611720337,0.2876913660597026,0.00015748,1.9512837191965224,0.00081957,0,0.0
9804,1.7105202558611685,0.6589093924706855,-1.54e-06,0.8719611650083201,3.0023031448610418,-40.68434329011928,1.0052136313683062,14.392313937946392,0.12067054082980143,-27.384157111574496,-1.1573229341274334,-72.90070681276546,0.6295741068180681,71.17205606657724,0.2719344611720337,-0.33016333422136307,0.00015748,0.3300661259813879,0.00081957,1,0.0
9805,-0.0010226870483527328,0.46084865801744285,-1.54e-06,0.8719611650083201,3.0023031448610418,74.11487827950091,1.0052136313683062,44.07292452554371,0.12067054082980143,-41.91485737791503,-1.1573229341274334,28.475115511460604,0.6295741068180681,-49.05487198798295,0.2719344611720337,1.4837453360671522,0.00015748,4.982693215100353,0.00081957,0,0.0
9806,1.4164147285710516,0.5228211052945255,-1.54e-06,0.8719611650083201,3.0023031448610418,-20.184126283286528,1.0052136313683062,31.715412300483653,0.12067054082980143,-72.79541226113847,-1.1573229341274334,-9.226634514009234,0.6295741068180681,59.115504613761615,0.2719344611720337,0.29142177719025364,0.00015748,1.7803366036633608,0.00081957,0,0.0
9807,-3.221443840062399e-05,0.03274297763612392,-1.54e-06,0.8719611650083201,3.0023031448610418,30.72876273001377,1.0052136313683062,24.419083548983192,0.12067054082980143,-29.583637047717666,-1.1573229341274334,2.427678009691085,0.6295741068180681,-14.959943344692736,0.2719344611720337,0.39128923418898,0.00015748,2.4186597352171315,0.00081957,0,0.0
9808,0.19873457205697853,0.553129469175267,-1.54e-06,0.8719611650083201,3.0023031448610418,-13.671334749236227,1.0052136313683062,-6.614070132988535,0.12067054082980143,-20.54064927529598,-1.1573229341274334,54.440377566232925,0.6295741068180681,15.753614406943951,0.2719344611720337,-0.4683169976385821,0.00015748,0.47962323723782024,0.00081957,1,0.0
9809,0.6519456756202318,0.16255448776463757,-1.54e-06,0.8719611650083201,3.0023031448610418,2.2884825709820715,1.0052136313683062,21.750035576519718,0.12067054082980143,-34.93276016268079,-1.1573229341274334,-9.5651596307033,0.6295741068180681,18.4158990273972,0.2719344611720337,0.30154978879788275,0.00015748,1.5073055455735798,0.00081957,0,0.0
9810,0.4860006331004916,0.107054019258517,-1.54e-06,0.8719611650083201,3.0023031448610418,-32.60456335263499,1.0052136313683062,9.602356935660893,0.12067054082980143,-78.87215464129103,-1.1573229341274334,58.48437117017733,0.6295741068180681,54.73444892682862,0.2719344611720337,-0.16067238059826217,0.00015748,0.16085382898384076,0.00081957,1,0.0
9811,-0.00045417140989367777,0.5682135990089505,-1.54e-06,0.8719611650083201,3.0023031448610418,49.29502936796149,1.0052136313683062,28.120637795038576,0.12067054082980143,-51.299489443220224,-1.1573229341274334,92.15354307285419,0.6295741068180681,-32.583257238734184,0.2719344611720337,1.757182556495998,0.00015748,3.345697247011868,0.00081957,0,0.0
9812,0.0010099355775734509,0.02904532046621088,-1.54e-06,0.8719611650083201,3.0023031448610418,48.14831852384837,1.0052136313683062,31.86798382700554,0.12067054082980143,-15.459545595809677,-1.1573229341274334,-40.12739217243385,0.6295741068180681,-29.18428447998487,0.2719344611720337,0.27091373195693924,0.00015748,3.406977089824568,0.00081957,0,0.0
9813,-0.007152686448964385,0.3822237178288423,-1.54e-06,0.8719611650083201,3.0023031448610418,52.52750814869094,1.0052136313683062,30.154660891522397,0.12067054082980143,-44.992224843532036,-1.1573229341274334,0.34665666437962417,0.6295741068180681,-22.55426624419078,0.2719344611720337,0.42665441468966625,0.00015748,4.455178833579195,0.00081957,0,0.0
9814,1.1318559347377086,0.40237828310205476,-1.54e-06,0.8719611650083201,3.0023031448610418,6.282664896766574,1.0052136313683062,28.03561109249414,0.12067054082980143,-14.104717679242544,-1.1573229341274334,-67.76822794872632,0.6295741068180681,19.215690812209477,0.2719344611720337,0.28555807026989277,0.00015748,2.00598506577607,0.00081957,0,0.0
9815,0.0018533205397657238,0.007927578985583526,-1.54e-06,0.8719611650083201,3.0023031448610418,30.660697311827015,1.0052136313683062,46.60318743940572,0.12067054082980143,-99.53219515187787,-1.1573229341274334,37.9647495317797,0.6295741068180681,6.002479569375229,0.2719344611720337,0.2684314197741262,0.00015748,3.82421828255466,0.00081957,0,0.0
9816,0.518077668051002,0.1656597749414823,-1.54e-06,0.8719611650083201,3.0023031448610418,78.13177868467471,1.0052136313683062,78.62524497401714,0.12067054082980143,-70.85651873995864,-1.1573229341274334,-91.39007208114356,0.6295741068180681,-23.090390190730513,0.2719344611720337,0.25960177646857296,0.00015748,7.150588266951577,0.00081957,0,0.0
9817,0.0015921894014687688,0.23598615126895955,-1.54e-06,0.8719611650083201,3.0023031448610418,44.88671331872948,1.0052136313683062,39.70370240603655,0.12067054082980143,-76.12657630197072,-1.1573229341274334,68.7454003864845,0.6295741068180681,-17.690389201506544,0.2719344611720337,1.1834965329540201,0.00015748,3.814111273743552,0.00081957,0,0.0
9818,0.5535380100375674,0.16164079495892136,-1.54e-06,0.8719611650083201,3.0023031448610418,38.6375893243448,1.0052136313683062,40.007251455301564,0.12067054082980143,-21.51326531188623,-1.1573229341274334,-67.47455373104856,0.6295741068180681,-10.901414701327786,0.2719344611720337,0.2688263398656352,0.00015748,3.570305894059846,0.00081957,0,0.0
9819,0.7323004090578547,0.3174913133750531,-1.54e-06,0.8719611650083201,3.0023031448610418,36.75402716276331,1.0052136313683062,50.10540379291962,0.12067054082980143,-71.76734730249585,-1.1573229341274334,-40.23157657208493,0.6295741068180681,10.31718140988606,0.2719344611720337,0.2639657620760776,0.00015748,4.811352778442057,0.00081957,0,0.0
9820,0.2867131547927064,1.093420222295459,-1.54e-06,0.8719611650083201,3.0023031448610418,61.42709919004971,1.0052136313683062,59.4766829799147,0.12067054082980143,-28.679358637351733,-1.1573229341274334,-28.800536344027005,0.6295741068180681,-41.1069951639936,0.2719344611720337,0.9821365036357352,0.00015748,4.168425327329927,0.00081957,0,0.0
9821,0.00804557529435404,0.03783682523483407,-1.54e-06,0.8719611650083201,3.0023031448610418,-20.699763089834928,1.0052136313683062,4.473152472144744,0.12067054082980143,-68.39030375559621,-1.1573229341274334,77.96231897740633,0.6295741068180681,33.67118363539853,0.2719344611720337,-0.07444379304291418,0.00015748,0.07426122309279845,0.00081957,1,0.0
9822,0.0031418449416811267,0.3635139067831965,-1.54e-06,0.8719611650083201,3.0023031448610418,49.35240149509382,1.0052136313683062,39.31645717377834,0.12067054082980143,-88.17878725005697,-1.1573229341274334,77.35598382693318,0.6295741068180681,-15.296313951683768,0.2719344611720337,1.167534380457532,0.00015748,4.526744158338584,0.00081957,0,0.0
9823,-0.0015140136369220514,0.508619097131444,-1.54e-06,0.8719611650083201,3.0023031448610418,59.40005155235438,1.0052136313683062,24.706923747983513,0.12067054082980143,-8.838332062248922,-1.1573229341274334,34.92618321474121,0.6295741068180681,-49.850622054337215,0.2719344611720337,1.5440329885205986,0.00015748,3.3177450588308925,0.00081957,0,0.0
9824,0.6571390445612931,0.15060341865622245,-1.54e-06,0.8719611650083201,3.0023031448610418,0.24471859217650452,1.0052136313683062,27.377691008596013,0.12067054082980143,-57.20281233543106,-1.1573229341274334,7.0381800617344785,0.6295741068180681,26.131654342434775,0.2719344611720337,0.29199326074041976,0.00015748,1.8084320247426442,0.00081957,0,0.0
9825,0.677601677086047,0.17021997465090374,-1.54e-06,0.8719611650083201,3.0023031448610418,1.0283374512948846,1.0052136313683062,22.145717396551476,0.12067054082980143,-36.729733407477966,-1.1573229341274334,-8.528813728452166,0.6295741068180681,20.16536355033065,0.2719344611720337,0.30056414943715204,0.00015748,1.488370490594611,0.00081957,0,0.0
9826,1.0587887032231902,0.3211328149183625,-1.54e-06,0.8719611650083201,3.0023031448610418,22.58196209384132,1.0052136313683062,61.22874506392673,0.12067054082980143,-96.10101931464939,-1.1573229341274334,-34.65848375300978,0.6295741068180681,30.724255143193666,0.2719344611720337,0.2656032723286663,0.00015748,4.601177080206611,0.00081957,0,0.0
9827,0.00031276572451344187,0.06010127813705891,-1.54e-06,0.8719611650083201,3.0023031448610418,46.7128244408346,1.0052136313683062,38.52911138304351,0.12067054082980143,-48.916021296411614,-1.1573229341274334,1.301133637643722,0.6295741068180681,-20.84362204435833,0.2719344611720337,0.5217724773428458,0.00015748,3.805648741301817,0.00081957,0,0.0
9828,0.5398994888247914,0.13712200694985374,-1.54e-06,0.8719611650083201,3.0023031448610418,22.723480651211666,1.0052136313683062,31.637389006775702,0.12067054082980143,-29.486382849689246,-1.1573229341274334,-37.076549784057455,0.6295741068180681,1.5088927889426373,0.2719344611720337,0.2763536624080698,0.00015748,2.6352400415698423,0.00081957,0,0.0
9829,1.0544063155799537,0.6226809552079138,-1.54e-06,0.8719611650083201,3.0023031448610418,-1.7734503235986718,1.0052136313683062,35.72082408578882,0.12067054082980143,-57.52371773434422,-1.1573229341274334,-27.313079447995854,0.6295741068180681,35.59131080374046,0.2719344611720337,0.19688889902671725,0.00015748,2.2381575614846696,0.00081957,0,0.0
9830,-0.0003511168251040253,0.16053799475998345,-1.54e-06,0.8719611650083201,3.0023031448610418,55.262668472457875,1.0052136313683062,52.432827930526415,0.12067054082980143,-89.40189274958529,-1.1573229341274334,45.32912773306446,0.6295741068180681,-18.755665813959148,0.2719344611720337,0.953831842291482,0.00015748,4.896337886778414,0.00081957,0,0.0
9831,-5.109773932149286e-05,0.0208994254102075,-1.54e-06,0.8719611650083201,3.0023031448610418,-1.3200375809913762,1.0052136313683062,9.014768556374475,0.12067054082980143,-48.399086093950125,-1.1573229341274334,64.77666938973383,0.6295741068180681,11.034519868844162,0.2719344611720337,0.42730875739816954,0.00015748,0.6066012286078835,0.00081957,0,0.0
9832,0.0009854589849946915,0.022032524025874627,-1.54e-06,0.8719611650083201,3.0023031448610418,59.268910691672104,1.0052136313683062,54.44005482440992,0.12067054082980143,-65.54185862387719,-1.1573229341274334,-25.94541073846885,0.6295741068180681,-22.220171241921012,0.2719344611720337,0.2631415794301364,0.00015748,5.10815479258042,0.00081957,0,0.0
9833,0.0002966413233131959,0.18727417340187186,-1.54e-06,0.8719611650083201,3.0023031448610418,49.877182289840874,1.0052136313683062,29.8680208563171,0.12067054082980143,-23.967913145937217,-1.1573229341274334,10.981077212197208,0.6295741068180681,-33.91212344915363,0.2719344611720337,0.9399389002746543,0.00015748,3.2851188602036565,0.00081957,0,0.0
9834,0.4969235733583899,0.10530117671465272,-1.54e-06,0.8719611650083201,3.0023031448610418,34.49758698871769,1.0052136313683062,59.964621616632925,0.12067054082980143,-99.48845491047688,-1.1573229341274334,-7.296341293489145,0.6295741068180681,12.673439736264847,0.2719344611720337,0.2650727657172638,0.00015748,4.706242140862429,0.00081957,0,0.0
9835,0.13620436063284147,0.029888537649513696,-1.54e-06,0.8719611650083201,3.0023031448610418,13.369124927380676,1.0052136313683062,20.476467724720454,0.12067054082980143,-40.257023559522274,-1.1573229341274334,16.742286933932856,0.6295741068180681,2.7913727571508695,0.2719344611720337,0.2950309156734938,0.00015748,1.6792854859239732,0.00081957,0,0.0
9836,0.000237671582138832,0.04634453168868238,-1.54e-06,0.8719611650083201,3.0023031448610418,80.85594163705612,1.0052136313683062,60.32107127657147,0.12067054082980143,-44.33027850977552,-1.1573229341274334,-66.43037210681719,0.6295741068180681,-42.500707431509916,0.2719344611720337,0.30911544753336084,0.00015748,6.15502183957574,0.00081957,0,0.0
9837,1.3807530146474178,0.5198146704138575,-1.54e-06,0.8719611650083201,3.0023031448610418,-21.91855963980441,1.0052136313683062,26.325710490657613,0.12067054082980143,-62.894972473453635,-1.1573229341274334,-9.357524152607182,0.6295741068180681,56.888055511056265,0.2719344611720337,0.3020960148289512,0.00015748,1.4318222768104905,0.00081957,0,0.0
9838,0.20144072433815485,0.051999460057430676,-1.54e-06,0.8719611650083201,3.0023031448610418,34.08957759454703,1.0052136313683062,32.91352969013764,0.12067054082980143,-33.04069508508276,-1.1573229341274334,-24.980966819136388,0.6295741068180681,-11.307477293417277,0.2719344611720337,0.2730678072782309,0.00015748,3.037088520968287,0.00081957,0,0.0
9839,8.508591817402156e-05,0.46341586295539866,-1.54e-06,0.8719611650083201,3.0023031448610418,98.01768720717234,1.0052136313683062,55.10335964499216,0.12067054082980143,-23.22102206204804,-1.1573229341274334,-26.65683959295647,0.6295741068180681,-69.17339581836936,0.2719344611720337,1.3754833291008781,0.00015748,6.291372137509367,0.00081957,0,0.0
9840,0.44963711577769816,0.08126170555951062,-1.54e-06,0.8719611650083201,3.0023031448610418,-28.990541861292115,1.0052136313683062,7.2709400580347525,0.12067054082980143,-67.63026129234578,-1.1573229341274334,51.311076333385394,0.6295741068180681,48.29520402987457,0.2719344611720337,-0.10138641112455272,0.00015748,0.10133477078248222,0.00081957,1,0.0
9841,0.03944567695419704,0.02008996897139656,-1.54e-06,0.8719611650083201,3.0023031448610418,14.239974980080149,1.0052136313683062,15.255148055644007,0.12067054082980143,-28.22703687382004,-1.1573229341274334,16.278714108631853,0.6295741068180681,-3.104384630337007,0.2719344611720337,0.30641990338874303,0.00015748,1.3780839729794598,0.00081957,0,0.0
9842,-0.0007965955835991245,0.5201540611958039,-1.54e-06,0.8719611650083201,3.0023031448610418,60.60948670953492,1.0052136313683062,46.571154542566994,0.12067054082980143,-83.8338401323533,-1.1573229341274334,90.83216480718598,0.6295741068180681,-30.48083793278832,0.2719344611720337,1.7275062512974144,0.00015748,4.711979231036533,0.00081957,0,0.0
9843,-8.560202429996888e-05,0.5460991544931365,-1.54e-06,0.8719611650083201,3.0023031448610418,50.377784780685296,1.0052136313683062,26.9825870733674,0.12067054082980143,-42.532122531710755,-1.1573229341274334,80.99531796463872,0.6295741068180681,-35.43425839551046,0.2719344611720337,1.7050676802179803,0.00015748,3.274766350421645,0.00081957,0,0.0
9844,-0.0004285814709254765,0.16672145555962942,-1.54e-06,0.8719611650083201,3.0023031448610418,11.01228894256293,1.0052136313683062,6.747680875808067,0.12067054082980143,-34.22232486158565,-1.1573229341274334,81.65317579078233,0.6295741068180681,-6.19708945579432,0.2719344611720337,0.7823234114389249,0.00015748,1.070690268054343,0.00081957,0,0.0
9845,1.529191179535921,0.559266716393209,-1.54e-06,0.8719611650083201,3.0023031448610418,-47.901936336764386,1.0052136313683062,15.657410238924461,0.12067054082980143,-63.242010213057,-1.1573229341274334,-21.525850451378773,0.6295741068180681,82.49639992018116,0.2719344611720337,-0.31365696904070467,0.00015748,0.31475289526675204,0.00081957,1,0.0
9846,2.028440568623278,0.8779956395302271,-1.54e-06,0.8719611650083201,3.0023031448610418,-46.83915950297958,1.0052136313683062,15.317682759693838,0.12067054082980143,-25.957645557678113,-1.1573229341274334,-87.94655645589609,0.6295741068180681,81.10981337555458,0.2719344611720337,-0.32350359260449113,0.00015748,0.32266427365820827,0.00081957,1,0.0
9847,0.0008799523479011695,0.01585199514997574,-1.54e-06,0.8719611650083201,3.0023031448610418,19.332218383611615,1.0052136313683062,18.449408847127245,0.12067054082980143,-29.902585887780024,-1.1573229341274334,11.83325316515756,0.6295741068180681,-6.614185825558871,0.2719344611720337,0.2927579733915511,0.00015748,1.7088774985079815,0.00081957,0,0.0
9848,0.1327209172306723,0.004094387967161799,-1.54e-06,0.8719611650083201,3.0023031448610418,-2.565954294273313,1.0052136313683062,1.0981336145147822,0.12067054082980143,-0.1589094916379145,-1.1573229341274334,-7.258696764241836,0.6295741068180681,4.394082230922721,0.2719344611720337,-0.024097052248509627,0.00015748,0.02402728691513641,0.00081957,1,0.0
9849,0.17123049418075187,0.03891842061353097,-1.54e-06,0.8719611650083201,3.0023031448610418,36.68663101927466,1.0052136313683062,42.70060280619518,0.12067054082980143,-62.738618394041886,-1.1573229341274334,-7.704515657847127,0.6295741068180681,-5.048711070735626,0.2719344611720337,0.268160232178678,0.00015748,3.748592798869285,0.00081957,0,0.0
9850,0.12838795380232448,0.02847962987158173,-1.54e-06,0.8719611650083201,3.0023031448610418,39.160276793118705,1.0052136313683062,49.074436436737074,0.12067054082980143,-81.68992319294689,-1.1573229341274334,4.013276862310776,0.6295741068180681,-2.087719644715461,0.2719344611720337,0.26625807233589915,0.00015748,4.224275735245051,0.00081957,0,0.0
9851,-0.0026646281903024427,0.6336823876990108,-1.54e-06,0.8719611650083201,3.0023031448610418,84.25081372164992,1.0052136313683062,53.24668396532652,0.12067054082980143,-58.052996593237914,-1.1573229341274334,44.18992144045198,0.6295741068180681,-53.77793663712578,0.2719344611720337,1.7752380550354503,0.00015748,5.787885355485683,0.00081957,0,0.0
9852,0.0011827972532323372,0.14648531646439886,-1.54e-06,0.8719611650083201,3.0023031448610418,82.01312492711004,1.0052136313683062,69.47041992219243,0.12067054082980143,-89.09201628253949,-1.1573229341274334,-4.3098728264428425,0.6295741068180681,-34.52938887727592,0.2719344611720337,0.7944177622778565,0.00015748,6.820632426325437,0.00081957,0,0.0
9853,1.2877538574334857,0.49755939782437575,-1.54e-06,0.8719611650083201,3.0023031448610418,6.735258296628198,1.0052136313683062,31.22296577040968,0.12067054082980143,-14.45228400672856,-1.1573229341274334,-80.419960633932,0.6295741068180681,22.170148140933467,0.2719344611720337,0.2827293048799773,0.00015748,2.2553985104789183,0.00081957,0,0.0
9854,-0.012249044317477642,1.0851005659016502,-1.54e-06,0.8719611650083201,3.0023031448610418,84.36855339722493,1.0052136313683062,43.28624952139999,0.12067054082980143,-46.76626630180962,-1.1573229341274334,81.02061159536939,0.6295741068180681,-62.00368595226637,0.2719344611720337,2.3253891726522835,0.00015748,5.2874180584533,0.00081957,0,0.0
9855,0.0007299871159354709,0.017331130178838118,-1.54e-06,0.8719611650083201,3.0023031448610418,12.855866407192467,1.0052136313683062,12.082327754632484,0.12067054082980143,-23.067425401634857,-1.1573229341274334,19.091862453385513,0.6295741068180681,-4.608184151188928,0.2719344611720337,0.3225121881005887,0.00015748,1.1223522983159104,0.00081957,0,0.0
9856,0.00041423939869589255,0.11572550947614153,-1.54e-06,0.8719611650083201,3.0023031448610418,35.12232948625384,1.0052136313683062,30.15677062057264,0.12067054082980143,-52.09958206543675,-1.1573229341274334,40.77824814038657,0.6295741068180681,-15.114853987878037,0.2719344611720337,0.8151106506110408,0.00015748,2.897478132389457,0.00081957,0,0.0
9857,0.0015395103130058096,0.32137467715971363,-1.54e-06,0.8719611650083201,3.0023031448610418,74.76246006381987,1.0052136313683062,63.09761937640099,0.12067054082980143,-97.98482936820383,-1.1573229341274334,48.78373583055013,0.6295741068180681,-31.78611045703123,0.2719344611720337,1.3068779619509998,0.00015748,6.198079163644004,0.00081957,0,0.0
9858,-6.37430475860512e-05,0.04565319945748632,-1.54e-06,0.8719611650083201,3.0023031448610418,76.11536888258598,1.0052136313683062,65.7388918548396,0.12067054082980143,-72.6282325773187,-1.1573229341274334,-37.36092598238413,0.6295741068180681,-32.08886399582957,0.2719344611720337,0.3770704714531048,0.00015748,6.322571207653492,0.00081957,0,0.0
9859,0.0015960225668654182,0.03290576864936975,-1.54e-06,0.8719611650083201,3.0023031448610418,78.59523434120574,1.0052136313683062,64.25243025566535,0.12067054082980143,-58.23665694835561,-1.1573229341274334,-58.71130402500253,0.6295741068180681,-36.82227222225613,0.2719344611720337,0.2616269209544373,0.00015748,6.280313438398164,0.00081957,0,0.0
9860,2.6409591938296844,1.8605432887678879,-1.54e-06,0.8719611650083201,3.0023031448610418,-27.861535816540986,1.0052136313683062,56.9068058156454,0.12067054082980143,-70.18955136108934,-1.1573229341274334,-86.24778290294394,0.6295741068180681,82.3028686535345,0.2719344611720337,0.2750022685432598,0.00015748,2.72487136624337,0.00081957,0,0.0
9861,0.00044686121337655926,0.3937145731912814,-1.54e-06,0.8719611650083201,3.0023031448610418,71.32879656906437,1.0052136313683062,33.368772697477134,0.12067054082980143,-5.0831980271694235,-1.1573229341274334,-3.967544260295803,0.6295741068180681,-56.307160594791284,0.2719344611720337,1.2963047227238622,0.00015748,4.195898414970694,0.00081957,0,0.0
9862,1.553502776174429,0.6075160955177309,-1.54e-06,0.8719611650083201,3.0023031448610418,-53.96223701607715,1.0052136313683062,17.723714787704058,0.12067054082980143,-82.5258109025877,-1.1573229341274334,-2.3472095459696014,0.6295741068180681,92.57532472686493,0.2719344611720337,-0.3466999245348507,0.00015748,0.34662203260434526,0.00081957,1,0.0
9863,5.691888437359127e-05,0.01753030112048254,-1.54e-06,0.8719611650083201,3.0023031448610418,0.5390547764243665,1.0052136313683062,10.197840677012403,0.12067054082980143,-45.6789179994546,-1.1573229341274334,57.67323926861548,0.6295741068180681,9.140269122103327,0.2719344611720337,0.39488421155853537,0.00015748,0.6875257238192529,0.00081957,0,0.0
9864,2.99428996974882e-05,0.5330774546664357,-1.54e-06,0.8719611650083201,3.0023031448610418,72.99331488709336,1.0052136313683062,59.521693882848226,0.12067054082980143,-99.42286674885412,-1.1573229341274334,82.51305323964739,0.6295741068180681,-34.31379005177339,0.2719344611720337,1.7374280698066702,0.00015748,5.828274421821687,0.00081957,0,0.0
9865,0.05183776727284384,0.03944986571910815,-1.54e-06,0.8719611650083201,3.0023031448610418,49.77170597765858,1.0052136313683062,33.315408028098936,0.12067054082980143,-10.537555868294852,-1.1573229341274334,-50.66057053400468,0.6295741068180681,-30.88832295944244,0.2719344611720337,0.26957288839713445,0.00015748,3.468763430736855,0.00081957,0,0.0
9866,9.034766970161812e-05,0.035456427479099224,-1.54e-06,0.8719611650083201,3.0023031448610418,80.24086207892067,1.0052136313683062,63.19157785789627,0.12067054082980143,-51.74542188792502,-1.1573229341274334,-64.84327838027168,0.6295741068180681,-39.76034043421795,0.2719344611720337,0.26333563413509253,0.00015748,6.266977562450801,0.00081957,0,0.0
9867,0.2605396364372716,0.04722306236520132,-1.54e-06,0.8719611650083201,3.0023031448610418,35.95413720198563,1.0052136313683062,54.4111937020083,0.12067054082980143,-95.86671022240648,-1.1573229341274334,7.196119805454755,0.6295741068180681,6.382134904889022,0.2719344611720337,0.2669790260556004,0.00015748,4.440330349302529,0.00081957,0,0.0
9868,0.06667319123641152,0.007764621979788682,-1.54e-06,0.8719611650083201,3.0023031448610418,-9.860836095966937,1.0052136313683062,2.44606864157376,0.12067054082980143,-28.759417037017837,-1.1573229341274334,28.455324511785186,0.6295741068180681,16.308595782606506,0.2719344611720337,-0.03533285469553241,0.00015748,0.03556847252138134,0.00081957,1,0.0
9869,0.002033965018846562,0.14685208236709696,-1.54e-06,0.8719611650083201,3.0023031448610418,61.263138381447696,1.0052136313683062,49.721186637341106,0.12067054082980143,-62.66776408639764,-1.1573229341274334,11.005005934599346,0.6295741068180681,-29.40148233529161,0.2719344611720337,0.8419885954795423,0.00015748,4.848456550908635,0.00081957,0,0.0
9870,-0.0001481241200007588,0.31326366518653587,-1.54e-06,0.8719611650083201,3.0023031448610418,61.212601793401745,1.0052136313683062,43.637800208331875,0.12067054082980143,-56.92816616584538,-1.1573229341274334,39.63082263951894,0.6295741068180681,-34.774927641775285,0.2719344611720337,1.2768744079622623,0.00015748,4.487129256363998,0.00081957,0,0.0
9871,1.4661355738388475,0.48056711087287535,-1.54e-06,0.8719611650083201,3.0023031448610418,-40.31063424285102,1.0052136313683062,8.441309086126115,0.12067054082980143,-35.370970565533426,-1.1573229341274334,-28.99782081696521,0.6295741068180681,66.59698559288637,0.2719344611720337,-0.08990348490512905,0.00015748,0.08935691952555018,0.00081957,1,0.0
9872,0.0007706505816549303,0.03160014535714336,-1.54e-06,0.8719611650083201,3.0023031448610418,56.486567129921916,1.0052136313683062,38.395163118184456,0.12067054082980143,-18.440136028872978,-1.1573229341274334,-51.083802265905476,0.6295741068180681,-33.83547391720722,0.2719344611720337,0.26683154590389346,0.00015748,4.0209563316595816,0.00081957,0,0.0
9873,0.00013029387758511923,0.016986171566202402,-1.54e-06,0.8719611650083201,3.0023031448610418,29.439964600478103,1.0052136313683062,28.363566397519712,0.12067054082980143,-41.50612465323931,-1.1573229341274334,4.149260892928273,0.6295741068180681,-9.8984016952421,0.2719344611720337,0.28874416038359074,0.00015748,2.6137715758133786,0.00081957,0,0.0
9874,2.2139469112379624,1.1938422146103589,-1.54e-06,0.8719611650083201,3.0023031448610418,-21.4740171840713,1.0052136313683062,41.275224807700404,0.12067054082980143,-54.48461552461024,-1.1573229341274334,-82.20666897739635,0.6295741068180681,70.28386250441585,0.2719344611720337,0.2778993831240044,0.00015748,2.3938979741962854,0.00081957,0,0.0
9875,0.5394638091617325,0.0949719182410582,-1.54e-06,0.8719611650083201,3.0023031448610418,-9.632423837538786,1.0052136313683062,5.480488087604135,0.12067054082980143,-1e-20,-1.1573229341274334,-39.32050519558211,0.6295741068180681,18.30372678017011,0.2719344611720337,-0.17850754075588895,0.00015748,0.1788947825092508,0.00081957,1,0.0
9876,0.0008652846458161445,0.03622862459960191,-1.54e-06,0.8719611650083201,3.0023031448610418,67.37255292933986,1.0052136313683062,46.4703493851623,0.12067054082980143,-23.19417861665838,-1.1573229341274334,-63.95459882346212,0.6295741068180681,-39.48447816438733,0.2719344611720337,0.2635429879604141,0.00015748,4.8548614458502355,0.00081957,0,0.0
9877,1.5912459721449816,0.6599805869874309,-1.54e-06,0.8719611650083201,3.0023031448610418,-3.325006318178258,1.0052136313683062,42.92643243391354,0.12067054082980143,-54.38269360093771,-1.1573229341274334,-62.813918645412315,0.6295741068180681,45.67333855664953,0.2719344611720337,0.2772710604898623,0.00015748,2.7443742294559152,0.00081957,0,0.0
9878,-0.0008725952507341317,0.38984275373064287,-1.54e-06,0.8719611650083201,3.0023031448610418,45.09039454054215,1.0052136313683062,23.370513153861474,0.12067054082980143,-28.392912067707503,-1.1573229341274334,57.69350330841437,0.6295741068180681,-33.9176488459761,0.2719344611720337,1.4315867779750535,0.00015748,2.7683375020115824,0.00081957,0,0.0
9879,0.334596054066438,0.05900144965130301,-1.54e-06,0.8719611650083201,3.0023031448610418,-6.688592678569933,1.0052136313683062,18.911010078028838,0.12067054082980143,-67.75401151705732,-1.1573229341274334,52.4354015268605,0.6295741068180681,27.228717132273548,0.2719344611720337,0.32266456783880587,0.00015748,1.1184539099961635,0.00081957,0,0.0
9880,0.12475850176471526,0.04486050108427141,-1.54e-06,0.8719611650083201,3.0023031448610418,58.98529249755201,1.0052136313683062,53.95783226684389,0.12067054082980143,-55.69564952000929,-1.1573229341274334,-41.55524229849496,0.6295741068180681,-22.5174399144211,0.2719344611720337,0.26503650839662596,0.00015748,5.056149891249687,0.00081957,0,0.0
9881,0.5671989632762084,0.7912606823768736,-1.54e-06,0.8719611650083201,3.0023031448610418,36.10364828007286,1.0052136313683062,67.76728660767786,0.12067054082980143,-99.7598354250683,-1.1573229341274334,25.84030047494654,0.6295741068180681,3.2373386682905485,0.2719344611720337,0.8360415499531499,0.00015748,4.36488985473618,0.00081957,0,0.0
9882,0.0017017471327338551,0.20800421441484998,-1.54e-06,0.8719611650083201,3.0023031448610418,42.39310149327338,1.0052136313683062,32.00273479705548,0.12067054082980143,-52.66683576591752,-1.1573229341274334,49.98832422253521,0.6295741068180681,-21.80474263335698,0.2719344611720337,1.0751341166374684,0.00015748,3.2631877630846815,0.00081957,0,0.0
9883,0.6206155420902482,0.1872871120291283,-1.54e-06,0.8719611650083201,3.0023031448610418,63.05273930256958,1.0052136313683062,70.77810978101121,0.12067054082980143,-70.75457677889034,-1.1573229341274334,-76.99498515612676,0.6295741068180681,-11.22672814637438,0.2719344611720337,0.2616173758789926,0.00015748,6.270520082731624,0.00081957,0,0.0
9884,0.003971787488349365,0.021817155778999814,-1.54e-06,0.8719611650083201,3.0023031448610418,52.0220229473969,1.0052136313683062,46.80440543509489,0.12067054082980143,-54.5089898326843,-1.1573229341274334,-22.61318409816986,0.6295741068180681,-20.653504575635438,0.2719344611720337,0.26527716723942296,0.00015748,4.405784863927268,0.00081957,0,0.0
9885,1.6500176267424755,1.5256228639700136,-1.54e-06,0.8719611650083201,3.0023031448610418,-44.9060345979667,1.0052136313683062,9.74633488286015,0.12067054082980143,-86.73049713236783,-1.1573229341274334,85.54118065736708,0.6295741068180681,78.62433817913546,0.2719344611720337,0.31073725414153275,0.00015748,1.188562046191187,0.00081957,0,0.0
9886,0.000515991241004099,0.005320628640530194,-1.54e-06,0.8719611650083201,3.0023031448610418,3.6766962194487767,1.0052136313683062,25.25221871802018,0.12067054082980143,-86.09758191062238,-1.1573229341274334,71.61212851744955,0.6295741068180681,19.413710613206916,0.2719344611720337,0.2932111847861497,0.00015748,1.7327159502861949,0.00081957,0,0.0
9887,0.35204220524484764,4.374764924641786,-1.54e-06,0.8719611650083201,3.0023031448610418,-51.1468928910438,1.0052136313683062,-28.75181827965859,0.12067054082980143,-34.53905290372925,-1.1573229341274334,92.72064961349287,0.6295741068180681,52.22675484366649,0.2719344611720337,-2.2036829272915814,0.00015748,0.22489776820012997,0.00081957,1,0.0
9888,0.0006597322837125219,0.028591031339584873,-1.54e-06,0.8719611650083201,3.0023031448610418,89.41256944957286,1.0052136313683062,83.21047124737491,0.12067054082980143,-98.52613640335686,-1.1573229341274334,-49.229942194759836,0.6295741068180681,-32.4194970464335,0.2719344611720337,0.2588233378570153,0.00015748,7.780237900289885,0.00081957,0,0.0
9889,0.4448652185910049,0.11751596928419819,-1.54e-06,0.8719611650083201,3.0023031448610418,42.22191875185261,1.0052136313683062,47.46593375636972,0.12067054082980143,-45.54110776698091,-1.1573229341274334,-49.14092630173568,0.6295741068180681,-8.548474381904853,0.2719344611720337,0.26670656900541867,0.00015748,4.128554254415493,0.00081957,0,0.0
9890,1.2114683561414885,0.4181566131847597,-1.54e-06,0.8719611650083201,3.0023031448610418,-48.6199195882673,1.0052136313683062,8.834311694243342,0.12067054082980143,-78.56296849896762,-1.1573229341274334,37.543093166490415,0.6295741068180681,79.16644422081788,0.2719344611720337,-0.11558161486246066,0.00015748,0.1159983097003518,0.00081957,1,0.0
9891,-0.0014136693305889514,0.17066816852440947,-1.54e-06,0.8719611650083201,3.0023031448610418,18.625114583925072,1.0052136313683062,18.850055314231653,0.12067054082980143,-57.655857302159674,-1.1573229341274334,86.63096355243252,0.6295741068180681,-4.86845062079546,0.2719344611720337,1.0612771950487172,0.00015748,1.7504524365462255,0.00081957,0,0.0
9892,0.0003300355366584462,0.3567433657392739,-1.54e-06,0.8719611650083201,3.0023031448610418,63.25198532173356,1.0052136313683062,50.065211188740406,0.12067054082980143,-78.43109749303687,-1.1573229341274334,59.289564995524664,0.6295741068180681,-30.98921072641718,0.2719344611720337,1.4019719914406044,0.00015748,4.9672113777323865,0.00081957,0,0.0
9893,-0.000401738217396419,0.39534901708396936,-1.54e-06,0.8719611650083201,3.0023031448610418,79.17672752775799,1.0052136313683062,48.975967959822796,0.12067054082980143,-45.980274887154216,-1.1573229341274334,13.614913373428106,0.6295741068180681,-49.619964716454476,0.2719344611720337,1.3338335240702865,0.00015748,5.511121703838919,0.00081957,0,0.0
9894,0.0038501169076277098,0.017274495849684036,-1.54e-06,0.8719611650083201,3.0023031448610418,37.043408495851196,1.0052136313683062,35.96552886280971,0.12067054082980143,-49.571010517210475,-1.1573229341274334,-3.586585634733496,0.6295741068180681,-12.38084417389449,0.2719344611720337,0.27060493315806133,0.00015748,3.293416892669187,0.00081957,0,0.0
9895,1.7404828955916336,1.20348997303163,-1.54e-06,0.8719611650083201,3.0023031448610418,-62.65315292779609,1.0052136313683062,6.327858744878953,0.12067054082980143,-82.65831035651189,-1.1573229341274334,41.58924185698324,0.6295741068180681,98.21356628411577,0.2719344611720337,-0.3467441712670327,0.00015748,0.34867869882384495,0.00081957,1,0.0
9896,0.0015390069084073588,0.041114796741216986,-1.54e-06,0.8719611650083201,3.0023031448610418,68.63076662534644,1.0052136313683062,43.43084042286545,0.12067054082980143,-9.009612876219736,-1.1573229341274334,-75.01955272503713,0.6295741068180681,-44.482107939956606,0.2719344611720337,0.2652443026805873,0.00015748,4.6589774518947005,0.00081957,0,0.0
9897,1.84471072923742e-05,0.009632606376336249,-1.54e-06,0.8719611650083201,3.0023031448610418,9.518803501629534,1.0052136313683062,20.231799324854432,0.12067054082980143,-56.757948402125855,-1.1573229341274334,44.17948782998957,0.6295741068180681,7.26748011953705,0.2719344611720337,0.30119882183804536,0.00015748,1.5544027670573781,0.00081957,0,0.0
9898,0.002072015432478702,0.3510311585121009,-1.54e-06,0.8719611650083201,3.0023031448610418,68.58671190419705,1.0052136313683062,35.97376704313597,0.12067054082980143,-17.87655093541134,-1.1573229341274334,3.755830350648502,0.6295741068180681,-50.3046418002004,0.2719344611720337,1.2452612381989094,0.00015748,4.285393803324866,0.00081957,0,0.0
9899,1.196117913652353,0.49520558460279485,-1.54e-06,0.8719611650083201,3.0023031448610418,-35.28029497317647,1.0052136313683062,16.23848800873327,0.12067054082980143,-51.80358261867148,-1.1573229341274334,-17.689292279799936,0.6295741068180681,62.711874370719826,0.2719344611720337,-0.26817769292405164,0.00015748,0.42571560978645157,0.00081957,1,0.0
9900,0.19685457531706443,0.008568822685555798,-1.54e-06,1.9464841943037883,5.142739189835587,-61.97032863564666,1.0052136313683062,16.15983994035811,0.12067054082980143,-83.69556020964747,-1.1573229341274334,-82.53499459885803,0.6295741068180681,78.07196929495058,0.2719344611720337,-0.06519431994647953,0.00015748,0.06529976586285027,0.00081957,1,0.0
9901,0.0399583718730345,0.010873254774570601,-1.54e-06,1.9464841943037883,5.142739189835587,-9.041137606462236,1.0052136313683062,14.328500260219078,0.12067054082980143,-60.60309149471374,-1.1573229341274334,-73.03293968003747,0.6295741068180681,35.06355546415566,0.2719344611720337,-0.06776938836841917,0.00015748,0.06774631955127619,0.00081957,1,0.0
9902,0.00030350577174378945,0.03189950317318736,-1.54e-06,1.9464841943037883,5.142739189835587,46.893491552291806,1.0052136313683062,15.325772215615586,0.12067054082980143,-26.94912921083448,-1.1573229341274334,-96.5842621087322,0.6295741068180681,-5.015025813740199,0.2719344611720337,-0.03766137284964163,0.00015748,0.08503233215577011,0.00081957,1,0.0
9903,0.000610372604729903,0.06320361849200311,-1.54e-06,1.9464841943037883,5.142739189835587,48.013328844211166,1.0052136313683062,21.62810638678948,0.12067054082980143,-93.69951235549415,-1.1573229341274334,28.34476006304552,0.6295741068180681,13.230522494250305,0.2719344611720337,-0.00944806883917522,0.00015748,0.12958319416933406,0.00081957,1,0.0
9904,0.00029483035767888244,0.05817559634292912,-1.54e-06,1.9464841943037883,5.142739189835587,81.0839767417398,1.0052136313683062,14.63116904856141,0.12067054082980143,-20.825675838572987,-1.1573229341274334,-38.3408977298664,0.6295741068180681,-25.725198073988306,0.2719344611720337,0.020245793378162742,0.00015748,0.10189951939027797,0.00081957,0,0.0
9905,0.0006279461390591989,0.05120655567450927,-1.54e-06,1.9464841943037883,5.142739189835587,37.79592626289545,1.0052136313683062,23.654335237046833,0.12067054082980143,-83.53473332867543,-1.1573229341274334,-90.247696855657,0.6295741068180681,21.96839746732929,0.2719344611720337,-0.07432489603559678,0.00015748,0.13065097887660754,0.00081957,1,0.0
9906,-1.3306073606472735e-05,0.0452680129396772,-1.54e-06,1.9464841943037883,5.142739189835587,51.66144208548215,1.0052136313683062,14.59502282676288,0.12067054082980143,-43.73283337249179,-1.1573229341274334,-35.824204463091036,0.6295741068180681,-2.616443403586312,0.2719344611720337,-0.012245283586476176,0.00015748,0.09740579378203823,0.00081957,1,0.0
9907,0.1803832595508927,0.006546754676157934,-1.54e-06,1.9464841943037883,5.142739189835587,-52.680347090898586,1.0052136313683062,11.78067155848307,0.12067054082980143,-39.615341855745406,-1.1573229341274334,-44.565074041769286,0.6295741068180681,47.34036846587075,0.2719344611720337,-0.040117921178732585,0.00015748,0.04012291850148002,0.00081957,1,0.0
9908,0.06749581889396278,0.001627444708193539,-1.54e-06,1.9464841943037883,5.142739189835587,-7.775416818956675,1.0052136313683062,6.384311442026947,0.12067054082980143,-13.956400434105753,-1.1573229341274334,-71.47358315204247,0.6295741068180681,17.596657718603414,0.2719344611720337,-0.027945934701556534,0.00015748,0.027945612509316438,0.00081957,1,0.0
9909,0.1523605559382844,0.001754965105257266,-1.54e-06,1.9464841943037883,5.142739189835587,-41.04505123602288,1.0052136313683062,1.0095298445639311,0.12067054082980143,-7.240032965007442,-1.1573229341274334,-40.8556441907846,0.6295741068180681,33.854926054255735,0.2719344611720337,-0.0017703933856888607,0.00015748,0.0017661359481341403,0.00081957,1,0.0
9910,0.059489874003521764,0.015579881465781008,-1.54e-06,1.9464841943037883,5.142739189835587,-30.61818057985239,1.0052136313683062,11.421804181935984,0.12067054082980143,-85.59721793424112,-1.1573229341274334,-40.64223866876349,0.6295741068180681,58.50043756633215,0.2719344611720337,-0.07657953616091501,0.00015748,0.07742917361323493,0.00081957,1,0.0
9911,0.10420114755238148,0.006158974664052784,-1.54e-06,1.9464841943037883,5.142739189835587,-49.19364964403455,1.0052136313683062,-6.936301388010273,0.12067054082980143,-6.234806981462218,-1.1573229341274334,55.792960545515896,0.6295741068180681,29.735408368977836,0.2719344611720337,-0.03330957191758549,0.00015748,0.03330587871208131,0.00081957,1,0.0
9912,0.11714230682756228,0.005383036676532267,-1.54e-06,1.9464841943037883,5.142739189835587,-23.411044580505532,1.0052136313683062,11.788696864645225,0.12067054082980143,-41.186299562065706,-1.1573229341274334,-98.25696387722225,0.6295741068180681,40.17740097571058,0.2719344611720337,-0.051277553285201456,0.00015748,0.05130305483602796,0.00081957,1,0.0
9913,0.1663785973611877,0.0019556666298943285,-1.54e-06,1.9464841943037883,5.142739189835587,-84.27903279228167,1.0052136313683062,9.488779727063047,0.12067054082980143,-91.4898803666484,-1.1573229341274334,49.33061861828492,0.6295741068180681,79.58181956462411,0.2719344611720337,-0.026483509887866127,0.00015748,0.026658991864472004,0.00081957,1,0.0
9914,0.00019411772722520426,0.004645258059299643,-1.54e-06,1.9464841943037883,5.142739189835587,0.505929728875988,1.0052136313683062,5.055807180024052,0.12067054082980143,-21.265390654571053,-1.1573229341274334,0.929522737113364,0.6295741068180681,6.773586352298791,0.2719344611720337,-0.013431175848369104,0.00015748,0.021006587501842994,0.00081957,1,0.0
9915,0.005421677083983688,4.3232532048709135e-05,-1.54e-06,1.9464841943037883,5.142739189835587,-4.022559851790162,1.0052136313683062,1.1811160540460992,0.12067054082980143,-7.560395355455257,-1.1573229341274334,3.4389368960039106,0.6295741068180681,4.550558835348909,0.2719344611720337,-0.003933486182964463,0.00015748,0.003942485031064856,0.00081957,1,0.0
9916,0.00021284788576003688,0.0641607156869393,-1.54e-06,1.9464841943037883,5.142739189835587,64.90720657001924,1.0052136313683062,19.7794418645473,0.12067054082980143,-69.41943875073517,-1.1573229341274334,-9.49645208389442,0.6295741068180681,-0.33915427687973776,0.2719344611720337,-0.004568758444156232,0.00015748,0.12967009847464767,0.00081957,1,0.0
9917,0.08022462721005685,0.0006870441586500439,-1.54e-06,1.9464841943037883,5.142739189835587,-47.29607835003569,1.0052136313683062,5.639647760111696,0.12067054082980143,-58.20584948751843,-1.1573229341274334,38.16256226459565,0.6295741068180681,46.1520721149412,0.2719344611720337,-0.01730855934644625,0.00015748,0.01731306256610794,0.00081957,1,0.0
9918,0.00042036214702567687,0.0661058520075626,-1.54e-06,1.9464841943037883,5.142739189835587,63.62005059323117,1.0052136313683062,11.073789935652353,0.12067054082980143,-41.06761051372187,-1.1573229341274334,90.43040626233919,0.6295741068180681,-18.886455466298422,0.2719344611720337,0.06619265548263946,0.00015748,0.0830096262009815,0.00081957,0,0.0
9919,0.024664800134670928,0.0034688986288591746,-1.54e-06,1.9464841943037883,5.142739189835587,1.5657316511266863,1.0052136313683062,8.131504590059825,0.12067054082980143,-23.87539238211773,-1.1573229341274334,-61.986388438012995,0.6295741068180681,13.935337507066691,0.2719344611720337,-0.038119728831424345,0.00015748,0.03812885429604198,0.00081957,1,0.0
9920,6.541777182095254e-06,0.013162528019966214,-1.54e-06,1.9464841943037883,5.142739189835587,20.368377101712,1.0052136313683062,12.643178402235677,0.12067054082980143,-25.008627339940073,-1.1573229341274334,-72.27561763767088,0.6295741068180681,2.4544053271370285,0.2719344611720337,-0.043289652569763325,0.00015748,0.054851437475122895,0.00081957,1,0.0
9921,0.0002759560511585435,0.028359408703879724,-1.54e-06,1.9464841943037883,5.142739189835587,50.81741548065031,1.0052136313683062,9.222430394655806,0.12067054082980143,-0.1846675759797345,-1.1573229341274334,-70.84856681538551,0.6295741068180681,-18.493399518420986,0.2719344611720337,-0.004839072757828897,0.00015748,0.05905881422099335,0.00081957,1,0.0
9922,0.00011693945607979539,0.016904321225674118,-1.54e-06,1.9464841943037883,5.142739189835587,-0.9939619947054144,1.0052136313683062,10.06269294546895,0.12067054082980143,-59.414973139562655,-1.1573229341274334,23.56501530995194,0.6295741068180681,22.00781806417337,0.2719344611720337,-0.023846225844024897,0.00015748,0.051851198301412806,0.00081957,1,0.0
9923,0.08258319407088993,0.10673298206698684,-1.54e-06,1.9464841943037883,5.142739189835587,94.13407916727593,1.0052136313683062,34.80793827979356,0.12067054082980143,-78.03442019314065,-1.1573229341274334,-51.87096631617437,0.6295741068180681,-10.311674721958907,0.2719344611720337,0.008379961426937893,0.00015748,0.1850982868003023,0.00081957,0,0.0
9924,0.027698667044560157,0.0015568645812426153,-1.54e-06,1.9464841943037883,5.142739189835587,9.34897435590912,1.0052136313683062,4.629016734590782,0.12067054082980143,-1e-20,-1.1573229341274334,-78.91601664653304,0.6295741068180681,3.260172302441173,0.2719344611720337,-0.026712015511468387,0.00015748,0.02671859431100662,0.00081957,1,0.0
9925,0.00122800436072254,0.0037455326293452133,-1.54e-06,1.9464841943037883,5.142739189835587,19.892447131269243,1.0052136313683062,7.811372315040647,0.12067054082980143,-2.3022827631282237,-1.1573229341274334,-84.37225515366258,0.6295741068180681,-4.029050234131695,0.2719344611720337,-0.0344826144180676,0.00015748,0.034602289229758165,0.00081957,1,0.0
9926,0.03019790959670321,0.003786570416487366,-1.54e-06,1.9464841943037883,5.142739189835587,-33.097593644046334,1.0052136313683062,10.008722889595242,0.12067054082980143,-74.89752731903458,-1.1573229341274334,30.913881716941255,0.6295741068180681,43.38241652945216,0.2719344611720337,-0.039842326850967925,0.00015748,0.039838946678443836,0.00081957,1,0.0
9927,0.00011268619404208868,0.012503639954674968,-1.54e-06,1.9464841943037883,5.142739189835587,17.149180606038176,1.0052136313683062,9.029664504559932,0.12067054082980143,-11.593214117887383,-1.1573229341274334,-29.406880895862624,0.6295741068180681,-5.573715927522198,0.2719344611720337,-0.022165588787163168,0.00015748,0.03869287777027064,0.00081957,1,0.0
9928,0.00010875271105353912,0.06378954971404156,-1.54e-06,1.9464841943037883,5.142739189835587,58.384023518842405,1.0052136313683062,24.07693874148673,0.12067054082980143,-81.09389676102441,-1.1573229341274334,-46.28148030981741,0.6295741068180681,8.150445525796915,0.2719344611720337,-0.035585704986432265,0.00015748,0.13934238271106156,0.00081957,1,0.0
9929,0.00021780799469817147,0.03462883407189641,-1.54e-06,1.9464841943037883,5.142739189835587,11.726691767530479,1.0052136313683062,6.5552698925522375,0.12067054082980143,-61.58378029263894,-1.1573229341274334,39.036719725838545,0.6295741068180681,21.679304135473576,0.2719344611720337,-0.0181604368564364,0.00015748,0.07797015910205839,0.00081957,1,0.0
9930,0.0861865735377032,0.1498328501592023,-1.54e-06,1.9464841943037883,5.142739189835587,-34.73252508967748,1.0052136313683062,-23.873040500811587,0.12067054082980143,-15.153938639911235,-1.1573229341274334,-42.194419889882916,0.6295741068180681,61.14848645787862,0.2719344611720337,-0.16713341745858595,0.00015748,0.17359694984269064,0.00081957,1,0.0
9931,4.192921146860262e-05,0.050307041688539056,-1.54e-06,1.9464841943037883,5.142739189835587,42.92129507405849,1.0052136313683062,7.398820079250327,0.12067054082980143,-45.58294992281127,-1.1573229341274334,21.898053489923843,0.6295741068180681,3.001173149529234,0.2719344611720337,0.00016242892698679207,0.00015748,0.09759739104914986,0.00081957,0,0.0
9932,1.8981604979928512e-05,0.071424982343156,-1.54e-06,1.9464841943037883,5.142739189835587,72.55429177241432,1.0052136313683062,15.618656444023088,0.12067054082980143,-58.63726126957066,-1.1573229341274334,69.22135272425719,0.6295741068180681,-13.840025124173396,0.2719344611720337,0.0497785706729916,0.00015748,0.11241078774578114,0.00081957,0,0.0
9933,1.4236297772501905e-05,0.05348260690017209,-1.54e-06,1.9464841943037883,5.142739189835587,37.50417632121348,1.0052136313683062,16.542021261334522,0.12067054082980143,-78.5756690901904,-1.1573229341274334,64.31628186299858,0.6295741068180681,8.985205709754629,0.2719344611720337,0.011919244219375277,0.00015748,0.09873858292322925,0.00081957,0,0.0
9934,0.22863692944366276,0.003399027508560455,-1.54e-06,1.9464841943037883,5.142739189835587,-83.78934632376354,1.0052136313683062,7.296833455758002,0.12067054082980143,-55.41482216345205,-1.1573229341274334,-1.1412812543438233,0.6295741068180681,71.10546325463795,0.2719344611720337,-0.020082424256486767,0.00015748,0.020052288845591116,0.00081957,1,0.0
9935,0.0004851591436500491,0.008273102328864716,-1.54e-06,1.9464841943037883,5.142739189835587,22.852927930669935,1.0052136313683062,8.796923417378206,0.12067054082980143,-12.708784589477807,-1.1573229341274334,-97.3158853695572,0.6295741068180681,1.7435549429638733,0.2719344611720337,-0.04532536447489664,0.00015748,0.050592097228314106,0.00081957,1,0.0
9936,0.3863518172654728,0.16546955505763675,-1.54e-06,1.9464841943037883,5.142739189835587,52.64428351370134,1.0052136313683062,17.424437533438336,0.12067054082980143,-86.35876204626219,-1.1573229341274334,35.64293081699469,0.6295741068180681,43.68965340149565,0.2719344611720337,0.10280217662173706,0.00015748,0.23206782357426442,0.00081957,0,0.0
9937,0.0028255730773331586,0.00014595394782977047,-1.54e-06,1.9464841943037883,5.142739189835587,-34.285022679135224,1.0052136313683062,1.556288076832779,0.12067054082980143,-48.68707213743679,-1.1573229341274334,98.45429760769106,0.6295741068180681,27.384277830569477,0.2719344611720337,-0.0058309065598159985,0.00015748,0.0058954229429576755,0.00081957,1,0.0
9938,0.039896894967819826,0.0006819780756805684,-1.54e-06,1.9464841943037883,5.142739189835587,-40.507897194185496,1.0052136313683062,4.667083555712095,0.12067054082980143,-60.39902038909193,-1.1573229341274334,61.1956586494681,0.6295741068180681,40.3905362098107,0.2719344611720337,-0.01577426289712215,0.00015748,0.01580740139231314,0.00081957,1,0.0
9939,0.011923808248038237,0.0002784751128340962,-1.54e-06,1.9464841943037883,5.142739189835587,-12.737097691690833,1.0052136313683062,3.025040537201909,0.12067054082980143,-24.551185449378103,-1.1573229341274334,16.015879276618705,0.6295741068180681,14.589355390010939,0.2719344611720337,-0.01068436721509146,0.00015748,0.010712607091419425,0.00081957,1,0.0
9940,0.13167628731710396,0.001814379372369756,-1.54e-06,1.9464841943037883,5.142739189835587,-45.683173599514554,1.0052136313683062,0.2770196392629432,0.12067054082980143,-15.244985252999289,-1.1573229341274334,1.2534824567745344,0.6295741068180681,34.35458630104675,0.2719344611720337,-0.009950179933577497,0.00015748,0.009971011801452045,0.00081957,1,0.0
9941,0.21206841753069347,0.00491999926130862,-1.54e-06,1.9464841943037883,5.142739189835587,-58.51375643142616,1.0052136313683062,12.953356005535433,0.12067054082980143,-57.636733153815925,-1.1573229341274334,-92.15841430906383,0.6295741068180681,67.2117308384108,0.2719344611720337,-0.0474781037271618,0.00015748,0.047474042822802084,0.00081957,1,0.0
9942,0.17428308499067588,0.00549394220506026,-1.54e-06,1.9464841943037883,5.142739189835587,-87.59905125209742,1.0052136313683062,-1.4342651391676031,0.12067054082980143,-47.75433832484591,-1.1573229341274334,91.63654041300444,0.6295741068180681,62.40522566609025,0.2719344611720337,-0.02703216114635842,0.00015748,0.02705989121855178,0.00081957,1,0.0
9943,0.07441375742623993,0.001435295256538952,-1.54e-06,1.9464841943037883,5.142739189835587,-39.398069422710115,1.0052136313683062,7.263929069018599,0.12067054082980143,-56.87485762983473,-1.1573229341274334,13.853382134709223,0.6295741068180681,43.31366328012777,0.2719344611720337,-0.026313486239902355,0.00015748,0.0263704044044614,0.00081957,1,0.0
9944,0.06070521220193022,0.0009499165918264486,-1.54e-06,1.9464841943037883,5.142739189835587,-36.01442862167671,1.0052136313683062,-1.0049599847427977,0.12067054082980143,-21.8766562908502,-1.1573229341274334,50.3640158265889,0.6295741068180681,25.099997240081155,0.2719344611720337,-0.012470158627173544,0.00015748,0.012502633783487097,0.00081957,1,0.0
9945,0.0007428010007597408,0.063267283128944,-1.54e-06,1.9464841943037883,5.142739189835587,72.90484653822895,1.0052136313683062,18.171666403422254,0.12067054082980143,-52.13330250018754,-1.1573229341274334,-17.026046604518605,0.6295741068180681,-10.631230740103804,0.2719344611720337,0.007459434829473338,0.00015748,0.12133934365789426,0.00081957,0,0.0
9946,0.144377543021684,0.0012150796702071506,-1.54e-06,1.9464841943037883,5.142739189835587,-34.87949719014684,1.0052136313683062,2.4946943297042456,0.12067054082980143,-7.82501723580891,-1.1573229341274334,-56.341070981411676,0.6295741068180681,31.67209039539263,0.2719344611720337,-0.006109187118635542,0.00015748,0.006121361220983998,0.00081957,1,0.0
9947,0.17859672611375355,0.001853873454269364,-1.54e-06,1.9464841943037883,5.142739189835587,-36.15164094045768,1.0052136313683062,5.492645582386146,0.12067054082980143,-10.446820147808173,-1.1573229341274334,-99.85626167264988,0.6295741068180681,38.16611342740041,0.2719344611720337,-0.01969036376546547,0.00015748,0.019700390154076902,0.00081957,1,0.0
9948,0.07162004504279866,0.002803690350087742,-1.54e-06,1.9464841943037883,5.142739189835587,-10.830253476168753,1.0052136313683062,7.735451824824936,0.12067054082980143,-24.451706074026927,-1.1573229341274334,-75.32094184632909,0.6295741068180681,24.206431293248656,0.2719344611720337,-0.03682015585654594,0.00015748,0.03686611706952063,0.00081957,1,0.0
9949,0.002536417483499323,0.0005680926574771609,-1.54e-06,1.9464841943037883,5.142739189835587,-27.041745553379062,1.0052136313683062,4.4796073566498675,0.12067054082980143,-51.83683223606559,-1.1573229341274334,64.91720370776241,0.6295741068180681,27.519795904580874,0.2719344611720337,-0.014209264658981256,0.00015748,0.014203526733319307,0.00081957,1,0.0
9950,5.012121859609975e-05,0.037155801427566026,-1.54e-06,1.9464841943037883,5.142739189835587,32.67022755516014,1.0052136313683062,12.259477433436988,0.12067054082980143,-42.18064023857636,-1.1573229341274334,24.165523238107173,0.6295741068180681,-1.9432272291058705,0.2719344611720337,0.006943293583056058,0.00015748,0.06692597525595059,0.00081957,0,0.0
9951,0.0004426730935938039,0.035228131151629316,-1.54e-06,1.9464841943037883,5.142739189835587,36.26822839140264,1.0052136313683062,16.22713392781307,0.12067054082980143,-47.73985159888881,-1.1573229341274334,-42.52405277516336,0.6295741068180681,3.599185214615338,0.2719344611720337,-0.028389042021455937,0.00015748,0.08574339923581822,0.00081957,1,0.0
9952,0.1322199287217536,0.0009170900462683665,-1.54e-06,1.9464841943037883,5.142739189835587,-62.334425701787836,1.0052136313683062,5.541353773211625,0.12067054082980143,-58.20666117704574,-1.1573229341274334,32.37489429722733,0.6295741068180681,56.06661996659781,0.2719344611720337,-0.013536873588001612,0.00015748,0.013540213373458366,0.00081957,1,0.0
9953,0.1109181673839018,0.0034914794891313227,-1.54e-06,1.9464841943037883,5.142739189835587,-26.006164266171073,1.0052136313683062,9.528194295828278,0.12067054082980143,-38.11826415813658,-1.1573229341274334,-76.8388094661129,0.6295741068180681,38.73405619468227,0.2719344611720337,-0.04170186375379242,0.00015748,0.041696197277504135,0.00081957,1,0.0
9954,0.12795412336945777,0.0016512250818488702,-1.54e-06,1.9464841943037883,5.142739189835587,-23.068877953586487,1.0052136313683062,5.969144154925939,0.12067054082980143,-14.06779780329794,-1.1573229341274334,-90.82332227352201,0.6295741068180681,30.369905755060252,0.2719344611720337,-0.026598060927126285,0.00015748,0.026627600567529032,0.00081957,1,0.0
9955,3.253610150694142e-05,0.00943787528805444,-1.54e-06,1.9464841943037883,5.142739189835587,-15.459267211882143,1.0052136313683062,11.454617988523259,0.12067054082980143,-70.09194826671539,-1.1573229341274334,28.873992191450892,0.6295741068180681,30.839448699157163,0.2719344611720337,-0.038081087026250716,0.00015748,0.04742473075576097,0.00081957,1,0.0
9956,0.09586824470072355,0.08565076219401653,-1.54e-06,1.9464841943037883,5.142739189835587,64.2917369568105,1.0052136313683062,13.118564872330404,0.12067054082980143,-53.19279464246203,-1.1573229341274334,-63.40134183132346,0.6295741068180681,12.30174217624614,0.2719344611720337,-0.009284865587776067,0.00015748,0.16458999282940423,0.00081957,1,0.0
9957,0.00040375172542034266,0.05567539422190968,-1.54e-06,1.9464841943037883,5.142739189835587,85.96721698176185,1.0052136313683062,14.438308748345918,0.12067054082980143,-1.0303819380455133,-1.1573229341274334,-60.48271265693511,0.6295741068180681,-36.55816745984633,0.2719344611720337,0.021887718896552506,0.00015748,0.09075022938568725,0.00081957,0,0.0
9958,0.010375071761956458,5.9957973630816346e-05,-1.54e-06,1.9464841943037883,5.142739189835587,-7.281193164779144,1.0052136313683062,1.3461265630986137,0.12067054082980143,-11.68577973364354,-1.1573229341274334,6.021291072790835,0.6295741068180681,8.026473088212054,0.2719344611720337,-0.004918166613404984,0.00015748,0.004912364640933225,0.00081957,1,0.0
9959,0.1308240051969149,0.004264438558942814,-1.54e-06,1.9464841943037883,5.142739189835587,-49.48047163715516,1.0052136313683062,12.052492006208587,0.12067054082980143,-70.60305824698115,-1.1573229341274334,-32.48284920263977,0.6295741068180681,59.475255674181724,0.2719344611720337,-0.04610337833722791,0.00015748,0.046113300551577543,0.00081957,1,0.0
9960,4.2493628552520146e-05,0.008048704193648368,-1.54e-06,1.9464841943037883,5.142739189835587,20.407227513600777,1.0052136313683062,11.965398957757923,0.12067054082980143,-16.18160379072188,-1.1573229341274334,-94.46763690051256,0.6295741068180681,0.4810407805711892,0.2719344611720337,-0.04979241569676313,0.00015748,0.0500810046170277,0.00081957,1,0.0
9961,0.0001905792260277761,0.05001303122321701,-1.54e-06,1.9464841943037883,5.142739189835587,26.052912977040798,1.0052136313683062,22.220458473928257,0.12067054082980143,-99.01431805156285,-1.1573229341274334,-35.860423780377936,0.6295741068180681,30.377491372747613,0.2719344611720337,-0.06228441418405713,0.00015748,0.1260610968330877,0.00081957,1,0.0
9962,0.00021832568899952205,0.0022217235912703913,-1.54e-06,1.9464841943037883,5.142739189835587,-19.513657808900724,1.0052136313683062,-0.24113836792756943,0.12067054082980143,-13.886689886660672,-1.1573229341274334,78.07636858479337,0.6295741068180681,5.67781863556705,0.2719344611720337,-0.028410939286468546,0.00015748,0.028459296039682606,0.00081957,1,0.0
9963,0.11740135666650849,0.09513653548879074,-1.54e-06,1.9464841943037883,5.142739189835587,59.32755864456511,1.0052136313683062,6.252735595086979,0.12067054082980143,-34.80171285036149,-1.1573229341274334,79.33953772011913,0.6295741068180681,-4.4958462868144435,0.2719344611720337,0.0666172829464392,0.00015748,0.13521732890880567,0.00081957,0,0.0
9964,-0.00014972519635647608,0.09004855481835358,-1.54e-06,1.9464841943037883,5.142739189835587,75.23265607831166,1.0052136313683062,28.120627633814465,0.12067054082980143,-28.885982119353535,-1.1573229341274334,-42.35313701081058,0.6295741068180681,-34.627941839146025,0.2719344611720337,-0.038642276119790306,0.00015748,0.13919744532431672,0.00081957,1,0.0
9965,5.9901392553185495e-05,0.019013744997329732,-1.54e-06,1.9464841943037883,5.142739189835587,14.645594612918567,1.0052136313683062,11.908513451024673,0.12067054082980143,-45.703251098348865,-1.1573229341274334,-30.638911667898252,0.6295741068180681,12.898168573908697,0.2719344611720337,-0.0346279319631754,0.00015748,0.06217794144291594,0.00081957,1,0.0
9966,0.000341250196584042,0.02202544329522923,-1.54e-06,1.9464841943037883,5.142739189835587,-6.533478258324562,1.0052136313683062,15.747737276363823,0.12067054082980143,-84.9015382315418,-1.1573229341274334,32.57597595377419,0.6295741068180681,31.571340435084732,0.2719344611720337,-0.03975443406676902,0.00015748,0.06929234901030182,0.00081957,1,0.0
9967,-9.716291600125881e-06,0.04799455475057281,-1.54e-06,1.9464841943037883,5.142739189835587,30.664693506313426,1.0052136313683062,12.317210403236611,0.12067054082980143,-61.109086278702875,-1.1573229341274334,90.84540466113768,0.6295741068180681,2.284811997928022,0.2719344611720337,0.03000697545882959,0.00015748,0.07246425322857446,0.00081957,0,0.0
9968,0.0011970167768922957,0.02325513200977865,-1.54e-06,1.9464841943037883,5.142739189835587,10.342797025833182,1.0052136313683062,14.030681832322,0.12067054082980143,-60.23980948785897,-1.1573229341274334,-3.7057331317650317,0.6295741068180681,17.533135784994506,0.2719344611720337,-0.03208869275224713,0.00015748,0.06738044256061138,0.00081957,1,0.0
9969,0.00046130109619527127,0.025605312806694404,-1.54e-06,1.9464841943037883,5.142739189835587,28.609070770357647,1.0052136313683062,8.072121652063627,0.12067054082980143,-19.855299605552034,-1.1573229341274334,-1.4609066897502965,0.6295741068180681,-6.280108970097168,0.2719344611720337,0.0051613783520242235,0.00015748,0.04582462757245841,0.00081957,0,0.0
9970,0.00014042942612663145,0.061505283467998696,-1.54e-06,1.9464841943037883,5.142739189835587,68.08347326865461,1.0052136313683062,10.131701867321553,0.12067054082980143,-16.957305621038234,-1.1573229341274334,55.08722398743492,0.6295741068180681,-29.797476934927207,0.2719344611720337,0.055535554889443735,0.00015748,0.07736709125023228,0.00081957,0,0.0
9971,0.00042333364649096983,0.03624431706431731,-1.54e-06,1.9464841943037883,5.142739189835587,32.81784623641651,1.0052136313683062,1.0514935003658377,0.12067054082980143,-16.707748525992468,-1.1573229341274334,-16.804179442724653,0.6295741068180681,0.6927978392705523,0.2719344611720337,-0.020970931122694863,0.00015748,0.07995183860882164,0.00081957,1,0.0
9972,0.001020836913044769,0.04166620686720432,-1.54e-06,1.9464841943037883,5.142739189835587,17.239631313098386,1.0052136313683062,-2.8882562870636526,0.12067054082980143,-24.270730595404252,-1.1573229341274334,87.84968653059043,0.6295741068180681,2.5177399668542284,0.2719344611720337,0.0017739841427833261,0.00015748,0.07331068847219771,0.00081957,0,0.0
9973,0.1253688262994193,0.007490245564358974,-1.54e-06,1.9464841943037883,5.142739189835587,-34.15839357363167,1.0052136313683062,14.071400004940333,0.12067054082980143,-62.43393895390521,-1.1573229341274334,-83.6265111216851,0.6295741068180681,52.85077849395105,0.2719344611720337,-0.06035495206842496,0.00015748,0.06038047092009698,0.00081957,1,0.0
9974,1.6510624303894134e-05,0.0016405680670737912,-1.54e-06,1.9464841943037883,5.142739189835587,-18.544374512331782,1.0052136313683062,1.683926873034737,0.12067054082980143,-24.338569346956596,-1.1573229341274334,66.67119637089363,0.6295741068180681,10.843842014074726,0.2719344611720337,-0.016280927674247367,0.00015748,0.0178727776242755,0.00081957,1,0.0
9975,2.1905634520397177e-05,0.0650861701665205,-1.54e-06,1.9464841943037883,5.142739189835587,55.91164001055323,1.0052136313683062,12.82072190741367,0.12067054082980143,-19.786560309477824,-1.1573229341274334,78.69962423723607,0.6295741068180681,-30.264528825369094,0.2719344611720337,0.01757960356051387,0.00015748,0.10079226305416393,0.00081957,0,0.0
9976,0.07069637045266264,0.007165480043980823,-1.54e-06,1.9464841943037883,5.142739189835587,-31.212438970526765,1.0052136313683062,10.442791416386095,0.12067054082980143,-69.08471798482097,-1.1573229341274334,-33.24073825066691,0.6295741068180681,49.75418177407037,0.2719344611720337,-0.05567360589412338,0.00015748,0.055777405603471115,0.00081957,1,0.0
9977,0.10304492913606464,0.0020578644129131446,-1.54e-06,1.9464841943037883,5.142739189835587,-26.490346429194812,1.0052136313683062,7.6081576170962775,0.12067054082980143,-32.84487110295786,-1.1573229341274334,-58.80976322279647,0.6295741068180681,35.12647183889088,0.2719344611720337,-0.03193356573906393,0.00015748,0.031950272358615556,0.00081957,1,0.0
9978,0.1349295014888895,0.0011866499082783563,-1.54e-06,1.9464841943037883,5.142739189835587,-52.84473399387834,1.0052136313683062,6.638682906729113,0.12067054082980143,-50.55065279733386,-1.1573229341274334,-5.287920669580896,0.6295741068180681,51.77535478986549,0.2719344611720337,-0.020345981597565687,0.00015748,0.020363283032254372,0.00081957,1,0.0
9979,-5.577106582202451e-05,0.044458910000530316,-1.54e-06,1.9464841943037883,5.142739189835587,40.65506464395251,1.0052136313683062,10.98418340123503,0.12067054082980143,-39.00318869127551,-1.1573229341274334,44.502218958150344,0.6295741068180681,-7.336308369513095,0.2719344611720337,0.026136295202474565,0.00015748,0.06756172288694973,0.00081957,0,0.0
9980,0.12578070021381443,0.05988216970792361,-1.54e-06,1.9464841943037883,5.142739189835587,25.874490023433317,1.0052136313683062,9.85909838959037,0.12067054082980143,-44.5663167819757,-1.1573229341274334,-90.5338925496639,0.6295741068180681,28.789039314559606,0.2719344611720337,-0.030343183431656373,0.00015748,0.12567958497946188,0.00081957,1,0.0
9981,0.07134271377173138,0.028288012667661566,-1.54e-06,1.9464841943037883,5.142739189835587,-26.648780059924075,1.0052136313683062,14.043348071036755,0.12067054082980143,-100.0,-1.1573229341274334,-33.70967140856684,0.6295741068180681,63.129847555141154,0.2719344611720337,-0.07500028227476495,0.00015748,0.09629322851291276,0.00081957,1,0.0
9982,0.00511530267822316,0.06644421837205963,-1.54e-06,1.9464841943037883,5.142739189835587,-9.64436730129531,1.0052136313683062,-12.20516618298846,0.12067054082980143,-29.951186799754957,-1.1573229341274334,10.581599759011002,0.6295741068180681,35.25271335909646,0.2719344611720337,-0.0990512782421271,0.00015748,0.11834402843061557,0.00081957,1,0.0
9983,0.14576066620771144,0.0012160386908830088,-1.54e-06,1.9464841943037883,5.142739189835587,-67.52643453176569,1.0052136313683062,6.395369122254071,0.12067054082980143,-65.58224577510093,-1.1573229341274334,27.968523805223274,0.6295741068180681,62.882716701455024,0.2719344611720337,-0.017314879303418504,0.00015748,0.01731914664282782,0.00081957,1,0.0
9984,0.025498806387444145,0.004841411885903145,-1.54e-06,1.9464841943037883,5.142739189835587,-7.256284144525021,1.0052136313683062,9.384082981431417,0.12067054082980143,-42.4387221405846,-1.1573229341274334,-44.26411050064344,0.6295741068180681,24.593874519017163,0.2719344611720337,-0.045243521086041995,0.00015748,0.045266831773577675,0.00081957,1,0.0
9985,0.10281699811004409,0.006180707745310362,-1.54e-06,1.9464841943037883,5.142739189835587,-32.98836184672684,1.0052136313683062,13.276493077822304,0.12067054082980143,-63.09169164577588,-1.1573229341274334,-56.45237906385335,0.6295741068180681,48.69965394753436,0.2719344611720337,-0.05380189192231981,0.00015748,0.053955074153415744,0.00081957,1,0.0
9986,0.224147094109448,0.007954973727523146,-1.54e-06,1.9464841943037883,5.142739189835587,-59.54431900256028,1.0052136313683062,5.621120338328496,0.12067054082980143,-8.773514523635384,-1.1573229341274334,-47.64998911381646,0.6295741068180681,41.94266309071922,0.2719344611720337,-0.03488201809128845,0.00015748,0.03488162129645407,0.00081957,1,0.0
9987,0.13890545129824214,0.0014030539816181924,-1.54e-06,1.9464841943037883,5.142739189835587,-65.71182105515811,1.0052136313683062,8.046721397069543,0.12067054082980143,-71.07022323777824,-1.1573229341274334,25.69659075702036,0.6295741068180681,63.40612129008872,0.2719344611720337,-0.02374718266435596,0.00015748,0.023746230536536562,0.00081957,1,0.0
9988,0.0002772664708932254,0.009682149335466827,-1.54e-06,1.9464841943037883,5.142739189835587,-15.79235363473938,1.0052136313683062,6.0843468131825205,0.12067054082980143,-60.569670522529236,-1.1573229341274334,42.109376897003585,0.6295741068180681,29.954565751308813,0.2719344611720337,-0.02566187634981596,0.00015748,0.03938207198715333,0.00081957,1,0.0
9989,0.00021744261211473215,0.011082625245481467,-1.54e-06,1.9464841943037883,5.142739189835587,21.570495714910383,1.0052136313683062,12.139643470517216,0.12067054082980143,-19.51513115248816,-1.1573229341274334,-83.98057898283092,0.6295741068180681,0.7156453770752236,0.2719344611720337,-0.04513299277501376,0.00015748,0.052565808461939534,0.00081957,1,0.0
9990,0.10331282007503895,0.0009884160471225014,-1.54e-06,1.9464841943037883,5.142739189835587,-12.872522327512405,1.0052136313683062,4.675110335417505,0.12067054082980143,-1.7291024685474436,-1.1573229341274334,-87.76095043551622,0.6295741068180681,18.677550336507462,0.2719344611720337,-0.01969640966604535,0.00015748,0.019710655777528306,0.00081957,1,0.0
9991,0.09892365456476893,0.0637635457239277,-1.54e-06,1.9464841943037883,5.142739189835587,6.951519031241465,1.0052136313683062,13.959906723569686,0.12067054082980143,-43.73781307638914,-1.1573229341274334,95.09611295700435,0.6295741068180681,4.89553741988975,0.2719344611720337,7.058486487455246e-05,0.00015748,0.10418873907769724,0.00081957,0,0.0
9992,0.20746015398672513,0.004854660102594329,-1.54e-06,1.9464841943037883,5.142739189835587,-69.14868021381989,1.0052136313683062,-0.3611012094669135,0.12067054082980143,-17.831961680710343,-1.1573229341274334,-5.191886798120081,0.6295741068180681,51.239430773959974,0.2719344611720337,-0.01666079126091916,0.00015748,0.016640050306409995,0.00081957,1,0.0
9993,0.0001586304124310267,0.026879833770444547,-1.54e-06,1.9464841943037883,5.142739189835587,22.92693815161871,1.0052136313683062,17.90765425891317,0.12067054082980143,-25.747119759654854,-1.1573229341274334,-58.65957111993431,0.6295741068180681,-5.820333490498676,0.2719344611720337,-0.056723251134052015,0.00015748,0.07192021252277517,0.00081957,1,0.0
9994,0.1396790028302242,0.0033222721400802215,-1.54e-06,1.9464841943037883,5.142739189835587,-51.64222613186787,1.0052136313683062,10.766005854273377,0.12067054082980143,-65.66481673529002,-1.1573229341274334,-31.398453728880135,0.6295741068180681,59.27224747683456,0.2719344611720337,-0.040608011321647666,0.00015748,0.04061224829522056,0.00081957,1,0.0
9995,1.8691140074328372e-05,0.027936441316476775,-1.54e-06,1.9464841943037883,5.142739189835587,0.7109721951423634,1.0052136313683062,10.041787213172148,0.12067054082980143,-65.02298215294272,-1.1573229341274334,91.93117429378849,0.6295741068180681,16.757379051079898,0.2719344611720337,0.006530232855706312,0.00015748,0.04968342212214878,0.00081957,0,0.0
9996,0.014766219361488975,0.00011093426258116211,-1.54e-06,1.9464841943037883,5.142739189835587,-26.432629947906552,1.0052136313683062,2.359606978724865,0.12067054082980143,-38.88707393640633,-1.1573229341274334,56.88268384254478,0.6295741068180681,23.883609367406553,0.2719344611720337,-0.0057944473874577,0.00015748,0.00581569014170085,0.00081957,1,0.0
9997,0.13607383193375208,0.0014180953448825325,-1.54e-06,1.9464841943037883,5.142739189835587,-62.40545510359517,1.0052136313683062,7.796114409592443,0.12067054082980143,-67.34656546891462,-1.1573229341274334,18.567505103120837,0.6295741068180681,60.986235505871186,0.2719344611720337,-0.023712496105599667,0.00015748,0.023765412118835157,0.00081957,1,0.0
9998,0.0924159416622598,0.0007558382565435184,-1.54e-06,1.9464841943037883,5.142739189835587,-65.12511727039636,1.0052136313683062,2.734265435974479,0.12067054082980143,-65.57384260846038,-1.1573229341274334,90.2209135194632,0.6295741068180681,54.59185312302294,0.2719344611720337,-0.004013887094612197,0.00015748,0.004084689302763789,0.00081957,1,0.0
9999,0.025127868024458433,0.013826340878892947,-1.54e-06,1.9464841943037883,5.142739189835587,-12.185417862118792,1.0052136313683062,-7.113158224158797,0.12067054082980143,-6.910630324034964,-1.1573229341274334,-11.262630368553902,0.6295741068180681,20.07098488028264,0.2719344611720337,-0.05193377765820846,0.00015748,0.05217435496441329,0.00081957,1,0.0
10000,6.270818444385762e-05,0.007893904413520923,-1.54e-06,0.9287244942797835,7.711917279670906,-13.843608396111433,1.0052136313683062,28.26644107612148,0.12067054082980143,-50.586865785238295,-1.1573229341274334,-84.32934239893892,0.6295741068180681,17.422406796237603,0.2719344611720337,-0.01816841297350565,0.00015748,0.028814246409480698,0.00081957,1,0.0
10001,0.10666109078106917,0.016090716919529215,-1.54e-06,0.9287244942797835,7.711917279670906,-44.533785701780594,1.0052136313683062,62.564278661818435,0.12067054082980143,-84.26336300123151,-1.1573229341274334,-12.428474586074284,0.6295741068180681,43.254139156542834,0.2719344611720337,-0.04977028470165464,0.00015748,0.04984752239430971,0.00081957,1,0.0
10002,0.11237157506047722,0.0014877661521896328,-1.54e-06,0.9287244942797835,7.711917279670906,-41.30764154233728,1.0052136313683062,5.927000876734169,0.12067054082980143,-31.92905603518336,-1.1573229341274334,79.67334105791696,0.6295741068180681,38.90546383081376,0.2719344611720337,-0.01267261373845335,0.00015748,0.012702110692793665,0.00081957,1,0.0
10003,0.1364900598621598,0.010371582086666534,-1.54e-06,0.9287244942797835,7.711917279670906,-73.51502850062433,1.0052136313683062,-16.044614930710907,0.12067054082980143,-61.090411525570715,-1.1573229341274334,73.7323856150222,0.6295741068180681,72.24723594311268,0.2719344611720337,-0.021241268188123184,0.00015748,0.021290536291578357,0.00081957,1,0.0
10004,0.1551537664561586,0.0025668311080925756,-1.54e-06,0.9287244942797835,7.711917279670906,-58.45924068141986,1.0052136313683062,24.425449782388235,0.12067054082980143,-52.801784556118996,-1.1573229341274334,25.309005686018057,0.6295741068180681,55.851578110127186,0.2719344611720337,-0.021434121778997912,0.00015748,0.021422786968783875,0.00081957,1,0.0
10005,0.32994726618455794,0.0268754091738597,-1.54e-06,0.9287244942797835,7.711917279670906,-90.67038609697495,1.0052136313683062,64.98381078401508,0.12067054082980143,-60.345802933289114,-1.1573229341274334,79.11437138635985,0.6295741068180681,82.83385825489883,0.2719344611720337,-0.06736571651669519,0.00015748,0.06746841853031045,0.00081957,1,0.0
10006,0.11166499062110827,0.011120016033679379,-1.54e-06,0.9287244942797835,7.711917279670906,-39.78780631085667,1.0052136313683062,49.344666930401615,0.12067054082980143,-68.0411742255813,-1.1573229341274334,65.21706596379833,0.6295741068180681,37.414309681143386,0.2719344611720337,-0.04177757141346442,0.00015748,0.04175369130422225,0.00081957,1,0.0
10007,0.04040078263829418,0.00012044871428093748,-1.54e-06,0.9287244942797835,7.711917279670906,-16.68452222389881,1.0052136313683062,3.1635208478382335,0.12067054082980143,-10.966467850339553,-1.1573229341274334,-18.58303716982037,0.6295741068180681,16.287025202949035,0.2719344611720337,-0.002217629389334227,0.00015748,0.0022252100608868485,0.00081957,1,0.0
10008,0.003489431650473989,0.0013502360555001586,-1.54e-06,0.9287244942797835,7.711917279670906,-30.91419228431847,1.0052136313683062,2.4322388820913896,0.12067054082980143,-56.494485615203004,-1.1573229341274334,-48.06486329248945,0.6295741068180681,33.09079417158214,0.2719344611720337,-0.013056677599758473,0.00015748,0.013066815170773951,0.00081957,1,0.0
10009,0.10559809795655573,0.03339872895268535,-1.54e-06,0.9287244942797835,7.711917279670906,-28.54252337591666,1.0052136313683062,76.58800895526372,0.12067054082980143,-76.3950180047264,-1.1573229341274334,82.95674845132758,0.6295741068180681,25.567204509678515,0.2719344611720337,-0.0668638770157911,0.00015748,0.06685044137433258,0.00081957,1,0.0
10010,0.2367417981616592,0.005663994828930088,-1.54e-06,0.9287244942797835,7.711917279670906,-83.45330618000933,1.0052136313683062,36.4756548539078,0.12067054082980143,-57.579859515028495,-1.1573229341274334,-61.841639516307694,0.6295741068180681,79.87294721283067,0.2719344611720337,-0.031091334345854926,0.00015748,0.03115492911172508,0.00081957,1,0.0
10011,0.1903734036360207,0.006958567400881498,-1.54e-06,0.9287244942797835,7.711917279670906,-45.11178948116971,1.0052136313683062,24.24206160681817,0.12067054082980143,-9.812072868668407,-1.1573229341274334,60.526260498568114,0.6295741068180681,40.02575791434096,0.2719344611720337,-0.034142155026295466,0.00015748,0.03420949883570871,0.00081957,1,0.0
10012,0.013935055813601879,0.0004892094051782729,-1.54e-06,0.9287244942797835,7.711917279670906,-34.97825738502985,1.0052136313683062,15.681959540443028,0.12067054082980143,-72.5836135015585,-1.1573229341274334,-32.61281027583828,0.6295741068180681,36.889704296359376,0.2719344611720337,-0.013247905409197229,0.00015748,0.013279846072162822,0.00081957,1,0.0
10013,0.03689535261582349,0.0015951753396324115,-1.54e-06,0.9287244942797835,7.711917279670906,-27.524309154174176,1.0052136313683062,25.89722935791414,0.12067054082980143,-47.793156463301464,-1.1573229341274334,-91.04129672577903,0.6295741068180681,28.492930946623478,0.2719344611720337,-0.01869915850847747,0.00015748,0.018728300516512267,0.00081957,1,0.0
10014,0.05052924514438341,0.03268891728756237,-1.54e-06,0.9287244942797835,7.711917279670906,-51.22291464138055,1.0052136313683062,-53.6340644609102,0.12067054082980143,-25.909043982246086,-1.1573229341274334,25.621361788390146,0.6295741068180681,52.30642496766368,0.2719344611720337,-0.052855171592310395,0.00015748,0.05298660205265349,0.00081957,1,0.0
10015,0.07583803179330083,0.00040516299110429784,-1.54e-06,0.9287244942797835,7.711917279670906,-31.956324695115253,1.0052136313683062,13.194607312691398,0.12067054082980143,-27.992131155713754,-1.1573229341274334,-40.355456105510605,0.6295741068180681,31.289008969193986,0.2719344611720337,-0.008837170107822208,0.00015748,0.008840658433578948,0.00081957,1,0.0
10016,0.08893054392280597,0.0004742413250104741,-1.54e-06,0.9287244942797835,7.711917279670906,-34.61377336256344,1.0052136313683062,8.75661191397982,0.12067054082980143,-18.79530394062935,-1.1573229341274334,-66.88805824705811,0.6295741068180681,33.798588291745304,0.2719344611720337,-0.005798050904787344,0.00015748,0.0058166910114974485,0.00081957,1,0.0
10017,0.12000525898370365,0.0031784923620951045,-1.54e-06,0.9287244942797835,7.711917279670906,-62.05024031631226,1.0052136313683062,39.08835902140715,0.12067054082980143,-90.99737195982503,-1.1573229341274334,0.521319091121185,0.6295741068180681,61.24350077559369,0.2719344611720337,-0.027197621462293244,0.00015748,0.02720927860618911,0.00081957,1,0.0
10018,8.570247474780357e-05,0.006323956882864983,-1.54e-06,0.9287244942797835,7.711917279670906,-17.177740980878752,1.0052136313683062,38.62442014659834,0.12067054082980143,-72.39164865659735,-1.1573229341274334,22.032302482782935,0.6295741068180681,18.11430000996108,0.2719344611720337,-0.03023099665747563,0.00015748,0.03031911437533229,0.00081957,1,0.0
10019,0.33963823884614447,0.023495484324516962,-1.54e-06,0.9287244942797835,7.711917279670906,-75.75537790000486,1.0052136313683062,46.25421901184251,0.12067054082980143,-3.896633977622157,-1.1573229341274334,43.959336434105424,0.6295741068180681,66.83218471015012,0.2719344611720337,-0.062208760735194706,0.00015748,0.06219577820139489,0.00081957,1,0.0
10020,0.007089183201074212,0.01719796353714685,-1.54e-06,0.9287244942797835,7.711917279670906,-10.297114305011107,1.0052136313683062,56.60059136636575,0.12067054082980143,-69.27560852457282,-1.1573229341274334,2.6778996979341456,0.6295741068180681,10.65400983029427,0.2719344611720337,-0.04648545897497437,0.00015748,0.04651078672114531,0.00081957,1,0.0
10021,0.21151634308887823,0.0029679308274415785,-1.54e-06,0.9287244942797835,7.711917279670906,-94.08947988533666,1.0052136313683062,21.38443275427719,0.12067054082980143,-81.17031625772063,-1.1573229341274334,-42.82898783683964,0.6295741068180681,92.0269607892024,0.2719344611720337,-0.013559981778331849,0.00015748,0.01358394707386476,0.00081957,1,0.0
10022,0.10480104818239816,0.0012834125063379556,-1.54e-06,0.9287244942797835,7.711917279670906,-64.8702751473281,1.0052136313683062,10.304836837223192,0.12067054082980143,-85.63731923827541,-1.1573229341274334,65.89321285056705,0.6295741068180681,64.35220657427107,0.2719344611720337,-0.0025125840831671485,0.00015748,0.002507344727205911,0.00081957,1,0.0
10023,0.011725685470514113,0.006623081414436266,-1.54e-06,0.9287244942797835,7.711917279670906,-1.7869382938025005,1.0052136313683062,32.724908701151996,0.12067054082980143,-26.60476227974346,-1.1573229341274334,-6.212762532522673,0.6295741068180681,1.4991800779836066,0.2719344611720337,-0.02787449831338659,0.00015748,0.027952276514674707,0.00081957,1,0.0
10024,0.058354294262597715,0.0002508273459218756,-1.54e-06,0.9287244942797835,7.711917279670906,-46.096223510283814,1.0052136313683062,18.07583055274158,0.12067054082980143,-70.96718219341847,-1.1573229341274334,-37.23663237107366,0.6295741068180681,46.98964585207706,0.2719344611720337,-0.010805002425157102,0.00015748,0.010811633265497615,0.00081957,1,0.0
10025,0.05982607070324812,0.004789912331686429,-1.54e-06,0.9287244942797835,7.711917279670906,-36.75168611449927,1.0052136313683062,-15.025382641360792,0.12067054082980143,-23.868543826315282,-1.1573229341274334,-8.921522540304784,0.6295741068180681,36.78187507422428,0.2719344611720337,-0.01696649844065175,0.00015748,0.016953018082084912,0.00081957,1,0.0
10026,0.20359519270549922,0.004421445184162716,-1.54e-06,0.9287244942797835,7.711917279670906,-78.37056988178891,1.0052136313683062,7.192235297981996,0.12067054082980143,-43.301127133570624,-1.1573229341274334,-24.00520829644334,0.6295741068180681,75.47805611438373,0.2719344611720337,-0.014276587754724242,0.00015748,0.014258423838889575,0.00081957,1,0.0
10027,0.02080633399198147,0.0003375257394032554,-1.54e-06,0.9287244942797835,7.711917279670906,-18.40365259614634,1.0052136313683062,12.582920590115807,0.12067054082980143,-44.30452708941545,-1.1573229341274334,73.2852421105399,0.6295741068180681,18.21006327895968,0.2719344611720337,-0.008813072411653062,0.00015748,0.008848067145474156,0.00081957,1,0.0
10028,0.16162938991875775,0.010281427631765467,-1.54e-06,0.9287244942797835,7.711917279670906,-51.453790133875195,1.0052136313683062,47.429118579672064,0.12067054082980143,-53.86296377825207,-1.1573229341274334,-2.1271770937763304,0.6295741068180681,48.45358282686236,0.2719344611720337,-0.04055401531653404,0.00015748,0.04106446196061291,0.00081957,1,0.0
10029,0.10687390442752942,0.001524784513325817,-1.54e-06,0.9287244942797835,7.711917279670906,-43.058871575641575,1.0052136313683062,3.660807293260068,0.12067054082980143,-37.98502640046036,-1.1573229341274334,93.85942002430937,0.6295741068180681,40.87838708036362,0.2719344611720337,-0.01108839719332442,0.00015748,0.011116096022500884,0.00081957,1,0.0
10030,0.000705841906829846,0.02329395657773176,-1.54e-06,0.9287244942797835,7.711917279670906,24.545683767778108,1.0052136313683062,49.086479544424556,0.12067054082980143,-5.612792499876919,-1.1573229341274334,84.15585490730658,0.6295741068180681,-26.718652331192256,0.2719344611720337,-0.04833432514023615,0.00015748,0.048499710555371195,0.00081957,1,0.0
10031,0.08888020873982042,0.000988966074350937,-1.54e-06,0.9287244942797835,7.711917279670906,-47.09198893274075,1.0052136313683062,5.903018070575846,0.12067054082980143,-58.231745792543926,-1.1573229341274334,92.68010086477858,0.6295741068180681,45.877983054004886,0.2719344611720337,-0.005800471336128158,0.00015748,0.005794984458033527,0.00081957,1,0.0
10032,0.062342948306552584,0.0005646813625100526,-1.54e-06,0.9287244942797835,7.711917279670906,-29.686569509615396,1.0052136313683062,16.549771403964534,0.12067054082980143,-37.50950489184628,-1.1573229341274334,-10.95435709548538,0.6295741068180681,29.19136625731524,0.2719344611720337,-0.01141324726465507,0.00015748,0.011428030583288978,0.00081957,1,0.0
10033,0.1354386985597917,0.00903385151786909,-1.54e-06,0.9287244942797835,7.711917279670906,-69.64077771248535,1.0052136313683062,-14.651441205228272,0.12067054082980143,-56.66790460982489,-1.1573229341274334,86.84587719124369,0.6295741068180681,68.05842276962281,0.2719344611720337,-0.019957103516514318,0.00015748,0.01993689672616,0.00081957,1,0.0
10034,0.26172408583471163,0.007623554335538683,-1.54e-06,0.9287244942797835,7.711917279670906,-83.75013679354862,1.0052136313683062,26.508159917043795,0.12067054082980143,-48.458393980841386,-1.1573229341274334,66.38244607876612,0.6295741068180681,78.23732010086809,0.2719344611720337,-0.03426466733570199,0.00015748,0.03425535274284627,0.00081957,1,0.0
10035,0.07299219625012515,0.00022805110918067741,-1.54e-06,0.9287244942797835,7.711917279670906,-33.819235740183814,1.0052136313683062,10.085886788345771,0.12067054082980143,-26.046386964037698,-1.1573229341274334,-80.8696659725649,0.6295741068180681,33.68192027917075,0.2719344611720337,-0.004878625133904879,0.00015748,0.004877470809785196,0.00081957,1,0.0
10036,0.13781977358395336,0.002460361457469433,-1.54e-06,0.9287244942797835,7.711917279670906,-83.26581604672067,1.0052136313683062,12.18095380697889,0.12067054082980143,-89.6175333906137,-1.1573229341274334,-76.44823692543704,0.6295741068180681,83.66307265669681,0.2719344611720337,-0.0038523251472902358,0.00015748,0.0038260910578049086,0.00081957,1,0.0
10037,0.00015883581195946794,0.015766496408145373,-1.54e-06,0.9287244942797835,7.711917279670906,-8.184578700404238,1.0052136313683062,53.93688789448942,0.12067054082980143,-64.7728227037599,-1.1573229341274334,-14.657517218061441,0.6295741068180681,8.837544822908091,0.2719344611720337,-0.04417061003285903,0.00015748,0.04433818208236622,0.00081957,1,0.0
10038,0.1460728697695824,0.0017039561815185233,-1.54e-06,0.9287244942797835,7.711917279670906,-47.57098785857765,1.0052136313683062,9.122262551011904,0.12067054082980143,-10.263736138841146,-1.1573229341274334,-84.62733474671126,0.6295741068180681,45.45498336547301,0.2719344611720337,-0.011611568763054917,0.00015748,0.011629893671000983,0.00081957,1,0.0
10039,0.17752593593843313,0.003507369990703076,-1.54e-06,0.9287244942797835,7.711917279670906,-63.96064288976798,1.0052136313683062,7.962368904778929,0.12067054082980143,-38.76915815273693,-1.1573229341274334,54.405972623585384,0.6295741068180681,60.595007496550124,0.2719344611720337,-0.01743467160896355,0.00015748,0.017381956616126067,0.00081957,1,0.0
10040,0.09716662433844356,0.003593067046273363,-1.54e-06,0.9287244942797835,7.711917279670906,-49.34028260986031,1.0052136313683062,37.124145977834466,0.12067054082980143,-79.66882530505627,-1.1573229341274334,25.260373680480125,0.6295741068180681,48.447707299181886,0.2719344611720337,-0.02715571796011757,0.00015748,0.027175940312985668,0.00081957,1,0.0
10041,0.30084533474969455,0.010839717218350382,-1.54e-06,0.9287244942797835,7.711917279670906,-83.81629212367491,1.0052136313683062,27.162005816125582,0.12067054082980143,-21.371782329986072,-1.1573229341274334,15.939269630822931,0.6295741068180681,77.14818269068023,0.2719344611720337,-0.04056466214610545,0.00015748,0.040594292335721205,0.00081957,1,0.0
10042,0.005429588713059354,0.008015228899122878,-1.54e-06,0.9287244942797835,7.711917279670906,-16.165876710550144,1.0052136313683062,-28.882389579288105,0.12067054082980143,-0.9250335022345973,-1.1573229341274334,-12.258829426727997,0.6295741068180681,17.085925894406778,0.2719344611720337,-0.02778940376052292,0.00015748,0.027894803228606817,0.00081957,1,0.0
10043,0.00016173283009229822,0.022549426265421734,-1.54e-06,0.9287244942797835,7.711917279670906,-1.48807913753148,1.0052136313683062,59.78007365519747,0.12067054082980143,-69.012979476071,-1.1573229341274334,97.24215173467597,0.6295741068180681,0.8886951551186972,0.2719344611720337,-0.05120966033567842,0.00015748,0.051389794500378685,0.00081957,1,0.0
10044,0.24297048248609784,0.02142408756757786,-1.54e-06,0.9287244942797835,7.711917279670906,-69.44106996284387,1.0052136313683062,64.30625864022619,0.12067054082980143,-59.400808710004945,-1.1573229341274334,5.912961560080525,0.6295741068180681,64.24201756094592,0.2719344611720337,-0.05891324284156117,0.00015748,0.05905996097479846,0.00081957,1,0.0
10045,0.2484405112580865,0.17642699571150094,-1.54e-06,0.9287244942797835,7.711917279670906,63.072365833761204,1.0052136313683062,96.4868772157325,0.12067054082980143,-57.75513682124112,-1.1573229341274334,91.36973434587087,0.6295741068180681,0.8097474918466856,0.2719344611720337,0.05211291216068947,0.00015748,0.34897291097984334,0.00081957,0,0.0
10046,0.28204679036208663,0.009417792115016097,-1.54e-06,0.9287244942797835,7.711917279670906,-81.4389489664907,1.0052136313683062,20.601332871553513,0.12067054082980143,-26.4267335182975,-1.1573229341274334,63.485505280970834,0.6295741068180681,74.99691727684001,0.2719344611720337,-0.036930940280950016,0.00015748,0.03690295436902825,0.00081957,1,0.0
10047,0.057409948144151166,0.0025019692612273207,-1.54e-06,0.9287244942797835,7.711917279670906,-25.05664782555961,1.0052136313683062,26.979045322137207,0.12067054082980143,-36.618225863642714,-1.1573229341274334,-49.40519051589228,0.6295741068180681,24.73586177965643,0.2719344611720337,-0.02046092580366398,0.00015748,0.020410229349957357,0.00081957,1,0.0
10048,0.23866391181025465,0.005068969105451329,-1.54e-06,0.9287244942797835,7.711917279670906,-83.38908632906156,1.0052136313683062,15.54071119670245,0.12067054082980143,-41.10024918210346,-1.1573229341274334,-22.838524532273297,0.6295741068180681,79.42809885443955,0.2719344611720337,-0.021581858762202727,0.00015748,0.021588598536990536,0.00081957,1,0.0
10049,0.2591505589936721,0.011794672319287738,-1.54e-06,0.9287244942797835,7.711917279670906,-89.43846059892476,1.0052136313683062,-7.085004450973394,0.12067054082980143,-26.421755527294092,-1.1573229341274334,32.201354906993004,0.6295741068180681,84.6708087281066,0.2719344611720337,-0.026626846461790765,0.00015748,0.026771631787791867,0.00081957,1,0.0
10050,0.027584398556133885,0.00956191619438113,-1.54e-06,0.9287244942797835,7.711917279670906,-35.05190721528054,1.0052136313683062,-26.409230385981523,0.12067054082980143,-36.29576662088679,-1.1573229341274334,64.21622783092812,0.6295741068180681,35.705359452860506,0.2719344611720337,-0.027412595780653123,0.00015748,0.027416406532431534,0.00081957,1,0.0
10051,0.15254273861946654,0.0023657610673192757,-1.54e-06,0.9287244942797835,7.711917279670906,-62.809671842258524,1.0052136313683062,9.672026719054415,0.12067054082980143,-54.75958968552885,-1.1573229341274334,76.06761767639667,0.6295741068180681,60.2118143885338,0.2719344611720337,-0.01355082610468726,0.00015748,0.013584536686460903,0.00081957,1,0.0
10052,0.12500629032536384,0.0015348002480857022,-1.54e-06,0.9287244942797835,7.711917279670906,-54.71936184285622,1.0052136313683062,8.240058432569123,0.12067054082980143,-50.72075324208398,-1.1573229341274334,54.171232149907766,0.6295741068180681,52.85117921847021,0.2719344611720337,-0.009569410445031613,0.00015748,0.009569722639043127,0.00081957,1,0.0
10053,0.17454740918501566,0.002337082557364694,-1.54e-06,0.9287244942797835,7.711917279670906,-58.93676255685966,1.0052136313683062,13.01300619696497,0.12067054082980143,-19.495029519206128,-1.1573229341274334,-90.7001491620287,0.6295741068180681,56.45689016409448,0.2719344611720337,-0.014279188627774955,0.00015748,0.014268824677605155,0.00081957,1,0.0
10054,0.07778018554239899,0.0007285002180449664,-1.54e-06,0.9287244942797835,7.711917279670906,-26.628191278785973,1.0052136313683062,3.5520317393247502,0.12067054082980143,-16.52630912336029,-1.1573229341274334,44.448226025381665,0.6295741068180681,24.919955307122308,0.2719344611720337,-0.009008469688999802,0.00015748,0.009024773622697104,0.00081957,1,0.0
10055,0.20643025064005643,0.00681518412955691,-1.54e-06,0.9287244942797835,7.711917279670906,-79.98128300688181,1.0052136313683062,-0.5251063659042913,0.12067054082980143,-50.35837169345779,-1.1573229341274334,92.29981811930493,0.6295741068180681,76.23386727463749,0.2719344611720337,-0.01966114923836387,0.00015748,0.019739561538558634,0.00081957,1,0.0
10056,0.1654130569957025,0.004030387265121427,-1.54e-06,0.9287244942797835,7.711917279670906,-80.59138709874938,1.0052136313683062,46.256452518137635,0.12067054082980143,-99.82159938180271,-1.1573229341274334,-79.58029434775831,0.6295741068180681,79.75541654097971,0.2719344611720337,-0.031183254208343655,0.00015748,0.031157537216024878,0.00081957,1,0.0
10057,0.07798563957523727,0.00028407917625575545,-1.54e-06,0.9287244942797835,7.711917279670906,-34.76538300814211,1.0052136313683062,13.383474013054247,0.12067054082980143,-26.11436285575752,-1.1573229341274334,-99.62980088415533,0.6295741068180681,34.63522719797373,0.2719344611720337,-0.00754764928499446,0.00015748,0.00757089284780026,0.00081957,1,0.0
10058,0.1496902063265085,0.0286034331235778,-1.54e-06,0.9287244942797835,7.711917279670906,-21.282717891570844,1.0052136313683062,62.153246948745604,0.12067054082980143,-20.485965850108098,-1.1573229341274334,53.10906874845802,0.6295741068180681,16.465867572647795,0.2719344611720337,-0.06113246793559577,0.00015748,0.06180287892749222,0.00081957,1,0.0
10059,0.21747565252155682,0.008874435646204956,-1.54e-06,0.9287244942797835,7.711917279670906,-77.50990884712328,1.0052136313683062,48.35520537720117,0.12067054082980143,-73.43277004633823,-1.1573229341274334,-10.284785223330601,0.6295741068180681,73.93833836043021,0.2719344611720337,-0.040358316291915455,0.00015748,0.04046465505063336,0.00081957,1,0.0
10060,0.13107667561502595,0.002185229533824045,-1.54e-06,0.9287244942797835,7.711917279670906,-64.25924513511117,1.0052136313683062,32.564210794453466,0.12067054082980143,-86.16367638250621,-1.1573229341274334,29.34870453549491,0.6295741068180681,62.95916976147099,0.2719344611720337,-0.022506149008384355,0.00015748,0.02260694792899764,0.00081957,1,0.0
10061,0.01563135535832383,0.024279091669255282,-1.54e-06,0.9287244942797835,7.711917279670906,-65.30146383985304,1.0052136313683062,-34.662794626614996,0.12067054082980143,-96.73989830425216,-1.1573229341274334,74.22945110929463,0.6295741068180681,68.29103365676905,0.2719344611720337,-0.04366919927060712,0.00015748,0.04380786109157004,0.00081957,1,0.0
10062,0.208123937355025,0.0031324521721862986,-1.54e-06,0.9287244942797835,7.711917279670906,-86.67455392402266,1.0052136313683062,18.62994610414003,0.12067054082980143,-66.82310243558216,-1.1573229341274334,-33.40456477173901,0.6295741068180681,84.20115541079541,0.2719344611720337,-0.014678206478116455,0.00015748,0.014673371549111112,0.00081957,1,0.0
10063,0.2576624591258774,0.025864663159626648,-1.54e-06,0.9287244942797835,7.711917279670906,-71.43580634585838,1.0052136313683062,68.38641049105325,0.12067054082980143,-63.34860103326261,-1.1573229341274334,49.42422833124953,0.6295741068180681,65.42286468686281,0.2719344611720337,-0.06468588988979068,0.00015748,0.06463890653582974,0.00081957,1,0.0
10064,0.17488667873185362,0.052169173662370005,-1.54e-06,0.9287244942797835,7.711917279670906,-14.52460157384821,1.0052136313683062,73.51162910872459,0.12067054082980143,-18.194378809516937,-1.1573229341274334,-97.75829256334487,0.6295741068180681,20.28393076645909,0.2719344611720337,-0.026330508794324553,0.00015748,0.08268317051683532,0.00081957,1,0.0
10065,0.009373389434820063,4.418702007760496e-05,-1.54e-06,0.9287244942797835,7.711917279670906,-10.032405472654938,1.0052136313683062,5.216682735549832,0.12067054082980143,-25.36678046198168,-1.1573229341274334,54.88997481757936,0.6295741068180681,9.89228619223405,0.2719344611720337,-0.0034840861256256826,0.00015748,0.003496989643701296,0.00081957,1,0.0
10066,0.10174275977805725,0.0022371948756291964,-1.54e-06,0.9287244942797835,7.711917279670906,-25.794747039839173,1.0052136313683062,15.215208502437479,0.12067054082980143,-13.03041185273379,-1.1573229341274334,54.030091094335965,0.6295741068180681,23.019265363839462,0.2719344611720337,-0.019609135825653143,0.00015748,0.019630578224845256,0.00081957,1,0.0
10067,0.07522892442312033,0.002091785802846065,-1.54e-06,0.9287244942797835,7.711917279670906,-32.174472874541664,1.0052136313683062,-7.196518452441374,0.12067054082980143,-9.393032298554488,-1.1573229341274334,-44.433999017309056,0.6295741068180681,31.57461875908543,0.2719344611720337,-0.009465458643274964,0.00015748,0.009465696909109506,0.00081957,1,0.0
10068,0.1486950275495579,0.00851073476255816,-1.54e-06,0.9287244942797835,7.711917279670906,-52.28796454230657,1.0052136313683062,-18.940154746050904,0.12067054082980143,-0.19829341166294742,-1.1573229341274334,-9.940571393643898,0.6295741068180681,49.82538729727928,0.2719344611720337,-0.02292231470498362,0.00015748,0.02300829734430255,0.00081957,1,0.0
10069,0.04697136477170882,0.024481902075506476,-1.54e-06,0.9287244942797835,7.711917279670906,-14.691473294129205,1.0052136313683062,65.62554236222262,0.12067054082980143,-66.72591886915849,-1.1573229341274334,31.234417784394104,0.6295741068180681,13.565392560995658,0.2719344611720337,-0.055478774006236596,0.00015748,0.05562177129103164,0.00081957,1,0.0
10070,0.0713057394945577,0.04183106084821637,-1.54e-06,0.9287244942797835,7.711917279670906,-77.9225651827601,1.0052136313683062,-50.96728560595407,0.12067054082980143,-56.797903842933444,-1.1573229341274334,-91.96352412771768,0.6295741068180681,80.7408214200112,0.2719344611720337,-0.057617635315692306,0.00015748,0.057705865855621624,0.00081957,1,0.0
10071,0.12200805934433223,0.001166692862501564,-1.54e-06,0.9287244942797835,7.711917279670906,-38.021310798227994,1.0052136313683062,11.112354976335217,0.12067054082980143,-7.126372032969538,-1.1573229341274334,-82.69239525378738,0.6295741068180681,36.23916231109622,0.2719344611720337,-0.011439089245353626,0.00015748,0.01147680446341878,0.00081957,1,0.0
10072,0.04911592943445,0.0028898497530118377,-1.54e-06,0.9287244942797835,7.711917279670906,-28.888289112602557,1.0052136313683062,-11.6021442088952,0.12067054082980143,-17.534270613678594,-1.1573229341274334,-9.268153454926344,0.6295741068180681,28.85311761332749,0.2719344611720337,-0.013064401519322255,0.00015748,0.013088222153227955,0.00081957,1,0.0
10073,0.0010327909133343999,0.008777836106611933,-1.54e-06,0.9287244942797835,7.711917279670906,-2.434065699088014,1.0052136313683062,38.68833868011986,0.12067054082980143,-39.27776451130219,-1.1573229341274334,-8.466729710420829,0.6295741068180681,2.6163686962366683,0.2719344611720337,-0.03233857946053091,0.00015748,0.032370202372617146,0.00081957,1,0.0
10074,0.00015742873311978822,0.012929047480457591,-1.54e-06,0.9287244942797835,7.711917279670906,15.350452853637451,1.0052136313683062,39.648576526904996,0.12067054082980143,-0.1775896214715538,-1.1573229341274334,-55.89178766766123,0.6295741068180681,-15.912499418254534,0.2719344611720337,-0.036139464869441265,0.00015748,0.03613851261302825,0.00081957,1,0.0
10075,0.1211594617643107,0.013731353346525147,-1.54e-06,0.9287244942797835,7.711917279670906,-68.36528625117539,1.0052136313683062,-24.088867147504853,0.12067054082980143,-47.96580423130396,-1.1573229341274334,35.24433523253909,0.6295741068180681,67.65280944405202,0.2719344611720337,-0.027505045234213134,0.00015748,0.027507917196786864,0.00081957,1,0.0
10076,0.004113339644525357,0.0194661109324356,-1.54e-06,0.9287244942797835,7.711917279670906,-7.044284356476741,1.0052136313683062,58.95038478555259,0.12067054082980143,-64.74793043684035,-1.1573229341274334,-15.457418149830659,0.6295741068180681,7.452432458130972,0.2719344611720337,-0.04878464732201496,0.00015748,0.04883550787133345,0.00081957,1,0.0
10077,0.1950678852493614,0.0072037602363148176,-1.54e-06,0.9287244942797835,7.711917279670906,-72.42304435296346,1.0052136313683062,46.48989573350112,0.12067054082980143,-70.04718526532432,-1.1573229341274334,-50.6534485505202,0.6295741068180681,69.71386344942407,0.2719344611720337,-0.0366944072193161,0.00015748,0.03680665638838298,0.00081957,1,0.0
10078,0.04731354172208004,0.0024023588319895353,-1.54e-06,0.9287244942797835,7.711917279670906,-48.241088966134406,1.0052136313683062,-2.0803223978645247,0.12067054082980143,-77.29073501613004,-1.1573229341274334,96.42816675032482,0.6295741068180681,48.709644081888804,0.2719344611720337,-0.008499151326476904,0.00015748,0.008491533151952096,0.00081957,1,0.0
10079,0.12809130134897426,0.003901999659931355,-1.54e-06,0.9287244942797835,7.711917279670906,-45.01722562622348,1.0052136313683062,-7.519460498995531,0.12067054082980143,-18.33448846633906,-1.1573229341274334,84.53304919123893,0.6295741068180681,42.190955247145155,0.2719344611720337,-0.01679583276125636,0.00015748,0.016809526224065487,0.00081957,1,0.0
10080,0.08046497642860836,0.0005171583203030255,-1.54e-06,0.9287244942797835,7.711917279670906,-52.05870652471147,1.0052136313683062,12.202708276776082,0.12067054082980143,-76.28159862244506,-1.1573229341274334,69.79232945897844,0.6295741068180681,51.65777912156492,0.2719344611720337,-0.0050432890957567925,0.00015748,0.005024047147553537,0.00081957,1,0.0
10081,0.036522206315292904,0.002521346272353867,-1.54e-06,0.9287244942797835,7.711917279670906,-3.538823337652706,1.0052136313683062,17.265590594521512,0.12067054082980143,-8.172903707711367,-1.1573229341274334,55.42330461048653,0.6295741068180681,1.9130720681918203,0.2719344611720337,-0.018287114451541523,0.00015748,0.0182946022269975,0.00081957,1,0.0
10082,0.017964941798145964,0.00039592033876903823,-1.54e-06,0.9287244942797835,7.711917279670906,-38.454672153954085,1.0052136313683062,10.161958858180311,0.12067054082980143,-84.11483958959032,-1.1573229341274334,79.01262082676938,0.6295741068180681,39.58780678981114,0.2719344611720337,-0.0075912962363518825,0.00015748,0.0075709560493020306,0.00081957,1,0.0
10083,0.000632876305428398,0.007453834341474448,-1.54e-06,0.9287244942797835,7.711917279670906,-0.3064064142105646,1.0052136313683062,2.4657514607893307,0.12067054082980143,-0.08185968889170533,-1.1573229341274334,-97.41650545604838,0.6295741068180681,3.832555291010261,0.2719344611720337,-0.005027593193071575,0.00015748,0.01940444882816443,0.00081957,1,0.0
10084,0.15403441105056884,0.0013332462157289635,-1.54e-06,0.9287244942797835,7.711917279670906,-71.70227584748764,1.0052136313683062,26.724836910627566,0.12067054082980143,-70.8358087195557,-1.1573229341274334,-77.06386531947454,0.6295741068180681,70.74564448725292,0.2719344611720337,-0.016049315526052314,0.00015748,0.01608388757913163,0.00081957,1,0.0
10085,0.0987484181124556,0.016389188622601858,-1.54e-06,0.9287244942797835,7.711917279670906,-36.54452448711838,1.0052136313683062,58.824211648931474,0.12067054082980143,-77.50717900431857,-1.1573229341274334,61.37050599144436,0.6295741068180681,34.54941671126133,0.2719344611720337,-0.04892971307962404,0.00015748,0.04914078078804582,0.00081957,1,0.0
10086,0.16504275806221191,0.005534237890948521,-1.54e-06,0.9287244942797835,7.711917279670906,-40.80733097729587,1.0052136313683062,25.37389422642305,0.12067054082980143,-12.737952954333728,-1.1573229341274334,23.314409172973406,0.6295741068180681,36.71065124873399,0.2719344611720337,-0.030389983893460756,0.00015748,0.030390219772046066,0.00081957,1,0.0
10087,0.2137527072269213,0.010675763044669436,-1.54e-06,0.9287244942797835,7.711917279670906,-76.30867693366712,1.0052136313683062,52.512544852421094,0.12067054082980143,-79.87475125409658,-1.1573229341274334,16.34623425306142,0.6295741068180681,72.59422134533078,0.2719344611720337,-0.04416827312738046,0.00015748,0.04419359738952855,0.00081957,1,0.0
10088,0.21910725561718072,0.003277553850467694,-1.54e-06,0.9287244942797835,7.711917279670906,-96.93319191756918,1.0052136313683062,25.260868042263553,0.12067054082980143,-92.30736030105149,-1.1573229341274334,14.670739434672003,0.6295741068180681,94.32584218506179,0.2719344611720337,-0.018154435182429776,0.00015748,0.0181865103240018,0.00081957,1,0.0
10089,0.11916807815783248,0.0010609853299598368,-1.54e-06,0.9287244942797835,7.711917279670906,-57.35231777461732,1.0052136313683062,24.7668211769091,0.12067054082980143,-65.31470122258203,-1.1573229341274334,-32.095029118906616,0.6295741068180681,56.52567624865608,0.2719344611720337,-0.01578214281370412,0.00015748,0.01580376428586815,0.00081957,1,0.0
10090,0.0006701849606501574,0.001637973081830649,-1.54e-06,0.9287244942797835,7.711917279670906,2.0512971557535336,1.0052136313683062,15.441173446205854,0.12067054082980143,-7.543440625256612,-1.1573229341274334,-21.944530761129847,0.6295741068180681,-2.031130883371351,0.2719344611720337,-0.013272441617174177,0.00015748,0.013340572650367857,0.00081957,1,0.0
10091,0.3669828485492478,0.02534109234180665,-1.54e-06,0.9287244942797835,7.711917279670906,-89.48180007770596,1.0052136313683062,55.15244247996868,0.12067054082980143,-15.319902183781487,-1.1573229341274334,-34.365422835455846,0.6295741068180681,80.9343689989798,0.2719344611720337,-0.06432880157625173,0.00015748,0.06433384008850629,0.00081957,1,0.0
10092,0.052469843452735525,0.00020149623538274624,-1.54e-06,0.9287244942797835,7.711917279670906,-33.181098776665976,1.0052136313683062,9.089505200308674,0.12067054082980143,-52.29180758135348,-1.1573229341274334,73.2376269388419,0.6295741068180681,32.67136836578509,0.2719344611720337,-0.004987613626962232,0.00015748,0.005006171661067382,0.00081957,1,0.0
10093,0.24347970016942805,0.020337311445434166,-1.54e-06,0.9287244942797835,7.711917279670906,-67.02431077621937,1.0052136313683062,63.48810106899693,0.12067054082980143,-42.964321077226096,-1.1573229341274334,-94.54989204915272,0.6295741068180681,62.50051456815581,0.2719344611720337,-0.05612107705902113,0.00015748,0.05678970408817839,0.00081957,1,0.0
10094,0.18795785843832627,0.015108642050310279,-1.54e-06,0.9287244942797835,7.711917279670906,-71.77335331031215,1.0052136313683062,62.70256998026028,0.12067054082980143,-99.9010933797052,-1.1573229341274334,59.783307352263954,0.6295741068180681,68.5047962481,0.2719344611720337,-0.051273425317243077,0.00015748,0.051497385892541894,0.00081957,1,0.0
10095,0.03625261513056831,0.022519695239010606,-1.54e-06,0.9287244942797835,7.711917279670906,-10.938591232589363,1.0052136313683062,62.96027108397265,0.12067054082980143,-56.73452050961785,-1.1573229341274334,-25.510128505270245,0.6295741068180681,10.402186188903672,0.2719344611720337,-0.05279292358008635,0.00015748,0.05284940325543453,0.00081957,1,0.0
10096,0.1665570890566685,0.009871277808253809,-1.54e-06,0.9287244942797835,7.711917279670906,-57.642312254956465,1.0052136313683062,48.06973017830504,0.12067054082980143,-67.86109952716693,-1.1573229341274334,37.25903953817414,0.6295741068180681,54.42922762988566,0.2719344611720337,-0.041214630951806185,0.00015748,0.041123492153948775,0.00081957,1,0.0
10097,0.17271318616041706,0.001624761543998917,-1.54e-06,0.9287244942797835,7.711917279670906,-78.82830523594058,1.0052136313683062,23.43314020506524,0.12067054082980143,-72.63141659148978,-1.1573229341274334,-64.17048597401899,0.6295741068180681,77.4851928632517,0.2719344611720337,-0.013709441545888181,0.00015748,0.013717118554091055,0.00081957,1,0.0
10098,0.0017273492525843107,0.0034085118577526336,-1.54e-06,0.9287244942797835,7.711917279670906,4.176609062702475,1.0052136313683062,22.02370877225193,0.12067054082980143,-6.64003376013977,-1.1573229341274334,-41.8501094646634,0.6295741068180681,-4.196285964092495,0.2719344611720337,-0.01917032396315104,0.00015748,0.0191789377282848,0.00081957,1,0.0
10099,0.15806869906800655,0.0034101015969115215,-1.54e-06,0.9287244942797835,7.711917279670906,-40.60854060969695,1.0052136313683062,11.002451156316068,0.12067054082980143,-5.496629309093239,-1.1573229341274334,46.31664341795936,0.6295741068180681,36.61013857531307,0.2719344611720337,-0.022939465569019088,0.00015748,0.022974824230348218,0.00081957,1,0.0
10100,0.003946609634996108,0.00027422109698783156,-1.54e-06,3.450317238911107,5.9334145391034205,13.577322578468756,1.0052136313683062,3.5082226894093065,0.12067054082980143,-35.00519917816638,-1.1573229341274334,-8.152806761404184,0.6295741068180681,16.138993413918936,0.2719344611720337,-0.009513574606674156,0.00015748,0.009558775232970072,0.00081957,1,0.0
10101,0.03306354232064164,0.0004288913751346557,-1.54e-06,3.450317238911107,5.9334145391034205,-77.14764826528685,1.0052136313683062,1.2191392422403808,0.12067054082980143,-24.5887110565452,-1.1573229341274334,65.98288834474518,0.6295741068180681,29.380050059753604,0.2719344611720337,-0.009744426048408378,0.00015748,0.00972188220400634,0.00081957,1,0.0
10102,0.0032944651590558482,0.03383954309394067,-1.54e-06,3.450317238911107,5.9334145391034205,-17.904476780209094,1.0052136313683062,-18.94802157985782,0.12067054082980143,-37.342936769507396,-1.1573229341274334,99.49891190966304,0.6295741068180681,70.02469459243049,0.2719344611720337,-0.07144432654616281,0.00015748,0.07374915893011039,0.00081957,1,0.0
10103,0.07899391685461377,0.00045620213856179204,-1.54e-06,3.450317238911107,5.9334145391034205,-48.23741997864437,1.0052136313683062,8.159674849789162,0.12067054082980143,-77.51060244235147,-1.1573229341274334,-21.59472725717921,0.6295741068180681,63.65754063493498,0.2719344611720337,-0.014849722681967442,0.00015748,0.014856898854811394,0.00081957,1,0.0
10104,0.007412183223275082,0.006464130048287463,-1.54e-06,3.450317238911107,5.9334145391034205,-42.88401796953136,1.0052136313683062,13.639502337338223,0.12067054082980143,-70.27407504806256,-1.1573229341274334,61.89397791157581,0.6295741068180681,20.405768440869824,0.2719344611720337,-0.033908464234576316,0.00015748,0.03403117631264556,0.00081957,1,0.0
10105,0.10051887460388599,0.001268747553904384,-1.54e-06,3.450317238911107,5.9334145391034205,-66.5306626220028,1.0052136313683062,12.456064024532084,0.12067054082980143,-95.50294557719498,-1.1573229341274334,-27.714671092049862,0.6295741068180681,74.33199971247615,0.2719344611720337,-0.020584837511868723,0.00015748,0.020578312181507866,0.00081957,1,0.0
10106,0.0775573958484533,0.010353491756528284,-1.54e-06,3.450317238911107,5.9334145391034205,-41.167509200839916,1.0052136313683062,-5.238434204387373,0.12067054082980143,-58.38267308584583,-1.1573229341274334,-9.833976718860347,0.6295741068180681,81.02004582749758,0.2719344611720337,-0.04179105967276228,0.00015748,0.0419175169858457,0.00081957,1,0.0
10107,5.3614857317613174e-05,0.002177659123689709,-1.54e-06,3.450317238911107,5.9334145391034205,65.45714716487801,1.0052136313683062,10.06256680301712,0.12067054082980143,-86.42962010905366,-1.1573229341274334,-51.26777015833639,0.6295741068180681,31.56330962597052,0.2719344611720337,-0.02769336525276956,0.00015748,0.027761322336742673,0.00081957,1,0.0
10108,0.06974183814227476,0.0014101353740224173,-1.54e-06,3.450317238911107,5.9334145391034205,-7.182182554877733,1.0052136313683062,10.333018695821945,0.12067054082980143,-41.40759657439413,-1.1573229341274334,-91.50142705206412,0.6295741068180681,28.84528789914342,0.2719344611720337,-0.01822059320430338,0.00015748,0.01823384757626917,0.00081957,1,0.0
10109,0.08452670750482599,0.00022890264843014938,-1.54e-06,3.450317238911107,5.9334145391034205,-90.92687664822145,1.0052136313683062,3.873302251333599,0.12067054082980143,-53.951598667678816,-1.1573229341274334,20.631285469031962,0.6295741068180681,61.85944784357725,0.2719344611720337,-0.0052727883830255,0.00015748,0.005287729595940523,0.00081957,1,0.0
10110,0.0007721892348755699,0.010980618377323883,-1.54e-06,3.450317238911107,5.9334145391034205,39.098319705604126,1.0052136313683062,15.177701833131167,0.12067054082980143,-41.90561927313333,-1.1573229341274334,-22.534229767295884,0.6295741068180681,-13.600293722311015,0.2719344611720337,-0.030127130987872987,0.00015748,0.03787553140040258,0.00081957,1,0.0
10111,-2.6664421561573004e-05,0.006982308399908478,-1.54e-06,3.450317238911107,5.9334145391034205,6.714937737738334,1.0052136313683062,14.08298896769364,0.12067054082980143,-76.84749808840466,-1.1573229341274334,37.89473726548663,0.6295741068180681,15.18901101013962,0.2719344611720337,-0.024456595346875044,0.00015748,0.030165145074135567,0.00081957,1,0.0
10112,1.9365905943313777e-06,0.02159942096746246,-1.54e-06,3.450317238911107,5.9334145391034205,95.19731596933562,1.0052136313683062,12.570978277807328,0.12067054082980143,-74.2766111632473,-1.1573229341274334,95.38797489215352,0.6295741068180681,-9.733493270826607,0.2719344611720337,0.005739842892318988,0.00015748,0.03573104768965464,0.00081957,0,0.0
10113,0.0008393046057031135,1.818703760914653e-05,-1.54e-06,3.450317238911107,5.9334145391034205,-32.39379261374238,1.0052136313683062,0.39825500347115583,0.12067054082980143,-20.654622348194295,-1.1573229341274334,54.63805316649872,0.6295741068180681,14.973694220280754,0.2719344611720337,-0.0024359847506571068,0.00015748,0.0024329106930772253,0.00081957,1,0.0
10114,0.038909989647806315,0.0017885199562915597,-1.54e-06,3.450317238911107,5.9334145391034205,37.45272964216241,1.0052136313683062,13.180977008145252,0.12067054082980143,-66.80751246408904,-1.1573229341274334,-93.42793075790247,0.6295741068180681,26.19260111410544,0.2719344611720337,-0.023782275898480292,0.00015748,0.023825579061253984,0.00081957,1,0.0
10115,0.05426721672610043,0.0015964056585993382,-1.54e-06,3.450317238911107,5.9334145391034205,22.74626384497476,1.0052136313683062,4.2657325661942815,0.12067054082980143,-44.79165179097932,-1.1573229341274334,-91.1713082280776,0.6295741068180681,38.26747011688382,0.2719344611720337,-0.022278535205345396,0.00015748,0.022319948271817026,0.00081957,1,0.0
10116,0.02253220582413365,0.008251613198072015,-1.54e-06,3.450317238911107,5.9334145391034205,-34.23647354164766,1.0052136313683062,13.320595377059824,0.12067054082980143,-39.25803803467072,-1.1573229341274334,6.777199844318965,0.6295741068180681,5.173981119488941,0.2719344611720337,-0.03769430609816181,0.00015748,0.03768445711429751,0.00081957,1,0.0
10117,0.024058654124261725,0.005195994538781689,-1.54e-06,3.450317238911107,5.9334145391034205,-69.61289444441107,1.0052136313683062,12.1795979792253,0.12067054082980143,-72.65938577077905,-1.1573229341274334,76.77940789276579,0.6295741068180681,32.71185162488433,0.2719344611720337,-0.031255169550334826,0.00015748,0.03128587604831846,0.00081957,1,0.0
10118,0.08313097668318124,0.0016197995504028306,-1.54e-06,3.450317238911107,5.9334145391034205,-97.59363957607655,1.0052136313683062,-4.78123016134387,0.12067054082980143,-11.538608594599731,-1.1573229341274334,22.98529392242309,0.6295741068180681,53.23621983640482,0.2719344611720337,-0.012252170320800686,0.00015748,0.012255913687288315,0.00081957,1,0.0
10119,5.6887484359193635e-05,0.001147528727305894,-1.54e-06,3.450317238911107,5.9334145391034205,11.040875675609161,1.0052136313683062,1.8461951911611558,0.12067054082980143,-32.737138810722456,-1.1573229341274334,11.169787803401288,0.6295741068180681,16.240038152383725,0.2719344611720337,-0.008271572446409624,0.00015748,0.009923740460226206,0.00081957,1,0.0
10120,0.06259007265035672,0.00014292395396590276,-1.54e-06,3.450317238911107,5.9334145391034205,-45.438247159814445,1.0052136313683062,1.958625790684746,0.12067054082980143,-17.590277196261166,-1.1573229341274334,-26.75142866770979,0.6295741068180681,31.711006054292305,0.2719344611720337,-0.002668588977655953,0.00015748,0.0026706987863529532,0.00081957,1,0.0
10121,0.00016124795839084216,0.0019458390398999956,-1.54e-06,3.450317238911107,5.9334145391034205,55.69468164419772,1.0052136313683062,7.722405790172779,0.12067054082980143,-54.18180944347041,-1.1573229341274334,-44.21171996406967,0.6295741068180681,14.397353240443874,0.2719344611720337,-0.016491973286071295,0.00015748,0.018773796502873755,0.00081957,1,0.0
10122,0.000608775263428396,0.013770248017719013,-1.54e-06,3.450317238911107,5.9334145391034205,-9.429281482433394,1.0052136313683062,-11.405462867784733,0.12067054082980143,-28.665671079672975,-1.1573229341274334,66.08249944675092,0.6295741068180681,45.55629638907243,0.2719344611720337,-0.044797348045924834,0.00015748,0.046538686985537855,0.00081957,1,0.0
10123,0.005586839070690797,0.009372452883891833,-1.54e-06,3.450317238911107,5.9334145391034205,-33.96201561895747,1.0052136313683062,9.898127501092839,0.12067054082980143,-3.013033481838494,-1.1573229341274334,15.305238167013616,0.6295741068180681,-17.31630983954218,0.2719344611720337,-0.04030923808626738,0.00015748,0.04028995025578129,0.00081957,1,0.0
10124,0.01323228772924219,0.002265798916035507,-1.54e-06,3.450317238911107,5.9334145391034205,76.71905405528642,1.0052136313683062,6.724422749533906,0.12067054082980143,-55.10547524017582,-1.1573229341274334,-99.64441611755481,0.6295741068180681,22.28717005640748,0.2719344611720337,-0.027809912687061285,0.00015748,0.027832696318496077,0.00081957,1,0.0
10125,0.0058630155334184475,0.0011273056835446587,-1.54e-06,3.450317238911107,5.9334145391034205,48.265494463427906,1.0052136313683062,8.325603784076177,0.12067054082980143,-64.61483136156245,-1.1573229341274334,-48.3415990879439,0.6295741068180681,23.847108728010294,0.2719344611720337,-0.020719569989529247,0.00015748,0.020716891824265716,0.00081957,1,0.0
10126,0.00032615798165658294,9.022512477038232e-05,-1.54e-06,3.450317238911107,5.9334145391034205,-6.12632627708292,1.0052136313683062,2.9748328166614457,0.12067054082980143,-30.672876288211228,-1.1573229341274334,21.438565118847606,0.6295741068180681,14.213673541917244,0.2719344611720337,-0.005156774407756052,0.00015748,0.005154699786357497,0.00081957,1,0.0
10127,0.0004880251833201815,0.025230723617682232,-1.54e-06,3.450317238911107,5.9334145391034205,70.48389980370874,1.0052136313683062,-7.436859614764266,0.12067054082980143,-47.75842174858781,-1.1573229341274334,79.8016911788278,0.6295741068180681,30.22970864946526,0.2719344611720337,-0.033760191650816035,0.00015748,0.059423905432549426,0.00081957,1,0.0
10128,8.88687430564139e-05,0.006027051510242593,-1.54e-06,3.450317238911107,5.9334145391034205,56.071394509440424,1.0052136313683062,9.233300212909764,0.12067054082980143,-44.9429729805753,-1.1573229341274334,-14.932703053652489,0.6295741068180681,-0.4809110297733815,0.2719344611720337,-0.008284789618403702,0.00015748,0.018735932951416692,0.00081957,1,0.0
10129,0.056635715145873615,0.00011667815883295422,-1.54e-06,3.450317238911107,5.9334145391034205,-83.17413919961237,1.0052136313683062,1.7006345868053552,0.12067054082980143,-48.19327874417252,-1.1573229341274334,53.51722191551145,0.6295741068180681,52.8020834130903,0.2719344611720337,-0.0016796552422537055,0.00015748,0.001691148575162947,0.00081957,1,0.0
10130,0.009823151134215224,0.002739556253305276,-1.54e-06,3.450317238911107,5.9334145391034205,23.841687494935805,1.0052136313683062,14.439325785384392,0.12067054082980143,-85.29313174293424,-1.1573229341274334,-22.153233187166272,0.6295741068180681,26.192951069316315,0.2719344611720337,-0.025590366324785722,0.00015748,0.02561409363421608,0.00081957,1,0.0
10131,0.09709812047335517,0.00045146064794464,-1.54e-06,3.450317238911107,5.9334145391034205,-76.4343071007982,1.0052136313683062,0.7232821511414198,0.12067054082980143,-13.781581517499017,-1.1573229341274334,-37.35938977663368,0.6295741068180681,45.76762944432852,0.2719344611720337,-0.0003735467987332274,0.00015748,0.00038104994468394316,0.00081957,1,0.0
10132,0.03867957510886602,0.003919018914910719,-1.54e-06,3.450317238911107,5.9334145391034205,-80.75557310657692,1.0052136313683062,7.711578156432687,0.12067054082980143,-36.48028750874218,-1.1573229341274334,55.3128439874125,0.6295741068180681,24.4292478788324,0.2719344611720337,-0.027302311793912175,0.00015748,0.027307879588383432,0.00081957,1,0.0
10133,0.0611562894559969,0.0002022834274891939,-1.54e-06,3.450317238911107,5.9334145391034205,-13.688965144952189,1.0052136313683062,4.239903605174277,0.12067054082980143,-21.155896201002662,-1.1573229341274334,-69.30483093413454,0.6295741068180681,26.651357554678288,0.2719344611720337,-0.00783393429896792,0.00015748,0.00787735281414446,0.00081957,1,0.0
10134,0.10223221241141031,0.019414977750604665,-1.54e-06,3.450317238911107,5.9334145391034205,-87.25594455066945,1.0052136313683062,19.964324185586225,0.12067054082980143,-46.57484928474822,-1.1573229341274334,-51.41398924978829,0.6295741068180681,25.165517687271308,0.2719344611720337,-0.05718243552488872,0.00015748,0.05763211823133746,0.00081957,1,0.0
10135,0.11225602282100858,0.0007718626407665873,-1.54e-06,3.450317238911107,5.9334145391034205,-42.309939570009305,1.0052136313683062,9.805358129575366,0.12067054082980143,-74.94730960456134,-1.1573229341274334,-84.97391540210701,0.6295741068180681,69.50674539720757,0.2719344611720337,-0.018495261255396772,0.00015748,0.018525217698848177,0.00081957,1,0.0
10136,0.032443712239457766,8.259955014457201e-05,-1.54e-06,3.450317238911107,5.9334145391034205,-60.34332114864675,1.0052136313683062,3.986453578305139,0.12067054082980143,-65.28248718859561,-1.1573229341274334,65.93894057060848,0.6295741068180681,49.32359690856603,0.2719344611720337,-0.006215100851417426,0.00015748,0.0062199911772892035,0.00081957,1,0.0
10137,0.05750197536888141,0.0035092550637290595,-1.54e-06,3.450317238911107,5.9334145391034205,-100.0,1.0052136313683062,-6.617903344602629,0.12067054082980143,-35.719052426110075,-1.1573229341274334,86.05126136681852,0.6295741068180681,64.85194771092442,0.2719344611720337,-0.020604446236184203,0.00015748,0.020736401222017864,0.00081957,1,0.0
10138,0.019734477776947968,0.004499980806481445,-1.54e-06,3.450317238911107,5.9334145391034205,57.594719549895196,1.0052136313683062,1.2477966788773385,0.12067054082980143,-43.850718162339206,-1.1573229341274334,-78.68673750221738,0.6295741068180681,30.68317097655986,0.2719344611720337,-0.03266536950144112,0.00015748,0.032743892310479146,0.00081957,1,0.0
10139,0.0001095626926963765,0.012748103239913367,-1.54e-06,3.450317238911107,5.9334145391034205,40.519478679584964,1.0052136313683062,-1.6842321940063174,0.12067054082980143,-62.736583811148286,-1.1573229341274334,69.46714252644655,0.6295741068180681,34.40628845348972,0.2719344611720337,-0.02170006193910617,0.00015748,0.03758673355179057,0.00081957,1,0.0
10140,-4.008601377586407e-06,0.013947571630567743,-1.54e-06,3.450317238911107,5.9334145391034205,61.93481618463961,1.0052136313683062,5.887535225780981,0.12067054082980143,-86.33816378904729,-1.1573229341274334,94.30569207934272,0.6295741068180681,24.538589904252827,0.2719344611720337,0.000525784607407204,0.00015748,0.02668399222384423,0.00081957,0,0.0
10141,0.00013181797353936653,0.0035919172491429324,-1.54e-06,3.450317238911107,5.9334145391034205,17.110364555325685,1.0052136313683062,8.981653065685737,0.12067054082980143,-99.29038065254828,-1.1573229341274334,49.76034958601685,0.6295741068180681,41.928012652339824,0.2719344611720337,-0.015264599110538183,0.00015748,0.020704899708813413,0.00081957,1,0.0
10142,-2.9588621443948915e-06,0.016372003303629288,-1.54e-06,3.450317238911107,5.9334145391034205,93.97331559168458,1.0052136313683062,7.530248096204091,0.12067054082980143,-38.18343385595037,-1.1573229341274334,42.772451902441446,0.6295741068180681,-16.962361417202615,0.2719344611720337,0.010677299790075478,0.00015748,0.022190335773159875,0.00081957,0,0.0
10143,0.014004973969300859,0.00029176564655831403,-1.54e-06,3.450317238911107,5.9334145391034205,35.06246902873995,1.0052136313683062,4.084839379086177,0.12067054082980143,-20.73551741106629,-1.1573229341274334,-62.859721148857076,0.6295741068180681,7.62496177360282,0.2719344611720337,-0.01117130678738707,0.00015748,0.011189916520698362,0.00081957,1,0.0
10144,0.0002722429958527811,0.007702851459334874,-1.54e-06,3.450317238911107,5.9334145391034205,65.79377359406347,1.0052136313683062,2.1046323537186806,0.12067054082980143,-32.7235932343259,-1.1573229341274334,-3.5110383498801077,0.6295741068180681,5.369717016129166,0.2719344611720337,-0.00788276782434695,0.00015748,0.021680039289711194,0.00081957,1,0.0
10145,0.03182886373433441,0.0020803070979266997,-1.54e-06,3.450317238911107,5.9334145391034205,17.928377869800304,1.0052136313683062,8.790780664260136,0.12067054082980143,-99.17404031471273,-1.1573229341274334,-25.06697034516001,0.6295741068180681,56.82660713902714,0.2719344611720337,-0.027000928079511606,0.00015748,0.02697522120823135,0.00081957,1,0.0
10146,0.05594842234443037,0.0005823974199229392,-1.54e-06,3.450317238911107,5.9334145391034205,-38.57462056547603,1.0052136313683062,8.81563821795183,0.12067054082980143,-91.56288020653722,-1.1573229341274334,8.240462550702688,0.6295741068180681,63.006442720348595,0.2719344611720337,-0.01670869051162978,0.00015748,0.016702901688672292,0.00081957,1,0.0
10147,0.10958379188568376,0.0005406190869257903,-1.54e-06,3.450317238911107,5.9334145391034205,-68.12551422812106,1.0052136313683062,1.4787033001488301,0.12067054082980143,-7.970129177251755,-1.1573229341274334,-72.77895404918875,0.6295741068180681,44.05307630067645,0.2719344611720337,-0.0016153787796355774,0.00015748,0.0016371156364373854,0.00081957,1,0.0
10148,0.07922535452205556,0.0002878214486391639,-1.54e-06,3.450317238911107,5.9334145391034205,-75.42972299081781,1.0052136313683062,0.8363210515389063,0.12067054082980143,-23.073859384918705,-1.1573229341274334,-5.805399461006973,0.6295741068180681,45.43185198555487,0.2719344611720337,-0.0003931350196642706,0.00015748,0.00038971696609270434,0.00081957,1,0.0
10149,0.05405136389363353,0.00010549538165357335,-1.54e-06,3.450317238911107,5.9334145391034205,-51.09264339108781,1.0052136313683062,1.4897842022863115,0.12067054082980143,-22.275443630940096,-1.1573229341274334,-2.169680847778904,0.6295741068180681,33.24761577329087,0.2719344611720337,-0.001762665327372596,0.00015748,0.0017603464319308011,0.00081957,1,0.0
10150,0.0016651036515978046,0.02566625315268914,-1.54e-06,3.450317238911107,5.9334145391034205,71.86580633716532,1.0052136313683062,-9.188212179099622,0.12067054082980143,-50.061656896346655,-1.1573229341274334,-13.176489743957838,0.6295741068180681,48.42573052707914,0.2719344611720337,-0.061453436274349585,0.00015748,0.06744499576654144,0.00081957,1,0.0
10151,0.0005225279428776458,0.01323123858977297,-1.54e-06,3.450317238911107,5.9334145391034205,34.40005158107339,1.0052136313683062,-6.352290246871666,0.12067054082980143,-43.47007244490254,-1.1573229341274334,27.502621423675723,0.6295741068180681,38.807963546653674,0.2719344611720337,-0.039378863619402474,0.00015748,0.04547595472412978,0.00081957,1,0.0
10152,0.02284742447139231,0.0004962031903067549,-1.54e-06,3.450317238911107,5.9334145391034205,-15.681979785412095,1.0052136313683062,0.7617033953377714,0.12067054082980143,-32.134505593644974,-1.1573229341274334,6.2560075756294635,0.6295741068180681,28.801841457978654,0.2719344611720337,-0.009813878507685494,0.00015748,0.009792603689258704,0.00081957,1,0.0
10153,0.046086237143496384,0.0001508341241388773,-1.54e-06,3.450317238911107,5.9334145391034205,-12.886764191079529,1.0052136313683062,4.324269449409009,0.12067054082980143,-31.26001508114393,-1.1573229341274334,-41.22814236414687,0.6295741068180681,27.948184577560827,0.2719344611720337,-0.00838994640404861,0.00015748,0.008392602189555586,0.00081957,1,0.0
10154,0.051264128230724876,0.00046759202976940067,-1.54e-06,3.450317238911107,5.9334145391034205,-48.26665428033856,1.0052136313683062,1.883643742506895,0.12067054082980143,-3.531099236518628,-1.1573229341274334,-15.322893306120768,0.6295741068180681,18.539439206046254,0.2719344611720337,-0.008255305626196034,0.00015748,0.008256942081319607,0.00081957,1,0.0
10155,0.016808689302373767,0.0004794076526170253,-1.54e-06,3.450317238911107,5.9334145391034205,-56.968107087843315,1.0052136313683062,6.868561864375493,0.12067054082980143,-79.22073962075272,-1.1573229341274334,87.66665808032586,0.6295741068180681,46.34039006175597,0.2719344611720337,-0.01160496835160135,0.00015748,0.011599926005153345,0.00081957,1,0.0
10156,0.031182430101680387,0.009045223596494319,-1.54e-06,3.450317238911107,5.9334145391034205,58.235137756642345,1.0052136313683062,0.3583612473091525,0.12067054082980143,-63.186913680047,-1.1573229341274334,-81.09993179554178,0.6295741068180681,49.76063434516978,0.2719344611720337,-0.04466505121362338,0.00015748,0.04484162221996267,0.00081957,1,0.0
10157,0.0007307182425727726,0.012660333698922166,-1.54e-06,3.450317238911107,5.9334145391034205,38.11243344051881,1.0052136313683062,-3.914131897295909,0.12067054082980143,-68.01352215930854,-1.1573229341274334,13.095108512111223,0.6295741068180681,52.173269529923246,0.2719344611720337,-0.04594577907206503,0.00015748,0.047878009034906285,0.00081957,1,0.0
10158,0.09755846637944202,0.0018708381981233078,-1.54e-06,3.450317238911107,5.9334145391034205,-52.70723294124006,1.0052136313683062,3.437633747229212,0.12067054082980143,-69.60463262615801,-1.1573229341274334,-38.02786541254439,0.6295741068180681,76.10989846873171,0.2719344611720337,-0.020508455037846412,0.00015748,0.02049703549981811,0.00081957,1,0.0
10159,0.03817153264402731,0.021866613244686334,-1.54e-06,3.450317238911107,5.9334145391034205,24.303954875504395,1.0052136313683062,-9.978171335932196,0.12067054082980143,-43.75654260555366,-1.1573229341274334,-35.617342174887895,0.6295741068180681,64.90717463313376,0.2719344611720337,-0.06225981861034682,0.00015748,0.0624607626089705,0.00081957,1,0.0
10160,0.0006592639882175566,0.018449714138229392,-1.54e-06,3.450317238911107,5.9334145391034205,27.47383468927561,1.0052136313683062,-5.461568798790774,0.12067054082980143,-80.85237749906041,-1.1573229341274334,76.47271207677218,0.6295741068180681,60.22975411200094,0.2719344611720337,-0.0442309145343174,0.00015748,0.05379605638153153,0.00081957,1,0.0
10161,0.00012991114152091643,0.004966420472350867,-1.54e-06,3.450317238911107,5.9334145391034205,78.6708148434968,1.0052136313683062,4.095984676687301,0.12067054082980143,-23.00703250892589,-1.1573229341274334,-54.23067476812352,0.6295741068180681,-3.62938406953809,0.2719344611720337,-0.008655745854345188,0.00015748,0.017763221741436398,0.00081957,1,0.0
10162,0.08071371460880043,0.00029948412670132584,-1.54e-06,3.450317238911107,5.9334145391034205,-69.63077330044352,1.0052136313683062,6.6491755295025134,0.12067054082980143,-75.65253000473686,-1.1573229341274334,6.382929823101159,0.6295741068180681,67.62136074517831,0.2719344611720337,-0.011364688355122329,0.00015748,0.01137131798335399,0.00081957,1,0.0
10163,0.06279520294804161,0.000321660538842971,-1.54e-06,3.450317238911107,5.9334145391034205,-41.63332362887115,1.0052136313683062,1.061098540492128,0.12067054082980143,-22.79623533643128,-1.1573229341274334,-26.1304305772455,0.6295741068180681,37.15429414346296,0.2719344611720337,-0.005867131199552372,0.00015748,0.005938186061129643,0.00081957,1,0.0
10164,0.008391314779899246,2.7681428136710656e-05,-1.54e-06,3.450317238911107,5.9334145391034205,-25.72417021842763,1.0052136313683062,2.0549489344427587,0.12067054082980143,-30.268062346153783,-1.1573229341274334,37.123340193110266,0.6295741068180681,19.925549334629217,0.2719344611720337,-0.0031814183347512034,0.00015748,0.003184682599925901,0.00081957,1,0.0
10165,0.025688590938368644,2.7988857243901627e-05,-1.54e-06,3.450317238911107,5.9334145391034205,-22.764100155704966,1.0052136313683062,0.5141025211960345,0.12067054082980143,-9.311269516384838,-1.1573229341274334,-3.426115606422337,0.6295741068180681,15.311254928319244,0.2719344611720337,-0.0007455022155920353,0.00015748,0.000749417576480582,0.00081957,1,0.0
10166,0.00017129087052433767,0.02769813000144187,-1.54e-06,3.450317238911107,5.9334145391034205,92.31492591478032,1.0052136313683062,14.657030227157147,0.12067054082980143,-4.997413626661508,-1.1573229341274334,8.042411587828765,0.6295741068180681,-56.16229764000943,0.2719344611720337,-0.025309599711916538,0.00015748,0.05869671381672441,0.00081957,1,0.0
10167,1.3724121401159639e-05,0.028336719947162133,-1.54e-06,3.450317238911107,5.9334145391034205,61.29938651927153,1.0052136313683062,25.854333917187258,0.12067054082980143,-55.66670569425701,-1.1573229341274334,-61.86928623858664,0.6295741068180681,-31.169958088974525,0.2719344611720337,-0.057766848412680455,0.00015748,0.06645340022536689,0.00081957,1,0.0
10168,0.05772978184370878,0.0003856190096762982,-1.54e-06,3.450317238911107,5.9334145391034205,-85.80954452801667,1.0052136313683062,0.8272972871199817,0.12067054082980143,-55.29835610010381,-1.1573229341274334,62.48734425621957,0.6295741068180681,60.1218915637191,0.2719344611720337,-0.005156548681286325,0.00015748,0.005224159241667709,0.00081957,1,0.0
10169,0.04610952673972289,0.007266704773948205,-1.54e-06,3.450317238911107,5.9334145391034205,-35.556592171304295,1.0052136313683062,-4.634650473566233,0.12067054082980143,-56.52469482936687,-1.1573229341274334,26.737331803066336,0.6295741068180681,67.06499181883875,0.2719344611720337,-0.03485702223351119,0.00015748,0.03484541712928984,0.00081957,1,0.0
10170,0.03245606906615574,0.002379998705366409,-1.54e-06,3.450317238911107,5.9334145391034205,21.687643498886356,1.0052136313683062,1.2329939529120293,0.12067054082980143,-39.89309756609379,-1.1573229341274334,-53.24908723375585,0.6295741068180681,34.397284702933334,0.2719344611720337,-0.02367641519569963,0.00015748,0.02370156943914472,0.00081957,1,0.0
10171,0.00028853495253877703,0.011011216639551041,-1.54e-06,3.450317238911107,5.9334145391034205,66.61993282293105,1.0052136313683062,8.274233017830118,0.12067054082980143,-91.74149454784698,-1.1573229341274334,56.5294134715599,0.6295741068180681,26.24551396688337,0.2719344611720337,-0.005159774565447986,0.00015748,0.02632125018339497,0.00081957,1,0.0
10172,0.02918745405817819,0.012800360297060588,-1.54e-06,3.450317238911107,5.9334145391034205,63.15760112090662,1.0052136313683062,-1.8214524823990554,0.12067054082980143,-61.95132188232386,-1.1573229341274334,-80.8805141972343,0.6295741068180681,53.1197966489564,0.2719344611720337,-0.05182248409488663,0.00015748,0.05188849926394491,0.00081957,1,0.0
10173,6.350286227363444e-06,0.012192635189113156,-1.54e-06,3.450317238911107,5.9334145391034205,39.30135830968775,1.0052136313683062,14.637086208646082,0.12067054082980143,-28.388582196780092,-1.1573229341274334,-27.82758288419506,0.6295741068180681,-21.972071203068598,0.2719344611720337,-0.03198618870033776,0.00015748,0.040091074582482,0.00081957,1,0.0
10174,0.034412491365059444,0.00017993481680105765,-1.54e-06,3.450317238911107,5.9334145391034205,-21.364446518284208,1.0052136313683062,1.5923310382988074,0.12067054082980143,-0.16951288940837994,-1.1573229341274334,-27.16922147135858,0.6295741068180681,9.634920274272927,0.2719344611720337,-0.004655926330673319,0.00015748,0.004651230386182756,0.00081957,1,0.0
10175,0.0002457988804972777,0.006910689392968958,-1.54e-06,3.450317238911107,5.9334145391034205,63.177028830000204,1.0052136313683062,8.346616940956451,0.12067054082980143,-94.23802935977163,-1.1573229341274334,11.356949890728703,0.6295741068180681,34.51854469506194,0.2719344611720337,-0.018573694973374265,0.00015748,0.029113541941156576,0.00081957,1,0.0
10176,0.05426366049422801,0.00015420224915029465,-1.54e-06,3.450317238911107,5.9334145391034205,-36.702535531179606,1.0052136313683062,0.45605673504155675,0.12067054082980143,-1.3914752284453265,-1.1573229341274334,-33.27374169783628,0.6295741068180681,20.89297827401505,0.2719344611720337,-0.0006308073972109983,0.00015748,0.0006261543977271593,0.00081957,1,0.0
10177,0.00041241883538378765,0.013108928916539619,-1.54e-06,3.450317238911107,5.9334145391034205,88.06301506042124,1.0052136313683062,16.655335769966754,0.12067054082980143,-25.91466611796533,-1.1573229341274334,-87.42089443488351,0.6295741068180681,-32.22211807434447,0.2719344611720337,-0.029564737971112462,0.00015748,0.040134691739445894,0.00081957,1,0.0
10178,0.0657728223095354,0.00028994907478479507,-1.54e-06,3.450317238911107,5.9334145391034205,-8.559606193156823,1.0052136313683062,5.68410915872907,0.12067054082980143,-25.924672921559697,-1.1573229341274334,-83.39658710599902,0.6295741068180681,27.900819326115894,0.2719344611720337,-0.010237712877832691,0.00015748,0.010236798174113541,0.00081957,1,0.0
10179,0.07425645813610862,0.00018285374520789094,-1.54e-06,3.450317238911107,5.9334145391034205,-77.32954579879902,1.0052136313683062,2.33133040906034,0.12067054082980143,-41.60166758108627,-1.1573229341274334,13.269243101691199,0.6295741068180681,52.80391354340801,0.2719344611720337,-0.0030718112354094955,0.00015748,0.0030723376142155505,0.00081957,1,0.0
10180,0.05693862269667591,0.00018784468777366368,-1.54e-06,3.450317238911107,5.9334145391034205,-86.76804327599439,1.0052136313683062,6.243954858547757,0.12067054082980143,-89.42010116615425,-1.1573229341274334,75.09765875492126,0.6295741068180681,70.35536045871542,0.2719344611720337,-0.009549936625173767,0.00015748,0.009553143315526069,0.00081957,1,0.0
10181,0.055996367066163275,0.00039091751477516825,-1.54e-06,3.450317238911107,5.9334145391034205,1.534024464692176,1.0052136313683062,6.396105904165982,0.12067054082980143,-42.51063359356938,-1.1573229341274334,-72.35064526003524,0.6295741068180681,33.46761473812313,0.2719344611720337,-0.013774230269644689,0.00015748,0.01379445604546998,0.00081957,1,0.0
10182,0.0009416633912252281,0.026293261401834613,-1.54e-06,3.450317238911107,5.9334145391034205,60.68132229157473,1.0052136313683062,-10.414875863458041,0.12067054082980143,-38.694982331883885,-1.1573229341274334,49.78492237330429,0.6295741068180681,37.25020975859782,0.2719344611720337,-0.047366685235154755,0.00015748,0.06410471745796315,0.00081957,1,0.0
10183,0.04261220609636329,0.061897959186475685,-1.54e-06,3.450317238911107,5.9334145391034205,-20.0613077845823,1.0052136313683062,35.79451502352141,0.12067054082980143,-63.63734075326575,-1.1573229341274334,-79.30207934936773,0.6295741068180681,-24.237556416468667,0.2719344611720337,-0.10112049228770606,0.00015748,0.1008900346984476,0.00081957,1,0.0
10184,0.062378411915471374,0.002496816490695137,-1.54e-06,3.450317238911107,5.9334145391034205,-20.6691960066715,1.0052136313683062,3.430293712349725,0.12067054082980143,-74.60947458295266,-1.1573229341274334,-23.47422696322328,0.6295741068180681,65.39059554228177,0.2719344611720337,-0.02440863311489172,0.00015748,0.024514872558800062,0.00081957,1,0.0
10185,0.07713876645246663,0.00016961614948111063,-1.54e-06,3.450317238911107,5.9334145391034205,-92.92002045274654,1.0052136313683062,4.104206699649141,0.12067054082980143,-64.73322660441166,-1.1573229341274334,41.110940269453195,0.6295741068180681,66.10523714403647,0.2719344611720337,-0.005676957621384141,0.00015748,0.005682481070224405,0.00081957,1,0.0
10186,0.06601274802616314,0.0016696447755168964,-1.54e-06,3.450317238911107,5.9334145391034205,23.051826084607224,1.0052136313683062,10.227863122739713,0.12067054082980143,-84.18254388540826,-1.1573229341274334,-96.69621483555812,0.6295741068180681,55.13217466871196,0.2719344611720337,-0.027199633267231578,0.00015748,0.02719918770889359,0.00081957,1,0.0
10187,0.01555460221470001,2.7219408146732216e-05,-1.54e-06,3.450317238911107,5.9334145391034205,2.047270548012713,1.0052136313683062,1.6733870580800516,0.12067054082980143,-8.926150360136669,-1.1573229341274334,-23.9638191010112,0.6295741068180681,7.509014541702755,0.2719344611720337,-0.003525386096122606,0.00015748,0.0035290038048928075,0.00081957,1,0.0
10188,8.55873799645579e-05,0.0031532284866475167,-1.54e-06,3.450317238911107,5.9334145391034205,68.23776782249696,1.0052136313683062,12.0994834920106,0.12067054082980143,-70.93477503302155,-1.1573229341274334,-54.764706439976685,0.6295741068180681,14.228124960706076,0.2719344611720337,-0.020610440769968423,0.00015748,0.02388658351468522,0.00081957,1,0.0
10189,0.017080149186356385,0.011779941779099759,-1.54e-06,3.450317238911107,5.9334145391034205,61.689857360978976,1.0052136313683062,-1.1163720569597293,0.12067054082980143,-69.63901046305756,-1.1573229341274334,-57.32385108054809,0.6295741068180681,52.49532214217304,0.2719344611720337,-0.04983148941341705,0.00015748,0.04986236904669367,0.00081957,1,0.0
10190,0.00019701856672348778,0.002498378567075458,-1.54e-06,3.450317238911107,5.9334145391034205,-20.57581514896823,1.0052136313683062,-0.5814147477442072,0.12067054082980143,-1.6713009977499702,-1.1573229341274334,51.95436455840229,0.6295741068180681,0.7059400719036978,0.2719344611720337,-0.004960842706753857,0.00015748,0.009627310536042566,0.00081957,1,0.0
10191,0.0004288819525315943,0.012102283867984195,-1.54e-06,3.450317238911107,5.9334145391034205,58.538117924973996,1.0052136313683062,2.1150356764026954,0.12067054082980143,-50.02492913332526,-1.1573229341274334,61.252671941461436,0.6295741068180681,11.84082804062077,0.2719344611720337,-0.0018408643573203307,0.00015748,0.024683246911209728,0.00081957,1,0.0
10192,0.0799132372359781,0.007456335163365463,-1.54e-06,3.450317238911107,5.9334145391034205,-71.20632618509512,1.0052136313683062,17.814292470882506,0.12067054082980143,-91.34141871916644,-1.1573229341274334,-5.857416204898486,0.6295741068180681,52.0025503253138,0.2719344611720337,-0.03787409603864286,0.00015748,0.037870844007930005,0.00081957,1,0.0
10193,0.04855364709907334,0.0011237228381659062,-1.54e-06,3.450317238911107,5.9334145391034205,22.252579541999268,1.0052136313683062,5.600698090961452,0.12067054082980143,-50.323744924941,-1.1573229341274334,-81.45051329511334,0.6295741068180681,36.92330408125862,0.2719344611720337,-0.020433982615113134,0.00015748,0.020442412024499517,0.00081957,1,0.0
10194,4.477153512545684e-05,0.0006606406493375426,-1.54e-06,3.450317238911107,5.9334145391034205,-4.679084237859241,1.0052136313683062,4.0849491841539205,0.12067054082980143,-66.76707176257561,-1.1573229341274334,41.851745483228164,0.6295741068180681,35.82884890209882,0.2719344611720337,-0.013392329430355298,0.00015748,0.013396354601855873,0.00081957,1,0.0
10195,0.00029522580531128086,0.005263148187129589,-1.54e-06,3.450317238911107,5.9334145391034205,-1.7211237086039786,1.0052136313683062,0.5414114917490025,0.12067054082980143,-78.00967701119984,-1.1573229341274334,74.58251495943074,0.6295741068180681,48.9050206121545,0.2719344611720337,-0.021742884899891263,0.00015748,0.02611623568927162,0.00081957,1,0.0
10196,0.00017471440311889186,0.012956424568809211,-1.54e-06,3.450317238911107,5.9334145391034205,14.12075797012394,1.0052136313683062,15.960828147514817,0.12067054082980143,-61.76719985884895,-1.1573229341274334,33.60577976725081,0.6295741068180681,-2.304960912038926,0.2719344611720337,-0.03176840991638893,0.00015748,0.04170502563010769,0.00081957,1,0.0
10197,0.06680047634815615,0.00386477759058283,-1.54e-06,3.450317238911107,5.9334145391034205,-84.37709527990178,1.0052136313683062,-6.759269023802879,0.12067054082980143,-23.796945666983806,-1.1573229341274334,43.14734251803916,0.6295741068180681,59.67484027514836,0.2719344611720337,-0.022409384362282174,0.00015748,0.022439142511690283,0.00081957,1,0.0
10198,0.056493529642407087,0.0025418924740722693,-1.54e-06,3.450317238911107,5.9334145391034205,-29.475854889154952,1.0052136313683062,10.814156347893272,0.12067054082980143,-46.24952740663907,-1.1573229341274334,-39.92435328254995,0.6295741068180681,27.459805863564632,0.2719344611720337,-0.0220003944852429,0.00015748,0.02201247699964584,0.00081957,1,0.0
10199,0.030927143261702372,0.0012370909271443718,-1.54e-06,3.450317238911107,5.9334145391034205,18.89452904436961,1.0052136313683062,11.562397669661165,0.12067054082980143,-84.89984055275424,-1.1573229341274334,-40.938182408999296,0.6295741068180681,40.331820779569945,0.2719344611720337,-0.022113972722224998,0.00015748,0.022131860728830097,0.00081957,1,0.0
10200,0.45813791316004915,0.14801758438115714,-1.54e-06,1.9101617833100923,3.129449789051122,54.824689384742,1.0052136313683062,16.920947203724065,0.12067054082980143,-55.08675763475163,-1.1573229341274334,-2.542941149636846,0.6295741068180681,6.966638270378167,0.2719344611720337,0.4431303584796598,0.00015748,0.573148182411281,0.00081957,0,0.0
10201,1.2573272626897927,0.4535170736717912,-1.54e-06,1.9101617833100923,3.129449789051122,45.415377696819455,1.0052136313683062,29.35181797786771,0.12067054082980143,-95.84963594370828,-1.1573229341274334,-50.266864938080936,0.6295741068180681,55.161166860256536,0.2719344611720337,0.34400950882321285,0.00015748,0.9027450363266609,0.00081957,0,0.0
10202,0.4427371463100518,0.08795545610073943,-1.54e-06,1.9101617833100923,3.129449789051122,-49.34816328928373,1.0052136313683062,10.363482942577187,0.12067054082980143,-88.23246541176736,-1.1573229341274334,36.962691975596584,0.6295741068180681,75.02449105513598,0.2719344611720337,-0.20439759177148606,0.00015748,0.2039071047214672,0.00081957,1,0.0
10203,1.4415534993580539,1.691967631722337,-1.54e-06,1.9101617833100923,3.129449789051122,39.8233646162023,1.0052136313683062,1.6730430310581053,0.12067054082980143,-16.06820861407456,-1.1573229341274334,-13.694364564276356,0.6295741068180681,31.704826626436184,0.2719344611720337,0.2950843773776687,0.00015748,1.5602585239797135,0.00081957,0,0.0
10204,0.3895393243281605,0.08478232185986306,-1.54e-06,1.9101617833100923,3.129449789051122,-17.934489594546317,1.0052136313683062,8.365918674784034,0.12067054082980143,-45.61274082164333,-1.1573229341274334,-10.080702117684837,0.6295741068180681,42.33026605375243,0.2719344611720337,-0.20050511364996967,0.00015748,0.20074915542777147,0.00081957,1,0.0
10205,0.008031333744117408,0.06408326832203899,-1.54e-06,1.9101617833100923,3.129449789051122,3.014278495086118,1.0052136313683062,6.590853938690624,0.12067054082980143,-35.90058283429374,-1.1573229341274334,5.806714737361682,0.6295741068180681,15.721963871387608,0.2719344611720337,-0.16425000690459293,0.00015748,0.16883840061260783,0.00081957,1,0.0
10206,0.3387595549897696,0.12158565902401823,-1.54e-06,1.9101617833100923,3.129449789051122,98.98497929011234,1.0052136313683062,18.940829251371245,0.12067054082980143,-29.27112293959224,-1.1573229341274334,-45.797992022531275,0.6295741068180681,-26.33837886375705,0.2719344611720337,0.38788350905618707,0.00015748,0.7028715336860901,0.00081957,0,0.0
10207,0.6536721313892155,0.18388380908045707,-1.54e-06,1.9101617833100923,3.129449789051122,71.63020542511416,1.0052136313683062,25.67683889007022,0.12067054082980143,-85.86886163935942,-1.1573229341274334,-19.743387400269164,0.6295741068180681,20.051388706262365,0.2719344611720337,0.3544980884013411,0.00015748,0.8432060464307836,0.00081957,0,0.0
10208,0.2998684155237281,0.10095787776403062,-1.54e-06,1.9101617833100923,3.129449789051122,64.38030538173162,1.0052136313683062,16.924330741056067,0.12067054082980143,-55.785369976619634,-1.1573229341274334,4.687775482331368,0.6295741068180681,-1.9957542938495592,0.2719344611720337,0.43484381280456263,0.00015748,0.5858335213397585,0.00081957,0,0.0
10209,0.3423371114098343,0.20300109043797,-1.54e-06,1.9101617833100923,3.129449789051122,28.443578442743032,1.0052136313683062,9.720272316229664,0.12067054082980143,-10.980841664933195,-1.1573229341274334,-65.4243382748075,0.6295741068180681,6.9696271391828155,0.2719344611720337,-0.23433996772863547,0.00015748,0.3261492348762762,0.00081957,1,0.0
10210,0.6368201857061043,0.1315226749423423,-1.54e-06,1.9101617833100923,3.129449789051122,-14.787837914382258,1.0052136313683062,9.002237964937052,0.12067054082980143,-28.149617928240513,-1.1573229341274334,-49.248954519201206,0.6295741068180681,42.14963389384341,0.2719344611720337,-0.226912114230073,0.00015748,0.22697383106783844,0.00081957,1,0.0
10211,0.00011058609463321378,0.21641561231920445,-1.54e-06,1.9101617833100923,3.129449789051122,88.25063083237978,1.0052136313683062,12.309794134274192,0.12067054082980143,-53.90458547377931,-1.1573229341274334,76.14733352219947,0.6295741068180681,-31.35925729238569,0.2719344611720337,0.5395564426485386,0.00015748,1.1008250492943783,0.00081957,0,0.0
10212,0.6674363884884758,0.2995056751462953,-1.54e-06,1.9101617833100923,3.129449789051122,1.014422177611177,1.0052136313683062,14.68916702576821,0.12067054082980143,-61.46704321815127,-1.1573229341274334,-27.39982494995926,0.6295741068180681,48.507831866578094,0.2719344611720337,-0.08926270240038464,0.00015748,0.42734419795225637,0.00081957,1,0.0
10213,0.3467394455471329,0.12222151904392824,-1.54e-06,1.9101617833100923,3.129449789051122,18.724157845749748,1.0052136313683062,13.732743707598097,0.12067054082980143,-99.3259761532031,-1.1573229341274334,73.8724679736904,0.6295741068180681,39.308155280541754,0.2719344611720337,0.4367275335834373,0.00015748,0.5852715007409719,0.00081957,0,0.0
10214,0.6177611658730899,0.10598694796808722,-1.54e-06,1.9101617833100923,3.129449789051122,-84.37830474783648,1.0052136313683062,-1.0045466657262574,0.12067054082980143,-52.23790896541004,-1.1573229341274334,52.62070526653544,0.6295741068180681,78.47752665583377,0.2719344611720337,-0.1165275252389798,0.00015748,0.11765150338185279,0.00081957,1,0.0
10215,-0.0005241201228630699,0.18305361088554453,-1.54e-06,1.9101617833100923,3.129449789051122,84.94139026539165,1.0052136313683062,12.497682949581176,0.12067054082980143,-41.320298647536475,-1.1573229341274334,56.98292517546025,0.6295741068180681,-35.34866100921286,0.2719344611720337,0.4901735437085052,0.00015748,0.9762676048586846,0.00081957,0,0.0
10216,0.0010121314693370964,0.04779939998283432,-1.54e-06,1.9101617833100923,3.129449789051122,85.44513146733871,1.0052136313683062,13.716278421851689,0.12067054082980143,-36.86177268007597,-1.1573229341274334,8.03891290051418,0.6295741068180681,-28.600879808966155,0.2719344611720337,0.4407614192256955,0.00015748,0.5798335962730967,0.00081957,0,0.0
10217,0.0011546969110287075,0.09871064783274833,-1.54e-06,1.9101617833100923,3.129449789051122,-40.07577667490184,1.0052136313683062,-3.509432003636555,0.12067054082980143,-33.67556018311304,-1.1573229341274334,72.11236037399296,0.6295741068180681,29.96302330381447,0.2719344611720337,-0.12043671965731809,0.00015748,0.2027466748417381,0.00081957,1,0.0
10218,0.9728145618104931,0.7715368486479587,-1.54e-06,1.9101617833100923,3.129449789051122,7.789163152001789,1.0052136313683062,7.842425145857271,0.12067054082980143,-92.27708660484963,-1.1573229341274334,61.24851008834934,0.6295741068180681,65.20660208621682,0.2719344611720337,0.3204684591855256,0.00015748,1.1221543019963243,0.00081957,0,0.0
10219,-8.439887026090442e-06,0.1429247629084034,-1.54e-06,1.9101617833100923,3.129449789051122,54.50233159513501,1.0052136313683062,6.852235852658696,0.12067054082980143,-1.0205073313928041,-1.1573229341274334,-17.78682588435682,0.6295741068180681,-27.28020562266744,0.2719344611720337,0.22257589240972747,0.00015748,0.2801289982410719,0.00081957,0,0.0
10220,0.5231888143082554,0.07209213235896515,-1.54e-06,1.9101617833100923,3.129449789051122,-57.92675848511253,1.0052136313683062,-1.2118025260773062,0.12067054082980143,-26.71412300832867,-1.1573229341274334,21.56263706557239,0.6295741068180681,53.516177861326724,0.2719344611720337,-0.08341158720861627,0.00015748,0.08346918205997708,0.00081957,1,0.0
10221,0.1636836181929881,0.01925059191330194,-1.54e-06,1.9101617833100923,3.129449789051122,-54.43473753881496,1.0052136313683062,5.5330156268615704,0.12067054082980143,-87.27154560424869,-1.1573229341274334,77.6327075482654,0.6295741068180681,66.7278646317765,0.2719344611720337,-0.08496266413296769,0.00015748,0.08506603653337416,0.00081957,1,0.0
10222,0.7417619414030272,0.4629776200015857,-1.54e-06,1.9101617833100923,3.129449789051122,13.231613586791106,1.0052136313683062,18.827685083942974,0.12067054082980143,-39.13599641808716,-1.1573229341274334,-93.87522835166911,0.6295741068180681,38.26354135464377,0.2719344611720337,-0.44324635066259066,0.00015748,0.47466096022879667,0.00081957,1,0.0
10223,0.0013288790205217005,0.04657035347006431,-1.54e-06,1.9101617833100923,3.129449789051122,48.19651710651938,1.0052136313683062,13.199588628826032,0.12067054082980143,-76.90789328135047,-1.1573229341274334,69.97985678122834,0.6295741068180681,3.235955154409717,0.2719344611720337,0.4692773303497815,0.00015748,0.5625585989969446,0.00081957,0,0.0
10224,0.3117840509036647,0.10274395483986143,-1.54e-06,1.9101617833100923,3.129449789051122,64.42850916773881,1.0052136313683062,16.77019687918132,0.12067054082980143,-56.54296530606752,-1.1573229341274334,4.396783575027399,0.6295741068180681,-0.8356017803836983,0.2719344611720337,0.4285586358924127,0.00015748,0.5985724120950964,0.00081957,0,0.0
10225,0.023114828374282248,0.0017240205153554902,-1.54e-06,1.9101617833100923,3.129449789051122,-14.067954182394281,1.0052136313683062,-0.35905425284857423,0.12067054082980143,-13.691540520189866,-1.1573229341274334,19.926849786967473,0.6295741068180681,12.565234340199726,0.2719344611720337,-0.023854746063311193,0.00015748,0.023895003525782783,0.00081957,1,0.0
10226,0.37143027364184644,0.13718193457605668,-1.54e-06,1.9101617833100923,3.129449789051122,-15.733389593286546,1.0052136313683062,11.062589885624297,0.12067054082980143,-58.52396678888802,-1.1573229341274334,-6.819855119797624,0.6295741068180681,46.245085258972026,0.2719344611720337,-0.25563826135659085,0.00015748,0.2614244560468467,0.00081957,1,0.0
10227,0.1797901114600925,0.007589047916616651,-1.54e-06,1.9101617833100923,3.129449789051122,-50.63860409183317,1.0052136313683062,3.162762849110365,0.12067054082980143,-66.36314121560319,-1.1573229341274334,64.57196040952257,0.6295741068180681,56.02365160226027,0.2719344611720337,-0.04394641958880871,0.00015748,0.04455398860704404,0.00081957,1,0.0
10228,0.9437543280106125,0.318665610324003,-1.54e-06,1.9101617833100923,3.129449789051122,60.3115592130798,1.0052136313683062,24.43015129755026,0.12067054082980143,-66.31285893326901,-1.1573229341274334,-50.457138632118884,0.6295741068180681,25.87635333200625,0.2719344611720337,0.36695726814859986,0.00015748,0.7878984154975847,0.00081957,0,0.0
10229,0.15260545488364063,0.05916847249922832,-1.54e-06,1.9101617833100923,3.129449789051122,-35.27780509269255,1.0052136313683062,8.237854939072445,0.12067054082980143,-80.501547655889,-1.1573229341274334,52.124812361981874,0.6295741068180681,55.669581991865655,0.2719344611720337,-0.15846739171745544,0.00015748,0.16544513932502009,0.00081957,1,0.0
10230,0.7023661860380563,0.13111806731162062,-1.54e-06,1.9101617833100923,3.129449789051122,-31.53104815967257,1.0052136313683062,9.688262610395663,0.12067054082980143,-46.153208940793235,-1.1573229341274334,-30.04275297566277,0.6295741068180681,58.81421885629638,0.2719344611720337,-0.21870497893220786,0.00015748,0.21798873958061282,0.00081957,1,0.0
10231,0.7556914268246451,0.08314472505374731,-1.54e-06,1.9101617833100923,3.129449789051122,-66.18350969339339,1.0052136313683062,7.375876964674147,0.12067054082980143,-68.26179758869928,-1.1573229341274334,15.787332794443856,0.6295741068180681,83.5463148650596,0.2719344611720337,-0.11911151020407591,0.00015748,0.1191571825280235,0.00081957,1,0.0
10232,0.5411399250517943,0.13270369732688655,-1.54e-06,1.9101617833100923,3.129449789051122,-1.2579241268700092,1.0052136313683062,9.501122265314686,0.12067054082980143,-18.415343249441147,-1.1573229341274334,-58.58057417563817,0.6295741068180681,28.304830350893997,0.2719344611720337,-0.2360542700163162,0.00015748,0.23911115891572313,0.00081957,1,0.0
10233,0.5018539388776007,0.04842955649513035,-1.54e-06,1.9101617833100923,3.129449789051122,-12.539539672492971,1.0052136313683062,3.8659367490899683,0.12067054082980143,-2.567307567353951,-1.1573229341274334,-43.36551927699581,0.6295741068180681,24.20804527429392,0.2719344611720337,-0.09151182829614943,0.00015748,0.09199642161230606,0.00081957,1,0.0
10234,0.5035159929534037,0.15749362693012284,-1.54e-06,1.9101617833100923,3.129449789051122,49.059087700183255,1.0052136313683062,17.407671718371198,0.12067054082980143,-61.920053788813554,-1.1573229341274334,1.8547922822116176,0.6295741068180681,13.925750589433065,0.2719344611720337,0.4397191437838345,0.00015748,0.5789251916818755,0.00081957,0,0.0
10235,0.6883864326613096,0.32738370879956774,-1.54e-06,1.9101617833100923,3.129449789051122,-20.65772916748208,1.0052136313683062,17.160369165347138,0.12067054082980143,-91.73557208858143,-1.1573229341274334,-5.346007980420808,0.6295741068180681,72.32776692122307,0.2719344611720337,-0.21497798480547636,0.00015748,0.43799774176448836,0.00081957,1,0.0
10236,0.0017765527728081931,0.055849553603569246,-1.54e-06,1.9101617833100923,3.129449789051122,100.0,1.0052136313683062,13.888949416325946,0.12067054082980143,-17.625753007016655,-1.1573229341274334,-17.391368181049316,0.6295741068180681,-43.473138597846756,0.2719344611720337,0.44126840346995283,0.00015748,0.5784016739224858,0.00081957,0,0.0
10237,0.5237700924594196,0.19728307405423667,-1.54e-06,1.9101617833100923,3.129449789051122,84.38936218990786,1.0052136313683062,16.65899896853711,0.12067054082980143,-14.259709375849354,-1.1573229341274334,-59.665560506838446,0.6295741068180681,-20.799310283550934,0.2719344611720337,0.41964223736186573,0.00015748,0.6138223635599264,0.00081957,0,0.0
10238,0.00016312585873429208,0.02275480517332016,-1.54e-06,1.9101617833100923,3.129449789051122,-13.803235422888191,1.0052136313683062,-2.485149677218961,0.12067054082980143,-2.94173370277994,-1.1573229341274334,20.914110097774678,0.6295741068180681,6.435308132590283,0.2719344611720337,-0.07547494957044869,0.00015748,0.09061350324138977,0.00081957,1,0.0
10239,0.8277681759985086,0.2068441883552618,-1.54e-06,1.9101617833100923,3.129449789051122,-44.057790593438135,1.0052136313683062,13.087507715168973,0.12067054082980143,-72.73933218571354,-1.1573229341274334,-20.833159961589125,0.6295741068180681,80.33931394868462,0.2719344611720337,-0.2894947594769201,0.00015748,0.2900429165334952,0.00081957,1,0.0
10240,-0.0019989478081322565,0.2447703312307301,-1.54e-06,1.9101617833100923,3.129449789051122,-43.8316200035427,1.0052136313683062,8.463162076632694,0.12067054082980143,-69.42322806589864,-1.1573229341274334,76.44009896471788,0.6295741068180681,40.40450721520815,0.2719344611720337,-0.28496952945846227,0.00015748,0.3100313532964843,0.00081957,1,0.0
10241,0.6384428553226495,0.24865584378674463,-1.54e-06,1.9101617833100923,3.129449789051122,2.4939054426397838,1.0052136313683062,13.47350805239645,0.12067054082980143,-29.693864695469788,-1.1573229341274334,-71.92167128422003,0.6295741068180681,35.31415957102875,0.2719344611720337,-0.3324404018009212,0.00015748,0.3392539337115918,0.00081957,1,0.0
10242,0.5132692358703538,0.23842390371155597,-1.54e-06,1.9101617833100923,3.129449789051122,55.782534669836316,1.0052136313683062,15.8191050174773,0.12067054082980143,-31.81331680638168,-1.1573229341274334,-41.206335934196346,0.6295741068180681,1.0088106930764082,0.2719344611720337,0.2637534412901967,0.00015748,0.5311800525893255,0.00081957,0,0.0
10243,0.00016641874071288143,0.20603023911503826,-1.54e-06,1.9101617833100923,3.129449789051122,95.03171089312023,1.0052136313683062,12.585398245412028,0.12067054082980143,-45.01364055277689,-1.1573229341274334,60.60803763484351,0.6295741068180681,-37.609557792481674,0.2719344611720337,0.5493765914756363,0.00015748,1.0551870420102227,0.00081957,0,0.0
10244,0.5006504254357568,0.05332148905554081,-1.54e-06,1.9101617833100923,3.129449789051122,-11.581327719765936,1.0052136313683062,4.496928171673816,0.12067054082980143,-5.920230689491411,-1.1573229341274334,-43.52341335840528,0.6295741068180681,25.504607243489243,0.2719344611720337,-0.11204113596323183,0.00015748,0.11183890990407346,0.00081957,1,0.0
10245,0.5176659270942826,0.059897622450766866,-1.54e-06,1.9101617833100923,3.129449789051122,-60.45688091630749,1.0052136313683062,8.585811638982246,0.12067054082980143,-86.2687626427252,-1.1573229341274334,42.268134011482594,0.6295741068180681,81.15638650590749,0.2719344611720337,-0.15204510090536158,0.00015748,0.15219574933886845,0.00081957,1,0.0
10246,0.00815574368411287,0.13779985540530165,-1.54e-06,1.9101617833100923,3.129449789051122,27.2610105513732,1.0052136313683062,8.663229528240464,0.12067054082980143,-34.065815722036966,-1.1573229341274334,2.308857742437567,0.6295741068180681,2.1549365340716515,0.2719344611720337,-0.0014466493815535608,0.00015748,0.27498255567050534,0.00081957,1,0.0
10247,-0.0017763490950555294,0.32478713465088904,-1.54e-06,1.9101617833100923,3.129449789051122,83.6003204301521,1.0052136313683062,12.721279960788214,0.12067054082980143,-33.35420104240829,-1.1573229341274334,72.70523831623136,0.6295741068180681,-45.312584559598356,0.2719344611720337,0.38686300810928514,0.00015748,1.2519507049137073,0.00081957,0,0.0
10248,0.3929834896609853,0.4625872501294589,-1.54e-06,1.9101617833100923,3.129449789051122,74.0981006878379,1.0052136313683062,3.620461468406812,0.12067054082980143,-20.97386525480561,-1.1573229341274334,25.615095154247882,0.6295741068180681,-16.30846183441866,0.2719344611720337,0.3170940006632584,0.00015748,1.1623988008547943,0.00081957,0,0.0
10249,1.0840254774068088,1.3939419231502321,-1.54e-06,1.9101617833100923,3.129449789051122,8.104341066398417,1.0052136313683062,-2.309930466556103,0.12067054082980143,-20.840775330751356,-1.1573229341274334,21.623948268134686,0.6295741068180681,36.97273239824106,0.2719344611720337,0.14175964482893633,0.00015748,1.2515313767642624,0.00081957,0,0.0
10250,0.20391260900779662,0.014829582489346514,-1.54e-06,1.9101617833100923,3.129449789051122,-9.319041812328303,1.0052136313683062,3.554201261656969,0.12067054082980143,-17.384606365443208,-1.1573229341274334,-7.3525317772181005,0.6295741068180681,18.807648736026504,0.2719344611720337,-0.0781447385522968,0.00015748,0.07891846489078362,0.00081957,1,0.0
10251,0.006044779307827319,0.1129207488436854,-1.54e-06,1.9101617833100923,3.129449789051122,22.515189151545886,1.0052136313683062,7.22818485823646,0.12067054082980143,-27.08164569325697,-1.1573229341274334,-2.685514235587656,0.6295741068180681,1.9773848987485776,0.2719344611720337,-0.043790936019055565,0.00015748,0.22870501365343401,0.00081957,1,0.0
10252,0.820703937765491,0.10229323920050827,-1.54e-06,1.9101617833100923,3.129449789051122,-48.78913360633467,1.0052136313683062,4.552838623056392,0.12067054082980143,-28.05662347615945,-1.1573229341274334,-26.4053083209138,0.6295741068180681,61.32388440841641,0.2719344611720337,-0.0735866217174587,0.00015748,0.0740246833802127,0.00081957,1,0.0
10253,1.2359173159173746,0.516061662918122,-1.54e-06,1.9101617833100923,3.129449789051122,36.13106086522765,1.0052136313683062,20.342064140995795,0.12067054082980143,-52.29174173877184,-1.1573229341274334,-69.0549605118551,0.6295741068180681,42.55158615077861,0.2719344611720337,0.33105597147785987,0.00015748,0.7090323153864433,0.00081957,0,0.0
10254,0.002057372187453166,0.11662573872578776,-1.54e-06,1.9101617833100923,3.129449789051122,0.3544466458487158,1.0052136313683062,6.2254093755795,0.12067054082980143,-55.572922099339614,-1.1573229341274334,53.35658180764191,0.6295741068180681,20.710722977076195,0.2719344611720337,0.16333537647792995,0.00015748,0.1876921940786483,0.00081957,0,0.0
10255,1.5154092010422189,0.6318109435634811,-1.54e-06,1.9101617833100923,3.129449789051122,48.4633938644509,1.0052136313683062,31.427847943722185,0.12067054082980143,-82.85294715680578,-1.1573229341274334,-86.20360203430158,0.6295741068180681,55.81368818605239,0.2719344611720337,0.33831133735676266,0.00015748,0.9436997977888003,0.00081957,0,0.0
10256,0.006259548545565874,0.09060250963242729,-1.54e-06,1.9101617833100923,3.129449789051122,-18.07873877615797,1.0052136313683062,8.172781482168938,0.12067054082980143,-74.48564564521051,-1.1573229341274334,48.80814552160871,0.6295741068180681,41.355944950620895,0.2719344611720337,-0.15693721956362483,0.00015748,0.19288525909810927,0.00081957,1,0.0
10257,0.003649306373932376,0.008802201538243598,-1.54e-06,1.9101617833100923,3.129449789051122,-19.17696609695691,1.0052136313683062,2.653040586434102,0.12067054082980143,-40.711294454183836,-1.1573229341274334,37.02385792825811,0.6295741068180681,26.535096995495863,0.2719344611720337,-0.05043920846979113,0.00015748,0.050717700854356944,0.00081957,1,0.0
10258,0.5154327767327233,0.05102303212424015,-1.54e-06,1.9101617833100923,3.129449789051122,-55.70045985805464,1.0052136313683062,0.6003449913953112,0.12067054082980143,-33.602276953339114,-1.1573229341274334,21.251964869048642,0.6295741068180681,55.17459667527865,0.2719344611720337,-0.05000351246602916,0.00015748,0.05000861282921902,0.00081957,1,0.0
10259,0.9242802259613864,0.3034624715644633,-1.54e-06,1.9101617833100923,3.129449789051122,78.14951433381677,1.0052136313683062,28.919907798267204,0.12067054082980143,-79.32604093373173,-1.1573229341274334,-55.63068299327644,0.6295741068180681,22.872295314915267,0.2719344611720337,0.3396623405165307,0.00015748,0.9301317959789626,0.00081957,0,0.0
10260,0.0005874200017872422,0.0356314506114321,-1.54e-06,1.9101617833100923,3.129449789051122,68.49594141325942,1.0052136313683062,18.48382340821581,0.12067054082980143,-98.09594535731681,-1.1573229341274334,63.33002065625153,0.6295741068180681,5.243377750244266,0.2719344611720337,0.45446398543565003,0.00015748,0.6993023405400882,0.00081957,0,0.0
10261,1.4499416220421344,0.35953782910466614,-1.54e-06,1.9101617833100923,3.129449789051122,-63.7363016542144,1.0052136313683062,11.834112658291819,0.12067054082980143,-41.78796755496162,-1.1573229341274334,-79.30413332518671,0.6295741068180681,95.57204057505832,0.2719344611720337,-0.23789803904541743,0.00015748,0.23820832533640715,0.00081957,1,0.0
10262,0.825183019889887,0.13322790678799318,-1.54e-06,1.9101617833100923,3.129449789051122,-55.22917087675665,1.0052136313683062,0.5098830594538367,0.12067054082980143,-8.613582836896088,-1.1573229341274334,-24.295532923537593,0.6295741068180681,54.381698052048314,0.2719344611720337,-0.052311253030079066,0.00015748,0.05252694251421494,0.00081957,1,0.0
10263,0.46442823721547155,0.14140812289176793,-1.54e-06,1.9101617833100923,3.129449789051122,78.95630577919394,1.0052136313683062,21.187883450752445,0.12067054082980143,-56.382110874083814,-1.1573229341274334,-25.548858279468156,0.6295741068180681,-2.365050095681951,0.2719344611720337,0.3841210106183151,0.00015748,0.7190933332447562,0.00081957,0,0.0
10264,0.1449437578999732,0.16430089464096484,-1.54e-06,1.9101617833100923,3.129449789051122,33.07116701662352,1.0052136313683062,9.625218209968722,0.12067054082980143,-10.734744678192566,-1.1573229341274334,-52.37820882898187,0.6295741068180681,-2.9569586789557305,0.2719344611720337,-0.23116999409459443,0.00015748,0.2879133903693631,0.00081957,1,0.0
10265,0.6860604799242215,0.2783427005766799,-1.54e-06,1.9101617833100923,3.129449789051122,-15.204004205416213,1.0052136313683062,11.594359158120977,0.12067054082980143,-72.56107882568685,-1.1573229341274334,4.395902740310796,0.6295741068180681,60.93537540461947,0.2719344611720337,0.029189400977460034,0.00015748,0.38510737818123936,0.00081957,0,0.0
10266,1.0998864920552875,0.5092618393984265,-1.54e-06,1.9101617833100923,3.129449789051122,33.05086926719252,1.0052136313683062,23.05491776441503,0.12067054082980143,-60.39901366795333,-1.1573229341274334,-71.89453360827149,0.6295741068180681,43.548559127200875,0.2719344611720337,0.12589763323191894,0.00015748,0.6892278887540275,0.00081957,0,0.0
10267,0.09132960345879343,0.08689800308927925,-1.54e-06,1.9101617833100923,3.129449789051122,0.7274793046958681,1.0052136313683062,7.95033526509764,0.12067054082980143,-41.28829451180879,-1.1573229341274334,0.1342307583372195,0.6295741068180681,22.248386191912832,0.2719344611720337,-0.2011079837147241,0.00015748,0.20361337754197734,0.00081957,1,0.0
10268,0.9275975542653073,0.4409705585713799,-1.54e-06,1.9101617833100923,3.129449789051122,75.64299992837809,1.0052136313683062,14.792276025949535,0.12067054082980143,-15.481265164761027,-1.1573229341274334,-79.18021618250823,0.6295741068180681,1.0594682356537897,0.2719344611720337,0.3453082927432958,0.00015748,0.8195714478621952,0.00081957,0,0.0
10269,0.001188484174215798,0.1689831379993715,-1.54e-06,1.9101617833100923,3.129449789051122,57.320307643680906,1.0052136313683062,6.044806386084779,0.12067054082980143,-34.66687658053513,-1.1573229341274334,66.40847570031195,0.6295741068180681,-21.931685370668877,0.2719344611720337,0.32590619565858375,0.00015748,0.8935213915248794,0.00081957,0,0.0
10270,-0.00039951483593514414,0.057315680658938224,-1.54e-06,1.9101617833100923,3.129449789051122,-35.41402539073084,1.0052136313683062,6.065524192501703,0.12067054082980143,-84.47411492876267,-1.1573229341274334,78.82234204719478,0.6295741068180681,51.74214304800509,0.2719344611720337,-0.05643848491476182,0.00015748,0.12275956003185966,0.00081957,1,0.0
10271,0.00016859691128057186,0.31752213315485495,-1.54e-06,1.9101617833100923,3.129449789051122,99.63536157995644,1.0052136313683062,17.827011337838673,0.12067054082980143,-41.16964196181946,-1.1573229341274334,56.06665805352827,0.6295741068180681,-49.18420384198342,0.2719344611720337,0.4844524067386016,0.00015748,1.1855935312548698,0.00081957,0,0.0
10272,0.8819061015171284,0.6142912925455675,-1.54e-06,1.9101617833100923,3.129449789051122,-23.005545354637917,1.0052136313683062,2.1485087582619626,0.12067054082980143,-42.155946479765205,-1.1573229341274334,-5.113210352385607,0.6295741068180681,61.531556153360484,0.2719344611720337,-0.03186185421135712,0.00015748,0.5289509140798745,0.00081957,1,0.0
10273,1.2798907873848329,0.2868411710712841,-1.54e-06,1.9101617833100923,3.129449789051122,-53.63881352688344,1.0052136313683062,10.948536610715859,0.12067054082980143,-35.27574780761131,-1.1573229341274334,-74.1745087628521,0.6295741068180681,82.32349471317245,0.2719344611720337,-0.22075904207677763,0.00015748,0.2208197653548217,0.00081957,1,0.0
10274,0.006930534768366359,0.0377518544279338,-1.54e-06,1.9101617833100923,3.129449789051122,46.391546475280386,1.0052136313683062,14.319762592769798,0.12067054082980143,-82.71486147781654,-1.1573229341274334,69.79770965792252,0.6295741068180681,7.0189185525816615,0.2719344611720337,0.4877595240854085,0.00015748,0.5125344332778135,0.00081957,0,0.0
10275,0.20190807985328824,0.16470596041195,-1.54e-06,1.9101617833100923,3.129449789051122,33.32416358097267,1.0052136313683062,9.56150910071216,0.12067054082980143,-3.5718081278626026,-1.1573229341274334,-66.9434160731075,0.6295741068180681,-3.5613495981940826,0.2719344611720337,-0.2769401192702942,0.00015748,0.28498865572102977,0.00081957,1,0.0
10276,0.9197663171511623,0.2671180661632654,-1.54e-06,1.9101617833100923,3.129449789051122,-89.80483181833486,1.0052136313683062,-3.9779840252196963,0.12067054082980143,-20.2394971492456,-1.1573229341274334,14.113898519140346,0.6295741068180681,76.9796428601366,0.2719344611720337,-0.18199889027114668,0.00015748,0.18230561128719608,0.00081957,1,0.0
10277,0.7055189537978697,0.36458255174000626,-1.54e-06,1.9101617833100923,3.129449789051122,-4.7045142965030795,1.0052136313683062,17.955145670740876,0.12067054082980143,-71.69445154883628,-1.1573229341274334,-35.605608280142874,0.6295741068180681,56.92374214508318,0.2719344611720337,-0.24366181416177468,0.00015748,0.4605794202518231,0.00081957,1,0.0
10278,0.03102809628371833,0.017022818022579884,-1.54e-06,1.9101617833100923,3.129449789051122,-24.788409225062125,1.0052136313683062,4.20018172298395,0.12067054082980143,-53.69971139427912,-1.1573229341274334,44.78900486447752,0.6295741068180681,35.385792108779,0.2719344611720337,-0.0790007109989804,0.00015748,0.07973592032621848,0.00081957,1,0.0
10279,0.06603567229693766,0.0012321693155617841,-1.54e-06,1.9101617833100923,3.129449789051122,-18.553538376452398,1.0052136313683062,1.0364117735829326,0.12067054082980143,-24.57822689735907,-1.1573229341274334,23.864475172855684,0.6295741068180681,20.86746911188228,0.2719344611720337,-0.010422610016404696,0.00015748,0.010799188538441293,0.00081957,1,0.0
10280,0.0008829461501691505,0.023731512364307625,-1.54e-06,1.9101617833100923,3.129449789051122,62.53709473967455,1.0052136313683062,19.15202847193291,0.12067054082980143,-95.73156920397079,-1.1573229341274334,58.232002853662536,0.6295741068180681,6.115976686025791,0.2719344611720337,0.41187291952388305,0.00015748,0.6384406072790987,0.00081957,0,0.0
10281,0.5488237223089674,0.040137316254994504,-1.54e-06,1.9101617833100923,3.129449789051122,-57.810249147102446,1.0052136313683062,4.797583520413107,0.12067054082980143,-58.53659284057967,-1.1573229341274334,27.062118984718,0.6295741068180681,68.60320697500873,0.2719344611720337,-0.06675287245474303,0.00015748,0.0665693036029306,0.00081957,1,0.0
10282,1.183765596813029,0.43038739230181183,-1.54e-06,1.9101617833100923,3.129449789051122,48.155253884040434,1.0052136313683062,26.886743648971876,0.12067054082980143,-77.78322959514662,-1.1573229341274334,-57.00583072117573,0.6295741068180681,43.52555132727114,0.2719344611720337,0.3567906745734363,0.00015748,0.8294622240994128,0.00081957,0,0.0
10283,-0.0029403643365512044,0.3557983537833055,-1.54e-06,1.9101617833100923,3.129449789051122,-14.413713808049888,1.0052136313683062,-5.902110867596416,0.12067054082980143,-2.9454035049346854,-1.1573229341274334,60.19165009400691,0.6295741068180681,1.9071900384575113,0.2719344611720337,-0.1284643165747777,0.00015748,0.49249248398021434,0.00081957,1,0.0
10284,0.8176393409941767,0.10782859638681651,-1.54e-06,1.9101617833100923,3.129449789051122,-44.32908826778123,1.0052136313683062,6.39458831204697,0.12067054082980143,-33.37703241815348,-1.1573229341274334,-30.591536120208918,0.6295741068180681,61.87954584215795,0.2719344611720337,-0.12286501167635641,0.00015748,0.12272271905319784,0.00081957,1,0.0
10285,0.0006031992074613246,0.03673875328898603,-1.54e-06,1.9101617833100923,3.129449789051122,69.9510856122111,1.0052136313683062,19.749047902169366,0.12067054082980143,-100.0,-1.1573229341274334,64.7237396086003,0.6295741068180681,3.9000684004175343,0.2719344611720337,0.4965998805334191,0.00015748,0.6897662000307838,0.00081957,0,0.0
10286,1.3024027374762253,0.32899431113900734,-1.54e-06,1.9101617833100923,3.129449789051122,-72.6082544034242,1.0052136313683062,10.617029470225056,0.12067054082980143,-36.33043794167142,-1.1573229341274334,-53.89832944728706,0.6295741068180681,86.87792569542987,0.2719344611720337,-0.2074863493329233,0.00015748,0.20618665679637813,0.00081957,1,0.0
10287,0.5857136644111853,0.20581368972066869,-1.54e-06,1.9101617833100923,3.129449789051122,23.368620417214057,1.0052136313683062,17.29211000645587,0.12067054082980143,-80.19128569700676,-1.1573229341274334,18.10419581627479,0.6295741068180681,36.792059060251276,0.2719344611720337,0.35984040236770587,0.00015748,0.5367603994694675,0.00081957,0,0.0
10288,0.4944267280906778,0.15038408131724307,-1.54e-06,1.9101617833100923,3.129449789051122,74.62810932098695,1.0052136313683062,20.47285910802509,0.12067054082980143,-56.15458442967876,-1.1573229341274334,-24.422802508339963,0.6295741068180681,0.7316985333694929,0.2719344611720337,0.3875722557365191,0.00015748,0.705130262544416,0.00081957,0,0.0
10289,0.46000337006391073,0.25194605248302515,-1.54e-06,1.9101617833100923,3.129449789051122,24.958314312639576,1.0052136313683062,13.680088527933917,0.12067054082980143,-38.086352435473,-1.1573229341274334,-39.37285160891365,0.6295741068180681,19.976083783630777,0.2719344611720337,-0.05195546155935207,0.00015748,0.40858107876274374,0.00081957,1,0.0
10290,-0.0009743474190383461,0.2225660824031728,-1.54e-06,1.9101617833100923,3.129449789051122,36.45317469129799,1.0052136313683062,4.523657455785521,0.12067054082980143,-32.69637934846086,-1.1573229341274334,60.918307914420204,0.6295741068180681,-11.34744152948083,0.2719344611720337,0.23222028408794632,0.00015748,0.6865887565463198,0.00081957,0,0.0
10291,0.005235329193550242,0.053519070584776486,-1.54e-06,1.9101617833100923,3.129449789051122,-27.733606080560588,1.0052136313683062,6.638600138028546,0.12067054082980143,-75.00252215043098,-1.1573229341274334,60.74821956458469,0.6295741068180681,44.99283910293982,0.2719344611720337,-0.11134011591823927,0.00015748,0.1381431249527762,0.00081957,1,0.0
10292,0.0010528213142054765,0.03490193473504454,-1.54e-06,1.9101617833100923,3.129449789051122,59.52371815805306,1.0052136313683062,15.20907609707499,0.12067054082980143,-73.57798446753485,-1.1573229341274334,51.09076710060256,0.6295741068180681,-2.2883034958362836,0.2719344611720337,0.4652127164164605,0.00015748,0.5406044425414114,0.00081957,0,0.0
10293,0.18786357025226427,0.01805226790666694,-1.54e-06,1.9101617833100923,3.129449789051122,-37.113999169037456,1.0052136313683062,-0.986064739996761,0.12067054082980143,-25.65706179854284,-1.1573229341274334,34.043316325333485,0.6295741068180681,32.695885236927985,0.2719344611720337,-0.06684414586243038,0.00015748,0.06701517055366092,0.00081957,1,0.0
10294,0.6554245517372943,0.17641818630040618,-1.54e-06,1.9101617833100923,3.129449789051122,36.097245871942846,1.0052136313683062,22.3638140702391,0.12067054082980143,-99.73922053388598,-1.1573229341274334,18.674642889859935,0.6295741068180681,40.81618249970406,0.2719344611720337,0.39264070858812794,0.00015748,0.6921876116953781,0.00081957,0,0.0
10295,0.6354133542445581,0.34391649328174023,-1.54e-06,1.9101617833100923,3.129449789051122,-74.79504933613968,1.0052136313683062,-9.855603098896546,0.12067054082980143,-11.334470616645614,-1.1573229341274334,28.775917752314932,0.6295741068180681,62.185716807387095,0.2719344611720337,-0.2689958987258437,0.00015748,0.2643297577736386,0.00081957,1,0.0
10296,1.418668998006707,0.7529760463291363,-1.54e-06,1.9101617833100923,3.129449789051122,48.27913369108134,1.0052136313683062,21.01326737729547,0.12067054082980143,-77.70635821802597,-1.1573229341274334,-57.89840558559931,0.6295741068180681,58.027586766883864,0.2719344611720337,0.32926010029291436,0.00015748,1.0618841651456643,0.00081957,0,0.0
10297,0.8752317554574985,0.12322118949546898,-1.54e-06,1.9101617833100923,3.129449789051122,-56.61819590631617,1.0052136313683062,8.23651399864522,0.12067054082980143,-53.38990170772935,-1.1573229341274334,-15.692810867209573,0.6295741068180681,77.45206929784165,0.2719344611720337,-0.1502211547632299,0.00015748,0.15033316408979985,0.00081957,1,0.0
10298,0.00010920574589862175,0.15795176325787635,-1.54e-06,1.9101617833100923,3.129449789051122,32.61544946036432,1.0052136313683062,6.930258297688534,0.12067054082980143,-38.777056374213295,-1.1573229341274334,47.352509567441274,0.6295741068180681,-5.2059712747551385,0.2719344611720337,0.25929422864624174,0.00015748,0.4769760255608788,0.00081957,0,0.0
10299,0.009557495717453457,0.1172082076978899,-1.54e-06,1.9101617833100923,3.129449789051122,0.2118643907763633,1.0052136313683062,9.5812639733488,0.12067054082980143,-56.45098632901388,-1.1573229341274334,26.75714535966796,0.6295741068180681,23.267088413189942,0.2719344611720337,-0.11148847930641703,0.00015748,0.23034164895386766,0.00081957,1,0.0
10300,0.4085093524217638,0.22434670609337787,-1.54e-06,0.7950698454640701,2.498501227223157,73.8361298264052,1.0052136313683062,80.0070880248133,0.12067054082980143,-60.55576091287416,-1.1573229341274334,-75.73431244824665,0.6295741068180681,-33.417553204653466,0.2719344611720337,0.25815289141716224,0.00015748,14.34600891973907,0.00081957,0,0.0
10301,-0.012499384394762503,0.7501358752490613,-1.54e-06,0.7950698454640701,2.498501227223157,30.34379182891615,1.0052136313683062,36.694157508042984,0.12067054082980143,-75.80248480285167,-1.1573229341274334,63.07094395834309,0.6295741068180681,-9.575935514490382,0.2719344611720337,2.60779608469374,0.00015748,6.459520505833186,0.00081957,0,0.0
10302,2.6791212537738875,2.290772718082212,-1.54e-06,0.7950698454640701,2.498501227223157,-12.129137660294843,1.0052136313683062,33.33501934578178,0.12067054082980143,-35.85069201029769,-1.1573229341274334,-56.338399696005006,0.6295741068180681,50.17034781907384,0.2719344611720337,0.26770545429947346,0.00015748,3.731742825630529,0.00081957,0,0.0
10303,0.06831072954543194,0.063456645856529,-1.54e-06,0.7950698454640701,2.498501227223157,54.219935925179826,1.0052136313683062,53.469053614047795,0.12067054082980143,-38.3810832598009,-1.1573229341274334,-48.37980593087712,0.6295741068180681,-29.275421934000597,0.2719344611720337,0.2565524862570534,0.00015748,9.90184987721003,0.00081957,0,0.0
10304,4.13825757344905,5.084587582199099,-1.54e-06,0.7950698454640701,2.498501227223157,-16.484610528183318,1.0052136313683062,67.65315909173827,0.12067054082980143,-90.53052739433328,-1.1573229341274334,-74.73616134976172,0.6295741068180681,85.7059077555471,0.2719344611720337,0.2593912887657397,0.00015748,7.517891560655789,0.00081957,0,0.0
10305,2.698471779971773,2.309032670378557,-1.54e-06,0.7950698454640701,2.498501227223157,-34.03926494983019,1.0052136313683062,12.888046051179156,0.12067054082980143,-25.604161449184122,-1.1573229341274334,-49.44327726379519,0.6295741068180681,67.71967817422347,0.2719344611720337,-0.5341758960111335,0.00015748,0.5355386496619646,0.00081957,1,0.0
10306,-0.014287676778080627,0.720371310697313,-1.54e-06,0.7950698454640701,2.498501227223157,84.55454164897077,1.0052136313683062,72.85280345487286,0.12067054082980143,-54.67545743622345,-1.1573229341274334,-36.53349946321916,0.6295741068180681,-53.70138332545445,0.2719344611720337,1.890921775450301,0.00015748,14.389323518485707,0.00081957,0,0.0
10307,2.576371481757519,1.9868160032711644,-1.54e-06,0.7950698454640701,2.498501227223157,-5.934369199317516,1.0052136313683062,53.34486066014234,0.12067054082980143,-83.66730288479465,-1.1573229341274334,-35.707863019318005,0.6295741068180681,58.212377332888465,0.2719344611720337,0.26064389632584106,0.00015748,6.408861372209659,0.00081957,0,0.0
10308,3.3558629526622616,3.5861241937722763,-1.54e-06,0.7950698454640701,2.498501227223157,-18.607787959635527,1.0052136313683062,33.4823084367436,0.12067054082980143,-30.94763769906844,-1.1573229341274334,-74.72106369649084,0.6295741068180681,62.03972082486442,0.2719344611720337,0.27318648924895195,0.00015748,3.6679131018194955,0.00081957,0,0.0
10309,-0.9608130755002748,2.6251774020796184,-1.54e-06,0.7950698454640701,2.498501227223157,84.00576907712782,1.0052136313683062,54.271941365354785,0.12067054082980143,-54.65682850101327,-1.1573229341274334,38.4191739770076,0.6295741068180681,-70.23950511156394,0.2719344611720337,3.448368471987046,0.00015748,12.085708348911723,0.00081957,0,0.0
10310,-0.00019045912716997293,0.0728221964722575,-1.54e-06,0.7950698454640701,2.498501227223157,39.57690414140912,1.0052136313683062,39.82207839672983,0.12067054082980143,-37.914055930549274,-1.1573229341274334,-18.776076465261898,0.6295741068180681,-20.315367076831034,0.2719344611720337,0.5709105412794337,0.00015748,7.371433109265537,0.00081957,0,0.0
10311,0.5402301546314632,12.776866730065207,-1.54e-06,0.7950698454640701,2.498501227223157,11.102849684015538,1.0052136313683062,27.742489264656296,0.12067054082980143,-1e-20,-1.1573229341274334,-80.06666877543341,0.6295741068180681,2.5102640882161897,0.2719344611720337,-1.8162922409158737,0.00015748,3.2444261534658674,0.00081957,1,0.0
10312,0.452629110915135,0.07561241657932147,-1.54e-06,0.7950698454640701,2.498501227223157,3.8123249798677463,1.0052136313683062,29.321134706018636,0.12067054082980143,-66.32515136287859,-1.1573229341274334,20.277137049974414,0.6295741068180681,20.96326525066415,0.2719344611720337,0.2720156419057531,0.00015748,3.824008983077272,0.00081957,0,0.0
10313,-0.002212530943830157,0.6848310522753677,-1.54e-06,0.7950698454640701,2.498501227223157,5.035523105656345,1.0052136313683062,-2.28568798595506,0.12067054082980143,-18.031386910657485,-1.1573229341274334,63.76756967387733,0.6295741068180681,-6.792774396031425,0.2719344611720337,0.3263030620136089,0.00015748,2.537211837427222,0.00081957,0,0.0
10314,-0.2667267899919352,1.2722461701798804,-1.54e-06,0.7950698454640701,2.498501227223157,58.84048564843955,1.0052136313683062,36.23551396395987,0.12067054082980143,-19.791891965684,-1.1573229341274334,3.793457753053129,0.6295741068180681,-50.03812312353927,0.2719344611720337,2.4632675407859583,0.00015748,8.374495563152625,0.00081957,0,0.0
10315,1.100457745280571,0.5682577001844361,-1.54e-06,0.7950698454640701,2.498501227223157,29.636794710613614,1.0052136313683062,43.60408279803624,0.12067054082980143,-25.351637439202694,-1.1573229341274334,-61.354191218711854,0.6295741068180681,-2.748463238039562,0.2719344611720337,0.25989708535412337,0.00015748,7.191299906777037,0.00081957,0,0.0
10316,-0.16319979070269852,1.3103100347636327,-1.54e-06,0.7950698454640701,2.498501227223157,43.73593666496874,1.0052136313683062,44.8117664415495,0.12067054082980143,-68.67886121108948,-1.1573229341274334,53.81224184959146,0.6295741068180681,-25.972566068190368,0.2719344611720337,2.9927498608205148,0.00015748,7.656398723948035,0.00081957,0,0.0
10317,0.001447584023571924,0.004683402077502529,-1.54e-06,0.7950698454640701,2.498501227223157,23.30158010810565,1.0052136313683062,40.44339990857979,0.12067054082980143,-72.78079242858655,-1.1573229341274334,13.75928152441196,0.6295741068180681,3.2906945004279304,0.2719344611720337,0.2602859788963374,0.00015748,6.3891371564707935,0.00081957,0,0.0
10318,0.5697123637368999,0.2762586493054508,-1.54e-06,0.7950698454640701,2.498501227223157,44.74849583174029,1.0052136313683062,46.99050858689284,0.12067054082980143,-19.272869077599992,-1.1573229341274334,-65.07935280013645,0.6295741068180681,-22.2468857754781,0.2719344611720337,0.26423809893748107,0.00015748,8.424196994474157,0.00081957,0,0.0
10319,2.8918165543647647,2.5926590943374506,-1.54e-06,0.7950698454640701,2.498501227223157,-42.11903299973262,1.0052136313683062,11.15119850564443,0.12067054082980143,-43.07819683753996,-1.1573229341274334,-29.710119048516376,0.6295741068180681,81.33437115356375,0.2719344611720337,-0.28819086983296627,0.00015748,0.2790239074074432,0.00081957,1,0.0
10320,3.0144960344010863,2.68521125202276,-1.54e-06,0.7950698454640701,2.498501227223157,-28.355956991104794,1.0052136313683062,39.84512562398281,0.12067054082980143,-87.22931853102352,-1.1573229341274334,-16.944755927529947,0.6295741068180681,81.80322123514131,0.2719344611720337,0.26961839344759286,0.00015748,3.9238122144625738,0.00081957,0,0.0
10321,0.42819449565873247,3.3442501650249516,-1.54e-06,0.7950698454640701,2.498501227223157,37.580259462171384,1.0052136313683062,29.9638074600704,0.12067054082980143,-72.38190115026134,-1.1573229341274334,53.90489973492345,0.6295741068180681,-7.674369203753625,0.2719344611720337,2.556041069063862,0.00015748,9.047190778273748,0.00081957,0,0.0
10322,-0.0002320113941471913,0.29679637312726953,-1.54e-06,0.7950698454640701,2.498501227223157,32.673322910606856,1.0052136313683062,37.85419904017282,0.12067054082980143,-57.44717078661942,-1.1573229341274334,23.748990747331742,0.6295741068180681,-13.117437926178766,0.2719344611720337,1.5535571440196656,0.00015748,6.570538336054387,0.00081957,0,0.0
10323,-0.8779457676718193,2.47677746182533,-1.54e-06,0.7950698454640701,2.498501227223157,50.03614793286246,1.0052136313683062,17.701470248924455,0.12067054082980143,-19.60151118213421,-1.1573229341274334,64.27322929824528,0.6295741068180681,-54.6189158238315,0.2719344611720337,3.329680264026052,0.00015748,5.729097504514449,0.00081957,0,0.0
10324,0.007720097304526385,0.03446236473609061,-1.54e-06,0.7950698454640701,2.498501227223157,27.63182896718756,1.0052136313683062,20.35825657767295,0.12067054082980143,-1.5303221981396677,-1.1573229341274334,-29.626798955429756,0.6295741068180681,-21.115516568461207,0.2719344611720337,0.26895436042601517,0.00015748,4.223560404757066,0.00081957,0,0.0
10325,0.5263306204694342,0.1636218242558675,-1.54e-06,0.7950698454640701,2.498501227223157,26.545721234480503,1.0052136313683062,41.06649872219671,0.12067054082980143,-45.51368908714681,-1.1573229341274334,-25.104469719658248,0.6295741068180681,-1.279405017381712,0.2719344611720337,0.2618212365004333,0.00015748,6.600363752852056,0.00081957,0,0.0
10326,0.2091428934496007,0.040501569896919526,-1.54e-06,0.7950698454640701,2.498501227223157,22.503779041114697,1.0052136313683062,39.1391141790586,0.12067054082980143,-61.34483661520782,-1.1573229341274334,0.9084088954651933,0.6295741068180681,2.7194307248694987,0.2719344611720337,0.2699517679786134,0.00015748,6.109328853611167,0.00081957,0,0.0
10327,0.26059858562843763,0.05786747228764026,-1.54e-06,0.7950698454640701,2.498501227223157,20.56932383554357,1.0052136313683062,34.17224452349668,0.12067054082980143,-48.479914913659336,-1.1573229341274334,-5.314882909869543,0.6295741068180681,0.9202113357264612,0.2719344611720337,0.27100917282449544,0.00015748,5.372812931635801,0.00081957,0,0.0
10328,0.8958622629027053,0.46922382826753806,-1.54e-06,0.7950698454640701,2.498501227223157,37.979876786391756,1.0052136313683062,43.91512591857568,0.12067054082980143,-13.538735489017037,-1.1573229341274334,-71.37153366675179,0.6295741068180681,-15.009616636090024,0.2719344611720337,0.2591967485605693,0.00015748,7.670030804895125,0.00081957,0,0.0
10329,2.702897227243685,2.4322901547757483,-1.54e-06,0.7950698454640701,2.498501227223157,7.940694444211028,1.0052136313683062,51.82919317446106,0.12067054082980143,-40.026166154864256,-1.1573229341274334,-83.76455497278482,0.6295741068180681,36.39274395166334,0.2719344611720337,0.26117362481995965,0.00015748,6.959978243989002,0.00081957,0,0.0
10330,0.6522404581964998,0.22601797309104524,-1.54e-06,0.7950698454640701,2.498501227223157,17.81502361205557,1.0052136313683062,27.741935040797,0.12067054082980143,-21.852077682741122,-1.1573229341274334,-30.35345866643366,0.6295741068180681,-0.1635683522521338,0.2719344611720337,0.26516026825973515,0.00015748,4.523351281985026,0.00081957,0,0.0
10331,0.0005495812521734145,0.04918916949363477,-1.54e-06,0.7950698454640701,2.498501227223157,67.14285893347316,1.0052136313683062,71.08336719332486,0.12067054082980143,-65.21827248561195,-1.1573229341274334,-48.7550679954712,0.6295741068180681,-31.716834751908316,0.2719344611720337,0.2593543817465367,0.00015748,12.868822812244115,0.00081957,0,0.0
10332,0.00031573620620317655,0.0007059872958632354,-1.54e-06,0.7950698454640701,2.498501227223157,19.691313626297465,1.0052136313683062,46.607478950050485,0.12067054082980143,-100.0,-1.1573229341274334,33.37596346181059,0.6295741068180681,14.003186688486824,0.2719344611720337,0.2642618522091267,0.00015748,6.917669788685076,0.00081957,0,0.0
10333,2.723773380642778,2.3326829160049574,-1.54e-06,0.7950698454640701,2.498501227223157,0.790755173488262,1.0052136313683062,54.38310079087177,0.12067054082980143,-69.05805208683495,-1.1573229341274334,-58.43222277008627,0.6295741068180681,51.16155599182088,0.2719344611720337,0.25974316376091133,0.00015748,7.128051505158995,0.00081957,0,0.0
10334,0.0010651542453907759,0.34700192535367747,-1.54e-06,0.7950698454640701,2.498501227223157,68.46687709896784,1.0052136313683062,74.54920084866791,0.12067054082980143,-88.96899110462117,-1.1573229341274334,-8.8824411288437,0.6295741068180681,-29.810555099839718,0.2719344611720337,1.4557258727008167,0.00015748,13.466766514755527,0.00081957,0,0.0
10335,1.7170915417248842,0.9910604054327574,-1.54e-06,0.7950698454640701,2.498501227223157,-6.353495291202397,1.0052136313683062,27.022234606234083,0.12067054082980143,-34.938909448283,-1.1573229341274334,-29.087637822823503,0.6295741068180681,33.77253064394416,0.2719344611720337,0.27342920566406326,0.00015748,3.005533464127046,0.00081957,0,0.0
10336,0.7665675343602176,0.27804703053071467,-1.54e-06,0.7950698454640701,2.498501227223157,34.677689160071985,1.0052136313683062,58.96685140995247,0.12067054082980143,-72.01397138366457,-1.1573229341274334,-30.99813601569265,0.6295741068180681,3.3158787606785234,0.2719344611720337,0.25726402915222923,0.00015748,9.29544034331779,0.00081957,0,0.0
10337,0.0010895784685294174,0.19965938922934798,-1.54e-06,0.7950698454640701,2.498501227223157,40.827286219352985,1.0052136313683062,39.102353526232505,0.12067054082980143,-39.21757469544185,-1.1573229341274334,-7.066536358648864,0.6295741068180681,-22.776900998814394,0.2719344611720337,1.0997365435548097,0.00015748,7.362888799232632,0.00081957,0,0.0
10338,-0.005093053684948945,0.27620282685301495,-1.54e-06,0.7950698454640701,2.498501227223157,23.02820718468365,1.0052136313683062,16.927893560661214,0.12067054082980143,-19.521352440459985,-1.1573229341274334,14.160530094812358,0.6295741068180681,-16.160760168260044,0.2719344611720337,1.3610550812245799,0.00015748,3.7472233607480327,0.00081957,0,0.0
10339,1.4226482950491848,0.5954718096213286,-1.54e-06,0.7950698454640701,2.498501227223157,0.4098399631364451,1.0052136313683062,47.50087228357638,0.12067054082980143,-93.36182114420035,-1.1573229341274334,3.422823625058018,0.6295741068180681,42.81518317370631,0.2719344611720337,0.26098919488464123,0.00015748,5.9310086844237935,0.00081957,0,0.0
10340,3.4439211453837992,3.560328339561544,-1.54e-06,0.7950698454640701,2.498501227223157,-4.356074798674741,1.0052136313683062,66.84633236991048,0.12067054082980143,-90.80938756149311,-1.1573229341274334,-66.334172607343,0.6295741068180681,69.61377212066202,0.2719344611720337,0.25879145685386007,0.00015748,8.336729319675278,0.00081957,0,0.0
10341,0.8274971574969388,0.5046076719120253,-1.54e-06,0.7950698454640701,2.498501227223157,57.87632002167572,1.0052136313683062,59.75149660964081,0.12067054082980143,-17.636247706913064,-1.1573229341274334,-93.38151422280384,0.6295741068180681,-29.549686172511937,0.2719344611720337,0.2576135963785804,0.00015748,10.792372413196837,0.00081957,0,0.0
10342,1.0651523044608093,0.46299041614500014,-1.54e-06,0.7950698454640701,2.498501227223157,39.605460639614435,1.0052136313683062,73.07197944662146,0.12067054082980143,-92.77354444282237,-1.1573229341274334,-37.620442339252776,0.6295741068180681,9.326239869671952,0.2719344611720337,0.25685348200379376,0.00015748,11.36414581161645,0.00081957,0,0.0
10343,0.003272303179314595,0.004434993461750851,-1.54e-06,0.7950698454640701,2.498501227223157,-5.2129281294619725,1.0052136313683062,9.780841356831473,0.12067054082980143,-47.22242711801501,-1.1573229341274334,42.23253984878376,0.6295741068180681,16.444013249478363,0.2719344611720337,0.34017591671394604,0.00015748,0.9693880781260973,0.00081957,0,0.0
10344,-0.06079326132879359,0.9099243406529095,-1.54e-06,0.7950698454640701,2.498501227223157,76.72583783287116,1.0052136313683062,79.47549939459306,0.12067054082980143,-99.50193545669627,-1.1573229341274334,11.402123365232248,0.6295741068180681,-37.062183463809276,0.2719344611720337,2.423982483298971,0.00015748,14.605077624856019,0.00081957,0,0.0
10345,0.9318276764688078,0.37748008372118913,-1.54e-06,0.7950698454640701,2.498501227223157,22.199767398272193,1.0052136313683062,63.21950759905729,0.12067054082980143,-100.0,-1.1573229341274334,-5.739025539318864,0.6295741068180681,21.79993714874475,0.2719344611720337,0.2687570543578994,0.00015748,8.647517422958781,0.00081957,0,0.0
10346,1.7377663875799598,4.520811672163588,-1.54e-06,0.7950698454640701,2.498501227223157,-33.53882135585765,1.0052136313683062,-10.396139548376782,0.12067054082980143,-14.237518174955683,-1.1573229341274334,-4.452823188032086,0.6295741068180681,52.78515771065698,0.2719344611720337,-1.584624381448959,0.00015748,0.2162695151099726,0.00081957,1,0.0
10347,1.3702730160690662,0.6976400491883207,-1.54e-06,0.7950698454640701,2.498501227223157,27.12859554932314,1.0052136313683062,61.15790326912803,0.12067054082980143,-73.2822386892345,-1.1573229341274334,-42.663024236142405,0.6295741068180681,16.35006693480269,0.2719344611720337,0.25735235591253236,0.00015748,9.132565309149735,0.00081957,0,0.0
10348,1.1823042159929433,0.6995644421072512,-1.54e-06,0.7950698454640701,2.498501227223157,43.3872600000041,1.0052136313683062,59.453944502425635,0.12067054082980143,-35.274327527325894,-1.1573229341274334,-78.24539568602262,0.6295741068180681,-9.482022746737483,0.2719344611720337,0.26055316019649677,0.00015748,9.791187535994869,0.00081957,0,0.0
10349,0.06929458001227085,0.47261069359164054,-1.54e-06,0.7950698454640701,2.498501227223157,33.405582654334005,1.0052136313683062,59.962419050816514,0.12067054082980143,-99.82512468862984,-1.1573229341274334,32.48822868691755,0.6295741068180681,-1.0082887715779796,0.2719344611720337,1.207737734367044,0.00015748,8.440614801610748,0.00081957,0,0.0
10350,2.0676379190159544,1.4608186000107977,-1.54e-06,0.7950698454640701,2.498501227223157,-40.11529229918181,1.0052136313683062,12.941746028374556,0.12067054082980143,-70.01343009116567,-1.1573229341274334,11.323871485882435,0.6295741068180681,77.78800517234446,0.2719344611720337,-0.40871140719319055,0.00015748,0.40752493599941597,0.00081957,1,0.0
10351,0.47506508503617484,0.10580247288426617,-1.54e-06,0.7950698454640701,2.498501227223157,29.916073520525664,1.0052136313683062,61.114507745804644,0.12067054082980143,-99.77690368931187,-1.1573229341274334,1.2113406161779752,0.6295741068180681,11.555400984027756,0.2719344611720337,0.263097900033066,0.00015748,9.19716346987557,0.00081957,0,0.0
10352,1.6793266232788555,0.8101723074018762,-1.54e-06,0.7950698454640701,2.498501227223157,-21.10306569382357,1.0052136313683062,32.83600528414017,0.12067054082980143,-95.59738423367617,-1.1573229341274334,27.13696325152491,0.6295741068180681,62.821347321738635,0.2719344611720337,0.27323529402020896,0.00015748,3.21727657754054,0.00081957,0,0.0
10353,-0.010425916710821242,0.6095324920780163,-1.54e-06,0.7950698454640701,2.498501227223157,9.236213839282758,1.0052136313683062,2.459969262739191,0.12067054082980143,-17.878678655182917,-1.1573229341274334,53.80872039328012,0.6295741068180681,-9.811565814653068,0.2719344611720337,0.9925815720018707,0.00015748,2.370941643876157,0.00081957,0,0.0
10354,0.0009195083769131251,0.1003078890178075,-1.54e-06,0.7950698454640701,2.498501227223157,50.01467422149627,1.0052136313683062,57.30321089301201,0.12067054082980143,-68.05764837456026,-1.1573229341274334,-13.185613180879693,0.6295741068180681,-19.809621381933113,0.2719344611720337,0.7329552799120167,0.00015748,10.096717411708212,0.00081957,0,0.0
10355,0.005800505524153454,0.0769457205336356,-1.54e-06,0.7950698454640701,2.498501227223157,61.545053786958604,1.0052136313683062,50.24084105297023,0.12067054082980143,-14.928940307843847,-1.1573229341274334,-67.69273474183305,0.6295741068180681,-42.443878421478985,0.2719344611720337,0.2604738646953155,0.00015748,10.015011302813628,0.00081957,0,0.0
10356,2.3092719165557565,1.7268874990241545,-1.54e-06,0.7950698454640701,2.498501227223157,-0.16267054492714997,1.0052136313683062,42.55495136159746,0.12067054082980143,-48.72527324608891,-1.1573229341274334,-52.829713256935875,0.6295741068180681,40.76125519735515,0.2719344611720337,0.26189607073830645,0.00015748,5.483031157789812,0.00081957,0,0.0
10357,-0.0045119666792947655,0.27676936206577574,-1.54e-06,0.7950698454640701,2.498501227223157,15.63635108781147,1.0052136313683062,28.925793329058084,0.12067054082980143,-74.27026225276488,-1.1573229341274334,60.13606085761032,0.6295741068180681,4.2118455904056065,0.2719344611720337,1.7195806053103508,0.00015748,4.557555599055508,0.00081957,0,0.0
10358,-0.0013803393654987228,0.3879938923040158,-1.54e-06,0.7950698454640701,2.498501227223157,-0.4222620838391206,1.0052136313683062,2.4867163750964507,0.12067054082980143,-33.91321300640934,-1.1573229341274334,67.39927996357329,0.6295741068180681,3.08555492032593,0.2719344611720337,0.30806451047061933,0.00015748,2.03155161027142,0.00081957,0,0.0
10359,-0.0010784275835793444,0.3175034363914094,-1.54e-06,0.7950698454640701,2.498501227223157,36.550410862373646,1.0052136313683062,23.827431070483595,0.12067054082980143,-8.540048313856396,-1.1573229341274334,-10.803479340735908,0.6295741068180681,-29.372343300564452,0.2719344611720337,1.3148786319119177,0.00015748,5.430371018001206,0.00081957,0,0.0
10360,0.002070002368773416,0.08889109148392803,-1.54e-06,0.7950698454640701,2.498501227223157,-3.0653468976951186,1.0052136313683062,16.09443435230761,0.12067054082980143,-73.11097531116316,-1.1573229341274334,71.82270285143622,0.6295741068180681,20.00114814663523,0.2719344611720337,1.1397628877193224,0.00015748,1.9577171552413113,0.00081957,0,0.0
10361,0.00024393674100586793,0.11928537502642321,-1.54e-06,0.7950698454640701,2.498501227223157,61.12635609941339,1.0052136313683062,59.71325388998876,0.12067054082980143,-50.51835093069632,-1.1573229341274334,-39.15799782886937,0.6295741068180681,-32.81037204767289,0.2719344611720337,0.6304164402715111,0.00015748,11.194988868172953,0.00081957,0,0.0
10362,0.10524989498292392,0.09335673216720294,-1.54e-06,0.7950698454640701,2.498501227223157,82.42045740869149,1.0052136313683062,90.33151070838879,0.12067054082980143,-83.670694116742,-1.1573229341274334,-63.663457638281,0.6295741068180681,-36.49296252800032,0.2719344611720337,0.2539317824584293,0.00015748,16.121689914438385,0.00081957,0,0.0
10363,-0.45153264035766383,1.5526016764771668,-1.54e-06,0.7950698454640701,2.498501227223157,49.80357660233837,1.0052136313683062,29.880701364824283,0.12067054082980143,-31.708068290861412,-1.1573229341274334,35.91062352884805,0.6295741068180681,-42.931534362997375,0.2719344611720337,2.73794964528982,0.00015748,7.032910954709662,0.00081957,0,0.0
10364,0.6214546465484206,0.3287939936232851,-1.54e-06,0.7950698454640701,2.498501227223157,-28.16854429405491,1.0052136313683062,8.199019507877411,0.12067054082980143,-80.07770369390366,-1.1573229341274334,58.5608108242382,0.6295741068180681,53.72703347947892,0.2719344611720337,-0.2270963534740692,0.00015748,0.2265650498028463,0.00081957,1,0.0
10365,3.3118552323244193,3.3130873512333885,-1.54e-06,0.7950698454640701,2.498501227223157,-34.215766272098925,1.0052136313683062,11.957225694580906,0.12067054082980143,-1.3503011550596002,-1.1573229341274334,-84.63856557978657,0.6295741068180681,67.92368894205102,0.2719344611720337,-0.4933948648872428,0.00015748,0.486837470993291,0.00081957,1,0.0
10366,-0.43246931017991885,1.5682157100651406,-1.54e-06,0.7950698454640701,2.498501227223157,64.08531402410259,1.0052136313683062,51.146957429679325,0.12067054082980143,-63.804683671549434,-1.1573229341274334,34.44066838815548,0.6295741068180681,-43.99699542564562,0.2719344611720337,2.8362478483583033,0.00015748,10.48610316871279,0.00081957,0,0.0
10367,0.0026218703988625247,0.011571783524481646,-1.54e-06,0.7950698454640701,2.498501227223157,21.675623443426737,1.0052136313683062,28.47572772965446,0.12067054082980143,-40.246714969050174,-1.1573229341274334,-1.237355435282318,0.6295741068180681,-5.144607342345116,0.2719344611720337,0.2673816413076562,0.00015748,4.837919416429905,0.00081957,0,0.0
10368,0.0010059962666646438,0.056190554653393114,-1.54e-06,0.7950698454640701,2.498501227223157,46.394630191776905,1.0052136313683062,36.29024215174966,0.12067054082980143,-6.854097586797692,-1.1573229341274334,-51.692492639518306,0.6295741068180681,-33.647389165085194,0.2719344611720337,0.26420784251532625,0.00015748,7.328483261072744,0.00081957,0,0.0
10369,0.7865431893400499,0.31981251496413093,-1.54e-06,0.7950698454640701,2.498501227223157,49.24338024624866,1.0052136313683062,75.60577237328381,0.12067054082980143,-87.74077172139802,-1.1573229341274334,-43.07309814736954,0.6295741068180681,-2.707605760044688,0.2719344611720337,0.2556609000746741,0.00015748,12.198771410387653,0.00081957,0,0.0
10370,-0.6668274111442374,2.0542683865602616,-1.54e-06,0.7950698454640701,2.498501227223157,84.53539240615034,1.0052136313683062,60.673613969279224,0.12067054082980143,-56.49704377518449,-1.1573229341274334,16.670407313885708,0.6295741068180681,-64.95138093689141,0.2719344611720337,3.011934906095667,0.00015748,12.907353517889817,0.00081957,0,0.0
10371,0.07779258663813815,0.06215656928454055,-1.54e-06,0.7950698454640701,2.498501227223157,50.32301187041776,1.0052136313683062,49.598783432679504,0.12067054082980143,-35.043387091364615,-1.1573229341274334,-45.320110486731856,0.6295741068180681,-27.264895958283137,0.2719344611720337,0.25790535701311956,0.00015748,9.17724111753649,0.00081957,0,0.0
10372,0.001410314138152291,0.01976597491122566,-1.54e-06,0.7950698454640701,2.498501227223157,27.150606325997654,1.0052136313683062,28.83953969444927,0.12067054082980143,-28.682261348275805,-1.1573229341274334,-14.61766507593118,0.6295741068180681,-12.70560413754218,0.2719344611720337,0.2674407933324261,0.00015748,5.220191768389991,0.00081957,0,0.0
10373,0.11280178133570873,0.021231930266505692,-1.54e-06,0.7950698454640701,2.498501227223157,28.090670970715912,1.0052136313683062,45.66543641982419,0.12067054082980143,-74.22398989383562,-1.1573229341274334,4.072025357570508,0.6295741068180681,1.5317119863002056,0.2719344611720337,0.2600848756244063,0.00015748,7.373584828412236,0.00081957,0,0.0
10374,-0.0027021489450742564,1.7517953568600673,-1.54e-06,0.7950698454640701,2.498501227223157,26.809069620390012,1.0052136313683062,27.25713003063145,0.12067054082980143,-34.31153799970504,-1.1573229341274334,53.521893575879396,0.6295741068180681,-23.998691857109225,0.2719344611720337,2.7992674203097696,0.00015748,3.9795440493702117,0.00081957,0,0.0
10375,0.5010070948916456,0.06890976066636424,-1.54e-06,0.7950698454640701,2.498501227223157,3.8327939998354914,1.0052136313683062,41.02106871180668,0.12067054082980143,-99.67355530361607,-1.1573229341274334,36.33251978494701,0.6295741068180681,31.3140611342006,0.2719344611720337,0.263662088894427,0.00015748,5.241894002247714,0.00081957,0,0.0
10376,-0.004145703874534973,0.2920909333002677,-1.54e-06,0.7950698454640701,2.498501227223157,-6.86323468572855,1.0052136313683062,4.547217603084997,0.12067054082980143,-56.194666196083226,-1.1573229341274334,85.17040000161086,0.6295741068180681,15.26382183215901,0.2719344611720337,0.3016519548370682,0.00015748,1.8953427881442764,0.00081957,0,0.0
10377,2.624618104319538,2.217507587976837,-1.54e-06,0.7950698454640701,2.498501227223157,-42.18803671138134,1.0052136313683062,14.236608466739286,0.12067054082980143,-57.11894312082988,-1.1573229341274334,-15.999090578773403,0.6295741068180681,82.47344586798033,0.2719344611720337,-0.49322509484992844,0.00015748,0.48991968426887117,0.00081957,1,0.0
10378,-0.2349602125353525,1.2353849906918728,-1.54e-06,0.7950698454640701,2.498501227223157,66.28048642640526,1.0052136313683062,46.25061442808942,0.12067054082980143,-30.196607964836502,-1.1573229341274334,-2.8879363939680442,0.6295741068180681,-52.15129511092853,0.2719344611720337,2.4569980047996207,0.00015748,9.960415660095363,0.00081957,0,0.0
10379,2.471811228458455,1.8809302359429276,-1.54e-06,0.7950698454640701,2.498501227223157,-24.966433115630586,1.0052136313683062,9.543626578003325,0.12067054082980143,-1e-20,-1.1573229341274334,-65.85215311651494,0.6295741068180681,50.04942390325354,0.2719344611720337,-0.4233522106072429,0.00015748,0.42698190119483576,0.00081957,1,0.0
10380,0.8950222193681705,0.3373030595681678,-1.54e-06,0.7950698454640701,2.498501227223157,-23.757522905858504,1.0052136313683062,6.689125646374857,0.12067054082980143,-53.15741299333664,-1.1573229341274334,26.984851250224516,0.6295741068180681,45.624729946178654,0.2719344611720337,-0.1719858046964575,0.00015748,0.1711893916882525,0.00081957,1,0.0
10381,0.0916992047497267,0.003903881678894941,-1.54e-06,0.7950698454640701,2.498501227223157,-15.550812204089146,1.0052136313683062,19.96934352726919,0.12067054082980143,-100.0,-1.1573229341274334,84.19290737801107,0.6295741068180681,40.285765569315195,0.2719344611720337,0.3012927803317047,0.00015748,1.7248411122760658,0.00081957,0,0.0
10382,0.3842810783023479,0.08744324228046096,-1.54e-06,0.7950698454640701,2.498501227223157,-13.445713107183414,1.0052136313683062,4.042819289869532,0.12067054082980143,-35.021082964224796,-1.1573229341274334,22.48163199478173,0.6295741068180681,25.78748376405063,0.2719344611720337,-0.11514912993895471,0.00015748,0.11418122978525447,0.00081957,1,0.0
10383,-0.7357712770100696,1.8854550083028796,-1.54e-06,0.7950698454640701,2.498501227223157,16.32543652850745,1.0052136313683062,0.8640370100505688,0.12067054082980143,-41.601643222553406,-1.1573229341274334,99.93819498290475,0.6295741068180681,-17.540219364817496,0.2719344611720337,1.4871180082904485,0.00015748,3.2229434496507374,0.00081957,0,0.0
10384,-0.005651393696798568,0.16900041957903836,-1.54e-06,0.7950698454640701,2.498501227223157,88.55144188371777,1.0052136313683062,71.50356574758769,0.12067054082980143,-17.46447900056542,-1.1573229341274334,-99.86449897697823,0.6295741068180681,-62.5483299063425,0.2719344611720337,0.35905293305303143,0.00015748,14.205338654353792,0.00081957,0,0.0
10385,0.048664886779489214,0.014518252576725718,-1.54e-06,0.7950698454640701,2.498501227223157,-10.502474408003248,1.0052136313683062,10.647693143863098,0.12067054082980143,-63.61966829198372,-1.1573229341274334,58.306954772764826,0.6295741068180681,25.828147551085664,0.2719344611720337,0.3447453601353876,0.00015748,0.9412959009349553,0.00081957,0,0.0
10386,0.9381956767825451,4.626640113643802,-1.54e-06,0.7950698454640701,2.498501227223157,-38.49441517839266,1.0052136313683062,-8.018125224656911,0.12067054082980143,-72.60882729295524,-1.1573229341274334,52.317224486443656,0.6295741068180681,68.31002257016644,0.2719344611720337,-1.3799821433019823,0.00015748,0.25206276815921447,0.00081957,1,0.0
10387,0.7545136003490511,0.15208801590874096,-1.54e-06,0.7950698454640701,2.498501227223157,-5.7489261427632155,1.0052136313683062,35.770281513927074,0.12067054082980143,-99.38172421083239,-1.1573229341274334,40.675353734143705,0.6295741068180681,41.55267753409949,0.2719344611720337,0.2691791008921085,0.00015748,4.196673242105183,0.00081957,0,0.0
10388,2.15862376489377,1.637505653019147,-1.54e-06,0.7950698454640701,2.498501227223157,-44.69689867274121,1.0052136313683062,13.840833012209025,0.12067054082980143,-82.96049467067259,-1.1573229341274334,21.64914561970109,0.6295741068180681,86.40829782474519,0.2719344611720337,-0.41483995290633247,0.00015748,0.4115255417113808,0.00081957,1,0.0
10389,2.2353864761681663e-05,0.0037061825378734694,-1.54e-06,0.7950698454640701,2.498501227223157,8.652245843959607,1.0052136313683062,20.378832471632638,0.12067054082980143,-45.799683272014704,-1.1573229341274334,19.46607628442853,0.6295741068180681,6.16230362249534,0.2719344611720337,0.27356240448582536,0.00015748,3.0405043959783464,0.00081957,0,0.0
10390,0.08334982354984666,0.132630582647674,-1.54e-06,0.7950698454640701,2.498501227223157,80.26081670782004,1.0052136313683062,71.4886771310769,0.12067054082980143,-31.277187468399944,-1.1573229341274334,-87.66620353784931,0.6295741068180681,-50.838566407279394,0.2719344611720337,0.25531347985050434,0.00015748,13.65221974477847,0.00081957,0,0.0
10391,0.0003894839557343488,0.0009086964742069478,-1.54e-06,0.7950698454640701,2.498501227223157,10.352434097066654,1.0052136313683062,30.85511964120637,0.12067054082980143,-73.29630217355286,-1.1573229341274334,31.69686575567515,0.6295741068180681,13.01018972509207,0.2719344611720337,0.26507847705911525,0.00015748,4.403924635749355,0.00081957,0,0.0
10392,-0.6370669206544735,2.093182533306709,-1.54e-06,0.7950698454640701,2.498501227223157,45.31752809360325,1.0052136313683062,15.360611370913647,0.12067054082980143,-12.626161136229106,-1.1573229341274334,52.777678875288174,0.6295741068180681,-49.441192027301085,0.2719344611720337,3.0830170691709275,0.00015748,5.248691390422622,0.00081957,0,0.0
10393,0.0011556645366965768,0.06234923346140603,-1.54e-06,0.7950698454640701,2.498501227223157,45.50214299805519,1.0052136313683062,52.099827083658916,0.12067054082980143,-60.30053619421721,-1.1573229341274334,-15.839485609647987,0.6295741068180681,-18.048783070059255,0.2719344611720337,0.5426625783991206,0.00015748,9.182123724075892,0.00081957,0,0.0
10394,-0.8294479637731713,2.339870739547262,-1.54e-06,0.7950698454640701,2.498501227223157,58.11306845612187,1.0052136313683062,26.21224720669381,0.12067054082980143,-24.14163930689656,-1.1573229341274334,49.012327990137024,0.6295741068180681,-57.733276610045344,0.2719344611720337,3.207869483356225,0.00015748,7.267310700193063,0.00081957,0,0.0
10395,0.30253664788351564,0.2667787776235596,-1.54e-06,0.7950698454640701,2.498501227223157,50.23708482113291,1.0052136313683062,51.71264256763801,0.12067054082980143,-21.700548805626998,-1.1573229341274334,-63.2174325279498,0.6295741068180681,-29.660604944188822,0.2719344611720337,0.25766600683828944,0.00015748,8.817711215969258,0.00081957,0,0.0
10396,0.11331523174229424,0.38546987561159585,-1.54e-06,0.7950698454640701,2.498501227223157,-18.870391441812206,1.0052136313683062,4.766274417594232,0.12067054082980143,-82.47154040025636,-1.1573229341274334,84.86756331462095,0.6295741068180681,39.60960551570386,0.2719344611720337,0.414404116836808,0.00015748,0.7773483056783785,0.00081957,0,0.0
10397,-0.011710278419494013,0.47731848442513797,-1.54e-06,0.7950698454640701,2.498501227223157,21.092971628740894,1.0052136313683062,38.79438210072501,0.12067054082980143,-97.70841899658068,-1.1573229341274334,78.07724798503781,0.6295741068180681,5.021802828598475,0.2719344611720337,2.2470910515561493,0.00015748,6.059710764275129,0.00081957,0,0.0
10398,0.3281592298713081,0.18876192545935241,-1.54e-06,0.7950698454640701,2.498501227223157,66.22000538497699,1.0052136313683062,68.41113063250039,0.12067054082980143,-43.73378874170014,-1.1573229341274334,-71.96510585809162,0.6295741068180681,-33.8603718437558,0.2719344611720337,0.2560551345695705,0.00015748,12.340928769472022,0.00081957,0,0.0
10399,-0.2673802114601278,1.3852453025149378,-1.54e-06,0.7950698454640701,2.498501227223157,60.926895369062024,1.0052136313683062,49.1415078755257,0.12067054082980143,-50.99960211217723,-1.1573229341274334,22.85673830365782,0.6295741068180681,-44.0121543041114,0.2719344611720337,2.806843979248551,0.00015748,9.644927686596061,0.00081957,0,0.0
10400,-0.0016436935767139005,0.18098779656610298,-1.54e-06,2.0955878038400533,3.0496499206866825,53.65529510858546,1.0052136313683062,16.44042487773088,0.12067054082980143,-87.52552310419111,-1.1573229341274334,95.14207221771161,0.6295741068180681,-3.1293572250892825,0.2719344611720337,0.34248890700028345,0.00015748,1.0364522834461816,0.00081957,0,0.0
10401,0.7218515197120807,0.15316604594226688,-1.54e-06,2.0955878038400533,3.0496499206866825,-4.308787476247117,1.0052136313683062,8.822988881401631,0.12067054082980143,-16.547978744023496,-1.1573229341274334,-64.06611265043827,0.6295741068180681,34.48115443364072,0.2719344611720337,-0.224622840561199,0.00015748,0.22385274342171327,0.00081957,1,0.0
10402,0.1269175306031408,0.0022086553947756257,-1.54e-06,2.0955878038400533,3.0496499206866825,-23.240008782368513,1.0052136313683062,1.1681522684181593,0.12067054082980143,-25.96133528756277,-1.1573229341274334,21.232110605673014,0.6295741068180681,25.8971516499403,0.2719344611720337,-0.013201628778544595,0.00015748,0.013239280653420974,0.00081957,1,0.0
10403,0.0016375010805518286,0.05585151643976656,-1.54e-06,2.0955878038400533,3.0496499206866825,83.0888523841535,1.0052136313683062,12.618244114858209,0.12067054082980143,-45.08437250496755,-1.1573229341274334,19.937600938934754,0.6295741068180681,-22.795205431663177,0.2719344611720337,0.4604351184896765,0.00015748,0.5498285516399667,0.00081957,0,0.0
10404,0.09622691599249222,0.10490131861117978,-1.54e-06,2.0955878038400533,3.0496499206866825,25.33548068960312,1.0052136313683062,12.133780449144998,0.12067054082980143,-90.71588150616923,-1.1573229341274334,73.49282994864885,0.6295741068180681,26.38467291037841,0.2719344611720337,0.3857657497688649,0.00015748,0.4628859923270159,0.00081957,0,0.0
10405,0.14491585343728808,0.6537438225536691,-1.54e-06,2.0955878038400533,3.0496499206866825,85.98323206883045,1.0052136313683062,24.02591009725402,0.12067054082980143,-45.791269518193914,-1.1573229341274334,-61.97410727661465,0.6295741068180681,-17.537083119732138,0.2719344611720337,-0.2797105983278359,0.00015748,0.6424791144142488,0.00081957,1,0.0
10406,0.5949361548218801,0.13442877729602914,-1.54e-06,2.0955878038400533,3.0496499206866825,-5.335782359715823,1.0052136313683062,9.079298808433382,0.12067054082980143,-29.820851740676794,-1.1573229341274334,-44.6082480673455,0.6295741068180681,37.171745908391486,0.2719344611720337,-0.2334080797935259,0.00015748,0.23406943808489572,0.00081957,1,0.0
10407,0.4286543530140734,0.12628254750940476,-1.54e-06,2.0955878038400533,3.0496499206866825,92.27186699457766,1.0052136313683062,22.685779547623387,0.12067054082980143,-78.92763087429414,-1.1573229341274334,-12.72956354896674,0.6295741068180681,3.0572143365257833,0.2719344611720337,0.37801762408158923,0.00015748,0.7322600701539205,0.00081957,0,0.0
10408,0.562239534860156,0.07595126850992509,-1.54e-06,2.0955878038400533,3.0496499206866825,-37.11827673131714,1.0052136313683062,7.4189059085404585,0.12067054082980143,-56.08620284337631,-1.1573229341274334,2.191856045740991,0.6295741068180681,60.911036068244144,0.2719344611720337,-0.16402068530240446,0.00015748,0.1639811833697267,0.00081957,1,0.0
10409,-0.003909020104893468,0.4259047487973867,-1.54e-06,2.0955878038400533,3.0496499206866825,-63.01423970336509,1.0052136313683062,-11.213049258873028,0.12067054082980143,-21.46523235166747,-1.1573229341274334,95.02679762569936,0.6295741068180681,36.27676356118689,0.2719344611720337,-0.27449700481824907,0.00015748,0.45595664871636193,0.00081957,1,0.0
10410,0.0002613642273402439,0.11144156046269152,-1.54e-06,2.0955878038400533,3.0496499206866825,-1.354125694979035,1.0052136313683062,6.817568034050964,0.12067054082980143,-64.49667953847724,-1.1573229341274334,53.650916411533906,0.6295741068180681,27.57995014291848,0.2719344611720337,0.1195057746528648,0.00015748,0.19441488957170752,0.00081957,0,0.0
10411,0.005091940414737095,0.05668060018165608,-1.54e-06,2.0955878038400533,3.0496499206866825,-17.183586222384736,1.0052136313683062,6.081191230027481,0.12067054082980143,-63.402625617837266,-1.1573229341274334,45.018201486835565,0.6295741068180681,36.67396226086544,0.2719344611720337,-0.09822862806755975,0.00015748,0.14213588902926091,0.00081957,1,0.0
10412,0.44797806219454295,0.15708862950094554,-1.54e-06,2.0955878038400533,3.0496499206866825,94.0082550550055,1.0052136313683062,17.889906845094252,0.12067054082980143,-43.041074525237995,-1.1573229341274334,-35.21885310549225,0.6295741068180681,-12.479380692160378,0.2719344611720337,0.4117405099886419,0.00015748,0.6311896004046299,0.00081957,0,0.0
10413,0.3231096046985623,0.17718078983583196,-1.54e-06,2.0955878038400533,3.0496499206866825,1.0727677006296845,1.0052136313683062,11.50574380914126,0.12067054082980143,-68.75359366548204,-1.1573229341274334,9.30106709726429,0.6295741068180681,41.65039779691449,0.2719344611720337,-0.11422756273511345,0.00015748,0.3153398613903664,0.00081957,1,0.0
10414,0.7708521224181931,0.4046067517786521,-1.54e-06,2.0955878038400533,3.0496499206866825,44.03438825802308,1.0052136313683062,18.226270516847766,0.12067054082980143,-51.385243863250174,-1.1573229341274334,-61.198916773806054,0.6295741068180681,28.27436282744033,0.2719344611720337,-0.03839177713377251,0.00015748,0.5469474391141522,0.00081957,1,0.0
10415,0.18055597981809587,0.019204084458501903,-1.54e-06,2.0955878038400533,3.0496499206866825,2.056245412846069,1.0052136313683062,3.7162249363259625,0.12067054082980143,-9.585815834085231,-1.1573229341274334,-17.555583678204158,0.6295741068180681,9.694219174493956,0.2719344611720337,-0.09146874658515368,0.00015748,0.09193967808235519,0.00081957,1,0.0
10416,0.0017226494956265048,0.1188945029868943,-1.54e-06,2.0955878038400533,3.0496499206866825,85.29504028671505,1.0052136313683062,13.045161258316412,0.12067054082980143,-66.31506377930847,-1.1573229341274334,57.97300337080485,0.6295741068180681,-17.14705114004054,0.2719344611720337,0.5099423715243181,0.00015748,0.8526644847009439,0.00081957,0,0.0
10417,0.9355115085910288,0.4846653157211299,-1.54e-06,2.0955878038400533,3.0496499206866825,40.274417654618986,1.0052136313683062,20.44179284395108,0.12067054082980143,-60.19289452307998,-1.1573229341274334,-66.99614937324162,0.6295741068180681,38.66128060363012,0.2719344611720337,-0.04141977272736996,0.00015748,0.5970385006623642,0.00081957,1,0.0
10418,0.0005395279495054028,0.2222006661922956,-1.54e-06,2.0955878038400533,3.0496499206866825,90.28207122243606,1.0052136313683062,9.92483574608611,0.12067054082980143,-57.95759574485915,-1.1573229341274334,74.01738646475395,0.6295741068180681,-25.016218720903737,0.2719344611720337,0.4696421326146798,0.00015748,1.1490046594468386,0.00081957,0,0.0
10419,0.34409443081285057,0.01818247578955241,-1.54e-06,2.0955878038400533,3.0496499206866825,-23.400663269604397,1.0052136313683062,1.829910159171883,0.12067054082980143,-15.775410621412531,-1.1573229341274334,-4.8151818069484715,0.6295741068180681,28.553768340842797,0.2719344611720337,-0.030279573265514944,0.00015748,0.030084240237857354,0.00081957,1,0.0
10420,1.1418001883164677,0.30047903357472716,-1.54e-06,2.0955878038400533,3.0496499206866825,-25.383787531928956,1.0052136313683062,11.845590639816885,0.12067054082980143,-31.635220723070688,-1.1573229341274334,-79.53025112896891,0.6295741068180681,64.15065184325563,0.2719344611720337,-0.28202999041442484,0.00015748,0.2823784750599672,0.00081957,1,0.0
10421,0.4787902126106404,0.02914080307684545,-1.54e-06,2.0955878038400533,3.0496499206866825,-63.808145597629206,1.0052136313683062,4.1383497946316545,0.12067054082980143,-67.17810721584182,-1.1573229341274334,43.055294244190684,0.6295741068180681,73.29269505894409,0.2719344611720337,-0.05751828207746403,0.00015748,0.05758355994851102,0.00081957,1,0.0
10422,0.45352628313682536,0.11147752122616443,-1.54e-06,2.0955878038400533,3.0496499206866825,-39.21419034612258,1.0052136313683062,10.466251977809987,0.12067054082980143,-85.01172705045482,-1.1573229341274334,25.940422660709167,0.6295741068180681,71.41296991652275,0.2719344611720337,-0.23199591785296358,0.00015748,0.23199402126865365,0.00081957,1,0.0
10423,0.6709006231054271,0.11305278031443712,-1.54e-06,2.0955878038400533,3.0496499206866825,-58.006772567232034,1.0052136313683062,10.17245172760326,0.12067054082980143,-89.01314984281893,-1.1573229341274334,24.933521228999307,0.6295741068180681,88.05853912364903,0.2719344611720337,-0.2103587941384212,0.00015748,0.21032984767387478,0.00081957,1,0.0
10424,0.007459709117017235,0.016226173643446664,-1.54e-06,2.0955878038400533,3.0496499206866825,-60.447016366750276,1.0052136313683062,0.007486637669550586,0.12067054082980143,-66.0117707961847,-1.1573229341274334,87.63015416405426,0.6295741068180681,54.97430723464155,0.2719344611720337,-0.06699103440092306,0.00015748,0.06714998035672089,0.00081957,1,0.0
10425,0.5193197537647876,0.09524171441950614,-1.54e-06,2.0955878038400533,3.0496499206866825,-92.12833148735481,1.0052136313683062,-2.0118191342560268,0.12067054082980143,-53.723640179602306,-1.1573229341274334,63.96848766237804,0.6295741068180681,79.294213293794,0.2719344611720337,-0.12994547253759237,0.00015748,0.12767437724671782,0.00081957,1,0.0
10426,-0.0002796226873200691,0.1435718150432269,-1.54e-06,2.0955878038400533,3.0496499206866825,99.2648818454337,1.0052136313683062,16.311164082418617,0.12067054082980143,-83.82927885739882,-1.1573229341274334,68.20906160338957,0.6295741068180681,-16.657600066678665,0.2719344611720337,0.6188995196216684,0.00015748,0.9462405797343927,0.00081957,0,0.0
10427,0.9355139153452977,0.1368562662644369,-1.54e-06,2.0955878038400533,3.0496499206866825,-88.7975935071169,1.0052136313683062,2.817101082258316,0.12067054082980143,-53.861017481234285,-1.1573229341274334,17.36205114709093,0.6295741068180681,92.15582001508422,0.2719344611720337,-0.03450929180789157,0.00015748,0.03354206668004482,0.00081957,1,0.0
10428,1.3062704442813255,0.42303546422496835,-1.54e-06,2.0955878038400533,3.0496499206866825,-32.00187351433897,1.0052136313683062,14.41496510171374,0.12067054082980143,-50.26904500870604,-1.1573229341274334,-81.8610808806845,0.6295741068180681,82.2521840752774,0.2719344611720337,-0.3577456036451464,0.00015748,0.3588617941171862,0.00081957,1,0.0
10429,0.32989564485830325,0.11547742951920188,-1.54e-06,2.0955878038400533,3.0496499206866825,65.22357591902865,1.0052136313683062,15.732601614368646,0.12067054082980143,-62.47714778903363,-1.1573229341274334,10.36296384102868,0.6295741068180681,3.599762025410952,0.2719344611720337,0.4752013780117512,0.00015748,0.5259215858119195,0.00081957,0,0.0
10430,0.35287202657287375,0.03447872098646478,-1.54e-06,2.0955878038400533,3.0496499206866825,-38.90499911949734,1.0052136313683062,5.847466278006928,0.12067054082980143,-60.546373643485836,-1.1573229341274334,27.307864465825357,0.6295741068180681,56.29537159043698,0.2719344611720337,-0.11748242638692752,0.00015748,0.11845621986582511,0.00081957,1,0.0
10431,0.9710063530845451,0.4864667641207795,-1.54e-06,2.0955878038400533,3.0496499206866825,51.91372665677606,1.0052136313683062,18.42889074639962,0.12067054082980143,-39.09385634109247,-1.1573229341274334,-85.68541602615454,0.6295741068180681,25.97839387263583,0.2719344611720337,0.014336020879655853,0.00015748,0.5867845261199647,0.00081957,0,0.0
10432,-0.00044215863035926284,0.3377296463338322,-1.54e-06,2.0955878038400533,3.0496499206866825,-23.774508239549682,1.0052136313683062,-1.5281994594703072,0.12067054082980143,-38.46361659616586,-1.1573229341274334,86.15862922354592,0.6295741068180681,20.513682721106544,0.2719344611720337,-0.0353543806986219,0.00015748,0.5535493708584462,0.00081957,1,0.0
10433,0.9252178687466948,0.9657599084932532,-1.54e-06,2.0955878038400533,3.0496499206866825,68.39373574841382,1.0052136313683062,10.69522162389532,0.12067054082980143,-100.0,-1.1573229341274334,40.47759815525479,0.6295741068180681,48.01204430830742,0.2719344611720337,0.30910892292148795,0.00015748,1.4464218730817984,0.00081957,0,0.0
10434,0.033702094948166936,0.0022359074757495935,-1.54e-06,2.0955878038400533,3.0496499206866825,0.9049305108913993,1.0052136313683062,1.2115756774774165,0.12067054082980143,-5.511677995684387,-1.1573229341274334,-2.355218119046677,0.6295741068180681,3.5388399933969867,0.2719344611720337,-0.032984690251854576,0.00015748,0.03308983805792037,0.00081957,1,0.0
10435,0.8380107266961888,0.21107333787083066,-1.54e-06,2.0955878038400533,3.0496499206866825,-0.9314277808476896,1.0052136313683062,9.815007084358356,0.12067054082980143,-14.8045393839639,-1.1573229341274334,-79.79624880974285,0.6295741068180681,36.98347642505846,0.2719344611720337,-0.26502383309624483,0.00015748,0.2645631126614682,0.00081957,1,0.0
10436,0.23566666237052591,0.09514001868267566,-1.54e-06,2.0955878038400533,3.0496499206866825,74.70998096847323,1.0052136313683062,14.367364087456037,0.12067054082980143,-54.92538652747743,-1.1573229341274334,8.90846079773404,0.6295741068180681,-5.8612802609788,0.2719344611720337,0.4550838108382401,0.00015748,0.5545766291242286,0.00081957,0,0.0
10437,0.001181372086026311,0.15657838638851893,-1.54e-06,2.0955878038400533,3.0496499206866825,53.347835971017254,1.0052136313683062,8.952381675469994,0.12067054082980143,-61.51193213491604,-1.1573229341274334,86.91902665507139,0.6295741068180681,-9.262342023585013,0.2719344611720337,0.33977011894978487,0.00015748,1.0052896713212884,0.00081957,0,0.0
10438,0.0013066723860712115,0.28011130623083186,-1.54e-06,2.0955878038400533,3.0496499206866825,22.41409362021463,1.0052136313683062,2.0611180071305166,0.12067054082980143,-25.417123194692913,-1.1573229341274334,52.984001075372305,0.6295741068180681,-5.748529029248188,0.2719344611720337,0.12320158591148647,0.00015748,0.6208204888594236,0.00081957,0,0.0
10439,0.0020384893955095462,0.09697138788190926,-1.54e-06,2.0955878038400533,3.0496499206866825,28.95212196775765,1.0052136313683062,4.556505654644631,0.12067054082980143,-11.230950779423118,-1.1573229341274334,-4.799791438928945,0.6295741068180681,-8.705342258391582,0.2719344611720337,0.08424174379550609,0.00015748,0.15864989194245754,0.00081957,0,0.0
10440,0.21194262168159464,0.012107363387798085,-1.54e-06,2.0955878038400533,3.0496499206866825,-76.08053774632376,1.0052136313683062,2.97986783669881,0.12067054082980143,-90.24569367694853,-1.1573229341274334,92.01869014381218,0.6295741068180681,79.69849364171077,0.2719344611720337,-0.041416050985660875,0.00015748,0.04138645565497446,0.00081957,1,0.0
10441,0.003181322526287611,0.15199779097435429,-1.54e-06,2.0955878038400533,3.0496499206866825,-39.49359560849324,1.0052136313683062,6.039381613005051,0.12067054082980143,-84.42301175516688,-1.1573229341274334,97.14908357717574,0.6295741068180681,48.7815441464765,0.2719344611720337,-0.0022433041824712063,0.00015748,0.299156154166748,0.00081957,1,0.0
10442,0.4771513037996772,0.5216518235196036,-1.54e-06,2.0955878038400533,3.0496499206866825,78.7143031233498,1.0052136313683062,9.909643345930885,0.12067054082980143,-89.08239776471551,-1.1573229341274334,51.434560266091395,0.6295741068180681,22.731111941231465,0.2719344611720337,0.31158265189554446,0.00015748,1.245974300572002,0.00081957,0,0.0
10443,0.0017702285879452884,0.11988719722943501,-1.54e-06,2.0955878038400533,3.0496499206866825,80.85157530098736,1.0052136313683062,13.879558471727483,0.12067054082980143,-78.05133168295934,-1.1573229341274334,70.46840335641461,0.6295741068180681,-10.505399789011216,0.2719344611720337,0.5284848035585852,0.00015748,0.8739284122049942,0.00081957,0,0.0
10444,0.03768885333633154,0.08178240449057758,-1.54e-06,2.0955878038400533,3.0496499206866825,23.200737005653075,1.0052136313683062,11.795931973273827,0.12067054082980143,-99.93160330232222,-1.1573229341274334,97.6042622177161,0.6295741068180681,27.525138026892435,0.2719344611720337,0.37767174696939493,0.00015748,0.6102064278222002,0.00081957,0,0.0
10445,0.3586441812489993,0.10053823937639074,-1.54e-06,2.0955878038400533,3.0496499206866825,61.452247208159534,1.0052136313683062,18.517100238426913,0.12067054082980143,-87.1628435566333,-1.1573229341274334,23.27220072109184,0.6295741068180681,17.884674905276466,0.2719344611720337,0.42798281736276483,0.00015748,0.6011627435824207,0.00081957,0,0.0
10446,0.0020073451384883256,0.03027322825073957,-1.54e-06,2.0955878038400533,3.0496499206866825,23.518731360068532,1.0052136313683062,3.9499763783466775,0.12067054082980143,-0.0383763712017538,-1.1573229341274334,-25.33633405727995,0.6295741068180681,-9.199048171758887,0.2719344611720337,-0.11600994138615883,0.00015748,0.11675150739659274,0.00081957,1,0.0
10447,0.0005719480532072607,0.1252171732753798,-1.54e-06,2.0955878038400533,3.0496499206866825,71.15896401397437,1.0052136313683062,8.02730034603862,0.12067054082980143,-37.564124737411504,-1.1573229341274334,48.22515434493934,0.6295741068180681,-24.04903780667987,0.2719344611720337,0.3560721700831194,0.00015748,0.8522436654297355,0.00081957,0,0.0
10448,0.6380815915979725,0.06322175143831951,-1.54e-06,2.0955878038400533,3.0496499206866825,-52.50496078103018,1.0052136313683062,6.037088384289485,0.12067054082980143,-55.36221978752388,-1.1573229341274334,9.971729028857524,0.6295741068180681,68.4662307752068,0.2719344611720337,-0.10965175455509074,0.00015748,0.10952686595528244,0.00081957,1,0.0
10449,0.9478516329701243,0.4563084803711807,-1.54e-06,2.0955878038400533,3.0496499206866825,-11.632437959849694,1.0052136313683062,18.19348649058919,0.12067054082980143,-75.84528972465444,-1.1573229341274334,-56.19759716413697,0.6295741068180681,73.42956424356223,0.2719344611720337,-0.44142774194422124,0.00015748,0.4584221856118645,0.00081957,1,0.0
10450,0.12335807578089944,0.378373831364005,-1.54e-06,2.0955878038400533,3.0496499206866825,37.16160506319542,1.0052136313683062,-0.16293678965652336,0.12067054082980143,-13.882191898497476,-1.1573229341274334,27.76167037633675,0.6295741068180681,-7.5550972934032625,0.2719344611720337,0.10398236592375165,0.00015748,0.6734205356356512,0.00081957,0,0.0
10451,0.00011289378959578045,0.07311713056763366,-1.54e-06,2.0955878038400533,3.0496499206866825,65.31080353133477,1.0052136313683062,15.942124839336142,0.12067054082980143,-99.8466332135062,-1.1573229341274334,83.1025841272117,0.6295741068180681,6.653123914251954,0.2719344611720337,0.5469226728539535,0.00015748,0.7295275959117947,0.00081957,0,0.0
10452,0.3775305557364038,0.46162009265494863,-1.54e-06,2.0955878038400533,3.0496499206866825,67.30046917916641,1.0052136313683062,8.977166838015023,0.12067054082980143,-96.84902264244656,-1.1573229341274334,73.7889457578621,0.6295741068180681,26.885504471052805,0.2719344611720337,0.3188988278345567,0.00015748,1.213400825608486,0.00081957,0,0.0
10453,0.41090923184218003,0.033286532968940435,-1.54e-06,2.0955878038400533,3.0496499206866825,-55.811382068325315,1.0052136313683062,0.40493466135770645,0.12067054082980143,-35.58991177629595,-1.1573229341274334,29.816121488292854,0.6295741068180681,52.4325320751437,0.2719344611720337,-0.05033718145392596,0.00015748,0.05094962240678766,0.00081957,1,0.0
10454,0.0009275158823570662,0.12073394196497549,-1.54e-06,2.0955878038400533,3.0496499206866825,43.134647568845814,1.0052136313683062,5.836627500862308,0.12067054082980143,-9.911689623025135,-1.1573229341274334,-11.923469425795298,0.6295741068180681,-15.722631418255453,0.2719344611720337,0.1157563618645747,0.00015748,0.21685546505011066,0.00081957,0,0.0
10455,0.9011730039750846,0.5112856898929677,-1.54e-06,2.0955878038400533,3.0496499206866825,24.6058431252997,1.0052136313683062,19.425389037291733,0.12067054082980143,-58.23163973535835,-1.1573229341274334,-75.54334458449028,0.6295741068180681,46.51506623734266,0.2719344611720337,-0.2903095037067913,0.00015748,0.5368838172653008,0.00081957,1,0.0
10456,0.9542693518016696,0.6987392153287157,-1.54e-06,2.0955878038400533,3.0496499206866825,32.59210860707685,1.0052136313683062,8.78288580077794,0.12067054082980143,-72.6470595253348,-1.1573229341274334,23.434631622285877,0.6295741068180681,48.137462893860764,0.2719344611720337,0.3130598964793254,0.00015748,1.035190712560409,0.00081957,0,0.0
10457,0.001634852370111517,0.04916490792044511,-1.54e-06,2.0955878038400533,3.0496499206866825,99.43309010407177,1.0052136313683062,14.944144542885125,0.12067054082980143,-51.08071065045216,-1.1573229341274334,10.57665276002898,0.6295741068180681,-25.785811437790482,0.2719344611720337,0.46533416454401855,0.00015748,0.5997957411217163,0.00081957,0,0.0
10458,0.2975257392740793,0.1767027017689336,-1.54e-06,2.0955878038400533,3.0496499206866825,-5.246652364375863,1.0052136313683062,11.764533688968676,0.12067054082980143,-69.99717496810389,-1.1573229341274334,3.7926889716499828,0.6295741068180681,45.62723978525834,0.2719344611720337,-0.2653273131971531,0.00015748,0.3000086786315873,0.00081957,1,0.0
10459,0.2957062110779827,0.19145284502379822,-1.54e-06,2.0955878038400533,3.0496499206866825,23.287166069159586,1.0052136313683062,12.97468141724531,0.12067054082980143,-65.41797391114676,-1.1573229341274334,9.244243595320226,0.6295741068180681,26.917424615626416,0.2719344611720337,0.06759823545611862,0.00015748,0.37976221283660194,0.00081957,0,0.0
10460,0.44640893914699376,0.1397953966798164,-1.54e-06,2.0955878038400533,3.0496499206866825,-23.116395545171137,1.0052136313683062,10.940799403017733,0.12067054082980143,-72.08730301608047,-1.1573229341274334,4.995028227288596,0.6295741068180681,59.033132316836316,0.2719344611720337,-0.26154769586490106,0.00015748,0.2614895086827878,0.00081957,1,0.0
10461,0.004841853012196307,0.17304265030017166,-1.54e-06,2.0955878038400533,3.0496499206866825,42.587086684370426,1.0052136313683062,4.980619110496511,0.12067054082980143,-2.2801352292302095,-1.1573229341274334,-1.361012713300359,0.6295741068180681,-23.124234374672906,0.2719344611720337,0.153811506245857,0.00015748,0.34094039080684424,0.00081957,0,0.0
10462,0.514893955747599,0.2613673148303659,-1.54e-06,2.0955878038400533,3.0496499206866825,67.01851393362868,1.0052136313683062,15.465649324984398,0.12067054082980143,-33.13685340261087,-1.1573229341274334,-48.08499523544634,0.6295741068180681,-0.7313807292743638,0.2719344611720337,0.19647723261788114,0.00015748,0.5087645988427649,0.00081957,0,0.0
10463,0.022735645696178475,0.12804063987254805,-1.54e-06,2.0955878038400533,3.0496499206866825,72.74217319816823,1.0052136313683062,10.013586878257495,0.12067054082980143,-24.965053227846727,-1.1573229341274334,-1.2482414139745546,0.6295741068180681,-24.600896261226996,0.2719344611720337,0.35799168464465786,0.00015748,0.40324982284806116,0.00081957,0,0.0
10464,0.6066175942630606,0.12488361906944734,-1.54e-06,2.0955878038400533,3.0496499206866825,-23.580018477318063,1.0052136313683062,6.098790848697228,0.12067054082980143,-41.173105648355374,-1.1573229341274334,-20.005294523766267,0.6295741068180681,52.56371195745874,0.2719344611720337,-0.20137787157829545,0.00015748,0.2050215616486103,0.00081957,1,0.0
10465,0.06357996515608988,0.06352831676407597,-1.54e-06,2.0955878038400533,3.0496499206866825,45.088968950250596,1.0052136313683062,12.284136080425256,0.12067054082980143,-81.59639388453274,-1.1573229341274334,69.40464547636964,0.6295741068180681,11.093694937881015,0.2719344611720337,0.4233590473624191,0.00015748,0.6100686283225267,0.00081957,0,0.0
10466,1.7824541298393897,1.6340487076180583,-1.54e-06,2.0955878038400533,3.0496499206866825,17.926218540762267,1.0052136313683062,7.570412819478855,0.12067054082980143,-24.108291749256885,-1.1573229341274334,-99.36084014170964,0.6295741068180681,68.65864425896831,0.2719344611720337,-0.018395131370081363,0.00015748,0.9457533116764298,0.00081957,1,0.0
10467,0.0019327887966227308,0.029817186083898436,-1.54e-06,2.0955878038400533,3.0496499206866825,100.0,1.0052136313683062,19.102933123674696,0.12067054082980143,-77.2075441575487,-1.1573229341274334,19.294645033927296,0.6295741068180681,-13.939326479091019,0.2719344611720337,0.4010710636930006,0.00015748,0.665462752560289,0.00081957,0,0.0
10468,0.84586444110843,0.10139202564153373,-1.54e-06,2.0955878038400533,3.0496499206866825,-71.70670410141082,1.0052136313683062,5.311728916224273,0.12067054082980143,-56.72517819425178,-1.1573229341274334,9.349285867331336,0.6295741068180681,83.50616365925434,0.2719344611720337,-0.07959995527643618,0.00015748,0.07996184278327137,0.00081957,1,0.0
10469,0.12234589999246515,0.0473170494295725,-1.54e-06,2.0955878038400533,3.0496499206866825,85.49455447914205,1.0052136313683062,20.144226491866732,0.12067054082980143,-87.23038303634812,-1.1573229341274334,24.60794101132767,0.6295741068180681,-0.31503928016996124,0.2719344611720337,0.40452293277917595,0.00015748,0.655538115337793,0.00081957,0,0.0
10470,0.6564952087656852,0.07140144184496106,-1.54e-06,2.0955878038400533,3.0496499206866825,-37.01425718853011,1.0052136313683062,4.9773333929214845,0.12067054082980143,-31.987454273136226,-1.1573229341274334,-16.565032995367027,0.6295741068180681,52.449130017826896,0.2719344611720337,-0.10135202317180854,0.00015748,0.10149640733185052,0.00081957,1,0.0
10471,0.41172378235375345,0.2716415905155858,-1.54e-06,2.0955878038400533,3.0496499206866825,62.68234033422594,1.0052136313683062,7.356266384383449,0.12067054082980143,-8.013175009180033,-1.1573229341274334,-32.15574019930727,0.6295741068180681,-12.51080683269654,0.2719344611720337,0.25751466546761415,0.00015748,0.5293076199142366,0.00081957,0,0.0
10472,0.1558142973431682,0.06770956983465073,-1.54e-06,2.0955878038400533,3.0496499206866825,100.0,1.0052136313683062,22.765097693447693,0.12067054082980143,-82.16160233717508,-1.1573229341274334,6.796120157561162,0.6295741068180681,-9.179054555465358,0.2719344611720337,0.3865330920691177,0.00015748,0.7180826316452962,0.00081957,0,0.0
10473,0.0015456641701177554,0.13739860725159989,-1.54e-06,2.0955878038400533,3.0496499206866825,53.67654977603116,1.0052136313683062,6.625056448646998,0.12067054082980143,-9.544672306864825,-1.1573229341274334,-12.282091806402036,0.6295741068180681,-21.454512951303524,0.2719344611720337,0.194689897855745,0.00015748,0.259485734742683,0.00081957,0,0.0
10474,0.0015966417096112129,0.11082392107423943,-1.54e-06,2.0955878038400533,3.0496499206866825,48.4596754141443,1.0052136313683062,6.514239246893066,0.12067054082980143,-1e-20,-1.1573229341274334,-36.74007596935372,0.6295741068180681,-20.4611094544332,0.2719344611720337,-0.059832812689433384,0.00015748,0.22332534827674852,0.00081957,1,0.0
10475,0.331008335855034,0.10609402343406531,-1.54e-06,2.0955878038400533,3.0496499206866825,100.0,1.0052136313683062,19.990221101260207,0.12067054082980143,-61.584964796635724,-1.1573229341274334,-18.939227360714135,0.6295741068180681,-10.301326817110796,0.2719344611720337,0.39146880361609315,0.00015748,0.6917937174892135,0.00081957,0,0.0
10476,0.3273117026062986,2.2677890913857346,-1.54e-06,2.0955878038400533,3.0496499206866825,-29.125817457783395,1.0052136313683062,21.680638294785446,0.12067054082980143,-37.14143080321469,-1.1573229341274334,-19.028546118512796,0.6295741068180681,17.515255347960625,0.2719344611720337,-0.898574845077377,0.00015748,0.7753919918048005,0.00081957,1,0.0
10477,0.0008288575310420043,0.13041899845983318,-1.54e-06,2.0955878038400533,3.0496499206866825,24.386547906637176,1.0052136313683062,8.466838964756073,0.12067054082980143,-53.449378651409134,-1.1573229341274334,34.28336993178258,0.6295741068180681,10.652869389034345,0.2719344611720337,0.18179728283184116,0.00015748,0.26611564253199893,0.00081957,0,0.0
10478,0.5652279566806722,0.2721582172487533,-1.54e-06,2.0955878038400533,3.0496499206866825,-4.336208640196004,1.0052136313683062,14.329535111488171,0.12067054082980143,-70.23422664319341,-1.1573229341274334,-23.067458163967093,0.6295741068180681,54.60295675122118,0.2719344611720337,-0.3203327109656518,0.00015748,0.3720769934865254,0.00081957,1,0.0
10479,0.0011764398539970689,0.1438336404437375,-1.54e-06,2.0955878038400533,3.0496499206866825,76.7488842631428,1.0052136313683062,14.71496467560523,0.12067054082980143,-87.8722750692209,-1.1573229341274334,87.0767641698133,0.6295741068180681,-6.721063090218145,0.2719344611720337,0.5355738202734582,0.00015748,0.9710441937360331,0.00081957,0,0.0
10480,0.0018226749747353166,0.048593234312260765,-1.54e-06,2.0955878038400533,3.0496499206866825,55.75474942760172,1.0052136313683062,12.621802347183149,0.12067054082980143,-75.33781648785677,-1.1573229341274334,60.95362562307412,0.6295741068180681,1.9451688842490413,0.2719344611720337,0.4388425181994389,0.00015748,0.582103923525515,0.00081957,0,0.0
10481,0.002925218414613129,0.1061416186340683,-1.54e-06,2.0955878038400533,3.0496499206866825,75.54848406695412,1.0052136313683062,9.653066433502685,0.12067054082980143,-29.778105023269337,-1.1573229341274334,15.096951606379625,0.6295741068180681,-26.003621991466925,0.2719344611720337,0.3772752529252558,0.00015748,0.553115169159378,0.00081957,0,0.0
10482,0.003294175737774463,0.1153273635265577,-1.54e-06,2.0955878038400533,3.0496499206866825,14.667810439968186,1.0052136313683062,7.690836987872373,0.12067054082980143,-50.34216200863946,-1.1573229341274334,25.64592382422782,0.6295741068180681,15.675370042016155,0.2719344611720337,0.02422881990921265,0.00015748,0.22833393730099183,0.00081957,0,0.0
10483,0.0011531061702740875,0.27461995831438124,-1.54e-06,2.0955878038400533,3.0496499206866825,79.1398608855641,1.0052136313683062,9.576099656776924,0.12067054082980143,-51.60319859439062,-1.1573229341274334,85.64278070859608,0.6295741068180681,-28.415941617172205,0.2719344611720337,0.39635435795177687,0.00015748,1.2791537533427557,0.00081957,0,0.0
10484,0.5979279312245749,0.1170602606049255,-1.54e-06,2.0955878038400533,3.0496499206866825,-39.96443195942551,1.0052136313683062,10.112544810382891,0.12067054082980143,-73.72158360863372,-1.1573229341274334,7.784065323107708,0.6295741068180681,71.2955257820989,0.2719344611720337,-0.22310664701217092,0.00015748,0.22400714481915157,0.00081957,1,0.0
10485,0.5522725365470578,0.09044898240727337,-1.54e-06,2.0955878038400533,3.0496499206866825,-37.23676003356575,1.0052136313683062,8.892818689748067,0.12067054082980143,-64.55379098637671,-1.1573229341274334,6.1002695034711945,0.6295741068180681,64.12000403797806,0.2719344611720337,-0.19256843468132334,0.00015748,0.19324372239737964,0.00081957,1,0.0
10486,0.45808114077450424,0.6354606777048797,-1.54e-06,2.0955878038400533,3.0496499206866825,-19.353319295211044,1.0052136313683062,-1.840367720837258,0.12067054082980143,-53.86766940538065,-1.1573229341274334,62.180061347446404,0.6295741068180681,49.37456717320946,0.2719344611720337,-0.00502631390986108,0.00015748,0.6909441322633333,0.00081957,1,0.0
10487,0.0013770740699822481,0.022994412836651736,-1.54e-06,2.0955878038400533,3.0496499206866825,-35.07383264352569,1.0052136313683062,-2.7040643951428316,0.12067054082980143,-20.19177277048458,-1.1573229341274334,44.618631246723794,0.6295741068180681,23.21363452322061,0.2719344611720337,-0.10061289926560159,0.00015748,0.10095742394290798,0.00081957,1,0.0
10488,0.4968892013699115,0.052729562620210994,-1.54e-06,2.0955878038400533,3.0496499206866825,-38.30960156816329,1.0052136313683062,-0.44280272520162484,0.12067054082980143,-6.39090327735261,-1.1573229341274334,-8.107105660557117,0.6295741068180681,35.107228452975164,0.2719344611720337,-0.038829387231255674,0.00015748,0.03900619003423339,0.00081957,1,0.0
10489,0.009576473928154638,0.12648479891197173,-1.54e-06,2.0955878038400533,3.0496499206866825,-13.573173259882289,1.0052136313683062,9.446135641974655,0.12067054082980143,-95.02357802443147,-1.1573229341274334,77.05612166253539,0.6295741068180681,47.00955344693341,0.2719344611720337,0.06861851816813852,0.00015748,0.24880506675886888,0.00081957,0,0.0
10490,0.5165073794220141,0.0449472755029554,-1.54e-06,2.0955878038400533,3.0496499206866825,-39.78040150571128,1.0052136313683062,5.284651971758178,0.12067054082980143,-45.25022639876622,-1.1573229341274334,5.470125581933618,0.6295741068180681,54.72278675046571,0.2719344611720337,-0.10168237437864226,0.00015748,0.10186381517767952,0.00081957,1,0.0
10491,0.0006501005813196459,0.1463823707381727,-1.54e-06,2.0955878038400533,3.0496499206866825,84.86513992491334,1.0052136313683062,11.050829563944731,0.12067054082980143,-56.59630701696809,-1.1573229341274334,58.87455241227622,0.6295741068180681,-21.8392009605802,0.2719344611720337,0.46667381831117316,0.00015748,0.9358765249682572,0.00081957,0,0.0
10492,0.30806968170983023,0.10637954994969757,-1.54e-06,2.0955878038400533,3.0496499206866825,0.37955571949057154,1.0052136313683062,8.77758635728228,0.12067054082980143,-41.281148432073984,-1.1573229341274334,-16.090806280461038,0.6295741068180681,30.438883465347477,0.2719344611720337,-0.22016956228722662,0.00015748,0.2292477176341322,0.00081957,1,0.0
10493,0.4186887346231415,0.15754616401043373,-1.54e-06,2.0955878038400533,3.0496499206866825,-14.108884994362121,1.0052136313683062,11.13631453260223,0.12067054082980143,-66.9339851937062,-1.1573229341274334,-2.8856636652248095,0.6295741068180681,52.34893924377184,0.2719344611720337,-0.27361908216678693,0.00015748,0.27923566503636094,0.00081957,1,0.0
10494,0.0005440275187311716,0.09719778756963621,-1.54e-06,2.0955878038400533,3.0496499206866825,69.83003536938314,1.0052136313683062,8.830157605967262,0.12067054082980143,-42.651218151275636,-1.1573229341274334,44.74363741388986,0.6295741068180681,-19.755403066272095,0.2719344611720337,0.3736600429480599,0.00015748,0.7571870429523018,0.00081957,0,0.0
10495,0.06572281985208733,0.2832381933983953,-1.54e-06,2.0955878038400533,3.0496499206866825,71.59368138756257,1.0052136313683062,4.306904701999717,0.12067054082980143,-51.9922181774086,-1.1573229341274334,76.61810480278858,0.6295741068180681,-11.983932680890577,0.2719344611720337,0.31961010921646377,0.00015748,1.16677417707698,0.00081957,0,0.0
10496,0.4099227751861494,0.11255086821276727,-1.54e-06,2.0955878038400533,3.0496499206866825,94.30327155331702,1.0052136313683062,23.613651055932394,0.12067054082980143,-88.58490963156527,-1.1573229341274334,-6.279222364238021,0.6295741068180681,6.453486145215936,0.2719344611720337,0.36949646447278756,0.00015748,0.7705158238590744,0.00081957,0,0.0
10497,0.00016887958916128598,0.21990283058402454,-1.54e-06,2.0955878038400533,3.0496499206866825,88.32107238722648,1.0052136313683062,6.368462665444219,0.12067054082980143,-18.336285991935412,-1.1573229341274334,44.19872826053894,0.6295741068180681,-42.81013117396259,0.2719344611720337,0.3458828901238685,0.00015748,1.095939875400755,0.00081957,0,0.0
10498,0.5973675290662911,0.09055947371837024,-1.54e-06,2.0955878038400533,3.0496499206866825,-45.93430695752082,1.0052136313683062,8.584715429315363,0.12067054082980143,-71.39474232675141,-1.1573229341274334,13.621682111842413,0.6295741068180681,72.78229211789284,0.2719344611720337,-0.18393290321481354,0.00015748,0.1851221486566484,0.00081957,1,0.0
10499,0.06321953234232358,0.11010450735559245,-1.54e-06,2.0955878038400533,3.0496499206866825,53.82750248644213,1.0052136313683062,11.276302459322624,0.12067054082980143,-55.3656070075074,-1.1573229341274334,33.37042452875206,0.6295741068180681,-2.569973826021421,0.2719344611720337,0.3911353295354627,0.00015748,0.45426760261481747,0.00081957,0,0.0
10500,0.5974571888612354,0.16379699859787994,-1.54e-06,2.0214205979719013,3.067752800365439,67.80103123067325,1.0052136313683062,22.955934159513678,0.12067054082980143,-92.67401393949777,-1.1573229341274334,-2.2781050460406265,0.6295741068180681,24.937446355859873,0.2719344611720337,0.372479293813508,0.00015748,0.76394806491009,0.00081957,0,0.0
10501,0.004734804038683427,0.027007514403290214,-1.54e-06,2.0214205979719013,3.067752800365439,69.87663044061864,1.0052136313683062,17.40701448726617,0.12067054082980143,-87.66937117933857,-1.1573229341274334,47.18136972220734,0.6295741068180681,2.168414405600141,0.2719344611720337,0.42652946331506336,0.00015748,0.603416230442319,0.00081957,0,0.0
10502,0.27254860207482645,0.27222158827932086,-1.54e-06,2.0214205979719013,3.067752800365439,60.84625267173776,1.0052136313683062,5.570972846866648,0.12067054082980143,-20.992322716375455,-1.1573229341274334,15.905427768604653,0.6295741068180681,-14.356209187412105,0.2719344611720337,0.30666837421202287,0.00015748,0.8029278996549603,0.00081957,0,0.0
10503,-0.0006625304972456281,0.1792103376632435,-1.54e-06,2.0214205979719013,3.067752800365439,84.3861479390845,1.0052136313683062,12.75461764524121,0.12067054082980143,-65.22764044439904,-1.1573229341274334,73.64684172320635,0.6295741068180681,-21.370469624629372,0.2719344611720337,0.5262060175733402,0.00015748,1.0350559872508298,0.00081957,0,0.0
10504,0.6014369615685343,0.12621215775063985,-1.54e-06,2.0214205979719013,3.067752800365439,-27.074819644445927,1.0052136313683062,10.132226237293885,0.12067054082980143,-54.58849992707003,-1.1573229341274334,-15.38129981181798,0.6295741068180681,56.72364725367755,0.2719344611720337,-0.23078502444358467,0.00015748,0.23137999178521124,0.00081957,1,0.0
10505,1.0185450188364853,0.31829460453477326,-1.54e-06,2.0214205979719013,3.067752800365439,-22.89280781641811,1.0052136313683062,13.918050587837214,0.12067054082980143,-48.419722885732526,-1.1573229341274334,-66.87803243368171,0.6295741068180681,67.22629776950197,0.2719344611720337,-0.34390014989188644,0.00015748,0.3446627346002863,0.00081957,1,0.0
10506,1.2626222672462153,0.6432665938869468,-1.54e-06,2.0214205979719013,3.067752800365439,9.308767565295838,1.0052136313683062,24.761161405365108,0.12067054082980143,-95.45611045578624,-1.1573229341274334,-53.13215996620965,0.6295741068180681,76.76727993721654,0.2719344611720337,-0.04534176925990768,0.00015748,0.6934569268024555,0.00081957,1,0.0
10507,0.6643015764316833,0.18405594791258245,-1.54e-06,2.0214205979719013,3.067752800365439,68.23837351131797,1.0052136313683062,25.148187803528828,0.12067054082980143,-98.47840666853867,-1.1573229341274334,-6.163053111390241,0.6295741068180681,28.470810711849754,0.2719344611720337,0.3644078921392486,0.00015748,0.7992406568599522,0.00081957,0,0.0
10508,0.20769673483614684,0.008520384710975146,-1.54e-06,2.0214205979719013,3.067752800365439,-56.12027408456166,1.0052136313683062,2.179598283579941,0.12067054082980143,-63.02939329288932,-1.1573229341274334,63.36148690384211,0.6295741068180681,58.22518590408261,0.2719344611720337,-0.040842503870258076,0.00015748,0.041168622301469796,0.00081957,1,0.0
10509,0.005809249639567748,0.12145801417686652,-1.54e-06,2.0214205979719013,3.067752800365439,44.84679184101622,1.0052136313683062,9.910874064614537,0.12067054082980143,-49.353935371241505,-1.1573229341274334,35.05248218091448,0.6295741068180681,-3.347853259558684,0.2719344611720337,0.3487171665943802,0.00015748,0.39434913027825974,0.00081957,0,0.0
10510,0.11000720975225953,0.1004102127301657,-1.54e-06,2.0214205979719013,3.067752800365439,26.58451998378251,1.0052136313683062,11.963436418047998,0.12067054082980143,-84.67502583092323,-1.1573229341274334,72.11804484914303,0.6295741068180681,21.923591744922557,0.2719344611720337,0.39454424681614236,0.00015748,0.5095034996755681,0.00081957,0,0.0
10511,0.3778578049932392,0.21008252211715067,-1.54e-06,2.0214205979719013,3.067752800365439,25.321520178143295,1.0052136313683062,13.985451034237677,0.12067054082980143,-62.78084221662192,-1.1573229341274334,2.3863836676845156,0.6295741068180681,26.069093225600337,0.2719344611720337,0.11536235537156392,0.00015748,0.4217430419480539,0.00081957,0,0.0
10512,0.0005726200692829104,0.19166099095079536,-1.54e-06,2.0214205979719013,3.067752800365439,-6.2632852820544125,1.0052136313683062,0.05505778048422988,0.12067054082980143,-24.16365847664651,-1.1573229341274334,50.269860182616,0.6295741068180681,8.751239890049758,0.2719344611720337,0.014650455960419861,0.00015748,0.3556118316332573,0.00081957,0,0.0
10513,0.46863700487816695,1.4090920514704066,-1.54e-06,2.0214205979719013,3.067752800365439,-82.60152608817477,1.0052136313683062,16.305574015216926,0.12067054082980143,-75.69254613185159,-1.1573229341274334,53.77643869512159,0.6295741068180681,64.61114487092817,0.2719344611720337,-0.7157714181232633,0.00015748,0.6906451817837527,0.00081957,1,0.0
10514,1.108442354358881,0.5467690456840656,-1.54e-06,2.0214205979719013,3.067752800365439,-34.330417418095266,1.0052136313683062,20.960461157375818,0.12067054082980143,-96.42472097368137,-1.1573229341274334,-47.954992394252265,0.6295741068180681,96.33097415848981,0.2719344611720337,-0.4950332097280634,0.00015748,0.4951905411012174,0.00081957,1,0.0
10515,0.5335349070925722,0.14429781735992736,-1.54e-06,2.0214205979719013,3.067752800365439,9.244157109451267,1.0052136313683062,9.275119999357297,0.12067054082980143,-13.12769694712855,-1.1573229341274334,-63.70373855489703,0.6295741068180681,21.084958901550777,0.2719344611720337,-0.2482322908154357,0.00015748,0.24909540400967498,0.00081957,1,0.0
10516,1.0026784382319869,0.16381791239936427,-1.54e-06,2.0214205979719013,3.067752800365439,-58.119805373626996,1.0052136313683062,3.3997467472161653,0.12067054082980143,-21.79884650140937,-1.1573229341274334,-33.6352975351189,0.6295741068180681,67.85428108846314,0.2719344611720337,-0.04614846006831972,0.00015748,0.04595518959275106,0.00081957,1,0.0
10517,1.0620471793928252,0.4996081803940581,-1.54e-06,2.0214205979719013,3.067752800365439,-23.065181763004222,1.0052136313683062,19.079372855403342,0.12067054082980143,-78.17332805833371,-1.1573229341274334,-61.42268722499088,0.6295741068180681,82.55470091946391,0.2719344611720337,-0.4693853843864346,0.00015748,0.470710294706542,0.00081957,1,0.0
10518,0.0010840212895497636,0.12459781895991215,-1.54e-06,2.0214205979719013,3.067752800365439,-3.1684174722604306,1.0052136313683062,8.521246505285259,0.12067054082980143,-78.58664536492206,-1.1573229341274334,65.47234589401778,0.6295741068180681,33.78326918325677,0.2719344611720337,0.12664367977715482,0.00015748,0.2433268207516213,0.00081957,0,0.0
10519,1.9689176357449412,1.561222973685735,-1.54e-06,2.0214205979719013,3.067752800365439,52.284731732424746,1.0052136313683062,17.44964519861317,0.12067054082980143,-61.795737019604466,-1.1573229341274334,-90.40634356909831,0.6295741068180681,70.59863800511948,0.2719344611720337,0.3071580414575131,0.00015748,1.2868179583540145,0.00081957,0,0.0
10520,0.03843159246810601,0.4956881538823333,-1.54e-06,2.0214205979719013,3.067752800365439,45.485498836450915,1.0052136313683062,18.27786885832704,0.12067054082980143,-35.91604561554936,-1.1573229341274334,-35.276326348196996,0.6295741068180681,-8.867740546051335,0.2719344611720337,-0.31938431570424203,0.00015748,0.47251459638032817,0.00081957,1,0.0
10521,0.5334820048257836,0.04965310383454171,-1.54e-06,2.0214205979719013,3.067752800365439,-48.936258194650186,1.0052136313683062,0.8782990490282361,0.12067054082980143,-25.13246246384943,-1.1573229341274334,7.26714015704735,0.6295741068180681,49.190889916198515,0.2719344611720337,-0.02801256835798131,0.00015748,0.027986133258349238,0.00081957,1,0.0
10522,0.0002454027029979988,0.23384486337888283,-1.54e-06,2.0214205979719013,3.067752800365439,80.2583860439795,1.0052136313683062,8.337778053087753,0.12067054082980143,-50.72063742285424,-1.1573229341274334,78.7748428899098,0.6295741068180681,-25.57697608122731,0.2719344611720337,0.4348083014097646,0.00015748,1.1712492830502508,0.00081957,0,0.0
10523,0.49193515831412027,0.15373435943035127,-1.54e-06,2.0214205979719013,3.067752800365439,57.50771414473255,1.0052136313683062,17.821113593424577,0.12067054082980143,-68.03033469275523,-1.1573229341274334,0.6719852626698644,0.6295741068180681,14.238607320833697,0.2719344611720337,0.42378142665625224,0.00015748,0.5939412414381178,0.00081957,0,0.0
10524,0.5468512852844803,0.1791095755672717,-1.54e-06,2.0214205979719013,3.067752800365439,-32.532715938275125,1.0052136313683062,12.448598822870208,0.12067054082980143,-82.9038119806025,-1.1573229341274334,6.906191487187617,0.6295741068180681,70.9226035862246,0.2719344611720337,-0.292998564490696,0.00015748,0.2941035392512403,0.00081957,1,0.0
10525,1.1982865467132529,0.4164161477933271,-1.54e-06,2.0214205979719013,3.067752800365439,-64.4567904158011,1.0052136313683062,11.185521801423464,0.12067054082980143,-31.18332849231922,-1.1573229341274334,-50.87920958744047,0.6295741068180681,74.38839122823562,0.2719344611720337,-0.28503910593439663,0.00015748,0.2705057392029764,0.00081957,1,0.0
10526,0.5330758498267885,0.2982603141094791,-1.54e-06,2.0214205979719013,3.067752800365439,39.71697645182975,1.0052136313683062,14.967221590662358,0.12067054082980143,-34.93448502698624,-1.1573229341274334,-53.45833686571337,0.6295741068180681,14.487719878278513,0.2719344611720337,-0.052497018155298336,0.00015748,0.45222236927882115,0.00081957,1,0.0
10527,0.4481285937818066,0.07195942948501544,-1.54e-06,2.0214205979719013,3.067752800365439,-40.873426691979866,1.0052136313683062,8.194802680173588,0.12067054082980143,-71.6543134167437,-1.1573229341274334,23.356738763936264,0.6295741068180681,65.45369125763064,0.2719344611720337,-0.17713878122036425,0.00015748,0.17805365702816683,0.00081957,1,0.0
10528,-0.7729246260038644,2.324534245742301,-1.54e-06,2.0214205979719013,3.067752800365439,53.665704691791795,1.0052136313683062,3.7225363840185786,0.12067054082980143,-1e-20,-1.1573229341274334,82.57926939143255,0.6295741068180681,-67.62371531186417,0.2719344611720337,-0.15186614179648739,0.00015748,0.8758186596579561,0.00081957,1,0.0
10529,0.6539864593599805,0.24581198221734032,-1.54e-06,2.0214205979719013,3.067752800365439,98.87101049994746,1.0052136313683062,19.43882767746349,0.12067054082980143,-23.272083508305244,-1.1573229341274334,-73.77233956003536,0.6295741068180681,-17.862160326811964,0.2719344611720337,0.38886373936051233,0.00015748,0.6895095193293239,0.00081957,0,0.0
10530,0.19956660331157272,0.16918311636123234,-1.54e-06,2.0214205979719013,3.067752800365439,-6.765250966430404,1.0052136313683062,11.95911613806306,0.12067054082980143,-71.87962286984323,-1.1573229341274334,14.953464542373734,0.6295741068180681,42.16130415054057,0.2719344611720337,-0.24210943873499396,0.00015748,0.29229306524331927,0.00081957,1,0.0
10531,0.4705276780060169,0.3784610565011804,-1.54e-06,2.0214205979719013,3.067752800365439,-9.582670239075386,1.0052136313683062,11.492574634028049,0.12067054082980143,-9.023195971146517,-1.1573229341274334,-43.49405249511708,0.6295741068180681,14.8506903625568,0.2719344611720337,-0.34307158178577374,0.00015748,0.342702303686143,0.00081957,1,0.0
10532,0.6066553153911576,0.0910474961350459,-1.54e-06,2.0214205979719013,3.067752800365439,-53.90996781172298,1.0052136313683062,9.21481805790956,0.12067054082980143,-80.58815173250001,-1.1573229341274334,24.093777042463266,0.6295741068180681,79.78720869926241,0.2719344611720337,-0.18568180734235046,0.00015748,0.18751898874794465,0.00081957,1,0.0
10533,1.3713168616708917,0.5004456436912618,-1.54e-06,2.0214205979719013,3.067752800365439,-45.356295001652875,1.0052136313683062,17.651870355183103,0.12067054082980143,-73.35071597629188,-1.1573229341274334,-70.78946528786729,0.6295741068180681,99.66024765523265,0.2719344611720337,-0.4160882626389105,0.00015748,0.416819167168908,0.00081957,1,0.0
10534,0.00011525992380456707,0.03970336027136486,-1.54e-06,2.0214205979719013,3.067752800365439,57.42912111406306,1.0052136313683062,13.621698779794526,0.12067054082980143,-74.12571003663413,-1.1573229341274334,54.470993864131835,0.6295741068180681,0.3470890833999898,0.2719344611720337,0.47677982331238383,0.00015748,0.5254174427117233,0.00081957,0,0.0
10535,0.0002494942597051075,0.10857187360500702,-1.54e-06,2.0214205979719013,3.067752800365439,78.53395270103903,1.0052136313683062,8.237513643240527,0.12067054082980143,-21.5332183091728,-1.1573229341274334,24.800655380785408,0.6295741068180681,-34.130708107840306,0.2719344611720337,0.37457209393482926,0.00015748,0.7580501919230528,0.00081957,0,0.0
10536,0.0009804874327366542,0.10841316789235715,-1.54e-06,2.0214205979719013,3.067752800365439,31.62681349567248,1.0052136313683062,6.540930018411462,0.12067054082980143,-17.510977192735627,-1.1573229341274334,-13.210522058005965,0.6295741068180681,-5.700271196170925,0.2719344611720337,-0.04181427108237243,0.00015748,0.2208749388998343,0.00081957,1,0.0
10537,0.0013450543712651974,0.035870958769252496,-1.54e-06,2.0214205979719013,3.067752800365439,10.896065740892857,1.0052136313683062,4.057759959323754,0.12067054082980143,-17.084159525589598,-1.1573229341274334,-6.020501821022815,0.6295741068180681,4.458708625286362,0.2719344611720337,-0.12207885090183919,0.00015748,0.12661372741945776,0.00081957,1,0.0
10538,0.46092721931582664,0.7831799214434366,-1.54e-06,2.0214205979719013,3.067752800365439,60.659353448949595,1.0052136313683062,0.8811619886576698,0.12067054082980143,-42.155060664847625,-1.1573229341274334,74.7475803221135,0.6295741068180681,-0.5622060013501563,0.2719344611720337,0.29015392860853606,0.00015748,1.5275973270901968,0.00081957,0,0.0
10539,0.3776547265906851,0.11337445302832255,-1.54e-06,2.0214205979719013,3.067752800365439,50.14368868484123,1.0052136313683062,16.755985173687215,0.12067054082980143,-77.27060781194861,-1.1573229341274334,24.00928133773417,0.6295741068180681,17.590828994407875,0.2719344611720337,0.4527655357269401,0.00015748,0.5583209929993415,0.00081957,0,0.0
10540,4.6190393085066006e-05,0.09231613042766837,-1.54e-06,2.0214205979719013,3.067752800365439,84.36676744380001,1.0052136313683062,18.52734926874451,0.12067054082980143,-99.36653955415885,-1.1573229341274334,75.27420833424304,0.6295741068180681,-3.537015997602362,0.2719344611720337,0.6643473375810631,0.00015748,0.7901611614976156,0.00081957,0,0.0
10541,0.002055651398642111,0.09280229825269533,-1.54e-06,2.0214205979719013,3.067752800365439,5.722877319770827,1.0052136313683062,7.093873458669544,0.12067054082980143,-46.46915709569952,-1.1573229341274334,19.576275531513456,0.6295741068180681,18.650898262672715,0.2719344611720337,-0.08804757662822221,0.00015748,0.19779623269980512,0.00081957,1,0.0
10542,0.27558217523924033,0.4615103899714206,-1.54e-06,2.0214205979719013,3.067752800365439,-23.870868921830887,1.0052136313683062,10.05925909280492,0.12067054082980143,-21.316945655083387,-1.1573229341274334,-2.82357511645253,0.6295741068180681,17.589345812223968,0.2719344611720337,-0.39119971401978687,0.00015748,0.3938618379085003,0.00081957,1,0.0
10543,1.1730805053102098,0.2734057838521702,-1.54e-06,2.0214205979719013,3.067752800365439,-51.413646743283955,1.0052136313683062,11.785405317706141,0.12067054082980143,-54.64507099549142,-1.1573229341274334,-49.03015179525878,0.6295741068180681,86.1312165223098,0.2719344611720337,-0.2582334493567741,0.00015748,0.25763088918982374,0.00081957,1,0.0
10544,0.11272946982101753,0.009687708617614164,-1.54e-06,2.0214205979719013,3.067752800365439,-11.516773131298889,1.0052136313683062,2.86810250765928,0.12067054082980143,-25.44680991343363,-1.1573229341274334,9.881075543509331,0.6295741068180681,20.602175028409935,0.2719344611720337,-0.06681234673628449,0.00015748,0.066571182018807,0.00081957,1,0.0
10545,1.1420683213265013,0.24076468113864785,-1.54e-06,2.0214205979719013,3.067752800365439,-44.15395620075287,1.0052136313683062,9.35097099200972,0.12067054082980143,-33.666295490461344,-1.1573229341274334,-60.83053839988607,0.6295741068180681,72.57682380221267,0.2719344611720337,-0.2055283338621499,0.00015748,0.2065847231008985,0.00081957,1,0.0
10546,0.3413090363232121,0.05359087878621384,-1.54e-06,2.0214205979719013,3.067752800365439,-64.40149923834002,1.0052136313683062,-1.6684329929558595,0.12067054082980143,-38.04380128579128,-1.1573229341274334,49.96061199974525,0.6295741068180681,54.26019061292926,0.2719344611720337,-0.11565465473669649,0.00015748,0.11564963389449152,0.00081957,1,0.0
10547,0.6845448640157727,1.067864301361074,-1.54e-06,2.0214205979719013,3.067752800365439,51.57856913984575,1.0052136313683062,0.19207848054791876,0.12067054082980143,-42.35523357872748,-1.1573229341274334,75.45681010536832,0.6295741068180681,9.430539671380785,0.2719344611720337,0.29047369097931364,0.00015748,1.6740726493341032,0.00081957,0,0.0
10548,0.017057434200869193,0.03521304245675951,-1.54e-06,2.0214205979719013,3.067752800365439,-33.663159491545265,1.0052136313683062,5.6623220330029245,0.12067054082980143,-74.68640663583078,-1.1573229341274334,62.34695600035852,0.6295741068180681,48.75553342234579,0.2719344611720337,-0.11089750599906967,0.00015748,0.11212275687426532,0.00081957,1,0.0
10549,0.0021288617457916326,0.12685859079158027,-1.54e-06,2.0214205979719013,3.067752800365439,29.522676598992582,1.0052136313683062,7.647172190459677,0.12067054082980143,-33.32699726479586,-1.1573229341274334,11.711862376529114,0.6295741068180681,-0.3996536452628043,0.2719344611720337,0.11851366395551693,0.00015748,0.24696919828590114,0.00081957,0,0.0
10550,1.0944185581184398,0.6681243562716624,-1.54e-06,2.0214205979719013,3.067752800365439,42.742934941026725,1.0052136313683062,9.96018866736002,0.12067054082980143,-27.879872789662947,-1.1573229341274334,-50.00204250504659,0.6295741068180681,28.0029079679695,0.2719344611720337,0.27986419922232936,0.00015748,0.8008714855358929,0.00081957,0,0.0
10551,0.0014182386431760285,0.12371479105154512,-1.54e-06,2.0214205979719013,3.067752800365439,17.841830989773523,1.0052136313683062,7.956032530428239,0.12067054082980143,-48.27380955503569,-1.1573229341274334,28.421405465884792,0.6295741068180681,11.479104611493861,0.2719344611720337,0.10165126901872037,0.00015748,0.24332813848897836,0.00081957,0,0.0
10552,0.11552448663684517,0.25902329003449304,-1.54e-06,2.0214205979719013,3.067752800365439,70.99202364757424,1.0052136313683062,4.614879594986026,0.12067054082980143,-37.766915484520055,-1.1573229341274334,55.573955006846546,0.6295741068180681,-17.421441189638653,0.2719344611720337,0.3281292869393787,0.00015748,1.0682263983793132,0.00081957,0,0.0
10553,1.041009686761555,0.1808521030027156,-1.54e-06,2.0214205979719013,3.067752800365439,-45.66405317542364,1.0052136313683062,5.062788991774092,0.12067054082980143,-12.717684519540208,-1.1573229341274334,-55.63345554562245,0.6295741068180681,59.471160452930654,0.2719344611720337,-0.09141642849163185,0.00015748,0.09130445819414369,0.00081957,1,0.0
10554,0.2530070758598843,0.15884311466563475,-1.54e-06,2.0214205979719013,3.067752800365439,4.749583344722839,1.0052136313683062,10.684993997858767,0.12067054082980143,-48.80713872387567,-1.1573229341274334,-14.615925306626098,0.6295741068180681,29.975673851981586,0.2719344611720337,-0.26711170409062807,0.00015748,0.28233509071675916,0.00081957,1,0.0
10555,0.1046235007518711,0.11856456177623108,-1.54e-06,2.0214205979719013,3.067752800365439,16.221800749943004,1.0052136313683062,11.758250502452702,0.12067054082980143,-90.08679522545323,-1.1573229341274334,73.59843832159584,0.6295741068180681,30.296706226900607,0.2719344611720337,0.37282620858068194,0.00015748,0.3938506726801356,0.00081957,0,0.0
10556,0.4382306099481005,0.03026238535972628,-1.54e-06,2.0214205979719013,3.067752800365439,-55.69499637738167,1.0052136313683062,5.23001594800578,0.12067054082980143,-68.80307967712362,-1.1573229341274334,40.288334368935224,0.6295741068180681,69.24381294446357,0.2719344611720337,-0.08645572689689524,0.00015748,0.08678294479436921,0.00081957,1,0.0
10557,0.8665782509662673,0.5879788676466892,-1.54e-06,2.0214205979719013,3.067752800365439,-14.0671005040257,1.0052136313683062,22.787104165598187,0.12067054082980143,-84.44403067402601,-1.1573229341274334,-51.005438984896074,0.6295741068180681,70.610200030225,0.2719344611720337,-0.5087810706917605,0.00015748,0.5187721423785759,0.00081957,1,0.0
10558,0.0002715611228564785,0.30722756685718294,-1.54e-06,2.0214205979719013,3.067752800365439,69.04844865242048,1.0052136313683062,5.48687901571888,0.12067054082980143,-35.95158313206413,-1.1573229341274334,90.18629558397042,0.6295741068180681,-31.405015701731063,0.2719344611720337,0.31970750685011495,0.00015748,1.3421252389184248,0.00081957,0,0.0
10559,0.0011987623293379657,0.12462510990473262,-1.54e-06,2.0214205979719013,3.067752800365439,17.32261372312789,1.0052136313683062,6.545658252165947,0.12067054082980143,-43.52058269159715,-1.1573229341274334,33.1206776316444,0.6295741068180681,8.894862248765238,0.2719344611720337,0.18824406557794726,0.00015748,0.21504353986952773,0.00081957,0,0.0
10560,0.10191709405681748,0.007839403479002272,-1.54e-06,2.0214205979719013,3.067752800365439,-54.75065695033454,1.0052136313683062,1.6112783169879672,0.12067054082980143,-66.37108966720511,-1.1573229341274334,74.5497427326896,0.6295741068180681,55.880831111962515,0.2719344611720337,-0.03506189088384899,0.00015748,0.035562307380538574,0.00081957,1,0.0
10561,0.0002347130604570813,0.04605663964444886,-1.54e-06,2.0214205979719013,3.067752800365439,64.54334854841854,1.0052136313683062,12.76338307385318,0.12067054082980143,-61.6042557639064,-1.1573229341274334,42.64540767265028,0.6295741068180681,-8.133672758961684,0.2719344611720337,0.4617657598349159,0.00015748,0.5452983058261749,0.00081957,0,0.0
10562,0.21544977338130789,0.08021770766869775,-1.54e-06,2.0214205979719013,3.067752800365439,92.74866907211147,1.0052136313683062,17.792106297370108,0.12067054082980143,-52.11753519746877,-1.1573229341274334,-10.902754429666246,0.6295741068180681,-16.19952061775864,0.2719344611720337,0.4058425739555875,0.00015748,0.6539364407030214,0.00081957,0,0.0
10563,0.12862787431152545,0.08857912328730151,-1.54e-06,2.0214205979719013,3.067752800365439,23.49649138816053,1.0052136313683062,11.924698650620481,0.12067054082980143,-93.54309305790537,-1.1573229341274334,84.55539821369207,0.6295741068180681,27.57120638187537,0.2719344611720337,0.4081308612664973,0.00015748,0.5741427904897312,0.00081957,0,0.0
10564,0.8368594990390791,0.4246872849547142,-1.54e-06,2.0214205979719013,3.067752800365439,70.82204646584829,1.0052136313683062,18.417092431505633,0.12067054082980143,-20.460952051954827,-1.1573229341274334,-94.72665692517539,0.6295741068180681,2.6264755364897905,0.2719344611720337,0.11880454294968473,0.00015748,0.6149483803159914,0.00081957,0,0.0
10565,1.6914773094095934,0.7794076133241234,-1.54e-06,2.0214205979719013,3.067752800365439,46.50995690428712,1.0052136313683062,29.636989763558454,0.12067054082980143,-89.01383313273581,-1.1573229341274334,-87.02397819481465,0.6295741068180681,67.6167972707913,0.2719344611720337,0.32292685868675564,0.00015748,0.9219040263155297,0.00081957,0,0.0
10566,0.18920276173185036,0.06207037481498329,-1.54e-06,2.0214205979719013,3.067752800365439,89.07279698917368,1.0052136313683062,19.873948326058823,0.12067054082980143,-74.01644493744243,-1.1573229341274334,6.6926652244935605,0.6295741068180681,-5.634118968950248,0.2719344611720337,0.38761744595605313,0.00015748,0.7038026294761539,0.00081957,0,0.0
10567,0.16900219723233464,0.015313779798048044,-1.54e-06,2.0214205979719013,3.067752800365439,-19.725287248167824,1.0052136313683062,4.0842048439030085,0.12067054082980143,-37.712657916385396,-1.1573229341274334,17.24734556540947,0.6295741068180681,31.22935203914632,0.2719344611720337,-0.0858489984627208,0.00015748,0.08585140156815245,0.00081957,1,0.0
10568,0.6841378954674832,0.08569113839199949,-1.54e-06,2.0214205979719013,3.067752800365439,-69.98178380058373,1.0052136313683062,0.8026721535573004,0.12067054082980143,-39.005408427646124,-1.1573229341274334,19.951788426380684,0.6295741068180681,69.20181409537791,0.2719344611720337,-0.046554837389376005,0.00015748,0.04572019264906199,0.00081957,1,0.0
10569,0.26270263251174863,0.012214290861956204,-1.54e-06,2.0214205979719013,3.067752800365439,-47.41918494133024,1.0052136313683062,4.059767750894702,0.12067054082980143,-59.94025248947738,-1.1573229341274334,46.092466428547894,0.6295741068180681,54.99695537330629,0.2719344611720337,-0.06637797235094627,0.00015748,0.06635927158750042,0.00081957,1,0.0
10570,0.03013725257968422,0.23520468135731148,-1.54e-06,2.0214205979719013,3.067752800365439,-5.0620620211567475,1.0052136313683062,-0.2030277019760334,0.12067054082980143,-44.602359012310224,-1.1573229341274334,58.69794602639669,0.6295741068180681,23.746064582250845,0.2719344611720337,0.020081193377562756,0.00015748,0.3753263650046118,0.00081957,0,0.0
10571,0.9158120179995892,0.3234078453496315,-1.54e-06,2.0214205979719013,3.067752800365439,89.41229606861894,1.0052136313683062,25.32608235983309,0.12067054082980143,-62.18757312461777,-1.1573229341274334,-66.17455325392534,0.6295741068180681,11.9909636075543,0.2719344611720337,0.35555039540253797,0.00015748,0.8441746298779499,0.00081957,0,0.0
10572,0.05681818931449831,0.0056072727113104966,-1.54e-06,2.0214205979719013,3.067752800365439,-44.18660025788914,1.0052136313683062,1.9875754223402526,0.12067054082980143,-59.69522290963338,-1.1573229341274334,64.93591678178758,0.6295741068180681,47.08901929734452,0.2719344611720337,-0.028636492200961133,0.00015748,0.02865465669905935,0.00081957,1,0.0
10573,0.5821672601677857,0.06762621266490847,-1.54e-06,2.0214205979719013,3.067752800365439,-46.88962054689554,1.0052136313683062,7.42681114684334,0.12067054082980143,-61.76360876582002,-1.1573229341274334,12.026040713270548,0.6295741068180681,67.24054574440481,0.2719344611720337,-0.14676349240514724,0.00015748,0.14704830115244066,0.00081957,1,0.0
10574,0.005676966342672507,0.03160858313373661,-1.54e-06,2.0214205979719013,3.067752800365439,-12.56628702443278,1.0052136313683062,4.867789121730097,0.12067054082980143,-46.75818554185375,-1.1573229341274334,29.93810943732421,0.6295741068180681,27.225695711839535,0.2719344611720337,-0.1121369797263872,0.00015748,0.1133682810032513,0.00081957,1,0.0
10575,0.2524414078085424,0.06693013347906257,-1.54e-06,2.0214205979719013,3.067752800365439,54.52003279468278,1.0052136313683062,19.06328279365896,0.12067054082980143,-97.17185603779588,-1.1573229341274334,41.81985335821633,0.6295741068180681,20.55488832136752,0.2719344611720337,0.4189292352579325,0.00015748,0.6196812311210715,0.00081957,0,0.0
10576,0.4865260410711175,0.17932626036320373,-1.54e-06,2.0214205979719013,3.067752800365439,99.93728043419036,1.0052136313683062,18.420637433606824,0.12067054082980143,-25.69954455490018,-1.1573229341274334,-57.73049470155088,0.6295741068180681,-22.818463377439542,0.2719344611720337,0.4022608140392797,0.00015748,0.6597091343838323,0.00081957,0,0.0
10577,0.0010523886136101224,0.06605933656820537,-1.54e-06,2.0214205979719013,3.067752800365439,52.41304564156408,1.0052136313683062,11.087355560262367,0.12067054082980143,-63.17319106395463,-1.1573229341274334,61.47887628069838,0.6295741068180681,-4.203050255477907,0.2719344611720337,0.4045771241969097,0.00015748,0.6554176365243359,0.00081957,0,0.0
10578,0.3117372613410909,5.169424102724509,-1.54e-06,2.0214205979719013,3.067752800365439,-28.057933104009997,1.0052136313683062,37.95985701964016,0.12067054082980143,-85.6910118579583,-1.1573229341274334,-60.374251530150374,0.6295741068180681,41.8200820002325,0.2719344611720337,-1.5942430319896108,0.00015748,0.888257451540668,0.00081957,1,0.0
10579,0.048957013311362596,0.07268423623515963,-1.54e-06,2.0214205979719013,3.067752800365439,-27.723499616691942,1.0052136313683062,7.701606654758678,0.12067054082980143,-80.69728939752704,-1.1573229341274334,54.59991522148092,0.6295741068180681,50.700920300176215,0.2719344611720337,-0.16956316548176295,0.00015748,0.1734943484909479,0.00081957,1,0.0
10580,0.13914552402879998,1.5048509433589485,-1.54e-06,2.0214205979719013,3.067752800365439,99.97651344799428,1.0052136313683062,35.969283933249756,0.12067054082980143,-69.53177230996363,-1.1573229341274334,-63.59063089138822,0.6295741068180681,-22.63934815090288,0.2719344611720337,-0.4162070068613407,0.00015748,0.9780844565390096,0.00081957,1,0.0
10581,0.26340287564321446,0.015704262531606512,-1.54e-06,2.0214205979719013,3.067752800365439,-81.1448183234258,1.0052136313683062,3.397286928168727,0.12067054082980143,-97.01847124730635,-1.1573229341274334,97.84150778176043,0.6295741068180681,86.04853219407855,0.2719344611720337,-0.047924827436653314,0.00015748,0.048254446435884654,0.00081957,1,0.0
10582,0.46442648433086825,0.036135493074724294,-1.54e-06,2.0214205979719013,3.067752800365439,-69.36931593008819,1.0052136313683062,1.6064049524123645,0.12067054082980143,-57.204595071819014,-1.1573229341274334,48.923965041598066,0.6295741068180681,69.59480648360743,0.2719344611720337,-0.04802726083811329,0.00015748,0.047531315856111256,0.00081957,1,0.0
10583,0.0006879783765055825,0.1150610225312444,-1.54e-06,2.0214205979719013,3.067752800365439,22.432149548545016,1.0052136313683062,6.864998529489111,0.12067054082980143,-34.61935733039634,-1.1573229341274334,12.744480528425086,0.6295741068180681,4.473197314703105,0.2719344611720337,0.056885411397587196,0.00015748,0.2235639509948168,0.00081957,0,0.0
10584,0.554684232268643,0.19450357982726743,-1.54e-06,2.0214205979719013,3.067752800365439,28.87248583643663,1.0052136313683062,17.808016831593566,0.12067054082980143,-87.10292706406649,-1.1573229341274334,21.839660573173546,0.6295741068180681,37.110684601451005,0.2719344611720337,0.35858999930575575,0.00015748,0.5442473790126312,0.00081957,0,0.0
10585,0.20131566522040634,0.08644798948221667,-1.54e-06,2.0214205979719013,3.067752800365439,34.21410427950613,1.0052136313683062,13.519552708919296,0.12067054082980143,-84.37657762093852,-1.1573229341274334,62.588636209447145,0.6295741068180681,20.725538334784762,0.2719344611720337,0.4491181335844105,0.00015748,0.5521544487586778,0.00081957,0,0.0
10586,0.0012614325034494556,0.07566111311268656,-1.54e-06,2.0214205979719013,3.067752800365439,84.10655099694456,1.0052136313683062,10.228319488396552,0.12067054082980143,-23.589549542001468,-1.1573229341274334,10.070903908055406,0.6295741068180681,-34.044665945963175,0.2719344611720337,0.42009640435954293,0.00015748,0.618586795424917,0.00081957,0,0.0
10587,0.025582383309029177,0.024857070594691912,-1.54e-06,2.0214205979719013,3.067752800365439,78.25500129473777,1.0052136313683062,19.987261741994647,0.12067054082980143,-99.84529697688173,-1.1573229341274334,45.532138633182434,0.6295741068180681,5.378740775713945,0.2719344611720337,0.389323991380042,0.00015748,0.6994809497143986,0.00081957,0,0.0
10588,-0.0002098758778549259,0.43970978199060534,-1.54e-06,2.0214205979719013,3.067752800365439,99.25134207572901,1.0052136313683062,7.99819383047927,0.12067054082980143,-31.750191752763897,-1.1573229341274334,85.61613299170908,0.6295741068180681,-49.86678781122104,0.2719344611720337,0.42845650085958276,0.00015748,1.5696576347928972,0.00081957,0,0.0
10589,1.0359516400940372,0.39481804195656484,-1.54e-06,2.0214205979719013,3.067752800365439,-13.585568962580478,1.0052136313683062,15.39151851005615,0.12067054082980143,-48.27829652099678,-1.1573229341274334,-79.19240508065654,0.6295741068180681,64.62259351280379,0.2719344611720337,-0.39909342670744613,0.00015748,0.3998943155561376,0.00081957,1,0.0
10590,0.004106157937998511,0.043516780294948314,-1.54e-06,2.0214205979719013,3.067752800365439,24.899277252736173,1.0052136313683062,4.610839905245192,0.12067054082980143,-1.204021154930454,-1.1573229341274334,-28.689734200660645,0.6295741068180681,-8.899579670419728,0.2719344611720337,-0.14145031276520845,0.00015748,0.14159509605162848,0.00081957,1,0.0
10591,-0.0002231838309316031,0.07384296678624182,-1.54e-06,2.0214205979719013,3.067752800365439,-17.741684677636552,1.0052136313683062,1.0770854787444741,0.12067054082980143,-35.32682853687354,-1.1573229341274334,47.030208511732276,0.6295741068180681,21.583800124664485,0.2719344611720337,0.02020711744591685,0.00015748,0.13308972233449884,0.00081957,0,0.0
10592,0.6067339687831681,0.18608885162882338,-1.54e-06,2.0214205979719013,3.067752800365439,85.08277623542541,1.0052136313683062,22.877676598566783,0.12067054082980143,-68.52566407432276,-1.1573229341274334,-31.883932064294545,0.6295741068180681,6.575040800644031,0.2719344611720337,0.3703082245464095,0.00015748,0.7655042575316082,0.00081957,0,0.0
10593,0.0006652297767679727,0.12104941304796846,-1.54e-06,2.0214205979719013,3.067752800365439,20.51328095362998,1.0052136313683062,6.232000872634019,0.12067054082980143,-36.514573010657955,-1.1573229341274334,24.098646496152263,0.6295741068180681,4.815952396614774,0.2719344611720337,0.16117200732700282,0.00015748,0.20976291051290225,0.00081957,0,0.0
10594,0.0017249989156835066,0.12685629359908576,-1.54e-06,2.0214205979719013,3.067752800365439,50.44692374378683,1.0052136313683062,6.77042040472016,0.12067054082980143,-0.11306107473801098,-1.1573229341274334,-31.48825108882644,0.6295741068180681,-22.903231087255694,0.2719344611720337,0.03715276094077574,0.00015748,0.2440352551832244,0.00081957,0,0.0
10595,0.750648795875062,0.0899166329054447,-1.54e-06,2.0214205979719013,3.067752800365439,-41.1356165203362,1.0052136313683062,4.677591620965502,0.12067054082980143,-27.103934055960973,-1.1573229341274334,-24.27875334254973,0.6295741068180681,54.86122426404188,0.2719344611720337,-0.08866472574970338,0.00015748,0.08905434613116389,0.00081957,1,0.0
10596,0.0006346200148020231,0.17520313564125883,-1.54e-06,2.0214205979719013,3.067752800365439,50.28901671862473,1.0052136313683062,6.6099667321621896,0.12067054082980143,-36.0443131602282,-1.1573229341274334,52.01675769729144,0.6295741068180681,-15.531004360642916,0.2719344611720337,0.292053846603383,0.00015748,0.7369823846564088,0.00081957,0,0.0
10597,0.0007514934739836221,0.15430708506339205,-1.54e-06,2.0214205979719013,3.067752800365439,65.79726036968492,1.0052136313683062,7.062080608473503,0.12067054082980143,-13.082293045110962,-1.1573229341274334,11.415331888065419,0.6295741068180681,-30.393683242257854,0.2719344611720337,0.3058436150480434,0.00015748,0.5663308962745279,0.00081957,0,0.0
10598,0.654318538774621,0.09119255018986461,-1.54e-06,2.0214205979719013,3.067752800365439,-70.02712071453868,1.0052136313683062,-0.3709992223623053,0.12067054082980143,-34.482057635758736,-1.1573229341274334,21.949425820858863,0.6295741068180681,66.24664598117906,0.2719344611720337,-0.0684935613555099,0.00015748,0.06883016922720454,0.00081957,1,0.0
10599,0.2953678749579518,0.020577686255461893,-1.54e-06,2.0214205979719013,3.067752800365439,-5.525119517922465,1.0052136313683062,3.091377659414742,0.12067054082980143,-5.284909629502975,-1.1573229341274334,-23.870018568373986,0.6295741068180681,14.674447748252613,0.2719344611720337,-0.07288390906525338,0.00015748,0.07276291430603093,0.00081957,1,0.0
10600,0.0002808657852670371,0.04811566088524223,-1.54e-06,2.4578938558003998,3.4873681643987795,56.3977687908532,1.0052136313683062,7.149678056729195,0.12067054082980143,-12.15865114784283,-1.1573229341274334,-41.298885925400896,0.6295741068180681,-13.85694330039137,0.2719344611720337,-0.08012654011609123,0.00015748,0.13152248405891265,0.00081957,1,0.0
10601,0.42121616573657894,0.03378447999967449,-1.54e-06,2.4578938558003998,3.4873681643987795,-3.934729338303558,1.0052136313683062,6.725829714449467,0.12067054082980143,-17.872663603574438,-1.1573229341274334,-61.36266581276597,0.6295741068180681,32.23991093465524,0.2719344611720337,-0.10079554986280521,0.00015748,0.10145463527946565,0.00081957,1,0.0
10602,0.09046361118372855,0.0918325836850491,-1.54e-06,2.4578938558003998,3.4873681643987795,-41.510100367931244,1.0052136313683062,0.17381158193434215,0.12067054082980143,-76.34726153176344,-1.1573229341274334,69.91970649784636,0.6295741068180681,64.30402858487354,0.2719344611720337,-0.14383890126632307,0.00015748,0.15382421454345876,0.00081957,1,0.0
10603,0.005560215199138574,0.0029157434047362716,-1.54e-06,2.4578938558003998,3.4873681643987795,-24.999122942643222,1.0052136313683062,-1.4579078619300163,0.12067054082980143,-8.41935874274829,-1.1573229341274334,27.609089390287288,0.6295741068180681,12.166900407415543,0.2719344611720337,-0.03724591916961978,0.00015748,0.03723575396580538,0.00081957,1,0.0
10604,0.0001262899436522691,0.0691251040571476,-1.54e-06,2.4578938558003998,3.4873681643987795,51.05038827266999,1.0052136313683062,8.167741327455817,0.12067054082980143,-34.3595391432829,-1.1573229341274334,-13.765028402752264,0.6295741068180681,-2.1268543880578212,0.2719344611720337,-0.045175520049097584,0.00015748,0.1547524196470454,0.00081957,1,0.0
10605,0.005882776619947405,0.22471162919871115,-1.54e-06,2.4578938558003998,3.4873681643987795,100.0,1.0052136313683062,17.824369514676114,0.12067054082980143,-88.38373531879668,-1.1573229341274334,90.06630919410435,0.6295741068180681,-18.208291708875805,0.2719344611720337,0.2226481006133558,0.00015748,0.5744609201777005,0.00081957,0,0.0
10606,0.01239667031497077,0.012323323675260638,-1.54e-06,2.4578938558003998,3.4873681643987795,16.122861907084573,1.0052136313683062,4.648643545161592,0.12067054082980143,-22.574313502298512,-1.1573229341274334,-8.483226160540804,0.6295741068180681,6.336004899088519,0.2719344611720337,-0.07441559623517598,0.00015748,0.07466019312126311,0.00081957,1,0.0
10607,0.40844750031478916,0.0204502133463577,-1.54e-06,2.4578938558003998,3.4873681643987795,-51.62478465841693,1.0052136313683062,5.817110783127058,0.12067054082980143,-55.72496832728097,-1.1573229341274334,5.59382023941081,0.6295741068180681,65.60875885884374,0.2719344611720337,-0.06834945737376827,0.00015748,0.06864399594054502,0.00081957,1,0.0
10608,0.5526253299027346,0.049247823011481534,-1.54e-06,2.4578938558003998,3.4873681643987795,-14.498056471608919,1.0052136313683062,7.74648185095741,0.12067054082980143,-19.728235063507967,-1.1573229341274334,-73.3565132601155,0.6295741068180681,42.86595901978015,0.2719344611720337,-0.10702794917453215,0.00015748,0.10775983552483129,0.00081957,1,0.0
10609,0.0005042971419032538,0.12544513157399337,-1.54e-06,2.4578938558003998,3.4873681643987795,69.97601244003678,1.0052136313683062,11.463495572910663,0.12067054082980143,-67.4484869710697,-1.1573229341274334,36.986086522064525,0.6295741068180681,0.18316843577483138,0.2719344611720337,0.16344400472860127,0.00015748,0.22303509613902306,0.00081957,0,0.0
10610,0.27915642802529217,0.008361026806296532,-1.54e-06,2.4578938558003998,3.4873681643987795,-57.7421589825175,1.0052136313683062,4.603467571884652,0.12067054082980143,-62.21359566207621,-1.1573229341274334,36.748056001554126,0.6295741068180681,63.546468988877,0.2719344611720337,-0.046628769933563505,0.00015748,0.046766138814065314,0.00081957,1,0.0
10611,0.6228908897558623,0.2533626809895308,-1.54e-06,2.4578938558003998,3.4873681643987795,54.64191488677639,1.0052136313683062,16.404769500972286,0.12067054082980143,-82.54243944508467,-1.1573229341274334,-54.21823410120184,0.6295741068180681,52.01301528081064,0.2719344611720337,-0.02751544395115338,0.00015748,0.3655073971734982,0.00081957,1,0.0
10612,0.003307789942530892,0.1077117696405933,-1.54e-06,2.4578938558003998,3.4873681643987795,32.82182783490794,1.0052136313683062,9.240361166071748,0.12067054082980143,-81.584788358252,-1.1573229341274334,57.484223111854845,0.6295741068180681,24.49397634723815,0.2719344611720337,0.07060493685912328,0.00015748,0.19411666313907427,0.00081957,0,0.0
10613,0.1938370864398437,0.046992383897346474,-1.54e-06,2.4578938558003998,3.4873681643987795,-89.0518578569719,1.0052136313683062,-6.393731769793934,0.12067054082980143,-10.691525520992293,-1.1573229341274334,61.065488725500444,0.6295741068180681,44.78707103875699,0.2719344611720337,-0.12743587020062794,0.00015748,0.12749046553270235,0.00081957,1,0.0
10614,0.16836665651286897,0.08050353691461831,-1.54e-06,2.4578938558003998,3.4873681643987795,49.641343913667825,1.0052136313683062,11.788644727475031,0.12067054082980143,-37.94962199275671,-1.1573229341274334,-62.1587226034706,0.6295741068180681,11.537139243393774,0.2719344611720337,-0.1985044306546656,0.00015748,0.19947564413859198,0.00081957,1,0.0
10615,0.07397794442865424,0.16641483793072245,-1.54e-06,2.4578938558003998,3.4873681643987795,98.4850474666852,1.0052136313683062,18.225344979113412,0.12067054082980143,-69.50384217379106,-1.1573229341274334,-32.604140920198766,0.6295741068180681,-2.4129585963241467,0.2719344611720337,-0.06045127450869095,0.00015748,0.3109038563717822,0.00081957,1,0.0
10616,0.4292189871155548,0.043279512717446,-1.54e-06,2.4578938558003998,3.4873681643987795,-10.54849981548708,1.0052136313683062,8.402846099458946,0.12067054082980143,-40.433872701807935,-1.1573229341274334,-45.47509124751554,0.6295741068180681,46.43941977705232,0.2719344611720337,-0.12822465180854778,0.00015748,0.12937308707200404,0.00081957,1,0.0
10617,0.03441356806754725,0.031234249056755283,-1.54e-06,2.4578938558003998,3.4873681643987795,38.4585313912554,1.0052136313683062,7.170635435887763,0.12067054082980143,-20.675318855574037,-1.1573229341274334,-35.75613530152982,0.6295741068180681,-0.7418704433863601,0.2719344611720337,-0.12105455862484901,0.00015748,0.12110590077562464,0.00081957,1,0.0
10618,0.00011880230525812552,0.14127713140326362,-1.54e-06,2.4578938558003998,3.4873681643987795,25.18523357508237,1.0052136313683062,4.039931455452918,0.12067054082980143,-55.27684855270408,-1.1573229341274334,73.52304530571153,0.6295741068180681,11.772480138419885,0.2719344611720337,0.10211741668143146,0.00015748,0.2576579882787843,0.00081957,0,0.0
10619,0.06462625643201375,0.008379596610947535,-1.54e-06,2.4578938558003998,3.4873681643987795,-65.20479003014853,1.0052136313683062,5.264626859179169,0.12067054082980143,-95.99472779803506,-1.1573229341274334,96.45271999212294,0.6295741068180681,71.07971740510985,0.2719344611720337,-0.05343642641346045,0.00015748,0.05345318554296306,0.00081957,1,0.0
10620,0.3781588105228284,0.22059958701383403,-1.54e-06,2.4578938558003998,3.4873681643987795,-44.88855207807756,1.0052136313683062,-1.8710929404884145,0.12067054082980143,-59.929365792008824,-1.1573229341274334,36.75041051716287,0.6295741068180681,74.12302532353637,0.2719344611720337,-0.1544389743094554,0.00015748,0.2505902451802392,0.00081957,1,0.0
10621,0.7303047453090167,0.08139278317590531,-1.54e-06,2.4578938558003998,3.4873681643987795,-28.038948089366517,1.0052136313683062,9.696188766553128,0.12067054082980143,-33.18583863164818,-1.1573229341274334,-84.42532012643926,0.6295741068180681,63.75696006061249,0.2719344611720337,-0.13664960907680776,0.00015748,0.13651710779336831,0.00081957,1,0.0
10622,0.22682386739918697,0.00534264247979437,-1.54e-06,2.4578938558003998,3.4873681643987795,-81.87099699277059,1.0052136313683062,2.0324985827033863,0.12067054082980143,-67.99713271051895,-1.1573229341274334,72.68456547347888,0.6295741068180681,71.4340104803718,0.2719344611720337,-0.02594770744643211,0.00015748,0.025947721804041323,0.00081957,1,0.0
10623,0.3683233065747939,0.013955474249653618,-1.54e-06,2.4578938558003998,3.4873681643987795,-59.2946064920866,1.0052136313683062,2.866544114825863,0.12067054082980143,-40.60793685576967,-1.1573229341274334,13.328769515831882,0.6295741068180681,58.3350277960605,0.2719344611720337,-0.023736136390747647,0.00015748,0.02371251899778723,0.00081957,1,0.0
10624,0.02595399801246953,0.0037778580415790295,-1.54e-06,2.4578938558003998,3.4873681643987795,-29.740720649082487,1.0052136313683062,-1.052746149598219,0.12067054082980143,-11.614343757993893,-1.1573229341274334,29.77869778371281,0.6295741068180681,15.836529709977167,0.2719344611720337,-0.041536801872562416,0.00015748,0.041493559975345935,0.00081957,1,0.0
10625,0.5838219728804346,0.122190057166289,-1.54e-06,2.4578938558003998,3.4873681643987795,4.064856826179479,1.0052136313683062,16.331339332507035,0.12067054082980143,-66.75065404431905,-1.1573229341274334,-77.64287653507415,0.6295741068180681,60.43014461522081,0.2719344611720337,-0.23353739182283614,0.00015748,0.23435699758453885,0.00081957,1,0.0
10626,0.2889262561339532,0.033504068026956005,-1.54e-06,2.4578938558003998,3.4873681643987795,-21.290373742694452,1.0052136313683062,9.374683734342208,0.12067054082980143,-66.55942409131544,-1.1573229341274334,0.015488732312552794,0.6295741068180681,54.089732769837845,0.2719344611720337,-0.12727611048149307,0.00015748,0.12745431958278558,0.00081957,1,0.0
10627,0.20452138924017205,0.004371128255498303,-1.54e-06,2.4578938558003998,3.4873681643987795,-72.52329769231234,1.0052136313683062,1.8491986387209451,0.12067054082980143,-59.81981189511924,-1.1573229341274334,63.49202639424329,0.6295741068180681,63.173209966136234,0.2719344611720337,-0.024428278591219876,0.00015748,0.02442213345979366,0.00081957,1,0.0
10628,-5.7251111643896735e-05,0.15136474640534062,-1.54e-06,2.4578938558003998,3.4873681643987795,97.91838102047807,1.0052136313683062,12.256427989799489,0.12067054082980143,-73.14523884182175,-1.1573229341274334,61.31204118856883,0.6295741068180681,-12.090555413481724,0.2719344611720337,0.2597502934139086,0.00015748,0.3724217904527631,0.00081957,0,0.0
10629,0.00029959500334120204,0.0721661511554312,-1.54e-06,2.4578938558003998,3.4873681643987795,46.938128731096114,1.0052136313683062,8.540702990097365,0.12067054082980143,-41.07452849392214,-1.1573229341274334,-4.075473894208217,0.6295741068180681,1.8191143305219135,0.2719344611720337,-0.03184049849873015,0.00015748,0.15576487487531138,0.00081957,1,0.0
10630,0.0011321000227396405,0.011401613187484304,-1.54e-06,2.4578938558003998,3.4873681643987795,-36.19138260129535,1.0052136313683062,-1.6444775649974706,0.12067054082980143,-31.553004588832206,-1.1573229341274334,54.058169241863496,0.6295741068180681,29.271136769528933,0.2719344611720337,-0.03168393578672237,0.00015748,0.04065549692827076,0.00081957,1,0.0
10631,0.44578061376585065,0.023045508741729476,-1.54e-06,2.4578938558003998,3.4873681643987795,-44.610401706609494,1.0052136313683062,3.9462718822613967,0.12067054082980143,-29.621009234453965,-1.1573229341274334,-19.584380115835646,0.6295741068180681,52.54893849282076,0.2719344611720337,-0.04412287362764423,0.00015748,0.04403460809720589,0.00081957,1,0.0
10632,0.01997771437015683,0.0440656076120716,-1.54e-06,2.4578938558003998,3.4873681643987795,7.00987061222722,1.0052136313683062,9.151617247505323,0.12067054082980143,-68.90340945547426,-1.1573229341274334,19.936082825664666,0.6295741068180681,32.47978228836938,0.2719344611720337,-0.13847415413336883,0.00015748,0.13858980048545622,0.00081957,1,0.0
10633,0.05212591402438957,0.0002878684209231889,-1.54e-06,2.4578938558003998,3.4873681643987795,-11.693921760630571,1.0052136313683062,0.6016115749514576,0.12067054082980143,-11.33470956669024,-1.1573229341274334,7.844340685071147,0.6295741068180681,12.236168564701696,0.2719344611720337,-0.005677715472252141,0.00015748,0.005688569219954227,0.00081957,1,0.0
10634,0.6931368536963676,0.0681878339910506,-1.54e-06,2.4578938558003998,3.4873681643987795,-88.76589537932955,1.0052136313683062,1.2212696154720823,0.12067054082980143,-18.81521294334933,-1.1573229341274334,-23.59113082694962,0.6295741068180681,73.95397068411096,0.2719344611720337,-0.03122572186485044,0.00015748,0.031140664632355083,0.00081957,1,0.0
10635,0.771121540029179,0.27151585248250754,-1.54e-06,2.4578938558003998,3.4873681643987795,-5.606122555495994,1.0052136313683062,24.83071920428082,0.12067054082980143,-91.41329664115526,-1.1573229341274334,-90.96962975962137,0.6295741068180681,76.77733889636747,0.2719344611720337,-0.2987936347620142,0.00015748,0.32874849480629403,0.00081957,1,0.0
10636,0.24817417096259498,0.06642233299518079,-1.54e-06,2.4578938558003998,3.4873681643987795,19.94675419737435,1.0052136313683062,11.668347389356384,0.12067054082980143,-54.38455875832159,-1.1573229341274334,-39.060317494012445,0.6295741068180681,33.0065270911012,0.2719344611720337,-0.17988692404737738,0.00015748,0.18175315614781662,0.00081957,1,0.0
10637,0.07173290595389636,0.05423258760459155,-1.54e-06,2.4578938558003998,3.4873681643987795,64.16828003632986,1.0052136313683062,8.910277587920485,0.12067054082980143,-9.477937849029148,-1.1573229341274334,-72.55148472359312,0.6295741068180681,-12.32684308303879,0.2719344611720337,-0.16014424418762002,0.00015748,0.16157864333773114,0.00081957,1,0.0
10638,0.2571177291006186,0.2457438609501534,-1.54e-06,2.4578938558003998,3.4873681643987795,15.769281319020907,1.0052136313683062,21.732510240506247,0.12067054082980143,-79.01886433525839,-1.1573229341274334,-37.407791878441174,0.6295741068180681,34.268107236840805,0.2719344611720337,-0.3002469072934842,0.00015748,0.29995080839269145,0.00081957,1,0.0
10639,0.05780288834282127,0.038485897453579485,-1.54e-06,2.4578938558003998,3.4873681643987795,-87.81761124866256,1.0052136313683062,-6.386426779293807,0.12067054082980143,-23.39928679113937,-1.1573229341274334,89.076425522906,0.6295741068180681,43.43207453121981,0.2719344611720337,-0.1280744648756842,0.00015748,0.12784370523476168,0.00081957,1,0.0
10640,0.22907882051844708,0.03861367090671322,-1.54e-06,2.4578938558003998,3.4873681643987795,34.56858364001676,1.0052136313683062,8.21675675993932,0.12067054082980143,-13.037080324625162,-1.1573229341274334,-69.11582545687263,0.6295741068180681,6.977742780467988,0.2719344611720337,-0.13551894854206087,0.00015748,0.13590879642266712,0.00081957,1,0.0
10641,0.2198896043735718,0.07917431459092847,-1.54e-06,2.4578938558003998,3.4873681643987795,46.789960760569954,1.0052136313683062,12.251229854692554,0.12067054082980143,-35.10880420770719,-1.1573229341274334,-70.31063991986346,0.6295741068180681,12.968576085956093,0.2719344611720337,-0.19681554209648686,0.00015748,0.19756234337046716,0.00081957,1,0.0
10642,8.592025063958175e-05,0.07735761395630626,-1.54e-06,2.4578938558003998,3.4873681643987795,56.996744757409175,1.0052136313683062,7.600244222515879,0.12067054082980143,-24.25023953957342,-1.1573229341274334,-13.4853926228358,0.6295741068180681,-11.542642538932068,0.2719344611720337,0.02585774378035617,0.00015748,0.1416448262325145,0.00081957,0,0.0
10643,0.5264200292580978,0.03633849984630159,-1.54e-06,2.4578938558003998,3.4873681643987795,-59.567240696472815,1.0052136313683062,1.4532421133195395,0.12067054082980143,-15.767477853356278,-1.1573229341274334,-24.291726438993404,0.6295741068180681,55.17600793963176,0.2719344611720337,-0.004332555766551461,0.00015748,0.004819735549177332,0.00081957,1,0.0
10644,0.0566158394101165,0.026897264509914833,-1.54e-06,2.4578938558003998,3.4873681643987795,39.41378297728138,1.0052136313683062,5.458100844982353,0.12067054082980143,-10.780873786972538,-1.1573229341274334,-43.432132770388165,0.6295741068180681,-3.2026171132890937,0.2719344611720337,-0.11357742318035315,0.00015748,0.11432002138534066,0.00081957,1,0.0
10645,0.07566864503416626,0.21378716693955196,-1.54e-06,2.4578938558003998,3.4873681643987795,-58.90345631905145,1.0052136313683062,-9.35479911617381,0.12067054082980143,-41.454346361024825,-1.1573229341274334,81.65221965417514,0.6295741068180681,57.26223250662106,0.2719344611720337,-0.21620400023411038,0.00015748,0.2368305613852553,0.00081957,1,0.0
10646,0.2938635558539498,0.036324647096213046,-1.54e-06,2.4578938558003998,3.4873681643987795,4.55628258609198,1.0052136313683062,8.957531286832568,0.12067054082980143,-37.61993927681378,-1.1573229341274334,-39.87423903550791,0.6295741068180681,31.605463100709997,0.2719344611720337,-0.12994505779714624,0.00015748,0.130027081669669,0.00081957,1,0.0
10647,0.0006379626447861053,0.07712025173271483,-1.54e-06,2.4578938558003998,3.4873681643987795,37.80213830871502,1.0052136313683062,8.397557915744049,0.12067054082980143,-51.703592873025116,-1.1573229341274334,16.48867213829662,0.6295741068180681,9.219928844887715,0.2719344611720337,0.0045473140988734895,0.00015748,0.1524131638355996,0.00081957,0,0.0
10648,0.0007731408922193594,0.15148173656932704,-1.54e-06,2.4578938558003998,3.4873681643987795,83.84646711348249,1.0052136313683062,8.73742275849825,0.12067054082980143,-40.33829121094147,-1.1573229341274334,31.60294492922775,0.6295741068180681,-20.383479126981626,0.2719344611720337,0.1910157025073109,0.00015748,0.2984848391975554,0.00081957,0,0.0
10649,0.38417713647063073,0.02186415027976537,-1.54e-06,2.4578938558003998,3.4873681643987795,-16.648736282491683,1.0052136313683062,4.968978963898751,0.12067054082980143,-17.969805261022238,-1.1573229341274334,-42.257728020988544,0.6295741068180681,34.37127287051866,0.2719344611720337,-0.06869625480234065,0.00015748,0.0688340537343628,0.00081957,1,0.0
10650,0.9219567207140951,0.10482096142428439,-1.54e-06,2.4578938558003998,3.4873681643987795,-70.45768842791095,1.0052136313683062,7.120882627488285,0.12067054082980143,-30.39211981232765,-1.1573229341274334,-76.450467040161,0.6295741068180681,86.11843433787823,0.2719344611720337,-0.0816966898443952,0.00015748,0.08156255995090077,0.00081957,1,0.0
10651,0.0017272166157891178,0.10290452128347051,-1.54e-06,2.4578938558003998,3.4873681643987795,46.27965480887803,1.0052136313683062,11.777413945441193,0.12067054082980143,-75.05414294509092,-1.1573229341274334,28.149770210313253,0.6295741068180681,16.18504277524185,0.2719344611720337,0.003939566451471005,0.00015748,0.20488986264586653,0.00081957,0,0.0
10652,0.4683652389672053,0.026917904426240175,-1.54e-06,2.4578938558003998,3.4873681643987795,-40.500916814216744,1.0052136313683062,2.996308335001766,0.12067054082980143,-17.19824990155944,-1.1573229341274334,-32.847392204761775,0.6295741068180681,46.673304051900814,0.2719344611720337,-0.034694800167814635,0.00015748,0.03456746737773585,0.00081957,1,0.0
10653,0.17259899148584168,0.06316222270890101,-1.54e-06,2.4578938558003998,3.4873681643987795,63.80702692874901,1.0052136313683062,9.729317044962393,0.12067054082980143,-7.574893431304417,-1.1573229341274334,-90.63115455924608,0.6295741068180681,-7.547329574833654,0.2719344611720337,-0.17667958281088192,0.00015748,0.17687780280733312,0.00081957,1,0.0
10654,0.3276578605622362,0.08703252009202811,-1.54e-06,2.4578938558003998,3.4873681643987795,-2.097662055450714,1.0052136313683062,14.088645480431754,0.12067054082980143,-86.82076544123926,-1.1573229341274334,-16.508988114281955,0.6295741068180681,60.17409750181139,0.2719344611720337,-0.20697727756891068,0.00015748,0.20838270368286058,0.00081957,1,0.0
10655,0.35029821036587505,0.05947933905531967,-1.54e-06,2.4578938558003998,3.4873681643987795,-51.194440784404705,1.0052136313683062,3.436296579596748,0.12067054082980143,-8.344028257446269,-1.1573229341274334,-11.43730546228494,0.6295741068180681,32.62655625915972,0.2719344611720337,-0.11816206751012469,0.00015748,0.11924374320520299,0.00081957,1,0.0
10656,0.4355399602102822,0.03373359644500499,-1.54e-06,2.4578938558003998,3.4873681643987795,-59.01257308900556,1.0052136313683062,9.464164044270731,0.12067054082980143,-87.28966165798099,-1.1573229341274334,21.569899831007685,0.6295741068180681,84.22459035563423,0.2719344611720337,-0.11562602533922473,0.00015748,0.1154340555458111,0.00081957,1,0.0
10657,0.6468836356200982,0.06900128846737098,-1.54e-06,2.4578938558003998,3.4873681643987795,-49.153169915803105,1.0052136313683062,11.667376088587936,0.12067054082980143,-73.78498912416856,-1.1573229341274334,-31.374636358467633,0.6295741068180681,85.24389823603642,0.2719344611720337,-0.1504937933205257,0.00015748,0.1505859136634905,0.00081957,1,0.0
10658,0.22807754241742217,0.005397539343531389,-1.54e-06,2.4578938558003998,3.4873681643987795,-39.246874249265055,1.0052136313683062,2.2903227887946453,0.12067054082980143,-30.543451892214662,-1.1573229341274334,12.926770998043763,0.6295741068180681,39.33027594009261,0.2719344611720337,-0.021331221433814006,0.00015748,0.021177095589296157,0.00081957,1,0.0
10659,0.5280429046995153,0.03483920627154835,-1.54e-06,2.4578938558003998,3.4873681643987795,-90.78914222052221,1.0052136313683062,1.7105245895632857,0.12067054082980143,-42.88412659691417,-1.1573229341274334,18.07902081712127,0.6295741068180681,77.93215005213065,0.2719344611720337,-0.02625877437224144,0.00015748,0.026186081739319075,0.00081957,1,0.0
10660,-0.000770083548957079,0.21340670877062212,-1.54e-06,2.4578938558003998,3.4873681643987795,-35.325228310563595,1.0052136313683062,3.8188389138797296,0.12067054082980143,-31.16387205933084,-1.1573229341274334,77.89822889539428,0.6295741068180681,11.568468980414398,0.2719344611720337,-0.12886199924473712,0.00015748,0.3158717158393067,0.00081957,1,0.0
10661,0.35956782593163883,0.18504742844293653,-1.54e-06,2.4578938558003998,3.4873681643987795,10.698094325311526,1.0052136313683062,19.222011496006395,0.12067054082980143,-63.30594572823029,-1.1573229341274334,-53.782736730691255,0.6295741068180681,35.57902893551835,0.2719344611720337,-0.25613658031945746,0.00015748,0.2627298443714953,0.00081957,1,0.0
10662,0.002640962590070406,0.4186304182089272,-1.54e-06,2.4578938558003998,3.4873681643987795,15.538552212144811,1.0052136313683062,16.499026258440278,0.12067054082980143,-20.535080860472437,-1.1573229341274334,-25.5203384211555,0.6295741068180681,-15.875151796115455,0.2719344611720337,-0.3464466031676167,0.00015748,0.3486955954077912,0.00081957,1,0.0
10663,0.005100468479514397,0.6792914158108322,-1.54e-06,2.4578938558003998,3.4873681643987795,100.0,1.0052136313683062,32.9927421678712,0.12067054082980143,-82.573912728687,-1.1573229341274334,-74.88452034979926,0.6295741068180681,-14.70389989541162,0.2719344611720337,-0.4377645982711451,0.00015748,0.48642193449176396,0.00081957,1,0.0
10664,0.0009256171659733914,0.10139170724802823,-1.54e-06,2.4578938558003998,3.4873681643987795,45.23402404557785,1.0052136313683062,12.12748973885791,0.12067054082980143,-75.5358261652001,-1.1573229341274334,21.99817662601269,0.6295741068180681,17.67655478741638,0.2719344611720337,-0.03587384638078274,0.00015748,0.20723956505477192,0.00081957,1,0.0
10665,0.22889864761309614,0.07229413667687351,-1.54e-06,2.4578938558003998,3.4873681643987795,1.8837297926252117,1.0052136313683062,11.383711534909773,0.12067054082980143,-79.59246920979623,-1.1573229341274334,-4.138549029982549,0.6295741068180681,51.832991638231924,0.2719344611720337,-0.18197659587055282,0.00015748,0.1871150621032266,0.00081957,1,0.0
10666,0.6542945111119487,0.9118632015221781,-1.54e-06,2.4578938558003998,3.4873681643987795,80.77838604337379,1.0052136313683062,-2.323446876715132,0.12067054082980143,-31.368671860366533,-1.1573229341274334,31.03067170412424,0.6295741068180681,19.365106425818333,0.2719344611720337,0.05360099386621642,0.00015748,0.9087101691896731,0.00081957,0,0.0
10667,0.5429493508567522,0.06680810806229223,-1.54e-06,2.4578938558003998,3.4873681643987795,-3.160472281480534,1.0052136313683062,10.407074153224045,0.12067054082980143,-36.02223037762104,-1.1573229341274334,-75.36841549455072,0.6295741068180681,47.32243982616121,0.2719344611720337,-0.15711710816431843,0.00015748,0.15745090577549634,0.00081957,1,0.0
10668,0.013560687538165805,0.022642235180304254,-1.54e-06,2.4578938558003998,3.4873681643987795,-3.701120733162663,1.0052136313683062,6.705233300782458,0.12067054082980143,-58.60907595747818,-1.1573229341274334,27.385327440917184,0.6295741068180681,30.522169112119677,0.2719344611720337,-0.09676677860223001,0.00015748,0.09753151383389966,0.00081957,1,0.0
10669,0.20698857936673917,0.02220961815116389,-1.54e-06,2.4578938558003998,3.4873681643987795,13.170460754981683,1.0052136313683062,6.542450905398701,0.12067054082980143,-21.409329864325652,-1.1573229341274334,-39.98133430180303,0.6295741068180681,16.969914938831803,0.2719344611720337,-0.10270650923086562,0.00015748,0.102762601564262,0.00081957,1,0.0
10670,0.0017101425794215919,0.11278850218450559,-1.54e-06,2.4578938558003998,3.4873681643987795,46.115100979426785,1.0052136313683062,12.252845645311126,0.12067054082980143,-86.28215266917884,-1.1573229341274334,47.28717090057665,0.6295741068180681,20.07878449469978,0.2719344611720337,0.060453904122789864,0.00015748,0.21730004471936157,0.00081957,0,0.0
10671,0.03326121200707671,0.011329730802314485,-1.54e-06,2.4578938558003998,3.4873681643987795,-72.90588228495193,1.0052136313683062,-2.6717117723504145,0.12067054082980143,-48.81117964644077,-1.1573229341274334,90.54954970741076,0.6295741068180681,50.77903954918726,0.2719344611720337,-0.057191473278014895,0.00015748,0.05712892457171999,0.00081957,1,0.0
10672,-0.00012656087196716292,0.121965808835759,-1.54e-06,2.4578938558003998,3.4873681643987795,-3.8943121420659614,1.0052136313683062,6.8932826030584025,0.12067054082980143,-54.203124130876574,-1.1573229341274334,67.64538946199747,0.6295741068180681,16.321965692159704,0.2719344611720337,0.0024284622592763566,0.00015748,0.22033290438629938,0.00081957,0,0.0
10673,0.13671105044805765,0.004867926032306761,-1.54e-06,2.4578938558003998,3.4873681643987795,-69.08506819006743,1.0052136313683062,4.521633015376722,0.12067054082980143,-86.13222604879641,-1.1573229341274334,83.45744637164732,0.6295741068180681,71.35346564802565,0.2719344611720337,-0.043083969543827226,0.00015748,0.04300921254971354,0.00081957,1,0.0
10674,0.31290933556441203,0.06875650600235444,-1.54e-06,2.4578938558003998,3.4873681643987795,-19.47897103014114,1.0052136313683062,7.359817770519331,0.12067054082980143,-73.2567243168572,-1.1573229341274334,2.9501226891803136,0.6295741068180681,63.39864278823015,0.2719344611720337,-0.16028394142034588,0.00015748,0.16552207430456103,0.00081957,1,0.0
10675,0.3770749052349228,0.19986751064777142,-1.54e-06,2.4578938558003998,3.4873681643987795,65.04702559299754,1.0052136313683062,19.532265645574025,0.12067054082980143,-99.95735274974983,-1.1573229341274334,-27.548108596444287,0.6295741068180681,41.452838296954354,0.2719344611720337,-0.06172303115750022,0.00015748,0.35126050492957195,0.00081957,1,0.0
10676,0.5359489427022563,0.047840424200627854,-1.54e-06,2.4578938558003998,3.4873681643987795,-39.34070860399739,1.0052136313683062,9.25933670762242,0.12067054082980143,-60.15943837923927,-1.1573229341274334,-27.016404084273407,0.6295741068180681,70.42312407865184,0.2719344611720337,-0.12391711986110172,0.00015748,0.12465231166997655,0.00081957,1,0.0
10677,0.01636374120259068,0.0013849672768532562,-1.54e-06,2.4578938558003998,3.4873681643987795,-40.060421775680524,1.0052136313683062,1.6346316739720477,0.12067054082980143,-48.476103136122624,-1.1573229341274334,58.83139520211473,0.6295741068180681,37.42694989279426,0.2719344611720337,-0.014632393769866331,0.00015748,0.014799780982924171,0.00081957,1,0.0
10678,0.10588331617798832,0.009025081350279074,-1.54e-06,2.4578938558003998,3.4873681643987795,-75.33283911707066,1.0052136313683062,-1.3867870838309864,0.12067054082980143,-46.48644042579996,-1.1573229341274334,77.92270278078725,0.6295741068180681,52.63042749661746,0.2719344611720337,-0.05649324972395819,0.00015748,0.05678347302986692,0.00081957,1,0.0
10679,0.7378630903152066,0.08399570706559269,-1.54e-06,2.4578938558003998,3.4873681643987795,-88.1269976007056,1.0052136313683062,0.3410653747952923,0.12067054082980143,-6.269453422452988,-1.1573229341274334,-37.52795524715107,0.6295741068180681,69.96713794849072,0.2719344611720337,-0.03941217284996371,0.00015748,0.03952655332705884,0.00081957,1,0.0
10680,0.5138616039081644,0.10030682560062153,-1.54e-06,2.4578938558003998,3.4873681643987795,1.9196518031787413,1.0052136313683062,14.685842615078498,0.12067054082980143,-66.13322926652963,-1.1573229341274334,-62.63311483705933,0.6295741068180681,57.935573329948745,0.2719344611720337,-0.2132986600658071,0.00015748,0.21505411431699772,0.00081957,1,0.0
10681,0.14879490856948036,0.014805946695080171,-1.54e-06,2.4578938558003998,3.4873681643987795,26.892507727488432,1.0052136313683062,4.733551479059523,0.12067054082980143,-1e-20,-1.1573229341274334,-52.95430328636649,0.6295741068180681,-0.9070942332914778,0.2719344611720337,-0.08242406519608042,0.00015748,0.08278208683691063,0.00081957,1,0.0
10682,0.141525958688631,0.035779792570884525,-1.54e-06,2.4578938558003998,3.4873681643987795,-28.25083525935818,1.0052136313683062,9.167756886154924,0.12067054082980143,-91.56637946622148,-1.1573229341274334,44.83749879865251,0.6295741068180681,61.849576516978296,0.2719344611720337,-0.12811345127434887,0.00015748,0.1289037053811362,0.00081957,1,0.0
10683,0.5636941221285774,0.30471846189062357,-1.54e-06,2.4578938558003998,3.4873681643987795,6.206257894824696,1.0052136313683062,8.638564804210473,0.12067054082980143,-100.0,-1.1573229341274334,37.99805333536562,0.6295741068180681,74.93082491377278,0.2719344611720337,0.05833959589375101,0.00015748,0.3854468304707964,0.00081957,0,0.0
10684,0.20359357941205947,0.11400048365035824,-1.54e-06,2.4578938558003998,3.4873681643987795,27.02695251245489,1.0052136313683062,14.896343667214332,0.12067054082980143,-82.14210118289046,-1.1573229341274334,-25.324050826807337,0.6295741068180681,42.336348168049135,0.2719344611720337,-0.23258120288119657,0.00015748,0.23654273466970513,0.00081957,1,0.0
10685,0.011257200320183958,0.028225373054955597,-1.54e-06,2.4578938558003998,3.4873681643987795,37.003401940107864,1.0052136313683062,7.070085593422148,0.12067054082980143,-19.55202056582105,-1.1573229341274334,-31.40779582752073,0.6295741068180681,-2.8517060129458014,0.2719344611720337,-0.11151491707177368,0.00015748,0.11191382708716517,0.00081957,1,0.0
10686,-0.0036560236251121925,0.9173919990289334,-1.54e-06,2.4578938558003998,3.4873681643987795,93.0429780620607,1.0052136313683062,21.87501877399737,0.12067054082980143,-54.69373315471869,-1.1573229341274334,95.15027780607774,0.6295741068180681,-54.037438471398055,0.2719344611720337,-0.03713541965729206,0.00015748,0.9693296662467376,0.00081957,1,0.0
10687,0.0007231378223427898,0.10864709541915214,-1.54e-06,2.4578938558003998,3.4873681643987795,52.86335845549444,1.0052136313683062,8.77543625566259,0.12067054082980143,-54.30338388792869,-1.1573229341274334,30.62100052280984,0.6295741068180681,2.0793577359743005,0.2719344611720337,0.12012440062653704,0.00015748,0.17629721245403127,0.00081957,0,0.0
10688,0.8240431774165061,0.08535223683807791,-1.54e-06,2.4578938558003998,3.4873681643987795,-65.03928569437937,1.0052136313683062,6.699062724939439,0.12067054082980143,-25.74979878044904,-1.1573229341274334,-68.0115188746258,0.6295741068180681,75.72292360381427,0.2719344611720337,-0.07265221003773291,0.00015748,0.07242004713208093,0.00081957,1,0.0
10689,0.0020843354181796503,0.06839251332785769,-1.54e-06,2.4578938558003998,3.4873681643987795,14.637127641549228,1.0052136313683062,8.217786047384454,0.12067054082980143,-72.812411265514,-1.1573229341274334,38.25291798886855,0.6295741068180681,30.03664594129063,0.2719344611720337,-0.05339614371543304,0.00015748,0.1513582453124241,0.00081957,1,0.0
10690,0.13576212569466595,0.058208678338947904,-1.54e-06,2.4578938558003998,3.4873681643987795,19.363820284627963,1.0052136313683062,11.077261773648209,0.12067054082980143,-59.149481822109614,-1.1573229341274334,-17.44809984166724,0.6295741068180681,29.220244442105688,0.2719344611720337,-0.16777442300677176,0.00015748,0.16820512523730008,0.00081957,1,0.0
10691,0.0009066038384242803,0.18568187103805492,-1.54e-06,2.4578938558003998,3.4873681643987795,85.66040060789034,1.0052136313683062,5.240584468806712,0.12067054082980143,-13.006003226519514,-1.1573229341274334,23.36032019067359,0.6295741068180681,-34.74453575678113,0.2719344611720337,0.14402795448650818,0.00015748,0.3724173048771502,0.00081957,0,0.0
10692,0.0006782848579573453,0.01923652590686017,-1.54e-06,2.4578938558003998,3.4873681643987795,39.839369463552885,1.0052136313683062,4.810580982244717,0.12067054082980143,-1.1232333680775493,-1.1573229341274334,-37.92083064782318,0.6295741068180681,-13.438138913841428,0.2719344611720337,-0.06950575182318153,0.00015748,0.08204886056152666,0.00081957,1,0.0
10693,0.6040226063496681,0.09565047180810905,-1.54e-06,2.4578938558003998,3.4873681643987795,-17.022190381871276,1.0052136313683062,8.763751826762597,0.12067054082980143,-50.73826416555877,-1.1573229341274334,-61.36059378352719,0.6295741068180681,66.60490402929312,0.2719344611720337,-0.1807845274491845,0.00015748,0.18216862531976374,0.00081957,1,0.0
10694,0.0009980134617525727,0.18538607829395104,-1.54e-06,2.4578938558003998,3.4873681643987795,28.90826737473269,1.0052136313683062,2.1813029113606626,0.12067054082980143,-40.3948535019418,-1.1573229341274334,77.61543381097728,0.6295741068180681,0.8883917862378168,0.2719344611720337,0.08250289617379714,0.00015748,0.3519019345270272,0.00081957,0,0.0
10695,0.6222411400328555,0.07658071417400518,-1.54e-06,2.4578938558003998,3.4873681643987795,-37.72144443346623,1.0052136313683062,12.697332000475761,0.12067054082980143,-74.17619042310335,-1.1573229341274334,-38.50022975549256,0.6295741068180681,80.38034228015286,0.2719344611720337,-0.16968269205688358,0.00015748,0.1696186384177848,0.00081957,1,0.0
10696,0.556865769882809,0.05724575972695117,-1.54e-06,2.4578938558003998,3.4873681643987795,-42.674357586458264,1.0052136313683062,11.005349556983647,0.12067054082980143,-73.16022043157072,-1.1573229341274334,-22.0932245958194,0.6295741068180681,78.43300336214871,0.2719344611720337,-0.1446991350641488,0.00015748,0.14519334072487047,0.00081957,1,0.0
10697,0.000939581762864794,0.13057691848860553,-1.54e-06,2.4578938558003998,3.4873681643987795,3.880843968959682,1.0052136313683062,3.780994570653875,0.12067054082980143,-61.02730637963219,-1.1573229341274334,87.9398923175077,0.6295741068180681,20.96981793854787,0.2719344611720337,0.08219895325158458,0.00015748,0.23788597245228568,0.00081957,0,0.0
10698,0.5261077751643198,0.05503523363335049,-1.54e-06,2.4578938558003998,3.4873681643987795,-31.90326512883478,1.0052136313683062,2.903541466144253,0.12067054082980143,-22.330474250356378,-1.1573229341274334,-45.51736733801925,0.6295741068180681,53.34278472334755,0.2719344611720337,-0.09868374248858511,0.00015748,0.09968548592747117,0.00081957,1,0.0
10699,0.9217123462015521,0.1312568307134257,-1.54e-06,2.4578938558003998,3.4873681643987795,-53.63086480156753,1.0052136313683062,14.4112666628037,0.12067054082980143,-71.68449428113573,-1.1573229341274334,-75.8526456831865,0.6295741068180681,99.84091122422292,0.2719344611720337,-0.18821437204688976,0.00015748,0.18879148924684022,0.00081957,1,0.0
10700,0.22244290960766622,0.07261139894024715,-1.54e-06,1.9316863821678012,3.010182037802922,-42.50015849946389,1.0052136313683062,7.886897305940963,0.12067054082980143,-87.92579540233066,-1.1573229341274334,57.17370755035131,0.6295741068180681,65.5007079675603,0.2719344611720337,-0.17619144357371644,0.00015748,0.18055250445497575,0.00081957,1,0.0
10701,0.07919680655429406,0.11046906796012657,-1.54e-06,1.9316863821678012,3.010182037802922,41.51844083911414,1.0052136313683062,9.903498324377054,0.12067054082980143,-44.763869764963026,-1.1573229341274334,29.043063275278293,0.6295741068180681,-2.682041731331226,0.2719344611720337,0.39278949894193477,0.00015748,0.4661104370034677,0.00081957,0,0.0
10702,1.2101138875667794,0.2670385449565754,-1.54e-06,1.9316863821678012,3.010182037802922,-40.32638410243347,1.0052136313683062,7.119536326862736,0.12067054082980143,-13.34518857721657,-1.1573229341274334,-69.68935021949838,0.6295741068180681,61.38365916476107,0.2719344611720337,-0.16264900990591372,0.00015748,0.16266391861628884,0.00081957,1,0.0
10703,0.9001652135874282,0.31520534224782265,-1.54e-06,1.9316863821678012,3.010182037802922,67.38324172674815,1.0052136313683062,23.171500727840485,0.12067054082980143,-57.93398750842352,-1.1573229341274334,-52.8439504273668,0.6295741068180681,16.340791021173438,0.2719344611720337,0.35423041295743796,0.00015748,0.8372061865574988,0.00081957,0,0.0
10704,0.42726277331308493,0.02785438086633841,-1.54e-06,1.9316863821678012,3.010182037802922,-42.28457006969153,1.0052136313683062,4.234240433644714,0.12067054082980143,-48.581604869799314,-1.1573229341274334,23.033684078175913,0.6295741068180681,53.106624140841745,0.2719344611720337,-0.07437230723226945,0.00015748,0.07450403133003691,0.00081957,1,0.0
10705,0.7649309013442361,0.2961420776814019,-1.54e-06,1.9316863821678012,3.010182037802922,-18.170442282079577,1.0052136313683062,12.905494417046173,0.12067054082980143,-56.230669436566494,-1.1573229341274334,-37.11311318404476,0.6295741068180681,59.2001946766335,0.2719344611720337,-0.3640550858640125,0.00015748,0.3659420382494988,0.00081957,1,0.0
10706,-0.0004667809916529819,0.12885895212649592,-1.54e-06,1.9316863821678012,3.010182037802922,53.42318010069223,1.0052136313683062,10.319396498121062,0.12067054082980143,-62.78423314866353,-1.1573229341274334,73.43029694463445,0.6295741068180681,-7.3799202623315185,0.2719344611720337,0.4634939277083888,0.00015748,0.9222116057337323,0.00081957,0,0.0
10707,1.1736376659255745,0.42350940722610225,-1.54e-06,1.9316863821678012,3.010182037802922,29.471146472292407,1.0052136313683062,23.303205201168183,0.12067054082980143,-85.76718975441088,-1.1573229341274334,-28.543165046322823,0.6295741068180681,53.664005640148865,0.2719344611720337,0.3636120899455817,0.00015748,0.7962910810999924,0.00081957,0,0.0
10708,0.025324108997173717,0.015217975108203486,-1.54e-06,1.9316863821678012,3.010182037802922,-53.40858367302308,1.0052136313683062,3.0528215422216567,0.12067054082980143,-81.07226266916598,-1.1573229341274334,87.47439274264462,0.6295741068180681,59.643936002729184,0.2719344611720337,-0.04777888624289201,0.00015748,0.04821073932950993,0.00081957,1,0.0
10709,0.6491007985343658,0.19763116821453297,-1.54e-06,1.9316863821678012,3.010182037802922,30.243895923980034,1.0052136313683062,17.537564638073587,0.12067054082980143,-74.89885488315434,-1.1573229341274334,8.224247574522238,0.6295741068180681,32.313414578110034,0.2719344611720337,0.41388648861733546,0.00015748,0.6086546139328071,0.00081957,0,0.0
10710,0.24046982782244553,0.00812777339820208,-1.54e-06,1.9316863821678012,3.010182037802922,-34.01295522751147,1.0052136313683062,2.390442487031473,0.12067054082980143,-39.178528925662214,-1.1573229341274334,28.97735291648942,0.6295741068180681,39.33381060651468,0.2719344611720337,-0.036825873829829575,0.00015748,0.03702990055667896,0.00081957,1,0.0
10711,0.9729877454125007,0.17726112300449146,-1.54e-06,1.9316863821678012,3.010182037802922,-30.74919562172593,1.0052136313683062,5.862615360473802,0.12067054082980143,-11.54091979655758,-1.1573229341274334,-57.49845024360145,0.6295741068180681,49.48617698886721,0.2719344611720337,-0.14487432281618276,0.00015748,0.14522930905857825,0.00081957,1,0.0
10712,0.0015555770421842308,0.042745326552307984,-1.54e-06,1.9316863821678012,3.010182037802922,82.85129347282343,1.0052136313683062,17.902871360458555,0.12067054082980143,-80.39962780813893,-1.1573229341274334,34.28786783090776,0.6295741068180681,-6.746601625672712,0.2719344611720337,0.45612846915572447,0.00015748,0.8061501449040188,0.00081957,0,0.0
10713,0.5847273330853251,0.2973603225750145,-1.54e-06,1.9316863821678012,3.010182037802922,38.571475273828725,1.0052136313683062,14.394775820923451,0.12067054082980143,-31.853623125984686,-1.1573229341274334,-43.94631055671419,0.6295741068180681,11.717941131126196,0.2719344611720337,0.10669522158851072,0.00015748,0.5029378418865998,0.00081957,0,0.0
10714,1.5215807008761457,0.40349171730038835,-1.54e-06,1.9316863821678012,3.010182037802922,-72.32262454673186,1.0052136313683062,5.007332034468292,0.12067054082980143,-18.562919897495142,-1.1573229341274334,-60.77606870858475,0.6295741068180681,86.53430992670087,0.2719344611720337,-0.07099462238970693,0.00015748,0.07235188979610117,0.00081957,1,0.0
10715,0.0016676574241626663,0.042782326144723534,-1.54e-06,1.9316863821678012,3.010182037802922,-7.43001843045957,1.0052136313683062,1.4632253832823716,0.12067054082980143,-21.126983087855006,-1.1573229341274334,23.19227672306379,0.6295741068180681,11.60574699874074,0.2719344611720337,0.026934332932923386,0.00015748,0.06532787145608032,0.00081957,0,0.0
10716,0.00046482505138878416,0.06308960274392439,-1.54e-06,1.9316863821678012,3.010182037802922,91.2338851863622,1.0052136313683062,17.586741312093583,0.12067054082980143,-65.83008663142064,-1.1573229341274334,25.6944770861035,0.6295741068180681,-19.141898905410073,0.2719344611720337,0.5697331247564164,0.00015748,0.7734184957822567,0.00081957,0,0.0
10717,0.15567052286782596,0.018477510093660218,-1.54e-06,1.9316863821678012,3.010182037802922,-2.835646510849029,1.0052136313683062,3.520324238742166,0.12067054082980143,-14.482096018822325,-1.1573229341274334,-7.862506628453754,0.6295741068180681,12.823502846007093,0.2719344611720337,-0.09388212505435017,0.00015748,0.0941097841103441,0.00081957,1,0.0
10718,1.2349976333230885,0.5391959646916324,-1.54e-06,1.9316863821678012,3.010182037802922,19.6495132514346,1.0052136313683062,21.854386895216106,0.12067054082980143,-76.36480015000168,-1.1573229341274334,-43.107415271748664,0.6295741068180681,57.66354801923546,0.2719344611720337,0.22247982724472165,0.00015748,0.7332975742307579,0.00081957,0,0.0
10719,0.1430347560035521,0.04495532588038515,-1.54e-06,1.9316863821678012,3.010182037802922,73.60376166387977,1.0052136313683062,20.132886123127683,0.12067054082980143,-79.85254003914363,-1.1573229341274334,18.20447639566874,0.6295741068180681,0.5707715689234926,0.2719344611720337,0.37558291612944994,0.00015748,0.7542363433784756,0.00081957,0,0.0
10720,0.0016341721741633952,0.0827536618798822,-1.54e-06,1.9316863821678012,3.010182037802922,-19.074164443245603,1.0052136313683062,3.0053727509958885,0.12067054082980143,-50.65794229401683,-1.1573229341274334,55.65539455621281,0.6295741068180681,29.064832591378618,0.2719344611720337,0.07116802101595915,0.00015748,0.1256845968759716,0.00081957,0,0.0
10721,1.148807516919756,0.5308283088758232,-1.54e-06,1.9316863821678012,3.010182037802922,-11.023731142968302,1.0052136313683062,14.185724665707514,0.12067054082980143,-63.44097661210639,-1.1573229341274334,-38.76543933717164,0.6295741068180681,68.85876857667093,0.2719344611720337,-0.03053447720187935,0.00015748,0.5260355405328274,0.00081957,1,0.0
10722,0.28149985469962335,0.05490142271665076,-1.54e-06,1.9316863821678012,3.010182037802922,-34.552615148158004,1.0052136313683062,-2.444220256402786,0.12067054082980143,-5.785361888687636,-1.1573229341274334,14.807508293904837,0.6295741068180681,24.955910567590557,0.2719344611720337,-0.12198030247177498,0.00015748,0.12241747294466994,0.00081957,1,0.0
10723,0.24472995195184888,0.1268164518227713,-1.54e-06,1.9316863821678012,3.010182037802922,-63.45938484170364,1.0052136313683062,-5.663428176768734,0.12067054082980143,-35.50574931058163,-1.1573229341274334,64.57439291453828,0.6295741068180681,51.685810789515116,0.2719344611720337,-0.19437618198737597,0.00015748,0.1943108275918313,0.00081957,1,0.0
10724,0.5427673170185912,0.18001799147960573,-1.54e-06,1.9316863821678012,3.010182037802922,11.301822652960212,1.0052136313683062,9.425032954866527,0.12067054082980143,-9.067130288857767,-1.1573229341274334,-65.8699767993519,0.6295741068180681,17.380872140725856,0.2719344611720337,-0.281877703364856,0.00015748,0.28191960803261046,0.00081957,1,0.0
10725,0.221920589496791,0.008771444317160867,-1.54e-06,1.9316863821678012,3.010182037802922,-24.182658298738982,1.0052136313683062,2.200212540091533,0.12067054082980143,-30.026702902497455,-1.1573229341274334,16.466581258651505,0.6295741068180681,31.144341940306948,0.2719344611720337,-0.0416931922261017,0.00015748,0.041902171127310164,0.00081957,1,0.0
10726,0.41346374638808187,0.025222836783963736,-1.54e-06,1.9316863821678012,3.010182037802922,-34.75185251495853,1.0052136313683062,3.2099201238071076,0.12067054082980143,-34.272092287234116,-1.1573229341274334,10.867420083784538,0.6295741068180681,43.0410827850911,0.2719344611720337,-0.05416432002416842,0.00015748,0.054461801547625185,0.00081957,1,0.0
10727,0.0016476596066637983,0.09593058431297524,-1.54e-06,1.9316863821678012,3.010182037802922,68.40262347313472,1.0052136313683062,7.709579391490086,0.12067054082980143,-15.58345245285639,-1.1573229341274334,15.942616426380624,0.6295741068180681,-32.0198037199158,0.2719344611720337,0.3843382082747703,0.00015748,0.7161896274285754,0.00081957,0,0.0
10728,0.7511564115214322,0.1201653784059426,-1.54e-06,1.9316863821678012,3.010182037802922,-22.057004199262476,1.0052136313683062,6.3228050991802,0.12067054082980143,-17.555609533762063,-1.1573229341274334,-43.72642482597281,0.6295741068180681,41.47558471684069,0.2719344611720337,-0.16101742790414575,0.00015748,0.1619178868725656,0.00081957,1,0.0
10729,0.45382779839993415,0.06411156586229302,-1.54e-06,1.9316863821678012,3.010182037802922,-42.0032185476166,1.0052136313683062,7.43826647593247,0.12067054082980143,-67.38394960522936,-1.1573229341274334,26.150465550015028,0.6295741068180681,62.845017529821284,0.2719344611720337,-0.16278334048618798,0.00015748,0.1641977619781671,0.00081957,1,0.0
10730,-0.003352912098471772,0.46495814865805357,-1.54e-06,1.9316863821678012,3.010182037802922,-48.8095841083232,1.0052136313683062,-4.356672331373082,0.12067054082980143,-17.661861038003906,-1.1573229341274334,77.66002654016965,0.6295741068180681,20.391209899302744,0.2719344611720337,-0.32593763564281386,0.00015748,0.5129017499459707,0.00081957,1,0.0
10731,-8.538786829520584e-05,0.16733805220278541,-1.54e-06,1.9316863821678012,3.010182037802922,40.755587049718116,1.0052136313683062,5.083935595224105,0.12067054082980143,-10.104665005444668,-1.1573229341274334,10.327720085690109,0.6295741068180681,-19.42409922326813,0.2719344611720337,0.23340456117198366,0.00015748,0.4323074324227512,0.00081957,0,0.0
10732,0.00021371309206941191,0.03763181806071599,-1.54e-06,1.9316863821678012,3.010182037802922,84.13233081365988,1.0052136313683062,15.806741687292815,0.12067054082980143,-57.86821097940621,-1.1573229341274334,14.712545134016498,0.6295741068180681,-16.90347157782415,0.2719344611720337,0.4136553074877917,0.00015748,0.7226779029533421,0.00081957,0,0.0
10733,0.690390501474991,0.3156638498013229,-1.54e-06,1.9316863821678012,3.010182037802922,-16.204135172437958,1.0052136313683062,5.606383042544327,0.12067054082980143,-42.99042082246586,-1.1573229341274334,-12.799679390740232,0.6295741068180681,50.974144118433884,0.2719344611720337,-0.10646719086682155,0.00015748,0.35044747465539705,0.00081957,1,0.0
10734,-0.00038078083785941796,0.39201779124156727,-1.54e-06,1.9316863821678012,3.010182037802922,73.92316901819932,1.0052136313683062,11.64495199637895,0.12067054082980143,-43.49242259633208,-1.1573229341274334,83.59952870845909,0.6295741068180681,-36.09099318832236,0.2719344611720337,0.4170146871691789,0.00015748,1.493886503371694,0.00081957,0,0.0
10735,0.00015141429445020282,0.08882375253310384,-1.54e-06,1.9316863821678012,3.010182037802922,82.53147968527469,1.0052136313683062,13.971382303994465,0.12067054082980143,-50.4980616520047,-1.1573229341274334,29.66031619804992,0.6295741068180681,-23.28282521669917,0.2719344611720337,0.5849651392406512,0.00015748,0.7417705805244033,0.00081957,0,0.0
10736,1.2286359203276112,0.30409488544564844,-1.54e-06,1.9316863821678012,3.010182037802922,-29.685766212339697,1.0052136313683062,8.490600607003472,0.12067054082980143,-8.959401240340055,-1.1573229341274334,-85.66309394834333,0.6295741068180681,55.99168766613296,0.2719344611720337,-0.21894054455465212,0.00015748,0.21887292350278426,0.00081957,1,0.0
10737,0.8957892983289661,0.3050329481178461,-1.54e-06,1.9316863821678012,3.010182037802922,68.2458443919121,1.0052136313683062,23.959242266600434,0.12067054082980143,-65.80425203481809,-1.1573229341274334,-47.92402148702863,0.6295741068180681,19.663844739061354,0.2719344611720337,0.3478449164809368,0.00015748,0.875495902098979,0.00081957,0,0.0
10738,1.1019506455026828,0.25455610390710337,-1.54e-06,1.9316863821678012,3.010182037802922,-34.814185629573814,1.0052136313683062,9.7317335968763,0.12067054082980143,-28.46927703193193,-1.1573229341274334,-60.85415817166016,0.6295741068180681,62.45647817412532,0.2719344611720337,-0.23503223347754493,0.00015748,0.23514199360389482,0.00081957,1,0.0
10739,0.0009605902341241479,0.1428230302972978,-1.54e-06,1.9316863821678012,3.010182037802922,65.84391433782292,1.0052136313683062,6.552887113620326,0.12067054082980143,-14.311365512236733,-1.1573229341274334,29.586889657147083,0.6295741068180681,-33.83388811454917,0.2719344611720337,0.34860968666450565,0.00015748,0.8847880766899074,0.00081957,0,0.0
10740,0.7288374908480761,1.453145151011872,-1.54e-06,1.9316863821678012,3.010182037802922,53.62082394592429,1.0052136313683062,33.538592484005186,0.12067054082980143,-73.82118803968794,-1.1573229341274334,-92.34821796256021,0.6295741068180681,25.502042855326195,0.2719344611720337,-0.5935177465685156,0.00015748,0.9271538390135555,0.00081957,1,0.0
10741,0.4826407577219315,0.1359526688326396,-1.54e-06,1.9316863821678012,3.010182037802922,42.976900484672555,1.0052136313683062,17.13924214437899,0.12067054082980143,-72.99740086370261,-1.1573229341274334,11.731950367420938,0.6295741068180681,21.555576864940306,0.2719344611720337,0.41129100195029605,0.00015748,0.635683631360767,0.00081957,0,0.0
10742,1.655008975180983,0.7420965588837671,-1.54e-06,1.9316863821678012,3.010182037802922,48.68999622308619,1.0052136313683062,31.972983532540667,0.12067054082980143,-96.08186160096862,-1.1573229341274334,-76.05193406778127,0.6295741068180681,63.70194331650828,0.2719344611720337,0.32277435272079497,0.00015748,1.0868295337587481,0.00081957,0,0.0
10743,1.5405920088476595,0.9384698009519776,-1.54e-06,1.9316863821678012,3.010182037802922,46.101358678123894,1.0052136313683062,14.894151231328498,0.12067054082980143,-28.501049102776346,-1.1573229341274334,-87.08266635687349,0.6295741068180681,37.501964329918515,0.2719344611720337,0.33047097917365503,0.00015748,0.9717262685476751,0.00081957,0,0.0
10744,0.590711753965693,0.13127703070923644,-1.54e-06,1.9316863821678012,3.010182037802922,-4.744099786554107,1.0052136313683062,7.674179513427602,0.12067054082980143,-17.00432361137603,-1.1573229341274334,-48.460811585511244,0.6295741068180681,29.51735061312896,0.2719344611720337,-0.2262973798542067,0.00015748,0.2262227405921627,0.00081957,1,0.0
10745,-0.0001473642208806858,0.07859772394426721,-1.54e-06,1.9316863821678012,3.010182037802922,56.08379909786584,1.0052136313683062,14.942975902792877,0.12067054082980143,-83.25037962176975,-1.1573229341274334,71.46402450189132,0.6295741068180681,1.2872097042319546,0.2719344611720337,0.5808610078824304,0.00015748,0.7486453223226756,0.00081957,0,0.0
10746,1.2790046757134654,0.5989748664416257,-1.54e-06,1.9316863821678012,3.010182037802922,30.87982457992673,1.0052136313683062,22.806444227409553,0.12067054082980143,-64.23503339421795,-1.1573229341274334,-64.99714669052396,0.6295741068180681,48.60313422913454,0.2719344611720337,0.1921793753984497,0.00015748,0.7661223359885143,0.00081957,0,0.0
10747,0.0033199837484612083,0.11856138840179861,-1.54e-06,1.9316863821678012,3.010182037802922,82.4808238746526,1.0052136313683062,20.95309402978645,0.12067054082980143,-58.392313331438736,-1.1573229341274334,15.305790450131337,0.6295741068180681,-23.85232358404106,0.2719344611720337,0.3952268200029709,0.00015748,0.7849439333314245,0.00081957,0,0.0
10748,0.001591838330941231,1.0833009938464557,-1.54e-06,1.9316863821678012,3.010182037802922,77.7315774410882,1.0052136313683062,22.797583784546966,0.12067054082980143,-7.7937268592742415,-1.1573229341274334,-59.12562190239426,0.6295741068180681,-45.50015089919147,0.2719344611720337,-0.2926717880661347,0.00015748,0.7780902032191179,0.00081957,1,0.0
10749,0.00013627835983059944,0.2663507787010187,-1.54e-06,1.9316863821678012,3.010182037802922,-30.999050045277457,1.0052136313683062,-4.13643152472164,0.12067054082980143,-30.22263115743716,-1.1573229341274334,73.03560258910996,0.6295741068180681,24.033339395321207,0.2719344611720337,-0.10840996955872051,0.00015748,0.40516886970139765,0.00081957,1,0.0
10750,1.3176775795272782,1.1664939636229366,-1.54e-06,1.9316863821678012,3.010182037802922,-67.35286784964809,1.0052136313683062,23.731643802159894,0.12067054082980143,-80.96243082223936,-1.1573229341274334,-35.63199669424033,0.6295741068180681,94.33885638993037,0.2719344611720337,-0.6283678192403516,0.00015748,0.6243033705978346,0.00081957,1,0.0
10751,0.23427460373422426,0.0165465097809142,-1.54e-06,1.9316863821678012,3.010182037802922,-72.14774714274625,1.0052136313683062,3.6058364989485856,0.12067054082980143,-93.66848071267998,-1.1573229341274334,92.92836096220451,0.6295741068180681,79.76396898553939,0.2719344611720337,-0.05348369636837321,0.00015748,0.05345883808376014,0.00081957,1,0.0
10752,0.001291247801881612,0.0434593923286514,-1.54e-06,1.9316863821678012,3.010182037802922,59.92497382034344,1.0052136313683062,12.084918169729143,0.12067054082980143,-48.37114760283455,-1.1573229341274334,28.15668667180459,0.6295741068180681,-12.267485137421023,0.2719344611720337,0.47635456343869653,0.00015748,0.5262596649609612,0.00081957,0,0.0
10753,0.0024586849417432832,0.07768483320719984,-1.54e-06,1.9316863821678012,3.010182037802922,-35.47639570501083,1.0052136313683062,6.733515669058197,0.12067054082980143,-88.97846341435593,-1.1573229341274334,77.53403684757353,0.6295741068180681,54.991022657455545,0.2719344611720337,-0.07801436793754925,0.00015748,0.1572733264915891,0.00081957,1,0.0
10754,0.4716530093875073,0.17349349827797422,-1.54e-06,1.9316863821678012,3.010182037802922,50.72120301251406,1.0052136313683062,16.641198727712137,0.12067054082980143,-88.27451161272509,-1.1573229341274334,23.84744186578893,0.6295741068180681,27.888495912026663,0.2719344611720337,0.3590042911453476,0.00015748,0.8367791208394338,0.00081957,0,0.0
10755,0.0022110519169868947,0.020894839377112444,-1.54e-06,1.9316863821678012,3.010182037802922,74.30700534735094,1.0052136313683062,19.495520410815704,0.12067054082980143,-85.5284351167115,-1.1573229341274334,32.94748595363675,0.6295741068180681,-1.1882004996588176,0.2719344611720337,0.37668504179254025,0.00015748,0.7450176096581846,0.00081957,0,0.0
10756,0.36135923803587117,0.02760608410830223,-1.54e-06,1.9316863821678012,3.010182037802922,-20.82794539173363,1.0052136313683062,3.890185517277043,0.12067054082980143,-25.62053996398991,-1.1573229341274334,-3.3908941678949382,0.6295741068180681,31.939598864410456,0.2719344611720337,-0.0881656068898191,0.00015748,0.08789597590538721,0.00081957,1,0.0
10757,0.8654853448575535,0.11632645363154333,-1.54e-06,1.9316863821678012,3.010182037802922,-62.705416784604076,1.0052136313683062,3.7386339206019836,0.12067054082980143,-42.40393362739603,-1.1573229341274334,1.5561990846852303,0.6295741068180681,72.68406852235844,0.2719344611720337,-0.046535420060963194,0.00015748,0.04705355006824082,0.00081957,1,0.0
10758,0.6440856911738533,0.23384449291679688,-1.54e-06,1.9316863821678012,3.010182037802922,65.76957054496272,1.0052136313683062,16.57629756078577,0.12067054082980143,-28.090566945476574,-1.1573229341274334,-47.15619407013755,0.6295741068180681,-3.800162791684907,0.2719344611720337,0.40828259884551155,0.00015748,0.6341094138798483,0.00081957,0,0.0
10759,0.4433444691617935,0.10827789333815424,-1.54e-06,1.9316863821678012,3.010182037802922,-51.22225156409148,1.0052136313683062,-3.4733670000377566,0.12067054082980143,-11.133007444910852,-1.1573229341274334,20.59777386606936,0.6295741068180681,39.74058888755303,0.2719344611720337,-0.1563565909602073,0.00015748,0.15712417359481365,0.00081957,1,0.0
10760,-0.0005726795701205267,0.3062638129357186,-1.54e-06,1.9316863821678012,3.010182037802922,88.05229660848565,1.0052136313683062,12.303927780453487,0.12067054082980143,-58.48224348580981,-1.1573229341274334,79.65469368554143,0.6295741068180681,-29.916525973790026,0.2719344611720337,0.601752887958757,0.00015748,1.365651327018037,0.00081957,0,0.0
10761,0.4358869359743873,0.03865830813250852,-1.54e-06,1.9316863821678012,3.010182037802922,-42.658589826575685,1.0052136313683062,5.400407603191884,0.12067054082980143,-57.56451654803635,-1.1573229341274334,25.67838375044959,0.6295741068180681,58.13777130222473,0.2719344611720337,-0.10976645825692363,0.00015748,0.10964693086641727,0.00081957,1,0.0
10762,0.05908615193278233,0.07559912632052705,-1.54e-06,1.9316863821678012,3.010182037802922,79.67936813395274,1.0052136313683062,11.013533777747972,0.12067054082980143,-13.505227905224586,-1.1573229341274334,-12.525861183295975,0.6295741068180681,-34.64261390629022,0.2719344611720337,0.4637046092985398,0.00015748,0.5404099022320732,0.00081957,0,0.0
10763,0.36026876898351456,0.12124463719308093,-1.54e-06,1.9316863821678012,3.010182037802922,66.99917143510304,1.0052136313683062,16.052183787905136,0.12067054082980143,-41.95610041608502,-1.1573229341274334,-15.95346498268773,0.6295741068180681,-6.896838782802485,0.2719344611720337,0.4187641803067022,0.00015748,0.6181419704184131,0.00081957,0,0.0
10764,0.4212385963407277,0.1268185520762094,-1.54e-06,1.9316863821678012,3.010182037802922,78.36501858700014,1.0052136313683062,20.516325162634633,0.12067054082980143,-56.74006970493105,-1.1573229341274334,-22.720449934164805,0.6295741068180681,-3.542118548208752,0.2719344611720337,0.37094305942427297,0.00015748,0.7653552838601964,0.00081957,0,0.0
10765,0.6283592207997265,0.07887641129303194,-1.54e-06,1.9316863821678012,3.010182037802922,-63.37174684480478,1.0052136313683062,8.189771555293596,0.12067054082980143,-85.3895713097314,-1.1573229341274334,39.71716204528057,0.6295741068180681,85.17060698449727,0.2719344611720337,-0.161182878134917,0.00015748,0.1611312818668364,0.00081957,1,0.0
10766,0.05694802035582425,0.060473246810372874,-1.54e-06,1.9316863821678012,3.010182037802922,50.29325805095434,1.0052136313683062,11.52200879408567,0.12067054082980143,-50.90232353973042,-1.1573229341274334,35.18348272768862,0.6295741068180681,-6.028368094838428,0.2719344611720337,0.45465937260755623,0.00015748,0.5542172487098284,0.00081957,0,0.0
10767,1.659624054448268,0.7452520434217215,-1.54e-06,1.9316863821678012,3.010182037802922,28.12161874545778,1.0052136313683062,28.96661347621262,0.12067054082980143,-95.19341303933,-1.1573229341274334,-62.685925586124156,0.6295741068180681,72.71594690569073,0.2719344611720337,0.3229375183832115,0.00015748,0.9622176637681563,0.00081957,0,0.0
10768,0.0006620100972380971,0.07008026728937,-1.54e-06,1.9316863821678012,3.010182037802922,-32.119457958630235,1.0052136313683062,0.5233277502672945,0.12067054082980143,-49.5934853265373,-1.1573229341274334,65.28319022040137,0.6295741068180681,34.87939296195407,0.2719344611720337,-0.006554905174209355,0.00015748,0.13098137842264057,0.00081957,1,0.0
10769,0.6910281164840245,0.10174961207736297,-1.54e-06,1.9316863821678012,3.010182037802922,-17.740656921071007,1.0052136313683062,5.818454454696779,0.12067054082980143,-10.934665436624586,-1.1573229341274334,-45.25566669343084,0.6295741068180681,34.25533947397535,0.2719344611720337,-0.14256590799150043,0.00015748,0.1434057044316695,0.00081957,1,0.0
10770,0.37144297105075796,0.13176763428156385,-1.54e-06,1.9316863821678012,3.010182037802922,1.160890964998993,1.0052136313683062,8.924522802351806,0.12067054082980143,-29.36953858431636,-1.1573229341274334,-29.861932398603177,0.6295741068180681,25.298610216137575,0.2719344611720337,-0.2531829929765085,0.00015748,0.25323417801140335,0.00081957,1,0.0
10771,0.03558431098231868,0.0867539407357463,-1.54e-06,1.9316863821678012,3.010182037802922,-47.59511545100661,1.0052136313683062,-5.0397680963438,0.12067054082980143,-36.236460948366414,-1.1573229341274334,67.20619189579455,0.6295741068180681,39.45697095040277,0.2719344611720337,-0.16110383978976853,0.00015748,0.1619926274046448,0.00081957,1,0.0
10772,0.11381027119133791,0.0520810212110964,-1.54e-06,1.9316863821678012,3.010182037802922,31.32436450813178,1.0052136313683062,13.261088939580869,0.12067054082980143,-81.7009239284341,-1.1573229341274334,61.58058592144887,0.6295741068180681,18.036496271833432,0.2719344611720337,0.4845702438113654,0.00015748,0.5168342127649396,0.00081957,0,0.0
10773,1.450880233416087,0.4115107408744084,-1.54e-06,1.9316863821678012,3.010182037802922,-51.41582339359514,1.0052136313683062,11.020934306129616,0.12067054082980143,-38.07903122642759,-1.1573229341274334,-72.41173174555713,0.6295741068180681,85.74417579879592,0.2719344611720337,-0.2719993968077641,0.00015748,0.2729898724742694,0.00081957,1,0.0
10774,1.0614498775748906,0.2044092946847046,-1.54e-06,1.9316863821678012,3.010182037802922,-75.05130851410237,1.0052136313683062,1.973338606809734,0.12067054082980143,-32.81197627636338,-1.1573229341274334,-6.519320778748113,0.6295741068180681,79.28260357456135,0.2719344611720337,-0.04354308586818696,0.00015748,0.04353602889426021,0.00081957,1,0.0
10775,0.0016958315670589919,0.040776552563607425,-1.54e-06,1.9316863821678012,3.010182037802922,30.78140738808436,1.0052136313683062,11.991245616939137,0.12067054082980143,-82.6419826797836,-1.1573229341274334,76.19007643764981,0.6295741068180681,14.642914240261222,0.2719344611720337,0.447430653149862,0.00015748,0.5815604179438829,0.00081957,0,0.0
10776,0.7168192898997532,0.07919082981985112,-1.54e-06,1.9316863821678012,3.010182037802922,-59.486650286656996,1.0052136313683062,2.820765427897492,0.12067054082980143,-43.175018922145775,-1.1573229341274334,13.029496480811376,0.6295741068180681,67.08563707353714,0.2719344611720337,-0.028099257634424002,0.00015748,0.02825214562649403,0.00081957,1,0.0
10777,0.05800638839186778,0.06994049491670143,-1.54e-06,1.9316863821678012,3.010182037802922,70.03672791842696,1.0052136313683062,11.00676646336567,0.12067054082980143,-25.78406538288532,-1.1573229341274334,3.1144677080700305,0.6295741068180681,-24.982898888220234,0.2719344611720337,0.45924291366389075,0.00015748,0.5438230614404997,0.00081957,0,0.0
10778,0.45377439870021696,0.15089164549106793,-1.54e-06,1.9316863821678012,3.010182037802922,8.48281151381208,1.0052136313683062,9.046774329442279,0.12067054082980143,-15.27282945835336,-1.1573229341274334,-51.48602454921909,0.6295741068180681,18.334099375651935,0.2719344611720337,-0.2623527699686425,0.00015748,0.2636546884309617,0.00081957,1,0.0
10779,0.008899329845368897,0.013611060274831915,-1.54e-06,1.9316863821678012,3.010182037802922,11.104536901457553,1.0052136313683062,2.3325889217556433,0.12067054082980143,-0.5832012223126608,-1.1573229341274334,-14.090929061865182,0.6295741068180681,-3.8030338596283175,0.2719344611720337,-0.07854355384111138,0.00015748,0.07921658342619041,0.00081957,1,0.0
10780,0.8852384649191681,0.12781560493168004,-1.54e-06,1.9316863821678012,3.010182037802922,-47.03145286230235,1.0052136313683062,5.024918259872925,0.12067054082980143,-29.28983733520095,-1.1573229341274334,-23.69228885255138,0.6295741068180681,60.8390461026222,0.2719344611720337,-0.093027444188521,0.00015748,0.09313184128647835,0.00081957,1,0.0
10781,-0.0005774072565846167,0.4894936312099329,-1.54e-06,1.9316863821678012,3.010182037802922,100.0,1.0052136313683062,8.732516208006729,0.12067054082980143,-8.40520176173118,-1.1573229341274334,54.03368417662216,0.6295741068180681,-62.64194015521445,0.2719344611720337,0.4394001732485734,0.00015748,1.6101915162191065,0.00081957,0,0.0
10782,0.4355974741652202,0.0900367189999521,-1.54e-06,1.9316863821678012,3.010182037802922,-88.53747567197605,1.0052136313683062,-1.3516855735124291,0.12067054082980143,-70.53748901799383,-1.1573229341274334,85.19584913842692,0.6295741068180681,82.15925446306505,0.2719344611720337,-0.1451945777576027,0.00015748,0.14462382795620743,0.00081957,1,0.0
10783,1.7882083349738576,0.8426022952659614,-1.54e-06,1.9316863821678012,3.010182037802922,42.776018741746256,1.0052136313683062,31.946041841004135,0.12067054082980143,-97.07716300399692,-1.1573229341274334,-81.1473105158489,0.6295741068180681,71.25986040281965,0.2719344611720337,0.32292794454795515,0.00015748,1.0935823878204076,0.00081957,0,0.0
10784,0.0015191104698641933,0.03923047693479665,-1.54e-06,1.9316863821678012,3.010182037802922,75.10267506732649,1.0052136313683062,14.825536992253458,0.12067054082980143,-60.58491500279787,-1.1573229341274334,24.31127172697013,0.6295741068180681,-11.990147962970152,0.2719344611720337,0.4341251430037797,0.00015748,0.6798395922789514,0.00081957,0,0.0
10785,4.6727492256537495e-05,0.05348933318868889,-1.54e-06,1.9316863821678012,3.010182037802922,8.643905765695576,1.0052136313683062,3.4021278684171694,0.12067054082980143,-17.02474459722566,-1.1573229341274334,2.568477536457083,0.6295741068180681,4.106390095951274,0.2719344611720337,-0.03972973994698181,0.00015748,0.1257106994405634,0.00081957,1,0.0
10786,0.04243140919823429,0.03359991044392326,-1.54e-06,1.9316863821678012,3.010182037802922,59.67637321878118,1.0052136313683062,16.001875626250552,0.12067054082980143,-71.1102564115596,-1.1573229341274334,33.70986564940514,0.6295741068180681,-0.5888016956139214,0.2719344611720337,0.42812808486147724,0.00015748,0.6018770632998656,0.00081957,0,0.0
10787,0.5299555588933172,0.13573129443954024,-1.54e-06,1.9316863821678012,3.010182037802922,21.548920153616084,1.0052136313683062,18.038018390980557,0.12067054082980143,-98.39898035989867,-1.1573229341274334,39.517353932832805,0.6295741068180681,43.03905844010699,0.2719344611720337,0.4172067964027073,0.00015748,0.6181924296786536,0.00081957,0,0.0
10788,0.00018343408016563423,0.0378431538844235,-1.54e-06,1.9316863821678012,3.010182037802922,90.57476376392886,1.0052136313683062,15.354990461404798,0.12067054082980143,-43.51065692809459,-1.1573229341274334,-1.2528108195323913,0.6295741068180681,-26.129496345958838,0.2719344611720337,0.39891763150875026,0.00015748,0.6978141927418567,0.00081957,0,0.0
10789,0.00024857839679648386,0.05103650160218458,-1.54e-06,1.9316863821678012,3.010182037802922,92.02210951474565,1.0052136313683062,15.959135261954215,0.12067054082980143,-49.63775691901719,-1.1573229341274334,8.117380754103582,0.6295741068180681,-25.24850785025784,0.2719344611720337,0.4804213285801623,0.00015748,0.7255214304409386,0.00081957,0,0.0
10790,0.49893989982240045,0.9028322686777905,-1.54e-06,1.9316863821678012,3.010182037802922,16.063371775266983,1.0052136313683062,13.919832277887036,0.12067054082980143,-24.363996915176312,-1.1573229341274334,10.488016323550383,0.6295741068180681,-0.5732866254700366,0.2719344611720337,-0.0038142095049947256,0.00015748,0.9449001562859867,0.00081957,1,0.0
10791,0.40519425787398256,0.21222558926729043,-1.54e-06,1.9316863821678012,3.010182037802922,23.561563549160006,1.0052136313683062,10.064322748229795,0.12067054082980143,-8.849096203715725,-1.1573229341274334,-66.46303663654875,0.6295741068180681,8.28469378874943,0.2719344611720337,-0.31892183726277806,0.00015748,0.32075175354980606,0.00081957,1,0.0
10792,0.7023532195570048,0.216201617984848,-1.54e-06,1.9316863821678012,3.010182037802922,72.22694345473764,1.0052136313683062,23.893605463699615,0.12067054082980143,-69.98870747646698,-1.1573229341274334,-33.11517477982477,0.6295741068180681,13.298987264271835,0.2719344611720337,0.35332650231572854,0.00015748,0.8595121816894513,0.00081957,0,0.0
10793,0.0005190262080412567,0.3351401558402567,-1.54e-06,1.9316863821678012,3.010182037802922,8.296856927317629,1.0052136313683062,1.751113140252919,0.12067054082980143,-41.2464261462433,-1.1573229341274334,79.3892323443538,0.6295741068180681,5.7751571704724975,0.2719344611720337,0.12882720643214834,0.00015748,0.7682671840485935,0.00081957,0,0.0
10794,0.3267907401979429,0.4104358582024,-1.54e-06,1.9316863821678012,3.010182037802922,49.207512703485484,1.0052136313683062,5.2394778344304855,0.12067054082980143,-59.868274423357626,-1.1573229341274334,57.99205724901868,0.6295741068180681,11.152197692631953,0.2719344611720337,0.31592962584620027,0.00015748,1.160544671249751,0.00081957,0,0.0
10795,0.8572455889791638,0.15721794951331672,-1.54e-06,1.9316863821678012,3.010182037802922,-67.21753893044925,1.0052136313683062,-0.09579735584706513,0.12067054082980143,-25.433059767935955,-1.1573229341274334,2.577818478899966,0.6295741068180681,66.44191517253783,0.2719344611720337,-0.07260453256249107,0.00015748,0.07234036892210145,0.00081957,1,0.0
10796,0.22241326271610995,0.06987123880524432,-1.54e-06,1.9316863821678012,3.010182037802922,97.17650970662585,1.0052136313683062,21.921315266899636,0.12067054082980143,-63.60341610615527,-1.1573229341274334,-16.11081357823004,0.6295741068180681,-14.122623263020198,0.2719344611720337,0.3528653653645291,0.00015748,0.8589153413266013,0.00081957,0,0.0
10797,0.4259410442743641,0.13923067750139204,-1.54e-06,1.9316863821678012,3.010182037802922,47.52327412264973,1.0052136313683062,14.81349190702382,0.12067054082980143,-52.531866397951575,-1.1573229341274334,1.809784238805341,0.6295741068180681,8.276336268013235,0.2719344611720337,0.4474169364500206,0.00015748,0.5598513363207038,0.00081957,0,0.0
10798,0.8248080303401486,0.21097011417237,-1.54e-06,1.9316863821678012,3.010182037802922,0.8702210091634945,1.0052136313683062,8.899856141681251,0.12067054082980143,-1e-20,-1.1573229341274334,-84.67175969596455,0.6295741068180681,26.422230914011887,0.2719344611720337,-0.2581987549361535,0.00015748,0.2582136685365449,0.00081957,1,0.0
10799,0.9487031535668808,0.18245701634653383,-1.54e-06,1.9316863821678012,3.010182037802922,-63.21698593739046,1.0052136313683062,0.39917107953793945,0.12067054082980143,-17.947343842279576,-1.1573229341274334,-13.909746561827438,0.6295741068180681,64.40638331882934,0.2719344611720337,-0.05062528746899664,0.00015748,0.049574642776244654,0.00081957,1,0.0
10800,0.06692281551722928,0.00030194712563864917,-1.54e-06,1.6678666942165532,5.531167055040017,-14.122348425892865,1.0052136313683062,3.3708261491377756,0.12067054082980143,-2.860907904292434,-1.1573229341274334,-63.93262367980617,0.6295741068180681,15.69918654962311,0.2719344611720337,-0.010434058038608994,0.00015748,0.010450194594039754,0.00081957,1,0.0
10801,0.00023157957901331905,0.07029990933400738,-1.54e-06,1.6678666942165532,5.531167055040017,85.04239868034942,1.0052136313683062,16.613066615855438,0.12067054082980143,-11.900135082845319,-1.1573229341274334,15.592869665383033,0.6295741068180681,-38.20649580533446,0.2719344611720337,0.04610749931559881,0.00015748,0.10779957903806069,0.00081957,0,0.0
10802,0.04780266419618841,0.005701285392086592,-1.54e-06,1.6678666942165532,5.531167055040017,-44.4392397504378,1.0052136313683062,15.263863281134055,0.12067054082980143,-89.01740803435122,-1.1573229341274334,-3.4648150450008233,0.6295741068180681,54.31915876987736,0.2719344611720337,-0.04900209143828686,0.00015748,0.04908618043398691,0.00081957,1,0.0
10803,0.000167776441377554,0.006692627811105266,-1.54e-06,1.6678666942165532,5.531167055040017,-8.597737863755405,1.0052136313683062,7.330790051446419,0.12067054082980143,-26.545292441391247,-1.1573229341274334,70.6962375293582,0.6295741068180681,3.690349596006927,0.2719344611720337,-0.02885757686521747,0.00015748,0.033260955957997544,0.00081957,1,0.0
10804,0.038578339600834254,0.00024099258757508693,-1.54e-06,1.6678666942165532,5.531167055040017,-44.68124742578208,1.0052136313683062,5.243593617105803,0.12067054082980143,-67.24799863095147,-1.1573229341274334,95.90197903375767,0.6295741068180681,40.899796899693186,0.2719344611720337,-0.009904297335019503,0.00015748,0.009919999732199312,0.00081957,1,0.0
10805,0.09250132405501577,0.0004660964014272493,-1.54e-06,1.6678666942165532,5.531167055040017,-29.567262075067703,1.0052136313683062,4.275236181304985,0.12067054082980143,-19.149671115039784,-1.1573229341274334,-45.69353906823326,0.6295741068180681,29.466596199774262,0.2719344611720337,-0.011246814874383358,0.00015748,0.011253545080234097,0.00081957,1,0.0
10806,0.18821710866937758,0.0023872357753788476,-1.54e-06,1.6678666942165532,5.531167055040017,-85.01894399416078,1.0052136313683062,12.841918968002311,0.12067054082980143,-87.91830288553952,-1.1573229341274334,-13.476455882448727,0.6295741068180681,83.33586159930739,0.2719344611720337,-0.030746395499685317,0.00015748,0.030755126330242084,0.00081957,1,0.0
10807,0.030268005946805246,0.002550895594533878,-1.54e-06,1.6678666942165532,5.531167055040017,-9.74821456088025,1.0052136313683062,3.6226536611654234,0.12067054082980143,-16.495894647158337,-1.1573229341274334,-73.22816097482446,0.6295741068180681,19.032519068964973,0.2719344611720337,-0.030738515169189386,0.00015748,0.03078379486918721,0.00081957,1,0.0
10808,0.07445520828072609,0.0003515535174464352,-1.54e-06,1.6678666942165532,5.531167055040017,-22.951679104668802,1.0052136313683062,4.307338006849284,0.12067054082980143,-15.78505245058973,-1.1573229341274334,-42.72337608880185,0.6295741068180681,23.439717730097037,0.2719344611720337,-0.01129750802752605,0.00015748,0.011311453268194693,0.00081957,1,0.0
10809,0.0005051830873008534,0.03981465115066578,-1.54e-06,1.6678666942165532,5.531167055040017,49.86601159982288,1.0052136313683062,14.198726846261694,0.12067054082980143,-3.6406655545063944,-1.1573229341274334,-37.89575910937322,0.6295741068180681,-23.61363965107628,0.2719344611720337,0.006824315673889317,0.00015748,0.06829639507468559,0.00081957,0,0.0
10810,0.06656531961494595,0.000587743467951524,-1.54e-06,1.6678666942165532,5.531167055040017,-40.76737283986596,1.0052136313683062,1.4789134330783449,0.12067054082980143,-39.74076008842127,-1.1573229341274334,69.6832205027456,0.6295741068180681,33.15779552836084,0.2719344611720337,-0.008350463390849421,0.00015748,0.008376628709904192,0.00081957,1,0.0
10811,0.0831760319701411,0.0003827530402797109,-1.54e-06,1.6678666942165532,5.531167055040017,-17.291204663856156,1.0052136313683062,3.263617145771403,0.12067054082980143,-0.9022652950815848,-1.1573229341274334,-74.42183149596521,0.6295741068180681,18.31679304345597,0.2719344611720337,-0.009820733806636478,0.00015748,0.009811607086488025,0.00081957,1,0.0
10812,0.19886083120646017,0.0033232926968379184,-1.54e-06,1.6678666942165532,5.531167055040017,-86.0548565091459,1.0052136313683062,3.399943551129714,0.12067054082980143,-61.54627940191151,-1.1573229341274334,47.48832113547499,0.6295741068180681,72.77951842365081,0.2719344611720337,-0.0089542495090418,0.00015748,0.008970449457704355,0.00081957,1,0.0
10813,0.12676683711226894,0.008473685367944295,-1.54e-06,1.6678666942165532,5.531167055040017,-64.95151134422376,1.0052136313683062,11.168464988379055,0.12067054082980143,-85.38536230418161,-1.1573229341274334,-65.8603065054545,0.6295741068180681,76.36110448092013,0.2719344611720337,-0.0559788060944629,0.00015748,0.0561060024603386,0.00081957,1,0.0
10814,0.00024508983567461673,0.0001651524500020352,-1.54e-06,1.6678666942165532,5.531167055040017,-19.028534014773587,1.0052136313683062,3.354902516456694,0.12067054082980143,-37.96188392376422,-1.1573229341274334,58.0753946767152,0.6295741068180681,18.295280729139424,0.2719344611720337,-0.007554202162402616,0.00015748,0.007569640082597413,0.00081957,1,0.0
10815,9.832349922367367e-05,0.06256299464896724,-1.54e-06,1.6678666942165532,5.531167055040017,31.732301950788372,1.0052136313683062,16.818870105990058,0.12067054082980143,-79.01407472186786,-1.1573229341274334,-4.148268625007482,0.6295741068180681,17.958286468818677,0.2719344611720337,-0.0221544652783219,0.00015748,0.13344372231691753,0.00081957,1,0.0
10816,0.1363299055193644,0.0563755843570895,-1.54e-06,1.6678666942165532,5.531167055040017,-14.444509427716579,1.0052136313683062,16.61180229214815,0.12067054082980143,-82.42507689754683,-1.1573229341274334,-77.49085452144276,0.6295741068180681,55.16457665099935,0.2719344611720337,-0.031957830769976145,0.00015748,0.12397916494509299,0.00081957,1,0.0
10817,0.110696003421313,0.001160202562122905,-1.54e-06,1.6678666942165532,5.531167055040017,-62.18355473954423,1.0052136313683062,9.72737409786622,0.12067054082980143,-76.26471482855248,-1.1573229341274334,28.103939659865226,0.6295741068180681,60.939265565746105,0.2719344611720337,-0.023096051880360825,0.00015748,0.023106785623658234,0.00081957,1,0.0
10818,0.1813322924239985,0.0016593621823203341,-1.54e-06,1.6678666942165532,5.531167055040017,-70.6233268072554,1.0052136313683062,6.74414535359974,0.12067054082980143,-52.46667856351117,-1.1573229341274334,-14.626019528253876,0.6295741068180681,64.18798097564091,0.2719344611720337,-0.011334263833223555,0.00015748,0.011326005630957215,0.00081957,1,0.0
10819,0.001383178449433295,0.06385896024054565,-1.54e-06,1.6678666942165532,5.531167055040017,38.40448395845048,1.0052136313683062,3.6735894373531432,0.12067054082980143,-40.11731397724596,-1.1573229341274334,18.31858713883662,0.6295741068180681,4.33058685386829,0.2719344611720337,-0.011622062729907429,0.00015748,0.12272784329013398,0.00081957,1,0.0
10820,0.13598316167710117,0.002508713712576456,-1.54e-06,1.6678666942165532,5.531167055040017,-70.4751584931871,1.0052136313683062,1.1111563200368577,0.12067054082980143,-57.16270787805753,-1.1573229341274334,93.5008443435492,0.6295741068180681,56.928343202882296,0.2719344611720337,-0.01445919072527646,0.00015748,0.014484664809801307,0.00081957,1,0.0
10821,0.011049128444600098,0.05508087635346214,-1.54e-06,1.6678666942165532,5.531167055040017,46.85481679324154,1.0052136313683062,2.6088974541982775,0.12067054082980143,-14.692670314716663,-1.1573229341274334,75.94739766026986,0.6295741068180681,-16.260930862440116,0.2719344611720337,0.03214601326293978,0.00015748,0.08417263418196112,0.00081957,0,0.0
10822,0.215763697474878,0.002331722037663841,-1.54e-06,1.6678666942165532,5.531167055040017,-64.54275595253428,1.0052136313683062,7.6962328606119765,0.12067054082980143,-29.742393336459035,-1.1573229341274334,-87.03937640700588,0.6295741068180681,59.224089080124465,0.2719344611720337,-0.014666655703149572,0.00015748,0.014694942424310886,0.00081957,1,0.0
10823,1.153075579933549e-05,0.0014577097089037492,-1.54e-06,1.6678666942165532,5.531167055040017,-21.727035934138776,1.0052136313683062,5.692911109358621,0.12067054082980143,-44.045903378122716,-1.1573229341274334,91.46110277214484,0.6295741068180681,17.04712835970567,0.2719344611720337,-0.019277420415844754,0.00015748,0.01945972346640591,0.00081957,1,0.0
10824,0.19503375200612239,0.002658472316678344,-1.54e-06,1.6678666942165532,5.531167055040017,-77.03594604601598,1.0052136313683062,12.743144439412577,0.12067054082980143,-72.42515571989867,-1.1573229341274334,-58.48774084796123,0.6295741068180681,77.39239660593839,0.2719344611720337,-0.03290251596392782,0.00015748,0.03289566625691458,0.00081957,1,0.0
10825,0.00019474098206509471,0.034436996830797165,-1.54e-06,1.6678666942165532,5.531167055040017,7.554854284213881,1.0052136313683062,16.02586217951325,0.12067054082980143,-70.59171247881373,-1.1573229341274334,83.11356039139507,0.6295741068180681,13.365519872315328,0.2719344611720337,-0.00106947858147452,0.00015748,0.06711080952612244,0.00081957,1,0.0
10826,0.03758327445850029,0.0040657884723548695,-1.54e-06,1.6678666942165532,5.531167055040017,-19.549116194785707,1.0052136313683062,10.16095155979781,0.12067054082980143,-42.8841310293826,-1.1573229341274334,-70.40838396802584,0.6295741068180681,31.161415883499323,0.2719344611720337,-0.0416854212885638,0.00015748,0.041746607166345956,0.00081957,1,0.0
10827,0.12153230607581492,0.0007606523831448151,-1.54e-06,1.6678666942165532,5.531167055040017,-29.880337237592478,1.0052136313683062,5.131243390701943,0.12067054082980143,-9.190989648006319,-1.1573229341274334,-88.76990776020875,0.6295741068180681,30.291309706820165,0.2719344611720337,-0.013536620292879512,0.00015748,0.013548364616991222,0.00081957,1,0.0
10828,0.24010253827291347,0.03785080517497195,-1.54e-06,1.6678666942165532,5.531167055040017,-73.95107433413627,1.0052136313683062,31.811249384737465,0.12067054082980143,-73.61950514685259,-1.1573229341274334,-73.29881983657147,0.6295741068180681,65.22703308488958,0.2719344611720337,-0.0920592786677532,0.00015748,0.09206088911215883,0.00081957,1,0.0
10829,0.00011166182621219489,0.03411086726883525,-1.54e-06,1.6678666942165532,5.531167055040017,6.768944287794721,1.0052136313683062,26.745113278441774,0.12067054082980143,-62.88015662191055,-1.1573229341274334,-48.68189139546964,0.6295741068180681,12.648961600989995,0.2719344611720337,-0.05926713789901569,0.00015748,0.08519347202748809,0.00081957,1,0.0
10830,3.8962536489800526e-06,0.038536632439700014,-1.54e-06,1.6678666942165532,5.531167055040017,40.37754010623331,1.0052136313683062,10.901911941338627,0.12067054082980143,-10.915529293177498,-1.1573229341274334,33.04496946330545,0.6295741068180681,-20.56487042721239,0.2719344611720337,0.01883327274941897,0.00015748,0.05709959001983546,0.00081957,0,0.0
10831,0.1866018692937897,0.008702382006813811,-1.54e-06,1.6678666942165532,5.531167055040017,-79.83370783346346,1.0052136313683062,-4.661764840460445,0.12067054082980143,-37.07205344962496,-1.1573229341274334,98.7388946840629,0.6295741068180681,58.44808466824283,0.2719344611720337,-0.034757883488840166,0.00015748,0.034933421901026884,0.00081957,1,0.0
10832,0.00020682879130295984,0.011231078374681874,-1.54e-06,1.6678666942165532,5.531167055040017,18.856975293858753,1.0052136313683062,12.076125842920243,0.12067054082980143,-0.8655944442002232,-1.1573229341274334,-77.98590481233197,0.6295741068180681,-9.031734020943574,0.2719344611720337,-0.029194829657838796,0.00015748,0.039644666310038705,0.00081957,1,0.0
10833,0.23474419892768156,0.002650257769882791,-1.54e-06,1.6678666942165532,5.531167055040017,-78.51991885093526,1.0052136313683062,9.491474537477563,0.12067054082980143,-49.83027325944875,-1.1573229341274334,-82.75408575869473,0.6295741068180681,74.55077475530446,0.2719344611720337,-0.020327366373854745,0.00015748,0.020340433484705142,0.00081957,1,0.0
10834,0.10251807668105248,0.0006948477337248417,-1.54e-06,1.6678666942165532,5.531167055040017,-68.56767310241088,1.0052136313683062,5.89406331224006,0.12067054082980143,-80.03146411835115,-1.1573229341274334,98.24958864331127,0.6295741068180681,60.89652257970761,0.2719344611720337,-0.009282027691753476,0.00015748,0.009344103897424596,0.00081957,1,0.0
10835,0.0008477369719851469,0.08871814075413988,-1.54e-06,1.6678666942165532,5.531167055040017,74.04563446528097,1.0052136313683062,30.10349443288569,0.12067054082980143,-83.70187307596994,-1.1573229341274334,17.85329771605323,0.6295741068180681,-7.680337817335143,0.2719344611720337,0.010881374481926998,0.00015748,0.16955823003610104,0.00081957,0,0.0
10836,0.1432075660210021,0.0197385743031252,-1.54e-06,1.6678666942165532,5.531167055040017,-61.5161964808201,1.0052136313683062,24.650686362743446,0.12067054082980143,-82.94107785548614,-1.1573229341274334,10.857048740164227,0.6295741068180681,55.45121930314279,0.2719344611720337,-0.06916138380585093,0.00015748,0.06915666450537086,0.00081957,1,0.0
10837,7.547951667311037e-05,0.0363164938371388,-1.54e-06,1.6678666942165532,5.531167055040017,30.046464858545168,1.0052136313683062,9.062358555282872,0.12067054082980143,-14.86030812371879,-1.1573229341274334,84.40046698276794,0.6295741068180681,-18.40435576454338,0.2719344611720337,0.010066548771641096,0.00015748,0.05772331120443175,0.00081957,0,0.0
10838,0.129742337988681,0.0009101978050087656,-1.54e-06,1.6678666942165532,5.531167055040017,-52.221878544680386,1.0052136313683062,6.854782188494441,0.12067054082980143,-45.766165611207406,-1.1573229341274334,-23.257208166449175,0.6295741068180681,50.41175956385948,0.2719344611720337,-0.015805011560592643,0.00015748,0.015803702833166122,0.00081957,1,0.0
10839,0.00017754927619081928,0.03059180595910343,-1.54e-06,1.6678666942165532,5.531167055040017,6.714019680304713,1.0052136313683062,20.013878792674607,0.12067054082980143,-64.36880233363235,-1.1573229341274334,21.823346882279562,0.6295741068180681,12.65589548553867,0.2719344611720337,-0.026286947644095796,0.00015748,0.07180888450687542,0.00081957,1,0.0
10840,0.18313920079309484,0.002828859878498505,-1.54e-06,1.6678666942165532,5.531167055040017,-61.66038379521939,1.0052136313683062,1.980799779175969,0.12067054082980143,-25.435089660304552,-1.1573229341274334,-16.462123802890247,0.6295741068180681,51.106067238383446,0.2719344611720337,-0.009248216597382742,0.00015748,0.009266671423602857,0.00081957,1,0.0
10841,0.04560354310217844,0.0034817189872662514,-1.54e-06,1.6678666942165532,5.531167055040017,-22.116849513880588,1.0052136313683062,11.930117389625396,0.12067054082980143,-44.85669114517447,-1.1573229341274334,-56.116948327704186,0.6295741068180681,30.79610591923285,0.2719344611720337,-0.037983362686331686,0.00015748,0.037999749611867674,0.00081957,1,0.0
10842,0.00046863598733319634,0.021662665026607127,-1.54e-06,1.6678666942165532,5.531167055040017,2.217867137511564,1.0052136313683062,7.1442579597977955,0.12067054082980143,-45.18093796380659,-1.1573229341274334,72.94326959883232,0.6295741068180681,10.338470914375762,0.2719344611720337,0.007748587502183046,0.00015748,0.03664115650670738,0.00081957,0,0.0
10843,0.18447698385035152,0.004282121068903528,-1.54e-06,1.6678666942165532,5.531167055040017,-63.37152361346842,1.0052136313683062,-0.47286202745273925,0.12067054082980143,-21.44378254639598,-1.1573229341274334,7.7091602300210855,0.6295741068180681,49.449563169623936,0.2719344611720337,-0.017966499390010035,0.00015748,0.017991082462335897,0.00081957,1,0.0
10844,0.00023560024436872218,0.04063892731521218,-1.54e-06,1.6678666942165532,5.531167055040017,27.425855690393018,1.0052136313683062,14.477902826722572,0.12067054082980143,-43.999365578070325,-1.1573229341274334,68.71891749785797,0.6295741068180681,-4.928736943939445,0.2719344611720337,0.013443785212156077,0.00015748,0.067045522227797,0.00081957,0,0.0
10845,0.00013984487531149004,0.03598247485147303,-1.54e-06,1.6678666942165532,5.531167055040017,1.3635115652556378,1.0052136313683062,28.64379804771448,0.12067054082980143,-67.15844079285627,-1.1573229341274334,-38.02082321245059,0.6295741068180681,13.983213779728155,0.2719344611720337,-0.06951477815195001,0.00015748,0.08700680199264976,0.00081957,1,0.0
10846,0.16209331221421563,0.0014302481303599354,-1.54e-06,1.6678666942165532,5.531167055040017,-68.39306367126804,1.0052136313683062,5.696970468800191,0.12067054082980143,-54.859994843683296,-1.1573229341274334,7.697966062325487,0.6295741068180681,61.72296598524958,0.2719344611720337,-0.008549548923208784,0.00015748,0.008579113024121406,0.00081957,1,0.0
10847,0.031094170055975014,0.0012680541127155708,-1.54e-06,1.6678666942165532,5.531167055040017,0.9463366191191291,1.0052136313683062,5.632819822498876,0.12067054082980143,-1e-20,-1.1573229341274334,-95.88004165293795,0.6295741068180681,6.93769391908466,0.2719344611720337,-0.023539166130392877,0.00015748,0.023557668897191283,0.00081957,1,0.0
10848,0.1117480572879046,0.003921939530388104,-1.54e-06,1.6678666942165532,5.531167055040017,-65.85892523622884,1.0052136313683062,15.655027348657557,0.12067054082980143,-90.51187499144422,-1.1573229341274334,51.64100470304857,0.6295741068180681,62.3049076229998,0.2719344611720337,-0.03750949973625821,0.00015748,0.03754710537576553,0.00081957,1,0.0
10849,0.0007585960776080314,0.05676754029455553,-1.54e-06,1.6678666942165532,5.531167055040017,74.0387006332342,1.0052136313683062,17.965135366616895,0.12067054082980143,-2.4336847380386,-1.1573229341274334,-69.44267701190964,0.6295741068180681,-32.529068684267855,0.2719344611720337,0.013286401973709908,0.00015748,0.0990220583134668,0.00081957,0,0.0
10850,-1.4744998569494907e-05,0.06654940565023558,-1.54e-06,1.6678666942165532,5.531167055040017,52.26257279710181,1.0052136313683062,0.07033985419713903,0.12067054082980143,-20.19081884774373,-1.1573229341274334,77.6138495961904,0.6295741068180681,-13.89073770672724,0.2719344611720337,0.016791627445484042,0.00015748,0.11359598074372401,0.00081957,0,0.0
10851,0.2506478528177498,0.003037718966874188,-1.54e-06,1.6678666942165532,5.531167055040017,-82.29401670417415,1.0052136313683062,9.188647836105133,0.12067054082980143,-48.231373215369615,-1.1573229341274334,-85.73895969036732,0.6295741068180681,76.96685277461611,0.2719344611720337,-0.018179845543549737,0.00015748,0.01823094699988748,0.00081957,1,0.0
10852,9.924401203623145e-05,0.021991654390108462,-1.54e-06,1.6678666942165532,5.531167055040017,-3.6443772332988087,1.0052136313683062,14.95008519376619,0.12067054082980143,-64.11326316657589,-1.1573229341274334,59.835046027330165,0.6295741068180681,16.782708760997718,0.2719344611720337,-0.01617874431633411,0.00015748,0.0531585790872125,0.00081957,1,0.0
10853,0.10691985035988111,0.0015122630810462893,-1.54e-06,1.6678666942165532,5.531167055040017,-67.08153243535804,1.0052136313683062,10.9703935229642,0.12067054082980143,-88.84485985617692,-1.1573229341274334,43.6020978574206,0.6295741068180681,66.43198912403382,0.2719344611720337,-0.02681589953180912,0.00015748,0.026855781214172314,0.00081957,1,0.0
10854,0.06613118366207404,0.0004731810674588614,-1.54e-06,1.6678666942165532,5.531167055040017,-17.87386182276343,1.0052136313683062,4.8567989222511905,0.12067054082980143,-12.670793067278938,-1.1573229341274334,-56.68186116195936,0.6295741068180681,20.166833292962302,0.2719344611720337,-0.014605388560174251,0.00015748,0.014635343893445105,0.00081957,1,0.0
10855,0.00043572231352598245,0.040725760127531124,-1.54e-06,1.6678666942165532,5.531167055040017,-0.42271655101091365,1.0052136313683062,21.630440768647137,0.12067054082980143,-30.908534601530288,-1.1573229341274334,61.993779902241236,0.6295741068180681,-8.812961710236676,0.2719344611720337,-0.08653906694156607,0.00015748,0.08745740554106521,0.00081957,1,0.0
10856,0.011037388056102437,0.0017434764220194423,-1.54e-06,1.6678666942165532,5.531167055040017,-19.276159422953157,1.0052136313683062,6.231529016117258,0.12067054082980143,-36.23724708010788,-1.1573229341274334,65.46569846092856,0.6295741068180681,15.06430301288753,0.2719344611720337,-0.020924052515406782,0.00015748,0.020925653105544364,0.00081957,1,0.0
10857,0.2400319937628766,0.002846522206829961,-1.54e-06,1.6678666942165532,5.531167055040017,-93.1593121754836,1.0052136313683062,9.360883616247756,0.12067054082980143,-69.96532507616772,-1.1573229341274334,-23.21695239088325,0.6295741068180681,85.12751769151183,0.2719344611720337,-0.01635917711116143,0.00015748,0.016383783616499767,0.00081957,1,0.0
10858,0.19722949049272098,0.0027860497988852835,-1.54e-06,1.6678666942165532,5.531167055040017,-63.37384762973154,1.0052136313683062,2.6945350435442745,0.12067054082980143,-24.83188718031388,-1.1573229341274334,-42.28817024544467,0.6295741068180681,54.55856621162326,0.2719344611720337,-0.0037737833662383,0.00015748,0.0038092473754207643,0.00081957,1,0.0
10859,0.2551343237532178,0.0059462620728987035,-1.54e-06,1.6678666942165532,5.531167055040017,-85.47861193641695,1.0052136313683062,2.50223951111897,0.12067054082980143,-33.391739368892026,-1.1573229341274334,-16.47194229792795,0.6295741068180681,69.53055419900639,0.2719344611720337,-0.016807645480129675,0.00015748,0.01678282736737076,0.00081957,1,0.0
10860,0.0009082652232544897,0.033948276722648676,-1.54e-06,1.6678666942165532,5.531167055040017,16.941759821478886,1.0052136313683062,15.304983100349308,0.12067054082980143,-49.873320675484635,-1.1573229341274334,56.098462038535395,0.6295741068180681,2.3065262459295,0.2719344611720337,-0.00027349080877552,0.00015748,0.06351504264154391,0.00081957,1,0.0
10861,0.08129767318687892,0.000731606702962573,-1.54e-06,1.6678666942165532,5.531167055040017,-47.2993619798152,1.0052136313683062,7.500584816086989,0.12067054082980143,-59.624760798190295,-1.1573229341274334,23.962558653349976,0.6295741068180681,46.620197090794086,0.2719344611720337,-0.018105235806437546,0.00015748,0.018167339997436763,0.00081957,1,0.0
10862,0.005877753390922016,0.002533448793171623,-1.54e-06,1.6678666942165532,5.531167055040017,6.2952504032941965,1.0052136313683062,7.757035835768641,0.12067054082980143,-6.519819053090264,-1.1573229341274334,-89.04325661363121,0.6295741068180681,3.789395899283455,0.2719344611720337,-0.02948673220878796,0.00015748,0.02961478169244526,0.00081957,1,0.0
10863,0.06057907561778714,0.001105387426165621,-1.54e-06,1.6678666942165532,5.531167055040017,-41.90972001227394,1.0052136313683062,8.363074473866423,0.12067054082980143,-62.14501911198498,-1.1573229341274334,22.26781913553848,0.6295741068180681,43.68275013609639,0.2719344611720337,-0.02297964355685258,0.00015748,0.023006475502767992,0.00081957,1,0.0
10864,0.13728925983897558,0.002375650153193191,-1.54e-06,1.6678666942165532,5.531167055040017,-73.35109417258174,1.0052136313683062,13.435764881728666,0.12067054082980143,-91.87188338626652,-1.1573229341274334,10.149235826616314,0.6295741068180681,74.04359650324857,0.2719344611720337,-0.03415254881150327,0.00015748,0.03417050811185554,0.00081957,1,0.0
10865,0.0017615285775887113,0.0175694648293974,-1.54e-06,1.6678666942165532,5.531167055040017,-34.54624976037614,1.0052136313683062,3.151839412092368,0.12067054082980143,-83.10944183934346,-1.1573229341274334,56.6189305230526,0.6295741068180681,48.66751437708119,0.2719344611720337,-0.04370468329462955,0.00015748,0.05778009034054199,0.00081957,1,0.0
10866,0.0016272343532345857,0.0009132530238447208,-1.54e-06,1.6678666942165532,5.531167055040017,-11.141677894778592,1.0052136313683062,0.6678453877489641,0.12067054082980143,-15.232556936837764,-1.1573229341274334,70.14711202731837,0.6295741068180681,4.60831361681895,0.2719344611720337,-0.01713582679606664,0.00015748,0.01709183854772377,0.00081957,1,0.0
10867,2.1228704879749927e-05,0.09300682998238649,-1.54e-06,1.6678666942165532,5.531167055040017,69.04439548407005,1.0052136313683062,29.991891903504765,0.12067054082980143,-93.7784123999822,-1.1573229341274334,-28.965615474557,0.6295741068180681,4.17308357122874,0.2719344611720337,-0.013401210800574395,0.00015748,0.18853762155844128,0.00081957,1,0.0
10868,0.0008025629836317383,0.08206961597684677,-1.54e-06,1.6678666942165532,5.531167055040017,69.9019270485576,1.0052136313683062,31.280976411428085,0.12067054082980143,-68.01055569944435,-1.1573229341274334,-76.55244410757389,0.6295741068180681,-6.6427352372049535,0.2719344611720337,-0.018359278895011183,0.00015748,0.1636751645783252,0.00081957,1,0.0
10869,0.16297326222994482,0.0015111902825416992,-1.54e-06,1.6678666942165532,5.531167055040017,-55.119811216449904,1.0052136313683062,4.239219175184914,0.12067054082980143,-29.227239446526745,-1.1573229341274334,-32.675872578296314,0.6295741068180681,48.70241002354329,0.2719344611720337,-0.006138125862406657,0.00015748,0.006152218964971991,0.00081957,1,0.0
10870,0.09469514408387134,0.02005515169742743,-1.54e-06,1.6678666942165532,5.531167055040017,-46.500441063342855,1.0052136313683062,-6.791298353302002,0.12067054082980143,-34.05552728406061,-1.1573229341274334,-44.387637094314265,0.6295741068180681,53.43656310203723,0.2719344611720337,-0.05866663246884404,0.00015748,0.058908286103962204,0.00081957,1,0.0
10871,0.19618228816572308,0.003731127870777137,-1.54e-06,1.6678666942165532,5.531167055040017,-82.56607987638401,1.0052136313683062,2.8195290346215147,0.12067054082980143,-54.86110918141244,-1.1573229341274334,50.3540884919146,0.6295741068180681,67.95805166953154,0.2719344611720337,-0.014090540923081867,0.00015748,0.014266716171254388,0.00081957,1,0.0
10872,0.22610313387972902,0.00981879994254374,-1.54e-06,1.6678666942165532,5.531167055040017,-68.57122208595815,1.0052136313683062,-4.82093183631023,0.12067054082980143,-9.594599218571597,-1.1573229341274334,-71.22311431839881,0.6295741068180681,60.34137581872175,0.2719344611720337,-0.024331196328441988,0.00015748,0.024536052821472122,0.00081957,1,0.0
10873,-4.243458407379719e-05,0.04677161554502206,-1.54e-06,1.6678666942165532,5.531167055040017,45.12316836683868,1.0052136313683062,21.164978128725078,0.12067054082980143,-32.876631903424794,-1.1573229341274334,-60.901033879970015,0.6295741068180681,-10.145005355614513,0.2719344611720337,-0.014792515911063515,0.00015748,0.0948705582115989,0.00081957,1,0.0
10874,0.1816840403694049,0.008427769124009318,-1.54e-06,1.6678666942165532,5.531167055040017,-79.7234886855019,1.0052136313683062,22.751779730510236,0.12067054082980143,-99.88468117067816,-1.1573229341274334,-36.453920093400825,0.6295741068180681,80.76140474787809,0.2719344611720337,-0.056457221958256754,0.00015748,0.0564471676296181,0.00081957,1,0.0
10875,0.06838144319477438,0.002045640595326432,-1.54e-06,1.6678666942165532,5.531167055040017,-29.694915915095997,1.0052136313683062,-3.9428110817005266,0.12067054082980143,-9.678494076679721,-1.1573229341274334,45.753659261938196,0.6295741068180681,20.514375718629232,0.2719344611720337,-0.0181489889435943,0.00015748,0.018177832981663724,0.00081957,1,0.0
10876,0.09412116828167315,0.00045340028460609695,-1.54e-06,1.6678666942165532,5.531167055040017,-33.41663243238293,1.0052136313683062,3.1810621921560904,0.12067054082980143,-21.465611609267476,-1.1573229341274334,-20.26102371565778,0.6295741068180681,30.63343951799154,0.2719344611720337,-0.005514999866963711,0.00015748,0.005508071341703772,0.00081957,1,0.0
10877,0.12066667034863857,0.00837261782655941,-1.54e-06,1.6678666942165532,5.531167055040017,-58.86928438057048,1.0052136313683062,18.84103354949458,0.12067054082980143,-80.63052060980635,-1.1573229341274334,18.50629025958816,0.6295741068180681,55.77787905566923,0.2719344611720337,-0.04798752898943298,0.00015748,0.048595537660638316,0.00081957,1,0.0
10878,0.15929079352488357,0.0064929010645365225,-1.54e-06,1.6678666942165532,5.531167055040017,-69.11737221928645,1.0052136313683062,18.794336202686,0.12067054082980143,-89.76038755037229,-1.1573229341274334,-84.30999644402833,0.6295741068180681,78.00468386924629,0.2719344611720337,-0.056639144811939574,0.00015748,0.05664674544858739,0.00081957,1,0.0
10879,0.0004031378268949948,0.0674456934211115,-1.54e-06,1.6678666942165532,5.531167055040017,55.00325458980093,1.0052136313683062,22.708681185349665,0.12067054082980143,-61.02528797771861,-1.1573229341274334,69.86885337152614,0.6295741068180681,-12.295817863622723,0.2719344611720337,0.02439620533866413,0.00015748,0.11377738970596557,0.00081957,0,0.0
10880,0.24441159620536773,0.0034773626439498395,-1.54e-06,1.6678666942165532,5.531167055040017,-88.38448074128809,1.0052136313683062,6.238056315107953,0.12067054082980143,-53.15977169647322,-1.1573229341274334,-29.45954381657541,0.6295741068180681,78.21390921801421,0.2719344611720337,-0.007980434939683295,0.00015748,0.00798641041681315,0.00081957,1,0.0
10881,0.04860130368131251,0.0003639962424857782,-1.54e-06,1.6678666942165532,5.531167055040017,-17.957783414276218,1.0052136313683062,0.6831174934565587,0.12067054082980143,-11.42381723365167,-1.1573229341274334,-13.994362339509284,0.6295741068180681,17.465383461692877,0.2719344611720337,-0.005457434333196716,0.00015748,0.00557381909532906,0.00081957,1,0.0
10882,0.2207473514427633,0.0023452315926120646,-1.54e-06,1.6678666942165532,5.531167055040017,-72.16968474873079,1.0052136313683062,8.021951107902156,0.12067054082980143,-41.671028703392224,-1.1573229341274334,-75.42602679018064,0.6295741068180681,67.29732080665276,0.2719344611720337,-0.015676215583701296,0.00015748,0.015669694690155042,0.00081957,1,0.0
10883,3.0369730477999846e-05,0.006087635048467826,-1.54e-06,1.6678666942165532,5.531167055040017,-0.3988620596649537,1.0052136313683062,10.291157393883772,0.12067054082980143,-19.56713802162216,-1.1573229341274334,0.880302565661498,0.6295741068180681,1.3662210889830486,0.2719344611720337,-0.03070232954492225,0.00015748,0.03234626790461259,0.00081957,1,0.0
10884,0.15463591228194826,0.006716851381688436,-1.54e-06,1.6678666942165532,5.531167055040017,-62.628425582529864,1.0052136313683062,-4.696874755005297,0.12067054082980143,-22.40690836178254,-1.1573229341274334,78.5435242819855,0.6295741068180681,43.797176664512115,0.2719344611720337,-0.03315864941488322,0.00015748,0.03322260892999661,0.00081957,1,0.0
10885,0.0776995871002337,0.0003992903420977768,-1.54e-06,1.6678666942165532,5.531167055040017,-31.205619691055436,1.0052136313683062,5.155870208887199,0.12067054082980143,-29.579997770789767,-1.1573229341274334,-19.091948639029468,0.6295741068180681,30.910640626411706,0.2719344611720337,-0.012602093042245792,0.00015748,0.01260033875770249,0.00081957,1,0.0
10886,2.1849389087287563e-05,0.007911490070459966,-1.54e-06,1.6678666942165532,5.531167055040017,-7.71188474696998,1.0052136313683062,3.4558708911075957,0.12067054082980143,-24.74541981910353,-1.1573229341274334,91.40265193412354,0.6295741068180681,3.8899922524879083,0.2719344611720337,-0.014151852173742305,0.00015748,0.026890506599287878,0.00081957,1,0.0
10887,0.25425027557221924,0.009072710618066788,-1.54e-06,1.6678666942165532,5.531167055040017,-93.18676584854066,1.0052136313683062,-1.4052501102549164,0.12067054082980143,-37.193487858135086,-1.1573229341274334,38.227548408401915,0.6295741068180681,72.22213273493031,0.2719344611720337,-0.027941059501335325,0.00015748,0.027947983515225025,0.00081957,1,0.0
10888,0.04029093349798706,0.0016277754216079412,-1.54e-06,1.6678666942165532,5.531167055040017,-19.532394687447496,1.0052136313683062,7.539734494065431,0.12067054082980143,-33.769535926984695,-1.1573229341274334,-40.7294099225349,0.6295741068180681,25.85665648715461,0.2719344611720337,-0.02668317507202972,0.00015748,0.02681354152481593,0.00081957,1,0.0
10889,0.564933023657058,0.19883984566670931,-1.54e-06,1.6678666942165532,5.531167055040017,62.90563181447014,1.0052136313683062,35.223782784242836,0.12067054082980143,-53.09491706424891,-1.1573229341274334,-31.055269539006797,0.6295741068180681,31.762775988946,0.2719344611720337,0.1761434531514506,0.00015748,0.2528595712536285,0.00081957,0,0.0
10890,1.6460140381868715e-05,0.053858386688933585,-1.54e-06,1.6678666942165532,5.531167055040017,37.0355547722969,1.0052136313683062,24.014483479536885,0.12067054082980143,-63.709454035325834,-1.1573229341274334,-2.1506706187167257,0.6295741068180681,1.011910934512336,0.2719344611720337,-0.01164209295882395,0.00015748,0.10717093812877701,0.00081957,1,0.0
10891,0.24678004635269635,0.014334528713593322,-1.54e-06,1.6678666942165532,5.531167055040017,-86.68368690477837,1.0052136313683062,-5.898767545657785,0.12067054082980143,-17.58997619755271,-1.1573229341274334,67.48751971035797,0.6295741068180681,59.83269501196783,0.2719344611720337,-0.04763039732291151,0.00015748,0.04766401165901968,0.00081957,1,0.0
10892,-4.410991831571565e-06,0.03423901588281029,-1.54e-06,1.6678666942165532,5.531167055040017,18.582276225506536,1.0052136313683062,20.554306134763458,0.12067054082980143,-55.34094796437931,-1.1573229341274334,-56.62538845731888,0.6295741068180681,11.067381765024699,0.2719344611720337,-0.03545938152405906,0.00015748,0.08643334155661345,0.00081957,1,0.0
10893,0.17865192534657282,0.0018358649690546035,-1.54e-06,1.6678666942165532,5.531167055040017,-70.73181859667467,1.0052136313683062,9.887665852393562,0.12067054082980143,-62.3964702449634,-1.1573229341274334,-41.319680567436116,0.6295741068180681,69.1983972635302,0.2719344611720337,-0.023966172166300648,0.00015748,0.023982162071008888,0.00081957,1,0.0
10894,0.00010641072529005147,0.0361182135937749,-1.54e-06,1.6678666942165532,5.531167055040017,47.3630718531125,1.0052136313683062,11.528251834607369,0.12067054082980143,-0.060681899610967156,-1.1573229341274334,-35.28144186602639,0.6295741068180681,-22.606232255882137,0.2719344611720337,0.010720404528520383,0.00015748,0.060369571067320216,0.00081957,0,0.0
10895,0.11107324461292267,0.0007329111968978198,-1.54e-06,1.6678666942165532,5.531167055040017,-51.93031500176483,1.0052136313683062,4.3878798784315,0.12067054082980143,-45.92444052441327,-1.1573229341274334,31.3113869559416,0.6295741068180681,45.50976146746365,0.2719344611720337,-0.007519620888258522,0.00015748,0.007564605158479789,0.00081957,1,0.0
10896,0.0002567031790914609,0.06625227876111235,-1.54e-06,1.6678666942165532,5.531167055040017,58.96270922885474,1.0052136313683062,24.84193506592519,0.12067054082980143,-51.9454708132362,-1.1573229341274334,-95.23019442815288,0.6295741068180681,-4.161982888934672,0.2719344611720337,-0.023694349987148457,0.00015748,0.14007330843437213,0.00081957,1,0.0
10897,0.058861014533087244,0.0006050881838485217,-1.54e-06,1.6678666942165532,5.531167055040017,-43.51963595145075,1.0052136313683062,6.952885604450083,0.12067054082980143,-61.724323615352446,-1.1573229341274334,43.561627093718144,0.6295741068180681,42.999664972879394,0.2719344611720337,-0.01696626579945589,0.00015748,0.0169660786844636,0.00081957,1,0.0
10898,0.10098720258893401,0.0005750070622120488,-1.54e-06,1.6678666942165532,5.531167055040017,-36.41045201544046,1.0052136313683062,5.893206785920825,0.12067054082980143,-29.639633421423397,-1.1573229341274334,-33.984479010235574,0.6295741068180681,35.624177625916424,0.2719344611720337,-0.01384503501597521,0.00015748,0.013845707266075136,0.00081957,1,0.0
10899,0.0006457023727063915,0.06422077540971141,-1.54e-06,1.6678666942165532,5.531167055040017,54.22160810257777,1.0052136313683062,27.826110446259513,0.12067054082980143,-54.83059797567903,-1.1573229341274334,-88.47797334647196,0.6295741068180681,-4.3840486063415,0.2719344611720337,-0.026661021251053407,0.00015748,0.13261108363225316,0.00081957,1,0.0
10900,0.0021092007841536087,0.034672819724369364,-1.54e-06,3.5650423254874415,4.237187022381605,-0.3075225290851905,1.0052136313683062,-0.3498043682290425,0.12067054082980143,-71.13572563353281,-1.1573229341274334,83.39165489137031,0.6295741068180681,48.56775971894346,0.2719344611720337,-0.04982250758669672,0.00015748,0.08141068287879809,0.00081957,1,0.0
10901,0.06875199947482535,0.015182018021297296,-1.54e-06,3.5650423254874415,4.237187022381605,57.617441545487544,1.0052136313683062,9.078259729935402,0.12067054082980143,-99.92838258151416,-1.1573229341274334,6.914316822256104,0.6295741068180681,50.44997560970027,0.2719344611720337,-0.07736803284491978,0.00015748,0.07809817948592118,0.00081957,1,0.0
10902,0.0005618262695797904,0.1125568796750874,-1.54e-06,3.5650423254874415,4.237187022381605,65.85195328843379,1.0052136313683062,5.73407415256624,0.12067054082980143,-37.99789149573318,-1.1573229341274334,95.69980266252104,0.6295741068180681,-21.51792228406086,0.2719344611720337,0.014605357570550592,0.00015748,0.1938965014881281,0.00081957,0,0.0
10903,0.029765527019221527,0.06203181837925188,-1.54e-06,3.5650423254874415,4.237187022381605,34.94687549932905,1.0052136313683062,12.196341070042703,0.12067054082980143,-5.898294637973896,-1.1573229341274334,-64.0193106144506,0.6295741068180681,-27.52846070222391,0.2719344611720337,-0.12069718447295308,0.00015748,0.12050479295428185,0.00081957,1,0.0
10904,0.00020575760491436945,0.09210584224578483,-1.54e-06,3.5650423254874415,4.237187022381605,98.45781507763812,1.0052136313683062,17.510422788349338,0.12067054082980143,-61.75808127598339,-1.1573229341274334,-16.708950646203537,0.6295741068180681,-22.313166444237165,0.2719344611720337,-0.08075164880897688,0.00015748,0.15393458564708168,0.00081957,1,0.0
10905,0.36432029565589735,0.013246858765527067,-1.54e-06,3.5650423254874415,4.237187022381605,-11.22008057292992,1.0052136313683062,11.076298122043175,0.12067054082980143,-76.0188097117278,-1.1573229341274334,-72.98832155179706,0.6295741068180681,77.61811993660706,0.2719344611720337,-0.06181353075479553,0.00015748,0.06219614386230012,0.00081957,1,0.0
10906,0.0017719407919583388,8.553835002268974e-05,-1.54e-06,3.5650423254874415,4.237187022381605,6.241124164224149,1.0052136313683062,0.6722986783063797,0.12067054082980143,-5.0344949038131785,-1.1573229341274334,-1.7573013266918136,0.6295741068180681,1.317745460643744,0.2719344611720337,-0.0046650231220604285,0.00015748,0.004737339253152936,0.00081957,1,0.0
10907,0.12257264106239874,0.0186016395329994,-1.54e-06,3.5650423254874415,4.237187022381605,99.23534086662532,1.0052136313683062,15.703327456961741,0.12067054082980143,-97.46241733157503,-1.1573229341274334,-58.32815297276275,0.6295741068180681,33.69472334978969,0.2719344611720337,-0.09241274270780897,0.00015748,0.09237137651659755,0.00081957,1,0.0
10908,-2.7685557756243484e-05,0.05952915925866338,-1.54e-06,3.5650423254874415,4.237187022381605,36.80377342021325,1.0052136313683062,2.243229482389527,0.12067054082980143,-49.58876469449845,-1.1573229341274334,86.13238371320347,0.6295741068180681,10.03320393901894,0.2719344611720337,0.02508555605936197,0.00015748,0.0977743623790261,0.00081957,0,0.0
10909,0.23255261183644194,0.02752521227728688,-1.54e-06,3.5650423254874415,4.237187022381605,6.692734065725339,1.0052136313683062,14.941498353383526,0.12067054082980143,-74.66283663766588,-1.1573229341274334,-56.581040981351485,0.6295741068180681,46.37949100317843,0.2719344611720337,-0.09012970683001109,0.00015748,0.090136539083087,0.00081957,1,0.0
10910,0.10808131983308614,0.0014453435438664356,-1.54e-06,3.5650423254874415,4.237187022381605,2.9847815518722363,1.0052136313683062,3.8804375187594378,0.12067054082980143,-29.076500571883344,-1.1573229341274334,-21.388325466688595,0.6295741068180681,25.385435738950143,0.2719344611720337,-0.023494788827814066,0.00015748,0.02351320150850036,0.00081957,1,0.0
10911,0.16777963072168262,0.0029177677329794384,-1.54e-06,3.5650423254874415,4.237187022381605,-50.2751829806816,1.0052136313683062,0.42978453845502035,0.12067054082980143,-2.009666849753399,-1.1573229341274334,-22.09342966721977,0.6295741068180681,29.86374599403802,0.2719344611720337,-0.006628290144827268,0.00015748,0.0068397738619761705,0.00081957,1,0.0
10912,0.044617405583564994,0.0013669826998369441,-1.54e-06,3.5650423254874415,4.237187022381605,-69.74820296188263,1.0052136313683062,0.944006717832141,0.12067054082980143,-30.407536392303186,-1.1573229341274334,51.55537457765076,0.6295741068180681,34.70318059996213,0.2719344611720337,-0.021778857969672896,0.00015748,0.021719857733846916,0.00081957,1,0.0
10913,0.14491766858116278,0.014675101748342304,-1.54e-06,3.5650423254874415,4.237187022381605,-62.73326573532351,1.0052136313683062,3.3707418417105353,0.12067054082980143,-0.22335865786783726,-1.1573229341274334,-18.969777597368118,0.6295741068180681,19.541958315475693,0.2719344611720337,-0.057646215836613494,0.00015748,0.0577143272651529,0.00081957,1,0.0
10914,0.006725498693897963,0.0017438055514683414,-1.54e-06,3.5650423254874415,4.237187022381605,-47.900905210254734,1.0052136313683062,4.314158540352523,0.12067054082980143,-84.46545071910766,-1.1573229341274334,88.90032807607611,0.6295741068180681,56.91816548447436,0.2719344611720337,-0.021690170070693314,0.00015748,0.02176276572407828,0.00081957,1,0.0
10915,0.015925332202682663,0.007454844523243227,-1.54e-06,3.5650423254874415,4.237187022381605,37.27961630972717,1.0052136313683062,7.9714772082207075,0.12067054082980143,-86.62804144220777,-1.1573229341274334,26.277218739906044,0.6295741068180681,39.22426197122403,0.2719344611720337,-0.05478738621674252,0.00015748,0.0548033111489475,0.00081957,1,0.0
10916,0.07367916925151885,0.006546649345904517,-1.54e-06,3.5650423254874415,4.237187022381605,58.51809884296074,1.0052136313683062,7.111399282552851,0.12067054082980143,-55.831193180208494,-1.1573229341274334,-29.076502773672033,0.6295741068180681,24.336416215744535,0.2719344611720337,-0.05436221293184581,0.00015748,0.054815408604756664,0.00081957,1,0.0
10917,0.0674652872079799,0.11636470145972791,-1.54e-06,3.5650423254874415,4.237187022381605,-79.69895666202905,1.0052136313683062,10.362103430967485,0.12067054082980143,-1e-20,-1.1573229341274334,-7.469050047285968,0.6295741068180681,-7.054298688863369,0.2719344611720337,-0.17101992085612006,0.00015748,0.17187813125652446,0.00081957,1,0.0
10918,0.24875748987287016,0.20504663113554528,-1.54e-06,3.5650423254874415,4.237187022381605,-63.06200641349063,1.0052136313683062,24.537485362431116,0.12067054082980143,-83.60664828272866,-1.1573229341274334,-43.97727021298019,0.6295741068180681,39.553432620654064,0.2719344611720337,-0.227803333659242,0.00015748,0.22752569199706763,0.00081957,1,0.0
10919,0.19879156103774598,0.026925654887340177,-1.54e-06,3.5650423254874415,4.237187022381605,6.019545942135272,1.0052136313683062,-0.5357815008414339,0.12067054082980143,-29.698109833014094,-1.1573229341274334,-36.46452426708809,0.6295741068180681,49.20954935104703,0.2719344611720337,-0.08146320648776174,0.00015748,0.08137416469070462,0.00081957,1,0.0
10920,0.0003275995471986315,0.14280391926678007,-1.54e-06,3.5650423254874415,4.237187022381605,97.70585408460111,1.0052136313683062,17.16258750362127,0.12067054082980143,-25.37250915288668,-1.1573229341274334,-36.153442654594244,0.6295741068180681,-50.13952792347559,0.2719344611720337,-0.10398721049485393,0.00015748,0.19859048089616876,0.00081957,1,0.0
10921,3.0025770779207317e-05,0.013735289707431625,-1.54e-06,3.5650423254874415,4.237187022381605,54.04329710595163,1.0052136313683062,7.326530692629559,0.12067054082980143,-81.08215052389176,-1.1573229341274334,26.557570102526597,0.6295741068180681,30.763211993067213,0.2719344611720337,-0.043685798672335595,0.00015748,0.0579861947894607,0.00081957,1,0.0
10922,0.09447683751980826,0.0022910149091115,-1.54e-06,3.5650423254874415,4.237187022381605,-42.447384181576965,1.0052136313683062,3.194140955608753,0.12067054082980143,-65.47303895957418,-1.1573229341274334,44.99104874895383,0.6295741068180681,57.38519700944134,0.2719344611720337,-0.024607738420248843,0.00015748,0.02498076920269596,0.00081957,1,0.0
10923,0.31539125226037606,0.016608206532551132,-1.54e-06,3.5650423254874415,4.237187022381605,-95.17591688990912,1.0052136313683062,-1.9004635126622886,0.12067054082980143,-22.262636592609788,-1.1573229341274334,-15.804406857846542,0.6295741068180681,76.55258290508388,0.2719344611720337,-0.039999984286786035,0.00015748,0.03987760871225186,0.00081957,1,0.0
10924,0.08108890072522773,0.0005796953008680758,-1.54e-06,3.5650423254874415,4.237187022381605,-40.110063665209424,1.0052136313683062,3.1295184818758566,0.12067054082980143,-50.298671150385424,-1.1573229341274334,33.9608935683983,0.6295741068180681,44.529862329753165,0.2719344611720337,-0.015459262241030731,0.00015748,0.015470139914574542,0.00081957,1,0.0
10925,0.0854976439164648,0.005800146191240402,-1.54e-06,3.5650423254874415,4.237187022381605,88.37887497321148,1.0052136313683062,7.9965007604442935,0.12067054082980143,-30.7108054455034,-1.1573229341274334,-76.20924741215958,0.6295741068180681,1.7450336571683887,0.2719344611720337,-0.053280864717604584,0.00015748,0.053305964446319035,0.00081957,1,0.0
10926,0.11122616874880864,0.000592640483626887,-1.54e-06,3.5650423254874415,4.237187022381605,-82.115411216787,1.0052136313683062,2.8570529699240543,0.12067054082980143,-64.6299472769574,-1.1573229341274334,63.129161237519575,0.6295741068180681,65.16272573093887,0.2719344611720337,-0.012017184501090596,0.00015748,0.012042953931057653,0.00081957,1,0.0
10927,0.00986699147056902,0.2038400241624846,-1.54e-06,3.5650423254874415,4.237187022381605,18.13383934811395,1.0052136313683062,18.631160991433635,0.12067054082980143,-0.13637215757284726,-1.1573229341274334,-74.3861531764437,0.6295741068180681,-48.67443883338469,0.2719344611720337,-0.2202483231735509,0.00015748,0.21964373519670186,0.00081957,1,0.0
10928,0.05497045587798821,0.003959848541193939,-1.54e-06,3.5650423254874415,4.237187022381605,43.13741463065639,1.0052136313683062,6.878103694586322,0.12067054082980143,-51.84533273787867,-1.1573229341274334,-17.390100322796133,0.6295741068180681,21.565240265245528,0.2719344611720337,-0.043781825856373996,0.00015748,0.04380638402382814,0.00081957,1,0.0
10929,0.3598561791390579,0.01453694098011558,-1.54e-06,3.5650423254874415,4.237187022381605,18.514999231301122,1.0052136313683062,11.49790998234552,0.12067054082980143,-70.12599495217236,-1.1573229341274334,-95.91483962432889,0.6295741068180681,67.83512443913946,0.2719344611720337,-0.06927657466304069,0.00015748,0.06934149030754996,0.00081957,1,0.0
10930,0.24834145149795958,0.004991121601328031,-1.54e-06,3.5650423254874415,4.237187022381605,-61.17808608643393,1.0052136313683062,2.490732962126698,0.12067054082980143,-36.48111387007949,-1.1573229341274334,-16.087478448731492,0.6295741068180681,61.870268578745765,0.2719344611720337,-0.017598439156107728,0.00015748,0.017668617960690396,0.00081957,1,0.0
10931,0.2628188977430522,0.0048744579773089556,-1.54e-06,3.5650423254874415,4.237187022381605,-58.312210885561576,1.0052136313683062,4.93198346285953,0.12067054082980143,-50.39255778857962,-1.1573229341274334,-17.537318353263522,0.6295741068180681,67.23434416978364,0.2719344611720337,-0.024648632003447073,0.00015748,0.02467482333242168,0.00081957,1,0.0
10932,0.19391869052046679,0.003258107073927743,-1.54e-06,3.5650423254874415,4.237187022381605,-51.13259264270051,1.0052136313683062,6.267007261972684,0.12067054082980143,-65.79405616166332,-1.1573229341274334,9.343187514558107,0.6295741068180681,64.52178234123632,0.2719344611720337,-0.03143597106305247,0.00015748,0.031477968410083754,0.00081957,1,0.0
10933,0.12604944369433851,0.026946400183334385,-1.54e-06,3.5650423254874415,4.237187022381605,53.72245793044727,1.0052136313683062,12.377153269676528,0.12067054082980143,-27.63721279045431,-1.1573229341274334,-85.56276442220516,0.6295741068180681,-1.6279489047548885,0.2719344611720337,-0.08330390827526839,0.00015748,0.08329203093077785,0.00081957,1,0.0
10934,0.1395428475856985,0.04842109379679714,-1.54e-06,3.5650423254874415,4.237187022381605,8.530777656567022,1.0052136313683062,-3.866763401215882,0.12067054082980143,-27.358068196256347,-1.1573229341274334,-9.563565141228603,0.6295741068180681,47.351740729441,0.2719344611720337,-0.10663399363528109,0.00015748,0.10883663424639464,0.00081957,1,0.0
10935,7.65737317327958e-05,0.07636340626224737,-1.54e-06,3.5650423254874415,4.237187022381605,83.28095037456379,1.0052136313683062,2.423094116489458,0.12067054082980143,-17.950188201995452,-1.1573229341274334,48.06956453430245,0.6295741068180681,-23.287037670564267,0.2719344611720337,0.027452395941287788,0.00015748,0.12808874316609703,0.00081957,0,0.0
10936,0.10564849458728229,0.000858914271121235,-1.54e-06,3.5650423254874415,4.237187022381605,-43.41168044081343,1.0052136313683062,3.0180581519165615,0.12067054082980143,-49.80295459217195,-1.1573229341274334,28.18993170382759,0.6295741068180681,48.252171843125055,0.2719344611720337,-0.01581729452343907,0.00015748,0.015841599953092787,0.00081957,1,0.0
10937,0.0002311002018344499,0.0005483202359331734,-1.54e-06,3.5650423254874415,4.237187022381605,-59.69691122083529,1.0052136313683062,-1.631441291772804,0.12067054082980143,-20.03898018944435,-1.1573229341274334,58.46834041774297,0.6295741068180681,26.43452462209451,0.2719344611720337,-0.012600376982798617,0.00015748,0.012720489909171302,0.00081957,1,0.0
10938,0.09565374248261788,0.005605167951196043,-1.54e-06,3.5650423254874415,4.237187022381605,57.65376597885042,1.0052136313683062,8.003525094920105,0.12067054082980143,-52.33303970055414,-1.1573229341274334,-41.72707641248275,0.6295741068180681,22.7047115575386,0.2719344611720337,-0.05291972840968101,0.00015748,0.05292414368404408,0.00081957,1,0.0
10939,0.0007991157097853724,0.05286226915323546,-1.54e-06,3.5650423254874415,4.237187022381605,70.8454879147484,1.0052136313683062,1.5303977632742098,0.12067054082980143,-5.311342949530895,-1.1573229341274334,19.0207193181132,0.6295741068180681,-22.422537080035582,0.2719344611720337,0.02026011878587875,0.00015748,0.08688065013009166,0.00081957,0,0.0
10940,0.18482212048022245,0.005539424624970517,-1.54e-06,3.5650423254874415,4.237187022381605,-44.576370419744386,1.0052136313683062,6.940562171196158,0.12067054082980143,-99.12717694917268,-1.1573229341274334,36.54203093560628,0.6295741068180681,84.6848130856356,0.2719344611720337,-0.04575274718229779,0.00015748,0.045862469883724964,0.00081957,1,0.0
10941,0.22758624636151242,0.2572537359609791,-1.54e-06,3.5650423254874415,4.237187022381605,53.92139819500532,1.0052136313683062,-9.839374223133563,0.12067054082980143,-49.98924738371377,-1.1573229341274334,30.46361325074846,0.6295741068180681,73.4412214701345,0.2719344611720337,-0.1741646018229216,0.00015748,0.2712658301541679,0.00081957,1,0.0
10942,0.0008051657629323805,0.011778461083677997,-1.54e-06,3.5650423254874415,4.237187022381605,16.359423841503123,1.0052136313683062,1.24811256355244,0.12067054082980143,-37.321944851913884,-1.1573229341274334,29.773901609588087,0.6295741068180681,19.554169278305405,0.2719344611720337,-0.020860853134445245,0.00015748,0.03785917111360826,0.00081957,1,0.0
10943,0.3895730259383826,0.01348920098093621,-1.54e-06,3.5650423254874415,4.237187022381605,-22.418994054027273,1.0052136313683062,9.805796783214948,0.12067054082980143,-71.09393279743983,-1.1573229341274334,-74.84427075083744,0.6295741068180681,82.3006547272205,0.2719344611720337,-0.05747256223638832,0.00015748,0.05748263650992238,0.00081957,1,0.0
10944,-1.2840318366243164e-05,0.02700866026548486,-1.54e-06,3.5650423254874415,4.237187022381605,40.51684788744236,1.0052136313683062,1.0029377733110663,0.12067054082980143,-5.1763168577034655,-1.1573229341274334,8.840305284800031,0.6295741068180681,-10.871004555196947,0.2719344611720337,0.012341932007777065,0.00015748,0.042387365466598624,0.00081957,0,0.0
10945,0.3325008505592998,0.008502949922676894,-1.54e-06,3.5650423254874415,4.237187022381605,-92.21612761143173,1.0052136313683062,2.693475488690976,0.12067054082980143,-34.727099647610174,-1.1573229341274334,-26.299425018584596,0.6295741068180681,75.66753437182555,0.2719344611720337,-0.010798686424436842,0.00015748,0.010868982842446535,0.00081957,1,0.0
10946,0.14720515192266592,0.028062792548517304,-1.54e-06,3.5650423254874415,4.237187022381605,-34.21248326375011,1.0052136313683062,-4.570481037256157,0.12067054082980143,-17.256362965426135,-1.1573229341274334,5.024032988977974,0.6295741068180681,48.76136408097266,0.2719344611720337,-0.07814458320677127,0.00015748,0.07836821144765825,0.00081957,1,0.0
10947,0.00022889784732267604,0.016673089011403824,-1.54e-06,3.5650423254874415,4.237187022381605,0.5826426589174445,1.0052136313683062,0.1618169530004696,0.12067054082980143,-48.03088661058972,-1.1573229341274334,53.51820659106155,0.6295741068180681,31.808256794846994,0.2719344611720337,-0.03131243208743756,0.00015748,0.050168365869227224,0.00081957,1,0.0
10948,0.01973848601800272,0.000311410336258617,-1.54e-06,3.5650423254874415,4.237187022381605,-81.1388217140723,1.0052136313683062,-0.006508814257462335,0.12067054082980143,-43.7633458117735,-1.1573229341274334,81.24682217949206,0.6295741068180681,44.82934407903072,0.2719344611720337,-0.011060910715578158,0.00015748,0.011102871810196849,0.00081957,1,0.0
10949,0.1606324388884487,0.00947832230790742,-1.54e-06,3.5650423254874415,4.237187022381605,83.57116550614414,1.0052136313683062,10.395120971872961,0.12067054082980143,-52.52126207893,-1.1573229341274334,-84.60940604386793,0.6295741068180681,22.205567578559968,0.2719344611720337,-0.067831508813138,0.00015748,0.06789831777280138,0.00081957,1,0.0
10950,0.27123966504604785,0.015985254025814133,-1.54e-06,3.5650423254874415,4.237187022381605,44.31312798653882,1.0052136313683062,11.762268105093392,0.12067054082980143,-93.96091020814453,-1.1573229341274334,-62.731044586140015,0.6295741068180681,68.82863719925095,0.2719344611720337,-0.08410576164201816,0.00015748,0.08404487564130225,0.00081957,1,0.0
10951,0.13646797114814538,0.0035853920243959034,-1.54e-06,3.5650423254874415,4.237187022381605,24.631014690887195,1.0052136313683062,6.603632060178506,0.12067054082980143,-43.53358892705555,-1.1573229341274334,-38.535139083026735,0.6295741068180681,29.86460718419825,0.2719344611720337,-0.040333903976262374,0.00015748,0.04035026068086716,0.00081957,1,0.0
10952,0.37435953013172835,0.010378208258998297,-1.54e-06,3.5650423254874415,4.237187022381605,-73.80895112530536,1.0052136313683062,6.223259164727611,0.12067054082980143,-53.09269368362175,-1.1573229341274334,-44.84491435790444,0.6295741068180681,83.17046115154162,0.2719344611720337,-0.030598374483807173,0.00015748,0.03057113677141457,0.00081957,1,0.0
10953,0.08894885103961758,0.009965226832318055,-1.54e-06,3.5650423254874415,4.237187022381605,71.54242123541506,1.0052136313683062,10.09197265893191,0.12067054082980143,-77.40590097155628,-1.1573229341274334,-31.53433973791246,0.6295741068180681,32.62587559621226,0.2719344611720337,-0.06883655951722767,0.00015748,0.06916107084738832,0.00081957,1,0.0
10954,0.13810287217938666,0.07650716314812257,-1.54e-06,3.5650423254874415,4.237187022381605,39.22850149846958,1.0052136313683062,-1.8614466032480057,0.12067054082980143,-60.29927086262195,-1.1573229341274334,-2.7085084228244654,0.6295741068180681,61.527137094105285,0.2719344611720337,-0.13770769309600936,0.00015748,0.14145012734385273,0.00081957,1,0.0
10955,0.399615199752135,0.01732970680242095,-1.54e-06,3.5650423254874415,4.237187022381605,6.82979091460843,1.0052136313683062,11.910723861600685,0.12067054082980143,-83.85069522370038,-1.1573229341274334,-90.21789534120293,0.6295741068180681,83.6219548445871,0.2719344611720337,-0.07484827709242156,0.00015748,0.07497917335329432,0.00081957,1,0.0
10956,0.13841172988092054,0.001233823795524514,-1.54e-06,3.5650423254874415,4.237187022381605,-53.83033019510411,1.0052136313683062,3.6485040866766467,0.12067054082980143,-53.96793197579547,-1.1573229341274334,25.839802310111146,0.6295741068180681,55.48654003775495,0.2719344611720337,-0.017442369130019668,0.00015748,0.017421724563151046,0.00081957,1,0.0
10957,0.10377768571889612,0.013579240458436689,-1.54e-06,3.5650423254874415,4.237187022381605,52.523372755315194,1.0052136313683062,5.710420987236866,0.12067054082980143,-63.845787997028175,-1.1573229341274334,-23.42599674004294,0.6295741068180681,38.688651496881405,0.2719344611720337,-0.07065616849955857,0.00015748,0.07046443929323361,0.00081957,1,0.0
10958,0.06393547916017552,0.007833321027053631,-1.54e-06,3.5650423254874415,4.237187022381605,-59.46027387661802,1.0052136313683062,-0.5870250937923572,0.12067054082980143,-59.26684716941362,-1.1573229341274334,71.22941216496713,0.6295741068180681,60.62329859144338,0.2719344611720337,-0.03723997751754153,0.00015748,0.03793746482005915,0.00081957,1,0.0
10959,0.3126565048719965,0.051125186664677746,-1.54e-06,3.5650423254874415,4.237187022381605,-77.02208058472648,1.0052136313683062,9.789352045895194,0.12067054082980143,-13.818027641641818,-1.1573229341274334,-70.47020004702294,0.6295741068180681,37.55235021802281,0.2719344611720337,-0.10326169709944859,0.00015748,0.1044689130714798,0.00081957,1,0.0
10960,6.732328135333754e-05,0.09190903153901525,-1.54e-06,3.5650423254874415,4.237187022381605,82.16318072187227,1.0052136313683062,2.7766939662090087,0.12067054082980143,-34.54807539981677,-1.1573229341274334,81.2977677667545,0.6295741068180681,-16.124982242980668,0.2719344611720337,0.03214482259471212,0.00015748,0.15615229613350773,0.00081957,0,0.0
10961,2.3859512240265168e-05,0.17376880504204534,-1.54e-06,3.5650423254874415,4.237187022381605,-61.0910025992192,1.0052136313683062,11.399137720446385,0.12067054082980143,-36.56122057574049,-1.1573229341274334,90.8907283478299,0.6295741068180681,-7.695806472654567,0.2719344611720337,-0.13358904795984025,0.00015748,0.23725871215732422,0.00081957,1,0.0
10962,0.022396878354858984,0.0013439847155421276,-1.54e-06,3.5650423254874415,4.237187022381605,-38.35679273927571,1.0052136313683062,4.05808305767892,0.12067054082980143,-73.14694049025539,-1.1573229341274334,68.96691992319933,0.6295741068180681,50.326574833968635,0.2719344611720337,-0.021168731711511322,0.00015748,0.02122376904697385,0.00081957,1,0.0
10963,0.007503553616154082,0.0034416639481057243,-1.54e-06,3.5650423254874415,4.237187022381605,-30.93636292267867,1.0052136313683062,-2.1157200644648055,0.12067054082980143,-19.23410515504423,-1.1573229341274334,40.20811234697471,0.6295741068180681,24.340393863213986,0.2719344611720337,-0.025986745077690145,0.00015748,0.026074715759970564,0.00081957,1,0.0
10964,0.06920911504897966,0.01258205686670072,-1.54e-06,3.5650423254874415,4.237187022381605,-11.270996400024366,1.0052136313683062,1.4116827602628366,0.12067054082980143,-63.82182163551743,-1.1573229341274334,38.74392297956715,0.6295741068180681,53.26710273000511,0.2719344611720337,-0.05669955219142209,0.00015748,0.056838332151889076,0.00081957,1,0.0
10965,0.14998859498332018,0.036725781533027704,-1.54e-06,3.5650423254874415,4.237187022381605,-37.72671728136949,1.0052136313683062,11.452722998990932,0.12067054082980143,-50.33229568370172,-1.1573229341274334,-16.29669883992668,0.6295741068180681,32.41743744661157,0.2719344611720337,-0.0963842411016642,0.00015748,0.09553359533687293,0.00081957,1,0.0
10966,2.8389768924025338e-05,0.030606358792815452,-1.54e-06,3.5650423254874415,4.237187022381605,-58.289171085816896,1.0052136313683062,2.244716263317119,0.12067054082980143,-29.529685505273775,-1.1573229341274334,77.71723225780336,0.6295741068180681,17.921320410482874,0.2719344611720337,-0.03695883801066925,0.00015748,0.07925479144338357,0.00081957,1,0.0
10967,-6.371689444373274e-05,0.15854305694785578,-1.54e-06,3.5650423254874415,4.237187022381605,8.970396796027906,1.0052136313683062,12.841153144351425,0.12067054082980143,-38.957904167451375,-1.1573229341274334,63.98756950315938,0.6295741068180681,-22.42140721597542,0.2719344611720337,-0.09451255198020694,0.00015748,0.2273334309893277,0.00081957,1,0.0
10968,0.0004745328491092826,0.06380566084078376,-1.54e-06,3.5650423254874415,4.237187022381605,15.164484137550701,1.0052136313683062,-2.103579156432483,0.12067054082980143,-5.263397918063098,-1.1573229341274334,69.19951233971145,0.6295741068180681,-7.142070369242803,0.2719344611720337,-0.001494648323837583,0.00015748,0.11875805442027962,0.00081957,1,0.0
10969,0.2152102367647304,0.40325007992150946,-1.54e-06,3.5650423254874415,4.237187022381605,49.50388129744496,1.0052136313683062,-17.36899534362062,0.12067054082980143,-25.671645936661303,-1.1573229341274334,93.12550119090466,0.6295741068180681,62.466080546667364,0.2719344611720337,-0.1763286081921065,0.00015748,0.3684067586784153,0.00081957,1,0.0
10970,0.05669707752665895,0.001027293966206214,-1.54e-06,3.5650423254874415,4.237187022381605,-76.10858453689583,1.0052136313683062,2.9330891707547226,0.12067054082980143,-59.0842454519298,-1.1573229341274334,71.27485539597085,0.6295741068180681,52.71332832966167,0.2719344611720337,-0.02047674101306008,0.00015748,0.02056976995828063,0.00081957,1,0.0
10971,0.0961237704647287,0.07610110261886197,-1.54e-06,3.5650423254874415,4.237187022381605,0.5781720727329026,1.0052136313683062,-5.5872373027533,0.12067054082980143,-47.0640304476683,-1.1573229341274334,31.551735811387374,0.6295741068180681,61.16916212137311,0.2719344611720337,-0.13451551080327454,0.00015748,0.13575980623841602,0.00081957,1,0.0
10972,0.22802267658924247,0.0036609135410043702,-1.54e-06,3.5650423254874415,4.237187022381605,-67.57431384283412,1.0052136313683062,6.108067914887411,0.12067054082980143,-74.03753821676204,-1.1573229341274334,16.43718068944728,0.6295741068180681,77.67736010011326,0.2719344611720337,-0.029961167611556944,0.00015748,0.030061532813360953,0.00081957,1,0.0
10973,0.3672046116356279,0.011843948138384597,-1.54e-06,3.5650423254874415,4.237187022381605,-50.05469174787299,1.0052136313683062,3.0639443193300075,0.12067054082980143,-8.087078954629133,-1.1573229341274334,-87.02831059428313,0.6295741068180681,54.740457613645646,0.2719344611720337,-0.01688065798551425,0.00015748,0.01725132539408943,0.00081957,1,0.0
10974,0.21226958503340002,0.006090675917262479,-1.54e-06,3.5650423254874415,4.237187022381605,-28.147748893321864,1.0052136313683062,3.3265431198740103,0.12067054082980143,-1e-20,-1.1573229341274334,-60.04216238518271,0.6295741068180681,24.17406291599084,0.2719344611720337,-0.023108787128188528,0.00015748,0.023385019795727845,0.00081957,1,0.0
10975,-0.00040171304440100863,0.05925291511430894,-1.54e-06,3.5650423254874415,4.237187022381605,-5.995898162036999,1.0052136313683062,5.754228252387965,0.12067054082980143,-6.46698239262695,-1.1573229341274334,23.400929091917373,0.6295741068180681,-16.435997604990167,0.2719344611720337,-0.06142389937826232,0.00015748,0.11876362613586247,0.00081957,1,0.0
10976,0.12997628339157008,0.3619656514150813,-1.54e-06,3.5650423254874415,4.237187022381605,-62.44188163784648,1.0052136313683062,22.314968404275437,0.12067054082980143,-0.12371093064227098,-1.1573229341274334,-75.92021341191388,0.6295741068180681,-31.287551894023522,0.2719344611720337,-0.2970438437993796,0.00015748,0.29744382330925606,0.00081957,1,0.0
10977,0.015348878209017092,0.00600895384549726,-1.54e-06,3.5650423254874415,4.237187022381605,53.1623748816267,1.0052136313683062,7.745847264123267,0.12067054082980143,-66.44075701366492,-1.1573229341274334,-0.5145114464919265,0.6295741068180681,23.118148677734716,0.2719344611720337,-0.05075148874395303,0.00015748,0.05072346817349447,0.00081957,1,0.0
10978,7.0100416251217545e-06,0.05713721451287724,-1.54e-06,3.5650423254874415,4.237187022381605,93.62952949776023,1.0052136313683062,7.966394863997621,0.12067054082980143,-72.50821418520671,-1.1573229341274334,58.00878925810591,0.6295741068180681,3.8108402120474696,0.2719344611720337,0.05746221288291088,0.00015748,0.07039578513641738,0.00081957,0,0.0
10979,0.00031240556614439696,0.016540551622742806,-1.54e-06,3.5650423254874415,4.237187022381605,64.21915826794961,1.0052136313683062,3.5704770441934266,0.12067054082980143,-25.98911302699255,-1.1573229341274334,-7.532485086320132,0.6295741068180681,-2.707656733149346,0.2719344611720337,-0.005919843283765332,0.00015748,0.03771246392862953,0.00081957,1,0.0
10980,-0.00012880406306040038,0.051291744977783826,-1.54e-06,3.5650423254874415,4.237187022381605,38.08433958437309,1.0052136313683062,-0.9048873874076514,0.12067054082980143,-46.54547074784287,-1.1573229341274334,64.94268263005488,0.6295741068180681,21.78688473061143,0.2719344611720337,-0.02540982847606097,0.00015748,0.09910175516040856,0.00081957,1,0.0
10981,0.26047831675984423,0.008990055401919788,-1.54e-06,3.5650423254874415,4.237187022381605,-5.034237285882005,1.0052136313683062,10.622884449712664,0.12067054082980143,-90.71583462748741,-1.1573229341274334,-29.741781125813745,0.6295741068180681,74.38227935821631,0.2719344611720337,-0.06166798069773082,0.00015748,0.06167412806708971,0.00081957,1,0.0
10982,0.0002736755203995578,0.03500776314321297,-1.54e-06,3.5650423254874415,4.237187022381605,-89.23016800899502,1.0052136313683062,-1.5861191992221428,0.12067054082980143,-4.224773588075418,-1.1573229341274334,86.21739452213153,0.6295741068180681,13.375139931180776,0.2719344611720337,-0.049450665511332384,0.00015748,0.09365696223036983,0.00081957,1,0.0
10983,0.048190888836195434,0.0016779145045728485,-1.54e-06,3.5650423254874415,4.237187022381605,-15.38143428243514,1.0052136313683062,4.91694968385763,0.12067054082980143,-64.368005361599,-1.1573229341274334,36.71604282205029,0.6295741068180681,42.335543472575324,0.2719344611720337,-0.027713486127410144,0.00015748,0.027729673182351474,0.00081957,1,0.0
10984,0.14882940010158463,0.0070347887426604385,-1.54e-06,3.5650423254874415,4.237187022381605,51.885977337704034,1.0052136313683062,8.186613885258788,0.12067054082980143,-56.129063885499164,-1.1573229341274334,-51.96810293036996,0.6295741068180681,32.99948757282396,0.2719344611720337,-0.0579784225415248,0.00015748,0.05802051728211971,0.00081957,1,0.0
10985,2.223101288262308e-05,0.008842354503562893,-1.54e-06,3.5650423254874415,4.237187022381605,42.45933176737813,1.0052136313683062,7.727908293898521,0.12067054082980143,-86.85849824429566,-1.1573229341274334,30.155580010325462,0.6295741068180681,36.95014283855223,0.2719344611720337,-0.05423567594822204,0.00015748,0.0559653201130664,0.00081957,1,0.0
10986,0.23709793543452357,0.00980512894729815,-1.54e-06,3.5650423254874415,4.237187022381605,0.23830452384380876,1.0052136313683062,3.3025868024079936,0.12067054082980143,-33.49643744079255,-1.1573229341274334,-53.921534561973544,0.6295741068180681,48.08138910523523,0.2719344611720337,-0.04862614682227055,0.00015748,0.048626556239508484,0.00081957,1,0.0
10987,0.18803516815999155,0.02358391380404917,-1.54e-06,3.5650423254874415,4.237187022381605,-65.84332495129269,1.0052136313683062,-3.68028708027434,0.12067054082980143,-30.675483071871714,-1.1573229341274334,21.03678803697927,0.6295741068180681,65.68028522158109,0.2719344611720337,-0.06515972083205385,0.00015748,0.06687282632303948,0.00081957,1,0.0
10988,0.03648265366387671,0.004468480872044326,-1.54e-06,3.5650423254874415,4.237187022381605,-5.661729915252862,1.0052136313683062,7.969028842973086,0.12067054082980143,-85.50125478871283,-1.1573229341274334,44.093745577308574,0.6295741068180681,46.82480920938034,0.2719344611720337,-0.04270439754815331,0.00015748,0.042883873790951356,0.00081957,1,0.0
10989,0.012712995116390818,0.0013198277065725717,-1.54e-06,3.5650423254874415,4.237187022381605,-26.777007996265866,1.0052136313683062,3.892109220404205,0.12067054082980143,-64.96560369089032,-1.1573229341274334,58.30493413182283,0.6295741068180681,42.01784967285756,0.2719344611720337,-0.020790005565329114,0.00015748,0.02088056144526026,0.00081957,1,0.0
10990,0.11731991759673421,0.0038521657731839273,-1.54e-06,3.5650423254874415,4.237187022381605,17.32664107596014,1.0052136313683062,7.277960364109528,0.12067054082980143,-60.014244094406344,-1.1573229341274334,-15.491399659354585,0.6295741068180681,38.33132727441328,0.2719344611720337,-0.043508850316012,0.00015748,0.0435395286950157,0.00081957,1,0.0
10991,0.10000312625709477,0.0021839507039402677,-1.54e-06,3.5650423254874415,4.237187022381605,-44.64048457240399,1.0052136313683062,3.43543116080273,0.12067054082980143,-33.810907749019336,-1.1573229341274334,14.889205658132802,0.6295741068180681,35.01999040125087,0.2719344611720337,-0.023263453157461134,0.00015748,0.023551579808818213,0.00081957,1,0.0
10992,0.03200250572037783,0.005359051988766018,-1.54e-06,3.5650423254874415,4.237187022381605,18.681337608399,1.0052136313683062,8.094894798342631,0.12067054082980143,-84.95284344425355,-1.1573229341274334,30.270316578395892,0.6295741068180681,42.32672867112073,0.2719344611720337,-0.04795836907271307,0.00015748,0.04802390962646237,0.00081957,1,0.0
10993,0.04304813161078988,0.00014972217401540498,-1.54e-06,3.5650423254874415,4.237187022381605,-19.208646537978314,1.0052136313683062,1.269964572953129,0.12067054082980143,-21.440457532244213,-1.1573229341274334,13.301504602033857,0.6295741068180681,20.58026863362014,0.2719344611720337,-0.006401864097389946,0.00015748,0.0064318166607387995,0.00081957,1,0.0
10994,0.001090704507877377,0.01489574549865665,-1.54e-06,3.5650423254874415,4.237187022381605,9.319149116226532,1.0052136313683062,2.8576819732149445,0.12067054082980143,-23.66301339108094,-1.1573229341274334,22.947659111734183,0.6295741068180681,5.071008304478515,0.2719344611720337,-7.603960506388611e-05,0.00015748,0.02906777023487095,0.00081957,1,0.0
10995,-0.00012833870613265796,0.02094695334292184,-1.54e-06,3.5650423254874415,4.237187022381605,81.93660432544098,1.0052136313683062,7.748538857680074,0.12067054082980143,-64.39280430030254,-1.1573229341274334,6.0768184506061225,0.6295741068180681,11.320540784465045,0.2719344611720337,-0.021074947440980235,0.00015748,0.05713788026370242,0.00081957,1,0.0
10996,0.0005461637312229456,0.025945226458057788,-1.54e-06,3.5650423254874415,4.237187022381605,9.166043085848942,1.0052136313683062,1.7156967396996579,0.12067054082980143,-33.770951970230044,-1.1573229341274334,49.95170042798471,0.6295741068180681,12.232606695712189,0.2719344611720337,0.014475400579524641,0.00015748,0.0388709673592117,0.00081957,0,0.0
10997,0.0002804336220343373,0.03937930022910885,-1.54e-06,3.5650423254874415,4.237187022381605,53.418950770174696,1.0052136313683062,3.310283919009148,0.12067054082980143,-63.43844175409146,-1.1573229341274334,57.117041036371084,0.6295741068180681,21.275375115828936,0.2719344611720337,0.0006707102653462499,0.00015748,0.07226885462362943,0.00081957,0,0.0
10998,0.00021167255956784647,0.00896652791557034,-1.54e-06,3.5650423254874415,4.237187022381605,7.715329992760822,1.0052136313683062,1.375301211468578,0.12067054082980143,-52.889921559646595,-1.1573229341274334,40.12355800420864,0.6295741068180681,33.36034184332397,0.2719344611720337,-0.04453855368591861,0.00015748,0.04629140814927678,0.00081957,1,0.0
10999,0.35890781249914716,0.00973409138978182,-1.54e-06,3.5650423254874415,4.237187022381605,-69.00291211248681,1.0052136313683062,5.129525968255042,0.12067054082980143,-41.20190771669395,-1.1573229341274334,-50.142362180051386,0.6295741068180681,74.67209987442081,0.2719344611720337,-0.025099658239467457,0.00015748,0.025069810347751173,0.00081957,1,0.0
11000,0.43648314925829246,0.03907246337055843,-1.54e-06,4.315939991898444,2.5855106271620985,-44.9201543542446,1.0052136313683062,0.43305264215454814,0.12067054082980143,-11.838260262061958,-1.1573229341274334,0.061702360185942245,0.6295741068180681,36.04362787258647,0.2719344611720337,-0.009761411443952416,0.00015748,0.010555616559653107,0.00081957,1,0.0
11001,1.4955946253651013,0.8501523945862248,-1.54e-06,4.315939991898444,2.5855106271620985,26.27322817431009,1.0052136313683062,11.38480767593614,0.12067054082980143,-59.822497882620056,-1.1573229341274334,-52.902456682364786,0.6295741068180681,65.77542269709713,0.2719344611720337,-0.3793493024006614,0.00015748,0.3717449499205872,0.00081957,1,0.0
11002,-0.30900297028125223,1.7411760164688448,-1.54e-06,4.315939991898444,2.5855106271620985,56.129791890313825,1.0052136313683062,1.4660255375304119,0.12067054082980143,-38.30345868541409,-1.1573229341274334,78.60070268081134,0.6295741068180681,-21.667261495763572,0.2719344611720337,0.04171132270095057,0.00015748,2.0219819267300316,0.00081957,0,0.0
11003,-0.0009020350835837743,0.3218172920006651,-1.54e-06,4.315939991898444,2.5855106271620985,92.38149040677803,1.0052136313683062,4.539577613934561,0.12067054082980143,-55.296621949761054,-1.1573229341274334,32.084569972100475,0.6295741068180681,2.421724953600747,0.2719344611720337,0.13490687292121212,0.00015748,0.8073123893753649,0.00081957,0,0.0
11004,0.603435217425305,0.32968704481794653,-1.54e-06,4.315939991898444,2.5855106271620985,40.80746465778251,1.0052136313683062,3.6984543515059625,0.12067054082980143,-76.10831466460816,-1.1573229341274334,12.424119880827895,0.6295741068180681,72.75971933214306,0.2719344611720337,-0.3078946173148609,0.00015748,0.32968126319837876,0.00081957,1,0.0
11005,-0.8309031939054283,3.732166658176069,-1.54e-06,4.315939991898444,2.5855106271620985,-40.06675973650498,1.0052136313683062,5.2291975925061935,0.12067054082980143,-0.24161579756100587,-1.1573229341274334,34.30550112891585,0.6295741068180681,-52.550241051136965,0.2719344611720337,-0.6314779924514656,0.00015748,1.0503023479598959,0.00081957,1,0.0
11006,0.11741794118678417,0.006542742320128262,-1.54e-06,4.315939991898444,2.5855106271620985,-6.127583332321236,1.0052136313683062,2.328362814315465,0.12067054082980143,-33.986519838877584,-1.1573229341274334,13.72185235693067,0.6295741068180681,28.526739980306566,0.2719344611720337,-0.05551356826718476,0.00015748,0.05531000078931078,0.00081957,1,0.0
11007,-0.5889794287936445,2.526028093283574,-1.54e-06,4.315939991898444,2.5855106271620985,-36.559920166982494,1.0052136313683062,1.2423294749500018,0.12067054082980143,-22.892172531815355,-1.1573229341274334,81.63864774266257,0.6295741068180681,-20.354240515182035,0.2719344611720337,-0.14784417073069134,0.00015748,1.6306768139717462,0.00081957,1,0.0
11008,0.020708436782841066,0.017238855695715243,-1.54e-06,4.315939991898444,2.5855106271620985,-52.53959371239871,1.0052136313683062,2.459572922930441,0.12067054082980143,-66.26381155275146,-1.1573229341274334,48.91980107821061,0.6295741068180681,63.642919189848,0.2719344611720337,-0.05196397502111967,0.00015748,0.05274478987972893,0.00081957,1,0.0
11009,0.07206722920816555,0.013475203642268022,-1.54e-06,4.315939991898444,2.5855106271620985,-88.66381988469203,1.0052136313683062,-1.6266402314137896,0.12067054082980143,-24.439210373221663,-1.1573229341274334,37.3421730996498,0.6295741068180681,50.13728078884184,0.2719344611720337,-0.05539138531390347,0.00015748,0.056007153270765046,0.00081957,1,0.0
11010,-0.0026836873399207484,0.6334839521024056,-1.54e-06,4.315939991898444,2.5855106271620985,98.74000272069138,1.0052136313683062,5.099253406305249,0.12067054082980143,-2.329233017667458,-1.1573229341274334,-10.493172614540514,0.6295741068180681,-49.80005331831181,0.2719344611720337,-0.016206382349378157,0.00015748,0.8669288394407453,0.00081957,1,0.0
11011,0.05517639825935072,0.9684573494087915,-1.54e-06,4.315939991898444,2.5855106271620985,-68.19720602101191,1.0052136313683062,-6.106035416531136,0.12067054082980143,-38.082735320114764,-1.1573229341274334,66.58414638324186,0.6295741068180681,71.62637461888563,0.2719344611720337,-0.366508019308458,0.00015748,0.720261517591366,0.00081957,1,0.0
11012,0.001189273526854065,0.5466319662950929,-1.54e-06,4.315939991898444,2.5855106271620985,15.01791412366905,1.0052136313683062,0.4510557870435705,0.12067054082980143,-48.2474834845682,-1.1573229341274334,58.403844870676835,0.6295741068180681,26.166698318398325,0.2719344611720337,0.04355080985227644,0.00015748,1.0217532306063846,0.00081957,0,0.0
11013,1.3558530218405613,0.4289857302384381,-1.54e-06,4.315939991898444,2.5855106271620985,17.39801881977101,1.0052136313683062,7.752888908504246,0.12067054082980143,-63.41868545045202,-1.1573229341274334,-32.2924503977537,0.6295741068180681,79.91138609412414,0.2719344611720337,-0.17996740711908807,0.00015748,0.17840375801122063,0.00081957,1,0.0
11014,1.713543137854281,1.9450432733553162,-1.54e-06,4.315939991898444,2.5855106271620985,-56.783154355877755,1.0052136313683062,12.363604949273274,0.12067054082980143,-50.20553071738605,-1.1573229341274334,-58.758154670460264,0.6295741068180681,80.54885542756678,0.2719344611720337,-0.743798121369972,0.00015748,0.5560684691085662,0.00081957,1,0.0
11015,-0.2328124698347996,1.1554730272330411,-1.54e-06,4.315939991898444,2.5855106271620985,-68.51764645683642,1.0052136313683062,-0.8385473331154082,0.12067054082980143,-0.07950279285630575,-1.1573229341274334,45.461017686874,0.6295741068180681,-2.626346754256873,0.2719344611720337,-0.1448338521532253,0.00015748,0.8981857792121666,0.00081957,1,0.0
11016,-0.0015596450399156803,0.335863573008377,-1.54e-06,4.315939991898444,2.5855106271620985,27.87543803641591,1.0052136313683062,3.7696738686087063,0.12067054082980143,-27.048115698417952,-1.1573229341274334,16.40982071599807,0.6295741068180681,-2.653889125234697,0.2719344611720337,-0.01834832965427924,0.00015748,0.5481213499175097,0.00081957,1,0.0
11017,0.5070905121722483,0.03259773973504691,-1.54e-06,4.315939991898444,2.5855106271620985,-56.17157069544482,1.0052136313683062,3.5294606215284796,0.12067054082980143,-72.10443960890954,-1.1573229341274334,32.64745785148912,0.6295741068180681,85.30311064406165,0.2719344611720337,-0.07349148224590786,0.00015748,0.07385491297083814,0.00081957,1,0.0
11018,0.07246905281862959,0.0506604148242769,-1.54e-06,4.315939991898444,2.5855106271620985,-78.73037863925764,1.0052136313683062,-0.9086087460883738,0.12067054082980143,-46.37051183526284,-1.1573229341274334,48.54847062319828,0.6295741068180681,65.90418101943436,0.2719344611720337,-0.10751739126706744,0.00015748,0.10841807542154153,0.00081957,1,0.0
11019,0.10170430259403007,0.02828086920355282,-1.54e-06,4.315939991898444,2.5855106271620985,-1.754484467628229,1.0052136313683062,4.147272249648822,0.12067054082980143,-73.64362052876561,-1.1573229341274334,35.90251378002702,0.6295741068180681,56.87739561666454,0.2719344611720337,-0.09426269299110894,0.00015748,0.10002897662290515,0.00081957,1,0.0
11020,1.757922015648489,0.8040629177434836,-1.54e-06,4.315939991898444,2.5855106271620985,74.03306654253726,1.0052136313683062,9.22991420102265,0.12067054082980143,-53.2087200473982,-1.1573229341274334,-70.09048540947043,0.6295741068180681,69.39631358023298,0.2719344611720337,-0.23228952286704,0.00015748,0.23173155293614736,0.00081957,1,0.0
11021,0.7229575954665899,0.22301817267354362,-1.54e-06,4.315939991898444,2.5855106271620985,49.71680979969518,1.0052136313683062,3.187765083352323,0.12067054082980143,-35.213842151353184,-1.1573229341274334,-21.535386988314066,0.6295741068180681,39.743395060621275,0.2719344611720337,-0.21896145404044043,0.00015748,0.21797068886734816,0.00081957,1,0.0
11022,0.17100530488986648,0.03517660044819333,-1.54e-06,4.315939991898444,2.5855106271620985,-75.76618379107991,1.0052136313683062,0.7342197023677791,0.12067054082980143,-64.660983589914,-1.1573229341274334,52.17418510824922,0.6295741068180681,79.87603804914559,0.2719344611720337,-0.08567530385042617,0.00015748,0.08582628608073219,0.00081957,1,0.0
11023,0.08487502638834798,0.0930457910382694,-1.54e-06,4.315939991898444,2.5855106271620985,63.21877215807687,1.0052136313683062,6.910434191580136,0.12067054082980143,-56.526403210858,-1.1573229341274334,2.973052796117702,0.6295741068180681,15.983037966706137,0.2719344611720337,-0.1935572001434778,0.00015748,0.19737294913057316,0.00081957,1,0.0
11024,0.9864767688769276,1.4930992873352316,-1.54e-06,4.315939991898444,2.5855106271620985,94.93727417162432,1.0052136313683062,14.549907753416887,0.12067054082980143,-36.53596615427388,-1.1573229341274334,-73.69781422885796,0.6295741068180681,-3.4925984665023124,0.2719344611720337,-0.6629059679363959,0.00015748,0.6664851816763117,0.00081957,1,0.0
11025,0.004629703237282817,0.0016264398583841259,-1.54e-06,4.315939991898444,2.5855106271620985,-26.94048717365394,1.0052136313683062,0.1942851013480858,0.12067054082980143,-18.24535526121125,-1.1573229341274334,17.48085108236234,0.6295741068180681,21.922575719103225,0.2719344611720337,-0.0008537186042612611,0.00015748,0.0007679513762256702,0.00081957,1,0.0
11026,0.9956017046274477,4.133125162507119,-1.54e-06,4.315939991898444,2.5855106271620985,-62.40622057265187,1.0052136313683062,15.475705348975755,0.12067054082980143,-37.68627053164707,-1.1573229341274334,-57.803598680741196,0.6295741068180681,32.19426163481573,0.2719344611720337,-1.369845742260555,0.00015748,0.8763727872799016,0.00081957,1,0.0
11027,0.13988184088258715,0.011537022541969194,-1.54e-06,4.315939991898444,2.5855106271620985,-35.835234656186586,1.0052136313683062,3.12290941126908,0.12067054082980143,-66.31610940715395,-1.1573229341274334,39.19105792141411,0.6295741068180681,62.53379915343224,0.2719344611720337,-0.06577626497945552,0.00015748,0.06613929626486767,0.00081957,1,0.0
11028,-0.022798714569294498,1.0400815577853868,-1.54e-06,4.315939991898444,2.5855106271620985,19.75843584915764,1.0052136313683062,6.513461588095801,0.12067054082980143,-69.49795677990062,-1.1573229341274334,65.93496682105892,0.6295741068180681,14.098970690256488,0.2719344611720337,-0.007339432441987093,0.00015748,1.479063159472359,0.00081957,1,0.0
11029,0.9718580081540393,0.25195960423366853,-1.54e-06,4.315939991898444,2.5855106271620985,-45.33911234798047,1.0052136313683062,1.0830082307215112,0.12067054082980143,-29.804227125982496,-1.1573229341274334,-8.912002336128156,0.6295741068180681,72.19646694966632,0.2719344611720337,-0.14250664146517925,0.00015748,0.14151831739053886,0.00081957,1,0.0
11030,0.2358393981314988,0.03229855350845265,-1.54e-06,4.315939991898444,2.5855106271620985,29.8151343184333,1.0052136313683062,5.2370877391500334,0.12067054082980143,-65.54627973054772,-1.1573229341274334,15.496402844816608,0.6295741068180681,44.08043128825641,0.2719344611720337,-0.12349676013972984,0.00015748,0.12454585093245614,0.00081957,1,0.0
11031,-0.004257801069965483,0.5855764493652527,-1.54e-06,4.315939991898444,2.5855106271620985,-48.557147646176496,1.0052136313683062,-1.2673551654229271,0.12067054082980143,-41.99626662463409,-1.1573229341274334,69.47639813046034,0.6295741068180681,41.049249230439166,0.2719344611720337,-0.00976253853822212,0.00015748,0.9731254164616379,0.00081957,1,0.0
11032,2.0701248911457597,1.0954501244761412,-1.54e-06,4.315939991898444,2.5855106271620985,-21.31575874081618,1.0052136313683062,5.92731551816535,0.12067054082980143,-19.09928018483524,-1.1573229341274334,-76.22047709154587,0.6295741068180681,82.32099725405847,0.2719344611720337,-0.13260872571503696,0.00015748,0.13299932088466332,0.00081957,1,0.0
11033,1.0692440869957966,0.2995476539960919,-1.54e-06,4.315939991898444,2.5855106271620985,-5.788980948934581,1.0052136313683062,2.1819203905354843,0.12067054082980143,-8.74209842385448,-1.1573229341274334,-38.553316705462706,0.6295741068180681,44.003464659264054,0.2719344611720337,-0.08890727498461445,0.00015748,0.08883491066359403,0.00081957,1,0.0
11034,1.447945759951092,0.593193817661967,-1.54e-06,4.315939991898444,2.5855106271620985,77.13961402547879,1.0052136313683062,7.8164742162971415,0.12067054082980143,-26.81660707579364,-1.1573229341274334,-73.55426629360952,0.6295741068180681,37.058112712377905,0.2719344611720337,-0.18752103291370534,0.00015748,0.18797776112572737,0.00081957,1,0.0
11035,0.4425815441820684,0.03225983797347972,-1.54e-06,4.315939991898444,2.5855106271620985,-79.41540114830973,1.0052136313683062,0.6305510143575388,0.12067054082980143,-45.14956761366633,-1.1573229341274334,29.617439762242885,0.6295741068180681,73.6740083414792,0.2719344611720337,-0.04349281117650108,0.00015748,0.04567067780571523,0.00081957,1,0.0
11036,0.5422116423723174,0.04263959516101677,-1.54e-06,4.315939991898444,2.5855106271620985,-42.67724405804978,1.0052136313683062,3.8840050905322316,0.12067054082980143,-66.27422942437411,-1.1573229341274334,23.474279664919173,0.6295741068180681,77.12201957359488,0.2719344611720337,-0.08189511749999245,0.00015748,0.08243219542577673,0.00081957,1,0.0
11037,1.445634704938048,0.5178516751246043,-1.54e-06,4.315939991898444,2.5855106271620985,57.17250867325633,1.0052136313683062,9.638874845261833,0.12067054082980143,-72.83153306935596,-1.1573229341274334,-42.62732019810271,0.6295741068180681,76.81873730865891,0.2719344611720337,-0.22590232247911182,0.00015748,0.2277414493372806,0.00081957,1,0.0
11038,-0.04887250480236452,0.787453695525394,-1.54e-06,4.315939991898444,2.5855106271620985,-36.42530122132445,1.0052136313683062,-0.747053859042412,0.12067054082980143,-0.8668759838541844,-1.1573229341274334,37.101525974056194,0.6295741068180681,-3.4414630756198843,0.2719344611720337,-0.0678649376481576,0.00015748,0.9900080304832078,0.00081957,1,0.0
11039,1.139539726062867,0.2835136347151583,-1.54e-06,4.315939991898444,2.5855106271620985,-53.01376162437727,1.0052136313683062,2.6257119612276907,0.12067054082980143,-30.247216670641205,-1.1573229341274334,-17.85645244764562,0.6295741068180681,74.67790775193984,0.2719344611720337,-0.058906910368432326,0.00015748,0.05879396898769108,0.00081957,1,0.0
11040,1.2754565621047416,0.4809355357690728,-1.54e-06,4.315939991898444,2.5855106271620985,-70.93371469587814,1.0052136313683062,2.579979961817851,0.12067054082980143,-0.02840131754572653,-1.1573229341274334,-40.459051506426356,0.6295741068180681,55.58436368331441,0.2719344611720337,-0.1529993715826021,0.00015748,0.147045528875362,0.00081957,1,0.0
11041,0.9582866382046602,0.29129203333535925,-1.54e-06,4.315939991898444,2.5855106271620985,85.74384048055073,1.0052136313683062,8.46379684621116,0.12067054082980143,-86.70869972227128,-1.1573229341274334,-16.943870813027917,0.6295741068180681,69.03045688849159,0.2719344611720337,-0.2516187356580888,0.00015748,0.26306798878413273,0.00081957,1,0.0
11042,0.8299353680457009,0.1545195766968863,-1.54e-06,4.315939991898444,2.5855106271620985,-91.18131770923729,1.0052136313683062,-0.07886399267501364,0.12067054082980143,-9.531571772947636,-1.1573229341274334,-5.141824015110725,0.6295741068180681,61.15286910326959,0.2719344611720337,-0.02675563324160784,0.00015748,0.026507912225662192,0.00081957,1,0.0
11043,0.406559230159548,2.0242572086445834,-1.54e-06,4.315939991898444,2.5855106271620985,-20.21157349270477,1.0052136313683062,14.413881498227514,0.12067054082980143,-78.33419294329397,-1.1573229341274334,0.6089287681729955,0.6295741068180681,35.65822901465684,0.2719344611720337,-0.8597407886711755,0.00015748,0.8647333078729119,0.00081957,1,0.0
11044,1.0235900121580295,0.3047269602685417,-1.54e-06,4.315939991898444,2.5855106271620985,95.2285475581777,1.0052136313683062,7.991334479277694,0.12067054082980143,-56.88095159163736,-1.1573229341274334,-40.97814060131392,0.6295741068180681,43.75651319770301,0.2719344611720337,-0.21419248219257006,0.00015748,0.2175597689627398,0.00081957,1,0.0
11045,0.11860646154446558,0.011885782809731273,-1.54e-06,4.315939991898444,2.5855106271620985,-97.08211009162784,1.0052136313683062,1.7480956273652433,0.12067054082980143,-73.50890907491707,-1.1573229341274334,61.609972879612556,0.6295741068180681,86.1498176197926,0.2719344611720337,-0.03643259952019915,0.00015748,0.03925539527552233,0.00081957,1,0.0
11046,0.4262477656236725,0.015710046098809417,-1.54e-06,4.315939991898444,2.5855106271620985,-88.5921471570291,1.0052136313683062,2.1772262872330623,0.12067054082980143,-69.11887181289292,-1.1573229341274334,44.1521507208661,0.6295741068180681,91.13712373809491,0.2719344611720337,-0.037552180707091244,0.00015748,0.03773125560258387,0.00081957,1,0.0
11047,1.3047295196414503,0.42897371086771363,-1.54e-06,4.315939991898444,2.5855106271620985,69.32505193856984,1.0052136313683062,9.36803685572373,0.12067054082980143,-75.80799632187731,-1.1573229341274334,-36.9862549831535,0.6295741068180681,72.5712337604724,0.2719344611720337,-0.22884670162073592,0.00015748,0.23112272208769843,0.00081957,1,0.0
11048,0.00023647879428589924,0.05454422842587528,-1.54e-06,4.315939991898444,2.5855106271620985,-96.0079145899218,1.0052136313683062,-1.1096816982758593,0.12067054082980143,-41.649358777736666,-1.1573229341274334,53.81117750840549,0.6295741068180681,61.854961374598105,0.2719344611720337,-0.03797826236028119,0.00015748,0.10613811835074734,0.00081957,1,0.0
11049,0.6357928285001988,0.08109002461838015,-1.54e-06,4.315939991898444,2.5855106271620985,-67.39717065716624,1.0052136313683062,2.0365523735280298,0.12067054082980143,-32.834230022882146,-1.1573229341274334,7.19939229589193,0.6295741068180681,61.84168727646023,0.2719344611720337,-0.06956822743857857,0.00015748,0.07179314837244596,0.00081957,1,0.0
11050,-0.13504338246977365,1.4486974010408802,-1.54e-06,4.315939991898444,2.5855106271620985,33.621129662540014,1.0052136313683062,8.82244247817366,0.12067054082980143,-54.16105121919724,-1.1573229341274334,33.76558195710003,0.6295741068180681,-9.172820988075646,0.2719344611720337,-0.21625837908945855,0.00015748,1.1096462502437403,0.00081957,1,0.0
11051,-0.0007349130323470732,0.009081977602578041,-1.54e-06,4.315939991898444,2.5855106271620985,-16.604089439013936,1.0052136313683062,1.6087437167509633,0.12067054082980143,-36.29716830158111,-1.1573229341274334,24.07032785620273,0.6295741068180681,30.851398019532407,0.2719344611720337,-0.03111581477619286,0.00015748,0.03445019146411455,0.00081957,1,0.0
11052,1.7048695385430006,0.7000582369910331,-1.54e-06,4.315939991898444,2.5855106271620985,42.74684743804335,1.0052136313683062,9.246408706178856,0.12067054082980143,-70.3031351732679,-1.1573229341274334,-49.878590104207134,0.6295741068180681,89.47137411166766,0.2719344611720337,-0.22397708904425873,0.00015748,0.2235625987738521,0.00081957,1,0.0
11053,0.22786217052040203,1.6599991743418112,-1.54e-06,4.315939991898444,2.5855106271620985,-35.74968459384168,1.0052136313683062,-6.65429190189687,0.12067054082980143,-41.69076733629962,-1.1573229341274334,67.2537502422493,0.6295741068180681,73.15338306970038,0.2719344611720337,-0.3866518863978524,0.00015748,1.0845368870291852,0.00081957,1,0.0
11054,-0.001918658010486407,0.529297077361373,-1.54e-06,4.315939991898444,2.5855106271620985,20.06911644700575,1.0052136313683062,1.7775420155147565,0.12067054082980143,-45.140229258935854,-1.1573229341274334,52.10613581857585,0.6295741068180681,16.32084270098714,0.2719344611720337,0.05707247716368208,0.00015748,1.0378756610799948,0.00081957,0,0.0
11055,-0.012534601929618042,0.48759241237183876,-1.54e-06,4.315939991898444,2.5855106271620985,41.941028441169045,1.0052136313683062,0.4115740287444643,0.12067054082980143,-2.2466654641895993,-1.1573229341274334,15.113831081741028,0.6295741068180681,-19.780097201271733,0.2719344611720337,0.023954560762141308,0.00015748,0.813638722127123,0.00081957,0,0.0
11056,0.009683887236720534,0.497710877897374,-1.54e-06,4.315939991898444,2.5855106271620985,-4.0366846190900265,1.0052136313683062,2.7528518949954504,0.12067054082980143,-11.287771581174827,-1.1573229341274334,15.337075127397693,0.6295741068180681,-7.006075382320857,0.2719344611720337,-0.09931533695854095,0.00015748,0.6615170260573167,0.00081957,1,0.0
11057,-1.6475847295709456,9.584458749105119,-1.54e-06,4.315939991898444,2.5855106271620985,-14.668850866494545,1.0052136313683062,14.568346275261506,0.12067054082980143,-65.11366691733188,-1.1573229341274334,81.763487958331,0.6295741068180681,-70.36770905873608,0.2719344611720337,-1.1490349070353556,0.00015748,1.7651061464066427,0.00081957,1,0.0
11058,1.2668142274416772,7.116036668549751,-1.54e-06,4.315939991898444,2.5855106271620985,-0.11685863409642194,1.0052136313683062,24.41573767241161,0.12067054082980143,-77.0327436501725,-1.1573229341274334,-83.85179369148383,0.6295741068180681,33.60473668821351,0.2719344611720337,-1.8410370258638324,0.00015748,1.1983355567222387,0.00081957,1,0.0
11059,-0.0031288896912352593,0.7293154377067977,-1.54e-06,4.315939991898444,2.5855106271620985,88.34562292827266,1.0052136313683062,3.1011168693225835,0.12067054082980143,-37.57351827787889,-1.1573229341274334,40.984668655090594,0.6295741068180681,-15.744490379131788,0.2719344611720337,0.09804204828197682,0.00015748,1.4354663885137122,0.00081957,0,0.0
11060,0.399069383726228,0.18093758189749753,-1.54e-06,4.315939991898444,2.5855106271620985,-47.70510791271478,1.0052136313683062,6.548250177830545,0.12067054082980143,-75.0579311176471,-1.1573229341274334,27.835099566379643,0.6295741068180681,69.74370070797305,0.2719344611720337,-0.2675511076187,0.00015748,0.2680130542335439,0.00081957,1,0.0
11061,0.9356632834533563,0.2846381700322371,-1.54e-06,4.315939991898444,2.5855106271620985,94.06434231551901,1.0052136313683062,4.926416950906093,0.12067054082980143,-2.302595602122137,-1.1573229341274334,-66.62880256689292,0.6295741068180681,1.5345440110062945,0.2719344611720337,-0.13904688191994605,0.00015748,0.1390791671554786,0.00081957,1,0.0
11062,1.0160909560778808,0.242986880393309,-1.54e-06,4.315939991898444,2.5855106271620985,19.526248809001885,1.0052136313683062,8.64164246906781,0.12067054082980143,-84.11142684279808,-1.1573229341274334,-8.339094588172925,0.6295741068180681,81.49666510771064,0.2719344611720337,-0.20075653285101439,0.00015748,0.20216686801589415,0.00081957,1,0.0
11063,-0.0008393801144110924,0.5204953641901865,-1.54e-06,4.315939991898444,2.5855106271620985,94.5784727919844,1.0052136313683062,5.944219806575725,0.12067054082980143,-61.94407699934871,-1.1573229341274334,42.6322835810732,0.6295741068180681,-2.749400129729199,0.2719344611720337,0.12634771759540286,0.00015748,1.204874014987572,0.00081957,0,0.0
11064,0.0004057827784353929,0.16017292685993406,-1.54e-06,4.315939991898444,2.5855106271620985,20.685691809666764,1.0052136313683062,4.691464575906782,0.12067054082980143,-68.44884962233348,-1.1573229341274334,41.13456821665473,0.6295741068180681,35.53698055182709,0.2719344611720337,0.07841787952306636,0.00015748,0.3440553303423779,0.00081957,0,0.0
11065,1.1094198413697478,0.2952982544858106,-1.54e-06,4.315939991898444,2.5855106271620985,-35.97764418307931,1.0052136313683062,5.791142863819284,0.12067054082980143,-51.08480634870939,-1.1573229341274334,-15.088913553443609,0.6295741068180681,76.79361343193476,0.2719344611720337,-0.1572326014684369,0.00015748,0.15943999996794525,0.00081957,1,0.0
11066,1.4369185881697082,0.6046515143297463,-1.54e-06,4.315939991898444,2.5855106271620985,71.51874028471205,1.0052136313683062,8.703382020294534,0.12067054082980143,-33.743092070197186,-1.1573229341274334,-69.90275864891242,0.6295741068180681,40.67328566029619,0.2719344611720337,-0.21632844018016825,0.00015748,0.21449841940574785,0.00081957,1,0.0
11067,0.8154250997381913,5.66132961689474,-1.54e-06,4.315939991898444,2.5855106271620985,-26.22725542247636,1.0052136313683062,21.055782084777697,0.12067054082980143,-76.80023526736429,-1.1573229341274334,-45.08626246309577,0.6295741068180681,30.405118783108822,0.2719344611720337,-1.5661829545463537,0.00015748,1.1776467333591623,0.00081957,1,0.0
11068,0.0773200054973231,0.07122085503523132,-1.54e-06,4.315939991898444,2.5855106271620985,65.63510948022055,1.0052136313683062,7.250824131420623,0.12067054082980143,-89.85591891787102,-1.1573229341274334,25.196596596690583,0.6295741068180681,45.14949562655998,0.2719344611720337,-0.17102946783830053,0.00015748,0.17750228304020965,0.00081957,1,0.0
11069,0.4867825520542567,0.06655139618174376,-1.54e-06,4.315939991898444,2.5855106271620985,23.05309399273756,1.0052136313683062,5.8794370703245455,0.12067054082980143,-60.50743017528865,-1.1573229341274334,2.1681270541472055,0.6295741068180681,48.276615471232624,0.2719344611720337,-0.1378547522955194,0.00015748,0.13891545205577166,0.00081957,1,0.0
11070,0.05438353670117069,0.28548912747937705,-1.54e-06,4.315939991898444,2.5855106271620985,-55.321699923873545,1.0052136313683062,-2.301038791171694,0.12067054082980143,-47.92600224416687,-1.1573229341274334,50.07650989444188,0.6295741068180681,67.50339340070988,0.2719344611720337,-0.2904189119764681,0.00015748,0.30153477221684166,0.00081957,1,0.0
11071,0.0025639514575424016,0.2679394006605412,-1.54e-06,4.315939991898444,2.5855106271620985,98.33359410864765,1.0052136313683062,8.244498716767513,0.12067054082980143,-41.02542594404536,-1.1573229341274334,-13.64604726642576,0.6295741068180681,-15.528551927856666,0.2719344611720337,-0.23985177331542173,0.00015748,0.33062815614882046,0.00081957,1,0.0
11072,0.003276371578730952,0.13483667973270083,-1.54e-06,4.315939991898444,2.5855106271620985,18.73422520588128,1.0052136313683062,5.178600139035289,0.12067054082980143,-100.0,-1.1573229341274334,60.90236585630269,0.6295741068180681,64.35499858703034,0.2719344611720337,0.1263440451909924,0.00015748,0.2524071430799192,0.00081957,0,0.0
11073,1.1121512286426325,0.6508878859224205,-1.54e-06,4.315939991898444,2.5855106271620985,20.68237678291598,1.0052136313683062,12.170099229690837,0.12067054082980143,-85.03551816998893,-1.1573229341274334,-22.333947909179674,0.6295741068180681,71.80751902745948,0.2719344611720337,-0.41812817505386146,0.00015748,0.4123336235418744,0.00081957,1,0.0
11074,0.2781302909713861,0.008555457328086429,-1.54e-06,4.315939991898444,2.5855106271620985,-62.82171923107553,1.0052136313683062,1.6273127608976625,0.12067054082980143,-54.748291090250454,-1.1573229341274334,35.97118535561983,0.6295741068180681,68.70266894781906,0.2719344611720337,-0.03436163486923984,0.00015748,0.03464066796406453,0.00081957,1,0.0
11075,0.8928269896399312,0.39183679030415985,-1.54e-06,4.315939991898444,2.5855106271620985,7.448603898602983,1.0052136313683062,1.3353255357800597,0.12067054082980143,-37.99970067724224,-1.1573229341274334,-11.554590644672658,0.6295741068180681,65.13143453884567,0.2719344611720337,-0.290929172367889,0.00015748,0.2943606135440035,0.00081957,1,0.0
11076,0.6982209373252862,0.13714215849497333,-1.54e-06,4.315939991898444,2.5855106271620985,6.248745919606592,1.0052136313683062,3.300029471769634,0.12067054082980143,-12.667622817985002,-1.1573229341274334,-28.000302854170346,0.6295741068180681,25.678189870769913,0.2719344611720337,-0.08955729912083787,0.00015748,0.08932478568044477,0.00081957,1,0.0
11077,1.5329361512273296,0.5909551995478433,-1.54e-06,4.315939991898444,2.5855106271620985,47.54159837110699,1.0052136313683062,7.550695944300578,0.12067054082980143,-51.32808163273543,-1.1573229341274334,-52.734351288332356,0.6295741068180681,70.56346728061288,0.2719344611720337,-0.19758740452211387,0.00015748,0.19651964435037994,0.00081957,1,0.0
11078,0.6202686736233001,0.07198852161959411,-1.54e-06,4.315939991898444,2.5855106271620985,-21.16221493377608,1.0052136313683062,3.8195869058668417,0.12067054082980143,-59.013786204528444,-1.1573229341274334,11.330758566963524,0.6295741068180681,69.47133700176772,0.2719344611720337,-0.09691063962204878,0.00015748,0.09610269128652645,0.00081957,1,0.0
11079,0.22859002183928046,0.027112741591867304,-1.54e-06,4.315939991898444,2.5855106271620985,-2.8099294148238605,1.0052136313683062,5.0276763865868235,0.12067054082980143,-78.76179133473863,-1.1573229341274334,32.232325144703786,0.6295741068180681,63.564215474987115,0.2719344611720337,-0.1140488064113819,0.00015748,0.11425542527366858,0.00081957,1,0.0
11080,0.2845845272411329,0.06297574299456592,-1.54e-06,4.315939991898444,2.5855106271620985,59.55127187959132,1.0052136313683062,7.250247837560139,0.12067054082980143,-83.2203992045166,-1.1573229341274334,13.990689507897317,0.6295741068180681,48.62889640901853,0.2719344611720337,-0.1754663241079119,0.00015748,0.17566965107893678,0.00081957,1,0.0
11081,0.19810349038268016,0.6270908097680098,-1.54e-06,4.315939991898444,2.5855106271620985,24.714707496847428,1.0052136313683062,6.631706020652388,0.12067054082980143,-2.97155958829262,-1.1573229341274334,-30.06070721138646,0.6295741068180681,-21.0936542024515,0.2719344611720337,-0.4583043250439538,0.00015748,0.46567083234931084,0.00081957,1,0.0
11082,-0.15247199323304672,1.9409463841589938,-1.54e-06,4.315939991898444,2.5855106271620985,57.20059577341194,1.0052136313683062,9.898973549073233,0.12067054082980143,-0.11844599992798617,-1.1573229341274334,-34.742963180291206,0.6295741068180681,-58.21261601083932,0.2719344611720337,-0.7313259364223591,0.00015748,0.7719477281066139,0.00081957,1,0.0
11083,1.8194456722569141,0.8594532359277937,-1.54e-06,4.315939991898444,2.5855106271620985,46.74303325849075,1.0052136313683062,9.72010954511776,0.12067054082980143,-53.88660869391225,-1.1573229341274334,-67.91880338772462,0.6295741068180681,75.99682812679116,0.2719344611720337,-0.23161374639643403,0.00015748,0.22857326913697948,0.00081957,1,0.0
11084,-0.5435098924881296,2.330661698880583,-1.54e-06,4.315939991898444,2.5855106271620985,60.73899574433446,1.0052136313683062,6.573516880249605,0.12067054082980143,-37.77650532186266,-1.1573229341274334,50.755945473349165,0.6295741068180681,-43.53079146828669,0.2719344611720337,-0.12450640901622123,0.00015748,1.4647650852303356,0.00081957,1,0.0
11085,0.10238375443738157,0.014651995251228558,-1.54e-06,4.315939991898444,2.5855106271620985,-76.32813530281267,1.0052136313683062,1.7767677489458196,0.12067054082980143,-54.329197392624394,-1.1573229341274334,44.42554796748271,0.6295741068180681,63.22175598371641,0.2719344611720337,-0.07670186178935887,0.00015748,0.07791156166509458,0.00081957,1,0.0
11086,0.0011039661285899838,0.09943874006141179,-1.54e-06,4.315939991898444,2.5855106271620985,-3.1182334958714795,1.0052136313683062,1.6937623156483843,0.12067054082980143,-53.64944877787977,-1.1573229341274334,37.78089999940998,0.6295741068180681,41.94923445519369,0.2719344611720337,-0.0009272919162750387,0.00015748,0.17253780149473685,0.00081957,1,0.0
11087,0.28864911020828055,0.00998987277714471,-1.54e-06,4.315939991898444,2.5855106271620985,-38.86749372662189,1.0052136313683062,1.9445744744967979,0.12067054082980143,-44.74993152365917,-1.1573229341274334,22.771613459776855,0.6295741068180681,53.67560040546949,0.2719344611720337,-0.04063844442371955,0.00015748,0.040858921684659315,0.00081957,1,0.0
11088,-0.044980175246232545,1.4249266693070561,-1.54e-06,4.315939991898444,2.5855106271620985,-58.97017319985782,1.0052136313683062,-4.095900400342669,0.12067054082980143,-15.61959358895327,-1.1573229341274334,82.40031785017324,0.6295741068180681,18.4926548222754,0.2719344611720337,-0.06500533957923027,0.00015748,1.7368022764346125,0.00081957,1,0.0
11089,-0.5772444859845081,2.5673673885365735,-1.54e-06,4.315939991898444,2.5855106271620985,61.361629650308615,1.0052136313683062,7.33207163226652,0.12067054082980143,-43.00590797046388,-1.1573229341274334,55.058052762470304,0.6295741068180681,-44.0937559928118,0.2719344611720337,-0.1479107824322068,0.00015748,1.5549609986584605,0.00081957,1,0.0
11090,1.6539641294243042,0.7251090272645969,-1.54e-06,4.315939991898444,2.5855106271620985,10.605601994231987,1.0052136313683062,4.470916513891603,0.12067054082980143,-8.163216020588315,-1.1573229341274334,-70.66051403990234,0.6295741068180681,54.68530526786334,0.2719344611720337,-0.1145149553423411,0.00015748,0.11453803021896389,0.00081957,1,0.0
11091,-0.7120921328638352,4.825482963488424,-1.54e-06,4.315939991898444,2.5855106271620985,-74.24171405374565,1.0052136313683062,11.306120876045057,0.12067054082980143,-54.124756382966844,-1.1573229341274334,46.90748445555859,0.6295741068180681,-10.232856051327854,0.2719344611720337,-1.0524748863190128,0.00015748,1.1278593860274115,0.00081957,1,0.0
11092,-0.0013733212571016562,0.1437167826835987,-1.54e-06,4.315939991898444,2.5855106271620985,49.07605443513217,1.0052136313683062,3.5152103651599673,0.12067054082980143,-45.63410432955257,-1.1573229341274334,21.859424172330556,0.6295741068180681,13.712654081833543,0.2719344611720337,0.09486844493228959,0.00015748,0.28488130680644225,0.00081957,0,0.0
11093,1.2643081972869752,0.3693806974622231,-1.54e-06,4.315939991898444,2.5855106271620985,-90.0683758576694,1.0052136313683062,0.7691713521103802,0.12067054082980143,-22.845813189742465,-1.1573229341274334,-14.61826084407048,0.6295741068180681,87.72829811865174,0.2719344611720337,-0.07229528215349261,0.00015748,0.06894354063666712,0.00081957,1,0.0
11094,-0.002722768052890512,0.2473337590607441,-1.54e-06,4.315939991898444,2.5855106271620985,-66.40822852579684,1.0052136313683062,-1.1890811420721652,0.12067054082980143,-2.2723777596209165,-1.1573229341274334,27.54363197118933,0.6295741068180681,15.621624392669352,0.2719344611720337,-0.08131128172768123,0.00015748,0.40652146815771784,0.00081957,1,0.0
11095,1.3481795266560646,2.265473928829004,-1.54e-06,4.315939991898444,2.5855106271620985,61.30532724394482,1.0052136313683062,18.148516525988708,0.12067054082980143,-72.32490954506575,-1.1573229341274334,-66.00175349350518,0.6295741068180681,36.979545847163145,0.2719344611720337,-0.8251405805016694,0.00015748,0.8275417917737118,0.00081957,1,0.0
11096,-0.000880836679715169,0.4684733813386205,-1.54e-06,4.315939991898444,2.5855106271620985,71.89724655634839,1.0052136313683062,3.879798357779848,0.12067054082980143,-78.31102543337447,-1.1573229341274334,64.29734232829264,0.6295741068180681,25.871067749106672,0.2719344611720337,0.13400828240685647,0.00015748,1.1731803282233884,0.00081957,0,0.0
11097,0.9954160220524354,0.21072468595380195,-1.54e-06,4.315939991898444,2.5855106271620985,-67.63889212464606,1.0052136313683062,3.561812121476961,0.12067054082980143,-41.7703063787526,-1.1573229341274334,-4.401144069419587,0.6295741068180681,78.78189380268252,0.2719344611720337,-0.09951257627271365,0.00015748,0.09801694957277368,0.00081957,1,0.0
11098,-0.6947576831140478,2.752618107347017,-1.54e-06,4.315939991898444,2.5855106271620985,-20.07148405663112,1.0052136313683062,3.1808732497882155,0.12067054082980143,-36.934134854428095,-1.1573229341274334,84.37709767321917,0.6295741068180681,-21.688153943824215,0.2719344611720337,-0.16255902795617305,0.00015748,1.5792137392164192,0.00081957,1,0.0
11099,-0.1149465458250769,1.73954256899941,-1.54e-06,4.315939991898444,2.5855106271620985,95.71677560497699,1.0052136313683062,10.67542329391371,0.12067054082980143,-0.43164964398412775,-1.1573229341274334,-44.81713350111352,0.6295741068180681,-67.79555317058553,0.2719344611720337,-0.6698086060819434,0.00015748,0.7547990733498525,0.00081957,1,0.0
11100,0.0005776756592404623,0.006489954944573437,-1.54e-06,2.360253898083111,5.634017415187891,3.2733859786434394,1.0052136313683062,-0.5058971689325149,0.12067054082980143,-24.826004590535792,-1.1573229341274334,3.690853580645953,0.6295741068180681,15.58660842257606,0.2719344611720337,-0.01899176663159598,0.00015748,0.027259292334080195,0.00081957,1,0.0
11101,0.0009436403859780507,0.07497145271159429,-1.54e-06,2.360253898083111,5.634017415187891,35.39745143364852,1.0052136313683062,39.987981750543874,0.12067054082980143,-76.03481248791743,-1.1573229341274334,-68.57734340571014,0.6295741068180681,-13.5944673848651,0.2719344611720337,-0.10683047882406313,0.00015748,0.11635381810932433,0.00081957,1,0.0
11102,0.05285679732024891,0.00018964667459802818,-1.54e-06,2.360253898083111,5.634017415187891,-48.62191738656825,1.0052136313683062,0.9539551452770247,0.12067054082980143,-33.42086517597183,-1.1573229341274334,47.36088305312062,0.6295741068180681,34.185036511850036,0.2719344611720337,-0.0019184715456983885,0.00015748,0.0019146901001859608,0.00081957,1,0.0
11103,2.0037027747971115e-05,0.01757553419230334,-1.54e-06,2.360253898083111,5.634017415187891,52.30058137042764,1.0052136313683062,13.503095300907788,0.12067054082980143,-45.204779795296844,-1.1573229341274334,-55.32553616748289,0.6295741068180681,0.6463794244933363,0.2719344611720337,-0.01662615274891742,0.00015748,0.04745892314594856,0.00081957,1,0.0
11104,0.07851368823970042,0.00029883336097933787,-1.54e-06,2.360253898083111,5.634017415187891,-74.13528141207755,1.0052136313683062,5.708390154077791,0.12067054082980143,-73.73441524948431,-1.1573229341274334,65.66709296477816,0.6295741068180681,60.87790740811876,0.2719344611720337,-0.010558572714757873,0.00015748,0.010568459531467653,0.00081957,1,0.0
11105,0.06149658883277915,0.06575802751071462,-1.54e-06,2.360253898083111,5.634017415187891,70.44185727249578,1.0052136313683062,7.1327370278188305,0.12067054082980143,-94.7173612350106,-1.1573229341274334,-53.15998829815042,0.6295741068180681,44.31740649771827,0.2719344611720337,-0.0466205998712391,0.00015748,0.12883088659849992,0.00081957,1,0.0
11106,0.11761457618176871,0.08422245950921295,-1.54e-06,2.360253898083111,5.634017415187891,39.59628502533726,1.0052136313683062,-2.9561886216537143,0.12067054082980143,-71.25601759786251,-1.1573229341274334,-45.093683794507925,0.6295741068180681,58.572399228158346,0.2719344611720337,-0.05657944854916129,0.00015748,0.13975776401054962,0.00081957,1,0.0
11107,0.009821619801226894,0.004935742671299732,-1.54e-06,2.360253898083111,5.634017415187891,13.203144920826654,1.0052136313683062,13.011845825871944,0.12067054082980143,-60.45262154025732,-1.1573229341274334,-89.7292470691664,0.6295741068180681,27.074487250015395,0.2719344611720337,-0.04376802024119397,0.00015748,0.04380796058061229,0.00081957,1,0.0
11108,0.12547311126486438,0.001976281469516223,-1.54e-06,2.360253898083111,5.634017415187891,-77.93609072109251,1.0052136313683062,-2.3847525815084136,0.12067054082980143,-15.758997330533045,-1.1573229341274334,23.100217016675956,0.6295741068180681,47.08516605600592,0.2719344611720337,-0.012096767844064797,0.00015748,0.012137043463057074,0.00081957,1,0.0
11109,0.0004459606091391233,0.03336942654348359,-1.54e-06,2.360253898083111,5.634017415187891,75.44588676142932,1.0052136313683062,15.152183569889276,0.12067054082980143,-72.44651374565817,-1.1573229341274334,6.202093066511214,0.6295741068180681,2.3930548856558573,0.2719344611720337,-0.0005169823316351629,0.00015748,0.06707397182124247,0.00081957,1,0.0
11110,7.610783861694559e-05,0.0064795772798865135,-1.54e-06,2.360253898083111,5.634017415187891,13.564368392723987,1.0052136313683062,12.454059959688806,0.12067054082980143,-24.371781125540494,-1.1573229341274334,-38.49464570937289,0.6295741068180681,-2.539674079715098,0.2719344611720337,-0.03225989072097794,0.00015748,0.03348938025667138,0.00081957,1,0.0
11111,0.00017588846825973559,0.010008701058007744,-1.54e-06,2.360253898083111,5.634017415187891,14.263572430946441,1.0052136313683062,5.825556227455009,0.12067054082980143,-31.984701387282307,-1.1573229341274334,25.0244983616883,0.6295741068180681,5.036522118526718,0.2719344611720337,9.833384867391666e-05,0.00015748,0.019762572397322486,0.00081957,0,0.0
11112,0.0005454846114943818,0.005445479128840814,-1.54e-06,2.360253898083111,5.634017415187891,17.45882223211994,1.0052136313683062,9.343427994731208,0.12067054082980143,-49.86386961869574,-1.1573229341274334,-69.83101764358204,0.6295741068180681,21.298374281296287,0.2719344611720337,-0.036119451244361354,0.00015748,0.03964059373617398,0.00081957,1,0.0
11113,0.08134117986198597,0.00035711956901109907,-1.54e-06,2.360253898083111,5.634017415187891,-89.2426029579642,1.0052136313683062,6.757614187815436,0.12067054082980143,-93.22490150357864,-1.1573229341274334,99.85575310065487,0.6295741068180681,72.43267731584992,0.2719344611720337,-0.012268835594836155,0.00015748,0.012268682692678726,0.00081957,1,0.0
11114,0.016702268942600726,0.0003653988641583889,-1.54e-06,2.360253898083111,5.634017415187891,-32.904158053804174,1.0052136313683062,-2.134662082377469,0.12067054082980143,-13.629625909354935,-1.1573229341274334,69.98741723526017,0.6295741068180681,14.999038702526182,0.2719344611720337,-0.01058383134808796,0.00015748,0.010596094147064802,0.00081957,1,0.0
11115,0.0102249926742944,0.0013470613546955569,-1.54e-06,2.360253898083111,5.634017415187891,13.797728005890386,1.0052136313683062,6.15750906052058,0.12067054082980143,-20.952920815830705,-1.1573229341274334,-73.51565935611434,0.6295741068180681,10.000552318557533,0.2719344611720337,-0.023541254118793424,0.00015748,0.023539014876977828,0.00081957,1,0.0
11116,0.09740176450323959,0.0004289699066627594,-1.54e-06,2.360253898083111,5.634017415187891,-92.24262606479236,1.0052136313683062,4.485880711167662,0.12067054082980143,-74.27596857096582,-1.1573229341274334,91.52149048459275,0.6295741068180681,67.277661525406,0.2719344611720337,-0.008025428083865924,0.00015748,0.008024571657256447,0.00081957,1,0.0
11117,0.13762123944910015,0.004176350808251779,-1.54e-06,2.360253898083111,5.634017415187891,-80.51017247046026,1.0052136313683062,3.3679080634996046,0.12067054082980143,-70.11928135661387,-1.1573229341274334,-22.928903864663617,0.6295741068180681,80.88152081881162,0.2719344611720337,-0.02821394301185952,0.00015748,0.028557890894778587,0.00081957,1,0.0
11118,3.1142673891787487e-06,0.00840248130280574,-1.54e-06,2.360253898083111,5.634017415187891,21.06874321083408,1.0052136313683062,4.0843796848829905,0.12067054082980143,-14.614821181615977,-1.1573229341274334,-1.8967791865045462,0.6295741068180681,-2.3395419461282767,0.2719344611720337,0.0010422470575605913,0.00015748,0.015752775460315574,0.00081957,0,0.0
11119,0.0002496759005201632,0.034819009239091196,-1.54e-06,2.360253898083111,5.634017415187891,24.671640990147203,1.0052136313683062,23.7817716510369,0.12067054082980143,-93.78052440311959,-1.1573229341274334,80.36725640715557,0.6295741068180681,8.399037961163435,0.2719344611720337,-0.029831452222045154,0.00015748,0.073352837335477,0.00081957,1,0.0
11120,0.00039967371940653057,0.00614398338214309,-1.54e-06,2.360253898083111,5.634017415187891,24.11889481967785,1.0052136313683062,3.7790579423122286,0.12067054082980143,-5.189753679030478,-1.1573229341274334,-28.064872823737122,0.6295741068180681,-5.757752208542672,0.2719344611720337,-0.002346559037646953,0.00015748,0.014387987869376385,0.00081957,1,0.0
11121,0.0003296919578716917,0.0227107578239441,-1.54e-06,2.360253898083111,5.634017415187891,20.97812215628548,1.0052136313683062,-4.554460721095952,0.12067054082980143,-8.225044038904382,-1.1573229341274334,98.79608608465863,0.6295741068180681,-4.783175571353761,0.2719344611720337,-0.001838410494562126,0.00015748,0.04318631064090346,0.00081957,1,0.0
11122,0.19909979286503368,0.030750453394229837,-1.54e-06,2.360253898083111,5.634017415187891,-70.05535967530022,1.0052136313683062,19.39008670089537,0.12067054082980143,-10.30161929198095,-1.1573229341274334,-97.39811389075389,0.6295741068180681,30.492506552619215,0.2719344611720337,-0.07449304208694502,0.00015748,0.0743072778766071,0.00081957,1,0.0
11123,0.01110368328756945,0.0001436186174045396,-1.54e-06,2.360253898083111,5.634017415187891,7.273839376900967,1.0052136313683062,1.8417340053771016,0.12067054082980143,-0.09633761673304339,-1.1573229341274334,-43.092740480172324,0.6295741068180681,1.4899507858953869,0.2719344611720337,-0.00790880583492035,0.00015748,0.00792913932764083,0.00081957,1,0.0
11124,0.00011103729724945555,0.005576168381579735,-1.54e-06,2.360253898083111,5.634017415187891,20.716037737884196,1.0052136313683062,12.402378861216581,0.12067054082980143,-30.573493938329836,-1.1573229341274334,-60.27876709770621,0.6295741068180681,2.0987798177611503,0.2719344611720337,-0.02882408465073056,0.00015748,0.03199263919685883,0.00081957,1,0.0
11125,0.1572067882959219,0.0013709559096315674,-1.54e-06,2.360253898083111,5.634017415187891,-95.38646998684298,1.0052136313683062,9.398246246274349,0.12067054082980143,-87.04703162803995,-1.1573229341274334,-10.460086312976623,0.6295741068180681,87.5397063074672,0.2719344611720337,-0.02206849663146848,0.00015748,0.02213727764162668,0.00081957,1,0.0
11126,2.378625431995185e-05,0.005877596877360827,-1.54e-06,2.360253898083111,5.634017415187891,-7.307508009870851,1.0052136313683062,12.074245562893026,0.12067054082980143,-79.09976937479605,-1.1573229341274334,12.47306550101746,0.6295741068180681,33.32542008402369,0.2719344611720337,-0.02900784464283418,0.00015748,0.035204424125454686,0.00081957,1,0.0
11127,0.09049368365899864,0.001201274726741974,-1.54e-06,2.360253898083111,5.634017415187891,-61.919554018981074,1.0052136313683062,8.731367125592234,0.12067054082980143,-78.83285654962206,-1.1573229341274334,1.4004416935759536,0.6295741068180681,64.979641831159,0.2719344611720337,-0.023772821657943134,0.00015748,0.0237687583583916,0.00081957,1,0.0
11128,0.15859464809986917,0.0012731688567706968,-1.54e-06,2.360253898083111,5.634017415187891,-80.3471148480902,1.0052136313683062,8.95401840019703,0.12067054082980143,-65.3842008488042,-1.1573229341274334,-49.865404787451425,0.6295741068180681,74.7605286429985,0.2719344611720337,-0.020659490258854715,0.00015748,0.020628146043197692,0.00081957,1,0.0
11129,0.026848360990596384,0.0019257626682526424,-1.54e-06,2.360253898083111,5.634017415187891,-37.043652589872934,1.0052136313683062,9.981477307895458,0.12067054082980143,-85.48296625429377,-1.1573229341274334,29.789155373804324,0.6295741068180681,49.92412555694884,0.2719344611720337,-0.028034607111075256,0.00015748,0.02803515809089785,0.00081957,1,0.0
11130,0.10212929420913694,0.0006025067744399138,-1.54e-06,2.360253898083111,5.634017415187891,-75.13029932803727,1.0052136313683062,7.57386566391551,0.12067054082980143,-75.1571307080063,-1.1573229341274334,27.309600340141976,0.6295741068180681,66.36190740586966,0.2719344611720337,-0.015919931026575147,0.00015748,0.015944202578531772,0.00081957,1,0.0
11131,0.06676094631413265,0.00021301306513392095,-1.54e-06,2.360253898083111,5.634017415187891,-38.42134824276092,1.0052136313683062,3.644349381297437,0.12067054082980143,-31.73189877327104,-1.1573229341274334,-8.364738425809806,0.6295741068180681,34.19583985299513,0.2719344611720337,-0.007969563432000136,0.00015748,0.007962150380566881,0.00081957,1,0.0
11132,-1.024895424792116e-05,0.016871017179805985,-1.54e-06,2.360253898083111,5.634017415187891,-2.452718580599246,1.0052136313683062,5.935917497081822,0.12067054082980143,-91.28212503860419,-1.1573229341274334,-11.75460731956501,0.6295741068180681,52.03581098265196,0.2719344611720337,-0.053798347120560315,0.00015748,0.06326290174957898,0.00081957,1,0.0
11133,0.00028196937498248253,0.006505124341353451,-1.54e-06,2.360253898083111,5.634017415187891,28.163185380257044,1.0052136313683062,6.019689086932346,0.12067054082980143,-25.450144923500364,-1.1573229341274334,-67.54721329482913,0.6295741068180681,7.345921167328552,0.2719344611720337,-0.023458565143163145,0.00015748,0.03266940404440598,0.00081957,1,0.0
11134,0.042677593318766416,0.001417920672158163,-1.54e-06,2.360253898083111,5.634017415187891,-8.289659374238175,1.0052136313683062,8.224375455055725,0.12067054082980143,-38.351800207983075,-1.1573229341274334,-66.43318151279874,0.6295741068180681,27.10419363853158,0.2719344611720337,-0.025414746630939244,0.00015748,0.025430604834886555,0.00081957,1,0.0
11135,0.00027266216962718026,0.014987630257972263,-1.54e-06,2.360253898083111,5.634017415187891,47.47415310059529,1.0052136313683062,12.797538373692676,0.12067054082980143,-51.79740524734783,-1.1573229341274334,-84.02677680243863,0.6295741068180681,10.641334714768929,0.2719344611720337,-0.030528775505615825,0.00015748,0.052956797073791945,0.00081957,1,0.0
11136,5.127684043898517e-06,0.024273103372376096,-1.54e-06,2.360253898083111,5.634017415187891,72.27990186312401,1.0052136313683062,12.73425931332171,0.12067054082980143,-47.47578232779472,-1.1573229341274334,-67.52721761288846,0.6295741068180681,-0.7880519095117446,0.2719344611720337,-0.016192236107440132,0.00015748,0.06056107688457627,0.00081957,1,0.0
11137,0.014862965057089256,8.09606369457046e-05,-1.54e-06,2.360253898083111,5.634017415187891,-42.65267504931599,1.0052136313683062,3.019045846819468,0.12067054082980143,-54.19100174587683,-1.1573229341274334,84.5026231212524,0.6295741068180681,34.1720033492046,0.2719344611720337,-0.005322854795714885,0.00015748,0.005319737635841986,0.00081957,1,0.0
11138,0.05092523148836062,0.0161879720998976,-1.54e-06,2.360253898083111,5.634017415187891,-23.015284513229265,1.0052136313683062,20.441455583104627,0.12067054082980143,-58.071597150906356,-1.1573229341274334,-21.865515164794193,0.6295741068180681,21.076961902656112,0.2719344611720337,-0.056223326023551616,0.00015748,0.05630148718690429,0.00081957,1,0.0
11139,7.91806809390394e-05,0.010256042552246495,-1.54e-06,2.360253898083111,5.634017415187891,36.35491913936609,1.0052136313683062,6.266957248364032,0.12067054082980143,-0.02659404219533827,-1.1573229341274334,-31.624249448474973,0.6295741068180681,-15.883925306584617,0.2719344611720337,-0.0032193376592234285,0.00015748,0.021835901534919846,0.00081957,1,0.0
11140,-5.591497941326296e-07,0.02429909169685897,-1.54e-06,2.360253898083111,5.634017415187891,5.64965493898149,1.0052136313683062,23.555303273129397,0.12067054082980143,-75.68312249776595,-1.1573229341274334,13.486504484945598,0.6295741068180681,9.902300823867806,0.2719344611720337,-0.05459456335752701,0.00015748,0.06553149786438556,0.00081957,1,0.0
11141,0.08573808622430429,0.0019157314236299106,-1.54e-06,2.360253898083111,5.634017415187891,-27.011767985696565,1.0052136313683062,9.344938227392431,0.12067054082980143,-50.02798771268567,-1.1573229341274334,-88.36319649865183,0.6295741068180681,45.58751085005891,0.2719344611720337,-0.03046824209759097,0.00015748,0.030501974588181616,0.00081957,1,0.0
11142,0.023175395267175686,0.0022311984678621702,-1.54e-06,2.360253898083111,5.634017415187891,-21.461229259513154,1.0052136313683062,11.32265097793463,0.12067054082980143,-68.34619214904947,-1.1573229341274334,-1.748928144277584,0.6295741068180681,35.70840114850259,0.2719344611720337,-0.028336925680815545,0.00015748,0.028353773295825172,0.00081957,1,0.0
11143,0.41135100676822567,0.11682740085459592,-1.54e-06,2.360253898083111,5.634017415187891,83.56870610406303,1.0052136313683062,19.40921377080452,0.12067054082980143,-56.446198785466336,-1.1573229341274334,-98.26308683182786,0.6295741068180681,42.869910947608425,0.2719344611720337,0.08117843419166892,0.00015748,0.13277277365540543,0.00081957,0,0.0
11144,0.033141282715887316,0.0031591457478373215,-1.54e-06,2.360253898083111,5.634017415187891,-12.237560895885677,1.0052136313683062,12.508465772763817,0.12067054082980143,-67.52418518333016,-1.1573229341274334,-50.20387717558246,0.6295741068180681,37.5556056241203,0.2719344611720337,-0.03580402541956054,0.00015748,0.03582771115700702,0.00081957,1,0.0
11145,9.753719216734624e-05,0.02939321382630557,-1.54e-06,2.360253898083111,5.634017415187891,49.05988209853056,1.0052136313683062,9.554831751324066,0.12067054082980143,-38.56476019697409,-1.1573229341274334,82.75605813565028,0.6295741068180681,-12.5851520624319,0.2719344611720337,0.016804274854198317,0.00015748,0.04215525299160109,0.00081957,0,0.0
11146,0.05248935774825589,0.03411481545519796,-1.54e-06,2.360253898083111,5.634017415187891,-5.142182943706025,1.0052136313683062,-8.08741046466973,0.12067054082980143,-32.53772203430133,-1.1573229341274334,-31.618322797811025,0.6295741068180681,44.533035645583126,0.2719344611720337,-0.058629471616620035,0.00015748,0.07859515797306137,0.00081957,1,0.0
11147,0.00013100593838834274,0.01437976839078106,-1.54e-06,2.360253898083111,5.634017415187891,40.2064996087883,1.0052136313683062,4.55342109346952,0.12067054082980143,-2.0539436212768347,-1.1573229341274334,-3.901004443954786,0.6295741068180681,-16.18912859440722,0.2719344611720337,0.009072979759641112,0.00015748,0.01968877403524213,0.00081957,0,0.0
11148,2.849634735953982e-05,0.022724639022295372,-1.54e-06,2.360253898083111,5.634017415187891,65.87999719737712,1.0052136313683062,4.0333908143515815,0.12067054082980143,-2.5215055105315054,-1.1573229341274334,-13.568568952656268,0.6295741068180681,-21.03369080303622,0.2719344611720337,0.013184395149642782,0.00015748,0.033607457484809436,0.00081957,0,0.0
11149,0.00012801460444258894,0.005601401000000884,-1.54e-06,2.360253898083111,5.634017415187891,35.00093294020348,1.0052136313683062,10.238716841879116,0.12067054082980143,-26.281951807587806,-1.1573229341274334,-99.44356080182185,0.6295741068180681,3.2104279260067727,0.2719344611720337,-0.02901147650369645,0.00015748,0.034849476197365795,0.00081957,1,0.0
11150,0.07851415486203189,0.0004923034154321133,-1.54e-06,2.360253898083111,5.634017415187891,-72.76117598890846,1.0052136313683062,1.6837508641153724,0.12067054082980143,-55.86117592083093,-1.1573229341274334,67.91351329337459,0.6295741068180681,54.82297647366808,0.2719344611720337,-0.0019246033155052025,0.00015748,0.001978691864943415,0.00081957,1,0.0
11151,0.00027328521642767944,0.022289160324126773,-1.54e-06,2.360253898083111,5.634017415187891,29.60006575016377,1.0052136313683062,5.669702522157585,0.12067054082980143,-43.363569572865124,-1.1573229341274334,81.91058962265349,0.6295741068180681,1.909947844435534,0.2719344611720337,0.018874676002821594,0.00015748,0.027425975352765582,0.00081957,0,0.0
11152,0.13303053025564418,0.0012088073683434663,-1.54e-06,2.360253898083111,5.634017415187891,-74.59920268389,1.0052136313683062,9.42650537810398,0.12067054082980143,-74.35449934926852,-1.1573229341274334,-28.358952948140274,0.6295741068180681,72.83871216641977,0.2719344611720337,-0.022976434653243397,0.00015748,0.02301381597598073,0.00081957,1,0.0
11153,0.001630381362559108,0.10152273798141616,-1.54e-06,2.360253898083111,5.634017415187891,16.001937791504577,1.0052136313683062,33.923311143408,0.12067054082980143,-17.289497358811385,-1.1573229341274334,-10.245859539809997,0.6295741068180681,-43.65537064521478,0.2719344611720337,-0.13337497471086168,0.00015748,0.1328784288554788,0.00081957,1,0.0
11154,2.9156469163259258e-05,0.010799070077905128,-1.54e-06,2.360253898083111,5.634017415187891,25.687978759062524,1.0052136313683062,3.4332554846232766,0.12067054082980143,-5.2215737939222215,-1.1573229341274334,9.807188631883273,0.6295741068180681,-10.032878743806794,0.2719344611720337,0.006082697453057498,0.00015748,0.01543564867960611,0.00081957,0,0.0
11155,0.00020199054149896978,0.011944779849683135,-1.54e-06,2.360253898083111,5.634017415187891,4.820266962615009,1.0052136313683062,11.226521213254621,0.12067054082980143,-74.21641698213801,-1.1573229341274334,40.69761102679465,0.6295741068180681,24.912085482016696,0.2719344611720337,-0.014166647011973208,0.00015748,0.035462330369179826,0.00081957,1,0.0
11156,0.1373065274554705,0.036993084843483515,-1.54e-06,2.360253898083111,5.634017415187891,-85.88880819097334,1.0052136313683062,-19.396425869052965,0.12067054082980143,-9.712802455641786,-1.1573229341274334,7.377386255756956,0.6295741068180681,74.51682931126147,0.2719344611720337,-0.07277151850362473,0.00015748,0.0742295533272126,0.00081957,1,0.0
11157,0.0002441062242894143,0.006038610539722705,-1.54e-06,2.360253898083111,5.634017415187891,32.06095818577748,1.0052136313683062,11.757203203484638,0.12067054082980143,-32.29593950500877,-1.1573229341274334,-91.7144269606582,0.6295741068180681,4.714944441549421,0.2719344611720337,-0.030154008961696364,0.00015748,0.035887751448504805,0.00081957,1,0.0
11158,0.09817714685070597,0.02276188911293847,-1.54e-06,2.360253898083111,5.634017415187891,-89.5929216475797,1.0052136313683062,-16.381207743196736,0.12067054082980143,-25.88374701191139,-1.1573229341274334,80.03172287502667,0.6295741068180681,68.51700566715178,0.2719344611720337,-0.05663007364610832,0.00015748,0.05664724149450383,0.00081957,1,0.0
11159,0.07183653994753454,0.0022419994174111063,-1.54e-06,2.360253898083111,5.634017415187891,-31.29881112245913,1.0052136313683062,9.666242433267607,0.12067054082980143,-64.00118349220912,-1.1573229341274334,-57.75375482375987,0.6295741068180681,50.190812152587526,0.2719344611720337,-0.032038814027470566,0.00015748,0.032109661361681696,0.00081957,1,0.0
11160,0.15049639939081816,0.000929780698793877,-1.54e-06,2.360253898083111,5.634017415187891,-67.85963630559607,1.0052136313683062,5.945756232601861,0.12067054082980143,-37.49803422793134,-1.1573229341274334,-61.57790864971877,0.6295741068180681,58.290668986871346,0.2719344611720337,-0.012058096581360575,0.00015748,0.012068928321870426,0.00081957,1,0.0
11161,0.19763363337925324,0.002863515483864849,-1.54e-06,2.360253898083111,5.634017415187891,-95.43976262062223,1.0052136313683062,0.16004457127972074,0.12067054082980143,-21.594953319196307,-1.1573229341274334,-49.8891783254969,0.6295741068180681,68.51268546711326,0.2719344611720337,-0.004363572453632215,0.00015748,0.004507415193345441,0.00081957,1,0.0
11162,2.3594764199795504e-05,0.0038907927644440416,-1.54e-06,2.360253898083111,5.634017415187891,-15.126448533350283,1.0052136313683062,3.324534343634457,0.12067054082980143,-40.51297715583309,-1.1573229341274334,61.94950310651446,0.6295741068180681,18.177071587735625,0.2719344611720337,-0.0016223773311500721,0.00015748,0.009324807049152803,0.00081957,1,0.0
11163,0.01839921653157521,0.0012470421155224088,-1.54e-06,2.360253898083111,5.634017415187891,-29.91268295730429,1.0052136313683062,8.103457194381283,0.12067054082980143,-69.76278424438503,-1.1573229341274334,29.925021247162025,0.6295741068180681,39.66915494692759,0.2719344611720337,-0.02210635903279208,0.00015748,0.02215538666758079,0.00081957,1,0.0
11164,0.07023940875427725,0.0008433946010397022,-1.54e-06,2.360253898083111,5.634017415187891,-18.44833133536537,1.0052136313683062,7.378833757450592,0.12067054082980143,-23.878912909477435,-1.1573229341274334,-71.87969459223622,0.6295741068180681,25.630168343950178,0.2719344611720337,-0.01788884257254558,0.00015748,0.01791091171198624,0.00081957,1,0.0
11165,-8.990886447873825e-06,0.024841799859434684,-1.54e-06,2.360253898083111,5.634017415187891,35.73043184031732,1.0052136313683062,9.846910520867514,0.12067054082980143,-67.07561499256975,-1.1573229341274334,70.99162705993496,0.6295741068180681,10.416720562960135,0.2719344611720337,0.008449049509311957,0.00015748,0.04259741880607615,0.00081957,0,0.0
11166,0.15152079052595507,0.000971978207457031,-1.54e-06,2.360253898083111,5.634017415187891,-65.89216804257053,1.0052136313683062,5.578080324899166,0.12067054082980143,-31.124910576670974,-1.1573229341274334,-65.93107924098827,0.6295741068180681,54.806509234767965,0.2719344611720337,-0.010613484608635398,0.00015748,0.010625582691599394,0.00081957,1,0.0
11167,0.00013792633358042372,0.00818946767291724,-1.54e-06,2.360253898083111,5.634017415187891,3.424130754463351,1.0052136313683062,11.895625281623463,0.12067054082980143,-47.859441084918494,-1.1573229341274334,14.79276670318208,0.6295741068180681,10.181879148516487,0.2719344611720337,-0.02247448697520211,0.00015748,0.031975483163727274,0.00081957,1,0.0
11168,0.00023621744426918778,0.0203690342898105,-1.54e-06,2.360253898083111,5.634017415187891,69.10527468460809,1.0052136313683062,9.683758977091498,0.12067054082980143,-18.142809196138128,-1.1573229341274334,-57.475071275465886,0.6295741068180681,-15.37107955164912,0.2719344611720337,-0.0011473554127440048,0.00015748,0.04135562948496639,0.00081957,1,0.0
11169,0.00012352512014876527,0.017400548331740335,-1.54e-06,2.360253898083111,5.634017415187891,40.670795289438736,1.0052136313683062,9.89809698813466,0.12067054082980143,-26.139945864202357,-1.1573229341274334,2.1615760444464827,0.6295741068180681,-9.589088679587812,0.2719344611720337,-0.0008489149304856114,0.00015748,0.03335771105896891,0.00081957,1,0.0
11170,0.12303267557231777,0.0030763268662084282,-1.54e-06,2.360253898083111,5.634017415187891,-64.5756329720554,1.0052136313683062,15.214896327511536,0.12067054082980143,-95.98729918127316,-1.1573229341274334,-51.79953828069866,0.6295741068180681,76.78464246021346,0.2719344611720337,-0.03854485770940949,0.00015748,0.03856388765376027,0.00081957,1,0.0
11171,9.311067573059689e-05,0.005442348617927838,-1.54e-06,2.360253898083111,5.634017415187891,13.814703240234966,1.0052136313683062,3.4885603390577486,0.12067054082980143,-2.6752449726545287,-1.1573229341274334,0.4709009036899173,0.6295741068180681,-7.4295136097122265,0.2719344611720337,-0.004299242477890901,0.00015748,0.014132780446576575,0.00081957,1,0.0
11172,0.04568934542232267,0.0011025743712087545,-1.54e-06,2.360253898083111,5.634017415187891,-68.13186243102871,1.0052136313683062,6.778336907653769,0.12067054082980143,-97.19141447420589,-1.1573229341274334,88.8045629214008,0.6295741068180681,66.32202893782035,0.2719344611720337,-0.01937330253237003,0.00015748,0.01938433973848874,0.00081957,1,0.0
11173,0.0001682935726061846,0.009851528383662862,-1.54e-06,2.360253898083111,5.634017415187891,-7.868631685660201,1.0052136313683062,9.189769599418801,0.12067054082980143,-82.7062763537805,-1.1573229341274334,52.34817846730271,0.6295741068180681,35.65591270437887,0.2719344611720337,-0.01850951177943328,0.00015748,0.03490693909275807,0.00081957,1,0.0
11174,0.031045441948039217,0.00023396442460089226,-1.54e-06,2.360253898083111,5.634017415187891,-30.14060736104413,1.0052136313683062,4.312436286676145,0.12067054082980143,-42.48988815521922,-1.1573229341274334,21.90884082284643,0.6295741068180681,30.255498927141915,0.2719344611720337,-0.010501857398339661,0.00015748,0.010510497823149433,0.00081957,1,0.0
11175,-8.609730452760478e-06,0.025196087767762946,-1.54e-06,2.360253898083111,5.634017415187891,41.35863502905374,1.0052136313683062,7.87571866804049,0.12067054082980143,-40.21581591545096,-1.1573229341274334,73.45608685672163,0.6295741068180681,-5.783373974797837,0.2719344611720337,0.019437613620775555,0.00015748,0.03249988977249344,0.00081957,0,0.0
11176,0.050037956707952885,0.0085532179468315,-1.54e-06,2.360253898083111,5.634017415187891,-29.656703730854673,1.0052136313683062,18.24318818797374,0.12067054082980143,-73.45410103583366,-1.1573229341274334,-13.566334765609813,0.6295741068180681,35.15660179434271,0.2719344611720337,-0.04440789168482053,0.00015748,0.04449967956565109,0.00081957,1,0.0
11177,0.00036833101094099763,0.03594022150711021,-1.54e-06,2.360253898083111,5.634017415187891,56.396995682177256,1.0052136313683062,15.401839356051143,0.12067054082980143,-52.16770806007299,-1.1573229341274334,84.71809096925801,0.6295741068180681,-14.919065456971273,0.2719344611720337,0.004671610211033531,0.00015748,0.06047151944736405,0.00081957,0,0.0
11178,0.10339906943915644,0.003846352239678304,-1.54e-06,2.360253898083111,5.634017415187891,-43.97764500311201,1.0052136313683062,15.115028178049528,0.12067054082980143,-87.5576709365991,-1.1573229341274334,-80.97971895736886,0.6295741068180681,66.91227999642038,0.2719344611720337,-0.04276759608260844,0.00015748,0.04283471671166063,0.00081957,1,0.0
11179,0.055076612390542096,0.003923636137388882,-1.54e-06,2.360253898083111,5.634017415187891,-16.12875017177785,1.0052136313683062,13.823344562305651,0.12067054082980143,-72.19318102889704,-1.1573229341274334,-78.50831643009339,0.6295741068180681,45.426682948668834,0.2719344611720337,-0.041070099965019424,0.00015748,0.041189204576526375,0.00081957,1,0.0
11180,0.11607898690912974,0.0005398534572925256,-1.54e-06,2.360253898083111,5.634017415187891,-60.24113477532408,1.0052136313683062,4.343733710549695,0.12067054082980143,-35.26112690184037,-1.1573229341274334,-25.20827726994924,0.6295741068180681,49.0389225598639,0.2719344611720337,-0.007861136659766496,0.00015748,0.007860830235774403,0.00081957,1,0.0
11181,0.2014022606674143,0.003905308181066291,-1.54e-06,2.360253898083111,5.634017415187891,-99.88463392090328,1.0052136313683062,-2.2890538630542117,0.12067054082980143,-13.928140246775598,-1.1573229341274334,-40.11173290889643,0.6295741068180681,67.82364774119952,0.2719344611720337,-0.01044364990288576,0.00015748,0.010485409699629413,0.00081957,1,0.0
11182,0.09929738773116306,0.05665476581303978,-1.54e-06,2.360253898083111,5.634017415187891,25.043122754637345,1.0052136313683062,-4.454501409373407,0.12067054082980143,-39.92389484551946,-1.1573229341274334,-99.8413685942689,0.6295741068180681,48.74186488158916,0.2719344611720337,-0.061905490398166584,0.00015748,0.10934802167425825,0.00081957,1,0.0
11183,0.0003819858893204797,0.009509238944653576,-1.54e-06,2.360253898083111,5.634017415187891,11.928009370818096,1.0052136313683062,3.3930192424917727,0.12067054082980143,-14.793382121153622,-1.1573229341274334,37.04472308931278,0.6295741068180681,-3.0909797714699216,0.2719344611720337,0.002511464036696588,0.00015748,0.0161836079056968,0.00081957,0,0.0
11184,0.0005118490350082272,0.0270415640017916,-1.54e-06,2.360253898083111,5.634017415187891,74.77859750606295,1.0052136313683062,18.938928028172622,0.12067054082980143,-70.42891537140667,-1.1573229341274334,-81.60825124894383,0.6295741068180681,5.580727398670205,0.2719344611720337,-0.026618218083163066,0.00015748,0.07155573369335227,0.00081957,1,0.0
11185,0.1120045979826958,0.0010560222119161498,-1.54e-06,2.360253898083111,5.634017415187891,-35.614160923940965,1.0052136313683062,7.544915691385459,0.12067054082980143,-33.965570151697825,-1.1573229341274334,-97.6370140154782,0.6295741068180681,44.40577693169637,0.2719344611720337,-0.022040419030871884,0.00015748,0.022038431662400212,0.00081957,1,0.0
11186,0.00016740073692772528,0.019353579347946275,-1.54e-06,2.360253898083111,5.634017415187891,37.888065768620834,1.0052136313683062,19.970042328397305,0.12067054082980143,-89.07820655459237,-1.1573229341274334,-50.857683576303245,0.6295741068180681,22.620084166004254,0.2719344611720337,-0.03720325605013738,0.00015748,0.06307167000821473,0.00081957,1,0.0
11187,0.12564587614936296,0.0062714305924157845,-1.54e-06,2.360253898083111,5.634017415187891,-73.7189060524043,1.0052136313683062,9.538511590361232,0.12067054082980143,-37.24104993605453,-1.1573229341274334,13.248427451725977,0.6295741068180681,42.769899500873684,0.2719344611720337,-0.03550763274729336,0.00015748,0.03553378753207008,0.00081957,1,0.0
11188,0.21960785299392252,0.11660332108575888,-1.54e-06,2.360253898083111,5.634017415187891,58.44718922506083,1.0052136313683062,-7.558521497276572,0.12067054082980143,-30.095243295503906,-1.1573229341274334,75.92580981707633,0.6295741068180681,31.69545313604462,0.2719344611720337,0.0005442902856847148,0.00015748,0.1600107441887193,0.00081957,0,0.0
11189,-2.8579489976005013e-05,0.021579359614776677,-1.54e-06,2.360253898083111,5.634017415187891,75.974096546598,1.0052136313683062,14.942176717976343,0.12067054082980143,-25.27090450304625,-1.1573229341274334,-89.37934229278137,0.6295741068180681,-17.039601032201066,0.2719344611720337,-0.01275222353824261,0.00015748,0.05025739206328621,0.00081957,1,0.0
11190,9.708670662220142e-05,0.02609805611613013,-1.54e-06,2.360253898083111,5.634017415187891,25.064284407251094,1.0052136313683062,9.805539103782742,0.12067054082980143,-1.3065228480474236,-1.1573229341274334,62.18544834985901,0.6295741068180681,-28.14004226809404,0.2719344611720337,-0.03201770729643008,0.00015748,0.06108922868824729,0.00081957,1,0.0
11191,0.07481154302431983,0.0004513562455177142,-1.54e-06,2.360253898083111,5.634017415187891,-51.965970280405095,1.0052136313683062,1.514810041978233,0.12067054082980143,-24.7908257628003,-1.1573229341274334,26.18929622070859,0.6295741068180681,33.63301780477835,0.2719344611720337,-0.007108376377539246,0.00015748,0.007110621717688899,0.00081957,1,0.0
11192,0.0002792946672632024,0.021431647033686236,-1.54e-06,2.360253898083111,5.634017415187891,47.710186982179124,1.0052136313683062,12.16642845726198,0.12067054082980143,-52.44430889533118,-1.1573229341274334,2.1360264627548777,0.6295741068180681,2.061651116802538,0.2719344611720337,-0.0029667338327154583,0.00015748,0.04476075293860934,0.00081957,1,0.0
11193,0.0001914563975895095,0.008447350113510249,-1.54e-06,2.360253898083111,5.634017415187891,-10.977784317790787,1.0052136313683062,7.367234536315955,0.12067054082980143,-54.450728299681046,-1.1573229341274334,79.57062372858503,0.6295741068180681,17.87974085082106,0.2719344611720337,-0.005965501589645351,0.00015748,0.021584933333855784,0.00081957,1,0.0
11194,0.00010851632728332838,0.01582447333297517,-1.54e-06,2.360253898083111,5.634017415187891,3.222389365613333,1.0052136313683062,-4.298542288293118,0.12067054082980143,-25.14422779605403,-1.1573229341274334,67.18780865232065,0.6295741068180681,14.251500484644968,0.2719344611720337,-0.015382654201126665,0.00015748,0.038940584409061174,0.00081957,1,0.0
11195,0.0027819747312674697,0.0007912025331542518,-1.54e-06,2.360253898083111,5.634017415187891,-24.79307119798693,1.0052136313683062,6.7482896072254315,0.12067054082980143,-59.371319095319876,-1.1573229341274334,47.026328296666954,0.6295741068180681,29.83726852464714,0.2719344611720337,-0.01634942761794766,0.00015748,0.016387867564223082,0.00081957,1,0.0
11196,0.0035261831745330707,0.005739305755665853,-1.54e-06,2.360253898083111,5.634017415187891,22.902811189033656,1.0052136313683062,14.94441791841122,0.12067054082980143,-38.20823136917923,-1.1573229341274334,-89.57386375322547,0.6295741068180681,6.318063925622588,0.2719344611720337,-0.0380090471574646,0.00015748,0.03817611046847373,0.00081957,1,0.0
11197,4.985547966965265e-05,0.03588051601688208,-1.54e-06,2.360253898083111,5.634017415187891,66.15531948713061,1.0052136313683062,16.566301825478835,0.12067054082980143,-83.42784279443266,-1.1573229341274334,65.33986660078463,0.6295741068180681,3.048402987797686,0.2719344611720337,0.01096317514946087,0.00015748,0.06251718313609118,0.00081957,0,0.0
11198,0.09506902161644307,0.00048244359710260904,-1.54e-06,2.360253898083111,5.634017415187891,-96.47462331252551,1.0052136313683062,7.194388867035752,0.12067054082980143,-99.20161390215638,-1.1573229341274334,95.63303314448021,0.6295741068180681,79.6911893874668,0.2719344611720337,-0.013465386190860639,0.00015748,0.01346943875741866,0.00081957,1,0.0
11199,0.13218120447404144,0.009204855815110451,-1.54e-06,2.360253898083111,5.634017415187891,-74.89263617050682,1.0052136313683062,19.50673905770417,0.12067054082980143,-87.83336255691071,-1.1573229341274334,-16.032667642489145,0.6295741068180681,64.7297082829807,0.2719344611720337,-0.04681235849108484,0.00015748,0.04710354808928348,0.00081957,1,0.0
11200,0.00039688176080288073,0.2360564848847812,-1.54e-06,1.0400317752440658,2.5682498578706694,70.44064123017007,1.0052136313683062,46.213235309464864,0.12067054082980143,-77.94364345115169,-1.1573229341274334,3.7605727146699284,0.6295741068180681,-25.013148253319063,0.2719344611720337,1.2384037294320107,0.00015748,5.7942674950456725,0.00081957,0,0.0
11201,2.2582094961539205,1.59514546472177,-1.54e-06,1.0400317752440658,2.5682498578706694,24.143782761558228,1.0052136313683062,54.707167794707196,0.12067054082980143,-86.12586634982974,-1.1573229341274334,-64.61557736184848,0.6295741068180681,44.18107748681711,0.2719344611720337,0.26812444047730777,0.00015748,5.395085899206624,0.00081957,0,0.0
11202,0.753084189970825,0.18242285160713534,-1.54e-06,1.0400317752440658,2.5682498578706694,-11.14840209864166,1.0052136313683062,19.064221621850383,0.12067054082980143,-72.46411815351756,-1.1573229341274334,30.520386103971873,0.6295741068180681,40.873242070617984,0.2719344611720337,0.2984664076061967,0.00015748,1.513235745446785,0.00081957,0,0.0
11203,0.6168623937405759,0.22182360754971925,-1.54e-06,1.0400317752440658,2.5682498578706694,36.556479440253504,1.0052136313683062,29.136045001403605,0.12067054082980143,-28.242559256775234,-1.1573229341274334,-41.54990192197483,0.6295741068180681,-6.733566433836249,0.2719344611720337,0.27143167396985457,0.00015748,3.4037272485281296,0.00081957,0,0.0
11204,1.5357893031123662,0.648636804957663,-1.54e-06,1.0400317752440658,2.5682498578706694,-44.2372985178435,1.0052136313683062,9.607624415039423,0.12067054082980143,-66.08392069279537,-1.1573229341274334,16.015749960472622,0.6295741068180681,75.34938901471848,0.2719344611720337,-0.2934890964825247,0.00015748,0.2938606943805954,0.00081957,1,0.0
11205,3.2279484522198767,2.8477555554454628,-1.54e-06,1.0400317752440658,2.5682498578706694,-53.00899470554479,1.0052136313683062,14.563642722731922,0.12067054082980143,-28.795852138007366,-1.1573229341274334,-73.59931379063936,0.6295741068180681,94.15396093806507,0.2719344611720337,-0.565638920756062,0.00015748,0.5756815576832287,0.00081957,1,0.0
11206,-0.3806537601366575,1.5634216875873355,-1.54e-06,1.0400317752440658,2.5682498578706694,58.0644632875019,1.0052136313683062,20.633515654783956,0.12067054082980143,-41.716087289935395,-1.1573229341274334,63.740164481865264,0.6295741068180681,-42.534291221529124,0.2719344611720337,2.7306808390926514,0.00015748,3.6558851588144843,0.00081957,0,0.0
11207,0.003933876471234887,0.0234710194834225,-1.54e-06,1.0400317752440658,2.5682498578706694,29.59714756070031,1.0052136313683062,15.132670046434871,0.12067054082980143,-11.801170707453625,-1.1573229341274334,-16.639350122792504,0.6295741068180681,-16.449787056714122,0.2719344611720337,0.28569486430207136,0.00015748,2.057599892044956,0.00081957,0,0.0
11208,1.457219779337341,0.7111223594721688,-1.54e-06,1.0400317752440658,2.5682498578706694,-3.160476085440403,1.0052136313683062,20.71686181661947,0.12067054082980143,-35.0468868612408,-1.1573229341274334,-29.096950235751745,0.6295741068180681,33.44353994182522,0.2719344611720337,0.2905570353792819,0.00015748,1.840193119889188,0.00081957,0,0.0
11209,0.9764673549402989,0.2657868367655978,-1.54e-06,1.0400317752440658,2.5682498578706694,-33.0629015882365,1.0052136313683062,5.772903335166874,0.12067054082980143,-53.790342116256475,-1.1573229341274334,23.85564926024551,0.6295741068180681,55.25488136898396,0.2719344611720337,-0.1361251380140453,0.00015748,0.13620656075839893,0.00081957,1,0.0
11210,-0.2562632133868805,1.3079433712422293,-1.54e-06,1.0400317752440658,2.5682498578706694,63.16513646760126,1.0052136313683062,24.6186318653264,0.12067054082980143,-53.255888225446334,-1.1573229341274334,50.62337026991578,0.6295741068180681,-36.358221997862756,0.2719344611720337,2.3207706441136455,0.00015748,4.576690930277526,0.00081957,0,0.0
11211,-0.02378398514196922,0.7519501846752084,-1.54e-06,1.0400317752440658,2.5682498578706694,53.21168724512792,1.0052136313683062,20.483089974531914,0.12067054082980143,-34.829236062053816,-1.1573229341274334,27.58653776697091,0.6295741068180681,-31.042802795942638,0.2719344611720337,1.9069411345493008,0.00015748,3.8255746091826404,0.00081957,0,0.0
11212,0.0015204163010209548,0.009898504258812403,-1.54e-06,1.0400317752440658,2.5682498578706694,43.40112487623056,1.0052136313683062,37.286148604134354,0.12067054082980143,-76.06781227820281,-1.1573229341274334,3.4935724816378464,0.6295741068180681,-3.6756815848563633,0.2719344611720337,0.26784662210711874,0.00015748,4.318804771532475,0.00081957,0,0.0
11213,0.0004749941618578113,0.002689635102367372,-1.54e-06,1.0400317752440658,2.5682498578706694,30.658879077041416,1.0052136313683062,36.16977269272088,0.12067054082980143,-93.84025434596563,-1.1573229341274334,26.720778864215784,0.6295741068180681,10.40295185916144,0.2719344611720337,0.2681552373316538,0.00015748,3.8888861110675714,0.00081957,0,0.0
11214,-0.0002887102702500144,0.20479482576094263,-1.54e-06,1.0400317752440658,2.5682498578706694,10.567549581195525,1.0052136313683062,10.385533696942959,0.12067054082980143,-44.75270817234873,-1.1573229341274334,53.896269150098746,0.6295741068180681,1.7819016198133497,0.2719344611720337,1.2176675139234292,0.00015748,1.4265638859909284,0.00081957,0,0.0
11215,1.684068096399649,1.600170715766362,-1.54e-06,1.0400317752440658,2.5682498578706694,-43.922319906097286,1.0052136313683062,-1.822310677782868,0.12067054082980143,-33.72307002954662,-1.1573229341274334,11.101442628230071,0.6295741068180681,64.9442928356482,0.2719344611720337,-0.45672994671006073,0.00015748,0.429252728631594,0.00081957,1,0.0
11216,0.00043466312982021194,0.06626877510966529,-1.54e-06,1.0400317752440658,2.5682498578706694,67.38160206957953,1.0052136313683062,33.35451390842233,0.12067054082980143,-20.242047558209897,-1.1573229341274334,-48.68890876332422,0.6295741068180681,-38.353801725016545,0.2719344611720337,0.3706954682472525,0.00015748,4.630491759506498,0.00081957,0,0.0
11217,0.006380743331793115,0.4890787465627246,-1.54e-06,1.0400317752440658,2.5682498578706694,-17.02869772677315,1.0052136313683062,-4.542104258059878,0.12067054082980143,-31.372789135464668,-1.1573229341274334,49.546361987430764,0.6295741068180681,21.182081803603367,0.2719344611720337,-0.4494781141878129,0.00015748,0.4494682061268651,0.00081957,1,0.0
11218,0.0014109685139387373,0.014152624327369835,-1.54e-06,1.0400317752440658,2.5682498578706694,23.37246308628726,1.0052136313683062,28.610896051704064,0.12067054082980143,-79.95839778267558,-1.1573229341274334,32.41733290778192,0.6295741068180681,9.628725955985143,0.2719344611720337,0.4645820387912398,0.00015748,3.0738597291029013,0.00081957,0,0.0
11219,0.0014583071148840249,0.3176222649987716,-1.54e-06,1.0400317752440658,2.5682498578706694,2.0262042174345622,1.0052136313683062,1.9461151521170708,0.12067054082980143,-32.68600507987511,-1.1573229341274334,66.01134849919968,0.6295741068180681,1.931755366427122,0.2719344611720337,0.3325299669354743,0.00015748,1.7590111097209986,0.00081957,0,0.0
11220,0.0044576270113074745,5.95764883136246e-06,-1.54e-06,1.0400317752440658,2.5682498578706694,0.8713248128808525,1.0052136313683062,24.277717593771666,0.12067054082980143,-99.09688733532225,-1.1573229341274334,62.35659542467039,0.6295741068180681,31.05781420313094,0.2719344611720337,0.28639606555607877,0.00015748,2.1296276362671334,0.00081957,0,0.0
11221,-0.0009018637142332864,0.2647186934295986,-1.54e-06,1.0400317752440658,2.5682498578706694,90.95182199125583,1.0052136313683062,51.67048183220231,0.12067054082980143,-65.63899795459749,-1.1573229341274334,-26.71813373400148,0.6295741068180681,-41.46728537153257,0.2719344611720337,1.116051082484427,0.00015748,6.910933151121592,0.00081957,0,0.0
11222,2.202472603384133,1.506734398808981,-1.54e-06,1.0400317752440658,2.5682498578706694,-8.420638074608641,1.0052136313683062,27.20495333630319,0.12067054082980143,-41.80918248973073,-1.1573229341274334,-50.60302716952719,0.6295741068180681,50.033851165625684,0.2719344611720337,0.28109308400365074,0.00015748,2.362693469128444,0.00081957,0,0.0
11223,1.2506633580113178,2.211121868716242,-1.54e-06,1.0400317752440658,2.5682498578706694,-56.083393963062846,1.0052136313683062,-4.106321312245508,0.12067054082980143,-59.67211814195084,-1.1573229341274334,50.311610733296156,0.6295741068180681,76.02231870284783,0.2719344611720337,-0.9961341197707043,0.00015748,0.20317277777713105,0.00081957,1,0.0
11224,-0.00027240612024592714,0.009727226020381362,-1.54e-06,1.0400317752440658,2.5682498578706694,-7.453526328241683,1.0052136313683062,16.21810499960023,0.12067054082980143,-86.57155105374271,-1.1573229341274334,72.91323389822729,0.6295741068180681,30.848304437966732,0.2719344611720337,0.5264451270154393,0.00015748,1.2976898914779662,0.00081957,0,0.0
11225,0.0006511233370178893,0.03060085153165741,-1.54e-06,1.0400317752440658,2.5682498578706694,5.367658729004689,1.0052136313683062,22.438235999116937,0.12067054082980143,-92.72660104037065,-1.1573229341274334,67.52343521248149,0.6295741068180681,24.1489980024495,0.2719344611720337,0.7616960929025522,0.00015748,2.1347384697137386,0.00081957,0,0.0
11226,0.11894424790144109,0.02729416056664333,-1.54e-06,1.0400317752440658,2.5682498578706694,45.44386515088975,1.0052136313683062,39.532219788779564,0.12067054082980143,-76.69595309166094,-1.1573229341274334,-3.28516598760454,0.6295741068180681,-3.066915856261405,0.2719344611720337,0.26466052244348637,0.00015748,4.572355898752951,0.00081957,0,0.0
11227,0.0005988637474514391,0.00820490569688121,-1.54e-06,1.0400317752440658,2.5682498578706694,38.53320182153852,1.0052136313683062,34.5631287846065,0.12067054082980143,-74.01297978759625,-1.1573229341274334,7.544957404940166,0.6295741068180681,-1.2163645160791328,0.2719344611720337,0.2669158443369575,0.00015748,3.965895780097563,0.00081957,0,0.0
11228,2.519473332390903,2.0058109406664304,-1.54e-06,1.0400317752440658,2.5682498578706694,20.783013605342454,1.0052136313683062,50.307010417946735,0.12067054082980143,-67.67561140164557,-1.1573229341274334,-81.72593579688262,0.6295741068180681,44.46458707158362,0.2719344611720337,0.2633707508771108,0.00015748,5.050719224793544,0.00081957,0,0.0
11229,2.530788768707027,1.9437231268863857,-1.54e-06,1.0400317752440658,2.5682498578706694,-4.584130119900923,1.0052136313683062,35.6004642396924,0.12067054082980143,-55.71068991309848,-1.1573229341274334,-60.88814232777159,0.6295741068180681,57.06403236216263,0.2719344611720337,0.27357482658553933,0.00015748,3.2142781546547825,0.00081957,0,0.0
11230,1.4731413591605034,0.8587051238745094,-1.54e-06,1.0400317752440658,2.5682498578706694,41.67350456835513,1.0052136313683062,44.518797165451694,0.12067054082980143,-42.221192148875744,-1.1573229341274334,-75.73836440089916,0.6295741068180681,6.551965400340118,0.2719344611720337,0.26550794812702794,0.00015748,4.79867924995417,0.00081957,0,0.0
11231,0.0009109229836208321,0.03807584467346504,-1.54e-06,1.0400317752440658,2.5682498578706694,34.06485089125511,1.0052136313683062,31.46209979386042,0.12067054082980143,-75.08243743936724,-1.1573229341274334,22.56884366048618,0.6295741068180681,0.5313537660213404,0.2719344611720337,0.6063398372416593,0.00015748,3.6094609175451753,0.00081957,0,0.0
11232,-0.05388952657000079,1.0701332703026019,-1.54e-06,1.0400317752440658,2.5682498578706694,14.184295319087408,1.0052136313683062,-5.275566042242149,0.12067054082980143,-12.635811514327498,-1.1573229341274334,76.13666738668273,0.6295741068180681,-16.59251715663544,0.2719344611720337,0.3005361331259966,0.00015748,2.903777737734736,0.00081957,0,0.0
11233,0.742594437618302,0.1512110859984851,-1.54e-06,1.0400317752440658,2.5682498578706694,-6.150516734737786,1.0052136313683062,28.589963199560852,0.12067054082980143,-99.75766773740997,-1.1573229341274334,39.91016003614009,0.6295741068180681,46.4396138080581,0.2719344611720337,0.2823298488076835,0.00015748,2.4001880961175504,0.00081957,0,0.0
11234,2.788381629834855,2.1440213918674136,-1.54e-06,1.0400317752440658,2.5682498578706694,-51.09763706331356,1.0052136313683062,13.931568308398017,0.12067054082980143,-40.620264200930556,-1.1573229341274334,-49.98282599604803,0.6295741068180681,90.33719159692684,0.2719344611720337,-0.5386929438741328,0.00015748,0.5369692095813352,0.00081957,1,0.0
11235,1.5209559633125531,0.7521582652334873,-1.54e-06,1.0400317752440658,2.5682498578706694,8.156201200994598,1.0052136313683062,33.650441095813534,0.12067054082980143,-59.95163100020377,-1.1573229341274334,-31.04763173043797,0.6295741068180681,34.97815832372864,0.2719344611720337,0.2746693581480597,0.00015748,3.1338926320575693,0.00081957,0,0.0
11236,0.0008455181749180696,0.04731238476229718,-1.54e-06,1.0400317752440658,2.5682498578706694,65.6266056868306,1.0052136313683062,33.723556471703716,0.12067054082980143,-21.508669370895877,-1.1573229341274334,-49.70543748619305,0.6295741068180681,-36.46188503067003,0.2719344611720337,0.2647092039341481,0.00015748,4.559915143538035,0.00081957,0,0.0
11237,0.43592251355918266,0.07204099361616173,-1.54e-06,1.0400317752440658,2.5682498578706694,-20.98793401616998,1.0052136313683062,3.9283215240384006,0.12067054082980143,-42.44325694288127,-1.1573229341274334,27.06077888876384,0.6295741068180681,35.24532989277091,0.2719344611720337,-0.10104127340202204,0.00015748,0.10187965212696201,0.00081957,1,0.0
11238,1.549083581330061,0.6741216587719566,-1.54e-06,1.0400317752440658,2.5682498578706694,-44.69919276979057,1.0052136313683062,9.857206212829372,0.12067054082980143,-67.61532823411396,-1.1573229341274334,16.17932146968065,0.6295741068180681,76.5441372201785,0.2719344611720337,-0.30815597133393646,0.00015748,0.3110363506041013,0.00081957,1,0.0
11239,0.002507875903790424,0.013352283046604923,-1.54e-06,1.0400317752440658,2.5682498578706694,55.63256439504123,1.0052136313683062,44.91227241337989,0.12067054082980143,-84.54791960032412,-1.1573229341274334,-4.978290528779938,0.6295741068180681,-8.700735217810935,0.2719344611720337,0.2624397160616967,0.00015748,5.279974136426652,0.00081957,0,0.0
11240,0.04247919848653592,0.006025966482880077,-1.54e-06,1.0400317752440658,2.5682498578706694,-14.723471386282073,1.0052136313683062,12.974229576116644,0.12067054082980143,-84.64087371086104,-1.1573229341274334,74.34980765549498,0.6295741068180681,36.31976616560696,0.2719344611720337,0.34297799978384436,0.00015748,0.9378503901908374,0.00081957,0,0.0
11241,0.10016983945090319,0.39717991042509265,-1.54e-06,1.0400317752440658,2.5682498578706694,17.91017932399353,1.0052136313683062,28.965087280948993,0.12067054082980143,-61.94517846460143,-1.1573229341274334,26.44986734185178,0.6295741068180681,3.8168060266994397,0.2719344611720337,0.45945618983531455,0.00015748,2.4108583333330516,0.00081957,0,0.0
11242,-0.028585978593203887,0.8668401678679035,-1.54e-06,1.0400317752440658,2.5682498578706694,48.4223724522002,1.0052136313683062,28.780575953081733,0.12067054082980143,-74.37349602452343,-1.1573229341274334,66.5320609942824,0.6295741068180681,-18.1411815400039,0.2719344611720337,2.5589249057538836,0.00015748,3.988091189836508,0.00081957,0,0.0
11243,0.0008690162924014366,0.03614839925657468,-1.54e-06,1.0400317752440658,2.5682498578706694,64.95440959834748,1.0052136313683062,49.60823321165092,0.12067054082980143,-90.13464726504613,-1.1573229341274334,-6.387692932006414,0.6295741068180681,-13.625699919382265,0.2719344611720337,0.4433015893356287,0.00015748,5.943489945709507,0.00081957,0,0.0
11244,-0.8444861666673131,2.4642259867583425,-1.54e-06,1.0400317752440658,2.5682498578706694,73.1414840170591,1.0052136313683062,14.53616456764793,0.12067054082980143,-17.32024720067392,-1.1573229341274334,68.43967860002081,0.6295741068180681,-69.41312657769328,0.2719344611720337,2.709769132329177,0.00015748,4.04598428359888,0.00081957,0,0.0
11245,0.262569895080948,0.16932794511573773,-1.54e-06,1.0400317752440658,2.5682498578706694,-39.03283026987625,1.0052136313683062,6.029299208053708,0.12067054082980143,-98.47408607192729,-1.1573229341274334,87.25501900403368,0.6295741068180681,63.76815320041859,0.2719344611720337,-0.13554336317255886,0.00015748,0.13620869137465416,0.00081957,1,0.0
11246,0.48763394236058555,0.11127128093354732,-1.54e-06,1.0400317752440658,2.5682498578706694,-29.63352448644383,1.0052136313683062,5.048907227013908,0.12067054082980143,-63.73878744020605,-1.1573229341274334,47.05884153229339,0.6295741068180681,48.94764147361094,0.2719344611720337,-0.11865114806599672,0.00015748,0.11877301739957721,0.00081957,1,0.0
11247,4.03559992774305e-05,0.06711433729247569,-1.54e-06,1.0400317752440658,2.5682498578706694,80.36217945296177,1.0052136313683062,37.92472089383802,0.12067054082980143,-14.106971837190228,-1.1573229341274334,-68.5515385525668,0.6295741068180681,-48.30774930969171,0.2719344611720337,0.2636926798368391,0.00015748,5.360068613303007,0.00081957,0,0.0
11248,0.003062105715928354,0.0011535444414834698,-1.54e-06,1.0400317752440658,2.5682498578706694,-8.942462480317277,1.0052136313683062,14.658686492481388,0.12067054082980143,-80.147316257589,-1.1573229341274334,64.89261965251384,0.6295741068180681,30.726574858317388,0.2719344611720337,0.3246821953899176,0.00015748,1.1233901043743186,0.00081957,0,0.0
11249,-0.00835460782916872,0.6531946128521775,-1.54e-06,1.0400317752440658,2.5682498578706694,7.308377982280965,1.0052136313683062,1.267703290541855,0.12067054082980143,-29.298763804258652,-1.1573229341274334,77.83198756270892,0.6295741068180681,-6.041463903476115,0.2719344611720337,0.3718548358791427,0.00015748,2.437327803881672,0.00081957,0,0.0
11250,-0.24849894000581652,1.4185265090473622,-1.54e-06,1.0400317752440658,2.5682498578706694,31.654863963966246,1.0052136313683062,11.102790702712964,0.12067054082980143,-40.028546564729496,-1.1573229341274334,87.65393088354342,0.6295741068180681,-25.641935876304036,0.2719344611720337,1.6599461668151518,0.00015748,3.1764784617907837,0.00081957,0,0.0
11251,1.3106493277081173,0.4539101058266345,-1.54e-06,1.0400317752440658,2.5682498578706694,-32.232226173422795,1.0052136313683062,6.943039576965849,0.12067054082980143,-40.15618322209324,-1.1573229341274334,-0.985746693765643,0.6295741068180681,55.05358834341632,0.2719344611720337,-0.2146587086727779,0.00015748,0.2136166736853756,0.00081957,1,0.0
11252,2.2152969084786736,1.6548460786130899,-1.54e-06,1.0400317752440658,2.5682498578706694,20.515188504736958,1.0052136313683062,40.63121225602942,0.12067054082980143,-36.370958439637555,-1.1573229341274334,-86.74264767458504,0.6295741068180681,29.075193668190103,0.2719344611720337,0.2688034482457673,0.00015748,4.037490122581385,0.00081957,0,0.0
11253,1.637559436277729,1.6169915654045448,-1.54e-06,1.0400317752440658,2.5682498578706694,12.317794371457945,1.0052136313683062,20.789115151102337,0.12067054082980143,-37.08524466478542,-1.1573229341274334,-42.000455569436575,0.6295741068180681,30.363479685631336,0.2719344611720337,0.2696971420726808,0.00015748,3.396519525030323,0.00081957,0,0.0
11254,1.8891131979883236,1.0589082956079419,-1.54e-06,1.0400317752440658,2.5682498578706694,-27.59792035007286,1.0052136313683062,20.80084595003573,0.12067054082980143,-69.88827398134092,-1.1573229341274334,0.5889761953693173,0.6295741068180681,67.81240235226358,0.2719344611720337,0.30016451458953697,0.00015748,1.5189422972113538,0.00081957,0,0.0
11255,1.0581637484886905,0.2932999198945691,-1.54e-06,1.0400317752440658,2.5682498578706694,-25.640447988706498,1.0052136313683062,5.045891947953449,0.12067054082980143,-30.64706121053072,-1.1573229341274334,-1.602266126539413,0.6295741068180681,43.655621831096134,0.2719344611720337,-0.14415952041138166,0.00015748,0.14623289491329736,0.00081957,1,0.0
11256,1.0480356813930034,0.3982629178945904,-1.54e-06,1.0400317752440658,2.5682498578706694,-4.842651199884703,1.0052136313683062,15.408634986755619,0.12067054082980143,-37.17875717683536,-1.1573229341274334,-8.451998364502789,0.6295741068180681,29.816234078904145,0.2719344611720337,0.3028963870503343,0.00015748,1.4149103446028273,0.00081957,0,0.0
11257,-0.39604730589801695,1.697484734808006,-1.54e-06,1.0400317752440658,2.5682498578706694,74.82416933869118,1.0052136313683062,23.151635313396326,0.12067054082980143,-24.115696895394144,-1.1573229341274334,37.85945329809638,0.6295741068180681,-59.409044949643665,0.2719344611720337,2.7701691196197515,0.00015748,4.311708968080136,0.00081957,0,0.0
11258,0.03216887162165019,0.06394741265766327,-1.54e-06,1.0400317752440658,2.5682498578706694,-22.416323191183253,1.0052136313683062,3.3480034929632767,0.12067054082980143,-61.084463274471965,-1.1573229341274334,58.01955938347059,0.6295741068180681,36.34253105089677,0.2719344611720337,-0.08360586341826722,0.00015748,0.08348347097723842,0.00081957,1,0.0
11259,0.854417819407193,0.3948338839930317,-1.54e-06,1.0400317752440658,2.5682498578706694,81.32442137885202,1.0052136313683062,65.84568804510724,0.12067054082980143,-84.93366806916539,-1.1573229341274334,-68.0888365666696,0.6295741068180681,-13.208698977336908,0.2719344611720337,0.2593227834704419,0.00015748,7.685993474507985,0.00081957,0,0.0
11260,-0.025727020745829554,0.7778103561209255,-1.54e-06,1.0400317752440658,2.5682498578706694,37.68314497331825,1.0052136313683062,23.836738187732692,0.12067054082980143,-83.925684084962,-1.1573229341274334,74.99703457401921,0.6295741068180681,-4.2861523393232455,0.2719344611720337,2.0399214617250276,0.00015748,3.87909474187615,0.00081957,0,0.0
11261,0.9659659682107149,0.41654440044902036,-1.54e-06,1.0400317752440658,2.5682498578706694,51.66830930010656,1.0052136313683062,48.220551184290926,0.12067054082980143,-64.71684280144403,-1.1573229341274334,-52.04177754407858,0.6295741068180681,0.9630141749635139,0.2719344611720337,0.26251622692420495,0.00015748,5.484501186720447,0.00081957,0,0.0
11262,0.7288132663301825,0.3045504630935,-1.54e-06,1.0400317752440658,2.5682498578706694,58.54907402378071,1.0052136313683062,46.41324439148328,0.12067054082980143,-51.96237487495928,-1.1573229341274334,-56.99406529312873,0.6295741068180681,-11.49684390321221,0.2719344611720337,0.2623265194682638,0.00015748,5.405391762118076,0.00081957,0,0.0
11263,-0.95147790620614,2.723468710594596,-1.54e-06,1.0400317752440658,2.5682498578706694,95.5440375882586,1.0052136313683062,31.807476557844055,0.12067054082980143,-55.91386202556865,-1.1573229341274334,77.1816188808195,0.6295741068180681,-73.3112561192519,0.2719344611720337,3.490822391810093,0.00015748,5.592561078446563,0.00081957,0,0.0
11264,0.612064372799177,2.4435220133053903,-1.54e-06,1.0400317752440658,2.5682498578706694,43.95175155262876,1.0052136313683062,47.832676890933676,0.12067054082980143,-33.94647772577906,-1.1573229341274334,-37.38860188150967,0.6295741068180681,-21.08568099980789,0.2719344611720337,0.34935558951281065,0.00015748,3.942077598771928,0.00081957,0,0.0
11265,-0.0007840778820003003,0.10382410241674012,-1.54e-06,1.0400317752440658,2.5682498578706694,68.10591797348245,1.0052136313683062,47.00166124011748,0.12067054082980143,-80.52163085415337,-1.1573229341274334,-5.282936750906268,0.6295741068180681,-20.237803633227717,0.2719344611720337,0.7666097998592409,0.00015748,5.855650854255437,0.00081957,0,0.0
11266,0.9243850228784225,0.35581048375452057,-1.54e-06,1.0400317752440658,2.5682498578706694,28.626020346032433,1.0052136313683062,34.16855245550156,0.12067054082980143,-48.7545743698963,-1.1573229341274334,-34.90031930272877,0.6295741068180681,9.5086483705109,0.2719344611720337,0.2699675736847782,0.00015748,3.6200687816721575,0.00081957,0,0.0
11267,-0.0029356322199809437,0.5567783995028088,-1.54e-06,1.0400317752440658,2.5682498578706694,66.42095448180001,1.0052136313683062,24.957754108048025,0.12067054082980143,-10.993645896988395,-1.1573229341274334,-12.09122190921577,0.6295741068180681,-47.19859005408493,0.2719344611720337,1.7176835274349969,0.00015748,4.032208180292557,0.00081957,0,0.0
11268,0.5783827327469533,0.21777913634627163,-1.54e-06,1.0400317752440658,2.5682498578706694,76.96055091225482,1.0052136313683062,62.560140330428574,0.12067054082980143,-97.72959970974193,-1.1573229341274334,-43.2074657215541,0.6295741068180681,-9.361998395100645,0.2719344611720337,0.2708277211662211,0.00015748,7.479559574040161,0.00081957,0,0.0
11269,1.0613802097374396,0.3107373388239005,-1.54e-06,1.0400317752440658,2.5682498578706694,-14.28299261768723,1.0052136313683062,4.373322946795137,0.12067054082980143,-0.2903061937188852,-1.1573229341274334,-32.51233116148454,0.6295741068180681,25.52716947067208,0.2719344611720337,-0.1760588820302435,0.00015748,0.17679614202949184,0.00081957,1,0.0
11270,0.4215985953496198,0.04909641183220243,-1.54e-06,1.0400317752440658,2.5682498578706694,-10.448609555006623,1.0052136313683062,1.8610182033313263,0.12067054082980143,-12.609833214135957,-1.1573229341274334,-0.07780095722763279,0.6295741068180681,17.749996404445923,0.2719344611720337,-0.05231171095800655,0.00015748,0.05096728750989397,0.00081957,1,0.0
11271,0.000545587601358033,0.49786114970938883,-1.54e-06,1.0400317752440658,2.5682498578706694,47.667598417308064,1.0052136313683062,27.31432261712731,0.12067054082980143,-55.55119129832665,-1.1573229341274334,36.34665273575392,0.6295741068180681,-20.89335238134659,0.2719344611720337,1.9335359987630323,0.00015748,3.694523043436396,0.00081957,0,0.0
11272,1.3822905867894633,0.7963590604541438,-1.54e-06,1.0400317752440658,2.5682498578706694,40.217346502238264,1.0052136313683062,38.044277086413224,0.12067054082980143,-25.028815806511805,-1.1573229341274334,-79.32306627029448,0.6295741068180681,0.6962895849727881,0.2719344611720337,0.2713814561162584,0.00015748,4.265771705242878,0.00081957,0,0.0
11273,0.2647984703429793,4.31902379570363,-1.54e-06,1.0400317752440658,2.5682498578706694,-51.00697089985938,1.0052136313683062,-19.662682526642538,0.12067054082980143,-30.744670325933193,-1.1573229341274334,70.32739401104153,0.6295741068180681,49.21655811073303,0.2719344611720337,-2.2115910741996565,0.00015748,0.21687714456766516,0.00081957,1,0.0
11274,1.4853331562372676,0.8556001980904852,-1.54e-06,1.0400317752440658,2.5682498578706694,34.49176881936851,1.0052136313683062,38.454691306317656,0.12067054082980143,-33.2668733352056,-1.1573229341274334,-72.95004288313916,0.6295741068180681,8.702035588914923,0.2719344611720337,0.26936415150968984,0.00015748,4.181040151696187,0.00081957,0,0.0
11275,0.4247613122534873,0.12781544193720346,-1.54e-06,1.0400317752440658,2.5682498578706694,11.954892787997226,1.0052136313683062,9.517652422445229,0.12067054082980143,-3.9927495102302273,-1.1573229341274334,-19.07940326861895,0.6295741068180681,-1.7667130598685026,0.2719344611720337,0.3205900030626477,0.00015748,1.142051777228684,0.00081957,0,0.0
11276,-0.00014953550393093096,0.1096780237396758,-1.54e-06,1.0400317752440658,2.5682498578706694,23.496953378045085,1.0052136313683062,25.90229713000774,0.12067054082980143,-79.26189723461883,-1.1573229341274334,49.858397006121606,0.6295741068180681,6.563598886385303,0.2719344611720337,1.0896805587307856,0.00015748,2.888163972207099,0.00081957,0,0.0
11277,0.00018667501170765988,0.009672786677523635,-1.54e-06,1.0400317752440658,2.5682498578706694,55.883996379793594,1.0052136313683062,48.63211205032332,0.12067054082980143,-99.61435621851575,-1.1573229341274334,3.2543141356069354,0.6295741068180681,-3.793692702961749,0.2719344611720337,0.26409808882551244,0.00015748,5.621325207691228,0.00081957,0,0.0
11278,0.0019562407300615092,0.04170876375649971,-1.54e-06,1.0400317752440658,2.5682498578706694,37.28291822509615,1.0052136313683062,29.69691685269932,0.12067054082980143,-61.490152708519844,-1.1573229341274334,10.526403009581403,0.6295741068180681,-5.923885858999263,0.2719344611720337,0.5660465678177065,0.00015748,3.533515980844988,0.00081957,0,0.0
11279,0.42932035880594643,0.1445019423577962,-1.54e-06,1.0400317752440658,2.5682498578706694,60.68866089137253,1.0052136313683062,49.19453580525101,0.12067054082980143,-71.22874195613552,-1.1573229341274334,-36.11925522702583,0.6295741068180681,-10.78724686143835,0.2719344611720337,0.2671739877407573,0.00015748,5.675383281755296,0.00081957,0,0.0
11280,-0.005465398056218179,0.6207990829458913,-1.54e-06,1.0400317752440658,2.5682498578706694,19.7407730996727,1.0052136313683062,2.8423647047745524,0.12067054082980143,-9.601546202344956,-1.1573229341274334,47.97384831290859,0.6295741068180681,-19.795782367316754,0.2719344611720337,0.7702802758896546,0.00015748,2.2605255568908995,0.00081957,0,0.0
11281,-0.6057118325552664,2.682078059641997,-1.54e-06,1.0400317752440658,2.5682498578706694,78.31269311280396,1.0052136313683062,33.936926737197844,0.12067054082980143,-48.076036150162864,-1.1573229341274334,70.13638573977903,0.6295741068180681,-63.691978029968716,0.2719344611720337,3.7319672290394315,0.00015748,4.154691947531825,0.00081957,0,0.0
11282,3.777361781831523e-05,0.15074890830738352,-1.54e-06,1.0400317752440658,2.5682498578706694,4.835584267763662,1.0052136313683062,18.03793530290655,0.12067054082980143,-84.45204234224646,-1.1573229341274334,81.05296578325401,0.6295741068180681,18.76225321319739,0.2719344611720337,1.3606661449534074,0.00015748,1.7557297832732603,0.00081957,0,0.0
11283,0.000687075617248567,0.0074214102138648545,-1.54e-06,1.0400317752440658,2.5682498578706694,21.65087989401192,1.0052136313683062,30.99188023500914,0.12067054082980143,-91.50366960976484,-1.1573229341274334,39.24266245756023,0.6295741068180681,14.754275512999367,0.2719344611720337,0.4160565774593441,0.00015748,3.2260692258390877,0.00081957,0,0.0
11284,1.5715510467387102,0.9540928538282867,-1.54e-06,1.0400317752440658,2.5682498578706694,65.07937800281111,1.0052136313683062,66.27437109550527,0.12067054082980143,-85.4370472430821,-1.1573229341274334,-80.6460231548244,0.6295741068180681,7.609827361273903,0.2719344611720337,0.2618643176124831,0.00015748,7.320656467419034,0.00081957,0,0.0
11285,1.2318407065384904,0.513676096659031,-1.54e-06,1.0400317752440658,2.5682498578706694,3.5608210495994275,1.0052136313683062,24.736611591867405,0.12067054082980143,-47.42858888506687,-1.1573229341274334,-20.557222996930136,0.6295741068180681,30.004269305567792,0.2719344611720337,0.2812141780605093,0.00015748,2.3189537064397068,0.00081957,0,0.0
11286,0.025285151061494204,0.01782310331075562,-1.54e-06,1.0400317752440658,2.5682498578706694,27.07959428839975,1.0052136313683062,18.96059750898579,0.12067054082980143,-30.47834904394287,-1.1573229341274334,-4.985403472450349,0.6295741068180681,-8.214839698980391,0.2719344611720337,0.2805948732269974,0.00015748,2.315497493554947,0.00081957,0,0.0
11287,0.9297336568899852,7.343856508703706,-1.54e-06,1.0400317752440658,2.5682498578706694,-80.84720587526171,1.0052136313683062,-29.159382490954272,0.12067054082980143,-24.81315723138856,-1.1573229341274334,72.47678943976639,0.6295741068180681,76.62091908743054,0.2719344611720337,-3.565383611570707,0.00015748,0.21868330331030217,0.00081957,1,0.0
11288,0.00047181791583117416,0.03149003969026004,-1.54e-06,1.0400317752440658,2.5682498578706694,83.755311577703,1.0052136313683062,57.61108567038607,0.12067054082980143,-86.99262323735513,-1.1573229341274334,-32.61778466534337,0.6295741068180681,-25.9304045269708,0.2719344611720337,0.2682783961757509,0.00015748,7.1306510318146525,0.00081957,0,0.0
11289,0.8074982077198736,0.6910652733662728,-1.54e-06,1.0400317752440658,2.5682498578706694,82.15200930858781,1.0052136313683062,54.20507830381711,0.12067054082980143,-63.34010753929576,-1.1573229341274334,-63.28071251856848,0.6295741068180681,-21.449369400508413,0.2719344611720337,0.6364552611384648,0.00015748,7.2910145533468125,0.00081957,0,0.0
11290,0.001233796665116027,0.260357047945247,-1.54e-06,1.0400317752440658,2.5682498578706694,-1.110947879818168,1.0052136313683062,3.666580745462971,0.12067054082980143,-40.121695792783065,-1.1573229341274334,69.90624683990703,0.6295741068180681,6.4769063830365985,0.2719344611720337,0.298676619055416,0.00015748,1.6563961688903694,0.00081957,0,0.0
11291,0.5737878497675477,0.23535338887117163,-1.54e-06,1.0400317752440658,2.5682498578706694,-37.844405397122266,1.0052136313683062,8.585732169848464,0.12067054082980143,-88.00224575027981,-1.1573229341274334,62.131209361915076,0.6295741068180681,64.26526880627331,0.2719344611720337,-0.2685527882259152,0.00015748,0.2689875737395797,0.00081957,1,0.0
11292,0.3297088691152996,0.04340785641348234,-1.54e-06,1.0400317752440658,2.5682498578706694,-17.440968258038843,1.0052136313683062,2.541994419178886,0.12067054082980143,-34.86922774945522,-1.1573229341274334,25.083674605881086,0.6295741068180681,28.517658488836247,0.2719344611720337,-0.049550636512419075,0.00015748,0.049064861612156604,0.00081957,1,0.0
11293,-0.002259529200536514,0.708033098613286,-1.54e-06,1.0400317752440658,2.5682498578706694,72.30745461259205,1.0052136313683062,28.218813028274557,0.12067054082980143,-15.302069759180828,-1.1573229341274334,-8.902547234061036,0.6295741068180681,-50.99972797787689,0.2719344611720337,1.9914953588351467,0.00015748,4.395553757464547,0.00081957,0,0.0
11294,0.6856789197835015,0.22206403225086538,-1.54e-06,1.0400317752440658,2.5682498578706694,14.772540411898065,1.0052136313683062,19.747304018666057,0.12067054082980143,-25.96707842735239,-1.1573229341274334,-22.21648254409632,0.6295741068180681,7.312518061873998,0.2719344611720337,0.2878014681451564,0.00015748,2.0267731749580165,0.00081957,0,0.0
11295,-3.409367742612801e-05,0.06093783909131395,-1.54e-06,1.0400317752440658,2.5682498578706694,56.81551650691046,1.0052136313683062,37.143374725487355,0.12067054082980143,-56.40251416093297,-1.1573229341274334,-13.180792808635136,0.6295741068180681,-20.188464715441228,0.2719344611720337,0.5470046306514282,0.00015748,4.67244350539497,0.00081957,0,0.0
11296,2.356354238567902,1.8282813524022083,-1.54e-06,1.0400317752440658,2.5682498578706694,-6.964245114836972,1.0052136313683062,20.36926303990409,0.12067054082980143,-5.181712578306575,-1.1573229341274334,-78.83065216965802,0.6295741068180681,39.01158710883268,0.2719344611720337,0.2899937293978344,0.00015748,1.7945046366443602,0.00081957,0,0.0
11297,1.4681280805777956,0.573353945050344,-1.54e-06,1.0400317752440658,2.5682498578706694,-38.97192136414256,1.0052136313683062,7.450662304759417,0.12067054082980143,-52.10841521637459,-1.1573229341274334,6.726431187866485,0.6295741068180681,66.2340688687085,0.2719344611720337,-0.2087661577241299,0.00015748,0.21000500195724894,0.00081957,1,0.0
11298,0.00265150255401303,0.03258585422941512,-1.54e-06,1.0400317752440658,2.5682498578706694,20.821351891108677,1.0052136313683062,28.936883805091462,0.12067054082980143,-87.2273503594046,-1.1573229341274334,44.982320366421526,0.6295741068180681,12.499621386188407,0.2719344611720337,0.6807118961990535,0.00015748,2.9959761515993852,0.00081957,0,0.0
11299,0.48362440439856536,0.14139655479505223,-1.54e-06,1.0400317752440658,2.5682498578706694,20.379668699091184,1.0052136313683062,19.758261063558713,0.12067054082980143,-24.258072021046175,-1.1573229341274334,-20.835065334975027,0.6295741068180681,0.2664688539519373,0.2719344611720337,0.2854086744176433,0.00015748,2.1573935626813587,0.00081957,0,0.0
11300,0.41039963635562987,0.027629582522746804,-1.54e-06,1.0352253157245797,4.45778214968442,-52.93543899662224,1.0052136313683062,5.575660898572442,0.12067054082980143,-56.72488557993904,-1.1573229341274334,25.63065874091285,0.6295741068180681,63.94460057930326,0.2719344611720337,-0.031297198750856084,0.00015748,0.031314058989090704,0.00081957,1,0.0
11301,0.5191878863110884,0.03580884908938959,-1.54e-06,1.0352253157245797,4.45778214968442,-62.35760969119314,1.0052136313683062,20.010902450948823,0.12067054082980143,-67.63850760922585,-1.1573229341274334,-84.51694903507706,0.6295741068180681,82.93991558227064,0.2719344611720337,-0.11296904383850365,0.00015748,0.11327317557055552,0.00081957,1,0.0
11302,0.33601836207619856,0.08349507089001044,-1.54e-06,1.0352253157245797,4.45778214968442,99.66674758878631,1.0052136313683062,69.97337100195504,0.12067054082980143,-92.14684298192921,-1.1573229341274334,4.095652574605256,0.6295741068180681,-22.996136671808053,0.2719344611720337,0.29456830682920065,0.00015748,1.6518677839021847,0.00081957,0,0.0
11303,0.08767176678503219,0.0489124854663638,-1.54e-06,1.0352253157245797,4.45778214968442,99.1155460149331,1.0052136313683062,53.99329143349448,0.12067054082980143,-83.58518122611245,-1.1573229341274334,100.0,0.6295741068180681,-39.862556558557436,0.2719344611720337,0.3061351571846386,0.00015748,1.3650020087367647,0.00081957,0,0.0
11304,0.2117865348413058,0.015375938523977756,-1.54e-06,1.0352253157245797,4.45778214968442,-29.514794706956753,1.0052136313683062,0.7968177722658775,0.12067054082980143,-34.284240937770484,-1.1573229341274334,48.0440434167808,0.6295741068180681,33.71055307631244,0.2719344611720337,-0.04801144117081233,0.00015748,0.04774046128718828,0.00081957,1,0.0
11305,0.3539652824015608,0.10105695917905183,-1.54e-06,1.0352253157245797,4.45778214968442,89.14570014258297,1.0052136313683062,43.968474702706644,0.12067054082980143,-8.151090140148044,-1.1573229341274334,-44.193104231933866,0.6295741068180681,-39.616667832046666,0.2719344611720337,0.3179158270109138,0.00015748,1.1672272194966595,0.00081957,0,0.0
11306,0.1948437741149549,0.004282764473442585,-1.54e-06,1.0352253157245797,4.45778214968442,-28.11295200904818,1.0052136313683062,6.507868513011286,0.12067054082980143,-37.62383981749474,-1.1573229341274334,3.9422420752647906,0.6295741068180681,35.862524450570405,0.2719344611720337,-0.026351010544450455,0.00015748,0.02645007809442593,0.00081957,1,0.0
11307,0.5958585023206722,0.13322099598274503,-1.54e-06,1.0352253157245797,4.45778214968442,53.19140845113237,1.0052136313683062,64.78368887121685,0.12067054082980143,-97.98124934905465,-1.1573229341274334,5.760536373988794,0.6295741068180681,14.951222314101537,0.2719344611720337,0.3080117702819952,0.00015748,1.3279634700788296,0.00081957,0,0.0
11308,0.737028955447258,0.1701732219121976,-1.54e-06,1.0352253157245797,4.45778214968442,46.927750920074,1.0052136313683062,62.13180521689638,0.12067054082980143,-70.66263163690257,-1.1573229341274334,-58.99654942118283,0.6295741068180681,19.05192889626993,0.2719344611720337,0.3115762380174064,0.00015748,1.2676778708425536,0.00081957,0,0.0
11309,0.20671665554607285,0.1452486328915531,-1.54e-06,1.0352253157245797,4.45778214968442,-25.09806989287075,1.0052136313683062,28.95667306732126,0.12067054082980143,-78.51970658042671,-1.1573229341274334,-14.37557285377428,0.6295741068180681,45.45473320384849,0.2719344611720337,-0.0998324310868626,0.00015748,0.2702825043805215,0.00081957,1,0.0
11310,0.16543896640162042,0.2516198546772399,-1.54e-06,1.0352253157245797,4.45778214968442,16.37902368976328,1.0052136313683062,31.845304095146023,0.12067054082980143,-64.41806337041655,-1.1573229341274334,11.038937944038704,0.6295741068180681,13.400832616333457,0.2719344611720337,0.05646557457209009,0.00015748,0.5563569050171583,0.00081957,0,0.0
11311,0.35756362011545834,0.08867792732742749,-1.54e-06,1.0352253157245797,4.45778214968442,79.157808561356,1.0052136313683062,59.57919140429636,0.12067054082980143,-84.38833802563738,-1.1573229341274334,34.26403866367103,0.6295741068180681,-14.344133714456381,0.2719344611720337,0.3055221198606509,0.00015748,1.376010363097408,0.00081957,0,0.0
11312,0.5286724075341144,0.1216291017020368,-1.54e-06,1.0352253157245797,4.45778214968442,95.65006945070012,1.0052136313683062,74.62668243737956,0.12067054082980143,-73.34091811064253,-1.1573229341274334,-81.80936472749076,0.6295741068180681,-14.999581070813619,0.2719344611720337,0.2931323980495686,0.00015748,1.700780380704981,0.00081957,0,0.0
11313,0.24252406784621675,0.08888103625527381,-1.54e-06,1.0352253157245797,4.45778214968442,64.98221430646119,1.0052136313683062,29.452890446647274,0.12067054082980143,-31.64765990385054,-1.1573229341274334,98.37302060995971,0.6295741068180681,-29.973143678415674,0.2719344611720337,0.35697167645493,0.00015748,0.835633214603583,0.00081957,0,0.0
11314,0.5663239966180964,0.1391013127819104,-1.54e-06,1.0352253157245797,4.45778214968442,54.73220664614437,1.0052136313683062,48.40442580914011,0.12067054082980143,-44.802221903903806,-1.1573229341274334,-22.786110658037693,0.6295741068180681,-1.396642093072809,0.2719344611720337,0.32393773712854385,0.00015748,1.0910848820063919,0.00081957,0,0.0
11315,0.305095786724392,0.0824424533900681,-1.54e-06,1.0352253157245797,4.45778214968442,69.41827500660507,1.0052136313683062,50.06515348625677,0.12067054082980143,-78.67794816032698,-1.1573229341274334,76.38977952167869,0.6295741068180681,-14.609586156489858,0.2719344611720337,0.3176634451263665,0.00015748,1.1735951804920333,0.00081957,0,0.0
11316,0.19522157263250378,0.07358292187709917,-1.54e-06,1.0352253157245797,4.45778214968442,75.10594697081423,1.0052136313683062,36.65863465986206,0.12067054082980143,-42.757895449632144,-1.1573229341274334,89.09698388825966,0.6295741068180681,-33.94303679322539,0.2719344611720337,0.3364246316354014,0.00015748,0.9743071431280328,0.00081957,0,0.0
11317,0.3723014092350314,0.025633773628750595,-1.54e-06,1.0352253157245797,4.45778214968442,-49.40398160634236,1.0052136313683062,18.202201093262488,0.12067054082980143,-64.14315450976385,-1.1573229341274334,-52.24664897329038,0.6295741068180681,66.36891334352701,0.2719344611720337,-0.10669132944627756,0.00015748,0.1066291654814009,0.00081957,1,0.0
11318,0.0884610941757664,0.0045048393072481445,-1.54e-06,1.0352253157245797,4.45778214968442,-33.86828970614434,1.0052136313683062,9.387318088810522,0.12067054082980143,-79.20488619239921,-1.1573229341274334,89.03050659387821,0.6295741068180681,43.403440736040295,0.2719344611720337,-0.04219454495548313,0.00015748,0.04240840433401897,0.00081957,1,0.0
11319,0.7161283583805792,0.186070809510825,-1.54e-06,1.0352253157245797,4.45778214968442,5.985201538478747,1.0052136313683062,40.59841651490882,0.12067054082980143,-86.44249842422005,-1.1573229341274334,87.15568177007168,0.6295741068180681,39.7659027507109,0.2719344611720337,0.3684899867401565,0.00015748,0.7741721544394948,0.00081957,0,0.0
11320,0.3877185213761981,0.119103321783026,-1.54e-06,1.0352253157245797,4.45778214968442,54.542886840767366,1.0052136313683062,29.96771143665455,0.12067054082980143,-23.44303363008342,-1.1573229341274334,58.29448297574001,0.6295741068180681,-18.79343952103063,0.2719344611720337,0.3619734432480177,0.00015748,0.8054538571552288,0.00081957,0,0.0
11321,0.4544392177717783,0.18891284918024936,-1.54e-06,1.0352253157245797,4.45778214968442,-27.9011946348853,1.0052136313683062,22.459393790174104,0.12067054082980143,-89.28637380337186,-1.1573229341274334,96.65248023334998,0.6295741068180681,53.76189524836839,0.2719344611720337,0.16207167648068724,0.00015748,0.3184758930548487,0.00081957,0,0.0
11322,0.3111596403923071,0.08778549145697764,-1.54e-06,1.0352253157245797,4.45778214968442,64.08799079060266,1.0052136313683062,42.825119606544874,0.12067054082980143,-64.86696747403354,-1.1573229341274334,80.83484693132668,0.6295741068180681,-15.393633636061214,0.2719344611720337,0.3279322888931699,0.00015748,1.0531977500081826,0.00081957,0,0.0
11323,7.914353901744553e-05,0.02928368891386812,-1.54e-06,1.0352253157245797,4.45778214968442,-12.840981210392755,1.0052136313683062,13.081606590748379,0.12067054082980143,-50.61872988073976,-1.1573229341274334,56.38757849271954,0.6295741068180681,17.75233974510703,0.2719344611720337,-0.07070692390718898,0.00015748,0.08993819531807286,0.00081957,1,0.0
11324,0.6335858854648841,0.05118976024966588,-1.54e-06,1.0352253157245797,4.45778214968442,-58.12602917908082,1.0052136313683062,7.180275351364454,0.12067054082980143,-22.664398175673853,-1.1573229341274334,-83.01444689577451,0.6295741068180681,70.41901195921713,0.2719344611720337,-0.034671207349251124,0.00015748,0.034407934157995715,0.00081957,1,0.0
11325,0.0011585518425392682,0.04726566867039276,-1.54e-06,1.0352253157245797,4.45778214968442,6.132223459071893,1.0052136313683062,13.176291029127315,0.12067054082980143,-0.09575106767597891,-1.1573229341274334,-58.90215698848852,0.6295741068180681,-2.9647918071678916,0.2719344611720337,-0.0836088476455293,0.00015748,0.11180586003492247,0.00081957,1,0.0
11326,0.5224307393245515,0.1348861862464644,-1.54e-06,1.0352253157245797,4.45778214968442,68.20048930947107,1.0052136313683062,44.328724649805345,0.12067054082980143,-12.196695397257365,-1.1573229341274334,-60.94382853926808,0.6295741068180681,-19.094325150111104,0.2719344611720337,0.32563259368972525,0.00015748,1.0757379615932294,0.00081957,0,0.0
11327,0.5225816312242306,0.1405387708188568,-1.54e-06,1.0352253157245797,4.45778214968442,34.207678450174505,1.0052136313683062,36.057270366712814,0.12067054082980143,-55.860765981172584,-1.1573229341274334,72.01299608015148,0.6295741068180681,7.531017912885006,0.2719344611720337,0.3595533382286058,0.00015748,0.8201755923238805,0.00081957,0,0.0
11328,0.2515423220544971,0.0867475304686095,-1.54e-06,1.0352253157245797,4.45778214968442,85.46274400077684,1.0052136313683062,36.537941071655105,0.12067054082980143,-7.695226863396735,-1.1573229341274334,11.451601037278582,0.6295741068180681,-44.80270050392665,0.2719344611720337,0.3323444065962064,0.00015748,1.0075782881362503,0.00081957,0,0.0
11329,0.3661191542250865,0.019199760829510876,-1.54e-06,1.0352253157245797,4.45778214968442,-58.8777848254683,1.0052136313683062,9.879443047884633,0.12067054082980143,-86.14453626877061,-1.1573229341274334,67.21328042105401,0.6295741068180681,72.3555906516297,0.2719344611720337,-0.035285110971223194,0.00015748,0.03569014965253382,0.00081957,1,0.0
11330,0.7199736224741347,0.21269111666315813,-1.54e-06,1.0352253157245797,4.45778214968442,39.69012228947001,1.0052136313683062,36.818376125072916,0.12067054082980143,-37.554439416158495,-1.1573229341274334,-34.95846243096998,0.6295741068180681,15.767793940907826,0.2719344611720337,0.32477352598811327,0.00015748,1.0801433395685838,0.00081957,0,0.0
11331,0.41700719514458606,0.0246466491998072,-1.54e-06,1.0352253157245797,4.45778214968442,-48.91174712382029,1.0052136313683062,17.672855478558976,0.12067054082980143,-52.98737035377474,-1.1573229341274334,-71.45580835618506,0.6295741068180681,65.01288202308429,0.2719344611720337,-0.09794914062659346,0.00015748,0.09828207977538936,0.00081957,1,0.0
11332,0.3256257168470045,0.056372071504115974,-1.54e-06,1.0352253157245797,4.45778214968442,-41.00961858745711,1.0052136313683062,25.442888290955132,0.12067054082980143,-58.827096234519864,-1.1573229341274334,-79.18178613890284,0.6295741068180681,57.206530552830216,0.2719344611720337,-0.15907991502567087,0.00015748,0.15909627205119165,0.00081957,1,0.0
11333,0.5972484830088518,0.034052024818226556,-1.54e-06,1.0352253157245797,4.45778214968442,-62.683657396366954,1.0052136313683062,13.971118205892758,0.12067054082980143,-47.494319727719336,-1.1573229341274334,-82.63912116603986,0.6295741068180681,79.5266071062621,0.2719344611720337,-0.05393257030190188,0.00015748,0.05377463376700027,0.00081957,1,0.0
11334,0.2999038881430536,0.01543410256198258,-1.54e-06,1.0352253157245797,4.45778214968442,-48.05740934953355,1.0052136313683062,14.652257510636247,0.12067054082980143,-73.94265249755298,-1.1573229341274334,2.7685754244488097,0.6295741068180681,63.19755382466959,0.2719344611720337,-0.07738853201229218,0.00015748,0.07725707873408857,0.00081957,1,0.0
11335,9.92578720292181e-07,0.11654284793478716,-1.54e-06,1.0352253157245797,4.45778214968442,20.557827746093793,1.0052136313683062,3.697582315542132,0.12067054082980143,-4.807975866001548,-1.1573229341274334,99.28997368354169,0.6295741068180681,-19.830948901382985,0.2719344611720337,0.09246194350706377,0.00015748,0.17799150983522793,0.00081957,0,0.0
11336,0.4724583711080949,0.02853548766202031,-1.54e-06,1.0352253157245797,4.45778214968442,-71.76409571839993,1.0052136313683062,12.774088886431809,0.12067054082980143,-99.20273531178323,-1.1573229341274334,51.72728949542175,0.6295741068180681,89.41649514015562,0.2719344611720337,-0.03827228143373377,0.00015748,0.03919386454583313,0.00081957,1,0.0
11337,0.511427090080828,0.026077449647302436,-1.54e-06,1.0352253157245797,4.45778214968442,-53.69559204412181,1.0052136313683062,14.18210462152171,0.12067054082980143,-41.699461322730606,-1.1573229341274334,-95.00133387377946,0.6295741068180681,70.11760336459521,0.2719344611720337,-0.0713960755826104,0.00015748,0.07151826609970409,0.00081957,1,0.0
11338,0.15957999475017856,0.003856921353721429,-1.54e-06,1.0352253157245797,4.45778214968442,-30.620569886525534,1.0052136313683062,7.908168952657043,0.12067054082980143,-53.476560801319906,-1.1573229341274334,35.465856969600964,0.6295741068180681,39.057519513657475,0.2719344611720337,-0.03393529013191925,0.00015748,0.03398386177822942,0.00081957,1,0.0
11339,0.42890826712795543,0.10248609689562627,-1.54e-06,1.0352253157245797,4.45778214968442,64.58184891553128,1.0052136313683062,56.544437004737986,0.12067054082980143,-84.08420548404625,-1.1573229341274334,38.67161271907138,0.6295741068180681,-3.622417238810778,0.2719344611720337,0.31227846818134564,0.00015748,1.2548984427564713,0.00081957,0,0.0
11340,0.22647870102948936,0.007856324564360823,-1.54e-06,1.0352253157245797,4.45778214968442,-43.899088060984504,1.0052136313683062,11.373720677735475,0.12067054082980143,-77.2203431636358,-1.1573229341274334,52.34277741868762,0.6295741068180681,55.98337234545168,0.2719344611720337,-0.04886289353742569,0.00015748,0.04892617914319028,0.00081957,1,0.0
11341,0.005853487055476447,0.06981737903662374,-1.54e-06,1.0352253157245797,4.45778214968442,-21.038953081713366,1.0052136313683062,21.883781262575702,0.12067054082980143,-71.6239346999676,-1.1573229341274334,-6.313406188922008,0.6295741068180681,34.324450119051065,0.2719344611720337,-0.16608915135140484,0.00015748,0.16624247201582404,0.00081957,1,0.0
11342,0.1691325314771418,0.06481445790901132,-1.54e-06,1.0352253157245797,4.45778214968442,97.6452868236825,1.0052136313683062,47.355828045975784,0.12067054082980143,-44.84145661542252,-1.1573229341274334,40.591379574512835,0.6295741068180681,-44.63778163324893,0.2719344611720337,0.31196540969801484,0.00015748,1.257888833968278,0.00081957,0,0.0
11343,0.2201626754047915,0.06955756381873202,-1.54e-06,1.0352253157245797,4.45778214968442,81.15605788544637,1.0052136313683062,49.45879683238851,0.12067054082980143,-71.56825519215292,-1.1573229341274334,78.1995067231212,0.6295741068180681,-27.018575390209083,0.2719344611720337,0.31529937569546285,0.00015748,1.2094936420453997,0.00081957,0,0.0
11344,0.3860511725104076,0.09971226255916092,-1.54e-06,1.0352253157245797,4.45778214968442,73.2066787032736,1.0052136313683062,51.19983753071157,0.12067054082980143,-54.47512502728801,-1.1573229341274334,13.234586160944641,0.6295741068180681,-18.31935755598468,0.2719344611720337,0.3165852368175787,0.00015748,1.189665413846549,0.00081957,0,0.0
11345,0.6402202065280247,0.15261829483898992,-1.54e-06,1.0352253157245797,4.45778214968442,65.61233147005753,1.0052136313683062,56.48858163657979,0.12067054082980143,-38.483549089794685,-1.1573229341274334,-87.10491346858716,0.6295741068180681,-3.4317272531774416,0.2719344611720337,0.3107479557387918,0.00015748,1.279173879239779,0.00081957,0,0.0
11346,0.44453789014307443,0.12247526283618146,-1.54e-06,1.0352253157245797,4.45778214968442,59.4523995114543,1.0052136313683062,36.99471801993409,0.12067054082980143,-33.57567856037673,-1.1573229341274334,19.595502019047565,0.6295741068180681,-13.092465480574461,0.2719344611720337,0.33361299385877463,0.00015748,1.0002014129886352,0.00081957,0,0.0
11347,0.07855893747618725,0.001165625012808611,-1.54e-06,1.0352253157245797,4.45778214968442,-18.094031400628054,1.0052136313683062,3.4440868999938234,0.12067054082980143,-34.08290563641147,-1.1573229341274334,35.15503490704764,0.6295741068180681,22.68247285084755,0.2719344611720337,-0.01111005389856372,0.00015748,0.011121160328647203,0.00081957,1,0.0
11348,0.315744926685052,0.08923337211290941,-1.54e-06,1.0352253157245797,4.45778214968442,93.18609829466581,1.0052136313683062,50.5787042549493,0.12067054082980143,-32.1702857600385,-1.1573229341274334,-21.271823966869523,0.6295741068180681,-37.32974638365017,0.2719344611720337,0.31039981980761683,0.00015748,1.2859832456570275,0.00081957,0,0.0
11349,0.39234169240492633,0.09927269016362336,-1.54e-06,1.0352253157245797,4.45778214968442,62.45577465941493,1.0052136313683062,49.13595568053346,0.12067054082980143,-72.15993818576366,-1.1573229341274334,52.59189984103749,0.6295741068180681,-7.7489397864552245,0.2719344611720337,0.3197279750957144,0.00015748,1.1444532501945872,0.00081957,0,0.0
11350,0.7166669176117416,0.17114146284561502,-1.54e-06,1.0352253157245797,4.45778214968442,48.41314809185233,1.0052136313683062,54.55355627792647,0.12067054082980143,-46.00202527153761,-1.1573229341274334,-71.58765393570714,0.6295741068180681,10.74901242740295,0.2719344611720337,0.31859957955697843,0.00015748,1.1614446662938955,0.00081957,0,0.0
11351,0.9518363505564177,0.23931416021228424,-1.54e-06,1.0352253157245797,4.45778214968442,-3.7760690966073107,1.0052136313683062,50.08936315969256,0.12067054082980143,-89.41945176401876,-1.1573229341274334,1.5159678855809426,0.6295741068180681,60.32964481965489,0.2719344611720337,0.34414140791067366,0.00015748,0.913238915154629,0.00081957,0,0.0
11352,1.1812885318160378,0.3153586159131582,-1.54e-06,1.0352253157245797,4.45778214968442,-20.095405775348002,1.0052136313683062,52.47899734571706,0.12067054082980143,-82.9455897764711,-1.1573229341274334,-59.30567736647424,0.6295741068180681,79.98453829833939,0.2719344611720337,0.34442318950253903,0.00015748,0.9043236020551869,0.00081957,0,0.0
11353,0.45356076142669144,0.17093026083771606,-1.54e-06,1.0352253157245797,4.45778214968442,-61.948083407769765,1.0052136313683062,0.3728211731524722,0.12067054082980143,-57.79590693304657,-1.1573229341274334,-94.19802361793667,0.6295741068180681,86.04810202281644,0.2719344611720337,-0.18418117062406467,0.00015748,0.18236605275165982,0.00081957,1,0.0
11354,0.13091263434427036,0.0029227054837652213,-1.54e-06,1.0352253157245797,4.45778214968442,-10.48391642478438,1.0052136313683062,4.43141208731627,0.12067054082980143,-2.1285626145809573,-1.1573229341274334,-52.69226013672986,0.6295741068180681,14.980053328383715,0.2719344611720337,-0.03456010415075389,0.00015748,0.034733374767560846,0.00081957,1,0.0
11355,0.6610101766184142,0.15417042127816175,-1.54e-06,1.0352253157245797,4.45778214968442,59.20805355507773,1.0052136313683062,61.72502379102237,0.12067054082980143,-59.06803458756267,-1.1573229341274334,-66.58480530815669,0.6295741068180681,5.526046823910363,0.2719344611720337,0.30990840572380224,0.00015748,1.295691565594057,0.00081957,0,0.0
11356,0.00258424509786076,0.2422209449058126,-1.54e-06,1.0352253157245797,4.45778214968442,16.449459587016875,1.0052136313683062,28.383226756806344,0.12067054082980143,-47.3522611457078,-1.1573229341274334,-33.853525164113364,0.6295741068180681,4.772105857451856,0.2719344611720337,-0.061200434878466076,0.00015748,0.42294776177900417,0.00081957,1,0.0
11357,0.004719317766552614,0.005960334804898134,-1.54e-06,1.0352253157245797,4.45778214968442,-17.697053975187085,1.0052136313683062,8.541158661522424,0.12067054082980143,-54.59972839004748,-1.1573229341274334,75.82909312288339,0.6295741068180681,22.292820385532146,0.2719344611720337,-0.04913778767861361,0.00015748,0.049209123009956196,0.00081957,1,0.0
11358,0.9881796862743929,0.24410973145249612,-1.54e-06,1.0352253157245797,4.45778214968442,10.732554621871696,1.0052136313683062,55.80293011926438,0.12067054082980143,-70.3966904479872,-1.1573229341274334,-71.50239867567596,0.6295741068180681,51.00335770778888,0.2719344611720337,0.3276269857713908,0.00015748,1.0553512470384927,0.00081957,0,0.0
11359,0.25507377797532876,0.006916371912046534,-1.54e-06,1.0352253157245797,4.45778214968442,-25.695293596102495,1.0052136313683062,8.000499720118675,0.12067054082980143,-18.59946959282182,-1.1573229341274334,-57.20396226711497,0.6295741068180681,34.00585007530933,0.2719344611720337,-0.043960168175824495,0.00015748,0.043968576807478975,0.00081957,1,0.0
11360,0.22352073866095293,0.04051202257144045,-1.54e-06,1.0352253157245797,4.45778214968442,-33.53254195937085,1.0052136313683062,-4.029437312726244,0.12067054082980143,-39.469047215941515,-1.1573229341274334,94.62213534949404,0.6295741068180681,35.95276986491447,0.2719344611720337,-0.09533487399310822,0.00015748,0.09604100160274995,0.00081957,1,0.0
11361,0.5450399583260558,0.17046478708181467,-1.54e-06,1.0352253157245797,4.45778214968442,45.07645197265458,1.0052136313683062,44.74864021867514,0.12067054082980143,-29.060035006420673,-1.1573229341274334,14.56283675092606,0.6295741068180681,-7.610384531276288,0.2719344611720337,0.3621680568106177,0.00015748,0.8035211805371655,0.00081957,0,0.0
11362,0.23118055195526566,0.007728233919717053,-1.54e-06,1.0352253157245797,4.45778214968442,-34.2154857427277,1.0052136313683062,10.380166720869457,0.12067054082980143,-48.85571943156215,-1.1573229341274334,-5.478024301700625,0.6295741068180681,44.75367296705921,0.2719344611720337,-0.052955616669152744,0.00015748,0.05290115569903961,0.00081957,1,0.0
11363,0.08519290769061849,0.07864453554203589,-1.54e-06,1.0352253157245797,4.45778214968442,91.81001985048125,1.0052136313683062,51.2019261308526,0.12067054082980143,-55.55746755363419,-1.1573229341274334,92.29594355887293,0.6295741068180681,-47.84883557707417,0.2719344611720337,0.32655282102510286,0.00015748,1.0862364894470362,0.00081957,0,0.0
11364,0.36532773263303975,0.08895561805946048,-1.54e-06,1.0352253157245797,4.45778214968442,69.49490611568609,1.0052136313683062,58.89847403349917,0.12067054082980143,-96.67893559480167,-1.1573229341274334,62.840621351834166,0.6295741068180681,-6.341352594020944,0.2719344611720337,0.3089453535131319,0.00015748,1.3103019091559143,0.00081957,0,0.0
11365,0.4296132730716181,0.10086030402383131,-1.54e-06,1.0352253157245797,4.45778214968442,61.372913858528975,1.0052136313683062,58.196668055176865,0.12067054082980143,-97.05477397942474,-1.1573229341274334,56.03095797203711,0.6295741068180681,1.4511200511270979,0.2719344611720337,0.3109885627476705,0.00015748,1.2727454934907996,0.00081957,0,0.0
11366,0.08512463430419362,0.015554962640778052,-1.54e-06,1.0352253157245797,4.45778214968442,-22.65321967392786,1.0052136313683062,-3.5054705629751886,0.12067054082980143,-39.86992907073105,-1.1573229341274334,93.8030838351912,0.6295741068180681,25.000766396805638,0.2719344611720337,-0.056780546873123595,0.00015748,0.056889963382854174,0.00081957,1,0.0
11367,0.08535029597296448,0.002752709558490455,-1.54e-06,1.0352253157245797,4.45778214968442,-23.499709820803332,1.0052136313683062,3.2893672475534474,0.12067054082980143,-47.623164104834416,-1.1573229341274334,71.71939102016228,0.6295741068180681,28.138274843187812,0.2719344611720337,-0.021377194899548146,0.00015748,0.021297889146722045,0.00081957,1,0.0
11368,0.6075741139870868,0.14957751280000958,-1.54e-06,1.0352253157245797,4.45778214968442,63.95761154758403,1.0052136313683062,50.61451414436705,0.12067054082980143,-24.230445625650106,-1.1573229341274334,-79.66789482294284,0.6295741068180681,-8.797194722125646,0.2719344611720337,0.3191768737533717,0.00015748,1.1575350757564702,0.00081957,0,0.0
11369,0.6313008563821751,0.14838803491345673,-1.54e-06,1.0352253157245797,4.45778214968442,42.65805817969354,1.0052136313683062,53.202493311581,0.12067054082980143,-71.60412882629538,-1.1573229341274334,-0.7021208431984943,0.6295741068180681,15.13258242087924,0.2719344611720337,0.32249058030621186,0.00015748,1.116221205152071,0.00081957,0,0.0
11370,0.216830266157037,0.06864411455406993,-1.54e-06,1.0352253157245797,4.45778214968442,95.5928118858059,1.0052136313683062,54.43711077094904,0.12067054082980143,-65.38841912262028,-1.1573229341274334,40.865842024747046,0.6295741068180681,-35.30693360082343,0.2719344611720337,0.30635260010409704,0.00015748,1.368035471689235,0.00081957,0,0.0
11371,0.09507063193064033,0.025018298072091584,-1.54e-06,1.0352253157245797,4.45778214968442,-21.035285548394967,1.0052136313683062,15.61377399625641,0.12067054082980143,-48.77711380645776,-1.1573229341274334,-5.633760302624548,0.6295741068180681,30.17589646772273,0.2719344611720337,-0.09904930590217814,0.00015748,0.10172937980155419,0.00081957,1,0.0
11372,0.290837495446695,0.09005733394217488,-1.54e-06,1.0352253157245797,4.45778214968442,73.75014072807842,1.0052136313683062,39.09470315452734,0.12067054082980143,-31.520070935115037,-1.1573229341274334,40.81318008469344,0.6295741068180681,-30.64134628964004,0.2719344611720337,0.33314875286988044,0.00015748,0.9999851052848225,0.00081957,0,0.0
11373,0.8370422203537387,0.19687962051225547,-1.54e-06,1.0352253157245797,4.45778214968442,30.04295216558805,1.0052136313683062,59.03624212256077,0.12067054082980143,-74.59016626897305,-1.1573229341274334,-55.08467369791842,0.6295741068180681,34.195417325451906,0.2719344611720337,0.31789574506775187,0.00015748,1.1723728579701946,0.00081957,0,0.0
11374,0.0006089510857959501,0.024820518236507785,-1.54e-06,1.0352253157245797,4.45778214968442,-1.8345146236821257,1.0052136313683062,11.846664536026346,0.12067054082980143,-15.090376488426404,-1.1573229341274334,-31.324553595380955,0.6295741068180681,5.628308324082002,0.2719344611720337,-0.08539745527658296,0.00015748,0.08720360502125812,0.00081957,1,0.0
11375,0.2545436812845579,0.03385605749313147,-1.54e-06,1.0352253157245797,4.45778214968442,-39.187081105986906,1.0052136313683062,18.67649476517904,0.12067054082980143,-62.499543207695226,-1.1573229341274334,-50.64448113115314,0.6295741068180681,55.38409344770793,0.2719344611720337,-0.1295180497305503,0.00015748,0.1298977712814698,0.00081957,1,0.0
11376,0.27679771415085347,0.08032465072570733,-1.54e-06,1.0352253157245797,4.45778214968442,64.67506886578225,1.0052136313683062,44.3752838079088,0.12067054082980143,-74.08170264200744,-1.1573229341274334,99.35814432628844,0.6295741068180681,-15.468970862113414,0.2719344611720337,0.3269757706126254,0.00015748,1.0632889148114386,0.00081957,0,0.0
11377,0.565196106065114,0.1533054511852893,-1.54e-06,1.0352253157245797,4.45778214968442,48.69680484341904,1.0052136313683062,37.57011241019406,0.12067054082980143,-14.487999389227147,-1.1573229341274334,-18.685323043115122,0.6295741068180681,-8.282075567478312,0.2719344611720337,0.3538815453413583,0.00015748,0.8553204811067626,0.00081957,0,0.0
11378,0.40503547856773264,0.10043867097685114,-1.54e-06,1.0352253157245797,4.45778214968442,85.68613573185587,1.0052136313683062,59.473121246617666,0.12067054082980143,-59.544337621176055,-1.1573229341274334,-20.83398952669929,0.6295741068180681,-21.319730994113815,0.2719344611720337,0.3046496415881226,0.00015748,1.3946002175990708,0.00081957,0,0.0
11379,0.13294918626629365,0.06168418788802401,-1.54e-06,1.0352253157245797,4.45778214968442,96.02232811974041,1.0052136313683062,42.627471622883654,0.12067054082980143,-36.795790696938006,-1.1573229341274334,54.48572217575875,0.6295741068180681,-48.44729018875891,0.2719344611720337,0.3185352950032467,0.00015748,1.162749237688253,0.00081957,0,0.0
11380,0.5370403335292958,0.12521060233593534,-1.54e-06,1.0352253157245797,4.45778214968442,45.744947623292745,1.0052136313683062,53.945725956431865,0.12067054082980143,-87.34676445182248,-1.1573229341274334,42.76515856812959,0.6295741068180681,12.188405054870639,0.2719344611720337,0.3211215444309102,0.00015748,1.1308154836216278,0.00081957,0,0.0
11381,0.49660244635617806,0.1239873759345418,-1.54e-06,1.0352253157245797,4.45778214968442,50.995828538475806,1.0052136313683062,45.448841396168405,0.12067054082980143,-57.2316137036263,-1.1573229341274334,27.851171692460074,0.6295741068180681,-0.6435277372642884,0.2719344611720337,0.33053088070488856,0.00015748,1.0274374180917971,0.00081957,0,0.0
11382,0.24335027631238082,0.010278428514176454,-1.54e-06,1.0352253157245797,4.45778214968442,-32.75963668950567,1.0052136313683062,3.333032140617378,0.12067054082980143,-37.36923139317332,-1.1573229341274334,22.453377600304943,0.6295741068180681,39.55629932325954,0.2719344611720337,-0.019334563708238505,0.00015748,0.019439085336040166,0.00081957,1,0.0
11383,0.6898833678718373,0.1913660841578603,-1.54e-06,1.0352253157245797,4.45778214968442,23.296329509834926,1.0052136313683062,45.564784201909525,0.12067054082980143,-53.529306788755804,-1.1573229341274334,30.34134028560973,0.6295741068180681,18.390450601177893,0.2719344611720337,0.3669496132325908,0.00015748,0.785698354729626,0.00081957,0,0.0
11384,0.911802179043463,0.21218697257446112,-1.54e-06,1.0352253157245797,4.45778214968442,30.35787251027008,1.0052136313683062,67.67788933463419,0.12067054082980143,-85.7188793115642,-1.1573229341274334,-80.37151526237709,0.6295741068180681,41.025657540977186,0.2719344611720337,0.3099744441485571,0.00015748,1.2918739431587145,0.00081957,0,0.0
11385,0.0002557364377288873,0.06239713835054597,-1.54e-06,1.0352253157245797,4.45778214968442,7.937087181968873,1.0052136313683062,11.114419243747886,0.12067054082980143,-7.202998013722351,-1.1573229341274334,3.119721474928338,0.6295741068180681,-6.094665993344027,0.2719344611720337,-0.02494078981151123,0.00015748,0.1132326331167818,0.00081957,1,0.0
11386,0.4977427226355991,0.04793135907171322,-1.54e-06,1.0352253157245797,4.45778214968442,-64.88694096594827,1.0052136313683062,4.453715498970906,0.12067054082980143,-68.08556708934216,-1.1573229341274334,30.2521007075944,0.6295741068180681,78.77149048731246,0.2719344611720337,-0.029714726826787573,0.00015748,0.03023465391551801,0.00081957,1,0.0
11387,0.40882783760526475,0.01998631992762452,-1.54e-06,1.0352253157245797,4.45778214968442,-59.342170451319056,1.0052136313683062,10.872191860160214,0.12067054082980143,-77.96482386916416,-1.1573229341274334,27.318259537156393,0.6295741068180681,74.27066227765214,0.2719344611720337,-0.03343098893677015,0.00015748,0.03356232040991535,0.00081957,1,0.0
11388,0.455091584503594,0.139421711372526,-1.54e-06,1.0352253157245797,4.45778214968442,47.11968616018785,1.0052136313683062,27.388132724160965,0.12067054082980143,-19.602398230390268,-1.1573229341274334,53.990922305002464,0.6295741068180681,-12.56051969274063,0.2719344611720337,0.3723585646982832,0.00015748,0.7586035250320888,0.00081957,0,0.0
11389,0.476229308079592,0.11554873688578089,-1.54e-06,1.0352253157245797,4.45778214968442,99.97697612607439,1.0052136313683062,67.06753254631101,0.12067054082980143,-45.56277860707457,-1.1573229341274334,-93.91009517662395,0.6295741068180681,-27.559616788558753,0.2719344611720337,0.29696648904808853,0.00015748,1.583208666950521,0.00081957,0,0.0
11390,0.0008129348884261534,0.1378168447373918,-1.54e-06,1.0352253157245797,4.45778214968442,21.96840555985892,1.0052136313683062,17.010851754014563,0.12067054082980143,-8.015350201231504,-1.1573229341274334,-21.076763713735424,0.6295741068180681,-12.536906327066255,0.2719344611720337,0.01463147260270202,0.00015748,0.2539384950203099,0.00081957,0,0.0
11391,0.2554129904916274,0.014536386737399177,-1.54e-06,1.0352253157245797,4.45778214968442,-30.8271819836538,1.0052136313683062,1.3175136978265773,0.12067054082980143,-28.043272784217738,-1.1573229341274334,16.69760876854863,0.6295741068180681,36.30519961323296,0.2719344611720337,-0.03221464214796843,0.00015748,0.032219419914901376,0.00081957,1,0.0
11392,0.0015167277820267444,0.04218787988521273,-1.54e-06,1.0352253157245797,4.45778214968442,-13.607418638284505,1.0052136313683062,17.07322952231745,0.12067054082980143,-53.638714955827595,-1.1573229341274334,29.621709279415192,0.6295741068180681,20.52797659821217,0.2719344611720337,-0.10382019515257669,0.00015748,0.11590428854451547,0.00081957,1,0.0
11393,0.11395678254410296,0.06595718721577225,-1.54e-06,1.0352253157245797,4.45778214968442,88.84816845972166,1.0052136313683062,30.800577653160158,0.12067054082980143,-15.193987872082703,-1.1573229341274334,73.76816514347242,0.6295741068180681,-52.51273065769116,0.2719344611720337,0.3387568314321508,0.00015748,0.9536488861753551,0.00081957,0,0.0
11394,0.14649991427023684,0.0044671400445943765,-1.54e-06,1.0352253157245797,4.45778214968442,-37.836386880408064,1.0052136313683062,8.84987708158342,0.12067054082980143,-76.82104800260986,-1.1573229341274334,82.35918927267778,0.6295741068180681,47.568749523689604,0.2719344611720337,-0.0350092491836394,0.00015748,0.035044997912057854,0.00081957,1,0.0
11395,0.047592638945804164,0.0031535179518923898,-1.54e-06,1.0352253157245797,4.45778214968442,-29.947474753499552,1.0052136313683062,7.587489198766953,0.12067054082980143,-76.19921288459147,-1.1573229341274334,99.61919177774728,0.6295741068180681,38.138441166784055,0.2719344611720337,-0.032113188110835904,0.00015748,0.03209038802723733,0.00081957,1,0.0
11396,0.659705609891978,0.21407539340345325,-1.54e-06,1.0352253157245797,4.45778214968442,26.759983650549145,1.0052136313683062,37.75731877833378,0.12067054082980143,-28.1174393063874,-1.1573229341274334,45.472940929733554,0.6295741068180681,5.50302584434386,0.2719344611720337,0.406675527649282,0.00015748,0.65176269411912,0.00081957,0,0.0
11397,0.14900813066960317,0.07187472461889688,-1.54e-06,1.0352253157245797,4.45778214968442,89.12094030360421,1.0052136313683062,48.76182374138569,0.12067054082980143,-49.973632683077916,-1.1573229341274334,67.64284601481894,0.6295741068180681,-42.681324921023155,0.2719344611720337,0.3223470855965031,0.00015748,1.1140387861492853,0.00081957,0,0.0
11398,7.73251911816708e-05,0.11367142586835761,-1.54e-06,1.0352253157245797,4.45778214968442,18.54748302913175,1.0052136313683062,9.703515452362247,0.12067054082980143,-16.267357227847455,-1.1573229341274334,72.85769517457233,0.6295741068180681,-13.508377527411595,0.2719344611720337,0.10933310564303156,0.00015748,0.17273594395279807,0.00081957,0,0.0
11399,0.04484923098744226,0.04665118425158899,-1.54e-06,1.0352253157245797,4.45778214968442,100.0,1.0052136313683062,45.28175031308926,0.12067054082980143,-60.33623397678851,-1.1573229341274334,100.0,0.6295741068180681,-48.960032544262916,0.2719344611720337,0.3134059660117261,0.00015748,1.2355834427182584,0.00081957,0,0.0
11400,0.29356538724254727,0.01665248720057988,-1.54e-06,2.301058337073141,3.47893708472098,-46.22289239126242,1.0052136313683062,-0.9725283966349936,0.12067054082980143,-11.093396341448488,-1.1573229341274334,5.090544063170126,0.6295741068180681,36.04168058852803,0.2719344611720337,-0.03159618760030915,0.00015748,0.03188590633293763,0.00081957,1,0.0
11401,0.5062362480165269,0.13209017549143154,-1.54e-06,2.301058337073141,3.47893708472098,5.94825090892236,1.0052136313683062,14.634931666115994,0.12067054082980143,-62.12676248708651,-1.1573229341274334,-70.93129821392856,0.6295741068180681,54.953452205383996,0.2719344611720337,-0.2504366169110583,0.00015748,0.2518646567638752,0.00081957,1,0.0
11402,0.0004974080654415181,0.05454473019898005,-1.54e-06,2.301058337073141,3.47893708472098,4.7372756301155485,1.0052136313683062,9.431651960738813,0.12067054082980143,-67.69771356327793,-1.1573229341274334,26.549617762174194,0.6295741068180681,29.54291896709467,0.2719344611720337,-0.11760415929768406,0.00015748,0.14690500035993656,0.00081957,1,0.0
11403,0.5564107875732667,0.08978437720208299,-1.54e-06,2.301058337073141,3.47893708472098,-34.10762975314757,1.0052136313683062,13.611964813271673,0.12067054082980143,-82.32014721343117,-1.1573229341274334,-27.827220734558153,0.6295741068180681,79.0895905609427,0.2719344611720337,-0.20044033693692218,0.00015748,0.20052789447159156,0.00081957,1,0.0
11404,0.04315137232821531,0.08830401913167671,-1.54e-06,2.301058337073141,3.47893708472098,45.1097161206874,1.0052136313683062,11.403050692370625,0.12067054082980143,-38.640920451592606,-1.1573229341274334,-43.43844702384708,0.6295741068180681,5.775087644374509,0.2719344611720337,-0.20118583057931388,0.00015748,0.20242296969780088,0.00081957,1,0.0
11405,0.047759017473874066,0.03970329303765387,-1.54e-06,2.301058337073141,3.47893708472098,-56.21383858066676,1.0052136313683062,-6.020071075670258,0.12067054082980143,-1.3796545624991943,-1.1573229341274334,55.246379411322,0.6295741068180681,20.976482121824898,0.2719344611720337,-0.13239548830116063,0.00015748,0.13216547168424433,0.00081957,1,0.0
11406,0.5096785779135518,0.02577155268806946,-1.54e-06,2.301058337073141,3.47893708472098,-93.70495006336559,1.0052136313683062,4.373789972601101,0.12067054082980143,-75.36671557514613,-1.1573229341274334,45.38739511268549,0.6295741068180681,93.07095353794179,0.2719344611720337,-0.033927421248877,0.00015748,0.03390629230944785,0.00081957,1,0.0
11407,0.14231538325619641,0.03685918185667638,-1.54e-06,2.301058337073141,3.47893708472098,-32.01266824998634,1.0052136313683062,9.397992966217307,0.12067054082980143,-89.46335854605289,-1.1573229341274334,46.16073954070211,0.6295741068180681,60.568127306484996,0.2719344611720337,-0.13180288139272062,0.00015748,0.13197906670933385,0.00081957,1,0.0
11408,0.32851428467129573,0.09258267353076723,-1.54e-06,2.301058337073141,3.47893708472098,14.129777511246004,1.0052136313683062,13.26267018173982,0.12067054082980143,-53.13206204501206,-1.1573229341274334,-53.7520776144647,0.6295741068180681,37.21274818635695,0.2719344611720337,-0.21393108616010947,0.00015748,0.21430012184684777,0.00081957,1,0.0
11409,-0.0015873809828195196,0.2882906034939785,-1.54e-06,2.301058337073141,3.47893708472098,1.5108056179636487,1.0052136313683062,19.29732009221298,0.12067054082980143,-83.63539409534317,-1.1573229341274334,30.870957627077498,0.6295741068180681,24.100806060934637,0.2719344611720337,-0.2631073007840608,0.00015748,0.31742663131465926,0.00081957,1,0.0
11410,0.34340808378372645,0.024412820078438716,-1.54e-06,2.301058337073141,3.47893708472098,-71.1570206590051,1.0052136313683062,6.807958304199713,0.12067054082980143,-70.94274884720677,-1.1573229341274334,44.65496868198387,0.6295741068180681,71.42592893178778,0.2719344611720337,-0.09081984687126023,0.00015748,0.09074389159452452,0.00081957,1,0.0
11411,0.3413960860962209,0.10041780939597997,-1.54e-06,2.301058337073141,3.47893708472098,16.976489413037925,1.0052136313683062,13.530250934878497,0.12067054082980143,-52.60132674933549,-1.1573229341274334,-59.23170059253617,0.6295741068180681,36.996330433160765,0.2719344611720337,-0.2230325740092055,0.00015748,0.22334740428190314,0.00081957,1,0.0
11412,8.193405261835984e-05,0.14477103947073178,-1.54e-06,2.301058337073141,3.47893708472098,97.87027557320971,1.0052136313683062,10.4811677290842,0.12067054082980143,-26.674883447407712,-1.1573229341274334,0.4192251274115211,0.6295741068180681,-32.60660035845477,0.2719344611720337,0.23599526986020267,0.00015748,0.268349690054298,0.00081957,0,0.0
11413,0.03514204297497503,0.14593237199770884,-1.54e-06,2.301058337073141,3.47893708472098,-30.127866896069374,1.0052136313683062,9.624149716823865,0.12067054082980143,-44.53216997577982,-1.1573229341274334,36.17118611395838,0.6295741068180681,21.602340222267557,0.2719344611720337,-0.21671494519685405,0.00015748,0.21727934125077128,0.00081957,1,0.0
11414,0.47086717796306243,0.02888864184528177,-1.54e-06,2.301058337073141,3.47893708472098,-28.244576157529323,1.0052136313683062,4.059914580198935,0.12067054082980143,-10.723754902371343,-1.1573229341274334,-47.522551445509606,0.6295741068180681,38.34006939287303,0.2719344611720337,-0.051326416127840405,0.00015748,0.051569962024078334,0.00081957,1,0.0
11415,0.6666637779347714,0.05391414586610743,-1.54e-06,2.301058337073141,3.47893708472098,-59.417646843039265,1.0052136313683062,4.5061767695177295,0.12067054082980143,-24.928860231924297,-1.1573229341274334,-41.46606759944524,0.6295741068180681,65.36436233042103,0.2719344611720337,-0.045556028574405175,0.00015748,0.04559617520772892,0.00081957,1,0.0
11416,-0.0003339574544933832,0.34181309325156567,-1.54e-06,2.301058337073141,3.47893708472098,43.999990375124206,1.0052136313683062,14.286217779907782,0.12067054082980143,-5.17466912463632,-1.1573229341274334,-26.918581512898115,0.6295741068180681,-31.796723548337937,0.2719344611720337,-0.18716670490422488,0.00015748,0.35472048111232274,0.00081957,1,0.0
11417,0.002451954757909436,0.07853531141082662,-1.54e-06,2.301058337073141,3.47893708472098,74.29770250778311,1.0052136313683062,9.024567613449644,0.12067054082980143,-1e-20,-1.1573229341274334,-81.60090641749706,0.6295741068180681,-23.98821087359655,0.2719344611720337,-0.1778057903396845,0.00015748,0.19055727470354858,0.00081957,1,0.0
11418,0.028141857611458154,0.06582877091956436,-1.54e-06,2.301058337073141,3.47893708472098,48.783532437186096,1.0052136313683062,9.188996777541224,0.12067054082980143,-21.77836597813366,-1.1573229341274334,-51.37775695315048,0.6295741068180681,-3.7519607573518434,0.2719344611720337,-0.17530277254233037,0.00015748,0.17545548305765254,0.00081957,1,0.0
11419,0.16851324589859873,0.16367287874883052,-1.54e-06,2.301058337073141,3.47893708472098,-63.789111934971416,1.0052136313683062,-9.004426927669954,0.12067054082980143,-33.16487806099296,-1.1573229341274334,65.26112565383808,0.6295741068180681,56.88301748143362,0.2719344611720337,-0.19653483257368135,0.00015748,0.1986461222455487,0.00081957,1,0.0
11420,0.0007281529799357256,0.058902025337650564,-1.54e-06,2.301058337073141,3.47893708472098,29.07872845206624,1.0052136313683062,9.138918538452094,0.12067054082980143,-43.03435486807131,-1.1573229341274334,-14.96203556984448,0.6295741068180681,11.141514572244791,0.2719344611720337,-0.15597070289238188,0.00015748,0.16126124532851507,0.00081957,1,0.0
11421,0.8263049277084261,0.08976731096554852,-1.54e-06,2.301058337073141,3.47893708472098,-79.30287139712158,1.0052136313683062,4.466827669944367,0.12067054082980143,-21.927575171474274,-1.1573229341274334,-49.523093757241426,0.6295741068180681,77.37551303467338,0.2719344611720337,-0.04672216279441403,0.00015748,0.046659257197169304,0.00081957,1,0.0
11422,0.1869210848041139,0.030179034381314616,-1.54e-06,2.301058337073141,3.47893708472098,31.382920092697574,1.0052136313683062,6.542605213324213,0.12067054082980143,-1e-20,-1.1573229341274334,-68.79222711638695,0.6295741068180681,-0.8531685535464049,0.2719344611720337,-0.11954137020963193,0.00015748,0.11996180347132515,0.00081957,1,0.0
11423,0.2353702838732066,0.0056340136390952335,-1.54e-06,2.301058337073141,3.47893708472098,-65.21964878821588,1.0052136313683062,2.1384255244864847,0.12067054082980143,-58.74348635652041,-1.1573229341274334,55.504851955744385,0.6295741068180681,61.908588304441594,0.2719344611720337,-0.013783666180349647,0.00015748,0.013960351579834615,0.00081957,1,0.0
11424,0.31939179015691677,0.014614942874867507,-1.54e-06,2.301058337073141,3.47893708472098,-73.82790945578866,1.0052136313683062,0.8811105278438113,0.12067054082980143,-46.53074028035893,-1.1573229341274334,45.109955110312505,0.6295741068180681,62.678876229076195,0.2719344611720337,-0.03363747023392678,0.00015748,0.03380015607469003,0.00081957,1,0.0
11425,0.19319410550882848,0.004357595825814967,-1.54e-06,2.301058337073141,3.47893708472098,-77.97244460992613,1.0052136313683062,3.3044796407964676,0.12067054082980143,-82.07877294990354,-1.1573229341274334,86.19747045478522,0.6295741068180681,74.59252101503562,0.2719344611720337,-0.029407765781506088,0.00015748,0.02955029956141589,0.00081957,1,0.0
11426,0.010659279609618988,0.02756601231886923,-1.54e-06,2.301058337073141,3.47893708472098,42.31003002234388,1.0052136313683062,5.932498664835563,0.12067054082980143,-1.33043495391863,-1.1573229341274334,-49.55818913094923,0.6295741068180681,-13.023691756436618,0.2719344611720337,-0.11226123041297224,0.00015748,0.11240751764367594,0.00081957,1,0.0
11427,0.1907928300996251,0.16955611360293824,-1.54e-06,2.301058337073141,3.47893708472098,64.58836756178425,1.0052136313683062,16.967703472994536,0.12067054082980143,-68.8182963528698,-1.1573229341274334,-30.779113051627238,0.6295741068180681,15.115927375513232,0.2719344611720337,-0.0704026655694476,0.00015748,0.3164780804697289,0.00081957,1,0.0
11428,0.17275349013282626,0.025018795405584566,-1.54e-06,2.301058337073141,3.47893708472098,-28.728417088718512,1.0052136313683062,8.02127688758356,0.12067054082980143,-71.70458291950354,-1.1573229341274334,29.968169197016785,0.6295741068180681,52.36856775548028,0.2719344611720337,-0.11037707134042336,0.00015748,0.11084994867045574,0.00081957,1,0.0
11429,0.13752293655149433,0.001940330861091288,-1.54e-06,2.301058337073141,3.47893708472098,-46.64834869402572,1.0052136313683062,2.073857336858374,0.12067054082980143,-46.674932029239294,-1.1573229341274334,46.54014657565497,0.6295741068180681,44.395552244983946,0.2719344611720337,-0.020542696465653338,0.00015748,0.020544444473000485,0.00081957,1,0.0
11430,-0.0002086353137218111,0.1285876865829091,-1.54e-06,2.301058337073141,3.47893708472098,51.7599267306762,1.0052136313683062,4.128466569042144,0.12067054082980143,-6.24216563167,-1.1573229341274334,8.178997509206003,0.6295741068180681,-22.86248803861625,0.2719344611720337,0.1060391416340446,0.00015748,0.2171633724544863,0.00081957,0,0.0
11431,0.0014007017679829592,0.05433909384356369,-1.54e-06,2.301058337073141,3.47893708472098,-20.932866230199746,1.0052136313683062,4.028375214801168,0.12067054082980143,-63.684789277163695,-1.1573229341274334,73.12164443742039,0.6295741068180681,34.607468490418114,0.2719344611720337,0.05503611582210826,0.00015748,0.06647055856151478,0.00081957,0,0.0
11432,0.0011262923021190252,0.47217297233080013,-1.54e-06,2.301058337073141,3.47893708472098,87.25530774625454,1.0052136313683062,11.944330023265511,0.12067054082980143,-31.16621343670283,-1.1573229341274334,90.8962689304019,0.6295741068180681,-49.05563731856652,0.2719344611720337,0.112229649724438,0.00015748,0.8209868070889679,0.00081957,0,0.0
11433,0.15083090945922523,0.002695747768629927,-1.54e-06,2.301058337073141,3.47893708472098,-46.28651294954747,1.0052136313683062,2.4959263318687066,0.12067054082980143,-51.3541687160447,-1.1573229341274334,46.15349441021182,0.6295741068180681,47.82943909722598,0.2719344611720337,-0.021033025231145554,0.00015748,0.021171936336898064,0.00081957,1,0.0
11434,0.7139529962934047,0.11630238619290342,-1.54e-06,2.301058337073141,3.47893708472098,-16.95342220081041,1.0052136313683062,13.834947786794723,0.12067054082980143,-48.70766266333428,-1.1573229341274334,-88.91693441379489,0.6295741068180681,64.9489012479964,0.2719344611720337,-0.20942004105491932,0.00015748,0.2093181298335889,0.00081957,1,0.0
11435,0.36086268565195057,0.11186825350174118,-1.54e-06,2.301058337073141,3.47893708472098,-69.62834747065088,1.0052136313683062,-3.049555991811904,0.12067054082980143,-54.15453416743154,-1.1573229341274334,44.917361419913824,0.6295741068180681,76.21589182726265,0.2719344611720337,-0.14307453011535798,0.00015748,0.1497002453275625,0.00081957,1,0.0
11436,-0.00011752339342985252,1.1743082496876136,-1.54e-06,2.301058337073141,3.47893708472098,91.34207778124284,1.0052136313683062,39.111674393526386,0.12067054082980143,-85.86971025780198,-1.1573229341274334,-57.28950659889854,0.6295741068180681,-22.252690305290088,0.2719344611720337,-0.48615233277054426,0.00015748,0.6660781523867233,0.00081957,1,0.0
11437,0.0006683190753713486,0.12539806772253248,-1.54e-06,2.301058337073141,3.47893708472098,30.40093717815645,1.0052136313683062,11.150058366218383,0.12067054082980143,-90.63664811565206,-1.1573229341274334,82.1661901494387,0.6295741068180681,22.91658275598485,0.2719344611720337,0.1900382653550131,0.00015748,0.21500233810137206,0.00081957,0,0.0
11438,7.997572543783082e-05,0.13406811346941028,-1.54e-06,2.301058337073141,3.47893708472098,56.83397879199114,1.0052136313683062,14.398172438499659,0.12067054082980143,-95.76382441630231,-1.1573229341274334,71.01212734166342,0.6295741068180681,14.252810085835844,0.2719344611720337,0.20736814132992226,0.00015748,0.2819103097107814,0.00081957,0,0.0
11439,0.32875849195811613,0.30433758607577316,-1.54e-06,2.301058337073141,3.47893708472098,-28.292758725856515,1.0052136313683062,10.893369969611813,0.12067054082980143,-1e-20,-1.1573229341274334,-39.67570879010555,0.6295741068180681,10.146800670157333,0.2719344611720337,-0.294680595480491,0.00015748,0.293708886576515,0.00081957,1,0.0
11440,0.5201070551315763,0.09045973907749619,-1.54e-06,2.301058337073141,3.47893708472098,-23.94338845917459,1.0052136313683062,13.373067247275944,0.12067054082980143,-75.05823398882843,-1.1573229341274334,-35.11054923100855,0.6295741068180681,70.49773517172262,0.2719344611720337,-0.20065849702797486,0.00015748,0.2033470623821779,0.00081957,1,0.0
11441,0.7514681900310876,0.3527069983825821,-1.54e-06,2.301058337073141,3.47893708472098,29.975666355301673,1.0052136313683062,13.69181377297853,0.12067054082980143,-87.60805152009333,-1.1573229341274334,-19.983338573600403,0.6295741068180681,65.43705202806204,0.2719344611720337,0.08289257183268847,0.00015748,0.44640797639658547,0.00081957,0,0.0
11442,0.33176206959622756,0.02400025414569526,-1.54e-06,2.301058337073141,3.47893708472098,-5.3549244200028,1.0052136313683062,5.996435364786116,0.12067054082980143,-17.097877332424417,-1.1573229341274334,-46.268568525186744,0.6295741068180681,26.75332081728315,0.2719344611720337,-0.09218347154036591,0.00015748,0.09233358009700163,0.00081957,1,0.0
11443,0.003465335274594583,0.11867600018973977,-1.54e-06,2.301058337073141,3.47893708472098,-43.39290458516372,1.0052136313683062,-8.256743474488815,0.12067054082980143,-27.388496159273014,-1.1573229341274334,68.66908708323217,0.6295741068180681,37.1286539658891,0.2719344611720337,-0.1683237132621317,0.00015748,0.1748814901559128,0.00081957,1,0.0
11444,0.3045266439658666,0.19053733411046903,-1.54e-06,2.301058337073141,3.47893708472098,71.20069164067753,1.0052136313683062,15.504473247159574,0.12067054082980143,-79.7623911836094,-1.1573229341274334,3.8138066346784263,0.6295741068180681,20.225583196714222,0.2719344611720337,0.1487344035282146,0.00015748,0.37305114133988854,0.00081957,0,0.0
11445,0.0009766496724825657,0.1372993887378711,-1.54e-06,2.301058337073141,3.47893708472098,47.054100534831214,1.0052136313683062,10.474813253961127,0.12067054082980143,-75.52603656217492,-1.1573229341274334,71.92151906144753,0.6295741068180681,8.410698014049359,0.2719344611720337,0.21742863371743096,0.00015748,0.2603612780733343,0.00081957,0,0.0
11446,0.0696884512258763,0.1316327226853226,-1.54e-06,2.301058337073141,3.47893708472098,85.90319360779743,1.0052136313683062,12.979593872593254,0.12067054082980143,-13.130878900631851,-1.1573229341274334,-91.88840955018554,0.6295741068180681,-20.105037159820704,0.2719344611720337,-0.18933077308077628,0.00015748,0.2531817368696101,0.00081957,1,0.0
11447,0.0002488875888957409,0.08801913443192838,-1.54e-06,2.301058337073141,3.47893708472098,-2.7515995814243825,1.0052136313683062,3.3428083217014812,0.12067054082980143,-51.89717904805229,-1.1573229341274334,66.08191848080608,0.6295741068180681,21.48411421344216,0.2719344611720337,0.07200282522216084,0.00015748,0.1361023365695705,0.00081957,0,0.0
11448,0.4169036694623703,0.03938734083491181,-1.54e-06,2.301058337073141,3.47893708472098,3.3246844718528643,1.0052136313683062,7.40641361532926,0.12067054082980143,-8.41406910028949,-1.1573229341274334,-75.04508652776002,0.6295741068180681,23.627329685066936,0.2719344611720337,-0.11484338092223188,0.00015748,0.11497929253355897,0.00081957,1,0.0
11449,0.0020953171713752328,0.08220712304816218,-1.54e-06,2.301058337073141,3.47893708472098,26.036317357870615,1.0052136313683062,10.04548939533816,0.12067054082980143,-61.79200514912637,-1.1573229341274334,18.281757921634814,0.6295741068180681,18.05081432223354,0.2719344611720337,-0.059169197318017036,0.00015748,0.17836368873882333,0.00081957,1,0.0
11450,0.2737013033476189,0.1728478930514984,-1.54e-06,2.301058337073141,3.47893708472098,82.74691930314265,1.0052136313683062,14.490374250276961,0.12067054082980143,-32.005216639017405,-1.1573229341274334,-78.75041880730828,0.6295741068180681,-2.5517951097670517,0.2719344611720337,-0.06433453991690294,0.00015748,0.3124019461045727,0.00081957,1,0.0
11451,0.00029349323768507185,0.10223335742490007,-1.54e-06,2.301058337073141,3.47893708472098,9.441071424592955,1.0052136313683062,6.927385491106099,0.12067054082980143,-67.79066477070899,-1.1573229341274334,70.90677966473002,0.6295741068180681,22.266036226075315,0.2719344611720337,0.12807578349092802,0.00015748,0.14648243330589739,0.00081957,0,0.0
11452,-7.118111364244617e-06,0.05685611496304906,-1.54e-06,2.301058337073141,3.47893708472098,-4.855710355638958,1.0052136313683062,0.7845224333488161,0.12067054082980143,-23.25676847114533,-1.1573229341274334,38.76046269240023,0.6295741068180681,10.100929246526036,0.2719344611720337,0.021165005438578507,0.00015748,0.09737480520868239,0.00081957,0,0.0
11453,0.3430403482189823,0.18977689370349568,-1.54e-06,2.301058337073141,3.47893708472098,34.17269678469628,1.0052136313683062,18.276104716409527,0.12067054082980143,-80.42430261457615,-1.1573229341274334,-52.91842954211751,0.6295741068180681,43.24544708031222,0.2719344611720337,-0.24143371588482077,0.00015748,0.31575331629521886,0.00081957,1,0.0
11454,0.2983010050538913,0.197323173708956,-1.54e-06,2.301058337073141,3.47893708472098,58.91938982939,1.0052136313683062,14.413334579626815,0.12067054082980143,-99.91806273849436,-1.1573229341274334,49.89953392952935,0.6295741068180681,32.013666035901984,0.2719344611720337,0.2248008038205031,0.00015748,0.40721302737068305,0.00081957,0,0.0
11455,0.47921424276752056,0.023049776468038807,-1.54e-06,2.301058337073141,3.47893708472098,-85.16982584241275,1.0052136313683062,5.89811731289956,0.12067054082980143,-80.78487494195458,-1.1573229341274334,43.075469946326415,0.6295741068180681,91.10542217684429,0.2719344611720337,-0.056822402828619195,0.00015748,0.05672155486402622,0.00081957,1,0.0
11456,0.3799971724045066,0.016644807106159964,-1.54e-06,2.301058337073141,3.47893708472098,-75.21599905850346,1.0052136313683062,1.750663786067131,0.12067054082980143,-52.945051977977144,-1.1573229341274334,39.16964927125171,0.6295741068180681,70.22286069849056,0.2719344611720337,-0.007107624644719112,0.00015748,0.00719064136520737,0.00081957,1,0.0
11457,0.002455435982556209,0.04943936154276997,-1.54e-06,2.301058337073141,3.47893708472098,42.79493683051721,1.0052136313683062,6.6648679802201,0.12067054082980143,-14.752854032941581,-1.1573229341274334,-32.16341037408682,0.6295741068180681,-7.996796534894815,0.2719344611720337,-0.08025043890158289,0.00015748,0.13401990965441574,0.00081957,1,0.0
11458,0.31439599068898416,0.021255887561198523,-1.54e-06,2.301058337073141,3.47893708472098,-38.786623783606544,1.0052136313683062,6.949628554219884,0.12067054082980143,-61.16356543535171,-1.1573229341274334,12.400020780965564,0.6295741068180681,58.31351335312152,0.2719344611720337,-0.0934167270522203,0.00015748,0.09381119424461663,0.00081957,1,0.0
11459,0.0001475682084463581,0.23556659002022243,-1.54e-06,2.301058337073141,3.47893708472098,72.29729056295801,1.0052136313683062,4.1592335847160244,0.12067054082980143,-15.231094472713103,-1.1573229341274334,51.01319577778595,0.6295741068180681,-32.869493480361236,0.2719344611720337,0.14018321776437134,0.00015748,0.49380414690724783,0.00081957,0,0.0
11460,0.021060864032210858,0.028491963040345528,-1.54e-06,2.301058337073141,3.47893708472098,42.027240394367844,1.0052136313683062,5.973876947246544,0.12067054082980143,-1.8761071290906872,-1.1573229341274334,-50.691565370689005,0.6295741068180681,-11.936253211487832,0.2719344611720337,-0.1151402049870633,0.00015748,0.11535354392549547,0.00081957,1,0.0
11461,0.028437900009467665,0.1477036824951395,-1.54e-06,2.301058337073141,3.47893708472098,84.33603405278004,1.0052136313683062,16.486717153472974,0.12067054082980143,-80.12459547376915,-1.1573229341274334,24.885557191474994,0.6295741068180681,-0.3408387610273145,0.2719344611720337,0.1422502078169522,0.00015748,0.3282944004946611,0.00081957,0,0.0
11462,0.7471962305378657,0.06786801079213976,-1.54e-06,2.301058337073141,3.47893708472098,-81.7010307160723,1.0052136313683062,3.563620373611259,0.12067054082980143,-36.782287267211665,-1.1573229341274334,-25.00968117565382,0.6295741068180681,83.55489289300245,0.2719344611720337,-0.02838173323706154,0.00015748,0.028252789824384793,0.00081957,1,0.0
11463,0.017709856305828664,0.030937881465594758,-1.54e-06,2.301058337073141,3.47893708472098,8.319367167083655,1.0052136313683062,3.885325079853061,0.12067054082980143,-34.57535664016153,-1.1573229341274334,4.120393267771075,0.6295741068180681,17.551287631617416,0.2719344611720337,-0.10651533757901045,0.00015748,0.11006908658474586,0.00081957,1,0.0
11464,0.26013510667158496,0.06804854327251715,-1.54e-06,2.301058337073141,3.47893708472098,37.85774826474273,1.0052136313683062,10.54132476231635,0.12067054082980143,-14.761928621301877,-1.1573229341274334,-83.7250803076121,0.6295741068180681,7.378757313801846,0.2719344611720337,-0.18131234265660442,0.00015748,0.181681468827787,0.00081957,1,0.0
11465,0.0010497381320631882,0.15678379931950626,-1.54e-06,2.301058337073141,3.47893708472098,24.157188578856147,1.0052136313683062,1.9126933742847216,0.12067054082980143,-26.796269564726895,-1.1573229341274334,56.43184639234649,0.6295741068180681,-3.4808798068314224,0.2719344611720337,0.0727682430242839,0.00015748,0.28999386851091485,0.00081957,0,0.0
11466,0.49874546373793144,0.030446665343048296,-1.54e-06,2.301058337073141,3.47893708472098,-42.611799794384424,1.0052136313683062,3.5678921860915658,0.12067054082980143,-21.182198674241235,-1.1573229341274334,-31.67458222701654,0.6295741068180681,50.094244581957035,0.2719344611720337,-0.04232659881223846,0.00015748,0.042159813025989555,0.00081957,1,0.0
11467,0.00017276291650686337,0.08253244306115742,-1.54e-06,2.301058337073141,3.47893708472098,39.91138825948817,1.0052136313683062,7.028420850753981,0.12067054082980143,-31.3284860153881,-1.1573229341274334,5.438258550302201,0.6295741068180681,-3.0457674575079494,0.2719344611720337,0.04846859434088101,0.00015748,0.14312591130689073,0.00081957,0,0.0
11468,0.3664961370629802,0.022108690326462774,-1.54e-06,2.301058337073141,3.47893708472098,-94.08069023984862,1.0052136313683062,0.14799802107388588,0.12067054082980143,-60.06615291894679,-1.1573229341274334,65.71713393017049,0.6295741068180681,79.01264382273527,0.2719344611720337,-0.04049697544062046,0.00015748,0.040873403496111516,0.00081957,1,0.0
11469,0.5314974016629501,0.10865866214037793,-1.54e-06,2.301058337073141,3.47893708472098,5.154614626333793,1.0052136313683062,13.768117346679094,0.12067054082980143,-47.01650648380146,-1.1573229341274334,-81.48401827337146,0.6295741068180681,47.89920720796157,0.2719344611720337,-0.22066332330160982,0.00015748,0.2225628958379569,0.00081957,1,0.0
11470,0.5749850615852882,0.046528125814733395,-1.54e-06,2.301058337073141,3.47893708472098,-61.01885185983573,1.0052136313683062,9.017322587926918,0.12067054082980143,-70.86957715918152,-1.1573229341274334,-5.300078500741856,0.6295741068180681,83.256764842918,0.2719344611720337,-0.11433013101128933,0.00015748,0.11412979098861839,0.00081957,1,0.0
11471,0.0007730836415122955,0.059544526709053136,-1.54e-06,2.301058337073141,3.47893708472098,-14.908105863240714,1.0052136313683062,9.240482712369282,0.12067054082980143,-91.19123764559916,-1.1573229341274334,67.31736869118397,0.6295741068180681,46.42997504984968,0.2719344611720337,-0.06576107297115429,0.00015748,0.14013662544447913,0.00081957,1,0.0
11472,0.2971715399659197,0.08321508656092559,-1.54e-06,2.301058337073141,3.47893708472098,9.778270185375064,1.0052136313683062,12.320245920097799,0.12067054082980143,-56.53502815293852,-1.1573229341274334,-41.23679952221735,0.6295741068180681,39.282939141933504,0.2719344611720337,-0.20258398285813717,0.00015748,0.20371600107516508,0.00081957,1,0.0
11473,0.0004854783636536464,0.16092897050643176,-1.54e-06,2.301058337073141,3.47893708472098,89.84404832410166,1.0052136313683062,11.851201482418457,0.12067054082980143,-64.81140818344514,-1.1573229341274334,70.95895215004658,0.6295741068180681,-17.794464872670677,0.2719344611720337,0.27366001556268116,0.00015748,0.46321684247614703,0.00081957,0,0.0
11474,0.05293759762454042,0.07033555848964235,-1.54e-06,2.301058337073141,3.47893708472098,17.665825352048824,1.0052136313683062,10.992408113579929,0.12067054082980143,-60.7203821961416,-1.1573229341274334,-5.658358674387503,0.6295741068180681,25.703235432854623,0.2719344611720337,-0.17902823085398195,0.00015748,0.17961684406825612,0.00081957,1,0.0
11475,0.002830341524778568,0.0914603865494087,-1.54e-06,2.301058337073141,3.47893708472098,70.8470189228745,1.0052136313683062,9.378084611100483,0.12067054082980143,-12.363460564581835,-1.1573229341274334,-45.53730153340688,0.6295741068180681,-21.79294993190376,0.2719344611720337,-0.03316616815207088,0.00015748,0.18744051683359989,0.00081957,1,0.0
11476,0.4013978650251919,0.08269481426972666,-1.54e-06,2.301058337073141,3.47893708472098,-10.932344814196684,1.0052136313683062,12.85198490739257,0.12067054082980143,-69.92988283985251,-1.1573229341274334,-31.343243387907364,0.6295741068180681,57.75777745944336,0.2719344611720337,-0.2008402260602691,0.00015748,0.20075920535350147,0.00081957,1,0.0
11477,0.0007902132482177637,0.056133945099201284,-1.54e-06,2.301058337073141,3.47893708472098,26.821288444006274,1.0052136313683062,8.386000996309718,0.12067054082980143,-41.19483182725943,-1.1573229341274334,-3.8665601833153196,0.6295741068180681,9.260650062390214,0.2719344611720337,-0.0921108588275679,0.00015748,0.1456987675204181,0.00081957,1,0.0
11478,0.03170038280537257,0.013964459626985797,-1.54e-06,2.301058337073141,3.47893708472098,-55.22486934315001,1.0052136313683062,-2.374236843336746,0.12067054082980143,-29.198002854752342,-1.1573229341274334,67.76356504545788,0.6295741068180681,32.95214992383299,0.2719344611720337,-0.0803566389166434,0.00015748,0.08017015411925606,0.00081957,1,0.0
11479,0.0028408931083456768,0.12313985215772072,-1.54e-06,2.301058337073141,3.47893708472098,61.6602237961419,1.0052136313683062,12.174100048447738,0.12067054082980143,-59.25767775914086,-1.1573229341274334,13.537696709283132,0.6295741068180681,0.5499298162204005,0.2719344611720337,0.05921465714041671,0.00015748,0.24304017215552645,0.00081957,0,0.0
11480,0.2876948697732517,0.009994854132144508,-1.54e-06,2.301058337073141,3.47893708472098,-55.47317309768513,1.0052136313683062,5.06279364448939,0.12067054082980143,-64.01365704313014,-1.1573229341274334,36.804324756947274,0.6295741068180681,63.44072304244941,0.2719344611720337,-0.05449822935214746,0.00015748,0.054489890186846496,0.00081957,1,0.0
11481,0.23525698273696116,0.09554778397803501,-1.54e-06,2.301058337073141,3.47893708472098,34.4838846000905,1.0052136313683062,13.641214623802743,0.12067054082980143,-23.545585529676835,-1.1573229341274334,-75.53510127079763,0.6295741068180681,7.1471209199472625,0.2719344611720337,-0.19905960892443583,0.00015748,0.19942401842574117,0.00081957,1,0.0
11482,0.0010858759950527208,0.12113380647904168,-1.54e-06,2.301058337073141,3.47893708472098,99.38173205999486,1.0052136313683062,16.9058949609679,0.12067054082980143,-99.71735780076393,-1.1573229341274334,84.21503995072301,0.6295741068180681,-5.314842432946753,0.2719344611720337,0.3622569414448015,0.00015748,0.42597558167062344,0.00081957,0,0.0
11483,0.8731559027155296,0.09481335825700757,-1.54e-06,2.301058337073141,3.47893708472098,-66.17950877244071,1.0052136313683062,7.643214818196436,0.12067054082980143,-37.16491694788636,-1.1573229341274334,-65.22225099250382,0.6295741068180681,84.45953237810049,0.2719344611720337,-0.09491824042469381,0.00015748,0.09538064760517494,0.00081957,1,0.0
11484,0.00020885411058708166,0.023629678079587005,-1.54e-06,2.301058337073141,3.47893708472098,-42.506038062104324,1.0052136313683062,0.1189791176149429,0.12067054082980143,-46.92777786806964,-1.1573229341274334,74.81781049524358,0.6295741068180681,35.482824244377994,0.2719344611720337,-0.019264697892032563,0.00015748,0.05989515794315165,0.00081957,1,0.0
11485,0.58223244833408,0.14291214545526718,-1.54e-06,2.301058337073141,3.47893708472098,-18.208896173808377,1.0052136313683062,17.199556047869347,0.12067054082980143,-89.69927542865736,-1.1573229341274334,-47.69541042616763,0.6295741068180681,78.28671027534403,0.2719344611720337,-0.26025858393190354,0.00015748,0.2612517197525673,0.00081957,1,0.0
11486,0.36908337122139456,0.2253785117677732,-1.54e-06,2.301058337073141,3.47893708472098,85.41084678560962,1.0052136313683062,19.722760979436522,0.12067054082980143,-53.294656021102114,-1.1573229341274334,-87.93061902949971,0.6295741068180681,9.441354628589291,0.2719344611720337,-0.10681885344302802,0.00015748,0.373979321136086,0.00081957,1,0.0
11487,0.0006446101788618042,0.10328215880384808,-1.54e-06,2.301058337073141,3.47893708472098,37.17761581979164,1.0052136313683062,6.2605718299686774,0.12067054082980143,-34.72050753801551,-1.1573229341274334,26.067180035626496,0.6295741068180681,-2.6902480729869827,0.2719344611720337,0.13226350980525103,0.00015748,0.14091025774350113,0.00081957,0,0.0
11488,0.0008675916609898193,0.18191016126539378,-1.54e-06,2.301058337073141,3.47893708472098,-23.667144174766293,1.0052136313683062,7.968032143439498,0.12067054082980143,-41.488770873709655,-1.1573229341274334,56.08544499985956,0.6295741068180681,14.11391372280632,0.2719344611720337,-0.15528090963457053,0.00015748,0.2646585602677095,0.00081957,1,0.0
11489,0.2351410176021894,0.07636642134380463,-1.54e-06,2.301058337073141,3.47893708472098,-51.69055416373887,1.0052136313683062,2.3392308687035803,0.12067054082980143,-80.70964686771329,-1.1573229341274334,56.283025816035625,0.6295741068180681,74.42599760729189,0.2719344611720337,-0.13170779081132133,0.00015748,0.14153267501611122,0.00081957,1,0.0
11490,0.001087164115919581,0.11959109874800167,-1.54e-06,2.301058337073141,3.47893708472098,64.00862182955758,1.0052136313683062,9.279843356938176,0.12067054082980143,-39.73939396574109,-1.1573229341274334,11.38596888461275,0.6295741068180681,-10.294636002217532,0.2719344611720337,0.1316949131043885,0.00015748,0.2084490122550793,0.00081957,0,0.0
11491,0.22445462425344137,0.1747744608040535,-1.54e-06,2.301058337073141,3.47893708472098,19.004805911079803,1.0052136313683062,6.443832800776906,0.12067054082980143,-67.17058129662965,-1.1573229341274334,35.945165514741866,0.6295741068180681,35.13564623193755,0.2719344611720337,0.04860906548302786,0.00015748,0.28004044343246065,0.00081957,0,0.0
11492,0.0006803882686250429,0.12042934640441603,-1.54e-06,2.301058337073141,3.47893708472098,54.760271902273765,1.0052136313683062,12.988417946007987,0.12067054082980143,-60.15205356787718,-1.1573229341274334,-2.3460278010580917,0.6295741068180681,5.831290810886628,0.2719344611720337,-0.05821512193901701,0.00015748,0.24018471665201047,0.00081957,1,0.0
11493,0.0044886327028001854,0.2459396250007709,-1.54e-06,2.301058337073141,3.47893708472098,-60.44244582025006,1.0052136313683062,0.6584380647082293,0.12067054082980143,-0.06893752644015705,-1.1573229341274334,57.218047262104186,0.6295741068180681,6.964185450851338,0.2719344611720337,-0.2985256831253059,0.00015748,0.29972421785155967,0.00081957,1,0.0
11494,0.15969631762684608,0.0024477290578120954,-1.54e-06,2.301058337073141,3.47893708472098,-44.60128700110753,1.0052136313683062,2.453642101219504,0.12067054082980143,-45.56880388583691,-1.1573229341274334,39.883647749700785,0.6295741068180681,44.37712504353461,0.2719344611720337,-0.022591508697092384,0.00015748,0.02258986946510923,0.00081957,1,0.0
11495,0.6576235706388027,0.20321501898338074,-1.54e-06,2.301058337073141,3.47893708472098,-2.90377651499501,1.0052136313683062,20.14000383637338,0.12067054082980143,-87.5654300469535,-1.1573229341274334,-79.69445893642138,0.6295741068180681,75.70128988520055,0.2719344611720337,-0.3112699596807185,0.00015748,0.3118671392576831,0.00081957,1,0.0
11496,0.00023405277790367052,0.13679416931926597,-1.54e-06,2.301058337073141,3.47893708472098,74.75667203446,1.0052136313683062,14.447108781035132,0.12067054082980143,-93.34474758002865,-1.1573229341274334,82.65869252372886,0.6295741068180681,3.141911834543354,0.2719344611720337,0.3031696902504709,0.00015748,0.34985786483254844,0.00081957,0,0.0
11497,0.18624013188874566,0.1566289475565959,-1.54e-06,2.301058337073141,3.47893708472098,58.089480752350546,1.0052136313683062,15.715108674796262,0.12067054082980143,-61.6854134373513,-1.1573229341274334,-38.56039317311088,0.6295741068180681,15.6191069174351,0.2719344611720337,-0.11348959970581843,0.00015748,0.2927376777176559,0.00081957,1,0.0
11498,0.00028315527010519537,0.14679924153984458,-1.54e-06,2.301058337073141,3.47893708472098,60.5526348027697,1.0052136313683062,5.900453766497162,0.12067054082980143,-20.26305858254431,-1.1573229341274334,22.371369942728812,0.6295741068180681,-21.1842977669095,0.2719344611720337,0.1461217621119025,0.00015748,0.26967146382865437,0.00081957,0,0.0
11499,0.10772122453722047,0.1436686888758474,-1.54e-06,2.301058337073141,3.47893708472098,-64.83111889361342,1.0052136313683062,1.0523008230224853,0.12067054082980143,-12.776515210382701,-1.1573229341274334,51.25736298217611,0.6295741068180681,23.04156797894684,0.2719344611720337,-0.2296969909537268,0.00015748,0.22967179172927343,0.00081957,1,0.0
11500,0.060592384821052635,8.312965777707158e-05,-1.54e-06,2.687540073637388,7.505384807007876,-70.38275151796982,1.0052136313683062,3.9362842022448876,0.12067054082980143,-24.11466322852734,-1.1573229341274334,-95.64586090988749,0.6295741068180681,46.726254700429045,0.2719344611720337,-0.0025166284750952886,0.00015748,0.002513918093041443,0.00081957,1,0.0
11501,4.777070394493266e-06,0.0017773403771527804,-1.54e-06,2.687540073637388,7.505384807007876,10.89575325449377,1.0052136313683062,12.613940737324171,0.12067054082980143,-38.32455272980106,-1.1573229341274334,-25.71816467649424,0.6295741068180681,2.2730529642346675,0.2719344611720337,-0.009324264534878852,0.00015748,0.01124404343815158,0.00081957,1,0.0
11502,-4.166160828114607e-06,0.00641215846736514,-1.54e-06,2.687540073637388,7.505384807007876,63.05445982051982,1.0052136313683062,9.956992286558313,0.12067054082980143,-43.88952269025396,-1.1573229341274334,-70.38486599863998,0.6295741068180681,1.8215788615239792,0.2719344611720337,-0.003592318359726141,0.00015748,0.01613954888828305,0.00081957,1,0.0
11503,1.9461398903367066e-05,0.0041865746556895254,-1.54e-06,2.687540073637388,7.505384807007876,38.36283086168305,1.0052136313683062,11.838162837545758,0.12067054082980143,-26.503693540433034,-1.1573229341274334,-8.032242176721379,0.6295741068180681,-11.075020775380452,0.2719344611720337,-0.005493718554272591,0.00015748,0.012467292921834083,0.00081957,1,0.0
11504,0.012222541481818658,0.00037413639813342235,-1.54e-06,2.687540073637388,7.505384807007876,-21.953949441775716,1.0052136313683062,11.104147509594592,0.12067054082980143,-54.78957052942061,-1.1573229341274334,-46.77520977281387,0.6295741068180681,26.637882029664137,0.2719344611720337,-0.008819525162925576,0.00015748,0.008838033722370077,0.00081957,1,0.0
11505,0.00010139086150748669,1.19298754052291e-05,-1.54e-06,2.687540073637388,7.505384807007876,6.036308955435007,1.0052136313683062,1.280481799328737,0.12067054082980143,-2.4980930745856393,-1.1573229341274334,-37.97714446949434,0.6295741068180681,1.1450755896469644,0.2719344611720337,-0.0019442878744648242,0.00015748,0.0019460382212650802,0.00081957,1,0.0
11506,0.029329850461236658,0.000988542611377563,-1.54e-06,2.687540073637388,7.505384807007876,-79.36887240703125,1.0052136313683062,-7.331315859011148,0.12067054082980143,-34.4991968791345,-1.1573229341274334,86.27554280130978,0.6295741068180681,50.64827612341727,0.2719344611720337,-0.009061624569345866,0.00015748,0.009066673399042519,0.00081957,1,0.0
11507,3.532426811830858e-05,0.0038792076296242824,-1.54e-06,2.687540073637388,7.505384807007876,41.3718090295238,1.0052136313683062,6.972546649954138,0.12067054082980143,-1e-20,-1.1573229341274334,15.23738409087795,0.6295741068180681,-21.63104711128196,0.2719344611720337,-0.0034284743598620845,0.00015748,0.01025491204486573,0.00081957,1,0.0
11508,0.00015200355112643393,0.008347927988880604,-1.54e-06,2.687540073637388,7.505384807007876,78.193015535725,1.0052136313683062,10.763741015915302,0.12067054082980143,-16.242709132476133,-1.1573229341274334,40.00379429150367,0.6295741068180681,-28.152087900839863,0.2719344611720337,0.0010245675262035943,0.00015748,0.014718979592359783,0.00081957,0,0.0
11509,0.0002182253570612927,0.004241769031409989,-1.54e-06,2.687540073637388,7.505384807007876,-8.218733346057876,1.0052136313683062,-7.952964748719701,0.12067054082980143,-27.466495539962878,-1.1573229341274334,35.40301474824158,0.6295741068180681,28.288568468836182,0.2719344611720337,-0.012800383063220263,0.00015748,0.017587879625610155,0.00081957,1,0.0
11510,1.855547844824279e-05,0.005129137129353719,-1.54e-06,2.687540073637388,7.505384807007876,37.261920623354754,1.0052136313683062,17.77699416883284,0.12067054082980143,-70.76449587407254,-1.1573229341274334,-49.99091511234813,0.6295741068180681,9.449881504440704,0.2719344611720337,-0.0086638045484088,0.00015748,0.017234398572015412,0.00081957,1,0.0
11511,0.009697781777009806,0.0050249021421487445,-1.54e-06,2.687540073637388,7.505384807007876,-36.069279892992014,1.0052136313683062,-18.04323074682144,0.12067054082980143,-1.1376191451289792,-1.1573229341274334,-17.258989776535643,0.6295741068180681,41.55886519569326,0.2719344611720337,-0.02393087216013577,0.00015748,0.024014078440918754,0.00081957,1,0.0
11512,0.0008875892646143663,1.8036655948497926e-05,-1.54e-06,2.687540073637388,7.505384807007876,-23.6033493831525,1.0052136313683062,-1.3712496601336315,0.12067054082980143,-12.930774882494662,-1.1573229341274334,91.01680310811385,0.6295741068180681,8.166333219393692,0.2719344611720337,-0.002409213728001316,0.00015748,0.002409242983116096,0.00081957,1,0.0
11513,0.009313907525383969,7.566780846053862e-06,-1.54e-06,2.687540073637388,7.505384807007876,-11.404683042200439,1.0052136313683062,0.6978137702474614,0.12067054082980143,-2.7595832900012196,-1.1573229341274334,-6.467851134094879,0.6295741068180681,5.940462005864509,0.2719344611720337,-0.0007767155851972475,0.00015748,0.0007755374428017436,0.00081957,1,0.0
11514,6.513250392430753e-05,0.0011030577781515195,-1.54e-06,2.687540073637388,7.505384807007876,13.414484607796954,1.0052136313683062,9.613921230890687,0.12067054082980143,-4.851749588833597,-1.1573229341274334,-14.458474458761435,0.6295741068180681,-14.375618979825758,0.2719344611720337,-0.011163704831688393,0.00015748,0.011177638205274875,0.00081957,1,0.0
11515,0.06302454519623947,0.0006331541160136242,-1.54e-06,2.687540073637388,7.505384807007876,-89.29492974116383,1.0052136313683062,0.990312700054954,0.12067054082980143,-3.748695967818306,-1.1573229341274334,56.16913375512578,0.6295741068180681,31.999194020598704,0.2719344611720337,-0.00986502625075053,0.00015748,0.009880305583599598,0.00081957,1,0.0
11516,0.028298881401898863,0.0002377294302873849,-1.54e-06,2.687540073637388,7.505384807007876,-49.33400872749357,1.0052136313683062,9.235953862927408,0.12067054082980143,-72.1329972575033,-1.1573229341274334,-81.97810825924938,0.6295741068180681,52.99091900089018,0.2719344611720337,-0.009972910165888426,0.00015748,0.009974557347033675,0.00081957,1,0.0
11517,5.628874422363567e-05,0.003936598191604037,-1.54e-06,2.687540073637388,7.505384807007876,38.597495061865025,1.0052136313683062,8.87055167860749,0.12067054082980143,-34.770607605048866,-1.1573229341274334,-46.96903042445364,0.6295741068180681,1.705941698607502,0.2719344611720337,-0.0031221821304605233,0.00015748,0.010749167208312484,0.00081957,1,0.0
11518,0.00015874858185957463,0.010921289286862604,-1.54e-06,2.687540073637388,7.505384807007876,86.2352153463978,1.0052136313683062,23.975286765712013,0.12067054082980143,-70.74297172405132,-1.1573229341274334,-7.818084972900193,0.6295741068180681,-14.76240967494915,0.2719344611720337,-0.007130381816508631,0.00015748,0.025136944866827167,0.00081957,1,0.0
11519,0.014374607059606474,0.0005310739640895287,-1.54e-06,2.687540073637388,7.505384807007876,-55.86110200250341,1.0052136313683062,1.759065888511032,0.12067054082980143,-69.95420701718768,-1.1573229341274334,16.61968290601407,0.6295741068180681,53.78103940811982,0.2719344611720337,-0.009443272206904753,0.00015748,0.009445007038732679,0.00081957,1,0.0
11520,0.0002342935194331458,0.003275266721212912,-1.54e-06,2.687540073637388,7.505384807007876,34.10678392406104,1.0052136313683062,12.783805059562447,0.12067054082980143,-46.746364164579624,-1.1573229341274334,-86.80911255308533,0.6295741068180681,6.800189395514777,0.2719344611720337,-0.007312529149568535,0.00015748,0.013029091729349459,0.00081957,1,0.0
11521,0.01920235562381123,2.8171804464645145e-05,-1.54e-06,2.687540073637388,7.505384807007876,-37.15323294867748,1.0052136313683062,4.1503396817007925,0.12067054082980143,-37.961896820484874,-1.1573229341274334,-11.698408152175151,0.6295741068180681,30.104905907653404,0.2719344611720337,-0.003588059766861665,0.00015748,0.003591702113878426,0.00081957,1,0.0
11522,0.039744234064743617,0.0005232068400058157,-1.54e-06,2.687540073637388,7.505384807007876,-63.553841818983344,1.0052136313683062,12.371830791995649,0.12067054082980143,-62.96148296749784,-1.1573229341274334,-20.913526427182504,0.6295741068180681,43.65261592523226,0.2719344611720337,-0.009631347035624687,0.00015748,0.00963572693849758,0.00081957,1,0.0
11523,0.00016804445480986946,0.006544557331405466,-1.54e-06,2.687540073637388,7.505384807007876,43.55267565483514,1.0052136313683062,8.4811155254474,0.12067054082980143,-39.947978623471336,-1.1573229341274334,72.9175531860367,0.6295741068180681,-5.203130458515127,0.2719344611720337,0.0023725838929833003,0.00015748,0.010591314159560737,0.00081957,0,0.0
11524,0.04436866093443351,0.00017797305758890836,-1.54e-06,2.687540073637388,7.505384807007876,-74.30297791944716,1.0052136313683062,10.566642206409734,0.12067054082980143,-79.4532440739345,-1.1573229341274334,-65.10226465777902,0.6295741068180681,63.51087375078049,0.2719344611720337,-0.008967439501609567,0.00015748,0.00898154487139233,0.00081957,1,0.0
11525,2.961964029510886e-05,0.009056158298483823,-1.54e-06,2.687540073637388,7.505384807007876,1.3022789474179475,1.0052136313683062,-0.6048633193924042,0.12067054082980143,-99.26774626295524,-1.1573229341274334,-79.29614480422441,0.6295741068180681,66.41425222077604,0.2719344611720337,-0.024269385763361323,0.00015748,0.033156937343921465,0.00081957,1,0.0
11526,0.0327060383551251,3.187692009688228e-05,-1.54e-06,2.687540073637388,7.505384807007876,-67.94175364837362,1.0052136313683062,5.376130794999461,0.12067054082980143,-57.96048615651891,-1.1573229341274334,18.93903820947301,0.6295741068180681,47.92962170024729,0.2719344611720337,-0.003834615732820783,0.00015748,0.003834057196232685,0.00081957,1,0.0
11527,-5.8492901898743455e-06,0.0024444103484865696,-1.54e-06,2.687540073637388,7.505384807007876,-6.51030323909005,1.0052136313683062,11.257401372379162,0.12067054082980143,-60.985824104618416,-1.1573229341274334,63.95445687462268,0.6295741068180681,14.738507951994274,0.2719344611720337,-0.006284970340235915,0.00015748,0.010247610963336764,0.00081957,1,0.0
11528,7.818812373841522e-06,0.005890881173470021,-1.54e-06,2.687540073637388,7.505384807007876,51.214979603094086,1.0052136313683062,6.313262033432834,0.12067054082980143,-45.788940705458735,-1.1573229341274334,-88.59802164005195,0.6295741068180681,12.909411229838444,0.2719344611720337,-0.00750820111877512,0.00015748,0.01837985384716136,0.00081957,1,0.0
11529,0.05343620002571217,0.0001229903906581143,-1.54e-06,2.687540073637388,7.505384807007876,-64.20562847406514,1.0052136313683062,1.0969264913660086,0.12067054082980143,-7.4406686128282535,-1.1573229341274334,-43.026155853586666,0.6295741068180681,33.933684749427485,0.2719344611720337,-0.0020568083624238004,0.00015748,0.002056865712451555,0.00081957,1,0.0
11530,0.0632934056694626,0.00046139507625483255,-1.54e-06,2.687540073637388,7.505384807007876,-79.38581331615525,1.0052136313683062,2.7635665943497485,0.12067054082980143,-5.741284647711853,-1.1573229341274334,-3.039890407172302,0.6295741068180681,32.922154277845834,0.2719344611720337,-0.0076433678881839395,0.00015748,0.007649089952615184,0.00081957,1,0.0
11531,2.5154044273389964e-05,0.012113684257214806,-1.54e-06,2.687540073637388,7.505384807007876,87.02098773738663,1.0052136313683062,26.17259156585881,0.12067054082980143,-81.74696665951618,-1.1573229341274334,18.58576595723888,0.6295741068180681,-14.025298655057727,0.2719344611720337,-0.00798993985634222,0.00015748,0.02747570251811718,0.00081957,1,0.0
11532,7.504332031867816e-05,0.0028048308030346517,-1.54e-06,2.687540073637388,7.505384807007876,5.224990666066441,1.0052136313683062,9.15872724270584,0.12067054082980143,-42.73370746588841,-1.1573229341274334,61.12257739509677,0.6295741068180681,4.824895376403924,0.2719344611720337,-0.004387812195614772,0.00015748,0.009292691201297928,0.00081957,1,0.0
11533,6.78083540800456e-06,0.00844320638342103,-1.54e-06,2.687540073637388,7.505384807007876,59.02936456762132,1.0052136313683062,15.664643107295788,0.12067054082980143,-30.709052741665403,-1.1573229341274334,83.72218108572669,0.6295741068180681,-26.632636662284398,0.2719344611720337,-0.007336208151163897,0.00015748,0.02061252412344382,0.00081957,1,0.0
11534,3.705474141392495e-05,0.004915140026485745,-1.54e-06,2.687540073637388,7.505384807007876,13.346002471926179,1.0052136313683062,16.370853768948486,0.12067054082980143,-82.28383583874725,-1.1573229341274334,48.49649435086522,0.6295741068180681,16.081820137047,0.2719344611720337,-0.007133165148504792,0.00015748,0.015496983926753964,0.00081957,1,0.0
11535,0.030549187795353677,0.0002146715997997907,-1.54e-06,2.687540073637388,7.505384807007876,-70.85481030685435,1.0052136313683062,1.9853533854090333,0.12067054082980143,-59.62576527731064,-1.1573229341274334,18.212240415425487,0.6295741068180681,54.540134727569516,0.2719344611720337,-0.005570970331223441,0.00015748,0.005574167333631053,0.00081957,1,0.0
11536,0.04318404413573511,0.00018549196092347835,-1.54e-06,2.687540073637388,7.505384807007876,-64.13899211092384,1.0052136313683062,10.065287213866347,0.12067054082980143,-71.25039124968026,-1.1573229341274334,-98.92475278414301,0.6295741068180681,59.542445437371605,0.2719344611720337,-0.009414018900008665,0.00015748,0.009415140268708298,0.00081957,1,0.0
11537,0.0006430843304575256,0.0036318966176837886,-1.54e-06,2.687540073637388,7.505384807007876,1.0159358755878882,1.0052136313683062,0.2521560544522945,0.12067054082980143,-51.72910899663231,-1.1573229341274334,-20.094359227353994,0.6295741068180681,32.08773449853916,0.2719344611720337,-0.01058508776345568,0.00015748,0.01592259140810821,0.00081957,1,0.0
11538,0.031056489008369534,0.00046185624344006375,-1.54e-06,2.687540073637388,7.505384807007876,-90.84182493154371,1.0052136313683062,3.3277986122578933,0.12067054082980143,-91.53301474886358,-1.1573229341274334,46.36046303367821,0.6295741068180681,73.80880822740421,0.2719344611720337,-0.008690652445925585,0.00015748,0.008705281222606023,0.00081957,1,0.0
11539,0.03523830654040237,7.967320984596087e-05,-1.54e-06,2.687540073637388,7.505384807007876,-70.81378024813583,1.0052136313683062,6.8329089328539165,0.12067054082980143,-69.41851379549004,-1.1573229341274334,-10.671607350102684,0.6295741068180681,56.08423474217431,0.2719344611720337,-0.0060953084044976765,0.00015748,0.006096304855230676,0.00081957,1,0.0
11540,0.05039874412518935,0.00235818877146403,-1.54e-06,2.687540073637388,7.505384807007876,-56.75899735837194,1.0052136313683062,12.528456503963493,0.12067054082980143,-16.29311757341719,-1.1573229341274334,12.077805180757178,0.6295741068180681,14.026645455493652,0.2719344611720337,-0.017777161474818424,0.00015748,0.017780384086890814,0.00081957,1,0.0
11541,0.04035690776807809,0.0004477759229560875,-1.54e-06,2.687540073637388,7.505384807007876,-65.99382217775626,1.0052136313683062,13.666110385155612,0.12067054082980143,-76.59185784090862,-1.1573229341274334,-46.606211540987395,0.6295741068180681,52.47427361941929,0.2719344611720337,-0.010273496736950907,0.00015748,0.01027280357553436,0.00081957,1,0.0
11542,0.00015520033185575932,0.005676849837215378,-1.54e-06,2.687540073637388,7.505384807007876,10.610438512251621,1.0052136313683062,28.763519352703046,0.12067054082980143,-83.55449581015169,-1.1573229341274334,-46.53497226079001,0.6295741068180681,5.127803040436605,0.2719344611720337,-0.024129873296573585,0.00015748,0.02560114723199103,0.00081957,1,0.0
11543,3.778843248371938e-05,0.004666159735572703,-1.54e-06,2.687540073637388,7.505384807007876,34.23529327095837,1.0052136313683062,8.63299342758762,0.12067054082980143,-31.07258172903635,-1.1573229341274334,36.25991460682219,0.6295741068180681,-5.794100716618974,0.2719344611720337,-0.0008591912470367084,0.00015748,0.009776307499566352,0.00081957,1,0.0
11544,7.083374622015811e-05,0.015617395495181248,-1.54e-06,2.687540073637388,7.505384807007876,56.405007085572734,1.0052136313683062,0.11641840785297408,0.12067054082980143,-99.51775771285624,-1.1573229341274334,71.83649080731485,0.6295741068180681,41.09560400129928,0.2719344611720337,-0.013030430156811526,0.00015748,0.03750141081078343,0.00081957,1,0.0
11545,0.011070189218916261,0.00012720849064099465,-1.54e-06,2.687540073637388,7.505384807007876,-57.317572258720084,1.0052136313683062,7.916263777122169,0.12067054082980143,-84.50634653796418,-1.1573229341274334,61.99577296236242,0.6295741068180681,48.45737931856424,0.2719344611720337,-0.006688393485664309,0.00015748,0.0066911712822732795,0.00081957,1,0.0
11546,0.00041977780824607736,0.005551924114414734,-1.54e-06,2.687540073637388,7.505384807007876,20.27097620422843,1.0052136313683062,5.8067558160832045,0.12067054082980143,-69.73740750841591,-1.1573229341274334,1.2788429129619985,0.6295741068180681,27.883024902153682,0.2719344611720337,-0.0068969921621129795,0.00015748,0.01706898968682466,0.00081957,1,0.0
11547,0.04988328421074411,0.0001028466997110606,-1.54e-06,2.687540073637388,7.505384807007876,-84.18560415567828,1.0052136313683062,8.993422697405384,0.12067054082980143,-74.04705445904224,-1.1573229341274334,-42.15627039438394,0.6295741068180681,64.57203165781823,0.2719344611720337,-0.007039756798353593,0.00015748,0.007040793941985918,0.00081957,1,0.0
11548,0.03315574798764259,2.5199615603162122e-05,-1.54e-06,2.687540073637388,7.505384807007876,-35.7327326499313,1.0052136313683062,3.035521183674135,0.12067054082980143,-16.364620313097433,-1.1573229341274334,-73.75978539028667,0.6295741068180681,27.135937410748564,0.2719344611720337,-0.0025879412053964584,0.00015748,0.002591089855447388,0.00081957,1,0.0
11549,0.000299312996654838,0.013510682820598901,-1.54e-06,2.687540073637388,7.505384807007876,47.77745573178968,1.0052136313683062,31.98680887425784,0.12067054082980143,-5.70867106792844,-1.1573229341274334,-33.44583251199864,0.6295741068180681,-55.92145855762283,0.2719344611720337,-0.03934169918180573,0.00015748,0.039352517687958166,0.00081957,1,0.0
11550,0.04358041913477417,0.00017111048745593947,-1.54e-06,2.687540073637388,7.505384807007876,-99.85951027922025,1.0052136313683062,0.41580978851067696,0.12067054082980143,-60.22775290282328,-1.1573229341274334,83.91626351323153,0.6295741068180681,61.94091679108423,0.2719344611720337,-0.002023789871554226,0.00015748,0.00202513751074961,0.00081957,1,0.0
11551,0.017516831971753216,0.001696400275749277,-1.54e-06,2.687540073637388,7.505384807007876,-48.85286947994332,1.0052136313683062,-9.608353296130781,0.12067054082980143,-18.472405945178078,-1.1573229341274334,18.070331283758037,0.6295741068180681,40.37457616980964,0.2719344611720337,-0.01341737863486667,0.00015748,0.013416169640926439,0.00081957,1,0.0
11552,2.088455860006777e-05,0.0034637173664743446,-1.54e-06,2.687540073637388,7.505384807007876,16.54569488900271,1.0052136313683062,10.459351506379807,0.12067054082980143,-22.777037124360955,-1.1573229341274334,66.09313356559838,0.6295741068180681,-12.139485253169763,0.2719344611720337,-0.008815622281066096,0.00015748,0.013596198930027382,0.00081957,1,0.0
11553,0.0013579657174694342,6.709461151499926e-06,-1.54e-06,2.687540073637388,7.505384807007876,-20.714756932522263,1.0052136313683062,-0.3966767697768848,0.12067054082980143,-14.62088867590399,-1.1573229341274334,70.94838055395229,0.6295741068180681,8.686245604017643,0.2719344611720337,-0.0014975775161192534,0.00015748,0.0014983839829280112,0.00081957,1,0.0
11554,0.00019521225917312757,0.009238195544400743,-1.54e-06,2.687540073637388,7.505384807007876,67.06785842644966,1.0052136313683062,10.31216714972308,0.12067054082980143,-76.94982582796423,-1.1573229341274334,-53.95593264236092,0.6295741068180681,18.880600578987842,0.2719344611720337,-0.0071069250383909675,0.00015748,0.024521253372220348,0.00081957,1,0.0
11555,0.0005805916357841667,0.004126110407967455,-1.54e-06,2.687540073637388,7.505384807007876,-27.19152247492926,1.0052136313683062,-7.703271866794596,0.12067054082980143,-52.378502471792366,-1.1573229341274334,-86.03376774705963,0.6295741068180681,56.79250066344549,0.2719344611720337,-0.024271755909632237,0.00015748,0.024276489202267118,0.00081957,1,0.0
11556,0.05890165800541752,0.017157346793926685,-1.54e-06,2.687540073637388,7.505384807007876,-21.81323576410862,1.0052136313683062,33.51889710716901,0.12067054082980143,-0.08491867600209006,-1.1573229341274334,-33.451533959629565,0.6295741068180681,-31.42931680502519,0.2719344611720337,-0.046002648151605784,0.00015748,0.046005187425803624,0.00081957,1,0.0
11557,0.021698582115637747,0.0005248623800158365,-1.54e-06,2.687540073637388,7.505384807007876,-33.981673920499055,1.0052136313683062,2.6340388284236793,0.12067054082980143,-46.46380164253529,-1.1573229341274334,-100.0,0.6295741068180681,44.596572763228245,0.2719344611720337,-0.010786727253842448,0.00015748,0.010786033991570741,0.00081957,1,0.0
11558,0.0002400337492159954,0.0024180697144451056,-1.54e-06,2.687540073637388,7.505384807007876,-14.383836115764158,1.0052136313683062,22.68624676280799,0.12067054082980143,-92.9996088740705,-1.1573229341274334,-19.682856665671817,0.6295741068180681,23.99906097603311,0.2719344611720337,-0.01854187819520993,0.00015748,0.018583852740708763,0.00081957,1,0.0
11559,6.237702124019251e-05,0.008380443055978432,-1.54e-06,2.687540073637388,7.505384807007876,71.58550619241747,1.0052136313683062,18.056923838188954,0.12067054082980143,-54.01658489689055,-1.1573229341274334,-10.157812217289205,0.6295741068180681,-11.829404292023566,0.2719344611720337,-0.004368202920777213,0.00015748,0.019214393249658897,0.00081957,1,0.0
11560,0.0007218306774853106,0.00014060091691222022,-1.54e-06,2.687540073637388,7.505384807007876,-2.408915430550263,1.0052136313683062,6.385817684302011,0.12067054082980143,-29.30228221410675,-1.1573229341274334,-33.60835015371105,0.6295741068180681,10.663201535041303,0.2719344611720337,-0.0053184954571182585,0.00015748,0.005325839261319797,0.00081957,1,0.0
11561,0.04270763366477365,3.6778463954186267e-05,-1.54e-06,2.687540073637388,7.505384807007876,-70.36793519410753,1.0052136313683062,4.007484879430688,0.12067054082980143,-43.40512908979042,-1.1573229341274334,-11.138810451322081,0.6295741068180681,46.88942789404444,0.2719344611720337,-0.002583543284831843,0.00015748,0.0025864686674673598,0.00081957,1,0.0
11562,0.05818432331805261,0.00013124370743719112,-1.54e-06,2.687540073637388,7.505384807007876,-97.72422827026305,1.0052136313683062,8.918302985845713,0.12067054082980143,-82.42076109723497,-1.1573229341274334,-53.10393508337571,0.6295741068180681,75.69108856580083,0.2719344611720337,-0.007723767811931758,0.00015748,0.007731819534156188,0.00081957,1,0.0
11563,0.00010168002196711545,0.01303101653669373,-1.54e-06,2.687540073637388,7.505384807007876,61.019595164006034,1.0052136313683062,28.67650403346953,0.12067054082980143,-68.30924599541501,-1.1573229341274334,94.86944218749103,0.6295741068180681,-26.366562968206797,0.2719344611720337,-0.01860752547654159,0.00015748,0.03293650178138841,0.00081957,1,0.0
11564,0.0001754448938969949,0.007070473698784936,-1.54e-06,2.687540073637388,7.505384807007876,49.90914704699911,1.0052136313683062,16.26672632457337,0.12067054082980143,-67.40268653814928,-1.1573229341274334,8.812759040866757,0.6295741068180681,2.402347140105012,0.2719344611720337,-0.004075185579711876,0.00015748,0.017107733002857936,0.00081957,1,0.0
11565,0.0003823873170712838,0.0007991044310979929,-1.54e-06,2.687540073637388,7.505384807007876,-1.6731679275192723,1.0052136313683062,14.97858397075815,0.12067054082980143,-64.83018712416902,-1.1573229341274334,-80.29807042814518,0.6295741068180681,21.576839984386528,0.2719344611720337,-0.012400559532792494,0.00015748,0.012415709280977802,0.00081957,1,0.0
11566,0.021747497974321912,0.0003289723829001265,-1.54e-06,2.687540073637388,7.505384807007876,-28.94965389908793,1.0052136313683062,9.145477073458478,0.12067054082980143,-36.78160650355323,-1.1573229341274334,-36.02687094250714,0.6295741068180681,22.122346264907538,0.2719344611720337,-0.007303080705645747,0.00015748,0.007303342618208173,0.00081957,1,0.0
11567,2.543397994157759e-05,0.006806196499518023,-1.54e-06,2.687540073637388,7.505384807007876,53.503180347715066,1.0052136313683062,10.642274390481981,0.12067054082980143,-32.75918890665133,-1.1573229341274334,52.74616939999395,0.6295741068180681,-13.623896042374827,0.2719344611720337,-1.12081958763173e-05,0.00015748,0.012931010766401789,0.00081957,1,0.0
11568,2.574505733529686e-05,0.002313136511148557,-1.54e-06,2.687540073637388,7.505384807007876,22.716522269130607,1.0052136313683062,7.533971932132406,0.12067054082980143,-42.722681668013415,-1.1573229341274334,-99.03943922499639,0.6295741068180681,16.293790856223968,0.2719344611720337,-0.008144141619767793,0.00015748,0.012224625509218833,0.00081957,1,0.0
11569,0.047810950349124984,4.752999557691003e-05,-1.54e-06,2.687540073637388,7.505384807007876,-69.30214317515447,1.0052136313683062,5.109494348540632,0.12067054082980143,-43.127233082464315,-1.1573229341274334,-50.41849587985866,0.6295741068180681,49.13640350831115,0.2719344611720337,-0.0037709571621180977,0.00015748,0.003772562483567393,0.00081957,1,0.0
11570,0.00011611480991970818,0.006087232513572705,-1.54e-06,2.687540073637388,7.505384807007876,30.45428029485199,1.0052136313683062,-1.949921501165372,0.12067054082980143,-38.916871378358756,-1.1573229341274334,-98.2191815092518,0.6295741068180681,27.503200765715277,0.2719344611720337,-0.015288222953176302,0.00015748,0.023354733294846487,0.00081957,1,0.0
11571,0.011050239464235275,7.97072797733821e-05,-1.54e-06,2.687540073637388,7.505384807007876,-12.414206005543276,1.0052136313683062,4.944933337743291,0.12067054082980143,-29.428881176194114,-1.1573229341274334,-69.62214803894952,0.6295741068180681,20.76834507311257,0.2719344611720337,-0.005630390727603686,0.00015748,0.005630905822822238,0.00081957,1,0.0
11572,7.148402102896689e-05,0.018374999408550564,-1.54e-06,2.687540073637388,7.505384807007876,59.970807798384776,1.0052136313683062,39.919892748944974,0.12067054082980143,-42.06216819277808,-1.1573229341274334,-28.894079088288564,0.6295741068180681,-50.061194626342726,0.2719344611720337,-0.04080985654412636,0.00015748,0.04501613235372076,0.00081957,1,0.0
11573,0.00426049613501959,1.8745269530457687e-05,-1.54e-06,2.687540073637388,7.505384807007876,-19.87945299654947,1.0052136313683062,2.7970794522083415,0.12067054082980143,-29.989541548354815,-1.1573229341274334,15.914126696086784,0.6295741068180681,17.68274599482164,0.2719344611720337,-0.0025804103142249854,0.00015748,0.002580789862624452,0.00081957,1,0.0
11574,5.749665560104977e-05,0.0014438746827794419,-1.54e-06,2.687540073637388,7.505384807007876,8.32170641734068,1.0052136313683062,8.46109867433155,0.12067054082980143,-13.383898674277173,-1.1573229341274334,22.070193142103154,0.6295741068180681,-9.196389114761212,0.2719344611720337,-0.008802062930696155,0.00015748,0.010152773178259494,0.00081957,1,0.0
11575,0.09575417067833471,0.006506731217234295,-1.54e-06,2.687540073637388,7.505384807007876,-91.89330670909071,1.0052136313683062,23.84994474986246,0.12067054082980143,-30.02275162888413,-1.1573229341274334,-78.97902361461793,0.6295741068180681,30.592417935488996,0.2719344611720337,-0.028798466352488356,0.00015748,0.028847562502430545,0.00081957,1,0.0
11576,0.015654572281322127,1.2659463186449545e-05,-1.54e-06,2.687540073637388,7.505384807007876,-25.873817549322897,1.0052136313683062,3.0386037489079976,0.12067054082980143,-23.97657033061014,-1.1573229341274334,-17.461370040094508,0.6295741068180681,20.574486692918228,0.2719344611720337,-0.00246204122233016,0.00015748,0.0024625239611588555,0.00081957,1,0.0
11577,0.04650315233538441,0.00015801284266049847,-1.54e-06,2.687540073637388,7.505384807007876,-58.939870313017956,1.0052136313683062,8.532987417963325,0.12067054082980143,-44.265170489132295,-1.1573229341274334,-78.74632131792478,0.6295741068180681,43.93207054202649,0.2719344611720337,-0.006193321504286783,0.00015748,0.006224534322450477,0.00081957,1,0.0
11578,0.013421236403675485,0.007589042927531748,-1.54e-06,2.687540073637388,7.505384807007876,-28.32111164245679,1.0052136313683062,-14.66772380601085,0.12067054082980143,-26.24565701836685,-1.1573229341274334,31.642335861087588,0.6295741068180681,46.472889882376116,0.2719344611720337,-0.02051978703494176,0.00015748,0.026369249078087274,0.00081957,1,0.0
11579,0.00822848163657738,3.4769097314948917e-06,-1.54e-06,2.687540073637388,7.505384807007876,-17.80605439160765,1.0052136313683062,0.9356658625363261,0.12067054082980143,-13.571382821806933,-1.1573229341274334,9.287946617110324,0.6295741068180681,11.922219255072937,0.2719344611720337,-0.0006241277915953905,0.00015748,0.0006278856904867458,0.00081957,1,0.0
11580,0.06791987150069292,0.0007651653596236017,-1.54e-06,2.687540073637388,7.505384807007876,-87.89209257257909,1.0052136313683062,15.648622911981857,0.12067054082980143,-70.46511518180439,-1.1573229341274334,-94.51690417597123,0.6295741068180681,61.288661383581626,0.2719344611720337,-0.011890454849061602,0.00015748,0.011888235610384613,0.00081957,1,0.0
11581,0.03345276682252468,0.00011152653586699766,-1.54e-06,2.687540073637388,7.505384807007876,-91.40440902545504,1.0052136313683062,7.296035919174166,0.12067054082980143,-95.1913608472145,-1.1573229341274334,54.4888689352277,0.6295741068180681,69.69958826276155,0.2719344611720337,-0.006577874119176675,0.00015748,0.0065802182080762425,0.00081957,1,0.0
11582,0.00515061559679811,2.6937720343786842e-06,-1.54e-06,2.687540073637388,7.505384807007876,-6.64296693698828,1.0052136313683062,1.0303573787206464,0.12067054082980143,-5.152398953069356,-1.1573229341274334,-8.11968116944109,0.6295741068180681,4.8557006191869565,0.2719344611720337,-0.0007532377760516013,0.00015748,0.0007537979943001918,0.00081957,1,0.0
11583,-2.3976838567030256e-05,0.0028698080612947745,-1.54e-06,2.687540073637388,7.505384807007876,-17.934498471119696,1.0052136313683062,10.422544672600592,0.12067054082980143,-85.7102547671656,-1.1573229341274334,87.77351103254695,0.6295741068180681,31.516234026377273,0.2719344611720337,-0.004770062849642083,0.00015748,0.010070854509745791,0.00081957,1,0.0
11584,0.05172628074173638,6.54006669529144e-05,-1.54e-06,2.687540073637388,7.505384807007876,-99.37151706201352,1.0052136313683062,7.513540711288554,0.12067054082980143,-78.32609322824176,-1.1573229341274334,14.358805654676573,0.6295741068180681,68.85418926060665,0.2719344611720337,-0.005181780306023438,0.00015748,0.005185087549403798,0.00081957,1,0.0
11585,5.205882319098132e-05,0.008562879623873488,-1.54e-06,2.687540073637388,7.505384807007876,73.50657139764589,1.0052136313683062,20.84556206126849,0.12067054082980143,-57.34797583382804,-1.1573229341274334,-33.35875687886832,0.6295741068180681,-12.901204762486007,0.2719344611720337,-0.007334318098210158,0.00015748,0.021412601433442077,0.00081957,1,0.0
11586,0.0001383366763811622,0.012429903908871555,-1.54e-06,2.687540073637388,7.505384807007876,88.9090517923045,1.0052136313683062,27.982199353630474,0.12067054082980143,-77.49646609112129,-1.1573229341274334,2.1981964441577375,0.6295741068180681,-18.564231589690078,0.2719344611720337,-0.010756858215491997,0.00015748,0.029165572771518034,0.00081957,1,0.0
11587,8.307291089720836e-05,0.00512132271318685,-1.54e-06,2.687540073637388,7.505384807007876,-4.238209518418926,1.0052136313683062,23.060079500116107,0.12067054082980143,-63.474421014373156,-1.1573229341274334,63.59174296192044,0.6295741068180681,-3.2081233048836633,0.2719344611720337,-0.022709448028862024,0.00015748,0.023955324405456592,0.00081957,1,0.0
11588,0.0640031703453803,0.0003662123045305194,-1.54e-06,2.687540073637388,7.505384807007876,-98.98957473060554,1.0052136313683062,-1.342522120810539,0.12067054082980143,-33.51835223165426,-1.1573229341274334,-17.61695261696527,0.6295741068180681,61.85412700899329,0.2719344611720337,-0.0036838560251403183,0.00015748,0.0036877470577651524,0.00081957,1,0.0
11589,0.00012829033505963247,0.00118492916323118,-1.54e-06,2.687540073637388,7.505384807007876,-8.315120556498101,1.0052136313683062,1.4729879340303202,0.12067054082980143,-22.688510858041123,-1.1573229341274334,65.66597569620161,0.6295741068180681,7.856267018716043,0.2719344611720337,0.0006296324999341122,0.00015748,0.0017431520967359955,0.00081957,0,0.0
11590,1.0258437604392795e-05,0.005586798572620345,-1.54e-06,2.687540073637388,7.505384807007876,23.61208189386096,1.0052136313683062,-3.3848684531270257,0.12067054082980143,-19.720635562208127,-1.1573229341274334,73.7368504815702,0.6295741068180681,6.110646640285186,0.2719344611720337,-0.0033251073263027096,0.00015748,0.013496089406284275,0.00081957,1,0.0
11591,0.061988771979704343,9.998291483804494e-05,-1.54e-06,2.687540073637388,7.505384807007876,-76.6876372847807,1.0052136313683062,5.498747826367215,0.12067054082980143,-33.05288561641897,-1.1573229341274334,-81.74493403843213,0.6295741068180681,50.21088352195644,0.2719344611720337,-0.0034969459782013645,0.00015748,0.0035129266680123702,0.00081957,1,0.0
11592,0.05592118200229345,9.631622362984506e-05,-1.54e-06,2.687540073637388,7.505384807007876,-87.57975350993512,1.0052136313683062,2.4173978126893325,0.12067054082980143,-35.884563576256284,-1.1573229341274334,2.9294532717012087,0.6295741068180681,50.999962220875304,0.2719344611720337,-0.001321327130540394,0.00015748,0.0013240033561028473,0.00081957,1,0.0
11593,0.026177755997279645,0.0013221253990250519,-1.54e-06,2.687540073637388,7.505384807007876,-28.986850376475306,1.0052136313683062,18.295833291858642,0.12067054082980143,-67.08967929321423,-1.1573229341274334,-94.62423260287292,0.6295741068180681,31.343907397915277,0.2719344611720337,-0.014618518507211072,0.00015748,0.01461275400441971,0.00081957,1,0.0
11594,9.72414367136857e-05,0.007936879698657114,-1.54e-06,2.687540073637388,7.505384807007876,32.81921864673752,1.0052136313683062,-1.0973281900170395,0.12067054082980143,-55.74829300071324,-1.1573229341274334,-61.76782197323932,0.6295741068180681,32.766364139395655,0.2719344611720337,-0.015099584868350734,0.00015748,0.026329732995349586,0.00081957,1,0.0
11595,-1.6419667613343236e-06,0.0037444900879410516,-1.54e-06,2.687540073637388,7.505384807007876,25.032548379712082,1.0052136313683062,13.381929908265533,0.12067054082980143,-49.47419180738981,-1.1573229341274334,-9.698314683284815,0.6295741068180681,3.283361191079337,0.2719344611720337,-0.006463617134647638,0.00015748,0.012728341625440877,0.00081957,1,0.0
11596,0.001315060726234208,2.078292942554267e-05,-1.54e-06,2.687540073637388,7.505384807007876,-17.00712774990955,1.0052136313683062,-1.4734070515588862,0.12067054082980143,-5.030513038525386,-1.1573229341274334,70.53492464045851,0.6295741068180681,3.875574604792304,0.2719344611720337,-0.002556529515994754,0.00015748,0.0025558339168584403,0.00081957,1,0.0
11597,0.02734971472997976,0.0006278917585403283,-1.54e-06,2.687540073637388,7.505384807007876,-34.160307471172565,1.0052136313683062,-3.7112120644504034,0.12067054082980143,-10.182803809670554,-1.1573229341274334,-77.50015205887763,0.6295741068180681,32.76620206799752,0.2719344611720337,-0.008718807961081348,0.00015748,0.00872776831491329,0.00081957,1,0.0
11598,6.0946153024432626e-05,0.006074500335926608,-1.54e-06,2.687540073637388,7.505384807007876,14.061523534385053,1.0052136313683062,16.461911930031317,0.12067054082980143,-94.99659934893948,-1.1573229341274334,87.36307961025801,0.6295741068180681,20.29060825626727,0.2719344611720337,-0.005218120712355123,0.00015748,0.016268528273112797,0.00081957,1,0.0
11599,0.00030467647984032745,0.006151097422782628,-1.54e-06,2.687540073637388,7.505384807007876,19.97240855174698,1.0052136313683062,-4.203872912415231,0.12067054082980143,-24.870430629328606,-1.1573229341274334,94.175809475228,0.6295741068180681,9.764720545320156,0.2719344611720337,-0.0041425545760056005,0.00015748,0.015070497394630143,0.00081957,1,0.0
11600,0.04393285856539269,0.003286036032536083,-1.54e-06,1.4256683997023072,6.1063824138390705,-30.1118106531586,1.0052136313683062,16.803048475199944,0.12067054082980143,-53.26509667268264,-1.1573229341274334,-51.325830271318566,0.6295741068180681,33.26238236991849,0.2719344611720337,-0.03192383907337145,0.00015748,0.03207461631440887,0.00081957,1,0.0
11601,0.07744174306380217,0.012074963134376223,-1.54e-06,1.4256683997023072,6.1063824138390705,-27.061058638583408,1.0052136313683062,-2.923574793351664,0.12067054082980143,-23.108521504711014,-1.1573229341274334,50.63839685116517,0.6295741068180681,26.864462163132647,0.2719344611720337,-0.0029906335765425025,0.00015748,0.022516998871564622,0.00081957,1,0.0
11602,0.043441498468559395,0.0002890540547544372,-1.54e-06,1.4256683997023072,6.1063824138390705,-24.408528788917465,1.0052136313683062,6.036982306792015,0.12067054082980143,-28.96594861840666,-1.1573229341274334,-28.34956686855545,0.6295741068180681,25.13258896872525,0.2719344611720337,-0.011993794456129166,0.00015748,0.011993714267076334,0.00081957,1,0.0
11603,2.49682037585389e-05,0.011997635535468575,-1.54e-06,1.4256683997023072,6.1063824138390705,0.15655601851528295,1.0052136313683062,-0.6146686974953601,0.12067054082980143,-14.686603694178604,-1.1573229341274334,-14.271824709082551,0.6295741068180681,8.598830156800213,0.2719344611720337,-0.01284125322988625,0.00015748,0.03314937380922188,0.00081957,1,0.0
11604,0.24176044938498376,0.043224021810501057,-1.54e-06,1.4256683997023072,6.1063824138390705,-71.93405390513784,1.0052136313683062,-0.429590188975271,0.12067054082980143,-59.1455251121727,-1.1573229341274334,40.59636360442122,0.6295741068180681,76.64039562858939,0.2719344611720337,0.005373620888834103,0.00015748,0.05697463143605394,0.00081957,0,0.0
11605,0.11746095652687241,0.0010461869002516139,-1.54e-06,1.4256683997023072,6.1063824138390705,-47.326734561171975,1.0052136313683062,2.608938065271489,0.12067054082980143,-28.602880825242472,-1.1573229341274334,-13.643965113794286,0.6295741068180681,42.0660361461163,0.2719344611720337,-0.002563298795133469,0.00015748,0.0025611304707184226,0.00081957,1,0.0
11606,0.0033292338358434422,6.58075347358096e-06,-1.54e-06,1.4256683997023072,6.1063824138390705,-3.057859318142371,1.0052136313683062,-0.10384051075434425,0.12067054082980143,-3.9596537132816425,-1.1573229341274334,9.901958441105585,0.6295741068180681,2.6039204112015715,0.2719344611720337,-0.0006546210443607853,0.00015748,0.0006553348791684589,0.00081957,1,0.0
11607,0.0001423460616014477,0.03248350319439386,-1.54e-06,1.4256683997023072,6.1063824138390705,33.60397168546966,1.0052136313683062,19.92058146004766,0.12067054082980143,-11.023962791373762,-1.1573229341274334,-92.4128257845935,0.6295741068180681,-12.456927518836803,0.2719344611720337,-0.012045423139670088,0.00015748,0.06778235048995665,0.00081957,1,0.0
11608,5.6189072301010556e-05,0.002836840005228304,-1.54e-06,1.4256683997023072,6.1063824138390705,-25.058139105027323,1.0052136313683062,14.420798046172576,0.12067054082980143,-67.08450027190557,-1.1573229341274334,69.28898637746394,0.6295741068180681,25.496666928009898,0.2719344611720337,-0.02619691454518763,0.00015748,0.026264422381933755,0.00081957,1,0.0
11609,0.3066226495477728,0.01825381256347229,-1.54e-06,1.4256683997023072,6.1063824138390705,-96.90403530023436,1.0052136313683062,-10.761321175791272,0.12067054082980143,-1.0830810039873062,-1.1573229341274334,-84.10246775100504,0.6295741068180681,81.16863728640583,0.2719344611720337,-0.03397908677945884,0.00015748,0.03386908367371936,0.00081957,1,0.0
11610,0.14638799723314544,0.0018596090403607834,-1.54e-06,1.4256683997023072,6.1063824138390705,-53.201369307268806,1.0052136313683062,2.385567037241893,0.12067054082980143,-24.37843520456444,-1.1573229341274334,-15.353086862130453,0.6295741068180681,45.48751669162569,0.2719344611720337,-0.00899300081413124,0.00015748,0.008993758055493259,0.00081957,1,0.0
11611,0.05293563428040063,0.00016875917575336996,-1.54e-06,1.4256683997023072,6.1063824138390705,-35.453166419689076,1.0052136313683062,4.54252304169869,0.12067054082980143,-44.35516059978071,-1.1573229341274334,44.12955880522653,0.6295741068180681,32.65060747568242,0.2719344611720337,-0.0052257876851961775,0.00015748,0.005245082989854737,0.00081957,1,0.0
11612,0.07806733401003893,0.00033066662725671084,-1.54e-06,1.4256683997023072,6.1063824138390705,-44.403111064847806,1.0052136313683062,6.693885541235079,0.12067054082980143,-49.5960535077242,-1.1573229341274334,13.869728980749308,0.6295741068180681,41.8936637765673,0.2719344611720337,-0.009101436929977835,0.00015748,0.009087844075757058,0.00081957,1,0.0
11613,0.1766771946240835,0.0014024936907449136,-1.54e-06,1.4256683997023072,6.1063824138390705,-80.83644189506974,1.0052136313683062,11.91611715400167,0.12067054082980143,-70.07693657584495,-1.1573229341274334,-51.334445128939606,0.6295741068180681,76.54891797546445,0.2719344611720337,-0.016496108599685186,0.00015748,0.016493932757021754,0.00081957,1,0.0
11614,0.08742275244104704,0.0020455667898877277,-1.54e-06,1.4256683997023072,6.1063824138390705,-49.902637561214775,1.0052136313683062,14.370394481333761,0.12067054082980143,-61.52746348620273,-1.1573229341274334,-90.26540257669812,0.6295741068180681,53.50394083677749,0.2719344611720337,-0.031536116675908256,0.00015748,0.03153627007339987,0.00081957,1,0.0
11615,0.0003284056912955524,0.00841435522905496,-1.54e-06,1.4256683997023072,6.1063824138390705,-23.069220291678935,1.0052136313683062,20.029031275097523,0.12067054082980143,-73.07720669701249,-1.1573229341274334,-9.712951182239989,0.6295741068180681,30.136119765648143,0.2719344611720337,-0.037070650407839675,0.00015748,0.04294908495327489,0.00081957,1,0.0
11616,0.14923783785109995,0.0011706168418184433,-1.54e-06,1.4256683997023072,6.1063824138390705,-85.31023238026675,1.0052136313683062,13.632313144733365,0.12067054082980143,-96.59993617055078,-1.1573229341274334,22.081046928337354,0.6295741068180681,80.87045313067154,0.2719344611720337,-0.01918023904883943,0.00015748,0.019185410052719985,0.00081957,1,0.0
11617,0.004168063422257791,0.00040339572717768425,-1.54e-06,1.4256683997023072,6.1063824138390705,-30.74444103671704,1.0052136313683062,6.117624455464814,0.12067054082980143,-63.7410505651961,-1.1573229341274334,85.14430133922225,0.6295741068180681,30.725921576176756,0.2719344611720337,-0.011409644830032479,0.00015748,0.011406265393179816,0.00081957,1,0.0
11618,0.09809268212760815,0.0012626770955690755,-1.54e-06,1.4256683997023072,6.1063824138390705,-47.93961730836348,1.0052136313683062,13.26787711399385,0.12067054082980143,-51.944172800449934,-1.1573229341274334,-73.90744105285576,0.6295741068180681,48.847094445364235,0.2719344611720337,-0.024337251806466655,0.00015748,0.024316246112756533,0.00081957,1,0.0
11619,0.051247562287247465,0.0009042569061497299,-1.54e-06,1.4256683997023072,6.1063824138390705,-32.00199537931384,1.0052136313683062,7.433521686015939,0.12067054082980143,-39.480824404581504,-1.1573229341274334,-51.97246676619787,0.6295741068180681,34.55288442821844,0.2719344611720337,-0.01953014306679437,0.00015748,0.019511428405949487,0.00081957,1,0.0
11620,4.867619183501759e-05,0.10680841776431982,-1.54e-06,1.4256683997023072,6.1063824138390705,61.670549749398205,1.0052136313683062,46.468295237439285,0.12067054082980143,-22.930994885135476,-1.1573229341274334,79.76683511879251,0.6295741068180681,-48.13843121382907,0.2719344611720337,-0.060442669450202616,0.00015748,0.13638903731426005,0.00081957,1,0.0
11621,0.08700662946754695,0.000793766686204049,-1.54e-06,1.4256683997023072,6.1063824138390705,-52.56727948909031,1.0052136313683062,11.699511432334608,0.12067054082980143,-65.72177652651936,-1.1573229341274334,-9.909564396479182,0.6295741068180681,51.869352980160045,0.2719344611720337,-0.019800914423657365,0.00015748,0.019802070177094126,0.00081957,1,0.0
11622,0.15084829468059724,0.0313566312291955,-1.54e-06,1.4256683997023072,6.1063824138390705,-29.168803750627156,1.0052136313683062,11.219041565629368,0.12067054082980143,-43.785199659545796,-1.1573229341274334,25.673423642718255,0.6295741068180681,37.87876635234792,0.2719344611720337,0.02066667586393601,0.00015748,0.040457541177886504,0.00081957,0,0.0
11623,0.14305814413356466,0.003077560023329347,-1.54e-06,1.4256683997023072,6.1063824138390705,-61.446763876245946,1.0052136313683062,-0.18076812742145376,0.12067054082980143,-40.00684917617164,-1.1573229341274334,68.13941432500346,0.6295741068180681,50.628412759308915,0.2719344611720337,-0.016502507549560255,0.00015748,0.016490768454917124,0.00081957,1,0.0
11624,-2.674793942475384e-06,0.013284846319601504,-1.54e-06,1.4256683997023072,6.1063824138390705,1.8296536631733578,1.0052136313683062,20.01703443848463,0.12067054082980143,-32.55223240790876,-1.1573229341274334,-79.99355977577757,0.6295741068180681,7.64917390372687,0.2719344611720337,-0.03350996859993687,0.00015748,0.04630669538929159,0.00081957,1,0.0
11625,0.000134373740958163,0.012955300816699253,-1.54e-06,1.4256683997023072,6.1063824138390705,14.986959555877021,1.0052136313683062,10.14561166559739,0.12067054082980143,-5.492908818042661,-1.1573229341274334,-14.261004612870432,0.6295741068180681,-8.271030987661296,0.2719344611720337,-0.007002440509525474,0.00015748,0.02908636179838539,0.00081957,1,0.0
11626,0.006441257731787907,0.00024237131692655928,-1.54e-06,1.4256683997023072,6.1063824138390705,-28.188019911305403,1.0052136313683062,5.882578596390808,0.12067054082980143,-57.819741691944394,-1.1573229341274334,84.49109555333902,0.6295741068180681,27.46208165379303,0.2719344611720337,-0.009488496180909897,0.00015748,0.009504011886909202,0.00081957,1,0.0
11627,0.0002025029775008097,0.04125453225416795,-1.54e-06,1.4256683997023072,6.1063824138390705,36.98235399371,1.0052136313683062,19.752518455740436,0.12067054082980143,-25.752364090105964,-1.1573229341274334,74.20749690422518,0.6295741068180681,-19.54736240517879,0.2719344611720337,0.006292579290413228,0.00015748,0.06725146208578862,0.00081957,0,0.0
11628,0.0060041960692850255,0.0014138408289957672,-1.54e-06,1.4256683997023072,6.1063824138390705,-27.8190120243645,1.0052136313683062,10.37048654073205,0.12067054082980143,-61.25959214385248,-1.1573229341274334,19.512520239547744,0.6295741068180681,31.001117096407185,0.2719344611720337,-0.022710861557910987,0.00015748,0.022743628271210917,0.00081957,1,0.0
11629,0.07397463548005288,0.0004902982152357128,-1.54e-06,1.4256683997023072,6.1063824138390705,-55.96080571279617,1.0052136313683062,9.955181372694732,0.12067054082980143,-78.17455578769825,-1.1573229341274334,58.20288318328212,0.6295741068180681,53.414740536748134,0.2719344611720337,-0.014688135316764219,0.00015748,0.014677772086601268,0.00081957,1,0.0
11630,0.00015725237854175012,0.017594776417343118,-1.54e-06,1.4256683997023072,6.1063824138390705,-5.626705424616859,1.0052136313683062,20.156007933578937,0.12067054082980143,-58.234907809470414,-1.1573229341274334,78.72200713676254,0.6295741068180681,9.948811174888746,0.2719344611720337,-0.026654894627136293,0.00015748,0.04728292901285277,0.00081957,1,0.0
11631,0.015468486206823576,0.004324822779039211,-1.54e-06,1.4256683997023072,6.1063824138390705,-31.69612314711996,1.0052136313683062,15.565987790918106,0.12067054082980143,-67.35727821991998,-1.1573229341274334,-70.16568450756031,0.6295741068180681,39.81983863188432,0.2719344611720337,-0.04038808445682886,0.00015748,0.04046722071080376,0.00081957,1,0.0
11632,0.0012302689526593746,0.00991809747694702,-1.54e-06,1.4256683997023072,6.1063824138390705,-31.785906946528034,1.0052136313683062,25.973144687560445,0.12067054082980143,-90.39966974748631,-1.1573229341274334,-41.4477905386917,0.6295741068180681,39.97606480235961,0.2719344611720337,-0.053224162298253386,0.00015748,0.05328057864112366,0.00081957,1,0.0
11633,0.10860832231682563,0.05517888947996663,-1.54e-06,1.4256683997023072,6.1063824138390705,-18.04751739954517,1.0052136313683062,41.52057338958649,0.12067054082980143,-99.50286107399788,-1.1573229341274334,-14.033862908159337,0.6295741068180681,38.65272090897542,0.2719344611720337,-0.030173921593228764,0.00015748,0.10727145043612821,0.00081957,1,0.0
11634,0.0008941955540060775,0.0054935880101476394,-1.54e-06,1.4256683997023072,6.1063824138390705,-4.842769316609954,1.0052136313683062,16.4937963932335,0.12067054082980143,-29.9064211378995,-1.1573229341274334,-49.841670596503725,0.6295741068180681,8.772014208257108,0.2719344611720337,-0.03250099177673074,0.00015748,0.032889586478716884,0.00081957,1,0.0
11635,0.002538153388507533,0.003353899280358876,-1.54e-06,1.4256683997023072,6.1063824138390705,-21.898126395846955,1.0052136313683062,13.859777118153838,0.12067054082980143,-54.59646834512479,-1.1573229341274334,-56.311513039835965,0.6295741068180681,28.98970892118456,0.2719344611720337,-0.034432513589291974,0.00015748,0.034444702980997596,0.00081957,1,0.0
11636,0.06339395582030857,0.03272087916489984,-1.54e-06,1.4256683997023072,6.1063824138390705,-37.52400145239558,1.0052136313683062,36.129614422890306,0.12067054082980143,-89.89695995654353,-1.1573229341274334,94.1393875274163,0.6295741068180681,30.791852482806622,0.2719344611720337,-0.07828012549431382,0.00015748,0.07834316020769949,0.00081957,1,0.0
11637,0.10239088322797378,0.006521539767313498,-1.54e-06,1.4256683997023072,6.1063824138390705,-42.46026510907206,1.0052136313683062,-10.810266566146586,0.12067054082980143,-12.02192352037233,-1.1573229341274334,77.94071592110733,0.6295741068180681,32.74403770728474,0.2719344611720337,-0.02820679117693186,0.00015748,0.028358126295382147,0.00081957,1,0.0
11638,0.07391788733359027,0.000339278785971509,-1.54e-06,1.4256683997023072,6.1063824138390705,-27.000774469026627,1.0052136313683062,5.021106850793385,0.12067054082980143,-15.14500541820291,-1.1573229341274334,-80.57233498931376,0.6295741068180681,27.518134925216604,0.2719344611720337,-0.011042634029195196,0.00015748,0.011045461207094152,0.00081957,1,0.0
11639,0.17404890360676503,0.0014854115780948023,-1.54e-06,1.4256683997023072,6.1063824138390705,-89.40701373571648,1.0052136313683062,11.217098267480182,0.12067054082980143,-88.12024583228246,-1.1573229341274334,19.370935879739406,0.6295741068180681,82.76955303675732,0.2719344611720337,-0.012888564961537329,0.00015748,0.012906816268251188,0.00081957,1,0.0
11640,0.027687781245043053,0.000250433627322031,-1.54e-06,1.4256683997023072,6.1063824138390705,-27.450573667769362,1.0052136313683062,4.661421430061713,0.12067054082980143,-42.37681514912141,-1.1573229341274334,30.67164142113204,0.6295741068180681,27.187690683440714,0.2719344611720337,-0.008722376895024673,0.00015748,0.008803202109922699,0.00081957,1,0.0
11641,0.0008331887054919274,0.0348627585452133,-1.54e-06,1.4256683997023072,6.1063824138390705,25.872068574235833,1.0052136313683062,22.95733675937193,0.12067054082980143,-30.893770864975632,-1.1573229341274334,-82.9814884291332,0.6295741068180681,-2.9977485015826946,0.2719344611720337,-0.017979232778292678,0.00015748,0.076188180841752,0.00081957,1,0.0
11642,0.05618091956214324,0.0036072204956759998,-1.54e-06,1.4256683997023072,6.1063824138390705,-28.93573262764671,1.0052136313683062,17.239169600552245,0.12067054082980143,-45.1223804252903,-1.1573229341274334,-70.53570288022513,0.6295741068180681,31.49645575398542,0.2719344611720337,-0.03211743013452409,0.00015748,0.032286848028786855,0.00081957,1,0.0
11643,0.10035435718808505,0.0005682024680905251,-1.54e-06,1.4256683997023072,6.1063824138390705,-50.43054827602642,1.0052136313683062,5.645299269454019,0.12067054082980143,-47.20193951953248,-1.1573229341274334,-0.6658500229589175,0.6295741068180681,47.10420133843164,0.2719344611720337,-0.006652104484530241,0.00015748,0.006645206255136293,0.00081957,1,0.0
11644,0.06912713694618303,0.00028066241847634114,-1.54e-06,1.4256683997023072,6.1063824138390705,-47.947850516557644,1.0052136313683062,7.103505644775012,0.12067054082980143,-62.3586149601051,-1.1573229341274334,55.14959579335939,0.6295741068180681,44.72959806644969,0.2719344611720337,-0.009140035644512969,0.00015748,0.009138937569478173,0.00081957,1,0.0
11645,0.2192802197814278,0.0034861737977227264,-1.54e-06,1.4256683997023072,6.1063824138390705,-90.6734639896083,1.0052136313683062,6.741178300050685,0.12067054082980143,-61.30603928011205,-1.1573229341274334,5.409096591194078,0.6295741068180681,79.40686234751394,0.2719344611720337,-0.011145276859657698,0.00015748,0.01111227147266064,0.00081957,1,0.0
11646,0.0005891898738778489,0.09237090414798527,-1.54e-06,1.4256683997023072,6.1063824138390705,75.66876322977072,1.0052136313683062,44.71589831156294,0.12067054082980143,-43.47634751796731,-1.1573229341274334,-11.088200184781305,0.6295741068180681,-34.49956439442148,0.2719344611720337,-0.005579525618422912,0.00015748,0.14505132781435054,0.00081957,1,0.0
11647,0.12276349343908134,0.0007720479937152446,-1.54e-06,1.4256683997023072,6.1063824138390705,-51.71681893603922,1.0052136313683062,9.306234460796281,0.12067054082980143,-40.49459267586127,-1.1573229341274334,-83.81404852909407,0.6295741068180681,50.82216493999914,0.2719344611720337,-0.01619378067427852,0.00015748,0.016193590553850265,0.00081957,1,0.0
11648,0.19936142864480555,0.11701693143665819,-1.54e-06,1.4256683997023072,6.1063824138390705,34.97589522654732,1.0052136313683062,42.319492727311,0.12067054082980143,-98.32572991417578,-1.1573229341274334,-83.53456399785502,0.6295741068180681,35.046927726653145,0.2719344611720337,0.023147968689719647,0.00015748,0.2239217332171829,0.00081957,0,0.0
11649,0.20306689728010313,0.0023213413508675128,-1.54e-06,1.4256683997023072,6.1063824138390705,-96.34090992045007,1.0052136313683062,9.84023481580684,0.12067054082980143,-83.9334584608164,-1.1573229341274334,15.619778534195909,0.6295741068180681,87.53442933870842,0.2719344611720337,-0.009413650704039062,0.00015748,0.009379505807839812,0.00081957,1,0.0
11650,1.358108677293468e-05,0.024873487265972702,-1.54e-06,1.4256683997023072,6.1063824138390705,17.602097660125636,1.0052136313683062,19.169009073626242,0.12067054082980143,-27.134162782103225,-1.1573229341274334,7.241418278296118,0.6295741068180681,-6.631207299056177,0.2719344611720337,-0.014937196146470485,0.00015748,0.05242813481262766,0.00081957,1,0.0
11651,0.26489084188380113,0.011674846129011585,-1.54e-06,1.4256683997023072,6.1063824138390705,-80.36806790191089,1.0052136313683062,2.2598954899764627,0.12067054082980143,-15.578636739844722,-1.1573229341274334,27.024963452182682,0.6295741068180681,60.21378725012213,0.2719344611720337,-0.04324882598952418,0.00015748,0.0433007764312616,0.00081957,1,0.0
11652,0.04915817134925782,0.0006399850955357626,-1.54e-06,1.4256683997023072,6.1063824138390705,-44.92111719654832,1.0052136313683062,9.534297810388477,0.12067054082980143,-69.5244966625492,-1.1573229341274334,36.130328594918666,0.6295741068180681,44.7997505829449,0.2719344611720337,-0.017163687625074864,0.00015748,0.01715587575533927,0.00081957,1,0.0
11653,0.0009505434001674529,0.002823713363757587,-1.54e-06,1.4256683997023072,6.1063824138390705,-40.62939173113669,1.0052136313683062,4.471408448814571,0.12067054082980143,-79.94161370316455,-1.1573229341274334,72.20824137199999,0.6295741068180681,43.70772601690266,0.2719344611720337,-0.023564763319192026,0.00015748,0.023821699234371416,0.00081957,1,0.0
11654,0.13740832219688992,0.000915711129493629,-1.54e-06,1.4256683997023072,6.1063824138390705,-58.002206304113784,1.0052136313683062,6.663239354642913,0.12067054082980143,-42.39250427523558,-1.1573229341274334,-37.06051304206579,0.6295741068180681,53.6018155475927,0.2719344611720337,-0.007187686566390401,0.00015748,0.00718296941824012,0.00081957,1,0.0
11655,0.21342470222693777,0.005138957840975965,-1.54e-06,1.4256683997023072,6.1063824138390705,-83.19403490710222,1.0052136313683062,1.8234506237529378,0.12067054082980143,-45.244947681035924,-1.1573229341274334,34.13081211797883,0.6295741068180681,69.5821134312116,0.2719344611720337,-0.018863283127480358,0.00015748,0.018881648951425054,0.00081957,1,0.0
11656,0.00010719883141538378,0.048335499120554154,-1.54e-06,1.4256683997023072,6.1063824138390705,-1.2351762920231,1.0052136313683062,39.75127404303959,0.12067054082980143,-88.81658654168709,-1.1573229341274334,70.87242811343214,0.6295741068180681,10.354241457999791,0.2719344611720337,-0.058033169086690026,0.00015748,0.09178429014714094,0.00081957,1,0.0
11657,0.00020301891000945593,0.03820707289974508,-1.54e-06,1.4256683997023072,6.1063824138390705,23.502816359812172,1.0052136313683062,22.295963320892323,0.12067054082980143,-47.61411445914414,-1.1573229341274334,48.660197572268814,0.6295741068180681,-4.146017652559999,0.2719344611720337,-0.002728978742155566,0.00015748,0.07092502889277336,0.00081957,1,0.0
11658,0.2791437916726225,0.010302449589568278,-1.54e-06,1.4256683997023072,6.1063824138390705,-95.49936425531273,1.0052136313683062,-1.1207382181107175,0.12067054082980143,-29.356645102880545,-1.1573229341274334,5.991209529662315,0.6295741068180681,77.56077069291165,0.2719344611720337,-0.029436038785101485,0.00015748,0.0294004649256111,0.00081957,1,0.0
11659,0.11154709800565271,0.00139334834034949,-1.54e-06,1.4256683997023072,6.1063824138390705,-58.080206460359015,1.0052136313683062,14.75179184138326,0.12067054082980143,-65.93852093648982,-1.1573229341274334,-55.72541092408975,0.6295741068180681,58.06518168791632,0.2719344611720337,-0.025754575033363633,0.00015748,0.02574450979285893,0.00081957,1,0.0
11660,0.0003184901599994072,0.0725264604571673,-1.54e-06,1.4256683997023072,6.1063824138390705,52.685966379366555,1.0052136313683062,36.019058462995325,0.12067054082980143,-65.2208232773659,-1.1573229341274334,60.21756683648392,0.6295741068180681,-15.88464366910972,0.2719344611720337,0.0042807074210547,0.00015748,0.12412641231823625,0.00081957,0,0.0
11661,0.02148086112724885,0.0004363409386159601,-1.54e-06,1.4256683997023072,6.1063824138390705,-23.664527783888424,1.0052136313683062,6.373868158842999,0.12067054082980143,-40.27455193827199,-1.1573229341274334,6.861201593730821,0.6295741068180681,24.910283552478415,0.2719344611720337,-0.013370957713210663,0.00015748,0.013422547311384259,0.00081957,1,0.0
11662,0.07564488749832138,0.0005378299841182224,-1.54e-06,1.4256683997023072,6.1063824138390705,-27.705520929241487,1.0052136313683062,0.626402484373823,0.12067054082980143,-11.9158684668643,-1.1573229341274334,-12.923454453173147,0.6295741068180681,24.061118820506326,0.2719344611720337,-0.0033445404749570563,0.00015748,0.003349693194437087,0.00081957,1,0.0
11663,0.2199698425733711,0.004593068219081963,-1.54e-06,1.4256683997023072,6.1063824138390705,-73.48014064953954,1.0052136313683062,2.147539451080713,0.12067054082980143,-22.453022129317198,-1.1573229341274334,-43.70655646191465,0.6295741068180681,61.933052314606236,0.2719344611720337,-0.015126265131174654,0.00015748,0.015090686649857719,0.00081957,1,0.0
11664,0.11471703772353975,0.012789930804882072,-1.54e-06,1.4256683997023072,6.1063824138390705,-72.92083692510043,1.0052136313683062,-2.8767876111357484,0.12067054082980143,-65.07570479840966,-1.1573229341274334,-59.81319906813107,0.6295741068180681,75.49405615583692,0.2719344611720337,-0.04216352099442184,0.00015748,0.0422049426757063,0.00081957,1,0.0
11665,0.0014275612372071853,0.0015303563828753387,-1.54e-06,1.4256683997023072,6.1063824138390705,2.6037833524387293,1.0052136313683062,8.400445105679776,0.12067054082980143,-3.1838499079761937,-1.1573229341274334,-91.79914653391612,0.6295741068180681,2.2901235627367806,0.2719344611720337,-0.01984242304433325,0.00015748,0.019895956886690165,0.00081957,1,0.0
11666,0.01674496093422384,0.00013832357602448994,-1.54e-06,1.4256683997023072,6.1063824138390705,-18.703968926772212,1.0052136313683062,4.745033539092207,0.12067054082980143,-32.49992930706816,-1.1573229341274334,30.817925642717913,0.6295741068180681,18.17778041164214,0.2719344611720337,-0.007658334454234092,0.00015748,0.007672459566486774,0.00081957,1,0.0
11667,-4.130576832517274e-07,0.044711524530047314,-1.54e-06,1.4256683997023072,6.1063824138390705,36.33170003936718,1.0052136313683062,28.754098808396957,0.12067054082980143,-20.92370621836949,-1.1573229341274334,-9.722529610184974,0.6295741068180681,-21.241957534741353,0.2719344611720337,-0.025426251345221335,0.00015748,0.0796406178687544,0.00081957,1,0.0
11668,0.2570214457040851,0.012151140830883226,-1.54e-06,1.4256683997023072,6.1063824138390705,-74.90890086569604,1.0052136313683062,15.828410838538492,0.12067054082980143,-26.72571701189012,-1.1573229341274334,-46.167590474934585,0.6295741068180681,59.32863314212374,0.2719344611720337,-0.045753855717318936,0.00015748,0.04625975434481003,0.00081957,1,0.0
11669,0.0002932648826466863,0.03229069116894737,-1.54e-06,1.4256683997023072,6.1063824138390705,37.113277171406224,1.0052136313683062,7.967075324416049,0.12067054082980143,-2.1468131866440405,-1.1573229341274334,45.115077459587944,0.6295741068180681,-20.5670461867217,0.2719344611720337,0.022335985125859215,0.00015748,0.044532817827512006,0.00081957,0,0.0
11670,0.11770377719174901,0.0006585549833341691,-1.54e-06,1.4256683997023072,6.1063824138390705,-61.715557200015915,1.0052136313683062,9.360957264318788,0.12067054082980143,-64.51952617664124,-1.1573229341274334,18.706553145987936,0.6295741068180681,57.112867604873905,0.2719344611720337,-0.012041418982601125,0.00015748,0.01203884693852998,0.00081957,1,0.0
11671,0.1469405635920628,0.001934593350806617,-1.54e-06,1.4256683997023072,6.1063824138390705,-50.468265460732695,1.0052136313683062,1.306549537270355,0.12067054082980143,-15.025331387598335,-1.1573229341274334,-86.74703415515265,0.6295741068180681,46.49528416119335,0.2719344611720337,-0.005186279835144048,0.00015748,0.005214617759165334,0.00081957,1,0.0
11672,-1.7462611218758972e-05,0.016296870190840047,-1.54e-06,1.4256683997023072,6.1063824138390705,-12.939507607673187,1.0052136313683062,9.342038216572238,0.12067054082980143,-61.51360349425924,-1.1573229341274334,40.179830836145,0.6295741068180681,24.491464103973755,0.2719344611720337,-0.013274500641792725,0.00015748,0.042986169255109265,0.00081957,1,0.0
11673,0.07194522592959271,0.0004715371979938886,-1.54e-06,1.4256683997023072,6.1063824138390705,-60.03692636558331,1.0052136313683062,10.10714970299261,0.12067054082980143,-87.5990057989825,-1.1573229341274334,85.82078674116207,0.6295741068180681,56.836691746719524,0.2719344611720337,-0.014268891775560115,0.00015748,0.014277373412189761,0.00081957,1,0.0
11674,0.05214975030598699,0.002174293304345024,-1.54e-06,1.4256683997023072,6.1063824138390705,-32.89872692972919,1.0052136313683062,-1.0577909759406645,0.12067054082980143,-29.864170373782677,-1.1573229341274334,-17.723755048036022,0.6295741068180681,33.4487393993674,0.2719344611720337,-0.01662034194839582,0.00015748,0.01663006131278851,0.00081957,1,0.0
11675,0.13231311329390158,0.015612458432168472,-1.54e-06,1.4256683997023072,6.1063824138390705,-28.345285570233667,1.0052136313683062,13.26409397707493,0.12067054082980143,-23.610485968919072,-1.1573229341274334,-51.630806293912315,0.6295741068180681,30.520426339851767,0.2719344611720337,-0.005677269915762407,0.00015748,0.03255420743885263,0.00081957,1,0.0
11676,0.14320876400435434,0.0014652046991557603,-1.54e-06,1.4256683997023072,6.1063824138390705,-65.32556257319915,1.0052136313683062,5.657256849841269,0.12067054082980143,-53.75062007014264,-1.1573229341274334,34.42104273831765,0.6295741068180681,57.2468930113176,0.2719344611720337,-0.009105539162762796,0.00015748,0.009136333288299256,0.00081957,1,0.0
11677,6.265824571694001e-06,0.030620758890561185,-1.54e-06,1.4256683997023072,6.1063824138390705,-3.09344634826613,1.0052136313683062,32.440228032181345,0.12067054082980143,-73.26146228760595,-1.1573229341274334,-72.55976164741448,0.6295741068180681,19.842800892664716,0.2719344611720337,-0.04821704774787049,0.00015748,0.07847719004097319,0.00081957,1,0.0
11678,0.11166839007816926,0.0611860827252437,-1.54e-06,1.4256683997023072,6.1063824138390705,-15.234283531388229,1.0052136313683062,43.31633066333852,0.12067054082980143,-31.600892569745998,-1.1573229341274334,-65.76366697709132,0.6295741068180681,8.082687797447381,0.2719344611720337,-0.10077652168609058,0.00015748,0.10109242259584131,0.00081957,1,0.0
11679,0.24651153151641855,0.019707686987144077,-1.54e-06,1.4256683997023072,6.1063824138390705,-66.48513848920555,1.0052136313683062,19.650776158785334,0.12067054082980143,-23.67740240384949,-1.1573229341274334,-22.386686339965763,0.6295741068180681,49.32958170950822,0.2719344611720337,-0.06038784449753595,0.00015748,0.061100834266240245,0.00081957,1,0.0
11680,0.0010118760955834666,0.0038781012070431067,-1.54e-06,1.4256683997023072,6.1063824138390705,-18.212325045627637,1.0052136313683062,15.688229429401016,0.12067054082980143,-54.55755700754829,-1.1573229341274334,17.54127968514138,0.6295741068180681,20.450364254753943,0.2719344611720337,-0.029527248320326632,0.00015748,0.02974148262783246,0.00081957,1,0.0
11681,0.0006374884109236201,0.07101527904035125,-1.54e-06,1.4256683997023072,6.1063824138390705,48.80096850577876,1.0052136313683062,33.41467495077858,0.12067054082980143,-64.82644992587694,-1.1573229341274334,-64.81719083124513,0.6295741068180681,-3.0355005979672685,0.2719344611720337,-0.011337552997331746,0.00015748,0.14169302691345936,0.00081957,1,0.0
11682,0.18075941190820613,0.0020729136609993638,-1.54e-06,1.4256683997023072,6.1063824138390705,-57.92194871924141,1.0052136313683062,4.091508522549722,0.12067054082980143,-15.359571790547454,-1.1573229341274334,-90.3239935455949,0.6295741068180681,51.26829762147364,0.2719344611720337,-0.004975993902107126,0.00015748,0.004969065512842183,0.00081957,1,0.0
11683,4.5554788513368916e-06,0.06157696765110229,-1.54e-06,1.4256683997023072,6.1063824138390705,74.53789403879193,1.0052136313683062,22.153402219629452,0.12067054082980143,-1e-20,-1.1573229341274334,16.801558324044752,0.6295741068180681,-41.85221660025501,0.2719344611720337,0.026556681033462023,0.00015748,0.09476719673012315,0.00081957,0,0.0
11684,0.15397125760717978,0.0012727324541467093,-1.54e-06,1.4256683997023072,6.1063824138390705,-89.19171839216405,1.0052136313683062,10.889875676336867,0.12067054082980143,-99.61531607893204,-1.1573229341274334,84.81101632589628,0.6295741068180681,81.08918244773395,0.2719344611720337,-0.012454132748123858,0.00015748,0.012456845106789755,0.00081957,1,0.0
11685,0.08318625194121744,0.0004025951661280501,-1.54e-06,1.4256683997023072,6.1063824138390705,-56.57160191093985,1.0052136313683062,8.089482669673894,0.12067054082980143,-72.52837854198603,-1.1573229341274334,68.52358763473319,0.6295741068180681,52.37559364497002,0.2719344611720337,-0.010040890993531618,0.00015748,0.010074090959878351,0.00081957,1,0.0
11686,0.04470210323877144,0.00797221299385857,-1.54e-06,1.4256683997023072,6.1063824138390705,-34.96578087242048,1.0052136313683062,21.12176021700408,0.12067054082980143,-72.25721204529766,-1.1573229341274334,64.82252708860466,0.6295741068180681,32.00324051660932,0.2719344611720337,-0.040750989840367596,0.00015748,0.04113266026830391,0.00081957,1,0.0
11687,0.025144409564112208,0.00012708241484708598,-1.54e-06,1.4256683997023072,6.1063824138390705,-7.8761458994529026,1.0052136313683062,3.5209617308068504,0.12067054082980143,-4.747681794560068,-1.1573229341274334,-45.32625322913421,0.6295741068180681,8.890918957255309,0.2719344611720337,-0.0073700091671194574,0.00015748,0.0073692360404568665,0.00081957,1,0.0
11688,0.2818929257653928,0.012168044662243532,-1.54e-06,1.4256683997023072,6.1063824138390705,-94.61268158027625,1.0052136313683062,-1.6785985272863448,0.12067054082980143,-27.00990715940311,-1.1573229341274334,38.98964705829675,0.6295741068180681,74.20196772809138,0.2719344611720337,-0.03792638516402542,0.00015748,0.037950891026493634,0.00081957,1,0.0
11689,0.024437446508277515,0.0006357922912343329,-1.54e-06,1.4256683997023072,6.1063824138390705,-28.194548418272333,1.0052136313683062,7.522411023809444,0.12067054082980143,-48.395444195820325,-1.1573229341274334,7.533523792094011,0.6295741068180681,29.850419259003345,0.2719344611720337,-0.01629804703692227,0.00015748,0.01632845227370096,0.00081957,1,0.0
11690,0.1072513718582831,0.0006011784634146378,-1.54e-06,1.4256683997023072,6.1063824138390705,-57.533927574754564,1.0052136313683062,9.628442005891715,0.12067054082980143,-61.7937134835517,-1.1573229341274334,-4.592716429974037,0.6295741068180681,54.88795002174712,0.2719344611720337,-0.014070357354153757,0.00015748,0.014084722606023697,0.00081957,1,0.0
11691,-6.4116123273672e-05,0.07191100773703675,-1.54e-06,1.4256683997023072,6.1063824138390705,80.44024816639907,1.0052136313683062,31.533290058564393,0.12067054082980143,-2.7105366377167557,-1.1573229341274334,-40.250682439860384,0.6295741068180681,-44.497542163485804,0.2719344611720337,0.00952898988978177,0.00015748,0.11408418392032285,0.00081957,0,0.0
11692,0.11962371366449535,0.0010878138727698234,-1.54e-06,1.4256683997023072,6.1063824138390705,-49.792813899559576,1.0052136313683062,3.2151043163190782,0.12067054082980143,-33.45710614788792,-1.1573229341274334,4.923034901121693,0.6295741068180681,43.59854914753595,0.2719344611720337,-0.005526556590607837,0.00015748,0.0055359774685060145,0.00081957,1,0.0
11693,0.13488310475131574,0.001073810400097996,-1.54e-06,1.4256683997023072,6.1063824138390705,-50.71652417463385,1.0052136313683062,4.701360466435348,0.12067054082980143,-28.123986948336984,-1.1573229341274334,-37.58191415191465,0.6295741068180681,45.353058934617664,0.2719344611720337,-0.005042055204695239,0.00015748,0.005097995313558034,0.00081957,1,0.0
11694,0.00010938481247432796,0.057245685377200144,-1.54e-06,1.4256683997023072,6.1063824138390705,64.81331158743419,1.0052136313683062,22.553714244498558,0.12067054082980143,-8.741824824106546,-1.1573229341274334,18.420733474527133,0.6295741068180681,-34.72474538941332,0.2719344611720337,0.019848288453116203,0.00015748,0.0905400529023096,0.00081957,0,0.0
11695,0.09879377891920108,0.0005637159037061208,-1.54e-06,1.4256683997023072,6.1063824138390705,-40.845001785209206,1.0052136313683062,7.688607465323217,0.12067054082980143,-31.02532368122716,-1.1573229341274334,-80.18612714571151,0.6295741068180681,40.752151797681066,0.2719344611720337,-0.014533929565528906,0.00015748,0.014538340257678826,0.00081957,1,0.0
11696,0.17917164689708537,0.0016056529418846,-1.54e-06,1.4256683997023072,6.1063824138390705,-90.58520350937286,1.0052136313683062,11.242119896359966,0.12067054082980143,-88.28764639083013,-1.1573229341274334,33.981563498033715,0.6295741068180681,82.63999928886224,0.2719344611720337,-0.012818900549075314,0.00015748,0.012837004639250773,0.00081957,1,0.0
11697,0.1530337688044736,0.0026385701383304697,-1.54e-06,1.4256683997023072,6.1063824138390705,-52.67217693908768,1.0052136313683062,0.22738137349430143,0.12067054082980143,-17.25506630589585,-1.1573229341274334,-12.913562418907615,0.6295741068180681,43.89105890289128,0.2719344611720337,-0.012485629512896763,0.00015748,0.012516010022767055,0.00081957,1,0.0
11698,0.0013050175200329528,0.01456835475723641,-1.54e-06,1.4256683997023072,6.1063824138390705,-29.983558219462324,1.0052136313683062,26.515202628940454,0.12067054082980143,-92.09670178506921,-1.1573229341274334,-87.31057070704148,0.6295741068180681,43.44907161909637,0.2719344611720337,-0.056836999292444075,0.00015748,0.06420075550306992,0.00081957,1,0.0
11699,0.03193357357782031,0.003585169863728715,-1.54e-06,1.4256683997023072,6.1063824138390705,-33.905073115935934,1.0052136313683062,17.2169706119249,0.12067054082980143,-69.58471023429044,-1.1573229341274334,33.296540850445425,0.6295741068180681,34.132123211711004,0.2719344611720337,-0.03084477386689784,0.00015748,0.03092145967311392,0.00081957,1,0.0
11700,-0.025495910721764204,0.5842312080594932,-1.54e-06,0.8575784558748958,2.058281372399891,3.8869466659445435,1.0052136313683062,-0.02249371802175485,0.12067054082980143,-6.396910479111364,-1.1573229341274334,19.952698866725203,0.6295741068180681,-5.184809457182063,0.2719344611720337,0.4499789314389042,0.00015748,2.7578336581996767,0.00081957,0,0.0
11701,0.5966921989330669,0.2309467733249982,-1.54e-06,0.8575784558748958,2.058281372399891,2.4624589416777733,1.0052136313683062,7.506406104990293,0.12067054082980143,-7.156416675277992,-1.1573229341274334,-7.511673767112108,0.6295741068180681,4.324922264100971,0.2719344611720337,0.293931972682133,0.00015748,1.6955282844240436,0.00081957,0,0.0
11702,-1.0471268189027634,2.638354071055205,-1.54e-06,0.8575784558748958,2.058281372399891,44.17371402177379,1.0052136313683062,22.57944122617646,0.12067054082980143,-27.231707923972337,-1.1573229341274334,19.18257046226926,0.6295741068180681,-40.079538529260546,0.2719344611720337,4.19052607253746,0.00015748,9.126750389170304,0.00081957,0,0.0
11703,-0.0003594730959797232,0.14648878180134908,-1.54e-06,0.8575784558748958,2.058281372399891,69.96365194428847,1.0052136313683062,61.412134336758214,0.12067054082980143,-54.31612991728757,-1.1573229341274334,-45.42750562257819,0.6295741068180681,-37.35080584338377,0.2719344611720337,0.26250822333802226,0.00015748,18.72328066690593,0.00081957,0,0.0
11704,-0.58957283195683,1.663206783577924,-1.54e-06,0.8575784558748958,2.058281372399891,-2.0080911865620172,1.0052136313683062,0.45516602968724784,0.12067054082980143,-43.38278793711088,-1.1573229341274334,65.09475803672728,0.6295741068180681,5.529978764589925,0.2719344611720337,0.2652624584524075,0.00015748,4.431427648316201,0.00081957,0,0.0
11705,0.0023315853329552994,0.00037077410695932924,-1.54e-06,0.8575784558748958,2.058281372399891,-10.558664322255996,1.0052136313683062,9.802108814720885,0.12067054082980143,-58.720565418845766,-1.1573229341274334,43.19542105181133,0.6295741068180681,26.891351522233524,0.2719344611720337,0.30041728734053297,0.00015748,1.6181820389170065,0.00081957,0,0.0
11706,-0.0383502200285597,0.7673188390005022,-1.54e-06,0.8575784558748958,2.058281372399891,12.89037038067676,1.0052136313683062,25.7423533320585,0.12067054082980143,-67.90917048909547,-1.1573229341274334,41.71835700560456,0.6295741068180681,6.583280354391208,0.2719344611720337,3.2696482721193023,0.00015748,5.994168469802671,0.00081957,0,0.0
11707,0.011556287830141954,0.00010835848628273727,-1.54e-06,0.8575784558748958,2.058281372399891,-5.018812241459839,1.0052136313683062,7.871513044170981,0.12067054082980143,-38.47860720808618,-1.1573229341274334,25.69410833289693,0.6295741068180681,16.264846492050303,0.2719344611720337,0.3117189408186526,0.00015748,1.3292868319310251,0.00081957,0,0.0
11708,-0.8656974856840618,2.3631516168415545,-1.54e-06,0.8575784558748958,2.058281372399891,58.765302349841335,1.0052136313683062,55.23381614969252,0.12067054082980143,-94.56129270669601,-1.1573229341274334,30.685543060906664,0.6295741068180681,-28.26433443394849,0.2719344611720337,4.600943316255916,0.00015748,16.277200184713788,0.00081957,0,0.0
11709,2.030048847119299,1.4645999652551127,-1.54e-06,0.8575784558748958,2.058281372399891,-7.444084386773754,1.0052136313683062,31.881966922221334,0.12067054082980143,-82.18378721820784,-1.1573229341274334,12.172123643576024,0.6295741068180681,48.611978090055665,0.2719344611720337,0.2650044095584785,0.00015748,6.240782064443067,0.00081957,0,0.0
11710,2.2576979423004455,1.7471111850609797,-1.54e-06,0.8575784558748958,2.058281372399891,-9.76718303029628,1.0052136313683062,35.86612050370387,0.12067054082980143,-95.54693720717462,-1.1573229341274334,16.794480116728653,0.6295741068180681,56.61253173050281,0.2719344611720337,0.2609253460247798,0.00015748,6.890319678244537,0.00081957,0,0.0
11711,-1.833895846380511,6.186340490358066,-1.54e-06,0.8575784558748958,2.058281372399891,40.08611375248839,1.0052136313683062,10.285927328452388,0.12067054082980143,-47.56209760475088,-1.1573229341274334,59.56070768960442,0.6295741068180681,-34.16595412629627,0.2719344611720337,3.6915672293186077,0.00015748,10.424363631345658,0.00081957,0,0.0
11712,-3.5195964326538434,7.470129278537716,-1.54e-06,0.8575784558748958,2.058281372399891,59.44515129446412,1.0052136313683062,6.55543300199431,0.12067054082980143,-18.97013370384,-1.1573229341274334,83.03823536088952,0.6295741068180681,-81.97843461258091,0.2719344611720337,5.719347414223577,0.00015748,10.985772768325578,0.00081957,0,0.0
11713,0.6273460069149133,0.24216564847250951,-1.54e-06,0.8575784558748958,2.058281372399891,31.90608638309109,1.0052136313683062,48.65890711258906,0.12067054082980143,-77.62882988786555,-1.1573229341274334,-7.779611606226747,0.6295741068180681,5.128509281976043,0.2719344611720337,0.2549250479872338,0.00015748,12.536680307405426,0.00081957,0,0.0
11714,4.321294408705,8.860292453482987,-1.54e-06,0.8575784558748958,2.058281372399891,39.64817152754987,1.0052136313683062,79.8464785213453,0.12067054082980143,-91.59872889389868,-1.1573229341274334,-72.32378799412396,0.6295741068180681,32.087487644316745,0.2719344611720337,0.25309260081439433,0.00015748,20.23652583584206,0.00081957,0,0.0
11715,-0.5138493988482224,1.5943376950157384,-1.54e-06,0.8575784558748958,2.058281372399891,93.023925386348,1.0052136313683062,66.32792607583251,0.12067054082980143,-43.624567855299816,-1.1573229341274334,-49.69964811095537,0.6295741068180681,-65.88065248657716,0.2719344611720337,2.1366631892695818,0.00015748,22.050596414440122,0.00081957,0,0.0
11716,2.3830905346124576,3.158333978201545,-1.54e-06,0.8575784558748958,2.058281372399891,-27.529030234487777,1.0052136313683062,2.1214075815598754,0.12067054082980143,-35.77557868444899,-1.1573229341274334,7.80657096789778,0.6295741068180681,53.60402319608593,0.2719344611720337,-0.32881348577471886,0.00015748,0.29530650247877194,0.00081957,1,0.0
11717,-0.11070448532937727,0.6765283206075658,-1.54e-06,0.8575784558748958,2.058281372399891,28.927960467447644,1.0052136313683062,32.34737837261004,0.12067054082980143,-59.77155436147366,-1.1573229341274334,18.75589302865642,0.6295741068180681,-7.602977167419448,0.2719344611720337,2.6890762177014462,0.00015748,9.149303793360057,0.00081957,0,0.0
11718,-0.003985558916194787,0.2859017184473526,-1.54e-06,0.8575784558748958,2.058281372399891,41.9923796198128,1.0052136313683062,37.47713174232026,0.12067054082980143,-40.98587504389821,-1.1573229341274334,-14.451276482495025,0.6295741068180681,-21.38719183612024,0.2719344611720337,1.348704650719263,0.00015748,11.43043603778311,0.00081957,0,0.0
11719,5.329069482642484,11.830528379914446,-1.54e-06,0.8575784558748958,2.058281372399891,-9.110388298424631,1.0052136313683062,48.080590975892505,0.12067054082980143,-73.50038513741139,-1.1573229341274334,-46.34811779394979,0.6295741068180681,72.21531272961981,0.2719344611720337,0.2660817607106578,0.00015748,9.880791388891161,0.00081957,0,0.0
11720,-1.6268337673622693,3.6833910824632907,-1.54e-06,0.8575784558748958,2.058281372399891,87.63497515573268,1.0052136313683062,68.18850422316544,0.12067054082980143,-99.94404251736155,-1.1573229341274334,22.995720553973932,0.6295741068180681,-55.563164466310226,0.2719344611720337,5.243078050474095,0.00015748,21.94339497868105,0.00081957,0,0.0
11721,-0.35838524455456466,59.39811421087053,-1.54e-06,0.8575784558748958,2.058281372399891,62.19805821734231,1.0052136313683062,2.47719941608875,0.12067054082980143,-74.48174906719562,-1.1573229341274334,53.354724059113,0.6295741068180681,-18.859238684430824,0.2719344611720337,0.33986861742674,0.00015748,26.03082390724998,0.00081957,0,0.0
11722,-0.7982315174234857,2.1758800668382445,-1.54e-06,0.8575784558748958,2.058281372399891,22.32365858225679,1.0052136313683062,27.147362448526735,0.12067054082980143,-83.37199594464099,-1.1573229341274334,65.97137781115755,0.6295741068180681,-3.196597980349032,0.2719344611720337,5.108228256546779,0.00015748,7.546398220716529,0.00081957,0,0.0
11723,0.004269441353248915,0.03003809295619198,-1.54e-06,0.8575784558748958,2.058281372399891,52.832297678921556,1.0052136313683062,60.501687098100966,0.12067054082980143,-87.0694643722121,-1.1573229341274334,-13.993653042055723,0.6295741068180681,-12.642367604363567,0.2719344611720337,0.2573260039975711,0.00015748,16.927917539261408,0.00081957,0,0.0
11724,0.1051380952772365,6.137793408911554e-06,-1.54e-06,0.8575784558748958,2.058281372399891,11.544280837257977,1.0052136313683062,35.8509184054001,0.12067054082980143,-92.4307698060387,-1.1573229341274334,30.00225095414875,0.6295741068180681,22.310943844395393,0.2719344611720337,0.3734438502871438,0.00015748,8.280613121346592,0.00081957,0,0.0
11725,-1.3638124197314954,4.733608209461877,-1.54e-06,0.8575784558748958,2.058281372399891,30.793232304661267,1.0052136313683062,-2.852721341448732,0.12067054082980143,-5.6773155666844595,-1.1573229341274334,37.046464426632106,0.6295741068180681,-37.22792728671769,0.2719344611720337,1.9701659711588486,0.00015748,7.591647963806157,0.00081957,0,0.0
11726,1.046447569155608,3.174819906384496,-1.54e-06,0.8575784558748958,2.058281372399891,-30.885590425901118,1.0052136313683062,-1.0321049174792496,0.12067054082980143,-63.328798604656214,-1.1573229341274334,46.24134205115085,0.6295741068180681,56.08454920709434,0.2719344611720337,-1.10426317345039,0.00015748,0.21916711531914512,0.00081957,1,0.0
11727,0.0009249625997354016,0.11088813317381878,-1.54e-06,0.8575784558748958,2.058281372399891,79.49363303832128,1.0052136313683062,79.59133667360601,0.12067054082980143,-93.05891792421382,-1.1573229341274334,-38.42574417769695,0.6295741068180681,-31.76771625702256,0.2719344611720337,0.26386223729331704,0.00015748,23.178505821411992,0.00081957,0,0.0
11728,-1.6069254033093412,3.750368707680113,-1.54e-06,0.8575784558748958,2.058281372399891,33.23924099828417,1.0052136313683062,8.875801003110672,0.12067054082980143,-23.163976136256096,-1.1573229341274334,50.147905179788594,0.6295741068180681,-39.751029906703664,0.2719344611720337,4.273380951076721,0.00015748,6.754484138345198,0.00081957,0,0.0
11729,-2.920012542379036,6.375566358364196,-1.54e-06,0.8575784558748958,2.058281372399891,65.32585563051452,1.0052136313683062,36.575413130319504,0.12067054082980143,-89.60094560392653,-1.1573229341274334,92.98072869373834,0.6295741068180681,-57.1745716270222,0.2719344611720337,8.789416151118063,0.00015748,13.912068999526182,0.00081957,0,0.0
11730,-1.8189529350249236,4.089057854637861,-1.54e-06,0.8575784558748958,2.058281372399891,97.06263896322754,1.0052136313683062,53.7643393788738,0.12067054082980143,-34.32786067533768,-1.1573229341274334,-14.803943469050925,0.6295741068180681,-86.2560446877502,0.2719344611720337,4.716468979392361,0.00015748,19.999579723614506,0.00081957,0,0.0
11731,0.03554271271581233,2.400440363844434e-06,-1.54e-06,0.8575784558748958,2.058281372399891,-11.438501084885864,1.0052136313683062,14.023260843944204,0.12067054082980143,-73.50091979564554,-1.1573229341274334,50.23089622923127,0.6295741068180681,32.73800975436842,0.2719344611720337,0.4202788112071544,0.00015748,2.275088111546379,0.00081957,0,0.0
11732,-1.24614658403542,2.989443266017301,-1.54e-06,0.8575784558748958,2.058281372399891,44.09004564498932,1.0052136313683062,30.54841955948834,0.12067054082980143,-58.28702700957457,-1.1573229341274334,41.38297576234601,0.6295741068180681,-32.464443759762744,0.2719344611720337,5.112217569833184,0.00015748,10.288464511335526,0.00081957,0,0.0
11733,3.9449486439806196,11.497777183716385,-1.54e-06,0.8575784558748958,2.058281372399891,-42.49821780270001,1.0052136313683062,-1.9167413188040825,0.12067054082980143,-20.113060296546244,-1.1573229341274334,-17.218919091866375,0.6295741068180681,73.63558535994429,0.2719344611720337,-2.117213489226998,0.00015748,-0.6697638744589415,0.00081957,1,0.0
11734,4.380128686710182,9.360697001151895,-1.54e-06,0.8575784558748958,2.058281372399891,-47.95989242797015,1.0052136313683062,12.418958846159905,0.12067054082980143,-56.24857351993586,-1.1573229341274334,-17.6028548318647,0.6295741068180681,95.70562096440135,0.2719344611720337,-2.8116401185891404,0.00015748,0.22142320710891106,0.00081957,1,0.0
11735,2.105239216380242,14.275110598340383,-1.54e-06,0.8575784558748958,2.058281372399891,-46.22783105769544,1.0052136313683062,-19.01971267913187,0.12067054082980143,-12.772608042831013,-1.1573229341274334,21.394544170563364,0.6295741068180681,58.7078048709791,0.2719344611720337,-6.174914279812432,0.00015748,0.21311147820532783,0.00081957,1,0.0
11736,3.3495308192327187,5.600533628782066,-1.54e-06,0.8575784558748958,2.058281372399891,31.01640389778561,1.0052136313683062,57.07944271460377,0.12067054082980143,-53.44902180980154,-1.1573229341274334,-63.856123189223936,0.6295741068180681,18.437085078331325,0.2719344611720337,0.25430533639760267,0.00015748,14.621909864239779,0.00081957,0,0.0
11737,0.13742788503621206,13.44671630194415,-1.54e-06,0.8575784558748958,2.058281372399891,-47.29741737654114,1.0052136313683062,-19.37624221570301,0.12067054082980143,-56.793266720953795,-1.1573229341274334,76.08030247367364,0.6295741068180681,59.899205336029816,0.2719344611720337,-6.347572391423292,0.00015748,0.22998418864624437,0.00081957,1,0.0
11738,1.425104227622147,1.498948053925589,-1.54e-06,0.8575784558748958,2.058281372399891,63.60261511179616,1.0052136313683062,73.46529738786742,0.12067054082980143,-75.82435064263541,-1.1573229341274334,-54.56475961335948,0.6295741068180681,-14.463043543115544,0.2719344611720337,0.2607627941440196,0.00015748,20.51547612870901,0.00081957,0,0.0
11739,-1.373245453652416,3.2782607480586923,-1.54e-06,0.8575784558748958,2.058281372399891,32.3208544204248,1.0052136313683062,11.251825020551761,0.12067054082980143,-25.083290426157237,-1.1573229341274334,43.742474729311134,0.6295741068180681,-35.812100472567785,0.2719344611720337,4.4560637061261925,0.00015748,6.402613113291443,0.00081957,0,0.0
11740,0.9723518992818398,22.857115241903244,-1.54e-06,0.8575784558748958,2.058281372399891,-68.0389261807448,1.0052136313683062,-34.26816513072263,0.12067054082980143,-38.2131501401455,-1.1573229341274334,75.35043404513225,0.6295741068180681,76.6895716338236,0.2719344611720337,-10.848882709610567,0.00015748,0.2302955787489518,0.00081957,1,0.0
11741,-0.004167382081589288,0.09521730911263682,-1.54e-06,0.8575784558748958,2.058281372399891,48.096252435759574,1.0052136313683062,52.030313735973266,0.12067054082980143,-71.26591854272935,-1.1573229341274334,-12.831463145433457,0.6295741068180681,-15.001160349541054,0.2719344611720337,0.6742038017200382,0.00015748,14.781230352354894,0.00081957,0,0.0
11742,-0.4736268043372456,1.4312038780866225,-1.54e-06,0.8575784558748958,2.058281372399891,1.1082761094920495,1.0052136313683062,-0.07774506628024092,0.12067054082980143,-28.816627533657563,-1.1573229341274334,49.937416213069504,0.6295741068180681,-0.5168648377409025,0.2719344611720337,0.29854725636185786,0.00015748,3.9937023874530064,0.00081957,0,0.0
11743,-1.8535702393633322,4.246818424969898,-1.54e-06,0.8575784558748958,2.058281372399891,68.5673081691429,1.0052136313683062,35.9065835765254,0.12067054082980143,-41.278769555865715,-1.1573229341274334,25.87639390095237,0.6295741068180681,-63.388586484222095,0.2719344611720337,5.775293081690672,0.00015748,13.786628206161856,0.00081957,0,0.0
11744,1.9041585066078124,1.7376367780384858,-1.54e-06,0.8575784558748958,2.058281372399891,19.999414430852894,1.0052136313683062,43.88961629334011,0.12067054082980143,-59.87812753452833,-1.1573229341274334,-25.266667667592706,0.6295741068180681,17.94333888191775,0.2719344611720337,0.2619598528546323,0.00015748,10.551670296988709,0.00081957,0,0.0
11745,-0.6948619879542077,4.646112109031482,-1.54e-06,0.8575784558748958,2.058281372399891,71.74188158219772,1.0052136313683062,68.41444481556073,0.12067054082980143,-87.92244825125721,-1.1573229341274334,16.101517179025958,0.6295741068180681,-44.07782411269255,0.2719344611720337,5.696565380672003,0.00015748,18.14027635735479,0.00081957,0,0.0
11746,1.3811597840352055,18.274353841955936,-1.54e-06,0.8575784558748958,2.058281372399891,-57.17954323589638,1.0052136313683062,-26.820773669389094,0.12067054082980143,-27.88991828086955,-1.1573229341274334,52.26115302428421,0.6295741068180681,67.27180883453808,0.2719344611720337,-8.6056835065835,0.00015748,0.24216378970284058,0.00081957,1,0.0
11747,4.001422114427542,11.826796708933042,-1.54e-06,0.8575784558748958,2.058281372399891,-51.04737164322328,1.0052136313683062,17.291958067371034,0.12067054082980143,-62.58561223678982,-1.1573229341274334,-26.058009121159223,0.6295741068180681,99.9424758737235,0.2719344611720337,-5.726906435967708,0.00015748,0.24181903016689743,0.00081957,1,0.0
11748,3.7814577134167666,13.067090150603764,-1.54e-06,0.8575784558748958,2.058281372399891,-42.83407338744268,1.0052136313683062,-7.903665528945808,0.12067054082980143,-8.821081106657527,-1.1573229341274334,-14.548580933868696,0.6295741068180681,68.15602779250372,0.2719344611720337,-3.236636961963761,0.00015748,-0.10058663155262049,0.00081957,1,0.0
11749,-1.9172154245580293,4.26843623994807,-1.54e-06,0.8575784558748958,2.058281372399891,96.47055128352278,1.0052136313683062,62.07083577939862,0.12067054082980143,-66.73239986740212,-1.1573229341274334,5.658721696437597,0.6295741068180681,-76.46212790959513,0.2719344611720337,5.351422378478615,0.00015748,21.463511234486177,0.00081957,0,0.0
11750,-0.198013159262036,0.835422816679023,-1.54e-06,0.8575784558748958,2.058281372399891,53.81255560633369,1.0052136313683062,49.44119561696951,0.12067054082980143,-63.828815448767536,-1.1573229341274334,-6.134341874479141,0.6295741068180681,-25.86233170578508,0.2719344611720337,2.2783251512529645,0.00015748,14.923893732729578,0.00081957,0,0.0
11751,0.07374780243436807,6.462225480438998e-06,-1.54e-06,0.8575784558748958,2.058281372399891,-12.460614984689414,1.0052136313683062,17.852992092776233,0.12067054082980143,-87.80206169898224,-1.1573229341274334,57.539471994516035,0.6295741068180681,38.54156947531818,0.2719344611720337,0.5244974003879435,0.00015748,2.936840822889767,0.00081957,0,0.0
11752,-1.0843830035485564,3.098901422597746,-1.54e-06,0.8575784558748958,2.058281372399891,19.404364457929322,1.0052136313683062,29.09480607234533,0.12067054082980143,-95.50964514320552,-1.1573229341274334,85.4306830666428,0.6295741068180681,-1.9557889644403568,0.2719344611720337,5.697091826766766,0.00015748,7.18841260936161,0.00081957,0,0.0
11753,3.5552516515565493,7.905681719697405,-1.54e-06,0.8575784558748958,2.058281372399891,-29.682870038708458,1.0052136313683062,23.434742133790323,0.12067054082980143,-72.35769546277068,-1.1573229341274334,22.385284564946772,0.6295741068180681,69.0659361954659,0.2719344611720337,0.2886716549906052,0.00015748,4.442621661291939,0.00081957,0,0.0
11754,0.4183198319878114,0.14860445071988757,-1.54e-06,0.8575784558748958,2.058281372399891,48.22497620458152,1.0052136313683062,64.21215864048915,0.12067054082980143,-99.80996818551185,-1.1573229341274334,-10.909511438878974,0.6295741068180681,-1.6413710677424385,0.2719344611720337,0.2607767074396943,0.00015748,17.240079208969668,0.00081957,0,0.0
11755,-0.7208428425740863,2.0143734274233474,-1.54e-06,0.8575784558748958,2.058281372399891,96.68201626332959,1.0052136313683062,72.7555206300079,0.12067054082980143,-63.75028645986403,-1.1573229341274334,-36.24677934236113,0.6295741068180681,-64.58516760426046,0.2719344611720337,2.8093805398686413,0.00015748,23.595408063308128,0.00081957,0,0.0
11756,4.056206572362596,6.701972331966898,-1.54e-06,0.8575784558748958,2.058281372399891,-10.669432989414558,1.0052136313683062,37.88343901244999,0.12067054082980143,-69.21080189947754,-1.1573229341274334,-24.817770180692683,0.6295741068180681,62.348192376707814,0.2719344611720337,0.2640211169898996,0.00015748,7.532804323507031,0.00081957,0,0.0
11757,0.0019132486605260013,0.05990136086261444,-1.54e-06,0.8575784558748958,2.058281372399891,58.72528520723413,1.0052136313683062,61.22865560447144,0.12067054082980143,-77.03452649765055,-1.1573229341274334,-24.197591324604062,0.6295741068180681,-20.770976940265154,0.2719344611720337,0.2761161981330176,0.00015748,17.607042855839342,0.00081957,0,0.0
11758,-2.3614249971724983,5.197693152742382,-1.54e-06,0.8575784558748958,2.058281372399891,82.38589820116788,1.0052136313683062,30.341458195493896,0.12067054082980143,-8.800140100037213,-1.1573229341274334,9.7019885725245,0.6295741068180681,-89.45953871972918,0.2719344611720337,5.801742654415109,0.00015748,14.474916692104173,0.00081957,0,0.0
11759,-1.2501472820361323,3.0269014414505695,-1.54e-06,0.8575784558748958,2.058281372399891,73.8121503981355,1.0052136313683062,43.24225540680288,0.12067054082980143,-35.683353509692964,-1.1573229341274334,-5.071328385770065,0.6295741068180681,-61.90699315200046,0.2719344611720337,4.094566933761561,0.00015748,15.894353204637694,0.00081957,0,0.0
11760,-0.40915220814299713,1.348692208701006,-1.54e-06,0.8575784558748958,2.058281372399891,-2.1429048800439534,1.0052136313683062,1.8417702507159657,0.12067054082980143,-41.7311786424745,-1.1573229341274334,59.056197039794114,0.6295741068180681,6.707028687502159,0.2719344611720337,0.43525858729294664,0.00015748,4.140961195672724,0.00081957,0,0.0
11761,1.3699838877885402,0.9289423663469405,-1.54e-06,0.8575784558748958,2.058281372399891,10.852123215935686,1.0052136313683062,26.27224528550909,0.12067054082980143,-35.396495375527806,-1.1573229341274334,-17.129078628616686,0.6295741068180681,13.219375486682848,0.2719344611720337,0.2653377688269254,0.00015748,6.352856319585714,0.00081957,0,0.0
11762,2.8009266697967687,3.033174972076589,-1.54e-06,0.8575784558748958,2.058281372399891,2.9324296014973417,1.0052136313683062,49.06157201749971,0.12067054082980143,-95.50583137221827,-1.1573229341274334,-6.583379107619793,0.6295741068180681,50.11184473187375,0.2719344611720337,0.2582669228869321,0.00015748,10.298591223548012,0.00081957,0,0.0
11763,2.492054545287771,2.666296070546721,-1.54e-06,0.8575784558748958,2.058281372399891,-16.982656068745552,1.0052136313683062,5.334803666391884,0.12067054082980143,-7.497243381361796,-1.1573229341274334,-23.989418238245165,0.6295741068180681,36.21863754470871,0.2719344611720337,-0.44699552250985713,0.00015748,0.43172010294519375,0.00081957,1,0.0
11764,0.15656512355393742,0.6645699180188469,-1.54e-06,0.8575784558748958,2.058281372399891,-7.614869731092731,1.0052136313683062,4.99313573171546,0.12067054082980143,-44.587572607878535,-1.1573229341274334,49.13070461304877,0.6295741068180681,17.22182452302835,0.2719344611720337,0.2975560267028896,0.00015748,3.3188567705585745,0.00081957,0,0.0
11765,3.713780520754907,8.038727440923886,-1.54e-06,0.8575784558748958,2.058281372399891,-32.19596738106115,1.0052136313683062,9.790502693394501,0.12067054082980143,-17.837589582793907,-1.1573229341274334,-42.88766585133932,0.6295741068180681,64.68057725889503,0.2719344611720337,-3.02766239227418,0.00015748,0.22979044834413154,0.00081957,1,0.0
11766,4.54721033375771,9.699340859909462,-1.54e-06,0.8575784558748958,2.058281372399891,-41.44167764878945,1.0052136313683062,10.951718624208095,0.12067054082980143,-31.817029703126618,-1.1573229341274334,-37.28986294414694,0.6295741068180681,82.95587557844802,0.2719344611720337,-2.60668020498334,0.00015748,0.21652345137563156,0.00081957,1,0.0
11767,-0.24140181220277723,0.9782482310826981,-1.54e-06,0.8575784558748958,2.058281372399891,11.192197690913607,1.0052136313683062,22.55316345056529,0.12067054082980143,-74.42314659495295,-1.1573229341274334,53.21929774272092,0.6295741068180681,9.081884521710105,0.2719344611720337,3.6742807684753256,0.00015748,5.719019202306352,0.00081957,0,0.0
11768,2.2565679769756306,3.1107404972786474,-1.54e-06,0.8575784558748958,2.058281372399891,28.117031353859137,1.0052136313683062,35.745834386899055,0.12067054082980143,-5.674716197489095,-1.1573229341274334,-63.93676769010352,0.6295741068180681,-4.5353742029437685,0.2719344611720337,0.28040255900082034,0.00015748,9.405918252403012,0.00081957,0,0.0
11769,-2.412179548482821,5.265008730754784,-1.54e-06,0.8575784558748958,2.058281372399891,43.762710577084036,1.0052136313683062,8.423199115166428,0.12067054082980143,-26.353460883496407,-1.1573229341274334,66.05341837321667,0.6295741068180681,-54.882994126489805,0.2719344611720337,4.959613733509552,0.00015748,8.608499153559404,0.00081957,0,0.0
11770,0.8124551064949976,0.2927778977067481,-1.54e-06,0.8575784558748958,2.058281372399891,6.696155572136644,1.0052136313683062,29.723574839454727,0.12067054082980143,-72.70251590885532,-1.1573229341274334,13.994309811693746,0.6295741068180681,25.618915256164566,0.2719344611720337,0.2746353843018481,0.00015748,7.0841183495390405,0.00081957,0,0.0
11771,0.024993761151250293,1.6610328014694782,-1.54e-06,0.8575784558748958,2.058281372399891,24.692968892339252,1.0052136313683062,31.93853893174288,0.12067054082980143,-32.156880925274876,-1.1573229341274334,-6.080280825813869,0.6295741068180681,-13.46137955178743,0.2719344611720337,0.9078261711558686,0.00015748,6.898813298464534,0.00081957,0,0.0
11772,0.003663188180468957,0.21556378140343782,-1.54e-06,0.8575784558748958,2.058281372399891,67.96654544010957,1.0052136313683062,50.68397758671778,0.12067054082980143,-23.38064803949177,-1.1573229341274334,-56.83243209961746,0.6295741068180681,-46.278088408082375,0.2719344611720337,0.25568534156584555,0.00015748,16.414576166530885,0.00081957,0,0.0
11773,0.4509989185765515,0.2841275822829511,-1.54e-06,0.8575784558748958,2.058281372399891,36.35860946575637,1.0052136313683062,34.54955493039222,0.12067054082980143,-27.352389915943945,-1.1573229341274334,-31.01531702989748,0.6295741068180681,-16.570930093856656,0.2719344611720337,0.2564583468838171,0.00015748,10.236134350470174,0.00081957,0,0.0
11774,0.5651627343066048,0.23833970432541823,-1.54e-06,0.8575784558748958,2.058281372399891,38.7090736592633,1.0052136313683062,52.64560857395996,0.12067054082980143,-78.27815540142889,-1.1573229341274334,-13.175662309009493,0.6295741068180681,-0.43747250208190536,0.2719344611720337,0.27399225976949104,0.00015748,13.99787249276543,0.00081957,0,0.0
11775,-0.9191811463588384,2.3169477090467185,-1.54e-06,0.8575784558748958,2.058281372399891,59.777175680042916,1.0052136313683062,32.79364837266115,0.12067054082980143,-18.471586750933113,-1.1573229341274334,-9.942903409843167,0.6295741068180681,-53.278581447533995,0.2719344611720337,3.386105417078408,0.00015748,12.311109121938639,0.00081957,0,0.0
11776,0.0022350085252957896,0.21427126019622883,-1.54e-06,0.8575784558748958,2.058281372399891,88.93295689808595,1.0052136313683062,78.90453461882741,0.12067054082980143,-71.03618481397753,-1.1573229341274334,-57.51514005838233,0.6295741068180681,-46.713762711774436,0.2719344611720337,0.2662291032726589,0.00015748,23.93322328260475,0.00081957,0,0.0
11777,0.0645740340544867,2.270978924904037e-07,-1.54e-06,0.8575784558748958,2.058281372399891,-7.069041989804641,1.0052136313683062,13.08391808192459,0.12067054082980143,-59.10222476528623,-1.1573229341274334,36.566278170394845,0.6295741068180681,25.123736824309933,0.2719344611720337,0.3591461022201101,0.00015748,2.2279830609299904,0.00081957,0,0.0
11778,-3.5666739131573353,7.638512787973475,-1.54e-06,0.8575784558748958,2.058281372399891,75.64307337189132,1.0052136313683062,21.683400973588654,0.12067054082980143,-37.80675826500829,-1.1573229341274334,76.57094040397934,0.6295741068180681,-88.62251660411034,0.2719344611720337,8.222296041387612,0.00015748,13.261321233758743,0.00081957,0,0.0
11779,4.375789801084535,7.4268614472676955,-1.54e-06,0.8575784558748958,2.058281372399891,-24.45550984681807,1.0052136313683062,35.410410930371285,0.12067054082980143,-86.76838775480478,-1.1573229341274334,-7.102788330800589,0.6295741068180681,81.67010380684872,0.2719344611720337,0.2602263205708675,0.00015748,6.159535535373239,0.00081957,0,0.0
11780,0.9508133144451686,0.989373069843614,-1.54e-06,0.8575784558748958,2.058281372399891,-31.15843398069343,1.0052136313683062,6.133391157655761,0.12067054082980143,-84.45088853121919,-1.1573229341274334,55.45181929416163,0.6295741068180681,62.53066505720844,0.2719344611720337,-0.23789081670834336,0.00015748,0.24108775494379467,0.00081957,1,0.0
11781,4.674450989665148,17.75737509821429,-1.54e-06,0.8575784558748958,2.058281372399891,-56.09079758175388,1.0052136313683062,-4.7601640328106445,0.12067054082980143,-15.370502827355201,-1.1573229341274334,-22.429489939801233,0.6295741068180681,88.11931070602809,0.2719344611720337,-4.645460550945814,0.00015748,-0.9163134691011512,0.00081957,1,0.0
11782,-3.804935798972241,22.19698713778345,-1.54e-06,0.8575784558748958,2.058281372399891,4.122537365117061,1.0052136313683062,-23.666467846662304,0.12067054082980143,-1e-20,-1.1573229341274334,62.37388990640942,0.6295741068180681,-30.979337416320345,0.2719344611720337,-4.341409413072339,0.00015748,0.23489267715710138,0.00081957,1,0.0
11783,3.059575370328078,3.8280489281629495,-1.54e-06,0.8575784558748958,2.058281372399891,3.7274504351443043,1.0052136313683062,45.65759295309775,0.12067054082980143,-79.2318543214067,-1.1573229341274334,-18.934018032589798,0.6295741068180681,46.22217656200264,0.2719344611720337,0.2751283283639001,0.00015748,9.829446585205027,0.00081957,0,0.0
11784,-0.004642245736728778,0.41580550262304466,-1.54e-06,0.8575784558748958,2.058281372399891,42.13905130343201,1.0052136313683062,35.895432642296704,0.12067054082980143,-37.45728011455123,-1.1573229341274334,-13.332347997028803,0.6295741068180681,-23.254278024131434,0.2719344611720337,1.708388663059301,0.00015748,11.156143596998211,0.00081957,0,0.0
11785,-0.43391861963440004,1.350110530858949,-1.54e-06,0.8575784558748958,2.058281372399891,63.40743220639161,1.0052136313683062,62.46378918374982,0.12067054082980143,-95.4958460247712,-1.1573229341274334,8.035292191339137,0.6295741068180681,-25.62382160086743,0.2719344611720337,3.072369895097757,0.00015748,18.45241486791503,0.00081957,0,0.0
11786,-0.6525914672947326,1.809851596960386,-1.54e-06,0.8575784558748958,2.058281372399891,40.37114126829767,1.0052136313683062,17.139529287878094,0.12067054082980143,-1.1485677970234183,-1.1573229341274334,-4.61354141726267,0.6295741068180681,-41.35915686594846,0.2719344611720337,3.009822593280759,0.00015748,7.481085788057415,0.00081957,0,0.0
11787,1.7005461677161706,1.8176105384486911,-1.54e-06,0.8575784558748958,2.058281372399891,-14.22317179951114,1.0052136313683062,-0.08153602929572687,0.12067054082980143,-6.041966124777933,-1.1573229341274334,-7.935925720928971,0.6295741068180681,26.71101031367094,0.2719344611720337,-0.36139739370937857,0.00015748,0.36989926164690107,0.00081957,1,0.0
11788,-2.0791908807613577,4.644522407002796,-1.54e-06,0.8575784558748958,2.058281372399891,88.50906569692236,1.0052136313683062,56.247711013814175,0.12067054082980143,-71.24560390181485,-1.1573229341274334,24.33981210951998,0.6295741068180681,-71.10320776341457,0.2719344611720337,6.125090000985253,0.00015748,19.541792605555962,0.00081957,0,0.0
11789,-1.384055082669775,3.26408496087882,-1.54e-06,0.8575784558748958,2.058281372399891,74.18136875167625,1.0052136313683062,34.165143041749396,0.12067054082980143,-7.23129022698393,-1.1573229341274334,-15.918648934887667,0.6295741068180681,-72.87751705623968,0.2719344611720337,3.938912644008721,0.00015748,14.171273940523815,0.00081957,0,0.0
11790,-0.27336933899244553,1.0588451092076405,-1.54e-06,0.8575784558748958,2.058281372399891,4.852006675468465,1.0052136313683062,5.948294221315962,0.12067054082980143,-31.253609624128988,-1.1573229341274334,39.861490690431516,0.6295741068180681,-0.810391873997983,0.2719344611720337,1.6176245556703068,0.00015748,3.5300224922448495,0.00081957,0,0.0
11791,1.2231631275911448,1.3166423802557292,-1.54e-06,0.8575784558748958,2.058281372399891,38.38245339002604,1.0052136313683062,33.22724633379735,0.12067054082980143,-0.21249388919703252,-1.1573229341274334,-58.53684078605859,0.6295741068180681,-21.903590843489024,0.2719344611720337,0.2735969391541859,0.00015748,10.007204809051473,0.00081957,0,0.0
11792,5.7462214755621135,13.727458097988178,-1.54e-06,0.8575784558748958,2.058281372399891,-10.255508277351288,1.0052136313683062,53.02870656913545,0.12067054082980143,-77.78384450757595,-1.1573229341274334,-50.56174264458675,0.6295741068180681,76.77245889943124,0.2719344611720337,0.2554772625414623,0.00015748,10.417793785585559,0.00081957,0,0.0
11793,2.7414205694302183,20.26496465811214,-1.54e-06,0.8575784558748958,2.058281372399891,-52.986911570220315,1.0052136313683062,-28.796865491063603,0.12067054082980143,-0.23757044376880268,-1.1573229341274334,13.50979656995305,0.6295741068180681,67.16972225006661,0.2719344611720337,-7.302701678554245,0.00015748,0.2351696310671607,0.00081957,1,0.0
11794,-0.38313971332914054,1.3483910559485774,-1.54e-06,0.8575784558748958,2.058281372399891,41.580300007505805,1.0052136313683062,20.471942246691633,0.12067054082980143,-1.2319788279791772,-1.1573229341274334,-14.242752019779038,0.6295741068180681,-39.52371344443196,0.2719344611720337,2.59533698778991,0.00015748,8.16780836662451,0.00081957,0,0.0
11795,0.005732258929509015,0.00489491617535407,-1.54e-06,0.8575784558748958,2.058281372399891,-0.8372126061998452,1.0052136313683062,10.08054011032181,0.12067054082980143,-38.18014581134208,-1.1573229341274334,22.28107482542627,0.6295741068180681,12.739530333522836,0.2719344611720337,0.5722996637651949,0.00015748,2.0555504926836696,0.00081957,0,0.0
11796,0.05313484778112887,2.783536046729287e-06,-1.54e-06,0.8575784558748958,2.058281372399891,10.904878041745956,1.0052136313683062,31.70743183694456,0.12067054082980143,-81.52827466902089,-1.1573229341274334,26.997886607607757,0.6295741068180681,18.69794634977446,0.2719344611720337,0.41089861326070265,0.00015748,7.385059935612166,0.00081957,0,0.0
11797,2.444149587603778,2.124887197593681,-1.54e-06,0.8575784558748958,2.058281372399891,-14.62342261266523,1.0052136313683062,33.51634554607519,0.12067054082980143,-92.1772231144967,-1.1573229341274334,17.923256394793174,0.6295741068180681,60.08883011390043,0.2719344611720337,0.2673048131160458,0.00015748,5.920857396762826,0.00081957,0,0.0
11798,-0.20173960036685834,1.0328139233143738,-1.54e-06,0.8575784558748958,2.058281372399891,19.255668022798567,1.0052136313683062,36.560855000195026,0.12067054082980143,-99.91182213802941,-1.1573229341274334,57.104430184452546,0.6295741068180681,10.716032686531346,0.2719344611720337,3.946176551536077,0.00015748,8.973932884887928,0.00081957,0,0.0
11799,-3.276545261417551,7.0967602824916725,-1.54e-06,0.8575784558748958,2.058281372399891,81.78139308038027,1.0052136313683062,38.59870886500728,0.12067054082980143,-69.69880081254549,-1.1573229341274334,75.84503528845016,0.6295741068180681,-80.1597955342649,0.2719344611720337,8.953243663861532,0.00015748,15.887925560768831,0.00081957,0,0.0
11800,0.8487044603373713,0.09156496172192197,-1.54e-06,1.9454770056991229,3.5389961297301333,-68.09723398702677,1.0052136313683062,4.030307333137596,0.12067054082980143,-16.15042037869601,-1.1573229341274334,-63.618710605799684,0.6295741068180681,73.33307839782432,0.2719344611720337,-0.029657148812729583,0.00015748,0.029605702908734915,0.00081957,1,0.0
11801,0.4126500572853997,0.23123587314765628,-1.54e-06,1.9454770056991229,3.5389961297301333,67.72093270962688,1.0052136313683062,20.999972658187072,0.12067054082980143,-51.01613718075132,-1.1573229341274334,-56.03413637735264,0.6295741068180681,7.025427995004076,0.2719344611720337,0.11049860113275481,0.00015748,0.45857380874624787,0.00081957,0,0.0
11802,0.00040615685446609984,0.13133667233675664,-1.54e-06,1.9454770056991229,3.5389961297301333,88.53200325155298,1.0052136313683062,14.544716669818854,0.12067054082980143,-46.953157134492,-1.1573229341274334,33.13307177724085,0.6295741068180681,-26.83557597889106,0.2719344611720337,0.33714422261742377,0.00015748,0.39076283654492733,0.00081957,0,0.0
11803,0.3491288731285763,0.014292401344781332,-1.54e-06,1.9454770056991229,3.5389961297301333,-72.13618108230972,1.0052136313683062,3.0106033331613027,0.12067054082980143,-67.90587426648828,-1.1573229341274334,59.677146253177305,0.6295741068180681,72.4677213368082,0.2719344611720337,-0.022237160805144176,0.00015748,0.022458562545944524,0.00081957,1,0.0
11804,0.42353113502623907,0.1855288095862146,-1.54e-06,1.9454770056991229,3.5389961297301333,79.88166019337336,1.0052136313683062,17.13426259046949,0.12067054082980143,-76.6592907649786,-1.1573229341274334,39.682659974558334,0.6295741068180681,7.284200709634059,0.2719344611720337,0.40486127305293385,0.00015748,0.6384335757482759,0.00081957,0,0.0
11805,0.737408455956787,0.06516765445132308,-1.54e-06,1.9454770056991229,3.5389961297301333,-61.27485401321034,1.0052136313683062,7.643568911233979,0.12067054082980143,-38.16622037766119,-1.1573229341274334,-47.04654345377379,0.6295741068180681,74.71486254598256,0.2719344611720337,-0.08647195915363393,0.00015748,0.08649537395265217,0.00081957,1,0.0
11806,0.30884298164402657,0.012515092084179162,-1.54e-06,1.9454770056991229,3.5389961297301333,-17.91424808056175,1.0052136313683062,1.9737017268197612,0.12067054082980143,-2.2973881101540736,-1.1573229341274334,-35.073178309367684,0.6295741068180681,23.181283405928035,0.2719344611720337,-0.029950380021042357,0.00015748,0.030000241573386596,0.00081957,1,0.0
11807,0.6595467646423522,0.06793630324657995,-1.54e-06,1.9454770056991229,3.5389961297301333,-71.38383199780517,1.0052136313683062,0.9718713501621419,0.12067054082980143,-19.985557189921774,-1.1573229341274334,-17.486293963965778,0.6295741068180681,65.95943682469297,0.2719344611720337,-0.042413403664021326,0.00015748,0.04259949058148371,0.00081957,1,0.0
11808,0.05399497277830975,0.0013192966305839151,-1.54e-06,1.9454770056991229,3.5389961297301333,-35.00560224708039,1.0052136313683062,1.8095415333324987,0.12067054082980143,-46.342570525776026,-1.1573229341274334,56.06404957792372,0.6295741068180681,35.119516643712785,0.2719344611720337,-0.017701006509354508,0.00015748,0.01767251249711281,0.00081957,1,0.0
11809,0.002277779275479619,0.10193439226588052,-1.54e-06,1.9454770056991229,3.5389961297301333,55.61324585225463,1.0052136313683062,8.860119911584116,0.12067054082980143,-0.606585306283008,-1.1573229341274334,-51.75152531783852,0.6295741068180681,-22.608061683423582,0.2719344611720337,-0.030791945856240246,0.00015748,0.20522806421305928,0.00081957,1,0.0
11810,0.0024638607360031317,0.09719598554315802,-1.54e-06,1.9454770056991229,3.5389961297301333,2.2883172751210896,1.0052136313683062,11.677376796607561,0.12067054082980143,-76.04331957354826,-1.1573229341274334,44.55096286233278,0.6295741068180681,29.41246040358379,0.2719344611720337,-0.05819955257936393,0.00015748,0.201101107251677,0.00081957,1,0.0
11811,-0.00022220085323426675,0.02256892761451896,-1.54e-06,1.9454770056991229,3.5389961297301333,-34.83989903459299,1.0052136313683062,3.9565505855098424,0.12067054082980143,-67.49594212453255,-1.1573229341274334,80.87643684097065,0.6295741068180681,40.66320651471214,0.2719344611720337,-0.009677505830431601,0.00015748,0.04940769899302756,0.00081957,1,0.0
11812,0.00032365255422661665,0.1252569587732478,-1.54e-06,1.9454770056991229,3.5389961297301333,99.71878722803736,1.0052136313683062,12.647871003520558,0.12067054082980143,-47.09381634430596,-1.1573229341274334,78.66506088617207,0.6295741068180681,-37.80041164062138,0.2719344611720337,0.3717177207509451,0.00015748,0.6305329394541518,0.00081957,0,0.0
11813,0.0002604405075586902,0.08440098445818589,-1.54e-06,1.9454770056991229,3.5389961297301333,46.4392463599158,1.0052136313683062,7.517761678127322,0.12067054082980143,-0.9255684441393387,-1.1573229341274334,-40.78889831719688,0.6295741068180681,-19.30201807657347,0.2719344611720337,-0.014790038318530915,0.00015748,0.16954573770737402,0.00081957,1,0.0
11814,0.6299862128617477,0.041999792102923775,-1.54e-06,1.9454770056991229,3.5389961297301333,-88.32098328085206,1.0052136313683062,7.0206837708347365,0.12067054082980143,-79.60109743798817,-1.1573229341274334,29.199520131195882,0.6295741068180681,97.13792731956019,0.2719344611720337,-0.06252612391707733,0.00015748,0.06251588933577999,0.00081957,1,0.0
11815,0.38452936214504063,0.02594975296907871,-1.54e-06,1.9454770056991229,3.5389961297301333,-54.10438273028481,1.0052136313683062,8.201554342127785,0.12067054082980143,-71.70757059945788,-1.1573229341274334,22.955015152096543,0.6295741068180681,69.7835551318583,0.2719344611720337,-0.09970332330868296,0.00015748,0.09981621926789395,0.00081957,1,0.0
11816,0.9822724143733479,0.12052830589507002,-1.54e-06,1.9454770056991229,3.5389961297301333,-70.20663140960836,1.0052136313683062,5.720543875359949,0.12067054082980143,-15.01077859380319,-1.1573229341274334,-88.58724487898527,0.6295741068180681,80.47446192835137,0.2719344611720337,-0.058401929512892053,0.00015748,0.058398202049131015,0.00081957,1,0.0
11817,0.40106078129795153,0.2174979943217757,-1.54e-06,1.9454770056991229,3.5389961297301333,13.426831333798102,1.0052136313683062,20.035287236144207,0.12067054082980143,-83.42884349453574,-1.1573229341274334,-26.510679643754216,0.6295741068180681,46.5745504436756,0.2719344611720337,-0.09873270117926145,0.00015748,0.3704000337697746,0.00081957,1,0.0
11818,0.34423286140927956,0.13971785241400703,-1.54e-06,1.9454770056991229,3.5389961297301333,-1.5341225308236566,1.0052136313683062,15.879898998559693,0.12067054082980143,-57.28865255560738,-1.1573229341274334,-58.5263208716557,0.6295741068180681,43.728794383077734,0.2719344611720337,-0.2632228628761482,0.00015748,0.26370588095283604,0.00081957,1,0.0
11819,0.5811151314798788,0.054863045329344995,-1.54e-06,1.9454770056991229,3.5389961297301333,-23.070656992136477,1.0052136313683062,7.881118543012365,0.12067054082980143,-11.788112482464106,-1.1573229341274334,-82.50771103384004,0.6295741068180681,42.54760265785216,0.2719344611720337,-0.11958136660647109,0.00015748,0.11960489366931451,0.00081957,1,0.0
11820,0.19184101675143195,0.009750142483200002,-1.54e-06,1.9454770056991229,3.5389961297301333,-33.50715704183239,1.0052136313683062,5.297293144658563,0.12067054082980143,-51.13443794672082,-1.1573229341274334,25.47925219830877,0.6295741068180681,44.00816225213866,0.2719344611720337,-0.06593541752819945,0.00015748,0.06603154914426076,0.00081957,1,0.0
11821,0.08703034353576844,0.15103470815442777,-1.54e-06,1.9454770056991229,3.5389961297301333,34.52326283071302,1.0052136313683062,14.845717654327185,0.12067054082980143,-60.7547157832494,-1.1573229341274334,0.2873069128319673,0.6295741068180681,13.274410733039657,0.2719344611720337,-0.02439406460174709,0.00015748,0.2957300159943157,0.00081957,1,0.0
11822,0.12912587328523384,0.10049243926680158,-1.54e-06,1.9454770056991229,3.5389961297301333,100.0,1.0052136313683062,19.255145941016472,0.12067054082980143,-66.68718978704061,-1.1573229341274334,44.53204295132358,0.6295741068180681,-21.527100682569092,0.2719344611720337,0.4604594516855326,0.00015748,0.49756089316123997,0.00081957,0,0.0
11823,0.14963495608437558,0.011254290189941549,-1.54e-06,1.9454770056991229,3.5389961297301333,-17.53018495552458,1.0052136313683062,5.271947706679359,0.12067054082980143,-35.23342960159827,-1.1573229341274334,4.659702155631786,0.6295741068180681,29.14097187785417,0.2719344611720337,-0.07345291500932356,0.00015748,0.07398553209554858,0.00081957,1,0.0
11824,0.00239516534539308,1.097126548582927,-1.54e-06,1.9454770056991229,3.5389961297301333,60.519502859996756,1.0052136313683062,29.418497192793406,0.12067054082980143,-29.351957582865936,-1.1573229341274334,-0.3770685540077133,0.6295741068180681,-43.578678529579356,0.2719344611720337,-0.28498693207042286,0.00015748,0.7379366549286102,0.00081957,1,0.0
11825,0.20792267026573652,0.1785077062741276,-1.54e-06,1.9454770056991229,3.5389961297301333,48.64388921266491,1.0052136313683062,17.91644190755114,0.12067054082980143,-70.38978889831277,-1.1573229341274334,4.438987529255482,0.6295741068180681,13.710516434454636,0.2719344611720337,0.10740170968601517,0.00015748,0.3823854301673688,0.00081957,0,0.0
11826,0.0007841301656131838,0.1441515633109218,-1.54e-06,1.9454770056991229,3.5389961297301333,70.39900180755698,1.0052136313683062,12.919201181308164,0.12067054082980143,-34.46002195468544,-1.1573229341274334,1.0412496534708964,0.6295741068180681,-20.10729681721652,0.2719344611720337,0.16371898896768644,0.00015748,0.3101973298703319,0.00081957,0,0.0
11827,0.35544290542924983,0.19972943500862483,-1.54e-06,1.9454770056991229,3.5389961297301333,3.8256382702533727,1.0052136313683062,18.76099811481573,0.12067054082980143,-67.9175733722122,-1.1573229341274334,-63.69919745973792,0.6295741068180681,46.86311975120158,0.2719344611720337,-0.2995814367791022,0.00015748,0.3167353294025733,0.00081957,1,0.0
11828,0.011458974895336482,0.010405852608777865,-1.54e-06,1.9454770056991229,3.5389961297301333,-26.195257598548135,1.0052136313683062,5.035506469945272,0.12067054082980143,-58.970430078662496,-1.1573229341274334,53.08157720285874,0.6295741068180681,35.69825358185589,0.2719344611720337,-0.06314102482791213,0.00015748,0.06312191186274309,0.00081957,1,0.0
11829,0.10726335054270651,0.0019035299790656948,-1.54e-06,1.9454770056991229,3.5389961297301333,-36.7623161783105,1.0052136313683062,1.5659932286702607,0.12067054082980143,-41.63633267445798,-1.1573229341274334,46.724863585360154,0.6295741068180681,36.35813131490687,0.2719344611720337,-0.016064144392348025,0.00015748,0.01596732300047534,0.00081957,1,0.0
11830,0.22990381992715117,0.14559876990060933,-1.54e-06,1.9454770056991229,3.5389961297301333,-10.999013517976815,1.0052136313683062,4.782304000105958,0.12067054082980143,-59.05397602089023,-1.1573229341274334,21.165468874786548,0.6295741068180681,44.199448018009285,0.2719344611720337,-0.07674541699632528,0.00015748,0.23331515471027311,0.00081957,1,0.0
11831,0.2509911476713108,0.21229288109095135,-1.54e-06,1.9454770056991229,3.5389961297301333,75.6171709619954,1.0052136313683062,18.112597471031805,0.12067054082980143,-23.695075469412156,-1.1573229341274334,-81.11425225182995,0.6295741068180681,-12.134071999938277,0.2719344611720337,0.0034527453449054446,0.00015748,0.39274963567164234,0.00081957,0,0.0
11832,0.2038296484402179,0.13268069679528116,-1.54e-06,1.9454770056991229,3.5389961297301333,100.0,1.0052136313683062,20.218402227176554,0.12067054082980143,-58.0343363314273,-1.1573229341274334,9.49329903610136,0.6295741068180681,-19.53628009206851,0.2719344611720337,0.38714940116346,0.00015748,0.4960524291642782,0.00081957,0,0.0
11833,0.27221028413888637,0.04596963244511898,-1.54e-06,1.9454770056991229,3.5389961297301333,-28.000846316702827,1.0052136313683062,10.35655268823089,0.12067054082980143,-64.36464241739486,-1.1573229341274334,2.0183008131858777,0.6295741068180681,51.97768472786642,0.2719344611720337,-0.1507758640679655,0.00015748,0.1512104284781769,0.00081957,1,0.0
11834,0.32211776882435894,0.23403978319670082,-1.54e-06,1.9454770056991229,3.5389961297301333,24.62909261899063,1.0052136313683062,7.317081816589043,0.12067054082980143,-55.16419641276831,-1.1573229341274334,43.98311822919353,0.6295741068180681,22.33110737884031,0.2719344611720337,0.18983833818423154,0.00015748,0.40713680683571796,0.00081957,0,0.0
11835,0.23378046373754294,0.035482661100908496,-1.54e-06,1.9454770056991229,3.5389961297301333,-20.12780653860914,1.0052136313683062,8.785965732143799,0.12067054082980143,-50.578115476621676,-1.1573229341274334,-5.572802622157211,0.6295741068180681,41.34831890441714,0.2719344611720337,-0.13181033023618532,0.00015748,0.13259660566997794,0.00081957,1,0.0
11836,0.29074097475868876,0.1112086851879269,-1.54e-06,1.9454770056991229,3.5389961297301333,-10.279193439355607,1.0052136313683062,15.074551784906411,0.12067054082980143,-65.690980944248,-1.1573229341274334,-30.76108578677043,0.6295741068180681,46.87818560528449,0.2719344611720337,-0.23148427166790228,0.00015748,0.23430922935030926,0.00081957,1,0.0
11837,0.2505079954830695,0.02377753491042971,-1.54e-06,1.9454770056991229,3.5389961297301333,-16.817021017885086,1.0052136313683062,6.907525518952361,0.12067054082980143,-34.41766450314218,-1.1573229341274334,-17.98794972508729,0.6295741068180681,33.9649304222708,0.2719344611720337,-0.10559993798811945,0.00015748,0.10592669636386032,0.00081957,1,0.0
11838,0.0010485590206923412,0.12338739454980632,-1.54e-06,1.9454770056991229,3.5389961297301333,31.1969891644168,1.0052136313683062,12.185777212928043,0.12067054082980143,-56.79972386018112,-1.1573229341274334,20.59403934501767,0.6295741068180681,8.366517977388902,0.2719344611720337,0.015039918948855202,0.00015748,0.24538106184648895,0.00081957,0,0.0
11839,0.0006775310730821604,0.19817575881530097,-1.54e-06,1.9454770056991229,3.5389961297301333,20.154783553677575,1.0052136313683062,8.929878445330417,0.12067054082980143,-40.266974252543214,-1.1573229341274334,67.64030876518146,0.6295741068180681,-4.855312698057214,0.2719344611720337,0.058408131701712385,0.00015748,0.3502415746039371,0.00081957,0,0.0
11840,0.8619196880434561,0.1294450176689638,-1.54e-06,1.9454770056991229,3.5389961297301333,-50.67134703622997,1.0052136313683062,14.671573201419596,0.12067054082980143,-41.10315424835727,-1.1573229341274334,-91.54182601814385,0.6295741068180681,76.12765342975077,0.2719344611720337,-0.18806923884383842,0.00015748,0.18854461175543835,0.00081957,1,0.0
11841,0.5039461653495536,0.17762323111589615,-1.54e-06,1.9454770056991229,3.5389961297301333,79.83225582528972,1.0052136313683062,25.003995245679295,0.12067054082980143,-86.12555632928992,-1.1573229341274334,2.335621184299713,0.6295741068180681,13.437076792073162,0.2719344611720337,0.38625124001084166,0.00015748,0.5702271692048856,0.00081957,0,0.0
11842,0.3372753442156128,0.023949168593869273,-1.54e-06,1.9454770056991229,3.5389961297301333,-41.680652860143525,1.0052136313683062,7.603924173622116,0.12067054082980143,-59.009917407721524,-1.1573229341274334,9.812964578555338,0.6295741068180681,57.6967359350595,0.2719344611720337,-0.099703397382849,0.00015748,0.09971607204995436,0.00081957,1,0.0
11843,0.13563839916396084,0.004724756995468306,-1.54e-06,1.9454770056991229,3.5389961297301333,-16.97712007757314,1.0052136313683062,3.2715320787807447,0.12067054082980143,-25.813744682245385,-1.1573229341274334,4.842114024270903,0.6295741068180681,24.333409288932128,0.2719344611720337,-0.044681500896677044,0.00015748,0.044908200352052195,0.00081957,1,0.0
11844,0.8580556402505884,0.24777370485679473,-1.54e-06,1.9454770056991229,3.5389961297301333,-54.218008340286204,1.0052136313683062,14.001486945853223,0.12067054082980143,-75.94341813651974,-1.1573229341274334,-2.0773573225101796,0.6295741068180681,85.40748363623159,0.2719344611720337,0.08780120695813759,0.00015748,0.23421969175179153,0.00081957,0,0.0
11845,0.7004475516999229,0.38550003553174667,-1.54e-06,1.9454770056991229,3.5389961297301333,46.77737044242463,1.0052136313683062,9.683592253816599,0.12067054082980143,-26.32122614866807,-1.1573229341274334,-48.934678625608775,0.6295741068180681,20.99140247459929,0.2719344611720337,0.1841554108093733,0.00015748,0.5351660085494201,0.00081957,0,0.0
11846,0.6344367025752391,0.06719935808074345,-1.54e-06,1.9454770056991229,3.5389961297301333,-43.94375685185552,1.0052136313683062,10.23970985184598,0.12067054082980143,-45.79291446920972,-1.1573229341274334,-52.08081512264159,0.6295741068180681,67.69046169149196,0.2719344611720337,-0.14547928513400787,0.00015748,0.14565666131659127,0.00081957,1,0.0
11847,0.4807897487554814,0.07098162245094419,-1.54e-06,1.9454770056991229,3.5389961297301333,-9.48617401375275,1.0052136313683062,10.78217520619959,0.12067054082980143,-21.66951609687514,-1.1573229341274334,-81.99574399224939,0.6295741068180681,37.10796697687801,0.2719344611720337,-0.17336251358109514,0.00015748,0.17274333190844945,0.00081957,1,0.0
11848,0.0026007233076446867,0.08221216034229438,-1.54e-06,1.9454770056991229,3.5389961297301333,27.39795866455704,1.0052136313683062,4.756304635668329,0.12067054082980143,-13.06613120058263,-1.1573229341274334,3.143791155107291,0.6295741068180681,-8.187742435727849,0.2719344611720337,0.07981405297892775,0.00015748,0.11865237040491887,0.00081957,0,0.0
11849,0.013554788875765444,0.03100799270709682,-1.54e-06,1.9454770056991229,3.5389961297301333,-20.213906734291857,1.0052136313683062,7.629527648859913,0.12067054082980143,-68.23235281158031,-1.1573229341274334,44.817833365245185,0.6295741068180681,38.344265403414475,0.2719344611720337,-0.11323114758973138,0.00015748,0.11328470246297603,0.00081957,1,0.0
11850,0.2930960838721856,0.04114878539859043,-1.54e-06,1.9454770056991229,3.5389961297301333,5.45269036239012,1.0052136313683062,7.881181029622565,0.12067054082980143,-8.289342189848911,-1.1573229341274334,-69.3749601700909,0.6295741068180681,16.86628565299748,0.2719344611720337,-0.13814411788689543,0.00015748,0.13840529504956176,0.00081957,1,0.0
11851,0.00048417063304889707,0.16887326980008172,-1.54e-06,1.9454770056991229,3.5389961297301333,36.12587625037733,1.0052136313683062,9.021842143418832,0.12067054082980143,-50.27736367191172,-1.1573229341274334,77.83183361406434,0.6295741068180681,-5.794131051256668,0.2719344611720337,0.18373897996520738,0.00015748,0.36584688127019827,0.00081957,0,0.0
11852,0.2533116315921261,0.06831656724166939,-1.54e-06,1.9454770056991229,3.5389961297301333,18.69571760492811,1.0052136313683062,10.02974599348489,0.12067054082980143,-8.827262797811022,-1.1573229341274334,-82.30112509309512,0.6295741068180681,10.519555200407051,0.2719344611720337,-0.17979319645240452,0.00015748,0.18229756050826115,0.00081957,1,0.0
11853,0.8000119683399455,0.11292931640712223,-1.54e-06,1.9454770056991229,3.5389961297301333,-75.2746411026433,1.0052136313683062,-0.282151229557792,0.12067054082980143,-1.4638490719651371,-1.1573229341274334,-44.71102123319524,0.6295741068180681,65.83833863454626,0.2719344611720337,-0.06526341973796153,0.00015748,0.06555640313186249,0.00081957,1,0.0
11854,0.002338488085451229,0.14325615087562404,-1.54e-06,1.9454770056991229,3.5389961297301333,73.03711591778011,1.0052136313683062,11.969996582188202,0.12067054082980143,-14.585022295969903,-1.1573229341274334,-36.20213036653961,0.6295741068180681,-26.6258139164489,0.2719344611720337,0.06484543391209997,0.00015748,0.2872364364296393,0.00081957,0,0.0
11855,0.33583447838346925,0.10911339359649036,-1.54e-06,1.9454770056991229,3.5389961297301333,-84.41323301260412,1.0052136313683062,-7.488943680842394,0.12067054082980143,-23.30750336846814,-1.1573229341274334,73.39556644022728,0.6295741068180681,55.91385029334887,0.2719344611720337,-0.1819440012846188,0.00015748,0.18095216915209056,0.00081957,1,0.0
11856,0.011483976466890589,0.13866893528905702,-1.54e-06,1.9454770056991229,3.5389961297301333,96.03904348531387,1.0052136313683062,15.295441358552633,0.12067054082980143,-37.555155832848925,-1.1573229341274334,8.020225160826973,0.6295741068180681,-32.122141431197115,0.2719344611720337,0.2949551884018736,0.00015748,0.39717481385790265,0.00081957,0,0.0
11857,0.00026554421307672764,0.09385319383840163,-1.54e-06,1.9454770056991229,3.5389961297301333,-8.721969159525553,1.0052136313683062,-0.31153006074369344,0.12067054082980143,-23.209580918333977,-1.1573229341274334,59.804845442785016,0.6295741068180681,8.46111581591177,0.2719344611720337,-0.0028434282270909106,0.00015748,0.17738540882375192,0.00081957,1,0.0
11858,0.537585091516324,0.2696884014662983,-1.54e-06,1.9454770056991229,3.5389961297301333,-7.369833653443245,1.0052136313683062,8.854914296758071,0.12067054082980143,-74.55204577289842,-1.1573229341274334,21.10193359014836,0.6295741068180681,58.557418993359384,0.2719344611720337,0.07893887410927578,0.00015748,0.3676107673290371,0.00081957,0,0.0
11859,0.7382660089111341,0.8771285087566938,-1.54e-06,1.9454770056991229,3.5389961297301333,-6.860523866414315,1.0052136313683062,-8.31233416976093,0.12067054082980143,-13.715269345372205,-1.1573229341274334,21.292403122298555,0.6295741068180681,44.57477791170859,0.2719344611720337,-0.05147679841358188,0.00015748,0.7202964411688028,0.00081957,1,0.0
11860,0.671792736756569,0.06374104603574597,-1.54e-06,1.9454770056991229,3.5389961297301333,-31.484035723180188,1.0052136313683062,7.5395549664606945,0.12067054082980143,-9.508766624500971,-1.1573229341274334,-88.36529035453594,0.6295741068180681,48.7638677742823,0.2719344611720337,-0.106732589173753,0.00015748,0.1066261838408763,0.00081957,1,0.0
11861,0.0012206211920993137,0.10043623748625342,-1.54e-06,1.9454770056991229,3.5389961297301333,49.26802249577967,1.0052136313683062,9.344591850443352,0.12067054082980143,-9.311879350411457,-1.1573229341274334,-43.31482210463888,0.6295741068180681,-16.236535466517786,0.2719344611720337,-0.04850469246329164,0.00015748,0.20550794717190407,0.00081957,1,0.0
11862,0.20779340265491858,0.0406088837178313,-1.54e-06,1.9454770056991229,3.5389961297301333,6.920998343941123,1.0052136313683062,7.703983411737665,0.12067054082980143,-16.574388069097665,-1.1573229341274334,-51.83454024439929,0.6295741068180681,16.226988504332272,0.2719344611720337,-0.14193807973358474,0.00015748,0.14208449210817287,0.00081957,1,0.0
11863,0.010357794585187596,0.09560674110358997,-1.54e-06,1.9454770056991229,3.5389961297301333,-11.469705065309451,1.0052136313683062,12.724099937163457,0.12067054082980143,-87.800539221719,-1.1573229341274334,37.09318955119702,0.6295741068180681,43.68496883698334,0.2719344611720337,-0.19327752622842093,0.00015748,0.2024290418906533,0.00081957,1,0.0
11864,0.11925038085010586,0.14993408843501188,-1.54e-06,1.9454770056991229,3.5389961297301333,90.9210453094339,1.0052136313683062,17.128205593805017,0.12067054082980143,-45.4846266942043,-1.1573229341274334,0.8966939821980903,0.6295741068180681,-21.902123938392712,0.2719344611720337,0.28997694645263483,0.00015748,0.42596266224166646,0.00081957,0,0.0
11865,0.33839090111956704,0.08476796935892893,-1.54e-06,1.9454770056991229,3.5389961297301333,-12.780432925176317,1.0052136313683062,12.822930066991697,0.12067054082980143,-53.864819433593375,-1.1573229341274334,-39.07474791158329,0.6295741068180681,45.61862552730507,0.2719344611720337,-0.20344769301883708,0.00015748,0.20509719877756322,0.00081957,1,0.0
11866,1.0895179635021586,1.2145523381591063,-1.54e-06,1.9454770056991229,3.5389961297301333,-13.945339068267792,1.0052136313683062,-7.039364241009688,0.12067054082980143,-14.096337576981325,-1.1573229341274334,-41.73014180886977,0.6295741068180681,70.4680469136943,0.2719344611720337,-0.1250965174145196,0.00015748,0.782088883871529,0.00081957,1,0.0
11867,0.4301290839882384,0.032167108859000135,-1.54e-06,1.9454770056991229,3.5389961297301333,-61.1678835387043,1.0052136313683062,0.1782419178573615,0.12067054082980143,-28.91073172814453,-1.1573229341274334,16.20270393828845,0.6295741068180681,55.230821492328836,0.2719344611720337,-0.042448188101854356,0.00015748,0.042631770233940755,0.00081957,1,0.0
11868,0.03543127621059328,0.2892114502591242,-1.54e-06,1.9454770056991229,3.5389961297301333,99.7387882154751,1.0052136313683062,26.55188004929189,0.12067054082980143,-52.54880781531843,-1.1573229341274334,-36.40518405956859,0.6295741068180681,-28.557806649181373,0.2719344611720337,0.04493522543194911,0.00015748,0.5052576135867561,0.00081957,0,0.0
11869,0.04720651690764299,0.0581315718018868,-1.54e-06,1.9454770056991229,3.5389961297301333,10.00797717936283,1.0052136313683062,9.55256109681974,0.12067054082980143,-37.690282167812875,-1.1573229341274334,-18.504146997136807,0.6295741068180681,15.779807948927031,0.2719344611720337,-0.1610796043419255,0.00015748,0.16283726911136634,0.00081957,1,0.0
11870,0.18161604676760443,0.04244491706167518,-1.54e-06,1.9454770056991229,3.5389961297301333,-58.935114560131744,1.0052136313683062,-4.066450580510545,0.12067054082980143,-25.316118228344408,-1.1573229341274334,64.17475094920464,0.6295741068180681,39.620111567899855,0.2719344611720337,-0.12225623691624779,0.00015748,0.12249402032631701,0.00081957,1,0.0
11871,0.35587225933986283,0.046316096616670965,-1.54e-06,1.9454770056991229,3.5389961297301333,5.566074966427833,1.0052136313683062,8.28418776897677,0.12067054082980143,-2.3256377194981535,-1.1573229341274334,-84.30769923350113,0.6295741068180681,17.011575835889506,0.2719344611720337,-0.14140346223008562,0.00015748,0.1414292065533023,0.00081957,1,0.0
11872,0.3142334688805422,0.05753559513169193,-1.54e-06,1.9454770056991229,3.5389961297301333,0.1823634407519133,1.0052136313683062,9.741668676304691,0.12067054082980143,-23.819495424533514,-1.1573229341274334,-61.78660064244306,0.6295741068180681,26.81064473743253,0.2719344611720337,-0.16644000310714313,0.00015748,0.16699764040220344,0.00081957,1,0.0
11873,0.24789944875719266,0.011222750574958711,-1.54e-06,1.9454770056991229,3.5389961297301333,-40.809573240323544,1.0052136313683062,5.744929269503295,0.12067054082980143,-55.58776393086176,-1.1573229341274334,26.52158547434862,0.6295741068180681,51.0712256391372,0.2719344611720337,-0.06697408111011766,0.00015748,0.06709486472948822,0.00081957,1,0.0
11874,0.4839159554941119,0.22452116543088407,-1.54e-06,1.9454770056991229,3.5389961297301333,-7.38194978110927,1.0052136313683062,20.52656211643486,0.12067054082980143,-97.93893761895417,-1.1573229341274334,-22.217380925861434,0.6295741068180681,66.37801832410457,0.2719344611720337,-0.15871017238157908,0.00015748,0.362771051091109,0.00081957,1,0.0
11875,0.42416194385439976,0.24024846157826615,-1.54e-06,1.9454770056991229,3.5389961297301333,45.911166302513955,1.0052136313683062,22.307318255320457,0.12067054082980143,-76.13099499067663,-1.1573229341274334,-33.65370810542935,0.6295741068180681,27.762064810632655,0.2719344611720337,0.045922264054499645,0.00015748,0.4529636027410586,0.00081957,0,0.0
11876,0.0698789098801508,0.0025664117828569284,-1.54e-06,1.9454770056991229,3.5389961297301333,-40.616642262086685,1.0052136313683062,3.22448657712643,0.12067054082980143,-59.091835436772136,-1.1573229341274334,64.59625044972229,0.6295741068180681,43.40416148791832,0.2719344611720337,-0.029933746794208294,0.00015748,0.03002135474024592,0.00081957,1,0.0
11877,0.11571601007806698,0.0754813867868736,-1.54e-06,1.9454770056991229,3.5389961297301333,99.90118240820742,1.0052136313683062,20.964350077901933,0.12067054082980143,-84.02779628961599,-1.1573229341274334,61.78279380295764,0.6295741068180681,-15.152743161170807,0.2719344611720337,0.4735166913179364,0.00015748,0.5293983703260708,0.00081957,0,0.0
11878,0.3713346884271025,0.08437368589121699,-1.54e-06,1.9454770056991229,3.5389961297301333,-49.95964782736307,1.0052136313683062,10.251006714261438,0.12067054082980143,-95.85751631659589,-1.1573229341274334,26.060230797789583,0.6295741068180681,82.06917968694101,0.2719344611720337,-0.1861844186408262,0.00015748,0.1887689272885686,0.00081957,1,0.0
11879,0.3317693895980226,0.2277625178806173,-1.54e-06,1.9454770056991229,3.5389961297301333,59.64696467244699,1.0052136313683062,19.73738266230378,0.12067054082980143,-47.83551785343574,-1.1573229341274334,-62.037838894681514,0.6295741068180681,8.165250430164749,0.2719344611720337,-0.0015210968600030128,0.00015748,0.41704899386158223,0.00081957,1,0.0
11880,0.15689039533951793,0.051238631844656365,-1.54e-06,1.9454770056991229,3.5389961297301333,-60.238006484466275,1.0052136313683062,-5.760922519202416,0.12067054082980143,-23.916984404920687,-1.1573229341274334,71.69498151609844,0.6295741068180681,39.13537689519071,0.2719344611720337,-0.13496178383431578,0.00015748,0.13505255795962295,0.00081957,1,0.0
11881,0.02734201727500868,0.026746262304281884,-1.54e-06,1.9454770056991229,3.5389961297301333,-17.548008630741684,1.0052136313683062,7.395414013151807,0.12067054082980143,-60.598429505931335,-1.1573229341274334,35.72835506462683,0.6295741068180681,34.36329272063277,0.2719344611720337,-0.10747875317280017,0.00015748,0.10749589636686382,0.00081957,1,0.0
11882,0.0004079741302411566,0.20828274002285233,-1.54e-06,1.9454770056991229,3.5389961297301333,41.96367636412815,1.0052136313683062,2.8852171291561364,0.12067054082980143,-22.8156028815448,-1.1573229341274334,68.91912063322563,0.6295741068180681,-17.663576009584006,0.2719344611720337,0.13819493352714998,0.00015748,0.43295117906200775,0.00081957,0,0.0
11883,0.022921921514459154,0.060154246016454006,-1.54e-06,1.9454770056991229,3.5389961297301333,100.0,1.0052136313683062,20.24684340726606,0.12067054082980143,-88.13072158472562,-1.1573229341274334,81.62709022359437,0.6295741068180681,-18.32038774085666,0.2719344611720337,0.48371559977831735,0.00015748,0.5176151162395484,0.00081957,0,0.0
11884,0.6222997656607376,0.0459582769661065,-1.54e-06,1.9454770056991229,3.5389961297301333,-54.12289034520307,1.0052136313683062,5.515681424256946,0.12067054082980143,-32.01488299331393,-1.1573229341274334,-35.569145321997325,0.6295741068180681,64.31030896137432,0.2719344611720337,-0.06118066575676778,0.00015748,0.06089701852482174,0.00081957,1,0.0
11885,0.06426807246669601,0.014930063035530825,-1.54e-06,1.9454770056991229,3.5389961297301333,-49.61734640729282,1.0052136313683062,-1.9504936055542792,0.12067054082980143,-40.19052150482441,-1.1573229341274334,76.77933130059749,0.6295741068180681,37.548121873777546,0.2719344611720337,-0.07787577285694561,0.00015748,0.07797124066660718,0.00081957,1,0.0
11886,0.17250124515810827,0.02474434122700816,-1.54e-06,1.9454770056991229,3.5389961297301333,-38.62620508200948,1.0052136313683062,-3.381284867630026,0.12067054082980143,-8.02264385329104,-1.1573229341274334,29.039833154247408,0.6295741068180681,25.131318023934515,0.2719344611720337,-0.08556927842448793,0.00015748,0.08549606856459248,0.00081957,1,0.0
11887,0.06905082448462962,0.1492861887318379,-1.54e-06,1.9454770056991229,3.5389961297301333,41.82340413352404,1.0052136313683062,15.14804970234519,0.12067054082980143,-5.1932167499719375,-1.1573229341274334,-85.2973828706886,0.6295741068180681,-13.799563645807483,0.2719344611720337,-0.23131968333781686,0.00015748,0.23219084149236882,0.00081957,1,0.0
11888,0.06779623838580034,0.03721322135682609,-1.54e-06,1.9454770056991229,3.5389961297301333,-37.258161613420796,1.0052136313683062,7.802937883205006,0.12067054082980143,-89.5592418661267,-1.1573229341274334,68.63608817641608,0.6295741068180681,57.19484960354128,0.2719344611720337,-0.10922123974541702,0.00015748,0.11860585737642991,0.00081957,1,0.0
11889,0.6510507591887141,0.3454167214960734,-1.54e-06,1.9454770056991229,3.5389961297301333,80.12971027469996,1.0052136313683062,16.242924281419516,0.12067054082980143,-87.37241018797555,-1.1573229341274334,31.420787582041307,0.6295741068180681,25.62643293749547,0.2719344611720337,0.3567921774782558,0.00015748,0.8381388958934706,0.00081957,0,0.0
11890,0.25297133584679876,0.027950342101299,-1.54e-06,1.9454770056991229,3.5389961297301333,-82.05005905834857,1.0052136313683062,-1.0277505859506584,0.12067054082980143,-65.68628757530571,-1.1573229341274334,95.85746070880339,0.6295741068180681,69.68539149987845,0.2719344611720337,-0.08321187902540692,0.00015748,0.08307096882379342,0.00081957,1,0.0
11891,0.08887311704722185,0.0024294075090671285,-1.54e-06,1.9454770056991229,3.5389961297301333,-24.698273278317856,1.0052136313683062,2.347095209399569,0.12067054082980143,-35.748826409924156,-1.1573229341274334,29.78243498111101,0.6295741068180681,29.21368643284066,0.2719344611720337,-0.025612756847702523,0.00015748,0.026167236481413895,0.00081957,1,0.0
11892,0.715434689705213,0.2059346814732641,-1.54e-06,1.9454770056991229,3.5389961297301333,-42.04441533136746,1.0052136313683062,21.637531361316,0.12067054082980143,-89.12840306893774,-1.1573229341274334,-65.04214594590343,0.6295741068180681,88.03365530953339,0.2719344611720337,-0.3081767906144486,0.00015748,0.3068528849506045,0.00081957,1,0.0
11893,0.674245716861984,0.10162907120449634,-1.54e-06,1.9454770056991229,3.5389961297301333,-36.261990808398345,1.0052136313683062,14.095465196072094,0.12067054082980143,-46.853112328168045,-1.1573229341274334,-73.77679184309723,0.6295741068180681,65.84090371826036,0.2719344611720337,-0.19570677348697568,0.00015748,0.19620469244338296,0.00081957,1,0.0
11894,0.599613429452819,0.2584536322631011,-1.54e-06,1.9454770056991229,3.5389961297301333,73.93083461823726,1.0052136313683062,25.807842963717164,0.12067054082980143,-71.54164094355141,-1.1573229341274334,-52.05815430752299,0.6295741068180681,18.2533069835027,0.2719344611720337,0.21733051469833345,0.00015748,0.5641644763611225,0.00081957,0,0.0
11895,0.23210095366767058,0.1450245441632221,-1.54e-06,1.9454770056991229,3.5389961297301333,8.032739634044308,1.0052136313683062,15.58171608048631,0.12067054082980143,-56.62072769599856,-1.1573229341274334,-50.59473326514009,0.6295741068180681,34.67094198385455,0.2719344611720337,-0.2656862177322471,0.00015748,0.2665605330339841,0.00081957,1,0.0
11896,0.13091342602072664,0.11475636470268172,-1.54e-06,1.9454770056991229,3.5389961297301333,7.202589372556803,1.0052136313683062,13.544107355819305,0.12067054082980143,-57.666217024115184,-1.1573229341274334,-26.74304592300549,0.6295741068180681,30.37921480770005,0.2719344611720337,-0.22991244967817598,0.00015748,0.23388394716339683,0.00081957,1,0.0
11897,0.5253867308542178,0.17807080184221707,-1.54e-06,1.9454770056991229,3.5389961297301333,99.96190718762888,1.0052136313683062,26.274280376654335,0.12067054082980143,-70.80058531818088,-1.1573229341274334,-26.988476564123086,0.6295741068180681,-0.5811221544681765,0.2719344611720337,0.3980742518337062,0.00015748,0.6090539332734014,0.00081957,0,0.0
11898,1.1275275251292243,0.4401229599639481,-1.54e-06,1.9454770056991229,3.5389961297301333,83.50607626249861,1.0052136313683062,27.035787211906865,0.12067054082980143,-79.86402992124455,-1.1573229341274334,-82.61747897961668,0.6295741068180681,42.754776264262894,0.2719344611720337,0.35792812356675624,0.00015748,0.8178830131803716,0.00081957,0,0.0
11899,2.3962797788268375e-05,0.11172122039957144,-1.54e-06,1.9454770056991229,3.5389961297301333,42.12327420654824,1.0052136313683062,6.885302760495414,0.12067054082980143,-20.47162569180617,-1.1573229341274334,4.764040045443457,0.6295741068180681,-11.804063125562857,0.2719344611720337,0.10934697786354097,0.00015748,0.1902328004626459,0.00081957,0,0.0
11900,0.4519758194155886,0.1536946754563544,-1.54e-06,1.8245104092038358,3.4333385372646403,72.26888391062924,1.0052136313683062,20.794163816640424,0.12067054082980143,-55.596660676882884,-1.1573229341274334,-8.35382386621567,0.6295741068180681,-0.894609539602918,0.2719344611720337,0.42645372588544533,0.00015748,0.5824052859344147,0.00081957,0,0.0
11901,0.34317186601089517,0.04150686812564921,-1.54e-06,1.8245104092038358,3.4333385372646403,-74.095403787927,1.0052136313683062,-0.966745298077526,0.12067054082980143,-58.11816413015447,-1.1573229341274334,75.44905770010081,0.6295741068180681,67.36229704794387,0.2719344611720337,-0.08855264130802142,0.00015748,0.08843924761030016,0.00081957,1,0.0
11902,0.03533662271247083,0.001788652852967825,-1.54e-06,1.8245104092038358,3.4333385372646403,-11.283794943770804,1.0052136313683062,2.1146730525395396,0.12067054082980143,-21.18013578839848,-1.1573229341274334,16.627576266660192,0.6295741068180681,14.647810911064148,0.2719344611720337,-0.027857566719506274,0.00015748,0.028205492076755642,0.00081957,1,0.0
11903,0.10685292298278737,0.07244375523719325,-1.54e-06,1.8245104092038358,3.4333385372646403,-53.71181210102444,1.0052136313683062,-5.913908212447626,0.12067054082980143,-26.172910306214124,-1.1573229341274334,79.38758216309526,0.6295741068180681,34.702206714922795,0.2719344611720337,-0.17259157086836613,0.00015748,0.17279276375940544,0.00081957,1,0.0
11904,0.7241324183197114,0.0704022965829409,-1.54e-06,1.8245104092038358,3.4333385372646403,-46.54035539592795,1.0052136313683062,6.97501491483734,0.12067054082980143,-26.72523491007304,-1.1573229341274334,-51.989724692929514,0.6295741068180681,61.20289313854904,0.2719344611720337,-0.09669689987218522,0.00015748,0.09669620213543473,0.00081957,1,0.0
11905,0.5317349520592974,0.2472668650633325,-1.54e-06,1.8245104092038358,3.4333385372646403,-5.424106220555594,1.0052136313683062,18.516609518876795,0.12067054082980143,-53.83941927066411,-1.1573229341274334,-81.98764764785544,0.6295741068180681,49.882982629056876,0.2719344611720337,-0.339374580375112,0.00015748,0.35088307045763806,0.00081957,1,0.0
11906,0.12092246904888035,0.020661991144807275,-1.54e-06,1.8245104092038358,3.4333385372646403,9.972182240229898,1.0052136313683062,4.518708951807153,0.12067054082980143,-0.0479518975661832,-1.1573229341274334,-41.02926434952455,0.6295741068180681,2.3196234518484418,0.2719344611720337,-0.10045480096963699,0.00015748,0.10033660015048002,0.00081957,1,0.0
11907,0.9148037991420291,0.805109281385959,-1.54e-06,1.8245104092038358,3.4333385372646403,-19.19006886654716,1.0052136313683062,0.17645661785581027,0.12067054082980143,-54.95301620277448,-1.1573229341274334,39.16259313596733,0.6295741068180681,66.16645862300749,0.2719344611720337,0.0981463189359793,0.00015748,0.755216691998243,0.00081957,0,0.0
11908,0.02281753471825708,0.004538024969862167,-1.54e-06,1.8245104092038358,3.4333385372646403,-20.29950301904353,1.0052136313683062,-1.0958138913791615,0.12067054082980143,-17.988167938592973,-1.1573229341274334,34.66491735318149,0.6295741068180681,15.994078022775627,0.2719344611720337,-0.0430271492358231,0.00015748,0.04307102528431714,0.00081957,1,0.0
11909,0.00017847594710029835,0.11819838673125382,-1.54e-06,1.8245104092038358,3.4333385372646403,18.302875186561295,1.0052136313683062,7.336242571130859,0.12067054082980143,-43.65829430984581,-1.1573229341274334,42.971546835561554,0.6295741068180681,5.637073821718898,0.2719344611720337,0.1573128421473219,0.00015748,0.19204070791591468,0.00081957,0,0.0
11910,0.43176328231588024,0.11320221156476092,-1.54e-06,1.8245104092038358,3.4333385372646403,-67.66866729252779,1.0052136313683062,-5.571587405194152,0.12067054082980143,-15.86501158829289,-1.1573229341274334,40.337194490089225,0.6295741068180681,50.186215682618815,0.2719344611720337,-0.16862822511416495,0.00015748,0.16884511542173383,0.00081957,1,0.0
11911,0.6610487516459282,0.11250649126700932,-1.54e-06,1.8245104092038358,3.4333385372646403,-33.114531880089956,1.0052136313683062,12.311983523345363,0.12067054082980143,-45.00311454499769,-1.1573229341274334,-60.85058662216461,0.6295741068180681,62.08471739765881,0.2719344611720337,-0.21325329370274315,0.00015748,0.21348900624340728,0.00081957,1,0.0
11912,0.3260152312314002,0.014330964987928688,-1.54e-06,1.8245104092038358,3.4333385372646403,-68.00082694304012,1.0052136313683062,4.0270535615678895,0.12067054082980143,-76.13269870054428,-1.1573229341274334,70.75058072598885,0.6295741068180681,71.9089643582186,0.2719344611720337,-0.041242695893398316,0.00015748,0.04253681025879812,0.00081957,1,0.0
11913,0.0011268122107601641,0.0553903062360657,-1.54e-06,1.8245104092038358,3.4333385372646403,-1.9174769261966875,1.0052136313683062,4.429662088479993,0.12067054082980143,-36.41586560477003,-1.1573229341274334,32.44123231461871,0.6295741068180681,14.566140159649304,0.2719344611720337,0.022229766869880596,0.00015748,0.09687822305690727,0.00081957,0,0.0
11914,0.013842247847853983,0.051973799031204554,-1.54e-06,1.8245104092038358,3.4333385372646403,26.42108851168823,1.0052136313683062,6.510454636007298,0.12067054082980143,-1e-20,-1.1573229341274334,-49.79274910734489,0.6295741068180681,-8.235016232452198,0.2719344611720337,-0.1541715191773482,0.00015748,0.15411311216887805,0.00081957,1,0.0
11915,0.24674876110570665,0.10586841386348043,-1.54e-06,1.8245104092038358,3.4333385372646403,-30.73938411947125,1.0052136313683062,13.667988029381464,0.12067054082980143,-87.26343022801915,-1.1573229341274334,21.279633624659073,0.6295741068180681,60.47784384011347,0.2719344611720337,-0.22668857975183798,0.00015748,0.22837497065918422,0.00081957,1,0.0
11916,0.0005274652172441163,0.13815712935938174,-1.54e-06,1.8245104092038358,3.4333385372646403,19.850498164683565,1.0052136313683062,9.288490316364813,0.12067054082980143,-65.84885152252325,-1.1573229341274334,78.87306784122269,0.6295741068180681,10.986179093966788,0.2719344611720337,0.2452457706701915,0.00015748,0.2832655406661355,0.00081957,0,0.0
11917,0.8671258570841675,0.25653783720282736,-1.54e-06,1.8245104092038358,3.4333385372646403,88.73200664431859,1.0052136313683062,34.454699714301746,0.12067054082980143,-89.59569759197555,-1.1573229341274334,-65.06316968852279,0.6295741068180681,23.432113972338687,0.2719344611720337,0.34580275062701726,0.00015748,0.9010934095279112,0.00081957,0,0.0
11918,0.10354855577111421,0.07709323261102115,-1.54e-06,1.8245104092038358,3.4333385372646403,93.6436081743997,1.0052136313683062,17.117447911383593,0.12067054082980143,-42.406470664660446,-1.1573229341274334,18.34554216160693,0.6295741068180681,-30.108577810894978,0.2719344611720337,0.46016139419632357,0.00015748,0.5482303955683137,0.00081957,0,0.0
11919,0.47098504950101383,0.14174342284853514,-1.54e-06,1.8245104092038358,3.4333385372646403,53.040396485525555,1.0052136313683062,21.921816266660272,0.12067054082980143,-86.90878502408007,-1.1573229341274334,29.926530029937158,0.6295741068180681,20.547153822993312,0.2719344611720337,0.43300954706495254,0.00015748,0.5890820836909821,0.00081957,0,0.0
11920,0.1451763670421033,0.03414469817384755,-1.54e-06,1.8245104092038358,3.4333385372646403,-0.8655297063246467,1.0052136313683062,6.847329423718639,0.12067054082980143,-23.090922806512996,-1.1573229341274334,-22.527127903621086,0.6295741068180681,17.137627953561758,0.2719344611720337,-0.12798477133124636,0.00015748,0.12942674904471863,0.00081957,1,0.0
11921,0.2652754897067834,0.08529301740648669,-1.54e-06,1.8245104092038358,3.4333385372646403,56.41929068001119,1.0052136313683062,21.522414128134507,0.12067054082980143,-100.0,-1.1573229341274334,64.93211800981751,0.6295741068180681,15.770017775103026,0.2719344611720337,0.4393697130774394,0.00015748,0.5799366626539518,0.00081957,0,0.0
11922,0.0036198733260803806,0.27272795205532097,-1.54e-06,1.8245104092038358,3.4333385372646403,-4.11785945726319,1.0052136313683062,-5.76392052230589,0.12067054082980143,-13.42003594575285,-1.1573229341274334,83.28519185604867,0.6295741068180681,1.517771304339295,0.2719344611720337,-0.04815969709651541,0.00015748,0.42252495979907306,0.00081957,1,0.0
11923,0.15991684805405626,0.37792070272782574,-1.54e-06,1.8245104092038358,3.4333385372646403,-33.49067646567049,1.0052136313683062,-11.575915717850936,0.12067054082980143,-23.19139975646302,-1.1573229341274334,58.21820986145299,0.6295741068180681,38.040375507496705,0.2719344611720337,-0.2375066506916088,0.00015748,0.347159699678084,0.00081957,1,0.0
11924,0.002563365222108871,0.1161234672429708,-1.54e-06,1.8245104092038358,3.4333385372646403,43.424224151271076,1.0052136313683062,8.573956131049155,0.12067054082980143,-6.327886280315761,-1.1573229341274334,-38.17432504945161,0.6295741068180681,-15.959826137478485,0.2719344611720337,-0.03518260388684377,0.00015748,0.2319332429088579,0.00081957,1,0.0
11925,0.8198177939738838,0.47431093953644554,-1.54e-06,1.8245104092038358,3.4333385372646403,13.0662996022869,1.0052136313683062,10.780099942912406,0.12067054082980143,-92.56669112616297,-1.1573229341274334,71.96417955854115,0.6295741068180681,56.8280041948616,0.2719344611720337,0.35441724338716074,0.00015748,0.840868722171051,0.00081957,0,0.0
11926,0.0006860702384427209,0.09149444244299713,-1.54e-06,1.8245104092038358,3.4333385372646403,8.810753478119285,1.0052136313683062,5.076129931019831,0.12067054082980143,-34.051307992611534,-1.1573229341274334,35.56081720813893,0.6295741068180681,7.020803599771788,0.2719344611720337,0.10739735654806709,0.00015748,0.12668039442260873,0.00081957,0,0.0
11927,0.1868525269471063,0.0879715088551289,-1.54e-06,1.8245104092038358,3.4333385372646403,72.52538877148756,1.0052136313683062,18.23051533676085,0.12067054082980143,-66.14985844615292,-1.1573229341274334,42.06810288962083,0.6295741068180681,-8.4219818258297,0.2719344611720337,0.4676326315893625,0.00015748,0.5325469956165202,0.00081957,0,0.0
11928,0.005970408762383694,0.16033836624842818,-1.54e-06,1.8245104092038358,3.4333385372646403,67.90913228096639,1.0052136313683062,10.999798048926083,0.12067054082980143,-1e-20,-1.1573229341274334,-52.88172425110489,0.6295741068180681,-30.358802101083764,0.2719344611720337,0.031482252088184115,0.00015748,0.3207265764656049,0.00081957,0,0.0
11929,0.45564676105732954,0.05726888270439397,-1.54e-06,1.8245104092038358,3.4333385372646403,-52.43977475651858,1.0052136313683062,10.982014379308824,0.12067054082980143,-80.57626522742463,-1.1573229341274334,18.532129517685167,0.6295741068180681,74.59226234947141,0.2719344611720337,-0.16014815283915249,0.00015748,0.16039294989895367,0.00081957,1,0.0
11930,0.0008008840820148966,0.06899290364976296,-1.54e-06,1.8245104092038358,3.4333385372646403,-16.976997471071382,1.0052136313683062,6.464742117672573,0.12067054082980143,-67.79919185218148,-1.1573229341274334,70.61453569452118,0.6295741068180681,32.63948833861818,0.2719344611720337,0.030334755540237714,0.00015748,0.12147568373438408,0.00081957,0,0.0
11931,0.001096738420782839,0.038978938089280664,-1.54e-06,1.8245104092038358,3.4333385372646403,88.38065763139389,1.0052136313683062,20.942259604010864,0.12067054082980143,-83.37996678652492,-1.1573229341274334,58.7814282395965,0.6295741068180681,-14.832200996619104,0.2719344611720337,0.42444948625265,0.00015748,0.6082203198045024,0.00081957,0,0.0
11932,0.0010011109061850987,0.05910498013602684,-1.54e-06,1.8245104092038358,3.4333385372646403,-15.88900032244779,1.0052136313683062,9.212924982467591,0.12067054082980143,-67.43608876171355,-1.1573229341274334,46.280055219878626,0.6295741068180681,33.457614885393156,0.2719344611720337,-0.10985784423590475,0.00015748,0.1504733462029262,0.00081957,1,0.0
11933,0.5768259976112655,0.16023818271043855,-1.54e-06,1.8245104092038358,3.4333385372646403,100.0,1.0052136313683062,31.96576954136967,0.12067054082980143,-84.62072595445436,-1.1573229341274334,-39.00445856111962,0.6295741068180681,4.516148607609711,0.2719344611720337,0.3542550692471684,0.00015748,0.8483906987560943,0.00081957,0,0.0
11934,0.3947681718441558,0.10682358801658584,-1.54e-06,1.8245104092038358,3.4333385372646403,-37.45810235990138,1.0052136313683062,13.716882164177166,0.12067054082980143,-83.59046160426382,-1.1573229341274334,4.621424887236711,0.6295741068180681,68.32367763040675,0.2719344611720337,-0.2273816578096993,0.00015748,0.23031885557153994,0.00081957,1,0.0
11935,0.4610414289568884,0.25396962775189746,-1.54e-06,1.8245104092038358,3.4333385372646403,-1.6214334270260085,1.0052136313683062,19.11994434840824,0.12067054082980143,-76.79420257701753,-1.1573229341274334,-32.74060170757726,0.6295741068180681,51.75275648218842,0.2719344611720337,-0.183698336310469,0.00015748,0.3915176741037966,0.00081957,1,0.0
11936,0.3167712420757555,0.1569208338475221,-1.54e-06,1.8245104092038358,3.4333385372646403,69.3054894715759,1.0052136313683062,16.978772363890716,0.12067054082980143,-41.11860983723147,-1.1573229341274334,-3.9607225090369576,0.6295741068180681,-10.111887694737378,0.2719344611720337,0.3953138721865327,0.00015748,0.48899897454998364,0.00081957,0,0.0
11937,0.04955088380741987,0.010034201930141845,-1.54e-06,1.8245104092038358,3.4333385372646403,-29.670432296377694,1.0052136313683062,4.71637578119092,0.12067054082980143,-58.81438041464195,-1.1573229341274334,52.70764002018308,0.6295741068180681,38.72708427884337,0.2719344611720337,-0.06294436588714189,0.00015748,0.06324072927001162,0.00081957,1,0.0
11938,0.20612523106837677,0.19695723034793075,-1.54e-06,1.8245104092038358,3.4333385372646403,61.83442048972026,1.0052136313683062,14.65626973744096,0.12067054082980143,-14.551238408285583,-1.1573229341274334,-59.25283108198647,0.6295741068180681,-14.929452333621416,0.2719344611720337,0.059141201866928866,0.00015748,0.3899200368544834,0.00081957,0,0.0
11939,0.2988543912887107,0.012358725298913104,-1.54e-06,1.8245104092038358,3.4333385372646403,-55.030664135117206,1.0052136313683062,5.550163078983797,0.12067054082980143,-70.2839778924795,-1.1573229341274334,51.66620978557234,0.6295741068180681,63.68813211191943,0.2719344611720337,-0.06002827573502269,0.00015748,0.06003900920472739,0.00081957,1,0.0
11940,0.00037823101785516844,0.045345914648072715,-1.54e-06,1.8245104092038358,3.4333385372646403,-7.277790093595249,1.0052136313683062,3.907535861175612,0.12067054082980143,-39.073633404712616,-1.1573229341274334,37.665992645019365,0.6295741068180681,18.208314592214997,0.2719344611720337,0.01313217924644288,0.00015748,0.08089528271520469,0.00081957,0,0.0
11941,0.01242153358654971,0.02655133740270614,-1.54e-06,1.8245104092038358,3.4333385372646403,17.74307865950005,1.0052136313683062,4.8802287081800975,0.12067054082980143,-1.524889462679447,-1.1573229341274334,-33.71490538839364,0.6295741068180681,-4.943498659511053,0.2719344611720337,-0.10844325573828184,0.00015748,0.10923275688200534,0.00081957,1,0.0
11942,0.009699197332475595,0.5117176302117675,-1.54e-06,1.8245104092038358,3.4333385372646403,99.97001205271631,1.0052136313683062,30.431212171230925,0.12067054082980143,-42.22485891282674,-1.1573229341274334,-16.69683817792866,0.6295741068180681,-45.80486949248401,0.2719344611720337,0.08707452695612922,0.00015748,0.7329175835615085,0.00081957,0,0.0
11943,0.00040588589992418544,0.006832540620332787,-1.54e-06,1.8245104092038358,3.4333385372646403,-24.77503978284822,1.0052136313683062,3.4939478676301547,0.12067054082980143,-48.82578520092944,-1.1573229341274334,52.36686186271743,0.6295741068180681,29.7379686089646,0.2719344611720337,-0.04031372819909474,0.00015748,0.04410529828533883,0.00081957,1,0.0
11944,0.4035794532275233,0.13315643518961123,-1.54e-06,1.8245104092038358,3.4333385372646403,82.77579464603507,1.0052136313683062,21.815475342606266,0.12067054082980143,-54.42626148543205,-1.1573229341274334,-12.664209708859898,0.6295741068180681,-7.816827453488553,0.2719344611720337,0.42116252019889094,0.00015748,0.6146928521958369,0.00081957,0,0.0
11945,0.004569143078944182,0.10714388430341963,-1.54e-06,1.8245104092038358,3.4333385372646403,33.3741233152519,1.0052136313683062,8.296042231499102,0.12067054082980143,-16.77470842338605,-1.1573229341274334,-23.92155964779852,0.6295741068180681,-6.92620971486383,0.2719344611720337,-0.0477979311792828,0.00015748,0.2189963931741656,0.00081957,1,0.0
11946,0.772049448014733,0.2071191154038076,-1.54e-06,1.8245104092038358,3.4333385372646403,-34.39765061330145,1.0052136313683062,17.324729503773074,0.12067054082980143,-61.6441102856429,-1.1573229341274334,-77.23938691331684,0.6295741068180681,74.81578890853457,0.2719344611720337,-0.30439723821560966,0.00015748,0.30539537785628573,0.00081957,1,0.0
11947,0.0007578041175020922,0.1323096478983963,-1.54e-06,1.8245104092038358,3.4333385372646403,12.335767758289451,1.0052136313683062,9.753122715498797,0.12067054082980143,-74.12962838466642,-1.1573229341274334,83.19296524082827,0.6295741068180681,18.496786609986273,0.2719344611720337,0.2313464987092699,0.00015748,0.244522694512639,0.00081957,0,0.0
11948,0.6494575501522418,0.2131827088899307,-1.54e-06,1.8245104092038358,3.4333385372646403,100.0,1.0052136313683062,25.5184620834543,0.12067054082980143,-33.25494985621751,-1.1573229341274334,-81.8097221605469,0.6295741068180681,-13.121893574936706,0.2719344611720337,0.38396254167735255,0.00015748,0.7136882205895493,0.00081957,0,0.0
11949,0.4437713145482369,0.10159544240809187,-1.54e-06,1.8245104092038358,3.4333385372646403,-31.46416981562812,1.0052136313683062,12.979149177064494,0.12067054082980143,-67.07844787749887,-1.1573229341274334,-17.725008047334377,0.6295741068180681,61.06352557408459,0.2719344611720337,-0.21733896784872103,0.00015748,0.22219147665571942,0.00081957,1,0.0
11950,0.07316974874830662,0.006774007161699283,-1.54e-06,1.8245104092038358,3.4333385372646403,5.331971261225954,1.0052136313683062,2.516389496863985,0.12067054082980143,-1e-20,-1.1573229341274334,-23.420081153993127,0.6295741068180681,1.6541074747295257,0.2719344611720337,-0.0560124773608362,0.00015748,0.056669751842181676,0.00081957,1,0.0
11951,0.2339493533322868,0.006400229566316572,-1.54e-06,1.8245104092038358,3.4333385372646403,-41.67383132784761,1.0052136313683062,2.7390024616223263,0.12067054082980143,-45.88322507316408,-1.1573229341274334,36.60333134680051,0.6295741068180681,45.586055142127016,0.2719344611720337,-0.022969183694542823,0.00015748,0.02294246553174021,0.00081957,1,0.0
11952,0.40599495518327267,0.028632513632098597,-1.54e-06,1.8245104092038358,3.4333385372646403,-55.431702871470804,1.0052136313683062,1.12127881905222,0.12067054082980143,-36.86291201172759,-1.1573229341274334,26.550384441589124,0.6295741068180681,53.869305262356626,0.2719344611720337,-0.04412587616505442,0.00015748,0.04404798462253452,0.00081957,1,0.0
11953,0.008725362346774726,0.0016218378060404537,-1.54e-06,1.8245104092038358,3.4333385372646403,-21.07164775604103,1.0052136313683062,0.3446802325225981,0.12067054082980143,-27.20477343480109,-1.1573229341274334,40.132335216905396,0.6295741068180681,19.528774889532833,0.2719344611720337,-0.02534328278541654,0.00015748,0.025423577720672504,0.00081957,1,0.0
11954,0.0008088125997217088,0.11662658630227886,-1.54e-06,1.8245104092038358,3.4333385372646403,28.170440614655227,1.0052136313683062,8.047978463323881,0.12067054082980143,-31.31085665273266,-1.1573229341274334,17.774716844049053,0.6295741068180681,-2.884659249974127,0.2719344611720337,0.11340627549616822,0.00015748,0.20837066847073304,0.00081957,0,0.0
11955,0.10834845532021542,0.0638626035566514,-1.54e-06,1.8245104092038358,3.4333385372646403,-49.7883589702624,1.0052136313683062,-5.658414371460672,0.12067054082980143,-22.907673653642686,-1.1573229341274334,71.5782621596773,0.6295741068180681,32.1167234440489,0.2719344611720337,-0.16068863978401107,0.00015748,0.16061092159959026,0.00081957,1,0.0
11956,0.31380933681328615,0.02606373478316198,-1.54e-06,1.8245104092038358,3.4333385372646403,-34.15690313086092,1.0052136313683062,-0.9143302430668672,0.12067054082980143,-7.362031941146214,-1.1573229341274334,1.7680463868609937,0.6295741068180681,29.11304728756939,0.2719344611720337,-0.05580638209851647,0.00015748,0.05624143803403609,0.00081957,1,0.0
11957,0.5320226695079072,0.18670289559234404,-1.54e-06,1.8245104092038358,3.4333385372646403,96.18052105759904,1.0052136313683062,21.714778971525188,0.12067054082980143,-22.96871836486959,-1.1573229341274334,-65.5516536076448,0.6295741068180681,-20.951905205480976,0.2719344611720337,0.41637869235065983,0.00015748,0.623430226390786,0.00081957,0,0.0
11958,1.494662769605426,1.2112486110023153,-1.54e-06,1.8245104092038358,3.4333385372646403,47.659417297934475,1.0052136313683062,10.407152830076082,0.12067054082980143,-43.4843041436744,-1.1573229341274334,-55.56157978667246,0.6295741068180681,54.70903314744207,0.2719344611720337,0.3165848605606929,0.00015748,1.2279262522189613,0.00081957,0,0.0
11959,0.3319253064216559,0.02561569991160272,-1.54e-06,1.8245104092038358,3.4333385372646403,-5.484598980077189,1.0052136313683062,4.757378200667672,0.12067054082980143,-1.2008316933298167,-1.1573229341274334,-53.761508132699454,0.6295741068180681,17.94688259031798,0.2719344611720337,-0.0939279720379188,0.00015748,0.09396069691189754,0.00081957,1,0.0
11960,0.5779235259483602,0.16344724197288868,-1.54e-06,1.8245104092038358,3.4333385372646403,49.81774260330739,1.0052136313683062,24.94293088419396,0.12067054082980143,-95.9744046821674,-1.1573229341274334,20.954182126818914,0.6295741068180681,29.485266898019706,0.2719344611720337,0.41394655218574494,0.00015748,0.6316943107607055,0.00081957,0,0.0
11961,0.5157171046727492,0.2764457757049867,-1.54e-06,1.8245104092038358,3.4333385372646403,75.96879318618525,1.0052136313683062,10.95047353792589,0.12067054082980143,-24.974097457771546,-1.1573229341274334,-6.800975786014735,0.6295741068180681,-10.052853690892945,0.2719344611720337,0.3739382981360847,0.00015748,0.7531448166175335,0.00081957,0,0.0
11962,0.3691828779916548,0.020372226736010707,-1.54e-06,1.8245104092038358,3.4333385372646403,-79.71308099285066,1.0052136313683062,3.238756626044635,0.12067054082980143,-84.53870203550183,-1.1573229341274334,84.6336482336246,0.6295741068180681,82.0906911479404,0.2719344611720337,-0.03832797867688546,0.00015748,0.03868133206736053,0.00081957,1,0.0
11963,0.38890750992559486,0.12890258214902856,-1.54e-06,1.8245104092038358,3.4333385372646403,8.447553446821345,1.0052136313683062,12.894890619241247,0.12067054082980143,-17.492263344139275,-1.1573229341274334,-86.72883235937849,0.6295741068180681,22.114182790222063,0.2719344611720337,-0.245692300210204,0.00015748,0.24895530244060743,0.00081957,1,0.0
11964,0.3426617820332056,0.21871656756258212,-1.54e-06,1.8245104092038358,3.4333385372646403,45.613510063848175,1.0052136313683062,10.095303513094699,0.12067054082980143,-50.128807147755715,-1.1573229341274334,53.042235209658166,0.6295741068180681,3.7384168791184194,0.2719344611720337,0.3516045895330032,0.00015748,0.6210425575175006,0.00081957,0,0.0
11965,0.13743635842200336,0.016145660578922628,-1.54e-06,1.8245104092038358,3.4333385372646403,-31.2588310516442,1.0052136313683062,6.119178808828681,0.12067054082980143,-59.12121498968975,-1.1573229341274334,38.532471563121874,0.6295741068180681,43.32223105285213,0.2719344611720337,-0.08741949982795519,0.00015748,0.08717472518479144,0.00081957,1,0.0
11966,0.0015245096434221006,0.16186131159643916,-1.54e-06,1.8245104092038358,3.4333385372646403,98.88262361097422,1.0052136313683062,16.96415147278267,0.12067054082980143,-56.099321615202264,-1.1573229341274334,92.71290610953992,0.6295741068180681,-40.8160784059096,0.2719344611720337,0.49286319080499674,0.00015748,0.8358114175340494,0.00081957,0,0.0
11967,0.21389539682880743,0.056184581241441024,-1.54e-06,1.8245104092038358,3.4333385372646403,-7.75458457123999,1.0052136313683062,9.470885137784979,0.12067054082980143,-37.11280414775349,-1.1573229341274334,-21.56412219171435,0.6295741068180681,28.445322580131464,0.2719344611720337,-0.16557267470377943,0.00015748,0.1663021106780738,0.00081957,1,0.0
11968,0.14565665015661736,0.006007478411936894,-1.54e-06,1.8245104092038358,3.4333385372646403,-50.10146640114239,1.0052136313683062,4.220173806519252,0.12067054082980143,-73.43757452940375,-1.1573229341274334,72.95378471211447,0.6295741068180681,56.74688045897583,0.2719344611720337,-0.0412406691259952,0.00015748,0.04123364054128823,0.00081957,1,0.0
11969,0.0005418141036936941,0.051590962681611605,-1.54e-06,1.8245104092038358,3.4333385372646403,77.932115182492,1.0052136313683062,17.172041842376707,0.12067054082980143,-71.94599497530076,-1.1573229341274334,69.58542682239302,0.6295741068180681,-16.288448855875167,0.2719344611720337,0.4751956266191635,0.00015748,0.5271504711032917,0.00081957,0,0.0
11970,0.031301199028403115,0.0372494203964483,-1.54e-06,1.8245104092038358,3.4333385372646403,99.99054391835426,1.0052136313683062,25.44433862350976,0.12067054082980143,-94.59472485347992,-1.1573229341274334,46.26642539753929,0.6295741068180681,-13.735130402465554,0.2719344611720337,0.3860721369081376,0.00015748,0.7088107855621001,0.00081957,0,0.0
11971,0.7421355777061573,0.09509119356488833,-1.54e-06,1.8245104092038358,3.4333385372646403,-74.32629852578727,1.0052136313683062,13.06381075801238,0.12067054082980143,-91.02264085708974,-1.1573229341274334,4.079050861670371,0.6295741068180681,99.70428667746529,0.2719344611720337,-0.18024056020704088,0.00015748,0.18055581534544846,0.00081957,1,0.0
11972,0.7364762073166038,0.06668034377894758,-1.54e-06,1.8245104092038358,3.4333385372646403,-74.27277770354515,1.0052136313683062,8.499769782397138,0.12067054082980143,-68.39152673193928,-1.1573229341274334,1.5841984823990265,0.6295741068180681,89.61835795991917,0.2719344611720337,-0.0994663135655651,0.00015748,0.09950197823049375,0.00081957,1,0.0
11973,0.7984365948940368,0.08242138354591039,-1.54e-06,1.8245104092038358,3.4333385372646403,-58.488662199779874,1.0052136313683062,7.26144926696756,0.12067054082980143,-37.402171623037376,-1.1573229341274334,-43.227471408988535,0.6295741068180681,73.71085990137746,0.2719344611720337,-0.09491513161968704,0.00015748,0.09476482532503352,0.00081957,1,0.0
11974,0.02158779734300187,0.13811487953014592,-1.54e-06,1.8245104092038358,3.4333385372646403,25.554182666026996,1.0052136313683062,11.495250278212096,0.12067054082980143,-49.3401023375093,-1.1573229341274334,11.918954345284321,0.6295741068180681,8.574981331544288,0.2719344611720337,-0.0021129184727926853,0.00015748,0.2755766442410357,0.00081957,1,0.0
11975,0.9559342431514712,0.11780957231639033,-1.54e-06,1.8245104092038358,3.4333385372646403,-69.00371993523483,1.0052136313683062,6.247859994749251,0.12067054082980143,-29.469729942518306,-1.1573229341274334,-55.94289230524797,0.6295741068180681,80.82406943833257,0.2719344611720337,-0.065917064059995,0.00015748,0.06628613720797064,0.00081957,1,0.0
11976,0.1720052890914219,0.02688314650554178,-1.54e-06,1.8245104092038358,3.4333385372646403,-60.29362701252565,1.0052136313683062,-1.0487295193940518,0.12067054082980143,-53.24449992227246,-1.1573229341274334,82.7264068695046,0.6295741068180681,51.809010625837516,0.2719344611720337,-0.09662386570523394,0.00015748,0.0966778503730719,0.00081957,1,0.0
11977,0.7253962488358258,0.150139795896861,-1.54e-06,1.8245104092038358,3.4333385372646403,-58.859863641296165,1.0052136313683062,7.636909204411845,0.12067054082980143,-20.084552117479596,-1.1573229341274334,-33.38996381845601,0.6295741068180681,56.49198645655065,0.2719344611720337,-0.17128310146019643,0.00015748,0.1712232009843675,0.00081957,1,0.0
11978,0.5112599511538025,0.14587755524399051,-1.54e-06,1.8245104092038358,3.4333385372646403,58.23007362572015,1.0052136313683062,24.758125566915364,0.12067054082980143,-90.56177971889342,-1.1573229341274334,18.135589800351227,0.6295741068180681,21.055932996943685,0.2719344611720337,0.411334649817379,0.00015748,0.6355248800638197,0.00081957,0,0.0
11979,0.37010151554028065,0.12201030846468472,-1.54e-06,1.8245104092038358,3.4333385372646403,-26.814110060908273,1.0052136313683062,14.349796086093797,0.12067054082980143,-73.92873707578798,-1.1573229341274334,-11.563157199577509,0.6295741068180681,58.89454089438931,0.2719344611720337,-0.24537412642790893,0.00015748,0.24686737499953806,0.00081957,1,0.0
11980,0.024409186118066667,0.03774655126225151,-1.54e-06,1.8245104092038358,3.4333385372646403,-35.05739546608945,1.0052136313683062,-4.586645119039713,0.12067054082980143,-17.533468943650778,-1.1573229341274334,60.79978909445549,0.6295741068180681,20.69990900108252,0.2719344611720337,-0.1276993174318112,0.00015748,0.12889220285508687,0.00081957,1,0.0
11981,-0.00038711214360259705,0.11437330823739489,-1.54e-06,1.8245104092038358,3.4333385372646403,91.4646144651048,1.0052136313683062,10.040115526324499,0.12067054082980143,-24.139471664794893,-1.1573229341274334,56.39676091505372,0.6295741068180681,-44.28673547559078,0.2719344611720337,0.3864482020663098,0.00015748,0.708478755236605,0.00081957,0,0.0
11982,0.1748326697929282,0.016420267323440624,-1.54e-06,1.8245104092038358,3.4333385372646403,-60.840708903615294,1.0052136313683062,0.2546258797149633,0.12067054082980143,-61.917301205321756,-1.1573229341274334,84.67029440839205,0.6295741068180681,56.28706548961472,0.2719344611720337,-0.068004599395408,0.00015748,0.06832916268028673,0.00081957,1,0.0
11983,0.009223159129264191,0.1181327663147014,-1.54e-06,1.8245104092038358,3.4333385372646403,60.05135381103982,1.0052136313683062,13.398083610480148,0.12067054082980143,-55.64503893005535,-1.1573229341274334,55.85063133960465,0.6295741068180681,-12.835463254241711,0.2719344611720337,0.38177018295042087,0.00015748,0.41094326798802383,0.00081957,0,0.0
11984,0.9911734657741965,0.656706236139875,-1.54e-06,1.8245104092038358,3.4333385372646403,72.26585260622124,1.0052136313683062,16.968163777482353,0.12067054082980143,-82.96150060758089,-1.1573229341274334,-11.275297161010117,0.6295741068180681,40.67187329342378,0.2719344611720337,0.3253390077415145,0.00015748,1.1471150288853371,0.00081957,0,0.0
11985,0.4276373117362759,0.19858990740503207,-1.54e-06,1.8245104092038358,3.4333385372646403,54.435514550696794,1.0052136313683062,19.560793424152017,0.12067054082980143,-56.66154560463219,-1.1573229341274334,-14.319518538530044,0.6295741068180681,9.195968419565821,0.2719344611720337,0.2792452313511066,0.00015748,0.5133579903271552,0.00081957,0,0.0
11986,0.02203727680985637,0.007169679200833164,-1.54e-06,1.8245104092038358,3.4333385372646403,-19.933592577649385,1.0052136313683062,3.4998110902815194,0.12067054082980143,-42.9534727814775,-1.1573229341274334,38.487488604027504,0.6295741068180681,27.10009797895483,0.2719344611720337,-0.04785496847574574,0.00015748,0.04977762727776599,0.00081957,1,0.0
11987,0.008301567369913554,0.0647870343085071,-1.54e-06,1.8245104092038358,3.4333385372646403,28.756598100358186,1.0052136313683062,7.028448995675281,0.12067054082980143,-1.7280852681859447,-1.1573229341274334,-52.33266590775676,0.6295741068180681,-8.221555639397614,0.2719344611720337,-0.17158628561375006,0.00015748,0.17246212113095988,0.00081957,1,0.0
11988,0.3172559520144003,0.11500456679972625,-1.54e-06,1.8245104092038358,3.4333385372646403,11.9479247610355,1.0052136313683062,11.183247502737657,0.12067054082980143,-15.871911179782208,-1.1573229341274334,-78.94601509068538,0.6295741068180681,18.044546523477017,0.2719344611720337,-0.23498406294743993,0.00015748,0.23875212091608458,0.00081957,1,0.0
11989,0.2841832928548389,0.041875847828971434,-1.54e-06,1.8245104092038358,3.4333385372646403,-3.733361349256357,1.0052136313683062,5.709371236722793,0.12067054082980143,-13.959320252495782,-1.1573229341274334,-44.416289132271096,0.6295741068180681,21.888929693908295,0.2719344611720337,-0.13219380411182952,0.00015748,0.1367829290921425,0.00081957,1,0.0
11990,0.816265879044003,0.2910928692766158,-1.54e-06,1.8245104092038358,3.4333385372646403,84.41238744790431,1.0052136313683062,25.400461154220185,0.12067054082980143,-31.428255778666685,-1.1573229341274334,-96.8412350507127,0.6295741068180681,0.04429747959321193,0.2719344611720337,0.35755548996988595,0.00015748,0.687166287550293,0.00081957,0,0.0
11991,0.056468154664126136,0.14523555274195477,-1.54e-06,1.8245104092038358,3.4333385372646403,0.2824216868660558,1.0052136313683062,13.92051788850199,0.12067054082980143,-95.28645644674316,-1.1573229341274334,69.89568784892427,0.6295741068180681,37.65973463892436,0.2719344611720337,0.03921004751222715,0.00015748,0.2976141997177342,0.00081957,0,0.0
11992,0.14786383282521853,0.10207537900750747,-1.54e-06,1.8245104092038358,3.4333385372646403,100.0,1.0052136313683062,15.864368024443474,0.12067054082980143,-20.78712336697383,-1.1573229341274334,-7.745388605244887,0.6295741068180681,-39.894521139437984,0.2719344611720337,0.45916955170801826,0.00015748,0.5353409550178836,0.00081957,0,0.0
11993,0.005477712136774449,0.11968276943935408,-1.54e-06,1.8245104092038358,3.4333385372646403,14.76495764298701,1.0052136313683062,10.675286472153639,0.12067054082980143,-52.87178806733531,-1.1573229341274334,16.509912852949924,0.6295741068180681,15.100826807024495,0.2719344611720337,-0.058516788328790675,0.00015748,0.23906703636619228,0.00081957,1,0.0
11994,0.4220429811899753,0.1498964516363519,-1.54e-06,1.8245104092038358,3.4333385372646403,80.06167685828319,1.0052136313683062,20.205118393305366,0.12067054082980143,-44.711724926922976,-1.1573229341274334,-18.061175103987892,0.6295741068180681,-9.981646202974877,0.2719344611720337,0.4330121904480618,0.00015748,0.5768943194444697,0.00081957,0,0.0
11995,-0.0005326792382480683,0.09250294080323122,-1.54e-06,1.8245104092038358,3.4333385372646403,100.0,1.0052136313683062,20.358638658208527,0.12067054082980143,-71.73509821297897,-1.1573229341274334,72.29484043181904,0.6295741068180681,-30.10459842174051,0.2719344611720337,0.5831794134198681,0.00015748,0.6344672291592256,0.00081957,0,0.0
11996,0.46048708237200475,0.11134807905768526,-1.54e-06,1.8245104092038358,3.4333385372646403,-34.54814911936553,1.0052136313683062,14.059915365109477,0.12067054082980143,-73.00232279885041,-1.1573229341274334,-15.446905301886208,0.6295741068180681,65.18611895389962,0.2719344611720337,-0.23258401683919222,0.00015748,0.23344351452098483,0.00081957,1,0.0
11997,0.5652112497514095,0.07405069205904002,-1.54e-06,1.8245104092038358,3.4333385372646403,-29.018595941330894,1.0052136313683062,9.530498852236736,0.12067054082980143,-35.31050404891462,-1.1573229341274334,-51.08441838193111,0.6295741068180681,52.18087294260869,0.2719344611720337,-0.1668715623493291,0.00015748,0.16749142168887982,0.00081957,1,0.0
11998,0.32705215953785494,0.014342336636463102,-1.54e-06,1.8245104092038358,3.4333385372646403,-33.35203093749848,1.0052136313683062,4.496891007143207,0.12067054082980143,-34.616925944156414,-1.1573229341274334,2.018269190083844,0.6295741068180681,41.80019141169526,0.2719344611720337,-0.05682407120614564,0.00015748,0.056835825427820154,0.00081957,1,0.0
11999,0.00034768592789402586,0.1349347141203567,-1.54e-06,1.8245104092038358,3.4333385372646403,11.457761700250773,1.0052136313683062,9.04302849760148,0.12067054082980143,-71.95833524645757,-1.1573229341274334,86.30495735603785,0.6295741068180681,17.536362410646028,0.2719344611720337,0.2269731094972822,0.00015748,0.25817495926994044,0.00081957,0,0.0
12000,0.07212272029170075,0.012304220765504817,-1.54e-06,2.0297019070506708,4.771048392117648,-7.714654014148416,1.0052136313683062,8.206710516210578,0.12067054082980143,-45.9439170766646,-1.1573229341274334,-58.86852043570834,0.6295741068180681,34.737829672406676,0.2719344611720337,-0.07209495033014632,0.00015748,0.07245760141078114,0.00081957,1,0.0
12001,0.25601114708417944,0.007405340007064794,-1.54e-06,2.0297019070506708,4.771048392117648,-68.20762505051603,1.0052136313683062,12.531061841912768,0.12067054082980143,-75.6038708179767,-1.1573229341274334,-41.625671089945456,0.6295741068180681,78.4664224313224,0.2719344611720337,-0.05736919102733381,0.00015748,0.05738636737876752,0.00081957,1,0.0
12002,0.00017464553676699301,0.08252241859087243,-1.54e-06,2.0297019070506708,4.771048392117648,66.71489888152402,1.0052136313683062,23.021358607644895,0.12067054082980143,-88.82942046411206,-1.1573229341274334,-27.98034136777454,0.6295741068180681,9.860079137645075,0.2719344611720337,-0.040940617784364086,0.00015748,0.17445280599321394,0.00081957,1,0.0
12003,0.00013660882843818944,0.0734296456022836,-1.54e-06,2.0297019070506708,4.771048392117648,67.32910515622609,1.0052136313683062,14.501070239526157,0.12067054082980143,-51.44606458305269,-1.1573229341274334,35.552691346216555,0.6295741068180681,-12.128859642872108,0.2719344611720337,0.046774150851758164,0.00015748,0.11897140980243677,0.00081957,0,0.0
12004,0.0008857531926161344,0.0583496890371912,-1.54e-06,2.0297019070506708,4.771048392117648,40.169782232011485,1.0052136313683062,20.065717468327115,0.12067054082980143,-81.10300884536211,-1.1573229341274334,-21.181027732602015,0.6295741068180681,16.384528238134042,0.2719344611720337,-0.05181453756776999,0.00015748,0.13546868765586362,0.00081957,1,0.0
12005,7.437127681236833e-05,0.03546987170057122,-1.54e-06,2.0297019070506708,4.771048392117648,48.73478873409068,1.0052136313683062,14.643512038838665,0.12067054082980143,-29.584934780846456,-1.1573229341274334,-100.0,0.6295741068180681,-2.0741380439281407,0.2719344611720337,-0.0660056341159434,0.00015748,0.10439949124209208,0.00081957,1,0.0
12006,0.10466026226080827,0.020140044903221046,-1.54e-06,2.0297019070506708,4.771048392117648,-27.073215085057754,1.0052136313683062,17.03661360936527,0.12067054082980143,-91.3748043799063,-1.1573229341274334,-41.25591615257622,0.6295741068180681,58.79812772481646,0.2719344611720337,-0.09597778787080004,0.00015748,0.09614553000007516,0.00081957,1,0.0
12007,1.793152517134966e-05,0.053771689937549196,-1.54e-06,2.0297019070506708,4.771048392117648,28.22930921174671,1.0052136313683062,6.6560592259107745,0.12067054082980143,-40.56154401269154,-1.1573229341274334,85.0126918836598,0.6295741068180681,-3.0478528704785077,0.2719344611720337,0.052598306918626714,0.00015748,0.06555493607384164,0.00081957,0,0.0
12008,0.19194677385816594,0.002489672917188288,-1.54e-06,2.0297019070506708,4.771048392117648,-56.64200351266664,1.0052136313683062,6.5000850919330215,0.12067054082980143,-49.79539698999998,-1.1573229341274334,-12.076309575016248,0.6295741068180681,57.32291455766467,0.2719344611720337,-0.02591120676128807,0.00015748,0.025946343318935906,0.00081957,1,0.0
12009,0.0004314734651633678,0.06936358486065095,-1.54e-06,2.0297019070506708,4.771048392117648,57.04980895935807,1.0052136313683062,8.106114663926125,0.12067054082980143,-27.05658639412799,-1.1573229341274334,61.70851891016809,0.6295741068180681,-19.822298386436124,0.2719344611720337,0.0737069984756066,0.00015748,0.08303020478843365,0.00081957,0,0.0
12010,0.0860212398908499,0.0746469276958955,-1.54e-06,2.0297019070506708,4.771048392117648,32.759161384265816,1.0052136313683062,4.8150028056843395,0.12067054082980143,-42.57061678964136,-1.1573229341274334,-14.212571457322872,0.6295741068180681,18.90120092848313,0.2719344611720337,-0.021804660811343635,0.00015748,0.14014097372122947,0.00081957,1,0.0
12011,0.11916233378250107,0.001055391200824379,-1.54e-06,2.0297019070506708,4.771048392117648,-65.05035118731153,1.0052136313683062,3.056198795952218,0.12067054082980143,-60.74572233781493,-1.1573229341274334,73.84470842039329,0.6295741068180681,54.824566454270425,0.2719344611720337,-0.009494790918380815,0.00015748,0.009534519695760302,0.00081957,1,0.0
12012,0.0038434743767292723,0.0006095289188455037,-1.54e-06,2.0297019070506708,4.771048392117648,-35.903667274183235,1.0052136313683062,-0.21445882956631468,0.12067054082980143,-38.921401022732525,-1.1573229341274334,93.44389554907714,0.6295741068180681,24.705403064450916,0.2719344611720337,-0.016133687095570476,0.00015748,0.016165766571207323,0.00081957,1,0.0
12013,9.90999609656873e-05,0.049575760912483814,-1.54e-06,2.0297019070506708,4.771048392117648,52.494921343909546,1.0052136313683062,13.725558351523839,0.12067054082980143,-43.116934288946204,-1.1573229341274334,-43.301734774549864,0.6295741068180681,-0.9904456132000713,0.2719344611720337,-0.027721185705626858,0.00015748,0.1134673153257137,0.00081957,1,0.0
12014,0.21340258938421866,0.002985111341972624,-1.54e-06,2.0297019070506708,4.771048392117648,-75.53306636162499,1.0052136313683062,7.765980286542521,0.12067054082980143,-72.50648394171952,-1.1573229341274334,19.06303440446181,0.6295741068180681,73.7936340529725,0.2719344611720337,-0.02864278433263012,0.00015748,0.02863728298419006,0.00081957,1,0.0
12015,0.13313454735078245,0.10419713161550499,-1.54e-06,2.0297019070506708,4.771048392117648,37.75542825073423,1.0052136313683062,12.117275162814417,0.12067054082980143,-89.949840375721,-1.1573229341274334,66.57831787812779,0.6295741068180681,30.82372866034518,0.2719344611720337,0.04066990783906212,0.00015748,0.17491628168629658,0.00081957,0,0.0
12016,0.23192259355235,0.022194584093943304,-1.54e-06,2.0297019070506708,4.771048392117648,-48.97720226522024,1.0052136313683062,18.11537888406771,0.12067054082980143,-58.613584923563195,-1.1573229341274334,-64.23598956067386,0.6295741068180681,55.196809633745936,0.2719344611720337,-0.07963296549542961,0.00015748,0.08106550465863294,0.00081957,1,0.0
12017,0.18118242913713867,0.008707737775423347,-1.54e-06,2.0297019070506708,4.771048392117648,-47.00458108115398,1.0052136313683062,3.458986018448698,0.12067054082980143,-44.810659086321785,-1.1573229341274334,-35.01270554808464,0.6295741068180681,57.37376579942116,0.2719344611720337,-0.047600669613113794,0.00015748,0.04765733730141429,0.00081957,1,0.0
12018,-5.914310000972034e-05,0.014546036446126873,-1.54e-06,2.0297019070506708,4.771048392117648,-12.447165716042393,1.0052136313683062,6.184619598498478,0.12067054082980143,-60.83673096210545,-1.1573229341274334,52.047672072692706,0.6295741068180681,28.373091075998058,0.2719344611720337,-0.02195517378840291,0.00015748,0.04554549791411393,0.00081957,1,0.0
12019,0.0016492149657472144,0.000599947733849102,-1.54e-06,2.0297019070506708,4.771048392117648,-31.136524301112857,1.0052136313683062,-0.9208341007259551,0.12067054082980143,-32.08288671985429,-1.1573229341274334,82.73214159596664,0.6295741068180681,20.957212224263653,0.2719344611720337,-0.014714665315646854,0.00015748,0.014745229649642998,0.00081957,1,0.0
12020,0.0005129520987281477,0.06844792717436647,-1.54e-06,2.0297019070506708,4.771048392117648,68.10401029676966,1.0052136313683062,10.318555391681162,0.12067054082980143,-30.711135892762453,-1.1573229341274334,23.722882737940306,0.6295741068180681,-18.7211301814225,0.2719344611720337,0.054023481551762044,0.00015748,0.10194798591426577,0.00081957,0,0.0
12021,0.3024798102741894,0.006486658197282168,-1.54e-06,2.0297019070506708,4.771048392117648,-84.25824306899948,1.0052136313683062,3.7921728852147085,0.12067054082980143,-41.69844462436064,-1.1573229341274334,-21.56461476367562,0.6295741068180681,73.62786899966186,0.2719344611720337,-0.0071357891680377,0.00015748,0.007224598947171328,0.00081957,1,0.0
12022,3.461857028524973e-05,0.048682737687201334,-1.54e-06,2.0297019070506708,4.771048392117648,20.952250456636058,1.0052136313683062,20.63609955743791,0.12067054082980143,-91.10636484625655,-1.1573229341274334,-61.72353440977868,0.6295741068180681,33.81178696207671,0.2719344611720337,-0.11327732709687205,0.00015748,0.13632242625309426,0.00081957,1,0.0
12023,0.004116695032339884,0.06701771044920891,-1.54e-06,2.0297019070506708,4.771048392117648,34.77679854741755,1.0052136313683062,10.918975969138282,0.12067054082980143,-81.12604156951252,-1.1573229341274334,57.40990659539733,0.6295741068180681,19.726389565448308,0.2719344611720337,-0.002253222232443605,0.00015748,0.13089264595895417,0.00081957,1,0.0
12024,0.05597214519584076,0.036759343157408156,-1.54e-06,2.0297019070506708,4.771048392117648,-7.721696815307742,1.0052136313683062,15.309785048420396,0.12067054082980143,-92.22433979833137,-1.1573229341274334,-60.426074257380904,0.6295741068180681,54.59159398768846,0.2719344611720337,-0.12151357025383835,0.00015748,0.12329848555224399,0.00081957,1,0.0
12025,0.0006828596451387003,0.08513775552294044,-1.54e-06,2.0297019070506708,4.771048392117648,75.39686556363236,1.0052136313683062,23.1960119671342,0.12067054082980143,-74.62341035287714,-1.1573229341274334,-98.63795628851592,0.6295741068180681,7.268648720979938,0.2719344611720337,-0.08204839069369652,0.00015748,0.18558715296449413,0.00081957,1,0.0
12026,0.0003307502540401252,0.002728903971607287,-1.54e-06,2.0297019070506708,4.771048392117648,-33.40172719140277,1.0052136313683062,0.6168434083321376,0.12067054082980143,-35.65530495091517,-1.1573229341274334,95.04486043534658,0.6295741068180681,20.202902663750102,0.2719344611720337,-0.025442057975426258,0.00015748,0.027721919625814107,0.00081957,1,0.0
12027,0.07828697291246223,0.0010935165553889227,-1.54e-06,2.0297019070506708,4.771048392117648,-51.631935300342526,1.0052136313683062,0.654438881135112,0.12067054082980143,-42.991405895771976,-1.1573229341274334,74.88041491682146,0.6295741068180681,39.07502380640006,0.2719344611720337,-0.014248999154387345,0.00015748,0.01426252955264824,0.00081957,1,0.0
12028,0.2364255529316417,0.0036088217761548833,-1.54e-06,2.0297019070506708,4.771048392117648,-51.10422856639946,1.0052136313683062,5.985745344278998,0.12067054082980143,-29.656671396697593,-1.1573229341274334,-61.086323292260225,0.6295741068180681,52.93969060669046,0.2719344611720337,-0.025543510387658643,0.00015748,0.025550209430174494,0.00081957,1,0.0
12029,0.00013334237976497798,0.02688122476427598,-1.54e-06,2.0297019070506708,4.771048392117648,14.395921307358924,1.0052136313683062,6.057644344034105,0.12067054082980143,-30.719055656690852,-1.1573229341274334,32.4520254955816,0.6295741068180681,2.963681015204785,0.2719344611720337,0.012753990149517168,0.00015748,0.04267629992950992,0.00081957,0,0.0
12030,0.1517639599304713,0.12416050337005047,-1.54e-06,2.0297019070506708,4.771048392117648,78.94182032420822,1.0052136313683062,7.717044716780806,0.12067054082980143,-28.34982861081118,-1.1573229341274334,-81.03973434966456,0.6295741068180681,4.735906373663159,0.2719344611720337,-0.012728412711276893,0.00015748,0.2142525917446907,0.00081957,1,0.0
12031,0.013879261903912102,0.002972004985539751,-1.54e-06,2.0297019070506708,4.771048392117648,-32.112108412564595,1.0052136313683062,-4.53635582466709,0.12067054082980143,-15.380514753446567,-1.1573229341274334,80.30577693883463,0.6295741068180681,16.361178914270905,0.2719344611720337,-0.03068830943720044,0.00015748,0.030823501108593783,0.00081957,1,0.0
12032,0.15111086270659352,0.015847607929309455,-1.54e-06,2.0297019070506708,4.771048392117648,-30.686227814314076,1.0052136313683062,17.23089714836577,0.12067054082980143,-73.4136572965981,-1.1573229341274334,-61.64809660427112,0.6295741068180681,54.06506806958946,0.2719344611720337,-0.08381259117860342,0.00015748,0.0840547414501953,0.00081957,1,0.0
12033,0.22354548375667996,0.007398272536597099,-1.54e-06,2.0297019070506708,4.771048392117648,-89.78450786003813,1.0052136313683062,-0.11327046154122557,0.12067054082980143,-60.404128745922996,-1.1573229341274334,55.25658618844676,0.6295741068180681,76.68117057420025,0.2719344611720337,-0.014171783454046943,0.00015748,0.014276608231703843,0.00081957,1,0.0
12034,0.0015455288887352703,0.05532806683319282,-1.54e-06,2.0297019070506708,4.771048392117648,24.50453359402124,1.0052136313683062,14.207331845512982,0.12067054082980143,-43.925379011637965,-1.1573229341274334,50.56482479242112,0.6295741068180681,-4.836154553747639,0.2719344611720337,-0.013457181804179534,0.00015748,0.09985561203279886,0.00081957,1,0.0
12035,0.00030998732767986703,0.06705055683726657,-1.54e-06,2.0297019070506708,4.771048392117648,61.76526917187798,1.0052136313683062,9.010485512945953,0.12067054082980143,-29.504862458769797,-1.1573229341274334,39.46677344693295,0.6295741068180681,-17.90596617168797,0.2719344611720337,0.06287577591722836,0.00015748,0.09015909826817141,0.00081957,0,0.0
12036,0.19157888696643535,0.01662520473508177,-1.54e-06,2.0297019070506708,4.771048392117648,-39.945832459000634,1.0052136313683062,14.906422146538342,0.12067054082980143,-79.33642278275882,-1.1573229341274334,-75.0061410546557,0.6295741068180681,68.67371724168572,0.2719344611720337,-0.08997598984798427,0.00015748,0.09019832066844974,0.00081957,1,0.0
12037,0.09013080377216459,0.000563271684563373,-1.54e-06,2.0297019070506708,4.771048392117648,-34.29721279654283,1.0052136313683062,2.9845193769003155,0.12067054082980143,-31.188740048559715,-1.1573229341274334,15.66602536856239,0.6295741068180681,31.655700513133873,0.2719344611720337,-0.009604628519924798,0.00015748,0.00976194237990717,0.00081957,1,0.0
12038,0.0025565350137209397,0.07706593787107362,-1.54e-06,2.0297019070506708,4.771048392117648,49.80679794788658,1.0052136313683062,18.803044506563854,0.12067054082980143,-95.49621639805157,-1.1573229341274334,-5.544676308346395,0.6295741068180681,22.327876234426405,0.2719344611720337,-0.04743266357853638,0.00015748,0.16709315670518907,0.00081957,1,0.0
12039,0.2156346428248574,0.05541414430309763,-1.54e-06,2.0297019070506708,4.771048392117648,-60.337005271322845,1.0052136313683062,23.802136453270656,0.12067054082980143,-78.4195931010313,-1.1573229341274334,-18.42506437762509,0.6295741068180681,56.820628724009154,0.2719344611720337,-0.11990032133693786,0.00015748,0.11970056889607551,0.00081957,1,0.0
12040,5.5249257876810454e-05,0.06795245233573506,-1.54e-06,2.0297019070506708,4.771048392117648,45.62847199219897,1.0052136313683062,7.354148802180214,0.12067054082980143,-55.8618557390882,-1.1573229341274334,41.81641164051499,0.6295741068180681,6.324228758978605,0.2719344611720337,0.0057878211479706,0.00015748,0.12660214715118961,0.00081957,0,0.0
12041,0.13800099551813486,0.0012497169807582597,-1.54e-06,2.0297019070506708,4.771048392117648,-34.14258295137846,1.0052136313683062,2.2763774115284408,0.12067054082980143,-16.954895463718568,-1.1573229341274334,-22.363592495557782,0.6295741068180681,31.84944623283021,0.2719344611720337,-0.00731321372691368,0.00015748,0.0073597929464104634,0.00081957,1,0.0
12042,0.0012572197804836538,0.04849448866453916,-1.54e-06,2.0297019070506708,4.771048392117648,66.30320002730764,1.0052136313683062,16.38972504928399,0.12067054082980143,-17.767025874466448,-1.1573229341274334,-94.16716838501844,0.6295741068180681,-18.45322249032983,0.2719344611720337,-0.03533776705811284,0.00015748,0.10792197239027626,0.00081957,1,0.0
12043,0.25240071272840225,0.003975525890282785,-1.54e-06,2.0297019070506708,4.771048392117648,-90.01065157617077,1.0052136313683062,8.59206486473234,0.12067054082980143,-83.78310935238088,-1.1573229341274334,25.311356594466623,0.6295741068180681,86.61572052638071,0.2719344611720337,-0.030529650238787485,0.00015748,0.03054541890702395,0.00081957,1,0.0
12044,0.32360694560205716,0.009501283901365455,-1.54e-06,2.0297019070506708,4.771048392117648,-76.472212825792,1.0052136313683062,1.1306947304349386,0.12067054082980143,-12.94977693489221,-1.1573229341274334,-53.65587479627993,0.6295741068180681,61.78184442641634,0.2719344611720337,-0.009743036576682063,0.00015748,0.009782223273547986,0.00081957,1,0.0
12045,0.12083151798865124,0.001203327513036844,-1.54e-06,2.0297019070506708,4.771048392117648,-37.140834168220906,1.0052136313683062,5.2205574602443345,0.12067054082980143,-35.38990908251668,-1.1573229341274334,-3.6655571590199174,0.6295741068180681,37.166969736547316,0.2719344611720337,-0.02008815887648094,0.00015748,0.020111034577753314,0.00081957,1,0.0
12046,0.03222657181629256,0.015119058028772146,-1.54e-06,2.0297019070506708,4.771048392117648,-7.9496216037606455,1.0052136313683062,-1.9496136778764115,0.12067054082980143,-21.244038944257728,-1.1573229341274334,-16.507116143379484,0.6295741068180681,23.53133048074399,0.2719344611720337,-0.059651636942046296,0.00015748,0.0609836654754546,0.00081957,1,0.0
12047,0.13416294867799436,0.007776275634287491,-1.54e-06,2.0297019070506708,4.771048392117648,-34.02144770953071,1.0052136313683062,12.044953023647848,0.12067054082980143,-64.3784433341656,-1.1573229341274334,-35.7976139254047,0.6295741068180681,51.374647300028315,0.2719344611720337,-0.061916981994784785,0.00015748,0.061921247173900705,0.00081957,1,0.0
12048,0.0008869951543347687,0.063105497654835,-1.54e-06,2.0297019070506708,4.771048392117648,47.851989492361135,1.0052136313683062,19.746443047836692,0.12067054082980143,-78.86004049530297,-1.1573229341274334,-21.140166469595943,0.6295741068180681,12.870074837247444,0.2719344611720337,-0.042889707354330016,0.00015748,0.141542676602895,0.00081957,1,0.0
12049,0.00841422644485823,0.01900205943807724,-1.54e-06,2.0297019070506708,4.771048392117648,3.669988022608158,1.0052136313683062,14.565243068378969,0.12067054082980143,-66.73245299375681,-1.1573229341274334,-42.307400263848315,0.6295741068180681,29.443895818855893,0.2719344611720337,-0.08741177196528509,0.00015748,0.08755995044584823,0.00081957,1,0.0
12050,0.0005849192056985031,0.04316459275141151,-1.54e-06,2.0297019070506708,4.771048392117648,16.258838232216977,1.0052136313683062,2.706897269598996,0.12067054082980143,-32.879124300039194,-1.1573229341274334,80.65557999967277,0.6295741068180681,1.6519914255011392,0.2719344611720337,0.03413840091033492,0.00015748,0.05760085763617419,0.00081957,0,0.0
12051,0.00043731046548475816,0.018181684089228226,-1.54e-06,2.0297019070506708,4.771048392117648,-26.201374869439917,1.0052136313683062,12.45129460192643,0.12067054082980143,-97.11473234085084,-1.1573229341274334,82.94561917842256,0.6295741068180681,43.970020055254295,0.2719344611720337,-0.040763166277506674,0.00015748,0.06392869470840278,0.00081957,1,0.0
12052,0.12078616233549144,0.006707080429077731,-1.54e-06,2.0297019070506708,4.771048392117648,-62.82430833571782,1.0052136313683062,-4.086502601654001,0.12067054082980143,-23.190300079229306,-1.1573229341274334,78.611565421731,0.6295741068180681,38.53325919406417,0.2719344611720337,-0.039723945470039365,0.00015748,0.039722453291174145,0.00081957,1,0.0
12053,0.0002737817936587783,0.07126184030156696,-1.54e-06,2.0297019070506708,4.771048392117648,42.02391981831426,1.0052136313683062,16.892516394181126,0.12067054082980143,-96.61330024389389,-1.1573229341274334,39.68922402661548,0.6295741068180681,21.741217699202913,0.2719344611720337,-0.016761677535803154,0.00015748,0.14843375362320385,0.00081957,1,0.0
12054,0.25212523894281835,0.0039275483587331225,-1.54e-06,2.0297019070506708,4.771048392117648,-64.35505251053094,1.0052136313683062,4.944414700721799,0.12067054082980143,-35.61285487620275,-1.1573229341274334,-36.19324986938649,0.6295741068180681,60.17028156610935,0.2719344611720337,-0.015989115486477586,0.00015748,0.015982525800386678,0.00081957,1,0.0
12055,0.00014704132777240697,0.01067616687355994,-1.54e-06,2.0297019070506708,4.771048392117648,-19.114294518805366,1.0052136313683062,-1.9860911217572594,0.12067054082980143,-16.967830732538125,-1.1573229341274334,80.71430238878297,0.6295741068180681,8.81489371601843,0.2719344611720337,-0.01945058490282274,0.00015748,0.037065484609145855,0.00081957,1,0.0
12056,8.145635624406955e-05,0.056046200071300026,-1.54e-06,2.0297019070506708,4.771048392117648,25.720261484418145,1.0052136313683062,18.367269606907545,0.12067054082980143,-90.1640936993979,-1.1573229341274334,48.87456176141001,0.6295741068180681,19.552233239226943,0.2719344611720337,-0.01594299892135472,0.00015748,0.11662334590168169,0.00081957,1,0.0
12057,0.2335464345388209,0.004182602238448481,-1.54e-06,2.0297019070506708,4.771048392117648,-82.9935330029309,1.0052136313683062,3.2643947903734,0.12067054082980143,-52.81226313824851,-1.1573229341274334,31.615936094797693,0.6295741068180681,69.01590760556454,0.2719344611720337,-0.01115747143369971,0.00015748,0.011205730444316234,0.00081957,1,0.0
12058,0.0013451277810145913,0.0009558460713771624,-1.54e-06,2.0297019070506708,4.771048392117648,-29.568163596358968,1.0052136313683062,-1.0462515630971534,0.12067054082980143,-27.049254955302377,-1.1573229341274334,80.75054500281033,0.6295741068180681,17.585467368366306,0.2719344611720337,-0.020220296565538635,0.00015748,0.02033106237498359,0.00081957,1,0.0
12059,0.041706681383294336,0.011710177847480116,-1.54e-06,2.0297019070506708,4.771048392117648,7.530803799103123,1.0052136313683062,11.583799198389356,0.12067054082980143,-38.40268219391033,-1.1573229341274334,-73.39168945490057,0.6295741068180681,20.2801211929522,0.2719344611720337,-0.07139200434972628,0.00015748,0.0714292318138795,0.00081957,1,0.0
12060,0.2195603236084584,0.004038470824181394,-1.54e-06,2.0297019070506708,4.771048392117648,-65.17241315244101,1.0052136313683062,9.049697475893424,0.12067054082980143,-65.40019626239209,-1.1573229341274334,-15.61319170590186,0.6295741068180681,69.30648415621599,0.2719344611720337,-0.038804102629807685,0.00015748,0.038854774819351345,0.00081957,1,0.0
12061,0.23015002188882933,0.0034139402133337837,-1.54e-06,2.0297019070506708,4.771048392117648,-62.87267217399897,1.0052136313683062,4.436624723658507,0.12067054082980143,-38.89734458641056,-1.1573229341274334,-22.818072378797126,0.6295741068180681,59.123322028019935,0.2719344611720337,-0.01472854976705013,0.00015748,0.014893531545194924,0.00081957,1,0.0
12062,0.17493055305689287,0.006810991243336298,-1.54e-06,2.0297019070506708,4.771048392117648,-47.16006455156814,1.0052136313683062,10.8524367186731,0.12067054082980143,-67.79912298065022,-1.1573229341274334,-33.399249526141226,0.6295741068180681,61.96647962662136,0.2719344611720337,-0.05765447827303477,0.00015748,0.057713796620745744,0.00081957,1,0.0
12063,0.147739391778574,0.0019168907585169184,-1.54e-06,2.0297019070506708,4.771048392117648,-80.7413986746628,1.0052136313683062,3.2646617003227396,0.12067054082980143,-71.38171362511473,-1.1573229341274334,93.54121175832768,0.6295741068180681,65.85973137278593,0.2719344611720337,-0.015029877022340595,0.00015748,0.01505545480937025,0.00081957,1,0.0
12064,0.02858909099014477,0.003772923231833266,-1.54e-06,2.0297019070506708,4.771048392117648,7.255346109771299,1.0052136313683062,6.739524854336992,0.12067054082980143,-16.160399154280977,-1.1573229341274334,-52.595450537430004,0.6295741068180681,8.502192904421555,0.2719344611720337,-0.04002252850602241,0.00015748,0.04011290938333994,0.00081957,1,0.0
12065,0.00020290965001459882,0.07492703801125684,-1.54e-06,2.0297019070506708,4.771048392117648,51.623781636321254,1.0052136313683062,12.649757153589748,0.12067054082980143,-66.36386745159972,-1.1573229341274334,92.89824296001139,0.6295741068180681,-2.7359913733227983,0.2719344611720337,0.06780407617554213,0.00015748,0.10749164732311323,0.00081957,0,0.0
12066,0.0011119739504499848,0.01981561415461019,-1.54e-06,2.0297019070506708,4.771048392117648,14.770490255176286,1.0052136313683062,13.9359073316503,0.12067054082980143,-51.509946804583244,-1.1573229341274334,-49.79981215249057,0.6295741068180681,17.288161144723084,0.2719344611720337,-0.0734108510156433,0.00015748,0.0823350094437958,0.00081957,1,0.0
12067,0.19999346176900723,0.02319497525770549,-1.54e-06,2.0297019070506708,4.771048392117648,-90.37405196284469,1.0052136313683062,-5.905461283252866,0.12067054082980143,-58.588120877918506,-1.1573229341274334,73.22073832203911,0.6295741068180681,79.23001181907583,0.2719344611720337,-0.05176834205867277,0.00015748,0.05175670033152492,0.00081957,1,0.0
12068,3.848184464674831e-05,0.014747015579025028,-1.54e-06,2.0297019070506708,4.771048392117648,-20.965891605398856,1.0052136313683062,11.210818289967554,0.12067054082980143,-78.04134081086603,-1.1573229341274334,67.72911899770463,0.6295741068180681,33.54131046067435,0.2719344611720337,-0.0361599494508414,0.00015748,0.05454229310147429,0.00081957,1,0.0
12069,0.27394013402985273,0.013225585160852971,-1.54e-06,2.0297019070506708,4.771048392117648,-64.62358672938184,1.0052136313683062,16.218764756803868,0.12067054082980143,-85.17688034700485,-1.1573229341274334,-71.77840819942384,0.6295741068180681,84.06876715817047,0.2719344611720337,-0.08017986494758617,0.00015748,0.08019657847562248,0.00081957,1,0.0
12070,0.2264294095650905,0.004011305917696904,-1.54e-06,2.0297019070506708,4.771048392117648,-79.07117314367454,1.0052136313683062,9.692816964204253,0.12067054082980143,-82.24957921374731,-1.1573229341274334,15.28307897098709,0.6295741068180681,80.17411782674847,0.2719344611720337,-0.03824075759131339,0.00015748,0.03828435631187202,0.00081957,1,0.0
12071,0.22279734019468783,0.0646206323699137,-1.54e-06,2.0297019070506708,4.771048392117648,-21.194610027320653,1.0052136313683062,14.626642115394468,0.12067054082980143,-99.06925583744874,-1.1573229341274334,15.729580166769882,0.6295741068180681,65.69604816117125,0.2719344611720337,-0.004512311950555764,0.00015748,0.12238236452751108,0.00081957,1,0.0
12072,0.2758698905143218,0.00791099640039118,-1.54e-06,2.0297019070506708,4.771048392117648,-79.84632579941389,1.0052136313683062,13.08541063016618,0.12067054082980143,-87.4843353681566,-1.1573229341274334,-27.5396162308796,0.6295741068180681,88.70259448053088,0.2719344611720337,-0.05831881442775574,0.00015748,0.05840211397247202,0.00081957,1,0.0
12073,0.013846118888256348,0.003157583245611827,-1.54e-06,2.0297019070506708,4.771048392117648,-3.472393985968988,1.0052136313683062,6.3910234700534625,0.12067054082980143,-31.952103292850783,-1.1573229341274334,-12.675233622353378,0.6295741068180681,16.20917490272757,0.2719344611720337,-0.03614184329979603,0.00015748,0.036183865793363384,0.00081957,1,0.0
12074,0.0009574226060735103,0.04926063967117173,-1.54e-06,2.0297019070506708,4.771048392117648,29.069892095803407,1.0052136313683062,13.683902543657139,0.12067054082980143,-69.21150263653523,-1.1573229341274334,38.17948141941539,0.6295741068180681,12.53392993274513,0.2719344611720337,-0.0013350196063798767,0.00015748,0.09870861492567867,0.00081957,1,0.0
12075,0.272524138570817,0.007854983741347766,-1.54e-06,2.0297019070506708,4.771048392117648,-76.5072636840939,1.0052136313683062,0.18630195223498205,0.12067054082980143,-22.417542661265188,-1.1573229341274334,-12.571095823789872,0.6295741068180681,59.98352030955685,0.2719344611720337,-0.01435296602275952,0.00015748,0.014255189001801906,0.00081957,1,0.0
12076,0.21295964789974256,0.0031956037686314727,-1.54e-06,2.0297019070506708,4.771048392117648,-61.71195350868771,1.0052136313683062,7.570627773559928,0.12067054082980143,-50.105907058415845,-1.1573229341274334,-13.722676758309829,0.6295741068180681,59.45094793335893,0.2719344611720337,-0.027902577750189252,0.00015748,0.02791244688262241,0.00081957,1,0.0
12077,0.06832557482992109,0.000839236751626249,-1.54e-06,2.0297019070506708,4.771048392117648,-59.73876428968891,1.0052136313683062,3.3480666373873977,0.12067054082980143,-73.68205425945763,-1.1573229341274334,96.42527563832824,0.6295741068180681,54.48093001859418,0.2719344611720337,-0.009318291355444592,0.00015748,0.009381686191458774,0.00081957,1,0.0
12078,0.00016154414779318005,0.02025884622674696,-1.54e-06,2.0297019070506708,4.771048392117648,42.81888072419081,1.0052136313683062,10.07283592412538,0.12067054082980143,-6.8943527298411516,-1.1573229341274334,-97.14778298783328,0.6295741068180681,-9.305653211605854,0.2719344611720337,-0.04896178375412191,0.00015748,0.07229744411009285,0.00081957,1,0.0
12079,0.2150498218539625,0.007350099084109241,-1.54e-06,2.0297019070506708,4.771048392117648,-44.095310832957416,1.0052136313683062,11.849407522783546,0.12067054082980143,-54.179249749535785,-1.1573229341274334,-72.1351156153068,0.6295741068180681,58.915700652796865,0.2719344611720337,-0.059064537635511595,0.00015748,0.05905819659411641,0.00081957,1,0.0
12080,0.13808621538910912,0.005723464843893867,-1.54e-06,2.0297019070506708,4.771048392117648,-34.4100228374847,1.0052136313683062,10.359638311616704,0.12067054082980143,-56.39630624001942,-1.1573229341274334,-35.18670273040343,0.6295741068180681,48.71873237441789,0.2719344611720337,-0.05300436619942249,0.00015748,0.05316281753032574,0.00081957,1,0.0
12081,0.021940045198462405,4.375304884689082e-05,-1.54e-06,2.0297019070506708,4.771048392117648,-4.967417393131363,1.0052136313683062,0.22836674687678574,0.12067054082980143,-1.1101032335322607,-1.1573229341274334,-4.306134770452091,0.6295741068180681,4.16082428777408,0.2719344611720337,-0.0007580666646542179,0.00015748,0.0007704642369891802,0.00081957,1,0.0
12082,0.1944362169621375,0.007994438800613797,-1.54e-06,2.0297019070506708,4.771048392117648,-33.379056650741035,1.0052136313683062,11.583309048238068,0.12067054082980143,-47.36001677550822,-1.1573229341274334,-84.72790878466505,0.6295741068180681,51.63789216444997,0.2719344611720337,-0.06230103601459554,0.00015748,0.06245223209939291,0.00081957,1,0.0
12083,0.20068541626209507,0.018582213812016114,-1.54e-06,2.0297019070506708,4.771048392117648,-89.14124094648872,1.0052136313683062,-8.289251358125293,0.12067054082980143,-18.70067228312501,-1.1573229341274334,89.4784518135696,0.6295741068180681,53.79980054496017,0.2719344611720337,-0.06165069720670605,0.00015748,0.061645807858273,0.00081957,1,0.0
12084,0.10656946996878877,0.007505245397934669,-1.54e-06,2.0297019070506708,4.771048392117648,-34.293102263989844,1.0052136313683062,11.808147085777396,0.12067054082980143,-70.8000225796344,-1.1573229341274334,-13.08706663934515,0.6295741068180681,50.90454822547677,0.2719344611720337,-0.06020379349715683,0.00015748,0.06020660427974688,0.00081957,1,0.0
12085,1.3715343517406442e-05,0.05601934511025378,-1.54e-06,2.0297019070506708,4.771048392117648,60.185947818321395,1.0052136313683062,9.461689383851894,0.12067054082980143,-15.18452596649453,-1.1573229341274334,1.7349282724814168,0.6295741068180681,-22.198841586729504,0.2719344611720337,0.04249279199975628,0.00015748,0.07893470775934665,0.00081957,0,0.0
12086,0.03852038793554563,0.0057678826688715365,-1.54e-06,2.0297019070506708,4.771048392117648,-38.38488008581281,1.0052136313683062,10.299923855746693,0.12067054082980143,-85.9117886824167,-1.1573229341274334,53.85410517215696,0.6295741068180681,50.10093734339682,0.2719344611720337,-0.04944955167932855,0.00015748,0.0495261207673701,0.00081957,1,0.0
12087,0.004290493962191028,0.009171877469052826,-1.54e-06,2.0297019070506708,4.771048392117648,10.976510965911016,1.0052136313683062,10.046204878965346,0.12067054082980143,-34.66286226784433,-1.1573229341274334,-49.34829173512716,0.6295741068180681,12.83180475340105,0.2719344611720337,-0.060264699841381573,0.00015748,0.06034404038140085,0.00081957,1,0.0
12088,5.63884268288406e-05,0.0217929815764237,-1.54e-06,2.0297019070506708,4.771048392117648,29.48917191127386,1.0052136313683062,10.6566171076119,0.12067054082980143,-23.979026583613415,-1.1573229341274334,-50.001568338715146,0.6295741068180681,-1.1043897236950113,0.2719344611720337,-0.036678844161275925,0.00015748,0.06712759198694476,0.00081957,1,0.0
12089,0.1521036110600401,0.051469339265941896,-1.54e-06,2.0297019070506708,4.771048392117648,-35.33078187435503,1.0052136313683062,-8.981972060983828,0.12067054082980143,-13.779152107196898,-1.1573229341274334,-40.511257194945316,0.6295741068180681,48.54428047969043,0.2719344611720337,-0.10091129214709216,0.00015748,0.10272323313320236,0.00081957,1,0.0
12090,0.0606752462027082,0.00044479857973962625,-1.54e-06,2.0297019070506708,4.771048392117648,-56.2816395523366,1.0052136313683062,4.211495711289191,0.12067054082980143,-70.61402781479482,-1.1573229341274334,94.80939199022583,0.6295741068180681,49.904821390321274,0.2719344611720337,-0.013253482360158046,0.00015748,0.013264372895959838,0.00081957,1,0.0
12091,0.24778596164058617,0.008474891121478614,-1.54e-06,2.0297019070506708,4.771048392117648,-59.03213616763566,1.0052136313683062,13.258397473468639,0.12067054082980143,-69.04264672469064,-1.1573229341274334,-60.02321311294762,0.6295741068180681,72.2079534379737,0.2719344611720337,-0.0623467890115724,0.00015748,0.062286971935326264,0.00081957,1,0.0
12092,0.1288115536615184,0.0011733601333712542,-1.54e-06,2.0297019070506708,4.771048392117648,-53.441416359473806,1.0052136313683062,5.522240420583552,0.12067054082980143,-56.411764341941385,-1.1573229341274334,31.29746672157696,0.6295741068180681,51.50263974329436,0.2719344611720337,-0.019757321759032186,0.00015748,0.019750387014700867,0.00081957,1,0.0
12093,0.18142339459496928,0.16815942279075127,-1.54e-06,2.0297019070506708,4.771048392117648,9.812927346135464,1.0052136313683062,2.0488872737586847,0.12067054082980143,-92.41893284693401,-1.1573229341274334,31.137338171114994,0.6295741068180681,63.00823343793544,0.2719344611720337,-0.06506213856531902,0.00015748,0.23837164827608964,0.00081957,1,0.0
12094,0.13958284259626008,0.07009483781793908,-1.54e-06,2.0297019070506708,4.771048392117648,-52.432464273066,1.0052136313683062,19.62246247754138,0.12067054082980143,-56.976184603211266,-1.1573229341274334,34.68328629922912,0.6295741068180681,33.17997695953712,0.2719344611720337,-0.13037090314695238,0.00015748,0.13040149483869756,0.00081957,1,0.0
12095,0.0005392024823293595,0.03129558576663593,-1.54e-06,2.0297019070506708,4.771048392117648,-4.068403397349325,1.0052136313683062,13.390823889648534,0.12067054082980143,-30.851036589824183,-1.1573229341274334,17.173652896568413,0.6295741068180681,1.3925990118211067,0.2719344611720337,-0.07916358566989015,0.00015748,0.0829083310115784,0.00081957,1,0.0
12096,0.05034686698783032,0.0030221867213747903,-1.54e-06,2.0297019070506708,4.771048392117648,-38.27800621283846,1.0052136313683062,6.700698292295555,0.12067054082980143,-53.014321375618415,-1.1573229341274334,57.989426651594734,0.6295741068180681,33.646725979810995,0.2719344611720337,-0.031232141791265662,0.00015748,0.031460165345389916,0.00081957,1,0.0
12097,0.27831134472849883,0.004631626761646331,-1.54e-06,2.0297019070506708,4.771048392117648,-79.82181693737708,1.0052136313683062,6.457913846056215,0.12067054082980143,-54.34705999590546,-1.1573229341274334,-18.240968565975827,0.6295741068180681,74.75677686482479,0.2719344611720337,-0.021092559259496844,0.00015748,0.02109138036031876,0.00081957,1,0.0
12098,0.0002703998928673401,0.04298167474191855,-1.54e-06,2.0297019070506708,4.771048392117648,38.45505084121729,1.0052136313683062,5.3295069978838345,0.12067054082980143,-17.201280994140948,-1.1573229341274334,20.940000326382783,0.6295741068180681,-11.037115595767085,0.2719344611720337,0.0361239642373118,0.00015748,0.05679445296127541,0.00081957,0,0.0
12099,0.2689815468782747,0.004348165647369079,-1.54e-06,2.0297019070506708,4.771048392117648,-82.82123160973589,1.0052136313683062,7.944814261113559,0.12067054082980143,-65.86587673769522,-1.1573229341274334,-4.457755926824105,0.6295741068180681,78.72009215928439,0.2719344611720337,-0.02746868335034459,0.00015748,0.027489626900185218,0.00081957,1,0.0
12100,0.010571619003554786,0.003393741698600593,-1.54e-06,2.185997095306893,5.360117189069793,-34.15347196879623,1.0052136313683062,7.492536959620376,0.12067054082980143,-50.69059505751175,-1.1573229341274334,82.11171754736515,0.6295741068180681,23.14633275484552,0.2719344611720337,-0.028648258099325457,0.00015748,0.028616383887938104,0.00081957,1,0.0
12101,0.008427787059123726,0.011902802952869992,-1.54e-06,2.185997095306893,5.360117189069793,-4.367480946096407,1.0052136313683062,8.060481653125764,0.12067054082980143,-1.8693714146766123,-1.1573229341274334,19.349743353805955,0.6295741068180681,-10.259280135403609,0.2719344611720337,-0.048864488030993795,0.00015748,0.04890935300750752,0.00081957,1,0.0
12102,0.03689008041187252,0.0005925580153983572,-1.54e-06,2.185997095306893,5.360117189069793,-0.23986515341507897,1.0052136313683062,4.021058036300391,0.12067054082980143,-8.730459788678296,-1.1573229341274334,-58.8927911920059,0.6295741068180681,10.676640980495462,0.2719344611720337,-0.01704418046779649,0.00015748,0.017046403064152924,0.00081957,1,0.0
12103,0.0005182300525543582,0.012512445098356983,-1.54e-06,2.185997095306893,5.360117189069793,29.066506201492786,1.0052136313683062,8.673636553720145,0.12067054082980143,-24.810733603478806,-1.1573229341274334,-43.9333819205302,0.6295741068180681,0.5298336477015048,0.2719344611720337,-0.016669738290913623,0.00015748,0.038439569912002064,0.00081957,1,0.0
12104,0.11806252573564208,0.02850072335572254,-1.54e-06,2.185997095306893,5.360117189069793,-59.371732536954084,1.0052136313683062,-11.548086290414348,0.12067054082980143,-24.533894067244812,-1.1573229341274334,-7.087749217646988,0.6295741068180681,61.589119750734845,0.2719344611720337,-0.06779118023749521,0.00015748,0.0683467375839188,0.00081957,1,0.0
12105,0.0008919986357777271,0.004158208609403649,-1.54e-06,2.185997095306893,5.360117189069793,27.381952920514,1.0052136313683062,8.566281550458111,0.12067054082980143,-5.980534207118875,-1.1573229341274334,-86.70639015767985,0.6295741068180681,-5.7205804165055545,0.2719344611720337,-0.02749811610365724,0.00015748,0.03011577448822679,0.00081957,1,0.0
12106,0.0761007128505849,0.0005336430899677755,-1.54e-06,2.185997095306893,5.360117189069793,-55.61704516591159,1.0052136313683062,6.130135761773859,0.12067054082980143,-64.52384574915118,-1.1573229341274334,43.22573483047744,0.6295741068180681,51.23018805008433,0.2719344611720337,-0.015450011832010708,0.00015748,0.015502452105198667,0.00081957,1,0.0
12107,0.07068007676811391,0.0014916444083992548,-1.54e-06,2.185997095306893,5.360117189069793,-17.56015018681704,1.0052136313683062,7.617821113946772,0.12067054082980143,-32.66623396597016,-1.1573229341274334,-62.000303496718615,0.6295741068180681,29.69451919244406,0.2719344611720337,-0.027030527382281042,0.00015748,0.02704006269246882,0.00081957,1,0.0
12108,0.11381668644688848,0.0006368108688531947,-1.54e-06,2.185997095306893,5.360117189069793,-56.199479729307356,1.0052136313683062,5.448618090535212,0.12067054082980143,-47.61578110376743,-1.1573229341274334,-0.41865003785433486,0.6295741068180681,50.46314341088527,0.2719344611720337,-0.013199121591789336,0.00015748,0.013216202475066234,0.00081957,1,0.0
12109,0.027212424005351357,0.0002991052394093148,-1.54e-06,2.185997095306893,5.360117189069793,-45.434165106733275,1.0052136313683062,4.813329234379874,0.12067054082980143,-64.15061380618525,-1.1573229341274334,80.04942550318934,0.6295741068180681,40.660058081029376,0.2719344611720337,-0.011559161087929218,0.00015748,0.011562829014677995,0.00081957,1,0.0
12110,-3.0384880139178172e-05,0.036396334250324305,-1.54e-06,2.185997095306893,5.360117189069793,59.31173060938029,1.0052136313683062,21.091736216319763,0.12067054082980143,-80.22716998035041,-1.1573229341274334,-99.05265833841808,0.6295741068180681,16.261005769694407,0.2719344611720337,-0.05339198890565341,0.00015748,0.10095323155112651,0.00081957,1,0.0
12111,0.18140840724106475,0.003798921572780556,-1.54e-06,2.185997095306893,5.360117189069793,-72.22538671791756,1.0052136313683062,-2.1188640876041434,0.12067054082980143,-5.197203771501509,-1.1573229341274334,-21.337131763844766,0.6295741068180681,47.759815479231804,0.2719344611720337,-0.014324204929453997,0.00015748,0.014386990790658208,0.00081957,1,0.0
12112,-6.418295235115223e-06,0.0035319617867348757,-1.54e-06,2.185997095306893,5.360117189069793,-8.159487182202291,1.0052136313683062,1.5942772414809934,0.12067054082980143,-15.711770591765747,-1.1573229341274334,42.83253300585549,0.6295741068180681,5.088047554186602,0.2719344611720337,-0.005092943119441874,0.00015748,0.011661978454595866,0.00081957,1,0.0
12113,0.10249913096276955,0.001800674698616917,-1.54e-06,2.185997095306893,5.360117189069793,-34.53984315980563,1.0052136313683062,7.641113481744303,0.12067054082980143,-44.57739903904775,-1.1573229341274334,-58.992608701305784,0.6295741068180681,45.0000021985319,0.2719344611720337,-0.029317208780221815,0.00015748,0.0293425377412908,0.00081957,1,0.0
12114,7.290830267712989e-05,0.018708062678585755,-1.54e-06,2.185997095306893,5.360117189069793,17.075215376420072,1.0052136313683062,3.82324484266796,0.12067054082980143,-35.64446622822902,-1.1573229341274334,35.52162236268222,0.6295741068180681,8.212490412096688,0.2719344611720337,0.000665806722973717,0.00015748,0.03623578086789221,0.00081957,0,0.0
12115,0.21131184520957397,0.007339512180847399,-1.54e-06,2.185997095306893,5.360117189069793,-82.56290171068161,1.0052136313683062,15.231153940439711,0.12067054082980143,-64.59662986382726,-1.1573229341274334,-50.84064988453101,0.6295741068180681,70.9483118385406,0.2719344611720337,-0.04247249213680692,0.00015748,0.04255544795119431,0.00081957,1,0.0
12116,0.1163027954429499,0.0016679106841021116,-1.54e-06,2.185997095306893,5.360117189069793,-63.26276310972037,1.0052136313683062,-0.9075305561439717,0.12067054082980143,-29.832569587931385,-1.1573229341274334,27.038933705660895,0.6295741068180681,47.01639125304663,0.2719344611720337,-0.007165530209689328,0.00015748,0.0071654385056916185,0.00081957,1,0.0
12117,0.0003176367835773103,0.013531475157286598,-1.54e-06,2.185997095306893,5.360117189069793,11.418966336703743,1.0052136313683062,5.5993142043213915,0.12067054082980143,-32.21325793057923,-1.1573229341274334,30.41011943697277,0.6295741068180681,5.827339730512557,0.2719344611720337,0.0023383017918296115,0.00015748,0.024846129945452634,0.00081957,0,0.0
12118,0.2100102157733486,0.0020255905915656687,-1.54e-06,2.185997095306893,5.360117189069793,-92.78295921236588,1.0052136313683062,6.700763128071626,0.12067054082980143,-60.08660882779142,-1.1573229341274334,-23.07142176420464,0.6295741068180681,79.52581601640266,0.2719344611720337,-0.01442056387867847,0.00015748,0.014443791729597854,0.00081957,1,0.0
12119,0.0008355064653246258,0.02810802512988704,-1.54e-06,2.185997095306893,5.360117189069793,38.465399392290344,1.0052136313683062,8.024000700383576,0.12067054082980143,-52.29004563336351,-1.1573229341274334,-86.82239703193294,0.6295741068180681,21.380664938320106,0.2719344611720337,-0.05742076985824107,0.00015748,0.08583374702554691,0.00081957,1,0.0
12120,0.1374245469787403,0.001353560159934965,-1.54e-06,2.185997095306893,5.360117189069793,-61.0503405244815,1.0052136313683062,8.582953861777751,0.12067054082980143,-60.07457914622063,-1.1573229341274334,-25.420219568761482,0.6295741068180681,60.7615472150622,0.2719344611720337,-0.024102791075217248,0.00015748,0.024105568811385848,0.00081957,1,0.0
12121,0.014087053809798578,0.008023743084703279,-1.54e-06,2.185997095306893,5.360117189069793,12.545219197284391,1.0052136313683062,14.513888951261428,0.12067054082980143,-54.14067193726553,-1.1573229341274334,-94.19159750852157,0.6295741068180681,23.25607306422871,0.2719344611720337,-0.055622533666378024,0.00015748,0.05569506344135204,0.00081957,1,0.0
12122,0.0003912131728668611,0.027337459031193126,-1.54e-06,2.185997095306893,5.360117189069793,34.745833307538746,1.0052136313683062,16.461372861770748,0.12067054082980143,-30.16715281533853,-1.1573229341274334,-18.879251912736244,0.6295741068180681,-11.577841174018513,0.2719344611720337,-0.030878586652238818,0.00015748,0.06271131150760681,0.00081957,1,0.0
12123,0.0006101120407038529,0.009588771048913747,-1.54e-06,2.185997095306893,5.360117189069793,1.29709536740287,1.0052136313683062,15.824289080447645,0.12067054082980143,-56.714290571863565,-1.1573229341274334,-22.629048042792434,0.6295741068180681,16.50480700551993,0.2719344611720337,-0.046418124977053374,0.00015748,0.04800819965218368,0.00081957,1,0.0
12124,0.00017647370273883578,0.003485481059315169,-1.54e-06,2.185997095306893,5.360117189069793,8.166056059213004,1.0052136313683062,6.375981802206462,0.12067054082980143,-7.4577108102367395,-1.1573229341274334,-19.182768345241403,0.6295741068180681,-4.221112161455579,0.2719344611720337,-0.02074568343540868,0.00015748,0.02261979857140373,0.00081957,1,0.0
12125,0.13399146915500784,0.0037747245873253855,-1.54e-06,2.185997095306893,5.360117189069793,-80.72892108485688,1.0052136313683062,-3.731348534819371,0.12067054082980143,-23.589929944063606,-1.1573229341274334,66.93514377899109,0.6295741068180681,49.0606843199503,0.2719344611720337,-0.02271690319290918,0.00015748,0.022758995174323865,0.00081957,1,0.0
12126,0.1245338083349125,0.005266503642298785,-1.54e-06,2.185997095306893,5.360117189069793,-40.95909151483328,1.0052136313683062,13.734856075788944,0.12067054082980143,-74.27123690311588,-1.1573229341274334,-86.12065332482298,0.6295741068180681,62.73039423044637,0.2719344611720337,-0.050883575608216894,0.00015748,0.050882634862934845,0.00081957,1,0.0
12127,0.0020503000028244955,0.06573162874363929,-1.54e-06,2.185997095306893,5.360117189069793,78.32804801180824,1.0052136313683062,4.883490398636345,0.12067054082980143,-59.515922478555424,-1.1573229341274334,47.39320872985816,0.6295741068180681,2.8627899956215273,0.2719344611720337,-0.0052756902154577,0.00015748,0.12077602144509933,0.00081957,1,0.0
12128,2.3638415157289927e-05,0.04510906424428094,-1.54e-06,2.185997095306893,5.360117189069793,74.86984994538145,1.0052136313683062,4.930800402714266,0.12067054082980143,-0.26804867121020487,-1.1573229341274334,50.395925578737646,0.6295741068180681,-34.58650127877068,0.2719344611720337,0.03776688269383845,0.00015748,0.05690995488367588,0.00081957,0,0.0
12129,0.00036541150973053507,0.002183742343224144,-1.54e-06,2.185997095306893,5.360117189069793,-29.68235051924543,1.0052136313683062,-0.7073611591623336,0.12067054082980143,-15.16560580275595,-1.1573229341274334,99.4865928022925,0.6295741068180681,7.526720755691422,0.2719344611720337,-0.027555189039410323,0.00015748,0.02771874848846813,0.00081957,1,0.0
12130,0.01176313211025079,0.015906595735650703,-1.54e-06,2.185997095306893,5.360117189069793,-1.855263698390361,1.0052136313683062,13.34062176288824,0.12067054082980143,-89.27708981150192,-1.1573229341274334,-11.610043823366343,0.6295741068180681,41.47200963188745,0.2719344611720337,-0.04692190756151648,0.00015748,0.06409548420863975,0.00081957,1,0.0
12131,0.12413789791104891,0.0009023329370115545,-1.54e-06,2.185997095306893,5.360117189069793,-31.741720063190442,1.0052136313683062,5.171924338439282,0.12067054082980143,-16.249148785901973,-1.1573229341274334,-82.09271500656864,0.6295741068180681,34.41907009776111,0.2719344611720337,-0.016416181311805556,0.00015748,0.01645022329728539,0.00081957,1,0.0
12132,0.00033723844131796493,0.015909175236085676,-1.54e-06,2.185997095306893,5.360117189069793,28.583819508955344,1.0052136313683062,4.200691668647354,0.12067054082980143,-12.393863276718697,-1.1573229341274334,-1.625069394756852,0.6295741068180681,-6.072950238437692,0.2719344611720337,0.006577119132989025,0.00015748,0.025845783792068307,0.00081957,0,0.0
12133,0.16385531922098043,0.0023634008357452216,-1.54e-06,2.185997095306893,5.360117189069793,-69.89187150580145,1.0052136313683062,10.39735423038665,0.12067054082980143,-72.80611797976246,-1.1573229341274334,-42.26801285370932,0.6295741068180681,73.5487614446968,0.2719344611720337,-0.03239792858964163,0.00015748,0.03246371222816596,0.00081957,1,0.0
12134,0.05742667046871884,0.001558927911074437,-1.54e-06,2.185997095306893,5.360117189069793,-28.805274446686955,1.0052136313683062,8.048738427410468,0.12067054082980143,-52.750847982980076,-1.1573229341274334,-15.480842168821365,0.6295741068180681,38.35854366080507,0.2719344611720337,-0.027094165301960176,0.00015748,0.027141088015802707,0.00081957,1,0.0
12135,0.08147029617330506,0.000524510008940826,-1.54e-06,2.185997095306893,5.360117189069793,-61.15790495181065,1.0052136313683062,5.957851318279414,0.12067054082980143,-69.09397198548686,-1.1573229341274334,51.08836495345344,0.6295741068180681,55.59925066702913,0.2719344611720337,-0.014923746078235432,0.00015748,0.014929675066353619,0.00081957,1,0.0
12136,0.00022177740795349676,0.0206294024779534,-1.54e-06,2.185997095306893,5.360117189069793,39.77134848696945,1.0052136313683062,5.691172268867565,0.12067054082980143,-14.13580544732464,-1.1573229341274334,-9.396593493053716,0.6295741068180681,-9.394989199141786,0.2719344611720337,0.007714400562688571,0.00015748,0.03446709244811096,0.00081957,0,0.0
12137,0.00029162123469406165,0.014762811022655333,-1.54e-06,2.185997095306893,5.360117189069793,-10.218989506119659,1.0052136313683062,17.65036239583538,0.12067054082980143,-76.15811687474437,-1.1573229341274334,29.48269091456977,0.6295741068180681,23.496963739011328,0.2719344611720337,-0.04699132015971837,0.00015748,0.054825703394186895,0.00081957,1,0.0
12138,0.019462721710401948,0.00020368125828700828,-1.54e-06,2.185997095306893,5.360117189069793,-38.514127618043936,1.0052136313683062,0.025275066595973575,0.12067054082980143,-36.29097006282844,-1.1573229341274334,83.18186320803034,0.6295741068180681,26.395714818211186,0.2719344611720337,-0.005806646169377705,0.00015748,0.005876105678437415,0.00081957,1,0.0
12139,0.02698388787877838,0.009488062340064454,-1.54e-06,2.185997095306893,5.360117189069793,5.002958439636511,1.0052136313683062,4.337367786116418,0.12067054082980143,-36.186357820531555,-1.1573229341274334,-88.41777625376605,0.6295741068180681,28.78054225057047,0.2719344611720337,-0.0551168496530072,0.00015748,0.05560887322981106,0.00081957,1,0.0
12140,1.842873593957406e-05,0.015341476517454187,-1.54e-06,2.185997095306893,5.360117189069793,8.618613847196766,1.0052136313683062,15.880613258860881,0.12067054082980143,-82.9630412397327,-1.1573229341274334,-30.680635162235742,0.6295741068180681,31.951162186831386,0.2719344611720337,-0.049539686296684704,0.00015748,0.06415330567875441,0.00081957,1,0.0
12141,0.03738829766746522,0.0018012964896177782,-1.54e-06,2.185997095306893,5.360117189069793,-4.338616772357149,1.0052136313683062,7.480497122249963,0.12067054082980143,-29.68256514525204,-1.1573229341274334,-57.123894502260214,0.6295741068180681,20.26317753933207,0.2719344611720337,-0.02827033336275995,0.00015748,0.02825411345549015,0.00081957,1,0.0
12142,7.89846799580593e-05,0.020090949013004362,-1.54e-06,2.185997095306893,5.360117189069793,20.610703048632523,1.0052136313683062,2.9429507349274933,0.12067054082980143,-15.168236615784625,-1.1573229341274334,54.24153415946545,0.6295741068180681,-6.897569735890677,0.2719344611720337,0.014101653144127816,0.00015748,0.026778308641364563,0.00081957,0,0.0
12143,0.06783550209350503,0.00035646857008318365,-1.54e-06,2.185997095306893,5.360117189069793,-37.3685229275326,1.0052136313683062,0.7180164433652239,0.12067054082980143,-19.577728053653615,-1.1573229341274334,18.16354274541137,0.6295741068180681,26.924374837697282,0.2719344611720337,-0.003938023221538123,0.00015748,0.003939110824211708,0.00081957,1,0.0
12144,0.03288690546706144,0.0063896913093590526,-1.54e-06,2.185997095306893,5.360117189069793,1.6422998706457357,1.0052136313683062,13.497362777431558,0.12067054082980143,-54.92116158987991,-1.1573229341274334,-84.93600848037941,0.6295741068180681,29.10491826892032,0.2719344611720337,-0.05103919630733518,0.00015748,0.05113763624905143,0.00081957,1,0.0
12145,0.0004409224644746912,0.02750594374142949,-1.54e-06,2.185997095306893,5.360117189069793,26.803553303871627,1.0052136313683062,12.558039168414707,0.12067054082980143,-38.377458271311035,-1.1573229341274334,43.665573607685715,0.6295741068180681,-6.012116958419716,0.2719344611720337,-0.009011746035753006,0.00015748,0.05456926793387589,0.00081957,1,0.0
12146,0.43560371130724584,0.15695308938097602,-1.54e-06,2.185997095306893,5.360117189069793,43.64491703870863,1.0052136313683062,7.429405814706377,0.12067054082980143,-19.881439622290845,-1.1573229341274334,32.48245697419391,0.6295741068180681,28.54495597888811,0.2719344611720337,0.08210582222436108,0.00015748,0.1777730876248229,0.00081957,0,0.0
12147,0.1146096728259057,0.002197696109122185,-1.54e-06,2.185997095306893,5.360117189069793,-59.020523908965195,1.0052136313683062,10.976206646439065,0.12067054082980143,-78.6290550507784,-1.1573229341274334,-9.655979854916954,0.6295741068180681,64.5547446952866,0.2719344611720337,-0.03310800638580574,0.00015748,0.03311346016947738,0.00081957,1,0.0
12148,-4.3001749277404855e-05,0.02945742047716104,-1.54e-06,2.185997095306893,5.360117189069793,13.961842287495125,1.0052136313683062,11.477887769777322,0.12067054082980143,-95.51991714478935,-1.1573229341274334,44.48891284186753,0.6295741068180681,35.593554299867044,0.2719344611720337,-0.026511500121214983,0.00015748,0.07472209985489425,0.00081957,1,0.0
12149,0.06238390958124189,0.0013641900544694992,-1.54e-06,2.185997095306893,5.360117189069793,-7.57977599538432,1.0052136313683062,6.212955471156982,0.12067054082980143,-20.15723794743842,-1.1573229341274334,-78.08950809128815,0.6295741068180681,21.852658931777817,0.2719344611720337,-0.025840211194285558,0.00015748,0.02587057116168678,0.00081957,1,0.0
12150,0.020642162587874963,0.03948689091971423,-1.54e-06,2.185997095306893,5.360117189069793,32.57529655311735,1.0052136313683062,16.567390409520574,0.12067054082980143,-99.99814129252513,-1.1573229341274334,-88.78502873383253,0.6295741068180681,43.82352219304508,0.2719344611720337,-0.07253372679453486,0.00015748,0.11123682143250573,0.00081957,1,0.0
12151,0.03231408493881971,0.005714231163190392,-1.54e-06,2.185997095306893,5.360117189069793,-28.399475385366834,1.0052136313683062,13.06429652171965,0.12067054082980143,-90.36188244751855,-1.1573229341274334,-2.8925114959280287,0.6295741068180681,51.28759808242859,0.2719344611720337,-0.04837481078751418,0.00015748,0.04844605548588535,0.00081957,1,0.0
12152,0.06700996326342032,0.0017921338666719204,-1.54e-06,2.185997095306893,5.360117189069793,-31.925060653348407,1.0052136313683062,8.994098982716725,0.12067054082980143,-56.144917648857486,-1.1573229341274334,-20.193163443926498,0.6295741068180681,41.62163961280873,0.2719344611720337,-0.029194704894585737,0.00015748,0.02923033912631801,0.00081957,1,0.0
12153,0.029006743322998213,0.0043695848929825,-1.54e-06,2.185997095306893,5.360117189069793,-13.666200436751774,1.0052136313683062,11.514465779516202,0.12067054082980143,-64.63563205863794,-1.1573229341274334,-32.95815750806817,0.6295741068180681,35.974709268942114,0.2719344611720337,-0.042487762134032984,0.00015748,0.04252829009939498,0.00081957,1,0.0
12154,0.17440670702046512,0.06674277542913716,-1.54e-06,2.185997095306893,5.360117189069793,-3.031289048047988,1.0052136313683062,8.641035167416998,0.12067054082980143,-99.96328669846223,-1.1573229341274334,53.38222172968128,0.6295741068180681,63.45276783025339,0.2719344611720337,0.004591484843247902,0.00015748,0.11077098796432663,0.00081957,0,0.0
12155,0.07381340482549818,0.00026569425768271796,-1.54e-06,2.185997095306893,5.360117189069793,-64.09356587639945,1.0052136313683062,4.023294429119015,0.12067054082980143,-63.37636013441725,-1.1573229341274334,76.50674272866128,0.6295741068180681,51.724764154828094,0.2719344611720337,-0.00780026136460542,0.00015748,0.007805760364374895,0.00081957,1,0.0
12156,0.0033461926513677076,0.001695210135335448,-1.54e-06,2.185997095306893,5.360117189069793,-15.705960371587603,1.0052136313683062,7.0265001545683585,0.12067054082980143,-53.64796632943117,-1.1573229341274334,17.818973303844526,0.6295741068180681,27.245660052444475,0.2719344611720337,-0.025207930989013298,0.00015748,0.025232743427657522,0.00081957,1,0.0
12157,-0.0002462991154264238,0.03326941159540224,-1.54e-06,2.185997095306893,5.360117189069793,8.791775639207124,1.0052136313683062,-4.032448519405514,0.12067054082980143,-40.219914290898316,-1.1573229341274334,66.9028026888866,0.6295741068180681,20.75073502923308,0.2719344611720337,-0.02806754571848407,0.00015748,0.07071105548349627,0.00081957,1,0.0
12158,0.06332829904044177,0.0008769283411040888,-1.54e-06,2.185997095306893,5.360117189069793,0.6703650087978488,1.0052136313683062,5.344125497383873,0.12067054082980143,-1.758537794640869,-1.1573229341274334,-95.35249083524441,0.6295741068180681,11.05534146643503,0.2719344611720337,-0.019684992894633557,0.00015748,0.01973142674171557,0.00081957,1,0.0
12159,0.1102486311228543,0.0014564149341497487,-1.54e-06,2.185997095306893,5.360117189069793,-21.780449901316906,1.0052136313683062,7.585698630293205,0.12067054082980143,-21.75101108200396,-1.1573229341274334,-98.85856780687249,0.6295741068180681,32.28446585386124,0.2719344611720337,-0.026077378001073164,0.00015748,0.02608780334726107,0.00081957,1,0.0
12160,0.01087085951564122,0.0007153031375250357,-1.54e-06,2.185997095306893,5.360117189069793,5.6076655570188105,1.0052136313683062,4.0153903144197525,0.12067054082980143,-11.596386042683877,-1.1573229341274334,-42.452087921075844,0.6295741068180681,6.288804378908161,0.2719344611720337,-0.017370663731985904,0.00015748,0.017365618540527643,0.00081957,1,0.0
12161,9.407322823572206e-05,0.011273498112148903,-1.54e-06,2.185997095306893,5.360117189069793,-24.241683414131693,1.0052136313683062,6.5846065388176,0.12067054082980143,-85.44954664438544,-1.1573229341274334,86.04870226857548,0.6295741068180681,42.216219260685186,0.2719344611720337,-0.01969799349748628,0.00015748,0.03743994452162574,0.00081957,1,0.0
12162,0.00043248181076405157,0.058527820786807454,-1.54e-06,2.185997095306893,5.360117189069793,87.93207368819193,1.0052136313683062,18.68498264550133,0.12067054082980143,-37.3255571759182,-1.1573229341274334,39.174900739230125,0.6295741068180681,-32.56089182008104,0.2719344611720337,0.0176057954186815,0.00015748,0.09059909433909237,0.00081957,0,0.0
12163,0.21392563630509814,0.008172593424891579,-1.54e-06,2.185997095306893,5.360117189069793,-91.50760918915229,1.0052136313683062,-0.25700707177119314,0.12067054082980143,-4.705501255290179,-1.1573229341274334,5.1298187609499895,0.6295741068180681,50.5243678648306,0.2719344611720337,-0.03592255172279983,0.00015748,0.03575415990539453,0.00081957,1,0.0
12164,8.733971917473937e-05,0.01042639831359797,-1.54e-06,2.185997095306893,5.360117189069793,-7.248225190578241,1.0052136313683062,10.481353088217046,0.12067054082980143,-32.91442328759434,-1.1573229341274334,36.81147879139345,0.6295741068180681,4.127837363991049,0.2719344611720337,-0.036813024983379,0.00015748,0.04209516528445338,0.00081957,1,0.0
12165,3.090997225910219e-06,0.010606491495662703,-1.54e-06,2.185997095306893,5.360117189069793,2.917081013556959,1.0052136313683062,4.476739986577727,0.12067054082980143,-44.58788362795759,-1.1573229341274334,14.052190454391313,0.6295741068180681,19.698753572075066,0.2719344611720337,-0.018908035975899656,0.00015748,0.03605548735133101,0.00081957,1,0.0
12166,0.0003642158546686147,0.029706424343493305,-1.54e-06,2.185997095306893,5.360117189069793,65.3573026671321,1.0052136313683062,15.65558133656737,0.12067054082980143,-40.1118508783701,-1.1573229341274334,-84.33923272937895,0.6295741068180681,-5.248562797146594,0.2719344611720337,-0.023974234424686672,0.00015748,0.07459316381300302,0.00081957,1,0.0
12167,0.21309331882636384,0.08037908083404376,-1.54e-06,2.185997095306893,5.360117189069793,74.82422348773886,1.0052136313683062,25.2217252619313,0.12067054082980143,-85.06468513756867,-1.1573229341274334,-90.01781023564692,0.6295741068180681,28.936648674953208,0.2719344611720337,0.025255044637714018,0.00015748,0.1393043183462569,0.00081957,0,0.0
12168,0.09740392610797818,0.0006984346452825835,-1.54e-06,2.185997095306893,5.360117189069793,-32.8226856805319,1.0052136313683062,5.34289153969305,0.12067054082980143,-28.493594335924,-1.1573229341274334,-46.35222814179967,0.6295741068180681,35.42826985292737,0.2719344611720337,-0.016791338182481328,0.00015748,0.016821331917516284,0.00081957,1,0.0
12169,8.440756911207159e-05,0.024564829443114614,-1.54e-06,2.185997095306893,5.360117189069793,29.964897839063156,1.0052136313683062,10.208617245384483,0.12067054082980143,-44.06746523256748,-1.1573229341274334,32.653907621522755,0.6295741068180681,1.2547375182612557,0.2719344611720337,0.004746762715923478,0.00015748,0.04411643133372006,0.00081957,0,0.0
12170,6.433425142240989e-06,0.04102258083977138,-1.54e-06,2.185997095306893,5.360117189069793,60.41311239554577,1.0052136313683062,5.694098187392579,0.12067054082980143,-1.6719618227549549,-1.1573229341274334,61.60382415634977,0.6295741068180681,-31.869168739068385,0.2719344611720337,0.02181244760374965,0.00015748,0.059875602990237795,0.00081957,0,0.0
12171,5.603092638967189e-05,0.04946045845557753,-1.54e-06,2.185997095306893,5.360117189069793,78.49753428515606,1.0052136313683062,12.905747924812458,0.12067054082980143,-49.96097450780259,-1.1573229341274334,47.90186930420201,0.6295741068180681,-14.744486781406525,0.2719344611720337,0.0328926617438083,0.00015748,0.07430976385592114,0.00081957,0,0.0
12172,0.08812168006020077,0.016985248468030484,-1.54e-06,2.185997095306893,5.360117189069793,-39.40654509952221,1.0052136313683062,19.217666001994477,0.12067054082980143,-64.05519530110827,-1.1573229341274334,-10.674107000355127,0.6295741068180681,35.52886707600023,0.2719344611720337,-0.06173032755060615,0.00015748,0.06177786789200828,0.00081957,1,0.0
12173,0.0739500208978259,0.024855094565821315,-1.54e-06,2.185997095306893,5.360117189069793,-19.82998430398686,1.0052136313683062,9.599893064577008,0.12067054082980143,-90.40631542165136,-1.1573229341274334,42.478693212438785,0.6295741068180681,52.33799334816501,0.2719344611720337,-0.015604936734359254,0.00015748,0.059493091335000206,0.00081957,1,0.0
12174,0.00010210204475230578,0.05328242476623365,-1.54e-06,2.185997095306893,5.360117189069793,45.43002809472994,1.0052136313683062,18.3136066076125,0.12067054082980143,-20.385795168452464,-1.1573229341274334,37.989746869980614,0.6295741068180681,-30.33522593930215,0.2719344611720337,-0.03996697236964316,0.00015748,0.0957853751236242,0.00081957,1,0.0
12175,-3.0396478967770202e-05,0.029176375356402724,-1.54e-06,2.185997095306893,5.360117189069793,51.89242853651766,1.0052136313683062,12.738141205763279,0.12067054082980143,-47.959359370613086,-1.1573229341274334,-31.381068604846384,0.6295741068180681,1.420993498612326,0.2719344611720337,-0.012584781655031553,0.00015748,0.067135134287127,0.00081957,1,0.0
12176,0.00046579345394529015,0.008504285259086843,-1.54e-06,2.185997095306893,5.360117189069793,-1.4425060284221791,1.0052136313683062,14.08332887764294,0.12067054082980143,-45.98169698703925,-1.1573229341274334,-9.502531767478477,0.6295741068180681,11.30345998760525,0.2719344611720337,-0.043030418562388685,0.00015748,0.04326391590639734,0.00081957,1,0.0
12177,0.12879199618954906,0.0008698987408107871,-1.54e-06,2.185997095306893,5.360117189069793,-44.04646234843297,1.0052136313683062,3.2302717284961955,0.12067054082980143,-20.274375463350772,-1.1573229341274334,-49.93787776624501,0.6295741068180681,39.92161059267687,0.2719344611720337,-0.009177064502765803,0.00015748,0.009156023283121751,0.00081957,1,0.0
12178,0.1580355270033321,0.0011570770643988674,-1.54e-06,2.185997095306893,5.360117189069793,-67.51277102412665,1.0052136313683062,5.233388709788459,0.12067054082980143,-44.24600058868087,-1.1573229341274334,-25.023707399653652,0.6295741068180681,59.19693180077689,0.2719344611720337,-0.012188900127151724,0.00015748,0.012202268757162108,0.00081957,1,0.0
12179,0.00031842680985613714,0.009819041749484177,-1.54e-06,2.185997095306893,5.360117189069793,-6.0728946124303675,1.0052136313683062,6.900975069172461,0.12067054082980143,-51.03140446539629,-1.1573229341274334,53.14187217097426,0.6295741068180681,18.429541804354727,0.2719344611720337,-0.006465743234307368,0.00015748,0.02518824754363598,0.00081957,1,0.0
12180,0.24911509136706605,0.0043340582033247355,-1.54e-06,2.185997095306893,5.360117189069793,-88.26208301212046,1.0052136313683062,2.249727874645051,0.12067054082980143,-14.408824214746986,-1.1573229341274334,-68.35652706330657,0.6295741068180681,64.48952833856555,0.2719344611720337,-0.008662800541707143,0.00015748,0.00866245741675118,0.00081957,1,0.0
12181,0.00017063964642538565,0.018299833520743033,-1.54e-06,2.185997095306893,5.360117189069793,38.38174209651997,1.0052136313683062,11.018318956279861,0.12067054082980143,-23.59044167628986,-1.1573229341274334,-37.45220849220477,0.6295741068180681,-7.0503468879106475,0.2719344611720337,-0.011577269052743987,0.00015748,0.04359097404139896,0.00081957,1,0.0
12182,3.9414216579936046e-05,0.030959981954505333,-1.54e-06,2.185997095306893,5.360117189069793,42.89752481247288,1.0052136313683062,19.432828753649982,0.12067054082980143,-83.98132138002764,-1.1573229341274334,-59.653185383878345,0.6295741068180681,21.082261939767555,0.2719344611720337,-0.04607544699090915,0.00015748,0.08869793142607693,0.00081957,1,0.0
12183,8.432316395376449e-05,0.003797579482550772,-1.54e-06,2.185997095306893,5.360117189069793,-22.946517653358956,1.0052136313683062,5.037519826986762,0.12067054082980143,-46.54959337746366,-1.1573229341274334,76.35998615115463,0.6295741068180681,20.30895451933123,0.2719344611720337,-0.010590925646675468,0.00015748,0.016907118612627493,0.00081957,1,0.0
12184,0.22657349645487596,0.0025909532839337598,-1.54e-06,2.185997095306893,5.360117189069793,-74.62890367774575,1.0052136313683062,5.671403450716069,0.12067054082980143,-25.14938489387168,-1.1573229341274334,-88.43900111156111,0.6295741068180681,62.76490205413769,0.2719344611720337,-0.01187113792360337,0.00015748,0.011862417395174114,0.00081957,1,0.0
12185,0.00025936196007323234,0.003678033970498685,-1.54e-06,2.185997095306893,5.360117189069793,-21.85698042775768,1.0052136313683062,1.8487275159919216,0.12067054082980143,-35.61300502111193,-1.1573229341274334,79.09720708947941,0.6295741068180681,17.14908380875946,0.2719344611720337,-0.002224280093434188,0.00015748,0.009483173054025075,0.00081957,1,0.0
12186,0.00020860934357744276,0.03407908693378174,-1.54e-06,2.185997095306893,5.360117189069793,72.6009235164556,1.0052136313683062,9.479939275965426,0.12067054082980143,-5.004219583111147,-1.1573229341274334,-24.07740362965081,0.6295741068180681,-28.35864481467244,0.2719344611720337,0.020503065574398696,0.00015748,0.04908436359791166,0.00081957,0,0.0
12187,0.0028710861334967086,0.0030632662528201965,-1.54e-06,2.185997095306893,5.360117189069793,-12.340778287558729,1.0052136313683062,8.81730153255064,0.12067054082980143,-61.046625013996696,-1.1573229341274334,1.8486138099389902,0.6295741068180681,30.34348042512543,0.2719344611720337,-0.03415695163007025,0.00015748,0.03416058435016503,0.00081957,1,0.0
12188,4.0284155161551816e-05,0.037919422075976414,-1.54e-06,2.185997095306893,5.360117189069793,42.003839007772065,1.0052136313683062,17.295379723236657,0.12067054082980143,-87.61763475126413,-1.1573229341274334,43.82041199218985,0.6295741068180681,14.321506688319479,0.2719344611720337,-0.004640058069775133,0.00015748,0.07804256991634016,0.00081957,1,0.0
12189,0.0003057332596023976,0.053967371610018876,-1.54e-06,2.185997095306893,5.360117189069793,71.36857480753463,1.0052136313683062,15.172193892996782,0.12067054082980143,-67.49177035968216,-1.1573229341274334,96.87579664112158,0.6295741068180681,-10.440700879655854,0.2719344611720337,0.04015991699441719,0.00015748,0.07672181487286671,0.00081957,0,0.0
12190,4.6309931075544375e-05,0.03198989892992467,-1.54e-06,2.185997095306893,5.360117189069793,16.111576120556386,1.0052136313683062,4.44565157414887,0.12067054082980143,-69.35175541522979,-1.1573229341274334,74.72176442106725,0.6295741068180681,24.47804759288098,0.2719344611720337,-0.010320069161855898,0.00015748,0.06648483700229679,0.00081957,1,0.0
12191,0.0001892778143761098,0.0335407736331145,-1.54e-06,2.185997095306893,5.360117189069793,25.613491593517573,1.0052136313683062,12.5803905375343,0.12067054082980143,-75.45885456604022,-1.1573229341274334,94.64257714672114,0.6295741068180681,11.88676923094854,0.2719344611720337,0.013551149673123163,0.00015748,0.05559459504558041,0.00081957,0,0.0
12192,2.4994266176109337e-05,0.005073135903800652,-1.54e-06,2.185997095306893,5.360117189069793,-28.557339235599724,1.0052136313683062,9.346191437673605,0.12067054082980143,-63.1123898042739,-1.1573229341274334,82.53530247360632,0.6295741068180681,25.768800871091916,0.2719344611720337,-0.026063983574071276,0.00015748,0.029896170409091163,0.00081957,1,0.0
12193,0.0017586520641024173,0.012114896539911739,-1.54e-06,2.185997095306893,5.360117189069793,3.9430062086899986,1.0052136313683062,19.231114467552874,0.12067054082980143,-76.02316890239845,-1.1573229341274334,-51.0755704365524,0.6295741068180681,26.808904477166564,0.2719344611720337,-0.06054110034459509,0.00015748,0.06089714065223535,0.00081957,1,0.0
12194,0.1458616155766863,0.002272023237411564,-1.54e-06,2.185997095306893,5.360117189069793,-84.9821585916287,1.0052136313683062,-0.10919962806075811,0.12067054082980143,-40.036107299670334,-1.1573229341274334,55.640185619460546,0.6295741068180681,58.262506605452025,0.2719344611720337,-0.012716075881513406,0.00015748,0.01271918568793196,0.00081957,1,0.0
12195,1.6758045260800714e-05,0.010808846884544459,-1.54e-06,2.185997095306893,5.360117189069793,-2.2652455214854896,1.0052136313683062,11.578165612271768,0.12067054082980143,-71.73730739914205,-1.1573229341274334,14.145281835341967,0.6295741068180681,28.627300382774735,0.2719344611720337,-0.030367821378405394,0.00015748,0.045088754087365596,0.00081957,1,0.0
12196,0.14307378230823686,0.0009422875318307209,-1.54e-06,2.185997095306893,5.360117189069793,-60.30934103474007,1.0052136313683062,4.990722284439051,0.12067054082980143,-39.08878210478668,-1.1573229341274334,-24.382704294957843,0.6295741068180681,52.59002313374161,0.2719344611720337,-0.011343328260417455,0.00015748,0.011334936815352262,0.00081957,1,0.0
12197,0.00033967113603824983,0.028033310270732945,-1.54e-06,2.185997095306893,5.360117189069793,6.329907217093628,1.0052136313683062,13.758605252604273,0.12067054082980143,-36.51148145555702,-1.1573229341274334,64.5146992729938,0.6295741068180681,-5.392576288490873,0.2719344611720337,-0.03935180722035078,0.00015748,0.06672216399975986,0.00081957,1,0.0
12198,0.16553656703110203,0.0014290166347561647,-1.54e-06,2.185997095306893,5.360117189069793,-72.37716000199883,1.0052136313683062,5.41967771834379,0.12067054082980143,-42.10519244359592,-1.1573229341274334,-15.50801752020406,0.6295741068180681,58.594785997545074,0.2719344611720337,-0.011699977186020241,0.00015748,0.011740132965351598,0.00081957,1,0.0
12199,0.0713512600215806,0.005524130503161921,-1.54e-06,2.185997095306893,5.360117189069793,-21.893169892653255,1.0052136313683062,14.84223494007522,0.12067054082980143,-67.15713162659081,-1.1573229341274334,-64.85112980588151,0.6295741068180681,43.3070261259886,0.2719344611720337,-0.04808430985169009,0.00015748,0.04809236354912288,0.00081957,1,0.0
12200,1.0951656774931073,1.8273831201170632,-1.54e-06,0.1936483754161056,5.296777267562481,-24.180852965106777,1.0052136313683062,30.222351849993114,0.12067054082980143,-63.49548421934804,-1.1573229341274334,74.85510032038347,0.6295741068180681,63.31367475921317,0.2719344611720337,-0.28873160116955593,0.00015748,0.27609356144416713,0.00081957,1,0.0
12201,-0.00309442851795394,1.112115276404198,-1.54e-06,0.1936483754161056,5.296777267562481,-10.875732423773709,1.0052136313683062,-41.47256225127095,0.12067054082980143,-82.71552339886189,-1.1573229341274334,-22.498641969842918,0.6295741068180681,28.814073967699116,0.2719344611720337,-0.31571561862732356,0.00015748,0.31401583303705116,0.00081957,1,0.0
12202,0.1901040319258972,0.8915160705198468,-1.54e-06,0.1936483754161056,5.296777267562481,-12.391368466722415,1.0052136313683062,-21.197668773257682,0.12067054082980143,-88.09056238484762,-1.1573229341274334,72.20933005543193,0.6295741068180681,32.658391148024634,0.2719344611720337,-0.2251018217063379,0.00015748,0.22162552001136177,0.00081957,1,0.0
12203,0.1877212354757547,0.057519515487980816,-1.54e-06,0.1936483754161056,5.296777267562481,-8.43794884184482,1.0052136313683062,67.75092247425309,0.12067054082980143,-62.65888715264363,-1.1573229341274334,25.401308701374223,0.6295741068180681,22.220676329670905,0.2719344611720337,-0.16218679727332047,0.00015748,0.16341078953271937,0.00081957,1,0.0
12204,0.0018509630621925885,0.0016594699098139063,-1.54e-06,0.1936483754161056,5.296777267562481,-1.3711987637398546,1.0052136313683062,11.387803529639479,0.12067054082980143,-21.56596345576234,-1.1573229341274334,41.536129529766356,0.6295741068180681,3.6089889804950612,0.2719344611720337,-0.02793574577799509,0.00015748,0.028061745996263744,0.00081957,1,0.0
12205,0.7805755332035402,2.2481904920335447,-1.54e-06,0.1936483754161056,5.296777267562481,-18.09809205429363,1.0052136313683062,-43.54425870804969,0.12067054082980143,-37.14492599498752,-1.1573229341274334,35.77975923659731,0.6295741068180681,47.47231098720658,0.2719344611720337,-0.3756385177061279,0.00015748,0.4018627826532466,0.00081957,1,0.0
12206,-0.710557987502394,3.863626523540596,-1.54e-06,0.1936483754161056,5.296777267562481,14.766011981485686,1.0052136313683062,77.28868773655002,0.12067054082980143,-1e-20,-1.1573229341274334,28.789200034986628,0.6295741068180681,-38.67072662200425,0.2719344611720337,-0.46843083148514497,0.00015748,0.47945175060931444,0.00081957,1,0.0
12207,0.5529524667817831,0.47403987996393715,-1.54e-06,0.1936483754161056,5.296777267562481,-18.727420621211653,1.0052136313683062,67.4300152427324,0.12067054082980143,-78.33948808743148,-1.1573229341274334,-72.94511724269145,0.6295741068180681,49.318398507678346,0.2719344611720337,-0.0376611680651847,0.00015748,0.05267936201743473,0.00081957,1,0.0
12208,-0.9897202772976312,2.50310540311147,-1.54e-06,0.1936483754161056,5.296777267562481,11.724989055227695,1.0052136313683062,-48.92952840439541,0.12067054082980143,-36.889296339352875,-1.1573229341274334,-11.061149799155006,0.6295741068180681,-30.434819340436736,0.2719344611720337,-0.3118116333286163,0.00015748,0.31646442314585543,0.00081957,1,0.0
12209,-1.904401800910822,5.8464742581608355,-1.54e-06,0.1936483754161056,5.296777267562481,21.04305127579709,1.0052136313683062,-79.05146977598484,0.12067054082980143,-78.98391607381488,-1.1573229341274334,-64.66088208499299,0.6295741068180681,-54.526416459766054,0.2719344611720337,-0.6239461868398585,0.00015748,0.628095771568694,0.00081957,1,0.0
12210,0.42985392618839835,0.1548660921454279,-1.54e-06,0.1936483754161056,5.296777267562481,-10.993840229376518,1.0052136313683062,92.25148297798714,0.12067054082980143,-61.53907194340638,-1.1573229341274334,72.17325470987686,0.6295741068180681,28.81466030228121,0.2719344611720337,-0.25130343460573407,0.00015748,0.25059667836068605,0.00081957,1,0.0
12211,0.00615161841968101,0.1212946461903896,-1.54e-06,0.1936483754161056,5.296777267562481,-9.359528160567237,1.0052136313683062,41.27929774006221,0.12067054082980143,-85.94343130307571,-1.1573229341274334,-13.111898344150466,0.6295741068180681,24.79403318207688,0.2719344611720337,-0.11256016808023239,0.00015748,0.11501694429699108,0.00081957,1,0.0
12212,0.00022751059779702867,0.1183891670711322,-1.54e-06,0.1936483754161056,5.296777267562481,-5.046008414287186,1.0052136313683062,-1.640498996004316,0.12067054082980143,-45.4182732975824,-1.1573229341274334,10.427914796326395,0.6295741068180681,13.357372983131354,0.2719344611720337,-0.08348802233981528,0.00015748,0.08293669974643511,0.00081957,1,0.0
12213,0.8175137025158669,0.36771351686391784,-1.54e-06,0.1936483754161056,5.296777267562481,-17.851078860361564,1.0052136313683062,88.08902790190771,0.12067054082980143,-32.902451463434325,-1.1573229341274334,-81.40458089583704,0.6295741068180681,46.823033670622664,0.2719344611720337,-0.18940876661408163,0.00015748,0.1924135866012861,0.00081957,1,0.0
12214,-0.7892348560105629,1.9127445044127136,-1.54e-06,0.1936483754161056,5.296777267562481,10.192190386704183,1.0052136313683062,-51.35954760293613,0.12067054082980143,-11.659219108120784,-1.1573229341274334,-51.96201902445841,0.6295741068180681,-26.482412442528567,0.2719344611720337,-0.2662474925230851,0.00015748,0.2669482016857321,0.00081957,1,0.0
12215,0.12922365052531887,0.07227310532052336,-1.54e-06,0.1936483754161056,5.296777267562481,-9.500939081605164,1.0052136313683062,73.66783893461508,0.12067054082980143,-78.3146664727216,-1.1573229341274334,6.187372080276157,0.6295741068180681,25.07608023459738,0.2719344611720337,-0.17764773278065105,0.00015748,0.17503141876324296,0.00081957,1,0.0
12216,0.003536747584298094,0.08890659003592416,-1.54e-06,0.1936483754161056,5.296777267562481,-5.461014902179538,1.0052136313683062,7.25576852814506,0.12067054082980143,-57.483622704527995,-1.1573229341274334,49.19551217994749,0.6295741068180681,14.439287000899718,0.2719344611720337,-0.05349891811887147,0.00015748,0.056386622538708596,0.00081957,1,0.0
12217,-0.7124340164011441,3.3588085687536107,-1.54e-06,0.1936483754161056,5.296777267562481,9.52851536833692,1.0052136313683062,92.80912676520043,0.12067054082980143,-57.99096415770144,-1.1573229341274334,78.51979076054002,0.6295741068180681,-24.83426089787233,0.2719344611720337,-0.4818913109068099,0.00015748,0.48607730809272065,0.00081957,1,0.0
12218,-1.4773165331845544,4.258924453141188,-1.54e-06,0.1936483754161056,5.296777267562481,18.60486448868162,1.0052136313683062,-52.126736158416335,0.12067054082980143,-60.17312101153426,-1.1573229341274334,41.318693229389105,0.6295741068180681,-48.403048338485405,0.2719344611720337,-0.4197990121180724,0.00015748,0.4113822266530613,0.00081957,1,0.0
12219,-0.2174393980980449,0.7589395358193846,-1.54e-06,0.1936483754161056,5.296777267562481,-2.3867853289911833,1.0052136313683062,-38.912078450420964,0.12067054082980143,-33.77860819788365,-1.1573229341274334,-67.20889066244474,0.6295741068180681,6.5038950996888465,0.2719344611720337,-0.2320929715805215,0.00015748,0.24266962505775308,0.00081957,1,0.0
12220,0.3302873482784683,0.08748576868743667,-1.54e-06,0.1936483754161056,5.296777267562481,-8.132629363461298,1.0052136313683062,35.71208982850043,0.12067054082980143,-34.94687400101965,-1.1573229341274334,40.31286126942241,0.6295741068180681,21.319426550126156,0.2719344611720337,-0.08167925960596974,0.00015748,0.0844461132978558,0.00081957,1,0.0
12221,-1.339516155084351,4.565797391797876,-1.54e-06,0.1936483754161056,5.296777267562481,18.070510774507458,1.0052136313683062,7.739783707914975,0.12067054082980143,-55.68453026610367,-1.1573229341274334,42.02068350999207,0.6295741068180681,-47.060184880039614,0.2719344611720337,-0.4224603248634704,0.00015748,0.4226398952116661,0.00081957,1,0.0
12222,0.03021499957719627,1.0663449094074433,-1.54e-06,0.1936483754161056,5.296777267562481,-5.824857791139933,1.0052136313683062,-78.33669589597937,0.12067054082980143,-20.725021643763306,-1.1573229341274334,-54.365733894526066,0.6295741068180681,15.435738577721875,0.2719344611720337,-0.37520097938880015,0.00015748,0.3749795386743163,0.00081957,1,0.0
12223,0.5451086928569859,0.23240940942771743,-1.54e-06,0.1936483754161056,5.296777267562481,-11.219278948811127,1.0052136313683062,39.70208724079514,0.12067054082980143,-27.04188809917623,-1.1573229341274334,24.635128865054657,0.6295741068180681,29.377857701839236,0.2719344611720337,-0.1187694844137723,0.00015748,0.12645145736845245,0.00081957,1,0.0
12224,-1.4524570687052756,4.8287939283547585,-1.54e-06,0.1936483754161056,5.296777267562481,16.475976964311,1.0052136313683062,10.470954363869339,0.12067054082980143,-84.31709385446212,-1.1573229341274334,26.18655833610161,0.6295741068180681,-42.74972044186759,0.2719344611720337,-0.4802202502696704,0.00015748,0.4876235502224546,0.00081957,1,0.0
12225,0.5170774504483748,0.178328897626769,-1.54e-06,0.1936483754161056,5.296777267562481,-6.852992224821902,1.0052136313683062,56.92688441045719,0.12067054082980143,-8.577085519059667,-1.1573229341274334,87.50993913853767,0.6295741068180681,17.832115940369007,0.2719344611720337,-0.20641393081551931,0.00015748,0.23734100128386834,0.00081957,1,0.0
12226,0.4381347953782403,0.14194280079690963,-1.54e-06,0.1936483754161056,5.296777267562481,-10.451595432819094,1.0052136313683062,83.06839810009824,0.12067054082980143,-56.11396376958275,-1.1573229341274334,84.46182669243456,0.6295741068180681,27.373657632092726,0.2719344611720337,-0.22801459424307585,0.00015748,0.23184592920020314,0.00081957,1,0.0
12227,0.266301802425019,0.08367025614407127,-1.54e-06,0.1936483754161056,5.296777267562481,-5.407186576899063,1.0052136313683062,57.26299289093399,0.12067054082980143,-26.95687543213101,-1.1573229341274334,49.84610377809172,0.6295741068180681,14.140430902511076,0.2719344611720337,-0.17330103455418677,0.00015748,0.17943579517169905,0.00081957,1,0.0
12228,-1.105097818978143,4.020158635284923,-1.54e-06,0.1936483754161056,5.296777267562481,9.647868450270492,1.0052136313683062,68.75328632138557,0.12067054082980143,-93.83689236309833,-1.1573229341274334,-18.3918259785475,0.6295741068180681,-24.86633276474835,0.2719344611720337,-0.5137602243333413,0.00015748,0.5136465736321264,0.00081957,1,0.0
12229,-0.22860932920212618,0.6282734744530922,-1.54e-06,0.1936483754161056,5.296777267562481,1.4387813834496161,1.0052136313683062,-11.397649511491602,0.12067054082980143,-9.101996844107815,-1.1573229341274334,-65.5806217620149,0.6295741068180681,-3.3866610746603207,0.2719344611720337,-0.11272022186792871,0.00015748,0.28773353463484586,0.00081957,1,0.0
12230,-0.5957231766563057,2.779736381581964,-1.54e-06,0.1936483754161056,5.296777267562481,10.30882147124273,1.0052136313683062,72.07368424459779,0.12067054082980143,-5.069170344355964,-1.1573229341274334,-53.231885202049845,0.6295741068180681,-26.883622796698624,0.2719344611720337,-0.4085829614997156,0.00015748,0.42698084958924065,0.00081957,1,0.0
12231,0.7447615975363389,0.6810306181376379,-1.54e-06,0.1936483754161056,5.296777267562481,-20.702043958137587,1.0052136313683062,68.789197454711,0.12067054082980143,-91.82120540916362,-1.1573229341274334,62.38289315163809,0.6295741068180681,54.36054386504201,0.2719344611720337,-0.10984854561884971,0.00015748,0.12479645800801237,0.00081957,1,0.0
12232,0.8704594321818214,1.4582784558692,-1.54e-06,0.1936483754161056,5.296777267562481,-23.537795506085068,1.0052136313683062,35.885707320373776,0.12067054082980143,-69.02108383555155,-1.1573229341274334,-55.27596593190802,0.6295741068180681,61.83823881828486,0.2719344611720337,-0.15598010806451781,0.00015748,0.1593773704530774,0.00081957,1,0.0
12233,1.0268085755161405,0.9644214710622545,-1.54e-06,0.1936483754161056,5.296777267562481,-22.68082715117072,1.0052136313683062,70.79435645818442,0.12067054082980143,-56.681963010215654,-1.1573229341274334,9.306465294948563,0.6295741068180681,59.451430128632495,0.2719344611720337,-0.19018394289963952,0.00015748,0.20180600696447065,0.00081957,1,0.0
12234,-1.1429396112613066,3.114936757055024,-1.54e-06,0.1936483754161056,5.296777267562481,15.986673326593852,1.0052136313683062,-53.245698057064686,0.12067054082980143,-10.713478829821224,-1.1573229341274334,-73.19190485507164,0.6295741068180681,-41.59868834695835,0.2719344611720337,-0.34851014032819305,0.00015748,0.3509502078842355,0.00081957,1,0.0
12235,0.23069157584637662,0.3367204544697017,-1.54e-06,0.1936483754161056,5.296777267562481,-9.587035824528535,1.0052136313683062,2.9968270537727517,0.12067054082980143,-39.58604879961742,-1.1573229341274334,-50.07147355968075,0.6295741068180681,25.286664341314005,0.2719344611720337,-0.09815207790326082,0.00015748,0.10635626566176855,0.00081957,1,0.0
12236,-0.4652931064589431,1.0348447453169012,-1.54e-06,0.1936483754161056,5.296777267562481,3.1791484846151503,1.0052136313683062,-14.39831505942891,0.12067054082980143,-50.54206532497193,-1.1573229341274334,55.594774821240954,0.6295741068180681,-8.169834089392777,0.2719344611720337,-0.14819630165494907,0.00015748,0.14408145350039214,0.00081957,1,0.0
12237,0.8254184191666402,1.634671931668871,-1.54e-06,0.1936483754161056,5.296777267562481,-23.18509837351878,1.0052136313683062,23.48813471723733,0.12067054082980143,-79.43622908470184,-1.1573229341274334,-7.264730160525295,0.6295741068180681,60.92752671061731,0.2719344611720337,-0.1824106658662789,0.00015748,0.2002832514215258,0.00081957,1,0.0
12238,-0.277103820983421,1.3985665403416685,-1.54e-06,0.1936483754161056,5.296777267562481,7.007990145871236,1.0052136313683062,58.342137259171956,0.12067054082980143,-7.459725573404761,-1.1573229341274334,80.50136015973955,0.6295741068180681,-18.433146092867602,0.2719344611720337,-0.301379301265125,0.00015748,0.30061812336969373,0.00081957,1,0.0
12239,0.21316969079887504,0.8130837444479153,-1.54e-06,0.1936483754161056,5.296777267562481,-5.811342822131524,1.0052136313683062,-65.08352858266527,0.12067054082980143,-13.238227794481062,-1.1573229341274334,41.513786630608294,0.6295741068180681,15.237566597738173,0.2719344611720337,-0.3145469512558753,0.00015748,0.31367860382729074,0.00081957,1,0.0
12240,1.607402997887088,2.671693858852917,-1.54e-06,0.1936483754161056,5.296777267562481,-31.906762874631653,1.0052136313683062,64.33441042803292,0.12067054082980143,-28.87704932312742,-1.1573229341274334,-93.86429258042581,0.6295741068180681,83.70519147543276,0.2719344611720337,-0.2346157372332685,0.00015748,0.33127796252144587,0.00081957,1,0.0
12241,-0.6385210633407667,2.033193542462761,-1.54e-06,0.1936483754161056,5.296777267562481,2.870112578803132,1.0052136313683062,-93.80023195847956,0.12067054082980143,-38.90682391656966,-1.1573229341274334,-80.24827352324426,0.6295741068180681,-7.167841411997367,0.2719344611720337,-0.4372096800103262,0.00015748,0.43824097555259606,0.00081957,1,0.0
12242,-0.8511315868628112,2.037796248280075,-1.54e-06,0.1936483754161056,5.296777267562481,7.44255029323373,1.0052136313683062,-46.0025190772829,0.12067054082980143,-68.92339157176193,-1.1573229341274334,71.63576914606884,0.6295741068180681,-19.237011698375227,0.2719344611720337,-0.2809872161090862,0.00015748,0.2743305478959523,0.00081957,1,0.0
12243,-1.362561799376485,3.8363645958618737,-1.54e-06,0.1936483754161056,5.296777267562481,9.24661976672258,1.0052136313683062,-52.38045673385037,0.12067054082980143,-98.06856071850845,-1.1573229341274334,-98.16690334514502,0.6295741068180681,-23.6117277307786,0.2719344611720337,-0.5373237859101956,0.00015748,0.5325156252638774,0.00081957,1,0.0
12244,0.038153625573260366,0.1169093876320448,-1.54e-06,0.1936483754161056,5.296777267562481,-6.863120611214873,1.0052136313683062,78.96566971786864,0.12067054082980143,-71.9490114314733,-1.1573229341274334,15.195123096661051,0.6295741068180681,18.14536938500954,0.2719344611720337,-0.22622373850262228,0.00015748,0.2265534360420005,0.00081957,1,0.0
12245,-0.2175070761713525,0.6057275070618717,-1.54e-06,0.1936483754161056,5.296777267562481,-0.8632784562611995,1.0052136313683062,45.93873942104891,0.12067054082980143,-32.012356171635126,-1.1573229341274334,-93.66885978119709,0.6295741068180681,2.4733846337329983,0.2719344611720337,-0.2075361348600677,0.00015748,0.21150735755930553,0.00081957,1,0.0
12246,0.3839172759647362,0.6828087322288122,-1.54e-06,0.1936483754161056,5.296777267562481,-15.174820580906768,1.0052136313683062,16.916207097427463,0.12067054082980143,-66.40871445960558,-1.1573229341274334,-56.9504108830889,0.6295741068180681,40.01934160354843,0.2719344611720337,-0.10165541402393834,0.00015748,0.12682666902116782,0.00081957,1,0.0
12247,0.4194511455462971,0.11364726859129402,-1.54e-06,0.1936483754161056,5.296777267562481,-6.962117746282647,1.0052136313683062,67.01922706069809,0.12067054082980143,-2.3936489288427016,-1.1573229341274334,-39.78333901716587,0.6295741068180681,18.204990257683153,0.2719344611720337,-0.20232805033752244,0.00015748,0.20407736994216863,0.00081957,1,0.0
12248,0.3709196912969924,1.008891049340873,-1.54e-06,0.1936483754161056,5.296777267562481,-15.698880782092301,1.0052136313683062,-3.3048136738403016,0.12067054082980143,-77.71420496209214,-1.1573229341274334,-9.379210532775152,0.6295741068180681,41.36061813974751,0.2719344611720337,-0.18947149784686015,0.00015748,0.19368564568155341,0.00081957,1,0.0
12249,0.6077276448619721,0.1727828640338981,-1.54e-06,0.1936483754161056,5.296777267562481,-10.654282356119912,1.0052136313683062,76.65331234583928,0.12067054082980143,-8.846074259846587,-1.1573229341274334,-34.213342052251924,0.6295741068180681,27.87627386502647,0.2719344611720337,-0.21633992896500087,0.00015748,0.22580319159895235,0.00081957,1,0.0
12250,-0.0002958017264224552,0.2612945218801766,-1.54e-06,0.1936483754161056,5.296777267562481,-5.654840075602088,1.0052136313683062,-16.742594792475707,0.12067054082980143,-44.34904204122937,-1.1573229341274334,-8.688219648027351,0.6295741068180681,14.988457217591408,0.2719344611720337,-0.14530448360574083,0.00015748,0.150671467783503,0.00081957,1,0.0
12251,0.205142889182389,0.27124958158775736,-1.54e-06,0.1936483754161056,5.296777267562481,-10.283296389920572,1.0052136313683062,15.27734811159251,0.12067054082980143,-72.56050912743723,-1.1573229341274334,61.311560508114724,0.6295741068180681,27.077634664828224,0.2719344611720337,-0.057692034142325425,0.00015748,0.0582389227858448,0.00081957,1,0.0
12252,0.10684559123697611,0.11664981856130406,-1.54e-06,0.1936483754161056,5.296777267562481,-9.511365349761798,1.0052136313683062,90.63888271796408,0.12067054082980143,-90.50414046196397,-1.1573229341274334,35.14254525496329,0.6295741068180681,25.10759694208108,0.2719344611720337,-0.23894680110518526,0.00015748,0.23998035342309268,0.00081957,1,0.0
12253,-0.015337153753160394,1.0014486943819843,-1.54e-06,0.1936483754161056,5.296777267562481,-10.416497752484352,1.0052136313683062,-37.3245426191062,0.12067054082980143,-86.7202270132694,-1.1573229341274334,6.07992793601206,0.6295741068180681,27.593255089167517,0.2719344611720337,-0.29140806478088727,0.00015748,0.29160876970073485,0.00081957,1,0.0
12254,0.9379441965340826,2.855889918045203,-1.54e-06,0.1936483754161056,5.296777267562481,-27.267274752753426,1.0052136313683062,1.9282271935766462,0.12067054082980143,-93.2693610168642,-1.1573229341274334,-8.489179512013912,0.6295741068180681,71.64301650023924,0.2719344611720337,-0.3134756685979154,0.00015748,0.31211608736125784,0.00081957,1,0.0
12255,-0.22684611580286568,0.6276520258176583,-1.54e-06,0.1936483754161056,5.296777267562481,3.852473422821424,1.0052136313683062,18.367565310101032,0.12067054082980143,-1.5790725968736037,-1.1573229341274334,-16.830823787358252,0.6295741068180681,-10.020137481955288,0.2719344611720337,-0.11909957432512933,0.00015748,0.14378653952798412,0.00081957,1,0.0
12256,0.006581792940379749,0.24212962776972852,-1.54e-06,0.1936483754161056,5.296777267562481,-1.0766309940049617,1.0052136313683062,63.97887383855578,0.12067054082980143,-26.2505556469588,-1.1573229341274334,29.607528721257154,0.6295741068180681,2.831612286592254,0.2719344611720337,-0.23195612311834343,0.00015748,0.23170724402880474,0.00081957,1,0.0
12257,-0.6441796027683474,1.5921602616634059,-1.54e-06,0.1936483754161056,5.296777267562481,3.0364648017841183,1.0052136313683062,-42.24926158684925,0.12067054082980143,-59.56226253787277,-1.1573229341274334,-19.70997209775888,0.6295741068180681,-7.6375436427930845,0.2719344611720337,-0.28887013529478717,0.00015748,0.2890195581712353,0.00081957,1,0.0
12258,0.6601610707925012,0.23771147185944658,-1.54e-06,0.1936483754161056,5.296777267562481,-10.254560811401191,1.0052136313683062,70.03540533196225,0.12067054082980143,-15.666458358966866,-1.1573229341274334,71.0418420261665,0.6295741068180681,26.721030863634304,0.2719344611720337,-0.25530753026177117,0.00015748,0.25770375547020746,0.00081957,1,0.0
12259,-1.6251136940735862,4.909650121985726,-1.54e-06,0.1936483754161056,5.296777267562481,18.91409178799589,1.0052136313683062,-44.573056236355164,0.12067054082980143,-73.73676826318692,-1.1573229341274334,-0.31353691338765755,0.6295741068180681,-49.09129871340103,0.2719344611720337,-0.4952436658691748,0.00015748,0.4999922424384494,0.00081957,1,0.0
12260,1.2656180227562044,1.4521009208310756,-1.54e-06,0.1936483754161056,5.296777267562481,-28.427966535247958,1.0052136313683062,91.37027844626303,0.12067054082980143,-69.29069055773728,-1.1573229341274334,-18.9420367590903,0.6295741068180681,74.58040242877456,0.2719344611720337,-0.19452021223278787,0.00015748,0.23396437093924427,0.00081957,1,0.0
12261,0.05666010962748436,0.1779375974218857,-1.54e-06,0.1936483754161056,5.296777267562481,-4.562163029482945,1.0052136313683062,77.0695153518875,0.12067054082980143,-46.39730764453938,-1.1573229341274334,2.1984584953494437,0.6295741068180681,12.05301720112887,0.2719344611720337,-0.23964207251904188,0.00015748,0.24418349216501092,0.00081957,1,0.0
12262,-0.12896101360306766,0.6917200330685155,-1.54e-06,0.1936483754161056,5.296777267562481,-8.878009413801404,1.0052136313683062,-1.8551008794595332,0.12067054082980143,-88.70751230033508,-1.1573229341274334,-41.234520333002294,0.6295741068180681,23.62028129548777,0.2719344611720337,-0.20337292410989735,0.00015748,0.2088732696865517,0.00081957,1,0.0
12263,0.09024157775879331,0.05135736240896845,-1.54e-06,0.1936483754161056,5.296777267562481,-8.465509729152082,1.0052136313683062,61.699160224782425,0.12067054082980143,-77.15727481990317,-1.1573229341274334,28.80587150052385,0.6295741068180681,22.351431120241134,0.2719344611720337,-0.14282357034656504,0.00015748,0.14400992633803336,0.00081957,1,0.0
12264,-0.1558666507230767,0.4028058553210314,-1.54e-06,0.1936483754161056,5.296777267562481,-2.3802427457902926,1.0052136313683062,-7.525555222385887,0.12067054082980143,-34.281170209579415,-1.1573229341274334,-46.302344710940275,0.6295741068180681,6.4262368051262975,0.2719344611720337,-0.12599620047930124,0.00015748,0.12826246046044207,0.00081957,1,0.0
12265,-1.890799095774146,7.408636390263509,-1.54e-06,0.1936483754161056,5.296777267562481,25.40189467751657,1.0052136313683062,6.968633047128211,0.12067054082980143,-83.6428880523736,-1.1573229341274334,85.26964130391103,0.6295741068180681,-66.15025628662357,0.2719344611720337,-0.580618500092581,0.00015748,0.5889094781007618,0.00081957,1,0.0
12266,0.3855134210051843,3.04038758695386,-1.54e-06,0.1936483754161056,5.296777267562481,-18.8722066110757,1.0052136313683062,-69.16711940441365,0.12067054082980143,-78.53468572732919,-1.1573229341274334,-72.50962986749849,0.6295741068180681,49.78304595614897,0.2719344611720337,-0.4848019131430458,0.00015748,0.4851853610932461,0.00081957,1,0.0
12267,-0.15265637548471495,0.8749916744604738,-1.54e-06,0.1936483754161056,5.296777267562481,4.994918447597706,1.0052136313683062,52.81553111583924,0.12067054082980143,-0.07532516328977899,-1.1573229341274334,53.11010551312304,0.6295741068180681,-13.127909829407821,0.2719344611720337,-0.2445903246948472,0.00015748,0.268854159811464,0.00081957,1,0.0
12268,-0.45690871013918405,1.029169293541757,-1.54e-06,0.1936483754161056,5.296777267562481,3.898358237272371,1.0052136313683062,-14.905445150961286,0.12067054082980143,-31.53152261202571,-1.1573229341274334,-5.8471727235631645,0.6295741068180681,-10.039921377668886,0.2719344611720337,-0.15820418484394755,0.00015748,0.15966311751374135,0.00081957,1,0.0
12269,-0.6126854488609454,1.7387343576525307,-1.54e-06,0.1936483754161056,5.296777267562481,0.9799445920949047,1.0052136313683062,-64.06405472244272,0.12067054082980143,-78.04633828199476,-1.1573229341274334,31.983876080446574,0.6295741068180681,-2.2361594486736465,0.2719344611720337,-0.3458311105141991,0.00015748,0.3466569459608785,0.00081957,1,0.0
12270,0.06316229142602695,0.021441583856495375,-1.54e-06,0.1936483754161056,5.296777267562481,-4.785103617062957,1.0052136313683062,36.227325456469565,0.12067054082980143,-26.24586931593427,-1.1573229341274334,-68.4961494041513,0.6295741068180681,12.669050141394605,0.2719344611720337,-0.0950278612059784,0.00015748,0.09465812251825294,0.00081957,1,0.0
12271,0.38873932242868525,0.1221163124704759,-1.54e-06,0.1936483754161056,5.296777267562481,-11.536327511815553,1.0052136313683062,94.83486137315248,0.12067054082980143,-44.83294563647733,-1.1573229341274334,-79.14534762865095,0.6295741068180681,30.354479176824476,0.2719344611720337,-0.2329860483074058,0.00015748,0.23203494935858573,0.00081957,1,0.0
12272,0.5475222421138582,1.332737378153765,-1.54e-06,0.1936483754161056,5.296777267562481,-15.892617039052512,1.0052136313683062,-20.248795373996796,0.12067054082980143,-49.282820280475505,-1.1573229341274334,-9.589951566560758,0.6295741068180681,41.768681112739436,0.2719344611720337,-0.25665997515493344,0.00015748,0.26283917191594974,0.00081957,1,0.0
12273,-0.06472201304017636,0.945562500481677,-1.54e-06,0.1936483754161056,5.296777267562481,1.9960830111521293,1.0052136313683062,90.44260195870493,0.12067054082980143,-25.832758186455163,-1.1573229341274334,83.09815740484886,0.6295741068180681,-5.219070493066925,0.2719344611720337,-0.3409177506113992,0.00015748,0.39043196626254184,0.00081957,1,0.0
12274,-0.6388510905072421,1.7086001853102044,-1.54e-06,0.1936483754161056,5.296777267562481,6.351393914465451,1.0052136313683062,16.92565093620655,0.12067054082980143,-43.970653591413225,-1.1573229341274334,-5.985996822315091,0.6295741068180681,-16.42692709220014,0.2719344611720337,-0.24227777190361413,0.00015748,0.24252303925915017,0.00081957,1,0.0
12275,1.289543405709703,2.0889925411536763,-1.54e-06,0.1936483754161056,5.296777267562481,-28.61846790812039,1.0052136313683062,54.943638183740816,0.12067054082980143,-62.539692918859664,-1.1573229341274334,-5.375221688129027,0.6295741068180681,75.01650895264241,0.2719344611720337,-0.2567776800205814,0.00015748,0.26349534225565213,0.00081957,1,0.0
12276,0.07729250712216913,0.48897836583670895,-1.54e-06,0.1936483754161056,5.296777267562481,-4.133947991095234,1.0052136313683062,-53.10508340984133,0.12067054082980143,-22.844112808034488,-1.1573229341274334,48.10129072210652,0.6295741068180681,10.875860751703517,0.2719344611720337,-0.24885582871769676,0.00015748,0.2487002360519561,0.00081957,1,0.0
12277,0.8849919318573481,0.3700243438151668,-1.54e-06,0.1936483754161056,5.296777267562481,-14.717466362140687,1.0052136313683062,91.75972799962638,0.12067054082980143,-10.904329348305918,-1.1573229341274334,-2.50701527608037,0.6295741068180681,38.45612243242171,0.2719344611720337,-0.2841609882508383,0.00015748,0.2970605475909504,0.00081957,1,0.0
12278,-0.10820359141014713,0.3362677989536494,-1.54e-06,0.1936483754161056,5.296777267562481,-2.8132715992599,1.0052136313683062,52.70763013230728,0.12067054082980143,-34.193967722196476,-1.1573229341274334,-90.79073489856103,0.6295741068180681,7.567169391645267,0.2719344611720337,-0.1955189609480858,0.00015748,0.19793474720765425,0.00081957,1,0.0
12279,0.11434405804674797,0.18037039710400243,-1.54e-06,0.1936483754161056,5.296777267562481,-7.746141238008633,1.0052136313683062,92.2384191088457,0.12067054082980143,-77.84131889869919,-1.1573229341274334,52.37829891378497,0.6295741068180681,20.475085993032373,0.2719344611720337,-0.24300812808701355,0.00015748,0.2832033902070865,0.00081957,1,0.0
12280,0.26623944583381054,0.22076855287442357,-1.54e-06,0.1936483754161056,5.296777267562481,-14.692626667241957,1.0052136313683062,66.73190595537635,0.12067054082980143,-83.89525660296897,-1.1573229341274334,-87.40115826088845,0.6295741068180681,38.79774703460435,0.2719344611720337,-0.11255279873176617,0.00015748,0.11515236927583038,0.00081957,1,0.0
12281,-0.020250508255969298,0.3900582874903604,-1.54e-06,0.1936483754161056,5.296777267562481,-6.521324587670481,1.0052136313683062,-21.33731272904614,0.12067054082980143,-70.22526159354118,-1.1573229341274334,78.64348004591574,0.6295741068180681,17.24228010006844,0.2719344611720337,-0.16595883545537832,0.00015748,0.1657715303168169,0.00081957,1,0.0
12282,0.6483584774207998,1.488642309448239,-1.54e-06,0.1936483754161056,5.296777267562481,-18.756058157965285,1.0052136313683062,-5.818950675936551,0.12067054082980143,-60.91010350695113,-1.1573229341274334,-13.635449564245835,0.6295741068180681,49.296141567123264,0.2719344611720337,-0.23540802837026406,0.00015748,0.24406830357420453,0.00081957,1,0.0
12283,-1.3721346586426508,8.214107474704516,-1.54e-06,0.1936483754161056,5.296777267562481,23.531804858141978,1.0052136313683062,97.79877826803886,0.12067054082980143,-9.071909315942309,-1.1573229341274334,-75.32581884752452,0.6295741068180681,-61.39057942063552,0.2719344611720337,-0.7049208795990347,0.00015748,0.7418060835612317,0.00081957,1,0.0
12284,-0.1409879184399703,0.6401246587184928,-1.54e-06,0.1936483754161056,5.296777267562481,-6.82039127872454,1.0052136313683062,-10.240965382064294,0.12067054082980143,-64.71348532083526,-1.1573229341274334,-74.92767289364014,0.6295741068180681,18.18585773129734,0.2719344611720337,-0.20494067505867278,0.00015748,0.20352586241172307,0.00081957,1,0.0
12285,-0.0034572687995717416,0.18200885770294706,-1.54e-06,0.1936483754161056,5.296777267562481,-3.8813868577517994,1.0052136313683062,71.86808668082652,0.12067054082980143,-36.88063055139786,-1.1573229341274334,-60.81542494125819,0.6295741068180681,10.32029324874013,0.2719344611720337,-0.2332616272047478,0.00015748,0.2384047314832049,0.00081957,1,0.0
12286,0.5137701749213138,0.8468821722667765,-1.54e-06,0.1936483754161056,5.296777267562481,-13.838055219791878,1.0052136313683062,-6.5749505558097106,0.12067054082980143,-27.18302731958321,-1.1573229341274334,-73.78686826592435,0.6295741068180681,36.36650220361953,0.2719344611720337,-0.18648783786694972,0.00015748,0.1823098259390336,0.00081957,1,0.0
12287,0.399336267809894,0.14830300573615945,-1.54e-06,0.1936483754161056,5.296777267562481,-10.833509155427347,1.0052136313683062,95.63338844831966,0.12067054082980143,-46.39499421274318,-1.1573229341274334,-31.225712457473076,0.6295741068180681,28.500908198661584,0.2719344611720337,-0.23185371975466545,0.00015748,0.25821944379832534,0.00081957,1,0.0
12288,0.8556610736191329,0.6282882560829826,-1.54e-06,0.1936483754161056,5.296777267562481,-23.42871860016091,1.0052136313683062,99.60099276132175,0.12067054082980143,-75.41650676522642,-1.1573229341274334,-94.0384293761118,0.6295741068180681,61.57299657268696,0.2719344611720337,-0.1450488865668959,0.00015748,0.14461349255321815,0.00081957,1,0.0
12289,0.007930862432263304,0.002572898608576282,-1.54e-06,0.1936483754161056,5.296777267562481,-1.491849394306462,1.0052136313683062,13.162770515175492,0.12067054082980143,-15.612964447039312,-1.1573229341274334,7.0173463981489,0.6295741068180681,3.9429813355192898,0.2719344611720337,-0.034097685687684946,0.00015748,0.03444191716256722,0.00081957,1,0.0
12290,-0.062473635702144266,0.9555828762418196,-1.54e-06,0.1936483754161056,5.296777267562481,-6.813638043458022,1.0052136313683062,-52.60787322377322,0.12067054082980143,-52.84377370423988,-1.1573229341274334,-31.567437565490124,0.6295741068180681,18.14402273066578,0.2719344611720337,-0.2978138202316712,0.00015748,0.328928467764745,0.00081957,1,0.0
12291,0.6289921549738965,0.9866051016629594,-1.54e-06,0.1936483754161056,5.296777267562481,-16.72089877386668,1.0052136313683062,7.803603121220129,0.12067054082980143,-54.8503971413751,-1.1573229341274334,19.170396076412096,0.6295741068180681,43.88908144535524,0.2719344611720337,-0.1811692108381756,0.00015748,0.18139045348221156,0.00081957,1,0.0
12292,-0.7768082713768902,1.8635027643842748,-1.54e-06,0.1936483754161056,5.296777267562481,8.457955591776317,1.0052136313683062,-54.782460351910345,0.12067054082980143,-29.9298233230124,-1.1573229341274334,-21.077271779778123,0.6295741068180681,-21.911669057050442,0.2719344611720337,-0.28156405449803557,0.00015748,0.2832659624247239,0.00081957,1,0.0
12293,0.03533731173754054,0.07221893644767235,-1.54e-06,0.1936483754161056,5.296777267562481,-2.712564660792672,1.0052136313683062,47.59726037004388,0.12067054082980143,-36.154257740203555,-1.1573229341274334,46.812683225108486,0.6295741068180681,7.143099482915081,0.2719344611720337,-0.14897533398989185,0.00015748,0.15251316863159206,0.00081957,1,0.0
12294,0.004828399876096859,1.2344850873277635,-1.54e-06,0.1936483754161056,5.296777267562481,-10.507194469850367,1.0052136313683062,-50.319108193629525,0.12067054082980143,-62.95243174427948,-1.1573229341274334,-95.7666532279189,0.6295741068180681,27.868912829490466,0.2719344611720337,-0.35201473646216647,0.00015748,0.34876016153197203,0.00081957,1,0.0
12295,-0.9653582104852528,2.6126690504777317,-1.54e-06,0.1936483754161056,5.296777267562481,13.731511834561259,1.0052136313683062,-24.535419453593764,0.12067054082980143,-38.24811731625437,-1.1573229341274334,84.18234696741462,0.6295741068180681,-35.805370851311466,0.2719344611720337,-0.2408772725594568,0.00015748,0.2508887122070927,0.00081957,1,0.0
12296,0.04076186537478901,0.126138756223937,-1.54e-06,0.1936483754161056,5.296777267562481,-9.765495077482653,1.0052136313683062,47.834050281883535,0.12067054082980143,-71.4047562692967,-1.1573229341274334,-88.52450095547248,0.6295741068180681,25.878006945066687,0.2719344611720337,-0.13680336208410396,0.00015748,0.13291906419354796,0.00081957,1,0.0
12297,0.08314509433529287,0.007804731424898443,-1.54e-06,0.1936483754161056,5.296777267562481,-1.783731746667101,1.0052136313683062,9.114896633440512,0.12067054082980143,-12.771623182935762,-1.1573229341274334,43.55166115285113,0.6295741068180681,4.656101937967736,0.2719344611720337,-0.032625970650460044,0.00015748,0.03646318769830161,0.00081957,1,0.0
12298,-0.8353688558471136,2.15068180342984,-1.54e-06,0.1936483754161056,5.296777267562481,6.432227484656818,1.0052136313683062,3.9276854874062,0.12067054082980143,-77.50104937366245,-1.1573229341274334,31.406721770096972,0.6295741068180681,-16.547989796631693,0.2719344611720337,-0.28744045502184234,0.00015748,0.2822689985204231,0.00081957,1,0.0
12299,0.873886157980074,3.0293670568234483,-1.54e-06,0.1936483754161056,5.296777267562481,-18.95662682649382,1.0052136313683062,-66.83975345637793,0.12067054082980143,-21.54845268939297,-1.1573229341274334,13.305655279700668,0.6295741068180681,49.66306890393019,0.2719344611720337,-0.49082118319242884,0.00015748,0.4907592015307354,0.00081957,1,0.0
12300,0.0006899524818216873,0.18858539589699783,-1.54e-06,2.486815554790245,3.014456156746668,-25.96506704145402,1.0052136313683062,7.448228618341826,0.12067054082980143,-48.94277432215535,-1.1573229341274334,37.54401773726756,0.6295741068180681,25.81838239649723,0.2719344611720337,-0.23417012125478504,0.00015748,0.2668029975736143,0.00081957,1,0.0
12301,0.0012596395728873208,0.4337267950617971,-1.54e-06,2.486815554790245,3.014456156746668,28.965052321307656,1.0052136313683062,0.5619886580376388,0.12067054082980143,-53.63338346463703,-1.1573229341274334,90.18229823912183,0.6295741068180681,9.724238143553448,0.2719344611720337,0.11930996575138186,0.00015748,0.8889960478816255,0.00081957,0,0.0
12302,0.4000216318838393,0.11742599257958347,-1.54e-06,2.486815554790245,3.014456156746668,-2.2341666026789486,1.0052136313683062,10.201643243826256,0.12067054082980143,-67.75716726258361,-1.1573229341274334,-3.6664374018235706,0.6295741068180681,50.372674203678855,0.2719344611720337,-0.23945419793229772,0.00015748,0.23942688420384228,0.00081957,1,0.0
12303,0.00019764556223061946,0.22197786881890574,-1.54e-06,2.486815554790245,3.014456156746668,75.6694341200691,1.0052136313683062,5.3573948221078584,0.12067054082980143,-18.802128034245975,-1.1573229341274334,18.503786170043725,0.6295741068180681,-28.230914349093457,0.2719344611720337,0.2122166480136154,0.00015748,0.6127976557227801,0.00081957,0,0.0
12304,0.17177592963100807,0.09457164386408244,-1.54e-06,2.486815554790245,3.014456156746668,8.202968275938131,1.0052136313683062,8.829253341597676,0.12067054082980143,-62.110478023333684,-1.1573229341274334,6.955045578931086,0.6295741068180681,35.65275005560698,0.2719344611720337,-0.21417752415962224,0.00015748,0.21538438781627137,0.00081957,1,0.0
12305,0.006370217472275286,0.273975656741579,-1.54e-06,2.486815554790245,3.014456156746668,80.48493060842763,1.0052136313683062,15.780415280036623,0.12067054082980143,-60.55453666121013,-1.1573229341274334,18.79259739762751,0.6295741068180681,-15.543095416147814,0.2719344611720337,0.15515964846214275,0.00015748,0.5834009947037286,0.00081957,0,0.0
12306,0.0003876433639020682,0.11808626189132743,-1.54e-06,2.486815554790245,3.014456156746668,48.02339074824227,1.0052136313683062,7.635426585565831,0.12067054082980143,-39.74976942780548,-1.1573229341274334,7.517970014691114,0.6295741068180681,-0.9379584812242611,0.2719344611720337,0.0941327161128568,0.00015748,0.22344174071581224,0.00081957,0,0.0
12307,-0.000229176442999403,0.17619583782056206,-1.54e-06,2.486815554790245,3.014456156746668,10.082352079518836,1.0052136313683062,-0.05060736532842042,0.12067054082980143,-6.406001534333149,-1.1573229341274334,23.636853878285503,0.6295741068180681,-4.877358224467726,0.2719344611720337,0.021410613568523557,0.00015748,0.3245077008788443,0.00081957,0,0.0
12308,-0.0004867846492392358,0.3551935051108878,-1.54e-06,2.486815554790245,3.014456156746668,-78.8274129195322,1.0052136313683062,-8.588354596327509,0.12067054082980143,-10.717993547147532,-1.1573229341274334,85.95104188526145,0.6295741068180681,32.01441504097016,0.2719344611720337,-0.22411685292003936,0.00015748,0.4614720430590532,0.00081957,1,0.0
12309,0.0004237967923841346,0.1330298308056648,-1.54e-06,2.486815554790245,3.014456156746668,17.954815297493752,1.0052136313683062,9.751398380314468,0.12067054082980143,-100.0,-1.1573229341274334,84.95594713536713,0.6295741068180681,36.65691398859503,0.2719344611720337,0.26384159734915064,0.00015748,0.3794797623434298,0.00081957,0,0.0
12310,0.44703968369202784,0.32461583598170385,-1.54e-06,2.486815554790245,3.014456156746668,-15.11626425468412,1.0052136313683062,5.96999026183529,0.12067054082980143,-99.96798207971538,-1.1573229341274334,76.11727107171552,0.6295741068180681,71.02249329008056,0.2719344611720337,0.14925346685601326,0.00015748,0.5061075083206503,0.00081957,0,0.0
12311,0.787330041066919,0.10281675930893866,-1.54e-06,2.486815554790245,3.014456156746668,-39.81947738859281,1.0052136313683062,4.079088131377562,0.12067054082980143,-22.919585974295348,-1.1573229341274334,-30.785185792682242,0.6295741068180681,55.011576624113026,0.2719344611720337,-0.08044851240524173,0.00015748,0.08023960992657711,0.00081957,1,0.0
12312,0.00012034508296931978,0.15511814419693543,-1.54e-06,2.486815554790245,3.014456156746668,41.07919744841618,1.0052136313683062,5.8297116740013655,0.12067054082980143,-36.456327309935304,-1.1573229341274334,27.32780000724935,0.6295741068180681,-3.289927339052752,0.2719344611720337,0.17864055612309518,0.00015748,0.33916990006880054,0.00081957,0,0.0
12313,0.231220740438002,1.7751593736309128,-1.54e-06,2.486815554790245,3.014456156746668,22.165814666462843,1.0052136313683062,26.657444052205804,0.12067054082980143,-72.16601844280014,-1.1573229341274334,-28.15156069757722,0.6295741068180681,11.474269367383345,0.2719344611720337,-0.7774045724647701,0.00015748,0.7788164722337739,0.00081957,1,0.0
12314,0.8226717574991139,0.10854271852745309,-1.54e-06,2.486815554790245,3.014456156746668,-63.65075496147726,1.0052136313683062,2.7924271526753994,0.12067054082980143,-26.54361016825573,-1.1573229341274334,-14.732850650710985,0.6295741068180681,65.95604535805208,0.2719344611720337,-0.03817158002182531,0.00015748,0.03865939749758419,0.00081957,1,0.0
12315,0.09244497917629008,0.04291880238630474,-1.54e-06,2.486815554790245,3.014456156746668,9.789710940878269,1.0052136313683062,5.725450975138165,0.12067054082980143,-38.11371469694204,-1.1573229341274334,1.948503492047466,0.6295741068180681,19.822930015345793,0.2719344611720337,-0.14319555898821745,0.00015748,0.1441918745810673,0.00081957,1,0.0
12316,-1.8265734964550973e-06,0.11435283306215943,-1.54e-06,2.486815554790245,3.014456156746668,100.0,1.0052136313683062,11.22212981782897,0.12067054082980143,-49.65007667026603,-1.1573229341274334,19.23264966203081,0.6295741068180681,-22.570221068513273,0.2719344611720337,0.3599494592615974,0.00015748,0.5343019199214283,0.00081957,0,0.0
12317,-0.025142347595139114,1.7911408192617966,-1.54e-06,2.486815554790245,3.014456156746668,100.0,1.0052136313683062,30.082673169481925,0.12067054082980143,-81.06939992900664,-1.1573229341274334,-0.13206803897387667,0.6295741068180681,-31.424150705043512,0.2719344611720337,-0.3483141940204364,0.00015748,1.08702087849914,0.00081957,1,0.0
12318,0.2236717320219932,0.019151024270686125,-1.54e-06,2.486815554790245,3.014456156746668,-71.80386011457375,1.0052136313683062,-0.9139283926407737,0.12067054082980143,-41.268112196567834,-1.1573229341274334,53.46386294896759,0.6295741068180681,55.228324957584455,0.2719344611720337,-0.0740328526982901,0.00015748,0.0738208730610515,0.00081957,1,0.0
12319,0.17115772878291843,0.007101224737102771,-1.54e-06,2.486815554790245,3.014456156746668,-68.82385755043066,1.0052136313683062,2.331151692902395,0.12067054082980143,-74.16695940865027,-1.1573229341274334,71.79097914419636,0.6295741068180681,69.86280820775266,0.2719344611720337,-0.02422450955260588,0.00015748,0.0251727912230876,0.00081957,1,0.0
12320,0.500274985515031,0.07462067800014152,-1.54e-06,2.486815554790245,3.014456156746668,-45.21285108892353,1.0052136313683062,8.563207570309054,0.12067054082980143,-86.39077922539651,-1.1573229341274334,29.009296386217407,0.6295741068180681,79.34409942013538,0.2719344611720337,-0.17645936091429024,0.00015748,0.17791018557172741,0.00081957,1,0.0
12321,0.31997225078423736,0.09226419250608044,-1.54e-06,2.486815554790245,3.014456156746668,49.12317514788196,1.0052136313683062,7.349006111095267,0.12067054082980143,-0.025570666543558246,-1.1573229341274334,-67.15669409208385,0.6295741068180681,-6.322084722265911,0.2719344611720337,-0.20365369530505115,0.00015748,0.20346276980151398,0.00081957,1,0.0
12322,0.24826322699686565,0.7303884901091169,-1.54e-06,2.486815554790245,3.014456156746668,-71.18333862209894,1.0052136313683062,-11.484520858954474,0.12067054082980143,-31.41595478396742,-1.1573229341274334,68.58335441548964,0.6295741068180681,65.98537450818638,0.2719344611720337,-0.3987291190668568,0.00015748,0.49293900486675335,0.00081957,1,0.0
12323,0.00021142872045715189,0.2549319206054982,-1.54e-06,2.486815554790245,3.014456156746668,44.67301003815723,1.0052136313683062,2.3517965368021887,0.12067054082980143,-16.443400433362154,-1.1573229341274334,29.730596767136582,0.6295741068180681,-15.645859113892774,0.2719344611720337,0.12339524562835491,0.00015748,0.5546088923825474,0.00081957,0,0.0
12324,0.667870299690478,0.5057181529898304,-1.54e-06,2.486815554790245,3.014456156746668,-18.31980892849605,1.0052136313683062,19.008344744789873,0.12067054082980143,-83.6138987983619,-1.1573229341274334,-19.118400812152633,0.6295741068180681,62.07795511910879,0.2719344611720337,-0.43779433129452083,0.00015748,0.4391544819917378,0.00081957,1,0.0
12325,-0.0003049769230667465,0.14296794934473844,-1.54e-06,2.486815554790245,3.014456156746668,3.691606996888614,1.0052136313683062,8.297213696509614,0.12067054082980143,-98.5687017388585,-1.1573229341274334,91.13775530647149,0.6295741068180681,41.97017531247609,0.2719344611720337,0.22209377533166047,0.00015748,0.36797850996111764,0.00081957,0,0.0
12326,0.0031818218778043583,0.3290848981830563,-1.54e-06,2.486815554790245,3.014456156746668,65.88472783856962,1.0052136313683062,3.5788426209879267,0.12067054082980143,-49.488380786220645,-1.1573229341274334,69.53868301084543,0.6295741068180681,-8.071291181507638,0.2719344611720337,0.21022451168286072,0.00015748,0.9248724042459497,0.00081957,0,0.0
12327,0.23684364347084053,0.08692793578888612,-1.54e-06,2.486815554790245,3.014456156746668,98.31974039872443,1.0052136313683062,17.087755868897418,0.12067054082980143,-94.20495170983895,-1.1573229341274334,28.165735178718535,0.6295741068180681,8.463819646885,0.2719344611720337,0.4838492723005395,0.00015748,0.51558864002662,0.00081957,0,0.0
12328,0.49410195957273273,0.29113170232949903,-1.54e-06,2.486815554790245,3.014456156746668,78.04207021938417,1.0052136313683062,15.102762388877442,0.12067054082980143,-44.061761208998476,-1.1573229341274334,-63.75262274518202,0.6295741068180681,8.905769879075663,0.2719344611720337,-0.1568851885588201,0.00015748,0.41555552077483654,0.00081957,1,0.0
12329,0.03276681796391934,0.12760720523536379,-1.54e-06,2.486815554790245,3.014456156746668,36.68016887127583,1.0052136313683062,9.725291882361605,0.12067054082980143,-56.358912189889764,-1.1573229341274334,5.9455280225962115,0.6295741068180681,14.849628251986202,0.2719344611720337,-0.11091632616178135,0.00015748,0.2506348195957251,0.00081957,1,0.0
12330,0.17030019596748125,0.0641526482909036,-1.54e-06,2.486815554790245,3.014456156746668,0.5681324772670695,1.0052136313683062,7.623886721250094,0.12067054082980143,-56.43271399771836,-1.1573229341274334,10.07694413557288,0.6295741068180681,35.02950994652214,0.2719344611720337,-0.17556150821898614,0.00015748,0.17777941323183194,0.00081957,1,0.0
12331,0.0001981966345815378,0.15040757234044477,-1.54e-06,2.486815554790245,3.014456156746668,62.120976037213524,1.0052136313683062,7.489033327514518,0.12067054082980143,-39.16762275868166,-1.1573229341274334,20.650650086975602,0.6295741068180681,-10.246668558138847,0.2719344611720337,0.24038270385209173,0.00015748,0.3723323512244816,0.00081957,0,0.0
12332,0.00038383543396014463,0.24936764678538528,-1.54e-06,2.486815554790245,3.014456156746668,-0.25669640325225596,1.0052136313683062,3.3059526373834722,0.12067054082980143,-59.942267881352564,-1.1573229341274334,82.07247667718575,0.6295741068180681,22.35120430499232,0.2719344611720337,0.10596053801243843,0.00015748,0.5560217885675667,0.00081957,0,0.0
12333,0.5369430546402352,0.12787948949380298,-1.54e-06,2.486815554790245,3.014456156746668,-18.623207482441554,1.0052136313683062,10.91713051775161,0.12067054082980143,-78.23955457487455,-1.1573229341274334,1.0434378603325865,0.6295741068180681,66.25079449141977,0.2719344611720337,-0.24028769595797836,0.00015748,0.24262646228919035,0.00081957,1,0.0
12334,0.8893811599037329,0.34603084644269405,-1.54e-06,2.486815554790245,3.014456156746668,70.31827984548457,1.0052136313683062,17.607673396066634,0.12067054082980143,-100.0,-1.1573229341274334,-2.5048714784598882,0.6295741068180681,48.25627004170909,0.2719344611720337,0.3989766741075447,0.00015748,0.6241732899386148,0.00081957,0,0.0
12335,0.5167632213188835,0.05127063316579812,-1.54e-06,2.486815554790245,3.014456156746668,-83.26813393567072,1.0052136313683062,0.027519707038356128,0.12067054082980143,-39.05859827756047,-1.1573229341274334,34.04680103467501,0.6295741068180681,68.42468321957273,0.2719344611720337,-0.06939657428059738,0.00015748,0.06940515882925562,0.00081957,1,0.0
12336,0.004154515837764605,0.12742394829138845,-1.54e-06,2.486815554790245,3.014456156746668,60.96087621491783,1.0052136313683062,8.807892132659472,0.12067054082980143,-35.39989340978553,-1.1573229341274334,-7.386920461347212,0.6295741068180681,-7.677683680404522,0.2719344611720337,0.0362744490396579,0.00015748,0.25281493503618235,0.00081957,0,0.0
12337,0.0042454772725170065,0.053851312426920095,-1.54e-06,2.486815554790245,3.014456156746668,5.175336284356388,1.0052136313683062,5.000526202265368,0.12067054082980143,-44.99662101993858,-1.1573229341274334,23.2224010693004,0.6295741068180681,20.79289999119247,0.2719344611720337,-0.0465282326895643,0.00015748,0.12674866180129885,0.00081957,1,0.0
12338,0.614463221587054,0.21312347172858048,-1.54e-06,2.486815554790245,3.014456156746668,6.8896718754356145,1.0052136313683062,13.374881320878695,0.12067054082980143,-71.87726063473386,-1.1573229341274334,-28.798208249168642,0.6295741068180681,56.522658901177294,0.2719344611720337,-0.3152589309093707,0.00015748,0.31535008570309325,0.00081957,1,0.0
12339,0.0011829978944701836,0.1644274686787373,-1.54e-06,2.486815554790245,3.014456156746668,73.45147244595293,1.0052136313683062,7.234036920372895,0.12067054082980143,-30.2925262382659,-1.1573229341274334,14.620248011573171,0.6295741068180681,-20.02853875742264,0.2719344611720337,0.24515662514809222,0.00015748,0.45129260594390574,0.00081957,0,0.0
12340,0.30553067700699704,0.04009690021442838,-1.54e-06,2.486815554790245,3.014456156746668,22.185177239610265,1.0052136313683062,4.513884486910435,0.12067054082980143,-0.06585048704780835,-1.1573229341274334,-45.02332169499583,0.6295741068180681,2.9287262865428563,0.2719344611720337,-0.11948489545339729,0.00015748,0.12042567058317903,0.00081957,1,0.0
12341,0.2548340969285383,0.1134532401878383,-1.54e-06,2.486815554790245,3.014456156746668,73.53983070960234,1.0052136313683062,15.867563248458351,0.12067054082980143,-100.0,-1.1573229341274334,41.37213582228754,0.6295741068180681,22.002321783925723,0.2719344611720337,0.45496995735565887,0.00015748,0.4627583680729444,0.00081957,0,0.0
12342,0.00022384440647182924,0.15100887823019318,-1.54e-06,2.486815554790245,3.014456156746668,26.935395936197676,1.0052136313683062,3.062600557431616,0.12067054082980143,-23.261719996288072,-1.1573229341274334,23.551651867918235,0.6295741068180681,-2.7179705176841673,0.2719344611720337,0.11004608020752932,0.00015748,0.2950570283807453,0.00081957,0,0.0
12343,1.0329532990820591,0.18362936175300035,-1.54e-06,2.486815554790245,3.014456156746668,-43.30390389514693,1.0052136313683062,6.443645730380879,0.12067054082980143,-26.067845998525847,-1.1573229341274334,-50.08018492249016,0.6295741068180681,65.72757206758541,0.2719344611720337,-0.12435482854580182,0.00015748,0.12443327998217135,0.00081957,1,0.0
12344,0.0009699966335999788,0.0965306254909667,-1.54e-06,2.486815554790245,3.014456156746668,53.449772454369445,1.0052136313683062,7.368739375305897,0.12067054082980143,-21.542896951043332,-1.1573229341274334,-23.922276420169915,0.6295741068180681,-9.366708708791682,0.2719344611720337,-0.11995470023609467,0.00015748,0.20892750467853616,0.00081957,1,0.0
12345,0.0007540900423975705,0.3872388919916815,-1.54e-06,2.486815554790245,3.014456156746668,44.67419396682088,1.0052136313683062,3.1289798501684016,0.12067054082980143,-3.2873576773643993,-1.1573229341274334,27.338871175239245,0.6295741068180681,-28.61688458547253,0.2719344611720337,0.06968306206402669,0.00015748,0.7067798759487736,0.00081957,0,0.0
12346,0.242784382365116,0.2001975138905494,-1.54e-06,2.486815554790245,3.014456156746668,78.0382166646878,1.0052136313683062,11.694268624910306,0.12067054082980143,-22.67080064580068,-1.1573229341274334,-62.619797772273806,0.6295741068180681,-9.41690869640233,0.2719344611720337,-0.21328132694462498,0.00015748,0.3262103270081045,0.00081957,1,0.0
12347,0.08170683880684082,0.0030987081365117883,-1.54e-06,2.486815554790245,3.014456156746668,-29.84911097930553,1.0052136313683062,1.817514100616687,0.12067054082980143,-39.21985151904959,-1.1573229341274334,33.7628322169801,0.6295741068180681,34.27901888237955,0.2719344611720337,-0.027467000809694796,0.00015748,0.027950199032309296,0.00081957,1,0.0
12348,0.0007682914572668675,0.27112422931430535,-1.54e-06,2.486815554790245,3.014456156746668,69.88979424340914,1.0052136313683062,4.390245898092164,0.12067054082980143,-40.15482132423906,-1.1573229341274334,51.24534611480372,0.6295741068180681,-14.392398720170402,0.2719344611720337,0.21713878913107415,0.00015748,0.7987993150336723,0.00081957,0,0.0
12349,0.2555263348989744,0.013185726859612315,-1.54e-06,2.486815554790245,3.014456156746668,-33.12504508937751,1.0052136313683062,3.557567155448298,0.12067054082980143,-46.16740891689632,-1.1573229341274334,23.5475075340877,0.6295741068180681,45.25803157650601,0.2719344611720337,-0.06537531568250998,0.00015748,0.06662141366556928,0.00081957,1,0.0
12350,0.15612870896901132,0.13199814151470624,-1.54e-06,2.486815554790245,3.014456156746668,44.36305456413561,1.0052136313683062,12.011092672806274,0.12067054082980143,-100.0,-1.1573229341274334,64.70671852305368,0.6295741068180681,31.882777263978213,0.2719344611720337,0.34969411355497165,0.00015748,0.4540853996626956,0.00081957,0,0.0
12351,0.35367384804258706,0.044650706738352905,-1.54e-06,2.486815554790245,3.014456156746668,18.703037099405645,1.0052136313683062,4.74010671086791,0.12067054082980143,-0.6021591711789294,-1.1573229341274334,-46.793545668937874,0.6295741068180681,5.907839378241661,0.2719344611720337,-0.11897108414323825,0.00015748,0.11977841543422733,0.00081957,1,0.0
12352,0.7690569382246027,0.10608696062697147,-1.54e-06,2.486815554790245,3.014456156746668,-72.97879796570766,1.0052136313683062,0.46311606501149305,0.12067054082980143,-20.509807208603682,-1.1573229341274334,-4.940230076822901,0.6295741068180681,64.85937826132964,0.2719344611720337,-0.032199133931695476,0.00015748,0.03242657368535298,0.00081957,1,0.0
12353,0.07475555044429427,0.07955170422674804,-1.54e-06,2.486815554790245,3.014456156746668,93.8438306490517,1.0052136313683062,13.936489463486206,0.12067054082980143,-79.68257444868112,-1.1573229341274334,38.38139301141119,0.6295741068180681,-3.08466076509541,0.2719344611720337,0.4258216501162371,0.00015748,0.5569570968717272,0.00081957,0,0.0
12354,0.7903280283229102,0.10092738597776206,-1.54e-06,2.486815554790245,3.014456156746668,-44.679510357730386,1.0052136313683062,4.498199959804184,0.12067054082980143,-26.853355967437732,-1.1573229341274334,-26.202012595345963,0.6295741068180681,58.10657726830164,0.2719344611720337,-0.07979948564935503,0.00015748,0.07993633533848467,0.00081957,1,0.0
12355,0.0006605480293891963,0.08303361683843553,-1.54e-06,2.486815554790245,3.014456156746668,20.842062243825563,1.0052136313683062,7.378315612802075,0.12067054082980143,-50.30775109185066,-1.1573229341274334,12.791911298389412,0.6295741068180681,17.577651383997843,0.2719344611720337,-0.11798413281108613,0.00015748,0.18718809722073151,0.00081957,1,0.0
12356,0.9621257820410585,0.7973807734446192,-1.54e-06,2.486815554790245,3.014456156746668,-10.053401325631143,1.0052136313683062,15.112944876639315,0.12067054082980143,-0.30371105662791564,-1.1573229341274334,-94.87076465174069,0.6295741068180681,22.334443917583595,0.2719344611720337,-0.46300627615766526,0.00015748,0.4621323570416272,0.00081957,1,0.0
12357,0.3004702272303876,0.014927223259997496,-1.54e-06,2.486815554790245,3.014456156746668,-30.48187628014665,1.0052136313683062,3.3544161530378678,0.12067054082980143,-38.33173553229777,-1.1573229341274334,13.610764575658138,0.6295741068180681,41.74675743713494,0.2719344611720337,-0.061925345244701474,0.00015748,0.06248739262684763,0.00081957,1,0.0
12358,0.23186335100104444,0.008571067247732263,-1.54e-06,2.486815554790245,3.014456156746668,-84.04438216492937,1.0052136313683062,2.6859013145369195,0.12067054082980143,-85.41864368244339,-1.1573229341274334,82.71507730906875,0.6295741068180681,83.05907250080168,0.2719344611720337,-0.03518207686213414,0.00015748,0.03513115244914366,0.00081957,1,0.0
12359,0.9176009322317575,0.4317299416901646,-1.54e-06,2.486815554790245,3.014456156746668,37.18008821825806,1.0052136313683062,17.236463988550017,0.12067054082980143,-64.35395979080901,-1.1573229341274334,-80.80657612336155,0.6295741068180681,53.11648841050288,0.2719344611720337,-0.4165166407773556,0.00015748,0.4385821224453531,0.00081957,1,0.0
12360,0.0019843215139577347,0.2643469266269009,-1.54e-06,2.486815554790245,3.014456156746668,-29.631123894476385,1.0052136313683062,-0.3419348945912898,0.12067054082980143,-47.94311085216561,-1.1573229341274334,84.36416829910856,0.6295741068180681,29.770119401444816,0.2719344611720337,0.0014049856247960735,0.00015748,0.47718061798844863,0.00081957,0,0.0
12361,0.40814200993398964,0.11246145067192208,-1.54e-06,2.486815554790245,3.014456156746668,46.936322479397845,1.0052136313683062,7.9643516554628615,0.12067054082980143,-2.914152131529565,-1.1573229341274334,-71.83069437727791,0.6295741068180681,-0.6876909635814621,0.2719344611720337,-0.21774559444799313,0.00015748,0.2202412909762973,0.00081957,1,0.0
12362,0.10066270233837282,0.12798295174250834,-1.54e-06,2.486815554790245,3.014456156746668,24.555058556588474,1.0052136313683062,10.042721126943349,0.12067054082980143,-67.98129043775087,-1.1573229341274334,17.270576910501674,0.6295741068180681,27.394405605158873,0.2719344611720337,-0.08087451798777442,0.00015748,0.25424947259820907,0.00081957,1,0.0
12363,1.049407975013015,0.22745128376307105,-1.54e-06,2.486815554790245,3.014456156746668,-12.103039310460378,1.0052136313683062,8.2683816079747,0.12067054082980143,-17.996502839100376,-1.1573229341274334,-78.27030338373429,0.6295741068180681,51.78258710124789,0.2719344611720337,-0.1946230078639243,0.00015748,0.19648894735177672,0.00081957,1,0.0
12364,0.94719967962066,0.1624070119671962,-1.54e-06,2.486815554790245,3.014456156746668,-49.74074597838772,1.0052136313683062,9.137672393755182,0.12067054082980143,-64.56962133097839,-1.1573229341274334,-18.997143884940147,0.6295741068180681,85.4646655636785,0.2719344611720337,-0.1874737610073512,0.00015748,0.1876330821904469,0.00081957,1,0.0
12365,0.5969606078013003,0.08454865737807356,-1.54e-06,2.486815554790245,3.014456156746668,-2.245381136919474,1.0052136313683062,6.021331496539958,0.12067054082980143,-18.142928693201913,-1.1573229341274334,-44.42307298923505,0.6295741068180681,31.935531040732123,0.2719344611720337,-0.14549715770056873,0.00015748,0.14611496410274352,0.00081957,1,0.0
12366,0.4162611330757555,0.12522579788389704,-1.54e-06,2.486815554790245,3.014456156746668,-16.507515148793857,1.0052136313683062,11.15539076397759,0.12067054082980143,-86.22582991774439,-1.1573229341274334,13.999392693144012,0.6295741068180681,65.2874036799707,0.2719344611720337,-0.24815015805059396,0.00015748,0.24845244137561565,0.00081957,1,0.0
12367,0.5527441324414668,0.047701120589685675,-1.54e-06,2.486815554790245,3.014456156746668,-83.26323320681834,1.0052136313683062,0.8899007642746504,0.12067054082980143,-46.70940802458272,-1.1573229341274334,34.71696991020494,0.6295741068180681,74.1173272705777,0.2719344611720337,-0.0420066964698393,0.00015748,0.042613872488636004,0.00081957,1,0.0
12368,0.0026908827682630143,0.2674419024138597,-1.54e-06,2.486815554790245,3.014456156746668,44.68826122862813,1.0052136313683062,6.038599757417639,0.12067054082980143,-0.2574911962397427,-1.1573229341274334,-4.958181232522194,0.6295741068180681,-28.1664730150911,0.2719344611720337,0.012965481777062193,0.00015748,0.4174934146411158,0.00081957,0,0.0
12369,0.03872855743027248,0.11318235779767384,-1.54e-06,2.486815554790245,3.014456156746668,99.98853277805136,1.0052136313683062,13.10382398479231,0.12067054082980143,-59.090862030769536,-1.1573229341274334,13.810020553417816,0.6295741068180681,-15.643938987599748,0.2719344611720337,0.3968540407409934,0.00015748,0.4248673482971247,0.00081957,0,0.0
12370,0.29504788318575814,0.023955033162746952,-1.54e-06,2.486815554790245,3.014456156746668,-42.136658781615346,1.0052136313683062,-1.0615088999354538,0.12067054082980143,-8.430208943803432,-1.1573229341274334,9.043125201437517,0.6295741068180681,30.060355852686303,0.2719344611720337,-0.05404078974198404,0.00015748,0.054442157387684965,0.00081957,1,0.0
12371,0.6891842996136781,0.3398202765271274,-1.54e-06,2.486815554790245,3.014456156746668,30.620367526569957,1.0052136313683062,16.654841583655575,0.12067054082980143,-81.27151943995482,-1.1573229341274334,-41.462319865818344,0.6295741068180681,54.65424663323687,0.2719344611720337,-0.32235431716568674,0.00015748,0.41651141047081064,0.00081957,1,0.0
12372,0.0007194272496862109,0.11863926281880366,-1.54e-06,2.486815554790245,3.014456156746668,39.33955096288036,1.0052136313683062,11.043495028172869,0.12067054082980143,-99.99642247815657,-1.1573229341274334,84.04913400205578,0.6295741068180681,26.20529606766506,0.2719344611720337,0.3143575763005447,0.00015748,0.5205117929557149,0.00081957,0,0.0
12373,0.00013396424900291581,0.11062181418930778,-1.54e-06,2.486815554790245,3.014456156746668,49.87726220752308,1.0052136313683062,6.6531682037171835,0.12067054082980143,-28.1037602141573,-1.1573229341274334,-1.880450133661681,0.6295741068180681,-7.148705490402996,0.2719344611720337,0.08279701337160163,0.00015748,0.2020464298048622,0.00081957,0,0.0
12374,0.6980672705592003,0.07414574992428931,-1.54e-06,2.486815554790245,3.014456156746668,-59.437626645151475,1.0052136313683062,6.327790020394537,0.12067054082980143,-64.24913170838157,-1.1573229341274334,11.18608264663997,0.6295741068180681,79.76921410218996,0.2719344611720337,-0.11453967779185861,0.00015748,0.11558792632012163,0.00081957,1,0.0
12375,0.10201780271399724,0.005170114378497481,-1.54e-06,2.486815554790245,3.014456156746668,-62.01953711576952,1.0052136313683062,1.9718436863025008,0.12067054082980143,-67.13515656011273,-1.1573229341274334,69.21203525254316,0.6295741068180681,60.85926333745047,0.2719344611720337,-0.028200687601076777,0.00015748,0.028194156800414486,0.00081957,1,0.0
12376,-0.0003605621451767682,0.27733469952883805,-1.54e-06,2.486815554790245,3.014456156746668,99.6461283293443,1.0052136313683062,12.617352002215304,0.12067054082980143,-2.6925924351191615,-1.1573229341274334,-49.473858334181074,0.6295741068180681,-47.54989868804578,0.2719344611720337,0.002022474878583258,0.00015748,0.3948611107075573,0.00081957,0,0.0
12377,0.6954749266692737,0.07680813348902346,-1.54e-06,2.486815554790245,3.014456156746668,-60.33148118814016,1.0052136313683062,2.705480657088474,0.12067054082980143,-28.70939505463802,-1.1573229341274334,-5.036084196113779,0.6295741068180681,60.82093188531034,0.2719344611720337,-0.04593640784828255,0.00015748,0.04638444926609101,0.00081957,1,0.0
12378,0.0820606617439967,0.006808773769716905,-1.54e-06,2.486815554790245,3.014456156746668,-56.88001608082744,1.0052136313683062,2.5717298987042736,0.12067054082980143,-69.3972425489846,-1.1573229341274334,68.18901210918112,0.6295741068180681,59.49346699733987,0.2719344611720337,-0.035008203954112554,0.00015748,0.0351159933618069,0.00081957,1,0.0
12379,0.6035174537357145,0.05862011103052338,-1.54e-06,2.486815554790245,3.014456156746668,-45.904836913166875,1.0052136313683062,5.588896741455946,0.12067054082980143,-52.879938554263596,-1.1573229341274334,4.3887469158443215,0.6295741068180681,65.86485964112433,0.2719344611720337,-0.10770148218968964,0.00015748,0.10776926866874723,0.00081957,1,0.0
12380,0.682069569512385,0.1258210324629438,-1.54e-06,2.486815554790245,3.014456156746668,-27.842629203827727,1.0052136313683062,9.40196503748399,0.12067054082980143,-68.43077629551485,-1.1573229341274334,-8.98228250138236,0.6295741068180681,70.76282607101166,0.2719344611720337,-0.21452541135880343,0.00015748,0.21498261023732257,0.00081957,1,0.0
12381,0.36020123263695336,0.07359703667634951,-1.54e-06,2.486815554790245,3.014456156746668,12.531880797247512,1.0052136313683062,7.264862667834678,0.12067054082980143,-31.66190193211872,-1.1573229341274334,-27.805412197478248,0.6295741068180681,25.111009056355048,0.2719344611720337,-0.18309737327142428,0.00015748,0.1832286152645315,0.00081957,1,0.0
12382,0.2639372187890653,0.13385524765891285,-1.54e-06,2.486815554790245,3.014456156746668,6.253891992462984,1.0052136313683062,10.023552465192365,0.12067054082980143,-76.32220201814978,-1.1573229341274334,14.256567773237457,0.6295741068180681,46.6681422397629,0.2719344611720337,-0.1708252628777297,0.00015748,0.2576764443961591,0.00081957,1,0.0
12383,0.5244984011897498,0.26205642653596684,-1.54e-06,2.486815554790245,3.014456156746668,42.939122434027965,1.0052136313683062,15.331537583417969,0.12067054082980143,-76.25110131267061,-1.1573229341274334,-23.06922581718817,0.6295741068180681,38.944751756472485,0.2719344611720337,-0.11691863937034969,0.00015748,0.3974408776123651,0.00081957,1,0.0
12384,-0.16112663707283703,1.421569699938282,-1.54e-06,2.486815554790245,3.014456156746668,-19.453134230778307,1.0052136313683062,14.667628235777405,0.12067054082980143,-70.25409081234007,-1.1573229341274334,69.02072793447574,0.6295741068180681,12.979904134049791,0.2719344611720337,-0.4355441865469194,0.00015748,0.7429823288518287,0.00081957,1,0.0
12385,0.0120980439388656,0.6707673989965484,-1.54e-06,2.486815554790245,3.014456156746668,25.744462849283646,1.0052136313683062,13.74838904530253,0.12067054082980143,-16.126649762726267,-1.1573229341274334,-28.28140163299413,0.6295741068180681,-16.98666775179951,0.2719344611720337,-0.46483818867367105,0.00015748,0.4628933085193772,0.00081957,1,0.0
12386,0.357861715170473,0.01536150042121077,-1.54e-06,2.486815554790245,3.014456156746668,-70.79131815166284,1.0052136313683062,4.018029425512781,0.12067054082980143,-75.49158929080194,-1.1573229341274334,56.15286844376364,0.6295741068180681,77.33134465858703,0.2719344611720337,-0.059347823045349204,0.00015748,0.05982146155317526,0.00081957,1,0.0
12387,0.26773477141817903,0.06311561673543852,-1.54e-06,2.486815554790245,3.014456156746668,38.51454116052738,1.0052136313683062,6.136389976674553,0.12067054082980143,-2.3503489867267304,-1.1573229341274334,-52.95020455936816,0.6295741068180681,-3.1770958944730467,0.2719344611720337,-0.1662835404873637,0.00015748,0.1683320728928065,0.00081957,1,0.0
12388,0.012938033898437618,0.05703396382274732,-1.54e-06,2.486815554790245,3.014456156746668,6.417013111811215,1.0052136313683062,6.808069617412092,0.12067054082980143,-52.6840627858999,-1.1573229341274334,17.967618875108887,0.6295741068180681,25.03855196443034,0.2719344611720337,-0.15694127605963165,0.00015748,0.15817198192282828,0.00081957,1,0.0
12389,0.3430754348634617,0.19853843106158187,-1.54e-06,2.486815554790245,3.014456156746668,71.03493266432454,1.0052136313683062,13.557037962535532,0.12067054082980143,-66.54020578372298,-1.1573229341274334,-6.473411577911194,0.6295741068180681,14.356904079703865,0.2719344611720337,0.17574725721160167,0.00015748,0.4091306489180164,0.00081957,0,0.0
12390,-0.000773253733302965,0.10863182301091408,-1.54e-06,2.486815554790245,3.014456156746668,-31.49663493995221,1.0052136313683062,0.19712298530390077,0.12067054082980143,-43.59687453414955,-1.1573229341274334,61.95791236735977,0.6295741068180681,31.96885801842509,0.2719344611720337,0.00381895888725807,0.00015748,0.2024841878932951,0.00081957,0,0.0
12391,-0.0005842418545950467,0.18756325871959786,-1.54e-06,2.486815554790245,3.014456156746668,38.67360863463259,1.0052136313683062,1.6274663208189608,0.12067054082980143,-4.644489709084312,-1.1573229341274334,10.550400160495046,0.6295741068180681,-16.77594212758013,0.2719344611720337,0.09005313429769388,0.00015748,0.3646564045303895,0.00081957,0,0.0
12392,0.9710657256079449,0.8065709053267182,-1.54e-06,2.486815554790245,3.014456156746668,5.584541643417426,1.0052136313683062,5.221304291116887,0.12067054082980143,-77.2787055142651,-1.1573229341274334,22.367824594103393,0.6295741068180681,73.77741158484187,0.2719344611720337,0.08359955843851341,0.00015748,0.7628086270315929,0.00081957,0,0.0
12393,0.33565530804920785,0.01664438435099319,-1.54e-06,2.486815554790245,3.014456156746668,-41.022905187935464,1.0052136313683062,0.8411327127097994,0.12067054082980143,-22.87455703920119,-1.1573229341274334,11.292262015307662,0.6295741068180681,38.80811080574403,0.2719344611720337,-0.012705516554768018,0.00015748,0.012887927186069592,0.00081957,1,0.0
12394,0.051505833803162315,0.12618300003011382,-1.54e-06,2.486815554790245,3.014456156746668,76.17446319192902,1.0052136313683062,8.500094516898397,0.12067054082980143,-5.078437785517823,-1.1573229341274334,-58.42322990552837,0.6295741068180681,-23.523575606886507,0.2719344611720337,-0.217500136945514,0.00015748,0.2477532095732688,0.00081957,1,0.0
12395,1.2853674353234568,0.2840599671925444,-1.54e-06,2.486815554790245,3.014456156746668,-58.361499727496984,1.0052136313683062,5.399277759098495,0.12067054082980143,-16.61075360960752,-1.1573229341274334,-65.54511153247662,0.6295741068180681,75.93609288668233,0.2719344611720337,-0.0977741063125878,0.00015748,0.09782070920879975,0.00081957,1,0.0
12396,0.08787306107943893,0.13297616451899727,-1.54e-06,2.486815554790245,3.014456156746668,-56.85553958583804,1.0052136313683062,-6.7444678534938935,0.12067054082980143,-18.5276866775534,-1.1573229341274334,50.431308404296544,0.6295741068180681,39.818716103139835,0.2719344611720337,-0.19172315849256383,0.00015748,0.19722003029900825,0.00081957,1,0.0
12397,0.9277321356077457,0.4510562029034176,-1.54e-06,2.486815554790245,3.014456156746668,58.323427020644495,1.0052136313683062,20.175376190876904,0.12067054082980143,-91.99447769613798,-1.1573229341274334,-48.422887754076726,0.6295741068180681,54.355857547513914,0.2719344611720337,-0.0736343629282073,0.00015748,0.5429562768821032,0.00081957,1,0.0
12398,0.0515592624868515,0.14353333234666638,-1.54e-06,2.486815554790245,3.014456156746668,57.56114813991704,1.0052136313683062,10.720404503138285,0.12067054082980143,-57.88074721413712,-1.1573229341274334,10.516230291743181,0.6295741068180681,5.448079532771355,0.2719344611720337,0.10079047046543112,0.00015748,0.30093513329968913,0.00081957,0,0.0
12399,0.5712447863771043,0.197102232293707,-1.54e-06,2.486815554790245,3.014456156746668,51.11035677648539,1.0052136313683062,10.763434056336534,0.12067054082980143,-14.581388272385459,-1.1573229341274334,-84.47668759440842,0.6295741068180681,9.930795114853382,0.2719344611720337,-0.290082980728719,0.00015748,0.29206836926974516,0.00081957,1,0.0
12400,0.1555717039067981,0.00566727952881648,-1.54e-06,2.5734906374269797,3.4667613288606156,-59.80637917519683,1.0052136313683062,4.831971869296034,0.12067054082980143,-73.5916739736001,-1.1573229341274334,62.53168892294108,0.6295741068180681,62.75840920842247,0.2719344611720337,-0.0519196026307439,0.00015748,0.052206855762613344,0.00081957,1,0.0
12401,0.5171835585400978,0.5856108927869467,-1.54e-06,2.5734906374269797,3.4667613288606156,-28.910468538671637,1.0052136313683062,17.06123360145448,0.12067054082980143,-0.1820607940967753,-1.1573229341274334,-83.60034581213108,0.6295741068180681,11.349163199590855,0.2719344611720337,-0.4033028701289683,0.00015748,0.4033196266377422,0.00081957,1,0.0
12402,8.169315600076166e-05,0.0342537490403096,-1.54e-06,2.5734906374269797,3.4667613288606156,24.915129742173775,1.0052136313683062,5.03630033309092,0.12067054082980143,-28.613343799582204,-1.1573229341274334,1.9713287590057036,0.6295741068180681,4.65755640672172,0.2719344611720337,-0.026535617539836923,0.00015748,0.08547978086803966,0.00081957,1,0.0
12403,0.8753281584519131,0.0937222318532467,-1.54e-06,2.5734906374269797,3.4667613288606156,-85.54993977060181,1.0052136313683062,5.025288473815065,0.12067054082980143,-31.57642638756393,-1.1573229341274334,-52.62913694635529,0.6295741068180681,89.20729946640165,0.2719344611720337,-0.047368394642216385,0.00015748,0.04730013768865461,0.00081957,1,0.0
12404,0.0008545869951058771,0.0973431500780334,-1.54e-06,2.5734906374269797,3.4667613288606156,78.54525360373371,1.0052136313683062,9.322836345585834,0.12067054082980143,-36.3176128315086,-1.1573229341274334,-11.68086511461196,0.6295741068180681,-12.743330194281025,0.2719344611720337,0.04295517208728335,0.00015748,0.18107585547793587,0.00081957,0,0.0
12405,0.07317506137859653,0.023888534577713914,-1.54e-06,2.5734906374269797,3.4667613288606156,-27.89956595931691,1.0052136313683062,7.7831111431435085,0.12067054082980143,-86.23266430853123,-1.1573229341274334,54.16872791610513,0.6295741068180681,55.54456677759954,0.2719344611720337,-0.10101887924100583,0.00015748,0.10194247316712751,0.00081957,1,0.0
12406,0.4199522709299801,0.1345358146113886,-1.54e-06,2.5734906374269797,3.4667613288606156,21.330733568366067,1.0052136313683062,17.241945181867038,0.12067054082980143,-93.09534025969867,-1.1573229341274334,-45.769990105724155,0.6295741068180681,61.28864524577361,0.2719344611720337,-0.2585824074475904,0.00015748,0.2586992744559484,0.00081957,1,0.0
12407,0.41897009333116453,0.06562039893871859,-1.54e-06,2.5734906374269797,3.4667613288606156,-20.06503433336338,1.0052136313683062,12.846325259570605,0.12067054082980143,-88.14437587115331,-1.1573229341274334,-10.284714421890284,0.6295741068180681,71.77398879389696,0.2719344611720337,-0.17683393087713398,0.00015748,0.17700472672548864,0.00081957,1,0.0
12408,0.06111173722854413,0.030211356394277376,-1.54e-06,2.5734906374269797,3.4667613288606156,33.99111154467693,1.0052136313683062,7.584729359851642,0.12067054082980143,-30.097822844434152,-1.1573229341274334,-27.375317407824,0.6295741068180681,6.731713747571071,0.2719344611720337,-0.11843025452248238,0.00015748,0.11955097785424404,0.00081957,1,0.0
12409,0.41911610531025756,0.08168518641754563,-1.54e-06,2.5734906374269797,3.4667613288606156,33.35524360182158,1.0052136313683062,12.378879903173852,0.12067054082980143,-40.159198821179245,-1.1573229341274334,-81.37518355429255,0.6295741068180681,31.255492664757153,0.2719344611720337,-0.1943844724999055,0.00015748,0.19494557510156804,0.00081957,1,0.0
12410,0.2955457296092591,0.030400246373379753,-1.54e-06,2.5734906374269797,3.4667613288606156,-22.06300911064816,1.0052136313683062,8.855255905112875,0.12067054082980143,-68.21546817815748,-1.1573229341274334,3.0365658172430843,0.6295741068180681,56.380339889615456,0.2719344611720337,-0.12025520878901162,0.00015748,0.12035165990983297,0.00081957,1,0.0
12411,0.07358976106527715,0.02344200802674799,-1.54e-06,2.5734906374269797,3.4667613288606156,-11.742557819560618,1.0052136313683062,7.085736821513512,0.12067054082980143,-69.16834530643776,-1.1573229341274334,31.721934381436746,0.6295741068180681,42.57273066820225,0.2719344611720337,-0.10259498922601028,0.00015748,0.10278895005384679,0.00081957,1,0.0
12412,0.0005835824256630318,0.10687769203405768,-1.54e-06,2.5734906374269797,3.4667613288606156,-5.199337551491655,1.0052136313683062,8.57694627633732,0.12067054082980143,-74.43687998468957,-1.1573229341274334,75.72839503240219,0.6295741068180681,28.057347738752313,0.2719344611720337,0.015212590775433285,0.00015748,0.19686607542724138,0.00081957,0,0.0
12413,0.45471481685690573,0.28495915470540095,-1.54e-06,2.5734906374269797,3.4667613288606156,55.00784088516465,1.0052136313683062,4.211021750010053,0.12067054082980143,-29.803813998735603,-1.1573229341274334,-29.37920453622362,0.6295741068180681,21.550232640381243,0.2719344611720337,0.017195141091011307,0.00015748,0.3620008941570422,0.00081957,0,0.0
12414,0.0011142298716038113,0.052812098936509975,-1.54e-06,2.5734906374269797,3.4667613288606156,20.119313282244985,1.0052136313683062,7.545836069846006,0.12067054082980143,-64.4093512246862,-1.1573229341274334,15.897470589274127,0.6295741068180681,28.116219869679085,0.2719344611720337,-0.1383384957564595,0.00015748,0.14627364044391766,0.00081957,1,0.0
12415,0.00018811241809280066,0.1174208353214933,-1.54e-06,2.5734906374269797,3.4667613288606156,69.78249482617291,1.0052136313683062,8.276310007817804,0.12067054082980143,-45.13548030304479,-1.1573229341274334,21.693588697217884,0.6295741068180681,-8.21021739600104,0.2719344611720337,0.1508070148865062,0.00015748,0.18183334969909146,0.00081957,0,0.0
12416,0.3802926497471765,0.04045221930472174,-1.54e-06,2.5734906374269797,3.4667613288606156,-12.510470261758122,1.0052136313683062,9.889048429523204,0.12067054082980143,-54.10135949406915,-1.1573229341274334,-27.797486946315267,0.6295741068180681,49.43483923484391,0.2719344611720337,-0.13137657434094285,0.00015748,0.1313088021593396,0.00081957,1,0.0
12417,-0.0017738396062725592,0.3867850128561836,-1.54e-06,2.5734906374269797,3.4667613288606156,23.685732420548586,1.0052136313683062,2.232625197863748,0.12067054082980143,-15.990258216309117,-1.1573229341274334,91.94468820187724,0.6295741068180681,-22.017700257537484,0.2719344611720337,-0.008396560156294641,0.00015748,0.5934482904508417,0.00081957,1,0.0
12418,0.2845729113555124,0.04452248537506449,-1.54e-06,2.5734906374269797,3.4667613288606156,6.870360180905164,1.0052136313683062,9.590488837857738,0.12067054082980143,-54.04976845701302,-1.1573229341274334,-27.699341617397508,0.6295741068180681,40.103263402113164,0.2719344611720337,-0.14713028297318648,0.00015748,0.14738229161595545,0.00081957,1,0.0
12419,0.00034531611768873205,0.03761594562627098,-1.54e-06,2.5734906374269797,3.4667613288606156,4.067384267101832,1.0052136313683062,6.841370191217502,0.12067054082980143,-63.41443813640687,-1.1573229341274334,35.127086347559086,0.6295741068180681,29.388395250501134,0.2719344611720337,-0.060458946821104975,0.00015748,0.10546508620385342,0.00081957,1,0.0
12420,-1.384534916110125e-05,0.05955870253128442,-1.54e-06,2.5734906374269797,3.4667613288606156,-16.570714796733572,1.0052136313683062,2.3546479970791876,0.12067054082980143,-60.97058294815578,-1.1573229341274334,68.78473171131365,0.6295741068180681,35.76288672435845,0.2719344611720337,0.017051601424048754,0.00015748,0.09666819327208227,0.00081957,0,0.0
12421,0.23322726939834315,0.08158190088780054,-1.54e-06,2.5734906374269797,3.4667613288606156,53.17352062024001,1.0052136313683062,12.585089031807557,0.12067054082980143,-41.30854987953508,-1.1573229341274334,-68.36720758142424,0.6295741068180681,15.247610274089295,0.2719344611720337,-0.20014960819393665,0.00015748,0.20095593574564138,0.00081957,1,0.0
12422,0.4068280239652099,0.0908577485830179,-1.54e-06,2.5734906374269797,3.4667613288606156,43.923264348274216,1.0052136313683062,12.871329672289113,0.12067054082980143,-37.351855808822556,-1.1573229341274334,-90.17307233766026,0.6295741068180681,25.95212009130358,0.2719344611720337,-0.206783294775421,0.00015748,0.20751476158610094,0.00081957,1,0.0
12423,0.28463454360738905,0.17421099847035199,-1.54e-06,2.5734906374269797,3.4667613288606156,79.05770330978329,1.0052136313683062,18.593066507661256,0.12067054082980143,-98.52193568279941,-1.1573229341274334,-17.52266401781162,0.6295741068180681,31.76380777307334,0.2719344611720337,-0.03639421995679015,0.00015748,0.3234250444904142,0.00081957,1,0.0
12424,5.502827769421348e-05,0.09245666748389778,-1.54e-06,2.5734906374269797,3.4667613288606156,-5.834098637730233,1.0052136313683062,12.840208558581555,0.12067054082980143,-84.69985843369066,-1.1573229341274334,44.01492221464784,0.6295741068180681,35.522150847043235,0.2719344611720337,-0.15138978283078636,0.00015748,0.1823225176396604,0.00081957,1,0.0
12425,0.2168767113478876,0.03574132099179181,-1.54e-06,2.5734906374269797,3.4667613288606156,-67.14085271890876,1.0052136313683062,-4.471754075628208,0.12067054082980143,-22.22793989060627,-1.1573229341274334,40.744052268619775,0.6295741068180681,49.204198127938895,0.2719344611720337,-0.08177745668306421,0.00015748,0.0815586449343991,0.00081957,1,0.0
12426,0.25771145569467635,0.007100458765868148,-1.54e-06,2.5734906374269797,3.4667613288606156,-38.17847153918696,1.0052136313683062,2.4906821314493754,0.12067054082980143,-31.91639250174666,-1.1573229341274334,7.519940533723628,0.6295741068180681,42.140528243832264,0.2719344611720337,-0.02641312444053801,0.00015748,0.02635378375307407,0.00081957,1,0.0
12427,0.40772035160932835,0.03097805531097622,-1.54e-06,2.5734906374269797,3.4667613288606156,-47.482874842663726,1.0052136313683062,8.967799350419392,0.12067054082980143,-78.61626512458253,-1.1573229341274334,12.260923441218095,0.6295741068180681,75.33673577983691,0.2719344611720337,-0.11175226528375147,0.00015748,0.11177117914256594,0.00081957,1,0.0
12428,0.485667741465753,0.0809552429188776,-1.54e-06,2.5734906374269797,3.4667613288606156,-13.34211070234373,1.0052136313683062,13.416596409648589,0.12067054082980143,-84.51916381093264,-1.1573229341274334,-28.54654795157928,0.6295741068180681,72.06820208135666,0.2719344611720337,-0.19352796773768013,0.00015748,0.19378312681601198,0.00081957,1,0.0
12429,0.5785033953525509,0.041599701578204744,-1.54e-06,2.5734906374269797,3.4667613288606156,-49.17680437249276,1.0052136313683062,6.502639537151107,0.12067054082980143,-42.39711722386043,-1.1573229341274334,-31.365239932861762,0.6295741068180681,67.1369654350561,0.2719344611720337,-0.07758447415348926,0.00015748,0.07821002708412902,0.00081957,1,0.0
12430,0.4978175172572881,0.03808750332812282,-1.54e-06,2.5734906374269797,3.4667613288606156,-8.587325007967904,1.0052136313683062,5.1129708174209165,0.12067054082980143,-6.0455564863019475,-1.1573229341274334,-71.84722035457504,0.6295741068180681,32.473568560577135,0.2719344611720337,-0.07892425568115079,0.00015748,0.07851521639273866,0.00081957,1,0.0
12431,0.12040108606999289,0.026908571948298324,-1.54e-06,2.5734906374269797,3.4667613288606156,15.658397043431714,1.0052136313683062,7.779884853294041,0.12067054082980143,-41.28666465968963,-1.1573229341274334,-15.398730226366562,0.6295741068180681,21.228688242965166,0.2719344611720337,-0.11455063532616433,0.00015748,0.11495782670929339,0.00081957,1,0.0
12432,-0.0005441142790433284,0.6254781555936056,-1.54e-06,2.5734906374269797,3.4667613288606156,99.57151371857097,1.0052136313683062,10.90989537925536,0.12067054082980143,-22.820000363102384,-1.1573229341274334,94.12631333676327,0.6295741068180681,-61.27737917308148,0.2719344611720337,0.058937984071607274,0.00015748,0.9230099850429152,0.00081957,0,0.0
12433,0.23029889861664643,0.055273674111251926,-1.54e-06,2.5734906374269797,3.4667613288606156,-0.3035235556251616,1.0052136313683062,11.252332491353698,0.12067054082980143,-79.31146712829121,-1.1573229341274334,-0.38122473715441574,0.6295741068180681,51.84775724618741,0.2719344611720337,-0.1655548868595728,0.00015748,0.16588218767408805,0.00081957,1,0.0
12434,0.5839255871365849,0.16073052891930742,-1.54e-06,2.5734906374269797,3.4667613288606156,23.03070482833821,1.0052136313683062,18.252250616898696,0.12067054082980143,-85.57902681876203,-1.1573229341274334,-77.55229454748567,0.6295741068180681,65.78852832091953,0.2719344611720337,-0.2745282008489875,0.00015748,0.27698837496686907,0.00081957,1,0.0
12435,-0.006683939072688272,1.2500452885663544,-1.54e-06,2.5734906374269797,3.4667613288606156,-61.57080659411283,1.0052136313683062,23.958986725584918,0.12067054082980143,-83.91165867673968,-1.1573229341274334,68.94825231632436,0.6295741068180681,22.411253084836073,0.2719344611720337,-0.5957739980088812,0.00015748,0.6353082722891066,0.00081957,1,0.0
12436,0.7351264707670209,0.07375761815648214,-1.54e-06,2.5734906374269797,3.4667613288606156,-84.88674822971608,1.0052136313683062,1.5050934010044306,0.12067054082980143,-15.16499535863638,-1.1573229341274334,-37.28951376058422,0.6295741068180681,73.8053715685825,0.2719344611720337,-0.011307521760583293,0.00015748,0.011245667735305902,0.00081957,1,0.0
12437,0.32246848965615205,0.012160221757923759,-1.54e-06,2.5734906374269797,3.4667613288606156,-48.55673088819613,1.0052136313683062,4.985812514346809,0.12067054082980143,-53.395019841965855,-1.1573229341274334,15.743070300910633,0.6295741068180681,58.869368123963184,0.2719344611720337,-0.05544284979882903,0.00015748,0.055462871481039025,0.00081957,1,0.0
12438,0.7206474470507109,0.0639244861270719,-1.54e-06,2.5734906374269797,3.4667613288606156,-56.86002876983298,1.0052136313683062,5.995941991047478,0.12067054082980143,-33.16917473679031,-1.1573229341274334,-51.89984579005405,0.6295741068180681,73.08819546823756,0.2719344611720337,-0.07236619474965969,0.00015748,0.07259163698717283,0.00081957,1,0.0
12439,0.44005357326196715,0.05849350544585263,-1.54e-06,2.5734906374269797,3.4667613288606156,-14.879760191307982,1.0052136313683062,11.454183586875908,0.12067054082980143,-71.44938022934463,-1.1573229341274334,-25.97006101054141,0.6295741068180681,63.39567878587135,0.2719344611720337,-0.1621615911754023,0.00015748,0.16238651457501807,0.00081957,1,0.0
12440,0.0003736598682416714,0.15410086576787763,-1.54e-06,2.5734906374269797,3.4667613288606156,93.17628172694073,1.0052136313683062,10.184613643462157,0.12067054082980143,-60.17225589530473,-1.1573229341274334,47.648986972562945,0.6295741068180681,-13.762044255382262,0.2719344611720337,0.21246573578063577,0.00015748,0.33016509573320096,0.00081957,0,0.0
12441,0.018697275588283144,0.0008335066184177325,-1.54e-06,2.5734906374269797,3.4667613288606156,-35.2657937099901,1.0052136313683062,1.175947769320083,0.12067054082980143,-38.790515235810616,-1.1573229341274334,47.464230974555115,0.6295741068180681,31.49575931693354,0.2719344611720337,-0.012002240525883008,0.00015748,0.012182489849226617,0.00081957,1,0.0
12442,-0.0046118270972919095,0.6660507251876673,-1.54e-06,2.5734906374269797,3.4667613288606156,25.42656335810264,1.0052136313683062,17.418803223126844,0.12067054082980143,-0.04426841049960832,-1.1573229341274334,-43.38230027894525,0.6295741068180681,-36.480825945674376,0.2719344611720337,-0.4148126080415766,0.00015748,0.44162252691253645,0.00081957,1,0.0
12443,0.18076469080611907,0.03010455760325311,-1.54e-06,2.5734906374269797,3.4667613288606156,-42.50364964557902,1.0052136313683062,3.2237636253141524,0.12067054082980143,-71.47947933202602,-1.1573229341274334,47.17779282928934,0.6295741068180681,63.431844000109855,0.2719344611720337,-0.09285422728925359,0.00015748,0.09332200016555918,0.00081957,1,0.0
12444,0.049243544744268675,0.02264993962098107,-1.54e-06,2.5734906374269797,3.4667613288606156,24.98627538874537,1.0052136313683062,6.267015511222259,0.12067054082980143,-31.265945194124065,-1.1573229341274334,-16.038991187353073,0.6295741068180681,10.431221566430072,0.2719344611720337,-0.1039169982131584,0.00015748,0.10387093221948039,0.00081957,1,0.0
12445,0.0007721411331653716,0.15349412553466943,-1.54e-06,2.5734906374269797,3.4667613288606156,58.65374847290394,1.0052136313683062,5.687620985488421,0.12067054082980143,-39.49338766221553,-1.1573229341274334,46.455083999784996,0.6295741068180681,-9.73863726373887,0.2719344611720337,0.12959639758551159,0.00015748,0.2930861791020418,0.00081957,0,0.0
12446,0.06045743332943851,0.0034684340049064514,-1.54e-06,2.5734906374269797,3.4667613288606156,-24.95084581782533,1.0052136313683062,3.192926508844403,0.12067054082980143,-45.16989282496936,-1.1573229341274334,34.301790784039575,0.6295741068180681,33.8368990567304,0.2719344611720337,-0.03853422612907332,0.00015748,0.03855379549195923,0.00081957,1,0.0
12447,0.19977146788921174,0.009028001834934293,-1.54e-06,2.5734906374269797,3.4667613288606156,-67.69021765564916,1.0052136313683062,5.706022307568937,0.12067054082980143,-91.15744620778023,-1.1573229341274334,72.02143310479362,0.6295741068180681,77.82251114297938,0.2719344611720337,-0.061173695496975024,0.00015748,0.061165585199194995,0.00081957,1,0.0
12448,0.0008312959859783087,0.008044352418255534,-1.54e-06,2.5734906374269797,3.4667613288606156,11.693041078843503,1.0052136313683062,3.4376928971157206,0.12067054082980143,-23.071345515889792,-1.1573229341274334,0.5500016321311655,0.6295741068180681,8.234027575171636,0.2719344611720337,-0.058718916867645826,0.00015748,0.05896421646445979,0.00081957,1,0.0
12449,0.3093969021015419,1.6536178312898266,-1.54e-06,2.5734906374269797,3.4667613288606156,-35.92855355032418,1.0052136313683062,26.494412415321243,0.12067054082980143,-20.6455142585139,-1.1573229341274334,-67.50433516115027,0.6295741068180681,-1.0456918220007454,0.2719344611720337,-0.7186871803180043,0.00015748,0.6199154247443451,0.00081957,1,0.0
12450,0.08537155012648512,0.11487745188337084,-1.54e-06,2.5734906374269797,3.4667613288606156,68.15861838645925,1.0052136313683062,13.922944705349328,0.12067054082980143,-65.21182272293746,-1.1573229341274334,-31.028056844533484,0.6295741068180681,13.271486931549923,0.2719344611720337,-0.15914163980086374,0.00015748,0.23524702238884834,0.00081957,1,0.0
12451,0.660089657343528,0.31529395468712074,-1.54e-06,2.5734906374269797,3.4667613288606156,78.7289450861332,1.0052136313683062,12.018880509672785,0.12067054082980143,-52.99178612979995,-1.1573229341274334,-83.80366749512909,0.6295741068180681,37.17333234334424,0.2719344611720337,-0.05816909676141538,0.00015748,0.3900218782313529,0.00081957,1,0.0
12452,0.3162707751920379,0.04899916955153382,-1.54e-06,2.5734906374269797,3.4667613288606156,-16.079186982599786,1.0052136313683062,10.887377346041065,0.12067054082980143,-80.80010024090899,-1.1573229341274334,0.7312085291801229,0.6295741068180681,62.030895129818894,0.2719344611720337,-0.1520428178287813,0.00015748,0.154321287060201,0.00081957,1,0.0
12453,0.06459412341066528,0.02186107292195535,-1.54e-06,2.5734906374269797,3.4667613288606156,-10.295715323133916,1.0052136313683062,7.244607500897018,0.12067054082980143,-66.44790248206868,-1.1573229341274334,29.883748658956954,0.6295741068180681,39.52609105426168,0.2719344611720337,-0.09969064660829119,0.00015748,0.09984579775866353,0.00081957,1,0.0
12454,0.7991518704103602,0.10912413068822692,-1.54e-06,2.5734906374269797,3.4667613288606156,-22.25157346861644,1.0052136313683062,12.620236755181796,0.12067054082980143,-50.89089507537242,-1.1573229341274334,-89.09283425370417,0.6295741068180681,74.14402263833728,0.2719344611720337,-0.1763685590441484,0.00015748,0.17642696644461298,0.00081957,1,0.0
12455,0.6438967941905737,0.6688718079949751,-1.54e-06,2.5734906374269797,3.4667613288606156,-36.925399390571584,1.0052136313683062,-8.82355559123262,0.12067054082980143,-26.44762159756782,-1.1573229341274334,-4.0408462975285415,0.6295741068180681,78.83258641740484,0.2719344611720337,-0.29189629700835573,0.00015748,0.46703279841696044,0.00081957,1,0.0
12456,0.002051428134047989,0.009680122573333809,-1.54e-06,2.5734906374269797,3.4667613288606156,-18.999024060551303,1.0052136313683062,1.4063386857514948,0.12067054082980143,-37.342483129436886,-1.1573229341274334,38.581889323987525,0.6295741068180681,25.90126220557523,0.2719344611720337,-0.018504764831276055,0.00015748,0.031439557570695956,0.00081957,1,0.0
12457,0.4552106448470248,0.21045136339555867,-1.54e-06,2.5734906374269797,3.4667613288606156,56.776680402301764,1.0052136313683062,20.86123205560843,0.12067054082980143,-91.8916003012174,-1.1573229341274334,-82.30857237984172,0.6295741068180681,50.706025134968954,0.2719344611720337,-0.31196059331674264,0.00015748,0.3250621245270675,0.00081957,1,0.0
12458,0.0019527024191523523,0.16509370977481605,-1.54e-06,2.5734906374269797,3.4667613288606156,98.65983538835027,1.0052136313683062,13.779243658589024,0.12067054082980143,-27.352002820094018,-1.1573229341274334,-24.17423050773928,0.6295741068180681,-33.93897576487486,0.2719344611720337,0.04856355165556542,0.00015748,0.26844176155980065,0.00081957,0,0.0
12459,-0.00029470932424577323,0.2849606208737399,-1.54e-06,2.5734906374269797,3.4667613288606156,-0.3601014140320308,1.0052136313683062,-3.1339731077319604,0.12067054082980143,-10.181779133033093,-1.1573229341274334,89.275511064395,0.6295741068180681,-6.356076801146158,0.2719344611720337,-0.024237564037735082,0.00015748,0.46217176795868425,0.00081957,1,0.0
12460,0.009440900385715933,0.024291966872431375,-1.54e-06,2.5734906374269797,3.4667613288606156,-71.22524766469661,1.0052136313683062,-5.233982453304964,0.12067054082980143,-13.84524601320598,-1.1573229341274334,70.34047925460689,0.6295741068180681,30.237194064713275,0.2719344611720337,-0.10526395299109277,0.00015748,0.10585912608060662,0.00081957,1,0.0
12461,0.09368217931630368,0.0060108970018203905,-1.54e-06,2.5734906374269797,3.4667613288606156,-49.16594082951761,1.0052136313683062,4.621001614404923,0.12067054082980143,-74.13639897618275,-1.1573229341274334,64.37710737945078,0.6295741068180681,57.452818765412,0.2719344611720337,-0.04983560456595549,0.00015748,0.050029707198517855,0.00081957,1,0.0
12462,0.000253522970598552,0.3792612790444513,-1.54e-06,2.5734906374269797,3.4667613288606156,53.98596262409339,1.0052136313683062,11.446407854934485,0.12067054082980143,-0.005408273973780277,-1.1573229341274334,-4.191846886015074,0.6295741068180681,-42.398557056339506,0.2719344611720337,-0.11382298781136527,0.00015748,0.4324382355182902,0.00081957,1,0.0
12463,0.13576644006933458,0.2091831304212964,-1.54e-06,2.5734906374269797,3.4667613288606156,43.91295655502702,1.0052136313683062,3.476298469829358,0.12067054082980143,-57.30827260713326,-1.1573229341274334,37.183658343347794,0.6295741068180681,22.59894201363352,0.2719344611720337,0.009369359036725783,0.00015748,0.3222741465107042,0.00081957,0,0.0
12464,0.39945139588223466,0.022764243437529454,-1.54e-06,2.5734906374269797,3.4667613288606156,-46.33577082658138,1.0052136313683062,6.8618979042760495,0.12067054082980143,-61.26721513129034,-1.1573229341274334,4.782046845413374,0.6295741068180681,66.23622955241638,0.2719344611720337,-0.08338628497921559,0.00015748,0.08375928986310639,0.00081957,1,0.0
12465,0.12111491862989188,0.18382835523038143,-1.54e-06,2.5734906374269797,3.4667613288606156,54.17544195769779,1.0052136313683062,9.382656647929549,0.12067054082980143,-100.0,-1.1573229341274334,76.63909221264363,0.6295741068180681,32.51794989211506,0.2719344611720337,0.13939208937291905,0.00015748,0.3449214703133854,0.00081957,0,0.0
12466,0.022227724012142236,0.10696381155815055,-1.54e-06,2.5734906374269797,3.4667613288606156,46.47750423442841,1.0052136313683062,13.619720326690079,0.12067054082980143,-88.98856835659785,-1.1573229341274334,17.266118117310643,0.6295741068180681,27.41905945055522,0.2719344611720337,-0.10757277034024398,0.00015748,0.22018317840021878,0.00081957,1,0.0
12467,0.0011883296238401897,0.024500435748033008,-1.54e-06,2.5734906374269797,3.4667613288606156,51.905638008572765,1.0052136313683062,5.356747477069761,0.12067054082980143,-4.95298988282953,-1.1573229341274334,-43.43086466578124,0.6295741068180681,-14.151225900609166,0.2719344611720337,-0.09242921161093813,0.00015748,0.10161516999983998,0.00081957,1,0.0
12468,0.5673957825096492,0.04061089199803001,-1.54e-06,2.5734906374269797,3.4667613288606156,-49.97857826585548,1.0052136313683062,2.897489654313431,0.12067054082980143,-17.054870023393747,-1.1573229341274334,-39.82166464488597,0.6295741068180681,55.26740256916289,0.2719344611720337,-0.033334691641377735,0.00015748,0.03361021953623173,0.00081957,1,0.0
12469,0.0013626602398340015,0.11915119150607521,-1.54e-06,2.5734906374269797,3.4667613288606156,74.58555238144739,1.0052136313683062,12.897043050677226,0.12067054082980143,-77.29780872210944,-1.1573229341274334,26.639063077948705,0.6295741068180681,6.459990734041951,0.2719344611720337,0.07496787467191914,0.00015748,0.23093192263203838,0.00081957,0,0.0
12470,0.05470919624475023,0.0010409406618620183,-1.54e-06,2.5734906374269797,3.4667613288606156,-9.548193806768237,1.0052136313683062,1.8448086316388352,0.12067054082980143,-16.864484453344676,-1.1573229341274334,7.129461033494186,0.6295741068180681,13.828511572243533,0.2719344611720337,-0.021963968229928424,0.00015748,0.02200726216426563,0.00081957,1,0.0
12471,0.033565706067931855,0.023405733187464348,-1.54e-06,2.5734906374269797,3.4667613288606156,-21.03366784362997,1.0052136313683062,6.735076544153527,0.12067054082980143,-79.61160484707302,-1.1573229341274334,52.153166799008986,0.6295741068180681,48.94410638864872,0.2719344611720337,-0.09598714221498393,0.00015748,0.09630965257601702,0.00081957,1,0.0
12472,0.10273244369436496,0.13899698559893864,-1.54e-06,2.5734906374269797,3.4667613288606156,71.33494363295121,1.0052136313683062,11.68827123650285,0.12067054082980143,-78.31153427998652,-1.1573229341274334,18.161224838496558,0.6295741068180681,16.84784040241363,0.2719344611720337,0.04873038578025736,0.00015748,0.2646784000553721,0.00081957,0,0.0
12473,0.05334161623365774,0.020713517677044997,-1.54e-06,2.5734906374269797,3.4667613288606156,43.209671604821914,1.0052136313683062,5.532417473680604,0.12067054082980143,-8.277394744522153,-1.1573229341274334,-44.301881095116144,0.6295741068180681,-6.676445778432132,0.2719344611720337,-0.10075377250720415,0.00015748,0.10078089963427202,0.00081957,1,0.0
12474,0.2062171986319914,0.041567238396608155,-1.54e-06,2.5734906374269797,3.4667613288606156,-21.23492856017159,1.0052136313683062,10.621810013762177,0.12067054082980143,-90.60478539713479,-1.1573229341274334,27.397755180000082,0.6295741068180681,62.21533881516546,0.2719344611720337,-0.14353882776286425,0.00015748,0.14349349503758574,0.00081957,1,0.0
12475,0.5468130317775919,0.03700725762328843,-1.54e-06,2.5734906374269797,3.4667613288606156,-74.51724371393225,1.0052136313683062,2.7028136933596967,0.12067054082980143,-30.265571453491997,-1.1573229341274334,-9.25242259028339,0.6295741068180681,66.96041416361997,0.2719344611720337,-0.028361480414336854,0.00015748,0.02865391866081581,0.00081957,1,0.0
12476,0.7363746029831544,0.11898832671137263,-1.54e-06,2.5734906374269797,3.4667613288606156,-45.64126049157302,1.0052136313683062,2.5130982957771484,0.12067054082980143,-26.841723926211007,-1.1573229341274334,-60.89177683186468,0.6295741068180681,74.4023612372259,0.2719344611720337,-0.14221541542423388,0.00015748,0.14254823996445504,0.00081957,1,0.0
12477,0.25351025975273556,0.01008978758828235,-1.54e-06,2.5734906374269797,3.4667613288606156,-3.714268127378358,1.0052136313683062,2.19036588297135,0.12067054082980143,-1.1426184674563942,-1.1573229341274334,-37.608429975346134,0.6295741068180681,15.818587074426276,0.2719344611720337,-0.03961959154449433,0.00015748,0.039708058047728985,0.00081957,1,0.0
12478,3.6909860719858134e-05,0.2084347781791213,-1.54e-06,2.5734906374269797,3.4667613288606156,65.4799086871563,1.0052136313683062,3.531617893169408,0.12067054082980143,-0.4902728206880952,-1.1573229341274334,24.296904198906034,0.6295741068180681,-35.367567876717615,0.2719344611720337,0.07272589196163626,0.00015748,0.37854672326266237,0.00081957,0,0.0
12479,0.24846178185994333,0.009242724639182883,-1.54e-06,2.5734906374269797,3.4667613288606156,-66.06499872483751,1.0052136313683062,5.781874329655327,0.12067054082980143,-83.14291587550093,-1.1573229341274334,58.172432769336964,0.6295741068180681,75.39474826292484,0.2719344611720337,-0.06140905498879717,0.00015748,0.06140218523186996,0.00081957,1,0.0
12480,0.8362808534099959,0.14629604808076502,-1.54e-06,2.5734906374269797,3.4667613288606156,-19.09044231002214,1.0052136313683062,16.113017575553133,0.12067054082980143,-77.53571563685058,-1.1573229341274334,-85.22635127945492,0.6295741068180681,88.66997004318468,0.2719344611720337,-0.23084031330196642,0.00015748,0.2310924028739505,0.00081957,1,0.0
12481,0.008623242283927635,0.2294193443750684,-1.54e-06,2.5734906374269797,3.4667613288606156,74.41523786564717,1.0052136313683062,16.466251553100708,0.12067054082980143,-10.149510282907212,-1.1573229341274334,-77.71163308558427,0.6295741068180681,-33.05636067745946,0.2719344611720337,-0.2565661436717976,0.00015748,0.2613659359202413,0.00081957,1,0.0
12482,0.00017904415927677553,0.11485322373250716,-1.54e-06,2.5734906374269797,3.4667613288606156,25.37461109635774,1.0052136313683062,7.184069222246283,0.12067054082980143,-73.14153370168941,-1.1573229341274334,73.03641878095668,0.6295741068180681,20.448258841083266,0.2719344611720337,0.1338522016891138,0.00015748,0.18483975812214018,0.00081957,0,0.0
12483,0.8614218259002054,1.0301035409380788,-1.54e-06,2.5734906374269797,3.4667613288606156,23.226962274671244,1.0052136313683062,-3.724838973780824,0.12067054082980143,-47.3857002652956,-1.1573229341274334,-9.926870781764126,0.6295741068180681,74.70021776425098,0.2719344611720337,-0.16609111121371012,0.00015748,0.7187985388369212,0.00081957,1,0.0
12484,0.007607693281427574,0.024437622243341547,-1.54e-06,2.5734906374269797,3.4667613288606156,28.992787517543377,1.0052136313683062,6.496453538539098,0.12067054082980143,-32.02256821124981,-1.1573229341274334,-12.727981299212923,0.6295741068180681,6.915509432633582,0.2719344611720337,-0.10454492285055235,0.00015748,0.10486198405461862,0.00081957,1,0.0
12485,0.41867491326487283,0.07661560082085635,-1.54e-06,2.5734906374269797,3.4667613288606156,0.021566348264714597,1.0052136313683062,12.820216286288968,0.12067054082980143,-75.09201220153672,-1.1573229341274334,-33.689086613614656,0.6295741068180681,59.66731542744297,0.2719344611720337,-0.18962712744103802,0.00015748,0.1912258667591533,0.00081957,1,0.0
12486,0.9278538634582367,0.10874194291608318,-1.54e-06,2.5734906374269797,3.4667613288606156,-82.32437620764354,1.0052136313683062,5.144317440726651,0.12067054082980143,-23.61822911030286,-1.1573229341274334,-68.33697423328891,0.6295741068180681,86.79620836994246,0.2719344611720337,-0.04983177810935584,0.00015748,0.04946225654133622,0.00081957,1,0.0
12487,-0.0001401583206526169,0.17766592763515393,-1.54e-06,2.5734906374269797,3.4667613288606156,92.44149099096916,1.0052136313683062,9.511906582010225,0.12067054082980143,-60.41194043366763,-1.1573229341274334,64.18456978817761,0.6295741068180681,-15.945948381109474,0.2719344611720337,0.20573135852325114,0.00015748,0.420080760609246,0.00081957,0,0.0
12488,0.0001688359819773666,0.08417559998716484,-1.54e-06,2.5734906374269797,3.4667613288606156,67.6389945542237,1.0052136313683062,9.207440266568709,0.12067054082980143,-37.33454881399768,-1.1573229341274334,-11.95237342478799,0.6295741068180681,-7.917082242002794,0.2719344611720337,0.004105168887688651,0.00015748,0.16614292615564763,0.00081957,0,0.0
12489,0.010233483433089219,0.005549817183133281,-1.54e-06,2.5734906374269797,3.4667613288606156,24.7700886747974,1.0052136313683062,2.6887447862232943,0.12067054082980143,-2.766057656049625,-1.1573229341274334,-22.886590055916926,0.6295741068180681,-5.816056293070995,0.2719344611720337,-0.05144711143108281,0.00015748,0.051421739889325954,0.00081957,1,0.0
12490,0.01847676980895674,0.05120024579142712,-1.54e-06,2.5734906374269797,3.4667613288606156,80.45048861096676,1.0052136313683062,9.239621856648718,0.12067054082980143,-0.08945527330141156,-1.1573229341274334,-78.61165401296874,0.6295741068180681,-27.14362300520903,0.2719344611720337,-0.14656640271227986,0.00015748,0.1481665852203994,0.00081957,1,0.0
12491,-0.0010133885420779976,0.22013273621799953,-1.54e-06,2.5734906374269797,3.4667613288606156,-30.119183954477432,1.0052136313683062,12.760331823613134,0.12067054082980143,-65.29290349750198,-1.1573229341274334,47.84213622473624,0.6295741068180681,26.11943250182438,0.2719344611720337,-0.2477061259718829,0.00015748,0.2679815916014362,0.00081957,1,0.0
12492,0.8335657528626417,0.0975468267230252,-1.54e-06,2.5734906374269797,3.4667613288606156,-35.081592709280045,1.0052136313683062,9.220343295629542,0.12067054082980143,-28.420570602857595,-1.1573229341274334,-93.46182277076608,0.6295741068180681,68.9390269868682,0.2719344611720337,-0.12210602579952214,0.00015748,0.12304672465986301,0.00081957,1,0.0
12493,0.05644286476176119,0.07707918824470711,-1.54e-06,2.5734906374269797,3.4667613288606156,21.710455426934377,1.0052136313683062,9.631903858741156,0.12067054082980143,-79.70492216602398,-1.1573229341274334,18.037492047229474,0.6295741068180681,37.59091200845625,0.2719344611720337,-0.1443617556154778,0.00015748,0.18040056115195344,0.00081957,1,0.0
12494,0.0013115347859651294,0.4464974062862842,-1.54e-06,2.5734906374269797,3.4667613288606156,72.7541136415387,1.0052136313683062,20.379831136893372,0.12067054082980143,-58.91396962083058,-1.1573229341274334,21.54195089296049,0.6295741068180681,-24.09268852302102,0.2719344611720337,-0.0936365179737993,0.00015748,0.5046077059946452,0.00081957,1,0.0
12495,0.2390976586584913,0.01859977244321709,-1.54e-06,2.5734906374269797,3.4667613288606156,-25.15840613497129,1.0052136313683062,7.1095399943865925,0.12067054082980143,-60.804945830997944,-1.1573229341274334,11.729277923088254,0.6295741068180681,50.71583910401703,0.2719344611720337,-0.09373411676389559,0.00015748,0.09361148739659497,0.00081957,1,0.0
12496,0.00039895419282021116,0.07403862356525864,-1.54e-06,2.5734906374269797,3.4667613288606156,19.002525903257304,1.0052136313683062,6.671119370927258,0.12067054082980143,-61.52114888068778,-1.1573229341274334,45.38442242925822,0.6295741068180681,20.587160972849023,0.2719344611720337,0.05443422055511895,0.00015748,0.11849264193211315,0.00081957,0,0.0
12497,0.001988154344511772,0.04786694745672461,-1.54e-06,2.5734906374269797,3.4667613288606156,33.7634258462214,1.0052136313683062,7.139004519759505,0.12067054082980143,-42.436542647149416,-1.1573229341274334,1.408428129988966,0.6295741068180681,9.151136032951996,0.2719344611720337,-0.06070048391142076,0.00015748,0.12419986624558778,0.00081957,1,0.0
12498,0.3198832067818091,0.010819282935120323,-1.54e-06,2.5734906374269797,3.4667613288606156,-59.34062790687674,1.0052136313683062,1.9969180298596132,0.12067054082980143,-36.70102348634366,-1.1573229341274334,18.25446611409381,0.6295741068180681,54.006685989132485,0.2719344611720337,-0.01713561861141837,0.00015748,0.017066683105191247,0.00081957,1,0.0
12499,0.21158743149431267,0.021153166393639778,-1.54e-06,2.5734906374269797,3.4667613288606156,-6.503200573773392,1.0052136313683062,7.052226421596736,0.12067054082980143,-47.82979061622989,-1.1573229341274334,-6.53768448666423,0.6295741068180681,36.97034045547659,0.2719344611720337,-0.0999304304851092,0.00015748,0.10088144719483612,0.00081957,1,0.0
12500,0.1305067887279149,0.0006065716583167793,-1.54e-06,1.9036383948009792,6.5219724594075945,-80.7617968913697,1.0052136313683062,6.165416995162026,0.12067054082980143,-38.845395179257416,-1.1573229341274334,-68.47061674118947,0.6295741068180681,62.798305359299405,0.2719344611720337,-0.005499819078778715,0.00015748,0.005502217712067259,0.00081957,1,0.0
12501,0.06992155102590605,0.00021545192049558483,-1.54e-06,1.9036383948009792,6.5219724594075945,-73.70685105835948,1.0052136313683062,4.559300925362048,0.12067054082980143,-66.44521869460279,-1.1573229341274334,87.15950960446031,0.6295741068180681,55.38664191580776,0.2719344611720337,-0.004112596079511424,0.00015748,0.004117164868312556,0.00081957,1,0.0
12502,0.06015492813701287,0.000491810870660793,-1.54e-06,1.9036383948009792,6.5219724594075945,-71.01101988800826,1.0052136313683062,9.870731695780407,0.12067054082980143,-85.27748835006072,-1.1573229341274334,17.08630834310038,0.6295741068180681,63.67412184187811,0.2719344611720337,-0.015002524612960779,0.00015748,0.015004235507409671,0.00081957,1,0.0
12503,0.09038752052913568,0.004681936402930983,-1.54e-06,1.9036383948009792,6.5219724594075945,-74.57242081069785,1.0052136313683062,22.22073253062338,0.12067054082980143,-88.92380912575062,-1.1573229341274334,8.50132057733676,0.6295741068180681,59.195718498525764,0.2719344611720337,-0.03142258435894767,0.00015748,0.031437974068507096,0.00081957,1,0.0
12504,0.00022026449304679216,0.012088625058251559,-1.54e-06,1.9036383948009792,6.5219724594075945,5.872646919200358,1.0052136313683062,-2.8979770716686186,0.12067054082980143,-25.297226248098724,-1.1573229341274334,64.60951063124921,0.6295741068180681,9.661811614170515,0.2719344611720337,-0.005862268252908965,0.00015748,0.02719395706399792,0.00081957,1,0.0
12505,0.07388364254458926,0.00044287583691879785,-1.54e-06,1.9036383948009792,6.5219724594075945,-79.27482898269183,1.0052136313683062,11.157516378157842,0.12067054082980143,-89.43590839535395,-1.1573229341274334,21.264913002780858,0.6295741068180681,68.65414232518354,0.2719344611720337,-0.014749017738992653,0.00015748,0.014760017467108763,0.00081957,1,0.0
12506,0.003271992457054916,0.011063779985219995,-1.54e-06,1.9036383948009792,6.5219724594075945,-51.68174309861303,1.0052136313683062,-2.807408626806622,0.12067054082980143,-83.22898676399606,-1.1573229341274334,-35.22618443854335,0.6295741068180681,65.9284988147553,0.2719344611720337,-0.04422294761145121,0.00015748,0.044903396453032055,0.00081957,1,0.0
12507,0.0023349472703207783,4.257063701469292e-05,-1.54e-06,1.9036383948009792,6.5219724594075945,-1.4854791921311896,1.0052136313683062,1.8140555090674841,0.12067054082980143,-5.567466065965847,-1.1573229341274334,-24.32885190583397,0.6295741068180681,3.9290658820727162,0.2719344611720337,-0.004012516920198006,0.00015748,0.004012445831881485,0.00081957,1,0.0
12508,0.00016241445226788942,0.008130157740313346,-1.54e-06,1.9036383948009792,6.5219724594075945,-14.762791004248761,1.0052136313683062,14.570540415173028,0.12067054082980143,-74.61114035249095,-1.1573229341274334,95.65331342080778,0.6295741068180681,21.61465391011641,0.2719344611720337,-0.011428314002850265,0.00015748,0.02481738338559642,0.00081957,1,0.0
12509,0.11811378898592657,0.004522537410638905,-1.54e-06,1.9036383948009792,6.5219724594075945,-99.37910956271439,1.0052136313683062,-8.734913231927674,0.12067054082980143,-42.60824816734326,-1.1573229341274334,87.3358594758595,0.6295741068180681,70.67530618626863,0.2719344611720337,-0.01760354457620287,0.00015748,0.01771089424321,0.00081957,1,0.0
12510,0.0003558091441258071,0.011277617021452531,-1.54e-06,1.9036383948009792,6.5219724594075945,2.207574732803725,1.0052136313683062,22.12406234184107,0.12067054082980143,-75.84115611367929,-1.1573229341274334,-97.07541500124225,0.6295741068180681,25.68846959904933,0.2719344611720337,-0.028224920441528342,0.00015748,0.04291841399842854,0.00081957,1,0.0
12511,0.06183079420048771,0.00020775252202625923,-1.54e-06,1.9036383948009792,6.5219724594075945,-35.96954577059537,1.0052136313683062,6.380649751308687,0.12067054082980143,-24.745316364900216,-1.1573229341274334,-86.2401084198991,0.6295741068180681,33.425933667856214,0.2719344611720337,-0.009710667600333841,0.00015748,0.009716123939335592,0.00081957,1,0.0
12512,0.00011843166575493252,0.00792748811909394,-1.54e-06,1.9036383948009792,6.5219724594075945,5.3876161188294,1.0052136313683062,7.2901284099352335,0.12067054082980143,-29.45910852675406,-1.1573229341274334,90.34097682658697,0.6295741068180681,-0.5768678881612055,0.2719344611720337,-0.00302763395558991,0.00015748,0.017579672066397226,0.00081957,1,0.0
12513,0.049438572874637335,0.0031541155033573396,-1.54e-06,1.9036383948009792,6.5219724594075945,-50.010627356808044,1.0052136313683062,21.278726768088433,0.12067054082980143,-88.18549027744436,-1.1573229341274334,-88.62213678669883,0.6295741068180681,54.702951734561296,0.2719344611720337,-0.03152260421968982,0.00015748,0.03164483955810053,0.00081957,1,0.0
12514,0.06251027750523187,0.00018233100580653384,-1.54e-06,1.9036383948009792,6.5219724594075945,-78.85307109931705,1.0052136313683062,8.17498930261913,0.12067054082980143,-88.22374397491198,-1.1573229341274334,91.80203643696657,0.6295741068180681,63.39927034122329,0.2719344611720337,-0.008722894362012141,0.00015748,0.008720826812487308,0.00081957,1,0.0
12515,-8.757416166751963e-06,0.014960285566089207,-1.54e-06,1.9036383948009792,6.5219724594075945,-43.89889283979029,1.0052136313683062,-5.919393627108678,0.12067054082980143,-82.18215916648343,-1.1573229341274334,78.18284330138135,0.6295741068180681,56.46852212622384,0.2719344611720337,-0.032506035252419616,0.00015748,0.043942647745249114,0.00081957,1,0.0
12516,0.05980283924628657,0.0001321652912694701,-1.54e-06,1.9036383948009792,6.5219724594075945,-53.496088791698696,1.0052136313683062,4.347397921410627,0.12067054082980143,-44.66283640624648,-1.1573229341274334,28.216461521780335,0.6295741068180681,41.46661571210901,0.2719344611720337,-0.004049825553749023,0.00015748,0.004068603724457025,0.00081957,1,0.0
12517,0.13076060629165256,0.0014208173631075692,-1.54e-06,1.9036383948009792,6.5219724594075945,-88.58814386765265,1.0052136313683062,-0.02145757212353508,0.12067054082980143,-34.30704844423471,-1.1573229341274334,17.351545861467407,0.6295741068180681,61.8593167892903,0.2719344611720337,-0.007237442304082042,0.00015748,0.007235575781585016,0.00081957,1,0.0
12518,1.2694499609028354e-05,0.018829247619641137,-1.54e-06,1.9036383948009792,6.5219724594075945,32.724159267527234,1.0052136313683062,18.79343100826727,0.12067054082980143,-50.170796367332436,-1.1573229341274334,17.81099471609804,0.6295741068180681,-2.9837601423712328,0.2719344611720337,-0.005838661887281271,0.00015748,0.03929314193721884,0.00081957,1,0.0
12519,0.12095097876734963,0.0021178090060224924,-1.54e-06,1.9036383948009792,6.5219724594075945,-75.64452665029609,1.0052136313683062,-2.425991407533683,0.12067054082980143,-13.980937017365685,-1.1573229341274334,54.26458772505143,0.6295741068180681,45.14943591361825,0.2719344611720337,-0.016709320221380688,0.00015748,0.0167481298716928,0.00081957,1,0.0
12520,0.08331121897960461,0.00031266145767840184,-1.54e-06,1.9036383948009792,6.5219724594075945,-52.91931437409428,1.0052136313683062,8.094878470331683,0.12067054082980143,-38.183186348190176,-1.1573229341274334,-90.4493489664224,0.6295741068180681,47.30140743199393,0.2719344611720337,-0.01160125550045239,0.00015748,0.011602349088777983,0.00081957,1,0.0
12521,0.13343045388591754,0.023380556686621257,-1.54e-06,1.9036383948009792,6.5219724594075945,-99.76591053184292,1.0052136313683062,-23.457308281729354,0.12067054082980143,-12.221446745073644,-1.1573229341274334,-67.29651785060773,0.6295741068180681,84.61460391453434,0.2719344611720337,-0.05158438537485893,0.00015748,0.0516771395067214,0.00081957,1,0.0
12522,0.000584441563299426,0.0001275895306498422,-1.54e-06,1.9036383948009792,6.5219724594075945,-24.194420213509424,1.0052136313683062,4.6570808489914635,0.12067054082980143,-44.15096804178281,-1.1573229341274334,77.5969607583108,0.6295741068180681,19.58955330007153,0.2719344611720337,-0.005896165215346367,0.00015748,0.005906749743151534,0.00081957,1,0.0
12523,0.13003930629256746,0.000746827499348294,-1.54e-06,1.9036383948009792,6.5219724594075945,-77.42715284005061,1.0052136313683062,3.660052429209585,0.12067054082980143,-29.00165524543581,-1.1573229341274334,-70.92905572170189,0.6295741068180681,59.2439922682706,0.2719344611720337,-0.00191569983596203,0.00015748,0.0019194437217629492,0.00081957,1,0.0
12524,0.0003603040014452247,0.008832960688484215,-1.54e-06,1.9036383948009792,6.5219724594075945,-16.988414350087986,1.0052136313683062,11.506328522280263,0.12067054082980143,-80.74789872261772,-1.1573229341274334,65.99857851241414,0.6295741068180681,31.199322291578696,0.2719344611720337,-0.009927937345147509,0.00015748,0.026313453612147954,0.00081957,1,0.0
12525,9.63439651273934e-05,0.011035508428673721,-1.54e-06,1.9036383948009792,6.5219724594075945,-5.046440518580828,1.0052136313683062,10.662198170519817,0.12067054082980143,-70.41788979198114,-1.1573229341274334,32.1008050329784,0.6295741068180681,25.865832380813124,0.2719344611720337,-0.00999076624070273,0.00015748,0.030612316533096543,0.00081957,1,0.0
12526,3.4828536400050014e-07,0.004268303579621973,-1.54e-06,1.9036383948009792,6.5219724594075945,15.655160576974275,1.0052136313683062,9.00369350495636,0.12067054082980143,-1.0131649843923833,-1.1573229341274334,-11.685991670326793,0.6295741068180681,-12.187473408672814,0.2719344611720337,-0.013920512618215558,0.00015748,0.018450061331337586,0.00081957,1,0.0
12527,0.0011659861406372457,0.02390451762558631,-1.54e-06,1.9036383948009792,6.5219724594075945,14.0280161152568,1.0052136313683062,11.848467250162088,0.12067054082980143,-87.57847056670013,-1.1573229341274334,5.086084242972062,0.6295741068180681,30.901704185100815,0.2719344611720337,-0.015672437020234756,0.00015748,0.058108183077174066,0.00081957,1,0.0
12528,0.013243269266630893,0.014697660375596819,-1.54e-06,1.9036383948009792,6.5219724594075945,26.48401412744692,1.0052136313683062,6.437064099392579,0.12067054082980143,-20.452243561250874,-1.1573229341274334,-72.74792471394886,0.6295741068180681,4.924096734829885,0.2719344611720337,-0.00688218108285699,0.00015748,0.035022881147079785,0.00081957,1,0.0
12529,0.03283784450555222,4.551694560214738e-05,-1.54e-06,1.9036383948009792,6.5219724594075945,-40.775054381391406,1.0052136313683062,2.788182757179464,0.12067054082980143,-41.55809597392321,-1.1573229341274334,60.41711414512189,0.6295741068180681,31.073682364213585,0.2719344611720337,-0.0024241373772736397,0.00015748,0.002423987975552402,0.00081957,1,0.0
12530,0.01779092742439388,0.00018530563847960247,-1.54e-06,1.9036383948009792,6.5219724594075945,-1.8831632918915275,1.0052136313683062,3.1526856684913978,0.12067054082980143,-1e-20,-1.1573229341274334,-93.58050116817707,0.6295741068180681,7.710436421699139,0.2719344611720337,-0.00868674684138658,0.00015748,0.008726736566308763,0.00081957,1,0.0
12531,0.13269961453922402,0.0008266445550569258,-1.54e-06,1.9036383948009792,6.5219724594075945,-77.65855498896873,1.0052136313683062,3.389172138399727,0.12067054082980143,-26.940895027513733,-1.1573229341274334,-75.43055441005892,0.6295741068180681,59.246521790175755,0.2719344611720337,-0.001469684640552134,0.00015748,0.0015163897035008343,0.00081957,1,0.0
12532,0.1432302530721194,0.0026586114510787134,-1.54e-06,1.9036383948009792,6.5219724594075945,-95.55388798388083,1.0052136313683062,13.133516562440315,0.12067054082980143,-60.837502948454315,-1.1573229341274334,10.803700783033808,0.6295741068180681,67.05154091109351,0.2719344611720337,-0.021682411952898176,0.00015748,0.02176104035338513,0.00081957,1,0.0
12533,0.03320508132510073,0.00028104649895402086,-1.54e-06,1.9036383948009792,6.5219724594075945,-33.434677191241825,1.0052136313683062,-1.6973159985988167,0.12067054082980143,-19.583076880084768,-1.1573229341274334,70.41974201254696,0.6295741068180681,20.957841277537234,0.2719344611720337,-0.006209310171923643,0.00015748,0.006211855068930541,0.00081957,1,0.0
12534,0.1161481757480218,0.0007656089960057288,-1.54e-06,1.9036383948009792,6.5219724594075945,-68.19577676835235,1.0052136313683062,1.712457389354626,0.12067054082980143,-20.194291021443863,-1.1573229341274334,-46.83036445774636,0.6295741068180681,49.79060509081727,0.2719344611720337,-0.0025836103628016326,0.00015748,0.002586088597019044,0.00081957,1,0.0
12535,0.0009332867926109926,0.00017061062890038183,-1.54e-06,1.9036383948009792,6.5219724594075945,-12.87209531115897,1.0052136313683062,-2.754015389245544,0.12067054082980143,-9.760515897019548,-1.1573229341274334,89.0371009469384,0.6295741068180681,4.523082298399445,0.2719344611720337,-0.007407489668491657,0.00015748,0.0074139411075317815,0.00081957,1,0.0
12536,0.04951255774571167,0.0019445504070916683,-1.54e-06,1.9036383948009792,6.5219724594075945,-52.03916974765809,1.0052136313683062,11.482878245847456,0.12067054082980143,-60.39175067961627,-1.1573229341274334,92.40224823118389,0.6295741068180681,35.353041750750485,0.2719344611720337,-0.01990142252427852,0.00015748,0.019886275014169792,0.00081957,1,0.0
12537,0.05006218967579758,0.000660045310220583,-1.54e-06,1.9036383948009792,6.5219724594075945,-48.126821293515896,1.0052136313683062,10.44993809409832,0.12067054082980143,-61.28289599302185,-1.1573229341274334,-54.26293339813747,0.6295741068180681,48.01815502178359,0.2719344611720337,-0.017496781491400902,0.00015748,0.017512167800994335,0.00081957,1,0.0
12538,0.13065438275976485,0.0006072172892937456,-1.54e-06,1.9036383948009792,6.5219724594075945,-99.753165762036,1.0052136313683062,11.773791234996585,0.12067054082980143,-80.57711276581432,-1.1573229341274334,-53.52075720131951,0.6295741068180681,83.74983878256865,0.2719344611720337,-0.01446423563445551,0.00015748,0.014465820661465964,0.00081957,1,0.0
12539,1.758678058096097e-05,0.015768726416152474,-1.54e-06,1.9036383948009792,6.5219724594075945,32.787981189787295,1.0052136313683062,16.616422538162745,0.12067054082980143,-38.484881625416605,-1.1573229341274334,-32.2714911243163,0.6295741068180681,-2.9269286572823328,0.2719344611720337,-0.00745019597885108,0.00015748,0.03581628357328198,0.00081957,1,0.0
12540,0.00020726357507143411,0.006567516555430172,-1.54e-06,1.9036383948009792,6.5219724594075945,7.60820647541714,1.0052136313683062,12.615512247406242,0.12067054082980143,-39.132015731458495,-1.1573229341274334,-97.92090839518744,0.6295741068180681,14.150205468553603,0.2719344611720337,-0.01869565578731851,0.00015748,0.02885249731244754,0.00081957,1,0.0
12541,0.0004457230644224347,0.0038169544888327915,-1.54e-06,1.9036383948009792,6.5219724594075945,-12.675063055062427,1.0052136313683062,5.832083677593045,0.12067054082980143,-42.51304430938841,-1.1573229341274334,78.81692178072836,0.6295741068180681,14.10511922136722,0.2719344611720337,-0.0028352479969943924,0.00015748,0.010194474158650041,0.00081957,1,0.0
12542,0.11954199463565715,0.002113151988050603,-1.54e-06,1.9036383948009792,6.5219724594075945,-78.23630590242762,1.0052136313683062,-3.342342844014256,0.12067054082980143,-17.271721959858006,-1.1573229341274334,61.98906786490177,0.6295741068180681,47.7542539352156,0.2719344611720337,-0.015923731978136037,0.00015748,0.01592845860676086,0.00081957,1,0.0
12543,0.12608352943744272,0.0006611179238442783,-1.54e-06,1.9036383948009792,6.5219724594075945,-88.81522101332386,1.0052136313683062,8.48465496573431,0.12067054082980143,-61.94772746519985,-1.1573229341274334,-85.456284971232,0.6295741068180681,75.92400795284458,0.2719344611720337,-0.012575584533209437,0.00015748,0.012581833007106984,0.00081957,1,0.0
12544,0.03361063604848957,0.00023306376750792369,-1.54e-06,1.9036383948009792,6.5219724594075945,-28.37926348134478,1.0052136313683062,-0.5766078247105474,0.12067054082980143,-13.876239574435532,-1.1573229341274334,54.34856438706316,0.6295741068180681,16.679387283844285,0.2719344611720337,-0.0066769556995887516,0.00015748,0.00667963612242219,0.00081957,1,0.0
12545,0.14342771178967134,0.0025981257626625084,-1.54e-06,1.9036383948009792,6.5219724594075945,-83.48212368417275,1.0052136313683062,8.341272571980591,0.12067054082980143,-31.891948078562766,-1.1573229341274334,-4.831454085914856,0.6295741068180681,54.240795986810376,0.2719344611720337,-0.01989288237193996,0.00015748,0.01985838462863144,0.00081957,1,0.0
12546,0.1220532174257019,0.0014424338053951541,-1.54e-06,1.9036383948009792,6.5219724594075945,-56.71936482970079,1.0052136313683062,5.751645535178493,0.12067054082980143,-5.0353763291808935,-1.1573229341274334,-73.06656883474197,0.6295741068180681,37.248024595472344,0.2719344611720337,-0.01307611311848755,0.00015748,0.013085108805668058,0.00081957,1,0.0
12547,0.03339545620419469,0.000516669214738767,-1.54e-06,1.9036383948009792,6.5219724594075945,-33.968189774176565,1.0052136313683062,9.074773947452636,0.12067054082980143,-48.67022241212856,-1.1573229341274334,-45.809303193856614,0.6295741068180681,35.40180035306473,0.2719344611720337,-0.01501924298604487,0.00015748,0.01501809906389313,0.00081957,1,0.0
12548,0.004133221254129751,0.0002572469119015069,-1.54e-06,1.9036383948009792,6.5219724594075945,-23.33178634065195,1.0052136313683062,6.3606897454842075,0.12067054082980143,-45.82766876777142,-1.1573229341274334,32.74048487682194,0.6295741068180681,22.746152989829035,0.2719344611720337,-0.009202079020270214,0.00015748,0.009202250688886419,0.00081957,1,0.0
12549,0.00019233922849164198,0.0038124168441004977,-1.54e-06,1.9036383948009792,6.5219724594075945,-16.296756568153572,1.0052136313683062,18.01033675625747,0.12067054082980143,-61.484766920282034,-1.1573229341274334,6.236156135627837,0.6295741068180681,18.832178863855997,0.2719344611720337,-0.026199218447002934,0.00015748,0.02627513720282255,0.00081957,1,0.0
12550,0.00031414951144499714,0.0018258622566839368,-1.54e-06,1.9036383948009792,6.5219724594075945,-10.765804267815932,1.0052136313683062,13.478258108373877,0.12067054082980143,-46.2460578617667,-1.1573229341274334,-36.40932135675381,0.6295741068180681,17.24154451288897,0.2719344611720337,-0.02003947054788275,0.00015748,0.020111418273162963,0.00081957,1,0.0
12551,0.0001929252329105069,0.016244768787651888,-1.54e-06,1.9036383948009792,6.5219724594075945,5.134734156864031,1.0052136313683062,25.019883599511417,0.12067054082980143,-89.67193670898408,-1.1573229341274334,-6.175136525960335,0.6295741068180681,21.79740269305568,0.2719344611720337,-0.02211768927056948,0.00015748,0.04588372716237281,0.00081957,1,0.0
12552,0.00039975231155348935,9.083894046379916e-05,-1.54e-06,1.9036383948009792,6.5219724594075945,-13.767439777327601,1.0052136313683062,1.641800638832733,0.12067054082980143,-21.367219692708638,-1.1573229341274334,70.59861109284807,0.6295741068180681,7.974324251667582,0.2719344611720337,-0.004981318876233729,0.00015748,0.004991252542511859,0.00081957,1,0.0
12553,0.09893248526281428,0.0008385678741508246,-1.54e-06,1.9036383948009792,6.5219724594075945,-71.31019240370654,1.0052136313683062,0.5706337032536811,0.12067054082980143,-32.51239744088067,-1.1573229341274334,40.13451540312006,0.6295741068180681,48.71962304326193,0.2719344611720337,-0.007297009286149661,0.00015748,0.007294884184218808,0.00081957,1,0.0
12554,0.11325351357351923,0.04716485029062428,-1.54e-06,1.9036383948009792,6.5219724594075945,-28.910676976353653,1.0052136313683062,43.29714194946355,0.12067054082980143,-36.982858944356785,-1.1573229341274334,-58.480680569426056,0.6295741068180681,5.474595869787383,0.2719344611720337,-0.08428027909464973,0.00015748,0.08470718901015524,0.00081957,1,0.0
12555,0.0006820815935857788,0.008499129421355904,-1.54e-06,1.9036383948009792,6.5219724594075945,9.20239758759396,1.0052136313683062,9.528411132303287,0.12067054082980143,-33.84541327357443,-1.1573229341274334,31.149758160389716,0.6295741068180681,3.395939430585252,0.2719344611720337,-0.003238109089513592,0.00015748,0.019243669946897232,0.00081957,1,0.0
12556,0.08042506751977821,0.0009585693275964885,-1.54e-06,1.9036383948009792,6.5219724594075945,-82.05594192687367,1.0052136313683062,1.6534766592003425,0.12067054082980143,-68.10799651848126,-1.1573229341274334,53.35186341777383,0.6295741068180681,66.0177735710285,0.2719344611720337,-0.00677385243119913,0.00015748,0.006762724600755293,0.00081957,1,0.0
12557,0.0001279005517432208,0.019037450094709,-1.54e-06,1.9036383948009792,6.5219724594075945,29.538281511502063,1.0052136313683062,16.833385522651575,0.12067054082980143,-50.891060075023,-1.1573229341274334,71.53247278420251,0.6295741068180681,-4.1074919599503055,0.2719344611720337,-0.001470186922955325,0.00015748,0.03623312003124342,0.00081957,1,0.0
12558,9.150110450140136e-05,0.019153278269477294,-1.54e-06,1.9036383948009792,6.5219724594075945,54.27253648362419,1.0052136313683062,8.60553487102874,0.12067054082980143,-5.480675316805957,-1.1573229341274334,15.074431776900337,0.6295741068180681,-22.527215206056027,0.2719344611720337,0.011588049770386917,0.00015748,0.02709943820573573,0.00081957,0,0.0
12559,0.08987196304781084,0.006358605135721561,-1.54e-06,1.9036383948009792,6.5219724594075945,-66.34970374954528,1.0052136313683062,-1.57011218475608,0.12067054082980143,-47.00070219661189,-1.1573229341274334,-24.96575896671834,0.6295741068180681,61.37566394573143,0.2719344611720337,-0.014582258027053513,0.00015748,0.02146548943023062,0.00081957,1,0.0
12560,0.0003062858440726901,0.0072363979516400015,-1.54e-06,1.9036383948009792,6.5219724594075945,7.515779139671239,1.0052136313683062,13.178966691642582,0.12067054082980143,-10.98404232327705,-1.1573229341274334,62.20383849268272,0.6295741068180681,-14.859669930003456,0.2719344611720337,-0.03066497150355795,0.00015748,0.03212770419722626,0.00081957,1,0.0
12561,0.14511215760861668,0.006004018867221941,-1.54e-06,1.9036383948009792,6.5219724594075945,-72.93280354690891,1.0052136313683062,16.55588172274381,0.12067054082980143,-31.464811120841294,-1.1573229341274334,-53.14497989352679,0.6295741068180681,46.82230490035342,0.2719344611720337,-0.03156884847511743,0.00015748,0.031549949212963724,0.00081957,1,0.0
12562,0.00011288628318985305,0.008662099912015579,-1.54e-06,1.9036383948009792,6.5219724594075945,8.539229407994895,1.0052136313683062,13.724616634725251,0.12067054082980143,-42.794156054321505,-1.1573229341274334,-4.995320193052082,0.6295741068180681,7.012004340225486,0.2719344611720337,-0.010848970990523916,0.00015748,0.025393601193177063,0.00081957,1,0.0
12563,0.0002977345141793458,0.006458252118647038,-1.54e-06,1.9036383948009792,6.5219724594075945,-29.00556521848981,1.0052136313683062,-9.16350060291666,0.12067054082980143,-33.378020548775815,-1.1573229341274334,39.78205055948887,0.6295741068180681,32.43818998348092,0.2719344611720337,-0.026154752627413284,0.00015748,0.028318020675378627,0.00081957,1,0.0
12564,0.0017388466718047738,0.0002254242017137104,-1.54e-06,1.9036383948009792,6.5219724594075945,-15.170139792203676,1.0052136313683062,5.397210028654865,0.12067054082980143,-33.92894917213661,-1.1573229341274334,8.002831620835813,0.6295741068180681,16.682669611891637,0.2719344611720337,-0.008574200868428963,0.00015748,0.008575022333746714,0.00081957,1,0.0
12565,0.00015998587126468677,0.019974509565467462,-1.54e-06,1.9036383948009792,6.5219724594075945,50.88671422191125,1.0052136313683062,13.81277790958482,0.12067054082980143,-20.603409621320445,-1.1573229341274334,11.401271996501652,0.6295741068180681,-18.436999759649524,0.2719344611720337,0.004439155331309929,0.00015748,0.03391039039473465,0.00081957,0,0.0
12566,0.03109108438360527,0.00033335917499662557,-1.54e-06,1.9036383948009792,6.5219724594075945,-21.525581268664062,1.0052136313683062,6.904542083140116,0.12067054082980143,-27.2995977495495,-1.1573229341274334,-72.880695964035,0.6295741068180681,24.453977766816497,0.2719344611720337,-0.012278044794674724,0.00015748,0.012279520275201919,0.00081957,1,0.0
12567,0.06901686732925935,0.0023515157682194917,-1.54e-06,1.9036383948009792,6.5219724594075945,-50.90208611661075,1.0052136313683062,8.099477818092936,0.12067054082980143,-36.55272466908452,-1.1573229341274334,79.00190182815082,0.6295741068180681,29.664074850836787,0.2719344611720337,-0.0207095104852646,0.00015748,0.021036581482430282,0.00081957,1,0.0
12568,0.07657300014803799,0.0006429728516695279,-1.54e-06,1.9036383948009792,6.5219724594075945,-59.93802978256986,1.0052136313683062,8.850793063153759,0.12067054082980143,-50.09487299792193,-1.1573229341274334,18.360174449500533,0.6295741068180681,44.92796784968275,0.2719344611720337,-0.011930638214490344,0.00015748,0.011938901961182464,0.00081957,1,0.0
12569,0.014485665292569415,0.00016471169184628903,-1.54e-06,1.9036383948009792,6.5219724594075945,-18.061044316406445,1.0052136313683062,-1.9220809769221063,0.12067054082980143,-10.140199023691972,-1.1573229341274334,61.923281665244694,0.6295741068180681,9.622478737813218,0.2719344611720337,-0.00575656444771208,0.00015748,0.005787161616129102,0.00081957,1,0.0
12570,0.09555800470803294,0.0004649948991105966,-1.54e-06,1.9036383948009792,6.5219724594075945,-70.39571978099885,1.0052136313683062,3.1656492862435144,0.12067054082980143,-40.69943302413702,-1.1573229341274334,13.569911622538077,0.6295741068180681,51.90911761286265,0.2719344611720337,-0.003199878401505862,0.00015748,0.0032184303013992697,0.00081957,1,0.0
12571,0.0009784416782238417,0.0006391091018342519,-1.54e-06,1.9036383948009792,6.5219724594075945,-12.280780937899921,1.0052136313683062,8.347660748607426,0.12067054082980143,-36.01220802672381,-1.1573229341274334,-1.3549227797136636,0.6295741068180681,14.614939387020037,0.2719344611720337,-0.012097079367638904,0.00015748,0.012129032300969326,0.00081957,1,0.0
12572,0.000234780715141783,0.02040373244155757,-1.54e-06,1.9036383948009792,6.5219724594075945,45.10433494827103,1.0052136313683062,14.706695167908045,0.12067054082980143,-24.64373021581513,-1.1573229341274334,67.43310299446544,0.6295741068180681,-20.16276516068021,0.2719344611720337,0.001005437147399129,0.00015748,0.035643403911634036,0.00081957,0,0.0
12573,0.05415364786440967,0.006348381968851148,-1.54e-06,1.9036383948009792,6.5219724594075945,-36.21490844389448,1.0052136313683062,24.600685074227634,0.12067054082980143,-66.80248342718977,-1.1573229341274334,-83.53682432536094,0.6295741068180681,36.104229726224844,0.2719344611720337,-0.035085461436048154,0.00015748,0.03528270387141359,0.00081957,1,0.0
12574,0.09996577671673576,0.0020054809838355543,-1.54e-06,1.9036383948009792,6.5219724594075945,-70.16125315695665,1.0052136313683062,-4.637899926460305,0.12067054082980143,-16.416979784887012,-1.1573229341274334,88.92757866067723,0.6295741068180681,41.167609300730895,0.2719344611720337,-0.016791499586445553,0.00015748,0.01677507310814158,0.00081957,1,0.0
12575,0.00025854777279321617,0.014329517245421617,-1.54e-06,1.9036383948009792,6.5219724594075945,6.595663962569893,1.0052136313683062,24.889305903446044,0.12067054082980143,-45.444228866882334,-1.1573229341274334,21.122546883158208,0.6295741068180681,-4.628798501836296,0.2719344611720337,-0.03884678804118363,0.00015748,0.043976133187167865,0.00081957,1,0.0
12576,0.10421509099788615,0.0003883244995752115,-1.54e-06,1.9036383948009792,6.5219724594075945,-82.76347146918745,1.0052136313683062,5.942627751689496,0.12067054082980143,-59.82654742467104,-1.1573229341274334,6.374737880556368,0.6295741068180681,64.79027432312597,0.2719344611720337,-0.005138888622629283,0.00015748,0.005147393962026148,0.00081957,1,0.0
12577,0.05696342135386277,0.0005790379699419213,-1.54e-06,1.9036383948009792,6.5219724594075945,-56.441098855164306,1.0052136313683062,11.108925002400541,0.12067054082980143,-69.01445581825134,-1.1573229341274334,-31.447435607646796,0.6295741068180681,53.021471621837065,0.2719344611720337,-0.016639039694201746,0.00015748,0.016642410881525863,0.00081957,1,0.0
12578,1.3462674178857381e-05,0.0016463338766109922,-1.54e-06,1.9036383948009792,6.5219724594075945,-27.031972543202585,1.0052136313683062,9.290245176252645,0.12067054082980143,-63.04812106810082,-1.1573229341274334,74.7554195460218,0.6295741068180681,25.989020873484527,0.2719344611720337,-0.011139869835853907,0.00015748,0.013303086869635421,0.00081957,1,0.0
12579,0.025989619595133823,0.002491623387118265,-1.54e-06,1.9036383948009792,6.5219724594075945,-40.05318312815352,1.0052136313683062,16.38666600951924,0.12067054082980143,-82.82769601713859,-1.1573229341274334,-96.35933965198592,0.6295741068180681,51.14010517292277,0.2719344611720337,-0.03083825023030016,0.00015748,0.030843505320954374,0.00081957,1,0.0
12580,0.04180132271666097,9.084486961584701e-05,-1.54e-06,1.9036383948009792,6.5219724594075945,-51.9997225785215,1.0052136313683062,3.746752646431081,0.12067054082980143,-54.401840430610214,-1.1573229341274334,62.7434797577577,0.6295741068180681,41.36312114286625,0.2719344611720337,-0.003550121921696145,0.00015748,0.003553085280605078,0.00081957,1,0.0
12581,0.03465525824352128,0.0006424741657153559,-1.54e-06,1.9036383948009792,6.5219724594075945,-60.912003830865025,1.0052136313683062,10.089979858065327,0.12067054082980143,-89.33695406951708,-1.1573229341274334,41.5859404901171,0.6295741068180681,56.924332718411385,0.2719344611720337,-0.0162179848282622,0.00015748,0.01624698531466577,0.00081957,1,0.0
12582,0.00017017468593293061,0.02385411424222025,-1.54e-06,1.9036383948009792,6.5219724594075945,45.30351996380649,1.0052136313683062,14.535263002497793,0.12067054082980143,-50.992575910221426,-1.1573229341274334,26.05530958119659,0.6295741068180681,-2.38983373487439,0.2719344611720337,0.0033656638934924862,0.00015748,0.0446537266627715,0.00081957,0,0.0
12583,0.00014464826081361792,0.010937593467582711,-1.54e-06,1.9036383948009792,6.5219724594075945,-6.554486284839447,1.0052136313683062,21.01383082552288,0.12067054082980143,-45.70822710840748,-1.1573229341274334,86.88448523070602,0.6295741068180681,-2.2329238135430014,0.2719344611720337,-0.04047166057867142,0.00015748,0.0407490606983074,0.00081957,1,0.0
12584,7.824721375959687e-05,0.013728476274372386,-1.54e-06,1.9036383948009792,6.5219724594075945,-7.454825153092575,1.0052136313683062,24.45442724156598,0.12067054082980143,-89.23537416026723,-1.1573229341274334,61.150363697658655,0.6295741068180681,20.121837044496825,0.2719344611720337,-0.0246404705974933,0.00015748,0.04075614655270324,0.00081957,1,0.0
12585,0.048457324100909235,0.0006696953571866701,-1.54e-06,1.9036383948009792,6.5219724594075945,-67.66369285259682,1.0052136313683062,11.623119925102724,0.12067054082980143,-92.5745795461129,-1.1573229341274334,26.515230322244268,0.6295741068180681,62.32991994884331,0.2719344611720337,-0.017477359020689906,0.00015748,0.017486369734743275,0.00081957,1,0.0
12586,0.14044965306378762,0.0018819818281627493,-1.54e-06,1.9036383948009792,6.5219724594075945,-83.80607749959549,1.0052136313683062,-0.17802532007552963,0.12067054082980143,-18.135360230756476,-1.1573229341274334,6.4775235380766585,0.6295741068180681,54.27920753811784,0.2719344611720337,-0.012729037923426622,0.00015748,0.012724846252024379,0.00081957,1,0.0
12587,0.062013450657752614,0.00024107435894816544,-1.54e-06,1.9036383948009792,6.5219724594075945,-47.008565779219545,1.0052136313683062,7.43017178442243,0.12067054082980143,-41.02003243384262,-1.1573229341274334,-22.51735230153754,0.6295741068180681,39.02081727572176,0.2719344611720337,-0.008965497162640591,0.00015748,0.008983564737060128,0.00081957,1,0.0
12588,0.00016482909256917977,0.0333297980930471,-1.54e-06,1.9036383948009792,6.5219724594075945,79.62075983988318,1.0052136313683062,28.716306408364726,0.12067054082980143,-49.653420183281824,-1.1573229341274334,-92.14160385111724,0.6295741068180681,-17.647056454409665,0.2719344611720337,-0.008425628240486087,0.00015748,0.06673027156877231,0.00081957,1,0.0
12589,0.00044590801984747963,0.014147538485148176,-1.54e-06,1.9036383948009792,6.5219724594075945,18.084911772222796,1.0052136313683062,26.936315143612838,0.12067054082980143,-32.41726918545604,-1.1573229341274334,-78.87857492974605,0.6295741068180681,-8.720838385860128,0.2719344611720337,-0.04095527058236298,0.00015748,0.04418494670594526,0.00081957,1,0.0
12590,0.10678850065819709,0.0027865961866434634,-1.54e-06,1.9036383948009792,6.5219724594075945,-90.95411648800626,1.0052136313683062,-4.928488073899422,0.12067054082980143,-47.33212193063827,-1.1573229341274334,56.846270072952535,0.6295741068180681,67.74987052337228,0.2719344611720337,-0.01215986004321145,0.00015748,0.012159151091352238,0.00081957,1,0.0
12591,5.876547357309969e-05,0.03430422099960877,-1.54e-06,1.9036383948009792,6.5219724594075945,29.46004834115208,1.0052136313683062,4.818654862196824,0.12067054082980143,-80.51079391293966,-1.1573229341274334,70.40860788845498,0.6295741068180681,24.356465605150962,0.2719344611720337,-0.011380138564880536,0.00015748,0.07071954765406588,0.00081957,1,0.0
12592,-1.327501132919462e-05,0.017135611588954817,-1.54e-06,1.9036383948009792,6.5219724594075945,3.8042862492920504,1.0052136313683062,30.572887645153052,0.12067054082980143,-81.46845562165181,-1.1573229341274334,-25.12628789619519,0.6295741068180681,13.570886489372308,0.2719344611720337,-0.03638435983620465,0.00015748,0.04956589310637069,0.00081957,1,0.0
12593,4.838276082846926e-05,0.03614669368879597,-1.54e-06,1.9036383948009792,6.5219724594075945,82.46230968050314,1.0052136313683062,19.84033213401841,0.12067054082980143,-49.55849827556632,-1.1573229341274334,71.11642530548679,0.6295741068180681,-22.917441767025498,0.2719344611720337,0.016180650678537984,0.00015748,0.05744011047282266,0.00081957,0,0.0
12594,0.09957880585097759,0.0003590826644316171,-1.54e-06,1.9036383948009792,6.5219724594075945,-86.32331565367168,1.0052136313683062,8.559317973777722,0.12067054082980143,-75.32316404119115,-1.1573229341274334,-0.005282713974700072,0.6295741068180681,71.31523380005603,0.2719344611720337,-0.010085967945861777,0.00015748,0.010086890035850221,0.00081957,1,0.0
12595,0.006915059622005764,0.0001359247489204415,-1.54e-06,1.9036383948009792,6.5219724594075945,-5.352470837021567,1.0052136313683062,3.828623341626117,0.12067054082980143,-12.809974975480058,-1.1573229341274334,-36.955348784162595,0.6295741068180681,8.599869381812507,0.2719344611720337,-0.006963369076118805,0.00015748,0.006970356617978699,0.00081957,1,0.0
12596,0.12418231978186958,0.0010052260551205823,-1.54e-06,1.9036383948009792,6.5219724594075945,-96.12044879467214,1.0052136313683062,15.566494488058282,0.12067054082980143,-89.9777078018897,-1.1573229341274334,-93.11172870705123,0.6295741068180681,86.20655184244674,0.2719344611720337,-0.022064284990787497,0.00015748,0.022061016039152802,0.00081957,1,0.0
12597,0.00190405673433695,0.00011493736662841105,-1.54e-06,1.9036383948009792,6.5219724594075945,-10.876471106840887,1.0052136313683062,3.3187990491381565,0.12067054082980143,-20.979444145439007,-1.1573229341274334,31.944493667022385,0.6295741068180681,8.647081553652532,0.2719344611720337,-0.004692607426099116,0.00015748,0.004716161212802829,0.00081957,1,0.0
12598,0.01757893589732149,0.00021227558238042472,-1.54e-06,1.9036383948009792,6.5219724594075945,-7.381766387164204,1.0052136313683062,1.63486430895336,0.12067054082980143,-4.998403432255059,-1.1573229341274334,-70.614263923654,0.6295741068180681,11.598191366943144,0.2719344611720337,-0.008466459870549274,0.00015748,0.008474158106768583,0.00081957,1,0.0
12599,0.00030567748306581377,0.030236488689826597,-1.54e-06,1.9036383948009792,6.5219724594075945,78.78451188654003,1.0052136313683062,21.668915193172868,0.12067054082980143,-35.37799388840108,-1.1573229341274334,-68.71486048617938,0.6295741068180681,-19.793698501007544,0.2719344611720337,-0.00011647497722088243,0.00015748,0.058152180448091034,0.00081957,1,0.0
12600,0.30448752366030557,0.01147583165375758,-1.54e-06,1.6665574929518563,3.485611170112556,-25.600417072595132,1.0052136313683062,3.02161735980703,0.12067054082980143,-18.95961994615257,-1.1573229341274334,-9.486111418527976,0.6295741068180681,31.04766811367172,0.2719344611720337,-0.03255140437480652,0.00015748,0.03245997673590064,0.00081957,1,0.0
12601,0.277453545787249,0.2782886777821245,-1.54e-06,1.6665574929518563,3.485611170112556,27.09416324399782,1.0052136313683062,19.902053368463683,0.12067054082980143,-39.74803054859397,-1.1573229341274334,-63.464441685470625,0.6295741068180681,14.022794736231642,0.2719344611720337,-0.15611179782751516,0.00015748,0.4247052556382557,0.00081957,1,0.0
12602,-0.009947444799948607,0.4027882119549854,-1.54e-06,1.6665574929518563,3.485611170112556,-20.29881610035162,1.0052136313683062,3.272882489860109,0.12067054082980143,-3.1304138871042215,-1.1573229341274334,55.91043496312318,0.6295741068180681,-4.567516521496271,0.2719344611720337,-0.3475270403389885,0.00015748,0.3796031014792969,0.00081957,1,0.0
12603,0.5828355319148656,0.16054346735291747,-1.54e-06,1.6665574929518563,3.485611170112556,41.61105707524291,1.0052136313683062,25.360577024454013,0.12067054082980143,-86.33826162123448,-1.1573229341274334,15.77734038195643,0.6295741068180681,27.147536002045168,0.2719344611720337,0.39757472089923884,0.00015748,0.6753813102319521,0.00081957,0,0.0
12604,0.5519761814682723,0.05715828814683144,-1.54e-06,1.6665574929518563,3.485611170112556,-30.671242374053488,1.0052136313683062,8.547654739306331,0.12067054082980143,-26.47719075402161,-1.1573229341274334,-52.85257178916943,0.6295741068180681,47.831696819922506,0.2719344611720337,-0.13578428746350424,0.00015748,0.13640021349999149,0.00081957,1,0.0
12605,0.028490471047381394,0.006377753805043291,-1.54e-06,1.6665574929518563,3.485611170112556,-29.54234229997077,1.0052136313683062,3.7678479206201088,0.12067054082980143,-57.663049753542964,-1.1573229341274334,60.57664241478344,0.6295741068180681,36.60463983929951,0.2719344611720337,-0.043149884573477085,0.00015748,0.043256824383728645,0.00081957,1,0.0
12606,-0.00014401774397665434,0.06144084499263434,-1.54e-06,1.6665574929518563,3.485611170112556,93.6282347370058,1.0052136313683062,19.426972326611896,0.12067054082980143,-62.646570374131684,-1.1573229341274334,53.317518229984316,0.6295741068180681,-28.497224662883806,0.2719344611720337,0.46878382615720404,0.00015748,0.7217468543541564,0.00081957,0,0.0
12607,0.20934845096257126,0.07796921016152113,-1.54e-06,1.6665574929518563,3.485611170112556,100.0,1.0052136313683062,24.936194754109966,0.12067054082980143,-46.56969463439743,-1.1573229341274334,-19.996443462624633,0.6295741068180681,-27.927898129371066,0.2719344611720337,0.371703819990037,0.00015748,0.7637611879073724,0.00081957,0,0.0
12608,0.6869139810952076,0.06011133484687964,-1.54e-06,1.6665574929518563,3.485611170112556,-83.01205400348101,1.0052136313683062,5.30703214016423,0.12067054082980143,-73.3802703904995,-1.1573229341274334,35.93449617061227,0.6295741068180681,92.05248935084893,0.2719344611720337,-0.039027829395967585,0.00015748,0.03877445016135895,0.00081957,1,0.0
12609,0.02517411876190645,0.05470020569642294,-1.54e-06,1.6665574929518563,3.485611170112556,78.9593459969576,1.0052136313683062,17.38998010840098,0.12067054082980143,-48.9188714897149,-1.1573229341274334,41.644584052195235,0.6295741068180681,-26.49885450158533,0.2719344611720337,0.44514663819108513,0.00015748,0.5688243812467282,0.00081957,0,0.0
12610,0.9811766458812758,0.14172889479681947,-1.54e-06,1.6665574929518563,3.485611170112556,-75.32479232481624,1.0052136313683062,3.7132943730757026,0.12067054082980143,-22.90126861733616,-1.1573229341274334,-46.54621040634964,0.6295741068180681,80.7740881494397,0.2719344611720337,-0.040698015420592204,0.00015748,0.04061155816275902,0.00081957,1,0.0
12611,0.17796548225710176,0.009582241456726938,-1.54e-06,1.6665574929518563,3.485611170112556,-61.166192740660165,1.0052136313683062,5.305888182492427,0.12067054082980143,-94.39542075059776,-1.1573229341274334,99.16072175719395,0.6295741068180681,70.07516863662963,0.2719344611720337,-0.04605414168570734,0.00015748,0.04614965623938657,0.00081957,1,0.0
12612,0.8693666644627918,0.3103576850453228,-1.54e-06,1.6665574929518563,3.485611170112556,12.547853992651202,1.0052136313683062,26.200304717627485,0.12067054082980143,-89.58162531672998,-1.1573229341274334,-18.709388196469767,0.6295741068180681,55.712767569077265,0.2719344611720337,0.2636788035767539,0.00015748,0.6443806508607282,0.00081957,0,0.0
12613,1.2203920834294335,0.40432147349470804,-1.54e-06,1.6665574929518563,3.485611170112556,28.742571717716313,1.0052136313683062,32.5643788026752,0.12067054082980143,-80.12884040125456,-1.1573229341274334,-74.19283782116229,0.6295741068180681,56.40898015469153,0.2719344611720337,0.3561166498028684,0.00015748,0.8164432717226265,0.00081957,0,0.0
12614,0.3678331630406665,0.01831391616486399,-1.54e-06,1.6665574929518563,3.485611170112556,-26.94101376765749,1.0052136313683062,4.378031710333402,0.12067054082980143,-20.950770351257688,-1.1573229341274334,-20.505009650231145,0.6295741068180681,35.45842916435636,0.2719344611720337,-0.058010686920951245,0.00015748,0.058035490554090526,0.00081957,1,0.0
12615,0.7185198339236898,0.07054925981626,-1.54e-06,1.6665574929518563,3.485611170112556,-50.01502723989404,1.0052136313683062,8.02954764613301,0.12067054082980143,-36.11841578817331,-1.1573229341274334,-45.951564758358586,0.6295741068180681,66.62899301967259,0.2719344611720337,-0.1112352047312652,0.00015748,0.1113901564687775,0.00081957,1,0.0
12616,0.009816693849096891,0.05348081700307135,-1.54e-06,1.6665574929518563,3.485611170112556,53.378135154786406,1.0052136313683062,16.202594339937498,0.12067054082980143,-79.95251424038244,-1.1573229341274334,99.9199569287341,0.6295741068180681,-5.068242285319531,0.2719344611720337,0.47567350973927597,0.00015748,0.5239330175253489,0.00081957,0,0.0
12617,0.9996958030353432,0.5049541895416113,-1.54e-06,1.6665574929518563,3.485611170112556,79.66652526104548,1.0052136313683062,17.977763135048264,0.12067054082980143,-17.614036338206493,-1.1573229341274334,-99.90093210454008,0.6295741068180681,7.499958861790957,0.2719344611720337,0.33683411648866524,0.00015748,1.0184147027507853,0.00081957,0,0.0
12618,0.36741754092649803,0.10722163251073591,-1.54e-06,1.6665574929518563,3.485611170112556,33.34354337666219,1.0052136313683062,21.841253143898708,0.12067054082980143,-99.00424940916355,-1.1573229341274334,70.47971368726388,0.6295741068180681,26.23176235743308,0.2719344611720337,0.437311072150559,0.00015748,0.5824622526507693,0.00081957,0,0.0
12619,0.12246696630993487,0.024875857573020337,-1.54e-06,1.6665574929518563,3.485611170112556,-44.155958068158746,1.0052136313683062,8.264428865108432,0.12067054082980143,-86.82303442835365,-1.1573229341274334,73.09128264515358,0.6295741068180681,57.91858687702801,0.2719344611720337,-0.10483083715069119,0.00015748,0.10632421605427728,0.00081957,1,0.0
12620,0.9831308499507203,0.13880499992967693,-1.54e-06,1.6665574929518563,3.485611170112556,-66.8770716529933,1.0052136313683062,12.641329868907812,0.12067054082980143,-51.6166890416997,-1.1573229341274334,-66.40289514687451,0.6295741068180681,90.83276267512365,0.2719344611720337,-0.17382277269436142,0.00015748,0.174152562274572,0.00081957,1,0.0
12621,1.0342399330990186,0.5620810932722375,-1.54e-06,1.6665574929518563,3.485611170112556,-60.02546145501432,1.0052136313683062,28.895850546402084,0.12067054082980143,-90.50938745071761,-1.1573229341274334,-37.521698074360856,0.6295741068180681,91.91900163742196,0.2719344611720337,-0.24316214208216336,0.00015748,0.4928081871242107,0.00081957,1,0.0
12622,0.9075680463560868,0.17848321099531336,-1.54e-06,1.6665574929518563,3.485611170112556,-82.51686375262408,1.0052136313683062,-1.7979091352645007,0.12067054082980143,-21.34788537215002,-1.1573229341274334,-13.779072915524582,0.6295741068180681,80.37925314979574,0.2719344611720337,-0.10337323601053838,0.00015748,0.103337087756869,0.00081957,1,0.0
12623,0.7761049082502199,0.17924071205959002,-1.54e-06,1.6665574929518563,3.485611170112556,-41.175655726478226,1.0052136313683062,13.548460219121731,0.12067054082980143,-50.693342942488464,-1.1573229341274334,-78.98889664175799,0.6295741068180681,74.91981262797664,0.2719344611720337,-0.27146506480423477,0.00015748,0.2720289922964287,0.00081957,1,0.0
12624,0.6977532349786741,0.08153098962099799,-1.54e-06,1.6665574929518563,3.485611170112556,-82.41476180348171,1.0052136313683062,2.1828952850021692,0.12067054082980143,-57.56838994361171,-1.1573229341274334,32.31855984355294,0.6295741068180681,85.5061677756885,0.2719344611720337,-0.055745242050865056,0.00015748,0.055595314363489266,0.00081957,1,0.0
12625,0.6242223004322969,0.17942260418218992,-1.54e-06,1.6665574929518563,3.485611170112556,34.83326776872961,1.0052136313683062,24.349697588267254,0.12067054082980143,-84.18181297786326,-1.1573229341274334,15.821102380257452,0.6295741068180681,30.836704748286508,0.2719344611720337,0.40465656008571,0.00015748,0.640537044526236,0.00081957,0,0.0
12626,0.8242638067411862,0.4378143398904951,-1.54e-06,1.6665574929518563,3.485611170112556,-33.851482617662576,1.0052136313683062,1.0732982409857499,0.12067054082980143,-31.063659475047725,-1.1573229341274334,-2.069892543174582,0.6295741068180681,58.83491577184776,0.2719344611720337,0.06571996333916055,0.00015748,0.39887064594340593,0.00081957,0,0.0
12627,0.0003534603887073162,0.08023988135055733,-1.54e-06,1.6665574929518563,3.485611170112556,-24.378434106671296,1.0052136313683062,9.883591666382983,0.12067054082980143,-88.30011219584608,-1.1573229341274334,82.41809926386446,0.6295741068180681,43.44222810247405,0.2719344611720337,-0.046969373023738076,0.00015748,0.16999634005204525,0.00081957,1,0.0
12628,0.4752450716594283,0.1421697339996952,-1.54e-06,1.6665574929518563,3.485611170112556,76.86492615042391,1.0052136313683062,25.36181297836147,0.12067054082980143,-49.44961053749239,-1.1573229341274334,-32.89174863238695,0.6295741068180681,-6.483867315285497,0.2719344611720337,0.3819032463068658,0.00015748,0.7244693674903685,0.00081957,0,0.0
12629,0.4882743939750547,0.1245583309242057,-1.54e-06,1.6665574929518563,3.485611170112556,64.07526394197605,1.0052136313683062,29.098557621226632,0.12067054082980143,-95.39230500150055,-1.1573229341274334,9.756238260584459,0.6295741068180681,18.205488358326654,0.2719344611720337,0.3592026538302426,0.00015748,0.8219272547855805,0.00081957,0,0.0
12630,0.641916852318241,0.18329704563924382,-1.54e-06,1.6665574929518563,3.485611170112556,55.262480275751365,1.0052136313683062,26.15489250130627,0.12067054082980143,-68.14371655058184,-1.1573229341274334,-21.36572169100005,0.6295741068180681,17.085604234526965,0.2719344611720337,0.3826216099785551,0.00015748,0.7214157109222683,0.00081957,0,0.0
12631,0.04086349053498439,0.038196279688392454,-1.54e-06,1.6665574929518563,3.485611170112556,80.74521516339219,1.0052136313683062,24.463856751068032,0.12067054082980143,-86.37686254976659,-1.1573229341274334,53.622584229251196,0.6295741068180681,-11.40734902386469,0.2719344611720337,0.3834824778270642,0.00015748,0.7189443234555968,0.00081957,0,0.0
12632,0.05597843419150106,0.06532970095726957,-1.54e-06,1.6665574929518563,3.485611170112556,50.39715980901011,1.0052136313683062,15.375304174054875,0.12067054082980143,-77.15085302795468,-1.1573229341274334,97.84690952747403,0.6295741068180681,-3.0523519346070347,0.2719344611720337,0.46505206111104835,0.00015748,0.5406599853841269,0.00081957,0,0.0
12633,0.32438084987057947,0.06610855808849918,-1.54e-06,1.6665574929518563,3.485611170112556,-26.583456446062197,1.0052136313683062,11.170302329317597,0.12067054082980143,-53.945674509382805,-1.1573229341274334,-11.666906981887868,0.6295741068180681,47.272062810964634,0.2719344611720337,-0.1794762929458256,0.00015748,0.18067938635241163,0.00081957,1,0.0
12634,0.729263163022172,0.08211675053527477,-1.54e-06,1.6665574929518563,3.485611170112556,-67.55208425576265,1.0052136313683062,2.0212598362894267,0.12067054082980143,-33.50082352509873,-1.1573229341274334,-8.411053581564952,0.6295741068180681,71.88642400046804,0.2719344611720337,-0.027275870055346606,0.00015748,0.027026685050742637,0.00081957,1,0.0
12635,0.4897009266740886,0.15565276215066706,-1.54e-06,1.6665574929518563,3.485611170112556,57.318082994228064,1.0052136313683062,20.770644317201356,0.12067054082980143,-49.53392770112794,-1.1573229341274334,-8.030153605037698,0.6295741068180681,2.4665928371248844,0.2719344611720337,0.42402720266076344,0.00015748,0.6088631116549741,0.00081957,0,0.0
12636,0.3586336684257516,0.110966811074083,-1.54e-06,1.6665574929518563,3.485611170112556,45.57226453277687,1.0052136313683062,20.90757980695538,0.12067054082980143,-79.94407389520354,-1.1573229341274334,45.51595776027883,0.6295741068180681,13.749487263718263,0.2719344611720337,0.4310832815188317,0.00015748,0.5923455906878132,0.00081957,0,0.0
12637,0.06203552905105737,0.002444402148692589,-1.54e-06,1.6665574929518563,3.485611170112556,-33.24670329662909,1.0052136313683062,1.8931218419713578,0.12067054082980143,-50.10695359643139,-1.1573229341274334,61.62304848802831,0.6295741068180681,35.85189389315975,0.2719344611720337,-0.020207013423123206,0.00015748,0.02025299952952183,0.00081957,1,0.0
12638,0.5567552889925492,0.053277327712908204,-1.54e-06,1.6665574929518563,3.485611170112556,-39.48689829803257,1.0052136313683062,8.543013661315069,0.12067054082980143,-39.20961774536137,-1.1573229341274334,-34.00284675959514,0.6295741068180681,56.69934497148661,0.2719344611720337,-0.1282291584247854,0.00015748,0.1284713696403603,0.00081957,1,0.0
12639,0.3000700129812024,0.10346025780545832,-1.54e-06,1.6665574929518563,3.485611170112556,100.0,1.0052136313683062,23.85740270315832,0.12067054082980143,-31.760995726183936,-1.1573229341274334,-42.74795077121948,0.6295741068180681,-29.7545112597166,0.2719344611720337,0.3753496991476925,0.00015748,0.7480717929027707,0.00081957,0,0.0
12640,0.7791218711251738,0.8172546641838221,-1.54e-06,1.6665574929518563,3.485611170112556,-75.41395739727773,1.0052136313683062,19.83151898945711,0.12067054082980143,-46.82504892754478,-1.1573229341274334,-49.59042062325997,0.6295741068180681,73.46668282447524,0.2719344611720337,-0.5226961889239758,0.00015748,0.30791907954876646,0.00081957,1,0.0
12641,0.5555222905298278,0.04480343400144606,-1.54e-06,1.6665574929518563,3.485611170112556,-57.210026994146,1.0052136313683062,8.816244036221955,0.12067054082980143,-64.67215307427296,-1.1573229341274334,6.387723264018549,0.6295741068180681,73.29572512101575,0.2719344611720337,-0.10974248359388294,0.00015748,0.1095480850704012,0.00081957,1,0.0
12642,0.0836289925982594,0.044963191910056766,-1.54e-06,1.6665574929518563,3.485611170112556,94.55040832681797,1.0052136313683062,26.113984736479008,0.12067054082980143,-77.88064090918388,-1.1573229341274334,26.163210026489953,0.6295741068180681,-18.212022896860603,0.2719344611720337,0.36395734493917065,0.00015748,0.7984838671726906,0.00081957,0,0.0
12643,1.7542470961640078e-05,0.13461894590252393,-1.54e-06,1.6665574929518563,3.485611170112556,36.29608845409266,1.0052136313683062,10.24114273235458,0.12067054082980143,-0.06746394119436609,-1.1573229341274334,-67.42618415937287,0.6295741068180681,-13.438067559428982,0.2719344611720337,-0.18198054511371217,0.00015748,0.2503903549386539,0.00081957,1,0.0
12644,0.46456521329207767,0.14588576826017283,-1.54e-06,1.6665574929518563,3.485611170112556,100.0,1.0052136313683062,26.339941998536464,0.12067054082980143,-28.829771685472185,-1.1573229341274334,-70.78067901608622,0.6295741068180681,-24.264272396121342,0.2719344611720337,0.3640082969045112,0.00015748,0.7973102103243918,0.00081957,0,0.0
12645,0.003537285817086122,0.13241877125541762,-1.54e-06,1.6665574929518563,3.485611170112556,35.14099985664698,1.0052136313683062,11.18470028259991,0.12067054082980143,-59.008560398964896,-1.1573229341274334,82.17658888926556,0.6295741068180681,-2.8651000104306674,0.2719344611720337,0.3309467194822961,0.00015748,0.3974226918589629,0.00081957,0,0.0
12646,0.1739344806491634,0.05215756565408515,-1.54e-06,1.6665574929518563,3.485611170112556,10.95477986901841,1.0052136313683062,7.736499404948833,0.12067054082980143,-0.06306270021649728,-1.1573229341274334,-63.42774276808622,0.6295741068180681,4.258951132072941,0.2719344611720337,-0.15685824105313265,0.00015748,0.15785319063523304,0.00081957,1,0.0
12647,0.008183224615763374,0.013731199829088624,-1.54e-06,1.6665574929518563,3.485611170112556,-23.1256497483424,1.0052136313683062,5.4490293903129405,0.12067054082980143,-55.61289288209323,-1.1573229341274334,50.50021810175338,0.6295741068180681,31.99164617083257,0.2719344611720337,-0.07402495097423263,0.00015748,0.07419614676215654,0.00081957,1,0.0
12648,0.5221169630886144,0.14104062312514815,-1.54e-06,1.6665574929518563,3.485611170112556,99.95274276006582,1.0052136313683062,34.52880422384151,0.12067054082980143,-74.57081968294389,-1.1573229341274334,-49.602725450089544,0.6295741068180681,-4.56884111938889,0.2719344611720337,0.33613651882740897,0.00015748,0.9777194546474466,0.00081957,0,0.0
12649,0.6398609382206741,0.052474535563006505,-1.54e-06,1.6665574929518563,3.485611170112556,-65.91997959758865,1.0052136313683062,4.180167629751938,0.12067054082980143,-50.00768783414132,-1.1573229341274334,7.718726208559393,0.6295741068180681,74.31763224702651,0.2719344611720337,-0.02453901174570718,0.00015748,0.024802858289846647,0.00081957,1,0.0
12650,0.18424828150879724,0.08033309046230527,-1.54e-06,1.6665574929518563,3.485611170112556,38.616172657225064,1.0052136313683062,17.932182511978812,0.12067054082980143,-90.89425230291084,-1.1573229341274334,94.89393981169601,0.6295741068180681,12.734142482898422,0.2719344611720337,0.4839722484444192,0.00015748,0.5164223761819488,0.00081957,0,0.0
12651,0.7152235943274963,0.08324467574026428,-1.54e-06,1.6665574929518563,3.485611170112556,-71.96886807828763,1.0052136313683062,1.6205287986729426,0.12067054082980143,-39.760220934393026,-1.1573229341274334,4.785264515864822,0.6295741068180681,75.4799637174562,0.2719344611720337,-0.03856129570090001,0.00015748,0.03855801834554259,0.00081957,1,0.0
12652,0.2614376112457085,0.017887189356005508,-1.54e-06,1.6665574929518563,3.485611170112556,-38.12273058361876,1.0052136313683062,6.633379819900083,0.12067054082980143,-58.189342684573106,-1.1573229341274334,28.309617952366775,0.6295741068180681,50.44877384282546,0.2719344611720337,-0.08766213244474028,0.00015748,0.08756372474375743,0.00081957,1,0.0
12653,0.9310050803988335,0.12730135248603136,-1.54e-06,1.6665574929518563,3.485611170112556,-71.29059862142141,1.0052136313683062,12.918504400777,0.12067054082980143,-65.46312125302133,-1.1573229341274334,-44.90334478228059,0.6295741068180681,96.12750018294386,0.2719344611720337,-0.17692575181415712,0.00015748,0.17710368502240345,0.00081957,1,0.0
12654,0.03031241197811596,0.034619479189585696,-1.54e-06,1.6665574929518563,3.485611170112556,86.0000022526662,1.0052136313683062,25.777599869652576,0.12067054082980143,-90.71324022711877,-1.1573229341274334,51.88318541309917,0.6295741068180681,-12.066957599023112,0.2719344611720337,0.3709075404907991,0.00015748,0.7668968734858768,0.00081957,0,0.0
12655,0.0006046612556396269,0.1348434514555159,-1.54e-06,1.6665574929518563,3.485611170112556,26.436432914783417,1.0052136313683062,10.473494292973845,0.12067054082980143,-66.83937135081896,-1.1573229341274334,89.91749722852944,0.6295741068180681,5.359296743973418,0.2719344611720337,0.3098563045058527,0.00015748,0.3620457035952364,0.00081957,0,0.0
12656,0.10597348735106107,0.023503985869784107,-1.54e-06,1.6665574929518563,3.485611170112556,-15.858017651205284,1.0052136313683062,6.690757537457445,0.12067054082980143,-41.156887876796915,-1.1573229341274334,12.401440906338587,0.6295741068180681,27.970965328646557,0.2719344611720337,-0.10620510587525438,0.00015748,0.10681535343451669,0.00081957,1,0.0
12657,0.10826698543699831,0.05892348288876056,-1.54e-06,1.6665574929518563,3.485611170112556,49.53009364066358,1.0052136313683062,18.99009357334088,0.12067054082980143,-89.86694187007618,-1.1573229341274334,88.93783421103569,0.6295741068180681,5.233068555387714,0.2719344611720337,0.4536338296725191,0.00015748,0.5558518044853724,0.00081957,0,0.0
12658,0.6844662744884018,0.08714265415740449,-1.54e-06,1.6665574929518563,3.485611170112556,-60.98694088489614,1.0052136313683062,12.51182980365015,0.12067054082980143,-73.6819085800261,-1.1573229341274334,-13.517802311877709,0.6295741068180681,84.55865529544597,0.2719344611720337,-0.17553829477910166,0.00015748,0.17634460901208376,0.00081957,1,0.0
12659,0.5618864338321133,0.17401463664306352,-1.54e-06,1.6665574929518563,3.485611170112556,71.52410241697827,1.0052136313683062,23.57302634877341,0.12067054082980143,-39.139845056026665,-1.1573229341274334,-45.40458175462876,0.6295741068180681,-4.316101892956583,0.2719344611720337,0.39133008953497966,0.00015748,0.6904947962545775,0.00081957,0,0.0
12660,0.0004865472311180452,0.016598938000967203,-1.54e-06,1.6665574929518563,3.485611170112556,-18.335334708260106,1.0052136313683062,-2.970168446158824,0.12067054082980143,-11.727461810185504,-1.1573229341274334,41.639351582851184,0.6295741068180681,10.893265366126961,0.2719344611720337,-0.08684713835823668,0.00015748,0.08693953551125719,0.00081957,1,0.0
12661,0.00024768644954098473,0.12069233169901661,-1.54e-06,1.6665574929518563,3.485611170112556,18.020189914421245,1.0052136313683062,8.88175782467716,0.12067054082980143,-41.92476377831322,-1.1573229341274334,33.75704663338453,0.6295741068180681,4.588418472015053,0.2719344611720337,0.10704225500255106,0.00015748,0.2280460407971882,0.00081957,0,0.0
12662,0.5861946369222663,0.16182814923149114,-1.54e-06,1.6665574929518563,3.485611170112556,-20.57197577913437,1.0052136313683062,14.91085357656995,0.12067054082980143,-38.59961303927737,-1.1573229341274334,-83.63066969510406,0.6295741068180681,51.79861396203426,0.2719344611720337,-0.27703535031005655,0.00015748,0.277539822233126,0.00081957,1,0.0
12663,0.22324800837840136,0.006681833818892623,-1.54e-06,1.6665574929518563,3.485611170112556,-41.77362058675464,1.0052136313683062,3.534393705038568,0.12067054082980143,-52.3123501860862,-1.1573229341274334,45.285521911685,0.6295741068180681,46.98506640387459,0.2719344611720337,-0.032786690434341605,0.00015748,0.03314511552807992,0.00081957,1,0.0
12664,0.002235446577196709,0.16018143695171455,-1.54e-06,1.6665574929518563,3.485611170112556,23.253453984073108,1.0052136313683062,6.5231988195642945,0.12067054082980143,-55.44367425224107,-1.1573229341274334,90.19301510654144,0.6295741068180681,3.3454902886729725,0.2719344611720337,0.23939414800538472,0.00015748,0.40269706805299843,0.00081957,0,0.0
12665,-6.357527761485793e-05,0.04099585461344177,-1.54e-06,1.6665574929518563,3.485611170112556,-10.238153146068482,1.0052136313683062,4.096314501237121,0.12067054082980143,-35.71810607865303,-1.1573229341274334,41.276259185258816,0.6295741068180681,16.035135530521437,0.2719344611720337,5.471699486556125e-05,0.00015748,0.08093602633158187,0.00081957,0,0.0
12666,0.16218870572990318,0.07312370965359587,-1.54e-06,1.6665574929518563,3.485611170112556,57.13596801595606,1.0052136313683062,18.511534195319136,0.12067054082980143,-72.35986988179052,-1.1573229341274334,60.856954941074605,0.6295741068180681,-2.3271573993255013,0.2719344611720337,0.44754217113590666,0.00015748,0.5668867145603569,0.00081957,0,0.0
12667,0.006359722869147988,0.010434894728336575,-1.54e-06,1.6665574929518563,3.485611170112556,-6.128489955130245,1.0052136313683062,4.179796259786308,0.12067054082980143,-25.305729317033652,-1.1573229341274334,12.41082009255716,0.6295741068180681,12.948340054536642,0.2719344611720337,-0.0663785606512146,0.00015748,0.06661371439170964,0.00081957,1,0.0
12668,0.5386346432808791,0.1592245154519783,-1.54e-06,1.6665574929518563,3.485611170112556,66.16884666779353,1.0052136313683062,25.09318862965752,0.12067054082980143,-55.86078753968139,-1.1573229341274334,-26.2427989190647,0.6295741068180681,3.2338727288608964,0.2719344611720337,0.3853875302608609,0.00015748,0.7049624474254439,0.00081957,0,0.0
12669,0.024415689442859656,0.06105572072823387,-1.54e-06,1.6665574929518563,3.485611170112556,75.62400087300846,1.0052136313683062,15.53027287901292,0.12067054082980143,-44.8929483984857,-1.1573229341274334,48.113372791449336,0.6295741068180681,-27.061188414270422,0.2719344611720337,0.4611292006537722,0.00015748,0.5468693941204378,0.00081957,0,0.0
12670,0.3918419241585308,0.09877237284580671,-1.54e-06,1.6665574929518563,3.485611170112556,73.82274399827526,1.0052136313683062,30.74043265972355,0.12067054082980143,-97.19180275518177,-1.1573229341274334,13.308340918828113,0.6295741068180681,9.985006247717171,0.2719344611720337,0.3549168849223574,0.00015748,0.8455554742850833,0.00081957,0,0.0
12671,0.5944281069539912,0.16688948818637156,-1.54e-06,1.6665574929518563,3.485611170112556,-39.89867017019399,1.0052136313683062,17.149402507654987,0.12067054082980143,-72.66024203160117,-1.1573229341274334,-41.71559667951055,0.6295741068180681,72.71561723993389,0.2719344611720337,-0.28382967214016924,0.00015748,0.284060682284139,0.00081957,1,0.0
12672,0.18350455923126752,0.24864695839208545,-1.54e-06,1.6665574929518563,3.485611170112556,13.000358216717556,1.0052136313683062,-0.020411213975229547,0.12067054082980143,-19.90167967484918,-1.1573229341274334,46.346505630256445,0.6295741068180681,4.570290864475518,0.2719344611720337,0.1055200515008117,0.00015748,0.41551045022926725,0.00081957,0,0.0
12673,0.0029429562174593873,0.1523438661216363,-1.54e-06,1.6665574929518563,3.485611170112556,8.376923088260769,1.0052136313683062,-1.1318563380162565,0.12067054082980143,-12.04910360740459,-1.1573229341274334,49.814294327658864,0.6295741068180681,-3.6356268939285488,0.2719344611720337,0.03696387602415821,0.00015748,0.27331227330467933,0.00081957,0,0.0
12674,0.19944853542633834,0.12815227876817942,-1.54e-06,1.6665574929518563,3.485611170112556,-12.778831511160964,1.0052136313683062,13.736454824511268,0.12067054082980143,-59.8971626719997,-1.1573229341274334,-15.306293563024,0.6295741068180681,39.766178340656204,0.2719344611720337,-0.24792553244445145,0.00015748,0.24969914236475096,0.00081957,1,0.0
12675,0.6687942511368019,0.060967446707748715,-1.54e-06,1.6665574929518563,3.485611170112556,-68.28394464140024,1.0052136313683062,9.78380683942771,0.12067054082980143,-73.78768508356681,-1.1573229341274334,6.38795667215893,0.6295741068180681,86.39529232533172,0.2719344611720337,-0.11869129049116496,0.00015748,0.11852162827757774,0.00081957,1,0.0
12676,0.5600860206908609,0.05220115183413476,-1.54e-06,1.6665574929518563,3.485611170112556,-37.47168931388131,1.0052136313683062,8.341672307562202,0.12067054082980143,-34.269292756756926,-1.1573229341274334,-39.27688598188433,0.6295741068180681,53.82295613455012,0.2719344611720337,-0.1234837832678376,0.00015748,0.12380155629992995,0.00081957,1,0.0
12677,0.00010030846983466457,0.07270287361427714,-1.54e-06,1.6665574929518563,3.485611170112556,68.46248435824424,1.0052136313683062,13.879187080666641,0.12067054082980143,-49.51856626875696,-1.1573229341274334,75.38618780033389,0.6295741068180681,-25.111032354669685,0.2719344611720337,0.4561845588881824,0.00015748,0.5765564995012044,0.00081957,0,0.0
12678,0.6723310416911636,0.35195671285246266,-1.54e-06,1.6665574929518563,3.485611170112556,-89.4034981402019,1.0052136313683062,-8.154443195439892,0.12067054082980143,-12.5613084761684,-1.1573229341274334,53.68535992409004,0.6295741068180681,64.21428722978598,0.2719344611720337,-0.32045759351235353,0.00015748,0.31736251346923133,0.00081957,1,0.0
12679,0.00010011421809302812,0.10298574641052889,-1.54e-06,1.6665574929518563,3.485611170112556,-4.438771772986075,1.0052136313683062,9.044529822325407,0.12067054082980143,-67.57406248298517,-1.1573229341274334,64.23660110365975,0.6295741068180681,25.40405966967315,0.2719344611720337,0.04833997621031491,0.00015748,0.1952173311511042,0.00081957,0,0.0
12680,0.4983924303597951,0.039513354787648676,-1.54e-06,1.6665574929518563,3.485611170112556,-49.36238293314796,1.0052136313683062,8.174844412453579,0.12067054082980143,-57.596936442833055,-1.1573229341274334,1.387008792390255,0.6295741068180681,65.20566860984516,0.2719344611720337,-0.10848280206814417,0.00015748,0.10892423328853987,0.00081957,1,0.0
12681,0.1924062598288846,0.0737558567265212,-1.54e-06,1.6665574929518563,3.485611170112556,60.9480832153974,1.0052136313683062,20.45666349899317,0.12067054082980143,-74.6964850452223,-1.1573229341274334,49.501262211371646,0.6295741068180681,-1.3970889462303238,0.2719344611720337,0.42149250367261104,0.00015748,0.6111021500304373,0.00081957,0,0.0
12682,0.357771487810605,0.022261165265173667,-1.54e-06,1.6665574929518563,3.485611170112556,-35.87537073177363,1.0052136313683062,0.5654936417020779,0.12067054082980143,-18.11958023068674,-1.1573229341274334,2.1327639428697083,0.6295741068180681,36.815678321500606,0.2719344611720337,-0.02676099607497837,0.00015748,0.02679064083601067,0.00081957,1,0.0
12683,0.00036423472336799545,0.1397664776190587,-1.54e-06,1.6665574929518563,3.485611170112556,13.695935614358707,1.0052136313683062,4.737334970430651,0.12067054082980143,-35.972543999450544,-1.1573229341274334,61.05407948613321,0.6295741068180681,1.6310261193171314,0.2719344611720337,0.15237650774742903,0.00015748,0.26021774827306365,0.00081957,0,0.0
12684,0.7430953459014443,0.2184597991585541,-1.54e-06,1.6665574929518563,3.485611170112556,74.81103434671043,1.0052136313683062,30.172317021364854,0.12067054082980143,-56.95864881025308,-1.1573229341274334,-67.26091330996363,0.6295741068180681,8.678452896273281,0.2719344611720337,0.35462479614871933,0.00015748,0.8433434599419812,0.00081957,0,0.0
12685,-0.004034112913699928,0.6038440975740762,-1.54e-06,1.6665574929518563,3.485611170112556,74.62185889051786,1.0052136313683062,17.47763833351673,0.12067054082980143,-0.915009543758243,-1.1573229341274334,47.75910395541424,0.6295741068180681,-60.06151384509209,0.2719344611720337,0.11052366311919593,0.00015748,0.8547137737706467,0.00081957,0,0.0
12686,0.02280634259964101,0.06992623765807174,-1.54e-06,1.6665574929518563,3.485611170112556,-27.3149263163443,1.0052136313683062,5.032373090198851,0.12067054082980143,-77.4668875720949,-1.1573229341274334,79.72104302789008,0.6295741068180681,43.952690628829465,0.2719344611720337,-0.026208507916856166,0.00015748,0.1294638188098147,0.00081957,1,0.0
12687,0.9012100234613654,0.12098669337931306,-1.54e-06,1.6665574929518563,3.485611170112556,-53.39487555102347,1.0052136313683062,11.177798217976036,0.12067054082980143,-35.100843697906306,-1.1573229341274334,-78.79850607162325,0.6295741068180681,75.56545822135445,0.2719344611720337,-0.16408522172517223,0.00015748,0.16444621205599155,0.00081957,1,0.0
12688,-0.0004615320156611258,0.12016986854428419,-1.54e-06,1.6665574929518563,3.485611170112556,24.428915180030774,1.0052136313683062,6.715328436612338,0.12067054082980143,-21.152398699572267,-1.1573229341274334,20.683327954799424,0.6295741068180681,-7.3647007492254835,0.2719344611720337,0.15396395931819318,0.00015748,0.18645848563921108,0.00081957,0,0.0
12689,0.028583089908462284,0.01780865991655983,-1.54e-06,1.6665574929518563,3.485611170112556,-12.43585422365899,1.0052136313683062,5.189919912286134,0.12067054082980143,-39.2339167817312,-1.1573229341274334,21.745744372159738,0.6295741068180681,22.831057169903847,0.2719344611720337,-0.08812653631652836,0.00015748,0.08845383867321369,0.00081957,1,0.0
12690,0.48312367019749525,0.2770619636428567,-1.54e-06,1.6665574929518563,3.485611170112556,90.3508726239656,1.0052136313683062,30.484890888975457,0.12067054082980143,-23.130904504921734,-1.1573229341274334,-60.70634838030271,0.6295741068180681,-30.432941375932288,0.2719344611720337,0.36457126461742895,0.00015748,0.7610323798502948,0.00081957,0,0.0
12691,0.00018507406237966428,0.08673925605740872,-1.54e-06,1.6665574929518563,3.485611170112556,0.9178595080916515,1.0052136313683062,8.482640443597932,0.12067054082980143,-49.30704280710571,-1.1573229341274334,33.785807348619834,0.6295741068180681,17.241272997075306,0.2719344611720337,-0.014899754152439826,0.00015748,0.17665273923837554,0.00081957,1,0.0
12692,0.0009236602952700512,0.028875783796335215,-1.54e-06,1.6665574929518563,3.485611170112556,-38.35477243850569,1.0052136313683062,5.01489288497632,0.12067054082980143,-82.06678411876298,-1.1573229341274334,96.65678679894161,0.6295741068180681,47.73356662975437,0.2719344611720337,-0.01890753365735729,0.00015748,0.06378353298389175,0.00081957,1,0.0
12693,0.500317486381761,0.09345842003396627,-1.54e-06,1.6665574929518563,3.485611170112556,-50.52148756294653,1.0052136313683062,13.864408112720016,0.12067054082980143,-83.42033705080514,-1.1573229341274334,3.3277928786447277,0.6295741068180681,76.65748126606302,0.2719344611720337,-0.21060112191448066,0.00015748,0.21076610943933238,0.00081957,1,0.0
12694,0.9091021613769718,0.2882112465647039,-1.54e-06,1.6665574929518563,3.485611170112556,45.82937852238938,1.0052136313683062,26.866590761122804,0.12067054082980143,-55.61539320895976,-1.1573229341274334,-60.80411586946099,0.6295741068180681,27.16393616331525,0.2719344611720337,0.37817183407560084,0.00015748,0.7184604909152099,0.00081957,0,0.0
12695,0.3508434138374579,0.024801585031950596,-1.54e-06,1.6665574929518563,3.485611170112556,-40.94355973380998,1.0052136313683062,0.08898167184876699,0.12067054082980143,-25.92461741927468,-1.1573229341274334,15.369122973942593,0.6295741068180681,42.03587365932445,0.2719344611720337,-0.031010591931457252,0.00015748,0.03198318562006495,0.00081957,1,0.0
12696,0.029179529181462528,0.0009165081258398692,-1.54e-06,1.6665574929518563,3.485611170112556,-17.849234652865345,1.0052136313683062,0.922329808810307,0.12067054082980143,-27.925283706736735,-1.1573229341274334,33.98680403276663,0.6295741068180681,19.7645220981695,0.2719344611720337,-0.004107218878356746,0.00015748,0.0041303132702566765,0.00081957,1,0.0
12697,0.7505713495085787,0.0680149152894045,-1.54e-06,1.6665574929518563,3.485611170112556,-69.06310180611968,1.0052136313683062,7.157611827327308,0.12067054082980143,-55.646812633598095,-1.1573229341274334,-9.822062579879507,0.6295741068180681,82.81145165004175,0.2719344611720337,-0.07257270581232429,0.00015748,0.07260372227646918,0.00081957,1,0.0
12698,0.7208513628142861,0.0620308382079625,-1.54e-06,1.6665574929518563,3.485611170112556,-75.79909559905704,1.0052136313683062,6.612605629280944,0.12067054082980143,-64.99852611987735,-1.1573229341274334,12.072263189418372,0.6295741068180681,87.48708816392308,0.2719344611720337,-0.05695116714816329,0.00015748,0.056971511435182705,0.00081957,1,0.0
12699,0.873267476255808,0.26321663333659956,-1.54e-06,1.6665574929518563,3.485611170112556,56.88343142816238,1.0052136313683062,30.42766943980593,0.12067054082980143,-65.3582869317957,-1.1573229341274334,-62.233174089567285,0.6295741068180681,24.44490752703338,0.2719344611720337,0.3604625555962825,0.00015748,0.806951508858046,0.00081957,0,0.0
12700,1.0227600412154056,0.21378395751138118,-1.54e-06,1.5827871768011013,2.639678061348063,-69.25563067736519,1.0052136313683062,4.081809632191352,0.12067054082980143,-78.6023079044489,-1.1573229341274334,50.26869436075741,0.6295741068180681,89.56511736622782,0.2719344611720337,-0.08048600197654088,0.00015748,0.08092275740052124,0.00081957,1,0.0
12701,0.5978494420089046,0.45884034915173016,-1.54e-06,1.5827871768011013,2.639678061348063,78.54487280297217,1.0052136313683062,18.232463052417316,0.12067054082980143,-33.42564367110002,-1.1573229341274334,-43.312237370147336,0.6295741068180681,-13.669139395759194,0.2719344611720337,0.28023724725295496,0.00015748,2.0393776827296874,0.00081957,0,0.0
12702,0.32737688546186317,0.09584649694502854,-1.54e-06,1.5827871768011013,2.639678061348063,-19.276070869721497,1.0052136313683062,8.244820931245737,0.12067054082980143,-77.99104328948556,-1.1573229341274334,64.67042762767991,0.6295741068180681,45.40919112996034,0.2719344611720337,0.4207007415650612,0.00015748,0.6111937539808903,0.00081957,0,0.0
12703,0.007240458110033711,0.05299943776585074,-1.54e-06,1.5827871768011013,2.639678061348063,-35.03976913619352,1.0052136313683062,-0.0886328789583539,0.12067054082980143,-51.32605520897753,-1.1573229341274334,59.76182523865783,0.6295741068180681,39.56737843149978,0.2719344611720337,-0.13209482076201473,0.00015748,0.13281513417291424,0.00081957,1,0.0
12704,1.5178538446596832,0.7414367810827522,-1.54e-06,1.5827871768011013,2.639678061348063,49.37494034741317,1.0052136313683062,35.96410659034052,0.12067054082980143,-96.11174994583808,-1.1573229341274334,-42.22355344220272,0.6295741068180681,40.19398027812728,0.2719344611720337,0.2858499420658208,0.00015748,2.2122559824643915,0.00081957,0,0.0
12705,-0.0015983572847209082,0.11355097132282553,-1.54e-06,1.5827871768011013,2.639678061348063,83.11270262711766,1.0052136313683062,27.16530653861609,0.12067054082980143,-87.58457419018508,-1.1573229341274334,21.186431616232294,0.6295741068180681,-12.3726848660291,0.2719344611720337,0.8924083313007171,0.00015748,2.0301325207684475,0.00081957,0,0.0
12706,-0.0004960030815879674,0.7475772147929106,-1.54e-06,1.5827871768011013,2.639678061348063,34.683416574037906,1.0052136313683062,1.3184143656965344,0.12067054082980143,-14.464893678727137,-1.1573229341274334,65.03791225813804,0.6295741068180681,-26.46908771071346,0.2719344611720337,0.37136343870672817,0.00015748,2.4273262145736823,0.00081957,0,0.0
12707,0.0005600991927643406,0.00350985261693976,-1.54e-06,1.5827871768011013,2.639678061348063,24.853535811325756,1.0052136313683062,18.047659253962852,0.12067054082980143,-86.5865279984341,-1.1573229341274334,42.167736071966736,0.6295741068180681,20.407353204220748,0.2719344611720337,0.32295540694871533,0.00015748,1.117363543839957,0.00081957,0,0.0
12708,0.0016343492158442108,0.38573066807218825,-1.54e-06,1.5827871768011013,2.639678061348063,20.39247738773823,1.0052136313683062,4.446033197027494,0.12067054082980143,-63.85696411502977,-1.1573229341274334,69.777750651985,0.6295741068180681,13.575707223750813,0.2719344611720337,0.48175263726793127,0.00015748,1.5711159354667277,0.00081957,0,0.0
12709,1.7644106785521507,0.9766184900769276,-1.54e-06,1.5827871768011013,2.639678061348063,12.529320087921215,1.0052136313683062,23.515879055141745,0.12067054082980143,-61.5460586998789,-1.1573229341274334,-44.96455838414264,0.6295741068180681,51.026681296021536,0.2719344611720337,0.2996282749297361,0.00015748,1.4208159310110697,0.00081957,0,0.0
12710,0.36849043024440276,0.10526458354961699,-1.54e-06,1.5827871768011013,2.639678061348063,90.51178210131177,1.0052136313683062,33.33121434841239,0.12067054082980143,-82.52573295200784,-1.1573229341274334,-26.34607631374711,0.6295741068180681,-8.25230133874293,0.2719344611720337,0.2818418489619743,0.00015748,2.308612378303807,0.00081957,0,0.0
12711,0.6521769716348673,0.18771047718143913,-1.54e-06,1.5827871768011013,2.639678061348063,33.54908195446758,1.0052136313683062,19.990305672861002,0.12067054082980143,-58.60156638897987,-1.1573229341274334,-10.708759363270813,0.6295741068180681,16.894170423601025,0.2719344611720337,0.3137680567562219,0.00015748,1.2780210601406519,0.00081957,0,0.0
12712,0.3296863383784817,0.7501935981856267,-1.54e-06,1.5827871768011013,2.639678061348063,-67.68340780904245,1.0052136313683062,-7.762720560207422,0.12067054082980143,-53.96461141060687,-1.1573229341274334,86.0691921523159,0.6295741068180681,63.86157764552372,0.2719344611720337,-0.5356959772917708,0.00015748,0.5337107382262726,0.00081957,1,0.0
12713,0.00021790466609838965,0.2117241758616067,-1.54e-06,1.5827871768011013,2.639678061348063,86.18792297305032,1.0052136313683062,15.43504658744433,0.12067054082980143,-17.55314866855483,-1.1573229341274334,-15.222849421502273,0.6295741068180681,-43.022397508818,0.2719344611720337,0.9166254714842066,0.00015748,1.5918735314888934,0.00081957,0,0.0
12714,1.5265320121992827,0.7003417891612878,-1.54e-06,1.5827871768011013,2.639678061348063,-28.843392093292405,1.0052136313683062,8.941977335662868,0.12067054082980143,-21.828204750179406,-1.1573229341274334,-49.78007948102561,0.6295741068180681,56.39883890391862,0.2719344611720337,-0.40305283412128323,0.00015748,0.4023927054278712,0.00081957,1,0.0
12715,1.8015990054999533,0.7135789432919795,-1.54e-06,1.5827871768011013,2.639678061348063,-61.84802457297361,1.0052136313683062,5.590891254348756,0.12067054082980143,-37.53737072688341,-1.1573229341274334,-18.00577309251335,0.6295741068180681,83.41393152912138,0.2719344611720337,-0.1300150366949025,0.00015748,0.1325210182395788,0.00081957,1,0.0
12716,-0.0013255849878248682,0.3305476776246484,-1.54e-06,1.5827871768011013,2.639678061348063,-29.85501888842456,1.0052136313683062,-5.404343134206282,0.12067054082980143,-17.81327384645539,-1.1573229341274334,46.38753253072479,0.6295741068180681,21.396723224848994,0.2719344611720337,-0.37183954370179195,0.00015748,0.39684027702964664,0.00081957,1,0.0
12717,0.8456266075267412,1.0628430160752822,-1.54e-06,1.5827871768011013,2.639678061348063,8.793399463765166,1.0052136313683062,16.437452680006686,0.12067054082980143,-23.45227673351353,-1.1573229341274334,-48.03902860743471,0.6295741068180681,19.84813750531569,0.2719344611720337,-0.4600490044634503,0.00015748,0.7887151125006705,0.00081957,1,0.0
12718,1.6416500531216345,0.8016443328013935,-1.54e-06,1.5827871768011013,2.639678061348063,15.041280516153675,1.0052136313683062,27.797819057665905,0.12067054082980143,-88.78232992802086,-1.1573229341274334,-25.85617607817324,0.6295741068180681,58.28617047867164,0.2719344611720337,0.2958576019828625,0.00015748,1.6487738912173064,0.00081957,0,0.0
12719,0.8757488877217511,0.3150000287694494,-1.54e-06,1.5827871768011013,2.639678061348063,20.434415631938872,1.0052136313683062,20.70278806897317,0.12067054082980143,-87.77316362110065,-1.1573229341274334,8.60209157508739,0.6295741068180681,42.545390152833264,0.2719344611720337,0.3060896052514588,0.00015748,1.4668851939598593,0.00081957,0,0.0
12720,2.411460774644466,3.0321851204322408,-1.54e-06,1.5827871768011013,2.639678061348063,-70.125778493557,1.0052136313683062,16.289865941617613,0.12067054082980143,-36.498451446521386,-1.1573229341274334,-78.57446054979818,0.6295741068180681,100.0,0.2719344611720337,-1.2605631823668464,0.00015748,0.45953458080649634,0.00081957,1,0.0
12721,0.9039180728581961,0.27201374332096995,-1.54e-06,1.5827871768011013,2.639678061348063,29.53878991031174,1.0052136313683062,26.27312344763629,0.12067054082980143,-93.39032668299326,-1.1573229341274334,0.2214457781393403,0.6295741068180681,38.47339420129105,0.2719344611720337,0.29631845372974763,0.00015748,1.62441396014393,0.00081957,0,0.0
12722,0.00102977009885441,0.11540204134961973,-1.54e-06,1.5827871768011013,2.639678061348063,3.8519261493976593,1.0052136313683062,4.349159814120872,0.12067054082980143,-45.90665454823607,-1.1573229341274334,60.23568433255484,0.6295741068180681,10.677347710254585,0.2719344611720337,0.32665589103101866,0.00015748,1.079934565394544,0.00081957,0,0.0
12723,1.9639865613820349,1.3268799280960237,-1.54e-06,1.5827871768011013,2.639678061348063,28.035414672982224,1.0052136313683062,22.017415101336645,0.12067054082980143,-17.11796218837301,-1.1573229341274334,-91.70651939360859,0.6295741068180681,27.42860293082997,0.2719344611720337,0.30717553755698124,0.00015748,1.3536436513116907,0.00081957,0,0.0
12724,0.004060902475691908,0.11584529851341435,-1.54e-06,1.5827871768011013,2.639678061348063,52.97381631477193,1.0052136313683062,22.2016895471237,0.12067054082980143,-90.98829606455293,-1.1573229341274334,48.4213675386006,0.6295741068180681,3.1826315106536183,0.2719344611720337,1.047803126243595,0.00015748,1.5195862784015717,0.00081957,0,0.0
12725,0.41675213680277323,0.1760660688499068,-1.54e-06,1.5827871768011013,2.639678061348063,41.28839888729514,1.0052136313683062,12.65039487729435,0.12067054082980143,-32.71424082254777,-1.1573229341274334,-14.052989765089787,0.6295741068180681,-0.31395485211264357,0.2719344611720337,0.32921053515730836,0.00015748,1.1921156016274286,0.00081957,0,0.0
12726,0.997234518069467,0.3403071455403348,-1.54e-06,1.5827871768011013,2.639678061348063,15.261090708067014,1.0052136313683062,21.12207894599966,0.12067054082980143,-71.77357813440413,-1.1573229341274334,-5.854571340785698,0.6295741068180681,38.144325574640305,0.2719344611720337,0.3119177326800075,0.00015748,1.2381675531921488,0.00081957,0,0.0
12727,0.019065248206746044,0.03897807642355794,-1.54e-06,1.5827871768011013,2.639678061348063,19.88617787437865,1.0052136313683062,6.366726777709738,0.12067054082980143,-23.919219151126907,-1.1573229341274334,16.441242390452977,0.6295741068180681,-3.561854252410991,0.2719344611720337,0.4638070480401936,0.00015748,0.5449284654213518,0.00081957,0,0.0
12728,1.7737377895625355,1.013381891234427,-1.54e-06,1.5827871768011013,2.639678061348063,27.456529296027185,1.0052136313683062,26.36874825942652,0.12067054082980143,-59.37820210366296,-1.1573229341274334,-57.71239092790005,0.6295741068180681,42.421020325927785,0.2719344611720337,0.29795704512914956,0.00015748,1.647374762332927,0.00081957,0,0.0
12729,-0.0015476456380582038,0.5917006752969178,-1.54e-06,1.5827871768011013,2.639678061348063,70.44079674276315,1.0052136313683062,9.301277470580537,0.12067054082980143,-9.438291710747439,-1.1573229341274334,21.831777524748905,0.6295741068180681,-44.97952139513814,0.2719344611720337,0.9408494516170617,0.00015748,2.031982942405749,0.00081957,0,0.0
12730,0.0027871956351278593,0.01055831438770925,-1.54e-06,1.5827871768011013,2.639678061348063,5.260606453230594,1.0052136313683062,9.973402565628103,0.12067054082980143,-63.72805386802009,-1.1573229341274334,47.41422683322208,0.6295741068180681,20.68110122323682,0.2719344611720337,0.43048613252965234,0.00015748,0.5972334448912027,0.00081957,0,0.0
12731,-0.004310813987545403,0.7524088758034485,-1.54e-06,1.5827871768011013,2.639678061348063,52.12296735961603,1.0052136313683062,15.299273915431037,0.12067054082980143,-81.14514303814589,-1.1573229341274334,94.71295106875898,0.6295741068180681,-9.262170657277673,0.2719344611720337,1.218547464687568,0.00015748,2.5517326526767787,0.00081957,0,0.0
12732,-0.0002746063944800703,0.22264952288244655,-1.54e-06,1.5827871768011013,2.639678061348063,56.21348595348186,1.0052136313683062,15.99484485666739,0.12067054082980143,-57.28292220178188,-1.1573229341274334,36.948136699574654,0.6295741068180681,-13.590787758872134,0.2719344611720337,1.1701730004100372,0.00015748,1.4040105805142853,0.00081957,0,0.0
12733,1.753522891658786,1.0266345395075402,-1.54e-06,1.5827871768011013,2.639678061348063,74.12870618018462,1.0052136313683062,41.11828516004129,0.12067054082980143,-92.20418584614208,-1.1573229341274334,-72.83202186322742,0.6295741068180681,31.076281776991607,0.2719344611720337,0.27841852190263316,0.00015748,2.687494776156514,0.00081957,0,0.0
12734,0.0019035998965564183,0.011866051118276032,-1.54e-06,1.5827871768011013,2.639678061348063,36.050124363681626,1.0052136313683062,14.597464200435786,0.12067054082980143,-52.88372010704106,-1.1573229341274334,15.273696860932208,0.6295741068180681,0.9690963687995617,0.2719344611720337,0.3326416353555049,0.00015748,1.0090444270493664,0.00081957,0,0.0
12735,0.44485409254024044,0.10468079809362203,-1.54e-06,1.5827871768011013,2.639678061348063,9.53871923197851,1.0052136313683062,12.31728561870322,0.12067054082980143,-53.77760285989648,-1.1573229341274334,16.041443931764064,0.6295741068180681,23.509640289313545,0.2719344611720337,0.37288235528653124,0.00015748,0.7584129278795761,0.00081957,0,0.0
12736,0.0006933829667838953,0.14570585318868842,-1.54e-06,1.5827871768011013,2.639678061348063,65.22214573480642,1.0052136313683062,13.58527492971689,0.12067054082980143,-18.22573077048691,-1.1573229341274334,-6.788805046894285,0.6295741068180681,-32.4447116300577,0.2719344611720337,0.8705859501892225,0.00015748,1.1391740694550325,0.00081957,0,0.0
12737,1.3277610055542897,0.9404462163084217,-1.54e-06,1.5827871768011013,2.639678061348063,-5.948790697959133,1.0052136313683062,12.147063881589316,0.12067054082980143,-9.712419627216308,-1.1573229341274334,-71.39341721234301,0.6295741068180681,35.397284765838016,0.2719344611720337,-0.5811716935016847,0.00015748,0.6012462305045331,0.00081957,1,0.0
12738,0.19960081501817717,0.05969021220204357,-1.54e-06,1.5827871768011013,2.639678061348063,76.18277687563183,1.0052136313683062,24.862268934893336,0.12067054082980143,-58.068345134994125,-1.1573229341274334,-21.160933905812573,0.6295741068180681,-13.727344278795043,0.2719344611720337,0.29093718427612336,0.00015748,1.8025501370705102,0.00081957,0,0.0
12739,1.475008583452278,1.1008611514421218,-1.54e-06,1.5827871768011013,2.639678061348063,63.68129067780753,1.0052136313683062,21.160815982752524,0.12067054082980143,-29.863071156696464,-1.1573229341274334,-76.69448120660667,0.6295741068180681,9.540498962649586,0.2719344611720337,0.284875627400491,0.00015748,2.0761418606746385,0.00081957,0,0.0
12740,1.6116704160305533,0.60375064247947,-1.54e-06,1.5827871768011013,2.639678061348063,-52.618358982221224,1.0052136313683062,8.49851144434169,0.12067054082980143,-50.163324361910554,-1.1573229341274334,-15.803684262242461,0.6295741068180681,81.76066164239116,0.2719344611720337,-0.29515163775066455,0.00015748,0.2951325022192147,0.00081957,1,0.0
12741,0.0003219992555189011,0.09016397376063497,-1.54e-06,1.5827871768011013,2.639678061348063,-3.6866634457159875,1.0052136313683062,7.98021096186398,0.12067054082980143,-69.93882744060437,-1.1573229341274334,78.10288570415382,0.6295741068180681,23.27297846438115,0.2719344611720337,0.3753427451512363,0.00015748,1.0980819993632822,0.00081957,0,0.0
12742,-0.0008332604398129106,0.30950153409022296,-1.54e-06,1.5827871768011013,2.639678061348063,96.66577342973503,1.0052136313683062,23.375946849228832,0.12067054082980143,-54.64566153256848,-1.1573229341274334,9.228218808790603,0.6295741068180681,-36.34624423272096,0.2719344611720337,1.3492487926633516,0.00015748,1.9446720724301696,0.00081957,0,0.0
12743,0.49035119267517313,0.09569362992886442,-1.54e-06,1.5827871768011013,2.639678061348063,32.810252986337254,1.0052136313683062,24.487014321145512,0.12067054082980143,-94.95301558381858,-1.1573229341274334,17.844094404127283,0.6295741068180681,29.212214877433002,0.2719344611720337,0.3030679883648636,0.00015748,1.5204923510474901,0.00081957,0,0.0
12744,-0.08217016674891398,0.9574872839714198,-1.54e-06,1.5827871768011013,2.639678061348063,-9.022292116289426,1.0052136313683062,-4.300295049266085,0.12067054082980143,-6.731456895967233,-1.1573229341274334,44.071135494723485,0.6295741068180681,0.7984758513911832,0.2719344611720337,-0.2338748209182957,0.00015748,0.8777520359914617,0.00081957,1,0.0
12745,0.0008123628080198841,0.11400231256359808,-1.54e-06,1.5827871768011013,2.639678061348063,32.56866947625453,1.0052136313683062,17.971487299137173,0.12067054082980143,-88.71864705462745,-1.1573229341274334,63.71055843277707,0.6295741068180681,12.061260336018126,0.2719344611720337,1.073449937734213,0.00015748,1.1861957016100875,0.00081957,0,0.0
12746,0.6592523472827638,3.1241016648417945,-1.54e-06,1.5827871768011013,2.639678061348063,72.96884382051739,1.0052136313683062,1.3608851201142684,0.12067054082980143,-43.331846978155916,-1.1573229341274334,30.541019980432544,0.6295741068180681,-3.382328956065218,0.2719344611720337,0.3044067675863471,0.00015748,3.5938339797091574,0.00081957,0,0.0
12747,1.9396493758620754,1.1130285928242454,-1.54e-06,1.5827871768011013,2.639678061348063,-21.227735072411818,1.0052136313683062,18.975935830004097,0.12067054082980143,-68.9189506276738,-1.1573229341274334,-23.44270263141992,0.6295741068180681,74.99754106463243,0.2719344611720337,0.3087635807429275,0.00015748,1.0155518053322479,0.00081957,0,0.0
12748,0.0002516068349502909,0.033059189828546165,-1.54e-06,1.5827871768011013,2.639678061348063,23.490873612712218,1.0052136313683062,6.493943991619827,0.12067054082980143,-22.01712410305048,-1.1573229341274334,12.680222876488555,0.6295741068180681,-6.118846206963122,0.2719344611720337,0.4579659229477373,0.00015748,0.5582714727649576,0.00081957,0,0.0
12749,2.2440034807758074,1.4115276111975845,-1.54e-06,1.5827871768011013,2.639678061348063,-12.895067637381324,1.0052136313683062,26.217928379125635,0.12067054082980143,-89.04728126272346,-1.1573229341274334,-32.69380223872568,0.6295741068180681,84.67987523836182,0.2719344611720337,0.29587865606511465,0.00015748,1.448766580316629,0.00081957,0,0.0
12750,0.00010757021364038444,0.3631706914959405,-1.54e-06,1.5827871768011013,2.639678061348063,48.638194205590594,1.0052136313683062,10.052399773932702,0.12067054082980143,-31.494826370204922,-1.1573229341274334,38.15443151406151,0.6295741068180681,-22.918869769291074,0.2719344611720337,0.8404454301460528,0.00015748,1.6645951812366047,0.00081957,0,0.0
12751,-0.014660560356381525,0.7403011335701709,-1.54e-06,1.5827871768011013,2.639678061348063,51.3461051695883,1.0052136313683062,4.755328475552238,0.12067054082980143,-16.644804455811805,-1.1573229341274334,52.072482579117136,0.6295741068180681,-33.543686956540895,0.2719344611720337,0.659323298330369,0.00015748,2.348285246809374,0.00081957,0,0.0
12752,1.2338543046751793,0.6801155742767834,-1.54e-06,1.5827871768011013,2.639678061348063,99.92318903871252,1.0052136313683062,38.452336839015324,0.12067054082980143,-56.02514386625078,-1.1573229341274334,-89.8720912431953,0.6295741068180681,-8.693574793828507,0.2719344611720337,0.28049711347683326,0.00015748,2.561305669451298,0.00081957,0,0.0
12753,0.0002467467888916386,0.12537034040103326,-1.54e-06,1.5827871768011013,2.639678061348063,39.692808165484166,1.0052136313683062,5.489543710151147,0.12067054082980143,-5.333549494407955,-1.1573229341274334,4.999112343454402,0.6295741068180681,-23.48000457945021,0.2719344611720337,0.5341475152459612,0.00015748,0.9483694346445444,0.00081957,0,0.0
12754,0.9833482854698183,0.21538623086807068,-1.54e-06,1.5827871768011013,2.639678061348063,-30.73797797953763,1.0052136313683062,2.5775240150895096,0.12067054082980143,-15.218390958818402,-1.1573229341274334,-15.085849488992979,0.6295741068180681,42.094021515612006,0.2719344611720337,-0.05331065013038409,0.00015748,0.05344306718165657,0.00081957,1,0.0
12755,0.28352214280227417,0.053729138279974345,-1.54e-06,1.5827871768011013,2.639678061348063,16.91468065102617,1.0052136313683062,14.398771127767859,0.12067054082980143,-61.38953452392168,-1.1573229341274334,21.3159560537041,0.6295741068180681,19.3991942988352,0.2719344611720337,0.3489639485264712,0.00015748,0.8796961856463101,0.00081957,0,0.0
12756,1.2019654508179074,0.3217301987978885,-1.54e-06,1.5827871768011013,2.639678061348063,-44.74489095597493,1.0052136313683062,6.4619763890691155,0.12067054082980143,-45.87983371049581,-1.1573229341274334,-2.299455336351494,0.6295741068180681,67.2911365291499,0.2719344611720337,-0.2082454506712087,0.00015748,0.20760218710227663,0.00081957,1,0.0
12757,1.2656888860249424,0.631155776411593,-1.54e-06,1.5827871768011013,2.639678061348063,68.7730926069772,1.0052136313683062,30.54593176021573,0.12067054082980143,-52.05879553797887,-1.1573229341274334,-69.50696092470982,0.6295741068180681,7.644278323916071,0.2719344611720337,0.28521505047805873,0.00015748,2.047153310329294,0.00081957,0,0.0
12758,1.5708936657979966,0.568663133724078,-1.54e-06,1.5827871768011013,2.639678061348063,-59.0981448517275,1.0052136313683062,9.447687815405605,0.12067054082980143,-64.39743256415146,-1.1573229341274334,-1.2948430696224884,0.6295741068180681,89.95265327736604,0.2719344611720337,-0.31076119089229626,0.00015748,0.30983843307195547,0.00081957,1,0.0
12759,0.1556150156009476,0.026527208612921155,-1.54e-06,1.5827871768011013,2.639678061348063,-33.44829936811186,1.0052136313683062,3.2061014933588714,0.12067054082980143,-59.19523109944788,-1.1573229341274334,50.16235334460873,0.6295741068180681,45.77337641882863,0.2719344611720337,-0.07612249275178629,0.00015748,0.07622108227771612,0.00081957,1,0.0
12760,0.9385815490157063,0.4130316642373447,-1.54e-06,1.5827871768011013,2.639678061348063,54.68769472572007,1.0052136313683062,20.233124039013592,0.12067054082980143,-26.858356824160733,-1.1573229341274334,-56.5734320470372,0.6295741068180681,-0.7918478505777491,0.2719344611720337,0.2988447836581347,0.00015748,1.4887167908569041,0.00081957,0,0.0
12761,0.879605055603031,0.16678661599309172,-1.54e-06,1.5827871768011013,2.639678061348063,-30.829429633664297,1.0052136313683062,3.087838442833409,0.12067054082980143,-23.358296941192357,-1.1573229341274334,-6.603212086142647,0.6295741068180681,43.85047577833232,0.2719344611720337,-0.08302039598339381,0.00015748,0.08197163220601442,0.00081957,1,0.0
12762,0.008039164011403033,0.044823076788276295,-1.54e-06,1.5827871768011013,2.639678061348063,97.4099074631707,1.0052136313683062,22.749551403897144,0.12067054082980143,-26.748278493146003,-1.1573229341274334,-45.22181038743256,0.6295741068180681,-41.44559738190775,0.2719344611720337,0.2911849480471812,0.00015748,1.8106275206590978,0.00081957,0,0.0
12763,-0.4088389954584676,1.6502422720070473,-1.54e-06,1.5827871768011013,2.639678061348063,83.44199879393177,1.0052136313683062,7.081607968010805,0.12067054082980143,-24.20300356914498,-1.1573229341274334,75.3660344763903,0.6295741068180681,-58.69170855366586,0.2719344611720337,0.9801474666803602,0.00015748,3.0745587291212355,0.00081957,0,0.0
12764,0.15707441067005812,0.027482561655017616,-1.54e-06,1.5827871768011013,2.639678061348063,-12.91424341714812,1.0052136313683062,10.773145922823083,0.12067054082980143,-86.59946709860058,-1.1573229341274334,68.36130489511184,0.6295741068180681,42.35565707426204,0.2719344611720337,0.4218991359800187,0.00015748,0.6142557952634263,0.00081957,0,0.0
12765,0.7844597106924964,0.35888345370192126,-1.54e-06,1.5827871768011013,2.639678061348063,-1.9489310633363828,1.0052136313683062,7.5214453899225875,0.12067054082980143,-5.11989308181553,-1.1573229341274334,-44.27292248498641,0.6295741068180681,19.859718933558923,0.2719344611720337,-0.35898818742412036,0.00015748,0.37665339826741034,0.00081957,1,0.0
12766,2.140710573654361,1.3688379214494735,-1.54e-06,1.5827871768011013,2.639678061348063,39.39210622812129,1.0052136313683062,38.29794913147887,0.12067054082980143,-97.85090569410016,-1.1573229341274334,-62.5837841201669,0.6295741068180681,58.407917356603875,0.2719344611720337,0.28006836375058963,0.00015748,2.3218590554525758,0.00081957,0,0.0
12767,0.0030990180511683008,0.011646418808599594,-1.54e-06,1.5827871768011013,2.639678061348063,4.652254703555424,1.0052136313683062,9.618673136792562,0.12067054082980143,-62.52054421258816,-1.1573229341274334,47.59624100959891,0.6295741068180681,20.429506850193018,0.2719344611720337,0.4400671656013276,0.00015748,0.5787618887567326,0.00081957,0,0.0
12768,1.1667867749004708,0.6199839793593548,-1.54e-06,1.5827871768011013,2.639678061348063,77.6925199706554,1.0052136313683062,31.674157744878293,0.12067054082980143,-41.66388698492418,-1.1573229341274334,-78.89542220684756,0.6295741068180681,-4.805952497946137,0.2719344611720337,0.2895691609064922,0.00015748,2.0410798574926985,0.00081957,0,0.0
12769,0.05107657002639643,0.22489593481270354,-1.54e-06,1.5827871768011013,2.639678061348063,96.84312541002514,1.0052136313683062,25.496379216195987,0.12067054082980143,-13.971536128925706,-1.1573229341274334,-58.41557682786676,0.6295741068180681,-49.94518873253744,0.2719344611720337,0.2995854215272875,0.00015748,1.6484942631842567,0.00081957,0,0.0
12770,-0.005787301595943095,0.48926209106534513,-1.54e-06,1.5827871768011013,2.639678061348063,99.69680983476664,1.0052136313683062,17.404771781872007,0.12067054082980143,-19.796353574236182,-1.1573229341274334,-2.744046761436742,0.6295741068180681,-54.054657214444155,0.2719344611720337,1.3937407213041086,0.00015748,1.899353323439116,0.00081957,0,0.0
12771,0.5108484661286958,0.1476836026728638,-1.54e-06,1.5827871768011013,2.639678061348063,91.2823931960488,1.0052136313683062,37.12250144806616,0.12067054082980143,-97.69685760313327,-1.1573229341274334,-25.115650546050027,0.6295741068180681,0.1383093538785227,0.2719344611720337,0.28062471983423687,0.00015748,2.5068125071406895,0.00081957,0,0.0
12772,1.1023588775792363,0.24667633737550984,-1.54e-06,1.5827871768011013,2.639678061348063,-56.20963096064489,1.0052136313683062,3.805508392121775,0.12067054082980143,-54.70652281303395,-1.1573229341274334,21.815587980677687,0.6295741068180681,74.49801330814759,0.2719344611720337,-0.06227560829730442,0.00015748,0.06142870188429043,0.00081957,1,0.0
12773,-0.00038685569954433063,0.5756409034065244,-1.54e-06,1.5827871768011013,2.639678061348063,98.93105801401349,1.0052136313683062,27.098060462015823,0.12067054082980143,-92.26944118751632,-1.1573229341274334,52.630168196845204,0.6295741068180681,-25.60810750018758,0.2719344611720337,1.8962218495774557,0.00015748,2.3609870888981743,0.00081957,0,0.0
12774,0.001707728512194473,0.010698749289674962,-1.54e-06,1.5827871768011013,2.639678061348063,31.49656833691964,1.0052136313683062,18.257135078914242,0.12067054082980143,-82.48438144775912,-1.1573229341274334,38.14072439567837,0.6295741068180681,14.92182142742541,0.2719344611720337,0.4143295222481738,0.00015748,1.1792459175629102,0.00081957,0,0.0
12775,0.686664172062053,4.309668974529912,-1.54e-06,1.5827871768011013,2.639678061348063,4.398609709324781,1.0052136313683062,32.39511811240406,0.12067054082980143,-82.82664652492554,-1.1573229341274334,-22.66009369006703,0.6295741068180681,38.70751465537629,0.2719344611720337,-1.174214492028593,0.00015748,1.4875494725040141,0.00081957,1,0.0
12776,-2.563646295039579e-05,0.025596817030603385,-1.54e-06,1.5827871768011013,2.639678061348063,36.33046002710185,1.0052136313683062,9.382775106740414,0.12067054082980143,-21.117000071830166,-1.1573229341274334,-1.0258273391865151,0.6295741068180681,-12.621288136356329,0.2719344611720337,0.38152955408507316,0.00015748,0.738479078267573,0.00081957,0,0.0
12777,0.590996804409751,0.0696159513689063,-1.54e-06,1.5827871768011013,2.639678061348063,-32.26541361645235,1.0052136313683062,3.331589592244175,0.12067054082980143,-38.7991420212361,-1.1573229341274334,16.828944824721994,0.6295741068180681,45.226501835210115,0.2719344611720337,-0.08322146542494559,0.00015748,0.08372937251567182,0.00081957,1,0.0
12778,1.3826207977262293,0.7300485690967105,-1.54e-06,1.5827871768011013,2.639678061348063,51.88786280467663,1.0052136313683062,25.781707162531642,0.12067054082980143,-36.22158264463654,-1.1573229341274334,-71.76724170479288,0.6295741068180681,11.80916545903508,0.2719344611720337,0.2941938451585496,0.00015748,1.6742155966143581,0.00081957,0,0.0
12779,0.07459749400496951,0.01334243221249493,-1.54e-06,1.5827871768011013,2.639678061348063,-3.355418910363754,1.0052136313683062,11.456184370995157,0.12067054082980143,-80.31369851120544,-1.1573229341274334,59.64350645505578,0.6295741068180681,33.35734786168678,0.2719344611720337,0.40656433030089545,0.00015748,0.6490648039597768,0.00081957,0,0.0
12780,0.1798465861720162,0.05530402306569803,-1.54e-06,1.5827871768011013,2.639678061348063,77.37788845531583,1.0052136313683062,27.68181960030899,0.12067054082980143,-69.31252104823335,-1.1573229341274334,-15.880840312602812,0.6295741068180681,-10.891111246313208,0.2719344611720337,0.2902661386769657,0.00015748,1.8935688803575728,0.00081957,0,0.0
12781,0.1781933161104221,0.1972541503444314,-1.54e-06,1.5827871768011013,2.639678061348063,11.864935905220449,1.0052136313683062,9.970061117896185,0.12067054082980143,-37.09843198365728,-1.1573229341274334,29.899015756953332,0.6295741068180681,4.469891560820264,0.2719344611720337,0.3226515708867458,0.00015748,0.9642066265902925,0.00081957,0,0.0
12782,0.11888218047498939,0.08626366278315845,-1.54e-06,1.5827871768011013,2.639678061348063,-16.666593623328467,1.0052136313683062,-2.909904968777708,0.12067054082980143,-6.2324002994328085,-1.1573229341274334,17.187037472822528,0.6295741068180681,13.197687460828591,0.2719344611720337,-0.18542783574726449,0.00015748,0.18475821671775725,0.00081957,1,0.0
12783,0.06318956528706221,0.029127825947835088,-1.54e-06,1.5827871768011013,2.639678061348063,-10.13013840004863,1.0052136313683062,11.823868054926075,0.12067054082980143,-99.718036022889,-1.1573229341274334,76.17937699838147,0.6295741068180681,46.23353654785604,0.2719344611720337,0.39590033884361364,0.00015748,0.6943096068335609,0.00081957,0,0.0
12784,-0.04718436302642215,1.653503347468263,-1.54e-06,1.5827871768011013,2.639678061348063,44.23912185462853,1.0052136313683062,-3.6883953367808497,0.12067054082980143,-4.027725265552145,-1.1573229341274334,92.73818218635981,0.6295741068180681,-41.880352431623045,0.2719344611720337,0.27273202825863696,0.00015748,3.5433915829030234,0.00081957,0,0.0
12785,0.028742828288071343,0.027708694237227896,-1.54e-06,1.5827871768011013,2.639678061348063,-16.88468121996736,1.0052136313683062,2.951419156636387,0.12067054082980143,-38.37564042413177,-1.1573229341274334,30.43358505169489,0.6295741068180681,25.840936136658357,0.2719344611720337,-0.09498405456074274,0.00015748,0.09805362853336644,0.00081957,1,0.0
12786,-2.0343289939273035e-05,0.02060154896174846,-1.54e-06,1.5827871768011013,2.639678061348063,35.37221820838457,1.0052136313683062,11.101405437136037,0.12067054082980143,-30.84122251937242,-1.1573229341274334,4.15854180481944,0.6295741068180681,-8.2497165375914,0.2719344611720337,0.3680646587110512,0.00015748,0.7969991161837646,0.00081957,0,0.0
12787,1.0331727710001877,1.9579818229034962,-1.54e-06,1.5827871768011013,2.639678061348063,51.9244036867252,1.0052136313683062,4.906626469115328,0.12067054082980143,-23.718106969900994,-1.1573229341274334,-13.511716912417276,0.6295741068180681,5.628068161037693,0.2719344611720337,0.30502482479371706,0.00015748,2.512664629937193,0.00081957,0,0.0
12788,2.4497614857033034,8.672390055161125,-1.54e-06,1.5827871768011013,2.639678061348063,3.6812908155828574,1.0052136313683062,-5.798282348116417,0.12067054082980143,-54.46953134359259,-1.1573229341274334,46.560416575485526,0.6295741068180681,68.71633217667647,0.2719344611720337,0.2672450320248294,0.00015748,4.34771470896713,0.00081957,0,0.0
12789,1.8019989867575346,0.751052221031646,-1.54e-06,1.5827871768011013,2.639678061348063,-50.03805629836966,1.0052136313683062,4.196737889022169,0.12067054082980143,-15.33113525253223,-1.1573229341274334,-39.17423082853561,0.6295741068180681,68.36495779557741,0.2719344611720337,-0.08398636300710316,0.00015748,0.08696916149309064,0.00081957,1,0.0
12790,-0.0023180530653601483,0.5976270577033796,-1.54e-06,1.5827871768011013,2.639678061348063,62.62340946716562,1.0052136313683062,21.31132978314599,0.12067054082980143,-71.83507590501773,-1.1573229341274334,61.76421857418463,0.6295741068180681,-19.28320261451903,0.2719344611720337,1.2733795029614279,0.00015748,2.126664427380997,0.00081957,0,0.0
12791,0.0018547263897239485,0.0796895228886538,-1.54e-06,1.5827871768011013,2.639678061348063,52.44026220076125,1.0052136313683062,20.61558477297203,0.12067054082980143,-79.62359042506803,-1.1573229341274334,36.099276331350076,0.6295741068180681,0.170659299759951,0.2719344611720337,0.8503535430136941,0.00015748,1.4425459629112694,0.00081957,0,0.0
12792,-0.003650007676716971,0.5037207217219222,-1.54e-06,1.5827871768011013,2.639678061348063,90.57864989374139,1.0052136313683062,21.91749382447295,0.12067054082980143,-64.0198459037588,-1.1573229341274334,35.71758208160738,0.6295741068180681,-32.132595662276984,0.2719344611720337,1.6406726372642486,0.00015748,2.0584566495584795,0.00081957,0,0.0
12793,0.005420924278899619,0.01814035268589957,-1.54e-06,1.5827871768011013,2.639678061348063,2.22651545408079,1.0052136313683062,8.287995519052453,0.12067054082980143,-58.932667112925834,-1.1573229341274334,49.64756225084144,0.6295741068180681,19.900219824785058,0.2719344611720337,0.4584110191345671,0.00015748,0.5526130002979791,0.00081957,0,0.0
12794,5.137757429474199e-05,0.13710601616534818,-1.54e-06,1.5827871768011013,2.639678061348063,61.017827938978655,1.0052136313683062,13.310174863873776,0.12067054082980143,-28.958447566021984,-1.1573229341274334,4.418253911531522,0.6295741068180681,-25.03653713390776,0.2719344611720337,0.8436284600326911,0.00015748,1.2278612615568953,0.00081957,0,0.0
12795,0.7169509252991266,0.186668895814895,-1.54e-06,1.5827871768011013,2.639678061348063,-16.788100522263157,1.0052136313683062,13.367497760090115,0.12067054082980143,-82.97567329704823,-1.1573229341274334,40.33298518068551,0.6295741068180681,54.46125204251537,0.2719344611720337,0.3751475147893796,0.00015748,0.7142029675158831,0.00081957,0,0.0
12796,0.9262686643680644,0.3761769962245974,-1.54e-06,1.5827871768011013,2.639678061348063,83.26922311632795,1.0052136313683062,34.89174331460188,0.12067054082980143,-74.79395231901664,-1.1573229341274334,-51.679325544345474,0.6295741068180681,2.766955512625106,0.2719344611720337,0.2815648629157552,0.00015748,2.3425655626057678,0.00081957,0,0.0
12797,0.16633601632031925,0.10760325107625585,-1.54e-06,1.5827871768011013,2.639678061348063,5.128074423958769,1.0052136313683062,7.278162099639674,0.12067054082980143,-59.830992734459535,-1.1573229341274334,43.04267500547045,0.6295741068180681,24.64336867885699,0.2719344611720337,0.36744738493824625,0.00015748,0.7884499487415728,0.00081957,0,0.0
12798,2.5054320146211673e-05,0.7712473975599338,-1.54e-06,1.5827871768011013,2.639678061348063,66.76465577794914,1.0052136313683062,10.478933021717522,0.12067054082980143,-35.51675887071917,-1.1573229341274334,53.744911978034914,0.6295741068180681,-33.76990955181907,0.2719344611720337,1.057361639121011,0.00015748,2.4405578659507223,0.00081957,0,0.0
12799,1.6697697762352675,0.9653406233271964,-1.54e-06,1.5827871768011013,2.639678061348063,0.8081649803863347,1.0052136313683062,15.602660848678882,0.12067054082980143,-29.394338080158175,-1.1573229341274334,-50.74668209433319,0.6295741068180681,41.911330667823435,0.2719344611720337,0.29638322185706845,0.00015748,0.9098269526828658,0.00081957,0,0.0
12800,0.3280944075647326,0.09879610483949465,-1.54e-06,1.6458958588694845,2.9575606284736997,45.06004272213849,1.0052136313683062,14.634551430136915,0.12067054082980143,-34.39000550647127,-1.1573229341274334,-11.365099464503439,0.6295741068180681,-3.5386423353399032,0.2719344611720337,0.3795888828414283,0.00015748,0.733319295592068,0.00081957,0,0.0
12801,-0.8518483881744218,7.656749313887671,-1.54e-06,1.6458958588694845,2.9575606284736997,-52.65426326912781,1.0052136313683062,13.940339718710437,0.12067054082980143,-49.593878239215705,-1.1573229341274334,84.85870364624654,0.6295741068180681,5.901623140914648,0.2719344611720337,-1.8097813092255248,0.00015748,0.7135711065046818,0.00081957,1,0.0
12802,0.08825864855924101,0.03381678232998853,-1.54e-06,1.6458958588694845,2.9575606284736997,-9.305869071448901,1.0052136313683062,4.284958314294564,0.12067054082980143,-29.148572892568883,-1.1573229341274334,11.352600715083677,0.6295741068180681,19.541071175113256,0.2719344611720337,-0.12684262939889127,0.00015748,0.1263908068780454,0.00081957,1,0.0
12803,0.0005123073898376518,0.017580295139914368,-1.54e-06,1.6458958588694845,2.9575606284736997,42.13404171341577,1.0052136313683062,16.616966023113235,0.12067054082980143,-69.14451851242356,-1.1573229341274334,35.754913368458936,0.6295741068180681,3.072886296280032,0.2719344611720337,0.36893076410698733,0.00015748,0.7746429266963669,0.00081957,0,0.0
12804,0.0002982331820773343,0.32487316765601326,-1.54e-06,1.6458958588694845,2.9575606284736997,90.18607739787923,1.0052136313683062,22.037572012964464,0.12067054082980143,-88.37276852487098,-1.1573229341274334,82.5301128506042,0.6295741068180681,-22.820186997976673,0.2719344611720337,1.1641095900289786,0.00015748,1.4985041841966888,0.00081957,0,0.0
12805,0.021334234367511584,0.03729288846588857,-1.54e-06,1.6458958588694845,2.9575606284736997,57.8535682635656,1.0052136313683062,13.382911711029866,0.12067054082980143,-26.584962477644382,-1.1573229341274334,-4.063635386432982,0.6295741068180681,-21.38477340292063,0.2719344611720337,0.38982435512092006,0.00015748,0.6989129444423084,0.00081957,0,0.0
12806,1.1661576244335206,0.4723070158409259,-1.54e-06,1.6458958588694845,2.9575606284736997,48.01376426337491,1.0052136313683062,25.16186008654241,0.12067054082980143,-36.28892759472217,-1.1573229341274334,-79.03658940335583,0.6295741068180681,16.856219288084485,0.2719344611720337,0.3245028846921927,0.00015748,1.0803698828624353,0.00081957,0,0.0
12807,0.3162820411793199,0.0742293815228388,-1.54e-06,1.6458958588694845,2.9575606284736997,19.667501505930282,1.0052136313683062,15.788293368067269,0.12067054082980143,-72.68916323725377,-1.1573229341274334,34.65183867059096,0.6295741068180681,23.289730802259797,0.2719344611720337,0.39756228445126907,0.00015748,0.6772819233463981,0.00081957,0,0.0
12808,1.0266955174143737,1.0122466239386836,-1.54e-06,1.6458958588694845,2.9575606284736997,45.358833137994466,1.0052136313683062,17.053888791548356,0.12067054082980143,-97.86547165570047,-1.1573229341274334,12.537757140928695,0.6295741068180681,48.160863902816075,0.2719344611720337,0.2964839353731582,0.00015748,1.8120498401754799,0.00081957,0,0.0
12809,0.8016452709443175,0.3342210980696516,-1.54e-06,1.6458958588694845,2.9575606284736997,-3.0985839387978436,1.0052136313683062,10.78415884938478,0.12067054082980143,-9.27052723892668,-1.1573229341274334,-75.35986275832425,0.6295741068180681,29.558250966782534,0.2719344611720337,-0.37750608129460517,0.00015748,0.37770750126023644,0.00081957,1,0.0
12810,0.3183269910456352,0.031594697504665495,-1.54e-06,1.6458958588694845,2.9575606284736997,-64.05906992566162,1.0052136313683062,3.1988302825375117,0.12067054082980143,-88.48464999294502,-1.1573229341274334,87.32104297203179,0.6295741068180681,75.23385948429932,0.2719344611720337,-0.060235456263701824,0.00015748,0.06086255493359601,0.00081957,1,0.0
12811,1.2936819287607557,0.5501647949134535,-1.54e-06,1.6458958588694845,2.9575606284736997,29.19942662442234,1.0052136313683062,21.794862383965427,0.12067054082980143,-33.33072920419644,-1.1573229341274334,-73.97969927344494,0.6295741068180681,28.496579933501646,0.2719344611720337,0.33702717042114344,0.00015748,0.9199052615265968,0.00081957,0,0.0
12812,0.9648542337079615,0.37254083341358146,-1.54e-06,1.6458958588694845,2.9575606284736997,82.78622486017245,1.0052136313683062,30.44791664410757,0.12067054082980143,-65.81201740052644,-1.1573229341274334,-68.4039788561268,0.6295741068180681,10.062608183543484,0.2719344611720337,0.29736478191368276,0.00015748,1.5946900213106803,0.00081957,0,0.0
12813,0.001118510341619805,0.17932528381552876,-1.54e-06,1.6458958588694845,2.9575606284736997,55.126335653879295,1.0052136313683062,8.657239567097486,0.12067054082980143,-27.462255489875886,-1.1573229341274334,43.4388831706512,0.6295741068180681,-26.06372949035234,0.2719344611720337,0.5552544569359362,0.00015748,1.0492317831787474,0.00081957,0,0.0
12814,0.6154940105732257,0.1111023302157012,-1.54e-06,1.6458958588694845,2.9575606284736997,-39.38584829121298,1.0052136313683062,-0.6663220484647249,0.12067054082980143,-14.470175625854699,-1.1573229341274334,3.144577529428486,0.6295741068180681,40.54943247656545,0.2719344611720337,-0.10129404109051328,0.00015748,0.10139672130725615,0.00081957,1,0.0
12815,0.7840047357934989,1.2350131935879993,-1.54e-06,1.6458958588694845,2.9575606284736997,-52.15172296234495,1.0052136313683062,-4.843746608125113,0.12067054082980143,-64.0573817859939,-1.1573229341274334,94.9417921589506,0.6295741068180681,68.55418110568372,0.2719344611720337,-0.04911534086636127,0.00015748,1.018920913577508,0.00081957,1,0.0
12816,0.0058992353395829755,0.01529396969756236,-1.54e-06,1.6458958588694845,2.9575606284736997,-22.719413737959837,1.0052136313683062,-0.6907328387267191,0.12067054082980143,-28.2517857150367,-1.1573229341274334,41.29818636299468,0.6295741068180681,21.918263749142422,0.2719344611720337,-0.08013730493830724,0.00015748,0.08040746728556926,0.00081957,1,0.0
12817,0.4480179853337979,0.14839853146653473,-1.54e-06,1.6458958588694845,2.9575606284736997,32.04004888618636,1.0052136313683062,12.90043344936824,0.12067054082980143,-29.73641523947999,-1.1573229341274334,-11.183335091769289,0.6295741068180681,3.288803828217237,0.2719344611720337,0.41761385594933076,0.00015748,0.6027352529955385,0.00081957,0,0.0
12818,0.6877372048974095,0.14130112167979406,-1.54e-06,1.6458958588694845,2.9575606284736997,-27.925616320500414,1.0052136313683062,7.846186223070178,0.12067054082980143,-37.37772429338483,-1.1573229341274334,-18.266518005142814,0.6295741068180681,48.78692380488062,0.2719344611720337,-0.22306951667746397,0.00015748,0.22463779591673758,0.00081957,1,0.0
12819,-0.0005574233760532454,1.332684227286828,-1.54e-06,1.6458958588694845,2.9575606284736997,42.50090001586048,1.0052136313683062,-9.398000322181373,0.12067054082980143,-2.8783503969566997,-1.1573229341274334,90.07606106692603,0.6295741068180681,-28.30779119573249,0.2719344611720337,0.0901477281781412,0.00015748,1.8616069988600814,0.00081957,0,0.0
12820,0.9717475412545996,0.3113854898851141,-1.54e-06,1.6458958588694845,2.9575606284736997,-27.649214422759453,1.0052136313683062,11.7290086008378,0.12067054082980143,-35.17527990880846,-1.1573229341274334,-48.68897516781696,0.6295741068180681,55.40585898526843,0.2719344611720337,-0.3386422779392251,0.00015748,0.33850422799730184,0.00081957,1,0.0
12821,1.5338164538497439,0.4472878395244168,-1.54e-06,1.6458958588694845,2.9575606284736997,-55.07628526298743,1.0052136313683062,10.01647488658131,0.12067054082980143,-32.319212220010606,-1.1573229341274334,-62.377916713539484,0.6295741068180681,82.10927447398915,0.2719344611720337,-0.24257448785912494,0.00015748,0.24331864245410872,0.00081957,1,0.0
12822,0.0656945370306028,0.022328478677607903,-1.54e-06,1.6458958588694845,2.9575606284736997,32.330898067415156,1.0052136313683062,17.54715748568791,0.12067054082980143,-81.1255804402843,-1.1573229341274334,46.2367319937503,0.6295741068180681,13.925868876519328,0.2719344611720337,0.37159393729157786,0.00015748,0.7634674778856275,0.00081957,0,0.0
12823,1.8763699227708486e-05,0.03874900311840285,-1.54e-06,1.6458958588694845,2.9575606284736997,59.16025851372675,1.0052136313683062,20.29826997289332,0.12067054082980143,-80.14604169252289,-1.1573229341274334,40.04809123281655,0.6295741068180681,-2.04949387908917,0.2719344611720337,0.5159062554349734,0.00015748,0.9986573141833706,0.00081957,0,0.0
12824,0.17491462876555874,0.04897155116361451,-1.54e-06,1.6458958588694845,2.9575606284736997,79.11222769661225,1.0052136313683062,25.332146613098736,0.12067054082980143,-69.39654212609663,-1.1573229341274334,-8.996508452091655,0.6295741068180681,-9.546418373483816,0.2719344611720337,0.31554431659609944,0.00015748,1.2354385031695025,0.00081957,0,0.0
12825,0.6461296385288615,0.08002281647388373,-1.54e-06,1.6458958588694845,2.9575606284736997,-20.912251789610423,1.0052136313683062,3.804264195265249,0.12067054082980143,-8.811398001192773,-1.1573229341274334,-30.814245534023016,0.6295741068180681,31.622631566525673,0.2719344611720337,-0.09589661106885679,0.00015748,0.09621906951157906,0.00081957,1,0.0
12826,0.0002909593627133944,0.03065936230518803,-1.54e-06,1.6458958588694845,2.9575606284736997,69.14241644835283,1.0052136313683062,19.93428723679419,0.12067054082980143,-59.89765133809668,-1.1573229341274334,11.656000210411754,0.6295741068180681,-14.065427035063959,0.2719344611720337,0.40877734193631915,0.00015748,0.9988166638155269,0.00081957,0,0.0
12827,-0.0009697980681949714,0.1953725985632853,-1.54e-06,1.6458958588694845,2.9575606284736997,57.57594633743116,1.0052136313683062,10.431898141114957,0.12067054082980143,-62.77678750788975,-1.1573229341274334,56.121568972946,0.6295741068180681,-6.247888066013084,0.2719344611720337,0.502911169972222,0.00015748,1.1955567234684383,0.00081957,0,0.0
12828,1.3901485540855134,0.4094960315037887,-1.54e-06,1.6458958588694845,2.9575606284736997,-77.48069058036789,1.0052136313683062,1.6443334729466579,0.12067054082980143,-33.891439936766034,-1.1573229341274334,-11.091210958173786,0.6295741068180681,88.0075213248968,0.2719344611720337,-0.08227103259280981,0.00015748,0.08155870032277916,0.00081957,1,0.0
12829,1.0423266545193357,0.27601630255089554,-1.54e-06,1.6458958588694845,2.9575606284736997,-30.122373756916762,1.0052136313683062,9.787534173490236,0.12067054082980143,-26.429494030708092,-1.1573229341274334,-53.313860363975465,0.6295741068180681,54.91495987733132,0.2719344611720337,-0.2791352984565561,0.00015748,0.28006687239328204,0.00081957,1,0.0
12830,0.2163114466625696,0.13613302814683592,-1.54e-06,1.6458958588694845,2.9575606284736997,-47.25375706450647,1.0052136313683062,3.7119223636345087,0.12067054082980143,-56.47098959135225,-1.1573229341274334,63.271120790698944,0.6295741068180681,47.20238826584468,0.2719344611720337,-0.2460973976067281,0.00015748,0.2482192915996269,0.00081957,1,0.0
12831,-0.0011416231001045718,0.3963868178046742,-1.54e-06,1.6458958588694845,2.9575606284736997,78.53071299442537,1.0052136313683062,7.58739729489175,0.12067054082980143,-8.577408605214968,-1.1573229341274334,43.690497345006484,0.6295741068180681,-49.55307571173331,0.2719344611720337,0.6132366772073485,0.00015748,1.5122143755876216,0.00081957,0,0.0
12832,-0.0007198892950212588,0.2954483945982158,-1.54e-06,1.6458958588694845,2.9575606284736997,61.52979184768118,1.0052136313683062,7.578882725751949,0.12067054082980143,-21.008947525418012,-1.1573229341274334,53.28634063034729,0.6295741068180681,-34.9754671512533,0.2719344611720337,0.5437019574448888,0.00015748,1.3307266372342421,0.00081957,0,0.0
12833,0.14627567336572883,0.03462402430428571,-1.54e-06,1.6458958588694845,2.9575606284736997,-38.366846893482865,1.0052136313683062,-0.6976977624339743,0.12067054082980143,-42.38229182918392,-1.1573229341274334,54.84488012679218,0.6295741068180681,38.85238278283778,0.2719344611720337,-0.10843378299935508,0.00015748,0.1088130241285798,0.00081957,1,0.0
12834,0.5219151188954179,0.18204083877483113,-1.54e-06,1.6458958588694845,2.9575606284736997,74.42313001958593,1.0052136313683062,18.42520287016969,0.12067054082980143,-14.949501133110898,-1.1573229341274334,-62.268148382407816,0.6295741068180681,-19.42406595713737,0.2719344611720337,0.33200551975652637,0.00015748,1.0254068263271534,0.00081957,0,0.0
12835,1.5530808440736301,0.47208963067829246,-1.54e-06,1.6458958588694845,2.9575606284736997,-58.87314770534873,1.0052136313683062,10.77582293183467,0.12067054082980143,-42.36260638062832,-1.1573229341274334,-56.371318319600654,0.6295741068180681,89.24685289262757,0.2719344611720337,-0.2755818953793276,0.00015748,0.27369881267669577,0.00081957,1,0.0
12836,0.0028283004933251643,0.04000850804039278,-1.54e-06,1.6458958588694845,2.9575606284736997,61.509094740856796,1.0052136313683062,11.783615949759739,0.12067054082980143,-15.14931415785971,-1.1573229341274334,-11.448504472642062,0.6295741068180681,-28.10331184958825,0.2719344611720337,0.39700907739857944,0.00015748,0.6744144275236781,0.00081957,0,0.0
12837,0.22097324749288338,0.07441117372723939,-1.54e-06,1.6458958588694845,2.9575606284736997,71.5002263037479,1.0052136313683062,18.468494392561905,0.12067054082980143,-30.63204840484849,-1.1573229341274334,-29.692603664971326,0.6295741068180681,-20.477860854225256,0.2719344611720337,0.34004915197093216,0.00015748,0.9483851019171314,0.00081957,0,0.0
12838,0.21942502829888844,0.06814768776395878,-1.54e-06,1.6458958588694845,2.9575606284736997,43.074053203803125,1.0052136313683062,14.448513884855734,0.12067054082980143,-40.46744687508061,-1.1573229341274334,2.006159800557414,0.6295741068180681,-3.346234705640474,0.2719344611720337,0.3889292596757882,0.00015748,0.6993501191025636,0.00081957,0,0.0
12839,0.8496992929237059,0.2033822976862732,-1.54e-06,1.6458958588694845,2.9575606284736997,-19.958369169950757,1.0052136313683062,8.31789836000208,0.12067054082980143,-16.88846143453497,-1.1573229341274334,-51.80926870301432,0.6295741068180681,40.89807971033233,0.2719344611720337,-0.25119166282490785,0.00015748,0.2508549064360534,0.00081957,1,0.0
12840,-0.001097850835662273,0.44413114855433034,-1.54e-06,1.6458958588694845,2.9575606284736997,85.21401588955057,1.0052136313683062,16.982146203224275,0.12067054082980143,-66.49466728765678,-1.1573229341274334,86.99963705858501,0.6295741068180681,-31.834645435234044,0.2719344611720337,0.9895256416550584,0.00015748,1.6826180491865106,0.00081957,0,0.0
12841,1.414775311001715,0.3617449317657626,-1.54e-06,1.6458958588694845,2.9575606284736997,-52.191101473308045,1.0052136313683062,6.695261361988426,0.12067054082980143,-19.873285374124197,-1.1573229341274334,-57.088079797020406,0.6295741068180681,71.96324249146674,0.2719344611720337,-0.14056159907145407,0.00015748,0.14103525779565732,0.00081957,1,0.0
12842,0.0001776231672820927,0.0289699061275293,-1.54e-06,1.6458958588694845,2.9575606284736997,89.09416861672321,1.0052136313683062,20.822037302226352,0.12067054082980143,-42.78857073947405,-1.1573229341274334,-19.339325912519094,0.6295741068180681,-29.145847388986844,0.2719344611720337,0.32116209034075466,0.00015748,1.1357141590102597,0.00081957,0,0.0
12843,0.355868624090311,0.09490849063789952,-1.54e-06,1.6458958588694845,2.9575606284736997,-62.47841694526619,1.0052136313683062,-0.9668378332771667,0.12067054082980143,-63.28436355610876,-1.1573229341274334,76.22588853637033,0.6295741068180681,64.35600557810432,0.2719344611720337,-0.1603943808763991,0.00015748,0.16067941429464114,0.00081957,1,0.0
12844,1.0429290943893688,0.3743397060042809,-1.54e-06,1.6458958588694845,2.9575606284736997,31.773697305006458,1.0052136313683062,22.435026602992686,0.12067054082980143,-50.023289374042776,-1.1573229341274334,-46.86233793958025,0.6295741068180681,27.317159848045378,0.2719344611720337,0.33943791056825545,0.00015748,0.9480575149822703,0.00081957,0,0.0
12845,0.6378576116022905,0.10293390528856296,-1.54e-06,1.6458958588694845,2.9575606284736997,-10.383560176669159,1.0052136313683062,4.835466628057908,0.12067054082980143,-0.08751081276701862,-1.1573229341274334,-48.53342364082575,0.6295741068180681,23.38618342854025,0.2719344611720337,-0.15794179317575943,0.00015748,0.1580818309985639,0.00081957,1,0.0
12846,0.2293283972333456,0.012566580188538378,-1.54e-06,1.6458958588694845,2.9575606284736997,-32.210069029402014,1.0052136313683062,3.3474867707642306,0.12067054082980143,-48.56198682821232,-1.1573229341274334,37.54271986918472,0.6295741068180681,41.67208419702093,0.2719344611720337,-0.05790575659752368,0.00015748,0.0583216748785877,0.00081957,1,0.0
12847,0.0014776161108744912,0.28900319132766433,-1.54e-06,1.6458958588694845,2.9575606284736997,84.90109038392832,1.0052136313683062,21.83312081788198,0.12067054082980143,-91.9337473872206,-1.1573229341274334,84.23704017546642,0.6295741068180681,-17.925086724884757,0.2719344611720337,1.133272977416033,0.00015748,1.4357082636686502,0.00081957,0,0.0
12848,1.153960980899473,1.8386858858554098,-1.54e-06,1.6458958588694845,2.9575606284736997,-75.25186460525018,1.0052136313683062,-10.023984103507125,0.12067054082980143,-25.466641992171667,-1.1573229341274334,61.902242955105834,0.6295741068180681,72.06964885752329,0.2719344611720337,-0.32565529016301564,0.00015748,0.9902818243869511,0.00081957,1,0.0
12849,0.001171880120953428,0.2932523725776152,-1.54e-06,1.6458958588694845,2.9575606284736997,82.78551551373013,1.0052136313683062,7.708383730757109,0.12067054082980143,-14.561827144401978,-1.1573229341274334,27.731467650975087,0.6295741068180681,-43.09572814501368,0.2719344611720337,0.6240443940371629,0.00015748,1.3559078005420342,0.00081957,0,0.0
12850,0.018905051963495803,0.04959184730657614,-1.54e-06,1.6458958588694845,2.9575606284736997,-44.925471951338714,1.0052136313683062,-1.0317083898780854,0.12067054082980143,-57.869248473206326,-1.1573229341274334,81.3501692283951,0.6295741068180681,44.64467866395449,0.2719344611720337,-0.13939322100940102,0.00015748,0.13972242967382806,0.00081957,1,0.0
12851,-0.00011291017362680122,0.17535736353921103,-1.54e-06,1.6458958588694845,2.9575606284736997,89.89888620891932,1.0052136313683062,18.059022604701116,0.12067054082980143,-40.60941843926947,-1.1573229341274334,20.019983424579124,0.6295741068180681,-37.67700723804773,0.2719344611720337,0.8957513474542191,0.00015748,1.0870115568413736,0.00081957,0,0.0
12852,0.18635177930193625,0.014342162855189265,-1.54e-06,1.6458958588694845,2.9575606284736997,-35.69329916919363,1.0052136313683062,0.9945025054682795,0.12067054082980143,-44.35002641611569,-1.1573229341274334,46.75568787885091,0.6295741068180681,39.84458668674536,0.2719344611720337,-0.05368961138837297,0.00015748,0.05384373155021405,0.00081957,1,0.0
12853,1.0028663832608604,0.1995914694426157,-1.54e-06,1.6458958588694845,2.9575606284736997,-43.21663309354751,1.0052136313683062,8.168090063071789,0.12067054082980143,-39.37576093342907,-1.1573229341274334,-25.722973052631595,0.6295741068180681,64.7752064309067,0.2719344611720337,-0.1973876399801712,0.00015748,0.19856715756705592,0.00081957,1,0.0
12854,0.5871948580030815,0.1492107939683279,-1.54e-06,1.6458958588694845,2.9575606284736997,35.13831712888404,1.0052136313683062,22.066223267775072,0.12067054082980143,-73.95431447158066,-1.1573229341274334,-0.6321926117303596,0.6295741068180681,23.641392088079385,0.2719344611720337,0.33994537762592475,0.00015748,0.9513177468148435,0.00081957,0,0.0
12855,0.3824685194611196,0.03315071030620076,-1.54e-06,1.6458958588694845,2.9575606284736997,-58.73044154730869,1.0052136313683062,5.2969342465699745,0.12067054082980143,-86.77539561969104,-1.1573229341274334,71.79821664917503,0.6295741068180681,74.12072147929675,0.2719344611720337,-0.08377576017521245,0.00015748,0.08470209038237143,0.00081957,1,0.0
12856,0.6040728982330794,0.06633816668372525,-1.54e-06,1.6458958588694845,2.9575606284736997,-69.59367446471936,1.0052136313683062,3.877293945186921,0.12067054082980143,-81.2487670607644,-1.1573229341274334,65.63408834048391,0.6295741068180681,82.49620440434016,0.2719344611720337,-0.06528371157479936,0.00015748,0.06709013199357373,0.00081957,1,0.0
12857,-0.0003566098215728175,0.1294121570533213,-1.54e-06,1.6458958588694845,2.9575606284736997,62.3371382246443,1.0052136313683062,14.127805749873858,0.12067054082980143,-47.56440701592061,-1.1573229341274334,40.68917979062027,0.6295741068180681,-20.387737454932516,0.2719344611720337,0.7441629019935333,0.00015748,0.9226096798194307,0.00081957,0,0.0
12858,0.0005989272383080113,0.044855016067338646,-1.54e-06,1.6458958588694845,2.9575606284736997,16.590077461808267,1.0052136313683062,8.832876219458333,0.12067054082980143,-60.533820038361284,-1.1573229341274334,65.98080590266638,0.6295741068180681,10.162248732314044,0.2719344611720337,0.42835421715140604,0.00015748,0.598948790168126,0.00081957,0,0.0
12859,0.6232562938193129,0.2306942087034582,-1.54e-06,1.6458958588694845,2.9575606284736997,72.13785235833947,1.0052136313683062,24.48300879254712,0.12067054082980143,-28.270290119050788,-1.1573229341274334,-64.65774274745814,0.6295741068180681,-13.330482609524415,0.2719344611720337,0.3269344345630448,0.00015748,1.0714189807061376,0.00081957,0,0.0
12860,0.521664763055275,0.1863334701412433,-1.54e-06,1.6458958588694845,2.9575606284736997,85.09902502429038,1.0052136313683062,21.69870722838765,0.12067054082980143,-12.297246028951392,-1.1573229341274334,-75.84655402007533,0.6295741068180681,-26.840624264166813,0.2719344611720337,0.32504321970551237,0.00015748,1.0912168731538878,0.00081957,0,0.0
12861,-0.0008772689704776848,0.2540616535699035,-1.54e-06,1.6458958588694845,2.9575606284736997,42.47068391777739,1.0052136313683062,8.237537924154802,0.12067054082980143,-48.71817515560828,-1.1573229341274334,84.54265881149306,0.6295741068180681,-14.36177547424968,0.2719344611720337,0.5171918850636722,0.00015748,1.2990311029139012,0.00081957,0,0.0
12862,0.00020638937573648486,0.28709694153183984,-1.54e-06,1.6458958588694845,2.9575606284736997,25.067843082015962,1.0052136313683062,1.9467528488022994,0.12067054082980143,-24.679646001082354,-1.1573229341274334,63.74853756315706,0.6295741068180681,-11.416751577480255,0.2719344611720337,0.246251389539473,0.00015748,1.006703468145019,0.00081957,0,0.0
12863,0.391998989294581,0.07613985828871792,-1.54e-06,1.6458958588694845,2.9575606284736997,-44.69751908183109,1.0052136313683062,8.033865407779107,0.12067054082980143,-78.97850152260277,-1.1573229341274334,46.7476991379921,0.6295741068180681,65.08596557042117,0.2719344611720337,-0.18338614444100784,0.00015748,0.18559556576515698,0.00081957,1,0.0
12864,0.6953004962972219,0.20901876761047458,-1.54e-06,1.6458958588694845,2.9575606284736997,65.29452917566996,1.0052136313683062,26.516460161427503,0.12067054082980143,-61.54858863912174,-1.1573229341274334,-41.265419348979435,0.6295741068180681,7.589926256439281,0.2719344611720337,0.3144392481396143,0.00015748,1.2410627892290287,0.00081957,0,0.0
12865,0.021407280293956027,0.007320447846953688,-1.54e-06,1.6458958588694845,2.9575606284736997,-19.21848359278863,1.0052136313683062,2.387385007348524,0.12067054082980143,-37.995148302214226,-1.1573229341274334,35.890268154533715,0.6295741068180681,25.483911636173076,0.2719344611720337,-0.04590105939593374,0.00015748,0.04601115693607473,0.00081957,1,0.0
12866,1.0279945553605139,0.2173852008621513,-1.54e-06,1.6458958588694845,2.9575606284736997,-24.42693382848505,1.0052136313683062,6.3052099406452875,0.12067054082980143,-0.7211043004349552,-1.1573229341274334,-66.03528234261621,0.6295741068180681,40.3631203353852,0.2719344611720337,-0.16866308358812657,0.00015748,0.1680216224639655,0.00081957,1,0.0
12867,5.479134016295184e-05,0.08899556879072058,-1.54e-06,1.6458958588694845,2.9575606284736997,63.966873832274594,1.0052136313683062,15.466873391643373,0.12067054082980143,-49.610480701739235,-1.1573229341274334,30.377816677822167,0.6295741068180681,-18.635393165746773,0.2719344611720337,0.6886344304591667,0.00015748,0.8751075751226074,0.00081957,0,0.0
12868,1.59054565385809,0.6904509288596671,-1.54e-06,1.6458958588694845,2.9575606284736997,-4.806836935015328,1.0052136313683062,24.0122590367339,0.12067054082980143,-75.64583090190784,-1.1573229341274334,-40.645434384396644,0.6295741068180681,70.07507786841641,0.2719344611720337,0.33650665599195506,0.00015748,0.9325017568614561,0.00081957,0,0.0
12869,0.9950460599047448,0.4002108414245469,-1.54e-06,1.6458958588694845,2.9575606284736997,31.788216501499008,1.0052136313683062,16.347423029605775,0.12067054082980143,-15.219292190818237,-1.1573229341274334,-64.00298975253233,0.6295741068180681,12.220910976416478,0.2719344611720337,0.36383017679842544,0.00015748,0.7274103295887598,0.00081957,0,0.0
12870,0.17426779911462248,0.05632352598035366,-1.54e-06,1.6458958588694845,2.9575606284736997,-52.871739215378085,1.0052136313683062,-0.7811140403095755,0.12067054082980143,-62.92143134991006,-1.1573229341274334,79.56249898918914,0.6295741068180681,55.15673679432078,0.2719344611720337,-0.1254796993184993,0.00015748,0.12822088012976393,0.00081957,1,0.0
12871,0.8235756718247188,0.12497271423948497,-1.54e-06,1.6458958588694845,2.9575606284736997,-44.22989112079801,1.0052136313683062,6.414152644579123,0.12067054082980143,-45.00789637195841,-1.1573229341274334,-4.462553245890296,0.6295741068180681,62.766818532670705,0.2719344611720337,-0.1434305714430533,0.00015748,0.1450637240175995,0.00081957,1,0.0
12872,0.0016560878121738565,0.03530052874321811,-1.54e-06,1.6458958588694845,2.9575606284736997,43.670090404334196,1.0052136313683062,10.931469911654315,0.12067054082980143,-32.72937295590736,-1.1573229341274334,16.404935029549545,0.6295741068180681,-12.905175611901019,0.2719344611720337,0.4392312243688904,0.00015748,0.5796456763891015,0.00081957,0,0.0
12873,1.3682602342875896,0.5412074455051333,-1.54e-06,1.6458958588694845,2.9575606284736997,33.162823931421386,1.0052136313683062,30.193405324005884,0.12067054082980143,-92.00293375083747,-1.1573229341274334,-44.22883836966569,0.6295741068180681,54.09242138201926,0.2719344611720337,0.3067581948994246,0.00015748,1.3512415402080293,0.00081957,0,0.0
12874,0.6505467187788352,0.40048203422587836,-1.54e-06,1.6458958588694845,2.9575606284736997,6.41053495922677,1.0052136313683062,12.052904892187286,0.12067054082980143,-13.55561041881019,-1.1573229341274334,-70.73564660132818,0.6295741068180681,22.804709664995848,0.2719344611720337,-0.3990628390669566,0.00015748,0.44526519192889813,0.00081957,1,0.0
12875,0.36548351250525135,0.04388714951874856,-1.54e-06,1.6458958588694845,2.9575606284736997,-42.07543194095858,1.0052136313683062,6.370724104697267,0.12067054082980143,-67.897350079887,-1.1573229341274334,43.014623103964226,0.6295741068180681,58.10299387139552,0.2719344611720337,-0.13390508434981852,0.00015748,0.13484236727680532,0.00081957,1,0.0
12876,1.6287430345705918,0.5305227893344179,-1.54e-06,1.6458958588694845,2.9575606284736997,-72.83015179056119,1.0052136313683062,3.37742124164437,0.12067054082980143,-17.770636449280836,-1.1573229341274334,-46.40702576184867,0.6295741068180681,85.25819719753406,0.2719344611720337,-0.06581116422124787,0.00015748,0.06440437909073814,0.00081957,1,0.0
12877,0.40605666303136223,0.033999390633588464,-1.54e-06,1.6458958588694845,2.9575606284736997,-22.884981151533687,1.0052136313683062,3.796380507999502,0.12067054082980143,-26.42561553638807,-1.1573229341274334,0.171457124161022,0.6295741068180681,33.2177410159336,0.2719344611720337,-0.08900940576237018,0.00015748,0.08833236048131379,0.00081957,1,0.0
12878,0.0010738462552108974,0.029818797551069653,-1.54e-06,1.6458958588694845,2.9575606284736997,68.29901184346912,1.0052136313683062,16.016497016853585,0.12067054082980143,-33.56429911720539,-1.1573229341274334,-7.9954910216086015,0.6295741068180681,-23.545424158542218,0.2719344611720337,0.35465998822833816,0.00015748,0.8509979394269762,0.00081957,0,0.0
12879,0.00041239145152127676,0.04164498194664012,-1.54e-06,1.6458958588694845,2.9575606284736997,38.78450316085116,1.0052136313683062,14.488757791832315,0.12067054082980143,-69.00521831043423,-1.1573229341274334,51.32144368364021,0.6295741068180681,3.171886128369769,0.2719344611720337,0.5456592686913522,0.00015748,0.7252857385105773,0.00081957,0,0.0
12880,0.12230772356168385,0.030763919667268855,-1.54e-06,1.6458958588694845,2.9575606284736997,51.477976492553616,1.0052136313683062,22.343418670907273,0.12067054082980143,-83.66864733610933,-1.1573229341274334,25.954338396762296,0.6295741068180681,7.464161529959263,0.2719344611720337,0.3328252538240212,0.00015748,1.0011547884561045,0.00081957,0,0.0
12881,0.0003951849612719993,0.027970886616743334,-1.54e-06,1.6458958588694845,2.9575606284736997,96.85911737458052,1.0052136313683062,23.666353968107554,0.12067054082980143,-50.21503902831169,-1.1573229341274334,-21.744205780620934,0.6295741068180681,-30.00671292088273,0.2719344611720337,0.31236168752371835,0.00015748,1.2549264308383175,0.00081957,0,0.0
12882,-0.000786751278079735,0.010132381435775044,-1.54e-06,1.6458958588694845,2.9575606284736997,-0.6137972999704676,1.0052136313683062,0.6593617751185615,0.12067054082980143,-0.7900298363658868,-1.1573229341274334,1.4024536039000135,0.6295741068180681,-0.31095284125331124,0.2719344611720337,-0.03971973210602505,0.00015748,0.04628748662330354,0.00081957,1,0.0
12883,0.0004487576998932763,0.19642913230581305,-1.54e-06,1.6458958588694845,2.9575606284736997,58.176535231932384,1.0052136313683062,17.27620087840944,0.12067054082980143,-82.3308053368655,-1.1573229341274334,84.76581760081976,0.6295741068180681,-7.534192762653502,0.2719344611720337,0.8854659911191081,0.00015748,1.1740663168476213,0.00081957,0,0.0
12884,0.025870471839726017,0.10225830246435395,-1.54e-06,1.6458958588694845,2.9575606284736997,37.67943333177584,1.0052136313683062,6.065875821483617,0.12067054082980143,-14.539195846628708,-1.1573229341274334,19.67692737399258,0.6295741068180681,-18.143565808997753,0.2719344611720337,0.375184677095289,0.00015748,0.6378532396698567,0.00081957,0,0.0
12885,-0.00014647533357270426,0.21040536867207962,-1.54e-06,1.6458958588694845,2.9575606284736997,44.75268408436477,1.0052136313683062,6.642604695848929,0.12067054082980143,-30.746827360917088,-1.1573229341274334,61.467071123318235,0.6295741068180681,-21.009753401830714,0.2719344611720337,0.45753063326232196,0.00015748,1.1560512762217097,0.00081957,0,0.0
12886,0.01710138864022056,0.011732489662288289,-1.54e-06,1.6458958588694845,2.9575606284736997,-18.734200226403182,1.0052136313683062,-0.9065078016376492,0.12067054082980143,-22.17178384728781,-1.1573229341274334,32.76571185774926,0.6295741068180681,18.209645579826756,0.2719344611720337,-0.06394834587509121,0.00015748,0.06489090276927925,0.00081957,1,0.0
12887,0.9050006206326308,0.2940617149629197,-1.54e-06,1.6458958588694845,2.9575606284736997,54.60291913354364,1.0052136313683062,27.78227140128397,0.12067054082980143,-68.21301928775013,-1.1573229341274334,-44.26513735089151,0.6295741068180681,20.656885296412433,0.2719344611720337,0.3141125164156572,0.00015748,1.2437205237066498,0.00081957,0,0.0
12888,0.49459904359463785,0.15635935998312678,-1.54e-06,1.6458958588694845,2.9575606284736997,29.043004144354853,1.0052136313683062,13.736743298825626,0.12067054082980143,-35.019277528765734,-1.1573229341274334,-9.105245404111267,0.6295741068180681,7.936135669609343,0.2719344611720337,0.41610662880521665,0.00015748,0.6182180258085441,0.00081957,0,0.0
12889,1.2850655458221771,0.46246359133646575,-1.54e-06,1.6458958588694845,2.9575606284736997,15.939238721130296,1.0052136313683062,28.036357409458457,0.12067054082980143,-94.04053685946324,-1.1573229341274334,-24.31033372765361,0.6295741068180681,59.43775548123847,0.2719344611720337,0.3205787665451355,0.00015748,1.1365150298104854,0.00081957,0,0.0
12890,0.0006485151773732989,0.016261551649327778,-1.54e-06,1.6458958588694845,2.9575606284736997,16.993233000019703,1.0052136313683062,14.21293723429436,0.12067054082980143,-86.62615876332015,-1.1573229341274334,70.60964305581042,0.6295741068180681,21.671842744764735,0.2719344611720337,0.4247612873772102,0.00015748,0.6084577356610328,0.00081957,0,0.0
12891,0.1778650043731878,0.14034446697619557,-1.54e-06,1.6458958588694845,2.9575606284736997,31.106635646181967,1.0052136313683062,6.41412865467987,0.12067054082980143,-35.87001879132323,-1.1573229341274334,31.355326287612204,0.6295741068180681,0.30822744072257213,0.2719344611720337,0.37256468638067375,0.00015748,0.7840863929701705,0.00081957,0,0.0
12892,0.01170033265126727,0.7863270949607801,-1.54e-06,1.6458958588694845,2.9575606284736997,65.09621354774121,1.0052136313683062,3.9120046745702157,0.12067054082980143,-77.46042105360624,-1.1573229341274334,96.22682702597525,0.6295741068180681,-0.5685536160903135,0.2719344611720337,0.3671327889280859,0.00015748,1.930634799328793,0.00081957,0,0.0
12893,1.3877683428181389,1.3657639340689074,-1.54e-06,1.6458958588694845,2.9575606284736997,-48.32850945129509,1.0052136313683062,26.376907014020706,0.12067054082980143,-72.23764643503927,-1.1573229341274334,-54.45454532210926,0.6295741068180681,83.92485671570185,0.2719344611720337,-0.7150057080904473,0.00015748,0.7181917877057762,0.00081957,1,0.0
12894,0.6425949942883845,0.1861055760784996,-1.54e-06,1.6458958588694845,2.9575606284736997,30.1924210954431,1.0052136313683062,18.181952789235808,0.12067054082980143,-52.518412358503156,-1.1573229341274334,-12.844576440133878,0.6295741068180681,18.81080439875831,0.2719344611720337,0.36434541893684413,0.00015748,0.7948862521913992,0.00081957,0,0.0
12895,0.0018349384834738247,0.2605504158586643,-1.54e-06,1.6458958588694845,2.9575606284736997,68.43004786783642,1.0052136313683062,6.725922021646716,0.12067054082980143,-1.709065751939551,-1.1573229341274334,26.52794306077825,0.6295741068180681,-44.65460486189355,0.2719344611720337,0.5192782392731166,0.00015748,1.2059379059686635,0.00081957,0,0.0
12896,0.575154611533232,0.06635630186360247,-1.54e-06,1.6458958588694845,2.9575606284736997,-36.526735300346076,1.0052136313683062,5.622615125551846,0.12067054082980143,-44.97627568801938,-1.1573229341274334,8.44388790260849,0.6295741068180681,52.173986247388356,0.2719344611720337,-0.12695433558675928,0.00015748,0.12759842817407085,0.00081957,1,0.0
12897,0.568725832938506,0.5656566752902883,-1.54e-06,1.6458958588694845,2.9575606284736997,-67.95803488606016,1.0052136313683062,-9.021620986179594,0.12067054082980143,-16.365519379639668,-1.1573229341274334,53.99944021946949,0.6295741068180681,51.44254590437756,0.2719344611720337,-0.4437316963894877,0.00015748,0.4386999321752309,0.00081957,1,0.0
12898,0.5925186903373987,0.054925360464308334,-1.54e-06,1.6458958588694845,2.9575606284736997,-49.71052821902896,1.0052136313683062,4.446433373728226,0.12067054082980143,-56.529567313957926,-1.1573229341274334,30.011416567047846,0.6295741068180681,63.10735562090113,0.2719344611720337,-0.06936549723461018,0.00015748,0.06939655066120949,0.00081957,1,0.0
12899,0.531240581927438,0.058761195839784716,-1.54e-06,1.6458958588694845,2.9575606284736997,-19.243947907121136,1.0052136313683062,4.139260889505619,0.12067054082980143,-14.862454930927777,-1.1573229341274334,-20.698352937615493,0.6295741068180681,30.200406019758763,0.2719344611720337,-0.10738943195312273,0.00015748,0.1069218288226606,0.00081957,1,0.0
12900,2.2247785028347673,2.5228842065020407,-1.54e-06,1.342730565149467,2.3495759267489063,-66.57225425338558,1.0052136313683062,-0.16977307740495584,0.12067054082980143,-34.281428607785756,-1.1573229341274334,6.1028961396457015,0.6295741068180681,83.4195746256924,0.2719344611720337,-0.7700707969177472,0.00015748,0.18664057071038376,0.00081957,1,0.0
12901,0.000563522302738928,0.0073134668556301494,-1.54e-06,1.342730565149467,2.3495759267489063,-4.3763763792799075,1.0052136313683062,6.404846544349306,0.12067054082980143,-45.102141160611176,-1.1573229341274334,34.83370011865323,0.6295741068180681,18.856138755699376,0.2719344611720337,0.4158233902375011,0.00015748,0.6308558946580418,0.00081957,0,0.0
12902,-1.3821131929715365,3.6317754351518876,-1.54e-06,1.342730565149467,2.3495759267489063,72.46600209710579,1.0052136313683062,5.495659380634679,0.12067054082980143,-43.35670756174596,-1.1573229341274334,93.62918689991305,0.6295741068180681,-57.27784088203839,0.2719344611720337,1.793630949453841,0.00015748,5.2787067616463075,0.00081957,0,0.0
12903,3.8798582092038756,5.064953510255485,-1.54e-06,1.342730565149467,2.3495759267489063,11.900252126611248,1.0052136313683062,43.85289166599455,0.12067054082980143,-93.40393153927224,-1.1573229341274334,-69.8212152079231,0.6295741068180681,79.90525981959715,0.2719344611720337,0.26672816451432246,0.00015748,4.197388774831866,0.00081957,0,0.0
12904,0.41592737985648665,0.767930217199306,-1.54e-06,1.342730565149467,2.3495759267489063,88.89688579134206,1.0052136313683062,40.6012250724431,0.12067054082980143,-43.179959380849354,-1.1573229341274334,-57.11614009859183,0.6295741068180681,-36.16409335078168,0.2719344611720337,0.26494793079210743,0.00015748,4.222452968582231,0.00081957,0,0.0
12905,-0.3292832640215053,1.3850498088462655,-1.54e-06,1.342730565149467,2.3495759267489063,56.21229617421633,1.0052136313683062,11.086925031210908,0.12067054082980143,-28.182750442557392,-1.1573229341274334,34.00819347900093,0.6295741068180681,-35.76713822194179,0.2719344611720337,1.8302523156880262,0.00015748,3.2814745214134313,0.00081957,0,0.0
12906,-7.026211556526718e-05,0.0014636259971750392,-1.54e-06,1.342730565149467,2.3495759267489063,24.19977003076715,1.0052136313683062,19.71601495160523,0.12067054082980143,-70.76802414867765,-1.1573229341274334,22.30756930963782,0.6295741068180681,12.682552452040708,0.2719344611720337,0.2927119620027828,0.00015748,2.0858304316174743,0.00081957,0,0.0
12907,-0.03208085933680227,0.7280841682431516,-1.54e-06,1.342730565149467,2.3495759267489063,64.11441078900509,1.0052136313683062,19.36696362442621,0.12067054082980143,-36.81675987995834,-1.1573229341274334,11.561845010318613,0.6295741068180681,-31.957568420665105,0.2719344611720337,2.218675184867902,0.00015748,2.9079617903061608,0.00081957,0,0.0
12908,0.5996279919229555,0.43882836670649544,-1.54e-06,1.342730565149467,2.3495759267489063,51.840075160418316,1.0052136313683062,22.18529983107183,0.12067054082980143,-10.696336736805687,-1.1573229341274334,-48.384613387325224,0.6295741068180681,-22.172272769561882,0.2719344611720337,0.30369977501375534,0.00015748,2.3914570416586627,0.00081957,0,0.0
12909,2.8375412327754095,2.8561530993088096,-1.54e-06,1.342730565149467,2.3495759267489063,-44.677360936353274,1.0052136313683062,12.839985367562688,0.12067054082980143,-40.52516033639023,-1.1573229341274334,-39.09836856426721,0.6295741068180681,83.15876236839797,0.2719344611720337,-0.7652319774784238,0.00015748,0.7635954494138095,0.00081957,1,0.0
12910,0.030415199925356018,0.1608469967981321,-1.54e-06,1.342730565149467,2.3495759267489063,-40.09663642529664,1.0052136313683062,3.659012524051503,0.12067054082980143,-85.55332577430114,-1.1573229341274334,74.56713131952317,0.6295741068180681,59.84218669695711,0.2719344611720337,-0.13055023744083727,0.00015748,0.13433690038159307,0.00081957,1,0.0
12911,0.2598931913828294,2.4236777457158114,-1.54e-06,1.342730565149467,2.3495759267489063,-68.44028878805209,1.0052136313683062,-8.9251500887106,0.12067054082980143,-65.41759180068327,-1.1573229341274334,84.05969542484812,0.6295741068180681,72.54746382943988,0.2719344611720337,-1.2850190380346995,0.00015748,0.20988984701012325,0.00081957,1,0.0
12912,0.0014412464810273917,0.03425809154294662,-1.54e-06,1.342730565149467,2.3495759267489063,43.40241205361533,1.0052136313683062,13.094704185723774,0.12067054082980143,-10.373504435923811,-1.1573229341274334,-22.234065621493897,0.6295741068180681,-22.717733139134285,0.2719344611720337,0.2922962367020595,0.00015748,1.8182241740019545,0.00081957,0,0.0
12913,1.2743084575889618,0.6778622511614439,-1.54e-06,1.342730565149467,2.3495759267489063,64.08530435055205,1.0052136313683062,43.78176215468443,0.12067054082980143,-99.0448623922976,-1.1573229341274334,-31.275090593151212,0.6295741068180681,16.910836767935738,0.2719344611720337,0.26394323282599874,0.00015748,4.80282954525583,0.00081957,0,0.0
12914,1.1226147820187484,0.7034088328534158,-1.54e-06,1.342730565149467,2.3495759267489063,32.2744272274646,1.0052136313683062,22.26564017157575,0.12067054082980143,-56.63006845152933,-1.1573229341274334,-19.71590653606372,0.6295741068180681,19.389981895819506,0.2719344611720337,0.2901981846233668,0.00015748,2.9266630849678545,0.00081957,0,0.0
12915,1.4538194503356325,1.8856709369405127,-1.54e-06,1.342730565149467,2.3495759267489063,-73.90307702549268,1.0052136313683062,-2.026575067635365,0.12067054082980143,-67.55837620609323,-1.1573229341274334,53.54954103631719,0.6295741068180681,91.76241902510634,0.2719344611720337,-0.8300438512804917,0.00015748,0.2129859742321747,0.00081957,1,0.0
12916,-0.9996074251935629,2.6022719800821665,-1.54e-06,1.342730565149467,2.3495759267489063,53.03594920799772,1.0052136313683062,11.87531393276481,0.12067054082980143,-49.61688605733777,-1.1573229341274334,82.14394582443222,0.6295741068180681,-40.635939333514166,0.2719344611720337,1.6512427098084388,0.00015748,4.175711524534844,0.00081957,0,0.0
12917,0.0011985908794287514,0.12272784131986066,-1.54e-06,1.342730565149467,2.3495759267489063,54.531379584225526,1.0052136313683062,13.979686881391643,0.12067054082980143,-5.10086997326245,-1.1573229341274334,-25.860914772566154,0.6295741068180681,-32.703052761768646,0.2719344611720337,0.6806790435897684,0.00015748,2.1415903882545706,0.00081957,0,0.0
12918,2.134278286734847,1.756044353949675,-1.54e-06,1.342730565149467,2.3495759267489063,49.36716441040227,1.0052136313683062,40.608384102982896,0.12067054082980143,-79.44888942514433,-1.1573229341274334,-54.61240129349558,0.6295741068180681,29.54557854353491,0.2719344611720337,0.26574559329368785,0.00015748,4.400648781995743,0.00081957,0,0.0
12919,-0.919368688439905,2.458459572275534,-1.54e-06,1.342730565149467,2.3495759267489063,32.66424665770984,1.0052136313683062,-2.3573999644541432,0.12067054082980143,-14.427650341605469,-1.1573229341274334,78.8097210920704,0.6295741068180681,-39.46181698680136,0.2719344611720337,0.35921978097559415,0.00015748,4.165380506094819,0.00081957,0,0.0
12920,-0.19491746382338926,1.1295875102433883,-1.54e-06,1.342730565149467,2.3495759267489063,94.59504180707142,1.0052136313683062,23.503278104918234,0.12067054082980143,-25.185153144442037,-1.1573229341274334,-9.341329056750295,0.6295741068180681,-56.98110516109856,0.2719344611720337,2.3195047149065453,0.00015748,3.841427661816805,0.00081957,0,0.0
12921,-0.06507617644842792,0.7951714973070494,-1.54e-06,1.342730565149467,2.3495759267489063,9.570154867269057,1.0052136313683062,2.017839856164533,0.12067054082980143,-28.868913551136465,-1.1573229341274334,56.9527637416402,0.6295741068180681,-4.574754693411132,0.2719344611720337,0.407532741667439,0.00015748,2.8492709788484865,0.00081957,0,0.0
12922,0.9844887764252555,0.7237286344004226,-1.54e-06,1.342730565149467,2.3495759267489063,96.07273012777799,1.0052136313683062,39.428809444678095,0.12067054082980143,-35.37801738706992,-1.1573229341274334,-79.80898919764775,0.6295741068180681,-32.035728497552334,0.2719344611720337,0.26738077681875394,0.00015748,4.761191501173556,0.00081957,0,0.0
12923,1.6388767034837186,1.848566251597372,-1.54e-06,1.342730565149467,2.3495759267489063,-64.78120386240052,1.0052136313683062,-2.6191768573900336,0.12067054082980143,-48.172059566755415,-1.1573229341274334,31.81729649711711,0.6295741068180681,81.37977573753935,0.2719344611720337,-0.6737522863182199,0.00015748,0.18947574718167387,0.00081957,1,0.0
12924,0.000340420432715538,0.015477871460821803,-1.54e-06,1.342730565149467,2.3495759267489063,29.609528725546646,1.0052136313683062,12.445430296436337,0.12067054082980143,-26.54755846798734,-1.1573229341274334,-3.6451049403062,0.6295741068180681,-8.057963929892853,0.2719344611720337,0.3076920387774278,0.00015748,1.5475970404528645,0.00081957,0,0.0
12925,-5.7917504157956046e-05,0.014336676959446223,-1.54e-06,1.342730565149467,2.3495759267489063,59.7107579107061,1.0052136313683062,28.86172887738399,0.12067054082980143,-68.63252345843644,-1.1573229341274334,-5.809895493197475,0.6295741068180681,-9.16124140946392,0.2719344611720337,0.27288687788581,0.00015748,3.4152859641470545,0.00081957,0,0.0
12926,0.006617773250446657,0.003383851598097661,-1.54e-06,1.342730565149467,2.3495759267489063,18.95804128583963,1.0052136313683062,20.89531498026446,0.12067054082980143,-85.43886836942497,-1.1573229341274334,36.323997483743554,0.6295741068180681,21.083084613668976,0.2719344611720337,0.45822744613904254,0.00015748,2.1194984699492623,0.00081957,0,0.0
12927,2.435815249600454,1.8525206220572858,-1.54e-06,1.342730565149467,2.3495759267489063,-51.81622586958186,1.0052136313683062,3.0265844887124302,0.12067054082980143,-27.540877330680406,-1.1573229341274334,-14.672815560718751,0.6295741068180681,75.52558558270867,0.2719344611720337,-0.1262185890954109,0.00015748,0.09254628827654338,0.00081957,1,0.0
12928,-0.23541647704501734,1.2002092840834564,-1.54e-06,1.342730565149467,2.3495759267489063,15.2518792813631,1.0052136313683062,7.145068228629926,0.12067054082980143,-58.12698875939055,-1.1573229341274334,81.64702837716501,0.6295741068180681,-0.47550352838918974,0.2719344611720337,0.9463231611039049,0.00015748,3.40410914096322,0.00081957,0,0.0
12929,0.31399943049809753,0.220468238155322,-1.54e-06,1.342730565149467,2.3495759267489063,88.33628360854026,1.0052136313683062,30.689912863954902,0.12067054082980143,-23.18823526346715,-1.1573229341274334,-60.22157494135351,0.6295741068180681,-40.9012395354854,0.2719344611720337,0.2685241161888081,0.00015748,3.897388563750124,0.00081957,0,0.0
12930,2.3865005454870705,1.800136586020231,-1.54e-06,1.342730565149467,2.3495759267489063,-20.065804019003785,1.0052136313683062,22.644276680470323,0.12067054082980143,-81.19108409588601,-1.1573229341274334,-6.86497637080955,0.6295741068180681,75.29882260218668,0.2719344611720337,0.2913120467020951,0.00015748,1.9653735833787014,0.00081957,0,0.0
12931,0.05471979717810049,0.0094412762194358,-1.54e-06,1.342730565149467,2.3495759267489063,3.206076080475296,1.0052136313683062,8.220530701339,0.12067054082980143,-41.61770450812229,-1.1573229341274334,23.335061227286257,0.6295741068180681,14.340722476925977,0.2719344611720337,0.3609040326841026,0.00015748,0.8192238325486352,0.00081957,0,0.0
12932,1.0167285890492985,0.31500384688770144,-1.54e-06,1.342730565149467,2.3495759267489063,-17.05398392353104,1.0052136313683062,3.5122097665789083,0.12067054082980143,-12.488618899932336,-1.1573229341274334,-12.6777315883046,0.6295741068180681,29.525761485707577,0.2719344611720337,-0.18542339897908874,0.00015748,0.18634592519085122,0.00081957,1,0.0
12933,2.549232619345204,1.8028370114947574,-1.54e-06,1.342730565149467,2.3495759267489063,-60.493255520133125,1.0052136313683062,6.5044789146313535,0.12067054082980143,-55.53688755910268,-1.1573229341274334,-1.0842919991901827,0.6295741068180681,94.78452780890363,0.2719344611720337,-0.23297820047732212,0.00015748,0.20006406926735956,0.00081957,1,0.0
12934,0.7629675498076645,0.24785699873695832,-1.54e-06,1.342730565149467,2.3495759267489063,30.812707534482126,1.0052136313683062,26.233935259356134,0.12067054082980143,-69.72173911462257,-1.1573229341274334,-5.955722076832161,0.6295741068180681,18.127943353915406,0.2719344611720337,0.27545427399960176,0.00015748,2.743066459979633,0.00081957,0,0.0
12935,0.0015228546581662616,0.00371502117881719,-1.54e-06,1.342730565149467,2.3495759267489063,-10.252028803800988,1.0052136313683062,7.954640422613314,0.12067054082980143,-61.292931949975824,-1.1573229341274334,47.89173302484518,0.6295741068180681,28.638707473932474,0.2719344611720337,0.37598905319149595,0.00015748,0.7471278305639981,0.00081957,0,0.0
12936,0.8648726151961081,1.9747834651455984,-1.54e-06,1.342730565149467,2.3495759267489063,-55.17461766430378,1.0052136313683062,-7.4539314367024,0.12067054082980143,-33.44054852900789,-1.1573229341274334,39.91670679441454,0.6295741068180681,59.54690795329239,0.2719344611720337,-1.0015029415549273,0.00015748,0.216355818659826,0.00081957,1,0.0
12937,-0.0033112696741528502,0.24003763052204194,-1.54e-06,1.342730565149467,2.3495759267489063,74.10894984309932,1.0052136313683062,32.5337250734384,0.12067054082980143,-80.97854977935887,-1.1573229341274334,9.15706274318377,0.6295741068180681,-16.509044192813313,0.2719344611720337,1.407473362175556,0.00015748,4.031813206680638,0.00081957,0,0.0
12938,3.0285055887645127,2.6798212254850635,-1.54e-06,1.342730565149467,2.3495759267489063,-56.80669033491561,1.0052136313683062,5.688544774667038,0.12067054082980143,-29.77535988258154,-1.1573229341274334,-30.4680645015424,0.6295741068180681,88.21601322865855,0.2719344611720337,-0.19183772702120358,0.00015748,0.15403368439756746,0.00081957,1,0.0
12939,0.8248519683836648,1.1805423111743232,-1.54e-06,1.342730565149467,2.3495759267489063,-59.84639732884214,1.0052136313683062,-3.082239319456041,0.12067054082980143,-71.26297010868423,-1.1573229341274334,70.56683167050204,0.6295741068180681,76.07802339331342,0.2719344611720337,-0.5945546034506942,0.00015748,0.5910783090601434,0.00081957,1,0.0
12940,-1.6844835905574058,8.001991239377524,-1.54e-06,1.342730565149467,2.3495759267489063,-9.866684249833591,1.0052136313683062,3.8966047917328024,0.12067054082980143,-53.76481412657847,-1.1573229341274334,88.13777635733612,0.6295741068180681,-2.6310814317299207,0.2719344611720337,-1.2783146283487712,0.00015748,1.225609288251173,0.00081957,1,0.0
12941,0.0015109970802520412,9.050668879497203e-06,-1.54e-06,1.342730565149467,2.3495759267489063,-6.736959296269237,1.0052136313683062,11.895236116496946,0.12067054082980143,-74.026282141942,-1.1573229341274334,49.40078377992871,0.6295741068180681,31.800079052173594,0.2719344611720337,0.33325602695599243,0.00015748,1.0297902239405272,0.00081957,0,0.0
12942,3.325457602078825,4.5376510054308055,-1.54e-06,1.342730565149467,2.3495759267489063,-72.89523357976043,1.0052136313683062,6.677346851164701,0.12067054082980143,-24.300924294108107,-1.1573229341274334,-40.270067416530736,0.6295741068180681,98.19725089682129,0.2719344611720337,-1.2009346327718649,0.00015748,0.14197629592949823,0.00081957,1,0.0
12943,-1.1860552690978157,2.920993689646653,-1.54e-06,1.342730565149467,2.3495759267489063,62.70786457091742,1.0052136313683062,3.2219809144397007,0.12067054082980143,-12.675243803043756,-1.1573229341274334,65.29594779893783,0.6295741068180681,-61.63159826877801,0.2719344611720337,1.2517632835977064,0.00015748,4.354656561331387,0.00081957,0,0.0
12944,-0.003893416611653988,0.40568573511111344,-1.54e-06,1.342730565149467,2.3495759267489063,35.654303195306696,1.0052136313683062,13.846422507917492,0.12067054082980143,-44.399430296936174,-1.1573229341274334,29.520096524044252,0.6295741068180681,-10.10015677227014,0.2719344611720337,1.7292903333156804,0.00015748,2.1147961700038813,0.00081957,0,0.0
12945,-0.00041257662507465653,0.5026112316530704,-1.54e-06,1.342730565149467,2.3495759267489063,12.889939071821976,1.0052136313683062,2.953592802182145,0.12067054082980143,-23.155471045190897,-1.1573229341274334,41.026189106708934,0.6295741068180681,-5.954451356402455,0.2719344611720337,0.5514593976345867,0.00015748,2.32434332685877,0.00081957,0,0.0
12946,0.6553376136641053,0.16519852957458753,-1.54e-06,1.342730565149467,2.3495759267489063,-44.973964749145,1.0052136313683062,4.520847117053831,0.12067054082980143,-78.66287155917777,-1.1573229341274334,55.7305584307277,0.6295741068180681,68.69261716136147,0.2719344611720337,-0.1344152800557246,0.00015748,0.1343653466906685,0.00081957,1,0.0
12947,0.0033029132977042686,0.015787919479388627,-1.54e-06,1.342730565149467,2.3495759267489063,16.265776549698153,1.0052136313683062,22.298229738124558,0.12067054082980143,-99.85659683589,-1.1573229341274334,51.067783553672314,0.6295741068180681,27.297828088034475,0.2719344611720337,0.7673938062889779,0.00015748,2.2232452011980737,0.00081957,0,0.0
12948,0.348956144127593,1.847048129629795,-1.54e-06,1.342730565149467,2.3495759267489063,-54.490720761384516,1.0052136313683062,-7.084338688368016,0.12067054082980143,-46.67210755087266,-1.1573229341274334,60.492477426368474,0.6295741068180681,57.11033798799668,0.2719344611720337,-1.0485466797791094,0.00015748,0.20680868462093416,0.00081957,1,0.0
12949,0.0013649399353572456,0.0004647885565125098,-1.54e-06,1.342730565149467,2.3495759267489063,-16.720834232218916,1.0052136313683062,10.98124848573097,0.12067054082980143,-84.9065936147395,-1.1573229341274334,65.55372663344677,0.6295741068180681,41.375332847256544,0.2719344611720337,0.33993177317739925,0.00015748,0.9862980166960928,0.00081957,0,0.0
12950,3.534928980398948,4.665055995520398,-1.54e-06,1.342730565149467,2.3495759267489063,-73.39737166628294,1.0052136313683062,2.5318695416178647,0.12067054082980143,-15.722591407489581,-1.1573229341274334,-38.365909580405194,0.6295741068180681,97.64425733644632,0.2719344611720337,-0.6761753413817121,0.00015748,0.1408490562167286,0.00081957,1,0.0
12951,8.338577981742423e-05,0.07928075972074596,-1.54e-06,1.342730565149467,2.3495759267489063,-0.040325321990568416,1.0052136313683062,3.5484751890532813,0.12067054082980143,-28.815552574427095,-1.1573229341274334,32.25616539151876,0.6295741068180681,7.826859167715444,0.2719344611720337,0.32779416962239727,0.00015748,1.0657380611710572,0.00081957,0,0.0
12952,2.4667000581712815,2.26998190608337,-1.54e-06,1.342730565149467,2.3495759267489063,19.344998310256276,1.0052136313683062,28.561016425734696,0.12067054082980143,-47.19258879880962,-1.1573229341274334,-57.858341418994144,0.6295741068180681,38.59625346378184,0.2719344611720337,0.2786429898870195,0.00015748,2.8843518774243813,0.00081957,0,0.0
12953,3.087702015789137,2.7404846777045466,-1.54e-06,1.342730565149467,2.3495759267489063,-54.5368420460333,1.0052136313683062,7.349742512976027,0.12067054082980143,-30.517970054782698,-1.1573229341274334,-35.57704099566365,0.6295741068180681,88.03749309180118,0.2719344611720337,-0.3023107008524664,0.00015748,0.2979686105960038,0.00081957,1,0.0
12954,1.7792952992352944,1.0358243407932843,-1.54e-06,1.342730565149467,2.3495759267489063,-19.905160420692464,1.0052136313683062,4.9831381208525505,0.12067054082980143,-0.7092884874148415,-1.1573229341274334,-40.823355833435826,0.6295741068180681,37.2661934454429,0.2719344611720337,-0.3190092363905963,0.00015748,0.321251700277692,0.00081957,1,0.0
12955,-1.3709434767155877,3.3991932582251274,-1.54e-06,1.342730565149467,2.3495759267489063,79.01049687108588,1.0052136313683062,9.781788665966754,0.12067054082980143,-37.28641455525347,-1.1573229341274334,80.6460576092426,0.6295741068180681,-65.61520106969522,0.2719344611720337,2.0691386816979023,0.00015748,4.973831707530251,0.00081957,0,0.0
12956,-0.018633022599817417,0.484532302823351,-1.54e-06,1.342730565149467,2.3495759267489063,-1.430782136796631,1.0052136313683062,3.3660321959659543,0.12067054082980143,-44.6662983968903,-1.1573229341274334,65.01552293855028,0.6295741068180681,10.053790186537443,0.2719344611720337,0.33538930353263563,0.00015748,2.4473850070712553,0.00081957,0,0.0
12957,1.7392859713635893,1.0119864933769465,-1.54e-06,1.342730565149467,2.3495759267489063,-5.328544092960885,1.0052136313683062,20.513570152196575,0.12067054082980143,-66.10237079281526,-1.1573229341274334,-7.563671999399202,0.6295741068180681,51.63655326181569,0.2719344611720337,0.2887887188276227,0.00015748,1.883293350499804,0.00081957,0,0.0
12958,0.0010576097588121947,0.010521047730652676,-1.54e-06,1.342730565149467,2.3495759267489063,25.880279799823054,1.0052136313683062,12.665731433356827,0.12067054082980143,-32.832674784009576,-1.1573229341274334,2.134972253375218,0.6295741068180681,-3.2833678951115184,0.2719344611720337,0.3000164572676629,0.00015748,1.510042463964555,0.00081957,0,0.0
12959,0.003069280134555541,0.06906416531736319,-1.54e-06,1.342730565149467,2.3495759267489063,82.39172150249544,1.0052136313683062,31.101367476642167,0.12067054082980143,-54.35719935786321,-1.1573229341274334,-25.98008176669132,0.6295741068180681,-28.475345816049646,0.2719344611720337,0.45806346741588855,0.00015748,4.06265662985206,0.00081957,0,0.0
12960,-0.8049290313671484,2.2715206673824984,-1.54e-06,1.342730565149467,2.3495759267489063,85.41932593046283,1.0052136313683062,19.4218813295785,0.12067054082980143,-50.07679473731204,-1.1573229341274334,48.19326487482598,0.6295741068180681,-53.348038547559455,0.2719344611720337,2.8007811652503927,0.00015748,4.121517252905023,0.00081957,0,0.0
12961,0.00021819200880912604,0.0371916910218756,-1.54e-06,1.342730565149467,2.3495759267489063,57.42062564883101,1.0052136313683062,19.845163912700958,0.12067054082980143,-25.006001424763713,-1.1573229341274334,-25.73410256939974,0.6295741068180681,-25.28637607528693,0.2719344611720337,0.2838852386825117,0.00015748,2.595664245954243,0.00081957,0,0.0
12962,0.0006354725110637727,0.017824222168383246,-1.54e-06,1.342730565149467,2.3495759267489063,43.79859444260688,1.0052136313683062,18.382565260942467,0.12067054082980143,-38.07591603978718,-1.1573229341274334,-8.737213998966523,0.6295741068180681,-11.716714575245577,0.2719344611720337,0.2835427234668255,0.00015748,2.2984563165019765,0.00081957,0,0.0
12963,0.0016679632584384319,0.031192831589350344,-1.54e-06,1.342730565149467,2.3495759267489063,-9.676517941039934,1.0052136313683062,10.060110764696315,0.12067054082980143,-74.91907927310542,-1.1573229341274334,62.01248436333779,0.6295741068180681,31.93653137849361,0.2719344611720337,0.6146840352940978,0.00015748,1.1587590116063757,0.00081957,0,0.0
12964,0.5483875322587027,0.09050916029490297,-1.54e-06,1.342730565149467,2.3495759267489063,-19.794230103476725,1.0052136313683062,1.0735334278910589,0.12067054082980143,-23.66345861574457,-1.1573229341274334,12.32854349942406,0.6295741068180681,29.353746744443036,0.2719344611720337,-0.015452150568762379,0.00015748,0.01588510404864919,0.00081957,1,0.0
12965,0.48933098754221493,0.31662245591557486,-1.54e-06,1.342730565149467,2.3495759267489063,75.27192555160781,1.0052136313683062,22.53641760213853,0.12067054082980143,-1e-20,-1.1573229341274334,-65.65435494662164,0.6295741068180681,-39.331981044435096,0.2719344611720337,0.2712930031673,0.00015748,3.1576531791530664,0.00081957,0,0.0
12966,0.024215948593361514,7.328726814682389e-07,-1.54e-06,1.342730565149467,2.3495759267489063,8.85111413492853,1.0052136313683062,20.67822570378442,0.12067054082980143,-96.6723799367337,-1.1573229341274334,47.59950944017952,0.6295741068180681,32.030508026428244,0.2719344611720337,0.35057920196342685,0.00015748,1.9649695029850662,0.00081957,0,0.0
12967,0.6365918580587461,0.7231035450255408,-1.54e-06,1.342730565149467,2.3495759267489063,-54.653603747019055,1.0052136313683062,-1.4198651422856998,0.12067054082980143,-73.16231774802196,-1.1573229341274334,70.21792332086656,0.6295741068180681,71.16918208753928,0.2719344611720337,-0.46285826854410805,0.00015748,0.4507841508587437,0.00081957,1,0.0
12968,1.2514468194227941,0.45220711096784266,-1.54e-06,1.342730565149467,2.3495759267489063,-23.344397987591528,1.0052136313683062,3.612153266483157,0.12067054082980143,-17.779182720456813,-1.1573229341274334,-11.50461517963959,0.6295741068180681,38.889377385146126,0.2719344611720337,-0.17195343429779408,0.00015748,0.17326954296129604,0.00081957,1,0.0
12969,1.2202053894365037,0.392312294271399,-1.54e-06,1.342730565149467,2.3495759267489063,-48.75947332345821,1.0052136313683062,5.640700401863785,0.12067054082980143,-71.34644335339237,-1.1573229341274334,37.54392020940938,0.6295741068180681,75.54645111683719,0.2719344611720337,-0.1915558896016264,0.00015748,0.19274424314458194,0.00081957,1,0.0
12970,1.9426104674700553,1.0425354913626481,-1.54e-06,1.342730565149467,2.3495759267489063,-44.78920270415505,1.0052136313683062,5.740142907596623,0.12067054082980143,-44.15733207000869,-1.1573229341274334,-1.928055715221114,0.6295741068180681,72.43969591980778,0.2719344611720337,-0.23355091818546286,0.00015748,0.23574319742339495,0.00081957,1,0.0
12971,-0.03890303519233099,1.0388056604091613,-1.54e-06,1.342730565149467,2.3495759267489063,12.646702742871897,1.0052136313683062,1.960804103132933,0.12067054082980143,-50.98196129806113,-1.1573229341274334,65.7167495242891,0.6295741068180681,7.904528431285032,0.2719344611720337,0.7693766864453382,0.00015748,2.937183116164909,0.00081957,0,0.0
12972,0.03432812958432363,4.10537828416541e-06,-1.54e-06,1.342730565149467,2.3495759267489063,-3.0878773741030328,1.0052136313683062,17.362120193169012,0.12067054082980143,-96.08661243490232,-1.1573229341274334,56.97780216802527,0.6295741068180681,38.757148701215556,0.2719344611720337,0.3671078233797478,0.00015748,1.537436591461348,0.00081957,0,0.0
12973,2.9477040672579284,3.227848828292593,-1.54e-06,1.342730565149467,2.3495759267489063,37.030474865594016,1.0052136313683062,40.46333033106096,0.12067054082980143,-66.91379525074004,-1.1573229341274334,-75.74547934655111,0.6295741068180681,41.93781618271766,0.2719344611720337,0.2694374958706769,0.00015748,4.156171494011841,0.00081957,0,0.0
12974,0.673058423732988,0.20396633290475863,-1.54e-06,1.342730565149467,2.3495759267489063,21.705743761742085,1.0052136313683062,19.80460341859988,0.12067054082980143,-53.209256291390815,-1.1573229341274334,-4.444002752253405,0.6295741068180681,15.93051410851377,0.2719344611720337,0.28703967600577895,0.00015748,2.0665806898477435,0.00081957,0,0.0
12975,2.9419267196159042,3.0925640153176266,-1.54e-06,1.342730565149467,2.3495759267489063,13.971437560601435,1.0052136313683062,32.27898860741265,0.12067054082980143,-73.20943192255736,-1.1573229341274334,-52.48888670233079,0.6295741068180681,60.447609113925665,0.2719344611720337,0.269562563083928,0.00015748,3.454585129473309,0.00081957,0,0.0
12976,-0.39401394635918985,1.492801795933764,-1.54e-06,1.342730565149467,2.3495759267489063,46.054644665680215,1.0052136313683062,11.063855480516427,0.12067054082980143,-38.948097588201435,-1.1573229341274334,52.04789774657694,0.6295741068180681,-28.32562107530673,0.2719344611720337,1.6834537688467464,0.00015748,3.3673015586560187,0.00081957,0,0.0
12977,0.0003998285315546246,0.01120313033013003,-1.54e-06,1.342730565149467,2.3495759267489063,19.873456760261973,1.0052136313683062,9.626058319578252,0.12067054082980143,-25.66269406732494,-1.1573229341274334,3.4054215352866612,0.6295741068180681,-2.6515180257954443,0.2719344611720337,0.3208860806439361,0.00015748,1.1544277732963208,0.00081957,0,0.0
12978,0.17175062802099234,0.103893205234307,-1.54e-06,1.342730565149467,2.3495759267489063,-36.24568132060354,1.0052136313683062,3.331520220898578,0.12067054082980143,-72.94867116870915,-1.1573229341274334,60.79726141333297,0.6295741068180681,54.29410477577867,0.2719344611720337,-0.11350856384968507,0.00015748,0.11276703291456842,0.00081957,1,0.0
12979,-0.7017633582832374,7.225391022700201,-1.54e-06,1.342730565149467,2.3495759267489063,86.06369787592345,1.0052136313683062,46.74514453380007,0.12067054082980143,-65.12769183781108,-1.1573229341274334,25.877519326647622,0.6295741068180681,-61.87593310477505,0.2719344611720337,0.7191261348101685,0.00015748,5.5575662444650735,0.00081957,0,0.0
12980,-1.5159525437377548,5.287859511814533,-1.54e-06,1.342730565149467,2.3495759267489063,94.77572472788749,1.0052136313683062,26.20002897133194,0.12067054082980143,-31.190937885997716,-1.1573229341274334,52.900149970046954,0.6295741068180681,-88.25920508791563,0.2719344611720337,1.9285022877471312,0.00015748,4.882950932308973,0.00081957,0,0.0
12981,0.29514197752478366,0.03671012415994516,-1.54e-06,1.342730565149467,2.3495759267489063,13.961704965189623,1.0052136313683062,18.16510148708033,0.12067054082980143,-68.05076468388889,-1.1573229341274334,20.178182663057658,0.6295741068180681,21.54654044428176,0.2719344611720337,0.2914603195767338,0.00015748,1.8192987065212796,0.00081957,0,0.0
12982,0.28335764406098096,0.1105905009211178,-1.54e-06,1.342730565149467,2.3495759267489063,-36.788037336933435,1.0052136313683062,1.9896941975773443,0.12067054082980143,-65.00118076688736,-1.1573229341274334,55.82379336191684,0.6295741068180681,52.64802114952966,0.2719344611720337,-0.1340021906417075,0.00015748,0.1338237809860006,0.00081957,1,0.0
12983,1.1649736883153268,0.44428416957930233,-1.54e-06,1.342730565149467,2.3495759267489063,-8.577008767818892,1.0052136313683062,20.811771926323033,0.12067054082980143,-83.37034782955169,-1.1573229341274334,21.04359960860381,0.6295741068180681,51.38107374723436,0.2719344611720337,0.3021302402307434,0.00015748,1.7794396125046,0.00081957,0,0.0
12984,0.0014628854380084877,0.48917546275565127,-1.54e-06,1.342730565149467,2.3495759267489063,-9.814547101184814,1.0052136313683062,4.2428968604877175,0.12067054082980143,-63.9115357312645,-1.1573229341274334,84.2497853444152,0.6295741068180681,22.44101616019659,0.2719344611720337,0.3259881070891355,0.00015748,2.6628711946757293,0.00081957,0,0.0
12985,5.61161972103541e-05,0.11651226684347515,-1.54e-06,1.342730565149467,2.3495759267489063,42.08343955451137,1.0052136313683062,25.41681583676743,0.12067054082980143,-86.58620640843485,-1.1573229341274334,32.67461393244899,0.6295741068180681,5.451021155942483,0.2719344611720337,1.2263812184166478,0.00015748,2.9118483269550475,0.00081957,0,0.0
12986,0.22949212088650306,0.10372547645150171,-1.54e-06,1.342730565149467,2.3495759267489063,93.77123405148888,1.0052136313683062,40.47724912220555,0.12067054082980143,-75.44184011624922,-1.1573229341274334,-34.45950406735338,0.6295741068180681,-23.51150069534195,0.2719344611720337,0.264619658281795,0.00015748,4.982442312910295,0.00081957,0,0.0
12987,0.6309134711354036,0.21994274877423872,-1.54e-06,1.342730565149467,2.3495759267489063,13.560696374722353,1.0052136313683062,11.035701822636197,0.12067054082980143,-20.526926701368374,-1.1573229341274334,-13.097141932846231,0.6295741068180681,7.081357561328575,0.2719344611720337,0.3192606576797519,0.00015748,1.1683811923669465,0.00081957,0,0.0
12988,1.175323755579947,1.5441713489570557,-1.54e-06,1.342730565149467,2.3495759267489063,-57.67636309751387,1.0052136313683062,-3.392683340442339,0.12067054082980143,-46.13112782628234,-1.1573229341274334,39.27908863570995,0.6295741068180681,69.67587475774364,0.2719344611720337,-0.7176530454121345,0.00015748,0.23925199329499858,0.00081957,1,0.0
12989,-0.004774343588466623,0.30613933268427784,-1.54e-06,1.342730565149467,2.3495759267489063,19.644201572074085,1.0052136313683062,18.179529143542634,0.12067054082980143,-91.85651704029115,-1.1573229341274334,66.76764490422632,0.6295741068180681,18.398174984364648,0.2719344611720337,2.01585815471835,0.00015748,2.075707208627213,0.00081957,0,0.0
12990,3.3466068352190272,3.271981380468677,-1.54e-06,1.342730565149467,2.3495759267489063,-55.48208769562794,1.0052136313683062,7.818986669735554,0.12067054082980143,-25.692988325190242,-1.1573229341274334,-45.565678965171095,0.6295741068180681,90.1983256598951,0.2719344611720337,-0.34486745924109247,0.00015748,0.33007861508781516,0.00081957,1,0.0
12991,2.3284037270348437,4.665262964505984,-1.54e-06,1.342730565149467,2.3495759267489063,-15.638797375549828,1.0052136313683062,4.48009451361748,0.12067054082980143,-49.67865350429333,-1.1573229341274334,3.378513774328488,0.6295741068180681,63.55637408804601,0.2719344611720337,0.2713919530654443,0.00015748,2.834903562467617,0.00081957,0,0.0
12992,0.4214065989228335,0.5497724137981712,-1.54e-06,1.342730565149467,2.3495759267489063,-42.69641023423149,1.0052136313683062,-1.7519002787797708,0.12067054082980143,-55.93440895003543,-1.1573229341274334,57.536246221782974,0.6295741068180681,53.72090129822798,0.2719344611720337,-0.4405735235915704,0.00015748,0.4266780028475997,0.00081957,1,0.0
12993,0.0010161518359426136,5.507641405745398e-05,-1.54e-06,1.342730565149467,2.3495759267489063,11.126040577345178,1.0052136313683062,16.68511535525785,0.12067054082980143,-73.31808009763778,-1.1573229341274334,33.67370608223065,0.6295741068180681,21.401038666243185,0.2719344611720337,0.29654920878055535,0.00015748,1.6385302084314866,0.00081957,0,0.0
12994,-0.00028447426205646664,0.015178423071497232,-1.54e-06,1.342730565149467,2.3495759267489063,34.971168566267586,1.0052136313683062,15.243115196935493,0.12067054082980143,-33.293464220245255,-1.1573229341274334,-4.5708300271480065,0.6295741068180681,-8.525017322041874,0.2719344611720337,0.2912389146601949,0.00015748,1.8684019434137276,0.00081957,0,0.0
12995,3.17423267492277,3.7016825954775596,-1.54e-06,1.342730565149467,2.3495759267489063,23.44934857323227,1.0052136313683062,36.38660576061125,0.12067054082980143,-55.02349337443768,-1.1573229341274334,-78.23469344481418,0.6295741068180681,47.75561962297122,0.2719344611720337,0.27002703488463786,0.00015748,3.5621175888905627,0.00081957,0,0.0
12996,0.6855113350457096,0.12844642375790802,-1.54e-06,1.342730565149467,2.3495759267489063,4.686300902264236,1.0052136313683062,23.96438428425286,0.12067054082980143,-98.53134935543606,-1.1573229341274334,31.470043866109066,0.6295741068180681,44.11886026776947,0.2719344611720337,0.28324164812558916,0.00015748,2.224605092903174,0.00081957,0,0.0
12997,-0.5412819712444705,1.7981058734163176,-1.54e-06,1.342730565149467,2.3495759267489063,84.15566123857833,1.0052136313683062,16.125216176112392,0.12067054082980143,-18.923117304097623,-1.1573229341274334,16.49273073158779,0.6295741068180681,-60.05665166912622,0.2719344611720337,2.398458800761163,0.00015748,3.6272486298855915,0.00081957,0,0.0
12998,-0.1179946337986002,1.879295734948917,-1.54e-06,1.342730565149467,2.3495759267489063,43.408866317631734,1.0052136313683062,7.018190564257949,0.12067054082980143,-54.892112258844,-1.1573229341274334,57.74178095677028,0.6295741068180681,-9.801889214631107,0.2719344611720337,1.3794640145652965,0.00015748,4.047209214603271,0.00081957,0,0.0
12999,1.9956158912202835,1.6021182613285794,-1.54e-06,1.342730565149467,2.3495759267489063,36.85037944625533,1.0052136313683062,31.28048823547234,0.12067054082980143,-49.630580437038965,-1.1573229341274334,-56.6248916806923,0.6295741068180681,22.807236008790962,0.2719344611720337,0.2690736904719726,0.00015748,3.321672452214483,0.00081957,0,0.0
13000,1.0241907212340815,0.19756550490338748,-1.54e-06,2.4597478815145957,3.1087171528187403,-15.679005376481681,1.0052136313683062,8.375151685972048,0.12067054082980143,-11.359991973161858,-1.1573229341274334,-90.19255356264068,0.6295741068180681,50.62783374312409,0.2719344611720337,-0.17019122656521685,0.00015748,0.1701164191115408,0.00081957,1,0.0
13001,0.9011524080684424,0.18592122067692238,-1.54e-06,2.4597478815145957,3.1087171528187403,5.88751606851169,1.0052136313683062,9.605088294828077,0.12067054082980143,-12.490533869394,-1.1573229341274334,-94.27681054039972,0.6295741068180681,39.023890978567074,0.2719344611720337,-0.2112845963344627,0.00015748,0.21090221579570897,0.00081957,1,0.0
13002,0.5736280800600748,0.11991132998727567,-1.54e-06,2.4597478815145957,3.1087171528187403,31.17230219165006,1.0052136313683062,8.496951867938563,0.12067054082980143,-6.504866768529345,-1.1573229341274334,-82.53662426530957,0.6295741068180681,14.868399994198997,0.2719344611720337,-0.20704178914978819,0.00015748,0.20906102105804067,0.00081957,1,0.0
13003,0.09695724958044138,0.10273075293914721,-1.54e-06,2.4597478815145957,3.1087171528187403,1.6776589599064053,1.0052136313683062,10.110310280788749,0.12067054082980143,-81.31839868930577,-1.1573229341274334,27.258083024549492,0.6295741068180681,44.39775487781393,0.2719344611720337,-0.20143719414697175,0.00015748,0.21816925732020548,0.00081957,1,0.0
13004,0.1278690135392932,0.013677489346178382,-1.54e-06,2.4597478815145957,3.1087171528187403,-53.82465292915507,1.0052136313683062,4.789042268335587,0.12067054082980143,-80.68856137045202,-1.1573229341274334,67.41123436193148,0.6295741068180681,64.88845993107064,0.2719344611720337,-0.07386683402278414,0.00015748,0.07379650823853516,0.00081957,1,0.0
13005,0.05455095008959976,0.08191588680212283,-1.54e-06,2.4597478815145957,3.1087171528187403,85.29409893078265,1.0052136313683062,15.162881449501729,0.12067054082980143,-99.03753660008987,-1.1573229341274334,63.399828145965664,0.6295741068180681,7.391347136338813,0.2719344611720337,0.41482860933289767,0.00015748,0.5376545845104084,0.00081957,0,0.0
13006,0.9152127859251038,0.1501017077296533,-1.54e-06,2.4597478815145957,3.1087171528187403,-35.82843133489918,1.0052136313683062,8.78599076858335,0.12067054082980143,-43.20328811276678,-1.1573229341274334,-47.305163049387616,0.6295741068180681,70.15677559220069,0.2719344611720337,-0.17129067521904973,0.00015748,0.17072729423837296,0.00081957,1,0.0
13007,-0.0007832604699584099,0.20231277622302155,-1.54e-06,2.4597478815145957,3.1087171528187403,2.0282672889302487,1.0052136313683062,-0.28004298925117865,0.12067054082980143,-11.812144848233519,-1.1573229341274334,39.61649426618705,0.6295741068180681,-0.9702987309281225,0.2719344611720337,0.0040383648245869985,0.00015748,0.36291015846331476,0.00081957,0,0.0
13008,0.7296384587960882,0.14560053895759914,-1.54e-06,2.4597478815145957,3.1087171528187403,-22.751248421064584,1.0052136313683062,11.518245691091838,0.12067054082980143,-68.72532707588266,-1.1573229341274334,-26.626243926148213,0.6295741068180681,71.27559348629457,0.2719344611720337,-0.2334345703521348,0.00015748,0.23533565263445835,0.00081957,1,0.0
13009,-8.627839250133218e-05,0.024186395437561695,-1.54e-06,2.4597478815145957,3.1087171528187403,-16.1427264866232,1.0052136313683062,1.0139053441673498,0.12067054082980143,-29.133017664332215,-1.1573229341274334,31.836760177581837,0.6295741068180681,20.421646159385507,0.2719344611720337,0.017030628226632805,0.00015748,0.030575113517464652,0.00081957,0,0.0
13010,0.7799435444498891,0.2989938048525227,-1.54e-06,2.4597478815145957,3.1087171528187403,16.788023807030406,1.0052136313683062,16.19209727563723,0.12067054082980143,-73.67428013310625,-1.1573229341274334,-61.660857179017206,0.6295741068180681,62.521891121679346,0.2719344611720337,-0.36806326111446397,0.00015748,0.3683196773873362,0.00081957,1,0.0
13011,0.46157572573834055,0.03276544695866402,-1.54e-06,2.4597478815145957,3.1087171528187403,-39.96062841319668,1.0052136313683062,1.4118742456644235,0.12067054082980143,-15.191926495218507,-1.1573229341274334,-8.842321696635867,0.6295741068180681,39.740447192298454,0.2719344611720337,-0.01528140112614325,0.00015748,0.015538554054147046,0.00081957,1,0.0
13012,0.7301489936913599,1.110225682093011,-1.54e-06,2.4597478815145957,3.1087171528187403,-71.01162944309989,1.0052136313683062,14.571447924517486,0.12067054082980143,-28.142077844405698,-1.1573229341274334,-36.31901971077754,0.6295741068180681,48.73518068165177,0.2719344611720337,-0.6079312870653324,0.00015748,0.487774799266272,0.00081957,1,0.0
13013,0.0014756353351286222,0.1665611093683617,-1.54e-06,2.4597478815145957,3.1087171528187403,52.14850037446944,1.0052136313683062,8.66243083075499,0.12067054082980143,-71.08216691790395,-1.1573229341274334,69.5909199346828,0.6295741068180681,5.54402518326624,0.2719344611720337,0.2553815791940435,0.00015748,0.5524845012266911,0.00081957,0,0.0
13014,-0.0006931636112156303,0.5163777425512335,-1.54e-06,2.4597478815145957,3.1087171528187403,99.9522887251747,1.0052136313683062,6.836271508960178,0.12067054082980143,-5.91436469110773,-1.1573229341274334,42.87043941205997,0.6295741068180681,-58.12780337020212,0.2719344611720337,0.1753559428288723,0.00015748,1.112724468019336,0.00081957,0,0.0
13015,0.0014395019122097619,0.3849740415764693,-1.54e-06,2.4597478815145957,3.1087171528187403,75.96892805840743,1.0052136313683062,3.99131242685715,0.12067054082980143,-38.77889896185422,-1.1573229341274334,80.27430227788373,0.6295741068180681,-24.64199771923006,0.2719344611720337,0.20657876501560252,0.00015748,1.0423317940946233,0.00081957,0,0.0
13016,3.8941337339171156e-05,0.1567140107764818,-1.54e-06,2.4597478815145957,3.1087171528187403,42.5821360257924,1.0052136313683062,6.533058487543987,0.12067054082980143,-50.56272167160363,-1.1573229341274334,43.950121403329646,0.6295741068180681,2.7085159148771525,0.2719344611720337,0.19628936513507966,0.00015748,0.3622647041979712,0.00081957,0,0.0
13017,0.004143007616563166,0.08902201098688735,-1.54e-06,2.4597478815145957,3.1087171528187403,68.00011503860853,1.0052136313683062,7.643417407782513,0.12067054082980143,-4.857814569686817,-1.1573229341274334,-53.6770094697646,0.6295741068180681,-21.52379124806121,0.2719344611720337,-0.2004068111027185,0.00015748,0.20498205319715732,0.00081957,1,0.0
13018,1.1925148878043537,0.5890806032626235,-1.54e-06,2.4597478815145957,3.1087171528187403,-79.77540480710411,1.0052136313683062,18.099596952258754,0.12067054082980143,-76.78428871699343,-1.1573229341274334,-36.985965686371024,0.6295741068180681,100.0,0.2719344611720337,-0.406553070928669,0.00015748,0.4080777895088229,0.00081957,1,0.0
13019,0.0012451849668770887,0.28442561970514213,-1.54e-06,2.4597478815145957,3.1087171528187403,80.11355558976146,1.0052136313683062,4.132156391970609,0.12067054082980143,-12.90672145535693,-1.1573229341274334,29.288045026223138,0.6295741068180681,-34.878904567957754,0.2719344611720337,0.18439724969791738,0.00015748,0.7122355885806357,0.00081957,0,0.0
13020,-2.1978123202037736e-05,0.1400766897991721,-1.54e-06,2.4597478815145957,3.1087171528187403,92.01386479833177,1.0052136313683062,9.250122300978951,0.12067054082980143,-19.90506324109878,-1.1573229341274334,-21.650552969974317,0.6295741068180681,-29.613780455435812,0.2719344611720337,0.17963141396402477,0.00015748,0.2753339362085447,0.00081957,0,0.0
13021,0.8695290545122469,0.11581244135658177,-1.54e-06,2.4597478815145957,3.1087171528187403,-55.0460181592053,1.0052136313683062,4.383005389513581,0.12067054082980143,-24.44664086223976,-1.1573229341274334,-35.376390659134174,0.6295741068180681,65.42163719562689,0.2719344611720337,-0.06589213669493356,0.00015748,0.06599304361247672,0.00081957,1,0.0
13022,6.676871536481777e-05,0.13004270513934527,-1.54e-06,2.4597478815145957,3.1087171528187403,52.08629409724716,1.0052136313683062,9.949925854898845,0.12067054082980143,-60.8885662200511,-1.1573229341274334,25.739675761012684,0.6295741068180681,6.191902253411059,0.2719344611720337,0.15006310765728348,0.00015748,0.2619543156199424,0.00081957,0,0.0
13023,0.2382817561354144,0.07499635956952719,-1.54e-06,2.4597478815145957,3.1087171528187403,-5.813808037904786,1.0052136313683062,8.996361076698067,0.12067054082980143,-68.39938298510205,-1.1573229341274334,11.460958681695008,0.6295741068180681,46.3493705856883,0.2719344611720337,-0.18929390796585177,0.00015748,0.19247524009867767,0.00081957,1,0.0
13024,0.0009126021515925564,0.22313254420929193,-1.54e-06,2.4597478815145957,3.1087171528187403,59.26217913450729,1.0052136313683062,5.455339865722952,0.12067054082980143,-35.75069349355445,-1.1573229341274334,44.6318236235692,0.6295741068180681,-14.312722509678501,0.2719344611720337,0.19172110719149607,0.00015748,0.583815968949299,0.00081957,0,0.0
13025,0.0038209515597874555,0.14117961972018772,-1.54e-06,2.4597478815145957,3.1087171528187403,59.887827809222166,1.0052136313683062,7.53702360308109,0.12067054082980143,-38.463912234444656,-1.1573229341274334,17.7418310590108,0.6295741068180681,-8.908287273702985,0.2719344611720337,0.2183830470059908,0.00015748,0.2822845945653661,0.00081957,0,0.0
13026,1.3300654094668558,0.27869002379476676,-1.54e-06,2.4597478815145957,3.1087171528187403,-68.77978539267093,1.0052136313683062,7.481857648357986,0.12067054082980143,-33.82729049817159,-1.1573229341274334,-67.74750695688955,0.6295741068180681,93.52202130798236,0.2719344611720337,-0.13017194116322128,0.00015748,0.1304970524840826,0.00081957,1,0.0
13027,0.4676481901258337,0.03571395312517289,-1.54e-06,2.4597478815145957,3.1087171528187403,-26.16159847655968,1.0052136313683062,1.9411500090122669,0.12067054082980143,-5.557985162234007,-1.1573229341274334,-25.452936355382775,0.6295741068180681,29.937879764543478,0.2719344611720337,-0.028216040926121833,0.00015748,0.028398342597858884,0.00081957,1,0.0
13028,0.21792207783576967,0.02220419285733721,-1.54e-06,2.4597478815145957,3.1087171528187403,-25.923064129677613,1.0052136313683062,5.321552122680518,0.12067054082980143,-55.47801301225862,-1.1573229341274334,24.015144613909353,0.6295741068180681,46.031828678361876,0.2719344611720337,-0.09951260951037068,0.00015748,0.10125768596923347,0.00081957,1,0.0
13029,0.5660952071036336,0.2157394544557192,-1.54e-06,2.4597478815145957,3.1087171528187403,19.494845109108535,1.0052136313683062,10.971679894932315,0.12067054082980143,-60.54898096816304,-1.1573229341274334,-35.78801696416873,0.6295741068180681,48.17204603889417,0.2719344611720337,-0.22439419784180975,0.00015748,0.31456213767684765,0.00081957,1,0.0
13030,1.0225870534294632,0.19987114718860835,-1.54e-06,2.4597478815145957,3.1087171528187403,-46.52549393986766,1.0052136313683062,12.083677267216528,0.12067054082980143,-69.99471140572079,-1.1573229341274334,-38.18756189995705,0.6295741068180681,90.90186683548143,0.2719344611720337,-0.22684897107690163,0.00015748,0.22774503203667798,0.00081957,1,0.0
13031,0.1511673202304742,0.15385528011230437,-1.54e-06,2.4597478815145957,3.1087171528187403,40.30368301163211,1.0052136313683062,13.155715535804617,0.12067054082980143,-84.71784041031465,-1.1573229341274334,27.424748076101483,0.6295741068180681,28.19099635481361,0.2719344611720337,0.07058588917013955,0.00015748,0.3164887345619056,0.00081957,0,0.0
13032,0.11650365279933358,0.003437783580026565,-1.54e-06,2.4597478815145957,3.1087171528187403,-5.105689412396315,1.0052136313683062,1.6053108413946529,0.12067054082980143,-10.316054762435067,-1.1573229341274334,-3.281748534953008,0.6295741068180681,11.56273025587444,0.2719344611720337,-0.030952478596510367,0.00015748,0.03181713010329978,0.00081957,1,0.0
13033,0.8113969443192786,0.13623091719618813,-1.54e-06,2.4597478815145957,3.1087171528187403,-23.510390310199643,1.0052136313683062,9.182509915451032,0.12067054082980143,-44.09808214277004,-1.1573229341274334,-45.91631634327665,0.6295741068180681,62.458807093787925,0.2719344611720337,-0.18925369095015449,0.00015748,0.18835683767976624,0.00081957,1,0.0
13034,0.00022930352258310194,0.12647186844567174,-1.54e-06,2.4597478815145957,3.1087171528187403,18.398938072454694,1.0052136313683062,9.949933519678941,0.12067054082980143,-92.74950700785865,-1.1573229341274334,70.13571347733011,0.6295741068180681,34.01612150859084,0.2719344611720337,0.19003418993871807,0.00015748,0.24391882468128495,0.00081957,0,0.0
13035,0.8578537905391804,0.32008578248794883,-1.54e-06,2.4597478815145957,3.1087171528187403,31.298436299682333,1.0052136313683062,16.24954062929459,0.12067054082980143,-51.852065312183704,-1.1573229341274334,-91.83207497083363,0.6295741068180681,48.452708155578044,0.2719344611720337,-0.3633286362415311,0.00015748,0.36960072222271956,0.00081957,1,0.0
13036,0.0017575896485798603,0.07297916998531673,-1.54e-06,2.4597478815145957,3.1087171528187403,-33.212422483294134,1.0052136313683062,2.3380149440930187,0.12067054082980143,-64.76085610183472,-1.1573229341274334,73.2936975168798,0.6295741068180681,43.57594326301032,0.2719344611720337,0.04933527437023122,0.00015748,0.1076818796962816,0.00081957,0,0.0
13037,0.8387048233714158,0.19600326551582387,-1.54e-06,2.4597478815145957,3.1087171528187403,-54.44455809731767,1.0052136313683062,9.309818770363606,0.12067054082980143,-36.9908031652692,-1.1573229341274334,-32.59118664378794,0.6295741068180681,63.96188127256736,0.2719344611720337,-0.20338217427229013,0.00015748,0.20418397565624738,0.00081957,1,0.0
13038,1.8050324101737125e-05,0.20961965959984752,-1.54e-06,2.4597478815145957,3.1087171528187403,-18.848433221089685,1.0052136313683062,3.791649771186647,0.12067054082980143,-36.90795048040071,-1.1573229341274334,56.07283781335575,0.6295741068180681,15.30633368612257,0.2719344611720337,-0.05860955094435172,0.00015748,0.3497010691955241,0.00081957,1,0.0
13039,0.00016764103196154068,0.1335465797304301,-1.54e-06,2.4597478815145957,3.1087171528187403,72.39103837393344,1.0052136313683062,9.354792977705833,0.12067054082980143,-37.86386798230753,-1.1573229341274334,-0.537288635460183,0.6295741068180681,-12.80813488511419,0.2719344611720337,0.15634621068152246,0.00015748,0.2646844422322206,0.00081957,0,0.0
13040,0.2094208952914779,0.039137814602540344,-1.54e-06,2.4597478815145957,3.1087171528187403,-36.73588094466959,1.0052136313683062,2.8782910773748234,0.12067054082980143,-60.99166568463979,-1.1573229341274334,39.079987323079685,0.6295741068180681,55.65459984372382,0.2719344611720337,-0.10784484966894804,0.00015748,0.10773455013700707,0.00081957,1,0.0
13041,0.8324543607973307,0.1276361485841316,-1.54e-06,2.4597478815145957,3.1087171528187403,-66.41231522850852,1.0052136313683062,9.969955962854048,0.12067054082980143,-70.97122293794584,-1.1573229341274334,-3.542156140107899,0.6295741068180681,88.59256769992713,0.2719344611720337,-0.17244852105441572,0.00015748,0.17372515448408227,0.00081957,1,0.0
13042,-0.002340164608954476,0.5221999555048734,-1.54e-06,2.4597478815145957,3.1087171528187403,99.9873118320024,1.0052136313683062,9.957830616885683,0.12067054082980143,-0.17646760773552653,-1.1573229341274334,12.233425485886553,0.6295741068180681,-61.352012054452594,0.2719344611720337,0.1267170091289998,0.00015748,0.9135435477351201,0.00081957,0,0.0
13043,0.812698164281187,0.2565399780030778,-1.54e-06,2.4597478815145957,3.1087171528187403,19.59506666839827,1.0052136313683062,15.366212257437047,0.12067054082980143,-43.88732914592695,-1.1573229341274334,-84.13343686435704,0.6295741068180681,44.12333959088578,0.2719344611720337,-0.31539154503908656,0.00015748,0.31587832785399766,0.00081957,1,0.0
13044,0.0010792711001966493,0.004496149555531733,-1.54e-06,2.4597478815145957,3.1087171528187403,-22.289576012877248,1.0052136313683062,-1.545825508454638,0.12067054082980143,-10.190573826873072,-1.1573229341274334,23.532340781938636,0.6295741068180681,13.802898214197732,0.2719344611720337,-0.03897861292621763,0.00015748,0.03951969500667236,0.00081957,1,0.0
13045,0.0022266557859547675,0.3484710184708464,-1.54e-06,2.4597478815145957,3.1087171528187403,83.98877560937996,1.0052136313683062,3.9759719103070736,0.12067054082980143,-8.079445069246493,-1.1573229341274334,34.19675067666401,0.6295741068180681,-41.61084989475395,0.2719344611720337,0.1764775858127099,0.00015748,0.8357056293035807,0.00081957,0,0.0
13046,0.019842488783056833,1.4275231966573945,-1.54e-06,2.4597478815145957,3.1087171528187403,76.61444013081837,1.0052136313683062,30.307253703062855,0.12067054082980143,-80.87307172779896,-1.1573229341274334,-34.44451828820155,0.6295741068180681,-11.69386774159987,0.2719344611720337,-0.5947824685748822,0.00015748,0.7497469860404722,0.00081957,1,0.0
13047,-0.0003064853718457994,0.5258510418708351,-1.54e-06,2.4597478815145957,3.1087171528187403,14.569838660599704,1.0052136313683062,-0.9637188469985213,0.12067054082980143,-27.855019558093378,-1.1573229341274334,92.48928744420127,0.6295741068180681,-4.855505954139617,0.2719344611720337,0.03533968138212562,0.00015748,0.8878067957205082,0.00081957,0,0.0
13048,0.0004627825841959643,0.15872596653105803,-1.54e-06,2.4597478815145957,3.1087171528187403,62.502427202138136,1.0052136313683062,9.504792049615506,0.12067054082980143,-76.21066000151309,-1.1573229341274334,75.96243987308198,0.6295741068180681,2.668353717117343,0.2719344611720337,0.28676900704367136,0.00015748,0.6454766793495168,0.00081957,0,0.0
13049,0.3600440007860695,0.024889968220437014,-1.54e-06,2.4597478815145957,3.1087171528187403,-19.637746391404583,1.0052136313683062,4.3078542299550575,0.12067054082980143,-30.171895354697433,-1.1573229341274334,-7.88099800798799,0.6295741068180681,36.39128110389367,0.2719344611720337,-0.08317931314789175,0.00015748,0.08340310625963639,0.00081957,1,0.0
13050,0.24151601627354002,0.08114371425392784,-1.54e-06,2.4597478815145957,3.1087171528187403,-6.322605350122126,1.0052136313683062,9.751534786821198,0.12067054082980143,-71.9022941014267,-1.1573229341274334,12.417124837578022,0.6295741068180681,47.809794163723645,0.2719344611720337,-0.1992148640348977,0.00015748,0.2010072981500048,0.00081957,1,0.0
13051,0.0015500250336124566,0.14408253565001228,-1.54e-06,2.4597478815145957,3.1087171528187403,77.16009171249495,1.0052136313683062,8.079372581363705,0.12067054082980143,-32.60017769683784,-1.1573229341274334,4.8946707170412385,0.6295741068180681,-17.941646264342868,0.2719344611720337,0.22587424295851505,0.00015748,0.3071402297287131,0.00081957,0,0.0
13052,0.378995945700087,0.8092542801401648,-1.54e-06,2.4597478815145957,3.1087171528187403,-37.51282569437953,1.0052136313683062,-9.426399038888906,0.12067054082980143,-26.97682070689166,-1.1573229341274334,36.426414543546485,0.6295741068180681,57.89226404360546,0.2719344611720337,-0.3752728955690114,0.00015748,0.5409502569570983,0.00081957,1,0.0
13053,0.24592351507822086,0.17898179900613084,-1.54e-06,2.4597478815145957,3.1087171528187403,49.0653927409189,1.0052136313683062,13.729805340752113,0.12067054082980143,-75.68325280601073,-1.1573229341274334,1.5076155875236104,0.6295741068180681,25.678059429396168,0.2719344611720337,-0.0060053265783485965,0.00015748,0.3401833829669363,0.00081957,1,0.0
13054,0.001584901037161246,0.1307926004486989,-1.54e-06,2.4597478815145957,3.1087171528187403,89.98706050675206,1.0052136313683062,10.837207476292738,0.12067054082980143,-62.15572223040266,-1.1573229341274334,46.15875713300196,0.6295741068180681,-14.130423098913633,0.2719344611720337,0.3297801353046803,0.00015748,0.5961145201732703,0.00081957,0,0.0
13055,0.01612676358838988,0.14432089633389655,-1.54e-06,2.4597478815145957,3.1087171528187403,-18.814062488505026,1.0052136313683062,-2.5334163776765206,0.12067054082980143,-34.02578768291412,-1.1573229341274334,45.79692013234082,0.6295741068180681,29.94015162913628,0.2719344611720337,-0.11271393629266133,0.00015748,0.21660741650824475,0.00081957,1,0.0
13056,0.5089010486114666,0.038412751667535265,-1.54e-06,2.4597478815145957,3.1087171528187403,-40.03343582272649,1.0052136313683062,4.260580851969192,0.12067054082980143,-39.43110531945561,-1.1573229341274334,-2.2269349317632234,0.6295741068180681,54.46682727326248,0.2719344611720337,-0.07502016177919928,0.00015748,0.07534145699833954,0.00081957,1,0.0
13057,0.0037918930920097793,0.12194331531841042,-1.54e-06,2.4597478815145957,3.1087171528187403,18.876228046205085,1.0052136313683062,10.372105117004866,0.12067054082980143,-86.2930219827218,-1.1573229341274334,50.76412813411217,0.6295741068180681,32.81477955245836,0.2719344611720337,0.03651988551284205,0.00015748,0.24183810764557898,0.00081957,0,0.0
13058,0.5000964500749057,0.16443727805150138,-1.54e-06,2.4597478815145957,3.1087171528187403,10.951555364363402,1.0052136313683062,12.92702077569638,0.12067054082980143,-65.8392622125491,-1.1573229341274334,-31.415948486942472,0.6295741068180681,48.67434037554509,0.2719344611720337,-0.2763955278693297,0.00015748,0.2811574811938555,0.00081957,1,0.0
13059,0.10427019425211992,0.1472086394567116,-1.54e-06,2.4597478815145957,3.1087171528187403,63.25343810554866,1.0052136313683062,13.0215675892103,0.12067054082980143,-77.3287959517944,-1.1573229341274334,26.127938740865634,0.6295741068180681,12.730305137835797,0.2719344611720337,0.20070806306061767,0.00015748,0.3421418525973851,0.00081957,0,0.0
13060,0.14583864419889525,0.5358969949038928,-1.54e-06,2.4597478815145957,3.1087171528187403,14.92420478447646,1.0052136313683062,-2.2837711341081084,0.12067054082980143,-48.69975253084493,-1.1573229341274334,75.9854472547607,0.6295741068180681,25.07427645481152,0.2719344611720337,0.007080286197423236,0.00015748,0.715030554462855,0.00081957,0,0.0
13061,0.46706288442884103,0.026816903429976235,-1.54e-06,2.4597478815145957,3.1087171528187403,-58.2700812195238,1.0052136313683062,3.4984515386105373,0.12067054082980143,-52.51566633658311,-1.1573229341274334,23.14582561286261,0.6295741068180681,65.99007075172203,0.2719344611720337,-0.04878525661312127,0.00015748,0.048911823497059574,0.00081957,1,0.0
13062,0.004423107343668131,0.3042440790754962,-1.54e-06,2.4597478815145957,3.1087171528187403,43.283973345608885,1.0052136313683062,0.8547743068925396,0.12067054082980143,-36.464681229615955,-1.1573229341274334,47.85090469057885,0.6295741068180681,1.3392836173910798,0.2719344611720337,0.07037432743049105,0.00015748,0.5422167406722447,0.00081957,0,0.0
13063,0.37518091612814825,0.12802735689642336,-1.54e-06,2.4597478815145957,3.1087171528187403,-91.79272130039887,1.0052136313683062,-5.241046612384061,0.12067054082980143,-44.257894403434406,-1.1573229341274334,62.460000515774155,0.6295741068180681,76.18468770184766,0.2719344611720337,-0.15666352831124783,0.00015748,0.16020464744811033,0.00081957,1,0.0
13064,0.0037590945270908893,0.5088766979143752,-1.54e-06,2.4597478815145957,3.1087171528187403,98.15328379800098,1.0052136313683062,19.34076522307972,0.12067054082980143,-55.7374943901552,-1.1573229341274334,21.62539004879181,0.6295741068180681,-34.32039986591676,0.2719344611720337,0.09837791686995323,0.00015748,0.8097158907661033,0.00081957,0,0.0
13065,1.3984855588298033,0.30988742331729197,-1.54e-06,2.4597478815145957,3.1087171528187403,-78.44091649419192,1.0052136313683062,7.091474117214307,0.12067054082980143,-28.345988319666393,-1.1573229341274334,-70.56090516857184,0.6295741068180681,95.62767523802277,0.2719344611720337,-0.10965936737425547,0.00015748,0.11005936984115633,0.00081957,1,0.0
13066,0.45354988168097465,0.124843027554677,-1.54e-06,2.4597478815145957,3.1087171528187403,10.626781425002894,1.0052136313683062,10.868749166423493,0.12067054082980143,-53.99090360457855,-1.1573229341274334,-31.585536391097026,0.6295741068180681,41.56056224353634,0.2719344611720337,-0.24284795963360692,0.00015748,0.24337986535372366,0.00081957,1,0.0
13067,0.3697070104357384,0.029994684430701215,-1.54e-06,2.4597478815145957,3.1087171528187403,-43.50822152770743,1.0052136313683062,-0.5726274986058688,0.12067054082980143,-6.781705047993489,-1.1573229341274334,-0.20186822822071704,0.6295741068180681,32.9569570643576,0.2719344611720337,-0.0431574316334563,0.00015748,0.043954581108447494,0.00081957,1,0.0
13068,0.0004535534434924049,0.12474785639922199,-1.54e-06,2.4597478815145957,3.1087171528187403,38.325468279050405,1.0052136313683062,9.572012683081235,0.12067054082980143,-68.18317683542294,-1.1573229341274334,36.70013971785353,0.6295741068180681,15.357928483003358,0.2719344611720337,0.13167675681731916,0.00015748,0.24358476162305176,0.00081957,0,0.0
13069,0.0022793493732966297,0.14918605828592654,-1.54e-06,2.4597478815145957,3.1087171528187403,-15.902700646944671,1.0052136313683062,2.7205953208136773,0.12067054082980143,-58.78839722930339,-1.1573229341274334,75.72741609512211,0.6295741068180681,30.484109948645543,0.2719344611720337,0.06929540382833041,0.00015748,0.29139200315406055,0.00081957,0,0.0
13070,0.7964933811905586,0.3105481027505691,-1.54e-06,2.4597478815145957,3.1087171528187403,17.62763278115635,1.0052136313683062,15.27474768599736,0.12067054082980143,-99.9504024106747,-1.1573229341274334,-2.0261027760370682,0.6295741068180681,70.97708223719751,0.2719344611720337,0.07375071189643304,0.00015748,0.41219972392239634,0.00081957,0,0.0
13071,0.7007472756227386,0.37460194322125817,-1.54e-06,2.4597478815145957,3.1087171528187403,59.66342339839688,1.0052136313683062,9.318144926474119,0.12067054082980143,-34.591489969513134,-1.1573229341274334,-55.1311230293494,0.6295741068180681,23.307346929695925,0.2719344611720337,0.016705798665374444,0.00015748,0.4464585255797864,0.00081957,0,0.0
13072,-0.004438947662955828,0.936522604693026,-1.54e-06,2.4597478815145957,3.1087171528187403,53.332004189478326,1.0052136313683062,16.026678286228616,0.12067054082980143,-9.509557844673703,-1.1573229341274334,-20.90246570871051,0.6295741068180681,-40.031387370670984,0.2719344611720337,-0.3110335030195364,0.00015748,0.676888507115003,0.00081957,1,0.0
13073,0.5711868231880312,0.03763818669657195,-1.54e-06,2.4597478815145957,3.1087171528187403,-86.27974154153378,1.0052136313683062,3.7690246249302124,0.12067054082980143,-68.94848994328116,-1.1573229341274334,41.98489295188052,0.6295741068180681,87.53651604755075,0.2719344611720337,-0.04813593297470292,0.00015748,0.048042444726111855,0.00081957,1,0.0
13074,0.11943159048614693,0.1471891110111418,-1.54e-06,2.4597478815145957,3.1087171528187403,86.94859729348605,1.0052136313683062,13.848942758930367,0.12067054082980143,-65.80693303333261,-1.1573229341274334,9.934527078561974,0.6295741068180681,-2.859061305896342,0.2719344611720337,0.27232676572150566,0.00015748,0.3756783315030789,0.00081957,0,0.0
13075,0.09127775955125583,0.18921576320490444,-1.54e-06,2.4597478815145957,3.1087171528187403,18.43451596194905,1.0052136313683062,4.705561567543498,0.12067054082980143,-65.57215160338974,-1.1573229341274334,48.60522947661368,0.6295741068180681,29.896965366985082,0.2719344611720337,0.062228104944892004,0.00015748,0.32683418128289743,0.00081957,0,0.0
13076,0.8549545988730163,0.27725227030127686,-1.54e-06,2.4597478815145957,3.1087171528187403,21.70764305978297,1.0052136313683062,14.11763600776114,0.12067054082980143,-47.95488269858729,-1.1573229341274334,-84.97542936169461,0.6295741068180681,51.07958068064897,0.2719344611720337,-0.33535697897162947,0.00015748,0.3350294835714664,0.00081957,1,0.0
13077,0.00024410023969126393,0.08997530672666412,-1.54e-06,2.4597478815145957,3.1087171528187403,-29.04545343841221,1.0052136313683062,-2.4098180887337044,0.12067054082980143,-22.28552684676536,-1.1573229341274334,48.82490047360124,0.6295741068180681,21.635661179450853,0.2719344611720337,-0.044591255260384335,0.00015748,0.17581871688959405,0.00081957,1,0.0
13078,0.09328271084081285,0.16035312973944588,-1.54e-06,2.4597478815145957,3.1087171528187403,72.9400056202013,1.0052136313683062,12.166638027547641,0.12067054082980143,-44.758527751133954,-1.1573229341274334,-21.890840957899755,0.6295741068180681,-4.427599691654721,0.2719344611720337,-0.025319657600593792,0.00015748,0.3085732529109552,0.00081957,1,0.0
13079,0.5314537413878133,0.04441854636290584,-1.54e-06,2.4597478815145957,3.1087171528187403,-49.53721360771167,1.0052136313683062,5.978452858053276,0.12067054082980143,-60.43690864784563,-1.1573229341274334,12.571364054668246,0.6295741068180681,69.19838550694901,0.2719344611720337,-0.1044096859168292,0.00015748,0.10433622116660668,0.00081957,1,0.0
13080,0.20786428880433527,0.13703697996140043,-1.54e-06,2.4597478815145957,3.1087171528187403,1.2827881207800347,1.0052136313683062,12.219133538650416,0.12067054082980143,-96.62565265455274,-1.1573229341274334,34.403044639718644,0.6295741068180681,54.461967526159505,0.2719344611720337,-0.12943839272321353,0.00015748,0.26548119421840666,0.00081957,1,0.0
13081,0.5090357767089517,0.031187069068182235,-1.54e-06,2.4597478815145957,3.1087171528187403,-78.15924405646373,1.0052136313683062,4.928426888389831,0.12067054082980143,-79.86351288235187,-1.1573229341274334,47.466853506907796,0.6295741068180681,88.54274857884917,0.2719344611720337,-0.06912728995619677,0.00015748,0.06877874893569824,0.00081957,1,0.0
13082,0.9633600424600435,0.1931390547300199,-1.54e-06,2.4597478815145957,3.1087171528187403,-41.12241336404834,1.0052136313683062,12.583667384545594,0.12067054082980143,-72.72897996897075,-1.1573229341274334,-35.42187755050889,0.6295741068180681,87.91202513286102,0.2719344611720337,-0.23955126719833839,0.00015748,0.2393431307481597,0.00081957,1,0.0
13083,1.2158487013781554,0.24658651519301863,-1.54e-06,2.4597478815145957,3.1087171528187403,-67.7757602370407,1.0052136313683062,5.928981737340085,0.12067054082980143,-16.11576924839287,-1.1573229341274334,-66.71768965184518,0.6295741068180681,77.45492368346541,0.2719344611720337,-0.09502468008342432,0.00015748,0.09480732949201273,0.00081957,1,0.0
13084,0.8145330396274808,0.13007600778006737,-1.54e-06,2.4597478815145957,3.1087171528187403,-99.80437348258171,1.0052136313683062,-1.3206201110733482,0.12067054082980143,-27.095984186247133,-1.1573229341274334,9.763582457714493,0.6295741068180681,82.05779722462562,0.2719344611720337,-0.06739755541567038,0.00015748,0.06691030078826735,0.00081957,1,0.0
13085,0.35719775902154316,0.37817811945591967,-1.54e-06,2.4597478815145957,3.1087171528187403,19.572098252790582,1.0052136313683062,20.14785065409147,0.12067054082980143,-88.18842078817887,-1.1573229341274334,-20.984591370413874,0.6295741068180681,42.83418015571646,0.2719344611720337,-0.3972300674860235,0.00015748,0.40197611122781185,0.00081957,1,0.0
13086,0.8368567869615287,0.13947910945764655,-1.54e-06,2.4597478815145957,3.1087171528187403,-36.23346238775946,1.0052136313683062,10.00941718655288,0.12067054082980143,-60.57407450838303,-1.1573229341274334,-30.575950985848266,0.6295741068180681,76.19721661774312,0.2719344611720337,-0.19663700508964022,0.00015748,0.19725050286305512,0.00081957,1,0.0
13087,0.0017619133219417549,0.08696303229204598,-1.54e-06,2.4597478815145957,3.1087171528187403,23.187852003959122,1.0052136313683062,8.269008184805687,0.12067054082980143,-54.72730335284595,-1.1573229341274334,10.89241876451255,0.6295741068180681,19.13335945934626,0.2719344611720337,-0.14397222064358242,0.00015748,0.1944019811052823,0.00081957,1,0.0
13088,0.2878204393963547,0.017531033010789926,-1.54e-06,2.4597478815145957,3.1087171528187403,-42.868571783326026,1.0052136313683062,-0.7636557405751344,0.12067054082980143,-14.453003626734134,-1.1573229341274334,12.038904477102717,0.6295741068180681,34.276511422934924,0.2719344611720337,-0.033424982635557696,0.00015748,0.0334151810190811,0.00081957,1,0.0
13089,1.117143229244532,0.21300035885556504,-1.54e-06,2.4597478815145957,3.1087171528187403,-37.198767514781196,1.0052136313683062,5.511081543437871,0.12067054082980143,-2.241129301474146,-1.1573229341274334,-85.87348617391648,0.6295741068180681,57.81338497553595,0.2719344611720337,-0.10362202769276249,0.00015748,0.10389408928524799,0.00081957,1,0.0
13090,0.000120437944838514,0.11231990972200334,-1.54e-06,2.4597478815145957,3.1087171528187403,92.95624610188499,1.0052136313683062,14.465587129813112,0.12067054082980143,-98.93286196301256,-1.1573229341274334,91.3328164003669,0.6295741068180681,-3.3941920879120633,0.2719344611720337,0.3999196089575985,0.00015748,0.8525307528326889,0.00081957,0,0.0
13091,0.0003986164237990142,0.1356966142465943,-1.54e-06,2.4597478815145957,3.1087171528187403,63.73972998024317,1.0052136313683062,10.460996529400479,0.12067054082980143,-60.9391629181831,-1.1573229341274334,32.06214489875411,0.6295741068180681,-0.8957589583110421,0.2719344611720337,0.28034460644322134,0.00015748,0.29656695361710184,0.00081957,0,0.0
13092,0.3261861141310459,0.048027476023899535,-1.54e-06,2.4597478815145957,3.1087171528187403,26.2322218735719,1.0052136313683062,5.441128484089832,0.12067054082980143,-1.1542354448944834,-1.1573229341274334,-55.02554032340441,0.6295741068180681,4.096987184190244,0.2719344611720337,-0.13464854937840134,0.00015748,0.1367478740058761,0.00081957,1,0.0
13093,0.6166738243070926,0.057391643213936736,-1.54e-06,2.4597478815145957,3.1087171528187403,-60.36415245274937,1.0052136313683062,6.913681745662896,0.12067054082980143,-67.28657640156297,-1.1573229341274334,14.671036693490304,0.6295741068180681,78.83697079086137,0.2719344611720337,-0.11369995426526364,0.00015748,0.11304044320224854,0.00081957,1,0.0
13094,0.033241487933486774,0.009628430528252642,-1.54e-06,2.4597478815145957,3.1087171528187403,8.869711394028478,1.0052136313683062,2.8853737392187417,0.12067054082980143,-15.272389313135402,-1.1573229341274334,-3.737532069806664,0.6295741068180681,6.022128332900129,0.2719344611720337,-0.06819888636179774,0.00015748,0.06817404075728853,0.00081957,1,0.0
13095,0.6898231864844458,0.0821904347973315,-1.54e-06,2.4597478815145957,3.1087171528187403,-22.617683986129574,1.0052136313683062,4.360316870994709,0.12067054082980143,-7.305491463140391,-1.1573229341274334,-51.076494799437164,0.6295741068180681,38.18682153424731,0.2719344611720337,-0.08118861559481481,0.00015748,0.0804438499550507,0.00081957,1,0.0
13096,0.0026632966277496672,0.1651068079842951,-1.54e-06,2.4597478815145957,3.1087171528187403,88.73671297677389,1.0052136313683062,9.388450365901333,0.12067054082980143,-46.59045441161058,-1.1573229341274334,37.955567687182146,0.6295741068180681,-21.977926962806837,0.2719344611720337,0.2911994733982701,0.00015748,0.620085558123228,0.00081957,0,0.0
13097,-0.0002780606842264499,0.1366841215625825,-1.54e-06,2.4597478815145957,3.1087171528187403,-46.51434294768382,1.0052136313683062,-1.991884946945275,0.12067054082980143,-43.218444389067535,-1.1573229341274334,79.80372403962778,0.6295741068180681,36.78057117566911,0.2719344611720337,-0.04359543450649307,0.00015748,0.2502776503928323,0.00081957,1,0.0
13098,0.06105839235635446,0.13568168581180226,-1.54e-06,2.4597478815145957,3.1087171528187403,61.678824604479615,1.0052136313683062,10.254375052317961,0.12067054082980143,-36.243475567828504,-1.1573229341274334,-27.355057608569187,0.6295741068180681,-3.0431454616222777,0.2719344611720337,-0.129427394674806,0.00015748,0.2628626948712407,0.00081957,1,0.0
13099,0.598270228765778,0.09536907624736983,-1.54e-06,2.4597478815145957,3.1087171528187403,-6.436327107753439,1.0052136313683062,3.34006018586453,0.12067054082980143,-9.729760440586299,-1.1573229341274334,-49.878775153644206,0.6295741068180681,33.934549035814804,0.2719344611720337,-0.1423901648281382,0.00015748,0.14474800222645096,0.00081957,1,0.0
13100,0.9560089313675374,0.42650892326304446,-1.54e-06,1.953679530487697,3.0141450503401943,3.1538203196926755,1.0052136313683062,18.900088335648388,0.12067054082980143,-81.49558219472634,-1.1573229341274334,-19.227146968061327,0.6295741068180681,60.79608870527994,0.2719344611720337,0.061118565529129476,0.00015748,0.5827637579346627,0.00081957,0,0.0
13101,0.8673916156298765,0.38576165733505474,-1.54e-06,1.953679530487697,3.0141450503401943,43.89614636673481,1.0052136313683062,17.892740362494223,0.12067054082980143,-43.76359689210521,-1.1573229341274334,-53.503052323869085,0.6295741068180681,22.414948537696265,0.2719344611720337,0.2105322213852077,0.00015748,0.630368176062873,0.00081957,0,0.0
13102,0.0017058516875212426,0.05674396722057677,-1.54e-06,1.953679530487697,3.0141450503401943,35.69099141014328,1.0052136313683062,11.691269395069783,0.12067054082980143,-80.26943596899676,-1.1573229341274334,78.08998073167271,0.6295741068180681,10.706667414810239,0.2719344611720337,0.4435096179071156,0.00015748,0.6631196046632835,0.00081957,0,0.0
13103,0.5404157839171199,0.12186202470521472,-1.54e-06,1.953679530487697,3.0141450503401943,-55.09461180832737,1.0052136313683062,-2.7759360124474446,0.12067054082980143,-10.474835140033655,-1.1573229341274334,13.737118715408755,0.6295741068180681,43.74828670750924,0.2719344611720337,-0.14971675392506212,0.00015748,0.15051311097842163,0.00081957,1,0.0
13104,0.08529064104638964,0.35136909772490343,-1.54e-06,1.953679530487697,3.0141450503401943,54.09491123456307,1.0052136313683062,2.210718586639402,0.12067054082980143,-43.823228925309856,-1.1573229341274334,83.92275470307203,0.6295741068180681,-11.02324502697543,0.2719344611720337,0.30860305357239914,0.00015748,1.3098304365390911,0.00081957,0,0.0
13105,0.8849662720826071,0.4261187686997656,-1.54e-06,1.953679530487697,3.0141450503401943,68.34553442923493,1.0052136313683062,19.21131033353233,0.12067054082980143,-83.06003928355005,-1.1573229341274334,-18.4054486358013,0.6295741068180681,32.91558578701499,0.2719344611720337,0.3246428748093879,0.00015748,1.0765831037185416,0.00081957,0,0.0
13106,0.006331158873018081,0.005293921403019421,-1.54e-06,1.953679530487697,3.0141450503401943,-30.496236587211115,1.0052136313683062,0.2303816701716838,0.12067054082980143,-38.527429639120435,-1.1573229341274334,48.12812531958939,0.6295741068180681,30.507228283878685,0.2719344611720337,-0.02725546851251575,0.00015748,0.02727196942322549,0.00081957,1,0.0
13107,0.002162023666256785,0.11162084664423333,-1.54e-06,1.953679530487697,3.0141450503401943,22.571270995881584,1.0052136313683062,5.8593787049073605,0.12067054082980143,-21.74119486399515,-1.1573229341274334,4.398408594822513,0.6295741068180681,-2.141069575268759,0.2719344611720337,0.08163322496742073,0.00015748,0.20487745704496615,0.00081957,0,0.0
13108,0.001213110469391987,0.0769541348883106,-1.54e-06,1.953679530487697,3.0141450503401943,59.08802092179305,1.0052136313683062,8.409628054220212,0.12067054082980143,-37.49621831807565,-1.1573229341274334,35.42183317416901,0.6295741068180681,-16.823671967498218,0.2719344611720337,0.39386730934448877,0.00015748,0.6874035458728168,0.00081957,0,0.0
13109,1.1245695812731336,0.4431224286969373,-1.54e-06,1.953679530487697,3.0141450503401943,93.950424358917,1.0052136313683062,28.305707182559647,0.12067054082980143,-60.03190580931395,-1.1573229341274334,-87.90832542694689,0.6295741068180681,13.366769279226245,0.2719344611720337,0.3305975916631588,0.00015748,1.0393658171990354,0.00081957,0,0.0
13110,0.08610435373601338,0.09036274629714275,-1.54e-06,1.953679530487697,3.0141450503401943,-36.889243436781356,1.0052136313683062,5.5493239245075845,0.12067054082980143,-86.64724590866012,-1.1573229341274334,72.23828736139944,0.6295741068180681,58.83519940733049,0.2719344611720337,-0.07104562690281499,0.00015748,0.163862007714029,0.00081957,1,0.0
13111,1.1532727765005575,0.23169455783261356,-1.54e-06,1.953679530487697,3.0141450503401943,-46.708489047956974,1.0052136313683062,6.2510481811203595,0.12067054082980143,-20.42502935839261,-1.1573229341274334,-54.7491381491128,0.6295741068180681,65.90904711098729,0.2719344611720337,-0.1355183327750657,0.00015748,0.13522430920742862,0.00081957,1,0.0
13112,1.0819111565758286,0.3874927890871339,-1.54e-06,1.953679530487697,3.0141450503401943,29.575401062570656,1.0052136313683062,21.33000864212906,0.12067054082980143,-76.64154549887098,-1.1573229341274334,-26.36594007017508,0.6295741068180681,46.86059562810743,0.2719344611720337,0.3818479800465222,0.00015748,0.712870427381501,0.00081957,0,0.0
13113,1.0429698532768228,0.4176992102594379,-1.54e-06,1.953679530487697,3.0141450503401943,-33.898804272082636,1.0052136313683062,16.290144618254278,0.12067054082980143,-74.5479995969554,-1.1573229341274334,-41.35320250121645,0.6295741068180681,82.40392615681922,0.2719344611720337,-0.41865226374670034,0.00015748,0.4204097844998987,0.00081957,1,0.0
13114,0.7743273109260532,0.1367747731040409,-1.54e-06,1.953679530487697,3.0141450503401943,-22.933769768399834,1.0052136313683062,7.636247397870704,0.12067054082980143,-23.438431654130735,-1.1573229341274334,-43.922606902987916,0.6295741068180681,45.11285755537027,0.2719344611720337,-0.18820278477012936,0.00015748,0.18783188940332635,0.00081957,1,0.0
13115,0.10214184381916258,0.138032569082414,-1.54e-06,1.953679530487697,3.0141450503401943,-1.2727301710305237,1.0052136313683062,9.266165596807612,0.12067054082980143,-63.87619274209116,-1.1573229341274334,32.07976665478252,0.6295741068180681,31.059158013309954,0.2719344611720337,-0.03511747675624366,0.00015748,0.27266282955530885,0.00081957,1,0.0
13116,0.8681545415300218,0.4630863591115573,-1.54e-06,1.953679530487697,3.0141450503401943,-1.512893820692764,1.0052136313683062,16.152338416622726,0.12067054082980143,-50.692650490134234,-1.1573229341274334,-67.0973143897154,0.6295741068180681,53.09139865080574,0.2719344611720337,-0.4396845123013949,0.00015748,0.46745923894270863,0.00081957,1,0.0
13117,0.5691936839584835,0.24496174642210625,-1.54e-06,1.953679530487697,3.0141450503401943,-10.735582910765137,1.0052136313683062,13.679312786456684,0.12067054082980143,-85.65574350296097,-1.1573229341274334,23.71180608058851,0.6295741068180681,58.08372672170232,0.2719344611720337,0.05775914710447444,0.00015748,0.4170931891020438,0.00081957,0,0.0
13118,0.9232750765261774,0.15706313938971153,-1.54e-06,1.953679530487697,3.0141450503401943,-59.41859006527985,1.0052136313683062,1.9027691924357275,0.12067054082980143,-19.678474848044694,-1.1573229341274334,-17.07694423550662,0.6295741068180681,62.25204818635332,0.2719344611720337,-0.04473464713454309,0.00015748,0.04481322138840077,0.00081957,1,0.0
13119,0.8520516779408325,0.17589479335262986,-1.54e-06,1.953679530487697,3.0141450503401943,-34.92268285250654,1.0052136313683062,9.858064615229038,0.12067054082980143,-46.22729216695417,-1.1573229341274334,-30.124731972470997,0.6295741068180681,62.933851177572194,0.2719344611720337,-0.23308813949610857,0.00015748,0.2348268137788137,0.00081957,1,0.0
13120,9.556284424927508e-05,0.04209731714457097,-1.54e-06,1.953679530487697,3.0141450503401943,79.04111685244722,1.0052136313683062,13.016860382695246,0.12067054082980143,-39.81408746202043,-1.1573229341274334,7.748879402231976,0.6295741068180681,-23.059776701005323,0.2719344611720337,0.4326311550874599,0.00015748,0.5929689576199514,0.00081957,0,0.0
13121,0.0003756030980519298,0.37224483396363595,-1.54e-06,1.953679530487697,3.0141450503401943,-27.791183353741935,1.0052136313683062,-3.460603520679638,0.12067054082980143,-35.72545351300732,-1.1573229341274334,85.7122248321089,0.6295741068180681,22.772006258555525,0.2719344611720337,-0.07957518902935617,0.00015748,0.5557578095757028,0.00081957,1,0.0
13122,-5.086535719911467e-05,0.03363982354742566,-1.54e-06,1.953679530487697,3.0141450503401943,36.86780042808579,1.0052136313683062,14.017296039297829,0.12067054082980143,-91.7115500238252,-1.1573229341274334,75.60544386916584,0.6295741068180681,16.39997222860913,0.2719344611720337,0.5072611456654016,0.00015748,0.5404301909363786,0.00081957,0,0.0
13123,1.1336725652758513,0.35835888296797014,-1.54e-06,1.953679530487697,3.0141450503401943,-14.34864800119268,1.0052136313683062,12.431155603099931,0.12067054082980143,-19.46640248265661,-1.1573229341274334,-91.8006069988175,0.6295741068180681,51.54598778818258,0.2719344611720337,-0.33142796225308213,0.00015748,0.331947329511186,0.00081957,1,0.0
13124,1.557333977738946,0.45275444122059993,-1.54e-06,1.953679530487697,3.0141450503401943,-58.14216191860923,1.0052136313683062,11.03566688069011,0.12067054082980143,-38.474080781892134,-1.1573229341274334,-76.2593743450375,0.6295741068180681,92.27973757419046,0.2719344611720337,-0.2624476695304701,0.00015748,0.2615296891751478,0.00081957,1,0.0
13125,0.06890055281687435,0.14170446643186357,-1.54e-06,1.953679530487697,3.0141450503401943,20.38262955112775,1.0052136313683062,8.53944602705819,0.12067054082980143,-38.30980868813458,-1.1573229341274334,5.978645307555683,0.6295741068180681,8.93388376354032,0.2719344611720337,0.006469594074779067,0.00015748,0.2826196818677358,0.00081957,0,0.0
13126,0.27035727593308145,0.10172901133307286,-1.54e-06,1.953679530487697,3.0141450503401943,57.94094835999988,1.0052136313683062,13.887309001845667,0.12067054082980143,-46.00425213652822,-1.1573229341274334,4.532962384449933,0.6295741068180681,-3.9328283032286313,0.2719344611720337,0.4679837377152882,0.00015748,0.533736047757219,0.00081957,0,0.0
13127,0.5662745987248083,0.05104582457235067,-1.54e-06,1.953679530487697,3.0141450503401943,-34.75258062478321,1.0052136313683062,3.8237976651298204,0.12067054082980143,-27.990832663357292,-1.1573229341274334,-7.15352709503554,0.6295741068180681,45.23693823501488,0.2719344611720337,-0.07119016001808123,0.00015748,0.07162014555447685,0.00081957,1,0.0
13128,0.09870577304007688,0.08142243096030978,-1.54e-06,1.953679530487697,3.0141450503401943,17.817740908407647,1.0052136313683062,11.18831890791922,0.12067054082980143,-86.88129631140018,-1.1573229341274334,81.57950745982194,0.6295741068180681,25.392700203673623,0.2719344611720337,0.400536374981614,0.00015748,0.5889810730458467,0.00081957,0,0.0
13129,1.3358949374548075,0.5427817243216493,-1.54e-06,1.953679530487697,3.0141450503401943,15.152191893092432,1.0052136313683062,24.326773781734943,0.12067054082980143,-97.03585288952097,-1.1573229341274334,-29.20992209563171,0.6295741068180681,70.86898515830464,0.2719344611720337,0.2961057747907281,0.00015748,0.7868965914883348,0.00081957,0,0.0
13130,0.08310724001053504,0.04461100979979615,-1.54e-06,1.953679530487697,3.0141450503401943,59.46241997715855,1.0052136313683062,15.436073612825172,0.12067054082980143,-66.43408945614708,-1.1573229341274334,29.41810120817711,0.6295741068180681,-1.3230845191424687,0.2719344611720337,0.44463661842789953,0.00015748,0.5710582936031696,0.00081957,0,0.0
13131,0.6804243677001375,0.4485695004934405,-1.54e-06,1.953679530487697,3.0141450503401943,-10.014046505476962,1.0052136313683062,18.42841171729834,0.12067054082980143,-66.89520054532198,-1.1573229341274334,-37.9591957106949,0.6295741068180681,54.13746124688513,0.2719344611720337,-0.4555096245927995,0.00015748,0.45526864052650634,0.00081957,1,0.0
13132,0.00027031280194245166,0.48711894078068724,-1.54e-06,1.953679530487697,3.0141450503401943,83.54544316092397,1.0052136313683062,5.821458747489113,0.12067054082980143,-29.445793015947828,-1.1573229341274334,90.21879560921798,0.6295741068180681,-43.970004715131424,0.2719344611720337,0.4060678159762888,0.00015748,1.6966384192881638,0.00081957,0,0.0
13133,0.016988485062436,0.0034611557835285945,-1.54e-06,1.953679530487697,3.0141450503401943,-27.576406322156338,1.0052136313683062,1.3526231197445429,0.12067054082980143,-40.26173316974875,-1.1573229341274334,43.97054185043897,0.6295741068180681,30.280570659700004,0.2719344611720337,-0.020213858157998633,0.00015748,0.020207314268416588,0.00081957,1,0.0
13134,0.09567018600292299,0.03696040268937128,-1.54e-06,1.953679530487697,3.0141450503401943,60.25853766607716,1.0052136313683062,17.66237150557827,0.12067054082980143,-83.62797677494461,-1.1573229341274334,36.72695447657873,0.6295741068180681,7.014500671358668,0.2719344611720337,0.40436838717788837,0.00015748,0.6527166874261984,0.00081957,0,0.0
13135,0.03637296361632536,0.09057967491161868,-1.54e-06,1.953679530487697,3.0141450503401943,-26.91073543834425,1.0052136313683062,7.923881821684708,0.12067054082980143,-81.5643139254926,-1.1573229341274334,57.07940023092066,0.6295741068180681,49.848633301843584,0.2719344611720337,-0.16385920780991223,0.00015748,0.19272029820384337,0.00081957,1,0.0
13136,0.4144460639793288,0.25039143561064364,-1.54e-06,1.953679530487697,3.0141450503401943,38.01215240665906,1.0052136313683062,7.608297175795923,0.12067054082980143,-31.08108261958275,-1.1573229341274334,3.47898069038414,0.6295741068180681,5.599457025743228,0.2719344611720337,0.31408307826180737,0.00015748,0.6018080354767368,0.00081957,0,0.0
13137,0.6906775424468744,0.2241701930726025,-1.54e-06,1.953679530487697,3.0141450503401943,-31.980705792330987,1.0052136313683062,12.385799610202026,0.12067054082980143,-72.9414752110812,-1.1573229341274334,-8.235801605230536,0.6295741068180681,69.84864346578912,0.2719344611720337,-0.31970435196687413,0.00015748,0.32005967088009296,0.00081957,1,0.0
13138,0.43384858221682754,0.10121068377159964,-1.54e-06,1.953679530487697,3.0141450503401943,-68.80946291164393,1.0052136313683062,-2.856089376420287,0.12067054082980143,-35.66314115743439,-1.1573229341274334,49.21778351928412,0.6295741068180681,57.978513820785466,0.2719344611720337,-0.1573390846681363,0.00015748,0.15750367516461605,0.00081957,1,0.0
13139,0.0003129405571327126,0.02073869808650101,-1.54e-06,1.953679530487697,3.0141450503401943,74.21671944767613,1.0052136313683062,19.215509010917888,0.12067054082980143,-87.58473868367913,-1.1573229341274334,35.89876953060661,0.6295741068180681,0.12405360970489526,0.2719344611720337,0.381126995787217,0.00015748,0.7282744501059757,0.00081957,0,0.0
13140,0.5896712987175209,0.2542411069194813,-1.54e-06,1.953679530487697,3.0141450503401943,-20.99667355615327,1.0052136313683062,13.524891962642359,0.12067054082980143,-71.10176241683793,-1.1573229341274334,-11.621892851101023,0.6295741068180681,60.72705991179645,0.2719344611720337,-0.34720641407035197,0.00015748,0.35231464704267684,0.00081957,1,0.0
13141,0.7214223500983368,0.24605055464213302,-1.54e-06,1.953679530487697,3.0141450503401943,99.8748567090056,1.0052136313683062,24.930481487344608,0.12067054082980143,-51.83667202189473,-1.1573229341274334,-65.35381508053749,0.6295741068180681,-5.276007655867516,0.2719344611720337,0.3412110073457767,0.00015748,0.9312476555160348,0.00081957,0,0.0
13142,1.0110122707624418,0.28788440702404094,-1.54e-06,1.953679530487697,3.0141450503401943,-16.762611364793603,1.0052136313683062,11.397407468100377,0.12067054082980143,-25.062760179302817,-1.1573229341274334,-74.49592101737535,0.6295741068180681,51.34593456350615,0.2719344611720337,-0.3031154152372582,0.00015748,0.3040546744312754,0.00081957,1,0.0
13143,0.0001581528009151345,0.026782445463489797,-1.54e-06,1.953679530487697,3.0141450503401943,89.92745990304977,1.0052136313683062,18.647712511883014,0.12067054082980143,-68.70631585485509,-1.1573229341274334,13.252329257533354,0.6295741068180681,-14.61038472751655,0.2719344611720337,0.374842427443407,0.00015748,0.7543857084650032,0.00081957,0,0.0
13144,0.9167729418407942,0.28719286232850894,-1.54e-06,1.953679530487697,3.0141450503401943,21.436885696742845,1.0052136313683062,20.853083550086644,0.12067054082980143,-93.47407466950908,-1.1573229341274334,4.1438474228434155,0.6295741068180681,52.726261008819925,0.2719344611720337,0.39218069425652524,0.00015748,0.6873005114736289,0.00081957,0,0.0
13145,1.4499166164000883,0.4031912240383707,-1.54e-06,1.953679530487697,3.0141450503401943,-46.396902085367564,1.0052136313683062,10.55599590932111,0.12067054082980143,-25.813959097455978,-1.1573229341274334,-83.70215005732229,0.6295741068180681,77.62140319598728,0.2719344611720337,-0.24988928304661712,0.00015748,0.2499252894457667,0.00081957,1,0.0
13146,0.3236653130874976,0.07955211895470102,-1.54e-06,1.953679530487697,3.0141450503401943,93.08927251421021,1.0052136313683062,25.846968088857455,0.12067054082980143,-94.83450165658078,-1.1573229341274334,-1.0724025946240372,0.6295741068180681,4.756940519723658,0.2719344611720337,0.33880046236684513,0.00015748,0.9542350783418668,0.00081957,0,0.0
13147,0.6553596770590746,0.3469530678102424,-1.54e-06,1.953679530487697,3.0141450503401943,16.439591122933752,1.0052136313683062,15.400884558373047,0.12067054082980143,-50.84253349385873,-1.1573229341274334,-38.27331942326804,0.6295741068180681,34.60563649548843,0.2719344611720337,-0.11263323876315723,0.00015748,0.47787526703181804,0.00081957,1,0.0
13148,0.0021810556617268273,0.10611237341942831,-1.54e-06,1.953679530487697,3.0141450503401943,36.36380147249716,1.0052136313683062,5.983477403084795,0.12067054082980143,-1e-20,-1.1573229341274334,-32.58316830801218,0.6295741068180681,-15.64529329452549,0.2719344611720337,-0.09241259879704575,0.00015748,0.21825981845917594,0.00081957,1,0.0
13149,0.17893782374322154,0.11726574466030182,-1.54e-06,1.953679530487697,3.0141450503401943,-82.41351193349712,1.0052136313683062,-4.2502205012964485,0.12067054082980143,-60.18303276696648,-1.1573229341274334,99.16295004256544,0.6295741068180681,66.55772384109787,0.2719344611720337,-0.21422893547748312,0.00015748,0.21455082082109495,0.00081957,1,0.0
13150,-0.7833757818083122,2.8256447415616637,-1.54e-06,1.953679530487697,3.0141450503401943,-23.16640397002538,1.0052136313683062,-1.5515201181745508,0.12067054082980143,-0.3707474303570406,-1.1573229341274334,98.0130350430724,0.6295741068180681,-31.164787960180465,0.2719344611720337,-0.6841793054304885,0.00015748,0.6961338530583803,0.00081957,1,0.0
13151,0.002424523037219184,0.17146436342390886,-1.54e-06,1.953679530487697,3.0141450503401943,53.938356674254,1.0052136313683062,13.65595449142991,0.12067054082980143,-74.51217777978938,-1.1573229341274334,87.80571623146835,0.6295741068180681,-7.117486383250329,0.2719344611720337,0.4604432640921437,0.00015748,1.05986455900302,0.00081957,0,0.0
13152,-4.903313867998804e-05,0.08956731861780039,-1.54e-06,1.953679530487697,3.0141450503401943,76.73027376973795,1.0052136313683062,14.85951307584243,0.12067054082980143,-68.29964675153406,-1.1573229341274334,49.18942459653963,0.6295741068180681,-13.144467488520625,0.2719344611720337,0.6038241051442692,0.00015748,0.7685475605740466,0.00081957,0,0.0
13153,0.4202590972643948,0.1358417729704939,-1.54e-06,1.953679530487697,3.0141450503401943,42.937631869317364,1.0052136313683062,14.7396220554666,0.12067054082980143,-59.16527511278217,-1.1573229341274334,11.483214801275247,0.6295741068180681,12.953445435325632,0.2719344611720337,0.46735553000334623,0.00015748,0.5360668440564129,0.00081957,0,0.0
13154,0.5493264146069741,0.34278257301742215,-1.54e-06,1.953679530487697,3.0141450503401943,26.448676102677318,1.0052136313683062,13.372194416104751,0.12067054082980143,-18.272402461360397,-1.1573229341274334,-79.12038565194659,0.6295741068180681,16.022775154832104,0.2719344611720337,-0.38660835669633675,0.00015748,0.40995421456320535,0.00081957,1,0.0
13155,0.0010633764626453157,0.03469988982424336,-1.54e-06,1.953679530487697,3.0141450503401943,85.83291191132761,1.0052136313683062,20.95537443350541,0.12067054082980143,-93.55954929798686,-1.1573229341274334,39.37072037407224,0.6295741068180681,-3.500034022475157,0.2719344611720337,0.47677059363282354,0.00015748,0.8109405980698099,0.00081957,0,0.0
13156,0.42496897085223556,0.5473292918124958,-1.54e-06,1.953679530487697,3.0141450503401943,87.33329123997969,1.0052136313683062,5.536272028105537,0.12067054082980143,-29.891424863261506,-1.1573229341274334,10.56845608169916,0.6295741068180681,-14.08560615561922,0.2719344611720337,0.31394623577661496,0.00015748,1.3185133295420972,0.00081957,0,0.0
13157,0.0016880646141224087,0.05221360895994914,-1.54e-06,1.953679530487697,3.0141450503401943,-6.04433327131262,1.0052136313683062,4.64858404963264,0.12067054082980143,-40.19636214362585,-1.1573229341274334,25.785178140220648,0.6295741068180681,20.690692178976324,0.2719344611720337,-0.062385029069255735,0.00015748,0.12918560727982348,0.00081957,1,0.0
13158,0.026509390043907177,0.05607955142533854,-1.54e-06,1.953679530487697,3.0141450503401943,59.77770276867768,1.0052136313683062,11.527814589820226,0.12067054082980143,-44.6726032036367,-1.1573229341274334,26.966212213632616,0.6295741068180681,-13.418582630376386,0.2719344611720337,0.4603578152666437,0.00015748,0.5459687561476332,0.00081957,0,0.0
13159,0.0015238549613949548,0.2893009768035949,-1.54e-06,1.953679530487697,3.0141450503401943,67.42088459952181,1.0052136313683062,7.709727665079877,0.12067054082980143,-43.43959160386837,-1.1573229341274334,82.43558658853279,0.6295741068180681,-26.922450213556964,0.2719344611720337,0.4088204015237647,0.00015748,1.3299006365049888,0.00081957,0,0.0
13160,0.00015545587347487455,0.0196296293814804,-1.54e-06,1.953679530487697,3.0141450503401943,56.36572933309831,1.0052136313683062,17.7015050900295,0.12067054082980143,-94.6422754779354,-1.1573229341274334,54.422599341696866,0.6295741068180681,10.592306377188608,0.2719344611720337,0.4088507176350254,0.00015748,0.646567094368703,0.00081957,0,0.0
13161,0.29903380576771676,0.07514867984561115,-1.54e-06,1.953679530487697,3.0141450503401943,32.70759459182102,1.0052136313683062,16.868500783079618,0.12067054082980143,-97.81166414090377,-1.1573229341274334,51.08333358835674,0.6295741068180681,31.684548881966812,0.2719344611720337,0.42577561315141266,0.00015748,0.6028174950261197,0.00081957,0,0.0
13162,0.7662687106688348,0.32763786004046724,-1.54e-06,1.953679530487697,3.0141450503401943,80.21455213108943,1.0052136313683062,17.521344941163324,0.12067054082980143,-10.174713231429136,-1.1573229341274334,-82.86473507407808,0.6295741068180681,-13.396164706928069,0.2719344611720337,0.34543612176284566,0.00015748,0.6662667675493334,0.00081957,0,0.0
13163,0.8376337295473133,0.3004674934660841,-1.54e-06,1.953679530487697,3.0141450503401943,68.62806610911356,1.0052136313683062,21.817067465652023,0.12067054082980143,-48.990420331183714,-1.1573229341274334,-53.97061289568206,0.6295741068180681,9.72756098565303,0.2719344611720337,0.36740026625206357,0.00015748,0.7642280773915532,0.00081957,0,0.0
13164,0.0012530070929194226,0.18648675306845164,-1.54e-06,1.953679530487697,3.0141450503401943,64.94274418520934,1.0052136313683062,12.498437334787088,0.12067054082980143,-78.57705345627981,-1.1573229341274334,91.29993182045973,0.6295741068180681,-7.518185407953723,0.2719344611720337,0.5535903406190219,0.00015748,1.1131600454389774,0.00081957,0,0.0
13165,0.45529095400045105,0.03291395788971782,-1.54e-06,1.953679530487697,3.0141450503401943,-27.069005636509726,1.0052136313683062,2.8603416725811446,0.12067054082980143,-19.68758726415798,-1.1573229341274334,-7.781988952575349,0.6295741068180681,34.62224479751102,0.2719344611720337,-0.05188562232533373,0.00015748,0.0519034689317855,0.00081957,1,0.0
13166,0.024418317016058566,1.6853884976622597,-1.54e-06,1.953679530487697,3.0141450503401943,51.81389272554128,1.0052136313683062,30.931947520654504,0.12067054082980143,-75.43817623837866,-1.1573229341274334,-5.836621480320963,0.6295741068180681,-7.172585645048424,0.2719344611720337,-0.4573911406450296,0.00015748,0.987317279350003,0.00081957,1,0.0
13167,0.40745147675820026,0.1254130045673021,-1.54e-06,1.953679530487697,3.0141450503401943,100.0,1.0052136313683062,23.171804611915938,0.12067054082980143,-58.54254585797638,-1.1573229341274334,-35.88023124393634,0.6295741068180681,-11.956971589201896,0.2719344611720337,0.34935928970007324,0.00015748,0.8729177546862514,0.00081957,0,0.0
13168,0.7817444067617554,1.0500157313773801,-1.54e-06,1.953679530487697,3.0141450503401943,-45.902579577821825,1.0052136313683062,-0.6607017615086268,0.12067054082980143,-94.65507431755633,-1.1573229341274334,97.0675866345974,0.6295741068180681,87.46853057096897,0.2719344611720337,0.031685693163502004,0.00015748,0.9471716717270275,0.00081957,0,0.0
13169,0.49420080171324576,0.15898048343022475,-1.54e-06,1.953679530487697,3.0141450503401943,54.880577677892745,1.0052136313683062,16.10747434275098,0.12067054082980143,-51.16891645989119,-1.1573229341274334,-10.526586029354615,0.6295741068180681,6.951668836339879,0.2719344611720337,0.4275642158785959,0.00015748,0.5995785956138986,0.00081957,0,0.0
13170,0.003173540295793309,0.02339937775116597,-1.54e-06,1.953679530487697,3.0141450503401943,62.803786842649004,1.0052136313683062,18.872391318648624,0.12067054082980143,-98.92608840216707,-1.1573229341274334,54.71081034381307,0.6295741068180681,9.535990502125093,0.2719344611720337,0.433085317912949,0.00015748,0.7001758234496902,0.00081957,0,0.0
13171,0.43113929108043436,0.03916415933051057,-1.54e-06,1.953679530487697,3.0141450503401943,-31.977970571340506,1.0052136313683062,3.524973947149579,0.12067054082980143,-37.42940525696429,-1.1573229341274334,7.213016311447186,0.6295741068180681,45.345866600480576,0.2719344611720337,-0.08945866642588698,0.00015748,0.09104447865609491,0.00081957,1,0.0
13172,0.45971236582865105,0.149964988897819,-1.54e-06,1.953679530487697,3.0141450503401943,15.604653180565341,1.0052136313683062,8.478350949989556,0.12067054082980143,-5.3926183982948865,-1.1573229341274334,-63.12786021239968,0.6295741068180681,11.57222861388906,0.2719344611720337,-0.2585497642166589,0.00015748,0.260483877900181,0.00081957,1,0.0
13173,0.0020297373003237973,0.18380327494015963,-1.54e-06,1.953679530487697,3.0141450503401943,-3.7489443497496278,1.0052136313683062,4.892688197903968,0.12067054082980143,-64.48300399179368,-1.1573229341274334,81.10369792936275,0.6295741068180681,24.14551114399591,0.2719344611720337,0.17728553435071379,0.00015748,0.47734988705812453,0.00081957,0,0.0
13174,0.03854716517554169,0.06167416879520337,-1.54e-06,1.953679530487697,3.0141450503401943,24.815335637206005,1.0052136313683062,5.120399747422663,0.12067054082980143,-0.12840348255104775,-1.1573229341274334,-33.24913845813285,0.6295741068180681,-8.445769760344902,0.2719344611720337,-0.16963225688992198,0.00015748,0.170645620173098,0.00081957,1,0.0
13175,1.4134625972552262,0.6943082725132559,-1.54e-06,1.953679530487697,3.0141450503401943,70.85794119096941,1.0052136313683062,24.40392682090651,0.12067054082980143,-73.34517238991381,-1.1573229341274334,-75.05785079538569,0.6295741068180681,42.675007565211,0.2719344611720337,0.32135289481111096,0.00015748,1.1267711911237286,0.00081957,0,0.0
13176,0.5027222768527679,0.18979924198194503,-1.54e-06,1.953679530487697,3.0141450503401943,-3.5392968583918565,1.0052136313683062,15.65503882834848,0.12067054082980143,-99.97975009698325,-1.1573229341274334,56.542506928061314,0.6295741068180681,53.30807122138234,0.2719344611720337,0.3299030401259342,0.00015748,0.5128158026400671,0.00081957,0,0.0
13177,0.1590032727808668,0.09423789886487124,-1.54e-06,1.953679530487697,3.0141450503401943,-14.049932877604146,1.0052136313683062,8.272716919791208,0.12067054082980143,-58.66451694536931,-1.1573229341274334,19.781100913010043,0.6295741068180681,38.2298310779316,0.2719344611720337,-0.20994079404362526,0.00015748,0.21379585083863278,0.00081957,1,0.0
13178,0.47523851788683213,0.20146865110966083,-1.54e-06,1.953679530487697,3.0141450503401943,21.16284392295143,1.0052136313683062,10.072073812292098,0.12067054082980143,-6.74969629269813,-1.1573229341274334,-70.96596321291119,0.6295741068180681,10.30346422634602,0.2719344611720337,-0.30365776569728137,0.00015748,0.3061964951116675,0.00081957,1,0.0
13179,0.0014537143341271097,0.026961107803362274,-1.54e-06,1.953679530487697,3.0141450503401943,71.80988181305256,1.0052136313683062,16.653106049864313,0.12067054082980143,-70.40003466461111,-1.1573229341274334,28.12903323951472,0.6295741068180681,-6.588501136763078,0.2719344611720337,0.4079592420978972,0.00015748,0.645575143510281,0.00081957,0,0.0
13180,0.29348093220004756,0.09150635014710151,-1.54e-06,1.953679530487697,3.0141450503401943,12.463772791341773,1.0052136313683062,13.772829279954207,0.12067054082980143,-97.81092626939292,-1.1573229341274334,72.58011418977996,0.6295741068180681,39.03106417583671,0.2719344611720337,0.46932647702247304,0.00015748,0.5292676595192872,0.00081957,0,0.0
13181,0.4587458736516098,0.12315528901335614,-1.54e-06,1.953679530487697,3.0141450503401943,17.58168670826624,1.0052136313683062,16.14205652624982,0.12067054082980143,-96.6996313911629,-1.1573229341274334,50.00476367193919,0.6295741068180681,41.97426282352711,0.2719344611720337,0.4557948789476521,0.00015748,0.5488452388661904,0.00081957,0,0.0
13182,1.0602447893555622,0.2684192746559969,-1.54e-06,1.953679530487697,3.0141450503401943,-21.791034681797097,1.0052136313683062,9.624091754428783,0.12067054082980143,-19.739765807113752,-1.1573229341274334,-74.83722270394246,0.6295741068180681,53.09839154689248,0.2719344611720337,-0.26362167286933075,0.00015748,0.2638816957331061,0.00081957,1,0.0
13183,0.5860685545148873,0.15371767632732636,-1.54e-06,1.953679530487697,3.0141450503401943,-71.96042077176406,1.0052136313683062,-2.2924172065029356,0.12067054082980143,-26.804624439088915,-1.1573229341274334,33.937480086985175,0.6295741068180681,58.695818395646405,0.2719344611720337,-0.18532647364575378,0.00015748,0.18742435029750792,0.00081957,1,0.0
13184,0.24377902212780111,0.08346145526677666,-1.54e-06,1.953679530487697,3.0141450503401943,96.0524274986838,1.0052136313683062,19.4411526603696,0.12067054082980143,-49.13473634139245,-1.1573229341274334,-24.085335915983194,0.6295741068180681,-18.795303409318464,0.2719344611720337,0.36820594159890685,0.00015748,0.77506616340678,0.00081957,0,0.0
13185,0.0056532252137141414,0.05254027810731853,-1.54e-06,1.953679530487697,3.0141450503401943,79.31911257097308,1.0052136313683062,11.834716260473105,0.12067054082980143,-27.982658364614,-1.1573229341274334,1.2968771326013262,0.6295741068180681,-28.994441556823272,0.2719344611720337,0.45721562617743017,0.00015748,0.5530170831254296,0.00081957,0,0.0
13186,0.00110412796836723,0.09637168444026138,-1.54e-06,1.953679530487697,3.0141450503401943,84.81069342411062,1.0052136313683062,14.67357462336197,0.12067054082980143,-46.19110947522163,-1.1573229341274334,24.82893166042386,0.6295741068180681,-27.44902079716354,0.2719344611720337,0.585229938397196,0.00015748,0.712531296396945,0.00081957,0,0.0
13187,0.0011954816103760812,0.0409033826085363,-1.54e-06,1.953679530487697,3.0141450503401943,35.76459882647081,1.0052136313683062,11.951242376636015,0.12067054082980143,-80.42047161700977,-1.1573229341274334,71.41194322995027,0.6295741068180681,12.161502357218811,0.2719344611720337,0.4538573155586858,0.00015748,0.5709340441502531,0.00081957,0,0.0
13188,0.1279742047040751,0.017176487005700885,-1.54e-06,1.953679530487697,3.0141450503401943,-44.66910005785605,1.0052136313683062,-0.5277642455796108,0.12067054082980143,-40.586179842495476,-1.1573229341274334,52.983508175948664,0.6295741068180681,40.582566296286416,0.2719344611720337,-0.07735617740137493,0.00015748,0.07734521632466587,0.00081957,1,0.0
13189,0.6174849879851738,0.05562476018786867,-1.54e-06,1.953679530487697,3.0141450503401943,-56.7207048972963,1.0052136313683062,4.952898499165222,0.12067054082980143,-58.91185896031787,-1.1573229341274334,23.85814649035843,0.6295741068180681,70.2536940771523,0.2719344611720337,-0.0823165925045434,0.00015748,0.08311571592134945,0.00081957,1,0.0
13190,0.0006217978284552839,0.06070321210112419,-1.54e-06,1.953679530487697,3.0141450503401943,30.74497530238692,1.0052136313683062,11.100755721759517,0.12067054082980143,-79.46813544200957,-1.1573229341274334,82.80716629825953,0.6295741068180681,11.744681496778782,0.2719344611720337,0.4057875305798644,0.00015748,0.6937006997947099,0.00081957,0,0.0
13191,0.00015019026793039458,0.09768421388396548,-1.54e-06,1.953679530487697,3.0141450503401943,79.74110581289703,1.0052136313683062,10.810318407605191,0.12067054082980143,-32.55576961494028,-1.1573229341274334,22.132152342958143,0.6295741068180681,-29.561817347213985,0.2719344611720337,0.4881693201670186,0.00015748,0.7453593371006344,0.00081957,0,0.0
13192,0.909783267960596,0.39005327901579145,-1.54e-06,1.953679530487697,3.0141450503401943,-13.778985122917307,1.0052136313683062,15.190202718301983,0.12067054082980143,-73.38189556497292,-1.1573229341274334,-22.143137163519917,0.6295741068180681,66.83666603268125,0.2719344611720337,-0.12177581472656368,0.00015748,0.4634681064263277,0.00081957,1,0.0
13193,-0.0009655981027321126,0.40893413370005,-1.54e-06,1.953679530487697,3.0141450503401943,8.401004698663964,1.0052136313683062,16.741377530722104,0.12067054082980143,-80.72152974095947,-1.1573229341274334,49.27387154704302,0.6295741068180681,22.011299817002037,0.2719344611720337,-0.09855140926760791,0.00015748,0.544262262589388,0.00081957,1,0.0
13194,0.5777805893169696,0.16396608458710465,-1.54e-06,1.953679530487697,3.0141450503401943,-78.2473979538542,1.0052136313683062,-3.430196301434308,0.12067054082980143,-31.7412482444992,-1.1573229341274334,44.23905536271301,0.6295741068180681,64.1163296340731,0.2719344611720337,-0.19495010250351621,0.00015748,0.19478426640491417,0.00081957,1,0.0
13195,0.09208326778836973,0.056506103494855804,-1.54e-06,1.953679530487697,3.0141450503401943,35.5324454599021,1.0052136313683062,12.903010086055513,0.12067054082980143,-76.6252605309707,-1.1573229341274334,58.23980089730191,0.6295741068180681,13.226736050105147,0.2719344611720337,0.4657366136636238,0.00015748,0.5285119087786109,0.00081957,0,0.0
13196,0.9853907513905591,0.25975999013385176,-1.54e-06,1.953679530487697,3.0141450503401943,-18.658028269273267,1.0052136313683062,10.353255600185356,0.12067054082980143,-24.653573061011926,-1.1573229341274334,-69.51929586452415,0.6295741068180681,51.54577920493893,0.2719344611720337,-0.2824615404695201,0.00015748,0.2826259976261445,0.00081957,1,0.0
13197,0.0855446500392443,0.021035485232981294,-1.54e-06,1.953679530487697,3.0141450503401943,-66.5497478459439,1.0052136313683062,0.795000533043551,0.12067054082980143,-77.98389803712627,-1.1573229341274334,95.33172459845444,0.6295741068180681,65.38052715384549,0.2719344611720337,-0.0766086639139893,0.00015748,0.0766839774479823,0.00081957,1,0.0
13198,0.0005195698795089077,0.8508627347046296,-1.54e-06,1.953679530487697,3.0141450503401943,38.195323428996,1.0052136313683062,5.128158542146333,0.12067054082980143,-24.934807539636477,-1.1573229341274334,94.13066755145563,0.6295741068180681,-28.86235715092705,0.2719344611720337,0.10943742228830455,0.00015748,1.480667182131855,0.00081957,0,0.0
13199,0.000553410702009316,0.017925508904820364,-1.54e-06,1.953679530487697,3.0141450503401943,62.17764686238562,1.0052136313683062,19.15492946318101,0.12067054082980143,-98.45932679577315,-1.1573229341274334,51.40991009868608,0.6295741068180681,9.797749250321887,0.2719344611720337,0.3899066484271676,0.00015748,0.6966309024890764,0.00081957,0,0.0
13200,0.09292443421193627,0.0006923103719122516,-1.54e-06,1.4708938459474281,5.135007074824801,-43.77233463089604,1.0052136313683062,5.165109355513818,0.12067054082980143,-58.24722844077613,-1.1573229341274334,64.87594096555507,0.6295741068180681,43.00744007789147,0.2719344611720337,-0.011643561593391603,0.00015748,0.011653266017231583,0.00081957,1,0.0
13201,0.022120697801673646,0.010958010141625809,-1.54e-06,1.4708938459474281,5.135007074824801,-24.726370502304782,1.0052136313683062,-4.6614741730352005,0.12067054082980143,-33.874610018629795,-1.1573229341274334,39.06271856263181,0.6295741068180681,28.328193494340013,0.2719344611720337,-0.04135699164527675,0.00015748,0.04103043622630142,0.00081957,1,0.0
13202,0.07406987978604213,0.002627462518461843,-1.54e-06,1.4708938459474281,5.135007074824801,-44.80998076915906,1.0052136313683062,10.374246610845965,0.12067054082980143,-76.90720799743053,-1.1573229341274334,51.12755188745449,0.6295741068180681,49.33773538341811,0.2719344611720337,-0.0351783352963036,0.00015748,0.035306918219390734,0.00081957,1,0.0
13203,0.16394748453741,0.002039884494855151,-1.54e-06,1.4708938459474281,5.135007074824801,-40.98191419229158,1.0052136313683062,5.221447465669869,0.12067054082980143,-30.707398646915784,-1.1573229341274334,-43.24829048875398,0.6295741068180681,43.62459979145393,0.2719344611720337,-0.019030742326287757,0.00015748,0.01903595113460381,0.00081957,1,0.0
13204,0.0011064154569673246,0.1302724250648168,-1.54e-06,1.4708938459474281,5.135007074824801,49.85027587264849,1.0052136313683062,35.612038308687836,0.12067054082980143,-74.93254857731603,-1.1573229341274334,-63.34280221538354,0.6295741068180681,0.6129013153873444,0.2719344611720337,-0.03841674339771392,0.00015748,0.24455197866435177,0.00081957,1,0.0
13205,0.022453139997441307,0.10841402680009542,-1.54e-06,1.4708938459474281,5.135007074824801,39.778400056813055,1.0052136313683062,28.999943678230434,0.12067054082980143,-67.37913041094274,-1.1573229341274334,-45.59990782680973,0.6295741068180681,5.137962285315028,0.2719344611720337,-0.023406502519898162,0.00015748,0.21419942791814073,0.00081957,1,0.0
13206,0.00018045553493145627,0.051003383143411476,-1.54e-06,1.4708938459474281,5.135007074824801,-9.980900149085372,1.0052136313683062,24.299019773366563,0.12067054082980143,-80.44616751053879,-1.1573229341274334,-88.53257341366601,0.6295741068180681,36.79850432151799,0.2719344611720337,-0.10810708971873209,0.00015748,0.13667235340506062,0.00081957,1,0.0
13207,0.06576786760074355,0.03673812206178976,-1.54e-06,1.4708938459474281,5.135007074824801,-23.760874931072273,1.0052136313683062,17.434031452406686,0.12067054082980143,-84.11083161726305,-1.1573229341274334,49.2723057481958,0.6295741068180681,39.56821146662006,0.2719344611720337,-0.025791794979171966,0.00015748,0.08891572840192774,0.00081957,1,0.0
13208,0.14026654640639813,0.0017796805715522542,-1.54e-06,1.4708938459474281,5.135007074824801,-69.48873812105202,1.0052136313683062,9.235425994501368,0.12067054082980143,-97.28465312254427,-1.1573229341274334,98.99552720575682,0.6295741068180681,69.92804904971554,0.2719344611720337,-0.02218013610171506,0.00015748,0.022249800180668796,0.00081957,1,0.0
13209,0.017558036496118923,0.0095046363363008,-1.54e-06,1.4708938459474281,5.135007074824801,-16.92462893454134,1.0052136313683062,13.145147967324677,0.12067054082980143,-50.70177016361158,-1.1573229341274334,-35.82114515639818,0.6295741068180681,27.95175564896513,0.2719344611720337,-0.06127535785155515,0.00015748,0.06124782325783153,0.00081957,1,0.0
13210,0.2161764760476362,0.0029952959032093908,-1.54e-06,1.4708938459474281,5.135007074824801,-68.34152426237821,1.0052136313683062,9.631919622707613,0.12067054082980143,-70.38644065435903,-1.1573229341274334,9.526635154195128,0.6295741068180681,69.62848333552189,0.2719344611720337,-0.024650567679860208,0.00015748,0.024627045204694012,0.00081957,1,0.0
13211,0.18534824588924886,0.002277135238871583,-1.54e-06,1.4708938459474281,5.135007074824801,-54.497450313639824,1.0052136313683062,5.7738497848359325,0.12067054082980143,-48.467694678410545,-1.1573229341274334,0.9801768474774577,0.6295741068180681,54.55401630034922,0.2719344611720337,-0.012055024958329394,0.00015748,0.012059073434041919,0.00081957,1,0.0
13212,0.8137912325649215,0.3023816241741546,-1.54e-06,1.4708938459474281,5.135007074824801,58.175262510106,1.0052136313683062,51.4116044585152,0.12067054082980143,-26.936945904161846,-1.1573229341274334,-97.91087759652672,0.6295741068180681,21.954521733011966,0.2719344611720337,0.2626984796682259,0.00015748,0.4026314776972948,0.00081957,0,0.0
13213,0.0006237894612617922,0.10468137000465463,-1.54e-06,1.4708938459474281,5.135007074824801,66.44322108697384,1.0052136313683062,17.03253425816509,0.12067054082980143,-34.07134988382196,-1.1573229341274334,73.2795353978246,0.6295741068180681,-26.9421232509582,0.2719344611720337,0.07802159498388989,0.00015748,0.17958105239833272,0.00081957,0,0.0
13214,0.017287406059332433,0.05732878704289479,-1.54e-06,1.4708938459474281,5.135007074824801,-9.045394671699771,1.0052136313683062,25.236993432349674,0.12067054082980143,-87.78069445655707,-1.1573229341274334,-45.64797682591396,0.6295741068180681,36.415159205577346,0.2719344611720337,-0.08289305088904318,0.00015748,0.14111704247729917,0.00081957,1,0.0
13215,0.00018956738332172318,0.028328542826754188,-1.54e-06,1.4708938459474281,5.135007074824801,14.592276329453414,1.0052136313683062,9.514415457406919,0.12067054082980143,-11.393031550528006,-1.1573229341274334,10.674178831790302,0.6295741068180681,-7.800821173656216,0.2719344611720337,-0.006191654565250889,0.00015748,0.05461818402352274,0.00081957,1,0.0
13216,0.15229029698898797,0.009122281974950712,-1.54e-06,1.4708938459474281,5.135007074824801,-42.19385394329087,1.0052136313683062,15.89781306974755,0.12067054082980143,-56.83874112354954,-1.1573229341274334,-86.48842909419662,0.6295741068180681,53.30846396245224,0.2719344611720337,-0.06673572779449626,0.00015748,0.06679564001941078,0.00081957,1,0.0
13217,0.309834633694311,0.021483346660132217,-1.54e-06,1.4708938459474281,5.135007074824801,-89.67029591238666,1.0052136313683062,-2.9574434670472853,0.12067054082980143,-53.26691290092676,-1.1573229341274334,90.16258504649898,0.6295741068180681,76.52026620192783,0.2719344611720337,-0.0509115903735262,0.00015748,0.05094471938648315,0.00081957,1,0.0
13218,0.1638428067297864,0.034329560663878655,-1.54e-06,1.4708938459474281,5.135007074824801,-32.84797497539999,1.0052136313683062,10.05936715435056,0.12067054082980143,-14.700279962746768,-1.1573229341274334,49.066657377707934,0.6295741068180681,18.660039850193357,0.2719344611720337,-0.091438337385958,0.00015748,0.09247200685771623,0.00081957,1,0.0
13219,0.0001688640665213903,0.06297604555331902,-1.54e-06,1.4708938459474281,5.135007074824801,8.312277113418139,1.0052136313683062,23.584986141906413,0.12067054082980143,-74.76912337829944,-1.1573229341274334,17.70723039700787,0.6295741068180681,16.592139217384823,0.2719344611720337,-0.03503705134935643,0.00015748,0.13257246353440966,0.00081957,1,0.0
13220,0.06411339851583231,0.00036000294617388,-1.54e-06,1.4708938459474281,5.135007074824801,-23.787054357911572,1.0052136313683062,4.086043676542614,0.12067054082980143,-29.659257437500962,-1.1573229341274334,10.500219502058592,0.6295741068180681,24.864108629302017,0.2719344611720337,-0.011892042402692388,0.00015748,0.011893377033256988,0.00081957,1,0.0
13221,0.0401538662468956,0.027154106789466913,-1.54e-06,1.4708938459474281,5.135007074824801,-34.702554396948116,1.0052136313683062,23.33096858636389,0.12067054082980143,-95.08313871534544,-1.1573229341274334,-45.72891431502185,0.6295741068180681,52.82516493454338,0.2719344611720337,-0.1039242052966397,0.00015748,0.10401882246676317,0.00081957,1,0.0
13222,0.19413332973562997,0.01484568882923755,-1.54e-06,1.4708938459474281,5.135007074824801,-64.92798736528181,1.0052136313683062,18.930449438341494,0.12067054082980143,-91.8630947503053,-1.1573229341274334,-73.6903338100386,0.6295741068180681,79.63677470503082,0.2719344611720337,-0.08448659533906222,0.00015748,0.08481648209022072,0.00081957,1,0.0
13223,0.00023444821223206347,0.0930008969429572,-1.54e-06,1.4708938459474281,5.135007074824801,64.58124825327833,1.0052136313683062,17.574723014865537,0.12067054082980143,-14.928058829072748,-1.1573229341274334,5.674838795007078,0.6295741068180681,-29.91902891425116,0.2719344611720337,0.051230862170942505,0.00015748,0.15887509551898124,0.00081957,0,0.0
13224,0.20612740584564926,0.004356157798409196,-1.54e-06,1.4708938459474281,5.135007074824801,-55.32916265594516,1.0052136313683062,2.4698120815317077,0.12067054082980143,-36.34240118558458,-1.1573229341274334,8.852684308454396,0.6295741068180681,51.65345360652001,0.2719344611720337,-0.010184740706350934,0.00015748,0.010278206737570971,0.00081957,1,0.0
13225,0.22016323982418098,0.0038199181259812496,-1.54e-06,1.4708938459474281,5.135007074824801,-68.84313318018725,1.0052136313683062,12.195807522259374,0.12067054082980143,-75.10229535580478,-1.1573229341274334,-12.025629342963981,0.6295741068180681,72.85181360474162,0.2719344611720337,-0.037323671896482336,0.00015748,0.03731857108398223,0.00081957,1,0.0
13226,0.159418265644346,0.0016681101207247117,-1.54e-06,1.4708938459474281,5.135007074824801,-30.774896962797282,1.0052136313683062,6.330126636638139,0.12067054082980143,-14.72355342298508,-1.1573229341274334,-76.24992693022799,0.6295741068180681,33.5946487301579,0.2719344611720337,-0.021499179864348034,0.00015748,0.021498788378571682,0.00081957,1,0.0
13227,0.001689101474042859,0.0374956721796085,-1.54e-06,1.4708938459474281,5.135007074824801,11.204861740930154,1.0052136313683062,16.910843193744725,0.12067054082980143,-35.3661266963843,-1.1573229341274334,-44.697600204747516,0.6295741068180681,6.319455170431582,0.2719344611720337,-0.04018138007045349,0.00015748,0.09293532377571678,0.00081957,1,0.0
13228,0.02123430555920685,0.00034932993633670316,-1.54e-06,1.4708938459474281,5.135007074824801,-29.57753699115572,1.0052136313683062,4.621323977840072,0.12067054082980143,-55.516376539433566,-1.1573229341274334,81.03064626882231,0.6295741068180681,29.930029547289475,0.2719344611720337,-0.01210031976245175,0.00015748,0.012104643271185933,0.00081957,1,0.0
13229,0.22179311985441355,0.0101121937893082,-1.54e-06,1.4708938459474281,5.135007074824801,-71.23793170326329,1.0052136313683062,7.195350147105515,0.12067054082980143,-65.05429293417286,-1.1573229341274334,91.7084682662059,0.6295741068180681,61.588209666862994,0.2719344611720337,-0.04848688317351673,0.00015748,0.04864995157471016,0.00081957,1,0.0
13230,0.4329069305912989,0.017985941353238222,-1.54e-06,1.4708938459474281,5.135007074824801,-86.9537252765771,1.0052136313683062,2.9336796413392108,0.12067054082980143,-18.61293541670625,-1.1573229341274334,-98.43730330657125,0.6295741068180681,80.92304690714045,0.2719344611720337,-0.016544568399662608,0.00015748,0.0164716202403359,0.00081957,1,0.0
13231,0.11253273922335992,0.004271987910684019,-1.54e-06,1.4708938459474281,5.135007074824801,-33.31272095516645,1.0052136313683062,-2.885505970355457,0.12067054082980143,-17.787850002584705,-1.1573229341274334,41.32714864715592,0.6295741068180681,27.760566895296417,0.2719344611720337,-0.023761414158807476,0.00015748,0.023964923841830924,0.00081957,1,0.0
13232,0.07240346205628026,0.0009492527751317196,-1.54e-06,1.4708938459474281,5.135007074824801,-41.395128876967306,1.0052136313683062,7.3135260771091515,0.12067054082980143,-65.09423614477437,-1.1573229341274334,60.546846746198625,0.6295741068180681,43.07981992766267,0.2719344611720337,-0.020984287669782796,0.00015748,0.02102307132503884,0.00081957,1,0.0
13233,0.16040742606008912,0.005492329143888178,-1.54e-06,1.4708938459474281,5.135007074824801,-33.61516561398538,1.0052136313683062,2.9593998780058337,0.12067054082980143,-16.510933895137697,-1.1573229341274334,-91.84042880945142,0.6295741068180681,39.9348996863231,0.2719344611720337,-0.03680448244977163,0.00015748,0.03681359414888594,0.00081957,1,0.0
13234,0.00010401068535677294,0.032089786578612285,-1.54e-06,1.4708938459474281,5.135007074824801,13.644182505360208,1.0052136313683062,11.108879984480922,0.12067054082980143,-22.118330433783992,-1.1573229341274334,5.947388656777725,0.6295741068180681,-2.4843629100022637,0.2719344611720337,-0.005390011114856614,0.00015748,0.06370391084978519,0.00081957,1,0.0
13235,0.10347958485270771,0.0007536284737051739,-1.54e-06,1.4708938459474281,5.135007074824801,-35.139581062337605,1.0052136313683062,3.7684923338227936,0.12067054082980143,-36.39224623833959,-1.1573229341274334,22.724043321812548,0.6295741068180681,34.42711670345543,0.2719344611720337,-0.00785553195751204,0.00015748,0.007893486575079336,0.00081957,1,0.0
13236,0.22756406266355525,0.015374441580465272,-1.54e-06,1.4708938459474281,5.135007074824801,-64.08832206931845,1.0052136313683062,-4.793928046768649,0.12067054082980143,-31.02796710789391,-1.1573229341274334,72.55720311886554,0.6295741068180681,52.62826228864009,0.2719344611720337,-0.04754538429922564,0.00015748,0.047541592319437914,0.00081957,1,0.0
13237,0.0011550992338924815,0.02809808377863815,-1.54e-06,1.4708938459474281,5.135007074824801,-12.89842612218342,1.0052136313683062,22.216296823166317,0.12067054082980143,-65.76066168806173,-1.1573229341274334,-68.54900846745788,0.6295741068180681,29.627720342942162,0.2719344611720337,-0.09611371403956845,0.00015748,0.09819470033242261,0.00081957,1,0.0
13238,0.0006772270079830334,0.08782449346508238,-1.54e-06,1.4708938459474281,5.135007074824801,40.07458664210013,1.0052136313683062,21.46577081474738,0.12067054082980143,-54.74989502677017,-1.1573229341274334,52.78021878144824,0.6295741068180681,-7.629798704125819,0.2719344611720337,0.0287992931443824,0.00015748,0.1570271032336041,0.00081957,0,0.0
13239,0.0627551148115838,0.07009937095714287,-1.54e-06,1.4708938459474281,5.135007074824801,-0.18381777330958587,1.0052136313683062,23.514749872067398,0.12067054082980143,-78.47872445105403,-1.1573229341274334,-35.209187525378184,0.6295741068180681,31.775023479265908,0.2719344611720337,-0.045208751328070604,0.00015748,0.1555066767001193,0.00081957,1,0.0
13240,0.13375848828740577,0.0012279476906385995,-1.54e-06,1.4708938459474281,5.135007074824801,-29.13874196948947,1.0052136313683062,2.6938581660235155,0.12067054082980143,-13.63302409686732,-1.1573229341274334,-35.597139758979424,0.6295741068180681,29.181626208908334,0.2719344611720337,-0.005286308599835601,0.00015748,0.005337445052511183,0.00081957,1,0.0
13241,0.39325706768376173,0.018555647657859706,-1.54e-06,1.4708938459474281,5.135007074824801,-85.56770215266138,1.0052136313683062,0.5628943787079155,0.12067054082980143,-25.021661765757425,-1.1573229341274334,-48.84513648813657,0.6295741068180681,77.6729024859514,0.2719344611720337,-0.025970004365161326,0.00015748,0.025906491366788836,0.00081957,1,0.0
13242,0.2688121065534655,0.004682844167865444,-1.54e-06,1.4708938459474281,5.135007074824801,-55.78593040072759,1.0052136313683062,5.683331656267494,0.12067054082980143,-22.64719692857465,-1.1573229341274334,-82.86074788065612,0.6295741068180681,56.0617296523178,0.2719344611720337,-0.011999089456811522,0.00015748,0.012069562223519096,0.00081957,1,0.0
13243,0.09899537237244743,0.0020191639240656934,-1.54e-06,1.4708938459474281,5.135007074824801,-26.510912938688076,1.0052136313683062,7.76623933520468,0.12067054082980143,-30.361500162005203,-1.1573229341274334,-44.4914235060355,0.6295741068180681,31.593314894018114,0.2719344611720337,-0.03149580393813202,0.00015748,0.031477343961135065,0.00081957,1,0.0
13244,0.0001657134431509383,0.045621429851689384,-1.54e-06,1.4708938459474281,5.135007074824801,8.239291646120321,1.0052136313683062,0.3362232263876166,0.12067054082980143,-31.51024086642784,-1.1573229341274334,81.07700295937926,0.6295741068180681,5.163391351491675,0.2719344611720337,0.012470515404878056,0.00015748,0.07714426335919267,0.00081957,0,0.0
13245,0.03798529463000029,0.006599287183391124,-1.54e-06,1.4708938459474281,5.135007074824801,-7.8249330302250835,1.0052136313683062,9.806893595612088,0.12067054082980143,-21.418907031832333,-1.1573229341274334,-85.10335549960104,0.6295741068180681,18.213180744926827,0.2719344611720337,-0.053384290354418204,0.00015748,0.05336304125377171,0.00081957,1,0.0
13246,0.7020935100497383,0.25517236874993027,-1.54e-06,1.4708938459474281,5.135007074824801,58.572604448096605,1.0052136313683062,46.45055255793212,0.12067054082980143,-59.662129039615515,-1.1573229341274334,-33.760011642322134,0.6295741068180681,28.449422191730758,0.2719344611720337,0.25413948831441896,0.00015748,0.4102172011383423,0.00081957,0,0.0
13247,4.103520922633941e-05,0.07886507631942442,-1.54e-06,1.4708938459474281,5.135007074824801,-7.113188173516422,1.0052136313683062,8.608303051426073,0.12067054082980143,-94.78469468154381,-1.1573229341274334,85.86270256716583,0.6295741068180681,37.594545124706976,0.2719344611720337,-0.03308227008555343,0.00015748,0.1534476400952975,0.00081957,1,0.0
13248,0.013963152414954924,0.006322428173457442,-1.54e-06,1.4708938459474281,5.135007074824801,-23.191986911745833,1.0052136313683062,11.457640268397896,0.12067054082980143,-60.105567445748385,-1.1573229341274334,7.620891060036186,0.6295741068180681,31.80530194429888,0.2719344611720337,-0.0500374908827117,0.00015748,0.05011968354115112,0.00081957,1,0.0
13249,0.36665075925140067,0.01112504845293021,-1.54e-06,1.4708938459474281,5.135007074824801,-78.82427586245572,1.0052136313683062,6.092094868102197,0.12067054082980143,-30.937042560963675,-1.1573229341274334,-65.79156058585275,0.6295741068180681,73.87058199439633,0.2719344611720337,-0.019359231241757563,0.00015748,0.019370876357368234,0.00081957,1,0.0
13250,0.06796999895439859,0.07177356193336326,-1.54e-06,1.4708938459474281,5.135007074824801,12.432299220807774,1.0052136313683062,9.854324078954038,0.12067054082980143,-37.00215919931,-1.1573229341274334,-56.52652586421107,0.6295741068180681,18.339650497137146,0.2719344611720337,-0.02828504923599879,0.00015748,0.1487941469220142,0.00081957,1,0.0
13251,0.3167687030612677,0.012710566778134175,-1.54e-06,1.4708938459474281,5.135007074824801,-76.63167501128758,1.0052136313683062,4.167178412514668,0.12067054082980143,-45.50598180860072,-1.1573229341274334,-85.29961593782339,0.6295741068180681,80.80392699595927,0.2719344611720337,-0.03342649546443205,0.00015748,0.03377579246337707,0.00081957,1,0.0
13252,0.0004839648423305143,0.0403751931575381,-1.54e-06,1.4708938459474281,5.135007074824801,2.2452277902087427,1.0052136313683062,19.598549182602145,0.12067054082980143,-56.452756853088594,-1.1573229341274334,-25.573938568633174,0.6295741068180681,16.668838836561054,0.2719344611720337,-0.05173274614871266,0.00015748,0.10260138722569624,0.00081957,1,0.0
13253,0.2648059652071241,0.005580690550658943,-1.54e-06,1.4708938459474281,5.135007074824801,-74.90099268158392,1.0052136313683062,6.004366522495535,0.12067054082980143,-58.752019884165776,-1.1573229341274334,14.729163547456984,0.6295741068180681,71.6259689162057,0.2719344611720337,-0.012715784474556497,0.00015748,0.012805052816299027,0.00081957,1,0.0
13254,0.00011785638606115478,0.03591590002297505,-1.54e-06,1.4708938459474281,5.135007074824801,-15.716197589262158,1.0052136313683062,22.069390520545006,0.12067054082980143,-81.95864018282822,-1.1573229341274334,-34.94462366013208,0.6295741068180681,35.8602515692825,0.2719344611720337,-0.08694244562169876,0.00015748,0.10934970038045352,0.00081957,1,0.0
13255,0.025654638638896998,0.1276541218893328,-1.54e-06,1.4708938459474281,5.135007074824801,58.31862771439567,1.0052136313683062,29.3288706905833,0.12067054082980143,-63.875918753945385,-1.1573229341274334,-39.467276020214605,0.6295741068180681,-4.149211747811123,0.2719344611720337,-3.919486233408542e-05,0.00015748,0.2523901092773141,0.00081957,1,0.0
13256,0.27933358766822736,0.009728465648581423,-1.54e-06,1.4708938459474281,5.135007074824801,-77.21997463522061,1.0052136313683062,2.418410628008385,0.12067054082980143,-50.85286152308913,-1.1573229341274334,36.76723789326136,0.6295741068180681,69.82088871600568,0.2719344611720337,-0.024928137616943326,0.00015748,0.02491697358025259,0.00081957,1,0.0
13257,0.22796998345909908,0.1491915805211881,-1.54e-06,1.4708938459474281,5.135007074824801,33.85954821450774,1.0052136313683062,2.8406578213227496,0.12067054082980143,-16.534360903170654,-1.1573229341274334,64.77671179223724,0.6295741068180681,4.061709500636968,0.2719344611720337,0.08135776977895381,0.00015748,0.22033752901967157,0.00081957,0,0.0
13258,0.0011089036524265516,0.11240170383146697,-1.54e-06,1.4708938459474281,5.135007074824801,67.56066356092832,1.0052136313683062,25.66512254627592,0.12067054082980143,-40.72872983065468,-1.1573229341274334,9.227065772011183,0.6295741068180681,-23.87035292057901,0.2719344611720337,0.03931349556797065,0.00015748,0.20521634181035053,0.00081957,0,0.0
13259,0.16317338169391027,0.0020589427906351,-1.54e-06,1.4708938459474281,5.135007074824801,-60.49262120643889,1.0052136313683062,9.183416608608908,0.12067054082980143,-73.27834358904003,-1.1573229341274334,31.272566830536533,0.6295741068180681,62.565878616464424,0.2719344611720337,-0.025390604650593732,0.00015748,0.025393387655173138,0.00081957,1,0.0
13260,0.00106685147496699,0.0639214048520838,-1.54e-06,1.4708938459474281,5.135007074824801,17.291982599693863,1.0052136313683062,20.462321665068327,0.12067054082980143,-56.262887136247045,-1.1573229341274334,58.29613536004994,0.6295741068180681,1.7130004937764411,0.2719344611720337,-0.003933077911578209,0.00015748,0.11539900881010193,0.00081957,1,0.0
13261,9.123609588579384e-05,0.09359450888437523,-1.54e-06,1.4708938459474281,5.135007074824801,60.21228501526855,1.0052136313683062,23.24960546502638,0.12067054082980143,-17.656252529117904,-1.1573229341274334,-44.98031770729282,0.6295741068180681,-26.06737179100823,0.2719344611720337,0.013553474438661381,0.00015748,0.16597857007534217,0.00081957,0,0.0
13262,0.08868068151909833,0.0007683969165765633,-1.54e-06,1.4708938459474281,5.135007074824801,-26.546194664204613,1.0052136313683062,1.4741933433195358,0.12067054082980143,-21.45062694491027,-1.1573229341274334,12.78538499571785,0.6295741068180681,25.073040370516555,0.2719344611720337,-0.0038591889345301555,0.00015748,0.00387545755682406,0.00081957,1,0.0
13263,0.1863008647375546,0.006976304141316421,-1.54e-06,1.4708938459474281,5.135007074824801,-52.18973625997281,1.0052136313683062,-0.8231968340135659,0.12067054082980143,-30.276150750607506,-1.1573229341274334,46.836597183352985,0.6295741068180681,44.46107835642264,0.2719344611720337,-0.02957403620741216,0.00015748,0.02961845781496227,0.00081957,1,0.0
13264,0.0003659153700397155,0.07456313339279429,-1.54e-06,1.4708938459474281,5.135007074824801,22.10871636794979,1.0052136313683062,24.13748065299194,0.12067054082980143,-62.8740557315796,-1.1573229341274334,-20.02343534109577,0.6295741068180681,8.717698954214852,0.2719344611720337,-0.03251273212999314,0.00015748,0.15343533311468527,0.00081957,1,0.0
13265,0.000254131291691051,0.07464419252541393,-1.54e-06,1.4708938459474281,5.135007074824801,11.603760248339633,1.0052136313683062,25.672054594535208,0.12067054082980143,-82.80324697457725,-1.1573229341274334,7.0825422787531975,0.6295741068180681,19.164943967012174,0.2719344611720337,-0.0397708977855203,0.00015748,0.15591792399740845,0.00081957,1,0.0
13266,0.1778960594676622,0.007159601999086583,-1.54e-06,1.4708938459474281,5.135007074824801,-44.52370045713713,1.0052136313683062,-2.1069241692291927,0.12067054082980143,-16.829842416855897,-1.1573229341274334,28.12516547618182,0.6295741068180681,36.826898895640944,0.2719344611720337,-0.030808714101309857,0.00015748,0.03091100810981902,0.00081957,1,0.0
13267,0.18433324902865256,0.002607546740443044,-1.54e-06,1.4708938459474281,5.135007074824801,-65.81870022474101,1.0052136313683062,10.023344686258053,0.12067054082980143,-77.60417775528983,-1.1573229341274334,25.474503733377908,0.6295741068180681,68.295553255711,0.2719344611720337,-0.028125173010089165,0.00015748,0.028169717024282382,0.00081957,1,0.0
13268,0.0011247935206495363,0.011891525620147673,-1.54e-06,1.4708938459474281,5.135007074824801,-18.459093203981116,1.0052136313683062,14.094840875159306,0.12067054082980143,-62.582081070923,-1.1573229341274334,21.239850470252616,0.6295741068180681,26.982709840478993,0.2719344611720337,-0.04999585538532424,0.00015748,0.05727909885891343,0.00081957,1,0.0
13269,0.00012247058709485836,0.007866012035216259,-1.54e-06,1.4708938459474281,5.135007074824801,-3.5964191943116877,1.0052136313683062,5.0517289243468175,0.12067054082980143,-14.183958120246938,-1.1573229341274334,51.7926379235429,0.6295741068180681,-0.4662414216959018,0.2719344611720337,-0.0344918137188708,0.00015748,0.03901744510690986,0.00081957,1,0.0
13270,0.11046262980339733,0.0011378927258722227,-1.54e-06,1.4708938459474281,5.135007074824801,-39.38460767677917,1.0052136313683062,6.701751397261791,0.12067054082980143,-47.86130305533939,-1.1573229341274334,8.534301055708392,0.6295741068180681,41.785869878312226,0.2719344611720337,-0.020889608911908934,0.00015748,0.020895642201689373,0.00081957,1,0.0
13271,0.14260954206311321,0.006476135634258085,-1.54e-06,1.4708938459474281,5.135007074824801,-44.524229137146,1.0052136313683062,14.18593023743581,0.12067054082980143,-60.93427393721748,-1.1573229341274334,-53.20855207617127,0.6295741068180681,53.525804880240365,0.2719344611720337,-0.05662753204876304,0.00015748,0.056657243737307315,0.00081957,1,0.0
13272,0.22684276399573375,0.004216495501218951,-1.54e-06,1.4708938459474281,5.135007074824801,-66.35275437468852,1.0052136313683062,13.089130614062347,0.12067054082980143,-68.65877484835951,-1.1573229341274334,-15.566601497890872,0.6295741068180681,68.64691263554106,0.2719344611720337,-0.03791229158294123,0.00015748,0.037998255336709884,0.00081957,1,0.0
13273,0.023797216462758737,0.0002210706176130374,-1.54e-06,1.4708938459474281,5.135007074824801,-30.273679409991825,1.0052136313683062,3.3361813377557104,0.12067054082980143,-53.38722609727897,-1.1573229341274334,90.74402162568447,0.6295741068180681,29.228835535434925,0.2719344611720337,-0.008042270668706077,0.00015748,0.008058660779038204,0.00081957,1,0.0
13274,9.409629397319486e-05,0.021930653386689744,-1.54e-06,1.4708938459474281,5.135007074824801,-3.2819560302067647,1.0052136313683062,18.23083429852829,0.12067054082980143,-42.95124896184962,-1.1573229341274334,-54.85490372442855,0.6295741068180681,15.554218679460703,0.2719344611720337,-0.06952962836621734,0.00015748,0.07835301136974118,0.00081957,1,0.0
13275,0.05968935942819978,0.0049937842074667445,-1.54e-06,1.4708938459474281,5.135007074824801,-23.1004030151898,1.0052136313683062,9.682620253156049,0.12067054082980143,-41.979407604766145,-1.1573229341274334,-40.73479776763773,0.6295741068180681,31.821734483493902,0.2719344611720337,-0.04723079072257632,0.00015748,0.047497932260899677,0.00081957,1,0.0
13276,0.16602824888359632,0.005812202799905369,-1.54e-06,1.4708938459474281,5.135007074824801,-56.567920334924814,1.0052136313683062,13.698757219808854,0.12067054082980143,-74.67152811717334,-1.1573229341274334,-28.823698767946812,0.6295741068180681,64.79937330738485,0.2719344611720337,-0.05294107065129446,0.00015748,0.053121623773730954,0.00081957,1,0.0
13277,0.0009670435735955052,0.10155095902765628,-1.54e-06,1.4708938459474281,5.135007074824801,46.281581584174496,1.0052136313683062,24.57854806616548,0.12067054082980143,-62.601563914992504,-1.1573229341274334,20.360618020925177,0.6295741068180681,-4.736526597412252,0.2719344611720337,0.013993021197566027,0.00015748,0.19554809769710707,0.00081957,0,0.0
13278,0.19576962760773103,0.004210838401523441,-1.54e-06,1.4708938459474281,5.135007074824801,-66.22762151162839,1.0052136313683062,3.349659230030304,0.12067054082980143,-61.44338127064333,-1.1573229341274334,61.11579213930683,0.6295741068180681,62.162720604804704,0.2719344611720337,-0.011028023875901707,0.00015748,0.011025318705676398,0.00081957,1,0.0
13279,0.18513980191184234,0.015558171774512452,-1.54e-06,1.4708938459474281,5.135007074824801,-40.39377490929579,1.0052136313683062,-7.226664956759934,0.12067054082980143,-2.2214840683379204,-1.1573229341274334,-42.21274624270682,0.6295741068180681,39.39214074775972,0.2719344611720337,-0.04070614317887539,0.00015748,0.04048978290360629,0.00081957,1,0.0
13280,0.04396150081849445,0.0003373351379324144,-1.54e-06,1.4708938459474281,5.135007074824801,-35.57599078967447,1.0052136313683062,4.623396812042196,0.12067054082980143,-58.558978283517256,-1.1573229341274334,86.93889674290845,0.6295741068180681,34.77061876496866,0.2719344611720337,-0.011551486012300204,0.00015748,0.011557280933158156,0.00081957,1,0.0
13281,0.1926659641531122,0.008802691287034026,-1.54e-06,1.4708938459474281,5.135007074824801,-66.33953245632044,1.0052136313683062,17.237424178300536,0.12067054082980143,-90.16460218412657,-1.1573229341274334,-35.138371857184076,0.6295741068180681,76.44966182947864,0.2719344611720337,-0.06599691043276794,0.00015748,0.06610455439884459,0.00081957,1,0.0
13282,0.24876156628409934,0.005114870576351295,-1.54e-06,1.4708938459474281,5.135007074824801,-65.47493191092492,1.0052136313683062,12.783357158096136,0.12067054082980143,-60.917556697837014,-1.1573229341274334,-67.54463079887792,0.6295741068180681,71.43098095567031,0.2719344611720337,-0.04400314481413929,0.00015748,0.04404025369982012,0.00081957,1,0.0
13283,0.055187327488118304,0.026545552460474107,-1.54e-06,1.4708938459474281,5.135007074824801,-33.985997941848325,1.0052136313683062,25.00205926356913,0.12067054082980143,-88.95271794411515,-1.1573229341274334,-34.29727591906306,0.6295741068180681,47.86582719679315,0.2719344611720337,-0.09736938979860238,0.00015748,0.09733126153764904,0.00081957,1,0.0
13284,0.2841539468443047,0.08608767155682281,-1.54e-06,1.4708938459474281,5.135007074824801,-32.60563907507993,1.0052136313683062,19.45347386579947,0.12067054082980143,-74.10327450767006,-1.1573229341274334,76.1247227274686,0.6295741068180681,48.867795013514105,0.2719344611720337,0.04352848182166523,0.00015748,0.11831371785827575,0.00081957,0,0.0
13285,0.24577917093429055,0.019220574993323605,-1.54e-06,1.4708938459474281,5.135007074824801,-65.17509003199679,1.0052136313683062,-4.163864978201965,0.12067054082980143,-26.222051789364325,-1.1573229341274334,79.9801853784537,0.6295741068180681,50.50187384478239,0.2719344611720337,-0.06102266968774267,0.00015748,0.06094802271997414,0.00081957,1,0.0
13286,0.14257384845624282,0.004116622995024403,-1.54e-06,1.4708938459474281,5.135007074824801,-59.059738692839765,1.0052136313683062,12.980114177946216,0.12067054082980143,-85.09920505682034,-1.1573229341274334,19.584487484759897,0.6295741068180681,65.10762891643385,0.2719344611720337,-0.044963856365105685,0.00015748,0.04497822853636687,0.00081957,1,0.0
13287,7.602348167323747e-05,0.09494586024219087,-1.54e-06,1.4708938459474281,5.135007074824801,32.33889722635177,1.0052136313683062,28.658152565651847,0.12067054082980143,-59.67546927806691,-1.1573229341274334,-92.42249753883831,0.6295741068180681,7.249509690061781,0.2719344611720337,-0.06003862162145472,0.00015748,0.19219509275668323,0.00081957,1,0.0
13288,0.018288499670260597,0.007795982636974879,-1.54e-06,1.4708938459474281,5.135007074824801,-0.08062547913073874,1.0052136313683062,10.563598157588423,0.12067054082980143,-14.759082016123747,-1.1573229341274334,-94.08831709755046,0.6295741068180681,10.744331667397113,0.2719344611720337,-0.05523830542600785,0.00015748,0.05525324602705085,0.00081957,1,0.0
13289,-6.756634071944378e-05,0.008873198232179533,-1.54e-06,1.4708938459474281,5.135007074824801,-9.829349643963848,1.0052136313683062,12.615756623241683,0.12067054082980143,-38.89801152015864,-1.1573229341274334,9.303367710838764,0.6295741068180681,13.488899211565895,0.2719344611720337,-0.04719136383815688,0.00015748,0.04718021786563033,0.00081957,1,0.0
13290,0.044176730973546546,0.008368631616699504,-1.54e-06,1.4708938459474281,5.135007074824801,-34.665064791643836,1.0052136313683062,14.610203210945288,0.12067054082980143,-76.57017353265076,-1.1573229341274334,10.607395079566585,0.6295741068180681,44.18831616403497,0.2719344611720337,-0.05932199082620528,0.00015748,0.05937867273273618,0.00081957,1,0.0
13291,0.12230216799094004,0.0010805197008231103,-1.54e-06,1.4708938459474281,5.135007074824801,-45.64865931162657,1.0052136313683062,6.642621188114856,0.12067054082980143,-54.8440402193764,-1.1573229341274334,29.184591805915588,0.6295741068180681,46.554545574781244,0.2719344611720337,-0.017182135532802793,0.00015748,0.017213094522130535,0.00081957,1,0.0
13292,0.0008302008914809478,0.07696340782031265,-1.54e-06,1.4708938459474281,5.135007074824801,25.396971263436676,1.0052136313683062,23.657438366187776,0.12067054082980143,-53.031328616027295,-1.1573229341274334,-82.57758873876985,0.6295741068180681,9.184709383340406,0.2719344611720337,-0.055543248441065625,0.00015748,0.16608337560146647,0.00081957,1,0.0
13293,0.1441331252300222,0.0016363557200591862,-1.54e-06,1.4708938459474281,5.135007074824801,-22.49367230043741,1.0052136313683062,5.85643629764776,0.12067054082980143,-4.150956704110237,-1.1573229341274334,-97.70454542493583,0.6295741068180681,26.42427659131286,0.2719344611720337,-0.02406115777147224,0.00015748,0.024075687642652617,0.00081957,1,0.0
13294,0.16129690230333596,0.002302294800081963,-1.54e-06,1.4708938459474281,5.135007074824801,-44.145112009847566,1.0052136313683062,2.821725159747435,0.12067054082980143,-31.643271339218742,-1.1573229341274334,5.654826393060667,0.6295741068180681,41.876496434365166,0.2719344611720337,-0.006468019467200305,0.00015748,0.006535108979111744,0.00081957,1,0.0
13295,0.6923936044810157,0.24266682746243295,-1.54e-06,1.4708938459474281,5.135007074824801,4.615809798071859,1.0052136313683062,44.17602583825754,0.12067054082980143,-96.72874615242276,-1.1573229341274334,39.173133949841635,0.6295741068180681,61.40664676306096,0.2719344611720337,0.21141954608544972,0.00015748,0.3315048377261977,0.00081957,0,0.0
13296,0.03037088165070259,0.000839308517182523,-1.54e-06,1.4708938459474281,5.135007074824801,-29.43686062655264,1.0052136313683062,6.172147681756155,0.12067054082980143,-55.31478203192075,-1.1573229341274334,58.46687130202256,0.6295741068180681,31.563946868034435,0.2719344611720337,-0.019534096752150922,0.00015748,0.01954047583806406,0.00081957,1,0.0
13297,0.08036224481717061,0.050492967790133896,-1.54e-06,1.4708938459474281,5.135007074824801,3.1449778909823767,1.0052136313683062,6.800329505365926,0.12067054082980143,-14.095818360906868,-1.1573229341274334,88.40626332830784,0.6295741068180681,-2.3442571568173145,0.2719344611720337,-0.006095197646696769,0.00015748,0.08861497874611318,0.00081957,1,0.0
13298,0.3830127719802794,0.017296724593210494,-1.54e-06,1.4708938459474281,5.135007074824801,-86.3191119528868,1.0052136313683062,3.0332756791510262,0.12067054082980143,-32.814856599904495,-1.1573229341274334,-23.736109723542807,0.6295741068180681,76.81310223919625,0.2719344611720337,-0.03462897672120082,0.00015748,0.0347216258325602,0.00081957,1,0.0
13299,0.3748292644094797,0.03419438771508743,-1.54e-06,1.4708938459474281,5.135007074824801,-86.57702836974943,1.0052136313683062,-7.638017484189881,0.12067054082980143,-17.74357860955327,-1.1573229341274334,21.53710119682395,0.6295741068180681,71.92976778747533,0.2719344611720337,-0.06277787804506768,0.00015748,0.06265023219875118,0.00081957,1,0.0
13300,0.00016523498478213106,0.11954645239375583,-1.54e-06,1.7394849584049095,3.6335273926818386,8.60790185860558,1.0052136313683062,5.752797624536952,0.12067054082980143,-33.471474188754854,-1.1573229341274334,59.32086989580609,0.6295741068180681,1.5207977413883522,0.2719344611720337,0.06647796423226342,0.00015748,0.2081519747596569,0.00081957,0,0.0
13301,0.35609029926191416,0.8032639339721301,-1.54e-06,1.7394849584049095,3.6335273926818386,17.1066009982876,1.0052136313683062,41.2394858760342,0.12067054082980143,-91.31434329282273,-1.1573229341274334,-68.94495290176648,0.6295741068180681,31.690270958115583,0.2719344611720337,-0.38735371491956,0.00015748,0.6084636115633413,0.00081957,1,0.0
13302,0.5242375542552231,0.2712293184318335,-1.54e-06,1.7394849584049095,3.6335273926818386,19.746817588831025,1.0052136313683062,24.01692794304322,0.12067054082980143,-76.62463527690878,-1.1573229341274334,-44.22558952723446,0.6295741068180681,42.078551730389236,0.2719344611720337,0.005234344402289093,0.00015748,0.4760859918840731,0.00081957,0,0.0
13303,0.0002278939311950584,0.08308450741139774,-1.54e-06,1.7394849584049095,3.6335273926818386,-23.160768226322233,1.0052136313683062,-2.51187753202155,0.12067054082980143,-29.89430983179949,-1.1573229341274334,85.19975291700715,0.6295741068180681,16.703349643911167,0.2719344611720337,-0.05924519322625607,0.00015748,0.1730329116604622,0.00081957,1,0.0
13304,0.06022465448155978,0.0503267313997862,-1.54e-06,1.7394849584049095,3.6335273926818386,100.0,1.0052136313683062,28.01831945179603,0.12067054082980143,-96.21066284627672,-1.1573229341274334,63.39150061595256,0.6295741068180681,-17.0016511017766,0.2719344611720337,0.40038150165472197,0.00015748,0.6659593714198883,0.00081957,0,0.0
13305,0.003003335565292309,0.11942138914506077,-1.54e-06,1.7394849584049095,3.6335273926818386,11.471064911157471,1.0052136313683062,12.955706054533819,0.12067054082980143,-62.23331770640453,-1.1573229341274334,23.11081514284786,0.6295741068180681,18.602670144585787,0.2719344611720337,-0.06241990915753337,0.00015748,0.23730729272314316,0.00081957,1,0.0
13306,0.998716183830109,0.6646125068502778,-1.54e-06,1.7394849584049095,3.6335273926818386,65.2012286983395,1.0052136313683062,9.189939203517879,0.12067054082980143,-22.338548925155475,-1.1573229341274334,-35.668619298605684,0.6295741068180681,18.402157106692353,0.2719344611720337,0.3282145682372706,0.00015748,0.972946430535395,0.00081957,0,0.0
13307,0.0008986562297785827,0.0638960543734007,-1.54e-06,1.7394849584049095,3.6335273926818386,25.745349140368425,1.0052136313683062,7.179361704924771,0.12067054082980143,-6.109852188180668,-1.1573229341274334,-31.480153614556933,0.6295741068180681,-8.629562532322964,0.2719344611720337,-0.048940700967727485,0.00015748,0.14381000838340047,0.00081957,1,0.0
13308,3.4418773262073765e-05,0.03024828133705232,-1.54e-06,1.7394849584049095,3.6335273926818386,-15.065790451373239,1.0052136313683062,4.687841435020425,0.12067054082980143,-48.97218872994686,-1.1573229341274334,49.685941359037884,0.6295741068180681,24.77445141119049,0.2719344611720337,-0.015328575425848527,0.00015748,0.07001789533364641,0.00081957,1,0.0
13309,0.034720583963500085,0.4399108252263163,-1.54e-06,1.7394849584049095,3.6335273926818386,90.79950084084817,1.0052136313683062,39.75384966955437,0.12067054082980143,-98.23204072858508,-1.1573229341274334,27.929324847807273,0.6295741068180681,-20.16154770946927,0.2719344611720337,0.10099286719747491,0.00015748,0.7458494721420794,0.00081957,0,0.0
13310,0.5428952491347225,0.24222429567328452,-1.54e-06,1.7394849584049095,3.6335273926818386,58.69237545312477,1.0052136313683062,24.19889560214589,0.12067054082980143,-52.1966591938619,-1.1573229341274334,-53.146939007229975,0.6295741068180681,11.784685075154872,0.2719344611720337,0.22082619472017442,0.00015748,0.5533747105057331,0.00081957,0,0.0
13311,-0.0001248277874282555,0.0957939568897121,-1.54e-06,1.7394849584049095,3.6335273926818386,16.382761088680915,1.0052136313683062,5.94934639818299,0.12067054082980143,-28.233730754792642,-1.1573229341274334,32.825134156523035,0.6295741068180681,-0.39658705207740536,0.2719344611720337,0.10929352486675396,0.00015748,0.13445187887185323,0.00081957,0,0.0
13312,0.677361655580192,0.1946957365576249,-1.54e-06,1.7394849584049095,3.6335273926818386,59.78042452235438,1.0052136313683062,29.867803902136814,0.12067054082980143,-90.07669376304395,-1.1573229341274334,-6.054609311967483,0.6295741068180681,26.234167619634047,0.2719344611720337,0.398895157297684,0.00015748,0.6705921284279099,0.00081957,0,0.0
13313,0.07011460247977497,0.014339245921145601,-1.54e-06,1.7394849584049095,3.6335273926818386,-35.415197383369126,1.0052136313683062,6.916570769655455,0.12067054082980143,-72.45509483672825,-1.1573229341274334,61.772522614802035,0.6295741068180681,46.45877264098347,0.2719344611720337,-0.07918484426404097,0.00015748,0.07951171317782453,0.00081957,1,0.0
13314,0.3161115215903132,0.0991714182910286,-1.54e-06,1.7394849584049095,3.6335273926818386,99.95176189553452,1.0052136313683062,29.35714977676229,0.12067054082980143,-79.12293390615106,-1.1573229341274334,5.073955110599689,0.6295741068180681,-10.818582426036524,0.2719344611720337,0.38518881015197093,0.00015748,0.7109368611949782,0.00081957,0,0.0
13315,0.4597983641832401,0.04585632567753599,-1.54e-06,1.7394849584049095,3.6335273926818386,-10.832078192102612,1.0052136313683062,8.500667791791274,0.12067054082980143,-1e-20,-1.1573229341274334,-95.9232530688768,0.6295741068180681,27.60504773525636,0.2719344611720337,-0.12787329978627443,0.00015748,0.12794695871022538,0.00081957,1,0.0
13316,0.0029463414817825218,0.054031771459901075,-1.54e-06,1.7394849584049095,3.6335273926818386,84.95278780491127,1.0052136313683062,19.97715488774616,0.12067054082980143,-81.97326598906797,-1.1573229341274334,95.32805382268067,0.6295741068180681,-19.171930723003644,0.2719344611720337,0.46628330121065314,0.00015748,0.53971688544368,0.00081957,0,0.0
13317,0.0007318437000565781,0.09187167075574294,-1.54e-06,1.7394849584049095,3.6335273926818386,38.59589574865155,1.0052136313683062,9.313384645149972,0.12067054082980143,-0.2969747597254434,-1.1573229341274334,-57.10040398467113,0.6295741068180681,-15.458292956843838,0.2719344611720337,-0.08708225806520487,0.00015748,0.1941753541926421,0.00081957,1,0.0
13318,0.09798618997956743,0.15011482077169033,-1.54e-06,1.7394849584049095,3.6335273926818386,1.3358221537831674,1.0052136313683062,15.981637780160634,0.12067054082980143,-80.95981256809384,-1.1573229341274334,21.526390676394513,0.6295741068180681,35.403533257007894,0.2719344611720337,-0.10703491214613323,0.00015748,0.2833259522932535,0.00081957,1,0.0
13319,0.6362679838547395,0.1901254299631725,-1.54e-06,1.7394849584049095,3.6335273926818386,91.61288773834006,1.0052136313683062,30.30207173315561,0.12067054082980143,-60.03586481533868,-1.1573229341274334,-56.32620453768654,0.6295741068180681,0.47316649950647927,0.2719344611720337,0.378981715745462,0.00015748,0.7292198814360866,0.00081957,0,0.0
13320,0.003094898923102274,0.11937369913483666,-1.54e-06,1.7394849584049095,3.6335273926818386,31.446676257786223,1.0052136313683062,10.578730922455065,0.12067054082980143,-35.32351865780998,-1.1573229341274334,10.919698550328645,0.6295741068180681,-2.776592970726012,0.2719344611720337,0.059063134489873756,0.00015748,0.23065841208573412,0.00081957,0,0.0
13321,0.25344159965331964,0.16315580424060233,-1.54e-06,1.7394849584049095,3.6335273926818386,100.0,1.0052136313683062,18.436985990003354,0.12067054082980143,-8.503629032536333,-1.1573229341274334,-49.03535205644607,0.6295741068180681,-38.333051790936736,0.2719344611720337,0.34095748608410104,0.00015748,0.5090760487386015,0.00081957,0,0.0
13322,0.0230866468181099,0.05437247047084881,-1.54e-06,1.7394849584049095,3.6335273926818386,-3.8583402758592014,1.0052136313683062,10.117877994924548,0.12067054082980143,-48.59339639549068,-1.1573229341274334,2.485776460357633,0.6295741068180681,23.272190319832053,0.2719344611720337,-0.1540621592491834,0.00015748,0.1543190111565885,0.00081957,1,0.0
13323,0.05209300479489282,0.18281324426566675,-1.54e-06,1.7394849584049095,3.6335273926818386,57.89793766298264,1.0052136313683062,5.581693737564439,0.12067054082980143,-15.996333415232453,-1.1573229341274334,20.632442526449555,0.6295741068180681,-20.879480950085775,0.2719344611720337,0.17850778351766788,0.00015748,0.3981066858313675,0.00081957,0,0.0
13324,0.755740044975725,0.07998360829831794,-1.54e-06,1.7394849584049095,3.6335273926818386,-58.21201514486477,1.0052136313683062,11.082980448419981,0.12067054082980143,-46.59309306543891,-1.1573229341274334,-66.19729745102708,0.6295741068180681,79.7434543866365,0.2719344611720337,-0.1425124708611524,0.00015748,0.14228517634221524,0.00081957,1,0.0
13325,0.0013174035008319263,0.11758983902559168,-1.54e-06,1.7394849584049095,3.6335273926818386,4.552160665688737,1.0052136313683062,5.372102197121942,0.12067054082980143,-51.69035113432817,-1.1573229341274334,80.86272121703966,0.6295741068180681,12.134131070981406,0.2719344611720337,0.1261752067641552,0.00015748,0.19280695124034672,0.00081957,0,0.0
13326,0.14960232076683333,0.11159155637648167,-1.54e-06,1.7394849584049095,3.6335273926818386,68.37801611941853,1.0052136313683062,18.188195518774307,0.12067054082980143,-70.01799084463654,-1.1573229341274334,70.4879297148143,0.6295741068180681,-9.099981290528842,0.2719344611720337,0.4360191890266328,0.00015748,0.4861540916120695,0.00081957,0,0.0
13327,0.0646942867551565,0.0005647603761827269,-1.54e-06,1.7394849584049095,3.6335273926818386,-12.36493042902316,1.0052136313683062,1.3549581327870608,0.12067054082980143,-15.011994249109375,-1.1573229341274334,11.065599496724127,0.6295741068180681,13.714606139097391,0.2719344611720337,-0.012726865538898586,0.00015748,0.012756437413398092,0.00081957,1,0.0
13328,0.3315971478606643,0.053605156538366804,-1.54e-06,1.7394849584049095,3.6335273926818386,-19.501398391551223,1.0052136313683062,11.275725780738542,0.12067054082980143,-39.127927719769595,-1.1573229341274334,-42.71343323839557,0.6295741068180681,40.39866784583487,0.2719344611720337,-0.16014874689803466,0.00015748,0.16065844606740198,0.00081957,1,0.0
13329,0.029166395058760716,0.0011872505543478226,-1.54e-06,1.7394849584049095,3.6335273926818386,-21.05263279917865,1.0052136313683062,2.2526064811611777,0.12067054082980143,-35.889901857018714,-1.1573229341274334,40.020656318708156,0.6295741068180681,23.842483567865703,0.2719344611720337,-0.01987963749729282,0.00015748,0.01997804994985305,0.00081957,1,0.0
13330,0.147516623222739,0.0028055888768274985,-1.54e-06,1.7394849584049095,3.6335273926818386,-33.24092845321118,1.0052136313683062,1.9803335011056498,0.12067054082980143,-37.617159124067754,-1.1573229341274334,36.68955544580864,0.6295741068180681,34.77592007971737,0.2719344611720337,-0.0163134574183612,0.00015748,0.016419234688989526,0.00081957,1,0.0
13331,0.479070726359609,0.027139598573309116,-1.54e-06,1.7394849584049095,3.6335273926818386,-36.99638901428912,1.0052136313683062,4.405259721821268,0.12067054082980143,-17.488598265313268,-1.1573229341274334,-41.489589266996006,0.6295741068180681,45.316070161409606,0.2719344611720337,-0.047714858215455624,0.00015748,0.04819389136772523,0.00081957,1,0.0
13332,-6.235508224725073e-05,0.012715120450214567,-1.54e-06,1.7394849584049095,3.6335273926818386,-38.57901123900777,1.0052136313683062,-2.1195916423144903,0.12067054082980143,-43.77980500283929,-1.1573229341274334,87.45446465702656,0.6295741068180681,31.532487256943938,0.2719344611720337,-0.0702827933421602,0.00015748,0.07027681175879111,0.00081957,1,0.0
13333,0.10087078132460636,0.04191032717889112,-1.54e-06,1.7394849584049095,3.6335273926818386,-36.54807383363669,1.0052136313683062,10.312028191610226,0.12067054082980143,-88.22574640402026,-1.1573229341274334,56.43026541916889,0.6295741068180681,55.772685184471705,0.2719344611720337,-0.13646517562489763,0.00015748,0.13767967881206272,0.00081957,1,0.0
13334,0.4648903901857321,0.02313354444991108,-1.54e-06,1.7394849584049095,3.6335273926818386,-62.247813304148295,1.0052136313683062,5.638395515850446,0.12067054082980143,-58.79758397035642,-1.1573229341274334,19.254902908699968,0.6295741068180681,70.42012388572299,0.2719344611720337,-0.045475842882632386,0.00015748,0.04550319813189298,0.00081957,1,0.0
13335,0.0016041640272080882,0.33602429172791876,-1.54e-06,1.7394849584049095,3.6335273926818386,37.229793250571,1.0052136313683062,14.071463045660007,0.12067054082980143,-37.10309615805304,-1.1573229341274334,85.59001975663175,0.6295741068180681,-22.31768490249565,0.2719344611720337,0.06192075303207256,0.00015748,0.5308295192117461,0.00081957,0,0.0
13336,0.4052584753439171,0.04658349828518885,-1.54e-06,1.7394849584049095,3.6335273926818386,-43.7266865470207,1.0052136313683062,11.438811181636908,0.12067054082980143,-65.87663675826336,-1.1573229341274334,-7.1659029008938955,0.6295741068180681,64.02179770962503,0.2719344611720337,-0.14617530248831842,0.00015748,0.14653361733566608,0.00081957,1,0.0
13337,0.29021285296462196,0.08802237461656921,-1.54e-06,1.7394849584049095,3.6335273926818386,91.53435188127467,1.0052136313683062,28.891053914250755,0.12067054082980143,-95.04350793656121,-1.1573229341274334,31.349394048784635,0.6295741068180681,-1.7570037252680302,0.2719344611720337,0.3852779356251588,0.00015748,0.7124398456222958,0.00081957,0,0.0
13338,0.6608354156953318,0.24357969660620846,-1.54e-06,1.7394849584049095,3.6335273926818386,98.0894057114029,1.0052136313683062,43.95301126166212,0.12067054082980143,-97.15724164580493,-1.1573229341274334,-43.84972987322599,0.6295741068180681,5.591437818593215,0.2719344611720337,0.3486673220832232,0.00015748,0.8767995707459111,0.00081957,0,0.0
13339,0.0016383188192802822,0.09302857214042896,-1.54e-06,1.7394849584049095,3.6335273926818386,91.45632036853529,1.0052136313683062,13.492751114840534,0.12067054082980143,-45.096999109355316,-1.1573229341274334,89.58886479928665,0.6295741068180681,-38.41984902941477,0.2719344611720337,0.41811215248341044,0.00015748,0.617275378462019,0.00081957,0,0.0
13340,0.07413449514941872,0.0009988791150032878,-1.54e-06,1.7394849584049095,3.6335273926818386,-22.220569237140086,1.0052136313683062,1.2541981628648988,0.12067054082980143,-27.18813804843715,-1.1573229341274334,30.934789420223954,0.6295741068180681,22.71062477435113,0.2719344611720337,-0.014170723005729283,0.00015748,0.014246727645021865,0.00081957,1,0.0
13341,0.4265107060897009,0.26633972252480553,-1.54e-06,1.7394849584049095,3.6335273926818386,-73.75875220273753,1.0052136313683062,6.278081307320701,0.12067054082980143,-37.82084535083411,-1.1573229341274334,51.92511019356317,0.6295741068180681,52.2199365760891,0.2719344611720337,-0.29312282788806315,0.00015748,0.2797259350550067,0.00081957,1,0.0
13342,0.09288173764261048,0.16142891730951053,-1.54e-06,1.7394849584049095,3.6335273926818386,39.221660948908585,1.0052136313683062,15.64564615354347,0.12067054082980143,-55.84485029708045,-1.1573229341274334,13.59259006376301,0.6295741068180681,4.702488731426307,0.2719344611720337,0.09548040716222925,0.00015748,0.34711143615199913,0.00081957,0,0.0
13343,0.600507582223085,0.18719230279667515,-1.54e-06,1.7394849584049095,3.6335273926818386,63.53369999204275,1.0052136313683062,27.057376890819658,0.12067054082980143,-76.85603613084282,-1.1573229341274334,-7.566655598972444,0.6295741068180681,16.71332676956444,0.2719344611720337,0.395458752225766,0.00015748,0.6281596867793318,0.00081957,0,0.0
13344,0.5008589658434263,0.04359296994206802,-1.54e-06,1.7394849584049095,3.6335273926818386,-81.75461858993118,1.0052136313683062,1.9187161583722736,0.12067054082980143,-61.871539157276516,-1.1573229341274334,54.09446871789168,0.6295741068180681,79.3425941336629,0.2719344611720337,-0.06061508380487889,0.00015748,0.06039160796538139,0.00081957,1,0.0
13345,0.1090723967508383,0.17021098096424322,-1.54e-06,1.7394849584049095,3.6335273926818386,45.687244216000124,1.0052136313683062,15.834108125438869,0.12067054082980143,-41.96834034993894,-1.1573229341274334,-15.152928903546222,0.6295741068180681,-1.6861468698075825,0.2719344611720337,0.05720319162244089,0.00015748,0.35106257884620484,0.00081957,0,0.0
13346,0.7174215025442396,0.18538481049581979,-1.54e-06,1.7394849584049095,3.6335273926818386,-44.61881649009137,1.0052136313683062,19.50095079183397,0.12067054082980143,-73.44627365970561,-1.1573229341274334,-86.5111523375616,0.6295741068180681,85.3812410363431,0.2719344611720337,-0.29316553923944705,0.00015748,0.2954540330900313,0.00081957,1,0.0
13347,0.502296290607466,0.033297002141367896,-1.54e-06,1.7394849584049095,3.6335273926818386,-60.24167480447442,1.0052136313683062,8.094068126168757,0.12067054082980143,-65.18248104762915,-1.1573229341274334,5.016395314854539,0.6295741068180681,75.03724960486925,0.2719344611720337,-0.08956144243077156,0.00015748,0.09021765928296314,0.00081957,1,0.0
13348,0.04356263669786775,0.08868640168989468,-1.54e-06,1.7394849584049095,3.6335273926818386,19.745228681214307,1.0052136313683062,11.150253946261994,0.12067054082980143,-20.583883141024693,-1.1573229341274334,-55.95082391645384,0.6295741068180681,5.068375238962608,0.2719344611720337,-0.19870636029202032,0.00015748,0.20046128960815118,0.00081957,1,0.0
13349,0.28515540267610234,0.016279849049659498,-1.54e-06,1.7394849584049095,3.6335273926818386,-59.06790197230168,1.0052136313683062,0.8343756392107726,0.12067054082980143,-54.32693515758774,-1.1573229341274334,59.162527007529455,0.6295741068180681,58.27888569714595,0.2719344611720337,-0.032815212554569206,0.00015748,0.032775318585137644,0.00081957,1,0.0
13350,0.14564875613813605,0.06628686714871238,-1.54e-06,1.7394849584049095,3.6335273926818386,-17.067208376741824,1.0052136313683062,11.878277658279403,0.12067054082980143,-62.78545810202924,-1.1573229341274334,0.9369355053041025,0.6295741068180681,40.59000739672086,0.2719344611720337,-0.17575196614488403,0.00015748,0.1782836193214432,0.00081957,1,0.0
13351,0.6754435154876056,0.18486558158399607,-1.54e-06,1.7394849584049095,3.6335273926818386,99.87722873739969,1.0052136313683062,38.22864032996813,0.12067054082980143,-93.63736805362637,-1.1573229341274334,-51.717274592337226,0.6295741068180681,11.317524246739724,0.2719344611720337,0.349246908747785,0.00015748,0.876602613004269,0.00081957,0,0.0
13352,-0.00018444005538439945,0.11359009502021371,-1.54e-06,1.7394849584049095,3.6335273926818386,-4.1812014538629665,1.0052136313683062,5.474525749636414,0.12067054082980143,-61.6920677791592,-1.1573229341274334,95.51826504462215,0.6295741068180681,19.564316905833735,0.2719344611720337,0.1129536643026057,0.00015748,0.1868145082000723,0.00081957,0,0.0
13353,0.670682297601871,0.19777929423711893,-1.54e-06,1.7394849584049095,3.6335273926818386,61.29129926557236,1.0052136313683062,28.198924108766263,0.12067054082980143,-81.37158237660508,-1.1573229341274334,-11.213558747497713,0.6295741068180681,22.379361911084303,0.2719344611720337,0.40459236875387466,0.00015748,0.6526597684857126,0.00081957,0,0.0
13354,0.2328300843191272,0.03225377066537597,-1.54e-06,1.7394849584049095,3.6335273926818386,-25.0131101368415,1.0052136313683062,9.3187313833608,0.12067054082980143,-50.03192862518518,-1.1573229341274334,-4.373600312183318,0.6295741068180681,41.911891465200654,0.2719344611720337,-0.12604870233916785,0.00015748,0.12648780434975612,0.00081957,1,0.0
13355,0.7875742241051563,0.2945658206165191,-1.54e-06,1.7394849584049095,3.6335273926818386,41.122321755873855,1.0052136313683062,20.56969958538792,0.12067054082980143,-82.71660355187402,-1.1573229341274334,8.958620586290929,0.6295741068180681,40.5533174273507,0.2719344611720337,0.38548104722061166,0.00015748,0.689313868025196,0.00081957,0,0.0
13356,0.0028376661003113313,0.05814344478581968,-1.54e-06,1.7394849584049095,3.6335273926818386,89.25291651811808,1.0052136313683062,18.572482951559575,0.12067054082980143,-71.68304897021494,-1.1573229341274334,86.34645292259034,0.6295741068180681,-24.604921136048894,0.2719344611720337,0.45865918009248413,0.00015748,0.5498021787890852,0.00081957,0,0.0
13357,0.16252305047019477,0.16494283103524843,-1.54e-06,1.7394849584049095,3.6335273926818386,5.291171567179701,1.0052136313683062,17.107736278675898,0.12067054082980143,-91.52620969353588,-1.1573229341274334,42.95524349364304,0.6295741068180681,37.8474181569716,0.2719344611720337,0.011534853439531811,0.00015748,0.32936421019680895,0.00081957,0,0.0
13358,0.7458040482955713,0.2116840785871398,-1.54e-06,1.7394849584049095,3.6335273926818386,99.97029279383817,1.0052136313683062,36.502335889673375,0.12067054082980143,-79.50528152639568,-1.1573229341274334,-72.75402791149277,0.6295741068180681,9.921421609598982,0.2719344611720337,0.3513761292483351,0.00015748,0.8659604290723559,0.00081957,0,0.0
13359,0.19424898052801395,0.009224735603676438,-1.54e-06,1.7394849584049095,3.6335273926818386,-32.30901091241147,1.0052136313683062,5.72666938892235,0.12067054082980143,-48.12979386506693,-1.1573229341274334,22.300412695389117,0.6295741068180681,41.46119154607577,0.2719344611720337,-0.06399937663700753,0.00015748,0.06428446807186386,0.00081957,1,0.0
13360,0.7942974407307692,0.35518521912451045,-1.54e-06,1.7394849584049095,3.6335273926818386,62.389259281409345,1.0052136313683062,16.303873470189192,0.12067054082980143,-45.06149006321026,-1.1573229341274334,-25.819708601868342,0.6295741068180681,18.02024556224864,0.2719344611720337,0.37069704116290864,0.00015748,0.7566088252653229,0.00081957,0,0.0
13361,0.08568163221831826,0.06552996509473365,-1.54e-06,1.7394849584049095,3.6335273926818386,99.97230654470303,1.0052136313683062,21.802185900900987,0.12067054082980143,-63.89690872800141,-1.1573229341274334,44.96622061551854,0.6295741068180681,-27.513645014384817,0.2719344611720337,0.4325994174135595,0.00015748,0.5920690556506721,0.00081957,0,0.0
13362,0.7012753395315949,0.0686777807718774,-1.54e-06,1.7394849584049095,3.6335273926818386,-69.78968766202998,1.0052136313683062,2.156458042047332,0.12067054082980143,-32.443153360868,-1.1573229341274334,-25.3194819312086,0.6295741068180681,75.70998143085507,0.2719344611720337,-0.02080050557258771,0.00015748,0.0212593397616085,0.00081957,1,0.0
13363,0.010996824965506913,0.12288911023633077,-1.54e-06,1.7394849584049095,3.6335273926818386,64.49181812243006,1.0052136313683062,15.237263690379361,0.12067054082980143,-62.17555815930213,-1.1573229341274334,72.43356606964483,0.6295741068180681,-14.39985502827873,0.2719344611720337,0.36037347467033176,0.00015748,0.41152790271034834,0.00081957,0,0.0
13364,0.4938850952182925,0.026298416782343872,-1.54e-06,1.7394849584049095,3.6335273926818386,-79.36116656922773,1.0052136313683062,7.409150018924336,0.12067054082980143,-86.62237465122757,-1.1573229341274334,50.402407466933774,0.6295741068180681,89.37930099746788,0.2719344611720337,-0.06042624218730729,0.00015748,0.06050280304864266,0.00081957,1,0.0
13365,0.46078271681607463,0.23234362683323162,-1.54e-06,1.7394849584049095,3.6335273926818386,51.70567955472888,1.0052136313683062,23.177126736463542,0.12067054082980143,-56.32700968663236,-1.1573229341274334,-40.93266706443051,0.6295741068180681,13.599970492265573,0.2719344611720337,0.17398038270296093,0.00015748,0.5127988626560556,0.00081957,0,0.0
13366,0.9035403747319422,0.32715595196004366,-1.54e-06,1.7394849584049095,3.6335273926818386,29.572154535088085,1.0052136313683062,31.723064780579413,0.12067054082980143,-98.48509961204635,-1.1573229341274334,-44.77047095417176,0.6295741068180681,56.71448048232577,0.2719344611720337,0.24117590329964878,0.00015748,0.6615828657541831,0.00081957,0,0.0
13367,0.4103697195725844,0.2744091075513936,-1.54e-06,1.7394849584049095,3.6335273926818386,47.194985431789334,1.0052136313683062,8.976837243495618,0.12067054082980143,-46.30732413363111,-1.1573229341274334,61.261796415565136,0.6295741068180681,4.418960531113068,0.2719344611720337,0.32179188316425067,0.00015748,0.6382260873431772,0.00081957,0,0.0
13368,0.06257861992986014,0.11493213413027972,-1.54e-06,1.7394849584049095,3.6335273926818386,100.0,1.0052136313683062,26.977903820355742,0.12067054082980143,-65.46669645633887,-1.1573229341274334,40.80677836085884,0.6295741068180681,-32.642572168993745,0.2719344611720337,0.3897455460346724,0.00015748,0.5994209321987433,0.00081957,0,0.0
13369,0.5827377912297236,0.05188787264201053,-1.54e-06,1.7394849584049095,3.6335273926818386,-42.31590407395205,1.0052136313683062,9.08504647741324,0.12067054082980143,-35.49929795259002,-1.1573229341274334,-56.85834053611964,0.6295741068180681,60.628726480702035,0.2719344611720337,-0.12297686239390337,0.00015748,0.12290336606579477,0.00081957,1,0.0
13370,0.3229378498755416,0.15916992455803206,-1.54e-06,1.7394849584049095,3.6335273926818386,42.02641812477475,1.0052136313683062,21.30014110589382,0.12067054082980143,-91.7591074222034,-1.1573229341274334,54.964520914409995,0.6295741068180681,21.38843397911999,0.2719344611720337,0.325971943051066,0.00015748,0.4926163460322418,0.00081957,0,0.0
13371,0.07160633383637094,0.12178563775531089,-1.54e-06,1.7394849584049095,3.6335273926818386,48.358318540083104,1.0052136313683062,17.031522866635505,0.12067054082980143,-87.95521738147092,-1.1573229341274334,99.80802548404137,0.6295741068180681,4.494072322460115,0.2719344611720337,0.37681092641817854,0.00015748,0.4185167192825942,0.00081957,0,0.0
13372,0.7449982778556968,0.06885439499851938,-1.54e-06,1.7394849584049095,3.6335273926818386,-59.77011971088049,1.0052136313683062,3.7630770166997807,0.12067054082980143,-16.34936066210651,-1.1573229341274334,-59.53241498694781,0.6295741068180681,66.62168216576903,0.2719344611720337,-0.02513873020960481,0.00015748,0.02530239622988336,0.00081957,1,0.0
13373,0.45737783530705234,0.15337468938441215,-1.54e-06,1.7394849584049095,3.6335273926818386,94.91563012424515,1.0052136313683062,24.33717284092799,0.12067054082980143,-40.912155980202776,-1.1573229341274334,-35.550984959989385,0.6295741068180681,-16.786985109356316,0.2719344611720337,0.41455143103443964,0.00015748,0.6285508802688559,0.00081957,0,0.0
13374,0.08411149792915046,0.0011023754547913516,-1.54e-06,1.7394849584049095,3.6335273926818386,-4.769836040984006,1.0052136313683062,0.974586032110557,0.12067054082980143,-2.241050270138745,-1.1573229341274334,-11.234322528432253,0.6295741068180681,7.205972343430588,0.2719344611720337,-0.016075513491040614,0.00015748,0.016059375363419736,0.00081957,1,0.0
13375,0.4169738709626185,0.14340240846205662,-1.54e-06,1.7394849584049095,3.6335273926818386,99.97288498463094,1.0052136313683062,24.920602375678445,0.12067054082980143,-39.249785595645776,-1.1573229341274334,-36.40438691852374,0.6295741068180681,-21.829546787614344,0.2719344611720337,0.4139034694892812,0.00015748,0.6293083836149184,0.00081957,0,0.0
13376,0.43578606254247176,0.2498526884451972,-1.54e-06,1.7394849584049095,3.6335273926818386,44.84530576005961,1.0052136313683062,22.127577085864786,0.12067054082980143,-47.36099551995795,-1.1573229341274334,-65.12394177868109,0.6295741068180681,15.165219874727105,0.2719344611720337,0.05420611032396819,0.00015748,0.47149564674584643,0.00081957,0,0.0
13377,0.5525280108756047,0.04997101721831923,-1.54e-06,1.7394849584049095,3.6335273926818386,-69.04926248682118,1.0052136313683062,11.28790864019974,0.12067054082980143,-85.88709371504147,-1.1573229341274334,11.62582690169742,0.6295741068180681,89.4309346873122,0.2719344611720337,-0.1322332444374593,0.00015748,0.1324954208928155,0.00081957,1,0.0
13378,0.022270882322447845,0.0032416167343893103,-1.54e-06,1.7394849584049095,3.6335273926818386,4.315458780479421,1.0052136313683062,1.9768137888885144,0.12067054082980143,-1.46272091715712,-1.1573229341274334,-15.670126870668852,0.6295741068180681,0.6394727583277929,0.2719344611720337,-0.03938434338937549,0.00015748,0.03936816542385996,0.00081957,1,0.0
13379,0.2995252876278952,0.14217756773782497,-1.54e-06,1.7394849584049095,3.6335273926818386,40.007406677606994,1.0052136313683062,21.087511244921597,0.12067054082980143,-99.96281406253507,-1.1573229341274334,79.47633898018607,0.6295741068180681,22.678915664447146,0.2719344611720337,0.3803314490735228,0.00015748,0.48626111254237636,0.00081957,0,0.0
13380,0.0024252943725755483,0.17055763744072555,-1.54e-06,1.7394849584049095,3.6335273926818386,45.718056655315664,1.0052136313683062,7.138837698784162,0.12067054082980143,-38.65837530541082,-1.1573229341274334,82.85781167274298,0.6295741068180681,-15.72656533051732,0.2719344611720337,0.23377398527943932,0.00015748,0.4177986403144078,0.00081957,0,0.0
13381,0.38223399341974257,0.06771214819626169,-1.54e-06,1.7394849584049095,3.6335273926818386,-68.9056388918841,1.0052136313683062,-3.6265217091929545,0.12067054082980143,-33.061740688429246,-1.1573229341274334,56.303536511003884,0.6295741068180681,56.6140795756907,0.2719344611720337,-0.12327338377976946,0.00015748,0.12352056014729793,0.00081957,1,0.0
13382,0.23234786430201004,0.07514966221470618,-1.54e-06,1.7394849584049095,3.6335273926818386,-13.347393679454939,1.0052136313683062,12.239088770977775,0.12067054082980143,-50.16812506965576,-1.1573229341274334,-30.97572496124012,0.6295741068180681,38.900737557542705,0.2719344611720337,-0.19294653055343272,0.00015748,0.19272016259547634,0.00081957,1,0.0
13383,0.6942171061927613,0.3558680527397422,-1.54e-06,1.7394849584049095,3.6335273926818386,49.177680716645455,1.0052136313683062,16.201246870951138,0.12067054082980143,-92.4210130567172,-1.1573229341274334,51.27113696134702,0.6295741068180681,38.16545374520487,0.2719344611720337,0.36031488801751826,0.00015748,0.8404022414076022,0.00081957,0,0.0
13384,0.2567766215971306,0.08521932620094459,-1.54e-06,1.7394849584049095,3.6335273926818386,-34.68261903342654,1.0052136313683062,2.91561002717961,0.12067054082980143,-7.429041949739483,-1.1573229341274334,11.501340899949527,0.6295741068180681,21.759358924986653,0.2719344611720337,-0.16274527260387753,0.00015748,0.1625097501663342,0.00081957,1,0.0
13385,0.46835708357644046,0.06697072080072594,-1.54e-06,1.7394849584049095,3.6335273926818386,-39.770645451710315,1.0052136313683062,13.039147909068792,0.12067054082980143,-60.48756746464403,-1.1573229341274334,-32.747664182540866,0.6295741068180681,63.75910488096639,0.2719344611720337,-0.17585664376054103,0.00015748,0.17595858361619723,0.00081957,1,0.0
13386,0.0005247758745903219,0.13476396468363738,-1.54e-06,1.7394849584049095,3.6335273926818386,71.2541333851147,1.0052136313683062,12.202816897321137,0.12067054082980143,-39.044432802824424,-1.1573229341274334,58.64291443430017,0.6295741068180681,-27.163597819083176,0.2719344611720337,0.3435953879510379,0.00015748,0.4237569934857803,0.00081957,0,0.0
13387,0.11810078245336937,0.004135720878803314,-1.54e-06,1.7394849584049095,3.6335273926818386,-20.9003569997932,1.0052136313683062,3.8840597867983107,0.12067054082980143,-32.79515427089533,-1.1573229341274334,16.350498508254272,0.6295741068180681,27.136317756889706,0.2719344611720337,-0.044183471073165774,0.00015748,0.044206059608109464,0.00081957,1,0.0
13388,0.6711664068705714,0.05571389519504937,-1.54e-06,1.7394849584049095,3.6335273926818386,-48.27807038418094,1.0052136313683062,3.734486019090517,0.12067054082980143,-6.418837767128312,-1.1573229341274334,-66.22981252234182,0.6295741068180681,54.03871421201571,0.2719344611720337,-0.026919293647483123,0.00015748,0.0270772480185858,0.00081957,1,0.0
13389,0.38840379328757757,0.253763827753447,-1.54e-06,1.7394849584049095,3.6335273926818386,11.188663840535169,1.0052136313683062,23.436951189956304,0.12067054082980143,-81.14878624356206,-1.1573229341274334,-33.51427171646844,0.6295741068180681,42.76274563897119,0.2719344611720337,-0.09497003705152424,0.00015748,0.4223102020296305,0.00081957,1,0.0
13390,0.0011191916030275362,0.14781811200186182,-1.54e-06,1.7394849584049095,3.6335273926818386,29.31759827270067,1.0052136313683062,11.603358475969841,0.12067054082980143,-49.73405832676763,-1.1573229341274334,63.383356080955544,0.6295741068180681,-3.248028900455932,0.2719344611720337,0.17115510677467227,0.00015748,0.28226227127821424,0.00081957,0,0.0
13391,0.10521313030981633,0.004388869460027362,-1.54e-06,1.7394849584049095,3.6335273926818386,-54.86624106438077,1.0052136313683062,4.127210633418542,0.12067054082980143,-82.14458611364881,-1.1573229341274334,96.72712613259668,0.6295741068180681,58.76590495571841,0.2719344611720337,-0.03307060656742191,0.00015748,0.033371057609735015,0.00081957,1,0.0
13392,0.23863911128190374,0.014006142374794079,-1.54e-06,1.7394849584049095,3.6335273926818386,-55.90506845927239,1.0052136313683062,0.8648920805290758,0.12067054082980143,-52.78384473723297,-1.1573229341274334,64.30647661769697,0.6295741068180681,53.392940961012336,0.2719344611720337,-0.0464921047027162,0.00015748,0.04685707835587262,0.00081957,1,0.0
13393,0.2399043771095864,0.12031227421400463,-1.54e-06,1.7394849584049095,3.6335273926818386,8.081852666418632,1.0052136313683062,14.315858382418021,0.12067054082980143,-28.57478266819782,-1.1573229341274334,-80.9089240834837,0.6295741068180681,22.69612102595377,0.2719344611720337,-0.24050115538744588,0.00015748,0.24247028124539505,0.00081957,1,0.0
13394,0.5564415505285154,0.2834567179467817,-1.54e-06,1.7394849584049095,3.6335273926818386,38.715010629097954,1.0052136313683062,24.60350390581017,0.12067054082980143,-56.51097276588238,-1.1573229341274334,-73.15690025185448,0.6295741068180681,26.489052966720568,0.2719344611720337,0.05044766787758023,0.00015748,0.5090173362483287,0.00081957,0,0.0
13395,8.532393735161126e-05,0.06824801882707865,-1.54e-06,1.7394849584049095,3.6335273926818386,99.56762651255372,1.0052136313683062,16.966518195419148,0.12067054082980143,-50.63063699361886,-1.1573229341274334,66.49919495345058,0.6295741068180681,-37.653123705979226,0.2719344611720337,0.4589913448527777,0.00015748,0.5590070083892175,0.00081957,0,0.0
13396,0.47184289727856576,0.053320769502295945,-1.54e-06,1.7394849584049095,3.6335273926818386,-72.46606917904829,1.0052136313683062,6.638641735017595,0.12067054082980143,-60.6152707238925,-1.1573229341274334,40.59338777558697,0.6295741068180681,70.70583410966837,0.2719344611720337,-0.11489648088063621,0.00015748,0.11449778486756147,0.00081957,1,0.0
13397,0.34088902413116096,0.013393679079788019,-1.54e-06,1.7394849584049095,3.6335273926818386,-69.64945503735485,1.0052136313683062,6.245813251927779,0.12067054082980143,-85.34647532788146,-1.1573229341274334,68.44460852824744,0.6295741068180681,77.51981539707518,0.2719344611720337,-0.0498076616057653,0.00015748,0.049862453738275886,0.00081957,1,0.0
13398,0.4115958569772329,0.02828285661814993,-1.54e-06,1.7394849584049095,3.6335273926818386,-21.929931055021786,1.0052136313683062,6.8515406961467695,0.12067054082980143,-13.683901983713286,-1.1573229341274334,-58.200895416840915,0.6295741068180681,34.689039076474835,0.2719344611720337,-0.09275227072663478,0.00015748,0.09260545416139823,0.00081957,1,0.0
13399,0.0002397362149826332,0.04578841624930586,-1.54e-06,1.7394849584049095,3.6335273926818386,95.43688423260883,1.0052136313683062,22.41303354901304,0.12067054082980143,-84.39880209470687,-1.1573229341274334,78.81708076169113,0.6295741068180681,-21.54138772734,0.2719344611720337,0.42899530596443863,0.00015748,0.600070915882411,0.00081957,0,0.0
13400,0.00030657126342048535,0.14160495555227384,-1.54e-06,2.792408012983975,3.407086979128152,77.11662473357639,1.0052136313683062,6.249345801134513,0.12067054082980143,-37.56681909995918,-1.1573229341274334,27.62550380331667,0.6295741068180681,-14.119736793193102,0.2719344611720337,0.1339287966533909,0.00015748,0.25924996445525267,0.00081957,0,0.0
13401,0.18610425873746114,0.40212452198954673,-1.54e-06,2.792408012983975,3.407086979128152,47.067939519624524,1.0052136313683062,0.8281673507739413,0.12067054082980143,-77.76973525656634,-1.1573229341274334,69.32548019196452,0.6295741068180681,41.295325267209854,0.2719344611720337,-0.04534528050756931,0.00015748,0.4896277774601981,0.00081957,1,0.0
13402,0.9372396308434672,0.11193183819700522,-1.54e-06,2.792408012983975,3.407086979128152,-82.63949899956316,1.0052136313683062,6.525481188846753,0.12067054082980143,-36.04460482346107,-1.1573229341274334,-59.295350682262495,0.6295741068180681,92.24103954460604,0.2719344611720337,-0.07015544251808867,0.00015748,0.07036807981751911,0.00081957,1,0.0
13403,0.7899224641129309,0.07704570082713343,-1.54e-06,2.792408012983975,3.407086979128152,-71.10034633556285,1.0052136313683062,8.864156481475968,0.12067054082980143,-68.0642958245876,-1.1573229341274334,-28.81884290330865,0.6295741068180681,98.20283401655152,0.2719344611720337,-0.10648669908487696,0.00015748,0.10647501089776479,0.00081957,1,0.0
13404,0.056691039914194025,0.003973605963110124,-1.54e-06,2.792408012983975,3.407086979128152,-74.45681493724148,1.0052136313683062,3.0970299103735384,0.12067054082980143,-84.83203169694839,-1.1573229341274334,93.03735274822091,0.6295741068180681,70.41782510774748,0.2719344611720337,-0.028231533364099826,0.00015748,0.02828444480643909,0.00081957,1,0.0
13405,0.1268257227552957,0.01689824614773579,-1.54e-06,2.792408012983975,3.407086979128152,-64.09725749412272,1.0052136313683062,6.864670492098236,0.12067054082980143,-90.33418304052472,-1.1573229341274334,73.9484591667819,0.6295741068180681,70.09916437476348,0.2719344611720337,-0.08750413679252717,0.00015748,0.08812642308582791,0.00081957,1,0.0
13406,0.00010633998587120108,0.26839642092710314,-1.54e-06,2.792408012983975,3.407086979128152,39.249962811488246,1.0052136313683062,2.123464398265512,0.12067054082980143,-36.65617899122089,-1.1573229341274334,86.34878177108274,0.6295741068180681,-7.848162747534478,0.2719344611720337,0.06710182848321644,0.00015748,0.5060664949594006,0.00081957,0,0.0
13407,0.00033149448810376736,0.047690797329714686,-1.54e-06,2.792408012983975,3.407086979128152,8.656731604167948,1.0052136313683062,0.907208883349716,0.12067054082980143,-22.95734327485951,-1.1573229341274334,23.4556116853791,0.6295741068180681,9.462946365939697,0.2719344611720337,0.006672409490891637,0.00015748,0.085161762734617,0.00081957,0,0.0
13408,-2.4769279305475456e-05,0.0978231242820931,-1.54e-06,2.792408012983975,3.407086979128152,32.35119260805611,1.0052136313683062,1.578166920583311,0.12067054082980143,-25.308047363261412,-1.1573229341274334,26.51395168494225,0.6295741068180681,1.3876347409067704,0.2719344611720337,0.03538377032018973,0.00015748,0.16820313201030757,0.00081957,0,0.0
13409,0.08735992335890341,0.006915796021332778,-1.54e-06,2.792408012983975,3.407086979128152,-24.663691355725916,1.0052136313683062,4.568008505563324,0.12067054082980143,-55.971164325937195,-1.1573229341274334,34.73423768062913,0.6295741068180681,41.01804930879121,0.2719344611720337,-0.05702779802619696,0.00015748,0.05715285685813249,0.00081957,1,0.0
13410,0.4804996417666152,0.19203803068183023,-1.54e-06,2.792408012983975,3.407086979128152,-61.14210173099904,1.0052136313683062,8.403652448792501,0.12067054082980143,-15.21079152122513,-1.1573229341274334,-31.470925873308115,0.6295741068180681,37.91533246995832,0.2719344611720337,-0.22647972064913346,0.00015748,0.22562328346936222,0.00081957,1,0.0
13411,0.01700123356542508,0.0013313499486436353,-1.54e-06,2.792408012983975,3.407086979128152,-46.7824476279538,1.0052136313683062,-0.05287260463198981,0.12067054082980143,-34.37488554306732,-1.1573229341274334,51.33349430435482,0.6295741068180681,33.38940408916353,0.2719344611720337,-0.02136820006975742,0.00015748,0.02144312200330989,0.00081957,1,0.0
13412,0.00011379725236720928,0.05723700997329472,-1.54e-06,2.792408012983975,3.407086979128152,-4.200085727482945,1.0052136313683062,3.5340098211775195,0.12067054082980143,-58.61199649110433,-1.1573229341274334,56.39136065998595,0.6295741068180681,30.509900662619163,0.2719344611720337,0.03706452706811326,0.00015748,0.08509609216421049,0.00081957,0,0.0
13413,0.0003908891967269179,0.35524561075533917,-1.54e-06,2.792408012983975,3.407086979128152,99.45767358674291,1.0052136313683062,7.101881001474212,0.12067054082980143,-23.66870414508663,-1.1573229341274334,61.77100783692975,0.6295741068180681,-45.17005127371894,0.2719344611720337,0.10681522738604576,0.00015748,0.6723503361904556,0.00081957,0,0.0
13414,-0.00047575710334268884,0.05556236782401858,-1.54e-06,2.792408012983975,3.407086979128152,-24.610024771157807,1.0052136313683062,4.1786398123141,0.12067054082980143,-70.7369175310513,-1.1573229341274334,76.49367727292916,0.6295741068180681,41.11151711430041,0.2719344611720337,0.0464879830186651,0.00015748,0.07605445296565042,0.00081957,0,0.0
13415,0.05182775736026801,0.08085204544300606,-1.54e-06,2.792408012983975,3.407086979128152,46.71444836811689,1.0052136313683062,12.12143597553921,0.12067054082980143,-82.26773050060469,-1.1573229341274334,-0.42611895077739803,0.6295741068180681,30.65882585614326,0.2719344611720337,-0.1898449209458896,0.00015748,0.1923614341298127,0.00081957,1,0.0
13416,0.004315363802311456,0.01964175240740985,-1.54e-06,2.792408012983975,3.407086979128152,-41.89936696116575,1.0052136313683062,6.246735551222326,0.12067054082980143,-97.52550434443161,-1.1573229341274334,82.75652271954172,0.6295741068180681,64.24808214268887,0.2719344611720337,-0.07810282332582073,0.00015748,0.07871466626546224,0.00081957,1,0.0
13417,0.18637291580006415,0.009294517730795086,-1.54e-06,2.792408012983975,3.407086979128152,-50.1114834778756,1.0052136313683062,5.601092863568097,0.12067054082980143,-77.8660799838193,-1.1573229341274334,51.02562806861845,0.6295741068180681,65.69474980646822,0.2719344611720337,-0.06573349522754056,0.00015748,0.06576615431432035,0.00081957,1,0.0
13418,-0.0007511785061639353,0.19437620119927684,-1.54e-06,2.792408012983975,3.407086979128152,-20.251369889097194,1.0052136313683062,-2.8514729258915814,0.12067054082980143,-8.945336028629042,-1.1573229341274334,70.07177424427024,0.6295741068180681,3.2264582075896895,0.2719344611720337,-0.03918960994555709,0.00015748,0.3331908625995562,0.00081957,1,0.0
13419,0.6179550774311111,0.055137054385344136,-1.54e-06,2.792408012983975,3.407086979128152,-89.49664985303788,1.0052136313683062,1.1764207911652902,0.12067054082980143,-19.240300757487507,-1.1573229341274334,-14.523954038653052,0.6295741068180681,69.44497386329476,0.2719344611720337,-0.034265624255065345,0.00015748,0.03448244460713925,0.00081957,1,0.0
13420,0.00019262954384624553,0.11487817437438284,-1.54e-06,2.792408012983975,3.407086979128152,35.99824242759072,1.0052136313683062,4.367345732795331,0.12067054082980143,-39.552800912132675,-1.1573229341274334,41.432902567306506,0.6295741068180681,2.0937482750188594,0.2719344611720337,0.08760861356231289,0.00015748,0.19734934389256012,0.00081957,0,0.0
13421,0.10768324349494895,0.05238853743016083,-1.54e-06,2.792408012983975,3.407086979128152,54.89039802838147,1.0052136313683062,9.830641520636412,0.12067054082980143,-45.60555086075904,-1.1573229341274334,-34.80116866719686,0.6295741068180681,11.742452152224685,0.2719344611720337,-0.15962536614854458,0.00015748,0.16016248581330803,0.00081957,1,0.0
13422,0.3188890686991226,0.11315575976494632,-1.54e-06,2.792408012983975,3.407086979128152,54.398883494297436,1.0052136313683062,12.619607103870493,0.12067054082980143,-72.68740719470034,-1.1573229341274334,-44.35749338069104,0.6295741068180681,39.470349638335,0.2719344611720337,-0.20667994592757302,0.00015748,0.2332069873034657,0.00081957,1,0.0
13423,0.26130831366954776,0.050591994515815614,-1.54e-06,2.792408012983975,3.407086979128152,3.1790186872143793,1.0052136313683062,11.511033748829988,0.12067054082980143,-69.51794240486947,-1.1573229341274334,-9.28339981130581,0.6295741068180681,44.62779815556441,0.2719344611720337,-0.15130200732319699,0.00015748,0.15225819751147418,0.00081957,1,0.0
13424,0.5438080998852158,0.053107695313414895,-1.54e-06,2.792408012983975,3.407086979128152,-75.95004553519858,1.0052136313683062,1.0066253849933373,0.12067054082980143,-5.206558058529051,-1.1573229341274334,-22.89476927962451,0.6295741068180681,52.346832405864795,0.2719344611720337,-0.05920709504019074,0.00015748,0.059189500553100086,0.00081957,1,0.0
13425,0.22051525424200946,0.14199544525397728,-1.54e-06,2.792408012983975,3.407086979128152,69.1603202932235,1.0052136313683062,3.252550020565812,0.12067054082980143,-13.636736702167674,-1.1573229341274334,-58.34254512274401,0.6295741068180681,5.099021562533417,0.2719344611720337,-0.17027475346783344,0.00015748,0.23429470313608364,0.00081957,1,0.0
13426,0.12401944898659645,0.05327797035913209,-1.54e-06,2.792408012983975,3.407086979128152,15.536633288162522,1.0052136313683062,11.120942680900082,0.12067054082980143,-83.86524452363956,-1.1573229341274334,12.1014094613315,0.6295741068180681,43.998409038634136,0.2719344611720337,-0.15950493467987248,0.00015748,0.1598388814561077,0.00081957,1,0.0
13427,0.13384007619854177,0.15068658460981782,-1.54e-06,2.792408012983975,3.407086979128152,-51.431362562504034,1.0052136313683062,-7.42669241933521,0.12067054082980143,-23.067966835076174,-1.1573229341274334,45.826444597459734,0.6295741068180681,48.94807734614134,0.2719344611720337,-0.19740033103325305,0.00015748,0.19943244715163777,0.00081957,1,0.0
13428,0.0007791010807532417,0.051284663160932505,-1.54e-06,2.792408012983975,3.407086979128152,-21.487744722313494,1.0052136313683062,5.439586351392812,0.12067054082980143,-82.64233556742802,-1.1573229341274334,78.43316664714227,0.6295741068180681,47.21927748062197,0.2719344611720337,0.03088538749372756,0.00015748,0.07877353543375941,0.00081957,0,0.0
13429,0.24709290317466026,0.045327467220398834,-1.54e-06,2.792408012983975,3.407086979128152,46.89933056362967,1.0052136313683062,9.384767601484517,0.12067054082980143,-31.51308443534388,-1.1573229341274334,-57.45334368811503,0.6295741068180681,13.712903281779788,0.2719344611720337,-0.14771129344027512,0.00015748,0.14783859830818846,0.00081957,1,0.0
13430,0.5683179348595833,0.04398003034648278,-1.54e-06,2.792408012983975,3.407086979128152,-39.557252123436534,1.0052136313683062,2.5581824519340834,0.12067054082980143,-7.493316870004586,-1.1573229341274334,-49.95410747414875,0.6295741068180681,46.76365260511945,0.2719344611720337,-0.033688458650514806,0.00015748,0.033795358931653745,0.00081957,1,0.0
13431,0.2596588764929381,0.00998635644464311,-1.54e-06,2.792408012983975,3.407086979128152,-34.24373373824917,1.0052136313683062,4.535784534192876,0.12067054082980143,-49.56788657631738,-1.1573229341274334,13.500493369867348,0.6295741068180681,50.21976898339148,0.2719344611720337,-0.05707953925795929,0.00015748,0.05723986057725018,0.00081957,1,0.0
13432,0.0015072506776832029,0.12705041468915484,-1.54e-06,2.792408012983975,3.407086979128152,42.17256146462868,1.0052136313683062,9.409659947245116,0.12067054082980143,-96.7660767624351,-1.1573229341274334,84.73677265955412,0.6295741068180681,27.68148004499499,0.2719344611720337,0.1691396080979337,0.00015748,0.2216457505022854,0.00081957,0,0.0
13433,0.003022167663044306,0.10057116401667046,-1.54e-06,2.792408012983975,3.407086979128152,99.79661104381294,1.0052136313683062,12.80974755048358,0.12067054082980143,-45.502197299017205,-1.1573229341274334,-34.54207616971286,0.6295741068180681,-14.257349324847372,0.2719344611720337,-0.07244512139041048,0.00015748,0.20386338280407235,0.00081957,1,0.0
13434,9.041103748264057e-05,0.05113482828582801,-1.54e-06,2.792408012983975,3.407086979128152,0.28178810106126784,1.0052136313683062,5.182435845109097,0.12067054082980143,-58.471052432789556,-1.1573229341274334,48.79479635684747,0.6295741068180681,26.779718527529074,0.2719344611720337,0.033454028043233885,0.00015748,0.07938686607142947,0.00081957,0,0.0
13435,0.8034581559858343,0.14995204260027517,-1.54e-06,2.792408012983975,3.407086979128152,-3.4047832964281173,1.0052136313683062,16.197624910304626,0.12067054082980143,-92.70559324451371,-1.1573229341274334,-69.28654134009435,0.6295741068180681,91.2621667703865,0.2719344611720337,-0.24002438475507912,0.00015748,0.2398842875901772,0.00081957,1,0.0
13436,0.00041663285069826195,0.06420647777585159,-1.54e-06,2.792408012983975,3.407086979128152,94.64230440935664,1.0052136313683062,7.934378515686528,0.12067054082980143,-14.464909469234296,-1.1573229341274334,-51.07725928305174,0.6295741068180681,-24.05943840107312,0.2719344611720337,-0.07279050245444872,0.00015748,0.15529230066676702,0.00081957,1,0.0
13437,0.33163257976035115,0.040361823297779854,-1.54e-06,2.792408012983975,3.407086979128152,18.45711456168609,1.0052136313683062,8.850455578745736,0.12067054082980143,-43.034342948026975,-1.1573229341274334,-41.7167791419025,0.6295741068180681,33.560600841848824,0.2719344611720337,-0.1346291539558573,0.00015748,0.13469772360859059,0.00081957,1,0.0
13438,0.10750858471762625,0.03096501804535526,-1.54e-06,2.792408012983975,3.407086979128152,-9.754432069487786,1.0052136313683062,8.479754939116418,0.12067054082980143,-83.32759673339285,-1.1573229341274334,34.644094218720014,0.6295741068180681,51.80697712305649,0.2719344611720337,-0.11975675154294016,0.00015748,0.11949545831268168,0.00081957,1,0.0
13439,-0.0003677891819489909,0.1197843327852686,-1.54e-06,2.792408012983975,3.407086979128152,53.93509730986361,1.0052136313683062,2.848614232823789,0.12067054082980143,-13.389326471814268,-1.1573229341274334,13.856343345118201,0.6295741068180681,-16.260777744361,0.2719344611720337,0.07386208848110136,0.00015748,0.20535160797515878,0.00081957,0,0.0
13440,0.0006098711027606729,0.02303468554505674,-1.54e-06,2.792408012983975,3.407086979128152,2.984004246405478,1.0052136313683062,5.86336311211264,0.12067054082980143,-60.19094167722583,-1.1573229341274334,31.348429176259145,0.6295741068180681,30.39364539852993,0.2719344611720337,-0.07736361772029213,0.00015748,0.08923999964182802,0.00081957,1,0.0
13441,0.25885357326650504,0.009302085240901684,-1.54e-06,2.792408012983975,3.407086979128152,-84.71366628210411,1.0052136313683062,0.2963760397374309,0.12067054082980143,-44.19182481717022,-1.1573229341274334,49.26486242308806,0.6295741068180681,62.90062100006702,0.2719344611720337,-0.03291554640491852,0.00015748,0.03285075411839769,0.00081957,1,0.0
13442,0.0009694299907485049,0.003346965942442075,-1.54e-06,2.792408012983975,3.407086979128152,11.275073345996816,1.0052136313683062,2.5307499512159497,0.12067054082980143,-14.751552931259514,-1.1573229341274334,-1.5126237800059048,0.6295741068180681,3.7382210168016217,0.2719344611720337,-0.03744192795392998,0.00015748,0.03770525845481824,0.00081957,1,0.0
13443,0.43127217336454915,0.4382799142502364,-1.54e-06,2.792408012983975,3.407086979128152,19.06302399435408,1.0052136313683062,18.9410014536068,0.12067054082980143,-20.273673551813868,-1.1573229341274334,-91.68424083796175,0.6295741068180681,4.09448433699502,0.2719344611720337,-0.3564435680433624,0.00015748,0.3566204928132253,0.00081957,1,0.0
13444,0.8170874505192479,0.7154956476198433,-1.54e-06,2.792408012983975,3.407086979128152,31.984042402680267,1.0052136313683062,-1.284629860096676,0.12067054082980143,-33.28825268719914,-1.1573229341274334,-47.07855896018718,0.6295741068180681,64.77990658782312,0.2719344611720337,-0.19267793091166097,0.00015748,0.53832875374512,0.00081957,1,0.0
13445,0.28469385367895256,0.028499114736755746,-1.54e-06,2.792408012983975,3.407086979128152,-89.24280121430483,1.0052136313683062,-3.805365580722869,0.12067054082980143,-10.341992686230052,-1.1573229341274334,32.61889077253575,0.6295741068180681,49.441841992536,0.2719344611720337,-0.07530308222709878,0.00015748,0.07538280663621424,0.00081957,1,0.0
13446,0.32863302740291045,0.11349689759478383,-1.54e-06,2.792408012983975,3.407086979128152,25.22604318284364,1.0052136313683062,12.992821148573892,0.12067054082980143,-99.9996562647032,-1.1573229341274334,-11.099962110713665,0.6295741068180681,64.22280117015066,0.2719344611720337,-0.2199769548015224,0.00015748,0.23186069479152543,0.00081957,1,0.0
13447,0.3901517613460679,0.9337942462174698,-1.54e-06,2.792408012983975,3.407086979128152,-42.47485785090498,1.0052136313683062,26.22390144532196,0.12067054082980143,-88.08531090030374,-1.1573229341274334,-14.111066163771776,0.6295741068180681,44.940192552194944,0.2719344611720337,-0.539697584876332,0.00015748,0.5415233602478734,0.00081957,1,0.0
13448,-0.0008835291270655188,0.225241472805616,-1.54e-06,2.792408012983975,3.407086979128152,-12.451375954015045,1.0052136313683062,-4.513737848265789,0.12067054082980143,-42.808595090237034,-1.1573229341274334,85.50502357274095,0.6295741068180681,31.451079936885744,0.2719344611720337,-0.06953056923786577,0.00015748,0.3155635581860704,0.00081957,1,0.0
13449,0.3673595445526612,0.9865593969593707,-1.54e-06,2.792408012983975,3.407086979128152,-8.41976812410036,1.0052136313683062,23.954458261076486,0.12067054082980143,-35.00168393133496,-1.1573229341274334,-66.51979639299287,0.6295741068180681,4.688990494149941,0.2719344611720337,-0.5421958060502541,0.00015748,0.5381243708227459,0.00081957,1,0.0
13450,0.0012247900154603308,0.07309037542567826,-1.54e-06,2.792408012983975,3.407086979128152,-40.674964012191694,1.0052136313683062,-3.3543957580084935,0.12067054082980143,-22.403247391611124,-1.1573229341274334,64.08575422148779,0.6295741068180681,24.96418200855638,0.2719344611720337,-0.041730441232892976,0.00015748,0.1481471048618061,0.00081957,1,0.0
13451,-0.0016231150215739731,0.6335492612757048,-1.54e-06,2.792408012983975,3.407086979128152,84.61900415303006,1.0052136313683062,8.665182810637653,0.12067054082980143,-26.32899692313726,-1.1573229341274334,97.25158445980729,0.6295741068180681,-51.40272165424978,0.2719344611720337,0.035720097840955256,0.00015748,0.9203542269034457,0.00081957,0,0.0
13452,0.6418157287967367,0.32982594921480385,-1.54e-06,2.792408012983975,3.407086979128152,-79.6104649675391,1.0052136313683062,11.592677291875008,0.12067054082980143,-24.720019862723184,-1.1573229341274334,-40.081493439813585,0.6295741068180681,52.51374179288574,0.2719344611720337,-0.29424276187059945,0.00015748,0.29828358175637476,0.00081957,1,0.0
13453,5.576326835943224e-05,0.08513367058593661,-1.54e-06,2.792408012983975,3.407086979128152,42.98067622130841,1.0052136313683062,7.3353397234721065,0.12067054082980143,-58.08115883271878,-1.1573229341274334,33.02074720872762,0.6295741068180681,11.331184977076079,0.2719344611720337,0.08031561141501595,0.00015748,0.1302784516088117,0.00081957,0,0.0
13454,0.1296879598238693,0.0057050608143527776,-1.54e-06,2.792408012983975,3.407086979128152,-9.27216351352464,1.0052136313683062,3.885103319577677,0.12067054082980143,-33.01360283687407,-1.1573229341274334,4.597444665576961,0.6295741068180681,26.494035770982094,0.2719344611720337,-0.052027920779617154,0.00015748,0.05207719718710335,0.00081957,1,0.0
13455,0.8984652088734133,0.11147747337186277,-1.54e-06,2.792408012983975,3.407086979128152,-40.82465892714361,1.0052136313683062,8.612225979551775,0.12067054082980143,-33.09896546576967,-1.1573229341274334,-86.3196214994381,0.6295741068180681,76.53487619426966,0.2719344611720337,-0.11447996249050398,0.00015748,0.1141302671928477,0.00081957,1,0.0
13456,0.4574173495249445,0.032103010166370974,-1.54e-06,2.792408012983975,3.407086979128152,-14.778072813904156,1.0052136313683062,6.033378594592512,0.12067054082980143,-24.765958815983783,-1.1573229341274334,-45.26383218284995,0.6295741068180681,40.36485557332628,0.2719344611720337,-0.07951680592819295,0.00015748,0.07936133317147544,0.00081957,1,0.0
13457,0.1998727785192006,0.08224640926608386,-1.54e-06,2.792408012983975,3.407086979128152,92.57920281769034,1.0052136313683062,11.939366331457727,0.12067054082980143,-26.841856382278927,-1.1573229341274334,-87.63300198280989,0.6295741068180681,-5.455219023160325,0.2719344611720337,-0.20006598059126726,0.00015748,0.20150904685362062,0.00081957,1,0.0
13458,0.3326851317934183,0.03571815651264909,-1.54e-06,2.792408012983975,3.407086979128152,-30.980931716077293,1.0052136313683062,5.683821731220458,0.12067054082980143,-69.46215425216116,-1.1573229341274334,14.056885893371637,0.6295741068180681,66.73710580332276,0.2719344611720337,-0.11014362978269789,0.00015748,0.11143415557615123,0.00081957,1,0.0
13459,0.5057539639038782,0.08753531152803609,-1.54e-06,2.792408012983975,3.407086979128152,23.912069930411057,1.0052136313683062,11.728218510703694,0.12067054082980143,-60.623936322036734,-1.1573229341274334,-60.96050065685588,0.6295741068180681,51.7889541274661,0.2719344611720337,-0.1939261700388707,0.00015748,0.19467555291682004,0.00081957,1,0.0
13460,0.26646193873151314,0.057147159176939286,-1.54e-06,2.792408012983975,3.407086979128152,6.702139723117387,1.0052136313683062,11.762420971500909,0.12067054082980143,-84.9775472910625,-1.1573229341274334,-1.7233958366711104,0.6295741068180681,55.021559141660894,0.2719344611720337,-0.16861399375583302,0.00015748,0.16839311406710794,0.00081957,1,0.0
13461,0.07451008203612686,0.03259771153043974,-1.54e-06,2.792408012983975,3.407086979128152,50.63167028243528,1.0052136313683062,7.614737028567797,0.12067054082980143,-29.312887137309087,-1.1573229341274334,-35.11479110613124,0.6295741068180681,2.8705821269776544,0.2719344611720337,-0.1258403173697359,0.00015748,0.126129614981902,0.00081957,1,0.0
13462,0.0002768958221590623,0.11928378680592866,-1.54e-06,2.792408012983975,3.407086979128152,79.77878738369525,1.0052136313683062,7.859285487983083,0.12067054082980143,-59.67351919851464,-1.1573229341274334,14.140353006681943,0.6295741068180681,4.542826553880936,0.2719344611720337,0.011173921900905007,0.00015748,0.22339376312531795,0.00081957,0,0.0
13463,0.3572215712749199,0.017366722101692024,-1.54e-06,2.792408012983975,3.407086979128152,-98.5548050371556,1.0052136313683062,0.23492230622499144,0.12067054082980143,-46.28273717162897,-1.1573229341274334,46.53752157671209,0.6295741068180681,73.68305057471906,0.2719344611720337,-0.03494494299050965,0.00015748,0.035127750608177605,0.00081957,1,0.0
13464,0.6263270860878123,0.05451924344515829,-1.54e-06,2.792408012983975,3.407086979128152,-57.96903727518407,1.0052136313683062,1.551220971174016,0.12067054082980143,-8.139844675783653,-1.1573229341274334,-43.742662626700316,0.6295741068180681,56.290307649734444,0.2719344611720337,-0.017640777895577255,0.00015748,0.017821372143310747,0.00081957,1,0.0
13465,0.02965366609515141,0.043942335615055825,-1.54e-06,2.792408012983975,3.407086979128152,38.68986434246142,1.0052136313683062,9.071247605636081,0.12067054082980143,-57.030399935098096,-1.1573229341274334,-4.916778076935282,0.6295741068180681,18.522947881200107,0.2719344611720337,-0.1412980902568764,0.00015748,0.1415824675606217,0.00081957,1,0.0
13466,-0.00011213567150980541,0.02709254297166865,-1.54e-06,2.792408012983975,3.407086979128152,-24.52612915169018,1.0052136313683062,7.483292434447017,0.12067054082980143,-92.75250237115465,-1.1573229341274334,67.45342625726622,0.6295741068180681,55.0762572898045,0.2719344611720337,-0.09229936155406213,0.00015748,0.09749623034626528,0.00081957,1,0.0
13467,0.0056461583085632904,0.001855563303183483,-1.54e-06,2.792408012983975,3.407086979128152,-53.005303100824555,1.0052136313683062,-0.02016504777764396,0.12067054082980143,-40.35090724996514,-1.1573229341274334,60.86084801325931,0.6295741068180681,37.79623107281153,0.2719344611720337,-0.024780209027941456,0.00015748,0.024770580093228575,0.00081957,1,0.0
13468,-0.005209416072211148,1.1954041157370718,-1.54e-06,2.792408012983975,3.407086979128152,44.19855400938017,1.0052136313683062,22.688802680344153,0.12067054082980143,-19.931198664916934,-1.1573229341274334,-25.43737269837571,0.6295741068180681,-47.07013344279826,0.2719344611720337,-0.4619612899411941,0.00015748,0.6707405466535475,0.00081957,1,0.0
13469,0.33287818132802166,0.031136133998579313,-1.54e-06,2.792408012983975,3.407086979128152,-19.78560485016957,1.0052136313683062,8.65220547412885,0.12067054082980143,-70.6901000854861,-1.1573229341274334,1.8811175321800153,0.6295741068180681,59.957321935689215,0.2719344611720337,-0.11871626976573577,0.00015748,0.1187363723707556,0.00081957,1,0.0
13470,0.38780171905740085,0.11894097200191733,-1.54e-06,2.792408012983975,3.407086979128152,16.857926960819317,1.0052136313683062,4.488615721217433,0.12067054082980143,-43.630612326768514,-1.1573229341274334,-36.88790800041879,0.6295741068180681,46.3736501872052,0.2719344611720337,-0.1899891907336585,0.00015748,0.20333543008726884,0.00081957,1,0.0
13471,0.08987501026115319,0.016075636737708485,-1.54e-06,2.792408012983975,3.407086979128152,-91.89584039887487,1.0052136313683062,4.09357504086001,0.12067054082980143,-84.94562402217225,-1.1573229341274334,97.63166477245761,0.6295741068180681,73.62259591864184,0.2719344611720337,-0.08444891472487863,0.00015748,0.085351465894405,0.00081957,1,0.0
13472,0.7111041488458685,0.06273908178238981,-1.54e-06,2.792408012983975,3.407086979128152,-74.0236308008425,1.0052136313683062,3.7979604181187154,0.12067054082980143,-30.234838829724612,-1.1573229341274334,-33.68339091774906,0.6295741068180681,76.18094719554261,0.2719344611720337,-0.03670563263906936,0.00015748,0.036586247291656236,0.00081957,1,0.0
13473,0.36264978518111185,0.22622921772610755,-1.54e-06,2.792408012983975,3.407086979128152,-49.03143092805091,1.0052136313683062,-4.519407227966562,0.12067054082980143,-42.66369052873446,-1.1573229341274334,23.495712511572307,0.6295741068180681,72.68681754235837,0.2719344611720337,-0.23610238095636735,0.00015748,0.24418119722724305,0.00081957,1,0.0
13474,0.6081123901592833,0.051485756727374314,-1.54e-06,2.792408012983975,3.407086979128152,-24.94120619410403,1.0052136313683062,4.595569231807854,0.12067054082980143,-9.17870353399209,-1.1573229341274334,-67.04092589591397,0.6295741068180681,44.3654170686231,0.2719344611720337,-0.062076527241921135,0.00015748,0.062187879428816754,0.00081957,1,0.0
13475,0.00036175412744920976,0.09615638699502675,-1.54e-06,2.792408012983975,3.407086979128152,46.23464788506484,1.0052136313683062,11.350723471652449,0.12067054082980143,-95.19008070323879,-1.1573229341274334,48.32549863635536,0.6295741068180681,29.66473667300505,0.2719344611720337,0.014755265229529274,0.00015748,0.18787968746576092,0.00081957,0,0.0
13476,0.3407131645465138,0.16505627100992315,-1.54e-06,2.792408012983975,3.407086979128152,83.55153238447265,1.0052136313683062,17.00229498913929,0.12067054082980143,-94.31437712806569,-1.1573229341274334,-38.46207650016781,0.6295741068180681,37.733564281390095,0.2719344611720337,-0.1395533373577087,0.00015748,0.2954123462562601,0.00081957,1,0.0
13477,0.5537258674844081,0.07414309111709774,-1.54e-06,2.792408012983975,3.407086979128152,-0.025830312636194674,1.0052136313683062,11.988092631070488,0.12067054082980143,-65.1521635656698,-1.1573229341274334,-49.88795078737941,0.6295741068180681,61.76773697157693,0.2719344611720337,-0.17054467799637033,0.00015748,0.170698344497118,0.00081957,1,0.0
13478,0.0018691273102091621,0.12739268423915712,-1.54e-06,2.792408012983975,3.407086979128152,65.29546433737026,1.0052136313683062,6.159567696466822,0.12067054082980143,-48.87859151008141,-1.1573229341274334,35.41230446717032,0.6295741068180681,-1.832747552748084,0.2719344611720337,0.12251177617187628,0.00015748,0.2215834882831577,0.00081957,0,0.0
13479,0.16072657436440807,0.09222580098662515,-1.54e-06,2.792408012983975,3.407086979128152,89.62823771088259,1.0052136313683062,12.639267402899666,0.12067054082980143,-42.0262663235637,-1.1573229341274334,-71.34773584539236,0.6295741068180681,1.7498958028653941,0.2719344611720337,-0.21328277411674806,0.00015748,0.2137096956859929,0.00081957,1,0.0
13480,0.4588601345736204,0.0909058959761149,-1.54e-06,2.792408012983975,3.407086979128152,61.82123715811889,1.0052136313683062,12.11537910818299,0.12067054082980143,-31.966404741190882,-1.1573229341274334,-99.57633105037766,0.6295741068180681,21.157634906360816,0.2719344611720337,-0.200965922151947,0.00015748,0.20101665563237217,0.00081957,1,0.0
13481,0.00013817917559447168,0.05566929965376378,-1.54e-06,2.792408012983975,3.407086979128152,5.449077140113199,1.0052136313683062,-0.4587176627709419,0.12067054082980143,-2.116293802155856,-1.1573229341274334,15.700269772839656,0.6295741068180681,-2.857909074101761,0.2719344611720337,0.002645314327998638,0.00015748,0.1051190750032419,0.00081957,0,0.0
13482,0.0005619206552109901,0.20430055229094896,-1.54e-06,2.792408012983975,3.407086979128152,99.14030981484206,1.0052136313683062,8.685042908508299,0.12067054082980143,-62.07184204778085,-1.1573229341274334,69.2744256080832,0.6295741068180681,-16.29024495864254,0.2719344611720337,0.1834883645980672,0.00015748,0.48525148534760243,0.00081957,0,0.0
13483,0.19257340813703028,0.2298638504813883,-1.54e-06,2.792408012983975,3.407086979128152,23.498052216747066,1.0052136313683062,17.815470965217504,0.12067054082980143,-64.1488980187008,-1.1573229341274334,-29.36402154807635,0.6295741068180681,20.11664777182725,0.2719344611720337,-0.2776872634810141,0.00015748,0.277895324894519,0.00081957,1,0.0
13484,0.16254509876157597,0.07280150627584879,-1.54e-06,2.792408012983975,3.407086979128152,30.34861882180815,1.0052136313683062,12.56083310611489,0.12067054082980143,-85.49003072168487,-1.1573229341274334,-3.72734742579752,0.6295741068180681,42.61254157703086,0.2719344611720337,-0.18783300595264255,0.00015748,0.18855250226073275,0.00081957,1,0.0
13485,0.9256423229142375,0.12326051130494979,-1.54e-06,2.792408012983975,3.407086979128152,-83.55584814446813,1.0052136313683062,10.377329044104698,0.12067054082980143,-58.25152933698072,-1.1573229341274334,-49.03872545754664,0.6295741068180681,99.76426004251722,0.2719344611720337,-0.12726762250336018,0.00015748,0.1272025669437172,0.00081957,1,0.0
13486,0.1873787117993304,0.028519283083513192,-1.54e-06,2.792408012983975,3.407086979128152,5.507196251278369,1.0052136313683062,8.249810952380313,0.12067054082980143,-59.42337965599844,-1.1573229341274334,-1.7502791019753958,0.6295741068180681,38.32990855851763,0.2719344611720337,-0.11814817048583928,0.00015748,0.11894102367961715,0.00081957,1,0.0
13487,0.19741844051788765,0.0085474391388046,-1.54e-06,2.792408012983975,3.407086979128152,-43.0346483585491,1.0052136313683062,-1.0294806545087378,0.12067054082980143,-6.602854405057841,-1.1573229341274334,7.561257907541913,0.6295741068180681,27.591682335431052,0.2719344611720337,-0.025857131549676816,0.00015748,0.0270352206133636,0.00081957,1,0.0
13488,0.5324268086502427,0.27268784927859346,-1.54e-06,2.792408012983975,3.407086979128152,-65.77799473086587,1.0052136313683062,10.552095265852921,0.12067054082980143,-20.316743300635803,-1.1573229341274334,-36.19696132463451,0.6295741068180681,41.724568119066795,0.2719344611720337,-0.27338649171785273,0.00015748,0.2717196219054861,0.00081957,1,0.0
13489,0.4520374032102173,0.05514406964715715,-1.54e-06,2.792408012983975,3.407086979128152,-13.206670610477593,1.0052136313683062,9.428339665463572,0.12067054082980143,-36.1549431018544,-1.1573229341274334,-44.094083151033146,0.6295741068180681,41.08006965114567,0.2719344611720337,-0.12523326078136354,0.00015748,0.1254770601179762,0.00081957,1,0.0
13490,0.0034948837031268942,0.36873955968603284,-1.54e-06,2.792408012983975,3.407086979128152,1.1028965684350116,1.0052136313683062,13.46034181172933,0.12067054082980143,-46.38770470417949,-1.1573229341274334,28.825203019505423,0.6295741068180681,0.07589533742954048,0.2719344611720337,-0.22870330112654624,0.00015748,0.3819102160703526,0.00081957,1,0.0
13491,0.000526137296409046,0.09897152470392323,-1.54e-06,2.792408012983975,3.407086979128152,6.738492102080313,1.0052136313683062,4.294743768586491,0.12067054082980143,-61.03071102085401,-1.1573229341274334,68.30234351674622,0.6295741068180681,24.07996827260203,0.2719344611720337,0.07860485980569375,0.00015748,0.16330808772494793,0.00081957,0,0.0
13492,0.0003694281883698247,0.11259556457752612,-1.54e-06,2.792408012983975,3.407086979128152,71.34965203423918,1.0052136313683062,7.199187747003728,0.12067054082980143,-46.42296628211219,-1.1573229341274334,22.02743247968147,0.6295741068180681,-5.143951945176756,0.2719344611720337,0.12800181341827582,0.00015748,0.17714512115584685,0.00081957,0,0.0
13493,0.5564398765047567,0.26518032180674106,-1.54e-06,2.792408012983975,3.407086979128152,71.95082030078855,1.0052136313683062,9.123247845992573,0.12067054082980143,-54.37790540753868,-1.1573229341274334,-70.50688686020025,0.6295741068180681,41.49677207283675,0.2719344611720337,-0.1638679444638711,0.00015748,0.3325870913610755,0.00081957,1,0.0
13494,0.0027309437192530317,0.1812515028562363,-1.54e-06,2.792408012983975,3.407086979128152,71.53793028124434,1.0052136313683062,6.428402132831271,0.12067054082980143,-62.501801759365364,-1.1573229341274334,69.52858185190637,0.6295741068180681,-1.2372710891604883,0.2719344611720337,0.1482489742260586,0.00015748,0.38266099606154186,0.00081957,0,0.0
13495,0.15394345392491937,0.11829026475358621,-1.54e-06,2.792408012983975,3.407086979128152,59.71575831596346,1.0052136313683062,14.129916088058028,0.12067054082980143,-96.6296982960042,-1.1573229341274334,0.8507090350522724,0.6295741068180681,37.68537179863847,0.2719344611720337,-0.13127514956787553,0.00015748,0.24001105367431627,0.00081957,1,0.0
13496,0.29157786344722175,0.03387473802723533,-1.54e-06,2.792408012983975,3.407086979128152,-39.82591963372458,1.0052136313683062,-1.5679299856848583,0.12067054082980143,-16.281240053459108,-1.1573229341274334,1.0821400193235902,0.6295741068180681,41.76754733798307,0.2719344611720337,-0.07698399220990743,0.00015748,0.07704981773950723,0.00081957,1,0.0
13497,0.0030912820714835143,0.13042163444966198,-1.54e-06,2.792408012983975,3.407086979128152,89.15176107502303,1.0052136313683062,3.9473823759818685,0.12067054082980143,-21.924932608479267,-1.1573229341274334,-13.405873285054385,0.6295741068180681,-15.360672599931235,0.2719344611720337,-0.013217437349621636,0.00015748,0.23374653774558307,0.00081957,1,0.0
13498,0.21738771752063413,0.03682096599082304,-1.54e-06,2.792408012983975,3.407086979128152,26.353587046621747,1.0052136313683062,9.058707062745562,0.12067054082980143,-45.99651760957488,-1.1573229341274334,-29.873142982902575,0.6295741068180681,25.91816526374289,0.2719344611720337,-0.13442012203503945,0.00015748,0.1345286056100818,0.00081957,1,0.0
13499,0.27042898727436393,0.019937240525817974,-1.54e-06,2.792408012983975,3.407086979128152,-91.85730975391371,1.0052136313683062,-1.9632631660046558,0.12067054082980143,-25.42434067418264,-1.1573229341274334,43.22882238424101,0.6295741068180681,55.95689627712304,0.2719344611720337,-0.0643877253442764,0.00015748,0.06447017618740118,0.00081957,1,0.0
13500,0.215489262869096,0.004948871086082509,-1.54e-06,1.564833058983056,6.1718607294043455,-87.79210263710921,1.0052136313683062,0.3765742407535405,0.12067054082980143,-28.970903282188196,-1.1573229341274334,-1.0387835411660542,0.6295741068180681,68.13482189819031,0.2719344611720337,-0.01862716134850581,0.00015748,0.01863203422454649,0.00081957,1,0.0
13501,0.17098564871058275,0.1126937734395773,-1.54e-06,1.564833058983056,6.1718607294043455,81.82155508162292,1.0052136313683062,39.9333605247004,0.12067054082980143,-95.06979391710681,-1.1573229341274334,30.607959839229554,0.6295741068180681,7.8208810486428035,0.2719344611720337,0.05249614885828234,0.00015748,0.20205185932997294,0.00081957,0,0.0
13502,0.0007439894802575703,0.0035709082304796855,-1.54e-06,1.564833058983056,6.1718607294043455,2.6228699426453295,1.0052136313683062,11.442739099418468,0.12067054082980143,-12.831091626369483,-1.1573229341274334,-16.109298299817,0.6295741068180681,-1.9969969028530818,0.2719344611720337,-0.0236372676214554,0.00015748,0.023635491566376465,0.00081957,1,0.0
13503,0.0017427602080159477,0.006374442523197745,-1.54e-06,1.564833058983056,6.1718607294043455,-6.861446533803628,1.0052136313683062,19.48057987672184,0.12067054082980143,-40.817950308308696,-1.1573229341274334,-79.35793668529033,0.6295741068180681,14.092120600472187,0.2719344611720337,-0.03718931577565383,0.00015748,0.03732284528879434,0.00081957,1,0.0
13504,0.0002991407420952913,0.04055896123185502,-1.54e-06,1.564833058983056,6.1718607294043455,43.09166168204219,1.0052136313683062,13.044698289513034,0.12067054082980143,-36.57164568784042,-1.1573229341274334,50.15153997477033,0.6295741068180681,-9.785708946900103,0.2719344611720337,0.014376657604378722,0.00015748,0.07037962340227244,0.00081957,0,0.0
13505,0.0026747799255672213,8.319080601359163e-05,-1.54e-06,1.564833058983056,6.1718607294043455,-0.6642915601539077,1.0052136313683062,0.9143558622639394,0.12067054082980143,-1.1501347063315546,-1.1573229341274334,9.226074069156946,0.6295741068180681,-0.3636464919827711,0.2719344611720337,-0.0037309437841866436,0.00015748,0.003755381550612023,0.00081957,1,0.0
13506,0.22505517998180408,0.09051049450671032,-1.54e-06,1.564833058983056,6.1718607294043455,26.532694440425914,1.0052136313683062,47.07814436324737,0.12067054082980143,-55.128879009025624,-1.1573229341274334,-93.12221706431762,0.6295741068180681,16.365743808771906,0.2719344611720337,0.00997707947692307,0.00015748,0.13689694278996029,0.00081957,0,0.0
13507,0.07245906138427163,0.00022692554596892719,-1.54e-06,1.564833058983056,6.1718607294043455,-36.88298698386238,1.0052136313683062,5.147540600401946,0.12067054082980143,-30.043452981736387,-1.1573229341274334,-29.702937495513684,0.6295741068180681,33.940952513486245,0.2719344611720337,-0.007556332651974108,0.00015748,0.00755259807014461,0.00081957,1,0.0
13508,0.22040533994534936,0.045471595456041965,-1.54e-06,1.564833058983056,6.1718607294043455,-26.275249657546276,1.0052136313683062,14.395758361164194,0.12067054082980143,-33.93016013689641,-1.1573229341274334,-22.22893145206646,0.6295741068180681,42.10157716675527,0.2719344611720337,0.0337881794158727,0.00015748,0.05268012424996246,0.00081957,0,0.0
13509,0.025681171911177157,6.981453923075356e-05,-1.54e-06,1.564833058983056,6.1718607294043455,-18.276152442364978,1.0052136313683062,1.4070811990474572,0.12067054082980143,-19.332581566443345,-1.1573229341274334,35.501696674786366,0.6295741068180681,14.650442022999611,0.2719344611720337,-0.003538949091711388,0.00015748,0.003538781372927139,0.00081957,1,0.0
13510,0.03972756160868112,0.0005185927239725546,-1.54e-06,1.564833058983056,6.1718607294043455,-23.408461186762548,1.0052136313683062,7.542787136628098,0.12067054082980143,-29.430950373701595,-1.1573229341274334,-8.241968023578572,0.6295741068180681,21.783792596408123,0.2719344611720337,-0.012340941828434171,0.00015748,0.012354904808335962,0.00081957,1,0.0
13511,0.014893722286886568,0.002487522685232239,-1.54e-06,1.564833058983056,6.1718607294043455,-41.64832905358304,1.0052136313683062,15.534092332101682,0.12067054082980143,-87.81628918969362,-1.1573229341274334,28.715982472102038,0.6295741068180681,44.800117931965374,0.2719344611720337,-0.02973856354897393,0.00015748,0.029745712919741853,0.00081957,1,0.0
13512,0.0012499167504278208,0.003037796003911755,-1.54e-06,1.564833058983056,6.1718607294043455,3.371571067843616,1.0052136313683062,9.736485993673153,0.12067054082980143,-8.906641835350765,-1.1573229341274334,-7.990908467832765,0.6295741068180681,-3.472013644157959,0.2719344611720337,-0.021021233646867525,0.00015748,0.02126286994169515,0.00081957,1,0.0
13513,0.000165577670654532,0.0026735047556505943,-1.54e-06,1.564833058983056,6.1718607294043455,4.6348523741967105,1.0052136313683062,11.659348984638358,0.12067054082980143,-9.57880697069981,-1.1573229341274334,-90.80234704462502,0.6295741068180681,1.5726417765635743,0.2719344611720337,-0.023288962423622696,0.00015748,0.023423679307823762,0.00081957,1,0.0
13514,2.4008716712209388e-05,0.02462250866902688,-1.54e-06,1.564833058983056,6.1718607294043455,-5.180651575079435,1.0052136313683062,24.39427092067384,0.12067054082980143,-87.77106433851465,-1.1573229341274334,1.5392464582080176,0.6295741068180681,26.51845564084662,0.2719344611720337,-0.02682364172487987,0.00015748,0.06505132264941939,0.00081957,1,0.0
13515,0.055271709218166626,0.0003094008555056402,-1.54e-06,1.564833058983056,6.1718607294043455,-42.410571389270174,1.0052136313683062,2.8114352505498377,0.12067054082980143,-46.672716389107855,-1.1573229341274334,84.05027445621108,0.6295741068180681,34.618507654499396,0.2719344611720337,-0.0059349815725806155,0.00015748,0.005974352957760179,0.00081957,1,0.0
13516,0.0004555017284230793,0.014803567900296745,-1.54e-06,1.564833058983056,6.1718607294043455,1.8137708863675603,1.0052136313683062,4.607326408667931,0.12067054082980143,-36.81592655199328,-1.1573229341274334,94.82435077252116,0.6295741068180681,6.641697541387738,0.2719344611720337,0.00903748378041613,0.00015748,0.021255148214505366,0.00081957,0,0.0
13517,2.6375717801896403e-05,0.07003050096265333,-1.54e-06,1.564833058983056,6.1718607294043455,25.65863997433249,1.0052136313683062,39.45810472332132,0.12067054082980143,-17.976677765010383,-1.1573229341274334,58.55401333571764,0.6295741068180681,-35.069285674185956,0.2719344611720337,-0.10390421604166716,0.00015748,0.10389323887745247,0.00081957,1,0.0
13518,0.1394373213141295,0.001310453109151447,-1.54e-06,1.564833058983056,6.1718607294043455,-70.5916154376952,1.0052136313683062,4.482713111223195,0.12067054082980143,-49.36801821810913,-1.1573229341274334,23.64331177203553,0.6295741068180681,58.618607927136644,0.2719344611720337,-0.006954313287207357,0.00015748,0.006997627659546767,0.00081957,1,0.0
13519,0.011595472206205576,0.0032181580665060143,-1.54e-06,1.564833058983056,6.1718607294043455,-32.631192357703355,1.0052136313683062,15.021196497157243,0.12067054082980143,-72.80403933312864,-1.1573229341274334,-40.31656433489098,0.6295741068180681,39.98516524699265,0.2719344611720337,-0.034392364265356315,0.00015748,0.03440024090706176,0.00081957,1,0.0
13520,0.2085080107590451,0.003547951225543926,-1.54e-06,1.564833058983056,6.1718607294043455,-97.18057930976265,1.0052136313683062,2.990857854205319,0.12067054082980143,-53.26777120608688,-1.1573229341274334,0.15785898607216048,0.6295741068180681,80.40609350679344,0.2719344611720337,-0.007723372611553701,0.00015748,0.0077639646753683445,0.00081957,1,0.0
13521,0.15042693595583267,0.0017870602727611269,-1.54e-06,1.564833058983056,6.1718607294043455,-63.32861103486988,1.0052136313683062,2.6757342525209094,0.12067054082980143,-27.411886621195297,-1.1573229341274334,-13.516061523691173,0.6295741068180681,50.98231436001538,0.2719344611720337,-0.009282190196359619,0.00015748,0.009280006223348541,0.00081957,1,0.0
13522,0.0002970564324425301,0.02973679156684482,-1.54e-06,1.564833058983056,6.1718607294043455,47.1452418937042,1.0052136313683062,16.292905597883678,0.12067054082980143,-1e-20,-1.1573229341274334,-25.156864782779603,0.6295741068180681,-25.92062739745275,0.2719344611720337,0.0014707288346899015,0.00015748,0.05126685673754221,0.00081957,0,0.0
13523,0.0010627570561376684,0.0020834427089247553,-1.54e-06,1.564833058983056,6.1718607294043455,2.3267105582655914,1.0052136313683062,2.5669277368632,0.12067054082980143,-0.08891863216898639,-1.1573229341274334,73.74747446630221,0.6295741068180681,-8.617375502925203,0.2719344611720337,-0.021354140373148194,0.00015748,0.021443767008074023,0.00081957,1,0.0
13524,0.07723972179963376,0.001166583158940495,-1.54e-06,1.564833058983056,6.1718607294043455,-52.80349913832418,1.0052136313683062,12.81538106358439,0.12067054082980143,-66.65036922881337,-1.1573229341274334,-41.66721957404132,0.6295741068180681,52.99677233253536,0.2719344611720337,-0.023841989762151655,0.00015748,0.02383638507719269,0.00081957,1,0.0
13525,0.008565770349469065,0.008997887672458505,-1.54e-06,1.564833058983056,6.1718607294043455,-34.006279007358,1.0052136313683062,25.581683228554535,0.12067054082980143,-93.14941528942961,-1.1573229341274334,-84.55193094262646,0.6295741068180681,45.60140081704213,0.2719344611720337,-0.05296531517132282,0.00015748,0.053046385540553874,0.00081957,1,0.0
13526,0.0006895106791539873,0.019248063069857345,-1.54e-06,1.564833058983056,6.1718607294043455,-16.74806409627531,1.0052136313683062,20.827613747711062,0.12067054082980143,-92.38531869798669,-1.1573229341274334,-0.6814784610739927,0.6295741068180681,35.63430293553863,0.2719344611720337,-0.029502267335977807,0.00015748,0.05895258497470792,0.00081957,1,0.0
13527,0.00019109016536791867,0.021198405944056014,-1.54e-06,1.564833058983056,6.1718607294043455,-6.3845330937939755,1.0052136313683062,25.853898263151702,0.12067054082980143,-79.22770279677488,-1.1573229341274334,15.476499659986494,0.6295741068180681,20.33660336866684,0.2719344611720337,-0.031515833499370344,0.00015748,0.057601711640739836,0.00081957,1,0.0
13528,0.11507369239266249,0.0005457820670095076,-1.54e-06,1.564833058983056,6.1718607294043455,-50.07103425327183,1.0052136313683062,7.487842575092938,0.12067054082980143,-31.683717868098263,-1.1573229341274334,-85.08591694472064,0.6295741068180681,46.7295826665137,0.2719344611720337,-0.011807169297619295,0.00015748,0.011803987147787803,0.00081957,1,0.0
13529,0.11330538479952797,0.0007597545540430878,-1.54e-06,1.564833058983056,6.1718607294043455,-55.74728998443341,1.0052136313683062,10.454984449558278,0.12067054082980143,-47.157686681178745,-1.1573229341274334,-83.33876926777656,0.6295741068180681,53.65789645225495,0.2719344611720337,-0.01807167161274001,0.00015748,0.01809461106923156,0.00081957,1,0.0
13530,0.08457530904081091,0.0021018471311451464,-1.54e-06,1.564833058983056,6.1718607294043455,-64.70986620440465,1.0052136313683062,16.697659405925144,0.12067054082980143,-89.21235371967065,-1.1573229341274334,-36.05044638849633,0.6295741068180681,65.53977168504885,0.2719344611720337,-0.031178541706580826,0.00015748,0.03127580658851407,0.00081957,1,0.0
13531,0.06810771040275293,0.0015779148436896743,-1.54e-06,1.564833058983056,6.1718607294043455,-44.119087998114146,1.0052136313683062,13.25576436913717,0.12067054082980143,-57.33662375581599,-1.1573229341274334,-77.1169213141215,0.6295741068180681,46.976679903675624,0.2719344611720337,-0.02705529635468698,0.00015748,0.027085263487690782,0.00081957,1,0.0
13532,0.3336727211172003,0.11640983759044703,-1.54e-06,1.564833058983056,6.1718607294043455,-1.7326971767739767,1.0052136313683062,14.054062463191183,0.12067054082980143,-66.48506150250313,-1.1573229341274334,32.944403467414624,0.6295741068180681,59.77307974991047,0.2719344611720337,0.05424029779079376,0.00015748,0.16336923192780056,0.00081957,0,0.0
13533,0.08564744373380927,0.0008959135117845183,-1.54e-06,1.564833058983056,6.1718607294043455,-70.094906034276,1.0052136313683062,13.597995760374552,0.12067054082980143,-93.59436359451402,-1.1573229341274334,44.40786384326289,0.6295741068180681,65.48412962542425,0.2719344611720337,-0.02089359139426072,0.00015748,0.020914943590272673,0.00081957,1,0.0
13534,0.00021859016146146687,0.004587479668098535,-1.54e-06,1.564833058983056,6.1718607294043455,-19.104860119889906,1.0052136313683062,-4.17160757373869,0.12067054082980143,-33.5627578478292,-1.1573229341274334,95.84648734407985,0.6295741068180681,18.54065702249162,0.2719344611720337,-0.009938034101458434,0.00015748,0.016072434776467158,0.00081957,1,0.0
13535,0.07713656672593015,0.0003791712823901544,-1.54e-06,1.564833058983056,6.1718607294043455,-30.84073069935497,1.0052136313683062,6.70484696430002,0.12067054082980143,-18.90404994222499,-1.1573229341274334,-93.26501788573255,0.6295741068180681,30.900007115117475,0.2719344611720337,-0.012999566668376674,0.00015748,0.01300767981256495,0.00081957,1,0.0
13536,0.15320602879011364,0.010926562608753706,-1.54e-06,1.564833058983056,6.1718607294043455,-48.38169563749787,1.0052136313683062,13.82406753607246,0.12067054082980143,-18.174491013019352,-1.1573229341274334,14.49684849619685,0.6295741068180681,30.780717144411554,0.2719344611720337,-0.045216171178298584,0.00015748,0.045620092687951835,0.00081957,1,0.0
13537,0.09363475821914671,0.006982288792405906,-1.54e-06,1.564833058983056,6.1718607294043455,-53.03408103574113,1.0052136313683062,24.6170639518875,0.12067054082980143,-76.21105859187655,-1.1573229341274334,-54.436101132806535,0.6295741068180681,51.56860832447209,0.2719344611720337,-0.04221715142278547,0.00015748,0.04235053834120808,0.00081957,1,0.0
13538,0.12905549873850486,0.0007112785837940375,-1.54e-06,1.564833058983056,6.1718607294043455,-74.65877716120683,1.0052136313683062,9.438097448057766,0.12067054082980143,-69.77962410183464,-1.1573229341274334,-4.020935737808882,0.6295741068180681,67.32864943854726,0.2719344611720337,-0.012302816827823106,0.00015748,0.012299846142760945,0.00081957,1,0.0
13539,0.019430803500997365,0.002432516984355016,-1.54e-06,1.564833058983056,6.1718607294043455,-42.08700372400297,1.0052136313683062,14.890803261570296,0.12067054082980143,-84.81528509437537,-1.1573229341274334,8.88535993321234,0.6295741068180681,46.092024980563366,0.2719344611720337,-0.030332248966332458,0.00015748,0.030335934835311593,0.00081957,1,0.0
13540,0.09575923080619125,0.0005409720877856637,-1.54e-06,1.564833058983056,6.1718607294043455,-75.06811114694025,1.0052136313683062,10.181756646911909,0.12067054082980143,-91.21974676133213,-1.1573229341274334,65.54864046590073,0.6295741068180681,68.05276139677493,0.2719344611720337,-0.01373927606623652,0.00015748,0.013759507436117408,0.00081957,1,0.0
13541,0.00012165055445081951,0.0468302249507966,-1.54e-06,1.564833058983056,6.1718607294043455,38.08990931098186,1.0052136313683062,29.27338348999262,0.12067054082980143,-51.31276429421352,-1.1573229341274334,92.94218799059459,0.6295741068180681,-17.05297985182402,0.2719344611720337,-0.014463683342466463,0.00015748,0.08068811701565924,0.00081957,1,0.0
13542,0.0005733128410526089,0.06115513687351441,-1.54e-06,1.564833058983056,6.1718607294043455,55.2844872880519,1.0052136313683062,29.788848336628707,0.12067054082980143,-80.17123484458189,-1.1573229341274334,36.29839423537307,0.6295741068180681,-3.786121457830819,0.2719344611720337,0.004807202761808467,0.00015748,0.11629868835899057,0.00081957,0,0.0
13543,0.0004957633397635053,0.0050693884580161885,-1.54e-06,1.564833058983056,6.1718607294043455,-15.521317981980463,1.0052136313683062,17.08973381277435,0.12067054082980143,-53.461431805961574,-1.1573229341274334,22.334153883528465,0.6295741068180681,16.68475664798081,0.2719344611720337,-0.03138160475095375,0.00015748,0.0314547460014908,0.00081957,1,0.0
13544,0.21979829792287114,0.008517270012753849,-1.54e-06,1.564833058983056,6.1718607294043455,-87.92068054514712,1.0052136313683062,-6.780793621429509,0.12067054082980143,-14.986477161020064,-1.1573229341274334,-57.85191707987387,0.6295741068180681,71.91938792896647,0.2719344611720337,-0.020571515838235643,0.00015748,0.020489398043763683,0.00081957,1,0.0
13545,0.03547992901483232,0.0030405713344272686,-1.54e-06,1.564833058983056,6.1718607294043455,-47.89989792956991,1.0052136313683062,18.118634676068222,0.12067054082980143,-90.77226599139199,-1.1573229341274334,11.482623203193388,0.6295741068180681,50.10665409873743,0.2719344611720337,-0.03280417550777337,0.00015748,0.03282801588752092,0.00081957,1,0.0
13546,0.2215043469690921,0.00672711929663357,-1.54e-06,1.564833058983056,6.1718607294043455,-91.4436065117096,1.0052136313683062,-2.455999958990617,0.12067054082980143,-27.644364415758172,-1.1573229341274334,30.293660438384087,0.6295741068180681,69.02955392775911,0.2719344611720337,-0.02464185446127761,0.00015748,0.024640051224884302,0.00081957,1,0.0
13547,7.138277082519018e-05,0.054377140438043196,-1.54e-06,1.564833058983056,6.1718607294043455,68.63189821784489,1.0052136313683062,28.358164346812575,0.12067054082980143,-32.85068139311631,-1.1573229341274334,-71.85730079067551,0.6295741068180681,-22.01664158479879,0.2719344611720337,-0.0008744863797603766,0.00015748,0.10177169837640945,0.00081957,1,0.0
13548,0.0833562810810358,0.00037997811629859044,-1.54e-06,1.564833058983056,6.1718607294043455,-49.46675869600412,1.0052136313683062,8.176068424935108,0.12067054082980143,-50.35662779977732,-1.1573229341274334,-16.842279233444874,0.6295741068180681,46.07291775654406,0.2719344611720337,-0.012527726296940633,0.00015748,0.012526211338999766,0.00081957,1,0.0
13549,0.2437114766484898,0.006194907794176792,-1.54e-06,1.564833058983056,6.1718607294043455,-99.32428594503315,1.0052136313683062,3.972695946693024,0.12067054082980143,-38.58966337940012,-1.1573229341274334,12.870620099780767,0.6295741068180681,76.061563032428,0.2719344611720337,-0.025334286320450376,0.00015748,0.025436271318590418,0.00081957,1,0.0
13550,0.18236871587739278,0.001368454779251679,-1.54e-06,1.564833058983056,6.1718607294043455,-92.62465170561775,1.0052136313683062,12.543249444709216,0.12067054082980143,-74.68728713663816,-1.1573229341274334,-68.00897365379107,0.6295741068180681,84.66579287589141,0.2719344611720337,-0.017716213690412205,0.00015748,0.017721459677859545,0.00081957,1,0.0
13551,0.09061417807118419,0.0005050706150269234,-1.54e-06,1.564833058983056,6.1718607294043455,-77.4084169060315,1.0052136313683062,10.742869554382867,0.12067054082980143,-99.26417447656043,-1.1573229341274334,93.59435055884732,0.6295741068180681,69.5171428078553,0.2719344611720337,-0.014069760907972186,0.00015748,0.014066160171171715,0.00081957,1,0.0
13552,0.00010911660111778687,0.047876080115283486,-1.54e-06,1.564833058983056,6.1718607294043455,71.52074844670855,1.0052136313683062,20.48542440607906,0.12067054082980143,-2.783794630101369,-1.1573229341274334,31.668802372689065,0.6295741068180681,-40.32425617385457,0.2719344611720337,0.01601931164951683,0.00015748,0.07211516124742365,0.00081957,0,0.0
13553,0.009139876891787135,3.160723978084842e-05,-1.54e-06,1.564833058983056,6.1718607294043455,-2.725446946940835,1.0052136313683062,1.0925970880497708,0.12067054082980143,-1.0041259737177084,-1.1573229341274334,-25.30161519334144,0.6295741068180681,3.6678962888725817,0.2719344611720337,-0.003470248734202517,0.00015748,0.0034829841202944833,0.00081957,1,0.0
13554,0.11486375928246748,0.0017376624407724392,-1.54e-06,1.564833058983056,6.1718607294043455,-67.02509023193218,1.0052136313683062,15.89869348445908,0.12067054082980143,-74.18301866285842,-1.1573229341274334,-85.50298932229045,0.6295741068180681,66.9666640720737,0.2719344611720337,-0.02936047114898851,0.00015748,0.029364934930015293,0.00081957,1,0.0
13555,0.0495537846429458,0.0024359884548506533,-1.54e-06,1.564833058983056,6.1718607294043455,-48.620388848698276,1.0052136313683062,14.834001193856043,0.12067054082980143,-78.35725116496607,-1.1573229341274334,-46.98577367117974,0.6295741068180681,53.1114373587799,0.2719344611720337,-0.032478728460164336,0.00015748,0.03248252927411002,0.00081957,1,0.0
13556,0.13766372791084805,0.000739960680469577,-1.54e-06,1.564833058983056,6.1718607294043455,-59.433345676069,1.0052136313683062,8.419352220106314,0.12067054082980143,-36.41109635651241,-1.1573229341274334,-82.56559527291564,0.6295741068180681,53.85714794184038,0.2719344611720337,-0.01142643982006251,0.00015748,0.011423259876255686,0.00081957,1,0.0
13557,0.00011130517051591293,0.02567577528933197,-1.54e-06,1.564833058983056,6.1718607294043455,35.616598290884674,1.0052136313683062,19.885496696545925,0.12067054082980143,-4.802351749870843,-1.1573229341274334,-28.519584362666023,0.6295741068180681,-22.371211844279628,0.2719344611720337,-0.019183686961177615,0.00015748,0.052406285443599654,0.00081957,1,0.0
13558,0.00029879026275456133,0.004720227102492501,-1.54e-06,1.564833058983056,6.1718607294043455,-11.74742261049751,1.0052136313683062,15.927302247807326,0.12067054082980143,-45.74978499462955,-1.1573229341274334,6.669491046673797,0.6295741068180681,13.757955515598846,0.2719344611720337,-0.028955851577322042,0.00015748,0.02961500478784003,0.00081957,1,0.0
13559,0.0001967570057773843,0.016044032226502827,-1.54e-06,1.564833058983056,6.1718607294043455,22.448879970540297,1.0052136313683062,14.469566302326719,0.12067054082980143,-10.936675316263747,-1.1573229341274334,-48.2331117670019,0.6295741068180681,-9.159415910821156,0.2719344611720337,-0.011888017671592898,0.00015748,0.03771115219831092,0.00081957,1,0.0
13560,0.10817795909259953,0.0005876505565971097,-1.54e-06,1.564833058983056,6.1718607294043455,-69.7572113555638,1.0052136313683062,6.938949946402533,0.12067054082980143,-69.87025860541075,-1.1573229341274334,61.39556929657405,0.6295741068180681,59.95778710592578,0.2719344611720337,-0.007690303262070789,0.00015748,0.007702545141774074,0.00081957,1,0.0
13561,0.20083187156582163,0.002375586393416239,-1.54e-06,1.564833058983056,6.1718607294043455,-92.78182640826658,1.0052136313683062,5.954338460201128,0.12067054082980143,-54.37011785629175,-1.1573229341274334,-33.290149321464604,0.6295741068180681,79.03084229997661,0.2719344611720337,-0.004511040374580432,0.00015748,0.004490875494111148,0.00081957,1,0.0
13562,0.09312636565973884,0.0006261158364607212,-1.54e-06,1.564833058983056,6.1718607294043455,-50.53869952582069,1.0052136313683062,8.281585747846556,0.12067054082980143,-46.471902566159855,-1.1573229341274334,-59.68368536071701,0.6295741068180681,49.030410191106355,0.2719344611720337,-0.015892948712765257,0.00015748,0.015908925919589093,0.00081957,1,0.0
13563,0.00047155099401169354,0.02708792650218698,-1.54e-06,1.564833058983056,6.1718607294043455,25.45348595289424,1.0052136313683062,16.04800660789122,0.12067054082980143,-34.7116262966053,-1.1573229341274334,58.2210576843362,0.6295741068180681,-8.051060456330024,0.2719344611720337,0.0019351337541037225,0.00015748,0.04812235853934382,0.00081957,0,0.0
13564,7.360288527111692e-05,0.0012606741549355117,-1.54e-06,1.564833058983056,6.1718607294043455,-2.0687351486061325,1.0052136313683062,0.2626326957363943,0.12067054082980143,-4.760122033471651,-1.1573229341274334,95.07222049860324,0.6295741068180681,-4.892141128985265,0.2719344611720337,-0.018863367369436237,0.00015748,0.01892299387835246,0.00081957,1,0.0
13565,0.08664654290573998,0.0015533695557216217,-1.54e-06,1.564833058983056,6.1718607294043455,-44.939941071433246,1.0052136313683062,13.684641769767488,0.12067054082980143,-49.10069748838684,-1.1573229341274334,-44.39725515607751,0.6295741068180681,42.28101701819266,0.2719344611720337,-0.022191216824724108,0.00015748,0.022210065412779076,0.00081957,1,0.0
13566,0.044721613471559264,9.813981299353823e-05,-1.54e-06,1.564833058983056,6.1718607294043455,-24.28047674695342,1.0052136313683062,3.7069975335682304,0.12067054082980143,-21.99587832110199,-1.1573229341274334,-17.12615535599381,0.6295741068180681,22.65898575430522,0.2719344611720337,-0.005813582188893602,0.00015748,0.005812540032970052,0.00081957,1,0.0
13567,0.1080825501038672,0.0019009458451588268,-1.54e-06,1.564833058983056,6.1718607294043455,-54.7324881176446,1.0052136313683062,-0.37455485756610457,0.12067054082980143,-32.73179039181177,-1.1573229341274334,77.66663007535189,0.6295741068180681,40.84663177959865,0.2719344611720337,-0.015848702446300045,0.00015748,0.015870116475302863,0.00081957,1,0.0
13568,0.15128103598464204,0.005184828674838938,-1.54e-06,1.564833058983056,6.1718607294043455,-94.44761377330042,1.0052136313683062,2.556053970432449,0.12067054082980143,-80.4782876194956,-1.1573229341274334,-18.376745807573712,0.6295741068180681,88.3082899941104,0.2719344611720337,-0.02190881034111143,0.00015748,0.02205625163589217,0.00081957,1,0.0
13569,0.19826820615795035,0.004325046049039328,-1.54e-06,1.564833058983056,6.1718607294043455,-96.25072959623037,1.0052136313683062,2.5699037464095906,0.12067054082980143,-57.49240620277321,-1.1573229341274334,77.93240254907248,0.6295741068180681,75.00840200164353,0.2719344611720337,-0.020142886411509457,0.00015748,0.020203982832739345,0.00081957,1,0.0
13570,0.17994768569268393,0.0013146418328301992,-1.54e-06,1.564833058983056,6.1718607294043455,-93.51288062815242,1.0052136313683062,12.919224302744917,0.12067054082980143,-78.32751257432767,-1.1573229341274334,-50.8773751584658,0.6295741068180681,84.80404671348288,0.2719344611720337,-0.01751606543945436,0.00015748,0.01752435673236427,0.00081957,1,0.0
13571,-2.228996541504824e-05,0.020576602091497292,-1.54e-06,1.564833058983056,6.1718607294043455,34.98003837368299,1.0052136313683062,15.454228469282072,0.12067054082980143,-0.060446314181897796,-1.1573229341274334,-93.32768388273111,0.6295741068180681,-15.79094701431822,0.2719344611720337,-0.010349560873547093,0.00015748,0.045019045307798544,0.00081957,1,0.0
13572,-5.037069506866332e-05,0.05763774906317012,-1.54e-06,1.564833058983056,6.1718607294043455,52.08709800700977,1.0052136313683062,35.52917996212168,0.12067054082980143,-68.31765554805578,-1.1573229341274334,-56.28509635894471,0.6295741068180681,-5.7693698884691145,0.2719344611720337,-0.015066010696123892,0.00015748,0.1117742302867683,0.00081957,1,0.0
13573,0.15968163306096836,0.002555126074671427,-1.54e-06,1.564833058983056,6.1718607294043455,-73.20394723101492,1.0052136313683062,0.47705301235516595,0.12067054082980143,-35.82178188287546,-1.1573229341274334,-6.09312884323495,0.6295741068180681,60.617025998846074,0.2719344611720337,-0.006662271745240368,0.00015748,0.00670952700405244,0.00081957,1,0.0
13574,4.163960561862079e-05,0.056457376832843326,-1.54e-06,1.564833058983056,6.1718607294043455,67.95475505021412,1.0052136313683062,29.76277640214244,0.12067054082980143,-31.84595525565785,-1.1573229341274334,22.42886566257147,0.6295741068180681,-31.107262766895,0.2719344611720337,0.00379920475017749,0.00015748,0.09226398032134765,0.00081957,0,0.0
13575,0.10741702096934104,0.0005417214024778439,-1.54e-06,1.564833058983056,6.1718607294043455,-64.76876441175085,1.0052136313683062,9.418516278264878,0.12067054082980143,-65.03664038867167,-1.1573229341274334,-5.854761922318918,0.6295741068180681,59.36151357763409,0.2719344611720337,-0.013476225681811626,0.00015748,0.013476815713762216,0.00081957,1,0.0
13576,0.12443337193365099,0.003150548085643904,-1.54e-06,1.564833058983056,6.1718607294043455,-79.94683071456727,1.0052136313683062,16.01328087481804,0.12067054082980143,-92.52522617665981,-1.1573229341274334,96.35579218474815,0.6295741068180681,66.56609555505054,0.2719344611720337,-0.02836406135615037,0.00015748,0.028270158665572573,0.00081957,1,0.0
13577,0.00013041619266199178,0.0628049919045146,-1.54e-06,1.564833058983056,6.1718607294043455,52.634618998399596,1.0052136313683062,27.660007885105863,0.12067054082980143,-89.62433462033279,-1.1573229341274334,70.1171210520837,0.6295741068180681,0.6923511835396687,0.2719344611720337,0.008387172506164393,0.00015748,0.11995059020037069,0.00081957,0,0.0
13578,0.08107426999239199,0.0003988010412266431,-1.54e-06,1.564833058983056,6.1718607294043455,-62.57870959119814,1.0052136313683062,5.617457612020067,0.12067054082980143,-71.06590521982443,-1.1573229341274334,81.9507795014063,0.6295741068180681,54.40569826700825,0.2719344611720337,-0.00528095957128644,0.00015748,0.005303693737896567,0.00081957,1,0.0
13579,0.15399982311121932,0.004084123024567392,-1.54e-06,1.564833058983056,6.1718607294043455,-84.49650853911292,1.0052136313683062,21.22861348467459,0.12067054082980143,-91.00331335399467,-1.1573229341274334,-4.33195633628838,0.6295741068180681,74.8690251618333,0.2719344611720337,-0.0339090770547404,0.00015748,0.03395301705608056,0.00081957,1,0.0
13580,-0.00010772283320964471,0.03521018555399186,-1.54e-06,1.564833058983056,6.1718607294043455,27.03947873746312,1.0052136313683062,24.228959896545348,0.12067054082980143,-54.02386376690314,-1.1573229341274334,44.53421781406749,0.6295741068180681,-4.235142216787642,0.2719344611720337,-0.008273994821396055,0.00015748,0.06681179475664963,0.00081957,1,0.0
13581,0.0005504230908089658,0.045777334408214354,-1.54e-06,1.564833058983056,6.1718607294043455,43.88858689981172,1.0052136313683062,30.61498404980863,0.12067054082980143,-51.28071686862915,-1.1573229341274334,-87.37961581636796,0.6295741068180681,-5.22981767047128,0.2719344611720337,-0.018662562673870217,0.00015748,0.09386477405965638,0.00081957,1,0.0
13582,0.0005735384947014657,0.005278741853338607,-1.54e-06,1.564833058983056,6.1718607294043455,-9.678234813935466,1.0052136313683062,4.50768013408485,0.12067054082980143,-35.059346352406685,-1.1573229341274334,91.56696639236162,0.6295741068180681,9.813335521885675,0.2719344611720337,-0.0017408159814785102,0.00015748,0.012005594754744397,0.00081957,1,0.0
13583,0.00023182476604248492,0.004891948913307983,-1.54e-06,1.564833058983056,6.1718607294043455,-21.11156369166421,1.0052136313683062,18.574217123096375,0.12067054082980143,-65.37789396778795,-1.1573229341274334,-6.101131184331959,0.6295741068180681,25.60284514631748,0.2719344611720337,-0.03415725638713988,0.00015748,0.034266826815596875,0.00081957,1,0.0
13584,0.07074703407735536,0.00334277894849029,-1.54e-06,1.564833058983056,6.1718607294043455,-33.553975009860025,1.0052136313683062,-7.125179097651609,0.12067054082980143,-6.47578979473001,-1.1573229341274334,-6.7570028055381535,0.6295741068180681,28.598178979606224,0.2719344611720337,-0.017579824468603556,0.00015748,0.01777605449846387,0.00081957,1,0.0
13585,0.000860662315644134,0.03265104193332474,-1.54e-06,1.564833058983056,6.1718607294043455,22.521365130600085,1.0052136313683062,30.250785220548476,0.12067054082980143,-45.50435624458568,-1.1573229341274334,-53.265221860731764,0.6295741068180681,-3.72239208672973,0.2719344611720337,-0.03486901326348559,0.00015748,0.07048254898740441,0.00081957,1,0.0
13586,0.12580918310763153,0.0006295022574907007,-1.54e-06,1.564833058983056,6.1718607294043455,-54.77413129279505,1.0052136313683062,8.112538639150287,0.12067054082980143,-34.63440810405848,-1.1573229341274334,-87.06341260370755,0.6295741068180681,50.668669898725035,0.2719344611720337,-0.012170356193345354,0.00015748,0.012174111464331228,0.00081957,1,0.0
13587,0.09438265398358206,0.00036026007166471566,-1.54e-06,1.564833058983056,6.1718607294043455,-38.53659811874032,1.0052136313683062,6.16495821285521,0.12067054082980143,-21.585789954753967,-1.1573229341274334,-79.8787734148142,0.6295741068180681,36.10157344273767,0.2719344611720337,-0.00976685165630704,0.00015748,0.009768894521733091,0.00081957,1,0.0
13588,0.015484391091410362,7.592301480017253e-05,-1.54e-06,1.564833058983056,6.1718607294043455,-31.972416815347543,1.0052136313683062,4.345142269957935,0.12067054082980143,-53.823767541692185,-1.1573229341274334,92.8762318591681,0.6295741068180681,28.221985368056743,0.2719344611720337,-0.005501901826303288,0.00015748,0.005518988641048408,0.00081957,1,0.0
13589,0.0003662259443030086,0.004673203425698203,-1.54e-06,1.564833058983056,6.1718607294043455,-8.9884374209814,1.0052136313683062,16.723258617361804,0.12067054082980143,-41.23342936935695,-1.1573229341274334,-37.908205033656245,0.6295741068180681,13.613731038882124,0.2719344611720337,-0.031200254299364936,0.00015748,0.03128449274086137,0.00081957,1,0.0
13590,0.0002612326679145155,0.0017886439229183341,-1.54e-06,1.564833058983056,6.1718607294043455,-5.209387509964473,1.0052136313683062,5.501239155488492,0.12067054082980143,-18.048859190445746,-1.1573229341274334,75.67625627532432,0.6295741068180681,0.2866564964716897,0.2719344611720337,-0.018870600984894514,0.00015748,0.01887597008312853,0.00081957,1,0.0
13591,0.014245846022177683,0.050140586866010514,-1.54e-06,1.564833058983056,6.1718607294043455,40.79739697530965,1.0052136313683062,26.88125304651039,0.12067054082980143,-66.74402727817976,-1.1573229341274334,10.595411639812948,0.6295741068180681,0.12104123858040501,0.2719344611720337,0.0010271293020945524,0.00015748,0.09579559835821361,0.00081957,0,0.0
13592,0.05211444233413475,0.00031345292963245704,-1.54e-06,1.564833058983056,6.1718607294043455,-52.57455424122099,1.0052136313683062,6.817327894070255,0.12067054082980143,-72.09229457243217,-1.1573229341274334,69.91880364572232,0.6295741068180681,48.31135549359808,0.2719344611720337,-0.010035438282006344,0.00015748,0.010028351020957465,0.00081957,1,0.0
13593,0.14619487943868792,0.0013126317029534757,-1.54e-06,1.564833058983056,6.1718607294043455,-77.78839940639173,1.0052136313683062,6.384257890702499,0.12067054082980143,-60.972326225806015,-1.1573229341274334,39.68581954305567,0.6295741068180681,64.77032815898633,0.2719344611720337,-0.009551970853581254,0.00015748,0.009551081117452006,0.00081957,1,0.0
13594,0.19228325499637594,0.0055078648487985075,-1.54e-06,1.564833058983056,6.1718607294043455,-84.1948789403798,1.0052136313683062,18.568073002777346,0.12067054082980143,-64.30820897736065,-1.1573229341274334,-26.321955321467563,0.6295741068180681,69.75251544905728,0.2719344611720337,-0.0338216988350999,0.00015748,0.03386236233694494,0.00081957,1,0.0
13595,0.14960244068821923,0.0024622650503134677,-1.54e-06,1.564833058983056,6.1718607294043455,-63.44195558264177,1.0052136313683062,0.716283245001112,0.12067054082980143,-25.27692955999276,-1.1573229341274334,16.492432098093314,0.6295741068180681,48.9418595370008,0.2719344611720337,-0.014303545832263408,0.00015748,0.014324772301226352,0.00081957,1,0.0
13596,0.11380374046616797,0.012396952037381441,-1.54e-06,1.564833058983056,6.1718607294043455,-75.41743624825254,1.0052136313683062,-6.966046585649254,0.12067054082980143,-53.65439626564318,-1.1573229341274334,-35.99594488664903,0.6295741068180681,73.18192024245391,0.2719344611720337,-0.037899374982390543,0.00015748,0.03770488657988276,0.00081957,1,0.0
13597,0.0902309524746456,0.0018876404957415898,-1.54e-06,1.564833058983056,6.1718607294043455,-63.68927002508707,1.0052136313683062,15.269273847991776,0.12067054082980143,-81.71489940810353,-1.1573229341274334,-57.02615636575705,0.6295741068180681,64.94246117484543,0.2719344611720337,-0.030251581654230232,0.00015748,0.030245394332024667,0.00081957,1,0.0
13598,3.832110042761849e-05,0.059708090373941744,-1.54e-06,1.564833058983056,6.1718607294043455,54.64600478679423,1.0052136313683062,32.74752594964494,0.12067054082980143,-75.10593695443474,-1.1573229341274334,49.26098616641141,0.6295741068180681,-9.583352442241981,0.2719344611720337,0.0030623543020636343,0.00015748,0.10751267377071164,0.00081957,0,0.0
13599,0.07379336850098225,0.0008180547274865032,-1.54e-06,1.564833058983056,6.1718607294043455,-42.1822816089829,1.0052136313683062,10.7930006427224,0.12067054082980143,-47.039849354970045,-1.1573229341274334,-59.984007394749966,0.6295741068180681,42.384502417813486,0.2719344611720337,-0.019741171359199828,0.00015748,0.01977037626926553,0.00081957,1,0.0
13600,-0.017123865167253616,4.9009691379857285,-1.54e-06,1.0583465787219872,2.4015336450381217,-40.2782293292511,1.0052136313683062,-19.87695040321351,0.12067054082980143,-15.670985579470091,-1.1573229341274334,55.3360835826649,0.6295741068180681,34.179106542879026,0.2719344611720337,-2.4710833570991273,0.00015748,0.23111214332258911,0.00081957,1,0.0
13601,3.2157699335189007,3.3484245502965875,-1.54e-06,1.0583465787219872,2.4015336450381217,-27.093724126637365,1.0052136313683062,24.668098862843124,0.12067054082980143,-53.502262378595,-1.1573229341274334,-40.67544887223096,0.6295741068180681,75.99235925471415,0.2719344611720337,0.27763019452960314,0.00015748,2.29346089135179,0.00081957,0,0.0
13602,-0.00472732004015608,0.2831570228527311,-1.54e-06,1.0583465787219872,2.4015336450381217,43.67030678211369,1.0052136313683062,37.48809476744524,0.12067054082980143,-95.76236894753139,-1.1573229341274334,39.88550058815552,0.6295741068180681,-1.227865844733396,0.2719344611720337,1.7273428030612454,0.00015748,5.231412735072888,0.00081957,0,0.0
13603,0.28916935563392604,0.026946933302533886,-1.54e-06,1.0583465787219872,2.4015336450381217,-3.270800007949947,1.0052136313683062,0.738707826813405,0.12067054082980143,-0.06907561975490431,-1.1573229341274334,-6.493730798702654,0.6295741068180681,6.0323248205900715,0.2719344611720337,-0.039509565130560094,0.00015748,0.0415490803146081,0.00081957,1,0.0
13604,3.0146787838347007,4.020239883054304,-1.54e-06,1.0583465787219872,2.4015336450381217,-55.89308273299359,1.0052136313683062,-0.2429452052917155,0.12067054082980143,-23.1423346665947,-1.1573229341274334,-22.04943283022795,0.6295741068180681,84.40674554554371,0.2719344611720337,-0.6630691793458021,0.00015748,0.18153897257047763,0.00081957,1,0.0
13605,2.7977618389322174,2.647948394674816,-1.54e-06,1.0583465787219872,2.4015336450381217,12.897910196298213,1.0052136313683062,45.62154491028803,0.12067054082980143,-72.88846043572082,-1.1573229341274334,-58.72647453744309,0.6295741068180681,50.20188725815005,0.2719344611720337,0.26467754956078027,0.00015748,5.257743274915915,0.00081957,0,0.0
13606,-0.27953100675990594,1.302816643113418,-1.54e-06,1.0583465787219872,2.4015336450381217,83.07616039259617,1.0052136313683062,43.00411027497765,0.12067054082980143,-74.89937111920511,-1.1573229341274334,21.52575959241389,0.6295741068180681,-41.12218702936355,0.2719344611720337,2.750905837261773,0.00015748,7.21021251249947,0.00081957,0,0.0
13607,2.96221056319547,3.455066830395349,-1.54e-06,1.0583465787219872,2.4015336450381217,13.962949566453727,1.0052136313683062,45.1816764005869,0.12067054082980143,-45.09827665558561,-1.1573229341274334,-80.15135387845642,0.6295741068180681,38.82885649779316,0.2719344611720337,0.26222273338606517,0.00015748,4.7074329004276825,0.00081957,0,0.0
13608,-4.6156456732227014e-05,0.4213854649726611,-1.54e-06,1.0583465787219872,2.4015336450381217,38.06396464944635,1.0052136313683062,34.902146513655254,0.12067054082980143,-99.80765847268943,-1.1573229341274334,55.974791336901255,0.6295741068180681,2.3865492148442886,0.2719344611720337,2.1871425880487436,0.00015748,4.811101483187844,0.00081957,0,0.0
13609,-0.00026480981229060063,0.007512179064194543,-1.54e-06,1.0583465787219872,2.4015336450381217,49.43032361380216,1.0052136313683062,44.8563426020505,0.12067054082980143,-99.568276114551,-1.1573229341274334,8.764201230485702,0.6295741068180681,1.1527083062313084,0.2719344611720337,0.2942857502398102,0.00015748,6.105016652215846,0.00081957,0,0.0
13610,1.8979787581948597,1.3580654458964692,-1.54e-06,1.0583465787219872,2.4015336450381217,-3.623804577699754,1.0052136313683062,15.146329472256443,0.12067054082980143,-12.036507803882737,-1.1573229341274334,-44.36121476168508,0.6295741068180681,29.3358345808674,0.2719344611720337,0.2955759971283335,0.00015748,1.7005449590547101,0.00081957,0,0.0
13611,3.811937143961054,4.876615763801015,-1.54e-06,1.0583465787219872,2.4015336450381217,-25.062088047747466,1.0052136313683062,23.735735400586158,0.12067054082980143,-26.210486462238034,-1.1573229341274334,-76.03340587343702,0.6295741068180681,72.51090309662118,0.2719344611720337,0.2763761944138816,0.00015748,2.2679532375099427,0.00081957,0,0.0
13612,0.0013804820024381215,0.015055353777302353,-1.54e-06,1.0583465787219872,2.4015336450381217,46.18282472595481,1.0052136313683062,34.353615823919384,0.12067054082980143,-62.90686753339992,-1.1573229341274334,-7.29122738703927,0.6295741068180681,-9.315627851135762,0.2719344611720337,0.2665616502523056,0.00015748,4.9502816555989755,0.00081957,0,0.0
13613,0.003323297231383915,3.598840269553274e-06,-1.54e-06,1.0583465787219872,2.4015336450381217,-15.702688817789348,1.0052136313683062,15.252593114387627,0.12067054082980143,-94.15458305538509,-1.1573229341274334,74.23199326870309,0.6295741068180681,41.148602504623895,0.2719344611720337,0.3261845946995898,0.00015748,1.3383147136076696,0.00081957,0,0.0
13614,0.16468527406716393,0.24070203754796582,-1.54e-06,1.0583465787219872,2.4015336450381217,-37.431283454706225,1.0052136313683062,5.434859807504852,0.12067054082980143,-96.81462202278199,-1.1573229341274334,83.89548436080219,0.6295741068180681,62.25394789174669,0.2719344611720337,-0.17628350879513388,0.00015748,0.17623828599600289,0.00081957,1,0.0
13615,1.0768196423803151,1.743615520338008,-1.54e-06,1.0583465787219872,2.4015336450381217,-34.792489871898134,1.0052136313683062,-4.393915151773483,0.12067054082980143,-28.117956389911857,-1.1573229341274334,20.76951506789682,0.6295741068180681,47.73655002543037,0.2719344611720337,-0.7844368338880296,0.00015748,0.20371754717525498,0.00081957,1,0.0
13616,2.0580702516316762,1.5589450368626745,-1.54e-06,1.0583465787219872,2.4015336450381217,-58.40021684417146,1.0052136313683062,4.812310778000311,0.12067054082980143,-82.00233377110625,-1.1573229341274334,41.319130370346485,0.6295741068180681,95.18930195063496,0.2719344611720337,-0.18733841642682028,0.00015748,0.17701523642804398,0.00081957,1,0.0
13617,2.3731324874880997,1.9453488420846752,-1.54e-06,1.0583465787219872,2.4015336450381217,-13.006391372707542,1.0052136313683062,19.61170189174207,0.12067054082980143,-30.198539358485743,-1.1573229341274334,-40.61113858087627,0.6295741068180681,47.47289061200166,0.2719344611720337,0.28634193276042885,0.00015748,1.9211466797564893,0.00081957,0,0.0
13618,0.771884108168222,0.25929592422473347,-1.54e-06,1.0583465787219872,2.4015336450381217,35.6367418497152,1.0052136313683062,41.383109763259576,0.12067054082980143,-80.86436948275163,-1.1573229341274334,-12.991163655116335,0.6295741068180681,12.941831410205722,0.2719344611720337,0.2653060426897338,0.00015748,5.2891542768055455,0.00081957,0,0.0
13619,0.0037931080376540915,0.16630320122768932,-1.54e-06,1.0583465787219872,2.4015336450381217,19.58700493808972,1.0052136313683062,11.809556623815624,0.12067054082980143,-27.13864705206581,-1.1573229341274334,18.388546162602736,0.6295741068180681,-7.615413116408693,0.2719344611720337,1.2234234822238417,0.00015748,1.8493371305302042,0.00081957,0,0.0
13620,0.0009028926378906732,0.02682291840544774,-1.54e-06,1.0583465787219872,2.4015336450381217,30.212386901516084,1.0052136313683062,17.740814717312144,0.12067054082980143,-23.17286837352637,-1.1573229341274334,-10.665022514669484,0.6295741068180681,-13.075454837780253,0.2719344611720337,0.35101014074672743,0.00015748,2.7354251166308137,0.00081957,0,0.0
13621,-1.2371901677696364,3.25318710060939,-1.54e-06,1.0583465787219872,2.4015336450381217,85.56131837802076,1.0052136313683062,36.52785421415181,0.12067054082980143,-75.85558150531685,-1.1573229341274334,77.82724728173606,0.6295741068180681,-61.86473841782787,0.2719344611720337,4.408674740548324,0.00015748,5.971188788178644,0.00081957,0,0.0
13622,0.0076536958787050136,1.6170578119653115e-06,-1.54e-06,1.0583465787219872,2.4015336450381217,-16.0951670930825,1.0052136313683062,16.46885763873903,0.12067054082980143,-99.7764224116917,-1.1573229341274334,77.6886757266912,0.6295741068180681,43.356608763350046,0.2719344611720337,0.34701382468496256,0.00015748,1.4483104606333788,0.00081957,0,0.0
13623,3.463465668232436,3.570516025303646,-1.54e-06,1.0583465787219872,2.4015336450381217,-45.08966372592331,1.0052136313683062,10.268987523741183,0.12067054082980143,-15.535006434368645,-1.1573229341274334,-63.38398572256646,0.6295741068180681,80.74710219433533,0.2719344611720337,-0.4529481525849515,0.00015748,0.4551980479770024,0.00081957,1,0.0
13624,0.0033567785076079664,0.02238460038911697,-1.54e-06,1.0583465787219872,2.4015336450381217,-6.326788817764898,1.0052136313683062,0.0065658499293604206,0.12067054082980143,-14.819005826336495,-1.1573229341274334,15.798149985008315,0.6295741068180681,9.465288363945204,0.2719344611720337,-0.08145293240777912,0.00015748,0.08578283733695419,0.00081957,1,0.0
13625,0.0016366516610548665,0.21833705875495016,-1.54e-06,1.0583465787219872,2.4015336450381217,83.45376083921333,1.0052136313683062,41.56124039412604,0.12067054082980143,-38.01515410472299,-1.1573229341274334,-43.78193630395038,0.6295741068180681,-44.19279874620182,0.2719344611720337,0.8257670677320763,0.00015748,7.007474080713552,0.00081957,0,0.0
13626,-0.17002264577795323,1.077748671275184,-1.54e-06,1.0583465787219872,2.4015336450381217,53.86856305418164,1.0052136313683062,23.710996591560093,0.12067054082980143,-36.6161602495205,-1.1573229341274334,23.64346036950734,0.6295741068180681,-34.239455332922674,0.2719344611720337,2.6362847216604193,0.00015748,4.162640715848315,0.00081957,0,0.0
13627,-0.3237036728083025,1.3972591878314709,-1.54e-06,1.0583465787219872,2.4015336450381217,79.27632785071802,1.0052136313683062,38.84771910314623,0.12067054082980143,-63.649289306141576,-1.1573229341274334,22.050926741522716,0.6295741068180681,-43.83821141774573,0.2719344611720337,2.8535400240547655,0.00015748,6.543383441234523,0.00081957,0,0.0
13628,1.4368526815153366,0.7301191492972472,-1.54e-06,1.0583465787219872,2.4015336450381217,27.561334756001944,1.0052136313683062,45.13327769093735,0.12067054082980143,-90.5340506399016,-1.1573229341274334,-20.890342848929787,0.6295741068180681,30.089260152377225,0.2719344611720337,0.2632842617828177,0.00015748,5.559498272751501,0.00081957,0,0.0
13629,0.329515399284694,0.024602909529221333,-1.54e-06,1.0583465787219872,2.4015336450381217,-16.29809989612016,1.0052136313683062,18.336185749930834,0.12067054082980143,-98.25798887650987,-1.1573229341274334,64.2502469249617,0.6295741068180681,47.83809210089908,0.2719344611720337,0.295216748415833,0.00015748,1.6363648382428406,0.00081957,0,0.0
13630,0.6679919786152757,0.12301860692362059,-1.54e-06,1.0583465787219872,2.4015336450381217,0.14407736839890015,1.0052136313683062,27.460516822490664,0.12067054082980143,-92.61622327150074,-1.1573229341274334,32.24114147870403,0.6295741068180681,39.32919799952472,0.2719344611720337,0.27391349777913243,0.00015748,2.9317315119604355,0.00081957,0,0.0
13631,1.0118748053680084,0.28797739055429394,-1.54e-06,1.0583465787219872,2.4015336450381217,-15.82375773501602,1.0052136313683062,23.229300140652565,0.12067054082980143,-97.40582202510552,-1.1573229341274334,40.778547766560834,0.6295741068180681,56.29931249780902,0.2719344611720337,0.2875450442541784,0.00015748,2.2403716318858864,0.00081957,0,0.0
13632,-1.3948184158741737,3.4375785489416186,-1.54e-06,1.0583465787219872,2.4015336450381217,96.84689431098538,1.0052136313683062,34.62711443404499,0.12067054082980143,-68.5302653810031,-1.1573229341274334,72.4471710857312,0.6295741068180681,-72.43325105853705,0.2719344611720337,4.273099256457163,0.00015748,6.807200788667243,0.00081957,0,0.0
13633,-0.8953368820955074,2.4502274160128064,-1.54e-06,1.0583465787219872,2.4015336450381217,40.02486494508258,1.0052136313683062,3.5379541094719755,0.12067054082980143,-20.845026281928586,-1.1573229341274334,75.84372473645057,0.6295741068180681,-42.95099665938886,0.2719344611720337,1.5905459314792054,0.00015748,4.0893121821328435,0.00081957,0,0.0
13634,0.5280819819468486,0.13112598733504183,-1.54e-06,1.0583465787219872,2.4015336450381217,11.255496650435276,1.0052136313683062,19.233534315630465,0.12067054082980143,-43.974019072475755,-1.1573229341274334,0.3589606807827118,0.6295741068180681,13.375258991357136,0.2719344611720337,0.28779762835871225,0.00015748,2.3512573507287424,0.00081957,0,0.0
13635,0.3656516799758438,4.929359262693426,-1.54e-06,1.0583465787219872,2.4015336450381217,-58.48626676163061,1.0052136313683062,-15.476892330149798,0.12067054082980143,-52.36989080311599,-1.1573229341274334,80.38063270163842,0.6295741068180681,63.467762602752344,0.2719344611720337,-2.5046632745243524,0.00015748,0.22549771749374048,0.00081957,1,0.0
13636,1.8293335107908995,1.4663740512184444,-1.54e-06,1.0583465787219872,2.4015336450381217,39.43960348903523,1.0052136313683062,37.77824845326518,0.12067054082980143,-22.63862697456304,-1.1573229341274334,-80.70739742459801,0.6295741068180681,2.877568814611109,0.2719344611720337,0.2629501241640386,0.00015748,5.014930849254149,0.00081957,0,0.0
13637,1.0842718621212049,0.7215448409724289,-1.54e-06,1.0583465787219872,2.4015336450381217,57.14391744710983,1.0052136313683062,49.7873858218317,0.12067054082980143,-56.035932749151996,-1.1573229341274334,-58.536411650472346,0.6295741068180681,-7.473372228729928,0.2719344611720337,0.25939636128594756,0.00015748,6.429972798746264,0.00081957,0,0.0
13638,3.65734018850758,4.32189911913242,-1.54e-06,1.0583465787219872,2.4015336450381217,-26.936087702383013,1.0052136313683062,28.24275171492318,0.12067054082980143,-53.96789016764127,-1.1573229341274334,-54.65827635080616,0.6295741068180681,81.61642205329385,0.2719344611720337,0.2767707816718332,0.00015748,2.714050798677688,0.00081957,0,0.0
13639,-0.006306797135627651,0.4750343062512038,-1.54e-06,1.0583465787219872,2.4015336450381217,24.52200541168889,1.0052136313683062,19.65951768145494,0.12067054082980143,-62.83875019960719,-1.1573229341274334,51.466502964095426,0.6295741068180681,-1.7631682433117906,0.2719344611720337,2.2231449549867057,0.00015748,2.8766610632491756,0.00081957,0,0.0
13640,-0.33804557962854664,1.3995963613037983,-1.54e-06,1.0583465787219872,2.4015336450381217,58.394558027364965,1.0052136313683062,27.77167339491331,0.12067054082980143,-55.55312561979871,-1.1573229341274334,40.7828302596056,0.6295741068180681,-33.64276316721515,0.2719344611720337,2.966018991007095,0.00015748,4.756244755814525,0.00081957,0,0.0
13641,1.4395527130362948,0.7407700379922166,-1.54e-06,1.0583465787219872,2.4015336450381217,2.8828287272033086,1.0052136313683062,24.503222261320605,0.12067054082980143,-48.71227252791221,-1.1573229341274334,-17.955814107149667,0.6295741068180681,31.51348907425658,0.2719344611720337,0.27898300884383986,0.00015748,2.6821531191942682,0.00081957,0,0.0
13642,0.002141864086583789,0.4970793167571482,-1.54e-06,1.0583465787219872,2.4015336450381217,-4.224536933948683,1.0052136313683062,3.5071946844477924,0.12067054082980143,-49.608154200673475,-1.1573229341274334,77.10874692387189,0.6295741068180681,11.822830089022315,0.2719344611720337,0.346118458377618,0.00015748,2.495734435110581,0.00081957,0,0.0
13643,0.4097259603907619,0.30974337294071,-1.54e-06,1.0583465787219872,2.4015336450381217,81.24627647279053,1.0052136313683062,41.630573272127634,0.12067054082980143,-11.130763356946735,-1.1573229341274334,-82.01482929019528,0.6295741068180681,-46.383193891726705,0.2719344611720337,0.2600180304180295,0.00015748,6.533771460024311,0.00081957,0,0.0
13644,0.22013101512475552,0.03185133865957308,-1.54e-06,1.0583465787219872,2.4015336450381217,38.931946195935296,1.0052136313683062,41.8999847974025,0.12067054082980143,-96.47498926265561,-1.1573229341274334,9.503248895742555,0.6295741068180681,9.583612197131067,0.2719344611720337,0.2636285591461496,0.00015748,5.443524270229375,0.00081957,0,0.0
13645,-0.4327692545850541,1.549595549376876,-1.54e-06,1.0583465787219872,2.4015336450381217,13.186429426769568,1.0052136313683062,0.3185074055359569,0.12067054082980143,-29.528324224625596,-1.1573229341274334,81.38598194307511,0.6295741068180681,-15.369096497780646,0.2719344611720337,0.4719792596308703,0.00015748,3.450467970633497,0.00081957,0,0.0
13646,0.7394847045081513,0.20142218297709685,-1.54e-06,1.0583465787219872,2.4015336450381217,-28.8287141812598,1.0052136313683062,4.261333709959795,0.12067054082980143,-53.568140728056434,-1.1573229341274334,34.15162091881846,0.6295741068180681,48.00896585946293,0.2719344611720337,-0.1363938033764398,0.00015748,0.14143820643262495,0.00081957,1,0.0
13647,2.074115402854506,1.5473900650734937,-1.54e-06,1.0583465787219872,2.4015336450381217,25.73125539873971,1.0052136313683062,45.149933190633746,0.12067054082980143,-71.13676578704406,-1.1573229341274334,-49.56074696638639,0.6295741068180681,32.133297121393916,0.2719344611720337,0.26419938531315657,0.00015748,5.489561873886451,0.00081957,0,0.0
13648,0.15386308694103862,0.32100131273798593,-1.54e-06,1.0583465787219872,2.4015336450381217,-14.741759658184575,1.0052136313683062,-2.4652927987515962,0.12067054082980143,-24.154064625933646,-1.1573229341274334,29.751958578527862,0.6295741068180681,20.20399126817355,0.2719344611720337,-0.3445320552855319,0.00015748,0.3427791983458549,0.00081957,1,0.0
13649,2.6373457176538357,2.581366054403039,-1.54e-06,1.0583465787219872,2.4015336450381217,40.95723659110806,1.0052136313683062,56.531660743840376,0.12067054082980143,-78.99092166968786,-1.1573229341274334,-77.37697678945442,0.6295741068180681,32.66802497653099,0.2719344611720337,0.258136727287988,0.00015748,7.368361390099235,0.00081957,0,0.0
13650,0.0038527388548366126,0.009800561835640636,-1.54e-06,1.0583465787219872,2.4015336450381217,37.492004819186526,1.0052136313683062,30.825495822669932,0.12067054082980143,-63.19872851674131,-1.1573229341274334,1.1415205836901055,0.6295741068180681,-3.500060023283206,0.2719344611720337,0.2694734543936552,0.00015748,4.312642885119299,0.00081957,0,0.0
13651,-0.20313999872399924,1.1074959312656425,-1.54e-06,1.0583465787219872,2.4015336450381217,63.11189559129003,1.0052136313683062,31.498347162848198,0.12067054082980143,-55.43336774581851,-1.1573229341274334,25.721185583010648,0.6295741068180681,-33.895657668660185,0.2719344611720337,2.6558874104976535,0.00015748,5.290666490158993,0.00081957,0,0.0
13652,0.06799708486662803,0.00226390034407022,-1.54e-06,1.0583465787219872,2.4015336450381217,19.861491089867673,1.0052136313683062,31.20727563328451,0.12067054082980143,-92.04309413792672,-1.1573229341274334,30.951549292749743,0.6295741068180681,18.788270686019693,0.2719344611720337,0.2681622115476483,0.00015748,3.8001153675545636,0.00081957,0,0.0
13653,1.4921115318038658,1.3575473300415044,-1.54e-06,1.0583465787219872,2.4015336450381217,-41.14852114458886,1.0052136313683062,-0.38265282151923075,0.12067054082980143,-46.99430495386582,-1.1573229341274334,27.633140361166646,0.6295741068180681,63.35736427248142,0.2719344611720337,-0.4137585302985757,0.00015748,0.38933076520112186,0.00081957,1,0.0
13654,-0.0008496529272754572,0.19847281126676694,-1.54e-06,1.0583465787219872,2.4015336450381217,57.073615784759745,1.0052136313683062,36.81176598336,0.12067054082980143,-65.03744589747171,-1.1573229341274334,1.2029788859387265,0.6295741068180681,-18.82809949442967,0.2719344611720337,1.1859256047694116,0.00015748,5.5973676131499,0.00081957,0,0.0
13655,1.1185882169621815,0.814062158813443,-1.54e-06,1.0583465787219872,2.4015336450381217,73.9957283056287,1.0052136313683062,47.01047449833842,0.12067054082980143,-23.672975589624638,-1.1573229341274334,-90.98988733411915,0.6295741068180681,-28.290263758752836,0.2719344611720337,0.2604962641956021,0.00015748,6.959460120325308,0.00081957,0,0.0
13656,0.00046654133067436376,0.08768846153193838,-1.54e-06,1.0583465787219872,2.4015336450381217,2.9066806541395986,1.0052136313683062,2.037525722946425,0.12067054082980143,-15.20304687336525,-1.1573229341274334,23.715116397404575,0.6295741068180681,0.28656828621163305,0.2719344611720337,0.367809195436195,0.00015748,0.979498096860518,0.00081957,0,0.0
13657,-0.1728318011474319,1.0052980432490073,-1.54e-06,1.0583465787219872,2.4015336450381217,61.83573523274752,1.0052136313683062,40.809957237348996,0.12067054082980143,-95.76887138728122,-1.1573229341274334,47.95575301753821,0.6295741068180681,-18.728226502320297,0.2719344611720337,2.762217418102346,0.00015748,6.194148323595243,0.00081957,0,0.0
13658,0.1674348908605895,0.42201102152873227,-1.54e-06,1.0583465787219872,2.4015336450381217,-17.436427089031618,1.0052136313683062,10.789539281432333,0.12067054082980143,-99.00716771990594,-1.1573229341274334,75.82747818631533,0.6295741068180681,49.66105778340137,0.2719344611720337,0.39589557271567866,0.00015748,1.5636151145906,0.00081957,0,0.0
13659,-1.1699850690065587,3.040670951767276,-1.54e-06,1.0583465787219872,2.4015336450381217,78.79577293423874,1.0052136313683062,17.706144969172676,0.12067054082980143,-23.184901455070687,-1.1573229341274334,53.03390180906472,0.6295741068180681,-71.89114799796835,0.2719344611720337,3.3660833659550553,0.00015748,5.179907565116895,0.00081957,0,0.0
13660,0.5686481841986017,0.09812990936342338,-1.54e-06,1.0583465787219872,2.4015336450381217,7.124583598635692,1.0052136313683062,28.941222551732526,0.12067054082980143,-88.24454315239264,-1.1573229341274334,25.886752138834876,0.6295741068180681,31.8513034201595,0.2719344611720337,0.272599930349527,0.00015748,3.225377457947573,0.00081957,0,0.0
13661,-0.005942828881107198,0.541467325388174,-1.54e-06,1.0583465787219872,2.4015336450381217,0.5933787752389531,1.0052136313683062,7.754826058262668,0.12067054082980143,-58.44007759641369,-1.1573229341274334,78.75019268525836,0.6295741068180681,11.151463700932123,0.2719344611720337,0.8825798891674544,0.00015748,2.590024962613539,0.00081957,0,0.0
13662,4.578678661869621,6.722330929414035,-1.54e-06,1.0583465787219872,2.4015336450381217,-9.555982067029115,1.0052136313683062,58.70601826087872,0.12067054082980143,-99.88998570709526,-1.1573229341274334,-78.5287816215678,0.6295741068180681,94.8669689435428,0.2719344611720337,0.25910836062831777,0.00015748,5.923182154593854,0.00081957,0,0.0
13663,-0.720033442749672,2.0850971267015583,-1.54e-06,1.0583465787219872,2.4015336450381217,58.43238641679199,1.0052136313683062,29.10669645193523,0.12067054082980143,-82.90049194909248,-1.1573229341274334,79.96549555808673,0.6295741068180681,-30.793327420448982,0.2719344611720337,3.579271836595472,0.00015748,5.019678143614348,0.00081957,0,0.0
13664,0.380903769908147,0.13482782396119447,-1.54e-06,1.0583465787219872,2.4015336450381217,-28.93956749811173,1.0052136313683062,4.621960263964057,0.12067054082980143,-67.44903139923387,-1.1573229341274334,52.03522814212131,0.6295741068180681,48.799403841409294,0.2719344611720337,-0.13966916555714623,0.00015748,0.14002325697542736,0.00081957,1,0.0
13665,0.00025256913843990647,0.02228136114537426,-1.54e-06,1.0583465787219872,2.4015336450381217,-1.4769585289945575,1.0052136313683062,4.123566598711632,0.12067054082980143,-26.914822668996784,-1.1573229341274334,26.7503690318031,0.6295741068180681,8.504458168244255,0.2719344611720337,0.4315029953339032,0.00015748,0.602768692240705,0.00081957,0,0.0
13666,-0.294803609968878,1.255893876649385,-1.54e-06,1.0583465787219872,2.4015336450381217,93.75559503547319,1.0052136313683062,41.20437300547694,0.12067054082980143,-44.33362718157759,-1.1573229341274334,-10.758058412775116,0.6295741068180681,-58.063764571146066,0.2719344611720337,2.3864689903041274,0.00015748,7.301986107291727,0.00081957,0,0.0
13667,1.5227540311916095,0.9763469365838076,-1.54e-06,1.0583465787219872,2.4015336450381217,8.760394981682174,1.0052136313683062,15.765285497663257,0.12067054082980143,-0.6527628180180662,-1.1573229341274334,-51.31691403112314,0.6295741068180681,12.048547500376907,0.2719344611720337,0.2867767564237983,0.00015748,1.9476419776200995,0.00081957,0,0.0
13668,0.8019099397197818,8.100623168776494,-1.54e-06,1.0583465787219872,2.4015336450381217,-37.210186836668186,1.0052136313683062,7.731868892399667,0.12067054082980143,-4.916166930861886,-1.1573229341274334,-20.618616054335536,0.6295741068180681,34.24429923061602,0.2719344611720337,-3.563573646103767,0.00015748,0.23474164600698888,0.00081957,1,0.0
13669,-0.5517790685778019,1.7937054621863007,-1.54e-06,1.0583465787219872,2.4015336450381217,69.51147554112444,1.0052136313683062,28.173842353970038,0.12067054082980143,-50.193318366664705,-1.1573229341274334,38.26101865685154,0.6295741068180681,-45.72463760796622,0.2719344611720337,3.069647237810194,0.00015748,5.317509805982787,0.00081957,0,0.0
13670,0.7384469817590484,7.506686157475533,-1.54e-06,1.0583465787219872,2.4015336450381217,-81.83265007320107,1.0052136313683062,-17.635369823247434,0.12067054082980143,-57.71601985909187,-1.1573229341274334,90.40379410566314,0.6295741068180681,83.8344009919597,0.2719344611720337,-3.927523548041762,0.00015748,0.23315286338118546,0.00081957,1,0.0
13671,-0.6259743642678197,1.8965113438139711,-1.54e-06,1.0583465787219872,2.4015336450381217,60.33992246106073,1.0052136313683062,30.260488287117735,0.12067054082980143,-78.91586970332897,-1.1573229341274334,69.13132266446092,0.6295741068180681,-31.585953563815668,0.2719344611720337,3.3990465802958245,0.00015748,5.167013686251135,0.00081957,0,0.0
13672,0.7935158438243959,2.3206782873101144,-1.54e-06,1.0583465787219872,2.4015336450381217,71.810942425843,1.0052136313683062,58.63809524751536,0.12067054082980143,-38.14877453098224,-1.1573229341274334,-74.86344632263881,0.6295741068180681,-32.92618698020635,0.2719344611720337,0.2822385967655885,0.00015748,6.614248079551286,0.00081957,0,0.0
13673,-0.4062970913469286,1.578114698973002,-1.54e-06,1.0583465787219872,2.4015336450381217,82.31771061520242,1.0052136313683062,30.376538331221987,0.12067054082980143,-29.28493827584493,-1.1573229341274334,4.187367420706893,0.6295741068180681,-58.42841643165609,0.2719344611720337,2.719277842352573,0.00015748,5.963004779104244,0.00081957,0,0.0
13674,0.0014949395513856878,0.0980207687746598,-1.54e-06,1.0583465787219872,2.4015336450381217,-8.778889325146263,1.0052136313683062,5.192612215366204,0.12067054082980143,-51.47363688880115,-1.1573229341274334,59.691277227873584,0.6295741068180681,19.542524732641407,0.2719344611720337,0.33618773711964867,0.00015748,1.31226564044792,0.00081957,0,0.0
13675,0.27017169495052196,0.06111215238539402,-1.54e-06,1.0583465787219872,2.4015336450381217,48.493282245036625,1.0052136313683062,44.1113272676914,0.12067054082980143,-86.97051487236435,-1.1573229341274334,-6.341083446432902,0.6295741068180681,0.562971366632262,0.2719344611720337,0.26286484050252445,0.00015748,5.948262013727817,0.00081957,0,0.0
13676,0.8949934395920427,4.868736575045714,-1.54e-06,1.0583465787219872,2.4015336450381217,-66.78100462996244,1.0052136313683062,-13.203890317755219,0.12067054082980143,-63.66123957206877,-1.1573229341274334,78.45995446981962,0.6295741068180681,79.96747822799492,0.2719344611720337,-2.3142991000643987,0.00015748,0.23638823290485567,0.00081957,1,0.0
13677,0.28042580120771476,0.02290553493554095,-1.54e-06,1.0583465787219872,2.4015336450381217,-8.87955592286333,1.0052136313683062,16.442759250867894,0.12067054082980143,-78.34996239289987,-1.1573229341274334,47.15040526115242,0.6295741068180681,35.57465628743802,0.2719344611720337,0.2975556495252636,0.00015748,1.5809643484832734,0.00081957,0,0.0
13678,2.322094298703526,2.105511327458053,-1.54e-06,1.0583465787219872,2.4015336450381217,-22.127680431432278,1.0052136313683062,10.309577154508196,0.12067054082980143,-0.017494347112180786,-1.1573229341274334,-63.779724727534436,0.6295741068180681,45.629226053002164,0.2719344611720337,-0.6808377044035494,0.00015748,0.683628127143781,0.00081957,1,0.0
13679,0.002710724314496815,0.06091087572547308,-1.54e-06,1.0583465787219872,2.4015336450381217,59.20337436104897,1.0052136313683062,27.397725600197113,0.12067054082980143,-10.525395971528189,-1.1573229341274334,-46.70909071524917,0.6295741068180681,-36.46070571270738,0.2719344611720337,0.26447797389038863,0.00015748,4.58420513587463,0.00081957,0,0.0
13680,-0.003808592598602889,0.48331748837916916,-1.54e-06,1.0583465787219872,2.4015336450381217,74.46005248619355,1.0052136313683062,38.93696345528881,0.12067054082980143,-52.16100288381453,-1.1573229341274334,-11.161160861478088,0.6295741068180681,-36.38433575390218,0.2719344611720337,1.6953392206574227,0.00015748,6.481488065488633,0.00081957,0,0.0
13681,0.5116188672840414,0.11555810933604557,-1.54e-06,1.0583465787219872,2.4015336450381217,11.720379225629165,1.0052136313683062,21.51733048225498,0.12067054082980143,-52.06951892393937,-1.1573229341274334,4.323676925095163,0.6295741068180681,15.605969520906731,0.2719344611720337,0.2768669629963365,0.00015748,2.5756309508695736,0.00081957,0,0.0
13682,-0.5839267344785251,1.9110323606698878,-1.54e-06,1.0583465787219872,2.4015336450381217,80.43976656160766,1.0052136313683062,44.33978413838231,0.12067054082980143,-100.0,-1.1573229341274334,59.739058265567316,0.6295741068180681,-37.105901456024284,0.2719344611720337,3.48305054666099,0.00015748,7.16348900728529,0.00081957,0,0.0
13683,-0.6767715465503747,1.9863493475051355,-1.54e-06,1.0583465787219872,2.4015336450381217,85.6470139107482,1.0052136313683062,42.687248861512565,0.12067054082980143,-83.24392858356181,-1.1573229341274334,45.56904796258383,0.6295741068180681,-47.27132014037786,0.2719344611720337,3.31630268193507,0.00015748,7.063161302463367,0.00081957,0,0.0
13684,-0.20160906260935363,1.0240575628873676,-1.54e-06,1.0583465787219872,2.4015336450381217,79.47391898513513,1.0052136313683062,30.30790533782473,0.12067054082980143,-18.27462504179007,-1.1573229341274334,-18.167278743779505,0.6295741068180681,-55.844142867686436,0.2719344611720337,2.113787877353446,0.00015748,5.745559834025944,0.00081957,0,0.0
13685,0.6840459295708401,0.32275605325740875,-1.54e-06,1.0583465787219872,2.4015336450381217,44.76378440704034,1.0052136313683062,31.05547972844934,0.12067054082980143,-25.27808974315794,-1.1573229341274334,-47.753443083643546,0.6295741068180681,-13.62642583494171,0.2719344611720337,0.26565571708526114,0.00015748,4.4616506977159744,0.00081957,0,0.0
13686,1.8860012939821822,13.049292972550928,-1.54e-06,1.0583465787219872,2.4015336450381217,35.54181135308329,1.0052136313683062,9.65588514020389,0.12067054082980143,-66.45859619333257,-1.1573229341274334,7.0953656437014745,0.6295741068180681,30.420577479162063,0.2719344611720337,0.26950057479743705,0.00015748,8.63079417912203,0.00081957,0,0.0
13687,0.003916925501711077,0.12189728986887037,-1.54e-06,1.0583465787219872,2.4015336450381217,-3.334869774722478,1.0052136313683062,11.187744867717706,0.12067054082980143,-66.31727887996782,-1.1573229341274334,64.44090544731162,0.6295741068180681,20.47896446489534,0.2719344611720337,1.0083040099265452,0.00015748,1.5171927940490897,0.00081957,0,0.0
13688,-0.9041148156060803,2.8521398000081652,-1.54e-06,1.0583465787219872,2.4015336450381217,95.91849640921453,1.0052136313683062,50.57759423400421,0.12067054082980143,-92.77293404122406,-1.1573229341274334,57.44325961915383,0.6295741068180681,-58.304619018009525,0.2719344611720337,4.087111889586684,0.00015748,7.438386790072206,0.00081957,0,0.0
13689,-0.0022682679705394726,0.3466860384737802,-1.54e-06,1.0583465787219872,2.4015336450381217,50.876953721737756,1.0052136313683062,34.768554816829145,0.12067054082980143,-72.67887576192159,-1.1573229341274334,21.411516041572778,0.6295741068180681,-14.03218482129798,0.2719344611720337,1.7353256382401276,0.00015748,5.1882689623464495,0.00081957,0,0.0
13690,-0.0004700492011546764,0.377981968673601,-1.54e-06,1.0583465787219872,2.4015336450381217,18.587541235437183,1.0052136313683062,10.725441783759583,0.12067054082980143,-31.112157575343343,-1.1573229341274334,34.48229327352245,0.6295741068180681,-8.0769541084656,0.2719344611720337,1.6431535511663742,0.00015748,1.964811672396412,0.00081957,0,0.0
13691,0.001994791056572298,0.00010342164531333476,-1.54e-06,1.0583465787219872,2.4015336450381217,-9.25021750185989,1.0052136313683062,13.377187896253224,0.12067054082980143,-74.53948245910729,-1.1573229341274334,55.65617929728887,0.6295741068180681,30.5200804867918,0.2719344611720337,0.3230456378737777,0.00015748,1.227399828469065,0.00081957,0,0.0
13692,0.00435522863562432,1.252992025006196e-05,-1.54e-06,1.0583465787219872,2.4015336450381217,2.6247095340702282,1.0052136313683062,18.809966882638818,0.12067054082980143,-74.61226517261524,-1.1573229341274334,41.72288888896035,0.6295741068180681,23.17609964289437,0.2719344611720337,0.2934281317384797,0.00015748,2.0426374012809987,0.00081957,0,0.0
13693,-0.07067198694164212,0.8051487138454939,-1.54e-06,1.0583465787219872,2.4015336450381217,63.413354885574144,1.0052136313683062,36.28434968466287,0.12067054082980143,-66.51254613943325,-1.1573229341274334,21.792586486919014,0.6295741068180681,-27.78843453340422,0.2719344611720337,2.4279891834172025,0.00015748,5.737529527703999,0.00081957,0,0.0
13694,1.84053895036613,1.0060974482177012,-1.54e-06,1.0583465787219872,2.4015336450381217,-29.48730975657859,1.0052136313683062,6.703379112977806,0.12067054082980143,-24.787837483491,-1.1573229341274334,-20.321097299279803,0.6295741068180681,52.78210799863268,0.2719344611720337,-0.2969278701563403,0.00015748,0.2961192373526487,0.00081957,1,0.0
13695,3.1553053607611927,3.511243526960752,-1.54e-06,1.0583465787219872,2.4015336450381217,-10.88692619008638,1.0052136313683062,21.214669060027166,0.12067054082980143,-9.217962141280976,-1.1573229341274334,-78.5529123808727,0.6295741068180681,48.76924594561088,0.2719344611720337,0.2834516494875877,0.00015748,2.242356604660667,0.00081957,0,0.0
13696,0.00018210525290474067,0.005924467613639457,-1.54e-06,1.0583465787219872,2.4015336450381217,46.93262367213848,1.0052136313683062,42.188264275425055,0.12067054082980143,-92.42094586119428,-1.1573229341274334,6.831117295299672,0.6295741068180681,0.3876553051825074,0.2719344611720337,0.2614875335189333,0.00015748,5.74506256320989,0.00081957,0,0.0
13697,1.8338823286133232,1.5179226477668855,-1.54e-06,1.0583465787219872,2.4015336450381217,67.82712887806126,1.0052136313683062,59.786726193423526,0.12067054082980143,-62.55968671108803,-1.1573229341274334,-87.96369115517167,0.6295741068180681,-1.8420902389134168,0.2719344611720337,0.26022710762325074,0.00015748,8.127933083164315,0.00081957,0,0.0
13698,1.6326182222277126,0.7927806601956882,-1.54e-06,1.0583465787219872,2.4015336450381217,-26.20216280665727,1.0052136313683062,21.760317673921485,0.12067054082980143,-92.19548114660267,-1.1573229341274334,29.36155616943327,0.6295741068180681,69.24587490157256,0.2719344611720337,0.2904342037092028,0.00015748,1.9380991052309424,0.00081957,0,0.0
13699,-0.23476180591815066,1.1755567227791999,-1.54e-06,1.0583465787219872,2.4015336450381217,85.2657255978792,1.0052136313683062,43.86737724132543,0.12067054082980143,-65.67627095365015,-1.1573229341274334,8.677474082419467,0.6295741068180681,-45.26160733964747,0.2719344611720337,2.5943367893985396,0.00015748,7.1430883813186,0.00081957,0,0.0
13700,1.462689283091711,0.5292769904390573,-1.54e-06,1.533404924095422,2.6690625682759963,-68.0709984355072,1.0052136313683062,2.3658052150001416,0.12067054082980143,-49.65647695562384,-1.1573229341274334,14.67707389401076,0.6295741068180681,85.44809230231148,0.2719344611720337,-0.10341132661692738,0.00015748,0.0924919467223397,0.00081957,1,0.0
13701,0.9030245240041201,0.18658930645697103,-1.54e-06,1.533404924095422,2.6690625682759963,-42.470279650496025,1.0052136313683062,1.8104224820473793,0.12067054082980143,-34.01601330614871,-1.1573229341274334,10.757557487247102,0.6295741068180681,54.63135518122152,0.2719344611720337,-0.0343879179451594,0.00015748,0.034313583030160896,0.00081957,1,0.0
13702,0.174276103073159,0.05747737927364795,-1.54e-06,1.533404924095422,2.6690625682759963,-47.652446625584716,1.0052136313683062,1.25550661870798,0.12067054082980143,-72.68404851405784,-1.1573229341274334,74.73540981017528,0.6295741068180681,58.47559580785856,0.2719344611720337,-0.10149624704332882,0.00015748,0.10176437784320921,0.00081957,1,0.0
13703,0.8835557179853903,0.29894570821949845,-1.54e-06,1.533404924095422,2.6690625682759963,52.93819126210401,1.0052136313683062,34.318169756400906,0.12067054082980143,-94.48903535820556,-1.1573229341274334,-19.389087192715486,0.6295741068180681,23.805026749441193,0.2719344611720337,0.2848254324710545,0.00015748,2.0921451394338715,0.00081957,0,0.0
13704,0.04991988821577931,0.014359790630633189,-1.54e-06,1.533404924095422,2.6690625682759963,0.620447003912181,1.0052136313683062,10.729634096640051,0.12067054082980143,-70.25291101237973,-1.1573229341274334,53.564237650983,0.6295741068180681,25.980033550161902,0.2719344611720337,0.4201354270097799,0.00015748,0.6199078201027453,0.00081957,0,0.0
13705,0.3504401765501889,0.08518187048208825,-1.54e-06,1.533404924095422,2.6690625682759963,-2.949974822398193,1.0052136313683062,9.825299947278294,0.12067054082980143,-57.54630709450135,-1.1573229341274334,35.34672139136639,0.6295741068180681,28.669367955976252,0.2719344611720337,0.44350462643851657,0.00015748,0.5698733479775472,0.00081957,0,0.0
13706,1.0212603636329947,0.44452611050040314,-1.54e-06,1.533404924095422,2.6690625682759963,29.89357907789627,1.0052136313683062,15.7749109545148,0.12067054082980143,-14.249939748653226,-1.1573229341274334,-52.3874074893645,0.6295741068180681,7.285347964374309,0.2719344611720337,0.3294476395431222,0.00015748,1.034333334598334,0.00081957,0,0.0
13707,0.5205863331365874,0.10247137115077112,-1.54e-06,1.533404924095422,2.6690625682759963,15.422066473398193,1.0052136313683062,20.972295947474535,0.12067054082980143,-87.05882221178882,-1.1573229341274334,24.701605225561003,0.6295741068180681,34.47686771602447,0.2719344611720337,0.31571791174305935,0.00015748,1.2293804083426392,0.00081957,0,0.0
13708,-0.15157593310741246,1.160254352565539,-1.54e-06,1.533404924095422,2.6690625682759963,76.37666189324187,1.0052136313683062,10.72708425319109,0.12067054082980143,-29.442607951620605,-1.1573229341274334,63.520278652910555,0.6295741068180681,-48.12750855166807,0.2719344611720337,1.1174794077241095,0.00015748,2.719211881695736,0.00081957,0,0.0
13709,-0.009198045185218273,0.8740805708458573,-1.54e-06,1.533404924095422,2.6690625682759963,96.19195771327531,1.0052136313683062,26.34979826216987,0.12067054082980143,-94.01635576459833,-1.1573229341274334,75.47507096880527,0.6295741068180681,-28.478367245605977,0.2719344611720337,2.046221217099754,0.00015748,2.6857941361898203,0.00081957,0,0.0
13710,1.1476093177435427,0.28675889605709176,-1.54e-06,1.533404924095422,2.6690625682759963,-36.009313681893275,1.0052136313683062,3.610613103451116,0.12067054082980143,-20.305580707820997,-1.1573229341274334,-18.1443551036247,0.6295741068180681,50.68593811025178,0.2719344611720337,-0.08551881166900095,0.00015748,0.0839641012873394,0.00081957,1,0.0
13711,0.4492040016167289,0.1459526469070662,-1.54e-06,1.533404924095422,2.6690625682759963,98.96324427575841,1.0052136313683062,38.457758244252574,0.12067054082980143,-85.26843946231527,-1.1573229341274334,-38.15809288927674,0.6295741068180681,-11.675273176750233,0.2719344611720337,0.2814388572561164,0.00015748,2.6291291849126432,0.00081957,0,0.0
13712,0.0017238716788969821,0.010393833779550665,-1.54e-06,1.533404924095422,2.6690625682759963,46.13366903339832,1.0052136313683062,19.901930860818815,0.12067054082980143,-67.91955739351636,-1.1573229341274334,15.510290715441624,0.6295741068180681,1.1655284398477963,0.2719344611720337,0.3091561983334671,0.00015748,1.3717204980562743,0.00081957,0,0.0
13713,0.5686163203975579,0.2360059847826082,-1.54e-06,1.533404924095422,2.6690625682759963,-56.8067180702266,1.0052136313683062,-1.3458112608574562,0.12067054082980143,-57.32642204817946,-1.1573229341274334,59.486771200736506,0.6295741068180681,64.39703280596046,0.2719344611720337,-0.23254389809987092,0.00015748,0.2362013330303458,0.00081957,1,0.0
13714,0.33402928801991993,0.7664971261287081,-1.54e-06,1.533404924095422,2.6690625682759963,-60.082626198355456,1.0052136313683062,-8.093091351365366,0.12067054082980143,-43.8155660588065,-1.1573229341274334,77.49017825796378,0.6295741068180681,55.124193478008124,0.2719344611720337,-0.5498985332598803,0.00015748,0.5495105850046704,0.00081957,1,0.0
13715,0.4002767577415227,1.8972981903858885,-1.54e-06,1.533404924095422,2.6690625682759963,-75.47606090425828,1.0052136313683062,-12.499246978574996,0.12067054082980143,-6.488934118213583,-1.1573229341274334,47.97868320287045,0.6295741068180681,48.897535609239924,0.2719344611720337,-1.1310264268450518,0.00015748,0.1994275141577495,0.00081957,1,0.0
13716,2.6902627518849638,2.0453370486253672,-1.54e-06,1.533404924095422,2.6690625682759963,-18.124805069544088,1.0052136313683062,24.726779289726785,0.12067054082980143,-58.859318573161275,-1.1573229341274334,-70.34192695457983,0.6295741068180681,83.58127606291252,0.2719344611720337,0.3083290822892577,0.00015748,1.3421488879359038,0.00081957,0,0.0
13717,-0.00523154605223719,0.799983437449362,-1.54e-06,1.533404924095422,2.6690625682759963,81.27997760574213,1.0052136313683062,21.544262794676204,0.12067054082980143,-80.12991008495526,-1.1573229341274334,74.90555672018085,0.6295741068180681,-25.828573719071475,0.2719344611720337,1.732118622045269,0.00015748,2.5337134074820855,0.00081957,0,0.0
13718,-0.0043772903401255725,0.5013801007523122,-1.54e-06,1.533404924095422,2.6690625682759963,63.81738688344128,1.0052136313683062,22.382983184741395,0.12067054082980143,-98.94546896528388,-1.1573229341274334,83.47859976900595,0.6295741068180681,-6.3323443569967965,0.2719344611720337,1.6641076583539482,0.00015748,2.0977684926609177,0.00081957,0,0.0
13719,1.147555258531198,0.4292579805383694,-1.54e-06,1.533404924095422,2.6690625682759963,-52.10551290326032,1.0052136313683062,-0.5645067873457944,0.12067054082980143,-26.100343353346194,-1.1573229341274334,7.427891730360682,0.6295741068180681,60.62432045546535,0.2719344611720337,-0.17852553870229454,0.00015748,0.1785185234987045,0.00081957,1,0.0
13720,-0.001641176486164797,0.36326145445624286,-1.54e-06,1.533404924095422,2.6690625682759963,75.6298942222942,1.0052136313683062,21.406273611519197,0.12067054082980143,-65.94476719859871,-1.1573229341274334,39.83014897731013,0.6295741068180681,-23.61466924576062,0.2719344611720337,1.5163556460600685,0.00015748,1.7934708249437485,0.00081957,0,0.0
13721,0.62474176794689,1.0171596855814595,-1.54e-06,1.533404924095422,2.6690625682759963,-65.49878049066128,1.0052136313683062,-8.388901136152702,0.12067054082980143,-33.51395796939649,-1.1573229341274334,61.72277025032353,0.6295741068180681,59.00437493383604,0.2719344611720337,-0.6134465696922418,0.00015748,0.5589017835450976,0.00081957,1,0.0
13722,0.12190913862091202,0.0329950813849951,-1.54e-06,1.533404924095422,2.6690625682759963,20.638202508435008,1.0052136313683062,11.37072300420004,0.12067054082980143,-43.34061431558137,-1.1573229341274334,17.15367331894392,0.6295741068180681,6.3189743991389715,0.2719344611720337,0.38384767184251467,0.00015748,0.7429841024280207,0.00081957,0,0.0
13723,0.00031127418782272986,0.02158164030771695,-1.54e-06,1.533404924095422,2.6690625682759963,15.500235021333078,1.0052136313683062,8.010351292097068,0.12067054082980143,-37.98665619367789,-1.1573229341274334,26.997335528131053,0.6295741068180681,4.158325958855605,0.2719344611720337,0.46604868615756556,0.00015748,0.5444578742122071,0.00081957,0,0.0
13724,0.001862302807496656,0.0541982287267229,-1.54e-06,1.533404924095422,2.6690625682759963,-31.362686334556003,1.0052136313683062,-0.13662747061376318,0.12067054082980143,-47.18255025376718,-1.1573229341274334,56.685573109174044,0.6295741068180681,35.35331968280775,0.2719344611720337,-0.13605109703842239,0.00015748,0.14190261296288376,0.00081957,1,0.0
13725,0.7527089851248268,0.13181299001822452,-1.54e-06,1.533404924095422,2.6690625682759963,-18.41734803131131,1.0052136313683062,3.284955749462921,0.12067054082980143,-8.276502393940582,-1.1573229341274334,-20.75029081899702,0.6295741068180681,28.29980081378367,0.2719344611720337,-0.10416705695934746,0.00015748,0.10614171230673762,0.00081957,1,0.0
13726,0.004169213968314572,0.18852837948821066,-1.54e-06,1.533404924095422,2.6690625682759963,17.25920212047818,1.0052136313683062,2.0271000793529574,0.12067054082980143,-12.36588199850532,-1.1573229341274334,25.840777427159967,0.6295741068180681,-8.792602754756212,0.2719344611720337,0.28060301726496256,0.00015748,0.8854536566745721,0.00081957,0,0.0
13727,0.6231144925879903,0.08511469999227736,-1.54e-06,1.533404924095422,2.6690625682759963,-22.21512472470379,1.0052136313683062,3.461126183566835,0.12067054082980143,-21.294053043412028,-1.1573229341274334,-3.8651804195926687,0.6295741068180681,33.17635497503976,0.2719344611720337,-0.1049549514100806,0.00015748,0.1050295493101619,0.00081957,1,0.0
13728,1.952074602691586,1.12118187192152,-1.54e-06,1.533404924095422,2.6690625682759963,-30.45691610026919,1.0052136313683062,11.694970995536385,0.12067054082980143,-10.93669579241126,-1.1573229341274334,-82.05249269460461,0.6295741068180681,61.18663152186688,0.2719344611720337,-0.4911577173584463,0.00015748,0.49254309107934185,0.00081957,1,0.0
13729,0.7879426504337967,0.13327606796095898,-1.54e-06,1.533404924095422,2.6690625682759963,-62.181456861888364,1.0052136313683062,5.542285618270278,0.12067054082980143,-88.05374614050632,-1.1573229341274334,58.88754451850815,0.6295741068180681,85.6693071484479,0.2719344611720337,-0.11099027099561978,0.00015748,0.11146777219786277,0.00081957,1,0.0
13730,0.20528957117003044,0.11865264851075649,-1.54e-06,1.533404924095422,2.6690625682759963,19.84848765401825,1.0052136313683062,16.823158234131554,0.12067054082980143,-96.42986158393641,-1.1573229341274334,47.609958181268546,0.6295741068180681,33.16458357245222,0.2719344611720337,0.3067625528429717,0.00015748,1.3557670261248749,0.00081957,0,0.0
13731,0.004015394163388475,0.01860200939603912,-1.54e-06,1.533404924095422,2.6690625682759963,87.06174929847076,1.0052136313683062,30.53849277135903,0.12067054082980143,-78.93789625182546,-1.1573229341274334,-10.05276167418325,0.6295741068180681,-15.783843456448363,0.2719344611720337,0.2826934543072166,0.00015748,2.1917960558462353,0.00081957,0,0.0
13732,2.394659285334476,1.3438245351926186,-1.54e-06,1.533404924095422,2.6690625682759963,-57.78175986157616,1.0052136313683062,4.9911826563478074,0.12067054082980143,-3.8401498964910803,-1.1573229341274334,-71.56309510088256,0.6295741068180681,80.50576031196191,0.2719344611720337,-0.1067417917604422,0.00015748,0.10463196087993566,0.00081957,1,0.0
13733,0.21873156943480343,0.030935804487874308,-1.54e-06,1.533404924095422,2.6690625682759963,3.981708785195458,1.0052136313683062,14.561441449302357,0.12067054082980143,-80.28174928475443,-1.1573229341274334,46.025338332475336,0.6295741068180681,32.040308235755944,0.2719344611720337,0.35836378151399406,0.00015748,0.8395668575236727,0.00081957,0,0.0
13734,1.3383606897680935,0.5557032516215152,-1.54e-06,1.533404924095422,2.6690625682759963,-29.825705855567413,1.0052136313683062,9.704385201223308,0.12067054082980143,-28.897581767850532,-1.1573229341274334,-38.63225133728235,0.6295741068180681,55.62651628495132,0.2719344611720337,-0.3891602155049676,0.00015748,0.3889167161866425,0.00081957,1,0.0
13735,0.5483308926139159,0.13971180016906645,-1.54e-06,1.533404924095422,2.6690625682759963,15.440980113805388,1.0052136313683062,14.911394338817768,0.12067054082980143,-52.640645485122135,-1.1573229341274334,4.624589761041546,0.6295741068180681,21.52549713281366,0.2719344611720337,0.34223783757660253,0.00015748,0.9292209718168091,0.00081957,0,0.0
13736,2.4161279063305736,1.500889124173483,-1.54e-06,1.533404924095422,2.6690625682759963,-61.02694462885007,1.0052136313683062,14.820500019610074,0.12067054082980143,-46.25377898876583,-1.1573229341274334,-60.49542545109484,0.6295741068180681,100.0,0.2719344611720337,-0.5229060986777491,0.00015748,0.5215505219595219,0.00081957,1,0.0
13737,-0.00033968661195027394,0.1935545965914055,-1.54e-06,1.533404924095422,2.6690625682759963,84.04732278453099,1.0052136313683062,17.971311465247133,0.12067054082980143,-24.504117239733077,-1.1573229341274334,-11.827833194168138,0.6295741068180681,-40.50495440130491,0.2719344611720337,0.9580120048438435,0.00015748,1.6173367925144895,0.00081957,0,0.0
13738,2.4360393763214594,1.520466383007994,-1.54e-06,1.533404924095422,2.6690625682759963,-54.932162312398866,1.0052136313683062,13.162196697957688,0.12067054082980143,-34.22605223294271,-1.1573229341274334,-72.99093842197217,0.6295741068180681,93.63359688581757,0.2719344611720337,-0.50693353437401,0.00015748,0.5010504041000465,0.00081957,1,0.0
13739,1.692846444945971,0.9692501711403453,-1.54e-06,1.533404924095422,2.6690625682759963,39.400977420689244,1.0052136313683062,27.652831261987878,0.12067054082980143,-44.5293239866017,-1.1573229341274334,-75.63183250581393,0.6295741068180681,28.011129840372355,0.2719344611720337,0.2895777019337603,0.00015748,1.7711173979464943,0.00081957,0,0.0
13740,0.43924707776843797,0.04088084642781964,-1.54e-06,1.533404924095422,2.6690625682759963,-22.502267641060598,1.0052136313683062,2.901698499975661,0.12067054082980143,-28.293022785564595,-1.1573229341274334,10.281080195305712,0.6295741068180681,32.60628518004068,0.2719344611720337,-0.07953694173087894,0.00015748,0.07996892913203912,0.00081957,1,0.0
13741,0.046779193960614696,0.48754805319261163,-1.54e-06,1.533404924095422,2.6690625682759963,-40.343837053446705,1.0052136313683062,-6.956234886301578,0.12067054082980143,-28.785080402486805,-1.1573229341274334,63.67358665870641,0.6295741068180681,32.43716444428049,0.2719344611720337,-0.46672399770617035,0.00015748,0.4686274066441536,0.00081957,1,0.0
13742,0.002617930784818756,0.013799934498607173,-1.54e-06,1.533404924095422,2.6690625682759963,13.599478638007737,1.0052136313683062,9.901352040099152,0.12067054082980143,-50.14838639499022,-1.1573229341274334,33.498281829798245,0.6295741068180681,10.30528326731601,0.2719344611720337,0.4164356852806446,0.00015748,0.6278205415786638,0.00081957,0,0.0
13743,0.4599772722096107,0.12729394536625532,-1.54e-06,1.533404924095422,2.6690625682759963,93.08997502965138,1.0052136313683062,38.789801183279266,0.12067054082980143,-99.57361647021231,-1.1573229341274334,-25.19710649658197,0.6295741068180681,-1.8406248937362408,0.2719344611720337,0.2754991152940933,0.00015748,2.6750188063639535,0.00081957,0,0.0
13744,1.0028451906499738,0.3848432276998867,-1.54e-06,1.533404924095422,2.6690625682759963,38.93643271108039,1.0052136313683062,24.026874080311995,0.12067054082980143,-53.2094236524416,-1.1573229341274334,-36.85287548195177,0.6295741068180681,18.077460684842606,0.2719344611720337,0.29880229903859246,0.00015748,1.5387406494425204,0.00081957,0,0.0
13745,0.5033459870580974,0.2228996232377924,-1.54e-06,1.533404924095422,2.6690625682759963,59.29861703496411,1.0052136313683062,36.07324833891448,0.12067054082980143,-99.64845460547329,-1.1573229341274334,-3.633851288695047,0.6295741068180681,12.57805112479484,0.2719344611720337,0.2875533074803007,0.00015748,2.09005850785114,0.00081957,0,0.0
13746,-0.007508765094883074,0.6651956527612897,-1.54e-06,1.533404924095422,2.6690625682759963,94.34565966273689,1.0052136313683062,25.902526718475883,0.12067054082980143,-86.51159371493732,-1.1573229341274334,59.66656933181846,0.6295741068180681,-28.220564946737447,0.2719344611720337,1.918969604667416,0.00015748,2.409767249734141,0.00081957,0,0.0
13747,0.30284333690768983,0.0789855701007463,-1.54e-06,1.533404924095422,2.6690625682759963,38.78986801780281,1.0052136313683062,15.83544556362482,0.12067054082980143,-38.53792353449663,-1.1573229341274334,-10.071952181906196,0.6295741068180681,-1.1436885432555304,0.2719344611720337,0.32318230611380017,0.00015748,1.1065923437431344,0.00081957,0,0.0
13748,0.6272936425421507,0.3817748979725823,-1.54e-06,1.533404924095422,2.6690625682759963,99.96697417850933,1.0052136313683062,31.46531337271508,0.12067054082980143,-17.805971344731635,-1.1573229341274334,-88.9851472806631,0.6295741068180681,-38.17792291471776,0.2719344611720337,0.2825515257242921,0.00015748,2.0849757231336516,0.00081957,0,0.0
13749,2.2189498673602293,1.5499441468352173,-1.54e-06,1.533404924095422,2.6690625682759963,11.761323754118072,1.0052136313683062,22.35105886512555,0.12067054082980143,-26.704584913529665,-1.1573229341274334,-89.41657723875379,0.6295741068180681,45.821846134418855,0.2719344611720337,0.3058587804696513,0.00015748,1.36007397190951,0.00081957,0,0.0
13750,-8.862490416716717e-05,0.141022686694876,-1.54e-06,1.533404924095422,2.6690625682759963,32.50521595053909,1.0052136313683062,14.020667422878049,0.12067054082980143,-56.59617690376653,-1.1573229341274334,45.73700994295011,0.6295741068180681,-2.454984020706266,0.2719344611720337,0.8750680964075521,0.00015748,1.108497713228036,0.00081957,0,0.0
13751,-8.998359977208104e-05,0.019063926531415275,-1.54e-06,1.533404924095422,2.6690625682759963,32.603496269635045,1.0052136313683062,14.020985351185395,0.12067054082980143,-53.32958192446097,-1.1573229341274334,21.395859408071825,0.6295741068180681,1.9325230178153094,0.2719344611720337,0.41038516179814033,0.00015748,0.9956490523629581,0.00081957,0,0.0
13752,0.00044584709618522567,0.012953102681366666,-1.54e-06,1.533404924095422,2.6690625682759963,55.87690947660135,1.0052136313683062,26.832206946223632,0.12067054082980143,-99.3539904927017,-1.1573229341274334,29.39096261739045,0.6295741068180681,8.160515251731315,0.2719344611720337,0.392736922727273,0.00015748,1.8107642843471745,0.00081957,0,0.0
13753,0.6552315239057223,0.08747835998594966,-1.54e-06,1.533404924095422,2.6690625682759963,-28.857584502889427,1.0052136313683062,3.1164440433706804,0.12067054082980143,-29.757230887304228,-1.1573229341274334,5.784210668071522,0.6295741068180681,40.997760260515285,0.2719344611720337,-0.07774433442677604,0.00015748,0.07717557380911379,0.00081957,1,0.0
13754,0.22035112279320418,0.04807784325986834,-1.54e-06,1.533404924095422,2.6690625682759963,-50.71208642698024,1.0052136313683062,4.042798599325491,0.12067054082980143,-86.96519846464348,-1.1573229341274334,78.94824384108486,0.6295741068180681,67.04068029163591,0.2719344611720337,-0.09314483071787864,0.00015748,0.09342281573292525,0.00081957,1,0.0
13755,1.750586790652858,0.9237471770327211,-1.54e-06,1.533404924095422,2.6690625682759963,36.72525156413135,1.0052136313683062,35.68987130860965,0.12067054082980143,-94.44383061128467,-1.1573229341274334,-47.647233160755924,0.6295741068180681,50.711042598791614,0.2719344611720337,0.2826952674127965,0.00015748,2.2002725027255927,0.00081957,0,0.0
13756,0.0009761190674866249,0.04082385358234855,-1.54e-06,1.533404924095422,2.6690625682759963,78.16786877358439,1.0052136313683062,17.08291111520688,0.12067054082980143,-11.568247261692346,-1.1573229341274334,-40.26127632963967,0.6295741068180681,-38.2775658044151,0.2719344611720337,0.30401715410622043,0.00015748,1.451646579269876,0.00081957,0,0.0
13757,0.0001699948968514331,0.04165915011267412,-1.54e-06,1.533404924095422,2.6690625682759963,73.41924000026107,1.0052136313683062,15.04577038718986,0.12067054082980143,-5.526550649630806,-1.1573229341274334,-39.840581895239964,0.6295741068180681,-38.273089498333235,0.2719344611720337,0.3088194911029394,0.00015748,1.3162203371727097,0.00081957,0,0.0
13758,0.004994304680933315,0.026051439039145922,-1.54e-06,1.533404924095422,2.6690625682759963,20.835117219062372,1.0052136313683062,7.59889994888443,0.12067054082980143,-28.38831469252571,-1.1573229341274334,16.903945550046764,0.6295741068180681,-2.3418751728943277,0.2719344611720337,0.45066764734805165,0.00015748,0.5619185430340013,0.00081957,0,0.0
13759,0.4996286221836349,0.19665648674720376,-1.54e-06,1.533404924095422,2.6690625682759963,-11.724170980910742,1.0052136313683062,6.9980464442684385,0.12067054082980143,-60.819893865690496,-1.1573229341274334,41.82878031712453,0.6295741068180681,39.083079243653756,0.2719344611720337,0.40662239684750867,0.00015748,0.64635431636369,0.00081957,0,0.0
13760,-0.034369900769153694,2.0657892380656246,-1.54e-06,1.533404924095422,2.6690625682759963,-1.5461154364495668,1.0052136313683062,-8.155788920617164,0.12067054082980143,-15.723093328021266,-1.1573229341274334,82.8387547443218,0.6295741068180681,-1.8590238720080554,0.2719344611720337,-0.16772688323963736,0.00015748,1.915465919345841,0.00081957,1,0.0
13761,1.27530008457535,0.6537108675840035,-1.54e-06,1.533404924095422,2.6690625682759963,41.4757303533439,1.0052136313683062,23.64078144638787,0.12067054082980143,-56.62729574496378,-1.1573229341274334,-45.326957331762436,0.6295741068180681,26.194764162519032,0.2719344611720337,0.28928017030647313,0.00015748,1.8164728137849395,0.00081957,0,0.0
13762,-1.392944964129228e-05,0.010132802946795715,-1.54e-06,1.533404924095422,2.6690625682759963,69.37777434878869,1.0052136313683062,28.84426289343163,0.12067054082980143,-90.92033605744683,-1.1573229341274334,10.344089380408064,0.6295741068180681,-1.8416098187742604,0.2719344611720337,0.28716398353970174,0.00015748,1.9832088467477251,0.00081957,0,0.0
13763,0.529908407807399,0.808663997050433,-1.54e-06,1.533404924095422,2.6690625682759963,-47.24758058455883,1.0052136313683062,-8.488228021916722,0.12067054082980143,-10.84460406127292,-1.1573229341274334,38.09879735266254,0.6295741068180681,38.257678805798854,0.2719344611720337,-0.5461595278659015,0.00015748,0.5391362412790819,0.00081957,1,0.0
13764,-0.0002842885191084721,0.0730095011114952,-1.54e-06,1.533404924095422,2.6690625682759963,0.4891889441211729,1.0052136313683062,2.490451957464654,0.12067054082980143,-14.078870380268521,-1.1573229341274334,8.674998375374114,0.6295741068180681,5.067273770081445,0.2719344611720337,0.023694512393177505,0.00015748,0.1338014915402458,0.00081957,0,0.0
13765,0.45001075925259393,0.09158406434703809,-1.54e-06,1.533404924095422,2.6690625682759963,48.42429948149054,1.0052136313683062,30.032403527062975,0.12067054082980143,-99.91236244390672,-1.1573229341274334,8.992275903911295,0.6295741068180681,20.820095531972775,0.2719344611720337,0.28935556920830674,0.00015748,1.8820772368691845,0.00081957,0,0.0
13766,0.37566381815073235,0.07703038815419216,-1.54e-06,1.533404924095422,2.6690625682759963,15.960880835506856,1.0052136313683062,15.142535418066911,0.12067054082980143,-60.659070996170236,-1.1573229341274334,17.11724921755458,0.6295741068180681,21.041375947661574,0.2719344611720337,0.3415993138475448,0.00015748,0.9352185782748561,0.00081957,0,0.0
13767,1.3263325854638173,0.40346583382936524,-1.54e-06,1.533404924095422,2.6690625682759963,-50.46829581919564,1.0052136313683062,8.247581045653687,0.12067054082980143,-55.8838157426744,-1.1573229341274334,-1.1645682704108404,0.6295741068180681,77.1645128100782,0.2719344611720337,-0.2636046589930793,0.00015748,0.264865097528337,0.00081957,1,0.0
13768,0.00108697117704315,0.03489432083865412,-1.54e-06,1.533404924095422,2.6690625682759963,90.45497935229862,1.0052136313683062,24.644150433855106,0.12067054082980143,-44.215788549125186,-1.1573229341274334,-30.078760797654876,0.6295741068180681,-31.283647869611496,0.2719344611720337,0.31196591279864694,0.00015748,1.9610527944160732,0.00081957,0,0.0
13769,1.2422499105710785,0.6199510853400575,-1.54e-06,1.533404924095422,2.6690625682759963,-78.452753403224,1.0052136313683062,-1.1057244445411654,0.12067054082980143,-60.92964461089954,-1.1573229341274334,47.99108756832912,0.6295741068180681,90.52177242192971,0.2719344611720337,-0.28550230734576765,0.00015748,0.28923956189221023,0.00081957,1,0.0
13770,1.436283735200826,0.7146779113735098,-1.54e-06,1.533404924095422,2.6690625682759963,20.424607148351836,1.0052136313683062,20.318928120538633,0.12067054082980143,-34.8775522429034,-1.1573229341274334,-53.75933287962804,0.6295741068180681,28.690454419527484,0.2719344611720337,0.3146910118850214,0.00015748,1.2377515109916988,0.00081957,0,0.0
13771,0.9344955728044244,0.45159207827830705,-1.54e-06,1.533404924095422,2.6690625682759963,1.9745160218031608,1.0052136313683062,9.986111956699563,0.12067054082980143,-46.425243070177984,-1.1573229341274334,0.098492783019573,0.6295741068180681,36.04617886923993,0.2719344611720337,0.3388205967266717,0.00015748,0.9518328891921972,0.00081957,0,0.0
13772,0.6106783476418909,0.11545679775825049,-1.54e-06,1.533404924095422,2.6690625682759963,-45.15008892994374,1.0052136313683062,0.8120926675151205,0.12067054082980143,-47.09159940607157,-1.1573229341274334,36.94320971338481,0.6295741068180681,55.37760142292178,0.2719344611720337,-0.09204005634867021,0.00015748,0.09366188105071582,0.00081957,1,0.0
13773,2.078521238195376,1.3856338381111812,-1.54e-06,1.533404924095422,2.6690625682759963,4.183228380888952,1.0052136313683062,19.733357599235106,0.12067054082980143,-23.54861954044786,-1.1573229341274334,-79.0108031036584,0.6295741068180681,45.23915802672991,0.2719344611720337,0.3079187062149406,0.00015748,1.1361944426590878,0.00081957,0,0.0
13774,0.1735103620826174,0.04153464153809165,-1.54e-06,1.533404924095422,2.6690625682759963,-10.380305792050288,1.0052136313683062,9.3335418560899,0.12067054082980143,-75.50282050791135,-1.1573229341274334,61.687675736671686,0.6295741068180681,36.49388696112948,0.2719344611720337,0.4641125470229892,0.00015748,0.5428211426608078,0.00081957,0,0.0
13775,0.0024088068186336464,0.31161385546095716,-1.54e-06,1.533404924095422,2.6690625682759963,43.304338267406834,1.0052136313683062,13.218483965645854,0.12067054082980143,-60.18056587191818,-1.1573229341274334,59.94109335622327,0.6295741068180681,-8.141523699487918,0.2719344611720337,1.0494218559168806,0.00015748,1.6218513855902188,0.00081957,0,0.0
13776,0.00214355905336161,0.0033815513130168377,-1.54e-06,1.533404924095422,2.6690625682759963,7.084733787296416,1.0052136313683062,15.26692742555326,0.12067054082980143,-88.4301882633626,-1.1573229341274334,58.619346083211134,0.6295741068180681,29.164803146834956,0.2719344611720337,0.3547938736070973,0.00015748,0.8748853737091329,0.00081957,0,0.0
13777,0.0009735187606225715,0.1831413608430815,-1.54e-06,1.533404924095422,2.6690625682759963,51.344840122765625,1.0052136313683062,13.691961714619525,0.12067054082980143,-40.94852426168056,-1.1573229341274334,26.449346843174872,0.6295741068180681,-17.7531204330372,0.2719344611720337,1.0194318460448835,0.00015748,1.23442225097986,0.00081957,0,0.0
13778,0.0008488408675950687,0.3524276384278946,-1.54e-06,1.533404924095422,2.6690625682759963,68.98030491811554,1.0052136313683062,21.65515936557506,0.12067054082980143,-80.4642238616951,-1.1573229341274334,54.935927424386584,0.6295741068180681,-13.865677412487237,0.2719344611720337,1.5185788900937276,0.00015748,1.8428719936056768,0.00081957,0,0.0
13779,-0.007847641710657882,0.5842163762507412,-1.54e-06,1.533404924095422,2.6690625682759963,73.32737839961192,1.0052136313683062,18.491043545981324,0.12067054082980143,-67.52509379150648,-1.1573229341274334,60.020213286131714,0.6295741068180681,-23.7134796764728,0.2719344611720337,1.5047871477350294,0.00015748,2.175114947373365,0.00081957,0,0.0
13780,0.6968642336797655,0.1982014971646474,-1.54e-06,1.533404924095422,2.6690625682759963,1.849204942173398,1.0052136313683062,13.688105026525943,0.12067054082980143,-54.95484462823369,-1.1573229341274334,10.200064243688182,0.6295741068180681,31.977141683840802,0.2719344611720337,0.36892170132746094,0.00015748,0.7800665225698061,0.00081957,0,0.0
13781,1.072592595703317,0.35252703439424,-1.54e-06,1.533404924095422,2.6690625682759963,-3.8572526460137073,1.0052136313683062,19.65022316867536,0.12067054082980143,-83.15106065136355,-1.1573229341274334,11.337058124973607,0.6295741068180681,54.33214565692825,0.2719344611720337,0.32276893022691383,0.00015748,1.1049249545760353,0.00081957,0,0.0
13782,-0.0026467740811682017,0.2529177816880064,-1.54e-06,1.533404924095422,2.6690625682759963,73.74033535388477,1.0052136313683062,24.426962300131997,0.12067054082980143,-83.39195316350734,-1.1573229341274334,43.01190300607159,0.6295741068180681,-13.88520294797705,0.2719344611720337,1.3592391253457339,0.00015748,1.8715225092958634,0.00081957,0,0.0
13783,0.5056654101175035,2.6811703563604294,-1.54e-06,1.533404924095422,2.6690625682759963,-99.73081666031898,1.0052136313683062,-21.558257826024498,0.12067054082980143,-25.74554161273918,-1.1573229341274334,77.80703193147171,0.6295741068180681,79.05968641278523,0.2719344611720337,-1.3023194017259265,0.00015748,0.2134640546389086,0.00081957,1,0.0
13784,1.868142870057885,1.1402669799207485,-1.54e-06,1.533404924095422,2.6690625682759963,9.588997536114316,1.0052136313683062,19.54578579648401,0.12067054082980143,-25.884357958501543,-1.1573229341274334,-71.34995192408532,0.6295741068180681,39.347970961957536,0.2719344611720337,0.31471359380883585,0.00015748,1.1583444061093535,0.00081957,0,0.0
13785,0.7326456506323256,0.11615659665672598,-1.54e-06,1.533404924095422,2.6690625682759963,-44.63097531937725,1.0052136313683062,5.430990751419836,0.12067054082980143,-61.27670689701102,-1.1573229341274334,30.669670108320133,0.6295741068180681,64.04378957842432,0.2719344611720337,-0.14306120741647868,0.00015748,0.1439320164083692,0.00081957,1,0.0
13786,1.2061481546742874,0.7198319294206089,-1.54e-06,1.533404924095422,2.6690625682759963,-77.50021977630686,1.0052136313683062,-2.6913412499006064,0.12067054082980143,-54.19544141652649,-1.1573229341274334,47.34034499503593,0.6295741068180681,86.45405346309612,0.2719344611720337,-0.35016456922283,0.00015748,0.34521438818594163,0.00081957,1,0.0
13787,-0.0002812527744553428,0.06956544070085637,-1.54e-06,1.533404924095422,2.6690625682759963,55.46611249153976,1.0052136313683062,12.833821830388674,0.12067054082980143,-23.38603217500773,-1.1573229341274334,-5.473944858432447,0.6295741068180681,-23.05709072829636,0.2719344611720337,0.5681378102508332,0.00015748,1.1479507596033132,0.00081957,0,0.0
13788,0.2910651074730912,0.047670987998652485,-1.54e-06,1.533404924095422,2.6690625682759963,4.498276071731022,1.0052136313683062,14.527850563162088,0.12067054082980143,-75.41748280896606,-1.1573229341274334,39.164155042006946,0.6295741068180681,31.12799052391054,0.2719344611720337,0.35561655527738145,0.00015748,0.8360929663255242,0.00081957,0,0.0
13789,0.8558210317931617,0.5327692403209343,-1.54e-06,1.533404924095422,2.6690625682759963,-9.343451876663902,1.0052136313683062,10.513128184690473,0.12067054082980143,-23.58301102024242,-1.1573229341274334,-37.72009811777666,0.6295741068180681,33.32045493517537,0.2719344611720337,-0.47190596701579834,0.00015748,0.48896953149091993,0.00081957,1,0.0
13790,1.4783874767490448,0.7819005240304202,-1.54e-06,1.533404924095422,2.6690625682759963,40.471617058138676,1.0052136313683062,25.289942708458717,0.12067054082980143,-35.68542897084944,-1.1573229341274334,-71.43644342131235,0.6295741068180681,19.242653043749012,0.2719344611720337,0.29673928292445273,0.00015748,1.6102745838560102,0.00081957,0,0.0
13791,-0.018558382538512053,0.7161709060052582,-1.54e-06,1.533404924095422,2.6690625682759963,84.18730729401192,1.0052136313683062,11.051461362573653,0.12067054082980143,-4.2711672857258405,-1.1573229341274334,15.79224845187423,0.6295741068180681,-55.97346509021726,0.2719344611720337,1.1366942473030037,0.00015748,2.1705233802417565,0.00081957,0,0.0
13792,0.5207179418894401,0.14984463342476784,-1.54e-06,1.533404924095422,2.6690625682759963,82.168340418848,1.0052136313683062,37.86462617766627,0.12067054082980143,-98.09895988562658,-1.1573229341274334,-21.928303190230515,0.6295741068180681,3.4626378323073714,0.2719344611720337,0.2778213861557268,0.00015748,2.4782235474857592,0.00081957,0,0.0
13793,1.5215113504143585,0.7938185514593193,-1.54e-06,1.533404924095422,2.6690625682759963,63.31810189903785,1.0052136313683062,39.488151394275484,0.12067054082980143,-83.7597262945553,-1.1573229341274334,-64.50951755658504,0.6295741068180681,26.54049414316605,0.2719344611720337,0.28031689932294235,0.00015748,2.4496231575535914,0.00081957,0,0.0
13794,0.3392431842030215,0.2520943603149588,-1.54e-06,1.533404924095422,2.6690625682759963,-40.85906549272718,1.0052136313683062,-3.6758412467842634,0.12067054082980143,-32.04105461286624,-1.1573229341274334,45.47163450423618,0.6295741068180681,40.73108538151697,0.2719344611720337,-0.2953807781409197,0.00015748,0.29315099094328956,0.00081957,1,0.0
13795,1.6710597799202038,0.5727981583047249,-1.54e-06,1.533404924095422,2.6690625682759963,-64.65897527506662,1.0052136313683062,7.0542253248482005,0.12067054082980143,-56.62266995915645,-1.1573229341274334,-2.5733539919069375,0.6295741068180681,91.49430449752754,0.2719344611720337,-0.17280286462621644,0.00015748,0.17312699102685006,0.00081957,1,0.0
13796,1.2162829284881551,0.29678123174116045,-1.54e-06,1.533404924095422,2.6690625682759963,-59.78435331062301,1.0052136313683062,4.777212142064805,0.12067054082980143,-60.04158673866958,-1.1573229341274334,21.04177362749693,0.6295741068180681,81.06216282292112,0.2719344611720337,-0.08532770532447718,0.00015748,0.083694067395775,0.00081957,1,0.0
13797,0.0007813247306995841,0.08974590948269122,-1.54e-06,1.533404924095422,2.6690625682759963,89.71991890617254,1.0052136313683062,26.34810026344211,0.12067054082980143,-60.19923107371204,-1.1573229341274334,-7.460537545634584,0.6295741068180681,-27.213429241491458,0.2719344611720337,0.6865815003797863,0.00015748,2.0262091203735513,0.00081957,0,0.0
13798,0.6610016995163095,1.6541377052442554,-1.54e-06,1.533404924095422,2.6690625682759963,-85.94504771864099,1.0052136313683062,-12.184336141355494,0.12067054082980143,-29.539443977825556,-1.1573229341274334,60.69044034814979,0.6295741068180681,71.32551091792087,0.2719344611720337,-0.9331695915981983,0.00015748,0.20304709166232748,0.00081957,1,0.0
13799,0.3995063677288998,0.17989970503333877,-1.54e-06,1.533404924095422,2.6690625682759963,-14.020212423397378,1.0052136313683062,9.250443289726746,0.12067054082980143,-87.1446144247322,-1.1573229341274334,62.745361144581615,0.6295741068180681,50.170451464101085,0.2719344611720337,0.3876079956646715,0.00015748,0.7869872425206365,0.00081957,0,0.0
13800,-0.1532996881599744,0.7668928915259074,-1.54e-06,1.0103041172259097,2.203373554124283,47.52277858154251,1.0052136313683062,40.065134729019896,0.12067054082980143,-93.26391983476049,-1.1573229341274334,33.50871778382902,0.6295741068180681,-7.516256898027514,0.2719344611720337,2.647021828676114,0.00015748,7.865070765718715,0.00081957,0,0.0
13801,0.37686283875017573,0.05200390209156855,-1.54e-06,1.0103041172259097,2.203373554124283,-7.415139212775806,1.0052136313683062,1.6305149928669147,0.12067054082980143,-12.428054262995209,-1.1573229341274334,4.144599223721938,0.6295741068180681,13.72611169481628,0.2719344611720337,-0.0827738035678945,0.00015748,0.08347822722299349,0.00081957,1,0.0
13802,-0.0038422211674340456,0.37092837093968173,-1.54e-06,1.0103041172259097,2.203373554124283,-6.621686736138439,1.0052136313683062,16.888412604721402,0.12067054082980143,-96.44892081408373,-1.1573229341274334,84.1225519280152,0.6295741068180681,32.31376293898084,0.2719344611720337,1.861380569228163,0.00015748,3.101399822626836,0.00081957,0,0.0
13803,0.004376455440544991,0.026830621291886892,-1.54e-06,1.0103041172259097,2.203373554124283,47.88123484079815,1.0052136313683062,36.43023268035416,0.12067054082980143,-56.55422739141782,-1.1573229341274334,-14.825586704600045,0.6295741068180681,-14.131267578679498,0.2719344611720337,0.27215996748282967,0.00015748,7.25576037139146,0.00081957,0,0.0
13804,0.0027950646256516,0.004661708461069499,-1.54e-06,1.0103041172259097,2.203373554124283,17.384092378021112,1.0052136313683062,18.285186438221647,0.12067054082980143,-41.41000437154754,-1.1573229341274334,6.406597476244429,0.6295741068180681,1.9311387292985693,0.2719344611720337,0.27631096971386215,0.00015748,3.347746066167189,0.00081957,0,0.0
13805,0.9713205080476164,0.6169098976532282,-1.54e-06,1.0103041172259097,2.203373554124283,53.398103120694145,1.0052136313683062,48.43288184372113,0.12067054082980143,-62.574459122357666,-1.1573229341274334,-40.12525658066166,0.6295741068180681,-7.1844287484233185,0.2719344611720337,0.25908764459332634,0.00015748,8.952995039879443,0.00081957,0,0.0
13806,-0.0006539972814518791,0.050882844840800925,-1.54e-06,1.0103041172259097,2.203373554124283,61.622329113562174,1.0052136313683062,44.87559431834333,0.12067054082980143,-63.931580549322234,-1.1573229341274334,-23.441604835926682,0.6295741068180681,-21.51175700387343,0.2719344611720337,0.3368573770527421,0.00015748,9.000996008092937,0.00081957,0,0.0
13807,2.8117032977070027,3.796663953272512,-1.54e-06,1.0103041172259097,2.203373554124283,55.946298206803846,1.0052136313683062,59.77195801077823,0.12067054082980143,-55.777869498273105,-1.1573229341274334,-87.05103290955054,0.6295741068180681,6.500148884388815,0.2719344611720337,0.26151031570186056,0.00015748,10.80425129996986,0.00081957,0,0.0
13808,-0.912314133673576,2.348227900871734,-1.54e-06,1.0103041172259097,2.203373554124283,42.62257571022051,1.0052136313683062,26.983259630817376,0.12067054082980143,-82.7527403642606,-1.1573229341274334,70.5649117116921,0.6295741068180681,-19.286020308644076,0.2719344611720337,4.355865190666598,0.00015748,5.876250247568994,0.00081957,0,0.0
13809,0.004900127211964533,0.018133685161884305,-1.54e-06,1.0103041172259097,2.203373554124283,7.502338782306708,1.0052136313683062,3.6310798888230367,0.12067054082980143,-3.0607737904961314,-1.1573229341274334,-1.4402224719569436,0.6295741068180681,-4.961771581863701,0.2719344611720337,0.3543203526910458,0.00015748,0.8725479870546303,0.00081957,0,0.0
13810,1.5254464236634275,6.84459817684559,-1.54e-06,1.0103041172259097,2.203373554124283,-70.69514259185743,1.0052136313683062,-8.88261818457826,0.12067054082980143,-81.40604706089803,-1.1573229341274334,76.22098590771816,0.6295741068180681,96.2083228393107,0.2719344611720337,-3.073639156090696,0.00015748,0.22361421268502757,0.00081957,1,0.0
13811,1.3095582911827037,3.3120851570846725,-1.54e-06,1.0103041172259097,2.203373554124283,92.93134150308526,1.0052136313683062,59.88778257138634,0.12067054082980143,-24.91968404159939,-1.1573229341274334,-85.1174745299194,0.6295741068180681,-50.73836001497428,0.2719344611720337,1.975115272870208,0.00015748,11.702088373044553,0.00081957,0,0.0
13812,-1.4218543145919607,3.5234746905453282,-1.54e-06,1.0103041172259097,2.203373554124283,37.93875628385653,1.0052136313683062,9.89546498537682,0.12067054082980143,-47.884497882949425,-1.1573229341274334,84.48423713833192,0.6295741068180681,-36.03601633616625,0.2719344611720337,3.050982671301151,0.00015748,5.894516707246233,0.00081957,0,0.0
13813,-0.9424996097810951,2.45291640614798,-1.54e-06,1.0103041172259097,2.203373554124283,23.242457426948416,1.0052136313683062,8.889528395341134,0.12067054082980143,-49.707431397337174,-1.1573229341274334,76.06329329281888,0.6295741068180681,-18.20327239569885,0.2719344611720337,2.3137415416184828,0.00015748,4.724234168184832,0.00081957,0,0.0
13814,2.413991858764985,2.082095991158285,-1.54e-06,1.0103041172259097,2.203373554124283,-41.99647724627089,1.0052136313683062,9.25372142929127,0.12067054082980143,-64.2037096086529,-1.1573229341274334,13.35769681424063,0.6295741068180681,78.6728092147611,0.2719344611720337,-0.487111456155338,0.00015748,0.48336612878885,0.00081957,1,0.0
13815,0.001356505351337578,0.10814576748564048,-1.54e-06,1.0103041172259097,2.203373554124283,73.84389301134543,1.0052136313683062,42.244443027055084,0.12067054082980143,-31.523701093275122,-1.1573229341274334,-50.567345061929146,0.6295741068180681,-41.49704415395857,0.2719344611720337,0.26079448726102594,0.00015748,9.221103979811488,0.00081957,0,0.0
13816,1.5239175718552167,0.829063308333418,-1.54e-06,1.0103041172259097,2.203373554124283,-32.3531241103887,1.0052136313683062,6.18346958310368,0.12067054082980143,-55.129421414952986,-1.1573229341274334,22.369727947845238,0.6295741068180681,58.948452243286994,0.2719344611720337,-0.27860508065794337,0.00015748,0.275323026587102,0.00081957,1,0.0
13817,4.203344094085618,6.735916585403999,-1.54e-06,1.0103041172259097,2.203373554124283,-20.729038160212454,1.0052136313683062,24.61010502593118,0.12067054082980143,-35.988730956189734,-1.1573229341274334,-53.551109998722154,0.6295741068180681,68.330906537298,0.2719344611720337,0.2697983157965269,0.00015748,3.234051013457551,0.00081957,0,0.0
13818,1.3363142898540707,1.4836644578827376,-1.54e-06,1.0103041172259097,2.203373554124283,75.29022545263267,1.0052136313683062,50.100373454379906,0.12067054082980143,-16.559218090921018,-1.1573229341274334,-90.90587128384234,0.6295741068180681,-35.90734384429316,0.2719344611720337,0.26066482321867834,0.00015748,10.013364498122932,0.00081957,0,0.0
13819,0.22507839795797668,0.02453315588560625,-1.54e-06,1.0103041172259097,2.203373554124283,-7.351690510195496,1.0052136313683062,8.715903673963643,0.12067054082980143,-45.767495101040524,-1.1573229341274334,28.304330786128236,0.6295741068180681,22.887695602562022,0.2719344611720337,0.3244734962869572,0.00015748,1.0843035825152967,0.00081957,0,0.0
13820,2.0808380024907223,1.946794542885098,-1.54e-06,1.0103041172259097,2.203373554124283,15.797241282842352,1.0052136313683062,28.151094118973898,0.12067054082980143,-26.646083544908528,-1.1573229341274334,-46.237568384836614,0.6295741068180681,17.478843369149306,0.2719344611720337,0.28000414307719,0.00015748,4.652480623920316,0.00081957,0,0.0
13821,0.000837503233938941,0.00522041769018516,-1.54e-06,1.0103041172259097,2.203373554124283,8.563435044835638,1.0052136313683062,9.612075169464601,0.12067054082980143,-23.391989828700098,-1.1573229341274334,6.285212851815254,0.6295741068180681,1.5988708206811344,0.2719344611720337,0.29302122573121114,0.00015748,1.7154859935903826,0.00081957,0,0.0
13822,3.4398347267722915,4.60462721447201,-1.54e-06,1.0103041172259097,2.203373554124283,20.80022875475384,1.0052136313683062,53.70143050554185,0.12067054082980143,-85.10901123261223,-1.1573229341274334,-53.576125025451546,0.6295741068180681,48.33312993828271,0.2719344611720337,0.2607532743155492,0.00015748,8.703186357729287,0.00081957,0,0.0
13823,-0.15180515126701358,1.2722556590460992,-1.54e-06,1.0103041172259097,2.203373554124283,-10.945533206888001,1.0052136313683062,0.8125060119027167,0.12067054082980143,-66.83085623022527,-1.1573229341274334,92.56000289907948,0.6295741068180681,22.489151216615408,0.2719344611720337,0.27660245965861696,0.00015748,4.037775957023433,0.00081957,0,0.0
13824,2.365733999937313,3.697005900381993,-1.54e-06,1.0103041172259097,2.203373554124283,13.853814755671555,1.0052136313683062,54.88222287771724,0.12067054082980143,-97.76940585509436,-1.1573229341274334,-15.821471668333471,0.6295741068180681,41.37095880613903,0.2719344611720337,0.2651551756196562,0.00015748,7.361207340618293,0.00081957,0,0.0
13825,-1.743588979997969,4.067247221461121,-1.54e-06,1.0103041172259097,2.203373554124283,83.5660721852827,1.0052136313683062,37.344348796162215,0.12067054082980143,-81.9192354991951,-1.1573229341274334,66.19681649425951,0.6295741068180681,-59.05952012621581,0.2719344611720337,5.456356460766027,0.00015748,9.480101215382511,0.00081957,0,0.0
13826,-0.34152824131488124,1.2843315526680321,-1.54e-06,1.0103041172259097,2.203373554124283,76.1897327596159,1.0052136313683062,49.803765743969876,0.12067054082980143,-85.64743018783703,-1.1573229341274334,10.701398610931626,0.6295741068180681,-32.90410011182727,0.2719344611720337,2.895727087947146,0.00015748,10.524991607109886,0.00081957,0,0.0
13827,0.0003601650066658024,0.00011443710517374997,-1.54e-06,1.0103041172259097,2.203373554124283,9.673243088473676,1.0052136313683062,18.11094977423028,0.12067054082980143,-54.17213628961482,-1.1573229341274334,19.658020296096225,0.6295741068180681,11.770179352046082,0.2719344611720337,0.2744519944856114,0.00015748,2.960788824957338,0.00081957,0,0.0
13828,4.543154388248416,12.79338347667419,-1.54e-06,1.0103041172259097,2.203373554124283,-66.98273700637104,1.0052136313683062,-3.5982884878285066,0.12067054082980143,-1.4135613806141565,-1.1573229341274334,-55.186281520840005,0.6295741068180681,98.18146772550948,0.2719344611720337,-2.3157997672140254,0.00015748,-1.5714656481572313,0.00081957,1,0.0
13829,1.1125508529862813,1.0139997459056223,-1.54e-06,1.0103041172259097,2.203373554124283,77.11861627871735,1.0052136313683062,55.92910360742769,0.12067054082980143,-45.972743372844356,-1.1573229341274334,-72.82727524694428,0.6295741068180681,-28.379910377090805,0.2719344611720337,0.27299017423787486,0.00015748,11.111293956527359,0.00081957,0,0.0
13830,0.7907200584069891,0.39842072469978207,-1.54e-06,1.0103041172259097,2.203373554124283,13.974311622789308,1.0052136313683062,11.880244763410984,0.12067054082980143,-1.1540961117159254,-1.1573229341274334,-27.336275169194124,0.6295741068180681,-2.5835925220565974,0.2719344611720337,0.2816046605842415,0.00015748,2.2719859104852658,0.00081957,0,0.0
13831,1.3511789297498535,0.7624637686309271,-1.54e-06,1.0103041172259097,2.203373554124283,29.760505166077667,1.0052136313683062,44.639383308851286,0.12067054082980143,-84.27344070885981,-1.1573229341274334,-15.70970040248708,0.6295741068180681,21.19505471387746,0.2719344611720337,0.267888244755794,0.00015748,7.560502644238465,0.00081957,0,0.0
13832,0.018839122779970685,1.3405893093029402,-1.54e-06,1.0103041172259097,2.203373554124283,-24.236073827661723,1.0052136313683062,-3.1133502459807647,0.12067054082980143,-52.72267166194433,-1.1573229341274334,57.07867139513183,0.6295741068180681,36.669722934452196,0.2719344611720337,-0.708945433629011,0.00015748,0.6827801591947004,0.00081957,1,0.0
13833,-0.018955632714177995,0.4806889397688783,-1.54e-06,1.0103041172259097,2.203373554124283,66.79535707753766,1.0052136313683062,43.62714544080415,0.12067054082980143,-61.97691445798111,-1.1573229341274334,-11.679846365153939,0.6295741068180681,-29.195640568136277,0.2719344611720337,1.798978500380557,0.00015748,9.18451867864865,0.00081957,0,0.0
13834,-0.889421848164329,8.85599289001209,-1.54e-06,1.0103041172259097,2.203373554124283,43.23064917483522,1.0052136313683062,29.31254164989954,0.12067054082980143,-41.36498063956132,-1.1573229341274334,68.70016684609394,0.6295741068180681,-48.5737284326048,0.2719344611720337,2.034261295155274,0.00015748,7.9700965545825095,0.00081957,0,0.0
13835,4.263220995174244,8.133185914210088,-1.54e-06,1.0103041172259097,2.203373554124283,-50.64389589874968,1.0052136313683062,11.401043271360813,0.12067054082980143,-19.239448421127086,-1.1573229341274334,-68.13563076932697,0.6295741068180681,90.99180176721481,0.2719344611720337,-2.812810173842565,0.00015748,0.22573272308805592,0.00081957,1,0.0
13836,-0.09550174191634886,0.7595396668726634,-1.54e-06,1.0103041172259097,2.203373554124283,66.18334443874858,1.0052136313683062,38.97128758504188,0.12067054082980143,-50.61123812825164,-1.1573229341274334,-10.124220231857784,0.6295741068180681,-34.3290207757444,0.2719344611720337,2.1659975098590643,0.00015748,8.579784630378843,0.00081957,0,0.0
13837,-0.8911992079886789,2.3241086531897253,-1.54e-06,1.0103041172259097,2.203373554124283,16.99219164406074,1.0052136313683062,-3.526931795538446,0.12067054082980143,-10.29623523388026,-1.1573229341274334,58.13740959586913,0.6295741068180681,-26.326214474278856,0.2719344611720337,0.3400052027536149,0.00015748,4.365027050713445,0.00081957,0,0.0
13838,-1.2314628198668975,3.0824268808063313,-1.54e-06,1.0103041172259097,2.203373554124283,59.810129765057454,1.0052136313683062,32.01098516746686,0.12067054082980143,-84.03126629033515,-1.1573229341274334,70.03622694200229,0.6295741068180681,-35.52889401418807,0.2719344611720337,4.962119189400739,0.00015748,7.413828844391893,0.00081957,0,0.0
13839,0.0753004818047042,0.11500691216812853,-1.54e-06,1.0103041172259097,2.203373554124283,-14.797195117896194,1.0052136313683062,1.0052208438097523,0.12067054082980143,-37.47797441794107,-1.1573229341274334,32.41601417077089,0.6295741068180681,25.19128563351091,0.2719344611720337,-0.12901310188286585,0.00015748,0.125914724594421,0.00081957,1,0.0
13840,-0.0033779223205137043,0.13988951948199715,-1.54e-06,1.0103041172259097,2.203373554124283,-12.457579569805526,1.0052136313683062,16.109145401802202,0.12067054082980143,-99.86510311495343,-1.1573229341274334,83.12336331649013,0.6295741068180681,39.38201042779855,0.2719344611720337,1.359025230855717,0.00015748,2.5407365811458575,0.00081957,0,0.0
13841,-2.40883468045588,5.404162312291984,-1.54e-06,1.0103041172259097,2.203373554124283,62.37272200248142,1.0052136313683062,6.202456027611662,0.12067054082980143,-23.09083815375069,-1.1573229341274334,88.15069141611384,0.6295741068180681,-74.95100367283752,0.2719344611720337,3.3398183076339807,0.00015748,7.501369819068395,0.00081957,0,0.0
13842,-1.197977332496781,2.973403682268652,-1.54e-06,1.0103041172259097,2.203373554124283,74.17779763776365,1.0052136313683062,40.0544279836376,0.12067054082980143,-85.18135553820422,-1.1573229341274334,52.26308627345105,0.6295741068180681,-44.177964063445614,0.2719344611720337,4.653178339076197,0.00015748,9.089854262500534,0.00081957,0,0.0
13843,0.438080727277937,0.4044262776773506,-1.54e-06,1.0103041172259097,2.203373554124283,-15.933363713335764,1.0052136313683062,-0.9564727867727453,0.12067054082980143,-26.5817018795862,-1.1573229341274334,22.621031375720964,0.6295741068180681,25.5544694051845,0.2719344611720337,-0.31817421705222704,0.00015748,0.32426071001742096,0.00081957,1,0.0
13844,-0.1245081373592205,0.8514283656565886,-1.54e-06,1.0103041172259097,2.203373554124283,41.113780769001,1.0052136313683062,22.870547746995154,0.12067054082980143,-38.92388250609581,-1.1573229341274334,13.044743597668809,0.6295741068180681,-21.75601289323294,0.2719344611720337,2.5124789134802326,0.00015748,5.349625704578355,0.00081957,0,0.0
13845,-0.7260470769727356,8.761954759118332,-1.54e-06,1.0103041172259097,2.203373554124283,49.399140230736975,1.0052136313683062,14.211086171505036,0.12067054082980143,-89.84704531227642,-1.1573229341274334,67.82689461574805,0.6295741068180681,-8.0956549021011,0.2719344611720337,1.5802849455330223,0.00015748,10.250388844022147,0.00081957,0,0.0
13846,3.2571385741076133,4.676342429282482,-1.54e-06,1.0103041172259097,2.203373554124283,43.96440722567069,1.0052136313683062,60.768866335146946,0.12067054082980143,-67.43049800748459,-1.1573229341274334,-80.66277740887406,0.6295741068180681,23.002642542702272,0.2719344611720337,0.26361057789542564,0.00015748,10.326284565335369,0.00081957,0,0.0
13847,-0.9870388433439024,2.5129362347438766,-1.54e-06,1.0103041172259097,2.203373554124283,67.61106901578825,1.0052136313683062,27.067439338529336,0.12067054082980143,-35.549760661833275,-1.1573229341274334,21.057320481025418,0.6295741068180681,-53.38165083397296,0.2719344611720337,3.73481278408987,0.00015748,7.074292750653713,0.00081957,0,0.0
13848,0.00021417298447534705,0.21345268001482928,-1.54e-06,1.0103041172259097,2.203373554124283,79.86330435878276,1.0052136313683062,41.40349249403555,0.12067054082980143,-19.67417489965655,-1.1573229341274334,-58.34985413513401,0.6295741068180681,-50.596566874810684,0.2719344611720337,0.5305014572181772,0.00015748,9.413727977301885,0.00081957,0,0.0
13849,-0.4798552367197084,1.5624529219709156,-1.54e-06,1.0103041172259097,2.203373554124283,69.29916826141925,1.0052136313683062,41.511905076210574,0.12067054082980143,-69.65403618295841,-1.1573229341274334,15.70464742348377,0.6295741068180681,-35.98255226755642,0.2719344611720337,3.180999029298014,0.00015748,8.97054003464335,0.00081957,0,0.0
13850,1.1650871092390012,0.4971354655733987,-1.54e-06,1.0103041172259097,2.203373554124283,-9.773162483578941,1.0052136313683062,2.641441627566072,0.12067054082980143,-0.3920273372217368,-1.1573229341274334,-18.252631040916512,0.6295741068180681,19.057452235319623,0.2719344611720337,-0.1754290344773814,0.00015748,0.17913499257667237,0.00081957,1,0.0
13851,-0.5993546674750905,1.668408095219364,-1.54e-06,1.0103041172259097,2.203373554124283,31.789981691258436,1.0052136313683062,5.494543264116957,0.12067054082980143,-2.0575690989594615,-1.1573229341274334,21.57184288039071,0.6295741068180681,-34.64347332401249,0.2719344611720337,1.9805766644885767,0.00015748,3.4972716834554984,0.00081957,0,0.0
13852,2.864767830225621,7.548534021716393,-1.54e-06,1.0103041172259097,2.203373554124283,8.660003065659863,1.0052136313683062,56.597124608762954,0.12067054082980143,-87.47560451726791,-1.1573229341274334,-20.42232591542608,0.6295741068180681,41.73712935750094,0.2719344611720337,0.28439459808177325,0.00015748,7.315434654289517,0.00081957,0,0.0
13853,0.002255645123654837,12.13550543827545,-1.54e-06,1.0103041172259097,2.203373554124283,60.64267852980191,1.0052136313683062,61.83543825088682,0.12067054082980143,-55.34137356173446,-1.1573229341274334,-4.648146002727419,0.6295741068180681,-44.02916431801117,0.2719344611720337,1.1665428333594137,0.00015748,9.11166456973085,0.00081957,0,0.0
13854,2.7527625353097758,3.141103978299478,-1.54e-06,1.0103041172259097,2.203373554124283,25.1959763785258,1.0052136313683062,51.11100618618695,0.12067054082980143,-75.46567876449058,-1.1573229341274334,-47.82702519122497,0.6295741068180681,33.88554723902064,0.2719344611720337,0.25866070222239124,0.00015748,8.075578322893433,0.00081957,0,0.0
13855,3.7769506324510274,6.679975771083029,-1.54e-06,1.0103041172259097,2.203373554124283,-49.30294288449656,1.0052136313683062,10.536402463749798,0.12067054082980143,-31.00255415477445,-1.1573229341274334,-47.79154370742576,0.6295741068180681,88.87542589863276,0.2719344611720337,-2.366401909335865,0.00015748,0.2237397042361151,0.00081957,1,0.0
13856,0.001340446950466756,0.13500360686139876,-1.54e-06,1.0103041172259097,2.203373554124283,87.0474363253303,1.0052136313683062,55.301337994287834,0.12067054082980143,-61.44048355937054,-1.1573229341274334,-46.66274217508586,0.6295741068180681,-40.22117079897695,0.2719344611720337,0.41500472909570885,0.00015748,11.745214190847818,0.00081957,0,0.0
13857,-1.1212885658697473,2.879880664856892,-1.54e-06,1.0103041172259097,2.203373554124283,73.77384009428226,1.0052136313683062,35.85923447646341,0.12067054082980143,-68.35508330806246,-1.1573229341274334,41.48840420740858,0.6295741068180681,-48.56423156543257,0.2719344611720337,4.428812899554068,0.00015748,8.637669470303226,0.00081957,0,0.0
13858,-0.8738689635745147,2.376948755601271,-1.54e-06,1.0103041172259097,2.203373554124283,37.77335502075031,1.0052136313683062,6.259649628204147,0.12067054082980143,-7.518525563353434,-1.1573229341274334,35.19044647722091,0.6295741068180681,-41.6530631617968,0.2719344611720337,2.3611931319219552,0.00015748,4.411825895051626,0.00081957,0,0.0
13859,2.267998823055202,4.702498941738741,-1.54e-06,1.0103041172259097,2.203373554124283,32.770871287388076,1.0052136313683062,49.1701257821879,0.12067054082980143,-36.16270510506301,-1.1573229341274334,-62.4349708686922,0.6295741068180681,4.500500292802708,0.2719344611720337,0.28155250802305076,0.00015748,6.941446698474326,0.00081957,0,0.0
13860,-1.5029570226707754,3.6291746338825135,-1.54e-06,1.0103041172259097,2.203373554124283,75.47171932655912,1.0052136313683062,35.30593654750037,0.12067054082980143,-78.28403446398977,-1.1573229341274334,62.708552507078,0.6295741068180681,-51.886372437261976,0.2719344611720337,5.214551038092686,0.00015748,8.66997981299032,0.00081957,0,0.0
13861,-1.3017038094608562,7.787313012923205,-1.54e-06,1.0103041172259097,2.203373554124283,-14.656568988149054,1.0052136313683062,-15.059154551685918,0.12067054082980143,-12.203025118688384,-1.1573229341274334,52.59351515097484,0.6295741068180681,2.7969452028017403,0.2719344611720337,-2.4094349230998606,0.00015748,0.23686987299816908,0.00081957,1,0.0
13862,2.564049291010915,2.243909123879391,-1.54e-06,1.0103041172259097,2.203373554124283,-44.85465350081141,1.0052136313683062,8.531948591960214,0.12067054082980143,-65.69346028394777,-1.1573229341274334,14.993561017319177,0.6295741068180681,82.67522899058089,0.2719344611720337,-0.371476681932784,0.00015748,0.37091183169137093,0.00081957,1,0.0
13863,3.8003855925913292,6.643504407433664,-1.54e-06,1.0103041172259097,2.203373554124283,-40.010285302433616,1.0052136313683062,8.912135063542939,0.12067054082980143,-5.29683011924208,-1.1573229341274334,-67.79495823604923,0.6295741068180681,72.66904771792886,0.2719344611720337,-2.167328972286157,0.00015748,0.22268121870939717,0.00081957,1,0.0
13864,8.821868800801269e-06,0.34052707256777764,-1.54e-06,1.0103041172259097,2.203373554124283,38.258412455036336,1.0052136313683062,35.36817738483776,0.12067054082980143,-81.58180286574643,-1.1573229341274334,26.053139542594224,0.6295741068180681,-2.6023625495639195,0.2719344611720337,2.061013479966214,0.00015748,6.673430710262931,0.00081957,0,0.0
13865,1.6802913482529425,1.1442782694795253,-1.54e-06,1.0103041172259097,2.203373554124283,-45.20061529069342,1.0052136313683062,8.61473075185581,0.12067054082980143,-89.44741544289978,-1.1573229341274334,47.15523819957484,0.6295741068180681,82.64989088926593,0.2719344611720337,-0.376212958629187,0.00015748,0.37680028221785034,0.00081957,1,0.0
13866,2.046504890251575,1.820420465409187,-1.54e-06,1.0103041172259097,2.203373554124283,1.678755793249287,1.0052136313683062,18.243459359321122,0.12067054082980143,-15.080133066618385,-1.1573229341274334,-37.36370754335393,0.6295741068180681,22.91199049936654,0.2719344611720337,0.2804850635107612,0.00015748,2.676805694767984,0.00081957,0,0.0
13867,0.8648162643769606,0.6294498730496819,-1.54e-06,1.0103041172259097,2.203373554124283,81.54097656381462,1.0052136313683062,63.91074434511597,0.12067054082980143,-77.72459841945555,-1.1573229341274334,-56.133676092732244,0.6295741068180681,-22.228517032059663,0.2719344611720337,0.2596006019964303,0.00015748,12.536742739624437,0.00081957,0,0.0
13868,3.189029104534778,3.9181015527017875,-1.54e-06,1.0103041172259097,2.203373554124283,7.56381638577111,1.0052136313683062,41.19553217954716,0.12067054082980143,-66.37095999884627,-1.1573229341274334,-44.254171162537325,0.6295741068180681,48.39033279383832,0.2719344611720337,0.2662337255265905,0.00015748,6.330198483029796,0.00081957,0,0.0
13869,-1.0495886625211197,2.678320467155057,-1.54e-06,1.0103041172259097,2.203373554124283,24.70071509620824,1.0052136313683062,-0.33960084286539977,0.12067054082980143,-14.732316776647385,-1.1573229341274334,60.58628941135204,0.6295741068180681,-32.56930658430982,0.2719344611720337,1.0743591701644422,0.00015748,4.751653741383783,0.00081957,0,0.0
13870,-0.7310998446046186,2.0861245194561944,-1.54e-06,1.0103041172259097,2.203373554124283,42.56802374369076,1.0052136313683062,23.54134398014055,0.12067054082980143,-64.31819222557696,-1.1573229341274334,54.597140252748794,0.6295741068180681,-23.157766154120594,0.2719344611720337,3.960667892020469,0.00015748,5.558181982059171,0.00081957,0,0.0
13871,-1.3263525997560284,3.2246018023866725,-1.54e-06,1.0103041172259097,2.203373554124283,81.74730923886062,1.0052136313683062,34.62280822545869,0.12067054082980143,-53.98557867457306,-1.1573229341274334,32.77713049056004,0.6295741068180681,-61.600948482326004,0.2719344611720337,4.457565971912909,0.00015748,8.8210310083434,0.00081957,0,0.0
13872,-0.6209437945329697,1.7737204954273258,-1.54e-06,1.0103041172259097,2.203373554124283,57.97032513375413,1.0052136313683062,20.06833325699164,0.12067054082980143,-11.2345983636156,-1.1573229341274334,0.8283781526764162,0.6295741068180681,-49.72810081037242,0.2719344611720337,2.861078043021447,0.00015748,5.723694645242315,0.00081957,0,0.0
13873,0.002393313840470146,0.02228683677582698,-1.54e-06,1.0103041172259097,2.203373554124283,30.56251869977751,1.0052136313683062,21.303673338150602,0.12067054082980143,-28.45145050769074,-1.1573229341274334,-12.086438834710302,0.6295741068180681,-12.0609929150478,0.2719344611720337,0.26888558128368256,0.00015748,4.324347425105915,0.00081957,0,0.0
13874,-0.003680896530763089,0.47821177265948717,-1.54e-06,1.0103041172259097,2.203373554124283,58.835332407547654,1.0052136313683062,37.016203315705944,0.12067054082980143,-51.25671560913426,-1.1573229341274334,-8.774324371493346,0.6295741068180681,-27.379246247674715,0.2719344611720337,1.8658611217767533,0.00015748,7.931722763413767,0.00081957,0,0.0
13875,1.2563186087036877,1.4547431323356377,-1.54e-06,1.0103041172259097,2.203373554124283,87.40846674815084,1.0052136313683062,64.83109376692146,0.12067054082980143,-48.261940453082076,-1.1573229341274334,-86.40257865226032,0.6295741068180681,-34.60313976937201,0.2719344611720337,0.26248436859834445,0.00015748,12.337517234769415,0.00081957,0,0.0
13876,-0.007204837542804196,0.20783785147252695,-1.54e-06,1.0103041172259097,2.203373554124283,1.846972568837746,1.0052136313683062,1.2357299499105168,0.12067054082980143,-13.768270087047522,-1.1573229341274334,23.234659316503492,0.6295741068180681,0.04710396474198913,0.2719344611720337,0.3350032102577942,0.00015748,1.6068950025608173,0.00081957,0,0.0
13877,-1.6600784081399285,3.9174011862112526,-1.54e-06,1.0103041172259097,2.203373554124283,48.0575075488439,1.0052136313683062,6.872641924988277,0.12067054082980143,-24.125243374021686,-1.1573229341274334,69.53700085763917,0.6295741068180681,-53.97044182210508,0.2719344611720337,2.9285991016442345,0.00015748,6.055838792797257,0.00081957,0,0.0
13878,0.12359796589932959,1.3455714993555452,-1.54e-06,1.0103041172259097,2.203373554124283,11.131599435268926,1.0052136313683062,32.189432752330646,0.12067054082980143,-77.71393989436956,-1.1573229341274334,34.892950850682844,0.6295741068180681,13.31318273145298,0.2719344611720337,0.525484112615636,0.00015748,4.357824806233619,0.00081957,0,0.0
13879,2.7081036479491365,2.6098202154768506,-1.54e-06,1.0103041172259097,2.203373554124283,-38.511162539353165,1.0052136313683062,8.355775881913454,0.12067054082980143,-46.38712350290212,-1.1573229341274334,-5.596895252381482,0.6295741068180681,72.84225301695604,0.2719344611720337,-0.48341100525093356,0.00015748,0.46075905392281685,0.00081957,1,0.0
13880,0.7563967572826367,0.3155684419847389,-1.54e-06,1.0103041172259097,2.203373554124283,38.09697201268593,1.0052136313683062,42.95405052632564,0.12067054082980143,-75.47749435786676,-1.1573229341274334,-14.727963384901885,0.6295741068180681,6.194472840334456,0.2719344611720337,0.2597730774491862,0.00015748,7.543214496409973,0.00081957,0,0.0
13881,-0.6145782513862983,1.7113374104767705,-1.54e-06,1.0103041172259097,2.203373554124283,77.60770531687196,1.0052136313683062,37.81423560371176,0.12067054082980143,-44.35024189375557,-1.1573229341274334,-3.883277698929488,0.6295741068180681,-51.112008420687594,0.2719344611720337,2.7993850844691432,0.00015748,9.019579035992955,0.00081957,0,0.0
13882,0.8969549934574663,0.45644467220717744,-1.54e-06,1.0103041172259097,2.203373554124283,28.220112796094828,1.0052136313683062,29.442842477313047,0.12067054082980143,-39.41285907791251,-1.1573229341274334,-25.296187737861334,0.6295741068180681,1.902631158819085,0.2719344611720337,0.27136278219766474,0.00015748,5.310747867591277,0.00081957,0,0.0
13883,1.3835261959496385,1.2025136786270898,-1.54e-06,1.0103041172259097,2.203373554124283,64.37585662818317,1.0052136313683062,57.740115620262614,0.12067054082980143,-65.29330526837437,-1.1573229341274334,-58.768317525977004,0.6295741068180681,-10.353164246351211,0.2719344611720337,0.26637068297216526,0.00015748,10.622912859492391,0.00081957,0,0.0
13884,5.2777552456791215,11.712419899406585,-1.54e-06,1.0103041172259097,2.203373554124283,5.616322946953405,1.0052136313683062,55.4872890431647,0.12067054082980143,-53.92535409684026,-1.1573229341274334,-95.35884243900811,0.6295741068180681,62.326028529719196,0.2719344611720337,0.2862394088451121,0.00015748,7.672729432993947,0.00081957,0,0.0
13885,2.2505648114307637,2.3863885067066453,-1.54e-06,1.0103041172259097,2.203373554124283,34.23754363331955,1.0052136313683062,41.27964252510873,0.12067054082980143,-38.74817419867214,-1.1573229341274334,-61.98771958546973,0.6295741068180681,10.402544917932731,0.2719344611720337,0.2631232719600498,0.00015748,7.267211936704749,0.00081957,0,0.0
13886,2.5675723782314632,2.2116058557907907,-1.54e-06,1.0103041172259097,2.203373554124283,-15.763273645050887,1.0052136313683062,31.30958693318675,0.12067054082980143,-89.50508685009387,-1.1573229341274334,4.0537889956908,0.6295741068180681,67.10582938908107,0.2719344611720337,0.2754048502397768,0.00015748,4.1018479635321246,0.00081957,0,0.0
13887,0.0002559151622456568,0.013767845450622906,-1.54e-06,1.0103041172259097,2.203373554124283,59.613635702321005,1.0052136313683062,52.879159094917355,0.12067054082980143,-98.24690607854937,-1.1573229341274334,-6.369320656267157,0.6295741068180681,-7.644505586565211,0.2719344611720337,0.26057627096131153,0.00015748,10.034026658901297,0.00081957,0,0.0
13888,1.2931117103498484,1.1433442704044912,-1.54e-06,1.0103041172259097,2.203373554124283,43.67634004099719,1.0052136313683062,31.184931534278867,0.12067054082980143,-4.439600734285551,-1.1573229341274334,-65.75763475164696,0.6295741068180681,-18.026280403130716,0.2719344611720337,0.26378281778712465,0.00015748,6.09122703106593,0.00081957,0,0.0
13889,3.2010615547841916,4.203395280416319,-1.54e-06,1.0103041172259097,2.203373554124283,6.818486541745831,1.0052136313683062,31.64797572629347,0.12067054082980143,-32.597844644236346,-1.1573229341274334,-59.67146521284513,0.6295741068180681,37.37750357246789,0.2719344611720337,0.2694784808190964,0.00015748,5.044334146850298,0.00081957,0,0.0
13890,-0.8204271904338714,2.179002011281846,-1.54e-06,1.0103041172259097,2.203373554124283,50.26348942556896,1.0052136313683062,10.926724424858817,0.12067054082980143,-0.8263880352455131,-1.1573229341274334,13.219379502322168,0.6295741068180681,-50.60954606455049,0.2719344611720337,2.8013509639077343,0.00015748,4.751408728904514,0.00081957,0,0.0
13891,0.001563095829136607,0.28452957788178024,-1.54e-06,1.0103041172259097,2.203373554124283,76.17405313186134,1.0052136313683062,41.9566117302546,0.12067054082980143,-31.89150566400722,-1.1573229341274334,-44.69201688550528,0.6295741068180681,-44.416961849794085,0.2719344611720337,0.9232201626429299,0.00015748,9.366081114170498,0.00081957,0,0.0
13892,-0.2984920378702629,23.55566718759544,-1.54e-06,1.0103041172259097,2.203373554124283,-81.30408839000383,1.0052136313683062,-54.75738720219813,0.12067054082980143,-16.738168493807645,-1.1573229341274334,97.78463370527696,0.6295741068180681,71.07464962195357,0.2719344611720337,-8.236553901914252,0.00015748,0.23560064694213612,0.00081957,1,0.0
13893,3.6699810752323225,4.779375847217787,-1.54e-06,1.0103041172259097,2.203373554124283,-38.63765281943892,1.0052136313683062,8.144385765072247,0.12067054082980143,-20.36196896150018,-1.1573229341274334,-39.84058722210161,0.6295741068180681,72.94000330826948,0.2719344611720337,-0.5000256133229715,0.00015748,0.4387479772477861,0.00081957,1,0.0
13894,0.001286719378296164,0.002195363195107705,-1.54e-06,1.0103041172259097,2.203373554124283,-3.405561135929657,1.0052136313683062,6.6188168041805255,0.12067054082980143,-34.86129261960497,-1.1573229341274334,24.6959443026209,0.6295741068180681,13.780333729401296,0.2719344611720337,0.36175075778894916,0.00015748,0.8748841993867842,0.00081957,0,0.0
13895,4.4177471059312605,9.089502895260981,-1.54e-06,1.0103041172259097,2.203373554124283,-61.745543163682086,1.0052136313683062,5.599059348482325,0.12067054082980143,-26.453123667930317,-1.1573229341274334,-35.33075617718968,0.6295741068180681,98.32417941358806,0.2719344611720337,-1.7712610787539864,0.00015748,-0.08699466775687592,0.00081957,1,0.0
13896,0.878060092080177,0.426809569951824,-1.54e-06,1.0103041172259097,2.203373554124283,8.732894441116969,1.0052136313683062,11.292299020543858,0.12067054082980143,-7.531584778652053,-1.1573229341274334,-21.118775111847974,0.6295741068180681,4.371995028108901,0.2719344611720337,0.28975347688903974,0.00015748,2.026862879169263,0.00081957,0,0.0
13897,0.6392208793780427,0.2195744845262377,-1.54e-06,1.0103041172259097,2.203373554124283,32.1743076718181,1.0052136313683062,37.63511444973404,0.12067054082980143,-70.0382675399397,-1.1573229341274334,-8.898547147179864,0.6295741068180681,7.479464871669586,0.2719344611720337,0.2604094185714434,0.00015748,6.598288605330997,0.00081957,0,0.0
13898,0.0006296668215290957,0.12004049487037924,-1.54e-06,1.0103041172259097,2.203373554124283,-3.0758775230356705,1.0052136313683062,9.077662170263455,0.12067054082980143,-50.98251574213677,-1.1573229341274334,44.91510569383719,0.6295741068180681,16.57507260923805,0.2719344611720337,1.015174472011505,0.00015748,1.7184150228530366,0.00081957,0,0.0
13899,-1.1385610699706579,2.907139357338786,-1.54e-06,1.0103041172259097,2.203373554124283,90.28718097828076,1.0052136313683062,40.82867218819654,0.12067054082980143,-56.09029582805067,-1.1573229341274334,17.341794908903594,0.6295741068180681,-64.04119775021432,0.2719344611720337,4.107912123225863,0.00015748,10.082025247868867,0.00081957,0,0.0
13900,0.9629464160555308,0.39722489410379813,-1.54e-06,1.1988090693025082,2.802554574748477,44.48515735170825,1.0052136313683062,28.22600656024707,0.12067054082980143,-11.616108685584466,-1.1573229341274334,-81.96886683255481,0.6295741068180681,-5.810965701859157,0.2719344611720337,0.2847005829283167,0.00015748,2.1355477469660955,0.00081957,0,0.0
13901,0.13906860201771812,0.027273102388767328,-1.54e-06,1.1988090693025082,2.802554574748477,-26.55764312656268,1.0052136313683062,2.3032529342340218,0.12067054082980143,-54.92279630736119,-1.1573229341274334,54.800276378678355,0.6295741068180681,37.817676420146434,0.2719344611720337,-0.04455354464974536,0.00015748,0.04515699608084991,0.00081957,1,0.0
13902,0.0020871861840181527,0.21970063720925997,-1.54e-06,1.1988090693025082,2.802554574748477,45.0608360732648,1.0052136313683062,15.612519429282331,0.12067054082980143,-32.80896645505416,-1.1573229341274334,31.442445623084254,0.6295741068180681,-22.674404996461853,0.2719344611720337,1.102670183238798,0.00015748,1.6258120989783629,0.00081957,0,0.0
13903,1.9422810873446479,0.8500067667186639,-1.54e-06,1.1988090693025082,2.802554574748477,-60.592392923297965,1.0052136313683062,5.7931371980730555,0.12067054082980143,-38.419049646695406,-1.1573229341274334,-26.19778591724326,0.6295741068180681,87.7182966735667,0.2719344611720337,-0.06777997777578867,0.00015748,0.06576969608896924,0.00081957,1,0.0
13904,3.8551071398440495e-05,0.027380397942357217,-1.54e-06,1.1988090693025082,2.802554574748477,2.719675157724886,1.0052136313683062,8.613822171553961,0.12067054082980143,-49.66800609049956,-1.1573229341274334,53.20813906646907,0.6295741068180681,11.830294948272485,0.2719344611720337,0.5283677652306591,0.00015748,0.5824395826328574,0.00081957,0,0.0
13905,0.9434425742501682,0.4070778184279754,-1.54e-06,1.1988090693025082,2.802554574748477,73.23749256248976,1.0052136313683062,43.290589016144736,0.12067054082980143,-35.740302505237175,-1.1573229341274334,-96.0979593667884,0.6295741068180681,-14.514320830212132,0.2719344611720337,0.27193597700848704,0.00015748,3.3362117151410353,0.00081957,0,0.0
13906,-0.0001613024951934161,0.10233500245364979,-1.54e-06,1.1988090693025082,2.802554574748477,21.85048405846546,1.0052136313683062,13.331005811421905,0.12067054082980143,-45.82296914921526,-1.1573229341274334,47.62870363848628,0.6295741068180681,-3.5209625436064536,0.2719344611720337,0.8873358243679799,0.00015748,1.0247022578872018,0.00081957,0,0.0
13907,-0.000684662152959481,0.14457581314679543,-1.54e-06,1.1988090693025082,2.802554574748477,23.46396399530838,1.0052136313683062,10.80164627680611,0.12067054082980143,-39.093088771877746,-1.1573229341274334,49.58214762501258,0.6295741068180681,-7.283015350413563,0.2719344611720337,0.9153669814847604,0.00015748,1.0849709765006683,0.00081957,0,0.0
13908,0.11552018198981329,0.06028082037583016,-1.54e-06,1.1988090693025082,2.802554574748477,-40.38270245065375,1.0052136313683062,4.726232980353624,0.12067054082980143,-91.19510477880955,-1.1573229341274334,91.82870199763926,0.6295741068180681,58.20328991469812,0.2719344611720337,-0.09428497964875868,0.00015748,0.09422586501907013,0.00081957,1,0.0
13909,0.054239654647546764,0.02936159474119702,-1.54e-06,1.1988090693025082,2.802554574748477,73.31770376590758,1.0052136313683062,39.060795115041195,0.12067054082980143,-69.56700610823854,-1.1573229341274334,-21.790794109950397,0.6295741068180681,-19.26050941188449,0.2719344611720337,0.2742529465438184,0.00015748,3.170811211849312,0.00081957,0,0.0
13910,0.08590372246970618,0.034937452128838115,-1.54e-06,1.1988090693025082,2.802554574748477,-30.343853946764877,1.0052136313683062,3.603410118566054,0.12067054082980143,-69.15251069806803,-1.1573229341274334,68.92485563412978,0.6295741068180681,44.10893737338754,0.2719344611720337,-0.06204058638260217,0.00015748,0.062181704337805885,0.00081957,1,0.0
13911,0.0004474128419807988,0.09411920073875459,-1.54e-06,1.1988090693025082,2.802554574748477,7.536387068728155,1.0052136313683062,5.230527811192033,0.12067054082980143,-32.12442899502495,-1.1573229341274334,53.57777533161608,0.6295741068180681,0.3007452814930975,0.2719344611720337,0.40819875407739975,0.00015748,0.8767978406117563,0.00081957,0,0.0
13912,1.849051027352067,0.9324060562282116,-1.54e-06,1.1988090693025082,2.802554574748477,-27.865871112276217,1.0052136313683062,22.065177523856168,0.12067054082980143,-64.38701567432491,-1.1573229341274334,-24.426203244589583,0.6295741068180681,72.33378538916043,0.2719344611720337,0.3169899263395848,0.00015748,1.1782185066662247,0.00081957,0,0.0
13913,0.6722117891837875,0.2578386158463312,-1.54e-06,1.1988090693025082,2.802554574748477,89.90917566441777,1.0052136313683062,50.381668103997505,0.12067054082980143,-58.104054475314875,-1.1573229341274334,-83.3144681731462,0.6295741068180681,-21.431156953949333,0.2719344611720337,0.2670124450005329,0.00015748,3.965097664219008,0.00081957,0,0.0
13914,1.0182053134608413,0.3365698629343345,-1.54e-06,1.1988090693025082,2.802554574748477,-9.786522652392692,1.0052136313683062,17.45945584192006,0.12067054082980143,-53.588158981403616,-1.1573229341274334,-0.6934294544294934,0.6295741068180681,41.51879910767981,0.2719344611720337,0.3333208556099746,0.00015748,1.0064576114158177,0.00081957,0,0.0
13915,0.0010629766131673435,0.04058139225214567,-1.54e-06,1.1988090693025082,2.802554574748477,93.78534137101137,1.0052136313683062,37.664123440038026,0.12067054082980143,-36.627217138366866,-1.1573229341274334,-57.938410240456626,0.6295741068180681,-43.20534410447627,0.2719344611720337,0.2704919582776286,0.00015748,3.396145633214486,0.00081957,0,0.0
13916,-0.0007779394156778308,0.03783430249715596,-1.54e-06,1.1988090693025082,2.802554574748477,17.43542215322621,1.0052136313683062,14.043238721742053,0.12067054082980143,-53.24131464404994,-1.1573229341274334,41.861058322708615,0.6295741068180681,4.518255351643061,0.2719344611720337,0.559021278686314,0.00015748,1.0843632938566035,0.00081957,0,0.0
13917,-9.703881352662869e-05,0.028553999045821746,-1.54e-06,1.1988090693025082,2.802554574748477,60.75155258873396,1.0052136313683062,29.492576718049555,0.12067054082980143,-51.767476133730355,-1.1573229341274334,-12.689885263942282,0.6295741068180681,-19.450371864795713,0.2719344611720337,0.3428237576164488,0.00015748,2.5053559330402555,0.00081957,0,0.0
13918,0.9851484774430006,0.22062827440550056,-1.54e-06,1.1988090693025082,2.802554574748477,-31.16674693838141,1.0052136313683062,2.726419568642466,0.12067054082980143,-21.280938007625732,-1.1573229341274334,-12.456532746403987,0.6295741068180681,45.87402527672625,0.2719344611720337,-0.019111916279973516,0.00015748,0.019330561974700976,0.00081957,1,0.0
13919,2.236738770404032,1.3673191927341626,-1.54e-06,1.1988090693025082,2.802554574748477,3.4043653787470682,1.0052136313683062,37.522144357848894,0.12067054082980143,-58.37303969457089,-1.1573229341274334,-86.04578512450496,0.6295741068180681,59.18281858194836,0.2719344611720337,0.27979103042639153,0.00015748,2.34072882196023,0.00081957,0,0.0
13920,0.0005101403191434262,0.030252522576110014,-1.54e-06,1.1988090693025082,2.802554574748477,66.14038992732515,1.0052136313683062,26.426441002014293,0.12067054082980143,-26.843682345407,-1.1573229341274334,-36.0663315503788,0.6295741068180681,-30.823147397148407,0.2719344611720337,0.27952103311588217,0.00015748,2.3824357524168107,0.00081957,0,0.0
13921,0.17214246064185923,0.04385221629202759,-1.54e-06,1.1988090693025082,2.802554574748477,7.526628238663148,1.0052136313683062,10.41962574050834,0.12067054082980143,-36.825332550066804,-1.1573229341274334,22.815898358661116,0.6295741068180681,8.962758521252827,0.2719344611720337,0.3808832874176087,0.00015748,0.7230486448837516,0.00081957,0,0.0
13922,0.0002167684207972087,0.24289524921310984,-1.54e-06,1.1988090693025082,2.802554574748477,85.93079431323426,1.0052136313683062,26.149580659404798,0.12067054082980143,-1.7735139920100282,-1.1573229341274334,-39.5882029362208,0.6295741068180681,-56.98204110082408,0.2719344611720337,0.966650947615415,0.00015748,2.4840119421460445,0.00081957,0,0.0
13923,-0.00028284453432847467,0.23463833246767685,-1.54e-06,1.1988090693025082,2.802554574748477,63.200524779539656,1.0052136313683062,17.921586542200686,0.12067054082980143,-13.24577966437732,-1.1573229341274334,-1.320385441744578,0.6295741068180681,-39.56445742371315,0.2719344611720337,1.0448736763142117,0.00015748,1.9688852155204382,0.00081957,0,0.0
13924,-0.0032578022527638417,0.4947198612320127,-1.54e-06,1.1988090693025082,2.802554574748477,79.8318759999597,1.0052136313683062,38.60858418455255,0.12067054082980143,-98.82015157378954,-1.1573229341274334,67.56977201132459,0.6295741068180681,-25.00920748796029,0.2719344611720337,1.808386886202107,0.00015748,3.3246180056042594,0.00081957,0,0.0
13925,1.6066537108945076,0.8029259474682638,-1.54e-06,1.1988090693025082,2.802554574748477,32.9830919582766,1.0052136313683062,38.93802849401043,0.12067054082980143,-50.651429689355304,-1.1573229341274334,-84.19164581406982,0.6295741068180681,27.381556352987204,0.2719344611720337,0.27563623786796687,0.00015748,2.733990204470233,0.00081957,0,0.0
13926,0.0005629217008096266,0.04284740860600804,-1.54e-06,1.1988090693025082,2.802554574748477,90.18427156619462,1.0052136313683062,34.23463727226233,0.12067054082980143,-25.23866916726233,-1.1573229341274334,-61.29811298012398,0.6295741068180681,-45.22340957616188,0.2719344611720337,0.27186889128602854,0.00015748,3.1334723186426063,0.00081957,0,0.0
13927,1.928001293553956,0.8048718673515386,-1.54e-06,1.1988090693025082,2.802554574748477,-42.69108205389183,1.0052136313683062,7.435872651436135,0.12067054082980143,-7.732665994956036,-1.1573229341274334,-72.41163945640172,0.6295741068180681,67.17342494455373,0.2719344611720337,-0.19367963046852318,0.00015748,0.19665400592973167,0.00081957,1,0.0
13928,0.7843003907667001,0.14238223617358226,-1.54e-06,1.1988090693025082,2.802554574748477,-30.929898064099167,1.0052136313683062,6.1787103312556475,0.12067054082980143,-40.19724230255185,-1.1573229341274334,4.0731208706964255,0.6295741068180681,48.66080597845872,0.2719344611720337,-0.16041877552431077,0.00015748,0.16010588748653148,0.00081957,1,0.0
13929,-0.00021644443814816672,0.053628514566058175,-1.54e-06,1.1988090693025082,2.802554574748477,5.107410225671866,1.0052136313683062,10.448915432879911,0.12067054082980143,-57.55253053680132,-1.1573229341274334,64.56094589386129,0.6295741068180681,11.592457443109183,0.2719344611720337,0.6693435495759558,0.00015748,0.7526540797325391,0.00081957,0,0.0
13930,0.0010983883469264377,0.009322262486057614,-1.54e-06,1.1988090693025082,2.802554574748477,12.623352955821826,1.0052136313683062,14.686110417995156,0.12067054082980143,-55.41839157143213,-1.1573229341274334,36.49896993418199,0.6295741068180681,9.341746850143084,0.2719344611720337,0.3327042449961016,0.00015748,1.007452353146291,0.00081957,0,0.0
13931,0.058134071278142296,0.009102717083474852,-1.54e-06,1.1988090693025082,2.802554574748477,7.776461510304552,1.0052136313683062,19.297078703216755,0.12067054082980143,-81.27283029709379,-1.1573229341274334,53.17638202398571,0.6295741068180681,22.209498305732573,0.2719344611720337,0.31702696762972077,0.00015748,1.2266192375717844,0.00081957,0,0.0
13932,1.3161668459640454,0.4984663611100092,-1.54e-06,1.1988090693025082,2.802554574748477,1.5625797490997475,1.0052136313683062,29.585372529110142,0.12067054082980143,-73.38240289874761,-1.1573229341274334,-20.34586175625864,0.6295741068180681,47.64163789412966,0.2719344611720337,0.289895454050793,0.00015748,1.8251283669684222,0.00081957,0,0.0
13933,0.7445093095229871,0.2686823642111171,-1.54e-06,1.1988090693025082,2.802554574748477,92.56527070104801,1.0052136313683062,58.83879540811527,0.12067054082980143,-90.07680216903327,-1.1573229341274334,-70.95482017315611,0.6295741068180681,-10.443483277428786,0.2719344611720337,0.2661297239621141,0.00015748,4.503070370069647,0.00081957,0,0.0
13934,0.0004213714482939057,0.06065273931744829,-1.54e-06,1.1988090693025082,2.802554574748477,56.11137192804453,1.0052136313683062,33.81765389074777,0.12067054082980143,-86.20677035294719,-1.1573229341274334,27.01641528087147,0.6295741068180681,-7.044377649303628,0.2719344611720337,0.6466457898158455,0.00015748,2.706332903916256,0.00081957,0,0.0
13935,-6.821186539607282e-05,0.0920560099289333,-1.54e-06,1.1988090693025082,2.802554574748477,95.13261100499884,1.0052136313683062,42.231214730567935,0.12067054082980143,-63.308104273235195,-1.1573229341274334,-27.354940583948366,0.6295741068180681,-37.22465077758597,0.2719344611720337,0.6046472174307542,0.00015748,3.6811683180012906,0.00081957,0,0.0
13936,0.005924911582728898,0.005499161023297783,-1.54e-06,1.1988090693025082,2.802554574748477,-1.4382968833308307,1.0052136313683062,15.45848747330082,0.12067054082980143,-81.63901070520441,-1.1573229341274334,67.84782198419609,0.6295741068180681,26.310434812375334,0.2719344611720337,0.345780826198509,0.00015748,0.9051614883539598,0.00081957,0,0.0
13937,0.6894023395972395,2.322321182933388,-1.54e-06,1.1988090693025082,2.802554574748477,-74.28845635266593,1.0052136313683062,-14.375284381574462,0.12067054082980143,-47.721781746470164,-1.1573229341274334,78.4546245950354,0.6295741068180681,74.62801499032962,0.2719344611720337,-1.2216541982591456,0.00015748,0.2127824181286463,0.00081957,1,0.0
13938,0.0034535541563149863,0.025693808457702225,-1.54e-06,1.1988090693025082,2.802554574748477,82.61378591951068,1.0052136313683062,40.590999681217745,0.12067054082980143,-66.19257812571583,-1.1573229341274334,-29.881989366145408,0.6295741068180681,-26.581800965158518,0.2719344611720337,0.2701147578196992,0.00015748,3.3990510252839004,0.00081957,0,0.0
13939,0.7292962235858402,0.20727604216471338,-1.54e-06,1.1988090693025082,2.802554574748477,36.94780060717374,1.0052136313683062,34.69300343101385,0.12067054082980143,-70.08991132111244,-1.1573229341274334,-24.7237908176198,0.6295741068180681,14.751296465901172,0.2719344611720337,0.280642042171938,0.00015748,2.484658950524114,0.00081957,0,0.0
13940,0.6996994122183083,0.1786511456431266,-1.54e-06,1.1988090693025082,2.802554574748477,3.4082152795598986,1.0052136313683062,19.854075657331215,0.12067054082980143,-58.825265340769214,-1.1573229341274334,6.258741043112867,0.6295741068180681,29.66006628440622,0.2719344611720337,0.312439732231574,0.00015748,1.2623277955434866,0.00081957,0,0.0
13941,-0.00015132681923768487,0.13161695089988207,-1.54e-06,1.1988090693025082,2.802554574748477,38.45118510324876,1.0052136313683062,23.099082889119813,0.12067054082980143,-70.80585689462809,-1.1573229341274334,52.00742693116829,0.6295741068180681,-4.918636669347902,0.2719344611720337,0.9968055463811655,0.00015748,1.8525262302674612,0.00081957,0,0.0
13942,0.043108825010372415,0.03618449416743845,-1.54e-06,1.1988090693025082,2.802554574748477,-30.112824227274626,1.0052136313683062,3.32143979688749,0.12067054082980143,-69.79271674349013,-1.1573229341274334,72.56901636764825,0.6295741068180681,43.15615348800337,0.2719344611720337,-0.06937153376789282,0.00015748,0.06932807274609656,0.00081957,1,0.0
13943,2.0107331171910046,1.5192878227545166,-1.54e-06,1.1988090693025082,2.802554574748477,-62.821166908805644,1.0052136313683062,-1.9471348233015626,0.12067054082980143,-13.853465210228311,-1.1573229341274334,-34.03714158535398,0.6295741068180681,81.75136364907509,0.2719344611720337,-0.36233508109057155,0.00015748,0.17313763183819073,0.00081957,1,0.0
13944,2.120416310526686,0.9799554502544435,-1.54e-06,1.1988090693025082,2.802554574748477,-59.69661513056961,1.0052136313683062,12.663234989253478,0.12067054082980143,-46.433165162106455,-1.1573229341274334,-48.54527166275062,0.6295741068180681,94.86427524655623,0.2719344611720337,-0.34212287990433576,0.00015748,0.3441887166032117,0.00081957,1,0.0
13945,-0.007637876120518916,0.8710162111961394,-1.54e-06,1.1988090693025082,2.802554574748477,74.40610088995643,1.0052136313683062,24.862405411650613,0.12067054082980143,-56.593413334763106,-1.1573229341274334,74.30441218016978,0.6295741068180681,-40.5235779701823,0.2719344611720337,2.1533225907576297,0.00015748,2.6815684718694177,0.00081957,0,0.0
13946,0.0013866502248403023,0.026697409134867296,-1.54e-06,1.1988090693025082,2.802554574748477,81.5792888871799,1.0052136313683062,39.32506053035152,0.12067054082980143,-60.976920595836226,-1.1573229341274334,-32.067895987677836,0.6295741068180681,-27.955676015755117,0.2719344611720337,0.27092320498262845,0.00015748,3.294122874482557,0.00081957,0,0.0
13947,-8.249829441411838e-05,0.24886711838454847,-1.54e-06,1.1988090693025082,2.802554574748477,18.638075322141308,1.0052136313683062,2.3378630374049307,0.12067054082980143,-13.274256948082,-1.1573229341274334,52.63693840316143,0.6295741068180681,-15.604604530380612,0.2719344611720337,0.4031214168853935,0.00015748,1.331594323069218,0.00081957,0,0.0
13948,1.824670751280319,0.7187626323578074,-1.54e-06,1.1988090693025082,2.802554574748477,-48.771634789011486,1.0052136313683062,10.046283806589424,0.12067054082980143,-32.35001041118813,-1.1573229341274334,-48.242058134316665,0.6295741068180681,77.41650302681762,0.2719344611720337,-0.27159031127521605,0.00015748,0.27197923014994374,0.00081957,1,0.0
13949,0.001038794263059195,0.11434927480487997,-1.54e-06,1.1988090693025082,2.802554574748477,41.59527379744876,1.0052136313683062,22.133156883008592,0.12067054082980143,-60.60195742429718,-1.1573229341274334,37.994011637242544,0.6295741068180681,-9.262830581437328,0.2719344611720337,0.8864536241181373,0.00015748,1.8665215677654825,0.00081957,0,0.0
13950,0.004759331066028327,0.21435800456947893,-1.54e-06,1.1988090693025082,2.802554574748477,82.48443327609013,1.0052136313683062,48.11409810578334,0.12067054082980143,-73.16698447443657,-1.1573229341274334,-25.8808409434456,0.6295741068180681,-28.76324590777247,0.2719344611720337,0.37756441295220644,0.00015748,3.3364591238389796,0.00081957,0,0.0
13951,0.035429733601693325,0.01944108101186793,-1.54e-06,1.1988090693025082,2.802554574748477,7.898145982464398,1.0052136313683062,10.118271255582492,0.12067054082980143,-41.807618483554236,-1.1573229341274334,33.929171897274976,0.6295741068180681,7.693219246846407,0.2719344611720337,0.3909904386365451,0.00015748,0.6976182684145193,0.00081957,0,0.0
13952,-0.00014848529371899732,0.14862354451010595,-1.54e-06,1.1988090693025082,2.802554574748477,16.08771052451193,1.0052136313683062,2.6862769518410916,0.12067054082980143,-10.72787630573064,-1.1573229341274334,38.862098106825265,0.6295741068180681,-12.938121094293491,0.2719344611720337,0.3696327966867948,0.00015748,1.0230693128781863,0.00081957,0,0.0
13953,0.02387183194427997,0.01639947609157579,-1.54e-06,1.1988090693025082,2.802554574748477,-20.09580622160264,1.0052136313683062,2.1915569078651624,0.12067054082980143,-46.61001907890038,-1.1573229341274334,48.951563433070646,0.6295741068180681,28.649546996218067,0.2719344611720337,-0.05084896222920643,0.00015748,0.050835280940892597,0.00081957,1,0.0
13954,-0.0003835826885464355,0.2172629955770186,-1.54e-06,1.1988090693025082,2.802554574748477,15.737901957667498,1.0052136313683062,11.836478579060888,0.12067054082980143,-62.461412482783636,-1.1573229341274334,86.27894713934258,0.6295741068180681,2.8447197185383124,0.2719344611720337,0.9308398335439189,0.00015748,1.3444309924655764,0.00081957,0,0.0
13955,0.00061505146725227,0.05562995187359349,-1.54e-06,1.1988090693025082,2.802554574748477,97.20933647182702,1.0052136313683062,32.33794702926839,0.12067054082980143,-5.805990869192563,-1.1573229341274334,-79.51282922488657,0.6295741068180681,-56.02699310750307,0.2719344611720337,0.27283962161804487,0.00015748,3.1212178703279196,0.00081957,0,0.0
13956,2.13426491309241,1.0474490901361018,-1.54e-06,1.1988090693025082,2.802554574748477,-50.364895733392316,1.0052136313683062,12.663562125027273,0.12067054082980143,-26.1195914749891,-1.1573229341274334,-74.41691955908084,0.6295741068180681,82.72427007480503,0.2719344611720337,-0.3908198955127935,0.00015748,0.387872701964572,0.00081957,1,0.0
13957,0.0029200930139873793,0.1709650630761423,-1.54e-06,1.1988090693025082,2.802554574748477,6.409685959275629,1.0052136313683062,3.8686119225671645,0.12067054082980143,-35.60797128305848,-1.1573229341274334,71.14636821543748,0.6295741068180681,0.19722571613223866,0.2719344611720337,0.3437970652894589,0.00015748,1.1748508075117305,0.00081957,0,0.0
13958,-0.0005410723156631381,0.1748413666274459,-1.54e-06,1.1988090693025082,2.802554574748477,87.49038847179182,1.0052136313683062,36.71741391153447,0.12067054082980143,-52.64472864179131,-1.1573229341274334,-12.230787109261707,0.6295741068180681,-39.24266453543863,0.2719344611720337,0.9137932208731352,0.00015748,3.2028299051367473,0.00081957,0,0.0
13959,0.001654324753967984,0.22520679643463754,-1.54e-06,1.1988090693025082,2.802554574748477,51.40895224201544,1.0052136313683062,24.486491284111594,0.12067054082980143,-63.929521653064754,-1.1573229341274334,46.560006382622475,0.6295741068180681,-16.275848832173992,0.2719344611720337,1.220816502000463,0.00015748,2.1394257982151097,0.00081957,0,0.0
13960,0.9257220661243093,0.1953169188224618,-1.54e-06,1.1988090693025082,2.802554574748477,-45.213486125809574,1.0052136313683062,7.654752350372336,0.12067054082980143,-66.84972401808922,-1.1573229341274334,27.233086746948462,0.6295741068180681,69.35885581749503,0.2719344611720337,-0.16972972475566256,0.00015748,0.16998548285464316,0.00081957,1,0.0
13961,0.001571920840256466,0.046445151265008845,-1.54e-06,1.1988090693025082,2.802554574748477,-29.32127498520881,1.0052136313683062,1.9357164322423004,0.12067054082980143,-66.37122587723569,-1.1573229341274334,75.24525429158956,0.6295741068180681,40.35049567439216,0.2719344611720337,-0.09421202645054397,0.00015748,0.09557462717795398,0.00081957,1,0.0
13962,-0.00019825148265895098,0.12545946040933162,-1.54e-06,1.1988090693025082,2.802554574748477,36.559131354917646,1.0052136313683062,13.698630004855444,0.12067054082980143,-30.10152891143444,-1.1573229341274334,24.69989933912057,0.6295741068180681,-16.765702591961787,0.2719344611720337,0.8491718604318175,0.00015748,1.3604976208131259,0.00081957,0,0.0
13963,2.6665845536686827,1.6291152240262798,-1.54e-06,1.1988090693025082,2.802554574748477,-65.04758637361286,1.0052136313683062,5.936573034348045,0.12067054082980143,-10.777225443695883,-1.1573229341274334,-82.97781862445328,0.6295741068180681,95.63608097209809,0.2719344611720337,-0.048627751656976366,0.00015748,0.040235303688509146,0.00081957,1,0.0
13964,0.0016788128022728888,0.011961452381831682,-1.54e-06,1.1988090693025082,2.802554574748477,-11.903638573691563,1.0052136313683062,11.966656360594204,0.12067054082980143,-85.90900125607713,-1.1573229341274334,87.82872971501365,0.6295741068180681,32.82641704211119,0.2719344611720337,0.3967340475228619,0.00015748,0.6746252008634243,0.00081957,0,0.0
13965,0.5973162224680306,0.07493978767922208,-1.54e-06,1.1988090693025082,2.802554574748477,-23.486448330545432,1.0052136313683062,3.7650475725055053,0.12067054082980143,-27.59628964457783,-1.1573229341274334,3.4773181257619314,0.6295741068180681,35.69805489764773,0.2719344611720337,-0.078790122974097,0.00015748,0.07819016710233108,0.00081957,1,0.0
13966,0.0070679198094071305,0.007799308824414264,-1.54e-06,1.1988090693025082,2.802554574748477,-2.5052050484633193,1.0052136313683062,13.356120496181742,0.12067054082980143,-74.78053429881471,-1.1573229341274334,65.90413628144414,0.6295741068180681,24.525281154249875,0.2719344611720337,0.36806067911525364,0.00015748,0.7828683784492982,0.00081957,0,0.0
13967,0.5891929888182361,0.14261048720105568,-1.54e-06,1.1988090693025082,2.802554574748477,48.70799041479987,1.0052136313683062,43.807932934331596,0.12067054082980143,-98.9512768289301,-1.1573229341274334,-11.669238220130163,0.6295741068180681,15.001364496457834,0.2719344611720337,0.2732016980870593,0.00015748,3.115663927591765,0.00081957,0,0.0
13968,0.7607288235184595,0.8937397050472637,-1.54e-06,1.1988090693025082,2.802554574748477,64.07593750384615,1.0052136313683062,19.827786823724114,0.12067054082980143,-15.758711135050763,-1.1573229341274334,-61.816322176120906,0.6295741068180681,-14.81920351490152,0.2719344611720337,0.3021713413454121,0.00015748,3.1073915300643735,0.00081957,0,0.0
13969,-0.0007427228867600277,0.11629681795380357,-1.54e-06,1.1988090693025082,2.802554574748477,73.2846738070847,1.0052136313683062,41.259757379067466,0.12067054082980143,-97.3590437120665,-1.1573229341274334,26.749283339158968,0.6295741068180681,-14.909091650196004,0.2719344611720337,0.8658767442228543,0.00015748,3.327541343038326,0.00081957,0,0.0
13970,1.209681558578352,0.327798700909288,-1.54e-06,1.1988090693025082,2.802554574748477,-24.03715289241946,1.0052136313683062,5.550356763677278,0.12067054082980143,-1.4391655907262422,-1.1573229341274334,-53.13856430694809,0.6295741068180681,39.51955824071823,0.2719344611720337,-0.17629768829981887,0.00015748,0.17616322088831818,0.00081957,1,0.0
13971,0.5756635026619792,0.20536982626487965,-1.54e-06,1.1988090693025082,2.802554574748477,77.01492435710747,1.0052136313683062,47.066264616100476,0.12067054082980143,-86.36933851319601,-1.1573229341274334,-43.35657662156109,0.6295741068180681,-4.025574010660256,0.2719344611720337,0.2669138365276409,0.00015748,3.928085914726399,0.00081957,0,0.0
13972,0.001279740966998899,0.05875506337571248,-1.54e-06,1.1988090693025082,2.802554574748477,59.79899719346365,1.0052136313683062,24.121902448282338,0.12067054082980143,-33.32140255225809,-1.1573229341274334,-14.961550850309905,0.6295741068180681,-26.234106751104754,0.2719344611720337,0.49156527277138107,0.00015748,2.2200467108772295,0.00081957,0,0.0
13973,-0.0010553085741434876,0.7054634400269783,-1.54e-06,1.1988090693025082,2.802554574748477,82.6610878526543,1.0052136313683062,18.361669114788423,0.12067054082980143,-5.705781297084828,-1.1573229341274334,16.965060150863987,0.6295741068180681,-59.736317773656694,0.2719344611720337,1.7208722249862864,0.00015748,2.4684679026415663,0.00081957,0,0.0
13974,0.5149604158694114,0.1287748543260552,-1.54e-06,1.1988090693025082,2.802554574748477,-25.167145892353172,1.0052136313683062,12.302582892231783,0.12067054082980143,-88.86164138550774,-1.1573229341274334,71.9497400013043,0.6295741068180681,52.82546200700987,0.2719344611720337,0.4148775815694543,0.00015748,0.6291744623888982,0.00081957,0,0.0
13975,0.06453022556345434,0.05443155409062855,-1.54e-06,1.1988090693025082,2.802554574748477,54.849592920174345,1.0052136313683062,21.900947367722335,0.12067054082980143,-11.809264222751944,-1.1573229341274334,-39.16133186136917,0.6295741068180681,-29.304032145191716,0.2719344611720337,0.29352567539724517,0.00015748,1.8311007966054587,0.00081957,0,0.0
13976,1.2876162749388826,3.140155072796645,-1.54e-06,1.1988090693025082,2.802554574748477,-84.30679429309497,1.0052136313683062,-17.808258658612843,0.12067054082980143,-17.90407475241847,-1.1573229341274334,35.72618559606656,0.6295741068180681,81.86741088419764,0.2719344611720337,-1.4882909595477312,0.00015748,0.21391804716125729,0.00081957,1,0.0
13977,0.210227385445086,0.08245719912366194,-1.54e-06,1.1988090693025082,2.802554574748477,75.09980528707456,1.0052136313683062,32.02653220258904,0.12067054082980143,-26.9484236894602,-1.1573229341274334,-57.7410940857502,0.6295741068180681,-31.955954134602937,0.2719344611720337,0.27644269095712426,0.00015748,2.8120499998473543,0.00081957,0,0.0
13978,-2.099930739529743e-05,0.23093986700282698,-1.54e-06,1.1988090693025082,2.802554574748477,32.30348550171168,1.0052136313683062,9.830874795901268,0.12067054082980143,-27.87250231548708,-1.1573229341274334,44.709510330366044,0.6295741068180681,-17.53635056224309,0.2719344611720337,0.9712651447525122,0.00015748,1.3388310033948587,0.00081957,0,0.0
13979,0.9347508546892097,1.538430363399613,-1.54e-06,1.1988090693025082,2.802554574748477,-60.87670361798939,1.0052136313683062,-8.419329459808463,0.12067054082980143,-36.67645491337721,-1.1573229341274334,43.87955256567186,0.6295741068180681,67.018165712731,0.2719344611720337,-0.7876440389516822,0.00015748,0.2329307313080854,0.00081957,1,0.0
13980,1.4739788749782141,0.47271053457990386,-1.54e-06,1.1988090693025082,2.802554574748477,-58.21884333940199,1.0052136313683062,10.844045174057127,0.12067054082980143,-72.8727973261633,-1.1573229341274334,8.55377985443372,0.6295741068180681,90.14504848737647,0.2719344611720337,-0.2593224737347766,0.00015748,0.25899543937880726,0.00081957,1,0.0
13981,0.0028162142988592542,0.011737615950414663,-1.54e-06,1.1988090693025082,2.802554574748477,-4.664233159731665,1.0052136313683062,10.984543376182673,0.12067054082980143,-69.85960182618253,-1.1573229341274334,67.65351332157555,0.6295741068180681,23.874727524555677,0.2719344611720337,0.40844304469437354,0.00015748,0.6461282745014892,0.00081957,0,0.0
13982,-0.006063301274841004,0.4904323418093222,-1.54e-06,1.1988090693025082,2.802554574748477,60.75508507615419,1.0052136313683062,17.19889062506188,0.12067054082980143,-30.108854985414013,-1.1573229341274334,41.36934163577727,0.6295741068180681,-36.68040117572584,0.2719344611720337,1.5200234172393912,0.00015748,2.082427643758861,0.00081957,0,0.0
13983,1.9215046484330625,0.9786757987052722,-1.54e-06,1.1988090693025082,2.802554574748477,-4.671303708581939,1.0052136313683062,36.73173965258543,0.12067054082980143,-83.38398474936035,-1.1573229341274334,-43.72384553898097,0.6295741068180681,66.15133066573286,0.2719344611720337,0.28299739972647975,0.00015748,2.1810929973968975,0.00081957,0,0.0
13984,0.3714035160468986,0.2810407978748234,-1.54e-06,1.1988090693025082,2.802554574748477,-35.66050293255273,1.0052136313683062,-2.595908084655672,0.12067054082980143,-47.3862427164787,-1.1573229341274334,59.580424851866056,0.6295741068180681,43.925278319758924,0.2719344611720337,-0.2935166417128693,0.00015748,0.29380343390036745,0.00081957,1,0.0
13985,-0.0006106062295129777,0.19802991195683203,-1.54e-06,1.1988090693025082,2.802554574748477,17.556737607309795,1.0052136313683062,6.760546279433618,0.12067054082980143,-36.09769122486477,-1.1573229341274334,62.927865584998024,0.6295741068180681,-5.964270433098881,0.2719344611720337,0.6860749087773554,0.00015748,1.2330928612868461,0.00081957,0,0.0
13986,1.0825691229408467,0.45120782553586697,-1.54e-06,1.1988090693025082,2.802554574748477,24.474280351379086,1.0052136313683062,21.36051068437524,0.12067054082980143,-6.97757614066073,-1.1573229341274334,-70.68651407780416,0.6295741068180681,6.544713337099227,0.2719344611720337,0.2973857083570032,0.00015748,1.5293462084516918,0.00081957,0,0.0
13987,0.8418711070841369,0.16348464880574556,-1.54e-06,1.1988090693025082,2.802554574748477,-48.053613126675735,1.0052136313683062,7.478468464340894,0.12067054082980143,-76.09472007464026,-1.1573229341274334,42.72527263351206,0.6295741068180681,72.27048912590934,0.2719344611720337,-0.14901039008743663,0.00015748,0.14902222437941745,0.00081957,1,0.0
13988,-5.844797792853296e-05,0.07307112875030543,-1.54e-06,1.1988090693025082,2.802554574748477,9.066540542465486,1.0052136313683062,11.527213108709446,0.12067054082980143,-60.31707324157068,-1.1573229341274334,67.0256244996211,0.6295741068180681,9.822228958232454,0.2719344611720337,0.8242411572320455,0.00015748,0.8341951112528884,0.00081957,0,0.0
13989,0.5562519475538663,0.13142797354839864,-1.54e-06,1.1988090693025082,2.802554574748477,35.35307682424544,1.0052136313683062,34.908328974599236,0.12067054082980143,-80.25069159675998,-1.1573229341274334,-7.139911774799768,0.6295741068180681,15.503167045934847,0.2719344611720337,0.2816548362939397,0.00015748,2.431130590150876,0.00081957,0,0.0
13990,0.5505845394063762,0.22768585063767038,-1.54e-06,1.1988090693025082,2.802554574748477,-37.89222510085736,1.0052136313683062,-0.9563212406657835,0.12067054082980143,-48.030860104417826,-1.1573229341274334,47.288197305127525,0.6295741068180681,49.72712946588321,0.2719344611720337,-0.20194067040673452,0.00015748,0.198893809485935,0.00081957,1,0.0
13991,0.2626648164295353,0.06241569720629957,-1.54e-06,1.1988090693025082,2.802554574748477,37.93335953229998,1.0052136313683062,25.0583970919344,0.12067054082980143,-47.3609644294176,-1.1573229341274334,-11.701694675598606,0.6295741068180681,-2.8545970254898627,0.2719344611720337,0.29010075254310685,0.00015748,1.8970725137962097,0.00081957,0,0.0
13992,1.9833491479749703,1.211619881826745,-1.54e-06,1.1988090693025082,2.802554574748477,-51.130173780628354,1.0052136313683062,17.50453971557053,0.12067054082980143,-49.45136028596684,-1.1573229341274334,-60.96116007671821,0.6295741068180681,89.29302462429708,0.2719344611720337,-0.6080222153057648,0.00015748,0.6056230024536575,0.00081957,1,0.0
13993,-0.22587070055947112,1.413306742939381,-1.54e-06,1.1988090693025082,2.802554574748477,94.88390419807209,1.0052136313683062,30.498698943482278,0.12067054082980143,-58.19664893732944,-1.1573229341274334,81.63876418340408,0.6295741068180681,-59.91962799739073,0.2719344611720337,2.591628864100685,0.00015748,2.9652631389214057,0.00081957,0,0.0
13994,-0.0002997161827260064,0.04637932575519282,-1.54e-06,1.1988090693025082,2.802554574748477,10.79699423352897,1.0052136313683062,7.697237838489992,0.12067054082980143,-32.7380427984945,-1.1573229341274334,38.224908010425295,0.6295741068180681,0.5612786356996976,0.2719344611720337,0.5885692151125281,0.00015748,0.6157108039830426,0.00081957,0,0.0
13995,-0.00020415616570046424,0.28856647681361397,-1.54e-06,1.1988090693025082,2.802554574748477,54.321267163249445,1.0052136313683062,24.802636956786007,0.12067054082980143,-53.68468468232712,-1.1573229341274334,41.02527960767226,0.6295741068180681,-23.548143033109206,0.2719344611720337,1.3530290373113847,0.00015748,2.01198207507683,0.00081957,0,0.0
13996,0.4424756565593499,0.048774146137068056,-1.54e-06,1.1988090693025082,2.802554574748477,-22.96604327428516,1.0052136313683062,4.241149074172723,0.12067054082980143,-36.3117078472826,-1.1573229341274334,16.260725372576893,0.6295741068180681,35.52856203884542,0.2719344611720337,-0.1006280109867918,0.00015748,0.10069433877128914,0.00081957,1,0.0
13997,0.0008303876752824291,0.09899413489726128,-1.54e-06,1.1988090693025082,2.802554574748477,44.20448208115854,1.0052136313683062,21.044148963353532,0.12067054082980143,-48.32352696357315,-1.1573229341274334,23.204858375743946,0.6295741068180681,-14.414615176876111,0.2719344611720337,0.7889149218866847,0.00015748,1.818487842581311,0.00081957,0,0.0
13998,0.8767101409771108,0.3642542755574013,-1.54e-06,1.1988090693025082,2.802554574748477,59.7514819601477,1.0052136313683062,32.50636136847278,0.12067054082980143,-13.386971823770308,-1.1573229341274334,-91.15533787412171,0.6295741068180681,-15.435281131189033,0.2719344611720337,0.27728927644745105,0.00015748,2.592379576656054,0.00081957,0,0.0
13999,0.00026882996151478267,0.0938959544035954,-1.54e-06,1.1988090693025082,2.802554574748477,49.70543016233343,1.0052136313683062,30.608739197307596,0.12067054082980143,-86.62356827933719,-1.1573229341274334,42.67395149277669,0.6295741068180681,-4.417121511852246,0.2719344611720337,0.8280956797498552,0.00015748,2.465059185105321,0.00081957,0,0.0
14000,0.27535034632478955,0.009811387473559464,-1.54e-06,1.4316556398362377,4.7704629790217785,-39.34668888500888,1.0052136313683062,8.54254710959071,0.12067054082980143,-12.61960617230225,-1.1573229341274334,-66.99769078382322,0.6295741068180681,39.33910339565384,0.2719344611720337,-0.03981685886520348,0.00015748,0.04008495635692295,0.00081957,1,0.0
14001,0.18671737275741218,0.002766448841023769,-1.54e-06,1.4316556398362377,4.7704629790217785,-28.206785666671706,1.0052136313683062,2.5893056374990637,0.12067054082980143,-7.61393933178886,-1.1573229341274334,-46.34667862168277,0.6295741068180681,29.360537732051213,0.2719344611720337,-0.005585342465699663,0.00015748,0.005639043707066062,0.00081957,1,0.0
14002,0.15107242593106918,0.016830510918686314,-1.54e-06,1.4316556398362377,4.7704629790217785,-47.95212260400565,1.0052136313683062,12.218518981591213,0.12067054082980143,-77.80301371938283,-1.1573229341274334,-19.919488860039966,0.6295741068180681,62.66032516145918,0.2719344611720337,-0.08539207007819219,0.00015748,0.08554441072792601,0.00081957,1,0.0
14003,0.3718919981489576,0.05351124870261677,-1.54e-06,1.4316556398362377,4.7704629790217785,-71.0357793636971,1.0052136313683062,-9.459689068394173,0.12067054082980143,-12.211911044747216,-1.1573229341274334,50.07846809517049,0.6295741068180681,57.65761833132516,0.2719344611720337,-0.09649167958819647,0.00015748,0.0969056720545197,0.00081957,1,0.0
14004,7.078963430995344e-07,0.1378358898947329,-1.54e-06,1.4316556398362377,4.7704629790217785,70.10674764761353,1.0052136313683062,21.687328838860207,0.12067054082980143,-38.94625441950315,-1.1573229341274334,48.47583091451044,0.6295741068180681,-28.06660059105578,0.2719344611720337,0.09915785507664175,0.00015748,0.26859958235137715,0.00081957,0,0.0
14005,0.3801936742606603,0.03548991105610908,-1.54e-06,1.4316556398362377,4.7704629790217785,-92.5254055644627,1.0052136313683062,-2.0371482083259265,0.12067054082980143,-64.44678531969706,-1.1573229341274334,99.4007905819558,0.6295741068180681,83.50428927742784,0.2719344611720337,-0.06750888039151955,0.00015748,0.06782485723004501,0.00081957,1,0.0
14006,0.037935339235643656,0.006861765147232133,-1.54e-06,1.4316556398362377,4.7704629790217785,-20.797774675250412,1.0052136313683062,9.881345066356126,0.12067054082980143,-48.960748947484845,-1.1573229341274334,3.436308675427435,0.6295741068180681,28.891656587900993,0.2719344611720337,-0.05428148265179102,0.00015748,0.054429536605209126,0.00081957,1,0.0
14007,0.0015788339308967572,0.03269149822565855,-1.54e-06,1.4316556398362377,4.7704629790217785,2.0431023156698798,1.0052136313683062,4.283254364557557,0.12067054082980143,-19.52152959576415,-1.1573229341274334,74.87561768940353,0.6295741068180681,-1.9513259630726747,0.2719344611720337,-0.008805157840599029,0.00015748,0.06596823135146913,0.00081957,1,0.0
14008,0.090792632833726,0.005125480116895734,-1.54e-06,1.4316556398362377,4.7704629790217785,-45.53957541369891,1.0052136313683062,10.643518998799024,0.12067054082980143,-82.55630793149442,-1.1573229341274334,57.137275504215545,0.6295741068180681,53.14245659997299,0.2719344611720337,-0.04894011696015909,0.00015748,0.049052155082251823,0.00081957,1,0.0
14009,0.6674316096586315,0.22485657892963806,-1.54e-06,1.4316556398362377,4.7704629790217785,-11.380426570204223,1.0052136313683062,22.275885716396346,0.12067054082980143,-45.74324898469173,-1.1573229341274334,-64.30060156954686,0.6295741068180681,59.0213097673599,0.2719344611720337,0.1633138631748249,0.00015748,0.2949430780814015,0.00081957,0,0.0
14010,0.5056487305331433,0.21681775353950275,-1.54e-06,1.4316556398362377,4.7704629790217785,53.96169318328257,1.0052136313683062,34.520332798589706,0.12067054082980143,-84.36056436095134,-1.1573229341274334,76.28987157554954,0.6295741068180681,19.803802351302448,0.2719344611720337,0.26990583443178173,0.00015748,0.4615802695581347,0.00081957,0,0.0
14011,0.0003591676960890411,0.05530427347899355,-1.54e-06,1.4316556398362377,4.7704629790217785,-5.363260831856781,1.0052136313683062,17.605732861295497,0.12067054082980143,-73.95288225023683,-1.1573229341274334,49.340162255006895,0.6295741068180681,23.112518805827026,0.2719344611720337,-0.036425634371753564,0.00015748,0.12313871309713789,0.00081957,1,0.0
14012,0.07749799327077309,0.0028001493703489326,-1.54e-06,1.4316556398362377,4.7704629790217785,-41.869017207502566,1.0052136313683062,8.827379548910635,0.12067054082980143,-74.98225649032717,-1.1573229341274334,66.8129071933217,0.6295741068180681,47.111291447243175,0.2719344611720337,-0.03636932758774543,0.00015748,0.036457742829194506,0.00081957,1,0.0
14013,0.1622117797533486,0.1842478472810978,-1.54e-06,1.4316556398362377,4.7704629790217785,92.70095342150076,1.0052136313683062,37.40619766687181,0.12067054082980143,-86.068970987061,-1.1573229341274334,79.94065294064823,0.6295741068180681,-17.191693465847674,0.2719344611720337,0.18088310091188275,0.00015748,0.47641250491309983,0.00081957,0,0.0
14014,0.26931128065112575,0.10975094194022932,-1.54e-06,1.4316556398362377,4.7704629790217785,-27.48249704755469,1.0052136313683062,19.841024936669893,0.12067054082980143,-100.0,-1.1573229341274334,59.62372354356318,0.6295741068180681,58.906961203878275,0.2719344611720337,0.04017212205631243,0.00015748,0.19075130777088023,0.00081957,0,0.0
14015,0.10822736805530708,0.12529463001331229,-1.54e-06,1.4316556398362377,4.7704629790217785,6.54474322377319,1.0052136313683062,27.47162231430299,0.12067054082980143,-84.53656185604493,-1.1573229341274334,-36.89257061105325,0.6295741068180681,32.93405494111921,0.2719344611720337,-0.05227083796664975,0.00015748,0.24893524938132763,0.00081957,1,0.0
14016,0.26493614413457506,0.009598110926632542,-1.54e-06,1.4316556398362377,4.7704629790217785,-49.72649382190724,1.0052136313683062,12.352901613586647,0.12067054082980143,-47.77628509896129,-1.1573229341274334,-80.03322714100089,0.6295741068180681,60.45966259748641,0.2719344611720337,-0.06522360455625756,0.00015748,0.06521747546826237,0.00081957,1,0.0
14017,0.3521432650140395,0.010137802761697179,-1.54e-06,1.4316556398362377,4.7704629790217785,-78.40883257544125,1.0052136313683062,14.18885565739211,0.12067054082980143,-79.79310823885676,-1.1573229341274334,-26.844982132105073,0.6295741068180681,86.6130528297286,0.2719344611720337,-0.05501768089704905,0.00015748,0.05513829745272173,0.00081957,1,0.0
14018,0.0013879414790915479,0.10348171649116487,-1.54e-06,1.4316556398362377,4.7704629790217785,51.22072972077249,1.0052136313683062,14.331563370538024,0.12067054082980143,-15.504277691322981,-1.1573229341274334,35.86951471238454,0.6295741068180681,-26.382675338784118,0.2719344611720337,0.08344116242968519,0.00015748,0.164238434187214,0.00081957,0,0.0
14019,0.0008648583663431464,0.03431847363428809,-1.54e-06,1.4316556398362377,4.7704629790217785,-6.9436725858192885,1.0052136313683062,17.274467182546136,0.12067054082980143,-50.379432744850185,-1.1573229341274334,-64.78790447198377,0.6295741068180681,24.199128349485957,0.2719344611720337,-0.11107888567478369,0.00015748,0.11474538122476952,0.00081957,1,0.0
14020,0.04936541233725269,0.0010910946384788214,-1.54e-06,1.4316556398362377,4.7704629790217785,-24.82651025432046,1.0052136313683062,0.39719360741982607,0.12067054082980143,-33.41208822986599,-1.1573229341274334,63.561377155476976,0.6295741068180681,23.128951593735643,0.2719344611720337,-0.013620942208989606,0.00015748,0.013696345652431855,0.00081957,1,0.0
14021,0.23820407910857933,0.004411982097172772,-1.54e-06,1.4316556398362377,4.7704629790217785,-59.47033500790601,1.0052136313683062,9.01369844233096,0.12067054082980143,-64.980828512731,-1.1573229341274334,8.954005219783916,0.6295741068180681,64.42327242038267,0.2719344611720337,-0.03185873315289815,0.00015748,0.031854776780797026,0.00081957,1,0.0
14022,0.07510773626366768,0.00047461547679581595,-1.54e-06,1.4316556398362377,4.7704629790217785,-15.2838471153265,1.0052136313683062,1.4102717571581722,0.12067054082980143,-11.295221498665217,-1.1573229341274334,-5.553509515473484,0.6295741068180681,16.034680805562108,0.2719344611720337,-0.0033428050004716556,0.00015748,0.0033756501606362803,0.00081957,1,0.0
14023,0.001322088107786501,0.14183178535230168,-1.54e-06,1.4316556398362377,4.7704629790217785,50.51298104177621,1.0052136313683062,25.793151561283974,0.12067054082980143,-78.73816582202942,-1.1573229341274334,80.0935461049551,0.6295741068180681,-5.542637187332533,0.2719344611720337,0.06578463633325639,0.00015748,0.2856143146670931,0.00081957,0,0.0
14024,8.001733687078294e-05,0.049826969789529316,-1.54e-06,1.4316556398362377,4.7704629790217785,0.21872465642923872,1.0052136313683062,-5.223817609553337,0.12067054082980143,-20.449526334932134,-1.1573229341274334,65.79279654381872,0.6295741068180681,7.665360332008996,0.2719344611720337,-0.018176541336729447,0.00015748,0.09300632110180043,0.00081957,1,0.0
14025,0.02073986533453564,0.0006562712523540496,-1.54e-06,1.4316556398362377,4.7704629790217785,-19.624823990050658,1.0052136313683062,4.163102352180345,0.12067054082980143,-39.32404221589305,-1.1573229341274334,44.16109521578784,0.6295741068180681,21.94905934396461,0.2719344611720337,-0.01684188561611809,0.00015748,0.01688529971925801,0.00081957,1,0.0
14026,0.01212546188100553,0.0003713952218971225,-1.54e-06,1.4316556398362377,4.7704629790217785,-24.432280621959574,1.0052136313683062,3.5206444499454475,0.12067054082980143,-49.087091507671914,-1.1573229341274334,75.41164396976455,0.6295741068180681,25.539892362352738,0.2719344611720337,-0.0114750134760338,0.00015748,0.011476793529932855,0.00081957,1,0.0
14027,0.0015916860512573128,0.0880003805275541,-1.54e-06,1.4316556398362377,4.7704629790217785,37.992608575322635,1.0052136313683062,20.596966695651684,0.12067054082980143,-11.989853954161473,-1.1573229341274334,-97.88789542924505,0.6295741068180681,-12.787831085051986,0.2719344611720337,-0.04758053392443243,0.00015748,0.1725274806552217,0.00081957,1,0.0
14028,0.1325362746480096,0.0017397132296822508,-1.54e-06,1.4316556398362377,4.7704629790217785,-14.314353903642262,1.0052136313683062,4.142045936333451,0.12067054082980143,-1e-20,-1.1573229341274334,-72.14560871349654,0.6295741068180681,18.39606461245096,0.2719344611720337,-0.024540923164654893,0.00015748,0.024599972593939513,0.00081957,1,0.0
14029,0.0003189675477962006,0.05896751597092556,-1.54e-06,1.4316556398362377,4.7704629790217785,29.165903110250813,1.0052136313683062,14.676327201306682,0.12067054082980143,-5.6527511972050934,-1.1573229341274334,-65.17829665416984,0.6295741068180681,-12.070330470443064,0.2719344611720337,-0.026733223639363653,0.00015748,0.12048768745747965,0.00081957,1,0.0
14030,0.13016649026488408,0.014240132452113433,-1.54e-06,1.4316556398362377,4.7704629790217785,-43.382826130140266,1.0052136313683062,15.041589806342273,0.12067054082980143,-77.69887875320133,-1.1573229341274334,-10.243239916107902,0.6295741068180681,56.28620701588005,0.2719344611720337,-0.08202602123306871,0.00015748,0.0824975740150021,0.00081957,1,0.0
14031,0.0716324188129362,0.11240475426928018,-1.54e-06,1.4316556398362377,4.7704629790217785,4.565788616401767,1.0052136313683062,6.452300126524543,0.12067054082980143,-57.01112882713061,-1.1573229341274334,23.421821589355034,0.6295741068180681,25.994870620312852,0.2719344611720337,-0.023300154403219878,0.00015748,0.20315211285806783,0.00081957,1,0.0
14032,0.11260841187334797,0.003066107979098433,-1.54e-06,1.4316556398362377,4.7704629790217785,-46.04526456508926,1.0052136313683062,8.915394553234613,0.12067054082980143,-73.9233450420161,-1.1573229341274334,51.545247848263216,0.6295741068180681,51.90160828671936,0.2719344611720337,-0.037446820754697754,0.00015748,0.03743693459840014,0.00081957,1,0.0
14033,0.1845515470579941,0.17132674596442815,-1.54e-06,1.4316556398362377,4.7704629790217785,74.79119865023664,1.0052136313683062,27.36483070798351,0.12067054082980143,-44.27687705924783,-1.1573229341274334,20.842834136398416,0.6295741068180681,-17.242611166018865,0.2719344611720337,0.15286623141260985,0.00015748,0.36346358618771574,0.00081957,0,0.0
14034,0.47863190614066964,0.025363629019333724,-1.54e-06,1.4316556398362377,4.7704629790217785,-87.64278095341615,1.0052136313683062,3.564874597549731,0.12067054082980143,-41.34957801866057,-1.1573229341274334,-36.160121602208456,0.6295741068180681,86.0109092250235,0.2719344611720337,-0.021351836636865105,0.00015748,0.02161626012124457,0.00081957,1,0.0
14035,0.07379645913591394,0.0050917165904947265,-1.54e-06,1.4316556398362377,4.7704629790217785,-3.1315753477939783,1.0052136313683062,7.423878163197162,0.12067054082980143,-1.2678574787643528,-1.1573229341274334,-84.235767976485,0.6295741068180681,10.132580518726796,0.2719344611720337,-0.04734217508895135,0.00015748,0.04742876619896342,0.00081957,1,0.0
14036,0.22631601097072795,0.005650470796843748,-1.54e-06,1.4316556398362377,4.7704629790217785,-72.29702939068986,1.0052136313683062,13.071594026895472,0.12067054082980143,-98.73947011103755,-1.1573229341274334,64.14989454689243,0.6295741068180681,77.59702473277007,0.2719344611720337,-0.047423810227796084,0.00015748,0.04750875903176871,0.00081957,1,0.0
14037,0.27021015955136385,0.1716800527443885,-1.54e-06,1.4316556398362377,4.7704629790217785,15.822073343786375,1.0052136313683062,34.85545758654413,0.12067054082980143,-83.66239284871668,-1.1573229341274334,-67.96748593291616,0.6295741068180681,36.31626811586705,0.2719344611720337,0.0026949091646524814,0.00015748,0.32922320281670775,0.00081957,0,0.0
14038,0.2002153214174328,0.0068911175025909675,-1.54e-06,1.4316556398362377,4.7704629790217785,-51.586264224451845,1.0052136313683062,2.81417240913372,0.12067054082980143,-50.87459033965309,-1.1573229341274334,13.58788032535801,0.6295741068180681,55.749532826825835,0.2719344611720337,-0.021291472888206764,0.00015748,0.021360172804353462,0.00081957,1,0.0
14039,0.19965354195049112,0.0072422832823639755,-1.54e-06,1.4316556398362377,4.7704629790217785,-52.23302862517359,1.0052136313683062,0.7635513413490372,0.12067054082980143,-44.831710934073065,-1.1573229341274334,54.37717963815653,0.6295741068180681,49.577387204801255,0.2719344611720337,-0.022900379319789485,0.00015748,0.023145022179661516,0.00081957,1,0.0
14040,0.32840341228840886,0.020236082116909436,-1.54e-06,1.4316556398362377,4.7704629790217785,-71.57896358031958,1.0052136313683062,19.74445898601668,0.12067054082980143,-86.03361218540094,-1.1573229341274334,-73.24071192972019,0.6295741068180681,86.97710222431269,0.2719344611720337,-0.09843802590286373,0.00015748,0.09879295171261028,0.00081957,1,0.0
14041,0.00045889024610801243,0.06271856302616713,-1.54e-06,1.4316556398362377,4.7704629790217785,-7.414006536350409,1.0052136313683062,21.76382205244611,0.12067054082980143,-80.71376633798243,-1.1573229341274334,33.01768295716304,0.6295741068180681,26.220177871477393,0.2719344611720337,-0.06480926557341142,0.00015748,0.1392787491376446,0.00081957,1,0.0
14042,0.19626530385534252,0.02411246567076196,-1.54e-06,1.4316556398362377,4.7704629790217785,-57.71259704539509,1.0052136313683062,-6.12269489175725,0.12067054082980143,-47.136706280226456,-1.1573229341274334,69.22889975412244,0.6295741068180681,56.43066630460338,0.2719344611720337,-0.04849804062627064,0.00015748,0.04834477635221848,0.00081957,1,0.0
14043,0.17379636655217173,0.010808249344908571,-1.54e-06,1.4316556398362377,4.7704629790217785,-29.8990577029617,1.0052136313683062,12.882992924523398,0.12067054082980143,-35.76852079524373,-1.1573229341274334,-85.6950766999276,0.6295741068180681,41.10867876136534,0.2719344611720337,-0.072938578534419,0.00015748,0.07291777788519897,0.00081957,1,0.0
14044,0.0008131574765132821,0.08571619312190815,-1.54e-06,1.4316556398362377,4.7704629790217785,16.597625420958234,1.0052136313683062,17.44826496505935,0.12067054082980143,-65.68126364028636,-1.1573229341274334,77.11941703277964,0.6295741068180681,7.138279492852381,0.2719344611720337,0.027071280359681232,0.00015748,0.15668547773648295,0.00081957,0,0.0
14045,0.1341360593275367,0.0048480241107148655,-1.54e-06,1.4316556398362377,4.7704629790217785,-28.850632183956666,1.0052136313683062,9.811225602060935,0.12067054082980143,-37.32347873445264,-1.1573229341274334,-34.795682617778006,0.6295741068180681,35.76469039692001,0.2719344611720337,-0.04798880678417687,0.00015748,0.04813910177387973,0.00081957,1,0.0
14046,0.37422004131468833,0.014805710604581312,-1.54e-06,1.4316556398362377,4.7704629790217785,-78.84532016458799,1.0052136313683062,17.045866538933016,0.12067054082980143,-81.33181994206427,-1.1573229341274334,-64.11372995365251,0.6295741068180681,90.97505642075853,0.2719344611720337,-0.07687011330718638,0.00015748,0.0769579840130038,0.00081957,1,0.0
14047,-2.6851908218855636e-05,0.08335712570964188,-1.54e-06,1.4316556398362377,4.7704629790217785,23.223431096842063,1.0052136313683062,16.433527772819478,0.12067054082980143,-48.43492618097629,-1.1573229341274334,50.689100010523376,0.6295741068180681,-1.063944102641242,0.2719344611720337,0.027316068665723607,0.00015748,0.14888559264232998,0.00081957,0,0.0
14048,0.34213206485413866,0.01708248104457036,-1.54e-06,1.4316556398362377,4.7704629790217785,-73.44055056133362,1.0052136313683062,1.2594062380391289,0.12067054082980143,-47.10722473478037,-1.1573229341274334,24.60319775036093,0.6295741068180681,70.44287064615885,0.2719344611720337,-0.0277272336704027,0.00015748,0.028021688611364188,0.00081957,1,0.0
14049,0.4224373172601575,0.013764518841364473,-1.54e-06,1.4316556398362377,4.7704629790217785,-67.27545964769384,1.0052136313683062,6.667576065527919,0.12067054082980143,-25.643115828032013,-1.1573229341274334,-96.83711988619851,0.6295741068180681,70.80546107384349,0.2719344611720337,-0.016906753137824932,0.00015748,0.01718124313467104,0.00081957,1,0.0
14050,0.1692673931598062,0.04251341580479601,-1.54e-06,1.4316556398362377,4.7704629790217785,-44.152395759324946,1.0052136313683062,23.078690356222918,0.12067054082980143,-86.04245324988598,-1.1573229341274334,-88.89047882355625,0.6295741068180681,66.20503551871514,0.2719344611720337,-0.1411004550106741,0.00015748,0.14118408526432902,0.00081957,1,0.0
14051,0.0019588086236609903,0.096123797779883,-1.54e-06,1.4316556398362377,4.7704629790217785,51.11750297107535,1.0052136313683062,18.46145463649307,0.12067054082980143,-0.0221840829062549,-1.1573229341274334,-89.99758260208533,0.6295741068180681,-23.575598014368907,0.2719344611720337,-0.010042687107246664,0.00015748,0.18247005433539476,0.00081957,1,0.0
14052,0.06702434596402214,0.05226851282866633,-1.54e-06,1.4316556398362377,4.7704629790217785,9.675939658297857,1.0052136313683062,11.171529355900017,0.12067054082980143,-21.659678031560023,-1.1573229341274334,-24.015734429848298,0.6295741068180681,6.145430774071055,0.2719344611720337,0.0008000734392375336,0.00015748,0.10204182263260834,0.00081957,0,0.0
14053,0.6752679868800482,0.24807427238468893,-1.54e-06,1.4316556398362377,4.7704629790217785,72.6529910835379,1.0052136313683062,38.776637176404336,0.12067054082980143,-53.020523666353604,-1.1573229341274334,16.00138997439835,0.6295741068180681,9.155746847479728,0.2719344611720337,0.3444765084344682,0.00015748,0.5129299083445307,0.00081957,0,0.0
14054,0.001092439558283996,0.0021553884880066983,-1.54e-06,1.4316556398362377,4.7704629790217785,-7.072402304736353,1.0052136313683062,-2.7556443527693917,0.12067054082980143,-6.119627042154832,-1.1573229341274334,51.431355469960984,0.6295741068180681,2.3787322889492573,0.2719344611720337,-0.029947944860528,0.00015748,0.02995624520096258,0.00081957,1,0.0
14055,0.2456882681743473,0.019452703720391228,-1.54e-06,1.4316556398362377,4.7704629790217785,-60.44574413589637,1.0052136313683062,18.35789498474208,0.12067054082980143,-77.64606304473837,-1.1573229341274334,13.432243562885834,0.6295741068180681,64.33706776276017,0.2719344611720337,-0.08052946846877988,0.00015748,0.08106450316070139,0.00081957,1,0.0
14056,5.638715529102112e-05,0.06850273144940594,-1.54e-06,1.4316556398362377,4.7704629790217785,6.836965748921663,1.0052136313683062,16.666397828466295,0.12067054082980143,-64.24327775107747,-1.1573229341274334,42.629755069095545,0.6295741068180681,14.614288681343265,0.2719344611720337,-0.013244784649210029,0.00015748,0.13995815551642193,0.00081957,1,0.0
14057,0.196887231604719,0.007649151658818745,-1.54e-06,1.4316556398362377,4.7704629790217785,-44.44386084805666,1.0052136313683062,12.21398836006638,0.12067054082980143,-55.17906418696846,-1.1573229341274334,-40.07120455777271,0.6295741068180681,53.966455054395276,0.2719344611720337,-0.061009612021721116,0.00015748,0.0610530296823502,0.00081957,1,0.0
14058,6.801001708936494e-05,0.11859587617778507,-1.54e-06,1.4316556398362377,4.7704629790217785,70.21365161372641,1.0052136313683062,17.05359862079285,0.12067054082980143,-0.1385222082640962,-1.1573229341274334,-29.718157161255416,0.6295741068180681,-36.74952241202338,0.2719344611720337,0.06688696779466016,0.00015748,0.2159278096464234,0.00081957,0,0.0
14059,0.19098998901329192,0.006994409141800609,-1.54e-06,1.4316556398362377,4.7704629790217785,-55.977899482801746,1.0052136313683062,1.5654590786605063,0.12067054082980143,-54.884315042995574,-1.1573229341274334,78.93091528876268,0.6295741068180681,52.55355631960089,0.2719344611720337,-0.028635285919117508,0.00015748,0.0286319801528052,0.00081957,1,0.0
14060,0.19869590730607098,0.003279891050476339,-1.54e-06,1.4316556398362377,4.7704629790217785,-44.57930952465524,1.0052136313683062,4.209271977754097,0.12067054082980143,-37.788375134819056,-1.1573229341274334,6.353543398515094,0.6295741068180681,45.54565420669957,0.2719344611720337,-0.010178862176392375,0.00015748,0.010247912021347031,0.00081957,1,0.0
14061,0.5906602745079043,0.285498451923077,-1.54e-06,1.4316556398362377,4.7704629790217785,43.71715189375514,1.0052136313683062,57.734874484597626,0.12067054082980143,-92.738268587119,-1.1573229341274334,-55.47700757314246,0.6295741068180681,30.293876365249123,0.2719344611720337,0.15569174214614973,0.00015748,0.506216425994312,0.00081957,0,0.0
14062,0.06120772661536422,0.17944571774943519,-1.54e-06,1.4316556398362377,4.7704629790217785,72.55060438795738,1.0052136313683062,32.183450966210536,0.12067054082980143,-68.95133423513747,-1.1573229341274334,5.630881534993664,0.6295741068180681,-12.236015782538638,0.2719344611720337,0.06433123293215859,0.00015748,0.3813484058368039,0.00081957,0,0.0
14063,0.028450864611489754,0.01178021446290949,-1.54e-06,1.4316556398362377,4.7704629790217785,-3.822537663658921,1.0052136313683062,10.123041332233747,0.12067054082980143,-21.24454729564217,-1.1573229341274334,-37.78118105539051,0.6295741068180681,11.19219665405048,0.2719344611720337,-0.05037964228971736,0.00015748,0.057724714197248714,0.00081957,1,0.0
14064,0.0001828656602164691,0.10183166678378434,-1.54e-06,1.4316556398362377,4.7704629790217785,57.6937057857396,1.0052136313683062,13.39635698406085,0.12067054082980143,-1.482888407520475,-1.1573229341274334,-5.243435639370988,0.6295741068180681,-31.15771354392461,0.2719344611720337,0.07026955970012794,0.00015748,0.17159344836545545,0.00081957,0,0.0
14065,0.5959487555625593,0.23802892169998313,-1.54e-06,1.4316556398362377,4.7704629790217785,30.213671450805,1.0052136313683062,44.761386296922815,0.12067054082980143,-92.43951692314681,-1.1573229341274334,-56.13134684026092,0.6295741068180681,45.86196805880203,0.2719344611720337,0.1625478880902441,0.00015748,0.47532974411332496,0.00081957,0,0.0
14066,0.0009425999608028701,0.004538827524426681,-1.54e-06,1.4316556398362377,4.7704629790217785,-17.64904497519761,1.0052136313683062,8.344268579726739,0.12067054082980143,-48.892501142330154,-1.1573229341274334,36.60253583751798,0.6295741068180681,22.846173611711414,0.2719344611720337,-0.0405886492338602,0.00015748,0.040832030289985735,0.00081957,1,0.0
14067,0.00021277861160451383,0.013493029008338302,-1.54e-06,1.4316556398362377,4.7704629790217785,-2.448229128857248,1.0052136313683062,8.636247425553542,0.12067054082980143,-25.034357287947756,-1.1573229341274334,5.786043254685669,0.6295741068180681,7.226040808371551,0.2719344611720337,-0.03278259265042219,0.00015748,0.04855956707851382,0.00081957,1,0.0
14068,0.16217245121362303,0.0025626829515386093,-1.54e-06,1.4316556398362377,4.7704629790217785,-19.52497668394425,1.0052136313683062,5.358643656588694,0.12067054082980143,-4.211669626912887,-1.1573229341274334,-80.81705585101865,0.6295741068180681,24.501329786514916,0.2719344611720337,-0.03018373288750334,0.00015748,0.030174161934509287,0.00081957,1,0.0
14069,0.5342528452594616,0.20779011068789385,-1.54e-06,1.4316556398362377,4.7704629790217785,-3.701965337845391,1.0052136313683062,41.89610876977108,0.12067054082980143,-90.78887400325107,-1.1573229341274334,-80.01180914344519,0.6295741068180681,59.25579645640756,0.2719344611720337,0.06685344723947445,0.00015748,0.359599838250892,0.00081957,0,0.0
14070,0.20435580637188208,0.003350325886347605,-1.54e-06,1.4316556398362377,4.7704629790217785,-24.111503746137146,1.0052136313683062,6.027663061966048,0.12067054082980143,-2.323199577300171,-1.1573229341274334,-95.30022607569535,0.6295741068180681,28.86907463111488,0.2719344611720337,-0.029855556562327464,0.00015748,0.02984871932682887,0.00081957,1,0.0
14071,0.00044510440973744014,0.10595902190424275,-1.54e-06,1.4316556398362377,4.7704629790217785,49.12182595646973,1.0052136313683062,19.691107837877603,0.12067054082980143,-19.168469399339394,-1.1573229341274334,-46.228369073785494,0.6295741068180681,-18.40392681427937,0.2719344611720337,0.007631495121870904,0.00015748,0.20057899652484928,0.00081957,0,0.0
14072,0.0004118336792908739,0.060264726597217946,-1.54e-06,1.4316556398362377,4.7704629790217785,-24.293112078049035,1.0052136313683062,23.06366636512576,0.12067054082980143,-82.04104042943946,-1.1573229341274334,86.61364893830147,0.6295741068180681,26.229049845575386,0.2719344611720337,-0.11926435891594331,0.00015748,0.12415219110225129,0.00081957,1,0.0
14073,-0.00010391765697087552,0.0360811784945316,-1.54e-06,1.4316556398362377,4.7704629790217785,-6.21480306400055,1.0052136313683062,11.390361364919343,0.12067054082980143,-55.1603538921453,-1.1573229341274334,64.09660874633906,0.6295741068180681,16.295960508167887,0.2719344611720337,-0.011094821031337278,0.00015748,0.07666232006990151,0.00081957,1,0.0
14074,0.12884111198752052,0.16369621245353314,-1.54e-06,1.4316556398362377,4.7704629790217785,56.02847886965935,1.0052136313683062,29.49437864445052,0.12067054082980143,-74.31418654674734,-1.1573229341274334,48.331357520734784,0.6295741068180681,-1.7481298621120074,0.2719344611720337,0.10359504139246636,0.00015748,0.34234753509852034,0.00081957,0,0.0
14075,0.20798676204279443,0.20631067672944958,-1.54e-06,1.4316556398362377,4.7704629790217785,45.20203491813879,1.0052136313683062,39.31364819637089,0.12067054082980143,-80.3837675413493,-1.1573229341274334,-86.21082868039439,0.6295741068180681,18.17581173558736,0.2719344611720337,0.002572976914444719,0.00015748,0.4005516271952553,0.00081957,0,0.0
14076,0.5442624404504233,0.23252149483680448,-1.54e-06,1.4316556398362377,4.7704629790217785,20.641590502620296,1.0052136313683062,42.791533658550094,0.12067054082980143,-96.44990935299637,-1.1573229341274334,-79.36404987944765,0.6295741068180681,52.86063976675577,0.2719344611720337,0.10412992855610614,0.00015748,0.45688322446526075,0.00081957,0,0.0
14077,0.03490520137693165,0.16583150570350483,-1.54e-06,1.4316556398362377,4.7704629790217785,26.50207759246056,1.0052136313683062,33.038104825033386,0.12067054082980143,-93.04897474022073,-1.1573229341274334,-41.84767867935808,0.6295741068180681,21.8032682046006,0.2719344611720337,-0.06895475867549414,0.00015748,0.3071322226492903,0.00081957,1,0.0
14078,0.00020345053027109872,0.11899052325811525,-1.54e-06,1.4316556398362377,4.7704629790217785,39.71205122455321,1.0052136313683062,20.635702521699038,0.12067054082980143,-67.79211541407531,-1.1573229341274334,92.88743865151096,0.6295741068180681,-4.896940038401556,0.2719344611720337,0.07152646808557117,0.00015748,0.22257906499805846,0.00081957,0,0.0
14079,0.0003789195993986194,0.07487684557562901,-1.54e-06,1.4316556398362377,4.7704629790217785,-6.90427950381149,1.0052136313683062,24.681261410069645,0.12067054082980143,-80.4707948016704,-1.1573229341274334,-38.97323541357194,0.6295741068180681,31.86630430551562,0.2719344611720337,-0.11809638724266304,0.00015748,0.1680389561662038,0.00081957,1,0.0
14080,0.00010994284360993367,0.11953718838168066,-1.54e-06,1.4316556398362377,4.7704629790217785,52.66512867180795,1.0052136313683062,21.841942859638415,0.12067054082980143,-29.412168371049095,-1.1573229341274334,-32.831606171271964,0.6295741068180681,-17.39329702854703,0.2719344611720337,0.014873097325847004,0.00015748,0.2282907796857222,0.00081957,0,0.0
14081,0.4568700914653992,0.30718208219001597,-1.54e-06,1.4316556398362377,4.7704629790217785,-64.50241122650894,1.0052136313683062,19.070473844457727,0.12067054082980143,-5.044396560447336,-1.1573229341274334,66.89145341904906,0.6295741068180681,31.97831900308161,0.2719344611720337,-0.2846432223113083,0.00015748,0.2859630465365299,0.00081957,1,0.0
14082,0.3860476081236406,0.015585420095979083,-1.54e-06,1.4316556398362377,4.7704629790217785,-71.18776403429636,1.0052136313683062,4.064495819866382,0.12067054082980143,-35.8020858545825,-1.1573229341274334,-26.86228020611952,0.6295741068180681,69.70952790864861,0.2719344611720337,-0.020723812962776044,0.00015748,0.020633811554444364,0.00081957,1,0.0
14083,9.120248800131847e-05,0.12053448488210676,-1.54e-06,1.4316556398362377,4.7704629790217785,63.31229552708645,1.0052136313683062,19.965852027532403,0.12067054082980143,-13.584390349219461,-1.1573229341274334,-33.91575251110141,0.6295741068180681,-28.543432603938648,0.2719344611720337,0.042209005265424135,0.00015748,0.22522520423163495,0.00081957,0,0.0
14084,0.3662832692790243,0.2075052834181792,-1.54e-06,1.4316556398362377,4.7704629790217785,64.65204048006211,1.0052136313683062,20.048083166935758,0.12067054082980143,-41.874901770378244,-1.1573229341274334,80.54746035669753,0.6295741068180681,-4.988360790478055,0.2719344611720337,0.2403309173149366,0.00015748,0.39466789352084586,0.00081957,0,0.0
14085,0.00026473147438682565,0.07476773008498322,-1.54e-06,1.4316556398362377,4.7704629790217785,3.803888338136338,1.0052136313683062,24.2127055966769,0.12067054082980143,-56.31708150334317,-1.1573229341274334,-88.97734141615885,0.6295741068180681,20.639884537668554,0.2719344611720337,-0.1255696763849729,0.00015748,0.16662333029633686,0.00081957,1,0.0
14086,0.0012160791855617137,0.03870897993283916,-1.54e-06,1.4316556398362377,4.7704629790217785,-8.065464689155982,1.0052136313683062,16.36691042013827,0.12067054082980143,-60.60298518199813,-1.1573229341274334,-11.528511227731913,0.6295741068180681,24.845637587693012,0.2719344611720337,-0.07632483469960344,0.00015748,0.11171027114195531,0.00081957,1,0.0
14087,-2.225169209973954e-05,0.1123905856137044,-1.54e-06,1.4316556398362377,4.7704629790217785,19.72333429478694,1.0052136313683062,25.915659517661187,0.12067054082980143,-69.98124402431296,-1.1573229341274334,-32.80994125565736,0.6295741068180681,14.23112109665471,0.2719344611720337,-0.06568980850264353,0.00015748,0.22062034924330384,0.00081957,1,0.0
14088,0.2552570960273689,0.008259735184525729,-1.54e-06,1.4316556398362377,4.7704629790217785,-44.61414358667525,1.0052136313683062,11.886443466190254,0.12067054082980143,-39.1923825433663,-1.1573229341274334,-84.18612275462984,0.6295741068180681,54.06808027504826,0.2719344611720337,-0.05964255983816432,0.00015748,0.05983258096612242,0.00081957,1,0.0
14089,0.20611543282546557,0.007695061140660155,-1.54e-06,1.4316556398362377,4.7704629790217785,-50.00672458727486,1.0052136313683062,0.37516924795647644,0.12067054082980143,-37.98044715258081,-1.1573229341274334,42.215568674099465,0.6295741068180681,47.057730999573,0.2719344611720337,-0.024455301386663915,0.00015748,0.024377180798496198,0.00081957,1,0.0
14090,0.0004244980311392532,0.09617024260234039,-1.54e-06,1.4316556398362377,4.7704629790217785,53.14871516798879,1.0052136313683062,11.740589931057508,0.12067054082980143,-1.5990999657681022,-1.1573229341274334,9.621213609365226,0.6295741068180681,-29.748938446363837,0.2719344611720337,0.07700226665843041,0.00015748,0.15182860166673273,0.00081957,0,0.0
14091,8.627285069379154e-05,0.08702985199416353,-1.54e-06,1.4316556398362377,4.7704629790217785,47.103592279207234,1.0052136313683062,15.504690307482628,0.12067054082980143,-1e-20,-1.1573229341274334,-84.90412993733173,0.6295741068180681,-20.4291447578583,0.2719344611720337,-0.010646867364304632,0.00015748,0.17214775280878297,0.00081957,1,0.0
14092,0.5002889817183466,0.18762246027505047,-1.54e-06,1.4316556398362377,4.7704629790217785,-11.071252049736756,1.0052136313683062,32.14358332149359,0.12067054082980143,-99.85721832022124,-1.1573229341274334,-1.1104350312534768,0.6295741068180681,63.61163974833136,0.2719344611720337,0.10809328632182666,0.00015748,0.32408204609109414,0.00081957,0,0.0
14093,0.39214227392090295,0.022303813964447108,-1.54e-06,1.4316556398362377,4.7704629790217785,-71.96753243171293,1.0052136313683062,20.877766135693815,0.12067054082980143,-66.48834216266732,-1.1573229341274334,-84.68498568213131,0.6295741068180681,80.63459041579746,0.2719344611720337,-0.08815170299173959,0.00015748,0.08811544901023356,0.00081957,1,0.0
14094,0.09124910111259932,0.020888698649942555,-1.54e-06,1.4316556398362377,4.7704629790217785,-26.048279317938984,1.0052136313683062,17.396829701278175,0.12067054082980143,-58.52299582311937,-1.1573229341274334,-45.74709950052486,0.6295741068180681,39.06359473288349,0.2719344611720337,-0.09392853429228196,0.00015748,0.09399997067249252,0.00081957,1,0.0
14095,0.04367673304696607,0.0006361919551746574,-1.54e-06,1.4316556398362377,4.7704629790217785,-36.67131603569329,1.0052136313683062,4.48749409108107,0.12067054082980143,-65.1860317760992,-1.1573229341274334,96.91879364685728,0.6295741068180681,37.69085257325165,0.2719344611720337,-0.013755469816535047,0.00015748,0.013737243668150021,0.00081957,1,0.0
14096,0.12325301589539339,0.00845479711499785,-1.54e-06,1.4316556398362377,4.7704629790217785,-45.59509845139992,1.0052136313683062,13.340894720450217,0.12067054082980143,-79.00546566225238,-1.1573229341274334,21.170522183543714,0.6295741068180681,55.16374764404174,0.2719344611720337,-0.06436210674778983,0.00015748,0.06441129022334052,0.00081957,1,0.0
14097,0.31475701705280784,0.18432980268279225,-1.54e-06,1.4316556398362377,4.7704629790217785,60.61843630813797,1.0052136313683062,30.977218115530864,0.12067054082980143,-31.373976654605297,-1.1573229341274334,-32.99667560867094,0.6295741068180681,-7.7946264974243,0.2719344611720337,0.15643988862497232,0.00015748,0.3384668441342997,0.00081957,0,0.0
14098,0.00011616128195784947,0.06125467214426067,-1.54e-06,1.4316556398362377,4.7704629790217785,9.3168762359474,1.0052136313683062,10.09468555134208,0.12067054082980143,-48.75414112602495,-1.1573229341274334,80.39843181491649,0.6295741068180681,6.000558576843174,0.2719344611720337,0.03702101857597441,0.00015748,0.09861614733957609,0.00081957,0,0.0
14099,0.0013717079881261363,0.04750572848257158,-1.54e-06,1.4316556398362377,4.7704629790217785,3.8756742020290496,1.0052136313683062,18.481125504929075,0.12067054082980143,-42.180694256120645,-1.1573229341274334,-55.706412187101684,0.6295741068180681,13.608561307401743,0.2719344611720337,-0.08499567243358425,0.00015748,0.12328997873745132,0.00081957,1,0.0
14100,0.023328372961704424,0.004331332819366482,-1.54e-06,2.4637820456032866,4.565445575052733,-49.98361688786829,1.0052136313683062,-5.329128673575144,0.12067054082980143,-3.69029078645515,-1.1573229341274334,73.28937830790746,0.6295741068180681,17.097638505145934,0.2719344611720337,-0.04065155728620253,0.00015748,0.040670872852266456,0.00081957,1,0.0
14101,0.00017903641741262577,0.042246305245653135,-1.54e-06,2.4637820456032866,4.565445575052733,14.875093191399259,1.0052136313683062,9.731266872807481,0.12067054082980143,-80.44772439433268,-1.1573229341274334,90.35385399688377,0.6295741068180681,22.523819771069835,0.2719344611720337,0.023986528230702676,0.00015748,0.06641522911340712,0.00081957,0,0.0
14102,0.20147397025227712,0.06158514482095498,-1.54e-06,2.4637820456032866,4.565445575052733,-32.48164290968715,1.0052136313683062,16.78469602295907,0.12067054082980143,-23.1658683267541,-1.1573229341274334,-68.43487471775634,0.6295741068180681,21.41951028693054,0.2719344611720337,-0.11907514567541605,0.00015748,0.11904283056009402,0.00081957,1,0.0
14103,0.09465185122991017,0.0007076041729881396,-1.54e-06,2.4637820456032866,4.565445575052733,-57.42781128322432,1.0052136313683062,4.234968819080899,0.12067054082980143,-61.65695726527337,-1.1573229341274334,57.08998614645022,0.6295741068180681,52.18253157543452,0.2719344611720337,-0.016313037273556756,0.00015748,0.01637493705950307,0.00081957,1,0.0
14104,0.0006301288062199838,0.015238623554015597,-1.54e-06,2.4637820456032866,4.565445575052733,-15.772327315736929,1.0052136313683062,1.1451520944426068,0.12067054082980143,-27.88276580132653,-1.1573229341274334,65.26095207235336,0.6295741068180681,12.656274255245927,0.2719344611720337,-0.0008669080856034423,0.00015748,0.03085975044839835,0.00081957,1,0.0
14105,0.2647903183709673,0.14056277442542955,-1.54e-06,2.4637820456032866,4.565445575052733,-83.49002505704271,1.0052136313683062,15.156961467536195,0.12067054082980143,-1.7527036995371448,-1.1573229341274334,-28.214373649322845,0.6295741068180681,21.798464449060315,0.2719344611720337,-0.18281442250551308,0.00015748,0.182910113279151,0.00081957,1,0.0
14106,0.007623481402177418,0.0030079915492504288,-1.54e-06,2.4637820456032866,4.565445575052733,-9.116570768950737,1.0052136313683062,6.434686042622507,0.12067054082980143,-47.58680134893496,-1.1573229341274334,21.901586005088337,0.6295741068180681,23.03866253840601,0.2719344611720337,-0.03307038486847756,0.00015748,0.03332843204267255,0.00081957,1,0.0
14107,0.09459209108552334,0.002193082576088336,-1.54e-06,2.4637820456032866,4.565445575052733,-52.74010676025451,1.0052136313683062,6.861480906566424,0.12067054082980143,-77.78686141241484,-1.1573229341274334,52.95876307154945,0.6295741068180681,58.54084700144963,0.2719344611720337,-0.03263653661755585,0.00015748,0.03265753472867161,0.00081957,1,0.0
14108,0.36060076623008996,0.010507609363617384,-1.54e-06,2.4637820456032866,4.565445575052733,-95.79672799968453,1.0052136313683062,2.2205218288988653,0.12067054082980143,-23.93157667067745,-1.1573229341274334,-43.627321347971034,0.6295741068180681,74.35257698375759,0.2719344611720337,-0.00690168539758784,0.00015748,0.006909557248984667,0.00081957,1,0.0
14109,0.12846575754173614,0.0017439272103260107,-1.54e-06,2.4637820456032866,4.565445575052733,-20.08585422518657,1.0052136313683062,4.891259034495373,0.12067054082980143,-23.994321806534415,-1.1573229341274334,-36.238985841654426,0.6295741068180681,29.574190418780816,0.2719344611720337,-0.025871846422854804,0.00015748,0.025894679983445683,0.00081957,1,0.0
14110,1.422604620687773e-05,0.04540261733071105,-1.54e-06,2.4637820456032866,4.565445575052733,75.05802461554853,1.0052136313683062,15.281015253301952,0.12067054082980143,-63.60815374548084,-1.1573229341274334,-39.4018172378483,0.6295741068180681,3.0312431363723435,0.2719344611720337,-0.04308768026178071,0.00015748,0.11236206880587711,0.00081957,1,0.0
14111,0.12838687822468006,0.00410182047262563,-1.54e-06,2.4637820456032866,4.565445575052733,12.295923305244072,1.0052136313683062,6.66367733522197,0.12067054082980143,-7.970901045474862,-1.1573229341274334,-95.53634507700635,0.6295741068180681,14.4759497069606,0.2719344611720337,-0.04371557104323979,0.00015748,0.043803901571243094,0.00081957,1,0.0
14112,0.09393752601547484,0.005438304474651991,-1.54e-06,2.4637820456032866,4.565445575052733,-72.29803178888287,1.0052136313683062,1.5695767103097191,0.12067054082980143,-80.44275552462015,-1.1573229341274334,90.71500634060351,0.6295741068180681,69.7803585267787,0.2719344611720337,-0.02784520528436385,0.00015748,0.028155991802584178,0.00081957,1,0.0
14113,0.0003633636468511649,0.022712402397630636,-1.54e-06,2.4637820456032866,4.565445575052733,-6.270849282973688,1.0052136313683062,1.1778479621362619,0.12067054082980143,-29.394947612394475,-1.1573229341274334,67.42439041328379,0.6295741068180681,10.508193894741881,0.2719344611720337,0.009682659022633575,0.00015748,0.03641522467732812,0.00081957,0,0.0
14114,0.398340815239491,0.011661799988712834,-1.54e-06,2.4637820456032866,4.565445575052733,-91.41207318305005,1.0052136313683062,3.861407129542981,0.12067054082980143,-23.2703178894891,-1.1573229341274334,-73.78536927398542,0.6295741068180681,77.08044658556732,0.2719344611720337,-0.01124784757226426,0.00015748,0.011238526485756057,0.00081957,1,0.0
14115,0.11056882103038801,0.0176765909498238,-1.54e-06,2.4637820456032866,4.565445575052733,19.279217143902738,1.0052136313683062,13.358122311842916,0.12067054082980143,-61.20987997222883,-1.1573229341274334,-83.48901801510809,0.6295741068180681,36.203346409836236,0.2719344611720337,-0.0917457194424935,0.00015748,0.09197144417981969,0.00081957,1,0.0
14116,0.12614593971785404,0.0010012068012153065,-1.54e-06,2.4637820456032866,4.565445575052733,-88.7000434346078,1.0052136313683062,4.631627129820887,0.12067054082980143,-84.86504451735404,-1.1573229341274334,97.4214115661167,0.6295741068180681,73.54987382109383,0.2719344611720337,-0.016846573999963168,0.00015748,0.016829870523279538,0.00081957,1,0.0
14117,0.31848638071062524,0.07150252014571254,-1.54e-06,2.4637820456032866,4.565445575052733,-89.94886888733203,1.0052136313683062,11.447592170446525,0.12067054082980143,-8.62167594296528,-1.1573229341274334,-42.556804847477466,0.6295741068180681,41.54545111033296,0.2719344611720337,-0.1268811349588177,0.00015748,0.12699880229240051,0.00081957,1,0.0
14118,5.741725754293547e-07,0.05035095160235476,-1.54e-06,2.4637820456032866,4.565445575052733,65.04644965918261,1.0052136313683062,6.093201864608246,0.12067054082980143,-22.618292420651066,-1.1573229341274334,13.212208078280273,0.6295741068180681,-15.933048179274591,0.2719344611720337,0.04485086323771815,0.00015748,0.06561100922545093,0.00081957,0,0.0
14119,0.2197646765710311,0.0041193625019421845,-1.54e-06,2.4637820456032866,4.565445575052733,-45.37625250701925,1.0052136313683062,1.8541498292100618,0.12067054082980143,-1.7003495149654928,-1.1573229341274334,-52.517958175667644,0.6295741068180681,35.23606330754695,0.2719344611720337,-0.008522238867679773,0.00015748,0.008563307467741803,0.00081957,1,0.0
14120,0.00026421912856788854,0.04324133099243007,-1.54e-06,2.4637820456032866,4.565445575052733,65.81778478318635,1.0052136313683062,11.050765654719395,0.12067054082980143,-51.8574453101274,-1.1573229341274334,-11.366003611926242,0.6295741068180681,0.3168799641434739,0.2719344611720337,-0.01060459067621737,0.00015748,0.09306317312083079,0.00081957,1,0.0
14121,0.19681344419883373,0.002598213405849091,-1.54e-06,2.4637820456032866,4.565445575052733,-52.721977930588565,1.0052136313683062,2.5497597178883122,0.12067054082980143,-24.15954787178012,-1.1573229341274334,-20.339574941357522,0.6295741068180681,45.88400096461274,0.2719344611720337,-0.008402405621930226,0.00015748,0.008404586406608227,0.00081957,1,0.0
14122,0.005288951965638999,0.007501317760274101,-1.54e-06,2.4637820456032866,4.565445575052733,27.57187512476163,1.0052136313683062,8.224027932124972,0.12067054082980143,-34.19679931334653,-1.1573229341274334,-42.48403547874644,0.6295741068180681,9.221297817703789,0.2719344611720337,-0.05609947933121039,0.00015748,0.0560881516302559,0.00081957,1,0.0
14123,0.1208780498426865,0.0017212012169146563,-1.54e-06,2.4637820456032866,4.565445575052733,-64.82485421522127,1.0052136313683062,0.0974635764480199,0.12067054082980143,-34.220144748077004,-1.1573229341274334,48.020064346123846,0.6295741068180681,45.013951482957545,0.2719344611720337,-0.011886956031495617,0.00015748,0.011959372875109646,0.00081957,1,0.0
14124,0.12883724711978334,0.0046081314641978205,-1.54e-06,2.4637820456032866,4.565445575052733,-60.41897245173839,1.0052136313683062,9.258631788524442,0.12067054082980143,-96.56805492605905,-1.1573229341274334,50.51673524007045,0.6295741068180681,73.07553517760398,0.2719344611720337,-0.04716970826159031,0.00015748,0.04722712660625597,0.00081957,1,0.0
14125,0.12437328385561074,0.004627031086666684,-1.54e-06,2.4637820456032866,4.565445575052733,-40.28591099732652,1.0052136313683062,8.848724153005543,0.12067054082980143,-75.16665037235511,-1.1573229341274334,13.323064498393743,0.6295741068180681,57.765360400345216,0.2719344611720337,-0.0479142922830179,0.00015748,0.047925353730784756,0.00081957,1,0.0
14126,0.0020939848076227396,0.012132262885403271,-1.54e-06,2.4637820456032866,4.565445575052733,1.0881715981722837,1.0052136313683062,11.392696237727543,0.12067054082980143,-82.24744797091118,-1.1573229341274334,16.440727252972536,0.6295741068180681,36.97667886204611,0.2719344611720337,-0.06930154976763164,0.00015748,0.06943812829633761,0.00081957,1,0.0
14127,0.07322362471686056,0.07975123008629659,-1.54e-06,2.4637820456032866,4.565445575052733,79.21972264262901,1.0052136313683062,13.743124135949655,0.12067054082980143,-87.88586954533241,-1.1573229341274334,-49.400350255375194,0.6295741068180681,29.135161075944772,0.2719344611720337,-0.07376515329509903,0.00015748,0.1701149791023474,0.00081957,1,0.0
14128,0.07979969115767827,0.0004621099133351621,-1.54e-06,2.4637820456032866,4.565445575052733,-74.21956734073741,1.0052136313683062,3.133377902439185,0.12067054082980143,-72.79230602140612,-1.1573229341274334,97.4327660319701,0.6295741068180681,59.83354552612887,0.2719344611720337,-0.011039788727396332,0.00015748,0.011051783542426655,0.00081957,1,0.0
14129,0.18783329246689173,0.002440956314824312,-1.54e-06,2.4637820456032866,4.565445575052733,-41.78969811894009,1.0052136313683062,4.116309274628886,0.12067054082980143,-28.968169116319665,-1.1573229341274334,-32.51462691050508,0.6295741068180681,44.652810033741794,0.2719344611720337,-0.02078976944429717,0.00015748,0.020799013782647067,0.00081957,1,0.0
14130,0.0037565371437904282,0.08284278222240989,-1.54e-06,2.4637820456032866,4.565445575052733,23.22580571632009,1.0052136313683062,20.94239182408121,0.12067054082980143,-55.79702100175227,-1.1573229341274334,-2.470195052465253,0.6295741068180681,-3.180020283079967,0.2719344611720337,-0.10660598612034124,0.00015748,0.14069854326326608,0.00081957,1,0.0
14131,0.336442876874889,0.2503209631211287,-1.54e-06,2.4637820456032866,4.565445575052733,54.33424452420017,1.0052136313683062,1.4416086713605536,0.12067054082980143,-97.22903373278268,-1.1573229341274334,95.44473432830235,0.6295741068180681,60.77737120888685,0.2719344611720337,0.01321296005921005,0.00015748,0.3130200211701549,0.00081957,0,0.0
14132,0.05681615048518013,0.014300999562419092,-1.54e-06,2.4637820456032866,4.565445575052733,14.780492727049628,1.0052136313683062,12.315306127828892,0.12067054082980143,-66.09470760272106,-1.1573229341274334,-43.25816959849826,0.6295741068180681,32.7895664151095,0.2719344611720337,-0.08027557403088909,0.00015748,0.08035595481414007,0.00081957,1,0.0
14133,0.2322100373392868,0.20016201876487427,-1.54e-06,2.4637820456032866,4.565445575052733,79.19109554404243,1.0052136313683062,2.310958054501063,0.12067054082980143,-75.22076013360223,-1.1573229341274334,25.098327664623103,0.6295741068180681,39.65771337680274,0.2719344611720337,-0.024146153022473305,0.00015748,0.2729326261194146,0.00081957,1,0.0
14134,0.3002594707083128,0.0067598583412606505,-1.54e-06,2.4637820456032866,4.565445575052733,-56.49035746756128,1.0052136313683062,7.544931753018188,0.12067054082980143,-42.60648422177341,-1.1573229341274334,-70.7110523936934,0.6295741068180681,66.85463584772413,0.2719344611720337,-0.04001608940811734,0.00015748,0.04006631835519971,0.00081957,1,0.0
14135,0.03895570711364904,0.012788081947609919,-1.54e-06,2.4637820456032866,4.565445575052733,-28.223804158454517,1.0052136313683062,-2.66234821960166,0.12067054082980143,-36.54691733833004,-1.1573229341274334,39.31142798026992,0.6295741068180681,36.4796250705635,0.2719344611720337,-0.050301320918574366,0.00015748,0.05090326485269149,0.00081957,1,0.0
14136,0.21285418385679963,0.0029567193174555905,-1.54e-06,2.4637820456032866,4.565445575052733,-70.1052344817722,1.0052136313683062,6.372593746023874,0.12067054082980143,-61.092380714402246,-1.1573229341274334,8.404509229049344,0.6295741068180681,67.775612527729,0.2719344611720337,-0.02656532682685824,0.00015748,0.026630586264362145,0.00081957,1,0.0
14137,0.12067753979664589,0.042726827641595744,-1.54e-06,2.4637820456032866,4.565445575052733,-8.600178343572322,1.0052136313683062,4.110919475267046,0.12067054082980143,-73.02346977943499,-1.1573229341274334,-22.03695604886005,0.6295741068180681,60.74979736306706,0.2719344611720337,-0.10272222027793063,0.00015748,0.11251249783535686,0.00081957,1,0.0
14138,0.26859923846643935,0.004758118937824074,-1.54e-06,2.4637820456032866,4.565445575052733,-77.60878960785764,1.0052136313683062,7.571292283095564,0.12067054082980143,-65.44551569324406,-1.1573229341274334,-10.692182258305333,0.6295741068180681,78.01089601046192,0.2719344611720337,-0.033229970482819074,0.00015748,0.0332331305958818,0.00081957,1,0.0
14139,0.0006829135671187481,0.06742340058009552,-1.54e-06,2.4637820456032866,4.565445575052733,66.7793917695071,1.0052136313683062,10.437009626858153,0.12067054082980143,-60.90056871542312,-1.1573229341274334,66.37668711712561,0.6295741068180681,-4.69588786989231,0.2719344611720337,0.06875058738960013,0.00015748,0.08630491026055595,0.00081957,0,0.0
14140,0.0007638686142307227,0.06829004719402515,-1.54e-06,2.4637820456032866,4.565445575052733,82.67279492557746,1.0052136313683062,13.44223753225085,0.12067054082980143,-73.63495878678229,-1.1573229341274334,41.15593501014781,0.6295741068180681,-1.455266823746995,0.2719344611720337,0.04002960864407185,0.00015748,0.11362533864354862,0.00081957,0,0.0
14141,0.0064323309603949025,0.12478683969293154,-1.54e-06,2.4637820456032866,4.565445575052733,74.73814204499536,1.0052136313683062,-3.7674599122339774,0.12067054082980143,-34.76294965530478,-1.1573229341274334,60.450006631252386,0.6295741068180681,0.7946721171402712,0.2719344611720337,-0.034284045223932816,0.00015748,0.1960555858855162,0.00081957,1,0.0
14142,0.019007913176736085,0.013427465600102391,-1.54e-06,2.4637820456032866,4.565445575052733,-54.86342512189964,1.0052136313683062,9.774184687826748,0.12067054082980143,-79.71482100712554,-1.1573229341274334,98.05128340822235,0.6295741068180681,42.7790152061774,0.2719344611720337,-0.06159826007949716,0.00015748,0.06225640532075881,0.00081957,1,0.0
14143,7.999985144838129e-05,0.04111706577435775,-1.54e-06,2.4637820456032866,4.565445575052733,30.24561880437998,1.0052136313683062,2.9030965211133046,0.12067054082980143,-45.20247174395573,-1.1573229341274334,41.30999952621644,0.6295741068180681,12.292298145055321,0.2719344611720337,-0.007008818848090924,0.00015748,0.08036328221890468,0.00081957,1,0.0
14144,0.16301408759372685,0.0582865965234657,-1.54e-06,2.4637820456032866,4.565445575052733,-44.745171183052086,1.0052136313683062,-6.7908665436184,0.12067054082980143,-37.68915735117067,-1.1573229341274334,-0.6882587874212936,0.6295741068180681,64.82573058395018,0.2719344611720337,-0.11147431069007163,0.00015748,0.11181711716782747,0.00081957,1,0.0
14145,0.10884387770209059,0.003373960397695135,-1.54e-06,2.4637820456032866,4.565445575052733,-3.0887841301230146,1.0052136313683062,6.377131010195038,0.12067054082980143,-26.24410654584291,-1.1573229341274334,-53.07530942245113,0.6295741068180681,24.807073199415385,0.2719344611720337,-0.0403833696242768,0.00015748,0.04032882206346325,0.00081957,1,0.0
14146,0.13903352802011748,0.022238454914721602,-1.54e-06,2.4637820456032866,4.565445575052733,7.431921461134228,1.0052136313683062,16.315208386258686,0.12067054082980143,-82.99102661970335,-1.1573229341274334,-75.3527093630964,0.6295741068180681,51.06506485394606,0.2719344611720337,-0.10303222272197977,0.00015748,0.103302648138886,0.00081957,1,0.0
14147,0.00018832860705103593,0.01817985381104134,-1.54e-06,2.4637820456032866,4.565445575052733,3.3621281548857342,1.0052136313683062,5.3213455119170945,0.12067054082980143,-42.53978167526114,-1.1573229341274334,43.05729660618118,0.6295741068180681,13.701531780932838,0.2719344611720337,0.002833302403929627,0.00015748,0.033694857833654564,0.00081957,0,0.0
14148,0.20978898873088253,0.014463611052374915,-1.54e-06,2.4637820456032866,4.565445575052733,-29.66402367775363,1.0052136313683062,15.176561645501298,0.12067054082980143,-67.24980582141016,-1.1573229341274334,-60.44818772724274,0.6295741068180681,55.17085340859297,0.2719344611720337,-0.0753831705873921,0.00015748,0.07552415916259692,0.00081957,1,0.0
14149,0.09512980941986185,0.02141959337628506,-1.54e-06,2.4637820456032866,4.565445575052733,3.5000622904519396,1.0052136313683062,2.3517997326335642,0.12067054082980143,-36.688803923653026,-1.1573229341274334,-47.758708632516424,0.6295741068180681,35.98673831010961,0.2719344611720337,-0.08118980787821028,0.00015748,0.08201913289910032,0.00081957,1,0.0
14150,-0.0001035921919366467,0.00500397202151621,-1.54e-06,2.4637820456032866,4.565445575052733,-27.627386304928407,1.0052136313683062,3.284691771765669,0.12067054082980143,-49.9473116731794,-1.1573229341274334,68.80617404724518,0.6295741068180681,27.90581908407919,0.2719344611720337,-0.006960287238942958,0.00015748,0.0159409893372335,0.00081957,1,0.0
14151,0.0008739547465819175,0.20818186793583002,-1.54e-06,2.4637820456032866,4.565445575052733,91.58006779897357,1.0052136313683062,30.43023277790021,0.12067054082980143,-17.67210011233934,-1.1573229341274334,-95.79161426753363,0.6295741068180681,-53.92573924115928,0.2719344611720337,-0.15691100511217507,0.00015748,0.22645592808345136,0.00081957,1,0.0
14152,0.006766631595567618,0.005670743044973682,-1.54e-06,2.4637820456032866,4.565445575052733,42.426878793101906,1.0052136313683062,6.910145293380845,0.12067054082980143,-7.699631367065384,-1.1573229341274334,-75.5411420592807,0.6295741068180681,-6.872686150476713,0.2719344611720337,-0.048633516129361475,0.00015748,0.04859673721774977,0.00081957,1,0.0
14153,0.0985471743245451,0.016251787901173084,-1.54e-06,2.4637820456032866,4.565445575052733,-23.322501300545902,1.0052136313683062,7.835460195021107,0.12067054082980143,-13.211271498044727,-1.1573229341274334,-20.302441454568633,0.6295741068180681,12.633288943072117,0.2719344611720337,-0.06137756055172634,0.00015748,0.06155139762111571,0.00081957,1,0.0
14154,0.1586592025823233,0.09762496251225873,-1.54e-06,2.4637820456032866,4.565445575052733,33.42550243805808,1.0052136313683062,3.8145473795697686,0.12067054082980143,-67.92714488632325,-1.1573229341274334,-24.24340162342187,0.6295741068180681,48.021917722536166,0.2719344611720337,-0.0747009187637705,0.00015748,0.16936216124010617,0.00081957,1,0.0
14155,0.00038178591500397097,0.018115195533021173,-1.54e-06,2.4637820456032866,4.565445575052733,-23.560637485204875,1.0052136313683062,3.9006215398155524,0.12067054082980143,-61.928064092713136,-1.1573229341274334,95.37967678871303,0.6295741068180681,30.13775452337348,0.2719344611720337,0.012704576503351928,0.00015748,0.0247139203806641,0.00081957,0,0.0
14156,0.26842105773290303,0.004879133126045112,-1.54e-06,2.4637820456032866,4.565445575052733,-61.93253998148071,1.0052136313683062,3.9574256912321237,0.12067054082980143,-24.396510947230844,-1.1573229341274334,-47.25108309620049,0.6295741068180681,55.59257559750131,0.2719344611720337,-0.014630845712739354,0.00015748,0.014644277177868665,0.00081957,1,0.0
14157,0.00033426903005373543,0.01625454547906297,-1.54e-06,2.4637820456032866,4.565445575052733,-6.096036467305981,1.0052136313683062,5.748371626823282,0.12067054082980143,-59.14037189135121,-1.1573229341274334,58.36508380779077,0.6295741068180681,25.490841559490676,0.2719344611720337,-0.00598006491728181,0.00015748,0.037365129101989566,0.00081957,1,0.0
14158,0.17494036715634703,0.002003690392496926,-1.54e-06,2.4637820456032866,4.565445575052733,-81.47237471814631,1.0052136313683062,6.382403986562818,0.12067054082980143,-80.96043938243595,-1.1573229341274334,55.20454210124411,0.6295741068180681,75.56166241524619,0.2719344611720337,-0.02529260509216719,0.00015748,0.02529633208044921,0.00081957,1,0.0
14159,0.19699974954540253,0.005834368872451119,-1.54e-06,2.4637820456032866,4.565445575052733,-47.580481134621635,1.0052136313683062,9.692850164086126,0.12067054082980143,-71.77545750723141,-1.1573229341274334,-18.064089453201298,0.6295741068180681,66.0487123380737,0.2719344611720337,-0.05238790252622336,0.00015748,0.05239526221280799,0.00081957,1,0.0
14160,0.3126092419910482,0.007336693520181572,-1.54e-06,2.4637820456032866,4.565445575052733,-84.43041819013337,1.0052136313683062,9.992536509935627,0.12067054082980143,-80.65665374179103,-1.1573229341274334,-21.37152821120495,0.6295741068180681,91.6318231057728,0.2719344611720337,-0.047431861246065535,0.00015748,0.04744372682423474,0.00081957,1,0.0
14161,0.00293970081233505,0.0028653313912411233,-1.54e-06,2.4637820456032866,4.565445575052733,29.346580819472997,1.0052136313683062,4.999598996390915,0.12067054082980143,-6.790365811442944,-1.1573229341274334,-50.90698016714064,0.6295741068180681,-4.413942239531185,0.2719344611720337,-0.03441731366146984,0.00015748,0.03442025144123742,0.00081957,1,0.0
14162,0.00035861971875813387,0.04133264693616942,-1.54e-06,2.4637820456032866,4.565445575052733,31.803101472633877,1.0052136313683062,1.8082188676149638,0.12067054082980143,-19.28389132018307,-1.1573229341274334,43.83857555933789,0.6295741068180681,-5.6179948066212235,0.2719344611720337,0.02615542345697382,0.00015748,0.060075970873580284,0.00081957,0,0.0
14163,0.0010242080673869003,0.024950381334350114,-1.54e-06,2.4637820456032866,4.565445575052733,-12.017210891171688,1.0052136313683062,-4.954981553137295,0.12067054082980143,-23.517664112979716,-1.1573229341274334,52.77012289271557,0.6295741068180681,21.408194229258637,0.2719344611720337,-0.045421513576451154,0.00015748,0.06583028979663158,0.00081957,1,0.0
14164,0.0035299615756274605,0.06914167142442862,-1.54e-06,2.4637820456032866,4.565445575052733,92.71725636490955,1.0052136313683062,11.64423010003966,0.12067054082980143,-68.64597927180714,-1.1573229341274334,-13.274772789107399,0.6295741068180681,4.090788244332368,0.2719344611720337,-0.024953793741850465,0.00015748,0.1436608223908944,0.00081957,1,0.0
14165,0.19172434712719996,0.008900662020139389,-1.54e-06,2.4637820456032866,4.565445575052733,-16.166048448748345,1.0052136313683062,11.67051407166235,0.12067054082980143,-51.759499997593224,-1.1573229341274334,-74.5229305145511,0.6295741068180681,47.11444175598715,0.2719344611720337,-0.0651614350011002,0.00015748,0.06516722024288486,0.00081957,1,0.0
14166,0.0001291907653209745,0.016382181680350983,-1.54e-06,2.4637820456032866,4.565445575052733,28.605575947717686,1.0052136313683062,10.059850008422998,0.12067054082980143,-55.918580460833034,-1.1573229341274334,-22.426063357906507,0.6295741068180681,17.95933900127602,0.2719344611720337,-0.06032758027966349,0.00015748,0.07247251816486165,0.00081957,1,0.0
14167,0.0029038098188675504,8.550531714877536e-05,-1.54e-06,2.4637820456032866,4.565445575052733,-25.06640375039383,1.0052136313683062,1.0518118024696856,0.12067054082980143,-30.923338086161266,-1.1573229341274334,48.799969614921444,0.6295741068180681,20.63767279472048,0.2719344611720337,-0.0032214807724284507,0.00015748,0.0032234726188628106,0.00081957,1,0.0
14168,0.00021779927359782958,0.040574541441094736,-1.54e-06,2.4637820456032866,4.565445575052733,18.726076969586412,1.0052136313683062,6.584080900522399,0.12067054082980143,-60.979141902606415,-1.1573229341274334,77.47452637414682,0.6295741068180681,14.844962333800408,0.2719344611720337,0.03544095893753889,0.00015748,0.05257238768913346,0.00081957,0,0.0
14169,0.18309832977000504,0.04390099483535999,-1.54e-06,2.4637820456032866,4.565445575052733,6.556839473213348,1.0052136313683062,7.911681703612674,0.12067054082980143,-66.30989243586174,-1.1573229341274334,-96.3481575058715,0.6295741068180681,60.74025828665451,0.2719344611720337,-0.1252735723078762,0.00015748,0.1266542529712759,0.00081957,1,0.0
14170,0.10613917046598337,0.006547133914850692,-1.54e-06,2.4637820456032866,4.565445575052733,-8.93053311582574,1.0052136313683062,9.336935708665296,0.12067054082980143,-53.68903067783414,-1.1573229341274334,-34.94018958408248,0.6295741068180681,38.24613229770018,0.2719344611720337,-0.05678220330678437,0.00015748,0.05675947083496357,0.00081957,1,0.0
14171,0.00036103506892037895,0.04052589468801507,-1.54e-06,2.4637820456032866,4.565445575052733,24.662190438507032,1.0052136313683062,10.040606996517027,0.12067054082980143,-79.4795135941188,-1.1573229341274334,67.0842624924278,0.6295741068180681,22.091475281417512,0.2719344611720337,0.009606952466752403,0.00015748,0.07429580155336198,0.00081957,0,0.0
14172,0.17675227732698695,0.00891389939338956,-1.54e-06,2.4637820456032866,4.565445575052733,-34.186369907542364,1.0052136313683062,5.856416581309255,0.12067054082980143,-6.042730497638555,-1.1573229341274334,-48.1621503027937,0.6295741068180681,24.138110195471832,0.2719344611720337,-0.041314321608339845,0.00015748,0.04130482466495993,0.00081957,1,0.0
14173,0.20428839717570557,0.0028026538242052258,-1.54e-06,2.4637820456032866,4.565445575052733,-82.31800475423859,1.0052136313683062,3.0425144254405745,0.12067054082980143,-50.583090611286266,-1.1573229341274334,32.104903631746126,0.6295741068180681,65.31160710983372,0.2719344611720337,-0.010805770511096055,0.00015748,0.010856279633286671,0.00081957,1,0.0
14174,0.057267453156107706,0.054727965843941184,-1.54e-06,2.4637820456032866,4.565445575052733,-39.85937662414446,1.0052136313683062,17.638715851094247,0.12067054082980143,-73.77013316266533,-1.1573229341274334,42.973378142996,0.6295741068180681,31.24100760272367,0.2719344611720337,-0.11725939871420812,0.00015748,0.11771332808470844,0.00081957,1,0.0
14175,0.00021358480353395048,0.04926817942409029,-1.54e-06,2.4637820456032866,4.565445575052733,58.95665718932419,1.0052136313683062,13.597403273563804,0.12067054082980143,-79.6843362669138,-1.1573229341274334,16.733082450685156,0.6295741068180681,13.670540577633997,0.2719344611720337,-0.015797812207748438,0.00015748,0.10722607169832209,0.00081957,1,0.0
14176,0.35409861708414403,0.18824369856308368,-1.54e-06,2.4637820456032866,4.565445575052733,44.1931124076087,1.0052136313683062,-2.380688801076991,0.12067054082980143,-23.3246665192031,-1.1573229341274334,-99.82080651047876,0.6295741068180681,49.081894708306926,0.2719344611720337,-0.08383463554827078,0.00015748,0.238885977358081,0.00081957,1,0.0
14177,0.053759695461649645,0.00020829883966825197,-1.54e-06,2.4637820456032866,4.565445575052733,-30.16855597509459,1.0052136313683062,0.838559951183454,0.12067054082980143,-22.442807909246653,-1.1573229341274334,25.37796670961325,0.6295741068180681,23.638872076509596,0.2719344611720337,-0.002594140318683602,0.00015748,0.0026226099169405354,0.00081957,1,0.0
14178,0.0002640341338320633,0.04264635909238435,-1.54e-06,2.4637820456032866,4.565445575052733,18.50986459515531,1.0052136313683062,0.5891964688480108,0.12067054082980143,-14.711594045280876,-1.1573229341274334,64.19817491571291,0.6295741068180681,-6.089567094553459,0.2719344611720337,0.01429826282862261,0.00015748,0.07140292835035145,0.00081957,0,0.0
14179,0.04837559401707593,0.019924051493782177,-1.54e-06,2.4637820456032866,4.565445575052733,-11.049784044986856,1.0052136313683062,5.574657542938248,0.12067054082980143,-77.1537591467162,-1.1573229341274334,13.623806791480606,0.6295741068180681,51.072729439452964,0.2719344611720337,-0.07990057200935126,0.00015748,0.0806087470711719,0.00081957,1,0.0
14180,0.09619986387969284,0.00330803606093356,-1.54e-06,2.4637820456032866,4.565445575052733,-76.8345003606998,1.0052136313683062,-2.2148937791550405,0.12067054082980143,-45.95793735405689,-1.1573229341274334,87.4716724338344,0.6295741068180681,53.32957912305703,0.2719344611720337,-0.01867392172484147,0.00015748,0.018664627546182488,0.00081957,1,0.0
14181,0.00847115895244055,0.002347758771893323,-1.54e-06,2.4637820456032866,4.565445575052733,-29.297098240777437,1.0052136313683062,5.75447968527866,0.12067054082980143,-67.33853731482283,-1.1573229341274334,61.40255898110643,0.6295741068180681,38.500090464973205,0.2719344611720337,-0.02925767494006936,0.00015748,0.029381775541209014,0.00081957,1,0.0
14182,0.00026307741062473605,0.0465541330172607,-1.54e-06,2.4637820456032866,4.565445575052733,5.5625367275938205,1.0052136313683062,-0.8823862132138305,0.12067054082980143,-48.51826393415538,-1.1573229341274334,89.3732289248843,0.6295741068180681,21.218290987557168,0.2719344611720337,-0.008094915142769506,0.00015748,0.08519619305922388,0.00081957,1,0.0
14183,0.00044954517509931957,0.0397282908385451,-1.54e-06,2.4637820456032866,4.565445575052733,74.20711191108043,1.0052136313683062,9.729924105924232,0.12067054082980143,-42.3826861573044,-1.1573229341274334,-61.014083786999734,0.6295741068180681,1.2475129464069792,0.2719344611720337,-0.05866252346795858,0.00015748,0.10872398872462591,0.00081957,1,0.0
14184,0.20951115490080985,0.006585451013691622,-1.54e-06,2.4637820456032866,4.565445575052733,-61.37178318890372,1.0052136313683062,11.029524369178635,0.12067054082980143,-88.68070955358426,-1.1573229341274334,1.9850882797475427,0.6295741068180681,77.8089072652942,0.2719344611720337,-0.0558181398048144,0.00015748,0.05591443610647684,0.00081957,1,0.0
14185,4.4550365095097355e-05,0.046491714560441925,-1.54e-06,2.4637820456032866,4.565445575052733,78.75848484136496,1.0052136313683062,10.171637927657619,0.12067054082980143,-31.38639814569676,-1.1573229341274334,-24.108462932069557,0.6295741068180681,-14.953757837213258,0.2719344611720337,0.011812089474718582,0.00015748,0.0845197107353131,0.00081957,0,0.0
14186,0.0005548612389411067,0.029710012217520884,-1.54e-06,2.4637820456032866,4.565445575052733,28.482123513136603,1.0052136313683062,14.837983158513584,0.12067054082980143,-93.90466464559707,-1.1573229341274334,-7.543351703912968,0.6295741068180681,34.88820869038111,0.2719344611720337,-0.08530389074923428,0.00015748,0.10282943457827509,0.00081957,1,0.0
14187,0.0035562897696656062,0.0006632110359794379,-1.54e-06,2.4637820456032866,4.565445575052733,-24.29495073176899,1.0052136313683062,-2.103185309450648,0.12067054082980143,-9.228958766615168,-1.1573229341274334,42.23138618389586,0.6295741068180681,11.28351536501382,0.2719344611720337,-0.014996056848799495,0.00015748,0.014986395880331639,0.00081957,1,0.0
14188,0.1994363158085114,0.010090357235061216,-1.54e-06,2.4637820456032866,4.565445575052733,-47.80078279566347,1.0052136313683062,-2.168353629258548,0.12067054082980143,-12.191374240345754,-1.1573229341274334,-29.51837778742341,0.6295741068180681,45.824422549090755,0.2719344611720337,-0.03594595157157094,0.00015748,0.03629242109851589,0.00081957,1,0.0
14189,0.13495827964746715,0.003880868899852171,-1.54e-06,2.4637820456032866,4.565445575052733,-90.31385692233867,1.0052136313683062,-1.5132030799744953,0.12067054082980143,-43.21885290897751,-1.1573229341274334,85.56632669290792,0.6295741068180681,57.082471146219184,0.2719344611720337,-0.026074822678563127,0.00015748,0.02601577631653535,0.00081957,1,0.0
14190,0.06237715383588954,0.004078750630937638,-1.54e-06,2.4637820456032866,4.565445575052733,-27.537392381518043,1.0052136313683062,8.230412072581455,0.12067054082980143,-69.65621630041863,-1.1573229341274334,26.530877188493932,0.6295741068180681,44.57616507648094,0.2719344611720337,-0.04365032800547495,0.00015748,0.04366066704197603,0.00081957,1,0.0
14191,0.28293358634201593,0.0051428561296164394,-1.54e-06,2.4637820456032866,4.565445575052733,-79.45212683740509,1.0052136313683062,6.7139867675029254,0.12067054082980143,-60.41948981931255,-1.1573229341274334,-16.80410949961907,0.6295741068180681,78.40548628213783,0.2719344611720337,-0.029439586773474618,0.00015748,0.029522496944252238,0.00081957,1,0.0
14192,0.10611877136281035,0.0022320417978861154,-1.54e-06,2.4637820456032866,4.565445575052733,-50.51031038525844,1.0052136313683062,6.87890910644122,0.12067054082980143,-73.03159734495458,-1.1573229341274334,41.09971654110099,0.6295741068180681,57.065152666927425,0.2719344611720337,-0.03310195665049488,0.00015748,0.033098985023461994,0.00081957,1,0.0
14193,0.36355221037807994,0.009270772261786124,-1.54e-06,2.4637820456032866,4.565445575052733,-67.91391627007714,1.0052136313683062,4.950483983331408,0.12067054082980143,-21.223083749940937,-1.1573229341274334,-93.54920589070207,0.6295741068180681,67.34727575409222,0.2719344611720337,-0.023965380698836802,0.00015748,0.02399619545851675,0.00081957,1,0.0
14194,0.03313646904919634,0.04407019835405049,-1.54e-06,2.4637820456032866,4.565445575052733,-1.2432816252330436,1.0052136313683062,-4.92635486518026,0.12067054082980143,-20.87018772196967,-1.1573229341274334,49.88863077588551,0.6295741068180681,18.907559653565304,0.2719344611720337,-0.03656428945379735,0.00015748,0.08921393239691168,0.00081957,1,0.0
14195,0.0005302202053698579,0.028471976599346787,-1.54e-06,2.4637820456032866,4.565445575052733,67.94442875760937,1.0052136313683062,12.815025752544141,0.12067054082980143,-0.025729648007538138,-1.1573229341274334,-98.81635499885326,0.6295741068180681,-27.496719263109995,0.2719344611720337,-0.05520082257126202,0.00015748,0.07642139002091508,0.00081957,1,0.0
14196,0.0001161086246582177,0.038798994678213516,-1.54e-06,2.4637820456032866,4.565445575052733,15.395958241233522,1.0052136313683062,6.084569505372532,0.12067054082980143,-59.72052210886061,-1.1573229341274334,78.50302086559529,0.6295741068180681,15.644767677393334,0.2719344611720337,0.03451647584382058,0.00015748,0.04929673021235271,0.00081957,0,0.0
14197,0.26816347768701176,0.012342455333693526,-1.54e-06,2.4637820456032866,4.565445575052733,-35.89173729029956,1.0052136313683062,13.288637047356552,0.12067054082980143,-70.29938191103263,-1.1573229341274334,-80.90717015132498,0.6295741068180681,70.05769816661595,0.2719344611720337,-0.07636397160537015,0.00015748,0.07639207643060447,0.00081957,1,0.0
14198,0.16843723004196848,0.008148126445309793,-1.54e-06,2.4637820456032866,4.565445575052733,-90.1351491172123,1.0052136313683062,-3.2602286783761976,0.12067054082980143,-17.53207859655102,-1.1573229341274334,58.84920083629056,0.6295741068180681,47.96063903987806,0.2719344611720337,-0.042070134464864295,0.00015748,0.042157270423932885,0.00081957,1,0.0
14199,0.00015807266527462227,0.034514602348139446,-1.54e-06,2.4637820456032866,4.565445575052733,59.707654960929275,1.0052136313683062,7.10880736618822,0.12067054082980143,-19.47716046160074,-1.1573229341274334,-21.331956888092677,0.6295741068180681,-12.917474310308824,0.2719344611720337,0.010001023124431314,0.00015748,0.061133719140796086,0.00081957,0,0.0
14200,0.00016866243587310148,0.13621697511792238,-1.54e-06,2.052692886564005,3.0411456034324025,48.34050424888038,1.0052136313683062,6.905875545663316,0.12067054082980143,-14.026390007855214,-1.1573229341274334,-7.690642445751894,0.6295741068180681,-17.388845202725236,0.2719344611720337,0.1857267778620413,0.00015748,0.2646388899253002,0.00081957,0,0.0
14201,0.0004423806099120853,0.11171280207472924,-1.54e-06,2.052692886564005,3.0411456034324025,43.08677574795308,1.0052136313683062,5.396402345033886,0.12067054082980143,-0.12286094370700995,-1.1573229341274334,-23.05432056910631,0.6295741068180681,-20.006339909101687,0.2719344611720337,0.0715529596059078,0.00015748,0.20024937677643007,0.00081957,0,0.0
14202,0.022658697296557673,0.02556718619371353,-1.54e-06,2.052692886564005,3.0411456034324025,-38.230174851051665,1.0052136313683062,4.824712676545676,0.12067054082980143,-74.1128914805074,-1.1573229341274334,65.92987555231325,0.6295741068180681,50.766029452246535,0.2719344611720337,-0.0894781086183049,0.00015748,0.09033195393475006,0.00081957,1,0.0
14203,0.0005853396614619033,0.2518628047577363,-1.54e-06,2.052692886564005,3.0411456034324025,74.3765278449474,1.0052136313683062,7.506371698776878,0.12067054082980143,-51.6034281283106,-1.1573229341274334,84.37407104068252,0.6295741068180681,-22.811809598069622,0.2719344611720337,0.40436074568361235,0.00015748,1.2323164195253513,0.00081957,0,0.0
14204,0.09964756783972459,0.010510808933298418,-1.54e-06,2.052692886564005,3.0411456034324025,-15.23475235234515,1.0052136313683062,2.9317544915923577,0.12067054082980143,-31.92250342964264,-1.1573229341274334,18.143638185962498,0.6295741068180681,24.78095323474062,0.2719344611720337,-0.06576840323285572,0.00015748,0.0673247982173686,0.00081957,1,0.0
14205,1.1930844829265475,1.5804263275555976,-1.54e-06,2.052692886564005,3.0411456034324025,64.794304712688,1.0052136313683062,6.457325174947626,0.12067054082980143,-77.28431027502305,-1.1573229341274334,29.106726885691327,0.6295741068180681,46.377412809060004,0.2719344611720337,0.2881709915468472,0.00015748,1.7388679082100902,0.00081957,0,0.0
14206,0.8899973569104864,0.47667988053765903,-1.54e-06,2.052692886564005,3.0411456034324025,3.6487879542849977,1.0052136313683062,17.639426698890503,0.12067054082980143,-55.77123677282009,-1.1573229341274334,-75.2987980012476,0.6295741068180681,55.51960738239593,0.2719344611720337,-0.4634832645293594,0.00015748,0.47013727752323287,0.00081957,1,0.0
14207,1.3862863923039974,0.3657833319782611,-1.54e-06,2.052692886564005,3.0411456034324025,-57.52664454705994,1.0052136313683062,12.328170016575184,0.12067054082980143,-53.09633126265979,-1.1573229341274334,-61.12530104718136,0.6295741068180681,94.40290056869384,0.2719344611720337,-0.27156902715581266,0.00015748,0.2707455334032438,0.00081957,1,0.0
14208,-0.0024279176215461495,0.29743418245816927,-1.54e-06,2.052692886564005,3.0411456034324025,98.97468585379744,1.0052136313683062,12.886873617307327,0.12067054082980143,-46.31635400842341,-1.1573229341274334,64.93641953861906,0.6295741068180681,-40.89299427638699,0.2719344611720337,0.4983194978999491,0.00015748,1.27580090732158,0.00081957,0,0.0
14209,0.7588259772855114,0.26374611480620164,-1.54e-06,2.052692886564005,3.0411456034324025,99.99468127322454,1.0052136313683062,23.78303440894962,0.12067054082980143,-54.13611646660663,-1.1573229341274334,-63.27899588764583,0.6295741068180681,-1.0240956632360303,0.2719344611720337,0.3599775181433713,0.00015748,0.8144597674105929,0.00081957,0,0.0
14210,0.029936782689313546,0.8038887187644156,-1.54e-06,2.052692886564005,3.0411456034324025,99.83343171554966,1.0052136313683062,26.753296567984066,0.12067054082980143,-44.68101810342362,-1.1573229341274334,-52.34001887933165,0.6295741068180681,-33.534749087318204,0.2719344611720337,-0.19070784153510717,0.00015748,0.77268204903901,0.00081957,1,0.0
14211,0.0009999418097716983,0.03198865761569938,-1.54e-06,2.052692886564005,3.0411456034324025,67.70691744630477,1.0052136313683062,16.642157785136835,0.12067054082980143,-90.42954769229296,-1.1573229341274334,54.11063884892731,0.6295741068180681,4.534355720503661,0.2719344611720337,0.47635151053597186,0.00015748,0.5947689375614666,0.00081957,0,0.0
14212,0.0002904877908387893,0.03716081513258712,-1.54e-06,2.052692886564005,3.0411456034324025,-18.199385264062236,1.0052136313683062,4.75032962625452,0.12067054082980143,-53.84224539394344,-1.1573229341274334,41.86320821760673,0.6295741068180681,32.20541097948661,0.2719344611720337,-0.07482033367240694,0.00015748,0.10724023742095119,0.00081957,1,0.0
14213,0.35630982354702556,0.2353509045202998,-1.54e-06,2.052692886564005,3.0411456034324025,-16.697020826150137,1.0052136313683062,10.23571275864589,0.12067054082980143,-29.099225584333272,-1.1573229341274334,-13.37159221274324,0.6295741068180681,25.173823143473644,0.2719344611720337,-0.28497128702682234,0.00015748,0.28587261429076144,0.00081957,1,0.0
14214,0.010031812085666142,0.007032533480368101,-1.54e-06,2.052692886564005,3.0411456034324025,9.414310073533075,1.0052136313683062,1.8921830917001168,0.12067054082980143,-1.1781375940902878,-1.1573229341274334,-11.002224911841424,0.6295741068180681,-2.7870110289618384,0.2719344611720337,-0.0571684175662757,0.00015748,0.05723633035710666,0.00081957,1,0.0
14215,0.004154050354719163,0.06051356212489951,-1.54e-06,2.052692886564005,3.0411456034324025,90.79486197032612,1.0052136313683062,11.888959476382619,0.12067054082980143,-27.827725983450993,-1.1573229341274334,0.5750352439985662,0.6295741068180681,-33.58649220238953,0.2719344611720337,0.45414454348676303,0.00015748,0.5555686555674391,0.00081957,0,0.0
14216,0.008656964224011576,0.0464418758788634,-1.54e-06,2.052692886564005,3.0411456034324025,-45.47225109513163,1.0052136313683062,-4.0836507694434285,0.12067054082980143,-26.781714667980687,-1.1573229341274334,59.093990219645775,0.6295741068180681,31.325293553732028,0.2719344611720337,-0.13739656680714657,0.00015748,0.13730479518203387,0.00081957,1,0.0
14217,1.0260180328064392,0.4977982002473751,-1.54e-06,2.052692886564005,3.0411456034324025,-4.640017603543505,1.0052136313683062,18.96842854287569,0.12067054082980143,-82.39837289671574,-1.1573229341274334,-42.82798836941127,0.6295741068180681,72.84294255783061,0.2719344611720337,-0.21673996930713174,0.00015748,0.5301010496753091,0.00081957,1,0.0
14218,0.31935028292381684,0.08619339488384799,-1.54e-06,2.052692886564005,3.0411456034324025,75.58059906949443,1.0052136313683062,20.50100047029485,0.12067054082980143,-85.5324888421721,-1.1573229341274334,12.024336761718514,0.6295741068180681,9.578043218679735,0.2719344611720337,0.3901415265727169,0.00015748,0.6953152079936016,0.00081957,0,0.0
14219,1.298707534755902,0.6117057146651941,-1.54e-06,2.052692886564005,3.0411456034324025,38.25411872771173,1.0052136313683062,24.046624932950987,0.12067054082980143,-79.02333504190757,-1.1573229341274334,-65.24262802592557,0.6295741068180681,56.694744440749254,0.2719344611720337,0.16119278277752636,0.00015748,0.7531429485923271,0.00081957,0,0.0
14220,0.3759814805802904,0.07447197169011875,-1.54e-06,2.052692886564005,3.0411456034324025,-18.01615834514264,1.0052136313683062,7.724743576408758,0.12067054082980143,-47.7670389450116,-1.1573229341274334,-1.935626805633377,0.6295741068180681,42.63836160491252,0.2719344611720337,-0.1873447556590339,0.00015748,0.18751249389532826,0.00081957,1,0.0
14221,0.05846104603533275,0.10998979240951906,-1.54e-06,2.052692886564005,3.0411456034324025,89.5491920983317,1.0052136313683062,10.466953041460135,0.12067054082980143,-11.301583456703845,-1.1573229341274334,-17.308431525280156,0.6295741068180681,-38.181026508660665,0.2719344611720337,0.41043612554805314,0.00015748,0.5131283704443811,0.00081957,0,0.0
14222,0.00024217978245405503,0.3704313132276782,-1.54e-06,2.052692886564005,3.0411456034324025,93.90647845714336,1.0052136313683062,6.091343754222489,0.12067054082980143,-36.166260819850955,-1.1573229341274334,79.49592647304462,0.6295741068180681,-39.614891190840424,0.2719344611720337,0.4159125265311746,0.00015748,1.4576489013644398,0.00081957,0,0.0
14223,0.000505187516714356,0.158512142151771,-1.54e-06,2.052692886564005,3.0411456034324025,56.59291424650074,1.0052136313683062,6.739255425773104,0.12067054082980143,-19.715112570089303,-1.1573229341274334,17.904859185152247,0.6295741068180681,-22.643985516209177,0.2719344611720337,0.2847117050468847,0.00015748,0.5322130775903137,0.00081957,0,0.0
14224,0.0015776967829597144,0.031065652352283604,-1.54e-06,2.052692886564005,3.0411456034324025,77.51716387332755,1.0052136313683062,19.00321893701843,0.12067054082980143,-97.48396332251536,-1.1573229341274334,51.263812433940345,0.6295741068180681,3.204260119563349,0.2719344611720337,0.4715113381786952,0.00015748,0.6622053100533506,0.00081957,0,0.0
14225,0.5928574479517911,0.06132867069186412,-1.54e-06,2.052692886564005,3.0411456034324025,-25.650622588676534,1.0052136313683062,3.060052195942259,0.12067054082980143,-6.877949223223908,-1.1573229341274334,-30.803187993342355,0.6295741068180681,32.777551019193055,0.2719344611720337,-0.05478441443331274,0.00015748,0.05565296695703322,0.00081957,1,0.0
14226,0.4520030572879583,0.056822322981302825,-1.54e-06,2.052692886564005,3.0411456034324025,-30.655829209697405,1.0052136313683062,6.603478757816011,0.12067054082980143,-49.60092989327348,-1.1573229341274334,5.089349866279097,0.6295741068180681,50.95372117780932,0.2719344611720337,-0.14412277923303338,0.00015748,0.14765214386029266,0.00081957,1,0.0
14227,0.9162850110858629,0.22140662093392,-1.54e-06,2.052692886564005,3.0411456034324025,-80.61821210487187,1.0052136313683062,-2.315214072014589,0.12067054082980143,-13.465559785046867,-1.1573229341274334,-1.117141261291543,0.6295741068180681,68.70881295878192,0.2719344611720337,-0.13364891215798388,0.00015748,0.13281652563631166,0.00081957,1,0.0
14228,0.013637720401071363,0.03259487022943448,-1.54e-06,2.052692886564005,3.0411456034324025,47.352101958499205,1.0052136313683062,14.740159815358513,0.12067054082980143,-92.93623675634728,-1.1573229341274334,69.12895460319417,0.6295741068180681,14.1829606225995,0.2719344611720337,0.4985499633466934,0.00015748,0.5010913199786581,0.00081957,0,0.0
14229,0.00369922087496774,0.03817623953203316,-1.54e-06,2.052692886564005,3.0411456034324025,-52.20149376972432,1.0052136313683062,-2.305910615148945,0.12067054082980143,-40.06085828684079,-1.1573229341274334,70.73775033981732,0.6295741068180681,38.67015526581305,0.2719344611720337,-0.13259446375798045,0.00015748,0.1333771718940151,0.00081957,1,0.0
14230,1.380395704535142,0.7650029874813185,-1.54e-06,2.052692886564005,3.0411456034324025,-23.419133402949527,1.0052136313683062,23.673136888235195,0.12067054082980143,-73.80156733020756,-1.1573229341274334,-93.26567858555983,0.6295741068180681,87.1766755987,0.2719344611720337,-0.5486640889497403,0.00015748,0.549812084448243,0.00081957,1,0.0
14231,0.0004433721204970542,0.04003763194854954,-1.54e-06,2.052692886564005,3.0411456034324025,42.231978307055236,1.0052136313683062,14.754722803635586,0.12067054082980143,-98.0756001653888,-1.1573229341274334,82.48409308903186,0.6295741068180681,16.517219156309448,0.2719344611720337,0.46985349310386343,0.00015748,0.588112686613858,0.00081957,0,0.0
14232,0.11760896553578726,0.10356645616953175,-1.54e-06,2.052692886564005,3.0411456034324025,-27.051870929725222,1.0052136313683062,9.332147814452917,0.12067054082980143,-86.37950444451509,-1.1573229341274334,49.6012104218735,0.6295741068180681,55.373707594756745,0.2719344611720337,-0.2009160805934863,0.00015748,0.21716463435360023,0.00081957,1,0.0
14233,0.35980791747832797,0.21832740055769143,-1.54e-06,2.052692886564005,3.0411456034324025,94.00870384509359,1.0052136313683062,13.689325450798476,0.12067054082980143,-1.1679138409290908,-1.1573229341274334,-68.03846992440421,0.6295741068180681,-33.05752313605915,0.2719344611720337,0.2804488721037455,0.00015748,0.519310241033847,0.00081957,0,0.0
14234,0.7337016718941294,0.2238809248705298,-1.54e-06,2.052692886564005,3.0411456034324025,97.9613998447846,1.0052136313683062,27.390800433472645,0.12067054082980143,-88.67878639335899,-1.1573229341274334,-38.03109374783919,0.6295741068180681,14.683312794556876,0.2719344611720337,0.3435207073756168,0.00015748,0.9190510590943399,0.00081957,0,0.0
14235,0.4991454641770613,0.032586848220915204,-1.54e-06,2.052692886564005,3.0411456034324025,-68.5736312247215,1.0052136313683062,3.1340297724896407,0.12067054082980143,-66.4465966705538,-1.1573229341274334,47.655240000898054,0.6295741068180681,75.41087220093614,0.2719344611720337,-0.03226701289910138,0.00015748,0.032145318642630864,0.00081957,1,0.0
14236,0.8786375996287109,0.31512524430659977,-1.54e-06,2.052692886564005,3.0411456034324025,71.50459761570504,1.0052136313683062,20.79723142478532,0.12067054082980143,-57.66401131469187,-1.1573229341274334,-49.498132219120826,0.6295741068180681,17.35813776910397,0.2719344611720337,0.3747442915281445,0.00015748,0.7223337856825296,0.00081957,0,0.0
14237,0.06416879562976197,0.05507221204708263,-1.54e-06,2.052692886564005,3.0411456034324025,27.823736438748085,1.0052136313683062,12.580968441125837,0.12067054082980143,-98.74793050300758,-1.1573229341274334,89.98617131207986,0.6295741068180681,25.948051053691614,0.2719344611720337,0.4272790617725746,0.00015748,0.6000081936286121,0.00081957,0,0.0
14238,0.4497327454934593,0.04528361083324867,-1.54e-06,2.052692886564005,3.0411456034324025,-31.44413448101976,1.0052136313683062,5.612593719943305,0.12067054082980143,-44.35959711590119,-1.1573229341274334,4.119298296356293,0.6295741068180681,48.84377496094297,0.2719344611720337,-0.12279022848706345,0.00015748,0.12291691616187772,0.00081957,1,0.0
14239,0.17368977598110535,0.06903498224023015,-1.54e-06,2.052692886564005,3.0411456034324025,59.523852111859746,1.0052136313683062,14.802042351070511,0.12067054082980143,-71.03671688124825,-1.1573229341274334,32.11264483785618,0.6295741068180681,4.913456018035188,0.2719344611720337,0.4692305426122676,0.00015748,0.5333745131356062,0.00081957,0,0.0
14240,0.012775246687194097,0.31173113394823776,-1.54e-06,2.052692886564005,3.0411456034324025,66.04095234595852,1.0052136313683062,3.0379947018858733,0.12067054082980143,-53.915932223398066,-1.1573229341274334,93.03277479327484,0.6295741068180681,-12.097595707237442,0.2719344611720337,0.31177890169633526,0.00015748,1.2793435789892067,0.00081957,0,0.0
14241,0.6482555046750036,0.19725994036232875,-1.54e-06,2.052692886564005,3.0411456034324025,98.47787738212436,1.0052136313683062,26.425156164992295,0.12067054082980143,-82.37484603431079,-1.1573229341274334,-35.89148249267913,0.6295741068180681,8.373497869970034,0.2719344611720337,0.34854331799300214,0.00015748,0.8763969085682899,0.00081957,0,0.0
14242,0.06881888949848591,0.04810744145546084,-1.54e-06,2.052692886564005,3.0411456034324025,33.89446146752353,1.0052136313683062,13.57729239216733,0.12067054082980143,-96.71281251320282,-1.1573229341274334,80.41407553556955,0.6295741068180681,22.859457302167026,0.2719344611720337,0.45458449316867106,0.00015748,0.5550245613776466,0.00081957,0,0.0
14243,0.31675989712547137,0.025734637835834767,-1.54e-06,2.052692886564005,3.0411456034324025,-25.388152889098176,1.0052136313683062,4.520444082631447,0.12067054082980143,-38.9101724571678,-1.1573229341274334,9.212183528481498,0.6295741068180681,39.33616183191422,0.2719344611720337,-0.09840993102789215,0.00015748,0.0986449086124699,0.00081957,1,0.0
14244,0.004864559340067798,0.10664287998097455,-1.54e-06,2.052692886564005,3.0411456034324025,21.884071005847563,1.0052136313683062,9.968766562512068,0.12067054082980143,-84.65345031413268,-1.1573229341274334,85.37334988531403,0.6295741068180681,21.02683033318677,0.2719344611720337,0.3408486371954308,0.00015748,0.5509417637164301,0.00081957,0,0.0
14245,0.00015714656474999367,0.03521502449599873,-1.54e-06,2.052692886564005,3.0411456034324025,0.30676967437993446,1.0052136313683062,0.8738293286935992,0.12067054082980143,-7.723973978887281,-1.1573229341274334,8.81063363312029,0.6295741068180681,2.3727700300859245,0.2719344611720337,0.019134603696917208,0.00015748,0.05488438712217658,0.00081957,0,0.0
14246,1.023931461619264,0.4213069408290893,-1.54e-06,2.052692886564005,3.0411456034324025,95.60260718586458,1.0052136313683062,21.38507438078565,0.12067054082980143,-32.81179304355204,-1.1573229341274334,-93.06053213377349,0.6295741068180681,1.429848331648622,0.2719344611720337,0.3580141403437277,0.00015748,0.8047012182716003,0.00081957,0,0.0
14247,0.0679792322365983,0.0726237676605632,-1.54e-06,2.052692886564005,3.0411456034324025,100.0,1.0052136313683062,13.114491944227105,0.12067054082980143,-20.747747796196805,-1.1573229341274334,-18.859843381333295,0.6295741068180681,-38.429005010595894,0.2719344611720337,0.45880571834552414,0.00015748,0.5492009883687001,0.00081957,0,0.0
14248,0.006419067687481128,0.12188848362279021,-1.54e-06,2.052692886564005,3.0411456034324025,18.563972926693907,1.0052136313683062,9.197733580662895,0.12067054082980143,-81.1283115772445,-1.1573229341274334,83.13152070535875,0.6295741068180681,21.401365845082733,0.2719344611720337,0.31601973734492617,0.00015748,0.5250101555944766,0.00081957,0,0.0
14249,0.00021143313371965733,0.22875416183714528,-1.54e-06,2.052692886564005,3.0411456034324025,2.660611995444403,1.0052136313683062,2.0510138196438996,0.12067054082980143,-39.33060081199949,-1.1573229341274334,63.578415854678425,0.6295741068180681,10.61811821390604,0.2719344611720337,0.09900718573676326,0.00015748,0.48640744557978144,0.00081957,0,0.0
14250,0.26249918543219647,0.06132254220511032,-1.54e-06,2.052692886564005,3.0411456034324025,-14.552080687176424,1.0052136313683062,7.253072804292026,0.12067054082980143,-47.24583782784017,-1.1573229341274334,5.818728615092837,0.6295741068180681,36.901989113916514,0.2719344611720337,-0.1710045880340024,0.00015748,0.17387422382284176,0.00081957,1,0.0
14251,0.9290000231666821,0.41708094770366877,-1.54e-06,2.052692886564005,3.0411456034324025,9.0122252655095,1.0052136313683062,20.129954416880242,0.12067054082980143,-92.84362008786987,-1.1573229341274334,-16.596945301938145,0.6295741068180681,64.67324288669808,0.2719344611720337,0.044587842243615505,0.00015748,0.5817082835378145,0.00081957,0,0.0
14252,0.5483213753462745,0.06955976190377389,-1.54e-06,2.052692886564005,3.0411456034324025,-23.112586954285092,1.0052136313683062,6.512538047052161,0.12067054082980143,-31.508357262768698,-1.1573229341274334,-20.17132067756571,0.6295741068180681,42.27358714289672,0.2719344611720337,-0.1459505289536142,0.00015748,0.1461546451714955,0.00081957,1,0.0
14253,-0.00046858101621544135,0.2799410116847921,-1.54e-06,2.052692886564005,3.0411456034324025,86.3053859756729,1.0052136313683062,4.715701780504127,0.12067054082980143,-11.500104278601212,-1.1573229341274334,50.09604536483923,0.6295741068180681,-46.59166167315608,0.2719344611720337,0.32559606856652534,0.00015748,1.2395959604418425,0.00081957,0,0.0
14254,0.17900683726589195,0.0054666014302760715,-1.54e-06,2.052692886564005,3.0411456034324025,-41.22561056715137,1.0052136313683062,1.265462644502359,0.12067054082980143,-43.926456569291524,-1.1573229341274334,42.54456407628833,0.6295741068180681,43.097522155337465,0.2719344611720337,-0.015660526691914353,0.00015748,0.01580818595529307,0.00081957,1,0.0
14255,0.0033518386101589748,0.057118732176513455,-1.54e-06,2.052692886564005,3.0411456034324025,69.25815947615617,1.0052136313683062,11.552973117571833,0.12067054082980143,-49.26068145521688,-1.1573229341274334,32.53916706412689,0.6295741068180681,-15.445093955168538,0.2719344611720337,0.439529309336004,0.00015748,0.5791841216462672,0.00081957,0,0.0
14256,0.43988321608621406,1.3627836427042932,-1.54e-06,2.052692886564005,3.0411456034324025,-72.03032641931442,1.0052136313683062,7.630892395524025,0.12067054082980143,-11.456217773678775,-1.1573229341274334,-1.5803709933064312,0.6295741068180681,35.96405547694668,0.2719344611720337,-0.732216893268207,0.00015748,0.4249034871852019,0.00081957,1,0.0
14257,-0.0004292442619433061,0.15800751532556404,-1.54e-06,2.052692886564005,3.0411456034324025,-9.855362834162335,1.0052136313683062,0.3470411720434195,0.12067054082980143,-26.492320035282617,-1.1573229341274334,47.67813172267426,0.6295741068180681,12.23427534382867,0.2719344611720337,0.012722135115076999,0.00015748,0.29603930626688624,0.00081957,0,0.0
14258,0.36962263279924124,0.2427923811675807,-1.54e-06,2.052692886564005,3.0411456034324025,78.81041317286666,1.0052136313683062,13.837810037321015,0.12067054082980143,-8.37974107077683,-1.1573229341274334,-64.08337755792496,0.6295741068180681,-22.141654668872807,0.2719344611720337,0.16679914117527628,0.00015748,0.4788228100549592,0.00081957,0,0.0
14259,0.5261042341233084,0.19258279581895948,-1.54e-06,2.052692886564005,3.0411456034324025,83.32930247899611,1.0052136313683062,16.74675900244718,0.12067054082980143,-32.715175769640126,-1.1573229341274334,-42.11833124264145,0.6295741068180681,-11.180767929662062,0.2719344611720337,0.4262109012704869,0.00015748,0.5994682471821664,0.00081957,0,0.0
14260,0.30778388942254065,0.01399178783760402,-1.54e-06,2.052692886564005,3.0411456034324025,-54.30429812645733,1.0052136313683062,3.900766030720172,0.12067054082980143,-66.34071255699055,-1.1573229341274334,51.34324234388469,0.6295741068180681,62.901468300233795,0.2719344611720337,-0.05794231962506896,0.00015748,0.05801445428979085,0.00081957,1,0.0
14261,0.2560418213065913,0.02183766642583778,-1.54e-06,2.052692886564005,3.0411456034324025,-32.71300317698978,1.0052136313683062,4.94512526256627,0.12067054082980143,-52.37671435495718,-1.1573229341274334,28.103004573274706,0.6295741068180681,46.10891662330327,0.2719344611720337,-0.0964584165763601,0.00015748,0.09790279473811701,0.00081957,1,0.0
14262,1.07222962489912,0.42628411811416356,-1.54e-06,2.052692886564005,3.0411456034324025,46.60077930693557,1.0052136313683062,22.718342395010456,0.12067054082980143,-76.62110725699065,-1.1573229341274334,-43.76861273552166,0.6295741068180681,42.58595870704087,0.2719344611720337,0.29713770093617975,0.00015748,0.7150025670225972,0.00081957,0,0.0
14263,0.03952738957617097,0.04523836530206627,-1.54e-06,2.052692886564005,3.0411456034324025,96.4703557426564,1.0052136313683062,20.062927793608573,0.12067054082980143,-69.51640433316093,-1.1573229341274334,9.69726055956001,0.6295741068180681,-17.03975013154954,0.2719344611720337,0.39958027671637797,0.00015748,0.670767353814315,0.00081957,0,0.0
14264,0.5928415176799032,0.07274967376715229,-1.54e-06,2.052692886564005,3.0411456034324025,-87.14559914494114,1.0052136313683062,0.2986919853811682,0.12067054082980143,-61.7975025785895,-1.1573229341274334,56.76512429400639,0.6295741068180681,83.51019024685877,0.2719344611720337,-0.07419338054734444,0.00015748,0.07429934322212355,0.00081957,1,0.0
14265,0.5578245433785448,0.21961616398620043,-1.54e-06,2.052692886564005,3.0411456034324025,39.80330023278941,1.0052136313683062,15.914370846860201,0.12067054082980143,-67.87034075367477,-1.1573229341274334,-0.8487382041661495,0.6295741068180681,26.110115896659664,0.2719344611720337,0.3181257416009608,0.00015748,0.5283664691867822,0.00081957,0,0.0
14266,0.8131246092991622,0.12669458069872755,-1.54e-06,2.052692886564005,3.0411456034324025,-43.7415772862899,1.0052136313683062,8.138283710096022,0.12067054082980143,-49.65842943547714,-1.1573229341274334,-18.092969711508974,0.6295741068180681,68.2574290267919,0.2719344611720337,-0.17580918796196712,0.00015748,0.17602043105246182,0.00081957,1,0.0
14267,0.7254780927219175,0.1764347723820601,-1.54e-06,2.052692886564005,3.0411456034324025,-32.3952784708281,1.0052136313683062,11.354502333568826,0.12067054082980143,-64.92716658387488,-1.1573229341274334,-16.03541936569903,0.6295741068180681,68.25543389443328,0.2719344611720337,-0.26987357970633125,0.00015748,0.27046855195586345,0.00081957,1,0.0
14268,1.1015576715159798,0.1826651885527844,-1.54e-06,2.052692886564005,3.0411456034324025,-77.2392492308884,1.0052136313683062,7.581730232827822,0.12067054082980143,-63.33195446915655,-1.1573229341274334,-6.321723128970708,0.6295741068180681,97.32180490410869,0.2719344611720337,-0.1320579868704931,0.00015748,0.13204100218281314,0.00081957,1,0.0
14269,0.3578585352653829,0.11731285289485992,-1.54e-06,2.052692886564005,3.0411456034324025,82.60078533498219,1.0052136313683062,18.966343030433375,0.12067054082980143,-58.147683289689446,-1.1573229341274334,-13.235059915955645,0.6295741068180681,-5.428417031578473,0.2719344611720337,0.4103447481796865,0.00015748,0.6399661244616,0.00081957,0,0.0
14270,0.9456358883710343,0.24889709237242696,-1.54e-06,2.052692886564005,3.0411456034324025,-37.89730768955437,1.0052136313683062,13.170861109034886,0.12067054082980143,-64.50786603719236,-1.1573229341274334,-33.36207056729808,0.6295741068180681,76.81804972525487,0.2719344611720337,-0.30013029865109003,0.00015748,0.3016689221460855,0.00081957,1,0.0
14271,0.11197245533316508,0.09208975956121385,-1.54e-06,2.052692886564005,3.0411456034324025,33.96083523989367,1.0052136313683062,6.764297809997188,0.12067054082980143,-0.1033079734822481,-1.1573229341274334,-48.76350184479237,0.6295741068180681,-9.154153661992106,0.2719344611720337,-0.21136885323213087,0.00015748,0.21142511943486433,0.00081957,1,0.0
14272,0.00013094685233722148,0.43776343987892197,-1.54e-06,2.052692886564005,3.0411456034324025,86.28371113001644,1.0052136313683062,2.702590336254525,0.12067054082980143,-14.478482977584072,-1.1573229341274334,79.27457015305443,0.6295741068180681,-48.60982917533466,0.2719344611720337,0.3019403327540445,0.00015748,1.5740698868039975,0.00081957,0,0.0
14273,0.3970396486061609,0.02266060411127082,-1.54e-06,2.052692886564005,3.0411456034324025,-83.97140017118949,1.0052136313683062,3.8467488805339505,0.12067054082980143,-93.01141195636062,-1.1573229341274334,84.18586015741968,0.6295741068180681,89.96831152647076,0.2719344611720337,-0.05381367339158861,0.00015748,0.054796566998891356,0.00081957,1,0.0
14274,-0.0002146438395458916,0.13764203889249366,-1.54e-06,2.052692886564005,3.0411456034324025,12.103430680517075,1.0052136313683062,6.78929678617049,0.12067054082980143,-57.530576612921216,-1.1573229341274334,54.304801766476444,0.6295741068180681,16.295910284663247,0.2719344611720337,0.22484091672307627,0.00015748,0.30126462370844165,0.00081957,0,0.0
14275,1.1772498572365278,0.4520917870860499,-1.54e-06,2.052692886564005,3.0411456034324025,66.53797148753115,1.0052136313683062,25.18845912426073,0.12067054082980143,-72.9298633206813,-1.1573229341274334,-62.72176660826018,0.6295741068180681,34.95501529698894,0.2719344611720337,0.36006030685146284,0.00015748,0.8178536282830212,0.00081957,0,0.0
14276,0.00011569901245600533,0.11540666101854948,-1.54e-06,2.052692886564005,3.0411456034324025,81.79639334659116,1.0052136313683062,15.252756620068308,0.12067054082980143,-81.34243726174543,-1.1573229341274334,68.8071819937861,0.6295741068180681,-10.218071046811112,0.2719344611720337,0.5815781426778645,0.00015748,0.8635599655114056,0.00081957,0,0.0
14277,0.0001536615151531695,0.023865342023693562,-1.54e-06,2.052692886564005,3.0411456034324025,82.93044112802919,1.0052136313683062,19.651764471346446,0.12067054082980143,-95.71432317263135,-1.1573229341274334,41.87337051002179,0.6295741068180681,0.9939807684573377,0.2719344611720337,0.40820359800219075,0.00015748,0.6897943216239031,0.00081957,0,0.0
14278,1.089723655042164,0.5155060971176938,-1.54e-06,2.052692886564005,3.0411456034324025,-37.225776279993696,1.0052136313683062,4.9482904756285455,0.12067054082980143,-44.368676549508436,-1.1573229341274334,-44.75144804428755,0.6295741068180681,80.2766999245206,0.2719344611720337,-0.3296029777147673,0.00015748,0.3824838674344093,0.00081957,1,0.0
14279,1.1312533169105734,0.20824083295746526,-1.54e-06,2.052692886564005,3.0411456034324025,-70.66624073642474,1.0052136313683062,4.036149409073893,0.12067054082980143,-31.04080999572756,-1.1573229341274334,-27.6803232601105,0.6295741068180681,80.59726547443857,0.2719344611720337,-0.04887703817915765,0.00015748,0.05094410169251549,0.00081957,1,0.0
14280,0.0005728136724241217,0.06564389396689241,-1.54e-06,2.052692886564005,3.0411456034324025,72.14958163640966,1.0052136313683062,14.68824883763191,0.12067054082980143,-79.26584529995237,-1.1573229341274334,57.882774319053105,0.6295741068180681,-4.149301314301842,0.2719344611720337,0.5390181023167856,0.00015748,0.6713851210142495,0.00081957,0,0.0
14281,-3.29799135243003e-05,0.17508780760478354,-1.54e-06,2.052692886564005,3.0411456034324025,4.0837357913504215,1.0052136313683062,5.446182290731389,0.12067054082980143,-62.63894433413953,-1.1573229341274334,75.54627222904438,0.6295741068180681,20.233437446822524,0.2719344611720337,0.18818074686787958,0.00015748,0.4574869504998974,0.00081957,0,0.0
14282,0.32934453915833173,0.13202830767554802,-1.54e-06,2.052692886564005,3.0411456034324025,30.252494482216612,1.0052136313683062,8.137671503659734,0.12067054082980143,-0.08145507571210718,-1.1573229341274334,-66.93694459204396,0.6295741068180681,-0.07145983243418329,0.2719344611720337,-0.25084769962909,0.00015748,0.2505136032010528,0.00081957,1,0.0
14283,0.43662388286921516,1.046487938459224,-1.54e-06,2.052692886564005,3.0411456034324025,-55.655778204973245,1.0052136313683062,17.391064054988963,0.12067054082980143,-71.42303850430511,-1.1573229341274334,27.61814571431661,0.6295741068180681,54.2540022055045,0.2719344611720337,-0.6132940813805227,0.00015748,0.594394239919879,0.00081957,1,0.0
14284,0.216372196372548,0.01005126446026253,-1.54e-06,2.052692886564005,3.0411456034324025,-19.06273404612383,1.0052136313683062,2.75457392759646,0.12067054082980143,-26.238700842431715,-1.1573229341274334,8.03500244652999,0.6295741068180681,27.37031648907403,0.2719344611720337,-0.05717894347500607,0.00015748,0.05705683991328364,0.00081957,1,0.0
14285,0.43881330755470915,0.3599865485566772,-1.54e-06,2.052692886564005,3.0411456034324025,57.03749216394494,1.0052136313683062,11.55966487521994,0.12067054082980143,-100.0,-1.1573229341274334,59.652205434404515,0.6295741068180681,33.85846236586361,0.2719344611720337,0.3291982927318541,0.00015748,1.0582471067870456,0.00081957,0,0.0
14286,-0.015989243077573212,0.7550678856702007,-1.54e-06,2.052692886564005,3.0411456034324025,99.97912060351457,1.0052136313683062,22.65756841688463,0.12067054082980143,-40.131176706538945,-1.1573229341274334,29.045838550168583,0.6295741068180681,-53.471609476345165,0.2719344611720337,0.20443587323483847,0.00015748,1.2917911316247759,0.00081957,0,0.0
14287,1.0667862623105098,0.5705349311270758,-1.54e-06,2.052692886564005,3.0411456034324025,32.93304513441947,1.0052136313683062,10.548480861428658,0.12067054082980143,-29.001447473258395,-1.1573229341274334,-52.16689933490168,0.6295741068180681,31.600136814012664,0.2719344611720337,0.2541886996967273,0.00015748,0.6360333755922722,0.00081957,0,0.0
14288,0.006001171131427507,0.018935003046304542,-1.54e-06,2.052692886564005,3.0411456034324025,-36.74200265855945,1.0052136313683062,4.081966491029874,0.12067054082980143,-68.29887944937244,-1.1573229341274334,63.89383224137109,0.6295741068180681,46.81150981622718,0.2719344611720337,-0.0723217533281369,0.00015748,0.07288375101473221,0.00081957,1,0.0
14289,0.7637798655199326,0.24300046070575784,-1.54e-06,2.052692886564005,3.0411456034324025,37.001273849394565,1.0052136313683062,18.288746625135573,0.12067054082980143,-89.35200967845941,-1.1573229341274334,7.849640211942028,0.6295741068180681,43.2852945897315,0.2719344611720337,0.4046849417822685,0.00015748,0.6450720896812365,0.00081957,0,0.0
14290,0.4483647650251137,0.0382401635070624,-1.54e-06,2.052692886564005,3.0411456034324025,-25.32341396409571,1.0052136313683062,0.43727276633497436,0.12067054082980143,-3.258247347518827,-1.1573229341274334,-16.940999748898452,0.6295741068180681,27.01212219711734,0.2719344611720337,-0.008184766621998813,0.00015748,0.0077144674833061234,0.00081957,1,0.0
14291,0.7218413408254561,0.4070242165473817,-1.54e-06,2.052692886564005,3.0411456034324025,35.69841832692469,1.0052136313683062,16.018624363768172,0.12067054082980143,-27.883454727228393,-1.1573229341274334,-86.51712584468287,0.6295741068180681,21.65871276757158,0.2719344611720337,-0.2757572071777437,0.00015748,0.4683802222631486,0.00081957,1,0.0
14292,0.1617995232500008,0.009707214695824721,-1.54e-06,2.052692886564005,3.0411456034324025,-64.07199545974727,1.0052136313683062,2.9052511291914476,0.12067054082980143,-80.00744822412587,-1.1573229341274334,81.86122132471266,0.6295741068180681,68.10008895231924,0.2719344611720337,-0.045172366764087715,0.00015748,0.045132142845886195,0.00081957,1,0.0
14293,1.1145336894489393,0.3054289150915329,-1.54e-06,2.052692886564005,3.0411456034324025,-38.559688601973484,1.0052136313683062,12.719692767630898,0.12067054082980143,-56.89235428745951,-1.1573229341274334,-51.8959402503271,0.6295741068180681,80.49712685497654,0.2719344611720337,-0.3107284032050666,0.00015748,0.3109294223344948,0.00081957,1,0.0
14294,0.2926195812803801,0.0414519734962414,-1.54e-06,2.052692886564005,3.0411456034324025,-19.244294102359184,1.0052136313683062,5.880261781459147,0.12067054082980143,-42.58191672030095,-1.1573229341274334,6.3151159342295,0.6295741068180681,37.8253242795772,0.2719344611720337,-0.13721224060048026,0.00015748,0.13867716274024605,0.00081957,1,0.0
14295,0.8010235541123669,0.1976115303043287,-1.54e-06,2.052692886564005,3.0411456034324025,-90.94680629203697,1.0052136313683062,-2.954874478779725,0.12067054082980143,-28.907594812859866,-1.1573229341274334,27.671096496315087,0.6295741068180681,76.16755660730894,0.2719344611720337,-0.1611315417082028,0.00015748,0.16098517173198254,0.00081957,1,0.0
14296,0.0025869306389955105,0.2929543074658171,-1.54e-06,2.052692886564005,3.0411456034324025,-31.234193553242452,1.0052136313683062,7.05511905994054,0.12067054082980143,-51.495854891457476,-1.1573229341274334,59.09063544084184,0.6295741068180681,27.00693642119276,0.2719344611720337,-0.22764259630693467,0.00015748,0.36910462267896565,0.00081957,1,0.0
14297,0.7377658904669682,0.23143887753343986,-1.54e-06,2.052692886564005,3.0411456034324025,99.71564122207491,1.0052136313683062,27.513563831822097,0.12067054082980143,-84.98907029813559,-1.1573229341274334,-42.52172082692672,0.6295741068180681,12.049874441697167,0.2719344611720337,0.3423581082868849,0.00015748,0.9142593483744397,0.00081957,0,0.0
14298,0.04583282238341668,0.08651719513303274,-1.54e-06,2.052692886564005,3.0411456034324025,17.166825642465817,1.0052136313683062,7.124972802838002,0.12067054082980143,-25.833288860512393,-1.1573229341274334,-14.332980221961577,0.6295741068180681,7.268374743930703,0.2719344611720337,-0.2008775470444335,0.00015748,0.2019913896558163,0.00081957,1,0.0
14299,0.662392238526159,0.24240945078512918,-1.54e-06,2.052692886564005,3.0411456034324025,69.00410038950331,1.0052136313683062,16.70251700240581,0.12067054082980143,-61.31267877188907,-1.1573229341274334,-19.860617045395983,0.6295741068180681,15.258485583437833,0.2719344611720337,0.37887741574562717,0.00015748,0.7325366635577109,0.00081957,0,0.0
14300,0.00487805439042549,0.2975471206960262,-1.54e-06,2.2120628725092004,3.0700215736324385,77.80675352524084,1.0052136313683062,3.855630027686787,0.12067054082980143,-43.564190383096715,-1.1573229341274334,75.72792057807413,0.6295741068180681,-20.936153261883742,0.2719344611720337,0.28201342161959075,0.00015748,1.107931929106066,0.00081957,0,0.0
14301,0.11003844840649907,0.05407775240921703,-1.54e-06,2.2120628725092004,3.0700215736324385,-0.3611275033967829,1.0052136313683062,6.902489577104025,0.12067054082980143,-43.49134568666007,-1.1573229341274334,6.059592816533794,0.6295741068180681,25.122422043642544,0.2719344611720337,-0.1617853116549078,0.00015748,0.16155268200034986,0.00081957,1,0.0
14302,0.02594348399395832,0.039476843907415966,-1.54e-06,2.2120628725092004,3.0700215736324385,-44.437863503967016,1.0052136313683062,-2.896438967158399,0.12067054082980143,-15.760185444445142,-1.1573229341274334,45.72567279365482,0.6295741068180681,23.86321456672068,0.2719344611720337,-0.13815982633597998,0.00015748,0.13823240415072238,0.00081957,1,0.0
14303,-0.27417216040853953,1.3481897073784712,-1.54e-06,2.2120628725092004,3.0700215736324385,18.164249836812033,1.0052136313683062,0.08204776760617873,0.12067054082980143,-4.945763240738843,-1.1573229341274334,89.67504308430821,0.6295741068180681,-34.45482377837621,0.2719344611720337,-0.11563101453802727,0.00015748,1.0081245426091012,0.00081957,1,0.0
14304,0.22106466295573463,0.008106968776461228,-1.54e-06,2.2120628725092004,3.0700215736324385,-52.824967685963045,1.0052136313683062,1.4363163234351704,0.12067054082980143,-49.10722945059476,-1.1573229341274334,47.98725417087839,0.6295741068180681,51.41960498086369,0.2719344611720337,-0.03186346700477279,0.00015748,0.03350580866230068,0.00081957,1,0.0
14305,0.6219039095358601,0.12964382588105544,-1.54e-06,2.2120628725092004,3.0700215736324385,-13.319194696860748,1.0052136313683062,9.706990820594939,0.12067054082980143,-44.63329866555527,-1.1573229341274334,-33.66852029594157,0.6295741068180681,49.35492899584289,0.2719344611720337,-0.22832568749478602,0.00015748,0.22845556493104727,0.00081957,1,0.0
14306,0.0029973288400073628,0.12764995102084062,-1.54e-06,2.2120628725092004,3.0700215736324385,12.141799089243754,1.0052136313683062,9.291978110786067,0.12067054082980143,-77.94148659137919,-1.1573229341274334,57.80607478002029,0.6295741068180681,28.14399479665173,0.2719344611720337,0.15724156839301734,0.00015748,0.256966026995122,0.00081957,0,0.0
14307,0.5210927893801017,0.07593183287781648,-1.54e-06,2.2120628725092004,3.0700215736324385,-38.426026665961544,1.0052136313683062,8.665932784391844,0.12067054082980143,-67.14493389353622,-1.1573229341274334,9.852494780603907,0.6295741068180681,65.54356248282174,0.2719344611720337,-0.17569475397667408,0.00015748,0.17674389694768752,0.00081957,1,0.0
14308,0.5101723422467427,0.08276352130915521,-1.54e-06,2.2120628725092004,3.0700215736324385,-20.087781859782726,1.0052136313683062,8.26982491612023,0.12067054082980143,-47.17762482154746,-1.1573229341274334,-14.689026575993221,0.6295741068180681,48.81856092642203,0.2719344611720337,-0.1837177112014265,0.00015748,0.18390439520563645,0.00081957,1,0.0
14309,0.00048374254840521935,0.1356877656169139,-1.54e-06,2.2120628725092004,3.0700215736324385,37.1488370997117,1.0052136313683062,6.851185089249307,0.12067054082980143,-36.88246731873235,-1.1573229341274334,23.3670093872338,0.6295741068180681,-2.261228410653886,0.2719344611720337,0.22122106030464112,0.00015748,0.25753133053783167,0.00081957,0,0.0
14310,0.3232320760152919,0.11034594638414534,-1.54e-06,2.2120628725092004,3.0700215736324385,7.926786920878557,1.0052136313683062,9.194630485104076,0.12067054082980143,-40.36742842738353,-1.1573229341274334,-24.84380665330306,0.6295741068180681,28.767346380381394,0.2719344611720337,-0.23321590531294045,0.00015748,0.23363130447204983,0.00081957,1,0.0
14311,-0.0005456566722860656,0.222938818171928,-1.54e-06,2.2120628725092004,3.0700215736324385,36.16995098653999,1.0052136313683062,4.63210545011617,0.12067054082980143,-39.66700404578101,-1.1573229341274334,55.912007926754065,0.6295741068180681,-4.37899784109998,0.2719344611720337,0.1945415564649527,0.00015748,0.6041408125588572,0.00081957,0,0.0
14312,0.0009034200121711411,0.16992013131337388,-1.54e-06,2.2120628725092004,3.0700215736324385,11.511309557607351,1.0052136313683062,7.473995853508715,0.12067054082980143,-83.05754000243446,-1.1573229341274334,94.84195155275103,0.6295741068180681,25.850639731339566,0.2719344611720337,0.23344123346999981,0.00015748,0.5458465698518824,0.00081957,0,0.0
14313,0.8950034774203058,0.12768834285023076,-1.54e-06,2.2120628725092004,3.0700215736324385,-58.75175922389695,1.0052136313683062,7.682169815416281,0.12067054082980143,-56.24050801460603,-1.1573229341274334,-13.380654340454301,0.6295741068180681,81.54188338082304,0.2719344611720337,-0.1435892184758051,0.00015748,0.14413932995757564,0.00081957,1,0.0
14314,0.3155158672733074,0.12376052057886411,-1.54e-06,2.2120628725092004,3.0700215736324385,44.69298756100032,1.0052136313683062,15.551924440076528,0.12067054082980143,-95.26143645611232,-1.1573229341274334,48.286218831735816,0.6295741068180681,28.908714406071844,0.2719344611720337,0.45724048210246454,0.00015748,0.46580325945948936,0.00081957,0,0.0
14315,1.00299246388313,0.360148251122504,-1.54e-06,2.2120628725092004,3.0700215736324385,91.54158754640645,1.0052136313683062,25.402728207107913,0.12067054082980143,-83.22770450831528,-1.1573229341274334,-54.136482889488036,0.6295741068180681,27.424390402125216,0.2719344611720337,0.3735983563311983,0.00015748,0.7568116455755626,0.00081957,0,0.0
14316,0.23528769261502613,0.2238949999137783,-1.54e-06,2.2120628725092004,3.0700215736324385,58.380726020507694,1.0052136313683062,13.567592243245777,0.12067054082980143,-30.30198329790403,-1.1573229341274334,-47.10260216993862,0.6295741068180681,-3.354246922147157,0.2719344611720337,-0.11719952137570727,0.00015748,0.36565812348786036,0.00081957,1,0.0
14317,0.6548657743746933,0.29627775899845465,-1.54e-06,2.2120628725092004,3.0700215736324385,43.47248307589387,1.0052136313683062,12.363440593149152,0.12067054082980143,-78.75265364845109,-1.1573229341274334,26.248857594594604,0.6295741068180681,35.778787984178436,0.2719344611720337,0.3855487788669333,0.00015748,0.6976114956316243,0.00081957,0,0.0
14318,0.0021388720342185863,0.06351934038133923,-1.54e-06,2.2120628725092004,3.0700215736324385,-20.99437372534694,1.0052136313683062,7.847945098414962,0.12067054082980143,-74.65896422228127,-1.1573229341274334,49.343107782094854,0.6295741068180681,43.103464388764145,0.2719344611720337,-0.15683208885568992,0.00015748,0.16081265285738125,0.00081957,1,0.0
14319,0.40744471601650595,0.07844246183226646,-1.54e-06,2.2120628725092004,3.0700215736324385,-86.47336329165749,1.0052136313683062,-3.3455867756060074,0.12067054082980143,-47.49648430768955,-1.1573229341274334,62.671098349936564,0.6295741068180681,72.4610826826406,0.2719344611720337,-0.11619839231511692,0.00015748,0.11647567499054068,0.00081957,1,0.0
14320,0.03188038000670601,0.17928189505740605,-1.54e-06,2.2120628725092004,3.0700215736324385,78.97770000364542,1.0052136313683062,8.130988081646485,0.12067054082980143,-78.69310571908123,-1.1573229341274334,78.80298087608719,0.6295741068180681,0.2186425746122158,0.2719344611720337,0.340966814904665,0.00015748,0.9552328275011628,0.00081957,0,0.0
14321,0.11715777033523755,0.10167636235272284,-1.54e-06,2.2120628725092004,3.0700215736324385,31.504632998020412,1.0052136313683062,8.10735573038747,0.12067054082980143,-21.47046995707204,-1.1573229341274334,-33.98376109337342,0.6295741068180681,3.186400839431711,0.2719344611720337,-0.22267009884572506,0.00015748,0.22344384396101677,0.00081957,1,0.0
14322,0.0001536865409772492,0.05534045416855907,-1.54e-06,2.2120628725092004,3.0700215736324385,68.00399549515862,1.0052136313683062,13.171395127373241,0.12067054082980143,-78.31648617613767,-1.1573229341274334,61.32435683093539,0.6295741068180681,-1.300925281828719,0.2719344611720337,0.42492334670203313,0.00015748,0.6056448243187634,0.00081957,0,0.0
14323,-0.00023513015995624276,0.21021275319896274,-1.54e-06,2.2120628725092004,3.0700215736324385,-54.570856593761434,1.0052136313683062,-3.899393383814188,0.12067054082980143,-33.6763662525461,-1.1573229341274334,85.01056853941104,0.6295741068180681,33.33784051914327,0.2719344611720337,-0.14048412745171487,0.00015748,0.34400315857744823,0.00081957,1,0.0
14324,0.0012795178159530907,0.5150925162928199,-1.54e-06,2.2120628725092004,3.0700215736324385,71.34084756744836,1.0052136313683062,3.9439704795371866,0.12067054082980143,-20.41550277704704,-1.1573229341274334,78.43244725826071,0.6295741068180681,-39.106642940470635,0.2719344611720337,0.20752358537181637,0.00015748,1.3041037182934856,0.00081957,0,0.0
14325,0.26109921697437666,0.173267056251178,-1.54e-06,2.2120628725092004,3.0700215736324385,8.594358183028634,1.0052136313683062,12.558818709333462,0.12067054082980143,-84.97662963008848,-1.1573229341274334,28.852503587637916,0.6295741068180681,43.68771050068908,0.2719344611720337,-0.009379665221080635,0.00015748,0.3316676557019455,0.00081957,1,0.0
14326,0.957695727962825,0.15515327645629423,-1.54e-06,2.2120628725092004,3.0700215736324385,-54.54675053740383,1.0052136313683062,2.7079988624701783,0.12067054082980143,-17.997971686049226,-1.1573229341274334,-37.986010567982554,0.6295741068180681,65.14935888705884,0.2719344611720337,-0.06171861612477716,0.00015748,0.06167579703346684,0.00081957,1,0.0
14327,-0.0002925015562864272,0.020740693665026417,-1.54e-06,2.2120628725092004,3.0700215736324385,-16.833707568381847,1.0052136313683062,0.4542643284279587,0.12067054082980143,-25.377995457819768,-1.1573229341274334,30.524966911466247,0.6295741068180681,18.701493663724975,0.2719344611720337,0.005944681805293459,0.00015748,0.03200766311714092,0.00081957,0,0.0
14328,0.40591144944273483,0.030757979105425347,-1.54e-06,2.2120628725092004,3.0700215736324385,-60.099933394000615,1.0052136313683062,6.1170096677120505,0.12067054082980143,-79.82785732226259,-1.1573229341274334,48.16114872246149,0.6295741068180681,75.99137036757985,0.2719344611720337,-0.1037410623320041,0.00015748,0.10430226776318587,0.00081957,1,0.0
14329,0.20727885781280642,0.4474771156794548,-1.54e-06,2.2120628725092004,3.0700215736324385,-38.61879379633982,1.0052136313683062,11.749912964167162,0.12067054082980143,-53.16010968872554,-1.1573229341274334,27.253647300825612,0.6295741068180681,35.43679696905452,0.2719344611720337,-0.3979753800878717,0.00015748,0.39931779698407766,0.00081957,1,0.0
14330,0.8270135533632728,0.4241904244931899,-1.54e-06,2.2120628725092004,3.0700215736324385,11.294821866780536,1.0052136313683062,18.218701399424603,0.12067054082980143,-75.33700201404791,-1.1573229341274334,-57.32527314931267,0.6295741068180681,61.56867216422584,0.2719344611720337,-0.3661934500951091,0.00015748,0.4633490231653294,0.00081957,1,0.0
14331,-1.1092338977225502e-05,0.47789296246486046,-1.54e-06,2.2120628725092004,3.0700215736324385,76.23097986101037,1.0052136313683062,8.3389538328531,0.12067054082980143,-1e-20,-1.1573229341274334,20.35183308216101,0.6295741068180681,-50.53790840996819,0.2719344611720337,0.14759496864146632,0.00015748,0.9277944545568495,0.00081957,0,0.0
14332,0.000983754732804043,0.11246254926099755,-1.54e-06,2.2120628725092004,3.0700215736324385,-0.5095419859096993,1.0052136313683062,4.982257686131074,0.12067054082980143,-52.075605325895445,-1.1573229341274334,50.448595610854255,0.6295741068180681,21.119838033577167,0.2719344611720337,0.12556485918116533,0.00015748,0.18976918972899465,0.00081957,0,0.0
14333,0.30435968037280947,0.22880366586840165,-1.54e-06,2.2120628725092004,3.0700215736324385,66.34364747796798,1.0052136313683062,12.44171109653364,0.12067054082980143,-14.714771732205971,-1.1573229341274334,-69.02544924865155,0.6295741068180681,-9.768894680806186,0.2719344611720337,-0.13741287279973952,0.00015748,0.3652133154211948,0.00081957,1,0.0
14334,0.6855749394821562,0.07064464179478425,-1.54e-06,2.2120628725092004,3.0700215736324385,-66.76788848304702,1.0052136313683062,2.4428159196645116,0.12067054082980143,-38.0231010697347,-1.1573229341274334,8.589139683144879,0.6295741068180681,67.77374674329208,0.2719344611720337,-0.03556962833716797,0.00015748,0.03558887862354695,0.00081957,1,0.0
14335,0.9409274394422794,0.4857594970700383,-1.54e-06,2.2120628725092004,3.0700215736324385,16.97958169354102,1.0052136313683062,18.64757664801341,0.12067054082980143,-58.7784644578935,-1.1573229341274334,-90.47714908593225,0.6295741068180681,56.490510421354266,0.2719344611720337,-0.46819821692157965,0.00015748,0.4695215185346841,0.00081957,1,0.0
14336,0.5465273797630019,0.13940237397755664,-1.54e-06,2.2120628725092004,3.0700215736324385,15.922675332088163,1.0052136313683062,9.344481934402534,0.12067054082980143,-16.55775747564949,-1.1573229341274334,-65.41996967769812,0.6295741068180681,21.910495275211286,0.2719344611720337,-0.24046594769926433,0.00015748,0.24200351983587265,0.00081957,1,0.0
14337,0.00045715404428803286,0.07335230011041724,-1.54e-06,2.2120628725092004,3.0700215736324385,-23.25801516691406,1.0052136313683062,1.9407499191386341,0.12067054082980143,-47.69878532274784,-1.1573229341274334,56.91060722507849,0.6295741068180681,30.045352125249682,0.2719344611720337,0.03896562765259507,0.00015748,0.12256768562199269,0.00081957,0,0.0
14338,0.5009875040097131,0.03777917335333307,-1.54e-06,2.2120628725092004,3.0700215736324385,-44.02311504418139,1.0052136313683062,4.8152018942943435,0.12067054082980143,-46.22768523915144,-1.1573229341274334,9.14599592972913,0.6295741068180681,56.867905813600906,0.2719344611720337,-0.08346002404912997,0.00015748,0.08407967865679541,0.00081957,1,0.0
14339,0.7447653791191038,0.2728394754400601,-1.54e-06,2.2120628725092004,3.0700215736324385,-17.538492238238227,1.0052136313683062,15.152150158810109,0.12067054082980143,-81.45353702655261,-1.1573229341274334,-27.47467536537909,0.6295741068180681,73.30938701749592,0.2719344611720337,-0.35345291150110153,0.00015748,0.3554308294529082,0.00081957,1,0.0
14340,-4.686536999454205e-05,0.17556204688561924,-1.54e-06,2.2120628725092004,3.0700215736324385,25.1607874501066,1.0052136313683062,3.140852917807159,0.12067054082980143,-20.84779113884974,-1.1573229341274334,29.084743257939323,0.6295741068180681,-5.899021820947235,0.2719344611720337,0.12157366397162046,0.00015748,0.36295554290621884,0.00081957,0,0.0
14341,0.1921807025475169,0.01238099422647868,-1.54e-06,2.2120628725092004,3.0700215736324385,-44.54927234154867,1.0052136313683062,4.058286266279766,0.12067054082980143,-64.7076569185058,-1.1573229341274334,49.438851721567325,0.6295741068180681,55.452217927088284,0.2719344611720337,-0.06790811073209639,0.00015748,0.06804208341221167,0.00081957,1,0.0
14342,0.2964137540809255,0.16475203936495728,-1.54e-06,2.2120628725092004,3.0700215736324385,33.708849044032895,1.0052136313683062,10.587235214973282,0.12067054082980143,-28.79675053685964,-1.1573229341274334,-45.155280135431425,0.6295741068180681,11.39461084156187,0.2719344611720337,-0.21714721941440457,0.00015748,0.28946417461487134,0.00081957,1,0.0
14343,0.09840956349111074,0.13692923130936552,-1.54e-06,2.2120628725092004,3.0700215736324385,-0.5280570400973056,1.0052136313683062,10.805786845204066,0.12067054082980143,-92.2232119879207,-1.1573229341274334,59.557674304613485,0.6295741068180681,44.14548510353228,0.2719344611720337,0.06763954146718479,0.00015748,0.27908247847061085,0.00081957,0,0.0
14344,-0.0004688388907391483,0.17031816719285606,-1.54e-06,2.2120628725092004,3.0700215736324385,-15.753465040124624,1.0052136313683062,2.9969924786390973,0.12067054082980143,-59.79093704838968,-1.1573229341274334,79.19922622583356,0.6295741068180681,29.261224017502624,0.2719344611720337,0.08167320065622105,0.00015748,0.34569187473381446,0.00081957,0,0.0
14345,0.5876273844756079,0.2243392513793623,-1.54e-06,2.2120628725092004,3.0700215736324385,-23.689149913305172,1.0052136313683062,14.420607591694003,0.12067054082980143,-93.07674466342553,-1.1573229341274334,-0.19931280951724645,0.6295741068180681,75.5085020548658,0.2719344611720337,-0.32493690673055436,0.00015748,0.3310409353904578,0.00081957,1,0.0
14346,0.10767561637640122,0.010914591307792099,-1.54e-06,2.2120628725092004,3.0700215736324385,-61.50375832023078,1.0052136313683062,3.742163763944959,0.12067054082980143,-83.29130923574746,-1.1573229341274334,81.7665126195324,0.6295741068180681,67.31246196583044,0.2719344611720337,-0.053348983031178715,0.00015748,0.05402397909293413,0.00081957,1,0.0
14347,0.11355276054425345,0.05751249940267953,-1.54e-06,2.2120628725092004,3.0700215736324385,84.35472332392982,1.0052136313683062,16.5317726197891,0.12067054082980143,-80.07467469504967,-1.1573229341274334,32.24805471320303,0.6295741068180681,-1.5679273560340516,0.2719344611720337,0.47213078392695623,0.00015748,0.5314810791363815,0.00081957,0,0.0
14348,0.4104397758783447,0.025995093680683767,-1.54e-06,2.2120628725092004,3.0700215736324385,-31.95921436457239,1.0052136313683062,1.4348955868461046,0.12067054082980143,-15.911597444784633,-1.1573229341274334,-5.078365657356959,0.6295741068180681,34.561111187273944,0.2719344611720337,-0.014957325217207162,0.00015748,0.015381244600825406,0.00081957,1,0.0
14349,0.8606507240714635,1.051810442575314,-1.54e-06,2.2120628725092004,3.0700215736324385,80.68764079849252,1.0052136313683062,2.5482710325238624,0.12067054082980143,-15.755593833739411,-1.1573229341274334,-2.6466822764609015,0.6295741068180681,-0.5029054443684593,0.2719344611720337,0.24887262525510423,0.00015748,1.3407975545553348,0.00081957,0,0.0
14350,0.02114025513803252,0.0005248190206587993,-1.54e-06,2.2120628725092004,3.0700215736324385,-14.738251198833053,1.0052136313683062,0.5908333681259068,0.12067054082980143,-17.643196320613708,-1.1573229341274334,19.0996311637274,0.6295741068180681,14.760780853765473,0.2719344611720337,-0.01115973627788999,0.00015748,0.01134318558195385,0.00081957,1,0.0
14351,0.7924609943804394,0.2967660372898191,-1.54e-06,2.2120628725092004,3.0700215736324385,40.636650935112684,1.0052136313683062,20.601258423650606,0.12067054082980143,-100.0,-1.1573229341274334,-2.1022487983762237,0.6295741068180681,50.65300870899094,0.2719344611720337,0.2735259856729695,0.00015748,0.5798072040541578,0.00081957,0,0.0
14352,0.0005346510891890421,0.1897260758421066,-1.54e-06,2.2120628725092004,3.0700215736324385,64.49091203657599,1.0052136313683062,5.243946098349949,0.12067054082980143,-7.428781169834329,-1.1573229341274334,6.185841766330294,0.6295741068180681,-29.98525396346729,0.2719344611720337,0.21758235857217872,0.00015748,0.4878836848008749,0.00081957,0,0.0
14353,0.9327548074153229,0.4566702390553018,-1.54e-06,2.2120628725092004,3.0700215736324385,77.99200217587745,1.0052136313683062,23.398573763409075,0.12067054082980143,-64.051012517164,-1.1573229341274334,-74.853245591882,0.6295741068180681,24.111940036651436,0.2719344611720337,0.12415359797349185,0.00015748,0.6581850414302768,0.00081957,0,0.0
14354,1.0076690188794708,0.23199014348234154,-1.54e-06,2.2120628725092004,3.0700215736324385,-41.51442245665255,1.0052136313683062,12.702720312041508,0.12067054082980143,-56.214360763333104,-1.1573229341274334,-43.63415216709031,0.6295741068180681,76.61020588756007,0.2719344611720337,-0.2524779394065155,0.00015748,0.2559307484356452,0.00081957,1,0.0
14355,0.012612176744860149,0.027400788785813056,-1.54e-06,2.2120628725092004,3.0700215736324385,-46.40970910788148,1.0052136313683062,-3.091482267410905,0.12067054082980143,-24.476546004923197,-1.1573229341274334,53.70376026944086,0.6295741068180681,29.851611380071077,0.2719344611720337,-0.11035150797924183,0.00015748,0.11038804978037682,0.00081957,1,0.0
14356,0.5508446118127662,0.24234181475298225,-1.54e-06,2.2120628725092004,3.0700215736324385,99.91941777574772,1.0052136313683062,17.73006837953141,0.12067054082980143,-36.01865446890865,-1.1573229341274334,-56.00744964361588,0.6295741068180681,-12.044723154696849,0.2719344611720337,0.33527288063799643,0.00015748,0.5628997852827479,0.00081957,0,0.0
14357,0.0007930797979001092,0.27156639367165664,-1.54e-06,2.2120628725092004,3.0700215736324385,9.293358030115426,1.0052136313683062,0.49366250909678744,0.12067054082980143,-20.99924931994082,-1.1573229341274334,51.89693560542212,0.6295741068180681,-0.9977771575347976,0.2719344611720337,0.049651407724410984,0.00015748,0.5143727011745903,0.00081957,0,0.0
14358,-0.00036333922450024203,0.25641310062509726,-1.54e-06,2.2120628725092004,3.0700215736324385,27.60820889120942,1.0052136313683062,1.424407724707282,0.12067054082980143,-15.129503815714433,-1.1573229341274334,38.156410820586,0.6295741068180681,-10.985192607391685,0.2719344611720337,0.0991268499631858,0.00015748,0.5269768907024065,0.00081957,0,0.0
14359,0.0007242419357343939,0.11125114509765248,-1.54e-06,2.2120628725092004,3.0700215736324385,-30.650199733905872,1.0052136313683062,-0.021997031929645944,0.12067054082980143,-47.55137320659326,-1.1573229341274334,69.08172624459651,0.6295741068180681,33.083612198950405,0.2719344611720337,0.0035843475575502853,0.00015748,0.20368685762312683,0.00081957,0,0.0
14360,0.798798050935495,0.3322508177551227,-1.54e-06,2.2120628725092004,3.0700215736324385,-1.3585087095843527,1.0052136313683062,15.010973637845732,0.12067054082980143,-75.73078603391335,-1.1573229341274334,-35.901967214571236,0.6295741068180681,66.16515159923857,0.2719344611720337,-0.25557182518834687,0.00015748,0.40485896833099655,0.00081957,1,0.0
14361,-0.0004332685876949349,0.03315965247453199,-1.54e-06,2.2120628725092004,3.0700215736324385,6.842080862375497,1.0052136313683062,2.36303252640573,0.12067054082980143,-13.280198095798859,-1.1573229341274334,4.639891373606883,0.6295741068180681,2.9166741003237266,0.2719344611720337,0.000948343258622697,0.00015748,0.06378019154799072,0.00081957,0,0.0
14362,0.4140088330685477,0.2985494721458917,-1.54e-06,2.2120628725092004,3.0700215736324385,72.47287255931326,1.0052136313683062,9.10216906883964,0.12067054082980143,-60.590790376485614,-1.1573229341274334,31.73724406109164,0.6295741068180681,7.92414986254365,0.2719344611720337,0.3431166402013107,0.00015748,0.8882533694397782,0.00081957,0,0.0
14363,0.4967179509355466,0.2393488706792867,-1.54e-06,2.2120628725092004,3.0700215736324385,5.559667316006564,1.0052136313683062,14.162492660301183,0.12067054082980143,-70.31575084017028,-1.1573229341274334,-22.625185378711983,0.6295741068180681,49.416624902997945,0.2719344611720337,-0.28524201285729095,0.00015748,0.3515810718757399,0.00081957,1,0.0
14364,0.17832243176455098,0.15104164036187712,-1.54e-06,2.2120628725092004,3.0700215736324385,40.18948955805958,1.0052136313683062,10.098856788283172,0.12067054082980143,-23.62222026292112,-1.1573229341274334,-44.119865666880656,0.6295741068180681,2.2456542502278545,0.2719344611720337,-0.23044250035893804,0.00015748,0.27503488820245675,0.00081957,1,0.0
14365,0.5602936244459236,0.6379917200121376,-1.54e-06,2.2120628725092004,3.0700215736324385,-40.37630396096833,1.0052136313683062,17.799875637166164,0.12067054082980143,-69.45156633474602,-1.1573229341274334,-3.2118371958477097,0.6295741068180681,55.674188637446626,0.2719344611720337,-0.47676347956818144,0.00015748,0.4674074382681417,0.00081957,1,0.0
14366,0.002827357599268332,0.03381361447500069,-1.54e-06,2.2120628725092004,3.0700215736324385,100.0,1.0052136313683062,17.9551202875296,0.12067054082980143,-83.17096284615373,-1.1573229341274334,31.120919270081888,0.6295741068180681,-10.023823741160111,0.2719344611720337,0.4411374417800637,0.00015748,0.5765826168576156,0.00081957,0,0.0
14367,1.457789908899869,0.7716097288197339,-1.54e-06,2.2120628725092004,3.0700215736324385,82.2500074553297,1.0052136313683062,20.62699795061395,0.12067054082980143,-64.72217230962517,-1.1573229341274334,-86.394375593001,0.6295741068180681,44.33851960491679,0.2719344611720337,0.321925149114454,0.00015748,0.8880569110276783,0.00081957,0,0.0
14368,0.8267632137003651,0.12754599845563586,-1.54e-06,2.2120628725092004,3.0700215736324385,-36.77873796244044,1.0052136313683062,7.819263945633688,0.12067054082980143,-40.30775310518374,-1.1573229341274334,-33.88231480245776,0.6295741068180681,63.32075821750395,0.2719344611720337,-0.16586838892364644,0.00015748,0.1660570453390117,0.00081957,1,0.0
14369,1.3557318022426044,0.324243751592624,-1.54e-06,2.2120628725092004,3.0700215736324385,-52.75356628623177,1.0052136313683062,7.516820858273252,0.12067054082980143,-8.527552348045383,-1.1573229341274334,-87.65565848338768,0.6295741068180681,70.90252378711142,0.2719344611720337,-0.13770000615945488,0.00015748,0.13641568536151105,0.00081957,1,0.0
14370,0.7132919372114851,0.36718739779148424,-1.54e-06,2.2120628725092004,3.0700215736324385,30.45215709506683,1.0052136313683062,16.17928708020289,0.12067054082980143,-42.70604235853739,-1.1573229341274334,-83.89163012329912,0.6295741068180681,34.90044192940375,0.2719344611720337,-0.390367673433607,0.00015748,0.41920345092817235,0.00081957,1,0.0
14371,0.5735666641909235,0.29711764043620015,-1.54e-06,2.2120628725092004,3.0700215736324385,24.37538419003073,1.0052136313683062,14.68272041981896,0.12067054082980143,-47.686814618975006,-1.1573229341274334,-63.34310615670377,0.6295741068180681,35.156909321569785,0.2719344611720337,-0.3740671511559878,0.00015748,0.3805449294160281,0.00081957,1,0.0
14372,-0.0038495373530391674,1.5958477011175025,-1.54e-06,2.2120628725092004,3.0700215736324385,87.0642515049729,1.0052136313683062,29.7062055912826,0.12067054082980143,-43.0623930683794,-1.1573229341274334,-69.00768035931964,0.6295741068180681,-33.6498203052295,0.2719344611720337,-0.6305456538071655,0.00015748,0.7846658639004668,0.00081957,1,0.0
14373,0.5753728311340953,0.06934999603367327,-1.54e-06,2.2120628725092004,3.0700215736324385,-7.084228397949,1.0052136313683062,4.8907464216588235,0.12067054082980143,-0.09397345295023764,-1.1573229341274334,-53.53302889008005,0.6295741068180681,22.548417504953957,0.2719344611720337,-0.1056262089811646,0.00015748,0.10558054114381527,0.00081957,1,0.0
14374,0.7965901785748302,0.11144805419476647,-1.54e-06,2.2120628725092004,3.0700215736324385,-28.509543228808017,1.0052136313683062,5.612762129381075,0.12067054082980143,-15.67767807890445,-1.1573229341274334,-48.887701312030686,0.6295741068180681,46.791445835473574,0.2719344611720337,-0.11547557639547402,0.00015748,0.11558448217082408,0.00081957,1,0.0
14375,0.27155325008625597,0.1650088625608333,-1.54e-06,2.2120628725092004,3.0700215736324385,8.33545518526134,1.0052136313683062,11.699742970459859,0.12067054082980143,-68.81578941968279,-1.1573229341274334,5.199649197060558,0.6295741068180681,38.47875852264945,0.2719344611720337,-0.15025475212515185,0.00015748,0.29881540696568887,0.00081957,1,0.0
14376,0.42374734261970354,0.032543453076513365,-1.54e-06,2.2120628725092004,3.0700215736324385,-11.458847626960349,1.0052136313683062,2.4758827571511497,0.12067054082980143,-0.7535131476001419,-1.1573229341274334,-32.59547081109167,0.6295741068180681,19.80808896698368,0.2719344611720337,-0.05201778765639062,0.00015748,0.05242148978113198,0.00081957,1,0.0
14377,0.2195601723271065,0.05084741759461457,-1.54e-06,2.2120628725092004,3.0700215736324385,-34.34532756927819,1.0052136313683062,6.306541553372072,0.12067054082980143,-50.0705293137058,-1.1573229341274334,27.893601199027202,0.6295741068180681,41.520052554352404,0.2719344611720337,-0.14259009144673895,0.00015748,0.14553032411713807,0.00081957,1,0.0
14378,0.42236350296244163,0.1427224965514113,-1.54e-06,2.2120628725092004,3.0700215736324385,-3.1284206893589155,1.0052136313683062,11.016130806289427,0.12067054082980143,-57.359694119264276,-1.1573229341274334,-17.65317530424516,0.6295741068180681,44.45980150103874,0.2719344611720337,-0.26214389737481897,0.00015748,0.2645011791436476,0.00081957,1,0.0
14379,0.021014198665701894,0.010424517942297012,-1.54e-06,2.2120628725092004,3.0700215736324385,-29.256622494008692,1.0052136313683062,3.26031092139334,0.12067054082980143,-53.39409080079375,-1.1573229341274334,47.61159059301118,0.6295741068180681,37.77995133453571,0.2719344611720337,-0.056625768027210414,0.00015748,0.056850511245434325,0.00081957,1,0.0
14380,0.006933724964386601,0.6213038676495709,-1.54e-06,2.2120628725092004,3.0700215736324385,99.92627930278552,1.0052136313683062,20.903172431983783,0.12067054082980143,-19.22908793957099,-1.1573229341274334,-52.91849018867797,0.6295741068180681,-46.47047927917864,0.2719344611720337,-0.12516649970871369,0.00015748,0.6288738673129974,0.00081957,1,0.0
14381,0.2983928337221644,0.015170470218709762,-1.54e-06,2.2120628725092004,3.0700215736324385,-18.54744748242015,1.0052136313683062,1.0476889649385166,0.12067054082980143,-4.753228067432903,-1.1573229341274334,-11.317640273660427,0.6295741068180681,19.642996707692987,0.2719344611720337,-0.016621802368612874,0.00015748,0.01675956737241293,0.00081957,1,0.0
14382,0.46524546402984224,0.25082904569705117,-1.54e-06,2.2120628725092004,3.0700215736324385,45.87888545850324,1.0052136313683062,9.794496127269193,0.12067054082980143,-45.23330294597717,-1.1573229341274334,-4.970451018462114,0.6295741068180681,15.200996841583585,0.2719344611720337,0.255948705378951,0.00015748,0.46333037112779696,0.00081957,0,0.0
14383,0.3957316437422412,0.09507163420065083,-1.54e-06,2.2120628725092004,3.0700215736324385,-9.202228607230275,1.0052136313683062,9.034320544714012,0.12067054082980143,-50.68094892072988,-1.1573229341274334,-11.853593183344099,0.6295741068180681,42.584886529599686,0.2719344611720337,-0.21311069111078368,0.00015748,0.21281298252958464,0.00081957,1,0.0
14384,0.0008556051815973298,0.05945772549143538,-1.54e-06,2.2120628725092004,3.0700215736324385,-26.006222056893883,1.0052136313683062,6.226839891756267,0.12067054082980143,-78.68417166522582,-1.1573229341274334,61.781529670177896,0.6295741068180681,48.01672589358987,0.2719344611720337,-0.08676716899398629,0.00015748,0.1376430561964943,0.00081957,1,0.0
14385,0.00011120698613387159,0.14123659677866118,-1.54e-06,2.2120628725092004,3.0700215736324385,88.86664557705701,1.0052136313683062,8.464445535514699,0.12067054082980143,-20.079306310855237,-1.1573229341274334,9.878430216835676,0.6295741068180681,-35.67923457670503,0.2719344611720337,0.3311642140698943,0.00015748,0.6091112561525998,0.00081957,0,0.0
14386,0.11895268317015717,0.01925671235713096,-1.54e-06,2.2120628725092004,3.0700215736324385,-55.60986585936374,1.0052136313683062,5.083518118539655,0.12067054082980143,-87.20424454544785,-1.1573229341274334,76.47992513042962,0.6295741068180681,67.59228213927027,0.2719344611720337,-0.08274927469429982,0.00015748,0.08272243604148466,0.00081957,1,0.0
14387,-0.0025748853699665286,0.7927363060339769,-1.54e-06,2.2120628725092004,3.0700215736324385,99.9123091830014,1.0052136313683062,21.812760948466757,0.12067054082980143,-64.48389545117888,-1.1573229341274334,78.67194044455495,0.6295741068180681,-46.37634876340015,0.2719344611720337,0.21692166382942468,0.00015748,1.5312335955418843,0.00081957,0,0.0
14388,1.0281851382145881,0.21395803092916493,-1.54e-06,2.2120628725092004,3.0700215736324385,-23.896527362540354,1.0052136313683062,9.38188380609805,0.12067054082980143,-22.2986261449609,-1.1573229341274334,-74.90461691197177,0.6295741068180681,56.44598086433981,0.2719344611720337,-0.2075865976436505,0.00015748,0.208127902182499,0.00081957,1,0.0
14389,0.3059979208328476,0.09681783878936562,-1.54e-06,2.2120628725092004,3.0700215736324385,100.0,1.0052136313683062,19.788174147121104,0.12067054082980143,-78.23290864377694,-1.1573229341274334,0.2558688377753351,0.6295741068180681,-1.677084225349458,0.2719344611720337,0.4151799126164038,0.00015748,0.6285196913452583,0.00081957,0,0.0
14390,1.2011282785809356,0.2767427925588443,-1.54e-06,2.2120628725092004,3.0700215736324385,-77.0169503647147,1.0052136313683062,0.7327078868039751,0.12067054082980143,-17.59852648797452,-1.1573229341274334,-40.384772852529935,0.6295741068180681,83.78415263836898,0.2719344611720337,-0.07932008854414027,0.00015748,0.07747444705149834,0.00081957,1,0.0
14391,0.39978785047218784,0.08772976982132524,-1.54e-06,2.2120628725092004,3.0700215736324385,12.175101154244057,1.0052136313683062,7.843320465944608,0.12067054082980143,-17.58865165550826,-1.1573229341274334,-46.31673889914287,0.6295741068180681,18.156301732072826,0.2719344611720337,-0.19367311445462865,0.00015748,0.19626471908368104,0.00081957,1,0.0
14392,1.0971872214427807,0.21384729792449225,-1.54e-06,2.2120628725092004,3.0700215736324385,-58.55356372489633,1.0052136313683062,10.438287587027855,0.12067054082980143,-63.076943164584904,-1.1573229341274334,-31.792965445174886,0.6295741068180681,92.15055435195468,0.2719344611720337,-0.21116621216320475,0.00015748,0.2117326984247625,0.00081957,1,0.0
14393,0.30840795513709973,0.2120421961944683,-1.54e-06,2.2120628725092004,3.0700215736324385,64.88817355279164,1.0052136313683062,13.879612171165556,0.12067054082980143,-39.6715224157645,-1.1573229341274334,-32.28564008930262,0.6295741068180681,-0.7848534280362589,0.2719344611720337,0.09292301944550094,0.00015748,0.41172870450885657,0.00081957,0,0.0
14394,0.00014895067665987582,0.24103395812764034,-1.54e-06,2.2120628725092004,3.0700215736324385,-63.03799782078989,1.0052136313683062,-7.989563780779623,0.12067054082980143,-14.43345280214521,-1.1573229341274334,79.50392334859501,0.6295741068180681,29.464826982397284,0.2719344611720337,-0.22408630401764823,0.00015748,0.3516133328097932,0.00081957,1,0.0
14395,0.2608004469971694,0.04147100829238172,-1.54e-06,2.2120628725092004,3.0700215736324385,-46.33966463122076,1.0052136313683062,7.238791770251575,0.12067054082980143,-84.52120371979383,-1.1573229341274334,51.74479224956387,0.6295741068180681,68.03365688290701,0.2719344611720337,-0.13971016319337856,0.00015748,0.13968970707415226,0.00081957,1,0.0
14396,0.6247004664457048,0.33182689603729093,-1.54e-06,2.2120628725092004,3.0700215736324385,59.734702594400275,1.0052136313683062,17.24544956527329,0.12067054082980143,-49.222663389779136,-1.1573229341274334,-57.99146972273794,0.6295741068180681,17.856213055605103,0.2719344611720337,-0.012053187999295945,0.00015748,0.495494973720856,0.00081957,1,0.0
14397,0.39745275364497457,0.05106624590645781,-1.54e-06,2.2120628725092004,3.0700215736324385,-8.58351898687196,1.0052136313683062,5.979871696390961,0.12067054082980143,-27.30612135620736,-1.1573229341274334,-21.870507200678443,0.6295741068180681,31.053102226680295,0.2719344611720337,-0.14179414276339364,0.00015748,0.1418607120461799,0.00081957,1,0.0
14398,-5.903619534985971e-05,0.14483895448541567,-1.54e-06,2.2120628725092004,3.0700215736324385,92.62210726260074,1.0052136313683062,8.556625304334188,0.12067054082980143,-28.93523596288926,-1.1573229341274334,36.49895333769204,0.6295741068180681,-37.14072562032199,0.2719344611720337,0.3497421749949624,0.00015748,0.8800615601497058,0.00081957,0,0.0
14399,-0.0003747794563252471,0.10897523988514735,-1.54e-06,2.2120628725092004,3.0700215736324385,78.33439595683656,1.0052136313683062,9.814840762104145,0.12067054082980143,-50.412575320934266,-1.1573229341274334,52.79393235182242,0.6295741068180681,-20.30290059199554,0.2719344611720337,0.365841520350343,0.00015748,0.7967069103545347,0.00081957,0,0.0
14400,0.007988541968538054,7.8499711587571e-06,-1.54e-06,3.1417007715451413,31.707887424500196,-78.95676062233919,1.0052136313683062,81.65301877460728,0.12067054082980143,-3.470751381937242,-1.1573229341274334,-53.37918185825881,0.6295741068180681,8.946449787861997,0.2719344611720337,-0.00027097187868534145,0.00015748,0.00027102049308182,0.00081957,1,0.0
14401,0.00034230725953388974,9.943298398062373e-08,-1.54e-06,3.1417007715451413,31.707887424500196,-97.36182321687018,1.0052136313683062,-6.207712735383412,0.12067054082980143,-21.541726995021303,-1.1573229341274334,-56.175977245415176,0.6295741068180681,26.667232699440085,0.2719344611720337,-2.302995707912814e-05,0.00015748,2.3036415697341974e-05,0.00081957,1,0.0
14402,0.004213506147283684,2.971262571129184e-06,-1.54e-06,3.1417007715451413,31.707887424500196,-86.21464559637519,1.0052136313683062,53.06502851592087,0.12067054082980143,-58.07170146293748,-1.1573229341274334,-45.365713552846906,0.6295741068180681,17.17140128624409,0.2719344611720337,-0.00016791935711342655,0.00015748,0.00016792215593442491,0.00081957,1,0.0
14403,0.00015994325451698654,8.845065348620333e-07,-1.54e-06,3.1417007715451413,31.707887424500196,37.849319631587875,1.0052136313683062,28.12040291085879,0.12067054082980143,-58.498169016036414,-1.1573229341274334,-85.66694108251538,0.6295741068180681,-10.732080847179716,0.2719344611720337,-8.56266553451465e-05,0.00015748,8.562727642353482e-05,0.00081957,1,0.0
14404,0.0008127666673938545,1.8835331404393039e-06,-1.54e-06,3.1417007715451413,31.707887424500196,59.287086610583415,1.0052136313683062,39.735257313688265,0.12067054082980143,-60.132324592599026,-1.1573229341274334,-30.007580689118814,0.6295741068180681,-17.85353057863696,0.2719344611720337,-0.00012338757710852877,0.00015748,0.0001233585809886845,0.00081957,1,0.0
14405,0.005513508936163555,7.100226750497839e-06,-1.54e-06,3.1417007715451413,31.707887424500196,-54.337306595875575,1.0052136313683062,80.07379629366824,0.12067054082980143,-75.56474018576289,-1.1573229341274334,-81.80708981146456,0.6295741068180681,6.181024950962278,0.2719344611720337,-0.00025420862888441656,0.00015748,0.0002542518587231638,0.00081957,1,0.0
14406,0.001912731681514521,2.1310657234784865e-06,-1.54e-06,3.1417007715451413,31.707887424500196,71.11708398412911,1.0052136313683062,41.211903590053076,0.12067054082980143,-16.07168552905326,-1.1573229341274334,-71.87274829016212,0.6295741068180681,-22.914904871868295,0.2719344611720337,-0.00013292664909565465,0.00015748,0.00013293503053750884,0.00081957,1,0.0
14407,0.0036501283282279516,5.353766038446903e-06,-1.54e-06,3.1417007715451413,31.707887424500196,70.54192895786521,1.0052136313683062,66.1132321221841,0.12067054082980143,-30.67521947592914,-1.1573229341274334,-53.09058532318318,0.6295741068180681,-25.638377044655527,0.2719344611720337,-0.00021336366804071497,0.00015748,0.00021334749709791395,0.00081957,1,0.0
14408,0.0006215758010063425,9.246652462575071e-08,-1.54e-06,3.1417007715451413,31.707887424500196,-73.55115254864735,1.0052136313683062,11.546566383863405,0.12067054082980143,-53.38896024757724,-1.1573229341274334,-57.36962885309757,0.6295741068180681,19.56281034926678,0.2719344611720337,-3.193213701458178e-05,0.00015748,3.19270579228448e-05,0.00081957,1,0.0
14409,0.0015410417518807642,9.943193802938497e-07,-1.54e-06,3.1417007715451413,31.707887424500196,-40.53118943268273,1.0052136313683062,31.371498537494944,0.12067054082980143,-64.83024271736603,-1.1573229341274334,15.274249607357026,0.6295741068180681,8.755831956331091,0.2719344611720337,-9.564647905769828e-05,0.00015748,9.563999529717588e-05,0.00081957,1,0.0
14410,0.0076388420145957845,9.181852505559634e-06,-1.54e-06,3.1417007715451413,31.707887424500196,-46.832395257304,1.0052136313683062,88.13977269031632,0.12067054082980143,-21.740723187384106,-1.1573229341274334,58.85654659670825,0.6295741068180681,0.4405306142514384,0.2719344611720337,-0.00028988445156969393,0.00015748,0.0002899662055144316,0.00081957,1,0.0
14411,0.003177260835986917,3.0242409621288455e-06,-1.54e-06,3.1417007715451413,31.707887424500196,-12.099262949919394,1.0052136313683062,51.798776255266276,0.12067054082980143,-54.13914199990422,-1.1573229341274334,86.40100965739813,0.6295741068180681,-1.9464309932710844,0.2719344611720337,-0.00016454403884032706,0.00015748,0.00016455593770429926,0.00081957,1,0.0
14412,0.0016537189612604863,2.7842749662944513e-06,-1.54e-06,3.1417007715451413,31.707887424500196,17.821013908975786,1.0052136313683062,50.13143219106258,0.12067054082980143,-87.83105275120349,-1.1573229341274334,65.24415928521309,0.6295741068180681,-7.7681196585870165,0.2719344611720337,-0.00015483031542472356,0.00015748,0.0001548166828188355,0.00081957,1,0.0
14413,0.00307539087050877,2.4566427043171696e-06,-1.54e-06,3.1417007715451413,31.707887424500196,-12.43206545207277,1.0052136313683062,46.53597447398517,0.12067054082980143,-39.686147014808114,-1.1573229341274334,19.36949493473076,0.6295741068180681,-1.6147773135199759,0.2719344611720337,-0.00014864922924783458,0.00015748,0.0001486488105128429,0.00081957,1,0.0
14414,0.005664901706626098,3.1301000550435013e-06,-1.54e-06,3.1417007715451413,31.707887424500196,-96.98235345574369,1.0052136313683062,52.30508367422184,0.12067054082980143,-11.997316920495011,-1.1573229341274334,98.34070211156858,0.6295741068180681,17.636332195291686,0.2719344611720337,-0.00017400542882106972,0.00015748,0.00017404874087655813,0.00081957,1,0.0
14415,0.002591763527531375,5.7054485869418e-06,-1.54e-06,3.1417007715451413,31.707887424500196,83.96616062998696,1.0052136313683062,69.45892623471688,0.12067054082980143,-72.841957766991,-1.1573229341274334,-53.12343120931238,0.6295741068180681,-27.638989083243484,0.2719344611720337,-0.00021903532765224945,0.00015748,0.00021904132879095278,0.00081957,1,0.0
14416,0.001891846121799881,4.483938292705666e-06,-1.54e-06,3.1417007715451413,31.707887424500196,86.18582123975415,1.0052136313683062,61.36215577708509,0.12067054082980143,-71.57387631081215,-1.1573229341274334,-73.38978155910125,0.6295741068180681,-27.07564884411961,0.2719344611720337,-0.00019248835845592897,0.00015748,0.00019255594244905254,0.00081957,1,0.0
14417,0.0007720995293970563,1.1838221002132689e-07,-1.54e-06,3.1417007715451413,31.707887424500196,-82.43364497283801,1.0052136313683062,12.388491063758822,0.12067054082980143,-56.71121580023299,-1.1573229341274334,-14.825055234279075,0.6295741068180681,21.75402000645299,0.2719344611720337,-3.4393341434859404e-05,0.00015748,3.443566624004245e-05,0.00081957,1,0.0
14418,0.0011817711786396077,1.628309852879325e-06,-1.54e-06,3.1417007715451413,31.707887424500196,10.634729866256228,1.0052136313683062,38.54019737908522,0.12067054082980143,-69.1925950372008,-1.1573229341274334,-70.72936143814016,0.6295741068180681,-4.83810597223768,0.2719344611720337,-0.00011821297833894748,0.00015748,0.00011820005383627815,0.00081957,1,0.0
14419,0.001616746153540298,8.088575657491098e-07,-1.54e-06,3.1417007715451413,31.707887424500196,-89.01583687134472,1.0052136313683062,29.9961722185046,0.12067054082980143,-87.34403179603673,-1.1573229341274334,89.26233351471436,0.6295741068180681,22.085626881791665,0.2719344611720337,-8.909397475581732e-05,0.00015748,8.91243858414804e-05,0.00081957,1,0.0
14420,0.0018935263250735583,2.2992198748028985e-06,-1.54e-06,3.1417007715451413,31.707887424500196,49.69482086982638,1.0052136313683062,43.75611328859556,0.12067054082980143,-41.023439350274664,-1.1573229341274334,72.93359379957458,0.6295741068180681,-17.060688666823406,0.2719344611720337,-0.00013922605142976577,0.00015748,0.0001392484280836037,0.00081957,1,0.0
14421,8.387777363249958e-05,1.0396191619118239e-08,-1.54e-06,3.1417007715451413,31.707887424500196,-44.948103932763274,1.0052136313683062,4.807195683048145,0.12067054082980143,-34.947855389049465,-1.1573229341274334,-91.96102463950477,0.6295741068180681,12.504771463199758,0.2719344611720337,-1.2711436228006265e-05,0.00015748,1.2712985175341911e-05,0.00081957,1,0.0
14422,0.0024156870697083143,2.349772465893481e-06,-1.54e-06,3.1417007715451413,31.707887424500196,-54.102478138263656,1.0052136313683062,48.13235670902643,0.12067054082980143,-89.66587080102947,-1.1573229341274334,-94.40741939435567,0.6295741068180681,11.22350943359812,0.2719344611720337,-0.00014713395282875785,0.00015748,0.00014713760926396958,0.00081957,1,0.0
14423,0.0002099290292817068,6.435775973424329e-09,-1.54e-06,3.1417007715451413,31.707887424500196,-14.566770102217617,1.0052136313683062,2.85909121729019,0.12067054082980143,-7.286115100259108,-1.1573229341274334,-77.73630695972837,0.6295741068180681,3.8037966885323606,0.2719344611720337,-8.136099795592044e-06,0.00015748,8.13699726080552e-06,0.00081957,1,0.0
14424,0.0045367184372829,5.206618279755112e-06,-1.54e-06,3.1417007715451413,31.707887424500196,33.89525654179438,1.0052136313683062,65.43512373090655,0.12067054082980143,-15.62299464689231,-1.1573229341274334,-83.23162448778595,0.6295741068180681,-16.83830637493338,0.2719344611720337,-0.0002133734655844688,0.00015748,0.00021336178590522205,0.00081957,1,0.0
14425,8.669713941039095e-06,3.783404835395558e-07,-1.54e-06,3.1417007715451413,31.707887424500196,26.638694014164148,1.0052136313683062,18.206951263029673,0.12067054082980143,-40.706510361091624,-1.1573229341274334,-36.812033511693976,0.6295741068180681,-7.408518023527209,0.2719344611720337,-5.5337212193328015e-05,0.00015748,5.533233905691528e-05,0.00081957,1,0.0
14426,0.000770546807656092,5.813812980236636e-08,-1.54e-06,3.1417007715451413,31.707887424500196,-31.938712114007203,1.0052136313683062,7.524703908822712,0.12067054082980143,-13.82209780790491,-1.1573229341274334,22.153891322823718,0.6295741068180681,7.621685929287458,0.2719344611720337,-2.3440647292867902e-05,0.00015748,2.3453243130557148e-05,0.00081957,1,0.0
14427,0.004011412311962036,2.2229129849755833e-06,-1.54e-06,3.1417007715451413,31.707887424500196,-58.02991740597512,1.0052136313683062,44.58929030802566,0.12067054082980143,-22.689140894128464,-1.1573229341274334,-53.960992681996686,0.6295741068180681,9.649271513265989,0.2719344611720337,-0.0001446782281374907,0.00015748,0.00014468686308729493,0.00081957,1,0.0
14428,0.004927889521634523,4.3902007512284446e-06,-1.54e-06,3.1417007715451413,31.707887424500196,0.9794433493720824,1.0052136313683062,60.149123063065,0.12067054082980143,-8.195041107595927,-1.1573229341274334,94.15276904036814,0.6295741068180681,-8.486762148715128,0.2719344611720337,-0.00019883869403091697,0.00015748,0.0001988482662852712,0.00081957,1,0.0
14429,0.000796037003909923,8.622323629275552e-07,-1.54e-06,3.1417007715451413,31.707887424500196,-51.564185665729084,1.0052136313683062,30.538611651462805,0.12067054082980143,-96.41020678977208,-1.1573229341274334,25.001342198979643,0.6295741068180681,13.053065612023305,0.2719344611720337,-8.997984646290396e-05,0.00015748,8.999197218920377e-05,0.00081957,1,0.0
14430,4.849025869537501e-05,6.304743233735253e-07,-1.54e-06,3.1417007715451413,31.707887424500196,-19.874267460675533,1.0052136313683062,25.767814842610818,0.12067054082980143,-88.26601998721321,-1.1573229341274334,-77.8524968590019,0.6295741068180681,5.552086203798286,0.2719344611720337,-7.552687937288906e-05,0.00015748,7.553745285023342e-05,0.00081957,1,0.0
14431,0.0033131430879017112,1.1580438429424078e-06,-1.54e-06,3.1417007715451413,31.707887424500196,-86.60907412354435,1.0052136313683062,33.38627523490418,0.12067054082980143,-30.038002040070825,-1.1573229341274334,-39.736085230074934,0.6295741068180681,18.756780136671892,0.2719344611720337,-0.00010695723272898913,0.00015748,0.00010695425075126969,0.00081957,1,0.0
14432,0.0003468031674089963,8.669189377253665e-09,-1.54e-06,3.1417007715451413,31.707887424500196,-88.73390174232121,1.0052136313683062,5.935944008676964,0.12067054082980143,-58.61069391667511,-1.1573229341274334,85.82665305575723,0.6295741068180681,24.097365825175252,0.2719344611720337,-1.4468493660680298e-05,0.00015748,1.4470183057975325e-05,0.00081957,1,0.0
14433,0.0013613544305862567,8.112906277613659e-07,-1.54e-06,3.1417007715451413,31.707887424500196,22.984151049720516,1.0052136313683062,26.009551869073825,0.12067054082980143,-15.555034410986444,-1.1573229341274334,-92.09152724214906,0.6295741068180681,-8.553135183231582,0.2719344611720337,-8.300830156112763e-05,0.00015748,8.302095914879132e-05,0.00081957,1,0.0
14434,0.0037750273437025085,3.4873654825660063e-06,-1.54e-06,3.1417007715451413,31.707887424500196,44.68569612012552,1.0052136313683062,52.6664135322839,0.12067054082980143,-0.9128876787413275,-1.1573229341274334,33.16503765658177,0.6295741068180681,-18.721261032893693,0.2719344611720337,-0.00017403648878947534,0.00015748,0.00017402893117409688,0.00081957,1,0.0
14435,0.00535469939963328,7.615834060916558e-06,-1.54e-06,3.1417007715451413,31.707887424500196,53.82354518429251,1.0052136313683062,78.72014310211509,0.12067054082980143,-19.395593692397906,-1.1573229341274334,48.95479081923294,0.6295741068180681,-23.889475884791388,0.2719344611720337,-0.00025759683226086615,0.00015748,0.0002575848295615869,0.00081957,1,0.0
14436,0.0019958066776882893,1.1579691674642372e-06,-1.54e-06,3.1417007715451413,31.707887424500196,33.823624807814134,1.0052136313683062,30.102831483323165,0.12067054082980143,-0.1974459956139952,-1.1573229341274334,-39.57980977434524,0.6295741068180681,-12.676099423517607,0.2719344611720337,-9.892541600145653e-05,0.00015748,9.896185180993036e-05,0.00081957,1,0.0
14437,0.0006844502215910984,1.8755124882176037e-06,-1.54e-06,3.1417007715451413,31.707887424500196,82.1444357825769,1.0052136313683062,39.24071670467441,0.12067054082980143,-50.35719966815062,-1.1573229341274334,-30.183112844139757,0.6295741068180681,-24.01741293361905,0.2719344611720337,-0.00012280403787809458,0.00015748,0.00012279709826629244,0.00081957,1,0.0
14438,0.0007115056748353733,1.0771869803240517e-08,-1.54e-06,3.1417007715451413,31.707887424500196,-81.29944355759898,1.0052136313683062,4.274271606805617,0.12067054082980143,-33.41491497377891,-1.1573229341274334,6.701570474393041,0.6295741068180681,21.50993485053737,0.2719344611720337,-1.0352964674691652e-05,0.00015748,1.0366539191090602e-05,0.00081957,1,0.0
14439,0.005716502984199831,4.283182853959984e-06,-1.54e-06,3.1417007715451413,31.707887424500196,-62.212540482250084,1.0052136313683062,60.88473676884476,0.12067054082980143,-12.680956682903606,-1.1573229341274334,-64.69456497082783,0.6295741068180681,8.019522263243292,0.2719344611720337,-0.00020027036571330342,0.00015748,0.0002002676877934862,0.00081957,1,0.0
14440,0.0007864841288539202,3.1692015720109325e-06,-1.54e-06,3.1417007715451413,31.707887424500196,89.593236900524,1.0052136313683062,51.91217437473336,0.12067054082980143,-81.25918865667148,-1.1573229341274334,-62.2009291853366,0.6295741068180681,-26.225990238517674,0.2719344611720337,-0.0001608550785588586,0.00015748,0.00016087151663252966,0.00081957,1,0.0
14441,0.0026362455562193507,2.7467571170279304e-06,-1.54e-06,3.1417007715451413,31.707887424500196,-31.259665866272414,1.0052136313683062,50.60638392737306,0.12067054082980143,-77.08076970534711,-1.1573229341274334,-66.52171009461136,0.6295741068180681,4.463136689726115,0.2719344611720337,-0.00015678102577929234,0.00015748,0.00015683759919821793,0.00081957,1,0.0
14442,0.001650185816939625,2.2552680094702017e-06,-1.54e-06,3.1417007715451413,31.707887424500196,-29.206585168686516,1.0052136313683062,46.806620285761646,0.12067054082980143,-99.79537964160677,-1.1573229341274334,-93.88703164476242,0.6295741068180681,5.542019096828062,0.2719344611720337,-0.00014178696007504724,0.00015748,0.00014183470364392128,0.00081957,1,0.0
14443,0.00010411491731501365,1.0484722448181123e-07,-1.54e-06,3.1417007715451413,31.707887424500196,30.02213014022595,1.0052136313683062,8.672681701698412,0.12067054082980143,-5.441302116933483,-1.1573229341274334,-31.619648723460603,0.6295741068180681,-8.513188465966268,0.2719344611720337,-2.760545284741357e-05,0.00015748,2.7616847215201695e-05,0.00081957,1,0.0
14444,0.0024168938825237605,3.3057790851152016e-06,-1.54e-06,3.1417007715451413,31.707887424500196,68.39567931030977,1.0052136313683062,51.89990234445517,0.12067054082980143,-36.678641835786124,-1.1573229341274334,77.65060284013393,0.6295741068180681,-23.15063423545433,0.2719344611720337,-0.00016656798095939738,0.00015748,0.00016655595644501957,0.00081957,1,0.0
14445,0.0008223137770183462,2.5399828853810622e-06,-1.54e-06,3.1417007715451413,31.707887424500196,66.03510711122611,1.0052136313683062,46.88684774422889,0.12067054082980143,-82.02894635631544,-1.1573229341274334,98.29975378080411,0.6295741068180681,-19.88747880690102,0.2719344611720337,-0.00014516682707872215,0.00015748,0.00014516769532404452,0.00081957,1,0.0
14446,0.0019772855899406754,3.050971025410701e-06,-1.54e-06,3.1417007715451413,31.707887424500196,73.03317221041017,1.0052136313683062,50.113112322394414,0.12067054082980143,-40.241982981342275,-1.1573229341274334,-83.29432400821383,0.6295741068180681,-23.540175690531925,0.2719344611720337,-0.00015914358496689715,0.00015748,0.00015917578659011122,0.00081957,1,0.0
14447,0.0035312537045893793,5.211466841008318e-06,-1.54e-06,3.1417007715451413,31.707887424500196,76.61394339129338,1.0052136313683062,64.94877633268221,0.12067054082980143,-27.80559218245668,-1.1573229341274334,-59.105774715061244,0.6295741068180681,-27.131615752783617,0.2719344611720337,-0.0002098171825306463,0.00015748,0.0002097932672837283,0.00081957,1,0.0
14448,0.002630694068558281,1.2358402417592709e-06,-1.54e-06,3.1417007715451413,31.707887424500196,-79.21582236759444,1.0052136313683062,35.26594423329232,0.12067054082980143,-60.58077597546936,-1.1573229341274334,85.28661393758955,0.6295741068180681,17.681999006158986,0.2719344611720337,-0.00010959514684977822,0.00015748,0.00010959631955155357,0.00081957,1,0.0
14449,0.0019664143844720385,2.135843790793978e-06,-1.54e-06,3.1417007715451413,31.707887424500196,17.231543796181718,1.0052136313683062,43.274417529393624,0.12067054082980143,-54.215849577043585,-1.1573229341274334,36.058036599261136,0.6295741068180681,-8.081654787556293,0.2719344611720337,-0.0001359255484172796,0.00015748,0.00013594859214382014,0.00081957,1,0.0
14450,0.0042091412916603725,3.7315239342927536e-06,-1.54e-06,3.1417007715451413,31.707887424500196,-66.56379345272302,1.0052136313683062,58.51900587866496,0.12067054082980143,-68.31869170811149,-1.1573229341274334,99.93249562582399,0.6295741068180681,11.548227624027806,0.2719344611720337,-0.000185339251770089,0.00015748,0.00018542166948070428,0.00081957,1,0.0
14451,2.9602905586116612e-06,1.3761976139410449e-06,-1.54e-06,3.1417007715451413,31.707887424500196,71.68993850520994,1.0052136313683062,34.15204231242512,0.12067054082980143,-65.8787076113407,-1.1573229341274334,-20.563122520507576,0.6295741068180681,-19.98585700721769,0.2719344611720337,-0.00010497877305295701,0.00015748,0.00010499187658549688,0.00081957,1,0.0
14452,2.7050616978459242e-05,4.218590555917401e-07,-1.54e-06,3.1417007715451413,31.707887424500196,53.8944217280026,1.0052136313683062,18.208472284180274,0.12067054082980143,-26.092984204329962,-1.1573229341274334,18.1429418551722,0.6295741068180681,-15.101900360298693,0.2719344611720337,-5.6963872508914866e-05,0.00015748,5.6975468319153317e-05,0.00081957,1,0.0
14453,0.0006960835394338384,1.041806756650721e-06,-1.54e-06,3.1417007715451413,31.707887424500196,-23.273962277929495,1.0052136313683062,32.43567741200623,0.12067054082980143,-91.78327437384647,-1.1573229341274334,88.42167686687762,0.6295741068180681,5.253523761836565,0.2719344611720337,-9.696809696493411e-05,0.00015748,9.69742193029792e-05,0.00081957,1,0.0
14454,0.0030834721981037837,6.361504426363815e-06,-1.54e-06,3.1417007715451413,31.707887424500196,59.14118752414409,1.0052136313683062,74.14384092750393,0.12067054082980143,-83.01620845908563,-1.1573229341274334,-67.3645806490476,0.6295741068180681,-21.506679944824747,0.2719344611720337,-0.00023320100920860306,0.00015748,0.00023319903180294018,0.00081957,1,0.0
14455,7.427796856112386e-05,1.9317047882231653e-06,-1.54e-06,3.1417007715451413,31.707887424500196,86.70755274344197,1.0052136313683062,40.01500630784596,0.12067054082980143,-75.73808666535244,-1.1573229341274334,71.9056851755993,0.6295741068180681,-24.387384846071267,0.2719344611720337,-0.0001235020436431096,0.00015748,0.00012356555008288727,0.00081957,1,0.0
14456,0.0029970177728514025,3.5235146129347876e-06,-1.54e-06,3.1417007715451413,31.707887424500196,-41.65577159668854,1.0052136313683062,57.661890813743206,0.12067054082980143,-93.51299744259077,-1.1573229341274334,-3.2724193738000205,0.6295741068180681,6.692126567775809,0.2719344611720337,-0.00017848936343841564,0.00015748,0.00017847739310199146,0.00081957,1,0.0
14457,0.0032946863487141724,5.210285640676554e-06,-1.54e-06,3.1417007715451413,31.707887424500196,98.91704774988898,1.0052136313683062,64.25589404478515,0.12067054082980143,-23.404937238946747,-1.1573229341274334,-1.299981757166452,0.6295741068180681,-33.01393344379696,0.2719344611720337,-0.00020827154797653174,0.00015748,0.0002083541415767729,0.00081957,1,0.0
14458,0.005544054817121254,1.866231068960636e-05,-1.54e-06,3.1417007715451413,31.707887424500196,-13.869595160200811,1.0052136313683062,82.96633359820906,0.12067054082980143,-72.70562898737684,-1.1573229341274334,7.5546482479239145,0.6295741068180681,-2.214607137263982,0.2719344611720337,-0.000248215023831043,0.00015748,0.00027032947617480025,0.00081957,1,0.0
14459,0.0008032466270049248,4.63641298621242e-07,-1.54e-06,3.1417007715451413,31.707887424500196,17.810566951886624,1.0052136313683062,19.69538370694416,0.12067054082980143,-23.67998462516299,-1.1573229341274334,61.30499789036,0.6295741068180681,-6.356228842123227,0.2719344611720337,-6.222633796406481e-05,0.00015748,6.224611501900677e-05,0.00081957,1,0.0
14460,0.004443650887994154,7.3917615843742425e-06,-1.54e-06,3.1417007715451413,31.707887424500196,0.7445090337040491,1.0052136313683062,80.94403445786854,0.12067054082980143,-87.68011676551195,-1.1573229341274334,-46.03832211224536,0.6295741068180681,-7.475439917600561,0.2719344611720337,-0.000255381080229685,0.00015748,0.0002553643425979236,0.00081957,1,0.0
14461,0.0032253222433224556,2.1045811358938315e-06,-1.54e-06,3.1417007715451413,31.707887424500196,-53.36424131300618,1.0052136313683062,44.07562678736537,0.12067054082980143,-50.857512997197446,-1.1573229341274334,61.79715125979524,0.6295741068180681,9.519174101747021,0.2719344611720337,-0.00013963194290313006,0.00015748,0.00013966556926735024,0.00081957,1,0.0
14462,0.004232899368079789,3.539164506863019e-06,-1.54e-06,3.1417007715451413,31.707887424500196,5.417549580783568,1.0052136313683062,54.1766126395643,0.12067054082980143,-11.289039945676112,-1.1573229341274334,44.082777036647386,0.6295741068180681,-8.528045652729421,0.2719344611720337,-0.0001780897011356872,0.00015748,0.00017808970647687975,0.00081957,1,0.0
14463,0.0024641417416288937,1.2766031091392125e-06,-1.54e-06,3.1417007715451413,31.707887424500196,-80.12039611860176,1.0052136313683062,36.07870211733096,0.12067054082980143,-67.25484371318909,-1.1573229341274334,-6.6187205059393115,0.6295741068180681,18.310779899213387,0.2719344611720337,-0.00011077430203825272,0.00015748,0.000110792764531588,0.00081957,1,0.0
14464,0.0034431553352521674,4.593642158529476e-06,-1.54e-06,3.1417007715451413,31.707887424500196,-23.580155082191933,1.0052136313683062,64.92976000932067,0.12067054082980143,-88.64252229166934,-1.1573229341274334,-35.05469468920166,0.6295741068180681,0.9529416294991622,0.2719344611720337,-0.00020268146974806238,0.00015748,0.00020270409847236034,0.00081957,1,0.0
14465,0.005513431024460038,6.115734435296044e-06,-1.54e-06,3.1417007715451413,31.707887424500196,-35.38004120271806,1.0052136313683062,73.1054730598357,0.12067054082980143,-46.15201754962214,-1.1573229341274334,34.42984319869372,0.6295741068180681,0.759747437500705,0.2719344611720337,-0.00023602280675305543,0.00015748,0.00023602859408424257,0.00081957,1,0.0
14466,0.0006711262467021825,6.646839215077652e-07,-1.54e-06,3.1417007715451413,31.707887424500196,-1.1906629890940938,1.0052136313683062,24.80745575423394,0.12067054082980143,-56.401276970955834,-1.1573229341274334,95.35255985111009,0.6295741068180681,-0.8718799648459852,0.2719344611720337,-7.560014086071228e-05,0.00015748,7.563086104093409e-05,0.00081957,1,0.0
14467,0.002524635124732174,3.423666985917277e-07,-1.54e-06,3.1417007715451413,31.707887424500196,-100.0,1.0052136313683062,19.043806877410404,0.12067054082980143,-20.494769599269397,-1.1573229341274334,-88.17216555879851,0.6295741068180681,23.846585064989075,0.2719344611720337,-6.07866909598163e-05,0.00015748,6.0801020773824206e-05,0.00081957,1,0.0
14468,0.0016452137616506548,1.9345838693648123e-06,-1.54e-06,3.1417007715451413,31.707887424500196,-0.5034994532252022,1.0052136313683062,41.9435480773877,0.12067054082980143,-68.24729549463262,-1.1573229341274334,-97.91538858007051,0.6295741068180681,-2.465006600103682,0.2719344611720337,-0.00012923733215006102,0.00015748,0.00012921277240099556,0.00081957,1,0.0
14469,0.0033603619519807027,6.922737330051239e-06,-1.54e-06,3.1417007715451413,31.707887424500196,85.62322932447061,1.0052136313683062,75.88503827935052,0.12067054082980143,-65.93118309283079,-1.1573229341274334,31.523969255895615,0.6295741068180681,-29.46302428205643,0.2719344611720337,-0.00024153313320667046,0.00015748,0.00024150711291088118,0.00081957,1,0.0
14470,0.002349509167519894,2.949002238663418e-06,-1.54e-06,3.1417007715451413,31.707887424500196,71.72551859540464,1.0052136313683062,48.62935831453816,0.12067054082980143,-25.164317403014287,-1.1573229341274334,11.902331418940438,0.6295741068180681,-23.89781929139587,0.2719344611720337,-0.00015680317993390175,0.00015748,0.00015678890238003464,0.00081957,1,0.0
14471,0.0045937955616831665,6.187857232326043e-06,-1.54e-06,3.1417007715451413,31.707887424500196,11.431222284707998,1.0052136313683062,72.922508203743,0.12067054082980143,-54.51176183178527,-1.1573229341274334,84.59834130789687,0.6295741068180681,-10.844233246149457,0.2719344611720337,-0.0002341049807619445,0.00015748,0.00023410532708451957,0.00081957,1,0.0
14472,0.007276535380328979,7.775853860127884e-06,-1.54e-06,3.1417007715451413,31.707887424500196,-68.9221997744958,1.0052136313683062,81.9713503847582,0.12067054082980143,-25.445459814179063,-1.1573229341274334,-44.25550849512526,0.6295741068180681,7.30803917913051,0.2719344611720337,-0.0002683723989466532,0.00015748,0.00026841741870999426,0.00081957,1,0.0
14473,9.976033794864504e-05,1.2579942194430623e-07,-1.54e-06,3.1417007715451413,31.707887424500196,28.629687900168705,1.0052136313683062,9.45193305874713,0.12067054082980143,-10.384252111564203,-1.1573229341274334,23.55569099772592,0.6295741068180681,-8.179825403786271,0.2719344611720337,-2.9946108158990283e-05,0.00015748,2.993966656721302e-05,0.00081957,1,0.0
14474,0.001236144510470333,8.166698185012244e-07,-1.54e-06,3.1417007715451413,31.707887424500196,0.35513657071993476,1.0052136313683062,26.98284404356354,0.12067054082980143,-40.813984817029976,-1.1573229341274334,74.9315293098661,0.6295741068180681,-2.21206106705731,0.2719344611720337,-8.427112007719861e-05,0.00015748,8.429578130054191e-05,0.00081957,1,0.0
14475,9.701681911868451e-06,2.0133792612809036e-09,-1.54e-06,3.1417007715451413,31.707887424500196,-46.775906415547006,1.0052136313683062,2.4619376987545447,0.12067054082980143,-31.463298379400975,-1.1573229341274334,-88.68235870347809,0.6295741068180681,13.13346395692453,0.2719344611720337,-6.903107730988433e-06,0.00015748,6.905313644153024e-06,0.00081957,1,0.0
14476,0.006399421113677728,5.947705858210803e-06,-1.54e-06,3.1417007715451413,31.707887424500196,-78.74666891923809,1.0052136313683062,72.53588717872691,0.12067054082980143,-34.1546307796521,-1.1573229341274334,-35.66904274126375,0.6295741068180681,11.478020792417306,0.2719344611720337,-0.0002359872957512658,0.00015748,0.00023598758939845417,0.00081957,1,0.0
14477,0.005363910123106086,4.348027387537043e-06,-1.54e-06,3.1417007715451413,31.707887424500196,-86.33913090999947,1.0052136313683062,62.89595218985124,0.12067054082980143,-46.4522430828944,-1.1573229341274334,-41.75313793742238,0.6295741068180681,15.31231697732267,0.2719344611720337,-0.0002021894381197021,0.00015748,0.0002022209006751134,0.00081957,1,0.0
14478,1.5236701157777632e-05,1.3578282127127501e-05,-1.54e-06,3.1417007715451413,31.707887424500196,-0.5455459887430166,1.0052136313683062,6.068894904802565,0.12067054082980143,-28.97231583914725,-1.1573229341274334,-61.346922242744924,0.6295741068180681,3.934608388938934,0.2719344611720337,-6.554226483874178e-06,0.00015748,3.367617261687986e-05,0.00081957,1,0.0
14479,0.00018859919012974855,5.138200538277599e-07,-1.54e-06,3.1417007715451413,31.707887424500196,-33.47296434343623,1.0052136313683062,23.81780264904968,0.12067054082980143,-85.19332544108204,-1.1573229341274334,-58.95022431080134,0.6295741068180681,9.09407268573349,0.2719344611720337,-6.939217108924202e-05,0.00015748,6.939143620988373e-05,0.00081957,1,0.0
14480,0.002087834587710474,3.1345294256825753e-06,-1.54e-06,3.1417007715451413,31.707887424500196,93.78090174028009,1.0052136313683062,49.947380298381596,0.12067054082980143,-24.853416718578412,-1.1573229341274334,-46.298362390303694,0.6295741068180681,-29.55691304445704,0.2719344611720337,-0.0001606585979809712,0.00015748,0.00016065518991706325,0.00081957,1,0.0
14481,0.000562052978728939,3.6278974892690205e-09,-1.54e-06,3.1417007715451413,31.707887424500196,-83.41236332075616,1.0052136313683062,1.9180368892846587,0.12067054082980143,-30.97420654467985,-1.1573229341274334,-56.60631182580218,0.6295741068180681,22.412278782890038,0.2719344611720337,-2.910216377152924e-06,0.00015748,2.9089895339749477e-06,0.00081957,1,0.0
14482,0.005104847497323355,3.6217499493441688e-06,-1.54e-06,3.1417007715451413,31.707887424500196,-54.37798766696232,1.0052136313683062,55.91680108880161,0.12067054082980143,-15.55068194649159,-1.1573229341274334,-57.332255709541464,0.6295741068180681,6.839979379708924,0.2719344611720337,-0.00018323103251463493,0.00015748,0.00018328453701933642,0.00081957,1,0.0
14483,0.0009046174409169245,3.1322442124034384e-07,-1.54e-06,3.1417007715451413,31.707887424500196,-44.41849574293629,1.0052136313683062,18.009476639757843,0.12067054082980143,-50.73008438350157,-1.1573229341274334,87.76794659039354,0.6295741068180681,10.815052066518732,0.2719344611720337,-5.38617642636752e-05,0.00015748,5.3894883420115885e-05,0.00081957,1,0.0
14484,0.0034039314690127213,1.8194139124737531e-06,-1.54e-06,3.1417007715451413,31.707887424500196,-50.35879763351043,1.0052136313683062,40.46268089224686,0.12067054082980143,-29.919316966701054,-1.1573229341274334,17.40784095845825,0.6295741068180681,8.43312911833566,0.2719344611720337,-0.00013034856760222357,0.00015748,0.00013037106471840124,0.00081957,1,0.0
14485,0.0016307603518321521,1.580540700284451e-06,-1.54e-06,3.1417007715451413,31.707887424500196,-37.10193385818143,1.0052136313683062,39.471132752636834,0.12067054082980143,-86.13854498439005,-1.1573229341274334,55.594596026354054,0.6295741068180681,7.609629600688582,0.2719344611720337,-0.00012005715639675489,0.00015748,0.00012006670292165607,0.00081957,1,0.0
14486,0.0008222477812196965,1.2642327486910064e-06,-1.54e-06,3.1417007715451413,31.707887424500196,-16.865077467112503,1.0052136313683062,35.06745742941871,0.12067054082980143,-89.97363044860808,-1.1573229341274334,25.275628819699655,0.6295741068180681,3.332020052711747,0.2719344611720337,-0.00010533482352086522,0.00015748,0.00010538470409297119,0.00081957,1,0.0
14487,0.0034215104987182833,9.223060099038346e-07,-1.54e-06,3.1417007715451413,31.707887424500196,-90.98563641814,1.0052136313683062,29.34129437600512,0.12067054082980143,-15.903438592825523,-1.1573229341274334,-36.4633707880569,0.6295741068180681,19.801206109614213,0.2719344611720337,-9.594716667603994e-05,0.00015748,9.598113976580951e-05,0.00081957,1,0.0
14488,0.0003015186204769899,2.489483396487485e-05,-1.54e-06,3.1417007715451413,31.707887424500196,-95.330539844539,1.0052136313683062,-2.304369422892492,0.12067054082980143,-60.19747231637039,-1.1573229341274334,96.72318146076049,0.6295741068180681,32.844243935498675,0.2719344611720337,-1.1703940513727435e-05,0.00015748,6.132146991908419e-05,0.00081957,1,0.0
14489,0.0024564318874317277,6.476381910983154e-07,-1.54e-06,3.1417007715451413,31.707887424500196,-98.25403400212237,1.0052136313683062,26.47276084159444,0.12067054082980143,-47.44242521144346,-1.1573229341274334,-14.298623976600874,0.6295741068180681,23.389631846187328,0.2719344611720337,-8.178766438973494e-05,0.00015748,8.178886546273064e-05,0.00081957,1,0.0
14490,0.004262283442259826,6.464143849602395e-06,-1.54e-06,3.1417007715451413,31.707887424500196,53.62764164779679,1.0052136313683062,73.42497318656167,0.12067054082980143,-39.63249692137012,-1.1573229341274334,-86.11000682928018,0.6295741068180681,-21.884412731764453,0.2719344611720337,-0.00023618518581938308,0.00015748,0.00023621202518407132,0.00081957,1,0.0
14491,0.004055367741425836,3.150114502693212e-06,-1.54e-06,3.1417007715451413,31.707887424500196,-49.1967580177482,1.0052136313683062,53.247041927073674,0.12067054082980143,-46.09443241252599,-1.1573229341274334,47.56084479152166,0.6295741068180681,7.002999388725701,0.2719344611720337,-0.00017052594287308168,0.00015748,0.00017054339676932952,0.00081957,1,0.0
14492,2.5336632389417243e-06,4.1783524933959944e-05,-1.54e-06,3.1417007715451413,31.707887424500196,-63.946648514603915,1.0052136313683062,-12.221423513490672,0.12067054082980143,-33.22633137137903,-1.1573229341274334,-30.74123659840594,0.6295741068180681,29.282417982303958,0.2719344611720337,-3.267431879284033e-05,0.00015748,0.00011539099643241538,0.00081957,1,0.0
14493,2.0970739561579875e-06,2.704510179087601e-05,-1.54e-06,3.1417007715451413,31.707887424500196,-99.95751691196313,1.0052136313683062,3.6616990297321865,0.12067054082980143,-92.12429717714123,-1.1573229341274334,7.7702242659238365,0.6295741068180681,35.33604949223441,0.2719344611720337,-1.1435714649109592e-05,0.00015748,6.548414031312048e-05,0.00081957,1,0.0
14494,0.0037453342941847515,3.334926081341751e-06,-1.54e-06,3.1417007715451413,31.707887424500196,-84.40212703782356,1.0052136313683062,56.77171326660422,0.12067054082980143,-85.66476877139176,-1.1573229341274334,-59.13809147783778,0.6295741068180681,17.448542930288806,0.2719344611720337,-0.0001763447128011616,0.00015748,0.00017632753202937197,0.00081957,1,0.0
14495,0.0023091282335505007,1.3859659436304845e-06,-1.54e-06,3.1417007715451413,31.707887424500196,-25.54080894789785,1.0052136313683062,35.53559738603969,0.12067054082980143,-40.29678495331182,-1.1573229341274334,-6.304409489807813,0.6295741068180681,3.3351057080674673,0.2719344611720337,-0.00011212595216026844,0.00015748,0.00011214398331814825,0.00081957,1,0.0
14496,0.004279614593624068,5.3696254412294134e-06,-1.54e-06,3.1417007715451413,31.707887424500196,-28.248675668755986,1.0052136313683062,69.53409435523443,0.12067054082980143,-75.26702802648805,-1.1573229341274334,-15.718233267453824,0.6295741068180681,0.8586774205694866,0.2719344611720337,-0.0002196983244713018,0.00015748,0.00021972819463204226,0.00081957,1,0.0
14497,0.0033318678782326807,1.4200192284415812e-06,-1.54e-06,3.1417007715451413,31.707887424500196,-94.73628189606099,1.0052136313683062,37.21607973817237,0.12067054082980143,-46.10284774287021,-1.1573229341274334,-36.63321863502302,0.6295741068180681,20.997559231539356,0.2719344611720337,-0.00011730592336846057,0.00015748,0.00011735421395875753,0.00081957,1,0.0
14498,0.004076141622957376,4.589266014272909e-06,-1.54e-06,3.1417007715451413,31.707887424500196,53.04236428259344,1.0052136313683062,60.85378496280994,0.12067054082980143,-9.197255579201924,-1.1573229341274334,-21.01108426588307,0.6295741068180681,-21.48814277016408,0.2719344611720337,-0.00019937963037019454,0.00015748,0.00019938612555231753,0.00081957,1,0.0
14499,0.0007671151523297329,5.071495085870504e-09,-1.54e-06,3.1417007715451413,31.707887424500196,-83.66776871590068,1.0052136313683062,4.537995805402567,0.12067054082980143,-32.41522389494403,-1.1573229341274334,-32.62227237291139,0.6295741068180681,22.12014180511413,0.2719344611720337,-1.1108108093345724e-05,0.00015748,1.1108452457631665e-05,0.00081957,1,0.0
14500,0.7825265633785968,0.2634234584264216,-1.54e-06,2.047882542389013,3.0393205359588604,93.82883705046648,1.0052136313683062,24.236765335900195,0.12067054082980143,-63.567794897288465,-1.1573229341274334,-54.85444582245849,0.6295741068180681,6.677164429215665,0.2719344611720337,0.35776889245853444,0.00015748,0.8301827468853717,0.00081957,0,0.0
14501,0.2777211321757601,0.10557174866470616,-1.54e-06,2.047882542389013,3.0393205359588604,76.34824523583725,1.0052136313683062,15.45391715823025,0.12067054082980143,-46.92881730236139,-1.1573229341274334,-6.068367994576465,0.6295741068180681,-10.01990420395523,0.2719344611720337,0.4513063186710662,0.00015748,0.5563579191684596,0.00081957,0,0.0
14502,0.0008386911829239008,0.11802117256863653,-1.54e-06,2.047882542389013,3.0393205359588604,71.46580197679906,1.0052136313683062,8.542850058962353,0.12067054082980143,-21.587854523240615,-1.1573229341274334,9.64835505993163,0.6295741068180681,-27.872217705274863,0.2719344611720337,0.35775928215390834,0.00015748,0.5432416826383799,0.00081957,0,0.0
14503,0.2200287418831519,0.08011260200946099,-1.54e-06,2.047882542389013,3.0393205359588604,99.6189013493969,1.0052136313683062,18.626356725533974,0.12067054082980143,-53.9289456595662,-1.1573229341274334,-15.939997174119448,0.6295741068180681,-17.597761379003252,0.2719344611720337,0.39028780798928264,0.00015748,0.6921410705133637,0.00081957,0,0.0
14504,0.10227145311073316,0.018441805643326103,-1.54e-06,2.047882542389013,3.0393205359588604,-30.673682638978953,1.0052136313683062,4.316662907823243,0.12067054082980143,-58.022473544496535,-1.1573229341274334,43.91467946795757,0.6295741068180681,43.162954565017436,0.2719344611720337,-0.08680471986296483,0.00015748,0.08693751791876884,0.00081957,1,0.0
14505,0.1679109456929485,0.1695106882833557,-1.54e-06,2.047882542389013,3.0393205359588604,36.37151921958297,1.0052136313683062,10.166345135687768,0.12067054082980143,-30.888913661619462,-1.1573229341274334,-18.05347767841397,0.6295741068180681,2.4322309774179343,0.2719344611720337,-0.005244248166559828,0.00015748,0.32356486454856187,0.00081957,1,0.0
14506,0.48432187877042665,0.04603104797153428,-1.54e-06,2.047882542389013,3.0393205359588604,-42.39172381148757,1.0052136313683062,5.99708373258002,0.12067054082980143,-55.86170022231002,-1.1573229341274334,16.599819727225587,0.6295741068180681,59.443232069049415,0.2719344611720337,-0.1199679441061422,0.00015748,0.11978092469181367,0.00081957,1,0.0
14507,0.0471599539832005,0.10073660317352426,-1.54e-06,2.047882542389013,3.0393205359588604,33.07218626191261,1.0052136313683062,11.057616729256207,0.12067054082980143,-74.39015502641016,-1.1573229341274334,62.639300619835296,0.6295741068180681,13.388411182712916,0.2719344611720337,0.3779746514670589,0.00015748,0.4928407711850352,0.00081957,0,0.0
14508,0.0005454941270023328,0.08986174131844843,-1.54e-06,2.047882542389013,3.0393205359588604,81.55951944906484,1.0052136313683062,9.15514016194238,0.12067054082980143,-21.192930148234865,-1.1573229341274334,13.879093827387761,0.6295741068180681,-34.42089336520718,0.2719344611720337,0.3952867971072731,0.00015748,0.6811506899961133,0.00081957,0,0.0
14509,0.0005554126874411924,0.11052566461227299,-1.54e-06,2.047882542389013,3.0393205359588604,43.690397537065046,1.0052136313683062,8.845201061651267,0.12067054082980143,-67.96128729567647,-1.1573229341274334,85.34765334605956,0.6295741068180681,0.36721600369059215,0.2719344611720337,0.35843309502965115,0.00015748,0.8681265728054378,0.00081957,0,0.0
14510,0.09446862285228258,0.1406712061115072,-1.54e-06,2.047882542389013,3.0393205359588604,-27.296744167166576,1.0052136313683062,5.7108646482787275,0.12067054082980143,-33.57457158524823,-1.1573229341274334,27.571345372648487,0.6295741068180681,23.63177276467291,0.2719344611720337,-0.22828575384019964,0.00015748,0.2270308178188771,0.00081957,1,0.0
14511,0.9236142414656173,0.12603067634673124,-1.54e-06,2.047882542389013,3.0393205359588604,-69.98446934167146,1.0052136313683062,6.625440743391912,0.12067054082980143,-61.00678276453613,-1.1573229341274334,3.5665208099552084,0.6295741068180681,87.31416652667978,0.2719344611720337,-0.11334277338019737,0.00015748,0.11346637618347287,0.00081957,1,0.0
14512,0.00040778644184086277,0.05864998482311164,-1.54e-06,2.047882542389013,3.0393205359588604,-3.638728100222875,1.0052136313683062,-0.9717703494901249,0.12067054082980143,-4.570194447300232,-1.1573229341274334,15.27349632715015,0.6295741068180681,2.727884352765493,0.2719344611720337,-0.014857708012003215,0.00015748,0.11974302315195819,0.00081957,1,0.0
14513,0.221363674616408,0.009385808481206279,-1.54e-06,2.047882542389013,3.0393205359588604,-11.903783163806912,1.0052136313683062,1.820882775643598,0.12067054082980143,-12.036653227928545,-1.1573229341274334,-5.2373480063734,0.6295741068180681,18.106778878572218,0.2719344611720337,-0.04244623754674442,0.00015748,0.04220259372858314,0.00081957,1,0.0
14514,0.9681001079436922,0.28175899438807783,-1.54e-06,2.047882542389013,3.0393205359588604,-0.2547628210241205,1.0052136313683062,11.26816959564913,0.12067054082980143,-11.090488395042696,-1.1573229341274334,-95.36896771828242,0.6295741068180681,38.33160903527455,0.2719344611720337,-0.30239328134386345,0.00015748,0.3022453890095276,0.00081957,1,0.0
14515,0.3163808193764712,0.08903338014238052,-1.54e-06,2.047882542389013,3.0393205359588604,44.07554836356433,1.0052136313683062,16.732030109167503,0.12067054082980143,-90.5221552969385,-1.1573229341274334,41.26090972899435,0.6295741068180681,24.659438841207837,0.2719344611720337,0.45315591623956286,0.00015748,0.5570803190816367,0.00081957,0,0.0
14516,0.6321176398313215,0.7367855496839819,-1.54e-06,2.047882542389013,3.0393205359588604,48.878443593698826,1.0052136313683062,25.208351977819515,0.12067054082980143,-59.10809379293731,-1.1573229341274334,-77.38721387637906,0.6295741068180681,22.019871506880083,0.2719344611720337,-0.384716493683952,0.00015748,0.6605827214468314,0.00081957,1,0.0
14517,0.3399744479639829,0.273884144278598,-1.54e-06,2.047882542389013,3.0393205359588604,23.63471697862411,1.0052136313683062,7.78070417539803,0.12067054082980143,-92.31245390050631,-1.1573229341274334,88.38860484398447,0.6295741068180681,37.18514628825585,0.2719344611720337,0.3408826167367813,0.00015748,0.9147420678780604,0.00081957,0,0.0
14518,0.2277207737258669,0.018096317934544894,-1.54e-06,2.047882542389013,3.0393205359588604,-35.797660577166624,1.0052136313683062,4.358357497680654,0.12067054082980143,-56.02358925317329,-1.1573229341274334,36.06916158077224,0.6295741068180681,48.5159071142251,0.2719344611720337,-0.08445485863336459,0.00015748,0.08524574825763213,0.00081957,1,0.0
14519,0.1077784389507066,0.3633560401065473,-1.54e-06,2.047882542389013,3.0393205359588604,64.50726935843059,1.0052136313683062,24.89768380528859,0.12067054082980143,-93.9464811536071,-1.1573229341274334,23.512191087946025,0.6295741068180681,5.540248987472313,0.2719344611720337,0.11648914248939263,0.00015748,0.7556124820372447,0.00081957,0,0.0
14520,0.8032024204981225,0.1952531100588921,-1.54e-06,2.047882542389013,3.0393205359588604,-41.56107171729912,1.0052136313683062,11.941692443758281,0.12067054082980143,-74.2766446568643,-1.1573229341274334,-10.461402767776539,0.6295741068180681,78.89078938211233,0.2719344611720337,-0.2790825589619315,0.00015748,0.2793975115399741,0.00081957,1,0.0
14521,1.1694798547401852,0.2818042055426352,-1.54e-06,2.047882542389013,3.0393205359588604,-37.97628245632099,1.0052136313683062,10.418598199874992,0.12067054082980143,-36.476275838866535,-1.1573229341274334,-65.19092420337664,0.6295741068180681,72.20815213977806,0.2719344611720337,-0.2509563375666499,0.00015748,0.25152356742282267,0.00081957,1,0.0
14522,0.0005525177609079224,0.1467911978374415,-1.54e-06,2.047882542389013,3.0393205359588604,63.594468304417816,1.0052136313683062,7.1824890316361865,0.12067054082980143,-24.205369634448957,-1.1573229341274334,27.700638905004304,0.6295741068180681,-25.16389697466551,0.2719344611720337,0.321302087012857,0.00015748,0.6769250143084276,0.00081957,0,0.0
14523,0.667486166400409,0.20210309596288412,-1.54e-06,2.047882542389013,3.0393205359588604,-17.76598148624101,1.0052136313683062,12.669125969140179,0.12067054082980143,-53.48606193016112,-1.1573229341274334,-31.08557850078187,0.6295741068180681,53.50665032480167,0.2719344611720337,-0.2944158304454519,0.00015748,0.2970207174121509,0.00081957,1,0.0
14524,1.0128160457736533,0.49876852912689273,-1.54e-06,2.047882542389013,3.0393205359588604,8.665724391999376,1.0052136313683062,19.826592163400715,0.12067054082980143,-77.94599726738531,-1.1573229341274334,-45.48948597349718,0.6295741068180681,62.80687387107982,0.2719344611720337,-0.11363994724481807,0.00015748,0.5680836462863775,0.00081957,1,0.0
14525,0.6459802584912236,0.08466975888618367,-1.54e-06,2.047882542389013,3.0393205359588604,-46.5852867582112,1.0052136313683062,7.820047095506698,0.12067054082980143,-61.22656837261189,-1.1573229341274334,6.396942790985146,0.6295741068180681,68.94460535147263,0.2719344611720337,-0.16190876599706372,0.00015748,0.16206943597898638,0.00081957,1,0.0
14526,0.48757993576203956,0.10832183232745213,-1.54e-06,2.047882542389013,3.0393205359588604,-56.67724529731684,1.0052136313683062,8.79988582438455,0.12067054082980143,-69.73142610552772,-1.1573229341274334,33.77161005041192,0.6295741068180681,67.28011112353425,0.2719344611720337,-0.20428207487960612,0.00015748,0.20528978240509196,0.00081957,1,0.0
14527,0.08008792630475023,0.155685734149977,-1.54e-06,2.047882542389013,3.0393205359588604,-23.380779182039234,1.0052136313683062,-0.008301987092594845,0.12067054082980143,-49.85341948220539,-1.1573229341274334,58.13568969590002,0.6295741068180681,36.45245558645974,0.2719344611720337,-0.01109350825370603,0.00015748,0.2376027358941375,0.00081957,1,0.0
14528,0.27741272336844947,0.23018088606275583,-1.54e-06,2.047882542389013,3.0393205359588604,-75.45973007094739,1.0052136313683062,-8.254545031105277,0.12067054082980143,-8.191208765372043,-1.1573229341274334,57.07633118903592,0.6295741068180681,41.82437409347218,0.2719344611720337,-0.3021488111926509,0.00015748,0.3019543997474412,0.00081957,1,0.0
14529,0.49311021650412934,0.45893175295928174,-1.54e-06,2.047882542389013,3.0393205359588604,15.453327948298424,1.0052136313683062,4.455990478374155,0.12067054082980143,-60.809768592938646,-1.1573229341274334,62.989095482772434,0.6295741068180681,30.583320610166275,0.2719344611720337,0.26156196691756095,0.00015748,0.9169072951181679,0.00081957,0,0.0
14530,-0.006357949390426776,0.7619409010400782,-1.54e-06,2.047882542389013,3.0393205359588604,-15.12568352085975,1.0052136313683062,-7.007775753268755,0.12067054082980143,-2.8939249116956303,-1.1573229341274334,82.87651414503178,0.6295741068180681,-2.3111643562011497,0.2719344611720337,-0.15307459814067415,0.00015748,0.8778340478810854,0.00081957,1,0.0
14531,0.2145615543084711,0.031217917218342935,-1.54e-06,2.047882542389013,3.0393205359588604,-61.78492287536047,1.0052136313683062,-1.0532811562651974,0.12067054082980143,-47.61933473221944,-1.1573229341274334,62.64784164535008,0.6295741068180681,53.649156972865654,0.2719344611720337,-0.09708853158469562,0.00015748,0.09645510910475229,0.00081957,1,0.0
14532,0.6593189796999603,0.15864380308671527,-1.54e-06,2.047882542389013,3.0393205359588604,-18.900740253732568,1.0052136313683062,10.953968750377342,0.12067054082980143,-42.54966448934868,-1.1573229341274334,-33.11958139868934,0.6295741068180681,48.228650446296506,0.2719344611720337,-0.24853285410466552,0.00015748,0.2500916600718509,0.00081957,1,0.0
14533,0.16026805567257152,0.17037826291672883,-1.54e-06,2.047882542389013,3.0393205359588604,39.63594675261519,1.0052136313683062,9.531569106809156,0.12067054082980143,-19.710728231750597,-1.1573229341274334,-34.75950290371335,0.6295741068180681,-2.6490299050503827,0.2719344611720337,-0.10576442346486598,0.00015748,0.30982287893567256,0.00081957,1,0.0
14534,0.41478528799025005,1.0613287033943393,-1.54e-06,2.047882542389013,3.0393205359588604,-50.87471722857228,1.0052136313683062,19.52974233767842,0.12067054082980143,-82.78032768823722,-1.1573229341274334,30.903369072008402,0.6295741068180681,56.725563864729416,0.2719344611720337,-0.6166337303809941,0.00015748,0.6213227152671639,0.00081957,1,0.0
14535,0.33251210930283065,0.02365576964387406,-1.54e-06,2.047882542389013,3.0393205359588604,-36.54217694972615,1.0052136313683062,0.005283875431771112,0.12067054082980143,-18.511393339946864,-1.1573229341274334,12.562182989880965,0.6295741068180681,34.10366342385002,0.2719344611720337,-0.03956503293188157,0.00015748,0.03991911423283816,0.00081957,1,0.0
14536,0.15021840100659767,0.06045209475585364,-1.54e-06,2.047882542389013,3.0393205359588604,12.961716120632435,1.0052136313683062,6.281546265564172,0.12067054082980143,-16.103703178514557,-1.1573229341274334,-24.269623149778795,0.6295741068180681,7.480576618901967,0.2719344611720337,-0.17191996067375026,0.00015748,0.17210245281777548,0.00081957,1,0.0
14537,0.009979259885450897,0.043183462615202596,-1.54e-06,2.047882542389013,3.0393205359588604,82.19673113292467,1.0052136313683062,14.311279263505803,0.12067054082980143,-52.412706505728984,-1.1573229341274334,17.236015417241234,0.6295741068180681,-18.40624509336407,0.2719344611720337,0.4605808209997773,0.00015748,0.5472534055360385,0.00081957,0,0.0
14538,1.0301397964150987,0.16780412780122156,-1.54e-06,2.047882542389013,3.0393205359588604,-65.48226962931577,1.0052136313683062,4.285980584364049,0.12067054082980143,-34.161989056830215,-1.1573229341274334,-21.676545751541653,0.6295741068180681,76.67918051695116,0.2719344611720337,-0.0611379025615968,0.00015748,0.06062218689335986,0.00081957,1,0.0
14539,0.0003856248311130961,0.08103925644941293,-1.54e-06,2.047882542389013,3.0393205359588604,-20.08851290552224,1.0052136313683062,4.552033738691969,0.12067054082980143,-60.91407577390525,-1.1573229341274334,60.6451617239855,0.6295741068180681,34.03145372858965,0.2719344611720337,0.06507709168052085,0.00015748,0.1288439666390948,0.00081957,0,0.0
14540,0.8960455090550712,0.28614015732183656,-1.54e-06,2.047882542389013,3.0393205359588604,31.069284231319433,1.0052136313683062,21.291242965582345,0.12067054082980143,-97.15292839257017,-1.1573229341274334,1.8643792558218326,0.6295741068180681,51.650537321416145,0.2719344611720337,0.3890637261166653,0.00015748,0.6638602948736451,0.00081957,0,0.0
14541,0.0005225733806799582,0.022582314978315646,-1.54e-06,2.047882542389013,3.0393205359588604,98.94746910999514,1.0052136313683062,21.60216782829794,0.12067054082980143,-93.47059314130864,-1.1573229341274334,26.831879362792108,0.6295741068180681,-6.483615416513202,0.2719344611720337,0.3715240461191863,0.00015748,0.7708560766308147,0.00081957,0,0.0
14542,0.2678067472121459,0.09045881833408648,-1.54e-06,2.047882542389013,3.0393205359588604,78.76939456039604,1.0052136313683062,16.96439113282738,0.12067054082980143,-59.15279219065387,-1.1573229341274334,-0.5174861135271658,0.6295741068180681,-5.223078870517716,0.2719344611720337,0.4206211985788208,0.00015748,0.6145753363848117,0.00081957,0,0.0
14543,0.6429391067806528,0.19673054430512446,-1.54e-06,2.047882542389013,3.0393205359588604,48.48517933430776,1.0052136313683062,18.639151790369745,0.12067054082980143,-76.67215067815572,-1.1573229341274334,-0.029471957844324326,0.6295741068180681,26.994676800223633,0.2719344611720337,0.42182891197757927,0.00015748,0.6126075301083018,0.00081957,0,0.0
14544,0.0024580103181325924,0.0017251517402215495,-1.54e-06,2.047882542389013,3.0393205359588604,-16.683100554462598,1.0052136313683062,-0.026366193617180803,0.12067054082980143,-17.733288617500254,-1.1573229341274334,24.26967042715755,0.6295741068180681,14.789744075499575,0.2719344611720337,-0.02565320684281696,0.00015748,0.025768287076223438,0.00081957,1,0.0
14545,0.0013919032662739195,0.04106379433592589,-1.54e-06,2.047882542389013,3.0393205359588604,70.32021739402595,1.0052136313683062,14.640772829769663,0.12067054082980143,-75.34904844386438,-1.1573229341274334,45.229113180444465,0.6295741068180681,-3.1305553063150633,0.2719344611720337,0.4800576726259539,0.00015748,0.5875528554410213,0.00081957,0,0.0
14546,0.11337705254673147,0.0496880696227674,-1.54e-06,2.047882542389013,3.0393205359588604,40.29838870122067,1.0052136313683062,14.906498108481276,0.12067054082980143,-93.92089959616118,-1.1573229341274334,66.31782626627756,0.6295741068180681,20.5863220414921,0.2719344611720337,0.4909064619378792,0.00015748,0.5091688991826746,0.00081957,0,0.0
14547,0.8223763720883069,0.11645317523117325,-1.54e-06,2.047882542389013,3.0393205359588604,-33.18324427453521,1.0052136313683062,4.723922678398862,0.12067054082980143,-12.410117120242543,-1.1573229341274334,-43.86803014074039,0.6295741068180681,46.34688060767139,0.2719344611720337,-0.09361774092622684,0.00015748,0.0935700204607637,0.00081957,1,0.0
14548,1.3338521795585403,0.7307053593913034,-1.54e-06,2.047882542389013,3.0393205359588604,15.350119076662018,1.0052136313683062,23.96064588018176,0.12067054082980143,-78.49407680631111,-1.1573229341274334,-78.21941321327729,0.6295741068180681,69.8662681621147,0.2719344611720337,-0.14128387373391538,0.00015748,0.6830418361510345,0.00081957,1,0.0
14549,0.10634515305838169,0.0051091527369531865,-1.54e-06,2.047882542389013,3.0393205359588604,-17.17908074165272,1.0052136313683062,2.4150242013387397,0.12067054082980143,-28.649532923320745,-1.1573229341274334,18.125869784447953,0.6295741068180681,23.898636945839538,0.2719344611720337,-0.047455202100357155,0.00015748,0.04768153454778461,0.00081957,1,0.0
14550,0.17234418168443275,0.009940816586350341,-1.54e-06,2.047882542389013,3.0393205359588604,-20.021420383101706,1.0052136313683062,3.3474823554071893,0.12067054082980143,-32.42851378808724,-1.1573229341274334,15.582553286232445,0.6295741068180681,28.780340136370096,0.2719344611720337,-0.06703932469363186,0.00015748,0.06696968093969732,0.00081957,1,0.0
14551,0.7611779026753469,0.2265540171508629,-1.54e-06,2.047882542389013,3.0393205359588604,29.246346457795347,1.0052136313683062,19.595688453395184,0.12067054082980143,-97.1691881577594,-1.1573229341274334,16.69723671177472,0.6295741068180681,48.13064696067664,0.2719344611720337,0.42046924292594495,0.00015748,0.6190971805854522,0.00081957,0,0.0
14552,0.7217787385637184,0.217862449070648,-1.54e-06,2.047882542389013,3.0393205359588604,-77.88945972863675,1.0052136313683062,-3.9165290603963836,0.12067054082980143,-7.683293000721695,-1.1573229341274334,13.536748763378842,0.6295741068180681,57.08898718602324,0.2719344611720337,-0.20381592218120195,0.00015748,0.20425066575805592,0.00081957,1,0.0
14553,0.5395869473925134,0.05429373799171465,-1.54e-06,2.047882542389013,3.0393205359588604,-17.526076774130726,1.0052136313683062,3.802707887249406,0.12067054082980143,-9.635915768079778,-1.1573229341274334,-32.67422854581752,0.6295741068180681,29.802066694301296,0.2719344611720337,-0.08814493732179793,0.00015748,0.08840567202484798,0.00081957,1,0.0
14554,0.012389742621062565,0.02179049880527071,-1.54e-06,2.047882542389013,3.0393205359588604,-58.6305473133768,1.0052136313683062,-0.7794395441326202,0.12067054082980143,-60.97244223728393,-1.1573229341274334,85.00196596945896,0.6295741068180681,52.188802491021505,0.2719344611720337,-0.08185359910564477,0.00015748,0.08258927525495663,0.00081957,1,0.0
14555,0.5820790420560156,0.05488623259896901,-1.54e-06,2.047882542389013,3.0393205359588604,-54.6070961078054,1.0052136313683062,6.265501266241774,0.12067054082980143,-63.75774615966147,-1.1573229341274334,22.703549562402372,0.6295741068180681,70.97419800973022,0.2719344611720337,-0.11371469208445979,0.00015748,0.11459148371866153,0.00081957,1,0.0
14556,0.13154682434371362,0.012369080890611811,-1.54e-06,2.047882542389013,3.0393205359588604,-32.196883644026094,1.0052136313683062,3.7131648908809236,0.12067054082980143,-53.4895489573788,-1.1573229341274334,40.92439415368335,0.6295741068180681,42.549411623845906,0.2719344611720337,-0.06995287423799355,0.00015748,0.06973860193447949,0.00081957,1,0.0
14557,1.35693386710637,0.5919802477912468,-1.54e-06,2.047882542389013,3.0393205359588604,28.385436565973425,1.0052136313683062,25.0787334596715,0.12067054082980143,-94.89899570024666,-1.1573229341274334,-47.014134544538805,0.6295741068180681,68.33192097313061,0.2719344611720337,0.23798135266009385,0.00015748,0.7701068028917464,0.00081957,0,0.0
14558,0.5126263013114833,0.2612143109614644,-1.54e-06,2.047882542389013,3.0393205359588604,1.8986901106868042,1.0052136313683062,13.153242815253094,0.12067054082980143,-55.668714803390564,-1.1573229341274334,-33.357826989055376,0.6295741068180681,43.64710356758925,0.2719344611720337,-0.3452137910534863,0.00015748,0.3607026470276374,0.00081957,1,0.0
14559,0.8606298836272639,0.26388576685142734,-1.54e-06,2.047882542389013,3.0393205359588604,-22.195485707244355,1.0052136313683062,13.211229302158646,0.12067054082980143,-56.055679866738984,-1.1573229341274334,-44.092791710945626,0.6295741068180681,64.44424090666082,0.2719344611720337,-0.3256603804834835,0.00015748,0.3283145716091838,0.00081957,1,0.0
14560,0.2822530869125639,0.08277918410779367,-1.54e-06,2.047882542389013,3.0393205359588604,29.567481534278603,1.0052136313683062,15.740538272155035,0.12067054082980143,-99.9642202312187,-1.1573229341274334,62.81556347992575,0.6295741068180681,33.28400229766075,0.2719344611720337,0.4838719895118883,0.00015748,0.5157165533894703,0.00081957,0,0.0
14561,0.7570484592243528,0.4368903173274228,-1.54e-06,2.047882542389013,3.0393205359588604,24.8037175781457,1.0052136313683062,16.45409132571633,0.12067054082980143,-38.90464395969487,-1.1573229341274334,-81.06239004303035,0.6295741068180681,33.67339344227495,0.2719344611720337,-0.36052346199868585,0.00015748,0.4742194810535851,0.00081957,1,0.0
14562,0.9083134764015705,0.12273481753409154,-1.54e-06,2.047882542389013,3.0393205359588604,-65.09250343422818,1.0052136313683062,5.386954114578451,0.12067054082980143,-49.05840352926833,-1.1573229341274334,-4.321367060912805,0.6295741068180681,79.40510827076932,0.2719344611720337,-0.08748345542196904,0.00015748,0.08762000081980308,0.00081957,1,0.0
14563,-0.04078372949956477,1.6407760924190922,-1.54e-06,2.047882542389013,3.0393205359588604,80.36549783224515,1.0052136313683062,26.50021859929304,0.12067054082980143,-69.34554861025167,-1.1573229341274334,81.02630502791268,0.6295741068180681,-42.66075328284639,0.2719344611720337,0.0468800230884131,0.00015748,1.7093061843630064,0.00081957,0,0.0
14564,0.24382350874161585,0.06338639638213886,-1.54e-06,2.047882542389013,3.0393205359588604,54.58796524470701,1.0052136313683062,19.003127604519435,0.12067054082980143,-99.9835419008653,-1.1573229341274334,43.176769840780736,0.6295741068180681,22.20483611230467,0.2719344611720337,0.4145917401253486,0.00015748,0.6264524956336709,0.00081957,0,0.0
14565,0.0010802231539535079,0.032353529436290746,-1.54e-06,2.047882542389013,3.0393205359588604,51.795879757256664,1.0052136313683062,14.561721377987999,0.12067054082980143,-86.91861996365199,-1.1573229341274334,62.75663384356796,0.6295741068180681,9.18335201114032,0.2719344611720337,0.4968398415090925,0.00015748,0.5021733249963032,0.00081957,0,0.0
14566,0.6680182116125652,0.1375098119261785,-1.54e-06,2.047882542389013,3.0393205359588604,-87.92078548371842,1.0052136313683062,-1.9966047330222232,0.12067054082980143,-40.1542539871506,-1.1573229341274334,42.29088409487471,0.6295741068180681,75.53145301808054,0.2719344611720337,-0.1433928242718835,0.00015748,0.14417866503682636,0.00081957,1,0.0
14567,0.9753751114597811,0.5726570728915459,-1.54e-06,2.047882542389013,3.0393205359588604,-9.944570477807797,1.0052136313683062,6.48342703595509,0.12067054082980143,-50.19113413252705,-1.1573229341274334,-16.528139499421442,0.6295741068180681,61.229103837388884,0.2719344611720337,0.028797914395459978,0.00015748,0.5284239233576355,0.00081957,0,0.0
14568,0.0019578176710857154,0.05131976872518851,-1.54e-06,2.047882542389013,3.0393205359588604,98.7280721689378,1.0052136313683062,13.378651253536695,0.12067054082980143,-30.61603345843422,-1.1573229341274334,-6.731865243191432,0.6295741068180681,-35.068237874888446,0.2719344611720337,0.4436657885575165,0.00015748,0.5726842935511728,0.00081957,0,0.0
14569,0.00012065455462390018,0.027078232124997048,-1.54e-06,2.047882542389013,3.0393205359588604,-43.99059938471219,1.0052136313683062,-1.67395021008197,0.12067054082980143,-43.60129978456204,-1.1573229341274334,65.6265364622979,0.6295741068180681,38.51535353431489,0.2719344611720337,-0.07044581272807017,0.00015748,0.08266761006521796,0.00081957,1,0.0
14570,0.6351074872259586,0.33094997230601764,-1.54e-06,2.047882542389013,3.0393205359588604,4.0731193300131086,1.0052136313683062,15.789410163268215,0.12067054082980143,-70.09868174139199,-1.1573229341274334,-25.913507897088255,0.6295741068180681,51.00111630953172,0.2719344611720337,-0.2255033929854443,0.00015748,0.4384889260094146,0.00081957,1,0.0
14571,0.19830369267707404,0.18558815483727667,-1.54e-06,2.047882542389013,3.0393205359588604,76.23925880884777,1.0052136313683062,11.55015236581711,0.12067054082980143,-9.30594286053168,-1.1573229341274334,-43.50827237133275,0.6295741068180681,-26.015322138230907,0.2719344611720337,0.2130097297547348,0.00015748,0.4306676133126051,0.00081957,0,0.0
14572,0.06008028315253333,0.04845518017910576,-1.54e-06,2.047882542389013,3.0393205359588604,53.48820613340332,1.0052136313683062,13.602027797451843,0.12067054082980143,-75.91633036031365,-1.1573229341274334,51.4057143997778,0.6295741068180681,5.512363355750335,0.2719344611720337,0.47767581923800295,0.00015748,0.5243722958636879,0.00081957,0,0.0
14573,1.2950416619741478,0.508156561541486,-1.54e-06,2.047882542389013,3.0393205359588604,38.249531727628565,1.0052136313683062,23.655661222386072,0.12067054082980143,-99.82869728271207,-1.1573229341274334,-31.47470565367345,0.6295741068180681,65.19364203284928,0.2719344611720337,0.3605700016994022,0.00015748,0.8302033425844644,0.00081957,0,0.0
14574,0.017823983323915105,0.12017145951440071,-1.54e-06,2.047882542389013,3.0393205359588604,11.80398239411532,1.0052136313683062,9.688339888205928,0.12067054082980143,-88.30474516055159,-1.1573229341274334,85.65406319951948,0.6295741068180681,28.745057894106647,0.2719344611720337,0.32038100375001066,0.00015748,0.454224862790936,0.00081957,0,0.0
14575,0.005935611671181618,0.06126301959850967,-1.54e-06,2.047882542389013,3.0393205359588604,85.488865085107,1.0052136313683062,11.648454114760376,0.12067054082980143,-30.871781324596014,-1.1573229341274334,6.741188213465688,0.6295741068180681,-30.190267033027816,0.2719344611720337,0.45199024132161153,0.00015748,0.5598399285390343,0.00081957,0,0.0
14576,0.0010710918478320508,0.17657982413511325,-1.54e-06,2.047882542389013,3.0393205359588604,39.49071185007299,1.0052136313683062,4.576894385660813,0.12067054082980143,-17.04807203830652,-1.1573229341274334,20.054752123637424,0.6295741068180681,-14.92053372232937,0.2719344611720337,0.20470984644610485,0.00015748,0.4397735103228459,0.00081957,0,0.0
14577,0.0004012431605824318,0.17094541779281966,-1.54e-06,2.047882542389013,3.0393205359588604,91.78224584684875,1.0052136313683062,7.184428888816818,0.12067054082980143,-15.928831703912167,-1.1573229341274334,26.239364734103482,0.6295741068180681,-42.86827196310656,0.2719344611720337,0.38999117002748074,0.00015748,0.9599070333724218,0.00081957,0,0.0
14578,0.4093934250035445,0.040756383903722854,-1.54e-06,2.047882542389013,3.0393205359588604,-63.56356981697765,1.0052136313683062,7.241726779509322,0.12067054082980143,-89.81398678617333,-1.1573229341274334,59.253623517253764,0.6295741068180681,80.46042562041445,0.2719344611720337,-0.12819122380434964,0.00015748,0.1301960548372357,0.00081957,1,0.0
14579,0.17432154907112535,0.009259196048833976,-1.54e-06,2.047882542389013,3.0393205359588604,-35.75499963971958,1.0052136313683062,-0.06521867995223893,0.12067054082980143,-27.827695776807726,-1.1573229341274334,31.217022604193623,0.6295741068180681,32.870060396328874,0.2719344611720337,-0.04293204286736223,0.00015748,0.04290806218381338,0.00081957,1,0.0
14580,0.8805345474143589,0.35296059324192647,-1.54e-06,2.047882542389013,3.0393205359588604,79.17592831973104,1.0052136313683062,17.50740851315554,0.12067054082980143,-35.48391571931591,-1.1573229341274334,-64.25361519445576,0.6295741068180681,5.60707308269,0.2719344611720337,0.37698165864962496,0.00015748,0.7293895068569413,0.00081957,0,0.0
14581,0.0032188831581292376,0.1882164940065156,-1.54e-06,2.047882542389013,3.0393205359588604,88.35686070856542,1.0052136313683062,18.126525984872323,0.12067054082980143,-59.378010730526775,-1.1573229341274334,44.60627751522471,0.6295741068180681,-29.11926150837032,0.2719344611720337,0.45615372606584415,0.00015748,0.9521957171288242,0.00081957,0,0.0
14582,0.0003648511860973886,0.17305433155771016,-1.54e-06,2.047882542389013,3.0393205359588604,-32.961422212058835,1.0052136313683062,0.13605763414925812,0.12067054082980143,-56.20325709927009,-1.1573229341274334,85.21847855329284,0.6295741068180681,36.110524734173445,0.2719344611720337,0.0031931623971004353,0.00015748,0.3177202827150401,0.00081957,0,0.0
14583,0.0037146364653634634,0.5827218772977358,-1.54e-06,2.047882542389013,3.0393205359588604,69.99550992520122,1.0052136313683062,2.0448258762917777,0.12067054082980143,-17.955349825729517,-1.1573229341274334,91.78712807918697,0.6295741068180681,-41.458930712186024,0.2719344611720337,0.24108993350691588,0.00015748,1.5870813699971806,0.00081957,0,0.0
14584,0.0002926212392793115,0.027174056650120446,-1.54e-06,2.047882542389013,3.0393205359588604,45.15938083389951,1.0052136313683062,15.153974958343106,0.12067054082980143,-100.0,-1.1573229341274334,75.2848861893161,0.6295741068180681,18.1839891207648,0.2719344611720337,0.48623806898935806,0.00015748,0.5162945661597144,0.00081957,0,0.0
14585,0.1919706433370627,3.033039909617677,-1.54e-06,2.047882542389013,3.0393205359588604,-25.38126984073814,1.0052136313683062,22.366836984930007,0.12067054082980143,-27.817522863169263,-1.1573229341274334,-35.60515652473956,0.6295741068180681,9.449072712106021,0.2719344611720337,-1.1154356263367355,0.00015748,0.7220014907463438,0.00081957,1,0.0
14586,0.7742738864780303,0.14281439824158568,-1.54e-06,2.047882542389013,3.0393205359588604,-69.2659506430848,1.0052136313683062,-1.2168721346885993,0.12067054082980143,-18.423826800903328,-1.1573229341274334,3.2381369184647184,0.6295741068180681,61.90188806226695,0.2719344611720337,-0.09417895909194403,0.00015748,0.09368440588738648,0.00081957,1,0.0
14587,0.9496984243343078,0.5026355292921646,-1.54e-06,2.047882542389013,3.0393205359588604,58.013267794603124,1.0052136313683062,17.728704915017808,0.12067054082980143,-99.94411127148035,-1.1573229341274334,2.674171978775827,0.6295741068180681,50.14817209773134,0.2719344611720337,0.3289712428254874,0.00015748,1.036631547555439,0.00081957,0,0.0
14588,1.1356539122907483,0.22732587604224658,-1.54e-06,2.047882542389013,3.0393205359588604,-43.85897927285174,1.0052136313683062,7.533124098955488,0.12067054082980143,-23.080021805669496,-1.1573229341274334,-60.39078210546777,0.6295741068180681,66.34432304448416,0.2719344611720337,-0.15998141334639746,0.00015748,0.16054752311730833,0.00081957,1,0.0
14589,0.17803441001990006,0.05892658079811018,-1.54e-06,2.047882542389013,3.0393205359588604,85.87082353340881,1.0052136313683062,19.811437871072545,0.12067054082980143,-77.4149733265697,-1.1573229341274334,11.157209189855488,0.6295741068180681,-3.0868665344548543,0.2719344611720337,0.39159620318841803,0.00015748,0.6883362452469116,0.00081957,0,0.0
14590,0.5795820006545558,0.18084142681070892,-1.54e-06,2.047882542389013,3.0393205359588604,22.20053159873286,1.0052136313683062,9.22426835965267,0.12067054082980143,-0.006473264739575768,-1.1573229341274334,-83.56711129603778,0.6295741068180681,11.527198078956745,0.2719344611720337,-0.2738081257753566,0.00015748,0.27619219269257944,0.00081957,1,0.0
14591,-6.050661653672629e-05,0.10404015161475744,-1.54e-06,2.047882542389013,3.0393205359588604,-9.55601950147828,1.0052136313683062,5.052469834414215,0.12067054082980143,-56.11619225363435,-1.1573229341274334,55.15751902177788,0.6295741068180681,26.501946084624443,0.2719344611720337,0.11035917057813602,0.00015748,0.17116811251133898,0.00081957,0,0.0
14592,0.8324847834106859,0.12166713234928825,-1.54e-06,2.047882542389013,3.0393205359588604,-42.11779486035463,1.0052136313683062,5.756020034765109,0.12067054082980143,-33.93640110017034,-1.1573229341274334,-26.786900382400393,0.6295741068180681,61.48275096289715,0.2719344611720337,-0.13053669045383784,0.00015748,0.1292560040084075,0.00081957,1,0.0
14593,0.7222280599353355,0.08909141177809178,-1.54e-06,2.047882542389013,3.0393205359588604,-32.458245897172276,1.0052136313683062,4.517387775032232,0.12067054082980143,-16.75925092800069,-1.1573229341274334,-32.911153037468445,0.6295741068180681,44.7062467610876,0.2719344611720337,-0.08858420061811752,0.00015748,0.08797023316991111,0.00081957,1,0.0
14594,0.0011681855060593493,0.0974977580689185,-1.54e-06,2.047882542389013,3.0393205359588604,-8.677347076507848,1.0052136313683062,3.623236806840187,0.12067054082980143,-44.66117730779376,-1.1573229341274334,47.27571949320641,0.6295741068180681,21.306448959949524,0.2719344611720337,0.09019072557914806,0.00015748,0.15922683147077946,0.00081957,0,0.0
14595,-0.0002544288178522591,0.11025804907233333,-1.54e-06,2.047882542389013,3.0393205359588604,-26.67702232123146,1.0052136313683062,1.7417929164550712,0.12067054082980143,-57.255079180743216,-1.1573229341274334,71.77803939811632,0.6295741068180681,35.37137560517195,0.2719344611720337,0.049278250623559325,0.00015748,0.19209505249063208,0.00081957,0,0.0
14596,0.14035010926411118,0.15350963566833278,-1.54e-06,2.047882542389013,3.0393205359588604,40.21378563317899,1.0052136313683062,8.393688776747416,0.12067054082980143,-5.022444609577242,-1.1573229341274334,-56.33634832196247,0.6295741068180681,-7.656366464851244,0.2719344611720337,-0.2736737549611494,0.00015748,0.2752506478070142,0.00081957,1,0.0
14597,0.12061076522551145,0.04333898002782537,-1.54e-06,2.047882542389013,3.0393205359588604,-55.436410860146395,1.0052136313683062,-2.990855096322409,0.12067054082980143,-36.17673935237715,-1.1573229341274334,61.68830395340623,0.6295741068180681,43.062866112138714,0.2719344611720337,-0.12662406853846267,0.00015748,0.12632755723800546,0.00081957,1,0.0
14598,0.00023049368429542416,0.14687944151737628,-1.54e-06,2.047882542389013,3.0393205359588604,3.4910918658608434,1.0052136313683062,2.9209274354157873,0.12067054082980143,-34.16189672869071,-1.1573229341274334,43.48049525195656,0.6295741068180681,9.994620606715332,0.2719344611720337,0.10549559993648407,0.00015748,0.29002737068819534,0.00081957,0,0.0
14599,0.4216284367877291,0.02563528993101971,-1.54e-06,2.047882542389013,3.0393205359588604,-37.09325024862673,1.0052136313683062,3.4052070314215976,0.12067054082980143,-35.74736826820047,-1.1573229341274334,10.03469367127653,0.6295741068180681,45.493806468723875,0.2719344611720337,-0.05646696986198135,0.00015748,0.056865654143838706,0.00081957,1,0.0
14600,0.018980482149827504,0.7107952023926838,-1.54e-06,3.019357154622817,1.8232075802162506,-95.61822053999269,1.0052136313683062,0.6256860968555814,0.12067054082980143,-79.32580840608301,-1.1573229341274334,59.12217816786846,0.6295741068180681,98.82300392686564,0.2719344611720337,-0.13249046183698615,0.00015748,0.5857602953194301,0.00081957,1,0.0
14601,1.0387449211029756,0.4776816938165487,-1.54e-06,3.019357154622817,1.8232075802162506,-48.61596540486853,1.0052136313683062,-1.0322861081511607,0.12067054082980143,-8.307941497772712,-1.1573229341274334,6.119971971955017,0.6295741068180681,39.204666252382715,0.2719344611720337,-0.1713216894476904,0.00015748,0.17012894747827131,0.00081957,1,0.0
14602,-0.3310742543471179,9.216342311403496,-1.54e-06,3.019357154622817,1.8232075802162506,3.5670938227327538,1.0052136313683062,-2.476947712475036,0.12067054082980143,-57.66143108992658,-1.1573229341274334,72.07985935346747,0.6295741068180681,28.848958988348066,0.2719344611720337,0.10410884271566001,0.00015748,11.130789005841631,0.00081957,0,0.0
14603,0.239590948400766,0.020504820033215406,-1.54e-06,3.019357154622817,1.8232075802162506,-18.904521046482802,1.0052136313683062,1.0215599635991879,0.12067054082980143,-23.708728445522326,-1.1573229341274334,11.869357724997935,0.6295741068180681,28.089151845782357,0.2719344611720337,-0.0746550128259343,0.00015748,0.07317689559130842,0.00081957,1,0.0
14604,2.7869169611292355,4.119671086071338,-1.54e-06,3.019357154622817,1.8232075802162506,48.0465219248748,1.0052136313683062,11.180002677920786,0.12067054082980143,-67.42114826868098,-1.1573229341274334,-13.76429984619353,0.6295741068180681,54.29553758803614,0.2719344611720337,0.2556505025341932,0.00015748,1.1493820689695315,0.00081957,0,0.0
14605,0.012281738947870602,1.976774344977755,-1.54e-06,3.019357154622817,1.8232075802162506,-26.91284542754608,1.0052136313683062,0.9385878569661656,0.12067054082980143,-81.95907214819661,-1.1573229341274334,69.42046873777332,0.6295741068180681,64.39178256823665,0.2719344611720337,0.25856206386603553,0.00015748,7.190423030815713,0.00081957,0,0.0
14606,2.9230705281380236,7.318688628315101,-1.54e-06,3.019357154622817,1.8232075802162506,96.84551358111071,1.0052136313683062,10.97688099904486,0.12067054082980143,-14.915925403143136,-1.1573229341274334,-55.2608723474103,0.6295741068180681,-2.930379791533045,0.2719344611720337,-1.1311080740389612,0.00015748,1.1447053951987007,0.00081957,1,0.0
14607,-0.2782898053575895,0.8609751481250731,-1.54e-06,3.019357154622817,1.8232075802162506,96.42774962634226,1.0052136313683062,11.84792492268946,0.12067054082980143,-82.56490712649504,-1.1573229341274334,21.2120986907087,0.6295741068180681,1.974341846020125,0.2719344611720337,1.1397881985333345,0.00015748,3.405119895362493,0.00081957,0,0.0
14608,-2.1418651367092854,6.913379804129675,-1.54e-06,3.019357154622817,1.8232075802162506,49.93669871031417,1.0052136313683062,-0.5312937761314326,0.12067054082980143,-10.518309894969896,-1.1573229341274334,39.00334185406274,0.6295741068180681,-49.91801404826823,0.2719344611720337,0.06756992283503882,0.00015748,7.025414029391078,0.00081957,0,0.0
14609,0.026400491427035266,1.2762766299524087e-05,-1.54e-06,3.019357154622817,1.8232075802162506,-10.4636846738802,1.0052136313683062,6.176368745436161,0.12067054082980143,-80.80004696625183,-1.1573229341274334,39.345005116636706,0.6295741068180681,56.876147199700625,0.2719344611720337,0.3788103024227484,0.00015748,1.630574633104517,0.00081957,0,0.0
14610,-1.4694639626645638,4.367435339978057,-1.54e-06,3.019357154622817,1.8232075802162506,20.265003230776333,1.0052136313683062,1.199215312493793,0.12067054082980143,-49.257387007040606,-1.1573229341274334,60.09225033753814,0.6295741068180681,-3.7840585224621144,0.2719344611720337,0.1995465024025309,0.00015748,8.261636336203093,0.00081957,0,0.0
14611,-1.3505332447318454,6.492846878989411,-1.54e-06,3.019357154622817,1.8232075802162506,-41.58488002556834,1.0052136313683062,0.06251384301242341,0.12067054082980143,-65.83298523921424,-1.1573229341274334,72.68193795196593,0.6295741068180681,40.365947944537716,0.2719344611720337,-0.07383876611297602,0.00015748,5.895990902231683,0.00081957,1,0.0
14612,4.527571126767983,13.663498547347963,-1.54e-06,3.019357154622817,1.8232075802162506,83.02676732395476,1.0052136313683062,12.467187026660357,0.12067054082980143,-83.1207169386967,-1.1573229341274334,-24.89183875424528,0.6295741068180681,76.01848722211352,0.2719344611720337,0.2786060250187927,0.00015748,2.911847413896051,0.00081957,0,0.0
14613,-0.014685161236905664,0.9685178811358534,-1.54e-06,3.019357154622817,1.8232075802162506,-65.55713874348764,1.0052136313683062,2.7123681234867965,0.12067054082980143,-99.9936135706849,-1.1573229341274334,75.2391418823283,0.6295741068180681,92.86128681719832,0.2719344611720337,0.1935292173539951,0.00015748,4.693487158177304,0.00081957,0,0.0
14614,-3.1366156842872375,15.217158473270185,-1.54e-06,3.019357154622817,1.8232075802162506,-8.917956899686368,1.0052136313683062,-3.0921359091155893,0.12067054082980143,-37.18318448604873,-1.1573229341274334,79.50957434148914,0.6295741068180681,-16.917541587593227,0.2719344611720337,-0.28615689111538867,0.00015748,8.116163718242973,0.00081957,1,0.0
14615,0.5959313714453929,0.4811200835692896,-1.54e-06,3.019357154622817,1.8232075802162506,59.022350702714,1.0052136313683062,4.875387749457372,0.12067054082980143,-10.80300142982974,-1.1573229341274334,-16.07277238957189,0.6295741068180681,-14.20490569119439,0.2719344611720337,0.428047498206844,0.00015748,0.5610183440865627,0.00081957,0,0.0
14616,0.3243455994372002,0.19163512784556855,-1.54e-06,3.019357154622817,1.8232075802162506,-51.04004993656477,1.0052136313683062,3.3208326892904405,0.12067054082980143,-81.52296921076528,-1.1573229341274334,48.31443484542885,0.6295741068180681,82.18870113792042,0.2719344611720337,0.2543145665943791,0.00015748,1.3915935063118188,0.00081957,0,0.0
14617,4.802815893361954,16.419762552054294,-1.54e-06,3.019357154622817,1.8232075802162506,-44.901981538460895,1.0052136313683062,5.110446437331303,0.12067054082980143,-0.19316324381079333,-1.1573229341274334,-60.169394138462486,0.6295741068180681,79.45690700394404,0.2719344611720337,-5.755893444374287,0.00015748,0.3277644423741539,0.00081957,1,0.0
14618,1.7437327887872884,17.45969289294589,-1.54e-06,3.019357154622817,1.8232075802162506,35.34212467624736,1.0052136313683062,-1.5932274937986188,0.12067054082980143,-48.85343911997454,-1.1573229341274334,37.248296779094694,0.6295741068180681,41.30455359701999,0.2719344611720337,0.07072784354920891,0.00015748,10.018553992969846,0.00081957,0,0.0
14619,-1.382416018265225,3.2855188695998416,-1.54e-06,3.019357154622817,1.8232075802162506,84.54883165608084,1.0052136313683062,4.253797102192081,0.12067054082980143,-57.06418459751106,-1.1573229341274334,43.45715029983683,0.6295741068180681,-20.584327484788147,0.2719344611720337,0.7046575996511453,0.00015748,7.147095489744602,0.00081957,0,0.0
14620,0.27853241939070594,6.006112422535529e-06,-1.54e-06,3.019357154622817,1.8232075802162506,-13.044918597222985,1.0052136313683062,7.735767080293769,0.12067054082980143,-95.25946037753154,-1.1573229341274334,41.22052244555652,0.6295741068180681,71.16735009355514,0.2719344611720337,0.35025672913727773,0.00015748,1.306068848601776,0.00081957,0,0.0
14621,-1.49952786082065,3.455316503963374,-1.54e-06,3.019357154622817,1.8232075802162506,77.48267741379588,1.0052136313683062,5.083935351344582,0.12067054082980143,-71.56915037930965,-1.1573229341274334,54.02022688071771,0.6295741068180681,-10.501168240581748,0.2719344611720337,0.7622340098893092,0.00015748,7.725070567742731,0.00081957,0,0.0
14622,-0.8354445901693874,2.0284622727943775,-1.54e-06,3.019357154622817,1.8232075802162506,20.23919602676684,1.0052136313683062,3.3826477643600454,0.12067054082980143,-50.736549747750665,-1.1573229341274334,43.92348831842609,0.6295741068180681,6.003881999153121,0.2719344611720337,0.302366533740424,0.00015748,5.801862534056372,0.00081957,0,0.0
14623,0.005375310971629688,0.0005817781337712586,-1.54e-06,3.019357154622817,1.8232075802162506,90.10653888845557,1.0052136313683062,10.96236410484301,0.12067054082980143,-72.89631378651065,-1.1573229341274334,6.2741723795065525,0.6295741068180681,8.423116287059203,0.2719344611720337,0.32734601102752264,0.00015748,1.1718145313931279,0.00081957,0,0.0
14624,0.007437969519016541,0.013741677672578083,-1.54e-06,3.019357154622817,1.8232075802162506,39.64784346682816,1.0052136313683062,4.430360282898028,0.12067054082980143,-30.26303519319901,-1.1573229341274334,3.5662080648176238,0.6295741068180681,2.3730710092453315,0.2719344611720337,0.45614378169646363,0.00015748,0.55032849037222,0.00081957,0,0.0
14625,-0.09605946507223673,0.7744492270898052,-1.54e-06,3.019357154622817,1.8232075802162506,16.42985636016266,1.0052136313683062,1.7049397370175066,0.12067054082980143,-22.19079940630239,-1.1573229341274334,16.22169722640588,0.6295741068180681,2.7307167595905995,0.2719344611720337,0.22150272849174213,0.00015748,2.8483858055724056,0.00081957,0,0.0
14626,0.056489150307144076,0.06866405727421637,-1.54e-06,3.019357154622817,1.8232075802162506,-13.915146864054696,1.0052136313683062,1.5233923308082304,0.12067054082980143,-29.031584170062185,-1.1573229341274334,14.455454369156833,0.6295741068180681,27.60922364841625,0.2719344611720337,-0.1111763860183265,0.00015748,0.1268887852804789,0.00081957,1,0.0
14627,-0.6008566196201368,1.5919137211996384,-1.54e-06,3.019357154622817,1.8232075802162506,82.04986868001076,1.0052136313683062,5.590530392276527,0.12067054082980143,-41.928741213096934,-1.1573229341274334,17.962223531538935,0.6295741068180681,-20.100040872964076,0.2719344611720337,0.7387614517271377,0.00015748,4.295878677935695,0.00081957,0,0.0
14628,-1.0126548220702634,4.201972322484905,-1.54e-06,3.019357154622817,1.8232075802162506,4.678504803754443,1.0052136313683062,-0.5129916529836145,0.12067054082980143,-19.699773871662995,-1.1573229341274334,32.75342850812886,0.6295741068180681,-5.665820507782001,0.2719344611720337,-0.006754117046569252,0.00015748,4.191604432821396,0.00081957,1,0.0
14629,0.6704149968584172,0.0482270561278055,-1.54e-06,3.019357154622817,1.8232075802162506,-2.582867200639397,1.0052136313683062,8.413155209782015,0.12067054082980143,-95.71674601698484,-1.1573229341274334,33.370967553682576,0.6295741068180681,73.2615908865738,0.2719344611720337,0.3659989528183547,0.00015748,0.8803170628705801,0.00081957,0,0.0
14630,-1.1159072502321314,2.5563672851894292,-1.54e-06,3.019357154622817,1.8232075802162506,86.0412551937305,1.0052136313683062,1.8683493847747201,0.12067054082980143,-2.3087921685627864,-1.1573229341274334,8.811976626522945,0.6295741068180681,-55.88310446751202,0.2719344611720337,0.4012803303689889,0.00015748,4.937236950706344,0.00081957,0,0.0
14631,5.220101366859296,16.77063160639414,-1.54e-06,3.019357154622817,1.8232075802162506,64.40942987016278,1.0052136313683062,15.142103246797356,0.12067054082980143,-61.2088214015362,-1.1573229341274334,-52.771405015416065,0.6295741068180681,70.44131815556703,0.2719344611720337,-1.4867148238524053,0.00015748,1.5219584841856133,0.00081957,1,0.0
14632,-1.4137802866090465,5.669953312093691,-1.54e-06,3.019357154622817,1.8232075802162506,-48.71406093147369,1.0052136313683062,-3.3125489325627564,0.12067054082980143,-18.731598619645208,-1.1573229341274334,41.45633964942292,0.6295741068180681,17.451343947316843,0.2719344611720337,-0.4008208879170312,0.00015748,1.7388967165610103,0.00081957,1,0.0
14633,-1.9044282139980755,6.7421928458254055,-1.54e-06,3.019357154622817,1.8232075802162506,9.834383131215702,1.0052136313683062,1.7446368613120011,0.12067054082980143,-49.567384686712195,-1.1573229341274334,61.04645078414042,0.6295741068180681,-5.124612014523375,0.2719344611720337,0.04832460343390954,0.00015748,7.0793245832298,0.00081957,0,0.0
14634,-0.4607456013603697,1.4941420867868618,-1.54e-06,3.019357154622817,1.8232075802162506,50.619810146257116,1.0052136313683062,2.8886820021077573,0.12067054082980143,-35.606160109428544,-1.1573229341274334,24.083115593753114,0.6295741068180681,-7.570023072594396,0.2719344611720337,0.46483974735379485,0.00015748,4.593361419193414,0.00081957,0,0.0
14635,2.6089695993078266,9.449039584026485,-1.54e-06,3.019357154622817,1.8232075802162506,-19.96391813783062,1.0052136313683062,10.48426733476006,0.12067054082980143,-52.75256625401898,-1.1573229341274334,-10.91757087576729,0.6295741068180681,63.71174638364498,0.2719344611720337,-1.9864561371517624,0.00015748,1.4726645012137674,0.00081957,1,0.0
14636,-1.1560324794998538,2.8230112448178786,-1.54e-06,3.019357154622817,1.8232075802162506,94.43869031920694,1.0052136313683062,9.6974890768794,0.12067054082980143,-63.395243517277855,-1.1573229341274334,30.364019881171533,0.6295741068180681,-26.796767116797565,0.2719344611720337,0.7777305016785441,0.00015748,5.871322484605617,0.00081957,0,0.0
14637,3.0568511315394726,23.70187510441265,-1.54e-06,3.019357154622817,1.8232075802162506,17.34211733024607,1.0052136313683062,11.632252044064193,0.12067054082980143,-1e-20,-1.1573229341274334,-65.30664755106231,0.6295741068180681,17.347338926342946,0.2719344611720337,-6.070281575395166,0.00015748,1.0974805323441905,0.00081957,1,0.0
14638,0.44758071980219594,2.536628553806029,-1.54e-06,3.019357154622817,1.8232075802162506,1.3915897891539575,1.0052136313683062,6.763710835873126,0.12067054082980143,-42.654050493765766,-1.1573229341274334,6.807486462218272,0.6295741068180681,26.702659799514603,0.2719344611720337,-1.0289708350061568,0.00015748,1.0783389200755602,0.00081957,1,0.0
14639,1.061595413851283,0.6213901886985225,-1.54e-06,3.019357154622817,1.8232075802162506,-0.5852618469221063,1.0052136313683062,1.3275226627682377,0.12067054082980143,-0.7507832713572733,-1.1573229341274334,-11.1445875530149,0.6295741068180681,12.203230635766046,0.2719344611720337,-0.12686352951589935,0.00015748,0.1237558417603713,0.00081957,1,0.0
14640,0.009599221420960369,32.54558982374766,-1.54e-06,3.019357154622817,1.8232075802162506,-6.067169647366403,1.0052136313683062,9.870203473638275,0.12067054082980143,-1e-20,-1.1573229341274334,-32.810821693021936,0.6295741068180681,-12.531492222234924,0.2719344611720337,-7.0586663177753355,0.00015748,1.3129085903163524,0.00081957,1,0.0
14641,-0.10671195237721065,0.5711326135316058,-1.54e-06,3.019357154622817,1.8232075802162506,26.143471483812906,1.0052136313683062,8.226104765642082,0.12067054082980143,-85.51430608234982,-1.1573229341274334,41.492637024391364,0.6295741068180681,36.82206347049451,0.2719344611720337,0.6584664414463264,0.00015748,4.079498738611524,0.00081957,0,0.0
14642,-0.8514892367489848,2.0733998850688415,-1.54e-06,3.019357154622817,1.8232075802162506,28.023294218275662,1.0052136313683062,6.815702346102193,0.12067054082980143,-84.16424197304703,-1.1573229341274334,56.68564075815918,0.6295741068180681,23.231307054483167,0.2719344611720337,0.5611395582963641,0.00015748,6.380254120703508,0.00081957,0,0.0
14643,1.9474110693623143,1.1590594255678113,-1.54e-06,3.019357154622817,1.8232075802162506,-85.58487767835845,1.0052136313683062,0.6575812631111022,0.12067054082980143,-43.14285001731835,-1.1573229341274334,20.0403871180935,0.6295741068180681,90.48492157664474,0.2719344611720337,-0.12145856447019324,0.00015748,0.10168423625580095,0.00081957,1,0.0
14644,2.4175573970768074,2.5188203898304016,-1.54e-06,3.019357154622817,1.8232075802162506,4.338452711665776,1.0052136313683062,8.947810510491593,0.12067054082980143,-80.41618950405174,-1.1573229341274334,7.423611956932285,0.6295741068180681,80.48496139063296,0.2719344611720337,0.25177166830572417,0.00015748,0.9038623125080295,0.00081957,0,0.0
14645,-0.9069332465995519,2.4711118476427996,-1.54e-06,3.019357154622817,1.8232075802162506,80.08721517733501,1.0052136313683062,9.821514829291814,0.12067054082980143,-56.84681563268442,-1.1573229341274334,23.515846526455476,0.6295741068180681,-22.812539831461642,0.2719344611720337,0.5066602234847628,0.00015748,4.920560752414717,0.00081957,0,0.0
14646,3.4058540986599732,12.035499384366322,-1.54e-06,3.019357154622817,1.8232075802162506,11.3608105855667,1.0052136313683062,7.727878106150985,0.12067054082980143,-1e-20,-1.1573229341274334,-53.297831112727465,0.6295741068180681,29.3130065679936,0.2719344611720337,-3.2127794495423605,0.00015748,0.6699743817090309,0.00081957,1,0.0
14647,-1.215503596467272,3.2572811060804243,-1.54e-06,3.019357154622817,1.8232075802162506,58.9148207580923,1.0052136313683062,10.696861663019476,0.12067054082980143,-80.10406231663936,-1.1573229341274334,45.249680861069535,0.6295741068180681,-5.0075654052361145,0.2719344611720337,0.36085456474788824,0.00015748,6.388144736695648,0.00081957,0,0.0
14648,5.523370357899104,18.30801302642064,-1.54e-06,3.019357154622817,1.8232075802162506,57.76031097641193,1.0052136313683062,13.636894174996009,0.12067054082980143,-42.63419644847604,-1.1573229341274334,-61.118729130085086,0.6295741068180681,63.4775248212947,0.2719344611720337,-1.3369763768962313,0.00015748,1.368732384170851,0.00081957,1,0.0
14649,-0.9795877335641312,2.2620952322040755,-1.54e-06,3.019357154622817,1.8232075802162506,98.34294938542139,1.0052136313683062,4.385414710577233,0.12067054082980143,-8.58697527952278,-1.1573229341274334,2.488360828042091,0.6295741068180681,-57.30053744129396,0.2719344611720337,0.5732442836337139,0.00015748,4.190279209157981,0.00081957,0,0.0
14650,-3.296054032492738,8.289821630419913,-1.54e-06,3.019357154622817,1.8232075802162506,95.38470874463758,1.0052136313683062,-0.08226222833738675,0.12067054082980143,-22.53201189347926,-1.1573229341274334,68.8965820173685,0.6295741068180681,-85.67435086394869,0.2719344611720337,0.2298507536665877,0.00015748,13.857634129873801,0.00081957,0,0.0
14651,-0.0009309165840907241,0.09541841022407245,-1.54e-06,3.019357154622817,1.8232075802162506,27.76280468587256,1.0052136313683062,1.8674224655715972,0.12067054082980143,-1.8124295962734598,-1.1573229341274334,-7.543110406804413,0.6295741068180681,-11.439481889247835,0.2719344611720337,-0.21265293112955697,0.00015748,0.2125901176598296,0.00081957,1,0.0
14652,0.005221410093327883,0.00030659592786630137,-1.54e-06,3.019357154622817,1.8232075802162506,73.92738785299026,1.0052136313683062,9.486316962811848,0.12067054082980143,-65.72032869988305,-1.1573229341274334,7.792040740803975,0.6295741068180681,10.746899145220507,0.2719344611720337,0.3629249435404965,0.00015748,1.0055133443371145,0.00081957,0,0.0
14653,0.01854971686289897,3.5707494716469492,-1.54e-06,3.019357154622817,1.8232075802162506,99.86361599528655,1.0052136313683062,12.014339108270592,0.12067054082980143,-33.61719460247165,-1.1573229341274334,-14.818645212119272,0.6295741068180681,-35.37982112824696,0.2719344611720337,-0.28770397216183796,0.00015748,2.38636749283142,0.00081957,1,0.0
14654,4.4458055222483175,11.729960967143455,-1.54e-06,3.019357154622817,1.8232075802162506,42.70161767975591,1.0052136313683062,13.822862615561878,0.12067054082980143,-70.50459264800362,-1.1573229341274334,-34.85229405877493,0.6295741068180681,78.09520475882051,0.2719344611720337,-1.3478417458521312,0.00015748,1.3517689957250083,0.00081957,1,0.0
14655,0.0020535455988111018,0.015177943249998412,-1.54e-06,3.019357154622817,1.8232075802162506,21.498588724177278,1.0052136313683062,3.4229594313395895,0.12067054082980143,-30.69273552658194,-1.1573229341274334,9.512221986040876,0.6295741068180681,10.336877422646115,0.2719344611720337,0.36644297143325977,0.00015748,0.7837419042656761,0.00081957,0,0.0
14656,2.361865117533754,10.422391990312299,-1.54e-06,3.019357154622817,1.8232075802162506,48.18918338729351,1.0052136313683062,13.002073190961571,0.12067054082980143,-33.477744147198706,-1.1573229341274334,-34.051427724926896,0.6295741068180681,14.478082351731574,0.2719344611720337,-1.8083380060427106,0.00015748,1.8335046314502927,0.00081957,1,0.0
14657,-0.768243928495294,1.9505676732100317,-1.54e-06,3.019357154622817,1.8232075802162506,-18.596006361131803,1.0052136313683062,3.86025820208283,0.12067054082980143,-88.16960168727744,-1.1573229341274334,72.990328395439,0.6295741068180681,48.87978255539508,0.2719344611720337,0.2878923026433675,0.00015748,7.001614743834561,0.00081957,0,0.0
14658,0.12159473728158243,6.313630575825572e-07,-1.54e-06,3.019357154622817,1.8232075802162506,-7.623786118461655,1.0052136313683062,6.767045068446302,0.12067054082980143,-83.81593008393865,-1.1573229341274334,37.80528162096584,0.6295741068180681,59.080957382066586,0.2719344611720337,0.3957789903703136,0.00015748,1.4028012868852713,0.00081957,0,0.0
14659,-0.01957761228363175,62.49005773973507,-1.54e-06,3.019357154622817,1.8232075802162506,-11.206342631125265,1.0052136313683062,14.065927995906613,0.12067054082980143,-1e-20,-1.1573229341274334,-48.25694126368072,0.6295741068180681,-15.969007240852608,0.2719344611720337,-10.641846839634766,0.00015748,1.7595345843999581,0.00081957,1,0.0
14660,3.012394568138497,18.81159815273611,-1.54e-06,3.019357154622817,1.8232075802162506,-56.51973062454632,1.0052136313683062,6.984923348781474,0.12067054082980143,-1.678255528234623,-1.1573229341274334,-51.78678669127204,0.6295741068180681,59.15575802184601,0.2719344611720337,-8.24193343716673,0.00015748,0.3677048185920402,0.00081957,1,0.0
14661,-1.9398016457261125,9.09032922321462,-1.54e-06,3.019357154622817,1.8232075802162506,-47.48682089661787,1.0052136313683062,-2.0643993464145467,0.12067054082980143,-37.14922593219848,-1.1573229341274334,59.321196991028025,0.6295741068180681,19.067698083630695,0.2719344611720337,-0.3909330026324389,0.00015748,3.5503025578684184,0.00081957,1,0.0
14662,-1.8072328103600692,4.029540264351314,-1.54e-06,3.019357154622817,1.8232075802162506,54.739871208316494,1.0052136313683062,6.743684046262496,0.12067054082980143,-95.53996146231657,-1.1573229341274334,76.60396491601914,0.6295741068180681,5.250424091239384,0.2719344611720337,0.7113921466949193,0.00015748,9.502857901133122,0.00081957,0,0.0
14663,1.8124896138671955,1.0527699157386556,-1.54e-06,3.019357154622817,1.8232075802162506,-69.18103581266047,1.0052136313683062,1.0515013564855018,0.12067054082980143,-37.08290529389073,-1.1573229341274334,14.356687701633113,0.6295741068180681,77.12386020322255,0.2719344611720337,-0.10781380840168632,0.00015748,0.09370403444774435,0.00081957,1,0.0
14664,3.8067348923556388,13.629679694288432,-1.54e-06,3.019357154622817,1.8232075802162506,84.05816103685615,1.0052136313683062,9.61659052688065,0.12067054082980143,-89.51358737581685,-1.1573229341274334,-5.171211090863243,0.6295741068180681,75.34052086316792,0.2719344611720337,0.2915110944137833,0.00015748,4.682222338239857,0.00081957,0,0.0
14665,1.458338648401768,0.884240005805133,-1.54e-06,3.019357154622817,1.8232075802162506,-17.205076369638675,1.0052136313683062,4.270384820502109,0.12067054082980143,-45.82250016522195,-1.1573229341274334,6.5595564186557205,0.6295741068180681,56.45221361524311,0.2719344611720337,-0.3846082340638286,0.00015748,0.39023884778591333,0.00081957,1,0.0
14666,0.04758210839059096,3.137511478344793e-08,-1.54e-06,3.019357154622817,1.8232075802162506,60.13150254922948,1.0052136313683062,9.199674624081702,0.12067054082980143,-70.13276829001704,-1.1573229341274334,12.760729334648618,0.6295741068180681,20.242223341211943,0.2719344611720337,0.3882471866350449,0.00015748,0.9597491679895,0.00081957,0,0.0
14667,0.7796156436022044,0.21525617676441167,-1.54e-06,3.019357154622817,1.8232075802162506,-55.169583392405215,1.0052136313683062,3.607645291220237,0.12067054082980143,-75.67456986768437,-1.1573229341274334,36.299678565077855,0.6295741068180681,87.3392730330075,0.2719344611720337,-0.24087024452389122,0.00015748,0.27254237540033016,0.00081957,1,0.0
14668,-0.9552909283841529,3.5195238256556163,-1.54e-06,3.019357154622817,1.8232075802162506,-71.4746246527926,1.0052136313683062,-4.864024794728807,0.12067054082980143,-11.952035638690804,-1.1573229341274334,37.11592574956642,0.6295741068180681,31.095438683818074,0.2719344611720337,-0.5363285828968841,0.00015748,0.74478972611772,0.00081957,1,0.0
14669,-0.8523150590611445,4.783481651424565,-1.54e-06,3.019357154622817,1.8232075802162506,-52.41645997939607,1.0052136313683062,0.31896636277786933,0.12067054082980143,-74.26942915409843,-1.1573229341274334,73.48767971709073,0.6295741068180681,58.15970459515059,0.2719344611720337,-0.015293465254176297,0.00015748,5.638705029752772,0.00081957,1,0.0
14670,4.392777693590343,11.13058801924688,-1.54e-06,3.019357154622817,1.8232075802162506,16.634329343295608,1.0052136313683062,6.918825270803838,0.12067054082980143,-24.714907746123952,-1.1573229341274334,-41.50642775750952,0.6295741068180681,61.38858889258259,0.2719344611720337,-0.9681952249675511,0.00015748,0.9369884551318136,0.00081957,1,0.0
14671,2.9525126820478773,6.4829748040493795,-1.54e-06,3.019357154622817,1.8232075802162506,73.07527800656264,1.0052136313683062,9.918576359704756,0.12067054082980143,-35.01603813700511,-1.1573229341274334,-38.102505933699334,0.6295741068180681,25.298016138825858,0.2719344611720337,-0.8362313153196412,0.00015748,1.1673757288171247,0.00081957,1,0.0
14672,-0.010751737553804652,0.13190510714771314,-1.54e-06,3.019357154622817,1.8232075802162506,96.86160534807861,1.0052136313683062,12.736262069839654,0.12067054082980143,-96.50887144728051,-1.1573229341274334,20.38607914696244,0.6295741068180681,18.95159982226374,0.2719344611720337,1.360474986056817,0.00015748,2.0263280852335313,0.00081957,0,0.0
14673,-1.9903321228389674,4.313877796139794,-1.54e-06,3.019357154622817,1.8232075802162506,74.14264625174704,1.0052136313683062,4.226484422449498,0.12067054082980143,-57.69424096276492,-1.1573229341274334,56.78540479489243,0.6295741068180681,-29.38093988065106,0.2719344611720337,0.5738900551082047,0.00015748,8.871480399126972,0.00081957,0,0.0
14674,0.42446344462984725,0.09326095715719447,-1.54e-06,3.019357154622817,1.8232075802162506,-62.873290272439974,1.0052136313683062,-0.858946990007059,0.12067054082980143,-31.84515385950709,-1.1573229341274334,25.998245559626774,0.6295741068180681,56.07576924621297,0.2719344611720337,-0.16240665054676245,0.00015748,0.16533941722700923,0.00081957,1,0.0
14675,3.2272068386823056,21.4193725917705,-1.54e-06,3.019357154622817,1.8232075802162506,64.32476249469103,1.0052136313683062,2.8109655549298447,0.12067054082980143,-76.70037276397073,-1.1573229341274334,23.82116045506576,0.6295741068180681,68.72201419768638,0.2719344611720337,0.24917140982989228,0.00015748,9.470528864752229,0.00081957,0,0.0
14676,0.30121842102463603,174.82211826385043,-1.54e-06,3.019357154622817,1.8232075802162506,-37.30108419196418,1.0052136313683062,27.62497157756194,0.12067054082980143,-57.233582240091174,-1.1573229341274334,-61.62746881393234,0.6295741068180681,28.060642037397518,0.2719344611720337,-19.065153937930546,0.00015748,3.0606946215403568,0.00081957,1,0.0
14677,-0.9162726648207375,2.2496962896461277,-1.54e-06,3.019357154622817,1.8232075802162506,67.32187109127328,1.0052136313683062,3.5096818864736523,0.12067054082980143,-31.466407105695406,-1.1573229341274334,24.614513448172026,0.6295741068180681,-26.356742901263686,0.2719344611720337,0.5123652232485574,0.00015748,5.3743169239677275,0.00081957,0,0.0
14678,0.001056503065406389,0.0011099755528098834,-1.54e-06,3.019357154622817,1.8232075802162506,55.71764567583191,1.0052136313683062,7.2971222504474555,0.12067054082980143,-50.90578752187283,-1.1573229341274334,6.732381605302347,0.6295741068180681,8.66521581029392,0.2719344611720337,0.3714257121021256,0.00015748,0.7718653110039475,0.00081957,0,0.0
14679,-1.9952685870128648,4.38658991341452,-1.54e-06,3.019357154622817,1.8232075802162506,62.895561080277595,1.0052136313683062,0.9315265123789656,0.12067054082980143,-30.674712051433932,-1.1573229341274334,49.34737137764914,0.6295741068180681,-41.34400930291794,0.2719344611720337,0.2973595530076585,0.00015748,8.748804802611012,0.00081957,0,0.0
14680,6.6467089248640585,27.61796260574866,-1.54e-06,3.019357154622817,1.8232075802162506,88.33439787685235,1.0052136313683062,19.62031898801111,0.12067054082980143,-75.50247775468695,-1.1573229341274334,-70.15859018217542,0.6295741068180681,84.63693653269333,0.2719344611720337,-1.9105087756683137,0.00015748,1.9657560366862175,0.00081957,1,0.0
14681,-3.2956313203337175,6.98185980355683,-1.54e-06,3.019357154622817,1.8232075802162506,72.47001610597412,1.0052136313683062,1.9511470655880667,0.12067054082980143,-64.68614898086928,-1.1573229341274334,90.21121016290968,0.6295741068180681,-44.60264258985673,0.2719344611720337,0.3899448357088655,0.00015748,13.351270545759329,0.00081957,0,0.0
14682,-0.7226783627754825,1.7394347390657452,-1.54e-06,3.019357154622817,1.8232075802162506,20.483731914747416,1.0052136313683062,2.12214353267171,0.12067054082980143,-45.591908447468164,-1.1573229341274334,39.82421340493311,0.6295741068180681,7.949762401850977,0.2719344611720337,0.3146257985708081,0.00015748,5.083356693007862,0.00081957,0,0.0
14683,-0.3213445341823442,1.8847096024340546,-1.54e-06,3.019357154622817,1.8232075802162506,-32.3826385560503,1.0052136313683062,1.5158042904433993,0.12067054082980143,-68.3566159332033,-1.1573229341274334,57.690710927975644,0.6295741068180681,52.65275321615099,0.2719344611720337,0.16185892333669827,0.00015748,4.810114677142755,0.00081957,0,0.0
14684,3.5930251448756136,7.425411137701739,-1.54e-06,3.019357154622817,1.8232075802162506,27.770165071286687,1.0052136313683062,9.23836079962524,0.12067054082980143,-46.79855228868729,-1.1573229341274334,-28.889076490701406,0.6295741068180681,60.905592318903736,0.2719344611720337,-0.9609692521267091,0.00015748,0.9797606791138874,0.00081957,1,0.0
14685,1.6855195008216817,1.5339668910699222,-1.54e-06,3.019357154622817,1.8232075802162506,67.25332352519023,1.0052136313683062,10.857176131795546,0.12067054082980143,-75.3812726334537,-1.1573229341274334,-2.550266622647126,0.6295741068180681,41.102276155354005,0.2719344611720337,0.3085559780829996,0.00015748,1.307943660197445,0.00081957,0,0.0
14686,0.24967406532426262,0.04366344259612976,-1.54e-06,3.019357154622817,1.8232075802162506,-56.77314623098829,1.0052136313683062,4.647926873503052,0.12067054082980143,-99.36126917567334,-1.1573229341274334,59.04689556307262,0.6295741068180681,94.27379763125074,0.2719344611720337,0.28767188031560376,0.00015748,1.9700244933310416,0.00081957,0,0.0
14687,-3.50009343052282,16.207689078832118,-1.54e-06,3.019357154622817,1.8232075802162506,26.342145380891715,1.0052136313683062,-4.112214196711552,0.12067054082980143,-3.8057555757374444,-1.1573229341274334,59.51703091011199,0.6295741068180681,-59.65845477709196,0.2719344611720337,-0.3167993125532984,0.00015748,7.810055641805462,0.00081957,1,0.0
14688,-0.13930417244975835,0.9129202998271191,-1.54e-06,3.019357154622817,1.8232075802162506,-10.678842308039531,1.0052136313683062,2.6960343172376553,0.12067054082980143,-59.089000374131196,-1.1573229341274334,45.829821512346754,0.6295741068180681,36.68174968082203,0.2719344611720337,0.2588351138162306,0.00015748,4.8807959351304016,0.00081957,0,0.0
14689,-0.0021602981598602966,0.10762618663816026,-1.54e-06,3.019357154622817,1.8232075802162506,88.76988737603673,1.0052136313683062,11.952831758915833,0.12067054082980143,-91.40513461915123,-1.1573229341274334,20.070021863560036,0.6295741068180681,19.16662142567167,0.2719344611720337,1.2637115063901618,0.00015748,1.9635692639645768,0.00081957,0,0.0
14690,0.34396078419326415,0.3838226656811939,-1.54e-06,3.019357154622817,1.8232075802162506,83.41249371519046,1.0052136313683062,5.592392093189511,0.12067054082980143,-4.666394969039145,-1.1573229341274334,-22.774266203706933,0.6295741068180681,-32.518324495471994,0.2719344611720337,0.3566263188747525,0.00015748,0.6582130621373319,0.00081957,0,0.0
14691,0.36875803398676676,0.22716456028624782,-1.54e-06,3.019357154622817,1.8232075802162506,26.418837759400635,1.0052136313683062,2.525096164808408,0.12067054082980143,-4.120828236189863,-1.1573229341274334,-10.345096823735341,0.6295741068180681,-5.590458616172878,0.2719344611720337,-0.22897442120078174,0.00015748,0.26554359197757005,0.00081957,1,0.0
14692,-1.1135652851448672,77.9728349082613,-1.54e-06,3.019357154622817,1.8232075802162506,40.29062608494975,1.0052136313683062,19.515878221042325,0.12067054082980143,-34.27778816121415,-1.1573229341274334,-22.035147199859193,0.6295741068180681,-42.02261393141095,0.2719344611720337,-7.372751118735717,0.00015748,3.861118660204891,0.00081957,1,0.0
14693,1.1691800332454403,0.3527573068681957,-1.54e-06,3.019357154622817,1.8232075802162506,-64.86086227958256,1.0052136313683062,0.17940198353091294,0.12067054082980143,-37.806900790232326,-1.1573229341274334,21.04571273614978,0.6295741068180681,69.86422951758738,0.2719344611720337,-0.06625767024870942,0.00015748,0.07200574459528168,0.00081957,1,0.0
14694,0.2786512281568851,0.055890922599469,-1.54e-06,3.019357154622817,1.8232075802162506,1.8256633226858663,1.0052136313683062,1.2373818679749191,0.12067054082980143,-10.609878821626648,-1.1573229341274334,0.5414403579504528,0.6295741068180681,9.85871315782877,0.2719344611720337,-0.11216113392413453,0.00015748,0.12600561353898432,0.00081957,1,0.0
14695,-0.46065138242502646,1.9089753921018782,-1.54e-06,3.019357154622817,1.8232075802162506,-80.52866054654312,1.0052136313683062,-2.52544826610433,0.12067054082980143,-38.76195454327705,-1.1573229341274334,44.409526190295075,0.6295741068180681,59.078620085786696,0.2719344611720337,-0.3423239375798135,0.00015748,0.6036638956080085,0.00081957,1,0.0
14696,-0.01872792849330107,0.5199431717190849,-1.54e-06,3.019357154622817,1.8232075802162506,26.416063615435263,1.0052136313683062,2.04483371339806,0.12067054082980143,-12.255943122738609,-1.1573229341274334,6.011936329798462,0.6295741068180681,-7.821669700977294,0.2719344611720337,0.23418566400734697,0.00015748,2.222380266905263,0.00081957,0,0.0
14697,1.4161696971689768,37.71936144847412,-1.54e-06,3.019357154622817,1.8232075802162506,18.876031225074076,1.0052136313683062,19.03906268906333,0.12067054082980143,-70.7587932612707,-1.1573229341274334,-17.237297947539265,0.6295741068180681,32.24732251881199,0.2719344611720337,-5.071262965599516,0.00015748,2.9531314602878638,0.00081957,1,0.0
14698,0.14488111278053495,45.306647433260736,-1.54e-06,3.019357154622817,1.8232075802162506,87.31644949482043,1.0052136313683062,17.27586075441848,0.12067054082980143,-1e-20,-1.1573229341274334,-54.56039850285716,0.6295741068180681,-64.70105847755258,0.2719344611720337,-5.80800432700569,0.00015748,2.9226973125616444,0.00081957,1,0.0
14699,0.5151394599336205,7.989031898913708,-1.54e-06,3.019357154622817,1.8232075802162506,73.60923210766134,1.0052136313683062,10.917111294808482,0.12067054082980143,-15.036197481612703,-1.1573229341274334,-29.266060522387043,0.6295741068180681,-29.76767500883952,0.2719344611720337,-1.87964612911922,0.00015748,1.6651398910855417,0.00081957,1,0.0
14700,0.9084343675287585,0.1281779357266017,-1.54e-06,1.6190622613578476,3.2910815656407624,-42.591335650236076,1.0052136313683062,7.522314372437159,0.12067054082980143,-19.62066191060498,-1.1573229341274334,-64.88945577374112,0.6295741068180681,60.21258017303504,0.2719344611720337,-0.13183949031902392,0.00015748,0.1331264880471434,0.00081957,1,0.0
14701,0.0002060307043926235,0.11736819312421735,-1.54e-06,1.6190622613578476,3.2910815656407624,74.49143238626333,1.0052136313683062,10.114864066654077,0.12067054082980143,-18.874959396933416,-1.1573229341274334,40.043827713814956,0.6295741068180681,-39.047107098144345,0.2719344611720337,0.49265940578592315,0.00015748,0.7662224550318678,0.00081957,0,0.0
14702,0.8870969172369318,0.11853809535809987,-1.54e-06,1.6190622613578476,3.2910815656407624,-70.10648024405855,1.0052136313683062,10.200860448098505,0.12067054082980143,-73.64791403479609,-1.1573229341274334,-0.6590005179787609,0.6295741068180681,92.76282697414295,0.2719344611720337,-0.15378346537332854,0.00015748,0.15391720350849114,0.00081957,1,0.0
14703,0.5545860868544832,0.05955704288980884,-1.54e-06,1.6190622613578476,3.2910815656407624,-47.772916671471194,1.0052136313683062,8.706164497919378,0.12067054082980143,-61.35011349180819,-1.1573229341274334,8.5833798797993,0.6295741068180681,65.87622218086553,0.2719344611720337,-0.1410415136931204,0.00015748,0.14121609640325666,0.00081957,1,0.0
14704,0.0013077389308646659,0.04647712029599584,-1.54e-06,1.6190622613578476,3.2910815656407624,82.76284737265455,1.0052136313683062,14.933674161796619,0.12067054082980143,-17.908992870381326,-1.1573229341274334,-7.774512369808404,0.6295741068180681,-38.561562255136494,0.2719344611720337,0.39929693530794375,0.00015748,0.6688210407700609,0.00081957,0,0.0
14705,0.00011926331090622577,0.1505336707796133,-1.54e-06,1.6190622613578476,3.2910815656407624,62.57903408615899,1.0052136313683062,9.372588335926993,0.12067054082980143,-33.66419571055045,-1.1573229341274334,77.45986317507422,0.6295741068180681,-30.646778595724975,0.2719344611720337,0.45909763839345696,0.00015748,0.873090632335669,0.00081957,0,0.0
14706,0.8445879128528333,0.43111458691189963,-1.54e-06,1.6190622613578476,3.2910815656407624,-30.217495098286,1.0052136313683062,20.10313458537557,0.12067054082980143,-64.98693824430285,-1.1573229341274334,-77.56963664416391,0.6295741068180681,73.49106259841929,0.2719344611720337,-0.4505888939699161,0.00015748,0.45747819173119186,0.00081957,1,0.0
14707,0.21914499306166602,0.07231035996691439,-1.54e-06,1.6190622613578476,3.2910815656407624,75.536672738652,1.0052136313683062,21.821343237876764,0.12067054082980143,-46.37467098294701,-1.1573229341274334,-12.866812510255393,0.6295741068180681,-16.755399039621047,0.2719344611720337,0.36181727283453025,0.00015748,0.807890699537044,0.00081957,0,0.0
14708,0.7596272073705652,0.21695285228995057,-1.54e-06,1.6190622613578476,3.2910815656407624,17.086594847039432,1.0052136313683062,22.310930132346023,0.12067054082980143,-79.8925886321685,-1.1573229341274334,6.298899959123008,0.6295741068180681,40.94775351402646,0.2719344611720337,0.3885668054938496,0.00015748,0.6957253110055515,0.00081957,0,0.0
14709,0.7237027412701184,0.07914926260635188,-1.54e-06,1.6190622613578476,3.2910815656407624,-50.40122741622336,1.0052136313683062,7.7693601821589136,0.12067054082980143,-47.372676116997454,-1.1573229341274334,-15.462644542668272,0.6295741068180681,67.62794444331064,0.2719344611720337,-0.1208186789748611,0.00015748,0.12124475177704214,0.00081957,1,0.0
14710,0.07805416465469853,0.0011771442016870592,-1.54e-06,1.6190622613578476,3.2910815656407624,-7.195635540285373,1.0052136313683062,1.1986032872503738,0.12067054082980143,-9.276649123532504,-1.1573229341274334,2.2305966863941156,0.6295741068180681,9.738822882777487,0.2719344611720337,-0.01890355007489321,0.00015748,0.018866572207176826,0.00081957,1,0.0
14711,0.800969757836257,0.10169775820432506,-1.54e-06,1.6190622613578476,3.2910815656407624,-54.849743966742516,1.0052136313683062,9.277770416964739,0.12067054082980143,-53.700132778942965,-1.1573229341274334,-19.121987874715344,0.6295741068180681,74.99190404865998,0.2719344611720337,-0.14967925363272722,0.00015748,0.14975485491203416,0.00081957,1,0.0
14712,0.0007177276476034167,0.010144023358595943,-1.54e-06,1.6190622613578476,3.2910815656407624,-33.08854882097901,1.0052136313683062,4.020635983154665,0.12067054082980143,-66.21841933003645,-1.1573229341274334,73.00987264053637,0.6295741068180681,40.671804155197385,0.2719344611720337,-0.051881336731665624,0.00015748,0.052227801159537186,0.00081957,1,0.0
14713,0.7836961289170249,0.09774537539736143,-1.54e-06,1.6190622613578476,3.2910815656407624,-53.471197678079285,1.0052136313683062,8.815778546029083,0.12067054082980143,-52.022553391263585,-1.1573229341274334,-18.960368266990496,0.6295741068180681,73.27637369264842,0.2719344611720337,-0.14340396977793668,0.00015748,0.14454058786741514,0.00081957,1,0.0
14714,0.4577424723821965,0.27372792485660485,-1.54e-06,1.6190622613578476,3.2910815656407624,5.74250505520379,1.0052136313683062,15.58496022346927,0.12067054082980143,-34.56036447164062,-1.1573229341274334,-57.01196039444971,0.6295741068180681,27.649386781676725,0.2719344611720337,-0.1953816074611161,0.00015748,0.4040665037841208,0.00081957,1,0.0
14715,0.36435962822834667,0.12796665519838626,-1.54e-06,1.6190622613578476,3.2910815656407624,65.934811431363,1.0052136313683062,17.251516807413896,0.12067054082980143,-16.17756287426035,-1.1573229341274334,-36.96399150729713,0.6295741068180681,-19.820087767340194,0.2719344611720337,0.4077303221992582,0.00015748,0.645924097726304,0.00081957,0,0.0
14716,0.00014460406626128075,0.018530078717638135,-1.54e-06,1.6190622613578476,3.2910815656407624,-0.5743732493091145,1.0052136313683062,1.1032772603856358,0.12067054082980143,-7.601103091438739,-1.1573229341274334,7.4784283084902095,0.6295741068180681,2.737128374734603,0.2719344611720337,0.009683459938044698,0.00015748,0.02844019528042218,0.00081957,0,0.0
14717,0.718574054651375,0.08647720883966424,-1.54e-06,1.6190622613578476,3.2910815656407624,-33.38411182356722,1.0052136313683062,7.191879384450085,0.12067054082980143,-20.211936327145775,-1.1573229341274334,-51.93105374336787,0.6295741068180681,49.505254616402354,0.2719344611720337,-0.13284399832149174,0.00015748,0.13305845369480157,0.00081957,1,0.0
14718,-0.00019851287296657194,0.1104202001337111,-1.54e-06,1.6190622613578476,3.2910815656407624,80.69802187957606,1.0052136313683062,18.980043029354448,0.12067054082980143,-59.95037188910366,-1.1573229341274334,62.731095232754626,0.6295741068180681,-27.838323640035334,0.2719344611720337,0.6967187713906333,0.00015748,0.780348362602636,0.00081957,0,0.0
14719,0.7963209201403358,0.13122475919806903,-1.54e-06,1.6190622613578476,3.2910815656407624,-50.85066584085161,1.0052136313683062,11.690792947383311,0.12067054082980143,-58.59729567100978,-1.1573229341274334,-26.595272973826496,0.6295741068180681,75.43054712856917,0.2719344611720337,-0.20947620310865536,0.00015748,0.20997235951228146,0.00081957,1,0.0
14720,0.6491028904647613,0.17807742553279976,-1.54e-06,1.6190622613578476,3.2910815656407624,30.595630398042797,1.0052136313683062,22.963491563480897,0.12067054082980143,-73.95313942431672,-1.1573229341274334,0.6479747820699001,0.6295741068180681,28.629522634033556,0.2719344611720337,0.3784889605455765,0.00015748,0.7332326731336223,0.00081957,0,0.0
14721,0.37079217416026683,0.05736407908993593,-1.54e-06,1.6190622613578476,3.2910815656407624,-4.737684367200803,1.0052136313683062,6.60713970315336,0.12067054082980143,-5.2514799457807,-1.1573229341274334,-53.57712795475746,0.6295741068180681,18.92166628356379,0.2719344611720337,-0.1581370625513381,0.00015748,0.1584376977951457,0.00081957,1,0.0
14722,0.4290072245943345,0.026876231942033972,-1.54e-06,1.6190622613578476,3.2910815656407624,-24.91381716341973,1.0052136313683062,2.795841454320572,0.12067054082980143,-13.999439528504839,-1.1573229341274334,-20.294301012834403,0.6295741068180681,32.48834131492172,0.2719344611720337,-0.043469025753869975,0.00015748,0.0435202059717474,0.00081957,1,0.0
14723,0.12783961656718307,0.1723344964194805,-1.54e-06,1.6190622613578476,3.2910815656407624,22.219666240314613,1.0052136313683062,10.844340773978502,0.12067054082980143,-22.986945861268424,-1.1573229341274334,-23.966009292801253,0.6295741068180681,2.4861829870861194,0.2719344611720337,-0.042886442467675034,0.00015748,0.3259849521725616,0.00081957,1,0.0
14724,0.8640851619008383,1.455876274028441,-1.54e-06,1.6190622613578476,3.2910815656407624,51.5710419819093,1.0052136313683062,-5.285831548992654,0.12067054082980143,-19.40203258534285,-1.1573229341274334,67.22832469717221,0.6295741068180681,4.546318556592928,0.2719344611720337,0.2873850747881761,0.00015748,1.772425756696848,0.00081957,0,0.0
14725,0.5413661883682838,0.04132532781788879,-1.54e-06,1.6190622613578476,3.2910815656407624,-45.06908192559076,1.0052136313683062,5.611885119693438,0.12067054082980143,-45.717060650825026,-1.1573229341274334,4.557088195766447,0.6295741068180681,57.781377551581606,0.2719344611720337,-0.07680753196985567,0.00015748,0.07724638958578754,0.00081957,1,0.0
14726,0.31816849990751683,0.01733180053890282,-1.54e-06,1.6190622613578476,3.2910815656407624,-33.40311889651961,1.0052136313683062,4.991255473321486,0.12067054082980143,-43.56323499171118,-1.1573229341274334,17.9904075367943,0.6295741068180681,43.47832520360817,0.2719344611720337,-0.07221418984843751,0.00015748,0.07214563137528977,0.00081957,1,0.0
14727,0.03686163173398438,0.039454702514259546,-1.54e-06,1.6190622613578476,3.2910815656407624,-8.188188185243218,1.0052136313683062,6.26517375781636,0.12067054082980143,-36.39503771727565,-1.1573229341274334,12.446236337038576,0.6295741068180681,20.228834788374805,0.2719344611720337,-0.13342590006230676,0.00015748,0.13309473638953528,0.00081957,1,0.0
14728,-3.4171744371369606e-05,0.11198630063805066,-1.54e-06,1.6190622613578476,3.2910815656407624,70.27776192620776,1.0052136313683062,8.77765530908424,0.12067054082980143,-16.720597181334504,-1.1573229341274334,40.467976171932094,0.6295741068180681,-37.31062285956167,0.2719344611720337,0.45273222265594215,0.00015748,0.7518814991580186,0.00081957,0,0.0
14729,4.7212246543026914e-05,0.19034568099338026,-1.54e-06,1.6190622613578476,3.2910815656407624,86.7280208527364,1.0052136313683062,19.028642181955863,0.12067054082980143,-36.15566971042585,-1.1573229341274334,51.63469884617309,0.6295741068180681,-44.82424279456547,0.2719344611720337,0.6183182966482758,0.00015748,0.8783501847007412,0.00081957,0,0.0
14730,-6.0548733427506773e-05,0.139439441421076,-1.54e-06,1.6190622613578476,3.2910815656407624,-15.30694229969172,1.0052136313683062,-0.855957180913229,0.12067054082980143,-33.54178210906052,-1.1573229341274334,70.95414603530254,0.6295741068180681,16.005932593507293,0.2719344611720337,-0.021068298424144136,0.00015748,0.25643854898905283,0.00081957,1,0.0
14731,0.0014028959301537192,0.04277947917616848,-1.54e-06,1.6190622613578476,3.2910815656407624,-1.6676809538345296,1.0052136313683062,4.347360327159088,0.12067054082980143,-25.702842156201914,-1.1573229341274334,15.170843096756181,0.6295741068180681,10.615291878285692,0.2719344611720337,-0.03604939007133677,0.00015748,0.10514961452751363,0.00081957,1,0.0
14732,0.5612171202707695,0.15688822715469775,-1.54e-06,1.6190622613578476,3.2910815656407624,36.01883712625833,1.0052136313683062,21.259562865170444,0.12067054082980143,-64.29544988341858,-1.1573229341274334,-0.1079482472037773,0.6295741068180681,19.40502901613363,0.2719344611720337,0.3878767845844583,0.00015748,0.6985557092898064,0.00081957,0,0.0
14733,0.7738530443139859,0.23630862817402654,-1.54e-06,1.6190622613578476,3.2910815656407624,56.2558921929921,1.0052136313683062,26.12595291881506,0.12067054082980143,-45.9368292881473,-1.1573229341274334,-60.35313791479375,0.6295741068180681,10.391017835513212,0.2719344611720337,0.3517443951747956,0.00015748,0.8635288458297574,0.00081957,0,0.0
14734,0.740505322306139,0.1411397466143558,-1.54e-06,1.6190622613578476,3.2910815656407624,-74.44296547040496,1.0052136313683062,-0.8948976863174252,0.12067054082980143,-45.28926065620606,-1.1573229341274334,32.81345703158807,0.6295741068180681,76.55243323634436,0.2719344611720337,-0.1091234890520735,0.00015748,0.10930245196167859,0.00081957,1,0.0
14735,0.3971245986006413,0.11670398070059015,-1.54e-06,1.6190622613578476,3.2910815656407624,67.36231872645041,1.0052136313683062,21.922208281957225,0.12067054082980143,-41.81333386003951,-1.1573229341274334,-28.441822378000744,0.6295741068180681,-8.758797207156324,0.2719344611720337,0.3655421466321511,0.00015748,0.7907682205233193,0.00081957,0,0.0
14736,0.10422850221941832,0.004990897085338828,-1.54e-06,1.6190622613578476,3.2910815656407624,-15.173872480961649,1.0052136313683062,2.8196601796417458,0.12067054082980143,-25.284499772960192,-1.1573229341274334,15.239420056366916,0.6295741068180681,20.464002775400115,0.2719344611720337,-0.044323654607779296,0.00015748,0.043734219621962646,0.00081957,1,0.0
14737,0.550847844965585,0.266487954593828,-1.54e-06,1.6190622613578476,3.2910815656407624,41.61113461061576,1.0052136313683062,10.787488337952901,0.12067054082980143,-35.45884144418294,-1.1573229341274334,1.0275806634426987,0.6295741068180681,8.147390669247043,0.2719344611720337,0.36548168538192305,0.00015748,0.7968208225022898,0.00081957,0,0.0
14738,0.4366508280719684,0.13024600444850468,-1.54e-06,1.6190622613578476,3.2910815656407624,81.7797603841107,1.0052136313683062,26.165929591658184,0.12067054082980143,-65.10952595382646,-1.1573229341274334,-27.103128230221856,0.6295741068180681,-2.780994601493348,0.2719344611720337,0.33184125722187197,0.00015748,1.063949093408863,0.00081957,0,0.0
14739,0.541981789890429,0.24244344660358624,-1.54e-06,1.6190622613578476,3.2910815656407624,-38.274163821475966,1.0052136313683062,16.18443358786861,0.12067054082980143,-99.15897538136828,-1.1573229341274334,25.095509020506583,0.6295741068180681,75.95366558755556,0.2719344611720337,-0.16363743561508853,0.00015748,0.3737557273681095,0.00081957,1,0.0
14740,0.9564469874028411,0.17432262772188656,-1.54e-06,1.6190622613578476,3.2910815656407624,-42.138170937691314,1.0052136313683062,11.304683553523084,0.12067054082980143,-30.33685791863478,-1.1573229341274334,-74.03077260558592,0.6295741068180681,66.38589976381728,0.2719344611720337,-0.21736787473947908,0.00015748,0.21684246342485505,0.00081957,1,0.0
14741,0.0025734384451442383,0.04768112420499951,-1.54e-06,1.6190622613578476,3.2910815656407624,75.90296913938307,1.0052136313683062,14.116729010631804,0.12067054082980143,-21.883620773562537,-1.1573229341274334,3.1853333243328037,0.6295741068180681,-34.178399340498366,0.2719344611720337,0.4155351508243007,0.00015748,0.6298561212824773,0.00081957,0,0.0
14742,0.8184401775124021,0.25882089798893915,-1.54e-06,1.6190622613578476,3.2910815656407624,20.422497409371314,1.0052136313683062,20.769654868703064,0.12067054082980143,-59.90255157491708,-1.1573229341274334,-17.450168612786587,0.6295741068180681,33.76382628880372,0.2719344611720337,0.39082443891989876,0.00015748,0.6572126899397845,0.00081957,0,0.0
14743,0.6557654867705057,0.08072035463406753,-1.54e-06,1.6190622613578476,3.2910815656407624,-68.19389719808446,1.0052136313683062,1.669398369328503,0.12067054082980143,-53.76761398252815,-1.1573229341274334,34.42191308068346,0.6295741068180681,74.41844770065524,0.2719344611720337,-0.05083553421009372,0.00015748,0.051058812463262826,0.00081957,1,0.0
14744,1.1990517939100531,0.41229742716721257,-1.54e-06,1.6190622613578476,3.2910815656407624,39.92805678154484,1.0052136313683062,31.412229011551677,0.12067054082980143,-64.36977440930589,-1.1573229341274334,-81.64326222781415,0.6295741068180681,39.55832722273993,0.2719344611720337,0.3368512699063186,0.00015748,0.9833413630864904,0.00081957,0,0.0
14745,0.3270670313681989,0.18926196682498359,-1.54e-06,1.6190622613578476,3.2910815656407624,11.166501595383457,1.0052136313683062,11.951794825094188,0.12067054082980143,-8.98934847355318,-1.1573229341274334,-79.1943160388419,0.6295741068180681,12.950433987690614,0.2719344611720337,-0.3011319720133256,0.00015748,0.3052863637201549,0.00081957,1,0.0
14746,0.17324100965449185,0.10273481408455444,-1.54e-06,1.6190622613578476,3.2910815656407624,31.82678948129119,1.0052136313683062,12.25978827540605,0.12067054082980143,-54.26960963720257,-1.1573229341274334,57.26185748404534,0.6295741068180681,2.4822538871827113,0.2719344611720337,0.44393361905823664,0.00015748,0.5278743628777481,0.00081957,0,0.0
14747,-0.0006325325059958198,0.08465349180475239,-1.54e-06,1.6190622613578476,3.2910815656407624,47.526435560148144,1.0052136313683062,10.064792281148081,0.12067054082980143,-38.992388021554824,-1.1573229341274334,67.11810057880487,0.6295741068180681,-18.989500407457022,0.2719344611720337,0.40772492356111406,0.00015748,0.6530248294170706,0.00081957,0,0.0
14748,0.032153732491557924,0.007264528234673403,-1.54e-06,1.6190622613578476,3.2910815656407624,-39.223515208885466,1.0052136313683062,3.152930056678422,0.12067054082980143,-69.36847962624506,-1.1573229341274334,80.80813038116307,0.6295741068180681,45.64834570153414,0.2719344611720337,-0.03495081229187854,0.00015748,0.03534359218368734,0.00081957,1,0.0
14749,0.3289568130157714,0.0873130184421182,-1.54e-06,1.6190622613578476,3.2910815656407624,73.46907532559462,1.0052136313683062,31.7702294613748,0.12067054082980143,-89.82348647338657,-1.1573229341274334,1.955923929131916,0.6295741068180681,2.9036208538588455,0.2719344611720337,0.3349179060725976,0.00015748,1.0114738547701818,0.00081957,0,0.0
14750,0.0005002640466195696,0.21636458345619736,-1.54e-06,1.6190622613578476,3.2910815656407624,36.24686985711482,1.0052136313683062,3.841550049234568,0.12067054082980143,-22.648979085234892,-1.1573229341274334,69.4430446083599,0.6295741068180681,-18.96629985556474,0.2719344611720337,0.24778733831385283,0.00015748,0.6797290362552976,0.00081957,0,0.0
14751,0.4508380280337998,0.06926893973057309,-1.54e-06,1.6190622613578476,3.2910815656407624,-41.61783902249938,1.0052136313683062,-2.164857777259649,0.12067054082980143,-15.763043445119267,-1.1573229341274334,11.74802527399027,0.6295741068180681,40.312022251997945,0.2719344611720337,-0.09304088939394639,0.00015748,0.09382638932651094,0.00081957,1,0.0
14752,0.668425115502015,0.07358920151485068,-1.54e-06,1.6190622613578476,3.2910815656407624,-47.51476756374948,1.0052136313683062,8.18584889594539,0.12067054082980143,-49.68673859296256,-1.1573229341274334,-12.068199673215386,0.6295741068180681,65.4221195294563,0.2719344611720337,-0.13424429001471333,0.00015748,0.13418774684434143,0.00081957,1,0.0
14753,0.6121051862726175,0.4006719376849997,-1.54e-06,1.6190622613578476,3.2910815656407624,56.92100200728955,1.0052136313683062,10.895099660623679,0.12067054082980143,-38.19677002869589,-1.1573229341274334,-7.19377961150604,0.6295741068180681,6.596864909063327,0.2719344611720337,0.3255472031210646,0.00015748,1.0561196269783413,0.00081957,0,0.0
14754,1.6049972562034998e-06,0.0043654028672721525,-1.54e-06,1.6190622613578476,3.2910815656407624,-20.44198372574437,1.0052136313683062,0.881011870858899,0.12067054082980143,-32.00166402128874,-1.1573229341274334,44.882955223355545,0.6295741068180681,20.735591660667833,0.2719344611720337,-0.0427602979368533,0.00015748,0.04353518933196302,0.00081957,1,0.0
14755,0.0007330695472484994,0.06111866885170541,-1.54e-06,1.6190622613578476,3.2910815656407624,49.452212005887496,1.0052136313683062,12.608415242191668,0.12067054082980143,-55.13797461405774,-1.1573229341274334,67.45810485046111,0.6295741068180681,-11.426199627810666,0.2719344611720337,0.4864323165862947,0.00015748,0.5992100269699985,0.00081957,0,0.0
14756,1.0189476678847575,0.33031200056961324,-1.54e-06,1.6190622613578476,3.2910815656407624,34.93801691516876,1.0052136313683062,26.74631191258537,0.12067054082980143,-59.33122056590375,-1.1573229341274334,-58.41882777908281,0.6295741068180681,34.03208480837995,0.2719344611720337,0.35153802342156215,0.00015748,0.8524502956685582,0.00081957,0,0.0
14757,0.2420170451200493,0.20302236294341813,-1.54e-06,1.6190622613578476,3.2910815656407624,16.359692761491054,1.0052136313683062,11.75501411281181,0.12067054082980143,-9.632046713220259,-1.1573229341274334,-74.47570303212278,0.6295741068180681,8.242871577587529,0.2719344611720337,-0.3062552999977072,0.00015748,0.3171689098003264,0.00081957,1,0.0
14758,0.9039511737443837,0.1129461052130309,-1.54e-06,1.6190622613578476,3.2910815656407624,-66.71016653796305,1.0052136313683062,5.938248803247134,0.12067054082980143,-48.63401602527072,-1.1573229341274334,-11.763597796780253,0.6295741068180681,81.3755260052164,0.2719344611720337,-0.06281462597478278,0.00015748,0.06295886918101452,0.00081957,1,0.0
14759,0.18443238789713035,0.05142560981721481,-1.54e-06,1.6190622613578476,3.2910815656407624,76.6831476237391,1.0052136313683062,27.30359819090248,0.12067054082980143,-84.68477973438783,-1.1573229341274334,14.654480006196833,0.6295741068180681,-3.340440255390365,0.2719344611720337,0.33615100833012973,0.00015748,0.9760423741412265,0.00081957,0,0.0
14760,0.0029012925783696575,0.0055646328500854,-1.54e-06,1.6190622613578476,3.2910815656407624,-6.48485706631357,1.0052136313683062,2.4903097036708735,0.12067054082980143,-19.920548443232345,-1.1573229341274334,14.258914166224587,0.6295741068180681,10.987155929616641,0.2719344611720337,-0.045526033457552816,0.00015748,0.046655589258760725,0.00081957,1,0.0
14761,1.213655617731337,1.1559273885278327,-1.54e-06,1.6190622613578476,3.2910815656407624,69.60753338363295,1.0052136313683062,13.715149965524269,0.12067054082980143,-46.911617820309864,-1.1573229341274334,-53.06783052951007,0.6295741068180681,28.82777980162543,0.2719344611720337,0.29077131309964266,0.00015748,1.6238508081661762,0.00081957,0,0.0
14762,0.24342710772820605,0.030587653026645883,-1.54e-06,1.6190622613578476,3.2910815656407624,-4.140862603814862,1.0052136313683062,5.000782491884046,0.12067054082980143,-8.120292921337011,-1.1573229341274334,-32.78498433509355,0.6295741068180681,14.883843179297486,0.2719344611720337,-0.11883669606181813,0.00015748,0.11907621335310808,0.00081957,1,0.0
14763,0.9114144273011711,0.1840088761559844,-1.54e-06,1.6190622613578476,3.2910815656407624,-56.222046709415345,1.0052136313683062,13.831009938722742,0.12067054082980143,-66.53516493349221,-1.1573229341274334,-34.70750001893112,0.6295741068180681,85.50109873852966,0.2719344611720337,-0.25523062585684264,0.00015748,0.2555397251485506,0.00081957,1,0.0
14764,0.9645910607755364,0.4067664150737731,-1.54e-06,1.6190622613578476,3.2910815656407624,-40.35414662813961,1.0052136313683062,19.71522837338193,0.12067054082980143,-68.08544026551442,-1.1573229341274334,-75.92669991413733,0.6295741068180681,83.14634691424394,0.2719344611720337,-0.4236665678925407,0.00015748,0.4344617707815894,0.00081957,1,0.0
14765,0.0046492596329923,0.01931334324672903,-1.54e-06,1.6190622613578476,3.2910815656407624,-19.780730037817445,1.0052136313683062,-2.6891735568517,0.12067054082980143,-17.81949716179239,-1.1573229341274334,42.02174513492843,0.6295741068180681,15.282124143033963,0.2719344611720337,-0.08872049902781837,0.00015748,0.08841457169834344,0.00081957,1,0.0
14766,0.014306382247176883,0.018877434983197723,-1.54e-06,1.6190622613578476,3.2910815656407624,-24.741261544345253,1.0052136313683062,-2.164805046802684,0.12067054082980143,-26.22081028659543,-1.1573229341274334,51.32666353222318,0.6295741068180681,20.986627539597443,0.2719344611720337,-0.08759622464972816,0.00015748,0.08781302906934385,0.00081957,1,0.0
14767,0.6443837335571222,0.40150247094477526,-1.54e-06,1.6190622613578476,3.2910815656407624,-8.233272963888927,1.0052136313683062,19.262156912596854,0.12067054082980143,-42.31485922703981,-1.1573229341274334,-90.03246415608875,0.6295741068180681,46.670737396963524,0.2719344611720337,-0.43422910883277827,0.00015748,0.4464338416566645,0.00081957,1,0.0
14768,0.005282361250767684,0.01430570745643247,-1.54e-06,1.6190622613578476,3.2910815656407624,-29.143878985246516,1.0052136313683062,-1.1609924281801376,0.12067054082980143,-37.710974004809,-1.1573229341274334,62.66323042723144,0.6295741068180681,27.17142814311513,0.2719344611720337,-0.07434163253616775,0.00015748,0.07428277877752908,0.00081957,1,0.0
14769,0.5297917210350764,0.2982935175808088,-1.54e-06,1.6190622613578476,3.2910815656407624,72.0943320026857,1.0052136313683062,37.50038781708986,0.12067054082980143,-73.7181124432181,-1.1573229341274334,-25.022276701633306,0.6295741068180681,-3.533321107336177,0.2719344611720337,0.32892335484024326,0.00015748,1.055540144634022,0.00081957,0,0.0
14770,0.20477005420384725,0.11547253998106877,-1.54e-06,1.6190622613578476,3.2910815656407624,61.56788756330242,1.0052136313683062,11.793663182047455,0.12067054082980143,-6.787424205189977,-1.1573229341274334,-9.358145332889132,0.6295741068180681,-28.18998094545857,0.2719344611720337,0.463470740396012,0.00015748,0.534116377221479,0.00081957,0,0.0
14771,0.11393056108250765,0.05507891126018013,-1.54e-06,1.6190622613578476,3.2910815656407624,85.41159098070321,1.0052136313683062,20.50574317347866,0.12067054082980143,-37.50392222382499,-1.1573229341274334,-15.039985649776119,0.6295741068180681,-27.9286618412437,0.2719344611720337,0.36182372788123784,0.00015748,0.8144113448281943,0.00081957,0,0.0
14772,0.7286522028981447,0.17312571082192685,-1.54e-06,1.6190622613578476,3.2910815656407624,-32.929396544689624,1.0052136313683062,13.081231225348809,0.12067054082980143,-44.83127304600777,-1.1573229341274334,-53.44183814721708,0.6295741068180681,60.46213497979724,0.2719344611720337,-0.2696741471750129,0.00015748,0.27144128349234575,0.00081957,1,0.0
14773,1.1449085557673762,0.21987481992261157,-1.54e-06,1.6190622613578476,3.2910815656407624,-62.152008838008705,1.0052136313683062,12.605124098579886,0.12067054082980143,-50.01995636932224,-1.1573229341274334,-62.89482358636075,0.6295741068180681,89.72360505890067,0.2719344611720337,-0.22196433307994803,0.00015748,0.22275067440094168,0.00081957,1,0.0
14774,-0.00012033617118079043,0.21330457873793207,-1.54e-06,1.6190622613578476,3.2910815656407624,76.5505418065678,1.0052136313683062,8.422407436150118,0.12067054082980143,-23.348806810516518,-1.1573229341274334,76.76307933241586,0.6295741068180681,-42.713005188212804,0.2719344611720337,0.4894924174184115,0.00015748,1.02947474694274,0.00081957,0,0.0
14775,0.6385074436325403,0.14275299680965878,-1.54e-06,1.6190622613578476,3.2910815656407624,-69.18039179994706,1.0052136313683062,-2.328611596120977,0.12067054082980143,-38.25221291044843,-1.1573229341274334,38.88034411701717,0.6295741068180681,67.12186549109,0.2719344611720337,-0.14715595688575503,0.00015748,0.14735804361520058,0.00081957,1,0.0
14776,0.2947697063576863,0.08463467345833185,-1.54e-06,1.6190622613578476,3.2910815656407624,71.83182711534222,1.0052136313683062,23.767849268247016,0.12067054082980143,-55.56459314869112,-1.1573229341274334,-12.726904148892,0.6295741068180681,-9.054146706790114,0.2719344611720337,0.35498181782929916,0.00015748,0.8461188695013417,0.00081957,0,0.0
14777,0.7303807021515598,0.22314392219902437,-1.54e-06,1.6190622613578476,3.2910815656407624,75.64594491885615,1.0052136313683062,29.62788803205375,0.12067054082980143,-44.96511145907375,-1.1573229341274334,-75.96715918952155,0.6295741068180681,-0.4265635361133021,0.2719344611720337,0.33518113467200783,0.00015748,0.9959908348907157,0.00081957,0,0.0
14778,0.0005563131928781329,0.15957359328214119,-1.54e-06,1.6190622613578476,3.2910815656407624,67.03291240085655,1.0052136313683062,9.363924568968311,0.12067054082980143,-35.0434122318797,-1.1573229341274334,77.79136923901008,0.6295741068180681,-31.65875473661241,0.2719344611720337,0.4878267277049975,0.00015748,0.9063766109500868,0.00081957,0,0.0
14779,0.7861914258474596,0.13856952513533402,-1.54e-06,1.6190622613578476,3.2910815656407624,-31.090884554575567,1.0052136313683062,10.554818592809255,0.12067054082980143,-25.373206152809303,-1.1573229341274334,-68.35737859843451,0.6295741068180681,53.50429131586422,0.2719344611720337,-0.21367824108421585,0.00015748,0.21347298045178464,0.00081957,1,0.0
14780,0.22738348735425318,0.08416710055741064,-1.54e-06,1.6190622613578476,3.2910815656407624,80.48999035028483,1.0052136313683062,18.76491239962983,0.12067054082980143,-24.914614295966334,-1.1573229341274334,-30.341341539150896,0.6295741068180681,-26.552160393661662,0.2719344611720337,0.3714266667731193,0.00015748,0.7683377573019726,0.00081957,0,0.0
14781,0.9619157394492244,0.13140334947268076,-1.54e-06,1.6190622613578476,3.2910815656407624,-73.19776014626984,1.0052136313683062,5.461261864841678,0.12067054082980143,-51.211773318483374,-1.1573229341274334,-7.925264027491419,0.6295741068180681,87.16692881178712,0.2719344611720337,-0.04702514869321965,0.00015748,0.046559399640957885,0.00081957,1,0.0
14782,0.00877622304928427,1.6748326032543095,-1.54e-06,1.6190622613578476,3.2910815656407624,64.32922661557404,1.0052136313683062,32.76844115565027,0.12067054082980143,-45.607210268605705,-1.1573229341274334,60.978364691039324,0.6295741068180681,-45.86760511902744,0.2719344611720337,-0.0766899160626594,0.00015748,1.3463316510025236,0.00081957,1,0.0
14783,0.02188199053670098,0.07375484274474953,-1.54e-06,1.6190622613578476,3.2910815656407624,35.77725021609843,1.0052136313683062,10.664343009781383,0.12067054082980143,-73.43937070077484,-1.1573229341274334,89.09446297107355,0.6295741068180681,5.459762756721057,0.2719344611720337,0.3997681133428681,0.00015748,0.655326012397466,0.00081957,0,0.0
14784,1.1875408559545177,0.2135214739286793,-1.54e-06,1.6190622613578476,3.2910815656407624,-62.69784968804321,1.0052136313683062,10.49652060414806,0.12067054082980143,-37.778180908089986,-1.1573229341274334,-69.45518670318114,0.6295741068180681,86.23233166251651,0.2719344611720337,-0.17176621389794347,0.00015748,0.17321360779973752,0.00081957,1,0.0
14785,0.16107522818625203,0.015503754181162947,-1.54e-06,1.6190622613578476,3.2910815656407624,-57.50677794082757,1.0052136313683062,5.717755132978182,0.12067054082980143,-96.7883160072898,-1.1573229341274334,98.55683764869883,0.6295741068180681,69.32907419650903,0.2719344611720337,-0.06563949440536372,0.00015748,0.06569877696994887,0.00081957,1,0.0
14786,0.3638413477124727,0.10386936427271375,-1.54e-06,1.6190622613578476,3.2910815656407624,90.27790909150742,1.0052136313683062,27.862750418681248,0.12067054082980143,-51.665756167615,-1.1573229341274334,-42.29486715098637,0.6295741068180681,-16.40151945885269,0.2719344611720337,0.33335433030877254,0.00015748,1.0060658891395675,0.00081957,0,0.0
14787,1.408101487680418,0.5082431406550565,-1.54e-06,1.6190622613578476,3.2910815656407624,7.65561773941148,1.0052136313683062,30.50902404962028,0.12067054082980143,-84.5120207244165,-1.1573229341274334,-60.01298204978456,0.6295741068180681,69.30929245615165,0.2719344611720337,0.3448686220133584,0.00015748,0.8998833935531481,0.00081957,0,0.0
14788,0.5616172019422201,0.18072258783905507,-1.54e-06,1.6190622613578476,3.2910815656407624,48.511055325542145,1.0052136313683062,18.261940070041128,0.12067054082980143,-29.243032161631675,-1.1573229341274334,-33.882056370098965,0.6295741068180681,0.019730876409818257,0.2719344611720337,0.408488308795118,0.00015748,0.6417073288936584,0.00081957,0,0.0
14789,0.8862241294330329,0.2731048934749439,-1.54e-06,1.6190622613578476,3.2910815656407624,98.90250189984694,1.0052136313683062,44.39536910450809,0.12067054082980143,-89.30373362687305,-1.1573229341274334,-87.58352509701308,0.6295741068180681,10.199458319231333,0.2719344611720337,0.3030456775518152,0.00015748,1.4291691500087729,0.00081957,0,0.0
14790,0.00013136483071529703,0.025116659747671022,-1.54e-06,1.6190622613578476,3.2910815656407624,36.86425012670634,1.0052136313683062,19.232250471215455,0.12067054082980143,-99.59014954410117,-1.1573229341274334,90.76820883077637,0.6295741068180681,12.700627916167857,0.2719344611720337,0.4183983118039344,0.00015748,0.6334663001707913,0.00081957,0,0.0
14791,0.0025824617950641615,0.28397819502916394,-1.54e-06,1.6190622613578476,3.2910815656407624,13.979552585607436,1.0052136313683062,0.31559626607493496,0.12067054082980143,-23.06595066339565,-1.1573229341274334,76.83082823962269,0.6295741068180681,-6.545748809088445,0.2719344611720337,0.10027645318568676,0.00015748,0.5747621167159751,0.00081957,0,0.0
14792,0.0002928123816995365,0.031767911341376416,-1.54e-06,1.6190622613578476,3.2910815656407624,50.608272711474775,1.0052136313683062,21.141870915556126,0.12067054082980143,-99.91951505956617,-1.1573229341274334,83.00712450484718,0.6295741068180681,6.4670984686262125,0.2719344611720337,0.4446835832986987,0.00015748,0.7436669327014477,0.00081957,0,0.0
14793,0.6233736372370818,0.0607932250808896,-1.54e-06,1.6190622613578476,3.2910815656407624,-57.08065059281072,1.0052136313683062,8.262116772149492,0.12067054082980143,-67.35373201991291,-1.1573229341274334,16.71255630522578,0.6295741068180681,74.61094910359047,0.2719344611720337,-0.12063679172004253,0.00015748,0.12028345393633764,0.00081957,1,0.0
14794,0.00010188597630131357,0.07069381891277843,-1.54e-06,1.6190622613578476,3.2910815656407624,17.380311564010782,1.0052136313683062,4.122131664508344,0.12067054082980143,-0.5265128794155782,-1.1573229341274334,-14.34100718072705,0.6295741068180681,-8.782238270694673,0.2719344611720337,0.012368039843138973,0.00015748,0.13211799583964426,0.00081957,0,0.0
14795,0.6402126140284257,0.33802093952239354,-1.54e-06,1.6190622613578476,3.2910815656407624,-88.48995611809723,1.0052136313683062,-7.618116571393848,0.12067054082980143,-42.50062648037887,-1.1573229341274334,79.10275494529017,0.6295741068180681,75.9439958355917,0.2719344611720337,-0.30400290789777595,0.00015748,0.29914134721119656,0.00081957,1,0.0
14796,0.16045176738135636,0.8090930417829945,-1.54e-06,1.6190622613578476,3.2910815656407624,94.46657623586249,1.0052136313683062,41.88507492634892,0.12067054082980143,-63.487540589279526,-1.1573229341274334,-2.8856713527546787,0.6295741068180681,-39.33220065510919,0.2719344611720337,0.18990953219963103,0.00015748,1.24045550547722,0.00081957,0,0.0
14797,0.6719731516551101,0.18844777280646774,-1.54e-06,1.6190622613578476,3.2910815656407624,78.87797254144955,1.0052136313683062,32.16483456839898,0.12067054082980143,-66.1622157754686,-1.1573229341274334,-57.644357681094036,0.6295741068180681,4.794593815259973,0.2719344611720337,0.3239362686436012,0.00015748,1.0976979872182666,0.00081957,0,0.0
14798,0.20032559511305625,0.054849472655329246,-1.54e-06,1.6190622613578476,3.2910815656407624,57.367986907970895,1.0052136313683062,24.096327196658542,0.12067054082980143,-84.1594268505467,-1.1573229341274334,31.768816911306747,0.6295741068180681,5.050752389337334,0.2719344611720337,0.36115583729853473,0.00015748,0.8163731486506668,0.00081957,0,0.0
14799,0.812512151670365,0.23184310827835777,-1.54e-06,1.6190622613578476,3.2910815656407624,69.8044884720996,1.0052136313683062,34.193755921863136,0.12067054082980143,-78.92654991600524,-1.1573229341274334,-56.462991685456615,0.6295741068180681,18.636124135985433,0.2719344611720337,0.3206225923825783,0.00015748,1.1364828659881239,0.00081957,0,0.0
14800,0.0003188744538383803,0.03406593895025272,-1.54e-06,1.0910395921891818,3.1787488915280018,50.32739881842148,1.0052136313683062,24.012029575973415,0.12067054082980143,-32.17670161875339,-1.1573229341274334,-2.699904723382423,0.6295741068180681,-23.018174128831895,0.2719344611720337,0.36568723351954346,0.00015748,1.6494161182269238,0.00081957,0,0.0
14801,0.05572577220592634,0.019773055939005236,-1.54e-06,1.0910395921891818,3.1787488915280018,46.060721897097906,1.0052136313683062,38.38456963570007,0.12067054082980143,-88.97733905041625,-1.1573229341274334,26.004851358410956,0.6295741068180681,-0.8846366880556251,0.2719344611720337,0.2829222250432575,0.00015748,2.178775823288093,0.00081957,0,0.0
14802,9.23620726822616e-05,0.07731077709547858,-1.54e-06,1.0910395921891818,3.1787488915280018,96.24062947436767,1.0052136313683062,56.31573856769246,0.12067054082980143,-99.37189523722076,-1.1573229341274334,6.766996073313086,0.6295741068180681,-30.702861327797784,0.2719344611720337,0.5715280595915886,0.00015748,3.592057575955841,0.00081957,0,0.0
14803,-0.00012675216741320217,0.06385690927567532,-1.54e-06,1.0910395921891818,3.1787488915280018,41.0169097558341,1.0052136313683062,24.954489067725554,0.12067054082980143,-59.35452928064979,-1.1573229341274334,48.79610130685945,0.6295741068180681,-12.198107832869354,0.2719344611720337,0.584601731248751,0.00015748,1.5602496069426226,0.00081957,0,0.0
14804,1.2625582855847641,0.4243022719257356,-1.54e-06,1.0910395921891818,3.1787488915280018,0.0603717327664791,1.0052136313683062,33.13852602036584,0.12067054082980143,-55.72801295702715,-1.1573229341274334,-54.048657556501624,0.6295741068180681,45.153862387035616,0.2719344611720337,0.29900974324965357,0.00015748,1.5242441635562431,0.00081957,0,0.0
14805,-2.423040367383056e-05,0.3050103422089129,-1.54e-06,1.0910395921891818,3.1787488915280018,66.60072014423496,1.0052136313683062,16.97000127126709,0.12067054082980143,-11.355677698098319,-1.1573229341274334,47.05477942347997,0.6295741068180681,-48.629895458143366,0.2719344611720337,1.0980629466190024,0.00015748,1.6628980488235796,0.00081957,0,0.0
14806,1.3763451308772705,0.494860928479361,-1.54e-06,1.0910395921891818,3.1787488915280018,-4.967556129735445,1.0052136313683062,31.222606915948973,0.12067054082980143,-48.455065685674164,-1.1573229341274334,-62.957835354929216,0.6295741068180681,48.60063050468571,0.2719344611720337,0.3046359601926901,0.00015748,1.4000950200789788,0.00081957,0,0.0
14807,0.8279326812678178,0.23182619675638697,-1.54e-06,1.0910395921891818,3.1787488915280018,19.978346858989944,1.0052136313683062,30.4510119004654,0.12067054082980143,-42.64968049828037,-1.1573229341274334,-46.40604868676536,0.6295741068180681,18.92715509489852,0.2719344611720337,0.2986983829971366,0.00015748,1.5927656137795725,0.00081957,0,0.0
14808,0.0009439848606517254,0.016589534231780143,-1.54e-06,1.0910395921891818,3.1787488915280018,16.772432943569346,1.0052136313683062,17.19216171687369,0.12067054082980143,-58.711816693795676,-1.1573229341274334,53.58726370006955,0.6295741068180681,4.542707514702484,0.2719344611720337,0.33898764649700247,0.00015748,0.9562772518098748,0.00081957,0,0.0
14809,0.0013298991587604725,0.02911979525269295,-1.54e-06,1.0910395921891818,3.1787488915280018,79.0218784947092,1.0052136313683062,38.19685680988405,0.12067054082980143,-38.476843987021496,-1.1573229341274334,-43.456979600195794,0.6295741068180681,-36.271437907983206,0.2719344611720337,0.276811034420245,0.00015748,2.5819685392904166,0.00081957,0,0.0
14810,0.44066954714030016,0.07864599524551517,-1.54e-06,1.0910395921891818,3.1787488915280018,-2.0125494127230428,1.0052136313683062,27.385952270111513,0.12067054082980143,-99.65917901388333,-1.1573229341274334,60.7654638945395,0.6295741068180681,39.05477527492198,0.2719344611720337,0.3143871036518143,0.00015748,1.2237695315727013,0.00081957,0,0.0
14811,0.0008735786085565245,0.10055912151477336,-1.54e-06,1.0910395921891818,3.1787488915280018,62.95278981206503,1.0052136313683062,32.53923671449383,0.12067054082980143,-58.38724308035146,-1.1573229341274334,31.56778421300491,0.6295741068180681,-26.197797990334177,0.2719344611720337,0.6872751169056286,0.00015748,2.1474207010478983,0.00081957,0,0.0
14812,0.799885028770478,0.20529018594210444,-1.54e-06,1.0910395921891818,3.1787488915280018,3.3387852266842035,1.0052136313683062,27.952959943968423,0.12067054082980143,-67.22674581161657,-1.1573229341274334,-4.027060074001986,0.6295741068180681,35.519113016830836,0.2719344611720337,0.30829673850046835,0.00015748,1.3526488946025506,0.00081957,0,0.0
14813,0.5526903161207724,0.060931658226093637,-1.54e-06,1.0910395921891818,3.1787488915280018,-27.706710813819743,1.0052136313683062,6.941742071445398,0.12067054082980143,-35.74654462904531,-1.1573229341274334,-2.6680634112822976,0.6295741068180681,42.274956087640454,0.2719344611720337,-0.11686198056936967,0.00015748,0.1170420710440235,0.00081957,1,0.0
14814,1.0625638626397609,0.22220100721310995,-1.54e-06,1.0910395921891818,3.1787488915280018,-30.615591541469264,1.0052136313683062,9.55516773674174,0.12067054082980143,-8.248753877333696,-1.1573229341274334,-78.29560272641527,0.6295741068180681,49.589681290026036,0.2719344611720337,-0.21145009466445072,0.00015748,0.21112463409641444,0.00081957,1,0.0
14815,0.0021216674093199883,0.06742982958730606,-1.54e-06,1.0910395921891818,3.1787488915280018,15.443055751319816,1.0052136313683062,4.851245703469035,0.12067054082980143,-23.084132410017915,-1.1573229341274334,58.9706810150324,0.6295741068180681,-8.697995613763112,0.2719344611720337,0.4214246684375489,0.00015748,0.6362336124293841,0.00081957,0,0.0
14816,0.09665383521390913,0.028359021300092487,-1.54e-06,1.0910395921891818,3.1787488915280018,22.8903463609091,1.0052136313683062,20.96108711227053,0.12067054082980143,-54.370706946905656,-1.1573229341274334,31.1367143590523,0.6295741068180681,2.243965068170558,0.2719344611720337,0.3178064586052,0.00015748,1.1726754915407032,0.00081957,0,0.0
14817,0.20574472636174712,0.05162788693469861,-1.54e-06,1.0910395921891818,3.1787488915280018,38.84017547295984,1.0052136313683062,27.348526140872213,0.12067054082980143,-43.51087576627485,-1.1573229341274334,-9.3594827877358,0.6295741068180681,-7.249330909712968,0.2719344611720337,0.2954736186514493,0.00015748,1.6196511063221286,0.00081957,0,0.0
14818,0.00014956479152616886,0.05604011805841518,-1.54e-06,1.0910395921891818,3.1787488915280018,81.34562495327,1.0052136313683062,50.75316559230283,0.12067054082980143,-96.36291748277918,-1.1573229341274334,15.624560289777165,0.6295741068180681,-22.543343361438694,0.2719344611720337,0.5039373719714377,0.00015748,3.1480008286209453,0.00081957,0,0.0
14819,0.6184475869683059,0.09404842064766963,-1.54e-06,1.0910395921891818,3.1787488915280018,-36.769741761115874,1.0052136313683062,9.850617159642423,0.12067054082980143,-57.74591400777718,-1.1573229341274334,13.269815488104987,0.6295741068180681,56.47067610018506,0.2719344611720337,-0.17227051081973263,0.00015748,0.17227717878061685,0.00081957,1,0.0
14820,1.149013602702718,0.9117072850656812,-1.54e-06,1.0910395921891818,3.1787488915280018,50.5027739665115,1.0052136313683062,65.62132776579934,0.12067054082980143,-69.8101900450639,-1.1573229341274334,-76.0808951445505,0.6295741068180681,7.479065568170643,0.2719344611720337,0.5125622236399214,0.00015748,2.8059515237936434,0.00081957,0,0.0
14821,1.9253317165384638,3.3935725833870336,-1.54e-06,1.0910395921891818,3.1787488915280018,-14.454910160187259,1.0052136313683062,26.481141812305655,0.12067054082980143,-35.284779801368074,-1.1573229341274334,81.68249665398314,0.6295741068180681,32.6825417522921,0.2719344611720337,0.27700427633967184,0.00015748,2.4855475440529458,0.00081957,0,0.0
14822,1.0857491572539346,0.33384043479698533,-1.54e-06,1.0910395921891818,3.1787488915280018,4.663853461245093,1.0052136313683062,31.775769456173506,0.12067054082980143,-57.253352446286215,-1.1573229341274334,-41.59525418749253,0.6295741068180681,38.82430384820695,0.2719344611720337,0.2986885374839511,0.00015748,1.528128223736004,0.00081957,0,0.0
14823,0.49904565178306504,0.12239111123740806,-1.54e-06,1.0910395921891818,3.1787488915280018,62.92720989832481,1.0052136313683062,50.7004608821611,0.12067054082980143,-75.95151725052217,-1.1573229341274334,-48.53998750151495,0.6295741068180681,-3.363890398013397,0.2719344611720337,0.27375999037442855,0.00015748,2.9043890151948393,0.00081957,0,0.0
14824,0.0003568316734223753,0.44507863764915123,-1.54e-06,1.0910395921891818,3.1787488915280018,81.15070352985626,1.0052136313683062,20.18839532661252,0.12067054082980143,-11.721441580268586,-1.1573229341274334,54.26675994648986,0.6295741068180681,-59.60775123424693,0.2719344611720337,1.315852822600036,0.00015748,2.019152748614667,0.00081957,0,0.0
14825,0.8293257993994902,0.1350537279804178,-1.54e-06,1.0910395921891818,3.1787488915280018,-35.84596101299986,1.0052136313683062,9.153921341870518,0.12067054082980143,-38.18237298980465,-1.1573229341274334,-22.86869877019499,0.6295741068180681,55.58718538457501,0.2719344611720337,-0.16811134063745262,0.00015748,0.16813075036210798,0.00081957,1,0.0
14826,0.5406074131214176,0.0782502028094864,-1.54e-06,1.0910395921891818,3.1787488915280018,-50.46044748842652,1.0052136313683062,9.33988098825558,0.12067054082980143,-95.76314574776698,-1.1573229341274334,72.79179237739272,0.6295741068180681,73.98642766979461,0.2719344611720337,-0.11822465260591031,0.00015748,0.1180371729712758,0.00081957,1,0.0
14827,1.0815772438804774,0.24914342007875281,-1.54e-06,1.0910395921891818,3.1787488915280018,-49.03380743302064,1.0052136313683062,4.164116643274373,0.12067054082980143,-40.78314643965681,-1.1573229341274334,-9.987228017636564,0.6295741068180681,69.75444210956805,0.2719344611720337,-0.01571400437333792,0.00015748,0.015109726244793094,0.00081957,1,0.0
14828,0.5068490540063597,0.2554278155031132,-1.54e-06,1.0910395921891818,3.1787488915280018,15.82900142791731,1.0052136313683062,11.21611051026643,0.12067054082980143,-23.11143810190074,-1.1573229341274334,10.502515141918957,0.6295741068180681,5.472960498725988,0.2719344611720337,0.5239470266211591,0.00015748,1.0080433466294592,0.00081957,0,0.0
14829,0.2060698080114467,0.05431452092090928,-1.54e-06,1.0910395921891818,3.1787488915280018,56.887062860554074,1.0052136313683062,37.26425998034036,0.12067054082980143,-53.37497138919135,-1.1573229341274334,-26.614684072300786,0.6295741068180681,-14.312796313307258,0.2719344611720337,0.28236127545657597,0.00015748,2.248825614258676,0.00081957,0,0.0
14830,2.0695278137040933,1.1446572220142204,-1.54e-06,1.0910395921891818,3.1787488915280018,-57.79659692056501,1.0052136313683062,13.164785538438249,0.12067054082980143,-16.77199158410074,-1.1573229341274334,-85.30888084170131,0.6295741068180681,87.11235266577735,0.2719344611720337,0.06055093891384189,0.00015748,0.3924175307335278,0.00081957,0,0.0
14831,0.3593294632469246,0.04385042828409296,-1.54e-06,1.0910395921891818,3.1787488915280018,-34.54698550464395,1.0052136313683062,7.751060440731699,0.12067054082980143,-68.9861260290352,-1.1573229341274334,49.34429688648032,0.6295741068180681,51.679675211509306,0.2719344611720337,-0.11698644115672882,0.00015748,0.11704919412208734,0.00081957,1,0.0
14832,0.3355720116657658,0.05746413529086539,-1.54e-06,1.0910395921891818,3.1787488915280018,13.87072525528108,1.0052136313683062,31.120033512027565,0.12067054082980143,-95.05273191724106,-1.1573229341274334,45.515933634195854,0.6295741068180681,26.27326613536687,0.2719344611720337,0.29859901682208767,0.00015748,1.5485212426501511,0.00081957,0,0.0
14833,0.49021907812947046,0.05169306451873058,-1.54e-06,1.0910395921891818,3.1787488915280018,-36.5875477127534,1.0052136313683062,5.660311960615807,0.12067054082980143,-59.640794452382096,-1.1573229341274334,39.093649396587146,0.6295741068180681,52.98900864552938,0.2719344611720337,-0.058313478672284584,0.00015748,0.057957743452542225,0.00081957,1,0.0
14834,0.0014699625283614015,0.07954241733495969,-1.54e-06,1.0910395921891818,3.1787488915280018,63.933315607998004,1.0052136313683062,43.10271214645577,0.12067054082980143,-99.88175318448027,-1.1573229341274334,54.68181370736187,0.6295741068180681,-13.415341146189471,0.2719344611720337,0.6535548717460739,0.00015748,2.617601133095041,0.00081957,0,0.0
14835,1.7349157745752388,0.9341592131141431,-1.54e-06,1.0910395921891818,3.1787488915280018,-3.4674045248799836,1.0052136313683062,37.184272409228136,0.12067054082980143,-82.72929456698363,-1.1573229341274334,-68.15176126205853,0.6295741068180681,71.76890124912346,0.2719344611720337,0.28539528581870843,0.00015748,2.256547437682578,0.00081957,0,0.0
14836,0.0009010431685054776,0.023688832052669116,-1.54e-06,1.0910395921891818,3.1787488915280018,59.22900821877708,1.0052136313683062,31.187244309800903,0.12067054082980143,-42.02806361727321,-1.1573229341274334,-15.967740249622477,0.6295741068180681,-24.156669958301343,0.2719344611720337,0.28620752484873146,0.00015748,2.034826366838198,0.00081957,0,0.0
14837,0.49069156063339747,0.1169709250346076,-1.54e-06,1.0910395921891818,3.1787488915280018,70.58628928008793,1.0052136313683062,58.251722779015225,0.12067054082980143,-95.72735402885976,-1.1573229341274334,-43.98805126962514,0.6295741068180681,-1.7136411202120927,0.2719344611720337,0.27092828823353954,0.00015748,3.3268563974226826,0.00081957,0,0.0
14838,0.0001124102790158732,0.02454732227633405,-1.54e-06,1.0910395921891818,3.1787488915280018,2.1793400507619842,1.0052136313683062,12.189197827055406,0.12067054082980143,-67.11955227327121,-1.1573229341274334,88.52433697709623,0.6295741068180681,14.047682880372555,0.2719344611720337,0.4374159697415932,0.00015748,0.5839060097294914,0.00081957,0,0.0
14839,1.2524967502592321,0.48979401419452046,-1.54e-06,1.0910395921891818,3.1787488915280018,-40.6278881248649,1.0052136313683062,18.18634490310643,0.12067054082980143,-33.796322151961235,-1.1573229341274334,-87.14096541804362,0.6295741068180681,69.62054059949868,0.2719344611720337,-0.4293589176422576,0.00015748,0.43427480855430384,0.00081957,1,0.0
14840,0.001099108498179513,0.02214786075070075,-1.54e-06,1.0910395921891818,3.1787488915280018,88.52359239471119,1.0052136313683062,54.60624534509402,0.12067054082980143,-91.03656276164239,-1.1573229341274334,-20.625119057185717,0.6295741068180681,-25.282215274361107,0.2719344611720337,0.27053907262678156,0.00015748,3.4006843083135188,0.00081957,0,0.0
14841,0.9167143648575473,0.25611333850289086,-1.54e-06,1.0910395921891818,3.1787488915280018,34.380541834125964,1.0052136313683062,47.23982060905876,0.12067054082980143,-80.5751499297035,-1.1573229341274334,-49.381009969834004,0.6295741068180681,24.900147008003017,0.2719344611720337,0.2783814095133963,0.00015748,2.4838547263359896,0.00081957,0,0.0
14842,0.0005303700069401174,0.012752776260603515,-1.54e-06,1.0910395921891818,3.1787488915280018,35.902974632522266,1.0052136313683062,31.802814416621814,0.12067054082980143,-84.0386221524107,-1.1573229341274334,41.742602463095984,0.6295741068180681,1.944246814405014,0.2719344611720337,0.29100880830362374,0.00015748,1.7865334557611305,0.00081957,0,0.0
14843,1.597282231838209,0.6173321513854846,-1.54e-06,1.0910395921891818,3.1787488915280018,-18.509466074772547,1.0052136313683062,35.298495891921114,0.12067054082980143,-70.34315077896117,-1.1573229341274334,-51.338356733048734,0.6295741068180681,68.10622765249285,0.2719344611720337,0.3017694750955603,0.00015748,1.4258825814044056,0.00081957,0,0.0
14844,0.3426722668513271,0.20970355900055698,-1.54e-06,1.0910395921891818,3.1787488915280018,-0.03377907037334277,1.0052136313683062,4.452428771919055,0.12067054082980143,-26.070378997907,-1.1573229341274334,38.37541631199732,0.6295741068180681,11.821162417574998,0.2719344611720337,0.3391935179083417,0.00015748,0.5574727911193055,0.00081957,0,0.0
14845,1.3439927699573415,1.0360823941940882,-1.54e-06,1.0910395921891818,3.1787488915280018,-4.8163766255426665,1.0052136313683062,29.533273243812943,0.12067054082980143,-21.62604338481888,-1.1573229341274334,-30.8677905075469,0.6295741068180681,27.358145391182177,0.2719344611720337,0.31334988842361905,0.00015748,1.2608862918000387,0.00081957,0,0.0
14846,0.19147410090600836,0.06971921865405838,-1.54e-06,1.0910395921891818,3.1787488915280018,99.97833340757342,1.0052136313683062,57.85161793743397,0.12067054082980143,-63.26412047220042,-1.1573229341274334,-74.42557108382101,0.6295741068180681,-36.280174883874665,0.2719344611720337,0.268772817269582,0.00015748,3.5802818568574897,0.00081957,0,0.0
14847,0.0005429898139079903,0.15822491293847957,-1.54e-06,1.0910395921891818,3.1787488915280018,73.41868620617055,1.0052136313683062,38.831051613497394,0.12067054082980143,-77.71189272917866,-1.1573229341274334,51.98615134434606,0.6295741068180681,-28.287304024786884,0.2719344611720337,0.877387281011595,0.00015748,2.5827861891954296,0.00081957,0,0.0
14848,0.8942282626170718,0.24694315250850316,-1.54e-06,1.0910395921891818,3.1787488915280018,22.442373636777358,1.0052136313683062,38.6909003689897,0.12067054082980143,-66.01218105746226,-1.1573229341274334,-41.35024226563464,0.6295741068180681,26.33996184948194,0.2719344611720337,0.2874343277576312,0.00015748,1.9615994754845574,0.00081957,0,0.0
14849,0.8831143976141299,1.328392786794443,-1.54e-06,1.0910395921891818,3.1787488915280018,50.07242720199534,1.0052136313683062,23.19606780757245,0.12067054082980143,-63.05911626162093,-1.1573229341274334,39.21536301308595,0.6295741068180681,4.619786756563032,0.2719344611720337,1.006978542444544,0.00015748,2.822320574313379,0.00081957,0,0.0
14850,0.45410858237009344,0.10326945433217932,-1.54e-06,1.0910395921891818,3.1787488915280018,66.72623156930344,1.0052136313683062,56.09693730533097,0.12067054082980143,-99.51955094365597,-1.1573229341274334,-32.162238684518954,0.6295741068180681,1.0901665486570573,0.2719344611720337,0.2711320538187605,0.00015748,3.235795127894068,0.00081957,0,0.0
14851,1.0871301249500704,0.6513737853431059,-1.54e-06,1.0910395921891818,3.1787488915280018,-8.009836765744213,1.0052136313683062,36.926491897027944,0.12067054082980143,-98.41951974528685,-1.1573229341274334,54.93005126281277,0.6295741068180681,48.69086493467981,0.2719344611720337,0.6714979569528299,0.00015748,1.4595395637754094,0.00081957,0,0.0
14852,0.00031429174774466606,0.019712234093351017,-1.54e-06,1.0910395921891818,3.1787488915280018,31.80786309496497,1.0052136313683062,19.81301674611927,0.12067054082980143,-41.432959837801015,-1.1573229341274334,20.362249534740982,0.6295741068180681,-9.217413254473476,0.2719344611720337,0.31504709776343465,0.00015748,1.2171675522254923,0.00081957,0,0.0
14853,0.0005466156164548597,0.10174374393858128,-1.54e-06,1.0910395921891818,3.1787488915280018,83.48733610292244,1.0052136313683062,31.902683819709377,0.12067054082980143,-20.051990855890313,-1.1573229341274334,-27.852382120816117,0.6295741068180681,-48.331145244552715,0.2719344611720337,0.5890122877547971,0.00015748,2.4062793175516854,0.00081957,0,0.0
14854,0.00014451297964224175,0.1257742945687598,-1.54e-06,1.0910395921891818,3.1787488915280018,65.98883610054116,1.0052136313683062,38.22739476959447,0.12067054082980143,-82.0717578099448,-1.1573229341274334,55.391954139863834,0.6295741068180681,-21.99277134684791,0.2719344611720337,0.8012435171401447,0.00015748,2.4318127050390195,0.00081957,0,0.0
14855,0.7598164116430413,0.8362827646185448,-1.54e-06,1.0910395921891818,3.1787488915280018,-45.211584338191415,1.0052136313683062,-11.33566307701285,0.12067054082980143,-27.22338920419525,-1.1573229341274334,50.81620318050072,0.6295741068180681,52.40422806812366,0.2719344611720337,-0.4690781927623089,0.00015748,0.4567369328066515,0.00081957,1,0.0
14856,0.6676132640746313,0.12641066091136396,-1.54e-06,1.0910395921891818,3.1787488915280018,-58.595691552902565,1.0052136313683062,6.893312333421822,0.12067054082980143,-99.8020342300997,-1.1573229341274334,86.33473580888331,0.6295741068180681,82.1787728301637,0.2719344611720337,-0.09461768574514183,0.00015748,0.09451130243810833,0.00081957,1,0.0
14857,0.0003016702000204763,0.40773907384906916,-1.54e-06,1.0910395921891818,3.1787488915280018,53.4985221004144,1.0052136313683062,30.56256853855581,0.12067054082980143,-61.526179857441214,-1.1573229341274334,99.9889351260836,0.6295741068180681,-30.639763789895472,0.2719344611720337,1.2158811094546955,0.00015748,1.622621181402002,0.00081957,0,0.0
14858,2.114790114340943,0.9944486596228572,-1.54e-06,1.0910395921891818,3.1787488915280018,-27.93272588994268,1.0052136313683062,42.43472315318546,0.12067054082980143,-80.16330943798874,-1.1573229341274334,-83.59668739735218,0.6295741068180681,90.04157141158521,0.2719344611720337,0.29182210858468216,0.00015748,1.7079982677613113,0.00081957,0,0.0
14859,1.452629521236283,0.532415456606099,-1.54e-06,1.0910395921891818,3.1787488915280018,-4.553829380317831,1.0052136313683062,35.57644200213399,0.12067054082980143,-58.11020103447612,-1.1573229341274334,-65.11032825489913,0.6295741068180681,53.084253145006954,0.2719344611720337,0.29713627978215473,0.00015748,1.5748205740462091,0.00081957,0,0.0
14860,0.7471110037464271,0.37297529082513103,-1.54e-06,1.0910395921891818,3.1787488915280018,-38.89861126598384,1.0052136313683062,-4.678016269443275,0.12067054082980143,-25.452525957329428,-1.1573229341274334,23.08315889109083,0.6295741068180681,48.593578181796374,0.2719344611720337,-0.26141531074435237,0.00015748,0.2591465377538284,0.00081957,1,0.0
14861,1.7643638277864926,1.0171074144988639,-1.54e-06,1.0910395921891818,3.1787488915280018,-67.03179728243543,1.0052136313683062,-2.8554301059839924,0.12067054082980143,-16.502837156802105,-1.1573229341274334,-48.36822335574209,0.6295741068180681,89.60299759878954,0.2719344611720337,-0.26077826068701754,0.00015748,0.23583414993688678,0.00081957,1,0.0
14862,1.280840404536053,0.6798618651463216,-1.54e-06,1.0910395921891818,3.1787488915280018,-46.01821870307646,1.0052136313683062,20.427011855452314,0.12067054082980143,-51.40908861957306,-1.1573229341274334,-82.76410274155732,0.6295741068180681,81.1280311830358,0.2719344611720337,-0.5390173503384127,0.00015748,0.541704150968681,0.00081957,1,0.0
14863,0.0022595401128355785,0.20253446921336757,-1.54e-06,1.0910395921891818,3.1787488915280018,80.73510770253046,1.0052136313683062,30.49986090597672,0.12067054082980143,-36.86937110852879,-1.1573229341274334,21.452652014072818,0.6295741068180681,-45.158914441838704,0.2719344611720337,0.9040129523618601,0.00015748,2.3956859550246126,0.00081957,0,0.0
14864,0.7240348468086342,0.1102257713076708,-1.54e-06,1.0910395921891818,3.1787488915280018,-41.91159264084018,1.0052136313683062,10.084786006856035,0.12067054082980143,-62.08555589602033,-1.1573229341274334,14.36771702149365,0.6295741068180681,63.40897430270807,0.2719344611720337,-0.16171383321168123,0.00015748,0.16282345117847322,0.00081957,1,0.0
14865,1.7399075474602494,0.7815978526667309,-1.54e-06,1.0910395921891818,3.1787488915280018,-68.33140981242377,1.0052136313683062,1.8876464631048582,0.12067054082980143,-29.299370697541843,-1.1573229341274334,-41.50929344545925,0.6295741068180681,93.04171855639147,0.2719344611720337,-0.16582756369740503,0.00015748,0.1590777190532821,0.00081957,1,0.0
14866,1.8036102825929317,0.7508218819810568,-1.54e-06,1.0910395921891818,3.1787488915280018,-10.805519081646018,1.0052136313683062,50.44151597806563,0.12067054082980143,-95.90959010466906,-1.1573229341274334,-65.63369448287678,0.6295741068180681,75.78565559801217,0.2719344611720337,0.2866272365965056,0.00015748,2.0704344454510504,0.00081957,0,0.0
14867,1.3003989214528346,0.29980296630994663,-1.54e-06,1.0910395921891818,3.1787488915280018,-41.06527068252331,1.0052136313683062,10.49421419820386,0.12067054082980143,-15.683721756074778,-1.1573229341274334,-80.093962274551,0.6295741068180681,63.76336217386866,0.2719344611720337,-0.19472908477561868,0.00015748,0.19421030339403167,0.00081957,1,0.0
14868,0.48073388584040594,0.11465893708554542,-1.54e-06,1.0910395921891818,3.1787488915280018,15.069855863781,1.0052136313683062,21.042732044213142,0.12067054082980143,-38.5140479453247,-1.1573229341274334,-6.760650224971451,0.6295741068180681,11.31347902657099,0.2719344611720337,0.32398611848368314,0.00015748,1.102451937983514,0.00081957,0,0.0
14869,0.29329387492187947,0.01917578148596299,-1.54e-06,1.0910395921891818,3.1787488915280018,-20.172313802124968,1.0052136313683062,4.549999097046925,0.12067054082980143,-33.524502336076615,-1.1573229341274334,16.230642929537332,0.6295741068180681,30.09188646847813,0.2719344611720337,-0.06827090215491619,0.00015748,0.06849632332860406,0.00081957,1,0.0
14870,0.0008081699478393878,0.014246115914523289,-1.54e-06,1.0910395921891818,3.1787488915280018,14.119613010472866,1.0052136313683062,18.865031394472997,0.12067054082980143,-69.71253836301139,-1.1573229341274334,63.90519692441934,0.6295741068180681,9.438569727922678,0.2719344611720337,0.33423215627559777,0.00015748,0.9939361295068309,0.00081957,0,0.0
14871,1.161291575202504,0.3799881629950607,-1.54e-06,1.0910395921891818,3.1787488915280018,52.7867722757547,1.0052136313683062,63.62125941192572,0.12067054082980143,-96.86020496969061,-1.1573229341274334,-86.50220250736396,0.6295741068180681,25.530247571854865,0.2719344611720337,0.27006288851622395,0.00015748,3.3875835534941685,0.00081957,0,0.0
14872,0.0009211725938671478,0.023703105991978064,-1.54e-06,1.0910395921891818,3.1787488915280018,54.88633900913059,1.0052136313683062,28.06631826342491,0.12067054082980143,-37.0129249517044,-1.1573229341274334,-13.390107401707484,0.6295741068180681,-23.24274932726499,0.2719344611720337,0.2899247631350458,0.00015748,1.8578927561949259,0.00081957,0,0.0
14873,0.48753250433769335,0.10434831799409783,-1.54e-06,1.0910395921891818,3.1787488915280018,5.741701141248048,1.0052136313683062,23.845201618765174,0.12067054082980143,-66.12698195131627,-1.1573229341274334,23.310120802362995,0.6295741068180681,25.29411980816584,0.2719344611720337,0.32049342666685665,0.00015748,1.1291089662965705,0.00081957,0,0.0
14874,0.0007688664743647489,0.2201211569708323,-1.54e-06,1.0910395921891818,3.1787488915280018,42.25075278663517,1.0052136313683062,11.147569184239858,0.12067054082980143,-21.347872403395357,-1.1573229341274334,69.96165603963527,0.6295741068180681,-30.185893605807582,0.2719344611720337,0.8982094229228395,0.00015748,1.1761707690931313,0.00081957,0,0.0
14875,0.5448767559188468,0.12307227254798353,-1.54e-06,1.0910395921891818,3.1787488915280018,1.6672317953390645,1.0052136313683062,21.848826446819793,0.12067054082980143,-64.13148693783343,-1.1573229341274334,22.714454111587273,0.6295741068180681,28.77784726549252,0.2719344611720337,0.32789998202902565,0.00015748,1.046934385181158,0.00081957,0,0.0
14876,2.0149898238619457e-05,0.031166595690560628,-1.54e-06,1.0910395921891818,3.1787488915280018,90.05625580572782,1.0052136313683062,43.913862880557204,0.12067054082980143,-44.63575794914545,-1.1573229341274334,-52.73707471390189,0.6295741068180681,-40.556900891568674,0.2719344611720337,0.2752579234815793,0.00015748,2.9688043255889793,0.00081957,0,0.0
14877,0.8416154068095398,0.24251178119107647,-1.54e-06,1.0910395921891818,3.1787488915280018,67.04575996737103,1.0052136313683062,63.50841536422468,0.12067054082980143,-94.18121629922395,-1.1573229341274334,-75.49727201322484,0.6295741068180681,8.332444641974714,0.2719344611720337,0.2708099454537214,0.00015748,3.4942984235059606,0.00081957,0,0.0
14878,0.15574683029725195,0.006868426640922012,-1.54e-06,1.0910395921891818,3.1787488915280018,-5.1003415743474365,1.0052136313683062,1.934501307228677,0.12067054082980143,-3.8805926195021776,-1.1573229341274334,-10.5656033698181,0.6295741068180681,8.653740749919328,0.2719344611720337,-0.0479783840648831,0.00015748,0.04831239054790405,0.00081957,1,0.0
14879,6.773836053963755e-05,0.055208953143217554,-1.54e-06,1.0910395921891818,3.1787488915280018,8.104710532967072,1.0052136313683062,7.082043956499841,0.12067054082980143,-43.50860986098895,-1.1573229341274334,80.27884519905597,0.6295741068180681,1.8165748255227288,0.2719344611720337,0.4445305460505691,0.00015748,0.5964213141233752,0.00081957,0,0.0
14880,0.13511743994842562,0.04562405545183243,-1.54e-06,1.0910395921891818,3.1787488915280018,40.55674144170627,1.0052136313683062,21.257829219932706,0.12067054082980143,-21.63832164565409,-1.1573229341274334,-17.878629130144752,0.6295741068180681,-16.85105505600007,0.2719344611720337,0.30716556803619977,0.00015748,1.3829492986303573,0.00081957,0,0.0
14881,1.1270762203839155,0.24268622791783676,-1.54e-06,1.0910395921891818,3.1787488915280018,-36.47089583811974,1.0052136313683062,10.966261194195319,0.12067054082980143,-19.065729158084903,-1.1573229341274334,-69.0455759266816,0.6295741068180681,57.67819826776971,0.2719344611720337,-0.2174157898860865,0.00015748,0.2172741427612443,0.00081957,1,0.0
14882,1.2639470634499088,0.2784864737878021,-1.54e-06,1.0910395921891818,3.1787488915280018,-41.53133582029535,1.0052136313683062,9.66755178620435,0.12067054082980143,-18.358192708360228,-1.1573229341274334,-71.82030435881533,0.6295741068180681,63.89807971517891,0.2719344611720337,-0.17087772000728027,0.00015748,0.1710894626103062,0.00081957,1,0.0
14883,0.00013537628909332522,0.011533885318668334,-1.54e-06,1.0910395921891818,3.1787488915280018,2.673245642888926,1.0052136313683062,19.920751638856757,0.12067054082980143,-93.18763301395397,-1.1573229341274334,96.32454604057061,0.6295741068180681,22.675511484277006,0.2719344611720337,0.3461651994906381,0.00015748,0.900760337972468,0.00081957,0,0.0
14884,0.08548652957429642,0.036136615289713875,-1.54e-06,1.0910395921891818,3.1787488915280018,8.22713672082192,1.0052136313683062,12.191275440197769,0.12067054082980143,-49.39996088295731,-1.1573229341274334,56.296772745335595,0.6295741068180681,7.963906601716983,0.2719344611720337,0.401925086480345,0.00015748,0.6611254023947324,0.00081957,0,0.0
14885,0.20400450881780663,0.03500538727553833,-1.54e-06,1.0910395921891818,3.1787488915280018,16.09153653310173,1.0052136313683062,28.7499815327335,0.12067054082980143,-90.8040842914026,-1.1573229341274334,52.89844914077745,0.6295741068180681,20.270176719177602,0.2719344611720337,0.3029372676683594,0.00015748,1.453267135152306,0.00081957,0,0.0
14886,1.6799780107722695,0.6921686873965469,-1.54e-06,1.0910395921891818,3.1787488915280018,-17.081389742068097,1.0052136313683062,31.055982052285092,0.12067054082980143,-49.67394075636504,-1.1573229341274334,-75.20544587361341,0.6295741068180681,63.896899518960126,0.2719344611720337,0.3077751343481072,0.00015748,1.3324871805164233,0.00081957,0,0.0
14887,1.2030969473619662,1.688652447987531,-1.54e-06,1.0910395921891818,3.1787488915280018,70.02316059872703,1.0052136313683062,25.50292225364296,0.12067054082980143,-17.904497127705095,-1.1573229341274334,-68.68454143171064,0.6295741068180681,-8.114213783603615,0.2719344611720337,0.7450052937858409,0.00015748,3.3754168996092453,0.00081957,0,0.0
14888,0.579357096207724,0.06161347755113383,-1.54e-06,1.0910395921891818,3.1787488915280018,-17.490279541451578,1.0052136313683062,4.9055472950264205,0.12067054082980143,-5.616382724943992,-1.1573229341274334,-38.99523154654169,0.6295741068180681,27.63561572736619,0.2719344611720337,-0.09841271300548726,0.00015748,0.09844876951123777,0.00081957,1,0.0
14889,1.204010648786381,0.4157252575741541,-1.54e-06,1.0910395921891818,3.1787488915280018,2.599499774057435,1.0052136313683062,26.34391189417241,0.12067054082980143,-28.44463054867703,-1.1573229341274334,-69.0732996243891,0.6295741068180681,33.81670994747625,0.2719344611720337,0.31214009882629484,0.00015748,1.260996811439699,0.00081957,0,0.0
14890,0.524757805004312,0.11518922225555914,-1.54e-06,1.0910395921891818,3.1787488915280018,28.701545006953193,1.0052136313683062,35.61627002346229,0.12067054082980143,-71.06643532339626,-1.1573229341274334,-9.687239175900771,0.6295741068180681,15.117194819587239,0.2719344611720337,0.2882122040616769,0.00015748,1.8837230303263497,0.00081957,0,0.0
14891,0.37906522344439986,0.04336153952377991,-1.54e-06,1.0910395921891818,3.1787488915280018,-37.919363086648076,1.0052136313683062,7.305727495913362,0.12067054082980143,-74.70952882802489,-1.1573229341274334,58.46076867860447,0.6295741068180681,55.81947126197299,0.2719344611720337,-0.09585716492643899,0.00015748,0.09621521246910504,0.00081957,1,0.0
14892,0.26582935395110097,0.04853298160434859,-1.54e-06,1.0910395921891818,3.1787488915280018,14.597331606799782,1.0052136313683062,26.692293183467747,0.12067054082980143,-78.9766814102721,-1.1573229341274334,41.04112538218482,0.6295741068180681,18.807353853567797,0.2719344611720337,0.30850236974774303,0.00015748,1.3335629541750222,0.00081957,0,0.0
14893,0.9228556605666184,0.1622912397001008,-1.54e-06,1.0910395921891818,3.1787488915280018,-54.453965399174066,1.0052136313683062,11.254751295239405,0.12067054082980143,-78.33988988026798,-1.1573229341274334,24.46888365224981,0.6295741068180681,80.79837988663974,0.2719344611720337,-0.15915885083747613,0.00015748,0.15838877135586468,0.00081957,1,0.0
14894,0.5963345432375304,0.08201510817853559,-1.54e-06,1.0910395921891818,3.1787488915280018,-46.66998111072477,1.0052136313683062,9.00994369383742,0.12067054082980143,-81.89147868330859,-1.1573229341274334,51.30909548185513,0.6295741068180681,69.0431244474329,0.2719344611720337,-0.11988584295850119,0.00015748,0.12000453986147952,0.00081957,1,0.0
14895,0.7334652259882799,0.09304812996453318,-1.54e-06,1.0910395921891818,3.1787488915280018,-30.220952960918556,1.0052136313683062,6.176616097022557,0.12067054082980143,-26.15959360283787,-1.1573229341274334,-21.35878483629272,0.6295741068180681,45.344015557870755,0.2719344611720337,-0.09126338022289343,0.00015748,0.09095159605867836,0.00081957,1,0.0
14896,0.0028133812337609587,0.2521499377582639,-1.54e-06,1.0910395921891818,3.1787488915280018,99.91465850251895,1.0052136313683062,49.1592301806189,0.12067054082980143,-13.93476775180616,-1.1573229341274334,-81.34368431875566,0.6295741068180681,-61.8649174848143,0.2719344611720337,0.41843771142279684,0.00015748,2.7305325237787903,0.00081957,0,0.0
14897,-0.0002099011360996439,0.6027350579685865,-1.54e-06,1.0910395921891818,3.1787488915280018,71.57593014614689,1.0052136313683062,16.530152151795384,0.12067054082980143,-54.34013648651895,-1.1573229341274334,95.1378865613309,0.6295741068180681,-34.702945231696496,0.2719344611720337,1.0253472262722705,0.00015748,2.5750491535300837,0.00081957,0,0.0
14898,1.1003890139023365,1.092533989197182,-1.54e-06,1.0910395921891818,3.1787488915280018,-53.297578265209374,1.0052136313683062,-10.749227160280775,0.12067054082980143,-19.788123514414934,-1.1573229341274334,29.242503793418386,0.6295741068180681,62.40016458399766,0.2719344611720337,-0.5052966273681445,0.00015748,0.5062782747427901,0.00081957,1,0.0
14899,0.9397847592183464,0.672937539912801,-1.54e-06,1.0910395921891818,3.1787488915280018,-44.89462294646647,1.0052136313683062,-7.776802294142562,0.12067054082980143,-18.633798393188158,-1.1573229341274334,19.092019628103138,0.6295741068180681,54.16040371028452,0.2719344611720337,-0.37393559108907737,0.00015748,0.37329973245676984,0.00081957,1,0.0
14900,0.6727792372165102,0.0740279394914716,-1.54e-06,1.6355113511214805,3.4732176129917303,-55.29785429013101,1.0052136313683062,1.2926408445926116,0.12067054082980143,-19.973348033663704,-1.1573229341274334,-19.374066058930776,0.6295741068180681,58.62779896813709,0.2719344611720337,-0.03189055650791643,0.00015748,0.03185580363669015,0.00081957,1,0.0
14901,0.22136864871150086,0.13702073539030307,-1.54e-06,1.6355113511214805,3.4732176129917303,15.081911185410501,1.0052136313683062,11.967810324307399,0.12067054082980143,-8.468406444787854,-1.1573229341274334,-82.98620933366422,0.6295741068180681,8.812062391537044,0.2719344611720337,-0.2485140859968924,0.00015748,0.2584621501142731,0.00081957,1,0.0
14902,0.0006613462998927844,0.07661738964677474,-1.54e-06,1.6355113511214805,3.4732176129917303,19.370568010485936,1.0052136313683062,5.286707129637318,0.12067054082980143,-7.806175619952157,-1.1573229341274334,-11.8541130710006,0.6295741068180681,-6.342910882450071,0.2719344611720337,0.005600131469750247,0.00015748,0.14997236053537535,0.00081957,0,0.0
14903,0.004071102842450713,0.10145333232934146,-1.54e-06,1.6355113511214805,3.4732176129917303,1.5423359543879356,1.0052136313683062,10.740172566987123,0.12067054082980143,-44.932241947829084,-1.1573229341274334,-2.893467989847268,0.6295741068180681,18.82097424018433,0.2719344611720337,-0.19630640629451246,0.00015748,0.2111806452566457,0.00081957,1,0.0
14904,0.16892482501257677,0.11830343008963004,-1.54e-06,1.6355113511214805,3.4732176129917303,-1.157701417918729,1.0052136313683062,12.78170875105421,0.12067054082980143,-37.362004245127935,-1.1573229341274334,-36.044312891809994,0.6295741068180681,23.757255064592982,0.2719344611720337,-0.23684180488621653,0.00015748,0.23705344073829077,0.00081957,1,0.0
14905,0.0666347597558663,0.052750710979841076,-1.54e-06,1.6355113511214805,3.4732176129917303,74.82457242168816,1.0052136313683062,19.170171786746785,0.12067054082980143,-56.312793835757894,-1.1573229341274334,36.98638268357302,0.6295741068180681,-19.658261031504324,0.2719344611720337,0.41447222806727735,0.00015748,0.6292935939658942,0.00081957,0,0.0
14906,0.9603864501731147,0.3147725102808106,-1.54e-06,1.6355113511214805,3.4732176129917303,55.42713183494299,1.0052136313683062,27.565539642236413,0.12067054082980143,-35.4832874769746,-1.1573229341274334,-94.34958818926445,0.6295741068180681,16.409592279988157,0.2719344611720337,0.3710052525291888,0.00015748,0.7654158900160516,0.00081957,0,0.0
14907,0.944614256221218,0.78769038032322,-1.54e-06,1.6355113511214805,3.4732176129917303,84.00985476432415,1.0052136313683062,16.38702575694378,0.12067054082980143,-65.42524505077033,-1.1573229341274334,-26.870855452478093,0.6295741068180681,23.72402877126758,0.2719344611720337,0.30774073093122867,0.00015748,1.435168406567605,0.00081957,0,0.0
14908,0.034270759272523155,0.0014923420837476555,-1.54e-06,1.6355113511214805,3.4732176129917303,-22.39673032578568,1.0052136313683062,1.9498106043258554,0.12067054082980143,-38.166726218647305,-1.1573229341274334,43.987707678385874,0.6295741068180681,25.693891811778283,0.2719344611720337,-0.0173160693809052,0.00015748,0.01729668885419383,0.00081957,1,0.0
14909,0.7324224123510382,0.06525900870467796,-1.54e-06,1.6355113511214805,3.4732176129917303,-71.46950146110812,1.0052136313683062,8.1411945041905,0.12067054082980143,-66.079844234892,-1.1573229341274334,4.008239359419835,0.6295741068180681,86.46085592683572,0.2719344611720337,-0.08514320628640998,0.00015748,0.08516508096997111,0.00081957,1,0.0
14910,0.36080051435628857,0.024868379784104437,-1.54e-06,1.6355113511214805,3.4732176129917303,-37.62284366918623,1.0052136313683062,6.9314239715287105,0.12067054082980143,-49.00695161409566,-1.1573229341274334,7.03973631857342,0.6295741068180681,50.61823549486296,0.2719344611720337,-0.0949248452430284,0.00015748,0.0947194507483055,0.00081957,1,0.0
14911,-0.00021540769434269524,0.05438208599627191,-1.54e-06,1.6355113511214805,3.4732176129917303,-33.351007391623455,1.0052136313683062,8.00165626475463,0.12067054082980143,-89.61368179821496,-1.1573229341274334,92.35676411855601,0.6295741068180681,48.2536899658535,0.2719344611720337,-0.04928093175531008,0.00015748,0.12446757820631561,0.00081957,1,0.0
14912,0.08758448377734779,0.004567146008038982,-1.54e-06,1.6355113511214805,3.4732176129917303,-29.233023437145306,1.0052136313683062,3.8646698066937475,0.12067054082980143,-50.69590498787017,-1.1573229341274334,47.88541852118438,0.6295741068180681,35.77361427811787,0.2719344611720337,-0.04316750279976744,0.00015748,0.043198980318490426,0.00081957,1,0.0
14913,0.9623811569139864,0.4298855078616287,-1.54e-06,1.6355113511214805,3.4732176129917303,-97.09073195179343,1.0052136313683062,-10.87547306306918,0.12067054082980143,-6.895541156513761,-1.1573229341274334,14.780359310361712,0.6295741068180681,82.42360085654981,0.2719344611720337,-0.2771054840941841,0.00015748,0.2738718098960349,0.00081957,1,0.0
14914,0.00020774681703933373,0.17284424631192014,-1.54e-06,1.6355113511214805,3.4732176129917303,91.89424794060372,1.0052136313683062,10.33552697625462,0.12067054082980143,-18.05448371899321,-1.1573229341274334,76.26455003030841,0.6295741068180681,-52.828633751410194,0.2719344611720337,0.46561691490058205,0.00015748,0.8646622058446367,0.00081957,0,0.0
14915,0.2651324789650289,0.07449312383104584,-1.54e-06,1.6355113511214805,3.4732176129917303,57.515701200728266,1.0052136313683062,24.87989065866087,0.12067054082980143,-91.4042011698169,-1.1573229341274334,45.451091206224774,0.6295741068180681,9.31090950201485,0.2719344611720337,0.3836164799583257,0.00015748,0.7183751410681565,0.00081957,0,0.0
14916,0.2850264089467669,0.10580946863935684,-1.54e-06,1.6355113511214805,3.4732176129917303,3.1276074095286552,1.0052136313683062,11.203595749702437,0.12067054082980143,-15.605709992303508,-1.1573229341274334,-71.13384258624265,0.6295741068180681,19.07170803509677,0.2719344611720337,-0.22763220493756142,0.00015748,0.2283968015081102,0.00081957,1,0.0
14917,0.5072089400591455,0.1991570181692582,-1.54e-06,1.6355113511214805,3.4732176129917303,68.56830252635064,1.0052136313683062,24.857599904940873,0.12067054082980143,-34.64012267448944,-1.1573229341274334,-53.11547486068769,0.6295741068180681,-7.8197097229626,0.2719344611720337,0.33014218848444055,0.00015748,0.6775299065670407,0.00081957,0,0.0
14918,0.08830438426086673,0.09963813996363731,-1.54e-06,1.6355113511214805,3.4732176129917303,-18.198506612242166,1.0052136313683062,11.940719504520604,0.12067054082980143,-70.58824673515916,-1.1573229341274334,21.14299191703693,0.6295741068180681,41.03470479290815,0.2719344611720337,-0.21294987878424748,0.00015748,0.21423451843651165,0.00081957,1,0.0
14919,0.41512219907308257,0.1762957188395465,-1.54e-06,1.6355113511214805,3.4732176129917303,27.758808072935214,1.0052136313683062,15.605097749357633,0.12067054082980143,-96.1246857708706,-1.1573229341274334,80.3347729127379,0.6295741068180681,32.86488992184638,0.2719344611720337,0.38454711754339854,0.00015748,0.7099236577973875,0.00081957,0,0.0
14920,0.7779142400079517,0.23215332152134385,-1.54e-06,1.6355113511214805,3.4732176129917303,67.66490403257023,1.0052136313683062,38.544558494890055,0.12067054082980143,-88.86164270025859,-1.1573229341274334,-48.1393398930555,0.6295741068180681,21.20590116409051,0.2719344611720337,0.33559747968640663,0.00015748,0.9652565912938439,0.00081957,0,0.0
14921,0.0009768899995679092,0.10659308024141012,-1.54e-06,1.6355113511214805,3.4732176129917303,5.950945606222876,1.0052136313683062,7.564295170881096,0.12067054082980143,-47.13361807474675,-1.1573229341274334,46.57431267554466,0.6295741068180681,12.183705487332377,0.2719344611720337,0.09583185192893562,0.00015748,0.18696955091659684,0.00081957,0,0.0
14922,1.0756406640073737,0.1521518563710374,-1.54e-06,1.6355113511214805,3.4732176129917303,-63.22666569931863,1.0052136313683062,8.287194034217869,0.12067054082980143,-21.87855351348468,-1.1573229341274334,-90.07039317669617,0.6295741068180681,80.96230418246729,0.2719344611720337,-0.10631155854670948,0.00015748,0.1068585411506936,0.00081957,1,0.0
14923,0.7241262861471919,0.2343401645231852,-1.54e-06,1.6355113511214805,3.4732176129917303,69.97201175215386,1.0052136313683062,24.40608805772855,0.12067054082980143,-24.122754234117576,-1.1573229341274334,-82.47259049576624,0.6295741068180681,-3.0822805888887674,0.2719344611720337,0.37293225229597515,0.00015748,0.7338577084282519,0.00081957,0,0.0
14924,0.001266998830986077,0.18954585595950574,-1.54e-06,1.6355113511214805,3.4732176129917303,45.087976951118726,1.0052136313683062,5.25415086446684,0.12067054082980143,-27.538069862708465,-1.1573229341274334,79.62144544062707,0.6295741068180681,-21.61209239490185,0.2719344611720337,0.2632649732810265,0.00015748,0.5845641514810376,0.00081957,0,0.0
14925,0.11338901539190843,0.09612207409850769,-1.54e-06,1.6355113511214805,3.4732176129917303,8.852470089537066,1.0052136313683062,10.360848240704755,0.12067054082980143,-20.271423598775677,-1.1573229341274334,-46.759636744009484,0.6295741068180681,11.06673786577378,0.2719344611720337,-0.212818254864042,0.00015748,0.21333401910461786,0.00081957,1,0.0
14926,0.6441641695276709,0.08812847799004532,-1.54e-06,1.6355113511214805,3.4732176129917303,-64.94835719166508,1.0052136313683062,13.148682970393706,0.12067054082980143,-87.6285987556747,-1.1573229341274334,7.383538339074594,0.6295741068180681,89.68748127834169,0.2719344611720337,-0.18656617457186705,0.00015748,0.18655928020318988,0.00081957,1,0.0
14927,1.0083486520867704,0.22970548922536105,-1.54e-06,1.6355113511214805,3.4732176129917303,-62.591726818647544,1.0052136313683062,18.91471656483643,0.12067054082980143,-70.49717249677809,-1.1573229341274334,-77.99623578561776,0.6295741068180681,97.8110910279346,0.2719344611720337,-0.2959245066209129,0.00015748,0.29791381175577775,0.00081957,1,0.0
14928,0.2128676588042328,0.1538056707141158,-1.54e-06,1.6355113511214805,3.4732176129917303,-18.99489925650376,1.0052136313683062,14.46106535053196,0.12067054082980143,-73.62090380598394,-1.1573229341274334,-0.037295597912484296,0.6295741068180681,48.38730234473385,0.2719344611720337,-0.25247200102553197,0.00015748,0.27526014451923336,0.00081957,1,0.0
14929,0.000753850756522359,0.2386760421640682,-1.54e-06,1.6355113511214805,3.4732176129917303,34.90054170698135,1.0052136313683062,2.733613015634643,0.12067054082980143,-27.255403670123258,-1.1573229341274334,92.0252924497392,0.6295741068180681,-17.168283697318802,0.2719344611720337,0.1962345124603155,0.00015748,0.5981493022635639,0.00081957,0,0.0
14930,0.005992893315607817,0.08461446989252618,-1.54e-06,1.6355113511214805,3.4732176129917303,1.4645086558282385,1.0052136313683062,10.106851660684217,0.12067054082980143,-40.06449395590776,-1.1573229341274334,-4.879970211276472,0.6295741068180681,16.67182135514862,0.2719344611720337,-0.18574804556391503,0.00015748,0.1918118361176571,0.00081957,1,0.0
14931,0.0005853568011106036,0.03534407885663694,-1.54e-06,1.6355113511214805,3.4732176129917303,63.232712201188036,1.0052136313683062,20.065190632968342,0.12067054082980143,-84.94386295071544,-1.1573229341274334,78.45492960923151,0.6295741068180681,-6.244120690304282,0.2719344611720337,0.41351722050589795,0.00015748,0.632163197614795,0.00081957,0,0.0
14932,0.03048568931499293,0.028779142175741478,-1.54e-06,1.6355113511214805,3.4732176129917303,12.650198207892002,1.0052136313683062,5.247178170926088,0.12067054082980143,-1e-20,-1.1573229341274334,-36.52962113326704,0.6295741068180681,-3.1028704220305237,0.2719344611720337,-0.1124530608420303,0.00015748,0.11315125585167776,0.00081957,1,0.0
14933,0.3785426924024822,0.1095309527454578,-1.54e-06,1.6355113511214805,3.4732176129917303,63.08840970013385,1.0052136313683062,24.429194336516833,0.12067054082980143,-66.29003784527853,-1.1573229341274334,5.522509007335051,0.6295741068180681,1.394354585875533,0.2719344611720337,0.3885153431617705,0.00015748,0.7021136447012752,0.00081957,0,0.0
14934,0.309613664571593,0.07933153638973836,-1.54e-06,1.6355113511214805,3.4732176129917303,64.60537414172902,1.0052136313683062,28.34843791113854,0.12067054082980143,-97.64078790190509,-1.1573229341274334,33.38192772621867,0.6295741068180681,10.386559697663955,0.2719344611720337,0.36268071795114054,0.00015748,0.8063247529174976,0.00081957,0,0.0
14935,0.900541031367937,0.35372827201570883,-1.54e-06,1.6355113511214805,3.4732176129917303,20.45398126647671,1.0052136313683062,28.75634106259244,0.12067054082980143,-69.16145675826608,-1.1573229341274334,-21.91773355971603,0.6295741068180681,36.82616514693492,0.2719344611720337,0.34975779318651223,0.00015748,0.6834089900534029,0.00081957,0,0.0
14936,0.018538898948596005,0.010612161793297856,-1.54e-06,1.6355113511214805,3.4732176129917303,-30.805063274112232,1.0052136313683062,-1.2664613849618975,0.12067054082980143,-38.818474378551485,-1.1573229341274334,67.34738722612094,0.6295741068180681,28.21114016380629,0.2719344611720337,-0.06117750479228914,0.00015748,0.0611788253618717,0.00081957,1,0.0
14937,0.0033257217405868733,0.07116225506316565,-1.54e-06,1.6355113511214805,3.4732176129917303,2.152338964470918,1.0052136313683062,7.721878597372572,0.12067054082980143,-37.520448836945974,-1.1573229341274334,13.134378614532194,0.6295741068180681,13.678307489488514,0.2719344611720337,-0.07130764172733198,0.00015748,0.16317600524451395,0.00081957,1,0.0
14938,0.6033464934297745,0.8933193445898153,-1.54e-06,1.6355113511214805,3.4732176129917303,3.5113143623491503,1.0052136313683062,39.72300511089085,0.12067054082980143,-98.20817799074493,-1.1573229341274334,-22.95543530889968,0.6295741068180681,43.219435499001534,0.2719344611720337,-0.2214569392002586,0.00015748,0.7718326018862653,0.00081957,1,0.0
14939,0.201635171203415,0.08306909275178903,-1.54e-06,1.6355113511214805,3.4732176129917303,-30.34003804447289,1.0052136313683062,12.381112854920023,0.12067054082980143,-76.97059404329885,-1.1573229341274334,24.500527732259087,0.6295741068180681,52.60941041283162,0.2719344611720337,-0.20028081880575688,0.00015748,0.20154089975753348,0.00081957,1,0.0
14940,0.496219960026582,0.14747050742007395,-1.54e-06,1.6355113511214805,3.4732176129917303,85.28442807764253,1.0052136313683062,26.545916958613375,0.12067054082980143,-40.320665945096,-1.1573229341274334,-55.0264760486112,0.6295741068180681,-12.76846583666724,0.2719344611720337,0.36215761779071187,0.00015748,0.8063792446588852,0.00081957,0,0.0
14941,0.3624448687935804,0.030628068421669097,-1.54e-06,1.6355113511214805,3.4732176129917303,-56.834998268626435,1.0052136313683062,0.665293515837223,0.12067054082980143,-50.71878166309966,-1.1573229341274334,52.108759395186084,0.6295741068180681,58.02921210962747,0.2719344611720337,-0.05476461632432428,0.00015748,0.05478334923155756,0.00081957,1,0.0
14942,0.3390143335192295,0.01619085038651695,-1.54e-06,1.6355113511214805,3.4732176129917303,-25.581657190479138,1.0052136313683062,4.390644588652767,0.12067054082980143,-22.185943032647376,-1.1573229341274334,-15.549338903064179,0.6295741068180681,33.84925523865286,0.2719344611720337,-0.05829625196746935,0.00015748,0.05846120094461846,0.00081957,1,0.0
14943,0.3812610682392338,0.022056571351773142,-1.54e-06,1.6355113511214805,3.4732176129917303,-67.54890865475552,1.0052136313683062,7.576907993552143,0.12067054082980143,-93.13624327146005,-1.1573229341274334,71.8471157314047,0.6295741068180681,80.5162246946203,0.2719344611720337,-0.07707770119833719,0.00015748,0.07744450837065033,0.00081957,1,0.0
14944,0.0005040921382363783,0.13174771574029204,-1.54e-06,1.6355113511214805,3.4732176129917303,34.95711521641165,1.0052136313683062,9.015058534669011,0.12067054082980143,-15.046646825254301,-1.1573229341274334,-9.431783820225267,0.6295741068180681,-12.581564091770838,0.2719344611720337,0.07453472115828522,0.00015748,0.2596080450416385,0.00081957,0,0.0
14945,0.000419596202802075,0.04166322925888414,-1.54e-06,1.6355113511214805,3.4732176129917303,92.25806810514433,1.0052136313683062,20.431706502962058,0.12067054082980143,-47.805367919669365,-1.1573229341274334,19.893250902234836,0.6295741068180681,-32.753267124498336,0.2719344611720337,0.3927856475593864,0.00015748,0.6924391709612424,0.00081957,0,0.0
14946,0.28788183441307114,0.08415543196650373,-1.54e-06,1.6355113511214805,3.4732176129917303,59.27474303928543,1.0052136313683062,24.116049852596472,0.12067054082980143,-80.16321191130301,-1.1573229341274334,32.778795599049616,0.6295741068180681,4.8741698541222584,0.2719344611720337,0.3900486248494634,0.00015748,0.6943232086618734,0.00081957,0,0.0
14947,0.0556571295169663,0.05494262029076662,-1.54e-06,1.6355113511214805,3.4732176129917303,-41.88125932309034,1.0052136313683062,-5.065733913060609,0.12067054082980143,-34.99625945930619,-1.1573229341274334,85.31231867966561,0.6295741068180681,32.017321803725174,0.2719344611720337,-0.14718753209896424,0.00015748,0.14657983717352646,0.00081957,1,0.0
14948,0.6856765375065117,0.7684582141135161,-1.54e-06,1.6355113511214805,3.4732176129917303,60.15906924465356,1.0052136313683062,0.34044440789277575,0.12067054082980143,-24.809544694277637,-1.1573229341274334,53.11066155828288,0.6295741068180681,0.6223134158583923,0.2719344611720337,0.3115903719452029,0.00015748,1.2691737508182988,0.00081957,0,0.0
14949,0.22042082545888686,0.09877634542784396,-1.54e-06,1.6355113511214805,3.4732176129917303,99.97314048834951,1.0052136313683062,18.7720526523816,0.12067054082980143,-4.407335270774481,-1.1573229341274334,-49.217891164634885,0.6295741068180681,-43.9282246678898,0.2719344611720337,0.3981377382017744,0.00015748,0.670898370800636,0.00081957,0,0.0
14950,0.32877012101564196,0.14303396385187436,-1.54e-06,1.6355113511214805,3.4732176129917303,-8.163089300199605,1.0052136313683062,14.044353291185116,0.12067054082980143,-39.41303241671602,-1.1573229341274334,-55.00198751197642,0.6295741068180681,35.028176609445495,0.2719344611720337,-0.2655729206316722,0.00015748,0.2662614714753197,0.00081957,1,0.0
14951,0.14119545226611163,0.06429641351242889,-1.54e-06,1.6355113511214805,3.4732176129917303,87.90929163823066,1.0052136313683062,22.39920243343704,0.12067054082980143,-47.90780188470975,-1.1573229341274334,1.7348495440967593,0.6295741068180681,-25.431393604849596,0.2719344611720337,0.3852992428209213,0.00015748,0.7125554389849839,0.00081957,0,0.0
14952,0.00022880383836088036,0.05524051213195079,-1.54e-06,1.6355113511214805,3.4732176129917303,64.00494145808167,1.0052136313683062,17.23540466732473,0.12067054082980143,-76.59208019176774,-1.1573229341274334,88.64343915325385,0.6295741068180681,-11.146576342524533,0.2719344611720337,0.48271549571168415,0.00015748,0.6155965616564691,0.00081957,0,0.0
14953,0.1379916893308964,0.038849025770391205,-1.54e-06,1.6355113511214805,3.4732176129917303,-0.8546796749750625,1.0052136313683062,6.331558104908803,0.12067054082980143,-17.349712990914067,-1.1573229341274334,-29.38345140276169,0.6295741068180681,14.931080136875439,0.2719344611720337,-0.1384480956568916,0.00015748,0.13818202511083671,0.00081957,1,0.0
14954,0.23303378614150638,0.07151019640293249,-1.54e-06,1.6355113511214805,3.4732176129917303,60.036712563219794,1.0052136313683062,23.59183778504915,0.12067054082980143,-83.44131173077149,-1.1573229341274334,42.85146823354177,0.6295741068180681,3.8252392882324804,0.2719344611720337,0.39114541672814174,0.00015748,0.6924828414578487,0.00081957,0,0.0
14955,0.6558538143591601,0.1745395400669282,-1.54e-06,1.6355113511214805,3.4732176129917303,42.601865082904126,1.0052136313683062,29.073115697043253,0.12067054082980143,-91.22636091646305,-1.1573229341274334,1.7695112597229679,0.6295741068180681,30.604248655091588,0.2719344611720337,0.3702590016939763,0.00015748,0.7667370551518294,0.00081957,0,0.0
14956,0.6445117299886747,0.08807087984532008,-1.54e-06,1.6355113511214805,3.4732176129917303,-56.056707074572756,1.0052136313683062,12.287171363370545,0.12067054082980143,-71.3225272472887,-1.1573229341274334,-13.296273944620225,0.6295741068180681,79.82996497331189,0.2719344611720337,-0.18329280448018156,0.00015748,0.18264688542458377,0.00081957,1,0.0
14957,0.0014624452117137365,0.09020843943264792,-1.54e-06,1.6355113511214805,3.4732176129917303,-20.514259566101266,1.0052136313683062,8.715155875634691,0.12067054082980143,-83.93558233617429,-1.1573229341274334,89.84853981070835,0.6295741068180681,38.71436743582182,0.2719344611720337,0.03380081297269409,0.00015748,0.168048923107726,0.00081957,0,0.0
14958,0.0010089521602892892,0.11375115536009353,-1.54e-06,1.6355113511214805,3.4732176129917303,19.939500778985803,1.0052136313683062,6.567392167320491,0.12067054082980143,-23.975311244987985,-1.1573229341274334,21.917914675533275,0.6295741068180681,-3.5858971264276,0.2719344611720337,0.13280404859430164,0.00015748,0.18427987582017988,0.00081957,0,0.0
14959,0.21975693403144447,0.009312086488366768,-1.54e-06,1.6355113511214805,3.4732176129917303,-14.451582988308704,1.0052136313683062,3.6211536100752784,0.12067054082980143,-14.83790547473881,-1.1573229341274334,-15.114965673922379,0.6295741068180681,21.486029849755134,0.2719344611720337,-0.05593413317234603,0.00015748,0.056171462424402664,0.00081957,1,0.0
14960,0.20052501040009518,0.09262002311416523,-1.54e-06,1.6355113511214805,3.4732176129917303,91.98265525583098,1.0052136313683062,17.851317293917887,0.12067054082980143,-13.474334409306158,-1.1573229341274334,-29.52103969626262,0.6295741068180681,-37.78396837686375,0.2719344611720337,0.4072610230742663,0.00015748,0.6469046681990381,0.00081957,0,0.0
14961,0.26508988480619633,0.09144727172845528,-1.54e-06,1.6355113511214805,3.4732176129917303,88.62619083810803,1.0052136313683062,22.905406455901495,0.12067054082980143,-39.42578272186761,-1.1573229341274334,-23.126314657393987,0.6295741068180681,-23.646772847984494,0.2719344611720337,0.37740840514122675,0.00015748,0.7388971546508678,0.00081957,0,0.0
14962,0.07060851874006552,0.020479907309898418,-1.54e-06,1.6355113511214805,3.4732176129917303,-30.542613842921437,1.0052136313683062,6.463819770338122,0.12067054082980143,-66.90027634289325,-1.1573229341274334,54.133580435216174,0.6295741068180681,42.803166207086086,0.2719344611720337,-0.09362780840382696,0.00015748,0.09363958456383616,0.00081957,1,0.0
14963,-7.026222232436874e-05,0.12676894550740328,-1.54e-06,1.6355113511214805,3.4732176129917303,14.3227652984138,1.0052136313683062,2.4104580153493673,0.12067054082980143,-14.742827997164406,-1.1573229341274334,36.317332373691,0.6295741068180681,-5.775332883005134,0.2719344611720337,0.09772512422314804,0.00015748,0.22178536302202745,0.00081957,0,0.0
14964,0.739643340266263,0.22843260575804405,-1.54e-06,1.6355113511214805,3.4732176129917303,80.18914230707023,1.0052136313683062,28.187215040943563,0.12067054082980143,-33.63904902310493,-1.1573229341274334,-90.18689682820778,0.6295741068180681,-3.1122105666554876,0.2719344611720337,0.3535792867332094,0.00015748,0.8449606912789712,0.00081957,0,0.0
14965,0.6961817186514958,0.19616645383038323,-1.54e-06,1.6355113511214805,3.4732176129917303,100.0,1.0052136313683062,37.0788573652169,0.12067054082980143,-67.2476411606794,-1.1573229341274334,-82.75772662617955,0.6295741068180681,-1.0581523304914946,0.2719344611720337,0.32529973574582793,0.00015748,1.0808071059946078,0.00081957,0,0.0
14966,0.8237210139731262,0.1307806476016099,-1.54e-06,1.6355113511214805,3.4732176129917303,-46.085954583313914,1.0052136313683062,7.97189543000494,0.12067054082980143,-30.753530086559483,-1.1573229341274334,-73.84865440742023,0.6295741068180681,69.76655204006948,0.2719344611720337,-0.1714848534177983,0.00015748,0.1781124826999662,0.00081957,1,0.0
14967,0.6076593367406661,0.048332934665426285,-1.54e-06,1.6355113511214805,3.4732176129917303,-59.017438248103396,1.0052136313683062,8.054989579323033,0.12067054082980143,-60.516179133581,-1.1573229341274334,2.4642103274043117,0.6295741068180681,74.23314822957398,0.2719344611720337,-0.09573524338594433,0.00015748,0.09581293692960999,0.00081957,1,0.0
14968,0.7673522550200048,0.23077689846899876,-1.54e-06,1.6355113511214805,3.4732176129917303,81.60966644692553,1.0052136313683062,30.675347468253463,0.12067054082980143,-44.83012994647839,-1.1573229341274334,-88.25199017181356,0.6295741068180681,1.593188082169941,0.2719344611720337,0.3460811202270591,0.00015748,0.9061354322700657,0.00081957,0,0.0
14969,0.004477340854620079,0.00402544339226003,-1.54e-06,1.6355113511214805,3.4732176129917303,-35.50769747380364,1.0052136313683062,2.1301647705400333,0.12067054082980143,-60.70822608676742,-1.1573229341274334,80.8717099471399,0.6295741068180681,38.316916446198256,0.2719344611720337,-0.027886121885428803,0.00015748,0.028077380255823684,0.00081957,1,0.0
14970,0.1196316393714052,0.05848425352338446,-1.54e-06,1.6355113511214805,3.4732176129917303,55.53426804536899,1.0052136313683062,19.774208272420672,0.12067054082980143,-78.44365044912674,-1.1573229341274334,65.89247021575976,0.6295741068180681,-1.2433000515761894,0.2719344611720337,0.430222611682165,0.00015748,0.5945391909758839,0.00081957,0,0.0
14971,0.16331736994665746,0.05750642639363873,-1.54e-06,1.6355113511214805,3.4732176129917303,2.321887398128282,1.0052136313683062,8.41531667735775,0.12067054082980143,-15.912285638763567,-1.1573229341274334,-42.46334553827523,0.6295741068180681,13.585648631329482,0.2719344611720337,-0.16656847200428876,0.00015748,0.16603445539767459,0.00081957,1,0.0
14972,1.0790771571177595,0.15268665165273593,-1.54e-06,1.6355113511214805,3.4732176129917303,-71.67367219766075,1.0052136313683062,6.640774398126355,0.12067054082980143,-25.807944377566503,-1.1573229341274334,-71.17921820990368,0.6295741068180681,85.41705479285376,0.2719344611720337,-0.06249346429411916,0.00015748,0.06208249528063496,0.00081957,1,0.0
14973,0.1057460766725819,0.09234553403977641,-1.54e-06,1.6355113511214805,3.4732176129917303,-15.635657133680084,1.0052136313683062,11.458591590164428,0.12067054082980143,-63.11240587597223,-1.1573229341274334,12.453371087306076,0.6295741068180681,37.58877071859405,0.2719344611720337,-0.20225020202953775,0.00015748,0.2079336585272475,0.00081957,1,0.0
14974,0.18065323541534717,0.019504003290015948,-1.54e-06,1.6355113511214805,3.4732176129917303,-49.65422722213344,1.0052136313683062,7.621969812218678,0.12067054082980143,-87.60455315277855,-1.1573229341274334,74.43346986197614,0.6295741068180681,62.8828760316542,0.2719344611720337,-0.09137199659222865,0.00015748,0.09249334374450306,0.00081957,1,0.0
14975,0.2189787388349443,0.0425581505479764,-1.54e-06,1.6355113511214805,3.4732176129917303,-10.691486926036358,1.0052136313683062,8.022415258804127,0.12067054082980143,-28.28990544482564,-1.1573229341274334,-24.200760550737822,0.6295741068180681,25.97251404078094,0.2719344611720337,-0.14437700222042288,0.00015748,0.14517365439582186,0.00081957,1,0.0
14976,1.029694780386271,0.31970466760834443,-1.54e-06,1.6355113511214805,3.4732176129917303,53.93875779353735,1.0052136313683062,37.4208185157941,0.12067054082980143,-82.71424389842736,-1.1573229341274334,-74.21656735387182,0.6295741068180681,36.398939643168895,0.2719344611720337,0.33521408962222154,0.00015748,0.9532899067419516,0.00081957,0,0.0
14977,0.32657508589559997,0.12902805609054652,-1.54e-06,1.6355113511214805,3.4732176129917303,-40.77092054101678,1.0052136313683062,15.263663230458725,0.12067054082980143,-93.86169933103129,-1.1573229341274334,20.912156719442955,0.6295741068180681,69.64288896029514,0.2719344611720337,-0.25134914389729285,0.00015748,0.25322731147700034,0.00081957,1,0.0
14978,0.00044558405833006187,0.06453138173338983,-1.54e-06,1.6355113511214805,3.4732176129917303,90.33595389336386,1.0052136313683062,18.85588092296511,0.12067054082980143,-54.88228263740956,-1.1573229341274334,48.93655825280184,0.6295741068180681,-31.059379989107022,0.2719344611720337,0.48932826339047647,0.00015748,0.7079522978428204,0.00081957,0,0.0
14979,0.5716432859093015,0.1914289355631142,-1.54e-06,1.6355113511214805,3.4732176129917303,62.9021116636705,1.0052136313683062,20.100724732884146,0.12067054082980143,-23.83070727624387,-1.1573229341274334,-47.63937287944654,0.6295741068180681,-6.750581114335939,0.2719344611720337,0.4131082651582342,0.00015748,0.6221989796174189,0.00081957,0,0.0
14980,0.0009510127060342322,0.010331883506351114,-1.54e-06,1.6355113511214805,3.4732176129917303,-22.5629047015111,1.0052136313683062,-1.7378152910734612,0.12067054082980143,-25.245712909319362,-1.1573229341274334,52.28676071522386,0.6295741068180681,18.438025201692888,0.2719344611720337,-0.06644972645593518,0.00015748,0.06652381114379773,0.00081957,1,0.0
14981,0.8547132912769618,0.18510521020691112,-1.54e-06,1.6355113511214805,3.4732176129917303,-49.79586391009886,1.0052136313683062,16.75782706576508,0.12067054082980143,-59.191218371315124,-1.1573229341274334,-73.9568200853345,0.6295741068180681,81.88938705181374,0.2719344611720337,-0.2739973069380536,0.00015748,0.2751080733722613,0.00081957,1,0.0
14982,0.0011440640343014508,0.08168539103119565,-1.54e-06,1.6355113511214805,3.4732176129917303,-7.263517614470176,1.0052136313683062,6.760248473112711,0.12067054082980143,-55.08584332207357,-1.1573229341274334,56.90672296706956,0.6295741068180681,22.050865323844018,0.2719344611720337,0.04598103130769371,0.00015748,0.14365277333085236,0.00081957,0,0.0
14983,0.16188872269600962,0.011097329899209026,-1.54e-06,1.6355113511214805,3.4732176129917303,-42.9714620263131,1.0052136313683062,6.007768252385616,0.12067054082980143,-72.37379857565512,-1.1573229341274334,63.08622775825385,0.6295741068180681,53.141436526097216,0.2719344611720337,-0.06912137767642125,0.00015748,0.0690648658117322,0.00081957,1,0.0
14984,0.1448827396070091,0.004363177282658238,-1.54e-06,1.6355113511214805,3.4732176129917303,-24.313066891991294,1.0052136313683062,3.5551816117239103,0.12067054082980143,-35.87244941234411,-1.1573229341274334,24.082957522485327,0.6295741068180681,30.234719844458386,0.2719344611720337,-0.04149451032901028,0.00015748,0.041620469023485075,0.00081957,1,0.0
14985,0.8576895587518423,0.10183811430895273,-1.54e-06,1.6355113511214805,3.4732176129917303,-45.16182034604058,1.0052136313683062,8.24540616902099,0.12067054082980143,-15.960657567516554,-1.1573229341274334,-84.2545513105617,0.6295741068180681,61.95330926871174,0.2719344611720337,-0.1196378315480433,0.00015748,0.11973619016580284,0.00081957,1,0.0
14986,0.32339506819725927,0.08419425987133797,-1.54e-06,1.6355113511214805,3.4732176129917303,73.29943742300824,1.0052136313683062,29.057410671650683,0.12067054082980143,-89.66193691831266,-1.1573229341274334,16.214822606010003,0.6295741068180681,4.2558620165939125,0.2719344611720337,0.3557094508882881,0.00015748,0.8412947076488144,0.00081957,0,0.0
14987,0.4885101274000394,0.2281280775716375,-1.54e-06,1.6355113511214805,3.4732176129917303,59.47957801033011,1.0052136313683062,21.21796664029493,0.12067054082980143,-99.99157891285208,-1.1573229341274334,40.13341459485239,0.6295741068180681,25.962563302309224,0.2719344611720337,0.33974424076628756,0.00015748,0.9880026084863796,0.00081957,0,0.0
14988,0.3044331979884567,0.22673218156994449,-1.54e-06,1.6355113511214805,3.4732176129917303,19.805708557628044,1.0052136313683062,15.695086098127533,0.12067054082980143,-29.23846003229771,-1.1573229341274334,-64.63176568269233,0.6295741068180681,15.661511130623426,0.2719344611720337,-0.14354523860786234,0.00015748,0.37392329764225657,0.00081957,1,0.0
14989,0.49143838119911076,0.2182141693503955,-1.54e-06,1.6355113511214805,3.4732176129917303,55.51859406532103,1.0052136313683062,15.741367661381702,0.12067054082980143,-10.89969102500109,-1.1573229341274334,-53.65878059937348,0.6295741068180681,-8.750276471119424,0.2719344611720337,0.3197233102019891,0.00015748,0.5270416144704063,0.00081957,0,0.0
14990,0.4024529424748433,0.1132502569127938,-1.54e-06,1.6355113511214805,3.4732176129917303,54.90195113266544,1.0052136313683062,23.906452411677087,0.12067054082980143,-73.71835171465693,-1.1573229341274334,16.894910243273326,0.6295741068180681,8.953840833287952,0.2719344611720337,0.39342987332015755,0.00015748,0.6863706574095227,0.00081957,0,0.0
14991,0.00021833269778709363,0.13223470796849496,-1.54e-06,1.6355113511214805,3.4732176129917303,14.80305297316788,1.0052136313683062,10.384891747244236,0.12067054082980143,-58.079131986901224,-1.1573229341274334,55.88532558218121,0.6295741068180681,10.953574648973396,0.2719344611720337,0.15004764540346155,0.00015748,0.2705492106519817,0.00081957,0,0.0
14992,0.8665924980631959,0.4327996816826425,-1.54e-06,1.6355113511214805,3.4732176129917303,-16.47331586056808,1.0052136313683062,7.602068045607547,0.12067054082980143,-44.94982738243538,-1.1573229341274334,-12.88202701079355,0.6295741068180681,56.68590104568587,0.2719344611720337,0.16419552616725422,0.00015748,0.48103453658638395,0.00081957,0,0.0
14993,0.4624350413439665,0.15278759408171536,-1.54e-06,1.6355113511214805,3.4732176129917303,48.782877230780564,1.0052136313683062,18.935669477202506,0.12067054082980143,-49.07259375568791,-1.1573229341274334,4.494570596656837,0.6295741068180681,4.362244278770948,0.2719344611720337,0.4370005553723794,0.00015748,0.577438151569232,0.00081957,0,0.0
14994,0.015464368757917096,0.004409028224991594,-1.54e-06,1.6355113511214805,3.4732176129917303,-31.67017654224129,1.0052136313683062,3.233002061721406,0.12067054082980143,-59.25392025743536,-1.1573229341274334,69.34364842325546,0.6295741068180681,37.064630775838125,0.2719344611720337,-0.031393924302010316,0.00015748,0.03137311989149071,0.00081957,1,0.0
14995,0.17719132542080995,0.006197850505093936,-1.54e-06,1.6355113511214805,3.4732176129917303,-8.252668086594726,1.0052136313683062,2.4212184169839532,0.12067054082980143,-5.671396201403942,-1.1573229341274334,-20.035660119348282,0.6295741068180681,13.690018319140114,0.2719344611720337,-0.044197706211498405,0.00015748,0.044330865250457235,0.00081957,1,0.0
14996,0.0479037710379176,0.10275478543884937,-1.54e-06,1.6355113511214805,3.4732176129917303,-11.788505147300398,1.0052136313683062,11.669067655760184,0.12067054082980143,-63.943703500076865,-1.1573229341274334,15.845696375629485,0.6295741068180681,33.97556775687871,0.2719344611720337,-0.2108246291742589,0.00015748,0.215026890970252,0.00081957,1,0.0
14997,0.07130299337520796,0.07829467298592258,-1.54e-06,1.6355113511214805,3.4732176129917303,71.4407161348829,1.0052136313683062,14.065838094641371,0.12067054082980143,-31.951063006513188,-1.1573229341274334,36.20375304536584,0.6295741068180681,-28.938385452680922,0.2719344611720337,0.46274819036837284,0.00015748,0.5416316257647006,0.00081957,0,0.0
14998,0.3906807953154818,0.021455789642066046,-1.54e-06,1.6355113511214805,3.4732176129917303,-58.53961218972982,1.0052136313683062,6.885806593518033,0.12067054082980143,-76.4461705370324,-1.1573229341274334,48.97841449825987,0.6295741068180681,70.84788839535845,0.2719344611720337,-0.07276030264500535,0.00015748,0.07289334218407487,0.00081957,1,0.0
14999,0.5724880984177434,0.14559388970602855,-1.54e-06,1.6355113511214805,3.4732176129917303,82.0498828170752,1.0052136313683062,36.148242827643045,0.12067054082980143,-94.51258809620285,-1.1573229341274334,-27.76863543795003,0.6295741068180681,11.80657272843722,0.2719344611720337,0.3315611091654408,0.00015748,1.0111481295068891,0.00081957,0,0.0
15000,0.09532407796175366,0.0010590327032691412,-1.54e-06,0.9394841400331699,4.8120537992230235,-12.499104730526954,1.0052136313683062,2.573806173880495,0.12067054082980143,-11.478827311431195,-1.1573229341274334,-16.458222091110418,0.6295741068180681,16.08656285953531,0.2719344611720337,-0.0077913119522669575,0.00015748,0.007812720746951832,0.00081957,1,0.0
15001,0.05446960229808939,0.007111760221878424,-1.54e-06,0.9394841400331699,4.8120537992230235,-20.117006330878077,1.0052136313683062,10.222337385734058,0.12067054082980143,-55.755415088927556,-1.1573229341274334,87.9228080110243,0.6295741068180681,24.462200223979195,0.2719344611720337,-0.048478193552360355,0.00015748,0.05036636994829609,0.00081957,1,0.0
15002,0.45066480489618993,0.019815396867733762,-1.54e-06,0.9394841400331699,4.8120537992230235,-58.86020743313325,1.0052136313683062,14.211724972003406,0.12067054082980143,-58.77716925216369,-1.1573229341274334,-48.37836086240432,0.6295741068180681,74.38492513245029,0.2719344611720337,-0.03618632323184964,0.00015748,0.03624332546597739,0.00081957,1,0.0
15003,0.24329845316993115,0.08608213326843094,-1.54e-06,0.9394841400331699,4.8120537992230235,95.56826329054904,1.0052136313683062,43.31621758097664,0.12067054082980143,-5.442948677483016,-1.1573229341274334,66.7389993300089,0.6295741068180681,-54.67297772498935,0.2719344611720337,0.3209837272263528,0.00015748,1.129001604171787,0.00081957,0,0.0
15004,0.02175721924170541,0.0003192930395261716,-1.54e-06,0.9394841400331699,4.8120537992230235,-11.175625208942876,1.0052136313683062,3.102210838398234,0.12067054082980143,-29.77094406103411,-1.1573229341274334,46.460997311540204,0.6295741068180681,13.927780110180665,0.2719344611720337,-0.010106077615386077,0.00015748,0.01008727474677484,0.00081957,1,0.0
15005,0.13483711825415784,0.12179336317257243,-1.54e-06,0.9394841400331699,4.8120537992230235,-16.360403515251598,1.0052136313683062,28.3814279001329,0.12067054082980143,-56.86521981345041,-1.1573229341274334,82.3177274005688,0.6295741068180681,20.119200736646587,0.2719344611720337,-0.12450945546729325,0.00015748,0.1831742757102378,0.00081957,1,0.0
15006,0.5491136932389198,0.12451871287811712,-1.54e-06,0.9394841400331699,4.8120537992230235,73.89523090456251,1.0052136313683062,78.7085188802202,0.12067054082980143,-81.93676343651158,-1.1573229341274334,2.8964446229116176,0.6295741068180681,-4.453647452980297,0.2719344611720337,0.29912044868303034,0.00015748,1.5226515443966868,0.00081957,0,0.0
15007,1.0555925126120778,0.594651162884272,-1.54e-06,0.9394841400331699,4.8120537992230235,-4.790498100087053,1.0052136313683062,12.120131584317608,0.12067054082980143,-49.38111130485122,-1.1573229341274334,83.0281095625156,0.6295741068180681,63.388959455212515,0.2719344611720337,0.32059141614457737,0.00015748,1.0895660746774636,0.00081957,0,0.0
15008,0.628575660398787,0.15046482630889307,-1.54e-06,0.9394841400331699,4.8120537992230235,72.49253514133329,1.0052136313683062,69.06264408601525,0.12067054082980143,-22.673902132881008,-1.1573229341274334,-88.08906119271248,0.6295741068180681,-13.708561743012366,0.2719344611720337,0.30805125416630885,0.00015748,1.3325672966464426,0.00081957,0,0.0
15009,0.19756570270661647,0.07822733047209009,-1.54e-06,0.9394841400331699,4.8120537992230235,100.0,1.0052136313683062,43.86074495021435,0.12067054082980143,-9.534506725093088,-1.1573229341274334,82.47532866777391,0.6295741068180681,-58.87204834834001,0.2719344611720337,0.3193114968840973,0.00015748,1.1525401928624155,0.00081957,0,0.0
15010,0.5054745630649595,0.14695949147252194,-1.54e-06,0.9394841400331699,4.8120537992230235,48.885517716697414,1.0052136313683062,34.41311493673204,0.12067054082980143,-15.74471667592881,-1.1573229341274334,94.79205239920053,0.6295741068180681,-14.137370881928756,0.2719344611720337,0.36015710888236724,0.00015748,0.8173354655524392,0.00081957,0,0.0
15011,0.25174182996895206,0.017266805852422473,-1.54e-06,0.9394841400331699,4.8120537992230235,-40.67065998304482,1.0052136313683062,2.8695126542159133,0.12067054082980143,-56.49307511123856,-1.1573229341274334,69.1407348018703,0.6295741068180681,48.94437559581729,0.2719344611720337,-0.03563326039481179,0.00015748,0.03549716798788923,0.00081957,1,0.0
15012,0.27763244331324244,0.08751251987323339,-1.54e-06,0.9394841400331699,4.8120537992230235,88.86220730403028,1.0052136313683062,49.016500348268465,0.12067054082980143,-30.97232096705986,-1.1573229341274334,84.81207422309976,0.6295741068180681,-42.574104864695386,0.2719344611720337,0.31702623569045907,0.00015748,1.1915622775248815,0.00081957,0,0.0
15013,0.0002557406293500486,0.011886870002140459,-1.54e-06,0.9394841400331699,4.8120537992230235,0.8167165357258345,1.0052136313683062,6.9848055744327935,0.12067054082980143,-7.220456356002763,-1.1573229341274334,18.679306973369957,0.6295741068180681,-1.7958124359284349,0.2719344611720337,-0.044587119829573245,0.00015748,0.04855929324624395,0.00081957,1,0.0
15014,0.18716716238271663,0.03191512654594554,-1.54e-06,0.9394841400331699,4.8120537992230235,-22.64405823359966,1.0052136313683062,-5.269739870515332,0.12067054082980143,-21.624343937801502,-1.1573229341274334,90.66476555358165,0.6295741068180681,23.282286101665093,0.2719344611720337,-0.08987749843396955,0.00015748,0.09059990620974029,0.00081957,1,0.0
15015,0.03906266593163753,0.018973628929788676,-1.54e-06,0.9394841400331699,4.8120537992230235,-15.615259117553137,1.0052136313683062,14.108749601971445,0.12067054082980143,-50.609239516680276,-1.1573229341274334,77.5261001221473,0.6295741068180681,18.653879538072047,0.2719344611720337,-0.07453047710305567,0.00015748,0.07549155511210552,0.00081957,1,0.0
15016,0.19248175489955233,0.006951587678242865,-1.54e-06,0.9394841400331699,4.8120537992230235,-48.1107909365108,1.0052136313683062,15.557778651625924,0.12067054082980143,-99.61754067907464,-1.1573229341274334,91.34320894711861,0.6295741068180681,61.27490730567569,0.2719344611720337,-0.05050537190266404,0.00015748,0.050578406062161234,0.00081957,1,0.0
15017,0.22276109074706815,0.007498057895455988,-1.54e-06,0.9394841400331699,4.8120537992230235,-32.830098665726474,1.0052136313683062,12.491065395108823,0.12067054082980143,-39.57902672919309,-1.1573229341274334,-55.20433082638069,0.6295741068180681,43.780039678071915,0.2719344611720337,-0.05523714023503199,0.00015748,0.05526884416675571,0.00081957,1,0.0
15018,0.665649319745727,0.1556993777807629,-1.54e-06,0.9394841400331699,4.8120537992230235,27.950382974271044,1.0052136313683062,60.28597745805836,0.12067054082980143,-94.44791746757048,-1.1573229341274334,91.78750606115406,0.6295741068180681,27.905952309675467,0.2719344611720337,0.32453222641889407,0.00015748,1.086643032447231,0.00081957,0,0.0
15019,0.0014369727063786586,0.05272810197016063,-1.54e-06,0.9394841400331699,4.8120537992230235,-3.319568403619223,1.0052136313683062,19.540752035985175,0.12067054082980143,-31.56330219851331,-1.1573229341274334,2.714140679740397,0.6295741068180681,7.217501729035992,0.2719344611720337,-0.0792468215330179,0.00015748,0.11387688173701144,0.00081957,1,0.0
15020,0.41098554643542357,0.11657596048878015,-1.54e-06,0.9394841400331699,4.8120537992230235,87.36162091503552,1.0052136313683062,63.1193610862056,0.12067054082980143,-19.632378903263152,-1.1573229341274334,-10.299993424889802,0.6295741068180681,-37.434257335049566,0.2719344611720337,0.3129624228697351,0.00015748,1.2450243974724664,0.00081957,0,0.0
15021,0.8115581511514326,0.2028991780566931,-1.54e-06,0.9394841400331699,4.8120537992230235,5.398908174155612,1.0052136313683062,56.876176993462636,0.12067054082980143,-84.46520009870525,-1.1573229341274334,90.0065571919275,0.6295741068180681,42.864131274800954,0.2719344611720337,0.352656377473744,0.00015748,0.8603638908123926,0.00081957,0,0.0
15022,0.42987961727613155,0.02011112402461047,-1.54e-06,0.9394841400331699,4.8120537992230235,-67.68447513748474,1.0052136313683062,21.03601036748097,0.12067054082980143,-92.02879350216539,-1.1573229341274334,-27.54039314753192,0.6295741068180681,87.45789690946434,0.2719344611720337,-0.07106465998494449,0.00015748,0.0711270013149728,0.00081957,1,0.0
15023,0.5330207863779631,0.12670339740820105,-1.54e-06,0.9394841400331699,4.8120537992230235,67.4069503527767,1.0052136313683062,72.59521114995648,0.12067054082980143,-69.36402029881566,-1.1573229341274334,19.123016633259684,0.6295741068180681,-6.701993152813664,0.2719344611720337,0.30738953824886284,0.00015748,1.3436605282056657,0.00081957,0,0.0
15024,1.0003265728040422,0.2309632705700285,-1.54e-06,0.9394841400331699,4.8120537992230235,17.17131704192683,1.0052136313683062,77.91811495391308,0.12067054082980143,-81.52575443329063,-1.1573229341274334,-87.56712498699325,0.6295741068180681,52.89293721273669,0.2719344611720337,0.31026518705385453,0.00015748,1.2854818767819713,0.00081957,0,0.0
15025,0.7700731751425488,0.1881820413071332,-1.54e-06,0.9394841400331699,4.8120537992230235,16.009637097055617,1.0052136313683062,58.541109650122735,0.12067054082980143,-75.9415787619373,-1.1573229341274334,63.28950131000538,0.6295741068180681,33.82711863079654,0.2719344611720337,0.3412113265761548,0.00015748,0.9325651573451769,0.00081957,0,0.0
15026,0.33709000980861903,0.0153936795426803,-1.54e-06,0.9394841400331699,4.8120537992230235,-60.888739513960026,1.0052136313683062,19.004951986328873,0.12067054082980143,-95.98517462758068,-1.1573229341274334,8.023594393198065,0.6295741068180681,79.01898311268549,0.2719344611720337,-0.06640222707738937,0.00015748,0.06680231355632553,0.00081957,1,0.0
15027,0.4415580732899835,0.10407682413830599,-1.54e-06,0.9394841400331699,4.8120537992230235,98.4850377249674,1.0052136313683062,84.91691619099477,0.12067054082980143,-83.37792152492145,-1.1573229341274334,-2.176609095365029,0.6295741068180681,-22.78869761745112,0.2719344611720337,0.29207777656116507,0.00015748,1.7387752284120137,0.00081957,0,0.0
15028,0.5484115650943752,0.13750387476494474,-1.54e-06,0.9394841400331699,4.8120537992230235,47.25628804832144,1.0052136313683062,50.96495819166248,0.12067054082980143,-53.157836435909815,-1.1573229341274334,73.37432162769954,0.6295741068180681,0.3697367186991434,0.2719344611720337,0.33003632595787186,0.00015748,1.0296619746176616,0.00081957,0,0.0
15029,0.4058846023552446,0.10347893152047886,-1.54e-06,0.9394841400331699,4.8120537992230235,72.42497672635811,1.0052136313683062,60.56757716332876,0.12067054082980143,-64.25200998129304,-1.1573229341274334,78.73210544701543,0.6295741068180681,-18.060922081250624,0.2719344611720337,0.31218164980713287,0.00015748,1.2563481605299678,0.00081957,0,0.0
15030,0.33602438425778103,0.01400365548197734,-1.54e-06,0.9394841400331699,4.8120537992230235,-39.97209235473058,1.0052136313683062,7.404588897052983,0.12067054082980143,-32.719611360726546,-1.1573229341274334,-27.033099072662885,0.6295741068180681,49.20937297375545,0.2719344611720337,-0.024289015887112023,0.00015748,0.02480198491848015,0.00081957,1,0.0
15031,0.0033597118902702894,0.10531127455735813,-1.54e-06,0.9394841400331699,4.8120537992230235,-16.666624800524563,1.0052136313683062,31.808741753707498,0.12067054082980143,-73.30936584031275,-1.1573229341274334,-25.001510711595156,0.6295741068180681,29.487487498143707,0.2719344611720337,-0.1458099473079499,0.00015748,0.19554195003823896,0.00081957,1,0.0
15032,0.2518925546067553,0.007476878570627763,-1.54e-06,0.9394841400331699,4.8120537992230235,-44.9971578389056,1.0052136313683062,12.306210309859502,0.12067054082980143,-70.68261355898328,-1.1573229341274334,24.386233068210725,0.6295741068180681,57.448483280908754,0.2719344611720337,-0.03601710964118078,0.00015748,0.036001092734004786,0.00081957,1,0.0
15033,0.2302703912078233,0.008297945861817563,-1.54e-06,0.9394841400331699,4.8120537992230235,-42.77015409180445,1.0052136313683062,14.834016090562988,0.12067054082980143,-69.56995331514081,-1.1573229341274334,1.3248476735534482,0.6295741068180681,55.91311538942469,0.2719344611720337,-0.0560903597951136,0.00015748,0.05609315745458487,0.00081957,1,0.0
15034,4.361850535639089e-05,0.09419288019441893,-1.54e-06,0.9394841400331699,4.8120537992230235,8.91396787454425,1.0052136313683062,16.10343321158359,0.12067054082980143,-31.02411099310818,-1.1573229341274334,83.19070169209009,0.6295741068180681,-4.805648420881159,0.2719344611720337,0.024435967725413746,0.00015748,0.15289676953450826,0.00081957,0,0.0
15035,0.4808467379962644,0.12518876119736308,-1.54e-06,0.9394841400331699,4.8120537992230235,72.53889559398732,1.0052136313683062,51.024541751870295,0.12067054082980143,-13.749900535244182,-1.1573229341274334,0.19351781591063194,0.6295741068180681,-25.565290253678427,0.2719344611720337,0.32101966871466114,0.00015748,1.1300948449339876,0.00081957,0,0.0
15036,0.25225981262443475,0.007703690977140136,-1.54e-06,0.9394841400331699,4.8120537992230235,-46.31264391126897,1.0052136313683062,12.486606093892462,0.12067054082980143,-75.3300105160617,-1.1573229341274334,37.88914183281511,0.6295741068180681,58.82397824548073,0.2719344611720337,-0.03531787406614277,0.00015748,0.03553627709063317,0.00081957,1,0.0
15037,0.47658443886319624,0.10935661756780003,-1.54e-06,0.9394841400331699,4.8120537992230235,76.68940620317642,1.0052136313683062,79.58930507571408,0.12067054082980143,-98.7296032916926,-1.1573229341274334,50.318727530900254,0.6295741068180681,-6.638810774457147,0.2719344611720337,0.298316002518733,0.00015748,1.5454224211833982,0.00081957,0,0.0
15038,0.599580975358986,0.14030743074560934,-1.54e-06,0.9394841400331699,4.8120537992230235,37.9695592783418,1.0052136313683062,60.86831616966002,0.12067054082980143,-89.8424571871848,-1.1573229341274334,94.20892004653409,0.6295741068180681,17.441895702943196,0.2719344611720337,0.32169450492673013,0.00015748,1.1229063655399347,0.00081957,0,0.0
15039,0.3831816943765691,0.09855613262093921,-1.54e-06,0.9394841400331699,4.8120537992230235,100.0,1.0052136313683062,70.84608681730361,0.12067054082980143,-47.95407741727024,-1.1573229341274334,-3.2264701131200684,0.6295741068180681,-36.0901223154721,0.2719344611720337,0.29840223356026796,0.00015748,1.5426656864539656,0.00081957,0,0.0
15040,0.0023862052371707437,0.0036577671160170624,-1.54e-06,0.9394841400331699,4.8120537992230235,-22.51684686560803,1.0052136313683062,10.161846722866528,0.12067054082980143,-72.18131453207057,-1.1573229341274334,98.50333531066785,0.6295741068180681,29.338017606301005,0.2719344611720337,-0.03963635810131447,0.00015748,0.039656198983379506,0.00081957,1,0.0
15041,0.26273753290403423,0.07570100854306322,-1.54e-06,0.9394841400331699,4.8120537992230235,99.95799901320255,1.0052136313683062,74.26600626340851,0.12067054082980143,-90.42919180799986,-1.1573229341274334,99.8298266788431,0.6295741068180681,-34.11511233055942,0.2719344611720337,0.29718206593359375,0.00015748,1.5754175491297544,0.00081957,0,0.0
15042,0.5418032300336912,0.13603817289840692,-1.54e-06,0.9394841400331699,4.8120537992230235,53.950112607221264,1.0052136313683062,51.362644736126214,0.12067054082980143,-41.85304117542688,-1.1573229341274334,46.10810786475173,0.6295741068180681,-5.76034876391462,0.2719344611720337,0.3262389377423084,0.00015748,1.0690353046557441,0.00081957,0,0.0
15043,0.0019250943522292063,0.018379808060652238,-1.54e-06,0.9394841400331699,4.8120537992230235,0.9412321113003456,1.0052136313683062,11.944141587860939,0.12067054082980143,-5.599458653259649,-1.1573229341274334,-29.25986002672734,0.6295741068180681,-0.145233596575024,0.2719344611720337,-0.06394056699807978,0.00015748,0.06436626657412019,0.00081957,1,0.0
15044,0.41931761711548693,0.04368712298800873,-1.54e-06,0.9394841400331699,4.8120537992230235,-57.12238124717463,1.0052136313683062,31.073225658307933,0.12067054082980143,-75.2964321559873,-1.1573229341274334,-62.33920629712798,0.6295741068180681,73.60579252307868,0.2719344611720337,-0.1264281489174684,0.00015748,0.12763531011963053,0.00081957,1,0.0
15045,0.12271507440496202,0.03159163931576235,-1.54e-06,0.9394841400331699,4.8120537992230235,-24.87848298229853,1.0052136313683062,-6.211484339834271,0.12067054082980143,-30.05938176098633,-1.1573229341274334,13.070351370478518,0.6295741068180681,32.40280149777314,0.2719344611720337,-0.06230659146897641,0.00015748,0.06267597454893474,0.00081957,1,0.0
15046,0.003980212395939456,0.0009615382410622379,-1.54e-06,0.9394841400331699,4.8120537992230235,-9.431361389310773,1.0052136313683062,0.6692349605064729,0.12067054082980143,-29.595770186767115,-1.1573229341274334,72.18671540093408,0.6295741068180681,10.802544929386675,0.2719344611720337,-0.017938029285759393,0.00015748,0.018009382703273017,0.00081957,1,0.0
15047,0.7167197792660993,0.15624598622984032,-1.54e-06,0.9394841400331699,4.8120537992230235,56.74266427699628,1.0052136313683062,85.41239453046863,0.12067054082980143,-99.51926891714851,-1.1573229341274334,-27.77317342497983,0.6295741068180681,19.667702989327655,0.2719344611720337,0.29741486642632586,0.00015748,1.5677194273071786,0.00081957,0,0.0
15048,0.2587556729390126,0.007863917538723921,-1.54e-06,0.9394841400331699,4.8120537992230235,-41.26735371345805,1.0052136313683062,12.788000038211798,0.12067054082980143,-56.226896404890496,-1.1573229341274334,-21.45741947284713,0.6295741068180681,53.65435159274665,0.2719344611720337,-0.04560874682475599,0.00015748,0.04567862678941982,0.00081957,1,0.0
15049,0.2679679608145514,0.0816422525625826,-1.54e-06,0.9394841400331699,4.8120537992230235,92.22745014525175,1.0052136313683062,57.33023571816835,0.12067054082980143,-52.30974345939269,-1.1573229341274334,92.05232273339023,0.6295741068180681,-39.32059820714751,0.2719344611720337,0.30843541825003384,0.00015748,1.31952955064349,0.00081957,0,0.0
15050,0.43660317183883857,0.16391680892255728,-1.54e-06,0.9394841400331699,4.8120537992230235,84.28886933649922,1.0052136313683062,60.0847343026299,0.12067054082980143,-12.965053945847174,-1.1573229341274334,51.446391199399066,0.6295741068180681,-42.083791650780604,0.2719344611720337,0.3773513540896932,0.00015748,1.100193402415397,0.00081957,0,0.0
15051,0.4401937329377037,0.11576974783851449,-1.54e-06,0.9394841400331699,4.8120537992230235,59.17698116986222,1.0052136313683062,49.91015701975094,0.12067054082980143,-52.35537209543171,-1.1573229341274334,97.9422777178952,0.6295741068180681,-12.737426409029815,0.2719344611720337,0.32673098420709645,0.00015748,1.0618968492959078,0.00081957,0,0.0
15052,0.304178519377739,0.15788628506086455,-1.54e-06,0.9394841400331699,4.8120537992230235,-31.43760222078612,1.0052136313683062,37.0748048159495,0.12067054082980143,-99.44788557934733,-1.1573229341274334,75.0469459024266,0.6295741068180681,51.421936050379124,0.2719344611720337,-0.005924170220343805,0.00015748,0.27232010816533986,0.00081957,1,0.0
15053,0.20438751793299842,0.016224096141946222,-1.54e-06,0.9394841400331699,4.8120537992230235,-42.693425651691015,1.0052136313683062,2.5542153630768367,0.12067054082980143,-73.30783752164271,-1.1573229341274334,99.77941842524945,0.6295741068180681,52.31148886443433,0.2719344611720337,-0.02306542708476664,0.00015748,0.022860187927297094,0.00081957,1,0.0
15054,0.4475720299355761,0.12138542497711582,-1.54e-06,0.9394841400331699,4.8120537992230235,56.590845848495,1.0052136313683062,44.69879804474431,0.12067054082980143,-41.104243322412486,-1.1573229341274334,99.86395417943338,0.6295741068180681,-14.142358375291975,0.2719344611720337,0.3352824949137845,0.00015748,0.9821861898950193,0.00081957,0,0.0
15055,0.5828468623026708,0.13654820148826183,-1.54e-06,0.9394841400331699,4.8120537992230235,63.82981969773554,1.0052136313683062,66.90399520657819,0.12067054082980143,-54.20416777989874,-1.1573229341274334,-8.093222786445951,0.6295741068180681,-4.403318299939246,0.2719344611720337,0.30935396851936725,0.00015748,1.30567151190029,0.00081957,0,0.0
15056,0.6481568835177491,0.16153731993767728,-1.54e-06,0.9394841400331699,4.8120537992230235,64.30321681422191,1.0052136313683062,52.665735299594964,0.12067054082980143,-0.57343851018296,-1.1573229341274334,-80.94944472971831,0.6295741068180681,-12.50707737483573,0.2719344611720337,0.3172638555000421,0.00015748,1.1781506759160432,0.00081957,0,0.0
15057,0.0014143433699785324,0.1326457742596673,-1.54e-06,0.9394841400331699,4.8120537992230235,8.040449598689248,1.0052136313683062,27.088255710624786,0.12067054082980143,-21.403476251472444,-1.1573229341274334,-73.54780825759521,0.6295741068180681,1.2538944446188613,0.2719344611720337,-0.08177199525527176,0.00015748,0.22722288900398604,0.00081957,1,0.0
15058,0.7700850912045941,0.18317065143547445,-1.54e-06,0.9394841400331699,4.8120537992230235,28.41263544441762,1.0052136313683062,63.32946670279364,0.12067054082980143,-89.32118200883819,-1.1573229341274334,25.764856441467504,0.6295741068180681,35.364098395357125,0.2719344611720337,0.3142153130189002,0.00015748,1.2260048724419692,0.00081957,0,0.0
15059,0.45011496586553895,0.11144336780256608,-1.54e-06,0.9394841400331699,4.8120537992230235,95.98523185077092,1.0052136313683062,71.54132769544555,0.12067054082980143,-37.67895430916289,-1.1573229341274334,-39.92987096971379,0.6295741068180681,-32.364994301835885,0.2719344611720337,0.29922466822900307,0.00015748,1.5196508252002792,0.00081957,0,0.0
15060,0.04152805967681189,0.02973122623246263,-1.54e-06,0.9394841400331699,4.8120537992230235,-15.733112679443272,1.0052136313683062,20.116366845519146,0.12067054082980143,-47.87966448187331,-1.1573229341274334,2.016860256979535,0.6295741068180681,22.064205842671672,0.2719344611720337,-0.0969856697853575,0.00015748,0.09715707266431028,0.00081957,1,0.0
15061,0.29880359306358795,0.02100811809636785,-1.54e-06,0.9394841400331699,4.8120537992230235,-47.61299624136955,1.0052136313683062,21.961644688054918,0.12067054082980143,-65.96415806499228,-1.1573229341274334,-77.43745444523717,0.6295741068180681,64.24511485564292,0.2719344611720337,-0.10098078491544707,0.00015748,0.10097278510587163,0.00081957,1,0.0
15062,0.7329638313973446,0.19936826723618253,-1.54e-06,0.9394841400331699,4.8120537992230235,44.77027877511184,1.0052136313683062,65.2630698530885,0.12067054082980143,-20.15676072113826,-1.1573229341274334,-53.959468637975334,0.6295741068180681,1.800370744305345,0.2719344611720337,0.33234292990460834,0.00015748,1.0077521747937195,0.00081957,0,0.0
15063,0.0005923182370754648,0.01882427584673491,-1.54e-06,0.9394841400331699,4.8120537992230235,-0.3819676368176671,1.0052136313683062,12.071519372576697,0.12067054082980143,-11.088286281997354,-1.1573229341274334,-10.065516721575602,0.6295741068180681,1.0213857072655192,0.2719344611720337,-0.06474958305585632,0.00015748,0.0650193743953236,0.00081957,1,0.0
15064,0.0007829184488430396,0.09577630132283775,-1.54e-06,0.9394841400331699,4.8120537992230235,10.767847113609463,1.0052136313683062,19.84034787853963,0.12067054082980143,-12.429129135360226,-1.1573229341274334,9.887653484385616,0.6295741068180681,-8.677822749294094,0.2719344611720337,-0.037666604513317915,0.00015748,0.1524888223065439,0.00081957,1,0.0
15065,0.16234236712585853,0.009975984668419223,-1.54e-06,0.9394841400331699,4.8120537992230235,-34.590157572424765,1.0052136313683062,16.408037233982448,0.12067054082980143,-64.98279508084352,-1.1573229341274334,0.9185132123576183,0.6295741068180681,46.07856931209074,0.2719344611720337,-0.07008577996685797,0.00015748,0.06998832266897237,0.00081957,1,0.0
15066,0.5039344061226294,0.11760606871271019,-1.54e-06,0.9394841400331699,4.8120537992230235,100.0,1.0052136313683062,84.67822665921241,0.12067054082980143,-61.66045034077466,-1.1573229341274334,-60.516852938265075,0.6295741068180681,-24.570069148687786,0.2719344611720337,0.29186329871818983,0.00015748,1.7408506331773737,0.00081957,0,0.0
15067,1.0085166989917098,0.23244124323310636,-1.54e-06,0.9394841400331699,4.8120537992230235,7.570364698962217,1.0052136313683062,78.4643512108787,0.12067054082980143,-98.39921683368516,-1.1573229341274334,-48.745186447415186,0.6295741068180681,61.475800768683065,0.2719344611720337,0.31368414283232426,0.00015748,1.2271657307128832,0.00081957,0,0.0
15068,0.10591389632997109,0.03791661245386191,-1.54e-06,0.9394841400331699,4.8120537992230235,-20.757422834558803,1.0052136313683062,16.377405995314295,0.12067054082980143,-55.47554013913135,-1.1573229341274334,95.69101249615721,0.6295741068180681,23.90421649121347,0.2719344611720337,-0.09280515468954256,0.00015748,0.10445672005835546,0.00081957,1,0.0
15069,0.487322910588581,0.025691112894739687,-1.54e-06,0.9394841400331699,4.8120537992230235,-54.69203815183749,1.0052136313683062,9.942241500474516,0.12067054082980143,-33.33516446139426,-1.1573229341274334,-91.27196625714832,0.6295741068180681,68.69867265808014,0.2719344611720337,-0.016775003434305196,0.00015748,0.016486037373781928,0.00081957,1,0.0
15070,0.010548760569159737,0.031770531152835166,-1.54e-06,0.9394841400331699,4.8120537992230235,-12.303916817090531,1.0052136313683062,19.183336807917453,0.12067054082980143,-40.821690939756216,-1.1573229341274334,-36.956197343860985,0.6295741068180681,19.773463105997156,0.2719344611720337,-0.10532122255973726,0.00015748,0.10554864040569352,0.00081957,1,0.0
15071,6.904423469478171e-05,0.2241438559689042,-1.54e-06,0.9394841400331699,4.8120537992230235,-12.962579536669217,1.0052136313683062,46.35175399625163,0.12067054082980143,-82.0948215384738,-1.1573229341274334,-50.440269144196336,0.6295741068180681,27.764114881362218,0.2719344611720337,-0.19837533170542251,0.00015748,0.28535691799709473,0.00081957,1,0.0
15072,0.29329658191185715,0.08859480918500279,-1.54e-06,0.9394841400331699,4.8120537992230235,95.72320663537543,1.0052136313683062,54.209981468855226,0.12067054082980143,-26.558436458666147,-1.1573229341274334,47.22159707299394,0.6295741068180681,-45.684265570846804,0.2719344611720337,0.31038976514324396,0.00015748,1.2857947635345082,0.00081957,0,0.0
15073,0.212596507836863,0.019556945091123254,-1.54e-06,0.9394841400331699,4.8120537992230235,-24.942724425891694,1.0052136313683062,-1.8919035941856917,0.12067054082980143,-20.16163946641735,-1.1573229341274334,43.531032156345375,0.6295741068180681,27.894832612229745,0.2719344611720337,-0.05917550693338684,0.00015748,0.059408613784325104,0.00081957,1,0.0
15074,0.9766032282577328,0.2541982338840271,-1.54e-06,0.9394841400331699,4.8120537992230235,14.012700933481241,1.0052136313683062,70.18324243505174,0.12067054082980143,-43.376165171624805,-1.1573229341274334,-74.62663278112655,0.6295741068180681,38.37653677081387,0.2719344611720337,0.33622285399712304,0.00015748,0.9780435750296197,0.00081957,0,0.0
15075,0.06600212638496197,0.03715960680039281,-1.54e-06,0.9394841400331699,4.8120537992230235,-19.658332212129753,1.0052136313683062,21.720086897466683,0.12067054082980143,-46.37004356380522,-1.1573229341274334,-67.61842321821372,0.6295741068180681,30.176595086888035,0.2719344611720337,-0.12239148832519622,0.00015748,0.12229858752213801,0.00081957,1,0.0
15076,0.38414237507683496,0.09531763472895184,-1.54e-06,0.9394841400331699,4.8120537992230235,99.0997332353474,1.0052136313683062,81.55740214439912,0.12067054082980143,-81.89061707161922,-1.1573229341274334,25.451437645094522,0.6295741068180681,-27.70410301687932,0.2719344611720337,0.29425476142474727,0.00015748,1.6671290424375171,0.00081957,0,0.0
15077,0.21475232510216105,0.006708941941410394,-1.54e-06,0.9394841400331699,4.8120537992230235,-42.29552351452535,1.0052136313683062,13.965715165181278,0.12067054082980143,-73.39451938082081,-1.1573229341274334,27.256136585855355,0.6295741068180681,54.59513469398763,0.2719344611720337,-0.047856676121130065,0.00015748,0.0478098841033433,0.00081957,1,0.0
15078,0.3773678382549923,0.09995818055373545,-1.54e-06,0.9394841400331699,4.8120537992230235,72.37740599267454,1.0052136313683062,58.21443994108059,0.12067054082980143,-61.662246824528886,-1.1573229341274334,93.72309678388294,0.6295741068180681,-20.986547198062276,0.2719344611720337,0.3155160833247893,0.00015748,1.20471218275391,0.00081957,0,0.0
15079,0.2717476143638004,0.03323606421394131,-1.54e-06,0.9394841400331699,4.8120537992230235,-48.70899171216793,1.0052136313683062,26.768887963724275,0.12067054082980143,-78.63880560414543,-1.1573229341274334,-74.11421278232311,0.6295741068180681,66.72813085132621,0.2719344611720337,-0.12827744709719882,0.00015748,0.12844167379324625,0.00081957,1,0.0
15080,0.6797585442481765,0.16262927073756062,-1.54e-06,0.9394841400331699,4.8120537992230235,56.27732315000691,1.0052136313683062,60.10345374676557,0.12067054082980143,-24.798285479144685,-1.1573229341274334,-61.37169571957494,0.6295741068180681,-1.3577986675431153,0.2719344611720337,0.31640895144819403,0.00015748,1.1949117013860318,0.00081957,0,0.0
15081,0.0011916797691368664,0.057430380510108965,-1.54e-06,0.9394841400331699,4.8120537992230235,-1.0826551981604233,1.0052136313683062,22.545454343686192,0.12067054082980143,-13.705128916779373,-1.1573229341274334,-91.16737247509317,0.6295741068180681,5.635784895397768,0.2719344611720337,-0.1256794955931755,0.00015748,0.12532173744441036,0.00081957,1,0.0
15082,0.5646642648565712,0.14197032764129408,-1.54e-06,0.9394841400331699,4.8120537992230235,64.18949037038354,1.0052136313683062,52.63660961984831,0.12067054082980143,-14.113361401083074,-1.1573229341274334,-23.469468438806086,0.6295741068180681,-15.84750507408586,0.2719344611720337,0.32198933735397894,0.00015748,1.116601998735237,0.00081957,0,0.0
15083,0.9702584595825052,0.22474060133597742,-1.54e-06,0.9394841400331699,4.8120537992230235,4.900601530068152,1.0052136313683062,74.31910914916506,0.12067054082980143,-99.6790548382533,-1.1573229341274334,-14.43439019730829,0.6295741068180681,59.9835569197259,0.2719344611720337,0.3197275633087842,0.00015748,1.14411410666643,0.00081957,0,0.0
15084,0.13518490179882336,0.007228087287229997,-1.54e-06,0.9394841400331699,4.8120537992230235,-28.770404400252435,1.0052136313683062,11.890572108177254,0.12067054082980143,-50.95422187321554,-1.1573229341274334,-12.820183142398703,0.6295741068180681,38.942555789974,0.2719344611720337,-0.057737463817072766,0.00015748,0.057869617819472884,0.00081957,1,0.0
15085,0.13745138738501284,0.005368258678954717,-1.54e-06,0.9394841400331699,4.8120537992230235,-41.166528780377256,1.0052136313683062,13.720652369023089,0.12067054082980143,-91.93260859524624,-1.1573229341274334,88.02549100148406,0.6295741068180681,52.97114356671791,0.2719344611720337,-0.04635590470945332,0.00015748,0.04644418434738527,0.00081957,1,0.0
15086,0.51486435647364,0.12949088847563558,-1.54e-06,0.9394841400331699,4.8120537992230235,77.1525984940681,1.0052136313683062,58.36609112881676,0.12067054082980143,-13.784346153259447,-1.1573229341274334,-39.21245579148853,0.6295741068180681,-25.474360932592734,0.2719344611720337,0.3137580788570844,0.00015748,1.230771537598994,0.00081957,0,0.0
15087,0.32146034026392484,0.03733774451921283,-1.54e-06,0.9394841400331699,4.8120537992230235,-52.89559239311376,1.0052136313683062,26.047537061572406,0.12067054082980143,-91.89674722529935,-1.1573229341274334,54.874542125490905,0.6295741068180681,65.4582070100123,0.2719344611720337,-0.11439983571731693,0.00015748,0.1145188088932019,0.00081957,1,0.0
15088,0.22920741757004715,0.004615279923576128,-1.54e-06,0.9394841400331699,4.8120537992230235,-27.296989954214716,1.0052136313683062,8.832010783400872,0.12067054082980143,-22.437429039304448,-1.1573229341274334,-50.81537121287376,0.6295741068180681,35.03694053050514,0.2719344611720337,-0.029178917916053194,0.00015748,0.029175091513641237,0.00081957,1,0.0
15089,0.0699800098211746,0.023773872217616475,-1.54e-06,0.9394841400331699,4.8120537992230235,-23.138931475330335,1.0052136313683062,18.865907822112785,0.12067054082980143,-55.08040076718223,-1.1573229341274334,-30.009608640957453,0.6295741068180681,33.589619115742366,0.2719344611720337,-0.10127663783721112,0.00015748,0.10131315088221292,0.00081957,1,0.0
15090,0.0097207889355424,0.0001709021411515424,-1.54e-06,0.9394841400331699,4.8120537992230235,-7.620286504802148,1.0052136313683062,1.7532489264427429,0.12067054082980143,-21.879034427807852,-1.1573229341274334,40.40890196717982,0.6295741068180681,9.291652773328062,0.2719344611720337,-0.00749644876380855,0.00015748,0.00750010323048671,0.00081957,1,0.0
15091,0.47750240730904536,0.1197367735081242,-1.54e-06,0.9394841400331699,4.8120537992230235,81.54431256863727,1.0052136313683062,60.178482329337655,0.12067054082980143,-26.23508605639728,-1.1573229341274334,-19.96548883772857,0.6295741068180681,-26.397596221268476,0.2719344611720337,0.30882101686323116,0.00015748,1.3105072975293663,0.00081957,0,0.0
15092,0.38706007875923976,0.11066654367625964,-1.54e-06,0.9394841400331699,4.8120537992230235,80.51265916071941,1.0052136313683062,44.591261892099155,0.12067054082980143,-4.597930701628504,-1.1573229341274334,28.86500898171928,0.6295741068180681,-37.939009477959736,0.2719344611720337,0.32434174806111793,0.00015748,1.0909587341841465,0.00081957,0,0.0
15093,0.43341552264984823,0.018751597557249797,-1.54e-06,0.9394841400331699,4.8120537992230235,-53.353199224040985,1.0052136313683062,12.266159897401376,0.12067054082980143,-46.8271675231587,-1.1573229341274334,-53.69751025819294,0.6295741068180681,66.96151402133039,0.2719344611720337,-0.030829455332024358,0.00015748,0.030765287084282042,0.00081957,1,0.0
15094,0.5088672631953647,0.0353354153624985,-1.54e-06,0.9394841400331699,4.8120537992230235,-51.22126880825995,1.0052136313683062,6.769486471645763,0.12067054082980143,-19.499616401914903,-1.1573229341274334,-78.54135795441871,0.6295741068180681,62.16184370426946,0.2719344611720337,-0.03832109005049809,0.00015748,0.03834316554690225,0.00081957,1,0.0
15095,0.18319118263564532,0.0038434665389451353,-1.54e-06,0.9394841400331699,4.8120537992230235,-30.152777204459348,1.0052136313683062,8.757549913636234,0.12067054082980143,-43.802703928032884,-1.1573229341274334,4.701284560264447,0.6295741068180681,38.48805055938374,0.2719344611720337,-0.026764341196753926,0.00015748,0.026593335558515393,0.00081957,1,0.0
15096,0.4400812478936007,0.03883602396540152,-1.54e-06,0.9394841400331699,4.8120537992230235,-58.103148839993274,1.0052136313683062,6.400663881444082,0.12067054082980143,-61.5745948595659,-1.1573229341274334,43.50308047487312,0.6295741068180681,69.54955674437541,0.2719344611720337,-0.05890643128309944,0.00015748,0.059398923884151966,0.00081957,1,0.0
15097,0.31089591328859656,0.012260137421157374,-1.54e-06,0.9394841400331699,4.8120537992230235,-55.43953687329495,1.0052136313683062,16.997378857580664,0.12067054082980143,-86.4895629998219,-1.1573229341274334,9.146952104123283,0.6295741068180681,71.70102140135552,0.2719344611720337,-0.05762733719722944,0.00015748,0.05768998633944632,0.00081957,1,0.0
15098,0.2148643355056715,0.012282822502905287,-1.54e-06,0.9394841400331699,4.8120537992230235,-32.72265387419635,1.0052136313683062,16.246358135570276,0.12067054082980143,-42.836351723048445,-1.1573229341274334,-69.9004711426075,0.6295741068180681,44.570532845879264,0.2719344611720337,-0.07741715554838786,0.00015748,0.07760264903671805,0.00081957,1,0.0
15099,0.5534388985630552,0.12822284465950093,-1.54e-06,0.9394841400331699,4.8120537992230235,79.08750542301688,1.0052136313683062,74.72025330794796,0.12067054082980143,-57.852793805513905,-1.1573229341274334,-33.75473911094255,0.6295741068180681,-12.30333086983825,0.2719344611720337,0.29996346227024284,0.00015748,1.4997253384055385,0.00081957,0,0.0
15100,0.006915886486076507,2.7170787774680062e-06,-1.54e-06,1.6199819781792681,12.447498086741032,-72.2066369866174,1.0052136313683062,10.709388794393996,0.12067054082980143,-89.24536336990803,-1.1573229341274334,84.02146710175482,0.6295741068180681,44.39355642666383,0.2719344611720337,-0.0010303617786626895,0.00015748,0.0010302284418442502,0.00081957,1,0.0
15101,0.01601720795896474,9.79749699726757e-06,-1.54e-06,1.6199819781792681,12.447498086741032,-42.16013088651555,1.0052136313683062,0.9533994846593044,0.12067054082980143,-6.544408591209297,-1.1573229341274334,-61.22215999195173,0.6295741068180681,24.110969298689735,0.2719344611720337,-0.00038079029955686433,0.00015748,0.0003825498975003716,0.00081957,1,0.0
15102,8.685184496627293e-05,0.0005473673983300578,-1.54e-06,1.6199819781792681,12.447498086741032,47.51496359484203,1.0052136313683062,34.9666113792975,0.12067054082980143,-0.10624574686260377,-1.1573229341274334,-20.08074565354593,0.6295741068180681,-30.335590181569764,0.2719344611720337,-0.004884823422620848,0.00015748,0.004892492905461603,0.00081957,1,0.0
15103,0.05414625041298636,0.000392548678342114,-1.54e-06,1.6199819781792681,12.447498086741032,-88.70593314501716,1.0052136313683062,35.172874986957574,0.12067054082980143,-20.785549780007194,-1.1573229341274334,-62.911128129207505,0.6295741068180681,46.193066531083325,0.2719344611720337,-0.0052319427354439035,0.00015748,0.00523408387308605,0.00081957,1,0.0
15104,3.1192862369584795e-05,0.0006040964523397043,-1.54e-06,1.6199819781792681,12.447498086741032,44.03094226343296,1.0052136313683062,37.68624459878741,0.12067054082980143,-10.538153084125653,-1.1573229341274334,9.31184154690724,0.6295741068180681,-28.276343851710827,0.2719344611720337,-0.005205894475674955,0.00015748,0.005206395713075896,0.00081957,1,0.0
15105,0.03299340687794473,3.4286922267164856e-05,-1.54e-06,1.6199819781792681,12.447498086741032,-82.34152720414376,1.0052136313683062,6.361449606528935,0.12067054082980143,-25.87125272063454,-1.1573229341274334,36.46775077828676,0.6295741068180681,45.85085518390966,0.2719344611720337,-0.0014016234333761987,0.00015748,0.0014014154278430993,0.00081957,1,0.0
15106,0.05207757917399387,0.00016554480518998158,-1.54e-06,1.6199819781792681,12.447498086741032,-98.47039066696779,1.0052136313683062,20.312721542001015,0.12067054082980143,-18.007083451596163,-1.1573229341274334,12.1050369098947,0.6295741068180681,52.4362960743872,0.2719344611720337,-0.0035620055541577557,0.00015748,0.0035596986386256016,0.00081957,1,0.0
15107,0.021973838979298776,0.0009767949842895615,-1.54e-06,1.6199819781792681,12.447498086741032,-3.6200767338826205,1.0052136313683062,53.12803002000903,0.12067054082980143,-29.634141468952894,-1.1573229341274334,-93.03607266645881,0.6295741068180681,-1.5672161640539557,0.2719344611720337,-0.0071081931766401405,0.00015748,0.007130438182381226,0.00081957,1,0.0
15108,0.04205443601587519,0.0008259673419641888,-1.54e-06,1.6199819781792681,12.447498086741032,-42.601549450999194,1.0052136313683062,49.01908240896139,0.12067054082980143,-21.127197889979165,-1.1573229341274334,-45.12271922648922,0.6295741068180681,19.028708936236953,0.2719344611720337,-0.006950041026370177,0.00015748,0.006960985113343587,0.00081957,1,0.0
15109,0.0029019642026057646,1.747762270614122e-06,-1.54e-06,1.6199819781792681,12.447498086741032,-47.07793806672276,1.0052136313683062,5.928482864784553,0.12067054082980143,-61.69831307977075,-1.1573229341274334,73.4991674660063,0.6295741068180681,29.16611057338627,0.2719344611720337,-0.0006276488242949109,0.00015748,0.0006278436085388542,0.00081957,1,0.0
15110,0.07462942876028167,0.0010791521644216697,-1.54e-06,1.6199819781792681,12.447498086741032,-97.75154109147795,1.0052136313683062,53.924969594596,0.12067054082980143,-18.334537873112087,-1.1573229341274334,56.58761093922884,0.6295741068180681,47.15221227637758,0.2719344611720337,-0.008470504225528364,0.00015748,0.008474689438135025,0.00081957,1,0.0
15111,6.367987862007651e-06,0.0006424288222390756,-1.54e-06,1.6199819781792681,12.447498086741032,30.915218094466674,1.0052136313683062,41.238649349313725,0.12067054082980143,-28.14451611686896,-1.1573229341274334,-45.625922895508296,0.6295741068180681,-19.505118638460893,0.2719344611720337,-0.005430633229236951,0.00015748,0.0054501929245436825,0.00081957,1,0.0
15112,0.04914117796051749,0.00035005813114711074,-1.54e-06,1.6199819781792681,12.447498086741032,-70.74305354656144,1.0052136313683062,30.869395724563706,0.12067054082980143,-9.788075987667826,-1.1573229341274334,4.072237618494256,0.6295741068180681,35.316845321882916,0.2719344611720337,-0.00491953248691622,0.00015748,0.0049201233273941086,0.00081957,1,0.0
15113,0.011629370705934793,0.0004002848214217105,-1.54e-06,1.6199819781792681,12.447498086741032,-50.912527466268564,1.0052136313683062,42.44801687226715,0.12067054082980143,-99.25131711175511,-1.1573229341274334,7.066985812358882,0.6295741068180681,30.22236835485779,0.2719344611720337,-0.005036290194994491,0.00015748,0.005036205618464376,0.00081957,1,0.0
15114,0.00020954193393206422,0.0016430966487604604,-1.54e-06,1.6199819781792681,12.447498086741032,76.90211933744261,1.0052136313683062,61.68333968875447,0.12067054082980143,-7.3925112524957735,-1.1573229341274334,-45.22724505763378,0.6295741068180681,-49.05089208522971,0.2719344611720337,-0.008527155865664469,0.00015748,0.008535319115949413,0.00081957,1,0.0
15115,0.02454299979850806,2.3762954728900484e-05,-1.54e-06,1.6199819781792681,12.447498086741032,-69.33986452189154,1.0052136313683062,11.877685548201288,0.12067054082980143,-38.82857564698066,-1.1573229341274334,5.863201422481376,0.6295741068180681,39.413661070361016,0.2719344611720337,-0.001465775167867958,0.00015748,0.0014666464776028792,0.00081957,1,0.0
15116,0.04615024758297377,0.0008761822757379859,-1.54e-06,1.6199819781792681,12.447498086741032,-56.581549210754936,1.0052136313683062,51.01473975623015,0.12067054082980143,-36.38596645433282,-1.1573229341274334,47.26761315035388,0.6295741068180681,26.652364569359673,0.2719344611720337,-0.007272180983471502,0.00015748,0.007290607637286875,0.00081957,1,0.0
15117,0.002827108444936624,8.41518857730159e-05,-1.54e-06,1.6199819781792681,12.447498086741032,-26.806279607748984,1.0052136313683062,-12.804534966603637,0.12067054082980143,-2.397354157443875,-1.1573229341274334,-13.641954665942615,0.6295741068180681,16.679973804554464,0.2719344611720337,-0.0018369369167680547,0.00015748,0.0018363570220607038,0.00081957,1,0.0
15118,0.017387862384704633,0.0004968026508401566,-1.54e-06,1.6199819781792681,12.447498086741032,-98.30536139258382,1.0052136313683062,-27.561013722245896,0.12067054082980143,-20.75563813374814,-1.1573229341274334,-80.9746447978779,0.6295741068180681,59.9313149365981,0.2719344611720337,-0.004149884605708443,0.00015748,0.004153586277697928,0.00081957,1,0.0
15119,0.004584465324393057,0.0005682542977957037,-1.54e-06,1.6199819781792681,12.447498086741032,-62.624919811923476,1.0052136313683062,-34.05558821547168,0.12067054082980143,-4.225255760252374,-1.1573229341274334,-27.822681441370865,0.6295741068180681,39.36911901331097,0.2719344611720337,-0.0048622978770431705,0.00015748,0.004865923231216233,0.00081957,1,0.0
15120,0.0036967821048415235,4.480215814457066e-06,-1.54e-06,1.6199819781792681,12.447498086741032,-54.93582021480423,1.0052136313683062,9.782402294562281,0.12067054082980143,-68.73626892861083,-1.1573229341274334,-24.464856331567358,0.6295741068180681,34.5949001212339,0.2719344611720337,-0.001107485082917499,0.00015748,0.0011080414381310136,0.00081957,1,0.0
15121,0.0076389657724618976,0.0004689978157497505,-1.54e-06,1.6199819781792681,12.447498086741032,-93.18006205165665,1.0052136313683062,-26.084391733019338,0.12067054082980143,-49.553364992508,-1.1573229341274334,43.79728586075022,0.6295741068180681,57.91687727201823,0.2719344611720337,-0.004121287798411958,0.00015748,0.004121777902283182,0.00081957,1,0.0
15122,0.005143880077624392,8.834227267096425e-06,-1.54e-06,1.6199819781792681,12.447498086741032,-59.376834994317335,1.0052136313683062,12.601468119699321,0.12067054082980143,-70.15722206783045,-1.1573229341274334,-97.02441210004332,0.6295741068180681,37.558752956003,0.2719344611720337,-0.0014151618256418707,0.00015748,0.001416524535088655,0.00081957,1,0.0
15123,3.943058699805435e-05,0.00115003867854659,-1.54e-06,1.6199819781792681,12.447498086741032,60.65771192808256,1.0052136313683062,42.32405194992889,0.12067054082980143,-5.8541958776616365,-1.1573229341274334,33.1243577732853,0.6295741068180681,-37.06358454340883,0.2719344611720337,-0.005378336831308225,0.00015748,0.00614188128793695,0.00081957,1,0.0
15124,0.016617188730319095,0.00011497637782155158,-1.54e-06,1.6199819781792681,12.447498086741032,-36.89219893266362,1.0052136313683062,20.992917331398285,0.12067054082980143,-40.54586152938712,-1.1573229341274334,79.83999453680337,0.6295741068180681,19.821760260293406,0.2719344611720337,-0.00274959888406982,0.00015748,0.002753698686188673,0.00081957,1,0.0
15125,0.0009737238060381036,7.54835137409115e-06,-1.54e-06,1.6199819781792681,12.447498086741032,-28.266728277334458,1.0052136313683062,8.601386936047218,0.12067054082980143,-38.144963994666256,-1.1573229341274334,-94.91100409390523,0.6295741068180681,18.457203944356724,0.2719344611720337,-0.0010353058982811745,0.00015748,0.0010365753191701734,0.00081957,1,0.0
15126,0.019033778020824857,0.001086384449547372,-1.54e-06,1.6199819781792681,12.447498086741032,-0.9974856937814784,1.0052136313683062,56.6091467146656,0.12067054082980143,-41.09599326631842,-1.1573229341274334,-67.78667071769917,0.6295741068180681,-2.82810392899373,0.2719344611720337,-0.007502845690572385,0.00015748,0.007511502319996144,0.00081957,1,0.0
15127,0.0005604256613533365,0.0005736501147179596,-1.54e-06,1.6199819781792681,12.447498086741032,11.247125914418229,1.0052136313683062,42.26012264274979,0.12067054082980143,-48.1996462438797,-1.1573229341274334,-90.20507899725436,0.6295741068180681,-6.809655046294952,0.2719344611720337,-0.005351990487699152,0.00015748,0.005353030976103015,0.00081957,1,0.0
15128,0.023437930515472515,2.7090535599614972e-05,-1.54e-06,1.6199819781792681,12.447498086741032,-87.39958507387779,1.0052136313683062,2.321456949958715,0.12067054082980143,-40.453185564738426,-1.1573229341274334,-96.13229853535505,0.6295741068180681,51.79353229727174,0.2719344611720337,-0.0001677003295739711,0.00015748,0.00017026723442527622,0.00081957,1,0.0
15129,0.028486367014773147,0.0007066002699065197,-1.54e-06,1.6199819781792681,12.447498086741032,-56.820974969019204,1.0052136313683062,51.060245485357626,0.12067054082980143,-81.15767680690129,-1.1573229341274334,54.138044810823814,0.6295741068180681,30.3418049635073,0.2719344611720337,-0.006529960665281026,0.00015748,0.006540927643497134,0.00081957,1,0.0
15130,0.007670426105672498,7.487034027606161e-07,-1.54e-06,1.6199819781792681,12.447498086741032,-43.473161869594755,1.0052136313683062,6.288943039139537,0.12067054082980143,-37.1598355458428,-1.1573229341274334,-66.53596506675085,0.6295741068180681,26.67652771147602,0.2719344611720337,-0.0005953759337490615,0.00015748,0.0005954400256652782,0.00081957,1,0.0
15131,0.02717504152741885,2.248473822458648e-05,-1.54e-06,1.6199819781792681,12.447498086741032,-66.40331367917622,1.0052136313683062,4.105144380033638,0.12067054082980143,-13.540193941712667,-1.1573229341274334,-36.437607163101596,0.6295741068180681,37.236434871908386,0.2719344611720337,-0.0009704929941503493,0.00015748,0.0009718640594132982,0.00081957,1,0.0
15132,0.02487460837814539,0.0007448545407775618,-1.54e-06,1.6199819781792681,12.447498086741032,-41.91547861327925,1.0052136313683062,50.956559452056744,0.12067054082980143,-72.33444934537111,-1.1573229341274334,49.250675857835866,0.6295741068180681,21.52876110657522,0.2719344611720337,-0.006591098980833716,0.00015748,0.006593336447141758,0.00081957,1,0.0
15133,0.015908205503554592,0.0008199837377052854,-1.54e-06,1.6199819781792681,12.447498086741032,-33.1544232330984,1.0052136313683062,54.00070589205154,0.12067054082980143,-91.4140523153072,-1.1573229341274334,79.33635960774247,0.6295741068180681,17.571353298193863,0.2719344611720337,-0.006815736067147469,0.00015748,0.006819057101419324,0.00081957,1,0.0
15134,0.022315675386068115,0.0003544521278256135,-1.54e-06,1.6199819781792681,12.447498086741032,-20.7768615514414,1.0052136313683062,32.87073721052076,0.12067054082980143,-17.224294726505352,-1.1573229341274334,-69.67376766016056,0.6295741068180681,9.176013271527063,0.2719344611720337,-0.004471269536748843,0.00015748,0.0044742231291508144,0.00081957,1,0.0
15135,0.00012102541001625042,0.0001779648589037264,-1.54e-06,1.6199819781792681,12.447498086741032,-24.52235081153772,1.0052136313683062,28.400278434588277,0.12067054082980143,-68.20112883402217,-1.1573229341274334,-91.65156329115665,0.6295741068180681,16.207730096582473,0.2719344611720337,-0.0033421409106453477,0.00015748,0.003341559984267918,0.00081957,1,0.0
15136,0.00223284975713385,1.7096408431273143e-06,-1.54e-06,1.6199819781792681,12.447498086741032,-8.662974135160969,1.0052136313683062,3.3328079788653056,0.12067054082980143,-6.62353104066693,-1.1573229341274334,-50.257812691646976,0.6295741068180681,5.381011661104513,0.2719344611720337,-0.00036297163021390105,0.00015748,0.000362748432499341,0.00081957,1,0.0
15137,3.0024252017837177e-05,0.00016370984359431433,-1.54e-06,1.6199819781792681,12.447498086741032,-21.958953864278424,1.0052136313683062,26.541094863781826,0.12067054082980143,-71.40932346396495,-1.1573229341274334,46.89285801637408,0.6295741068180681,13.802158716532407,0.2719344611720337,-0.0031482404178073123,0.00015748,0.0031482911886114816,0.00081957,1,0.0
15138,0.027846326513204223,0.0004191761442244157,-1.54e-06,1.6199819781792681,12.447498086741032,-41.57220554505094,1.0052136313683062,38.06999867763157,0.12067054082980143,-35.406520428214996,-1.1573229341274334,-78.33699389388264,0.6295741068180681,21.426862697676988,0.2719344611720337,-0.005009256756813973,0.00015748,0.005012186755897071,0.00081957,1,0.0
15139,0.014748817851263423,5.338553471265083e-05,-1.54e-06,1.6199819781792681,12.447498086741032,-92.01013623471319,1.0052136313683062,-1.2375772181698705,0.12067054082980143,-72.48159842686579,-1.1573229341274334,71.08455441697546,0.6295741068180681,55.562817796891785,0.2719344611720337,-0.000817590896389543,0.00015748,0.0008168283490951547,0.00081957,1,0.0
15140,0.00749813247836866,0.0001734710941919693,-1.54e-06,1.6199819781792681,12.447498086741032,-99.75161971978504,1.0052136313683062,-8.910435351372417,0.12067054082980143,-85.28450345289959,-1.1573229341274334,43.30467635899308,0.6295741068180681,62.15005151039866,0.2719344611720337,-0.0022485955751956163,0.00015748,0.0022453295952720447,0.00081957,1,0.0
15141,0.014845264606334743,0.0008269645712848579,-1.54e-06,1.6199819781792681,12.447498086741032,23.927709054286552,1.0052136313683062,45.75948839145883,0.12067054082980143,-4.0205925125870925,-1.1573229341274334,-82.84910852339331,0.6295741068180681,-17.89084148553223,0.2719344611720337,-0.006355999511681875,0.00015748,0.006354746814352018,0.00081957,1,0.0
15142,0.004281997703229001,4.368928004787203e-06,-1.54e-06,1.6199819781792681,12.447498086741032,-54.97234684000454,1.0052136313683062,9.890944255996121,0.12067054082980143,-69.77279107195314,-1.1573229341274334,10.640194454055061,0.6295741068180681,34.30327958757365,0.2719344611720337,-0.001047516127946403,0.00015748,0.00104899861055885,0.00081957,1,0.0
15143,0.007091853915374584,0.00015102229544881757,-1.54e-06,1.6199819781792681,12.447498086741032,-82.28126368801554,1.0052136313683062,-10.138269886847782,0.12067054082980143,-61.17864382627382,-1.1573229341274334,-1.9465827311253845,0.6295741068180681,51.30958599379293,0.2719344611720337,-0.0021650178668355374,0.00015748,0.0021684525998133383,0.00081957,1,0.0
15144,0.013158169428286903,9.94714403646965e-05,-1.54e-06,1.6199819781792681,12.447498086741032,-24.997964281114687,1.0052136313683062,18.49178032579954,0.12067054082980143,-32.10153185275801,-1.1573229341274334,91.93566504534255,0.6295741068180681,12.831168121439106,0.2719344611720337,-0.0024979184288428857,0.00015748,0.00250076235334939,0.00081957,1,0.0
15145,0.02923401920227732,0.0008309685366007563,-1.54e-06,1.6199819781792681,12.447498086741032,-18.39396042769062,1.0052136313683062,48.937744674546956,0.12067054082980143,-22.818749692366076,-1.1573229341274334,-79.18802603772207,0.6295741068180681,6.362994443324892,0.2719344611720337,-0.006681631830023428,0.00015748,0.00671053907206415,0.00081957,1,0.0
15146,8.48309748056348e-05,0.001161862009715462,-1.54e-06,1.6199819781792681,12.447498086741032,-22.695231139922925,1.0052136313683062,-16.199236132153093,0.12067054082980143,-11.236361180334141,-1.1573229341274334,-44.53381696469317,0.6295741068180681,19.924478620018863,0.2719344611720337,-0.0022111324178686388,0.00015748,0.00416937812138932,0.00081957,1,0.0
15147,0.0137227912362438,0.00013717177606324546,-1.54e-06,1.6199819781792681,12.447498086741032,-51.63025653905135,1.0052136313683062,-15.427317653172366,0.12067054082980143,-2.1881578365913437,-1.1573229341274334,23.732814279036564,0.6295741068180681,30.162989940671007,0.2719344611720337,-0.0021663067746560366,0.00015748,0.0021665301309065107,0.00081957,1,0.0
15148,0.02986373170275056,0.0003261691124849165,-1.54e-06,1.6199819781792681,12.447498086741032,-51.53907749028147,1.0052136313683062,34.0150697919328,0.12067054082980143,-40.514749168699154,-1.1573229341274334,1.419859288969639,0.6295741068180681,26.951104795208686,0.2719344611720337,-0.004557344920476263,0.00015748,0.004559462849089281,0.00081957,1,0.0
15149,0.014310297035199392,0.0008587097023535145,-1.54e-06,1.6199819781792681,12.447498086741032,21.914849131976737,1.0052136313683062,46.41135939228635,0.12067054082980143,-17.768192695986272,-1.1573229341274334,56.23666921615258,0.6295741068180681,-17.267252768879256,0.2719344611720337,-0.006531658239238231,0.00015748,0.0065344742341396245,0.00081957,1,0.0
15150,6.582710577444917e-05,0.0011884030413642026,-1.54e-06,1.6199819781792681,12.447498086741032,48.675964614000975,1.0052136313683062,55.29412413875721,0.12067054082980143,-28.762731872129496,-1.1573229341274334,-66.84682853322963,0.6295741068180681,-30.79514885465194,0.2719344611720337,-0.007370547595715761,0.00015748,0.00738428970856545,0.00081957,1,0.0
15151,-1.173724369182838e-06,0.0018636896711050487,-1.54e-06,1.6199819781792681,12.447498086741032,-54.52230250764595,1.0052136313683062,-3.4645133470013585,0.12067054082980143,-85.04558389005577,-1.1573229341274334,35.23949987841525,0.6295741068180681,43.824990118583685,0.2719344611720337,-0.0017178524484963405,0.00015748,0.005174300125886563,0.00081957,1,0.0
15152,0.01164077602003381,1.6973561965635719e-06,-1.54e-06,1.6199819781792681,12.447498086741032,-73.47773191197,1.0052136313683062,9.1415127070586,0.12067054082980143,-76.57104585218732,-1.1573229341274334,86.59384143583235,0.6295741068180681,44.23341576862706,0.2719344611720337,-0.0007419951169926716,0.00015748,0.0007423335223797489,0.00081957,1,0.0
15153,0.011942986608562356,3.93855099866627e-05,-1.54e-06,1.6199819781792681,12.447498086741032,-74.61880373564536,1.0052136313683062,20.5331584953094,0.12067054082980143,-94.62300165452473,-1.1573229341274334,71.48239486873337,0.6295741068180681,44.9906188070886,0.2719344611720337,-0.002128390543062743,0.00015748,0.0021294945948435954,0.00081957,1,0.0
15154,0.0028925530817398865,0.0026113340021400294,-1.54e-06,1.6199819781792681,12.447498086741032,-77.82560043438369,1.0052136313683062,-15.909010965986809,0.12067054082980143,-91.81521375606158,-1.1573229341274334,45.45098102827398,0.6295741068180681,60.44681753551122,0.2719344611720337,-0.0030182882108573126,0.00015748,0.007362947178973885,0.00081957,1,0.0
15155,0.04917279517594182,0.0013189657249063516,-1.54e-06,1.6199819781792681,12.447498086741032,-82.61445208708395,1.0052136313683062,67.84862467484074,0.12067054082980143,-86.43020140677959,-1.1573229341274334,50.25112896974673,0.6295741068180681,42.681914857847055,0.2719344611720337,-0.008996244745878946,0.00015748,0.009006076207033292,0.00081957,1,0.0
15156,0.026889122017398126,0.0006901591837739834,-1.54e-06,1.6199819781792681,12.447498086741032,-62.50816210433176,1.0052136313683062,52.483590420354496,0.12067054082980143,-89.60906283418751,-1.1573229341274334,-13.193464298156881,0.6295741068180681,34.66547281094434,0.2719344611720337,-0.006524677978366613,0.00015748,0.006525495476271558,0.00081957,1,0.0
15157,0.009509736596387711,1.655930009729267e-05,-1.54e-06,1.6199819781792681,12.447498086741032,-38.312357251117085,1.0052136313683062,-2.7154745833695353,0.12067054082980143,-22.43611239944992,-1.1573229341274334,94.82376639155119,0.6295741068180681,22.08108808973321,0.2719344611720337,-0.0005555644062223549,0.00015748,0.0005549259178235036,0.00081957,1,0.0
15158,0.03805790990247115,4.773353637822176e-05,-1.54e-06,1.6199819781792681,12.447498086741032,-91.85999876636288,1.0052136313683062,8.824076492307723,0.12067054082980143,-28.87635841456363,-1.1573229341274334,45.69205725720717,0.6295741068180681,50.871788588899285,0.2719344611720337,-0.0017818492757472057,0.00015748,0.001782937590671183,0.00081957,1,0.0
15159,0.000242483023262699,0.001260461948715479,-1.54e-06,1.6199819781792681,12.447498086741032,20.62616985545452,1.0052136313683062,60.91441140450979,0.12067054082980143,-80.6220445889903,-1.1573229341274334,99.09406726804404,0.6295741068180681,-13.811146081859894,0.2719344611720337,-0.007883744039433527,0.00015748,0.007890267980481334,0.00081957,1,0.0
15160,0.00026942890309692574,0.000791070958678685,-1.54e-06,1.6199819781792681,12.447498086741032,13.607103900258696,1.0052136313683062,48.722850659207886,0.12067054082980143,-65.72860751786948,-1.1573229341274334,48.81673476280226,0.6295741068180681,-9.020085737214421,0.2719344611720337,-0.006250774933000893,0.00015748,0.006262637259554349,0.00081957,1,0.0
15161,0.00013350830576506698,0.0004126350436103486,-1.54e-06,1.6199819781792681,12.447498086741032,42.565588386404656,1.0052136313683062,30.020951662327793,0.12067054082980143,-0.3700499626064084,-1.1573229341274334,21.82090301831708,0.6295741068180681,-27.429841797281913,0.2719344611720337,-0.004261298365164505,0.00015748,0.0042613770768675525,0.00081957,1,0.0
15162,0.015607980965293086,0.00018016023417693556,-1.54e-06,1.6199819781792681,12.447498086741032,-86.52042519117141,1.0052136313683062,-13.527166517698083,0.12067054082980143,-42.80854583262671,-1.1573229341274334,51.324435303699865,0.6295741068180681,51.9882942682956,0.2719344611720337,-0.002215543062726441,0.00015748,0.0022174094617533236,0.00081957,1,0.0
15163,0.0008320876602026447,1.7087087608000767e-05,-1.54e-06,1.6199819781792681,12.447498086741032,4.752107171879061,1.0052136313683062,6.3240491793803155,0.12067054082980143,-4.732881611067613,-1.1573229341274334,31.921934608126826,0.6295741068180681,-3.392965698529837,0.2719344611720337,-0.0008971665235160806,0.00015748,0.0008980386725815322,0.00081957,1,0.0
15164,0.005690977465632314,6.965937334980525e-07,-1.54e-06,1.6199819781792681,12.447498086741032,-37.25323443099406,1.0052136313683062,4.8834603437079425,0.12067054082980143,-37.82572130059619,-1.1573229341274334,14.098031942577455,0.6295741068180681,22.63883736657954,0.2719344611720337,-0.00042354557194666635,0.00015748,0.0004241499902624096,0.00081957,1,0.0
15165,0.01430886098984972,0.0004665556472109879,-1.54e-06,1.6199819781792681,12.447498086741032,8.496050572195106,1.0052136313683062,34.37795690678257,0.12067054082980143,-13.625486637741721,-1.1573229341274334,52.7805490633202,0.6295741068180681,-8.641791929342716,0.2719344611720337,-0.0048881997808069965,0.00015748,0.004893206248702337,0.00081957,1,0.0
15166,0.022719179730027315,3.9337611187648424e-05,-1.54e-06,1.6199819781792681,12.447498086741032,-99.38534773670746,1.0052136313683062,1.9469123298725963,0.12067054082980143,-58.7205516414354,-1.1573229341274334,-46.34065723659833,0.6295741068180681,59.32846916291909,0.2719344611720337,-0.00033628199378959626,0.00015748,0.0003345006143874525,0.00081957,1,0.0
15167,0.051298641612039994,0.00015267267411521576,-1.54e-06,1.6199819781792681,12.447498086741032,-99.91231338837724,1.0052136313683062,21.20155891183019,0.12067054082980143,-18.800162730799702,-1.1573229341274334,-54.095719980765146,0.6295741068180681,53.90074707336583,0.2719344611720337,-0.003429539611084243,0.00015748,0.003430179458928475,0.00081957,1,0.0
15168,0.0001263510375190853,3.359036971055035e-05,-1.54e-06,1.6199819781792681,12.447498086741032,-9.838500742704072,1.0052136313683062,12.004082728432447,0.12067054082980143,-29.254054756671355,-1.1573229341274334,-19.754451517127997,0.6295741068180681,6.389565300872688,0.2719344611720337,-0.001417610332314806,0.00015748,0.0014169688105643966,0.00081957,1,0.0
15169,3.458963907929796e-05,0.0020679692972967664,-1.54e-06,1.6199819781792681,12.447498086741032,53.12769054697458,1.0052136313683062,55.78424871721925,0.12067054082980143,-49.26229955751915,-1.1573229341274334,98.97833188803037,0.6295741068180681,-29.505317379980063,0.2719344611720337,-0.006098969489707689,0.00015748,0.008043742729276333,0.00081957,1,0.0
15170,0.006436182505594502,0.0009054433316791234,-1.54e-06,1.6199819781792681,12.447498086741032,-81.57362703953902,1.0052136313683062,-42.86295816349886,0.12067054082980143,-7.778358217091856,-1.1573229341274334,-20.27019434942892,0.6295741068180681,51.087300246195525,0.2719344611720337,-0.006120182319578983,0.00015748,0.006121431616056612,0.00081957,1,0.0
15171,1.7448114116538904e-05,5.20959207921299e-05,-1.54e-06,1.6199819781792681,12.447498086741032,3.568999937183048,1.0052136313683062,5.226657266100778,0.12067054082980143,-0.17639712866135898,-1.1573229341274334,-73.40563389197385,0.6295741068180681,-1.646107568069723,0.2719344611720337,-0.0006038776171759149,0.00015748,0.0006913946159534512,0.00081957,1,0.0
15172,4.462728663877369e-05,0.005276014108520643,-1.54e-06,1.6199819781792681,12.447498086741032,-87.99328181943338,1.0052136313683062,-60.97484731658691,0.12067054082980143,-46.671719267537,-1.1573229341274334,16.517790839723833,0.6295741068180681,71.61966793544613,0.2719344611720337,-0.008111285836898165,0.00015748,0.01394545307026298,0.00081957,1,0.0
15173,0.017825858500366273,3.278017552324487e-06,-1.54e-06,1.6199819781792681,12.447498086741032,-94.27062769315242,1.0052136313683062,12.9865170272608,0.12067054082980143,-80.86486465235869,-1.1573229341274334,-77.62853065988902,0.6295741068180681,57.228622548243266,0.2719344611720337,-0.0011348444803286615,0.00015748,0.0011351729800786854,0.00081957,1,0.0
15174,0.02079081846635363,9.35452079319161e-05,-1.54e-06,1.6199819781792681,12.447498086741032,-40.60509036396343,1.0052136313683062,18.25595419583216,0.12067054082980143,-29.595604464336837,-1.1573229341274334,73.84410437418781,0.6295741068180681,21.37537192401748,0.2719344611720337,-0.0025695641728955038,0.00015748,0.0025696640223937385,0.00081957,1,0.0
15175,0.02933090661556552,8.861761779729427e-05,-1.54e-06,1.6199819781792681,12.447498086741032,-91.89702736352632,1.0052136313683062,-5.408336066348384,0.12067054082980143,-21.65667478931875,-1.1573229341274334,-46.105148763499436,0.6295741068180681,53.181755904837885,0.2719344611720337,-0.0011855034693953063,0.00015748,0.0011834084365727959,0.00081957,1,0.0
15176,0.011991030963906845,0.00010312596800433007,-1.54e-06,1.6199819781792681,12.447498086741032,-41.59466339744289,1.0052136313683062,22.194025051557603,0.12067054082980143,-59.82922324990024,-1.1573229341274334,85.54660326625984,0.6295741068180681,23.739514205995548,0.2719344611720337,-0.0026675280573796984,0.00015748,0.002669684884749377,0.00081957,1,0.0
15177,0.018254017942406317,1.3623186084241892e-05,-1.54e-06,1.6199819781792681,12.447498086741032,-97.46218171569936,1.0052136313683062,6.389657987280513,0.12067054082980143,-77.90150183172264,-1.1573229341274334,1.1074729909039842,0.6295741068180681,58.741582543450534,0.2719344611720337,-0.00041017108153822666,0.00015748,0.00041035026908165363,0.00081957,1,0.0
15178,0.008042211097163868,2.9914644904018742e-05,-1.54e-06,1.6199819781792681,12.447498086741032,-42.452938206241626,1.0052136313683062,14.557748398716075,0.12067054082980143,-56.15100338590636,-1.1573229341274334,52.12038296881234,0.6295741068180681,25.28781852384704,0.2719344611720337,-0.00158581015695377,0.00015748,0.0015901801677993025,0.00081957,1,0.0
15179,0.006826039059250916,0.0009447141142148993,-1.54e-06,1.6199819781792681,12.447498086741032,32.90801450749945,1.0052136313683062,49.23291045176554,0.12067054082980143,-26.216708993978294,-1.1573229341274334,24.909494354514173,0.6295741068180681,-22.615775074322507,0.2719344611720337,-0.0067194090996712105,0.00015748,0.006721012247505822,0.00081957,1,0.0
15180,0.026452932562588884,0.00017880423795679385,-1.54e-06,1.6199819781792681,12.447498086741032,-65.0150822703996,1.0052136313683062,29.3462895798989,0.12067054082980143,-50.732116562687914,-1.1573229341274334,-96.56974254673605,0.6295741068180681,36.83345865579085,0.2719344611720337,-0.003556502071464656,0.00015748,0.003557862128196385,0.00081957,1,0.0
15181,0.012050394554338317,0.00014886730871753654,-1.54e-06,1.6199819781792681,12.447498086741032,-26.676494966272795,1.0052136313683062,23.408357546755614,0.12067054082980143,-45.17676421836099,-1.1573229341274334,98.50507448239375,0.6295741068180681,14.087453071077123,0.2719344611720337,-0.003027449332415922,0.00015748,0.003027341813734953,0.00081957,1,0.0
15182,0.04456219038999581,6.512371714696529e-05,-1.54e-06,1.6199819781792681,12.447498086741032,-97.13990286931121,1.0052136313683062,9.479465417755414,0.12067054082980143,-13.40787323188197,-1.1573229341274334,-53.96570586709987,0.6295741068180681,53.497934186458366,0.2719344611720337,-0.002012001276929992,0.00015748,0.0020141306987706215,0.00081957,1,0.0
15183,0.009774522596562793,0.00042113549359098536,-1.54e-06,1.6199819781792681,12.447498086741032,-4.405167453905457,1.0052136313683062,36.70846275950201,0.12067054082980143,-34.371222958298986,-1.1573229341274334,-90.30034928407203,0.6295741068180681,1.3453551530525032,0.2719344611720337,-0.004706100756226585,0.00015748,0.004706438964977505,0.00081957,1,0.0
15184,0.00020761692868285705,0.0002759247079941066,-1.54e-06,1.6199819781792681,12.447498086741032,17.552023525395608,1.0052136313683062,27.181231958351336,0.12067054082980143,-26.604906811403843,-1.1573229341274334,53.07254238417076,0.6295741068180681,-11.589732590561164,0.2719344611720337,-0.0036251442895532913,0.00015748,0.003625610284190904,0.00081957,1,0.0
15185,0.004610213392596395,0.0014187342706123815,-1.54e-06,1.6199819781792681,12.447498086741032,54.13369311969797,1.0052136313683062,59.05114554020867,0.12067054082980143,-20.709733888014927,-1.1573229341274334,-11.930967684209337,0.6295741068180681,-35.541160905282915,0.2719344611720337,-0.008085664266257038,0.00015748,0.008094389701310501,0.00081957,1,0.0
15186,0.03509268540634897,0.0021411793532255473,-1.54e-06,1.6199819781792681,12.447498086741032,-96.31787653768986,1.0052136313683062,4.737738563971341,0.12067054082980143,-62.05894311901324,-1.1573229341274334,1.619659345424958,0.6295741068180681,65.43771233748737,0.2719344611720337,0.0005962516929983637,0.00015748,0.003536873187565309,0.00081957,0,0.0
15187,0.04678561295944424,0.001207364727917583,-1.54e-06,1.6199819781792681,12.447498086741032,-38.92183050923072,1.0052136313683062,57.69519548574041,0.12067054082980143,-25.22256841147024,-1.1573229341274334,50.124767498321184,0.6295741068180681,15.147497205297034,0.2719344611720337,-0.008378264362054548,0.00015748,0.008380852629616459,0.00081957,1,0.0
15188,0.0037370431875887932,0.00016387373749869952,-1.54e-06,1.6199819781792681,12.447498086741032,-96.17616572765739,1.0052136313683062,-6.832373637678896,0.12067054082980143,-84.98385576044369,-1.1573229341274334,-94.33682353633009,0.6295741068180681,61.40324780223535,0.2719344611720337,-0.0024820303652131133,0.00015748,0.002479332565325039,0.00081957,1,0.0
15189,0.011010966364158215,0.000499129106309918,-1.54e-06,1.6199819781792681,12.447498086741032,-67.81248492280035,1.0052136313683062,-32.102292368282775,0.12067054082980143,-4.506873098890662,-1.1573229341274334,81.7306308922615,0.6295741068180681,40.780608534184985,0.2719344611720337,-0.004416336734068471,0.00015748,0.004425167496438271,0.00081957,1,0.0
15190,9.58715347182254e-05,0.002120559448854799,-1.54e-06,1.6199819781792681,12.447498086741032,74.04196857131144,1.0052136313683062,72.4607388189277,0.12067054082980143,-26.527461779921463,-1.1573229341274334,-74.77507941636826,0.6295741068180681,-47.03214493333877,0.2719344611720337,-0.009798023367149175,0.00015748,0.009804519455839947,0.00081957,1,0.0
15191,0.00018109674379840346,0.0009645008428687127,-1.54e-06,1.6199819781792681,12.447498086741032,26.427501411882123,1.0052136313683062,52.35136914562757,0.12067054082980143,-52.78385194758283,-1.1573229341274334,-14.110903922171929,0.6295741068180681,-16.90323310833311,0.2719344611720337,-0.006809505370199358,0.00015748,0.006806011536702955,0.00081957,1,0.0
15192,0.009977704187873235,1.3812935595517088e-05,-1.54e-06,1.6199819781792681,12.447498086741032,-38.00353905405979,1.0052136313683062,9.76802041591999,0.12067054082980143,-35.25460805312931,-1.1573229341274334,4.067683057013494,0.6295741068180681,22.296989703490254,0.2719344611720337,-0.0010506251698369704,0.00015748,0.001048534479094294,0.00081957,1,0.0
15193,0.03663740652675014,4.594542584825164e-05,-1.54e-06,1.6199819781792681,12.447498086741032,-77.82089679651,1.0052136313683062,7.5405485265879415,0.12067054082980143,-9.6438983643396,-1.1573229341274334,-22.548642684490208,0.6295741068180681,42.54672022070447,0.2719344611720337,-0.0017330075648394898,0.00015748,0.0017332099164616447,0.00081957,1,0.0
15194,0.05656183710350209,0.0018561808942273387,-1.54e-06,1.6199819781792681,12.447498086741032,-52.55788272786087,1.0052136313683062,73.76262998853394,0.12067054082980143,-35.745680020681874,-1.1573229341274334,-57.068740329241244,0.6295741068180681,22.498926175690453,0.2719344611720337,-0.010353734030884444,0.00015748,0.010354771967140314,0.00081957,1,0.0
15195,0.009940988080817292,5.6334770967493005e-05,-1.54e-06,1.6199819781792681,12.447498086741032,-25.571427538346427,1.0052136313683062,15.09442656597678,0.12067054082980143,-34.10132601666211,-1.1573229341274334,73.82595879995523,0.6295741068180681,13.952259499915973,0.2719344611720337,-0.0019280126684612102,0.00015748,0.0019295500327647609,0.00081957,1,0.0
15196,0.009917856931765789,3.977640784259845e-05,-1.54e-06,1.6199819781792681,12.447498086741032,-96.44167278022226,1.0052136313683062,2.343008402612431,0.12067054082980143,-95.76696694004671,-1.1573229341274334,75.59903630454873,0.6295741068180681,59.36543255628304,0.2719344611720337,-0.0009492461504967133,0.00015748,0.0009503778605537596,0.00081957,1,0.0
15197,0.012166470699322592,1.978747170996116e-06,-1.54e-06,1.6199819781792681,12.447498086741032,-73.27254628153887,1.0052136313683062,9.959411529597734,0.12067054082980143,-66.74789981413497,-1.1573229341274334,-61.85375658177848,0.6295741068180681,44.834066548592176,0.2719344611720337,-0.0009167393194245133,0.00015748,0.0009171732407603642,0.00081957,1,0.0
15198,0.005943425488850941,0.0007647974155840828,-1.54e-06,1.6199819781792681,12.447498086741032,-15.542915220670945,1.0052136313683062,51.42603529992783,0.12067054082980143,-91.78827595745867,-1.1573229341274334,81.22265323225321,0.6295741068180681,8.301330529458092,0.2719344611720337,-0.006436814402610988,0.00015748,0.0064400688434746904,0.00081957,1,0.0
15199,1.96692980512711e-05,0.0008655514028207952,-1.54e-06,1.6199819781792681,12.447498086741032,47.84617682037996,1.0052136313683062,45.9914284936831,0.12067054082980143,-18.57756534002115,-1.1573229341274334,-6.692953785601065,0.6295741068180681,-30.623564195398245,0.2719344611720337,-0.00626257099911135,0.00015748,0.006265017849507479,0.00081957,1,0.0
15200,0.011566736058357091,0.03482792068930125,-1.54e-06,2.4555240201100847,5.784478992892323,71.26583959281763,1.0052136313683062,5.704085426356099,0.12067054082980143,-60.557129491041515,-1.1573229341274334,48.717554846689396,0.6295741068180681,7.391424526508313,0.2719344611720337,0.0006289858250884683,0.00015748,0.06525831398604028,0.00081957,0,0.0
15201,0.00020499382558938906,0.004793088985735606,-1.54e-06,2.4555240201100847,5.784478992892323,-29.257325001844613,1.0052136313683062,7.824052956515673,0.12067054082980143,-98.87723022127301,-1.1573229341274334,58.43174237055633,0.6295741068180681,53.1122234808942,0.2719344611720337,-0.02851569728149765,0.00015748,0.0321277804474883,0.00081957,1,0.0
15202,0.15083254569112828,0.0010200597019972139,-1.54e-06,2.4555240201100847,5.784478992892323,-85.85114985587548,1.0052136313683062,3.4415586801836544,0.12067054082980143,-34.10213893736746,-1.1573229341274334,-36.086267517965666,0.6295741068180681,62.57754573609706,0.2719344611720337,-0.004124423632415018,0.00015748,0.0041202160887529905,0.00081957,1,0.0
15203,1.2884082662048546e-05,0.018676008906590876,-1.54e-06,2.4555240201100847,5.784478992892323,61.712423558407366,1.0052136313683062,9.053987833950327,0.12067054082980143,-26.33092541642601,-1.1573229341274334,-13.268683337097363,0.6295741068180681,-12.207940120768487,0.2719344611720337,0.005452776886907696,0.00015748,0.0321499286447719,0.00081957,0,0.0
15204,0.06370712910654011,0.0016764425916636844,-1.54e-06,2.4555240201100847,5.784478992892323,-31.759448586803625,1.0052136313683062,8.983845997712523,0.12067054082980143,-64.28854949033325,-1.1573229341274334,-53.94524799589331,0.6295741068180681,50.05035463161222,0.2719344611720337,-0.027417367858696404,0.00015748,0.027397101678634767,0.00081957,1,0.0
15205,0.07897217346666081,0.0015596655753984043,-1.54e-06,2.4555240201100847,5.784478992892323,-49.79985407397419,1.0052136313683062,5.299984473071467,0.12067054082980143,-61.01351668816893,-1.1573229341274334,-27.917280776640474,0.6295741068180681,57.590326356478954,0.2719344611720337,-0.022332817285288215,0.00015748,0.0223844064886541,0.00081957,1,0.0
15206,0.00022576124953044285,0.0073439912996696045,-1.54e-06,2.4555240201100847,5.784478992892323,17.415648072305956,1.0052136313683062,16.55794566228675,0.12067054082980143,-84.95901854118735,-1.1573229341274334,-71.37607185800098,0.6295741068180681,32.31049221355936,0.2719344611720337,-0.04234363424462353,0.00015748,0.04632028442887982,0.00081957,1,0.0
15207,0.08479122001856843,0.0002754920833643433,-1.54e-06,2.4555240201100847,5.784478992892323,-44.907906532810316,1.0052136313683062,3.4042726687206653,0.12067054082980143,-23.46979254046567,-1.1573229341274334,-32.13943437152368,0.6295741068180681,36.07340755951092,0.2719344611720337,-0.0057636063673473705,0.00015748,0.0057640222646826444,0.00081957,1,0.0
15208,-2.359679357122335e-05,0.02826034716340851,-1.54e-06,2.4555240201100847,5.784478992892323,55.61481647930204,1.0052136313683062,12.603624835184126,0.12067054082980143,-79.7983435374343,-1.1573229341274334,84.29058754719385,0.6295741068180681,7.573846045030541,0.2719344611720337,0.011746555236138614,0.00015748,0.04669704211593974,0.00081957,0,0.0
15209,0.08679607230608626,0.0003919858158221305,-1.54e-06,2.4555240201100847,5.784478992892323,-87.66609799715596,1.0052136313683062,2.728912906235247,0.12067054082980143,-59.253341249109056,-1.1573229341274334,80.71567937294068,0.6295741068180681,59.35484210795008,0.2719344611720337,-0.00551818420727814,0.00015748,0.005528356817944511,0.00081957,1,0.0
15210,9.534358365740139e-07,0.023462764211579175,-1.54e-06,2.4555240201100847,5.784478992892323,40.79882721127969,1.0052136313683062,-0.4914351481291146,0.12067054082980143,-14.409400659859305,-1.1573229341274334,96.92073634660919,0.6295741068180681,-11.567485739479743,0.2719344611720337,0.010346309163852908,0.00015748,0.03632577607242802,0.00081957,0,0.0
15211,0.029293223695538304,7.684865700641526e-05,-1.54e-06,2.4555240201100847,5.784478992892323,-38.297656136517794,1.0052136313683062,1.2454693877461154,0.12067054082980143,-28.56732306617183,-1.1573229341274334,51.02076908287731,0.6295741068180681,24.729126836642468,0.2719344611720337,-0.0038779806845911,0.00015748,0.003895421124877297,0.00081957,1,0.0
15212,3.513323037161731e-05,0.03169639926349257,-1.54e-06,2.4555240201100847,5.784478992892323,79.79693556074027,1.0052136313683062,7.944852031295728,0.12067054082980143,-24.47766091570911,-1.1573229341274334,72.08489029102209,0.6295741068180681,-26.050456015178927,0.2719344611720337,0.02788150388599011,0.00015748,0.037586268867970195,0.00081957,0,0.0
15213,-0.00010089771364261979,0.014334194525301186,-1.54e-06,2.4555240201100847,5.784478992892323,53.32685426166672,1.0052136313683062,6.1709178811187755,0.12067054082980143,-17.68523390748697,-1.1573229341274334,-33.06390726660874,0.6295741068180681,-8.788118036135957,0.2719344611720337,-0.0003648761571496441,0.00015748,0.02858616629343537,0.00081957,1,0.0
15214,0.10254170467274587,0.0024850873219949545,-1.54e-06,2.4555240201100847,5.784478992892323,-98.9580594129228,1.0052136313683062,-4.0108834935862205,0.12067054082980143,-43.59248194160706,-1.1573229341274334,86.85049188099943,0.6295741068180681,64.22474432557536,0.2719344611720337,-0.012884146665108244,0.00015748,0.013023060161837718,0.00081957,1,0.0
15215,-1.987846603937471e-05,0.015632554149806358,-1.54e-06,2.4555240201100847,5.784478992892323,25.76232914385201,1.0052136313683062,13.384854304603897,0.12067054082980143,-77.2157164452285,-1.1573229341274334,32.46732483810375,0.6295741068180681,18.399847620013325,0.2719344611720337,-0.010141994970286693,0.00015748,0.03902524727764336,0.00081957,1,0.0
15216,6.645926213760811e-05,0.03008376385154645,-1.54e-06,2.4555240201100847,5.784478992892323,54.8061612369338,1.0052136313683062,13.935522025355622,0.12067054082980143,-99.44962716218335,-1.1573229341274334,90.12736781705041,0.6295741068180681,17.815043181604175,0.2719344611720337,0.005542940377320785,0.00015748,0.05582854592450946,0.00081957,0,0.0
15217,0.08927476210399352,0.06376229128817215,-1.54e-06,2.4555240201100847,5.784478992892323,67.26657059320652,1.0052136313683062,2.080171517088834,0.12067054082980143,-76.47251694930179,-1.1573229341274334,-95.38659056545622,0.6295741068180681,50.6504808472312,0.2719344611720337,-0.051374620408181616,0.00015748,0.12091570244093658,0.00081957,1,0.0
15218,0.15152205114816586,0.0009388907048568128,-1.54e-06,2.4555240201100847,5.784478992892323,-93.06589833670158,1.0052136313683062,8.066620095700966,0.12067054082980143,-70.80760272774961,-1.1573229341274334,-31.942157766246517,0.6295741068180681,80.62758102153467,0.2719344611720337,-0.01605092373700107,0.00015748,0.016044968195226984,0.00081957,1,0.0
15219,0.08313237228028501,0.0005537801684615274,-1.54e-06,2.4555240201100847,5.784478992892323,-52.017445725148804,1.0052136313683062,0.023669521943681993,0.12067054082980143,-10.791061105765383,-1.1573229341274334,-1.4390174795265849,0.6295741068180681,31.44051247643982,0.2719344611720337,-0.005435057317541992,0.00015748,0.005433478691400886,0.00081957,1,0.0
15220,0.1524485987494113,0.0014853044326483835,-1.54e-06,2.4555240201100847,5.784478992892323,-90.70228807401759,1.0052136313683062,12.160361924040684,0.12067054082980143,-89.6754186480858,-1.1573229341274334,-48.34169933208683,0.6295741068180681,87.70810411758725,0.2719344611720337,-0.02598129084186612,0.00015748,0.025985441039620454,0.00081957,1,0.0
15221,0.15113854806335075,0.004615158496245489,-1.54e-06,2.4555240201100847,5.784478992892323,-79.96869859892021,1.0052136313683062,4.415197174155279,0.12067054082980143,-2.492733728686308,-1.1573229341274334,-31.40210359507948,0.6295741068180681,38.37527375069305,0.2719344611720337,-0.027324129059421283,0.00015748,0.027304427748089166,0.00081957,1,0.0
15222,0.0972436472117425,0.00036806051082712406,-1.54e-06,2.4555240201100847,5.784478992892323,-89.76057366257146,1.0052136313683062,4.194886297053572,0.12067054082980143,-66.4331877062666,-1.1573229341274334,63.73290410739657,0.6295741068180681,65.47352056289782,0.2719344611720337,-0.005778979069448759,0.00015748,0.005770009327687054,0.00081957,1,0.0
15223,6.51996528406168e-05,0.0006467958260491717,-1.54e-06,2.4555240201100847,5.784478992892323,-22.17640951365979,1.0052136313683062,1.4673169795908165,0.12067054082980143,-16.41077820196019,-1.1573229341274334,65.98230348552798,0.6295741068180681,6.80519684331075,0.2719344611720337,-0.01257368007688835,0.00015748,0.012681277244873848,0.00081957,1,0.0
15224,0.11422371869865089,0.002062585712771744,-1.54e-06,2.4555240201100847,5.784478992892323,-80.0821055746111,1.0052136313683062,-4.131991893477984,0.12067054082980143,-9.107241664983379,-1.1573229341274334,24.036720673855182,0.6295741068180681,45.489809736590544,0.2719344611720337,-0.013177023931177145,0.00015748,0.013216035955747739,0.00081957,1,0.0
15225,0.0032736367032484767,0.009138961277428647,-1.54e-06,2.4555240201100847,5.784478992892323,-3.081654475323809,1.0052136313683062,-4.7483428205382765,0.12067054082980143,-25.115390542383672,-1.1573229341274334,6.323878293662703,0.6295741068180681,24.47856294932311,0.2719344611720337,-0.03145799951805781,0.00015748,0.03712251612161135,0.00081957,1,0.0
15226,0.10223365086983774,0.017356072461880902,-1.54e-06,2.4555240201100847,5.784478992892323,-79.81173518615361,1.0052136313683062,16.62458977134894,0.12067054082980143,-53.04077775011153,-1.1573229341274334,52.611475308531396,0.6295741068180681,36.104118468159754,0.2719344611720337,-0.05838440632229201,0.00015748,0.058385662576186076,0.00081957,1,0.0
15227,0.05384190397829499,0.00018005129173165023,-1.54e-06,2.4555240201100847,5.784478992892323,-27.342164427346717,1.0052136313683062,3.661062806314557,0.12067054082980143,-24.871388886302018,-1.1573229341274334,-28.998301579767734,0.6295741068180681,27.658280892990113,0.2719344611720337,-0.008607191860358201,0.00015748,0.008619524188966363,0.00081957,1,0.0
15228,0.0007730502392278987,0.001307658825673489,-1.54e-06,2.4555240201100847,5.784478992892323,-13.041089446956574,1.0052136313683062,8.5182602400612,0.12067054082980143,-62.46258014725957,-1.1573229341274334,11.752094633782729,0.6295741068180681,29.302721539162494,0.2719344611720337,-0.02140349827328003,0.00015748,0.021422234460443376,0.00081957,1,0.0
15229,0.0008052369012567446,3.246945270576584e-05,-1.54e-06,2.4555240201100847,5.784478992892323,-26.519406166612036,1.0052136313683062,0.1675577626160819,0.12067054082980143,-25.22204378983046,-1.1573229341274334,69.72314670203528,0.6295741068180681,15.449839927416752,0.2719344611720337,-0.003576838418240168,0.00015748,0.0035860805245647286,0.00081957,1,0.0
15230,0.1296318260230904,0.0013798141665935042,-1.54e-06,2.4555240201100847,5.784478992892323,-64.23061371033435,1.0052136313683062,10.876534315367806,0.12067054082980143,-69.11175598934436,-1.1573229341274334,-78.41845200735911,0.6295741068180681,69.85056425954771,0.2719344611720337,-0.02566504342456976,0.00015748,0.025678718756736656,0.00081957,1,0.0
15231,0.00013069713483657153,0.006651319327648378,-1.54e-06,2.4555240201100847,5.784478992892323,18.844824623077397,1.0052136313683062,14.319051750154339,0.12067054082980143,-75.20519800138969,-1.1573229341274334,-69.35235559523011,0.6295741068180681,28.918296809126414,0.2719344611720337,-0.03824228179909238,0.00015748,0.04288127563630363,0.00081957,1,0.0
15232,0.00021430886068316002,0.01328114246344052,-1.54e-06,2.4555240201100847,5.784478992892323,52.952847850062795,1.0052136313683062,13.885253283422447,0.12067054082980143,-54.70021094518069,-1.1573229341274334,-85.6287535300223,0.6295741068180681,9.046299796814052,0.2719344611720337,-0.025931670470094044,0.00015748,0.04663431826947415,0.00081957,1,0.0
15233,0.10368624891069883,0.0034826012067063236,-1.54e-06,2.4555240201100847,5.784478992892323,-45.18215836953904,1.0052136313683062,16.02857168105718,0.12067054082980143,-92.62337674276495,-1.1573229341274334,-98.22698093277182,0.6295741068180681,70.83174589796518,0.2719344611720337,-0.0406879705981231,0.00015748,0.04067283199901821,0.00081957,1,0.0
15234,0.12977192252485453,0.0006731839382391098,-1.54e-06,2.4555240201100847,5.784478992892323,-57.814105958111035,1.0052136313683062,5.165025543905006,0.12067054082980143,-29.008358416610342,-1.1573229341274334,-81.06790009104037,0.6295741068180681,51.472883984175,0.2719344611720337,-0.011025832474660883,0.00015748,0.011030045400140468,0.00081957,1,0.0
15235,0.1262231265148498,0.0009218711560536371,-1.54e-06,2.4555240201100847,5.784478992892323,-72.51093789030381,1.0052136313683062,9.147681159217848,0.12067054082980143,-67.76828130324196,-1.1573229341274334,-45.67871199288651,0.6295741068180681,69.82072688245925,0.2719344611720337,-0.01994454158037558,0.00015748,0.019941948312050022,0.00081957,1,0.0
15236,0.1736545659146082,0.001359183845780345,-1.54e-06,2.4555240201100847,5.784478992892323,-87.0793715442854,1.0052136313683062,3.954907424415858,0.12067054082980143,-26.563225428261475,-1.1573229341274334,-71.83656289709891,0.6295741068180681,64.07498546771684,0.2719344611720337,-0.005174561265173666,0.00015748,0.005187022869634528,0.00081957,1,0.0
15237,0.00010113037760409171,0.02616893614695685,-1.54e-06,2.4555240201100847,5.784478992892323,54.56348398477999,1.0052136313683062,7.786216298671572,0.12067054082980143,-39.915429328363494,-1.1573229341274334,85.71970360148136,0.6295741068180681,-10.57046789719983,0.2719344611720337,0.023034087837426772,0.00015748,0.031104018001841417,0.00081957,0,0.0
15238,0.012289664287787869,0.0016866699586763037,-1.54e-06,2.4555240201100847,5.784478992892323,-47.544577567452365,1.0052136313683062,7.495966493821032,0.12067054082980143,-97.61574762348155,-1.1573229341274334,77.15467333326535,0.6295741068180681,57.08254630717332,0.2719344611720337,-0.023123920941484362,0.00015748,0.023163442961559436,0.00081957,1,0.0
15239,0.14626226775851317,0.001820026672461232,-1.54e-06,2.4555240201100847,5.784478992892323,-74.81795821139887,1.0052136313683062,5.332783641035296,0.12067054082980143,-54.13381922096615,-1.1573229341274334,-74.98399932585501,0.6295741068180681,73.48067699240447,0.2719344611720337,-0.020498736983138123,0.00015748,0.0206056084280158,0.00081957,1,0.0
15240,0.04983326796377975,0.0024810231380118252,-1.54e-06,2.4555240201100847,5.784478992892323,-31.713359084492257,1.0052136313683062,12.942999134598208,0.12067054082980143,-85.6946485994112,-1.1573229341274334,-34.31406910169572,0.6295741068180681,53.69016225847397,0.2719344611720337,-0.03281858146878411,0.00015748,0.03283381424490717,0.00081957,1,0.0
15241,0.00044419933083203467,0.032633554608522845,-1.54e-06,2.4555240201100847,5.784478992892323,47.33457084265913,1.0052136313683062,18.819175602600833,0.12067054082980143,-56.62080455845853,-1.1573229341274334,80.05741179338341,0.6295741068180681,-14.738426747450491,0.2719344611720337,-0.01644474463846521,0.00015748,0.0635506459816295,0.00081957,1,0.0
15242,0.122544003365842,0.0006997130726211296,-1.54e-06,2.4555240201100847,5.784478992892323,-50.277337534139,1.0052136313683062,6.36208601294145,0.12067054082980143,-32.01220905326746,-1.1573229341274334,-91.79876757178971,0.6295741068180681,49.81229510296857,0.2719344611720337,-0.014766077642438716,0.00015748,0.014787636638717374,0.00081957,1,0.0
15243,6.787697242713331e-05,0.00196340526193379,-1.54e-06,2.4555240201100847,5.784478992892323,0.535481083874617,1.0052136313683062,10.49658655497764,0.12067054082980143,-51.06472993768218,-1.1573229341274334,-20.74125912398515,0.6295741068180681,18.680157442071263,0.2719344611720337,-0.023952755867838633,0.00015748,0.023958960831392685,0.00081957,1,0.0
15244,0.0001227650651551837,0.019260021027039886,-1.54e-06,2.4555240201100847,5.784478992892323,78.64315737913496,1.0052136313683062,9.47600891245062,0.12067054082980143,-0.2612510705290993,-1.1573229341274334,-53.16858454850398,0.6295741068180681,-29.852832967215612,0.2719344611720337,0.0053539167803504754,0.00015748,0.03177002110464168,0.00081957,0,0.0
15245,0.06604352945411932,0.0006906806783904782,-1.54e-06,2.4555240201100847,5.784478992892323,-39.47382290351637,1.0052136313683062,7.603626654744792,0.12067054082980143,-54.95667698084005,-1.1573229341274334,-27.982571086804022,0.6295741068180681,45.595660210808916,0.2719344611720337,-0.01844589990005558,0.00015748,0.018461109687042836,0.00081957,1,0.0
15246,0.03937895475770245,0.009842073777392126,-1.54e-06,2.4555240201100847,5.784478992892323,-16.659437832095165,1.0052136313683062,21.776623478035116,0.12067054082980143,-83.74033066981266,-1.1573229341274334,-44.96159678344681,0.6295741068180681,34.170820947286046,0.2719344611720337,-0.0471638997766673,0.00015748,0.047443588511758554,0.00081957,1,0.0
15247,0.03734883899709679,0.0034749563542796503,-1.54e-06,2.4555240201100847,5.784478992892323,-28.139712955817473,1.0052136313683062,13.23360278664615,0.12067054082980143,-97.00311379875035,-1.1573229341274334,-28.94080750178182,0.6295741068180681,57.46534617928475,0.2719344611720337,-0.03787273238206691,0.00015748,0.037868157302181904,0.00081957,1,0.0
15248,0.13613850067476185,0.0010636062314016848,-1.54e-06,2.4555240201100847,5.784478992892323,-73.189646125457,1.0052136313683062,9.316001841023311,0.12067054082980143,-65.39419477744802,-1.1573229341274334,-61.64905728680686,0.6295741068180681,71.23392224430697,0.2719344611720337,-0.02072361201237482,0.00015748,0.02069827546157823,0.00081957,1,0.0
15249,0.1427752208393444,0.0009777795759997817,-1.54e-06,2.4555240201100847,5.784478992892323,-62.2459247281937,1.0052136313683062,8.076053122582561,0.12067054082980143,-44.27712895763621,-1.1573229341274334,-98.59112518617042,0.6295741068180681,61.55325494509513,0.2719344611720337,-0.018390111619244344,0.00015748,0.0184013359523897,0.00081957,1,0.0
15250,0.17084637994701085,0.001364412893778051,-1.54e-06,2.4555240201100847,5.784478992892323,-84.05244178498889,1.0052136313683062,3.4439410579465335,0.12067054082980143,-22.08395737762031,-1.1573229341274334,-73.99204127621863,0.6295741068180681,61.05955369409229,0.2719344611720337,-0.004263796692335873,0.00015748,0.004269638475642608,0.00081957,1,0.0
15251,0.04962016579568477,0.0020007840872881253,-1.54e-06,2.4555240201100847,5.784478992892323,-69.82526763070332,1.0052136313683062,4.63679645159767,0.12067054082980143,-94.38894831137073,-1.1573229341274334,73.74490958319,0.6295741068180681,70.55794951080323,0.2719344611720337,-0.021590297919443342,0.00015748,0.021652120744035788,0.00081957,1,0.0
15252,0.16242782423027377,0.04244985574850234,-1.54e-06,2.4555240201100847,5.784478992892323,-18.404322970742662,1.0052136313683062,-3.2242146259625626,0.12067054082980143,-48.5495408716469,-1.1573229341274334,-74.25701922576754,0.6295741068180681,70.52049431336384,0.2719344611720337,-0.03798019793472009,0.00015748,0.08277216401208223,0.00081957,1,0.0
15253,0.10625490310734304,0.0007109745896886584,-1.54e-06,2.4555240201100847,5.784478992892323,-67.72232139938453,1.0052136313683062,8.277700873056817,0.12067054082980143,-67.37834319700178,-1.1573229341274334,-22.433444523869376,0.6295741068180681,64.55158961510506,0.2719344611720337,-0.017925667161774753,0.00015748,0.01792905671674279,0.00081957,1,0.0
15254,0.0632336961139751,0.00016324685579850246,-1.54e-06,2.4555240201100847,5.784478992892323,-45.466137868196626,1.0052136313683062,2.1493264003827517,0.12067054082980143,-26.870279879276712,-1.1573229341274334,8.883663571024435,0.6295741068180681,33.1056467028877,0.2719344611720337,-0.0030073482370310363,0.00015748,0.003006017103228964,0.00081957,1,0.0
15255,0.10904708654543141,0.007947071673189279,-1.54e-06,2.4555240201100847,5.784478992892323,-78.60816447917382,1.0052136313683062,3.643553276961163,0.12067054082980143,-1.5848389601652186,-1.1573229341274334,49.368492481141466,0.6295741068180681,24.25168133595212,0.2719344611720337,-0.04157315114117291,0.00015748,0.04160363349684447,0.00081957,1,0.0
15256,0.0419566501774972,0.003960764905568632,-1.54e-06,2.4555240201100847,5.784478992892323,-5.029572940289818,1.0052136313683062,6.217812793505225,0.12067054082980143,-49.86189631356787,-1.1573229341274334,-92.58555783357338,0.6295741068180681,39.59316156711836,0.2719344611720337,-0.03628283449445691,0.00015748,0.036605432649794524,0.00081957,1,0.0
15257,0.0016817918449620467,0.0024105681362650948,-1.54e-06,2.4555240201100847,5.784478992892323,-20.799335508599388,1.0052136313683062,5.792512270460199,0.12067054082980143,-26.326038004603877,-1.1573229341274334,59.352288090622125,0.6295741068180681,6.930876446579987,0.2719344611720337,-0.02127367757130426,0.00015748,0.021533435028987566,0.00081957,1,0.0
15258,0.02272378637046182,0.00013204960502446767,-1.54e-06,2.4555240201100847,5.784478992892323,-7.979516227821337,1.0052136313683062,2.999242906196486,0.12067054082980143,-15.800841732813545,-1.1573229341274334,-25.568410393953755,0.6295741068180681,13.359211512645581,0.2719344611720337,-0.007929063082776064,0.00015748,0.007936790970375383,0.00081957,1,0.0
15259,0.17165517499745617,0.0026114726229009375,-1.54e-06,2.4555240201100847,5.784478992892323,-80.36022392661437,1.0052136313683062,13.38483204029577,0.12067054082980143,-58.83237764471337,-1.1573229341274334,-96.93164031611136,0.6295741068180681,70.80457601337653,0.2719344611720337,-0.026025597596220588,0.00015748,0.02610582827554805,0.00081957,1,0.0
15260,0.04621483333483831,0.008640725290767013,-1.54e-06,2.4555240201100847,5.784478992892323,-65.30995017656676,1.0052136313683062,-4.865939622378993,0.12067054082980143,-66.2975727996692,-1.1573229341274334,69.87850578262864,0.6295741068180681,66.2664548928194,0.2719344611720337,-0.03596764620529463,0.00015748,0.036206287273077155,0.00081957,1,0.0
15261,0.09692892932946355,0.0004747653671877543,-1.54e-06,2.4555240201100847,5.784478992892323,-62.657356637164135,1.0052136313683062,1.9405313722095352,0.12067054082980143,-26.791154256481807,-1.1573229341274334,-1.8664311366785618,0.6295741068180681,43.409567747974066,0.2719344611720337,-0.002892597609217024,0.00015748,0.0029088463797102538,0.00081957,1,0.0
15262,0.005092146450567686,0.007020943005054554,-1.54e-06,2.4555240201100847,5.784478992892323,11.926279203561256,1.0052136313683062,18.9183321328452,0.12067054082980143,-94.61722923853371,-1.1573229341274334,-86.33254374904625,0.6295741068180681,38.58171313941512,0.2719344611720337,-0.04987081984184813,0.00015748,0.04992305084316226,0.00081957,1,0.0
15263,0.12532404437111697,0.0006988348071562537,-1.54e-06,2.4555240201100847,5.784478992892323,-73.89069807812352,1.0052136313683062,4.111419933538975,0.12067054082980143,-44.22318712615658,-1.1573229341274334,-30.75351918472835,0.6295741068180681,61.10916146995713,0.2719344611720337,-0.008773707681598176,0.00015748,0.008790125443119925,0.00081957,1,0.0
15264,0.0002726146155628828,0.03379692737395036,-1.54e-06,2.4555240201100847,5.784478992892323,52.8583600935299,1.0052136313683062,17.837058600795793,0.12067054082980143,-24.377761925892628,-1.1573229341274334,42.19730608157065,0.6295741068180681,-31.397647632907915,0.2719344611720337,-0.028593292419975574,0.00015748,0.0678070094817529,0.00081957,1,0.0
15265,0.34806009393734527,0.09413140837212525,-1.54e-06,2.4555240201100847,5.784478992892323,56.47130911601125,1.0052136313683062,11.098337937803128,0.12067054082980143,-57.658883080565744,-1.1573229341274334,-75.20728321423876,0.6295741068180681,57.190416428624474,0.2719344611720337,0.041724013149114704,0.00015748,0.11881521720951094,0.00081957,0,0.0
15266,0.04431849216311322,0.0004333131325555523,-1.54e-06,2.4555240201100847,5.784478992892323,-42.9375535785781,1.0052136313683062,-1.2869657622811355,0.12067054082980143,-11.017603333183846,-1.1573229341274334,44.362301174580615,0.6295741068180681,21.222248344685237,0.2719344611720337,-0.009071328649088732,0.00015748,0.009059186595972655,0.00081957,1,0.0
15267,0.17504433947849313,0.003288526056101953,-1.54e-06,2.4555240201100847,5.784478992892323,-99.66934011569498,1.0052136313683062,-2.6695577845786653,0.12067054082980143,-18.85900282193665,-1.1573229341274334,-38.43815193501773,0.6295741068180681,69.40763513562466,0.2719344611720337,-0.011346189180068892,0.00015748,0.011355198744981464,0.00081957,1,0.0
15268,0.0007559167041788356,0.0013540264860807155,-1.54e-06,2.4555240201100847,5.784478992892323,-0.3681158266834912,1.0052136313683062,8.708666760251534,0.12067054082980143,-44.73974896439873,-1.1573229341274334,-17.38426359635366,0.6295741068180681,17.3680302647096,0.2719344611720337,-0.020301463268509963,0.00015748,0.020357080832958334,0.00081957,1,0.0
15269,0.15367055466088636,0.0017236495696019483,-1.54e-06,2.4555240201100847,5.784478992892323,-78.73885212324053,1.0052136313683062,12.000137335489788,0.12067054082980143,-80.1963206847546,-1.1573229341274334,-84.58438366760352,0.6295741068180681,82.85043112414624,0.2719344611720337,-0.02834474340882807,0.00015748,0.02834699362180391,0.00081957,1,0.0
15270,0.057915140857465526,0.00024797046750292236,-1.54e-06,2.4555240201100847,5.784478992892323,-44.00345722871607,1.0052136313683062,5.345643195786892,0.12067054082980143,-47.177585831419016,-1.1573229341274334,5.554585176226537,0.6295741068180681,40.53912413317155,0.2719344611720337,-0.010821975142626688,0.00015748,0.010829777231041985,0.00081957,1,0.0
15271,0.0001844252838699434,0.016921393077849938,-1.54e-06,2.4555240201100847,5.784478992892323,62.9834587441796,1.0052136313683062,7.080171845860136,0.12067054082980143,-9.983760856507192,-1.1573229341274334,-27.33923437741758,0.6295741068180681,-18.43167306617849,0.2719344611720337,0.007610825601108404,0.00015748,0.02659049613658276,0.00081957,0,0.0
15272,0.13299161735294895,0.0016198715216252278,-1.54e-06,2.4555240201100847,5.784478992892323,-74.03371337703935,1.0052136313683062,-0.3348350544788219,0.12067054082980143,-3.3630900044846586,-1.1573229341274334,-23.745051979019546,0.6295741068180681,41.81612751798268,0.2719344611720337,-0.010798582354762762,0.00015748,0.01079177121220655,0.00081957,1,0.0
15273,0.06423429072563291,0.005504502798036499,-1.54e-06,2.4555240201100847,5.784478992892323,-79.95206203051227,1.0052136313683062,14.660309517118312,0.12067054082980143,-93.97161232359008,-1.1573229341274334,96.45723803376393,0.6295741068180681,56.22144078672201,0.2719344611720337,-0.035587510642922086,0.00015748,0.03557440728329613,0.00081957,1,0.0
15274,0.000725300830723058,0.024770725632848423,-1.54e-06,2.4555240201100847,5.784478992892323,47.949815946634466,1.0052136313683062,8.082930840274898,0.12067054082980143,-64.01357331714216,-1.1573229341274334,70.41169988883432,0.6295741068180681,8.213472523144494,0.2719344611720337,0.008104742644229865,0.00015748,0.04243226755813827,0.00081957,0,0.0
15275,0.005060632774024951,0.02941451662464542,-1.54e-06,2.4555240201100847,5.784478992892323,31.63184361102181,1.0052136313683062,-9.4119318063179,0.12067054082980143,-11.745955068188092,-1.1573229341274334,9.738369194009024,0.6295741068180681,13.859013899405232,0.2719344611720337,-0.038884486954745584,0.00015748,0.06785096254398941,0.00081957,1,0.0
15276,0.05550517577190925,0.022500034573419748,-1.54e-06,2.4555240201100847,5.784478992892323,-41.897066276692286,1.0052136313683062,-12.345873294202766,0.12067054082980143,-28.074590273095435,-1.1573229341274334,-3.8602276724354763,0.6295741068180681,56.594515145291815,0.2719344611720337,-0.0586626792171577,0.00015748,0.060735891324706866,0.00081957,1,0.0
15277,0.006326327618903281,3.2308102421997703e-06,-1.54e-06,2.4555240201100847,5.784478992892323,-9.511167075620081,1.0052136313683062,0.20256406570268093,0.12067054082980143,-7.966114579864949,-1.1573229341274334,13.740382450123695,0.6295741068180681,6.639931851564166,0.2719344611720337,-0.00016209346203041342,0.00015748,0.0001623485995679188,0.00081957,1,0.0
15278,0.07474172879724957,0.008849312415563207,-1.54e-06,2.4555240201100847,5.784478992892323,-76.1805941622119,1.0052136313683062,-9.412907876752207,0.12067054082980143,-34.57711183335508,-1.1573229341274334,62.51020017225079,0.6295741068180681,60.185599558443776,0.2719344611720337,-0.03394261985789784,0.00015748,0.03393736128604588,0.00081957,1,0.0
15279,0.09779850654561184,0.006218409780226038,-1.54e-06,2.4555240201100847,5.784478992892323,-82.03959364944953,1.0052136313683062,-5.178599214103573,0.12067054082980143,-46.299827232819496,-1.1573229341274334,34.06347218592616,0.6295741068180681,68.71535731742782,0.2719344611720337,-0.02750604694233543,0.00015748,0.0274493878310743,0.00081957,1,0.0
15280,0.12102680708807854,0.0006996014777765035,-1.54e-06,2.4555240201100847,5.784478992892323,-63.67093809271178,1.0052136313683062,7.3424670002820855,0.12067054082980143,-50.93684442807321,-1.1573229341274334,-55.78731405025992,0.6295741068180681,59.88024307616925,0.2719344611720337,-0.015883403186975613,0.00015748,0.015879597161968025,0.00081957,1,0.0
15281,0.01976979328567735,0.002893230307631639,-1.54e-06,2.4555240201100847,5.784478992892323,-11.409739617628489,1.0052136313683062,12.245869086745099,0.12067054082980143,-78.13008921532484,-1.1573229341274334,-37.463077192728626,0.6295741068180681,41.05313409733696,0.2719344611720337,-0.03381604599836857,0.00015748,0.03381591736078146,0.00081957,1,0.0
15282,0.04250814807116442,0.001228256821885951,-1.54e-06,2.4555240201100847,5.784478992892323,-26.425042570173034,1.0052136313683062,1.0268476632556636,0.12067054082980143,-31.22576975905588,-1.1573229341274334,-18.560163900005282,0.6295741068180681,33.16450426469635,0.2719344611720337,-0.016680213007270225,0.00015748,0.016687131228906707,0.00081957,1,0.0
15283,0.0003346844180456554,0.009738480910934938,-1.54e-06,2.4555240201100847,5.784478992892323,9.712848395295861,1.0052136313683062,6.77952754921451,0.12067054082980143,-66.20978743942398,-1.1573229341274334,9.29758320228717,0.6295741068180681,28.70966539976966,0.2719344611720337,-0.020693386184526586,0.00015748,0.03578295382633273,0.00081957,1,0.0
15284,6.081677105135297e-05,0.01084753299924869,-1.54e-06,2.4555240201100847,5.784478992892323,51.69512384751709,1.0052136313683062,11.39116757281409,0.12067054082980143,-32.23351893905826,-1.1573229341274334,-81.47096723182095,0.6295741068180681,-1.7553549896409524,0.2719344611720337,-0.01750933148820114,0.00015748,0.035832403579283745,0.00081957,1,0.0
15285,0.00014179937450436997,0.02604136193076382,-1.54e-06,2.4555240201100847,5.784478992892323,39.594112210418665,1.0052136313683062,18.985197994876746,0.12067054082980143,-92.9974453259526,-1.1573229341274334,76.27126614016102,0.6295741068180681,11.138876167140566,0.2719344611720337,-0.006617953216044435,0.00015748,0.05299771388832559,0.00081957,1,0.0
15286,0.07300783583095037,0.0010387312570267222,-1.54e-06,2.4555240201100847,5.784478992892323,-25.226477102028763,1.0052136313683062,5.910519154680591,0.12067054082980143,-10.205908390618262,-1.1573229341274334,-60.51032348804554,0.6295741068180681,19.909255440550197,0.2719344611720337,-0.013334552807360673,0.00015748,0.013292712696382174,0.00081957,1,0.0
15287,0.0462943233673927,0.0249784572881317,-1.54e-06,2.4555240201100847,5.784478992892323,-16.410882317444955,1.0052136313683062,27.911806726663183,0.12067054082980143,-77.46724415875096,-1.1573229341274334,-46.912040567647594,0.6295741068180681,21.293983338487955,0.2719344611720337,-0.06805136713435278,0.00015748,0.0677849292564906,0.00081957,1,0.0
15288,0.11104785371850048,0.0006042785280071827,-1.54e-06,2.4555240201100847,5.784478992892323,-57.29584980382173,1.0052136313683062,1.9816994582482694,0.12067054082980143,-15.532202341359795,-1.1573229341274334,-40.4201710394672,0.6295741068180681,40.708458750037444,0.2719344611720337,-0.0023669667260695186,0.00015748,0.0023715956059849833,0.00081957,1,0.0
15289,0.00014130932746869718,0.017894868516787815,-1.54e-06,2.4555240201100847,5.784478992892323,28.475182172921542,1.0052136313683062,11.433188920894514,0.12067054082980143,-73.84157011237042,-1.1573229341274334,56.37360519620134,0.6295741068180681,15.931680166137197,0.2719344611720337,-0.001453447643583166,0.00015748,0.03685963782336579,0.00081957,1,0.0
15290,0.0006377655953503682,8.367504160278753e-05,-1.54e-06,2.4555240201100847,5.784478992892323,-6.122300339007305,1.0052136313683062,1.7160135671720507,0.12067054082980143,-11.179338745587907,-1.1573229341274334,14.221165975143697,0.6295741068180681,4.641453443552675,0.2719344611720337,-0.004093392683577252,0.00015748,0.00408940869575305,0.00081957,1,0.0
15291,0.06130389646990441,0.0011838726425276,-1.54e-06,2.4555240201100847,5.784478992892323,-65.79920340096142,1.0052136313683062,-3.570889757103648,0.12067054082980143,-13.503867589311556,-1.1573229341274334,81.19069464736243,0.6295741068180681,30.555892748859076,0.2719344611720337,-0.01586913199141267,0.00015748,0.01587512867509045,0.00081957,1,0.0
15292,0.018323442169996675,0.00011895072596749035,-1.54e-06,2.4555240201100847,5.784478992892323,-35.966576079783295,1.0052136313683062,-0.09562018374953274,0.12067054082980143,-23.699747376970127,-1.1573229341274334,66.53566804674654,0.6295741068180681,19.95388639609071,0.2719344611720337,-0.005711859762512016,0.00015748,0.005703190560269048,0.00081957,1,0.0
15293,0.0029353670335873164,4.565310779302149e-05,-1.54e-06,2.4555240201100847,5.784478992892323,-33.00995905100965,1.0052136313683062,0.6180237611669234,0.12067054082980143,-32.022749775654894,-1.1573229341274334,83.10998366462792,0.6295741068180681,19.643035912446415,0.2719344611720337,-0.004501336380803942,0.00015748,0.004509740193496464,0.00081957,1,0.0
15294,0.08665489598495912,0.051995530184362676,-1.54e-06,2.4555240201100847,5.784478992892323,-45.60897333080578,1.0052136313683062,25.627000052331542,0.12067054082980143,-24.68269147392086,-1.1573229341274334,6.308101681358163,0.6295741068180681,-2.5992976178301155,0.2719344611720337,-0.09704103626138198,0.00015748,0.09707247993411793,0.00081957,1,0.0
15295,0.00014796763800755536,0.012588359257136446,-1.54e-06,2.4555240201100847,5.784478992892323,17.86692263555232,1.0052136313683062,4.198291950803175,0.12067054082980143,-23.71634183316991,-1.1573229341274334,62.05512795023695,0.6295741068180681,-2.976298572412057,0.2719344611720337,0.0063845704259051185,0.00015748,0.018746883732745922,0.00081957,0,0.0
15296,0.00029510985500401377,0.0015900748095417482,-1.54e-06,2.4555240201100847,5.784478992892323,20.138082256516903,1.0052136313683062,7.314294139956716,0.12067054082980143,-8.229807334065445,-1.1573229341274334,-59.569133618084415,0.6295741068180681,-4.936403013766849,0.2719344611720337,-0.01653641762368713,0.00015748,0.0169089185473606,0.00081957,1,0.0
15297,0.00010072386635415209,0.01705644873773468,-1.54e-06,2.4555240201100847,5.784478992892323,54.14641606912741,1.0052136313683062,17.014526888978143,0.12067054082980143,-73.07208735172306,-1.1573229341274334,-63.0584373125534,0.6295741068180681,13.13661534129033,0.2719344611720337,-0.02555107587013548,0.00015748,0.05275001836672584,0.00081957,1,0.0
15298,0.1676625970848128,0.0017159675438530328,-1.54e-06,2.4555240201100847,5.784478992892323,-85.44334461859984,1.0052136313683062,1.0343874180928612,0.12067054082980143,-19.922213149333565,-1.1573229341274334,-65.2613781782851,0.6295741068180681,62.49024364028557,0.2719344611720337,-0.003446239830092003,0.00015748,0.0035132089022426836,0.00081957,1,0.0
15299,0.1285740140141558,0.0011211059261541762,-1.54e-06,2.4555240201100847,5.784478992892323,-57.56311855762302,1.0052136313683062,9.182468645446912,0.12067054082980143,-54.37036896257871,-1.1573229341274334,-91.01581128115264,0.6295741068180681,62.47265795150042,0.2719344611720337,-0.022433384776250773,0.00015748,0.022436219536579392,0.00081957,1,0.0
15300,0.6648568130985452,0.23405157285639028,-1.54e-06,1.7555182361220556,2.3361041145351167,-69.5958580336684,1.0052136313683062,0.39660811211024016,0.12067054082980143,-74.43587872138993,-1.1573229341274334,64.28657580166977,0.6295741068180681,81.78207698710544,0.2719344611720337,-0.22503980849572305,0.00015748,0.22715219308998816,0.00081957,1,0.0
15301,0.9161385641878066,0.26865803338891586,-1.54e-06,1.7555182361220556,2.3361041145351167,-6.940822327663065,1.0052136313683062,13.666615568718214,0.12067054082980143,-80.60419220637525,-1.1573229341274334,24.810044961369783,0.6295741068180681,53.421629609990035,0.2719344611720337,0.33069355904861475,0.00015748,1.0013785183674502,0.00081957,0,0.0
15302,2.7927707300646483,3.0676439428320323,-1.54e-06,1.7555182361220556,2.3361041145351167,45.062963289065415,1.0052136313683062,25.120703187778286,0.12067054082980143,-40.62360467375692,-1.1573229341274334,-80.21413977879924,0.6295741068180681,35.365227810355236,0.2719344611720337,0.28341190024858054,0.00015748,2.089133141808184,0.00081957,0,0.0
15303,0.0006747297080673675,0.23773270016330064,-1.54e-06,1.7555182361220556,2.3361041145351167,68.47089122869548,1.0052136313683062,15.168943767783711,0.12067054082980143,-45.96192371112693,-1.1573229341274334,7.168028959259099,0.6295741068180681,-19.704450999458555,0.2719344611720337,1.30397381340812,0.00015748,1.6635721757926336,0.00081957,0,0.0
15304,2.1319825026515415,2.479184230553209,-1.54e-06,1.7555182361220556,2.3361041145351167,6.5998087733447095,1.0052136313683062,12.623386105521178,0.12067054082980143,-7.980207429288377,-1.1573229341274334,-70.22738801826021,0.6295741068180681,34.070437228588126,0.2719344611720337,-0.6131908349479539,0.00015748,0.9502823592587278,0.00081957,1,0.0
15305,0.0047994693724480175,6.336406712312432e-06,-1.54e-06,1.7555182361220556,2.3361041145351167,11.463843910980653,1.0052136313683062,13.600260646104271,0.12067054082980143,-82.36973534465847,-1.1573229341274334,40.30843203006232,0.6295741068180681,30.1418476513394,0.2719344611720337,0.3299712935794249,0.00015748,1.036484202710445,0.00081957,0,0.0
15306,2.4512359366406367,2.6134719697648285,-1.54e-06,1.7555182361220556,2.3361041145351167,71.95744018107804,1.0052136313683062,25.99253040820942,0.12067054082980143,-34.759526278735464,-1.1573229341274334,-87.66281548826528,0.6295741068180681,14.6640056472742,0.2719344611720337,0.2760903584757046,0.00015748,2.41831894316142,0.00081957,0,0.0
15307,3.773596239108277,4.904764226504468,-1.54e-06,1.7555182361220556,2.3361041145351167,5.183672929776168,1.0052136313683062,26.710682432024605,0.12067054082980143,-70.74296792209948,-1.1573229341274334,-68.90755764566558,0.6295741068180681,85.3919771835153,0.2719344611720337,0.2888444679567619,0.00015748,2.046471557950658,0.00081957,0,0.0
15308,1.3281066848012562,1.0383749186628277,-1.54e-06,1.7555182361220556,2.3361041145351167,90.18408570623052,1.0052136313683062,23.45418934103825,0.12067054082980143,-17.692274441448514,-1.1573229341274334,-77.17753505160103,0.6295741068180681,-21.57205950475077,0.2719344611720337,0.28403232205079243,0.00015748,2.1400085649243175,0.00081957,0,0.0
15309,0.6152342619293227,0.2058647503676569,-1.54e-06,1.7555182361220556,2.3361041145351167,34.17267927709301,1.0052136313683062,14.58747878844444,0.12067054082980143,-44.490676003896084,-1.1573229341274334,-9.963011932599953,0.6295741068180681,9.990437360717438,0.2719344611720337,0.31748073998526494,0.00015748,1.2174836939697284,0.00081957,0,0.0
15310,0.002354656593779314,0.013567789016484772,-1.54e-06,1.7555182361220556,2.3361041145351167,40.80339328916165,1.0052136313683062,11.613119601269759,0.12067054082980143,-37.89844797303875,-1.1573229341274334,0.8115311566701409,0.6295741068180681,-5.243637528494134,0.2719344611720337,0.32717223836227144,0.00015748,1.0681688172038226,0.00081957,0,0.0
15311,1.4022342488266326,0.9990300586720036,-1.54e-06,1.7555182361220556,2.3361041145351167,86.71030339757124,1.0052136313683062,29.447964265577987,0.12067054082980143,-57.14750181468473,-1.1573229341274334,-57.967957715506714,0.6295741068180681,-1.0843599107491273,0.2719344611720337,0.2767244522209802,0.00015748,2.5022364715813428,0.00081957,0,0.0
15312,-1.0951518152561457,2.9136314040921185,-1.54e-06,1.7555182361220556,2.3361041145351167,70.86315608258823,1.0052136313683062,-0.2068408331962906,0.12067054082980143,-2.6207803817055053,-1.1573229341274334,64.61924585300928,0.6295741068180681,-68.48771277242732,0.2719344611720337,0.49601927488191455,0.00015748,4.513511117076199,0.00081957,0,0.0
15313,-1.3599403720920833e-06,0.0003520272541955928,-1.54e-06,1.7555182361220556,2.3361041145351167,16.888140499090785,1.0052136313683062,13.25472746342248,0.12067054082980143,-74.6479796033672,-1.1573229341274334,33.36470603228022,0.6295741068180681,23.818969485592387,0.2719344611720337,0.33523661309026953,0.00015748,1.0376556232495397,0.00081957,0,0.0
15314,0.4017719883464186,0.06059849931559575,-1.54e-06,1.7555182361220556,2.3361041145351167,15.483236892150977,1.0052136313683062,14.933922967630407,0.12067054082980143,-76.45264645904486,-1.1573229341274334,23.59815375584959,0.6295741068180681,31.586172715315456,0.2719344611720337,0.32324548768215233,0.00015748,1.16414781090924,0.00081957,0,0.0
15315,1.545923556424774,1.0493670828277721,-1.54e-06,1.7555182361220556,2.3361041145351167,76.79677525061096,1.0052136313683062,33.71157711590519,0.12067054082980143,-89.6905334866002,-1.1573229341274334,-40.12253473397153,0.6295741068180681,20.499252646359988,0.2719344611720337,0.27712868073550356,0.00015748,2.7209180817808676,0.00081957,0,0.0
15316,-0.7008206857023791,3.4394468397791087,-1.54e-06,1.7555182361220556,2.3361041145351167,-54.698452619892564,1.0052136313683062,-11.309602359920305,0.12067054082980143,-24.695034530398292,-1.1573229341274334,81.17140024706771,0.6295741068180681,27.762546499077043,0.2719344611720337,-0.9817673012747528,0.00015748,0.9652955728963435,0.00081957,1,0.0
15317,2.97798948741449,2.6766908393963007,-1.54e-06,1.7555182361220556,2.3361041145351167,-52.96573671325659,1.0052136313683062,5.804510154868782,0.12067054082980143,-11.614397215260649,-1.1573229341274334,-51.54781019506028,0.6295741068180681,79.42970734614518,0.2719344611720337,-0.2996176024870007,0.00015748,0.2438346766773684,0.00081957,1,0.0
15318,0.012972099258191427,5.209887412850452e-07,-1.54e-06,1.7555182361220556,2.3361041145351167,20.417912713738257,1.0052136313683062,16.746051660559637,0.12067054082980143,-93.61707285877621,-1.1573229341274334,40.28741301314553,0.6295741068180681,30.781174254074827,0.2719344611720337,0.32212414715461635,0.00015748,1.3005270212315139,0.00081957,0,0.0
15319,1.704635632291951,1.084712044929308,-1.54e-06,1.7555182361220556,2.3361041145351167,12.607218332538137,1.0052136313683062,16.921644967891346,0.12067054082980143,-53.26257219700474,-1.1573229341274334,-23.690846497875917,0.6295741068180681,41.82537282537969,0.2719344611720337,0.30871056338351194,0.00015748,1.3062914747596683,0.00081957,0,0.0
15320,-0.3610752341550376,1.4172160411154986,-1.54e-06,1.7555182361220556,2.3361041145351167,72.49709128372655,1.0052136313683062,12.114278879867092,0.12067054082980143,-54.966933522775044,-1.1573229341274334,50.103306907815856,0.6295741068180681,-29.16803045029906,0.2719344611720337,1.3955012346013884,0.00015748,3.3081576130036234,0.00081957,0,0.0
15321,1.4958515495752676,1.0572810884479726,-1.54e-06,1.7555182361220556,2.3361041145351167,88.24007950914871,1.0052136313683062,30.767699528548206,0.12067054082980143,-66.04874296686339,-1.1573229341274334,-56.39762922385664,0.6295741068180681,4.320035117569587,0.2719344611720337,0.2766442008980503,0.00015748,2.6576061202134573,0.00081957,0,0.0
15322,2.98284779618096,11.56369534496665,-1.54e-06,1.7555182361220556,2.3361041145351167,-16.5881253020895,1.0052136313683062,-3.1588060784250342,0.12067054082980143,-54.9176804673258,-1.1573229341274334,36.99448232098464,0.6295741068180681,79.84314863912975,0.2719344611720337,0.25387832113376163,0.00015748,5.100654351624463,0.00081957,0,0.0
15323,-0.43391983413382906,1.4073268515085342,-1.54e-06,1.7555182361220556,2.3361041145351167,20.971859741644547,1.0052136313683062,8.11871743146803,0.12067054082980143,-68.51586795016183,-1.1573229341274334,88.07523273626025,0.6295741068180681,-0.7947049998856603,0.2719344611720337,0.5822262831996428,0.00015748,3.4320836060594315,0.00081957,0,0.0
15324,0.04014869714662428,0.005531008469887578,-1.54e-06,1.7555182361220556,2.3361041145351167,47.21885808135327,1.0052136313683062,18.89592747225383,0.12067054082980143,-78.83150064533443,-1.1573229341274334,16.06309351803848,0.6295741068180681,10.747348889540234,0.2719344611720337,0.29668683932432593,0.00015748,1.6089054285357607,0.00081957,0,0.0
15325,0.0012060120156049403,0.06361761988914014,-1.54e-06,1.7555182361220556,2.3361041145351167,19.66864526284323,1.0052136313683062,3.387079554302041,0.12067054082980143,-10.082596517321889,-1.1573229341274334,6.102713837762516,0.6295741068180681,-8.377786572785437,0.2719344611720337,0.3727616454805994,0.00015748,0.7675295368639751,0.00081957,0,0.0
15326,0.8271064012675722,0.2570081770704605,-1.54e-06,1.7555182361220556,2.3361041145351167,33.81140778814016,1.0052136313683062,20.826693822493585,0.12067054082980143,-83.3183863228444,-1.1573229341274334,3.795153656742881,0.6295741068180681,31.56890625342603,0.2719344611720337,0.2936142975805701,0.00015748,1.6863283167530523,0.00081957,0,0.0
15327,0.001249698244645936,0.09927292282021165,-1.54e-06,1.7555182361220556,2.3361041145351167,10.805668181608366,1.0052136313683062,11.628703754620169,0.12067054082980143,-86.62545274394276,-1.1573229341274334,59.99022641343453,0.6295741068180681,29.813677669029463,0.2719344611720337,0.969774314852897,0.00015748,1.3489756016830066,0.00081957,0,0.0
15328,0.00047163430466534706,0.058037247687447266,-1.54e-06,1.7555182361220556,2.3361041145351167,46.48315065047573,1.0052136313683062,18.154868544018143,0.12067054082980143,-87.47208281237722,-1.1573229341274334,32.92479061979882,0.6295741068180681,13.033206387438176,0.2719344611720337,0.9158081851202037,0.00015748,1.6382927150276538,0.00081957,0,0.0
15329,-0.014153432494983686,0.45916619266914555,-1.54e-06,1.7555182361220556,2.3361041145351167,42.03426252664037,1.0052136313683062,19.04707736119383,0.12067054082980143,-99.68210173065948,-1.1573229341274334,63.78052336529492,0.6295741068180681,12.845358457718312,0.2719344611720337,1.4635917386021804,0.00015748,2.45403913869436,0.00081957,0,0.0
15330,0.10314662263754237,1.5667417181265546,-1.54e-06,1.7555182361220556,2.3361041145351167,-67.89477864709497,1.0052136313683062,-9.70083372676856,0.12067054082980143,-17.540118103064703,-1.1573229341274334,50.00759850469485,0.6295741068180681,46.07769433764243,0.2719344611720337,-0.9547588711607421,0.00015748,0.20598292923678796,0.00081957,1,0.0
15331,0.8114480161732108,1.6973328578087323,-1.54e-06,1.7555182361220556,2.3361041145351167,-59.74033475996294,1.0052136313683062,-6.382531213019009,0.12067054082980143,-45.81747542591854,-1.1573229341274334,46.009565998839825,0.6295741068180681,70.82571194482138,0.2719344611720337,-0.6448603416918579,0.00015748,0.7046132006142156,0.00081957,1,0.0
15332,1.4117312965083182,0.9170482279070952,-1.54e-06,1.7555182361220556,2.3361041145351167,-2.1076017829798586,1.0052136313683062,6.554183889237295,0.12067054082980143,-0.3605657871055273,-1.1573229341274334,-46.15035382955235,0.6295741068180681,24.106568350595374,0.2719344611720337,-0.4706660920175439,0.00015748,0.4741036441845337,0.00081957,1,0.0
15333,2.6030930585569267,3.0696309503516694,-1.54e-06,1.7555182361220556,2.3361041145351167,28.18421631703626,1.0052136313683062,21.192855986051395,0.12067054082980143,-81.5317374032955,-1.1573229341274334,-34.66928216362625,0.6295741068180681,66.14271604273279,0.2719344611720337,0.2674918742979615,0.00015748,2.45954045984264,0.00081957,0,0.0
15334,-0.9523163899869855,2.545219915830871,-1.54e-06,1.7555182361220556,2.3361041145351167,87.40967779950167,1.0052136313683062,7.970590194287561,0.12067054082980143,-30.312465834684428,-1.1573229341274334,58.3164205513466,0.6295741068180681,-61.1802672256041,0.2719344611720337,1.1414467686904506,0.00015748,4.118868882957331,0.00081957,0,0.0
15335,0.14530711575357058,0.0689260713103623,-1.54e-06,1.7555182361220556,2.3361041145351167,79.57378029834982,1.0052136313683062,19.17598991878863,0.12067054082980143,-42.08735714977306,-1.1573229341274334,-23.87282637225613,0.6295741068180681,-21.52680354065924,0.2719344611720337,0.30074175881931453,0.00015748,1.8370236439192538,0.00081957,0,0.0
15336,1.2934054306129719,0.6117854064708423,-1.54e-06,1.7555182361220556,2.3361041145351167,-6.772152472469288,1.0052136313683062,11.397103424920413,0.12067054082980143,-53.228651945176765,-1.1573229341274334,0.468572057953317,0.6295741068180681,46.2629889559864,0.2719344611720337,0.35549305434726264,0.00015748,0.8410595296253361,0.00081957,0,0.0
15337,0.0018541495954598197,0.03456121163206735,-1.54e-06,1.7555182361220556,2.3361041145351167,77.6998289893215,1.0052136313683062,16.67880013444222,0.12067054082980143,-33.98810586843904,-1.1573229341274334,-22.268328366421702,0.6295741068180681,-26.00303148679611,0.2719344611720337,0.2945742850100239,0.00015748,1.6950280003294163,0.00081957,0,0.0
15338,-0.007841176875438727,1.46256133367852,-1.54e-06,1.7555182361220556,2.3361041145351167,60.889615915375835,1.0052136313683062,28.886368476622973,0.12067054082980143,-80.80183308778821,-1.1573229341274334,23.999163232648787,0.6295741068180681,-12.974116282021724,0.2719344611720337,0.3798359213865785,0.00015748,2.9631174597574708,0.00081957,0,0.0
15339,0.8909128272059301,0.23872626474965075,-1.54e-06,1.7555182361220556,2.3361041145351167,-42.88954832928885,1.0052136313683062,0.38410457691801436,0.12067054082980143,-32.79449284635179,-1.1573229341274334,19.018413031644474,0.6295741068180681,51.811954509985384,0.2719344611720337,-0.10337398051629951,0.00015748,0.1038416350792968,0.00081957,1,0.0
15340,-0.5655472133960839,1.784592017433211,-1.54e-06,1.7555182361220556,2.3361041145351167,76.70801812850065,1.0052136313683062,7.450583597124465,0.12067054082980143,-23.65765173497325,-1.1573229341274334,39.55429179333676,0.6295741068180681,-49.63662828309769,0.2719344611720337,1.0661874970342577,0.00015748,3.442976376990388,0.00081957,0,0.0
15341,0.0027667268560060965,0.06165962730982468,-1.54e-06,1.7555182361220556,2.3361041145351167,20.877411518860228,1.0052136313683062,4.684610450744107,0.12067054082980143,-18.33662118507507,-1.1573229341274334,9.909216289998701,0.6295741068180681,-5.189326487442673,0.2719344611720337,0.475837085217378,0.00015748,0.7886897543274475,0.00081957,0,0.0
15342,0.07728410786038431,0.11951095173617578,-1.54e-06,1.7555182361220556,2.3361041145351167,27.6845194435194,1.0052136313683062,15.289727503552864,0.12067054082980143,-97.13689088500567,-1.1573229341274334,43.55012493452424,0.6295741068180681,31.960467220036964,0.2719344611720337,0.5292524566747865,0.00015748,1.5685248114195751,0.00081957,0,0.0
15343,0.1853971491233546,1.409073276915457,-1.54e-06,1.7555182361220556,2.3361041145351167,-68.14217497944526,1.0052136313683062,-8.708116020095654,0.12067054082980143,-24.07316205195923,-1.1573229341274334,51.677191877497236,0.6295741068180681,50.64192799297417,0.2719344611720337,-0.8627147148064903,0.00015748,0.22436074436009734,0.00081957,1,0.0
15344,0.5335222350721969,0.07078040789702103,-1.54e-06,1.7555182361220556,2.3361041145351167,-23.403371830526893,1.0052136313683062,2.5825301248775707,0.12067054082980143,-30.000742525214548,-1.1573229341274334,12.526332350900418,0.6295741068180681,34.88150016130075,0.2719344611720337,-0.10985320091151549,0.00015748,0.10943832732523304,0.00081957,1,0.0
15345,0.0005065692209091921,0.28717550498027167,-1.54e-06,1.7555182361220556,2.3361041145351167,31.734105065560584,1.0052136313683062,12.668889500670282,0.12067054082980143,-68.18257211862021,-1.1573229341274334,46.52733082244064,0.6295741068180681,6.8961278409646685,0.2719344611720337,1.069222365953085,0.00015748,1.9223587735146186,0.00081957,0,0.0
15346,-0.07718893410013106,1.5271354427680919,-1.54e-06,1.7555182361220556,2.3361041145351167,-60.168272131850834,1.0052136313683062,-8.661643724901515,0.12067054082980143,-29.921540826702074,-1.1573229341274334,67.01448830857501,0.6295741068180681,43.11013341440012,0.2719344611720337,-0.8009495119837208,0.00015748,0.8113094384683931,0.00081957,1,0.0
15347,0.16035100320269197,0.26224324741760385,-1.54e-06,1.7555182361220556,2.3361041145351167,-57.851246732489926,1.0052136313683062,-1.533163828986809,0.12067054082980143,-62.2998390625056,-1.1573229341274334,66.91450578474175,0.6295741068180681,61.84804628688696,0.2719344611720337,-0.31705211947030687,0.00015748,0.31491283852393326,0.00081957,1,0.0
15348,0.21497641600271833,2.3267387785561082,-1.54e-06,1.7555182361220556,2.3361041145351167,47.60900096281069,1.0052136313683062,7.552497981142385,0.12067054082980143,-99.82231645520905,-1.1573229341274334,62.333225443548876,0.6295741068180681,30.776083592279797,0.2719344611720337,0.3238054569769595,0.00015748,3.6167008204525435,0.00081957,0,0.0
15349,1.4433332602830595,1.3575663873330754,-1.54e-06,1.7555182361220556,2.3361041145351167,-74.44279234941939,1.0052136313683062,-4.1295497804409935,0.12067054082980143,-24.544369338021433,-1.1573229341274334,19.23948388498468,0.6295741068180681,73.1332797952952,0.2719344611720337,-0.5481445300186789,0.00015748,0.17987155050736486,0.00081957,1,0.0
15350,1.787702597786306,1.4000114626974847,-1.54e-06,1.7555182361220556,2.3361041145351167,-46.12665511587448,1.0052136313683062,12.565450068083907,0.12067054082980143,-84.18404407006035,-1.1573229341274334,10.74423772769937,0.6295741068180681,92.40251168141326,0.2719344611720337,-0.5596213169761357,0.00015748,0.7374799807323587,0.00081957,1,0.0
15351,-2.344543955001882,7.303661056111313,-1.54e-06,1.7555182361220556,2.3361041145351167,6.850321771756469,1.0052136313683062,-8.187968392786482,0.12067054082980143,-0.9210766341098995,-1.1573229341274334,73.63411357894307,0.6295741068180681,-43.35904362601229,0.2719344611720337,-0.7698792744345179,0.00015748,0.8190511853500239,0.00081957,1,0.0
15352,0.00047912383218617904,0.007426746632688034,-1.54e-06,1.7555182361220556,2.3361041145351167,60.87551707515032,1.0052136313683062,19.758967915771343,0.12067054082980143,-72.30630078037687,-1.1573229341274334,6.256442869448363,0.6295741068180681,0.23437151564469824,0.2719344611720337,0.29633992004569876,0.00015748,1.7703277311459868,0.00081957,0,0.0
15353,-0.0009468252692623746,0.07613451162761206,-1.54e-06,1.7555182361220556,2.3361041145351167,19.770522467934494,1.0052136313683062,10.679243061744103,0.12067054082980143,-65.58599020857261,-1.1573229341274334,39.845843249088524,0.6295741068180681,16.04399436313761,0.2719344611720337,0.9255597380415356,0.00015748,1.0955765654807486,0.00081957,0,0.0
15354,-0.004482922681332768,0.5507883521503566,-1.54e-06,1.7555182361220556,2.3361041145351167,36.992918032422146,1.0052136313683062,9.967635533887405,0.12067054082980143,-60.43625971667638,-1.1573229341274334,50.5380503565291,0.6295741068180681,0.15161860784296557,0.2719344611720337,1.0452389938319566,0.00015748,2.500172716274068,0.00081957,0,0.0
15355,2.50591750438027,2.427968449317607,-1.54e-06,1.7555182361220556,2.3361041145351167,66.55600260768449,1.0052136313683062,33.153911050914594,0.12067054082980143,-78.80799315871677,-1.1573229341274334,-65.62539031541714,0.6295741068180681,37.044203517470386,0.2719344611720337,0.27576142295184836,0.00015748,2.7537959377782495,0.00081957,0,0.0
15356,-0.0004336942486213857,0.04686188376432324,-1.54e-06,1.7555182361220556,2.3361041145351167,80.03780907380957,1.0052136313683062,19.408248575185407,0.12067054082980143,-51.24416560938401,-1.1573229341274334,-12.162771483556844,0.6295741068180681,-20.127619966355763,0.2719344611720337,0.4769612267956933,0.00015748,1.8855739564424774,0.00081957,0,0.0
15357,0.7924057390445276,0.1865517225798224,-1.54e-06,1.7555182361220556,2.3361041145351167,-35.238742411047305,1.0052136313683062,4.730494011414389,0.12067054082980143,-50.83111638344053,-1.1573229341274334,21.230517864491564,0.6295741068180681,55.14554239025218,0.2719344611720337,-0.21262956730395624,0.00015748,0.22099138557143275,0.00081957,1,0.0
15358,-0.00013071426137106767,0.5020739773752869,-1.54e-06,1.7555182361220556,2.3361041145351167,0.13786543139238708,1.0052136313683062,2.059552081514497,0.12067054082980143,-47.06369365490004,-1.1573229341274334,65.50362744914815,0.6295741068180681,13.287659434928052,0.2719344611720337,0.2845659477362654,0.00015748,2.5197893831428946,0.00081957,0,0.0
15359,2.176633339976327,1.62810588673433,-1.54e-06,1.7555182361220556,2.3361041145351167,11.156707143747553,1.0052136313683062,21.623467094585383,0.12067054082980143,-76.73662191700944,-1.1573229341274334,-24.095400642333317,0.6295741068180681,61.101949275983216,0.2719344611720337,0.29568930462136556,0.00015748,1.6809539476832118,0.00081957,0,0.0
15360,1.959602932714163,1.8726794262521445,-1.54e-06,1.7555182361220556,2.3361041145351167,99.9311501042309,1.0052136313683062,34.73042887893506,0.12067054082980143,-56.87956817075012,-1.1573229341274334,-82.00083167633257,0.6295741068180681,-0.8060331519810798,0.2719344611720337,0.2912846366416071,0.00015748,2.9048471724184752,0.00081957,0,0.0
15361,3.3534907949553037,3.7579802645719993,-1.54e-06,1.7555182361220556,2.3361041145351167,-66.30376186104354,1.0052136313683062,4.805094325935228,0.12067054082980143,-0.725407013400527,-1.1573229341274334,-61.816140319851286,0.6295741068180681,86.05786793758888,0.2719344611720337,-0.4773793388279063,0.00015748,0.14391486996716274,0.00081957,1,0.0
15362,1.4365089379853457,0.6164031879455107,-1.54e-06,1.7555182361220556,2.3361041145351167,-49.76180281440592,1.0052136313683062,7.633826781405961,0.12067054082980143,-67.94586554220712,-1.1573229341274334,18.008740727071885,0.6295741068180681,81.04907791946361,0.2719344611720337,-0.358846598894063,0.00015748,0.37840536966439675,0.00081957,1,0.0
15363,-0.4234864259597756,1.5253031652067746,-1.54e-06,1.7555182361220556,2.3361041145351167,29.416673117320773,1.0052136313683062,1.3555412454663975,0.12067054082980143,-29.14708315188041,-1.1573229341274334,66.69132157840774,0.6295741068180681,-20.749881917365023,0.2719344611720337,0.37541858022464325,0.00015748,3.490060256262372,0.00081957,0,0.0
15364,2.9121157082489413,2.987618252277886,-1.54e-06,1.7555182361220556,2.3361041145351167,23.030089642641602,1.0052136313683062,27.80764521934646,0.12067054082980143,-77.48015402948874,-1.1573229341274334,-52.365554890141496,0.6295741068180681,65.09106327939787,0.2719344611720337,0.2832522105945333,0.00015748,2.1363374259188723,0.00081957,0,0.0
15365,-0.11357116084617014,0.8249065585534328,-1.54e-06,1.7555182361220556,2.3361041145351167,23.09659725567757,1.0052136313683062,4.486635751519314,0.12067054082980143,-40.84055536586797,-1.1573229341274334,56.59216990551733,0.6295741068180681,-5.084505155568275,0.2719344611720337,0.5460467521176142,0.00015748,2.8213867274658027,0.00081957,0,0.0
15366,1.0648278623209662,0.7653331631640143,-1.54e-06,1.7555182361220556,2.3361041145351167,7.170045342957523,1.0052136313683062,7.077423608933204,0.12067054082980143,-0.14307087824005543,-1.1573229341274334,-42.71708282779376,0.6295741068180681,13.432532033080783,0.2719344611720337,-0.49659736737412796,0.00015748,0.5153674183121852,0.00081957,1,0.0
15367,-0.01880365769554515,1.9566138998595186,-1.54e-06,1.7555182361220556,2.3361041145351167,38.40150002917523,1.0052136313683062,4.153473782385283,0.12067054082980143,-86.42970770496875,-1.1573229341274334,81.82931346763213,0.6295741068180681,19.067468441131364,0.2719344611720337,0.7083142666151911,0.00015748,3.7838417769681945,0.00081957,0,0.0
15368,1.222531944994984,0.6708491423733789,-1.54e-06,1.7555182361220556,2.3361041145351167,-3.52586067462243,1.0052136313683062,5.769065033819742,0.12067054082980143,-2.4609435062457314,-1.1573229341274334,-37.79148029325637,0.6295741068180681,22.62969373540764,0.2719344611720337,-0.39787318054630283,0.00015748,0.4026442121855659,0.00081957,1,0.0
15369,0.0005801344452881496,0.6902514717260375,-1.54e-06,1.7555182361220556,2.3361041145351167,29.456119592861587,1.0052136313683062,4.945904921990872,0.12067054082980143,-32.91713196473027,-1.1573229341274334,43.987374755781005,0.6295741068180681,-9.853449362944446,0.2719344611720337,0.6192441476630914,0.00015748,2.715152017817105,0.00081957,0,0.0
15370,0.0021099005482838606,0.18067030093793965,-1.54e-06,1.7555182361220556,2.3361041145351167,12.117301532801418,1.0052136313683062,7.405788362126962,0.12067054082980143,-53.15451028889837,-1.1573229341274334,45.43089058257435,0.6295741068180681,11.989505791729606,0.2719344611720337,0.6149827597905442,0.00015748,1.5950506290127504,0.00081957,0,0.0
15371,0.0002641680853763262,0.009261161132826382,-1.54e-06,1.7555182361220556,2.3361041145351167,16.887972193498335,1.0052136313683062,16.080139005811734,0.12067054082980143,-97.1950410803552,-1.1573229341274334,50.638617096757066,0.6295741068180681,32.65776500363589,0.2719344611720337,0.6803986856408342,0.00015748,1.2616391562484859,0.00081957,0,0.0
15372,1.8263391025075917,0.8535666162479495,-1.54e-06,1.7555182361220556,2.3361041145351167,-75.5001718929368,1.0052136313683062,2.8485932632483073,0.12067054082980143,-60.62349358142041,-1.1573229341274334,25.226578626056153,0.6295741068180681,96.32329800466425,0.2719344611720337,-0.11968621582519257,0.00015748,0.11866604319831853,0.00081957,1,0.0
15373,0.0007186019550149414,0.02512954771852741,-1.54e-06,1.7555182361220556,2.3361041145351167,60.44270171602927,1.0052136313683062,13.937507746674685,0.12067054082980143,-32.347111939211445,-1.1573229341274334,-13.413700577685258,0.6295741068180681,-18.030556848389658,0.2719344611720337,0.3076590350719556,0.00015748,1.3608386659301006,0.00081957,0,0.0
15374,0.24387892080433082,1.2996280538093608,-1.54e-06,1.7555182361220556,2.3361041145351167,-74.80082434479611,1.0052136313683062,-7.356542022937493,0.12067054082980143,-43.36792781421627,-1.1573229341274334,68.42376935705268,0.6295741068180681,63.031332481329756,0.2719344611720337,-0.7818955510600468,0.00015748,0.5085330472769599,0.00081957,1,0.0
15375,-2.649660298927243,8.71078493797157,-1.54e-06,1.7555182361220556,2.3361041145351167,3.091943938253835,1.0052136313683062,-9.234513918109538,0.12067054082980143,-6.163341116594393,-1.1573229341274334,88.2709125553498,0.6295741068180681,-44.169587762581465,0.2719344611720337,-0.902361625055086,0.00015748,0.9178918611017318,0.00081957,1,0.0
15376,0.5115815538877675,0.3111883993946781,-1.54e-06,1.7555182361220556,2.3361041145351167,89.79656322102406,1.0052136313683062,17.599891802481235,0.12067054082980143,-7.16597629105411,-1.1573229341274334,-58.019122744699764,0.6295741068180681,-37.72985572066686,0.2719344611720337,0.29230300208684756,0.00015748,1.782910430212452,0.00081957,0,0.0
15377,-0.4506072075641698,2.079780268967787,-1.54e-06,1.7555182361220556,2.3361041145351167,-27.167516539362683,1.0052136313683062,-0.49518239683683696,0.12067054082980143,-56.11274326409038,-1.1573229341274334,80.6618955150715,0.6295741068180681,27.899825136557848,0.2719344611720337,-0.17624428420979332,0.00015748,1.4787898660330865,0.00081957,1,0.0
15378,-0.0007824780331687764,0.05827388978797971,-1.54e-06,1.7555182361220556,2.3361041145351167,9.350465992215995,1.0052136313683062,5.977953157582548,0.12067054082980143,-40.91218737038738,-1.1573229341274334,30.482489953036303,0.6295741068180681,10.43115097608898,0.2719344611720337,0.5006398214482981,0.00015748,0.9367110115366803,0.00081957,0,0.0
15379,0.1072446873367583,2.2812403517217903,-1.54e-06,1.7555182361220556,2.3361041145351167,-3.772821095127857,1.0052136313683062,15.136260180755743,0.12067054082980143,-63.64931841901889,-1.1573229341274334,20.423938258360714,0.6295741068180681,27.610831405771233,0.2719344611720337,-0.8356997289009048,0.00015748,1.0875621069708084,0.00081957,1,0.0
15380,1.9017283463958776,1.4434553404655144,-1.54e-06,1.7555182361220556,2.3361041145351167,39.4049036647602,1.0052136313683062,21.5952943827717,0.12067054082980143,-50.52318830880996,-1.1573229341274334,-46.43763314676497,0.6295741068180681,29.724582699990062,0.2719344611720337,0.2912600540355411,0.00015748,1.8001489641378314,0.00081957,0,0.0
15381,1.8907429417382606,1.5609188848020012,-1.54e-06,1.7555182361220556,2.3361041145351167,-72.9189522357448,1.0052136313683062,-2.177757702153408,0.12067054082980143,-21.452498188898748,-1.1573229341274334,3.5944915424744437,0.6295741068180681,77.48045937467619,0.2719344611720337,-0.40952711823742327,0.00015748,0.1606691816443853,0.00081957,1,0.0
15382,1.7326965649430783,6.6275325444540725,-1.54e-06,1.7555182361220556,2.3361041145351167,31.586729821360958,1.0052136313683062,28.959961429258296,0.12067054082980143,-46.18204700126642,-1.1573229341274334,-63.151686060922,0.6295741068180681,22.948407662157884,0.2719344611720337,-1.14543743689478,0.00015748,2.0317388796785147,0.00081957,1,0.0
15383,0.22207416417161152,0.08761497135835981,-1.54e-06,1.7555182361220556,2.3361041145351167,52.69769347172837,1.0052136313683062,11.893327281702698,0.12067054082980143,-20.66575746864554,-1.1573229341274334,-20.83668270484397,0.6295741068180681,-16.02060367616456,0.2719344611720337,0.3180519935162035,0.00015748,1.1831991178778996,0.00081957,0,0.0
15384,1.6455178634889296,1.1598378212282143,-1.54e-06,1.7555182361220556,2.3361041145351167,-25.062407031830034,1.0052136313683062,11.376237858590795,0.12067054082980143,-59.390802934685354,-1.1573229341274334,-3.597984625161519,0.6295741068180681,66.06877333675979,0.2719344611720337,-0.14240602325368562,0.00015748,0.7516000785691992,0.00081957,1,0.0
15385,1.241761064490865,0.8124953272264698,-1.54e-06,1.7555182361220556,2.3361041145351167,92.29371246727904,1.0052136313683062,27.986358307909857,0.12067054082980143,-54.89781836119062,-1.1573229341274334,-56.34956582459367,0.6295741068180681,-5.941415427934463,0.2719344611720337,0.2766104895473691,0.00015748,2.545814388238845,0.00081957,0,0.0
15386,0.03535856069045673,0.018712078555831037,-1.54e-06,1.7555182361220556,2.3361041145351167,59.769049784356945,1.0052136313683062,16.974830023076848,0.12067054082980143,-53.55833018704385,-1.1573229341274334,-3.422436184600554,0.6295741068180681,-7.257369063350543,0.2719344611720337,0.29887318363732285,0.00015748,1.5747394397070715,0.00081957,0,0.0
15387,0.4118981017573471,0.1096264252681175,-1.54e-06,1.7555182361220556,2.3361041145351167,43.62457129935478,1.0052136313683062,15.914589301537937,0.12067054082980143,-53.37480570853184,-1.1573229341274334,-4.731243741523283,0.6295741068180681,6.8162845282600175,0.2719344611720337,0.3054370241888691,0.00015748,1.4151353525484578,0.00081957,0,0.0
15388,0.003002884290513985,0.0838271236099283,-1.54e-06,1.7555182361220556,2.3361041145351167,4.054984454326561,1.0052136313683062,3.9935962147817783,0.12067054082980143,-34.53529630919615,-1.1573229341274334,32.78237200684904,0.6295741068180681,9.726317607611996,0.2719344611720337,0.3317487888819643,0.00015748,1.0960362588666253,0.00081957,0,0.0
15389,0.15316322408206573,0.009371070583795217,-1.54e-06,1.7555182361220556,2.3361041145351167,-22.777360792916184,1.0052136313683062,10.372528348858406,0.12067054082980143,-97.9024220297697,-1.1573229341274334,67.25795035214455,0.6295741068180681,57.06640579052786,0.2719344611720337,0.3683912018096193,0.00015748,0.7999352233864834,0.00081957,0,0.0
15390,-0.0011780319421093033,0.29570265620170333,-1.54e-06,1.7555182361220556,2.3361041145351167,77.35488629425751,1.0052136313683062,18.980694813594294,0.12067054082980143,-66.82479851394491,-1.1573229341274334,16.64991831959537,0.6295741068180681,-15.345631515358848,0.2719344611720337,1.5412262587890622,0.00015748,2.007646480267122,0.00081957,0,0.0
15391,0.0013715091688057957,0.007602110188176856,-1.54e-06,1.7555182361220556,2.3361041145351167,22.182467688201935,1.0052136313683062,9.06851622332122,0.12067054082980143,-42.049101861380386,-1.1573229341274334,14.402354090546668,0.6295741068180681,6.367782263197388,0.2719344611720337,0.3683696301739974,0.00015748,0.7838162379844147,0.00081957,0,0.0
15392,1.67596619407439,1.2868784651195224,-1.54e-06,1.7555182361220556,2.3361041145351167,-57.66331793468497,1.0052136313683062,-2.45408579335038,0.12067054082980143,-8.50523249998825,-1.1573229341274334,-5.916603834747795,0.6295741068180681,60.299762593326584,0.2719344611720337,-0.3455290605488875,0.00015748,0.14608699741315628,0.00081957,1,0.0
15393,3.8244807585059766,5.089110178052337,-1.54e-06,1.7555182361220556,2.3361041145351167,-7.620005671404449,1.0052136313683062,22.463069466763617,0.12067054082980143,-53.75988043606289,-1.1573229341274334,-71.66522694473709,0.6295741068180681,85.04197472548199,0.2719344611720337,0.27952787937083334,0.00015748,1.671842790807586,0.00081957,0,0.0
15394,0.0013488141759854244,0.007745232362951041,-1.54e-06,1.7555182361220556,2.3361041145351167,78.59326836385877,1.0052136313683062,25.32563261495797,0.12067054082980143,-89.96577713231618,-1.1573229341274334,4.545676040471584,0.6295741068180681,-1.0330916421750802,0.2719344611720337,0.2823111694121011,0.00015748,2.256196243686902,0.00081957,0,0.0
15395,9.940318752987842e-05,0.041677818416360035,-1.54e-06,1.7555182361220556,2.3361041145351167,59.709424755497885,1.0052136313683062,10.161769476040046,0.12067054082980143,-10.00859226058635,-1.1573229341274334,-23.12804712316402,0.6295741068180681,-27.689267037405468,0.2719344611720337,0.32019437059276945,0.00015748,1.1553171388758172,0.00081957,0,0.0
15396,0.0007162859301149682,0.13560585275221976,-1.54e-06,1.7555182361220556,2.3361041145351167,5.1644556707786595,1.0052136313683062,3.6957412301751993,0.12067054082980143,-35.943932614012574,-1.1573229341274334,37.31147400497532,0.6295741068180681,9.146934703886725,0.2719344611720337,0.34877425067682755,0.00015748,1.347534897007788,0.00081957,0,0.0
15397,2.109879455742745,3.570003574488796,-1.54e-06,1.7555182361220556,2.3361041145351167,-78.22290519426606,1.0052136313683062,5.071364350110561,0.12067054082980143,-17.562231498909327,-1.1573229341274334,-25.176440109758953,0.6295741068180681,78.79344550392587,0.2719344611720337,-1.5973679662491276,0.00015748,0.2186389759191011,0.00081957,1,0.0
15398,0.002669896369658087,0.027884986313348802,-1.54e-06,1.7555182361220556,2.3361041145351167,76.60536695550162,1.0052136313683062,17.928972742974146,0.12067054082980143,-43.79785297190748,-1.1573229341274334,-16.774461048116255,0.6295741068180681,-20.890925172011542,0.2719344611720337,0.2958363670992794,0.00015748,1.7713339004998154,0.00081957,0,0.0
15399,0.003944061454284498,0.07183400683037638,-1.54e-06,1.7555182361220556,2.3361041145351167,-8.212510508715717,1.0052136313683062,8.77349813203429,0.12067054082980143,-81.24407344533891,-1.1573229341274334,67.02165869452739,0.6295741068180681,36.305541266921644,0.2719344611720337,0.5334730423686619,0.00015748,1.3789729396306458,0.00081957,0,0.0
15400,1.6425100700352875,1.6954632558842595,-1.54e-06,1.6178178713416302,1.999735025193045,71.37384080582221,1.0052136313683062,27.057458765824876,0.12067054082980143,-55.49835777606058,-1.1573229341274334,-37.61051127102986,0.6295741068180681,-0.4051396088122629,0.2719344611720337,0.2694774238896025,0.00015748,4.199575821656174,0.00081957,0,0.0
15401,0.2135937529259605,0.1528672399194046,-1.54e-06,1.6178178713416302,1.999735025193045,-35.401150391983116,1.0052136313683062,1.1484958210660334,0.12067054082980143,-53.803299628330784,-1.1573229341274334,40.68288390048752,0.6295741068180681,49.64191514817479,0.2719344611720337,-0.14156276644358864,0.00015748,0.14958204382361848,0.00081957,1,0.0
15402,2.653935444226571,3.416601079095903,-1.54e-06,1.6178178713416302,1.999735025193045,57.13991203966898,1.0052136313683062,31.785709293066912,0.12067054082980143,-87.67800660910562,-1.1573229341274334,-30.958992367119816,0.6295741068180681,33.8554071870361,0.2719344611720337,0.2650856189530493,0.00015748,4.724211542020196,0.00081957,0,0.0
15403,-0.27526466807963323,1.0535026305258248,-1.54e-06,1.6178178713416302,1.999735025193045,2.814569330723477,1.0052136313683062,4.005279585009846,0.12067054082980143,-46.29667061672776,-1.1573229341274334,47.691262093106985,0.6295741068180681,10.81780763025326,0.2719344611720337,0.5969105344067123,0.00015748,3.9181226683011383,0.00081957,0,0.0
15404,-0.13795374978989505,0.8163652676322456,-1.54e-06,1.6178178713416302,1.999735025193045,-1.3980332461410827,1.0052136313683062,4.935660882092843,0.12067054082980143,-48.86427818742348,-1.1573229341274334,47.16608085846647,0.6295741068180681,15.339337143202092,0.2719344611720337,0.5159043276408224,0.00015748,3.7658989416688153,0.00081957,0,0.0
15405,2.4861882298392146,20.217739646878158,-1.54e-06,1.6178178713416302,1.999735025193045,12.956931801221478,1.0052136313683062,22.03718267739361,0.12067054082980143,-10.414203149387896,-1.1573229341274334,-58.21547507687507,0.6295741068180681,14.163111927349725,0.2719344611720337,-2.8517859594384847,0.00015748,2.7588374041013237,0.00081957,1,0.0
15406,1.0524573032459128,3.6360961130118516,-1.54e-06,1.6178178713416302,1.999735025193045,-74.24571540499578,1.0052136313683062,-10.08265246617206,0.12067054082980143,-17.533909923415877,-1.1573229341274334,34.215563733530516,0.6295741068180681,63.90127212825113,0.2719344611720337,-1.8395120433246648,0.00015748,0.21831228508600642,0.00081957,1,0.0
15407,2.189047175356152,14.677780067805855,-1.54e-06,1.6178178713416302,1.999735025193045,-25.27841297003202,1.0052136313683062,10.662385475167294,0.12067054082980143,-1e-20,-1.1573229341274334,-56.88022919521,0.6295741068180681,39.867822509534385,0.2719344611720337,-5.5461660335011285,0.00015748,0.5899119028208069,0.00081957,1,0.0
15408,-0.7638476177811249,1.9555838334460416,-1.54e-06,1.6178178713416302,1.999735025193045,30.75580126431277,1.0052136313683062,0.6283435701595335,0.12067054082980143,-4.714990621112723,-1.1573229341274334,23.93170179715444,0.6295741068180681,-30.030956697676473,0.2719344611720337,0.5568276424988483,0.00015748,4.158248945554445,0.00081957,0,0.0
15409,2.3329162554233354,2.222114078262492,-1.54e-06,1.6178178713416302,1.999735025193045,-24.075584429842422,1.0052136313683062,4.307598154437254,0.12067054082980143,-14.106416215489388,-1.1573229341274334,-18.3516016759496,0.6295741068180681,44.83950110445749,0.2719344611720337,-0.38256599615918035,0.00015748,0.38529856576477145,0.00081957,1,0.0
15410,-0.016297254125956062,0.45114099506097216,-1.54e-06,1.6178178713416302,1.999735025193045,24.039233070377897,1.0052136313683062,13.281947223153585,0.12067054082980143,-69.70231719385252,-1.1573229341274334,36.38327071319546,0.6295741068180681,13.519794674423244,0.2719344611720337,1.9567018867880717,0.00015748,2.9767771133535414,0.00081957,0,0.0
15411,2.295346723802763,3.6343869995107085,-1.54e-06,1.6178178713416302,1.999735025193045,84.32380025983572,1.0052136313683062,25.874257038446814,0.12067054082980143,-22.399594583625742,-1.1573229341274334,-68.26606838402711,0.6295741068180681,-17.16979236119464,0.2719344611720337,0.2700525607632893,0.00015748,4.314281181694513,0.00081957,0,0.0
15412,-1.1252156819408508,2.6942076568232096,-1.54e-06,1.6178178713416302,1.999735025193045,47.51131960647311,1.0052136313683062,15.078778373608014,0.12067054082980143,-91.19298028425153,-1.1573229341274334,68.75559871896283,0.6295741068180681,-5.351542067762222,0.2719344611720337,2.567381311563116,0.00015748,5.855051607810168,0.00081957,0,0.0
15413,3.400663447514752,4.5292257393484086,-1.54e-06,1.6178178713416302,1.999735025193045,-50.85883055696292,1.0052136313683062,8.845097101190737,0.12067054082980143,-57.74364946320221,-1.1573229341274334,-3.0932570622002786,0.6295741068180681,93.19406531700315,0.2719344611720337,-0.77250790403704,0.00015748,0.7689853556913615,0.00081957,1,0.0
15414,4.468463538778936,24.461401686826278,-1.54e-06,1.6178178713416302,1.999735025193045,46.06509299379609,1.0052136313683062,13.221094925080422,0.12067054082980143,-67.31952843146172,-1.1573229341274334,-25.10227062766708,0.6295741068180681,59.13267183261963,0.2719344611720337,0.2652230880208206,0.00015748,8.398569929803092,0.00081957,0,0.0
15415,-1.9968089758243621,4.4590337200039984,-1.54e-06,1.6178178713416302,1.999735025193045,41.663196054816396,1.0052136313683062,-2.615474664403818,0.12067054082980143,-10.263120424815627,-1.1573229341274334,60.08953585541995,0.6295741068180681,-51.51627509603741,0.2719344611720337,0.3366174760092808,0.00015748,7.417845353569142,0.00081957,0,0.0
15416,-3.435474581620888,15.303904807507056,-1.54e-06,1.6178178713416302,1.999735025193045,-14.408190105129654,1.0052136313683062,-10.017289704220087,0.12067054082980143,-29.662745855980674,-1.1573229341274334,82.24168480404533,0.6295741068180681,-12.434337009380815,0.2719344611720337,-1.3580061306951439,0.00015748,1.3958251602111467,0.00081957,1,0.0
15417,4.8301952672618675,11.138889213537375,-1.54e-06,1.6178178713416302,1.999735025193045,41.739246309994485,1.0052136313683062,33.03380152435298,0.12067054082980143,-71.34450668345686,-1.1573229341274334,-63.08203928305455,0.6295741068180681,56.0121170802821,0.2719344611720337,0.2653302664868491,0.00015748,4.70547090257114,0.00081957,0,0.0
15418,1.575593625698675,1.4578954301987397,-1.54e-06,1.6178178713416302,1.999735025193045,-37.26320121821575,1.0052136313683062,-1.402769582603772,0.12067054082980143,-14.634330629314325,-1.1573229341274334,4.415837926544862,0.6295741068180681,45.267939527824325,0.2719344611720337,-0.398515505726891,0.00015748,0.16661527796467335,0.00081957,1,0.0
15419,-0.871377140997379,2.243320698614381,-1.54e-06,1.6178178713416302,1.999735025193045,33.43568908896825,1.0052136313683062,7.124184387642817,0.12067054082980143,-43.32136112452199,-1.1573229341274334,45.72198754151526,0.6295741068180681,-16.823098239179444,0.2719344611720337,1.298045021813807,0.00015748,5.012415138521443,0.00081957,0,0.0
15420,2.309511104092456,3.5177654911897562,-1.54e-06,1.6178178713416302,1.999735025193045,91.92884228430577,1.0052136313683062,33.33031770426141,0.12067054082980143,-50.4788478931132,-1.1573229341274334,-61.95494062640276,0.6295741068180681,-9.728444154855115,0.2719344611720337,0.2717933333699363,0.00015748,5.049399791615576,0.00081957,0,0.0
15421,-0.8185451380039241,2.0928076806034,-1.54e-06,1.6178178713416302,1.999735025193045,78.73666983308232,1.0052136313683062,24.11362067845539,0.12067054082980143,-99.78849230117335,-1.1573229341274334,44.0895308479084,0.6295741068180681,-14.82734087033091,0.2719344611720337,3.92990226404374,0.00015748,4.864545799225738,0.00081957,0,0.0
15422,0.004942824092656117,8.156638774749659e-06,-1.54e-06,1.6178178713416302,1.999735025193045,56.320771219473265,1.0052136313683062,26.00629290495383,0.12067054082980143,-98.42924807851362,-1.1573229341274334,14.171143284089895,0.6295741068180681,13.038490497648498,0.2719344611720337,0.30874270449089125,0.00015748,3.8516383413322135,0.00081957,0,0.0
15423,3.1632851021286577,4.848310363353656,-1.54e-06,1.6178178713416302,1.999735025193045,56.2262925134421,1.0052136313683062,32.986847273201185,0.12067054082980143,-85.13995289706011,-1.1573229341274334,-39.52504291023928,0.6295741068180681,37.84917548293546,0.2719344611720337,0.26777624659810684,0.00015748,4.832253236499048,0.00081957,0,0.0
15424,0.10646555250329204,1.2612119384596776e-07,-1.54e-06,1.6178178713416302,1.999735025193045,2.9308500257361327,1.0052136313683062,11.938342979189757,0.12067054082980143,-70.22136201628602,-1.1573229341274334,29.893738286192963,0.6295741068180681,31.479268229518578,0.2719344611720337,0.3916095898548667,0.00015748,1.537901616647812,0.00081957,0,0.0
15425,-2.4456429004881426,17.4040168700038,-1.54e-06,1.6178178713416302,1.999735025193045,-86.0719181104598,1.0052136313683062,-11.601086625068367,0.12067054082980143,-50.50341005143704,-1.1573229341274334,99.28098094609472,0.6295741068180681,47.91378060843939,0.2719344611720337,-3.762172175449869,0.00015748,0.25454652325180716,0.00081957,1,0.0
15426,-0.9559457610935621,2.3744978017811937,-1.54e-06,1.6178178713416302,1.999735025193045,45.67123828933806,1.0052136313683062,4.63306518872336,0.12067054082980143,-19.42802356608224,-1.1573229341274334,28.89130808624565,0.6295741068180681,-34.529717640468874,0.2719344611720337,1.2334507831287111,0.00015748,4.73568242081317,0.00081957,0,0.0
15427,0.9561516760126285,3.4358459899008107,-1.54e-06,1.6178178713416302,1.999735025193045,-73.2951530772034,1.0052136313683062,-9.45979950939434,0.12067054082980143,-21.710689973846293,-1.1573229341274334,36.848092060994,0.6295741068180681,64.34648500908334,0.2719344611720337,-1.7658807735853932,0.00015748,0.20859128302038943,0.00081957,1,0.0
15428,-1.057254894532218,2.5375542832064237,-1.54e-06,1.6178178713416302,1.999735025193045,65.66083960834908,1.0052136313683062,13.992408594484838,0.12067054082980143,-57.53500691467144,-1.1573229341274334,38.07144627845056,0.6295741068180681,-29.844880704620035,0.2719344611720337,2.5927339064599453,0.00015748,5.058784909033977,0.00081957,0,0.0
15429,0.007746053328282487,0.00021551339288888974,-1.54e-06,1.6178178713416302,1.999735025193045,1.3695825167963613,1.0052136313683062,5.960773438787745,0.12067054082980143,-37.20919321037497,-1.1573229341274334,17.817959602262565,0.6295741068180681,16.07410113977249,0.2719344611720337,0.36683041315518244,0.00015748,0.7904728425575003,0.00081957,0,0.0
15430,-1.6380201322402619,3.7428132346080156,-1.54e-06,1.6178178713416302,1.999735025193045,30.80326175094513,1.0052136313683062,2.8375509597889876,0.12067054082980143,-43.80378722831603,-1.1573229341274334,71.66940485806833,0.6295741068180681,-25.873009127815585,0.2719344611720337,0.7754495328298749,0.00015748,6.987014621727418,0.00081957,0,0.0
15431,2.2001164888557567,2.448437040720533,-1.54e-06,1.6178178713416302,1.999735025193045,-18.766669192821286,1.0052136313683062,6.356130446725919,0.12067054082980143,-22.88362072464638,-1.1573229341274334,-17.240880066402383,0.6295741068180681,45.34689497082572,0.2719344611720337,-0.6859613984398262,0.00015748,0.7055893081178656,0.00081957,1,0.0
15432,-2.0268385972673566,9.877898664404537,-1.54e-06,1.6178178713416302,1.999735025193045,-3.7267775361944087,1.0052136313683062,-4.5556907872588415,0.12067054082980143,-39.51902644608509,-1.1573229341274334,77.30891789138651,0.6295741068180681,-5.104359741796663,0.2719344611720337,-0.4447639967349264,0.00015748,4.187211449255512,0.00081957,1,0.0
15433,1.974571348757573,1.4721270568864953,-1.54e-06,1.6178178713416302,1.999735025193045,-23.677592231647356,1.0052136313683062,9.701881142520326,0.12067054082980143,-59.980684297155015,-1.1573229341274334,11.606830689838425,0.6295741068180681,61.97810947090928,0.2719344611720337,0.32687658958239296,0.00015748,1.1181044628460661,0.00081957,0,0.0
15434,1.5303273998899445,10.924712004046519,-1.54e-06,1.6178178713416302,1.999735025193045,-28.971833745151564,1.0052136313683062,16.67504206319088,0.12067054082980143,-68.07216100429282,-1.1573229341274334,8.900012832261334,0.6295741068180681,60.07457832474026,0.2719344611720337,-2.3656988748466716,0.00015748,1.9655206817121673,0.00081957,1,0.0
15435,0.0008897882091694065,0.0241874244489521,-1.54e-06,1.6178178713416302,1.999735025193045,41.873509956174644,1.0052136313683062,11.792725877199587,0.12067054082980143,-27.274472364819367,-1.1573229341274334,-8.50098641665467,0.6295741068180681,-12.078350831828589,0.2719344611720337,0.2923787589790836,0.00015748,2.00359891860977,0.00081957,0,0.0
15436,-1.5857269143437767,7.48282236826185,-1.54e-06,1.6178178713416302,1.999735025193045,-34.30499437951069,1.0052136313683062,-8.614927396151437,0.12067054082980143,-32.426525695971755,-1.1573229341274334,65.90570766108243,0.6295741068180681,19.725369066776096,0.2719344611720337,-1.2590551165944617,0.00015748,1.2762368990991217,0.00081957,1,0.0
15437,-0.011614963424472213,0.43268237621542077,-1.54e-06,1.6178178713416302,1.999735025193045,-19.220458799399065,1.0052136313683062,7.95392746581567,0.12067054082980143,-90.34627719648321,-1.1573229341274334,73.27019620759938,0.6295741068180681,47.33455361803718,0.2719344611720337,0.7156237847848648,0.00015748,3.8177300222668187,0.00081957,0,0.0
15438,1.2047380966518801,2.660394562796531,-1.54e-06,1.6178178713416302,1.999735025193045,-83.15166075607087,1.0052136313683062,-5.33862278022247,0.12067054082980143,-59.151376069622515,-1.1573229341274334,55.07653874257358,0.6295741068180681,91.09470704962337,0.2719344611720337,-1.2850076473888148,0.00015748,0.21519466110256058,0.00081957,1,0.0
15439,-0.0180091914867333,0.3447554925348509,-1.54e-06,1.6178178713416302,1.999735025193045,25.34677690204919,1.0052136313683062,5.6831951314410105,0.12067054082980143,-14.125095271077612,-1.1573229341274334,5.161445206196903,0.6295741068180681,-12.108099883540387,0.2719344611720337,1.0042114774341127,0.00015748,1.970255619274231,0.00081957,0,0.0
15440,3.588632540535283,6.14485629385757,-1.54e-06,1.6178178713416302,1.999735025193045,-49.450671554746485,1.0052136313683062,1.599347294054496,0.12067054082980143,-7.169330589868674,-1.1573229341274334,-28.64433879867013,0.6295741068180681,70.31014654774253,0.2719344611720337,-0.7660972384617923,0.00015748,-0.11262080707513594,0.00081957,1,0.0
15441,-1.3467933911408774,7.882324462240797,-1.54e-06,1.6178178713416302,1.999735025193045,-54.844344024017644,1.0052136313683062,-13.450454705878645,0.12067054082980143,-15.450016228031563,-1.1573229341274334,59.10492389619814,0.6295741068180681,27.68890849694717,0.2719344611720337,-2.138925796805294,0.00015748,0.2266376465974742,0.00081957,1,0.0
15442,0.8158475955125221,0.6086343519222692,-1.54e-06,1.6178178713416302,1.999735025193045,-50.59531609680053,1.0052136313683062,-0.6222350028238661,0.12067054082980143,-54.71236350614581,-1.1573229341274334,42.31349078338669,0.6295741068180681,65.08215751865754,0.2719344611720337,-0.39581366469828594,0.00015748,0.38814865933534093,0.00081957,1,0.0
15443,0.05275339818651892,4.672030659754827e-07,-1.54e-06,1.6178178713416302,1.999735025193045,-6.2372273391515325,1.0052136313683062,8.210069162339027,0.12067054082980143,-59.15994406144197,-1.1573229341274334,31.759279435888768,0.6295741068180681,30.826957544161264,0.2719344611720337,0.40616539956778575,0.00015748,1.1017580464027894,0.00081957,0,0.0
15444,0.006042927075168958,0.0017679147459390204,-1.54e-06,1.6178178713416302,1.999735025193045,-3.6908498755208434,1.0052136313683062,4.710452811846322,0.12067054082980143,-36.4750639255779,-1.1573229341274334,21.233117011326726,0.6295741068180681,18.49828430457681,0.2719344611720337,0.3936409479040403,0.00015748,0.7095622376471404,0.00081957,0,0.0
15445,-0.0005014588700107403,0.14933786154189274,-1.54e-06,1.6178178713416302,1.999735025193045,52.24139058625469,1.0052136313683062,11.34302215909347,0.12067054082980143,-17.650003771119373,-1.1573229341274334,-13.908716599688082,0.6295741068180681,-23.42260640510814,0.2719344611720337,0.8094654356127612,0.00015748,2.2480567722425286,0.00081957,0,0.0
15446,0.9412868640014844,0.3295524479903578,-1.54e-06,1.6178178713416302,1.999735025193045,5.842798429903234,1.0052136313683062,13.50133724615895,0.12067054082980143,-65.13121576616088,-1.1573229341274334,12.926594792617882,0.6295741068180681,36.64384092954845,0.2719344611720337,0.2873271090502041,0.00015748,1.8189256531021953,0.00081957,0,0.0
15447,2.9727800089111627,3.5733674721531927,-1.54e-06,1.6178178713416302,1.999735025193045,-18.31266108261836,1.0052136313683062,14.11174600092552,0.12067054082980143,-62.860459936377296,-1.1573229341274334,-5.499430865150546,0.6295741068180681,70.04262924098514,0.2719344611720337,0.29106744354651515,0.00015748,1.7362902571703964,0.00081957,0,0.0
15448,0.0017221098497193221,0.20602412261023234,-1.54e-06,1.6178178713416302,1.999735025193045,5.002808081868016,1.0052136313683062,7.217555313550386,0.12067054082980143,-48.82526253678433,-1.1573229341274334,32.31265012624548,0.6295741068180681,16.110610245853195,0.2719344611720337,0.9243382679448774,0.00015748,2.240088191871016,0.00081957,0,0.0
15449,2.445525135943429,2.987812649623118,-1.54e-06,1.6178178713416302,1.999735025193045,65.98775196782711,1.0052136313683062,33.74619200224018,0.12067054082980143,-89.64771948951707,-1.1573229341274334,-32.20562632756071,0.6295741068180681,26.916838152997443,0.2719344611720337,0.26314942275187025,0.00015748,4.97495711062816,0.00081957,0,0.0
15450,0.005267210087522178,0.0573349216564627,-1.54e-06,1.6178178713416302,1.999735025193045,-31.942146825928805,1.0052136313683062,5.744894745789221,0.12067054082980143,-85.74907058934288,-1.1573229341274334,67.61756603879529,0.6295741068180681,56.15080102381626,0.2719344611720337,0.28364038434541017,0.00015748,2.196912367389415,0.00081957,0,0.0
15451,1.2635941560304307,0.5464913788433547,-1.54e-06,1.6178178713416302,1.999735025193045,-27.7074894927263,1.0052136313683062,3.557064147796608,0.12067054082980143,-35.77731558470735,-1.1573229341274334,10.220455823955957,0.6295741068180681,46.900120111661394,0.2719344611720337,-0.26500699483981754,0.00015748,0.2680172389895297,0.00081957,1,0.0
15452,0.004156943757421594,0.04831720164527061,-1.54e-06,1.6178178713416302,1.999735025193045,28.78952770224161,1.0052136313683062,8.17966872077953,0.12067054082980143,-21.101344955918123,-1.1573229341274334,-2.0464671503594674,0.6295741068180681,-7.9786370668845255,0.2719344611720337,0.6443139171303828,0.00015748,1.3962287501537776,0.00081957,0,0.0
15453,4.7175731848339595,10.914558620846485,-1.54e-06,1.6178178713416302,1.999735025193045,33.04244490485054,1.0052136313683062,29.231502600021763,0.12067054082980143,-53.42743647556044,-1.1573229341274334,-65.25620324253188,0.6295741068180681,50.432450003222705,0.2719344611720337,0.25005586625113474,0.00015748,4.0052970091066005,0.00081957,0,0.0
15454,1.3437590830072825,0.8580555418859118,-1.54e-06,1.6178178713416302,1.999735025193045,-7.647581126799301,1.0052136313683062,6.439283128894826,0.12067054082980143,-29.133362201478498,-1.1573229341274334,-1.233875541407179,0.6295741068180681,31.306091631133036,0.2719344611720337,0.32880609888863155,0.00015748,0.8073857206095282,0.00081957,0,0.0
15455,0.0002422619361279743,0.47243423797184025,-1.54e-06,1.6178178713416302,1.999735025193045,79.91499094178016,1.0052136313683062,23.83869485262787,0.12067054082980143,-66.48276245067449,-1.1573229341274334,0.3284893143716587,0.6295741068180681,-19.466876815642973,0.2719344611720337,2.2158519990727643,0.00015748,3.970115938037033,0.00081957,0,0.0
15456,4.924949781881474,12.394629228373834,-1.54e-06,1.6178178713416302,1.999735025193045,73.8959292324186,1.0052136313683062,40.60547384830823,0.12067054082980143,-73.55846732950681,-1.1573229341274334,-81.5594749975009,0.6295741068180681,38.09993124047256,0.2719344611720337,0.257400847181958,0.00015748,5.895838941935598,0.00081957,0,0.0
15457,1.3581373789401923,21.80669502337732,-1.54e-06,1.6178178713416302,1.999735025193045,19.508561427344375,1.0052136313683062,-9.402020671378747,0.12067054082980143,-42.06622145540921,-1.1573229341274334,72.37023646728011,0.6295741068180681,17.889479060943106,0.2719344611720337,0.2930259034473055,0.00015748,12.679547313667676,0.00081957,0,0.0
15458,3.763621566105143,5.6498629034302015,-1.54e-06,1.6178178713416302,1.999735025193045,-26.301514647333242,1.0052136313683062,16.55909277319737,0.12067054082980143,-73.51285781847416,-1.1573229341274334,-8.507060618751,0.6295741068180681,87.54536983594707,0.2719344611720337,0.28712011121852754,0.00015748,1.9849255554281946,0.00081957,0,0.0
15459,0.008183250382520546,0.0028090702917379926,-1.54e-06,1.6178178713416302,1.999735025193045,-1.1691350748915872,1.0052136313683062,4.415564311130848,0.12067054082980143,-31.65606039186076,-1.1573229341274334,17.443272314242943,0.6295741068180681,14.910948126969304,0.2719344611720337,0.41224620981456933,0.00015748,0.634635515572232,0.00081957,0,0.0
15460,0.026002536019796185,1.7592861916191028e-07,-1.54e-06,1.6178178713416302,1.999735025193045,15.477381417835193,1.0052136313683062,13.967445250533837,0.12067054082980143,-70.42365009640798,-1.1573229341274334,24.802435118038023,0.6295741068180681,23.444355395359494,0.2719344611720337,0.4853654719353002,0.00015748,1.8945924140407444,0.00081957,0,0.0
15461,-0.9245959115956635,4.133593051531218,-1.54e-06,1.6178178713416302,1.999735025193045,-12.518659570556592,1.0052136313683062,-2.6179342036032938,0.12067054082980143,-30.145197604178694,-1.1573229341274334,47.04385767735539,0.6295741068180681,10.073566487091169,0.2719344611720337,-0.3459416015793201,0.00015748,1.980273822357483,0.00081957,1,0.0
15462,0.006073620551981129,0.05633110322450861,-1.54e-06,1.6178178713416302,1.999735025193045,77.78757380281101,1.0052136313683062,21.35612627573889,0.12067054082980143,-45.915268331534335,-1.1573229341274334,-19.578897599640094,0.6295741068180681,-24.17507724218659,0.2719344611720337,0.2786549920397925,0.00015748,3.6531688953275228,0.00081957,0,0.0
15463,-0.22952575210204884,0.9502937699882288,-1.54e-06,1.6178178713416302,1.999735025193045,26.308567456626456,1.0052136313683062,5.436469187974514,0.12067054082980143,-25.86456424203276,-1.1573229341274334,21.360141195546582,0.6295741068180681,-10.532035887292043,0.2719344611720337,1.0910714401262984,0.00015748,3.2166404292667847,0.00081957,0,0.0
15464,2.0939969735511914,2.318421301864632,-1.54e-06,1.6178178713416302,1.999735025193045,-20.001339531121147,1.0052136313683062,7.163785345652211,0.12067054082980143,-30.090479103736605,-1.1573229341274334,-11.88788368183626,0.6295741068180681,48.16930585786,0.2719344611720337,-0.6718108954514636,0.00015748,0.7632632377972831,0.00081957,1,0.0
15465,0.32734870471255095,0.15156323512819314,-1.54e-06,1.6178178713416302,1.999735025193045,25.490071966294067,1.0052136313683062,7.132959925494874,0.12067054082980143,-8.254833409748105,-1.1573229341274334,-13.264142320132962,0.6295741068180681,-8.80576688685065,0.2719344611720337,0.31763877404809554,0.00015748,1.1550382122694223,0.00081957,0,0.0
15466,1.2770789524558241,15.401808541529551,-1.54e-06,1.6178178713416302,1.999735025193045,23.522741359957987,1.0052136313683062,-7.622872875416103,0.12067054082980143,-20.33530405155223,-1.1573229341274334,44.119670100304646,0.6295741068180681,5.646535025804762,0.2719344611720337,0.2352465435315212,0.00015748,10.092645944851643,0.00081957,0,0.0
15467,0.0038418003537001866,0.010097877860910686,-1.54e-06,1.6178178713416302,1.999735025193045,39.41647811924016,1.0052136313683062,13.96330113904355,0.12067054082980143,-42.373919942233556,-1.1573229341274334,-1.0494180889526703,0.6295741068180681,-3.6199708436768865,0.2719344611720337,0.28920299788983383,0.00015748,2.183951158582183,0.00081957,0,0.0
15468,0.009517260512500236,0.11889739085816409,-1.54e-06,1.6178178713416302,1.999735025193045,75.59901241555531,1.0052136313683062,28.3451364107139,0.12067054082980143,-99.31404884149293,-1.1573229341274334,11.164497735674392,0.6295741068180681,1.09814172464551,0.2719344611720337,1.2931835750274931,0.00015748,4.5169060211281025,0.00081957,0,0.0
15469,1.753723388053607,1.7234426849049052,-1.54e-06,1.6178178713416302,1.999735025193045,83.58613237088518,1.0052136313683062,36.08034440816277,0.12067054082980143,-93.1642130888414,-1.1573229341274334,-30.019534262499693,0.6295741068180681,10.93985443614667,0.2719344611720337,0.2639786261051298,0.00015748,5.379830530186043,0.00081957,0,0.0
15470,2.687195335513724,3.5757080370654863,-1.54e-06,1.6178178713416302,1.999735025193045,16.60370970815685,1.0052136313683062,16.424393932989364,0.12067054082980143,-34.45755201232137,-1.1573229341274334,-33.1696227186712,0.6295741068180681,32.109468125541355,0.2719344611720337,0.27223913335039995,0.00015748,2.2737991056356606,0.00081957,0,0.0
15471,-0.0002019919410896076,0.01917664018446288,-1.54e-06,1.6178178713416302,1.999735025193045,21.097708125215274,1.0052136313683062,5.42775499926508,0.12067054082980143,-11.882189454032329,-1.1573229341274334,-3.721737256464295,0.6295741068180681,-7.26782697965987,0.2719344611720337,0.33767980077642723,0.00015748,0.9738996365141526,0.00081957,0,0.0
15472,1.2455659996279582,0.938514525258987,-1.54e-06,1.6178178713416302,1.999735025193045,43.82952048264916,1.0052136313683062,18.180578203064787,0.12067054082980143,-46.151378863872004,-1.1573229341274334,-19.841697592120706,0.6295741068180681,8.571334137427591,0.2719344611720337,0.27325324080453495,0.00015748,2.94399342350303,0.00081957,0,0.0
15473,0.08572748788751561,1.6158342880869987e-06,-1.54e-06,1.6178178713416302,1.999735025193045,5.551289640324041,1.0052136313683062,12.631892108166513,0.12067054082980143,-72.17450659757665,-1.1573229341274334,29.941275190653357,0.6295741068180681,30.599388111643222,0.2719344611720337,0.44750620852443734,0.00015748,1.6448599923301348,0.00081957,0,0.0
15474,0.5553695322027371,0.2148427611306491,-1.54e-06,1.6178178713416302,1.999735025193045,-48.08926298453394,1.0052136313683062,2.789666549848424,0.12067054082980143,-74.79960304480501,-1.1573229341274334,50.93056587210726,0.6295741068180681,71.04217435826831,0.2719344611720337,-0.15399644681607755,0.00015748,0.15471263835475063,0.00081957,1,0.0
15475,-1.0460385696353547,5.745322985843876,-1.54e-06,1.6178178713416302,1.999735025193045,10.341760368590084,1.0052136313683062,-3.1175371023430123,0.12067054082980143,-19.752058742163662,-1.1573229341274334,54.09249000227401,0.6295741068180681,-15.301101690708423,0.2719344611720337,-0.04579904696210102,0.00015748,5.403921478795567,0.00081957,1,0.0
15476,3.945207192347905,7.8305856390023125,-1.54e-06,1.6178178713416302,1.999735025193045,-62.60482261235786,1.0052136313683062,6.0580415784135955,0.12067054082980143,-23.2414995055834,-1.1573229341274334,-30.17945999522019,0.6295741068180681,88.84674254426298,0.2719344611720337,-2.311895534761099,0.00015748,0.17821720238347827,0.00081957,1,0.0
15477,2.9037228749002173,3.669171576931418,-1.54e-06,1.6178178713416302,1.999735025193045,22.625697276371906,1.0052136313683062,26.155691337060798,0.12067054082980143,-83.84266325153092,-1.1573229341274334,-18.283102366970557,0.6295741068180681,53.882208470872385,0.2719344611720337,0.29027834651887474,0.00015748,3.5307763980774745,0.00081957,0,0.0
15478,-1.1095892029497225,6.922563363159148,-1.54e-06,1.6178178713416302,1.999735025193045,-59.7625844710452,1.0052136313683062,-10.724416094983203,0.12067054082980143,-39.72006683670394,-1.1573229341274334,70.52420915149759,0.6295741068180681,44.856181094840245,0.2719344611720337,-1.7515485725786741,0.00015748,0.43329785062323833,0.00081957,1,0.0
15479,-0.0015260262519385392,0.07292294154637438,-1.54e-06,1.6178178713416302,1.999735025193045,81.85451568364972,1.0052136313683062,21.15279398712096,0.12067054082980143,-41.24954268049992,-1.1573229341274334,-23.411556719504564,0.6295741068180681,-28.667670439660625,0.2719344611720337,0.26823489831156877,0.00015748,3.730172537087345,0.00081957,0,0.0
15480,-0.4684782991971206,1.4392514760500656,-1.54e-06,1.6178178713416302,1.999735025193045,5.364468977281439,1.0052136313683062,9.635137590847709,0.12067054082980143,-84.4451254913037,-1.1573229341274334,71.22397796614328,0.6295741068180681,23.5461709245105,0.2719344611720337,1.247937193063366,0.00015748,4.850734445308937,0.00081957,0,0.0
15481,1.1256111275035185,0.6063701610286247,-1.54e-06,1.6178178713416302,1.999735025193045,15.869464538001449,1.0052136313683062,12.945292271674274,0.12067054082980143,-44.63529919188485,-1.1573229341274334,-4.302467621850811,0.6295741068180681,22.518553399132227,0.2719344611720337,0.29080909370373553,0.00015748,1.8387248273722865,0.00081957,0,0.0
15482,-2.5306315970327766,5.594284357528453,-1.54e-06,1.6178178713416302,1.999735025193045,57.55475776197463,1.0052136313683062,1.5292402466695916,0.12067054082980143,-31.95524650460142,-1.1573229341274334,78.94682191245113,0.6295741068180681,-59.1930016204861,0.2719344611720337,0.9868935382369486,0.00015748,9.024900400289903,0.00081957,0,0.0
15483,0.0012831059815789914,0.04500939027985134,-1.54e-06,1.6178178713416302,1.999735025193045,92.04715812277772,1.0052136313683062,27.86724408680187,0.12067054082980143,-70.00455711538504,-1.1573229341274334,-16.82576815640638,0.6295741068180681,-21.183185507713514,0.2719344611720337,0.28000289438211556,0.00015748,4.605227869876045,0.00081957,0,0.0
15484,-1.7567457445247334,3.905939749244043,-1.54e-06,1.6178178713416302,1.999735025193045,78.2829732427811,1.0052136313683062,11.591570640294822,0.12067054082980143,-44.61785899036707,-1.1573229341274334,45.163494960881174,0.6295741068180681,-53.20833693612583,0.2719344611720337,2.4197545030078236,0.00015748,6.47454241501174,0.00081957,0,0.0
15485,9.060970539875868e-05,0.11066625619939373,-1.54e-06,1.6178178713416302,1.999735025193045,53.334290150544994,1.0052136313683062,19.501104603055538,0.12067054082980143,-65.93220196281003,-1.1573229341274334,8.031062119975173,0.6295741068180681,-2.3378404153832784,0.2719344611720337,1.268265649287511,0.00015748,3.057847792485698,0.00081957,0,0.0
15486,-0.7782221473671532,1.9993888433771,-1.54e-06,1.6178178713416302,1.999735025193045,14.760519928160278,1.0052136313683062,4.043030443709063,0.12067054082980143,-46.05362103059993,-1.1573229341274334,55.111748508408496,0.6295741068180681,-3.052578829797995,0.2719344611720337,0.7457891083402806,0.00015748,4.90849199852137,0.00081957,0,0.0
15487,-1.6209808544885789,3.715864175407944,-1.54e-06,1.6178178713416302,1.999735025193045,88.08736044725605,1.0052136313683062,16.20704333099978,0.12067054082980143,-63.06459347444096,-1.1573229341274334,45.947660406168836,0.6295741068180681,-48.15967076127872,0.2719344611720337,3.1364777646973887,0.00015748,6.4730885639467886,0.00081957,0,0.0
15488,-1.7550219894714814,3.9749731907349326,-1.54e-06,1.6178178713416302,1.999735025193045,23.646337992914,1.0052136313683062,-1.3394941451675415,0.12067054082980143,-35.51804126770119,-1.1573229341274334,76.21099293485878,0.6295741068180681,-26.152714375690554,0.2719344611720337,0.31235393082453067,0.00015748,7.264905167833561,0.00081957,0,0.0
15489,-1.0384867442952697,2.5278570744200177,-1.54e-06,1.6178178713416302,1.999735025193045,86.939577600299,1.0052136313683062,21.08688129584833,0.12067054082980143,-76.46796479470387,-1.1573229341274334,34.26438104007464,0.6295741068180681,-33.122017484095544,0.2719344611720337,3.624247673053912,0.00015748,5.103867538661623,0.00081957,0,0.0
15490,2.416491387620499,2.8942415490491435,-1.54e-06,1.6178178713416302,1.999735025193045,0.5996956372513322,1.0052136313683062,9.99279067322333,0.12067054082980143,-18.305711357154216,-1.1573229341274334,-27.20239869280326,0.6295741068180681,31.207217317887874,0.2719344611720337,0.29768265755755385,0.00015748,1.3032630177194648,0.00081957,0,0.0
15491,0.03347178244803173,0.12466057186296203,-1.54e-06,1.6178178713416302,1.999735025193045,38.45776169073144,1.0052136313683062,17.838875108018314,0.12067054082980143,-81.64030154470852,-1.1573229341274334,21.0875260213218,0.6295741068180681,16.847999753887997,0.2719344611720337,0.7887597987053878,0.00015748,2.9887305322334727,0.00081957,0,0.0
15492,5.507613229105861,16.5077775345596,-1.54e-06,1.6178178713416302,1.999735025193045,-22.741858261811206,1.0052136313683062,15.500439671018814,0.12067054082980143,-13.665281786096708,-1.1573229341274334,-76.58392897369828,0.6295741068180681,76.440884328362,0.2719344611720337,-1.7445710891018515,0.00015748,1.756164012739159,0.00081957,1,0.0
15493,1.3179859935799798,0.5080629398571772,-1.54e-06,1.6178178713416302,1.999735025193045,-62.29691723099806,1.0052136313683062,3.684078153417459,0.12067054082980143,-86.35316355533465,-1.1573229341274334,52.17367841943652,0.6295741068180681,92.95773030016507,0.2719344611720337,-0.16328089312393623,0.00015748,0.16563899975534446,0.00081957,1,0.0
15494,1.8827048552789034,1.4766294643142799,-1.54e-06,1.6178178713416302,1.999735025193045,-6.831698642604609,1.0052136313683062,11.573015462417239,0.12067054082980143,-52.368104103046726,-1.1573229341274334,0.18345934984732049,0.6295741068180681,47.5197065873772,0.2719344611720337,0.29350267505078986,0.00015748,1.4993959002985864,0.00081957,0,0.0
15495,-1.0625376489166825,2.6187821708201797,-1.54e-06,1.6178178713416302,1.999735025193045,82.26014379395937,1.0052136313683062,14.522452579225163,0.12067054082980143,-40.20269308939995,-1.1573229341274334,20.466875807716566,0.6295741068180681,-47.55414953269624,0.2719344611720337,2.7711520146127535,0.00015748,4.938082335606295,0.00081957,0,0.0
15496,0.42870609297330375,1.0976374322350932,-1.54e-06,1.6178178713416302,1.999735025193045,-64.25822533760726,1.0052136313683062,-1.640806537380762,0.12067054082980143,-75.83387790173691,-1.1573229341274334,66.49262481040984,0.6295741068180681,79.49821421178758,0.2719344611720337,-0.6288495914480199,0.00015748,0.6226985092227237,0.00081957,1,0.0
15497,-1.0635951923213882,6.0382441109464615,-1.54e-06,1.6178178713416302,1.999735025193045,-32.68507023844933,1.0052136313683062,-9.29550331507403,0.12067054082980143,-15.443263445961193,-1.1573229341274334,49.721719799493854,0.6295741068180681,15.574341707297526,0.2719344611720337,-1.3317809207426687,0.00015748,1.290500446851193,0.00081957,1,0.0
15498,-4.796660581902691,45.196396033836045,-1.54e-06,1.6178178713416302,1.999735025193045,34.96573178612229,1.0052136313683062,8.749868396515897,0.12067054082980143,-18.082346828075543,-1.1573229341274334,46.799004492908885,0.6295741068180681,-71.45875463169898,0.2719344611720337,-3.6013882808763182,0.00015748,2.354682298753984,0.00081957,1,0.0
15499,0.016266630277229133,1.0160766521659144,-1.54e-06,1.6178178713416302,1.999735025193045,-44.758045744870294,1.0052136313683062,1.818285784594883,0.12067054082980143,-90.60923419173355,-1.1573229341274334,77.35153030751204,0.6295741068180681,69.06223122621188,0.2719344611720337,0.09364665093760316,0.00015748,1.9361712672625693,0.00081957,0,0.0
15500,0.0009406226832259224,0.009377322451412881,-1.54e-06,0.8768481884349242,2.6102580191229356,-2.4745144774591554,1.0052136313683062,8.371402225197793,0.12067054082980143,-40.22606716577335,-1.1573229341274334,38.67099419876172,0.6295741068180681,12.118864890317479,0.2719344611720337,0.3861080627798651,0.00015748,0.7669128709642011,0.00081957,0,0.0
15501,0.0009508626691268063,0.031780821529482396,-1.54e-06,0.8768481884349242,2.6102580191229356,63.87726985572526,1.0052136313683062,57.96700722785923,0.12067054082980143,-65.33696330830088,-1.1573229341274334,-36.45611862962783,0.6295741068180681,-25.70863680698343,0.2719344611720337,0.2607360623947348,0.00015748,8.23064635696598,0.00081957,0,0.0
15502,0.003311975470123407,0.09542994966418185,-1.54e-06,0.8768481884349242,2.6102580191229356,97.34349157710169,1.0052136313683062,67.53910563138966,0.12067054082980143,-27.996422388090608,-1.1573229341274334,-99.11419765165313,0.6295741068180681,-60.39924973754047,0.2719344611720337,0.2568770895388379,0.00015748,10.558628496475817,0.00081957,0,0.0
15503,0.05915068912380317,0.005078360050304395,-1.54e-06,0.8768481884349242,2.6102580191229356,3.484069236016243,1.0052136313683062,21.62789098677942,0.12067054082980143,-67.24250327297995,-1.1573229341274334,39.71426633357533,0.6295741068180681,17.46999849980597,0.2719344611720337,0.28375561360123847,0.00015748,2.2508580455469134,0.00081957,0,0.0
15504,0.027185022429837113,0.08877983058836622,-1.54e-06,0.8768481884349242,2.6102580191229356,-2.397919691180436,1.0052136313683062,20.888425924800906,0.12067054082980143,-74.2430470210793,-1.1573229341274334,63.671117732105536,0.6295741068180681,20.142241393105813,0.2719344611720337,0.4944213199113193,0.00015748,1.7379036903094307,0.00081957,0,0.0
15505,0.39069888654430485,0.07123626979376141,-1.54e-06,0.8768481884349242,2.6102580191229356,-13.664130332442213,1.0052136313683062,14.56093478496081,0.12067054082980143,-71.55639559532541,-1.1573229341274334,52.79823516533034,0.6295741068180681,35.4089832346545,0.2719344611720337,0.3240399307252079,0.00015748,1.1325313711622675,0.00081957,0,0.0
15506,0.18583862254185046,0.020544628388504276,-1.54e-06,0.8768481884349242,2.6102580191229356,13.785027780449022,1.0052136313683062,33.186945210364996,0.12067054082980143,-78.57527753660705,-1.1573229341274334,26.565051272076808,0.6295741068180681,15.580635390691077,0.2719344611720337,0.270848851249329,0.00015748,3.7811913206650667,0.00081957,0,0.0
15507,-0.20897554596344436,1.2514815524788108,-1.54e-06,0.8768481884349242,2.6102580191229356,66.90676871465044,1.0052136313683062,30.07792700577235,0.12067054082980143,-12.578468156925956,-1.1573229341274334,11.401170872596609,0.6295741068180681,-56.90609292708068,0.2719344611720337,2.421844477124906,0.00015748,5.906924512810174,0.00081957,0,0.0
15508,1.0482038312999458,0.3244890543579693,-1.54e-06,0.8768481884349242,2.6102580191229356,-12.978191487094925,1.0052136313683062,25.811727611900178,0.12067054082980143,-76.24529021106669,-1.1573229341274334,23.73914762700916,0.6295741068180681,45.185300605442634,0.2719344611720337,0.28279803004947535,0.00015748,2.1839924725934936,0.00081957,0,0.0
15509,2.4603449403013653,3.3542605512788484,-1.54e-06,0.8768481884349242,2.6102580191229356,-54.6600822644335,1.0052136313683062,-0.2214601911503288,0.12067054082980143,-44.425355116880844,-1.1573229341274334,-3.101836389980397,0.6295741068180681,88.04064909213945,0.2719344611720337,-0.7933572419470573,0.00015748,0.18805879837333628,0.00081957,1,0.0
15510,0.2594048358314469,0.09456724759241725,-1.54e-06,0.8768481884349242,2.6102580191229356,34.378825852925715,1.0052136313683062,26.26776692543437,0.12067054082980143,-8.087970829699271,-1.1573229341274334,-42.460393334356716,0.6295741068180681,-19.28405812780887,0.2719344611720337,0.2673492094455956,0.00015748,3.9175866139383,0.00081957,0,0.0
15511,2.4290086135022904,1.7906333673595953,-1.54e-06,0.8768481884349242,2.6102580191229356,-14.18238867942277,1.0052136313683062,29.011188808628404,0.12067054082980143,-33.81263295264907,-1.1573229341274334,-60.294302372237425,0.6295741068180681,52.65399438774826,0.2719344611720337,0.2835788628576972,0.00015748,2.6500178374256773,0.00081957,0,0.0
15512,0.5634190245498871,0.15361214251233446,-1.54e-06,0.8768481884349242,2.6102580191229356,35.70884806538265,1.0052136313683062,51.28755620885735,0.12067054082980143,-76.36465892440074,-1.1573229341274334,-20.05094429785764,0.6295741068180681,4.851792278444112,0.2719344611720337,0.2601457698884033,0.00015748,6.416026033805182,0.00081957,0,0.0
15513,0.003814871270171327,0.3569385129246465,-1.54e-06,0.8768481884349242,2.6102580191229356,61.156532689624605,1.0052136313683062,61.12671902058485,0.12067054082980143,-70.82994611060093,-1.1573229341274334,-15.170800152194172,0.6295741068180681,-27.029113804225407,0.2719344611720337,0.8651403728812532,0.00015748,7.651956855030008,0.00081957,0,0.0
15514,1.7675331454374008,1.389548422278319,-1.54e-06,0.8768481884349242,2.6102580191229356,11.583830449851867,1.0052136313683062,65.95423633071563,0.12067054082980143,-99.93584098412286,-1.1573229341274334,-28.549145135850424,0.6295741068180681,41.304928713011584,0.2719344611720337,0.2626124897660196,0.00015748,6.057979990632637,0.00081957,0,0.0
15515,0.6642291307361416,1.1131756992754118,-1.54e-06,0.8768481884349242,2.6102580191229356,46.886500578292875,1.0052136313683062,67.83157337293254,0.12067054082980143,-66.93640280883284,-1.1573229341274334,-47.20069419561158,0.6295741068180681,-9.34137673373964,0.2719344611720337,0.27632663863938234,0.00015748,7.0688387034720215,0.00081957,0,0.0
15516,1.3914975544298354,0.6756704122721671,-1.54e-06,0.8768481884349242,2.6102580191229356,2.1833306009057245,1.0052136313683062,23.90164277574392,0.12067054082980143,-18.82743521609956,-1.1573229341274334,-45.29401199282084,0.6295741068180681,21.722573427993222,0.2719344611720337,0.2792984301024233,0.00015748,2.440492362109727,0.00081957,0,0.0
15517,0.0026732435822106604,0.020402124572486087,-1.54e-06,0.8768481884349242,2.6102580191229356,-13.237064786292962,1.0052136313683062,10.992652573523511,0.12067054082980143,-76.27390152590559,-1.1573229341274334,82.26030765982519,0.6295741068180681,29.132775456927142,0.2719344611720337,0.3481780865395745,0.00015748,0.9378910450779976,0.00081957,0,0.0
15518,-0.24565825141982645,3.772929775854791,-1.54e-06,0.8768481884349242,2.6102580191229356,82.81812285125156,1.0052136313683062,60.558703015258466,0.12067054082980143,-40.24089049662432,-1.1573229341274334,28.877984583699902,0.6295741068180681,-71.13994034835157,0.2719344611720337,3.446442786220172,0.00015748,7.225508570866995,0.00081957,0,0.0
15519,0.2221704324990331,0.021250576539993255,-1.54e-06,0.8768481884349242,2.6102580191229356,-3.6093899622499226,1.0052136313683062,0.7925736109493167,0.12067054082980143,-2.7236877599731795,-1.1573229341274334,-4.214610685776577,0.6295741068180681,6.787541034971394,0.2719344611720337,-0.02976022466325786,0.00015748,0.040624818696034674,0.00081957,1,0.0
15520,2.2322188947032267,1.333870360240638,-1.54e-06,0.8768481884349242,2.6102580191229356,-31.72769751470046,1.0052136313683062,9.435582773849145,0.12067054082980143,-11.239343911150764,-1.1573229341274334,-58.293256141928644,0.6295741068180681,58.64380675646686,0.2719344611720337,-0.3074767642315614,0.00015748,0.3081209765399388,0.00081957,1,0.0
15521,1.9874964539795061,1.1591720503842344,-1.54e-06,0.8768481884349242,2.6102580191229356,-23.241967036496675,1.0052136313683062,26.90841206207306,0.12067054082980143,-68.46621307458012,-1.1573229341274334,-8.45074901508908,0.6295741068180681,63.733241263122316,0.2719344611720337,0.28415825951615925,0.00015748,2.207677743843328,0.00081957,0,0.0
15522,2.3203852078285405,1.506375456272134,-1.54e-06,0.8768481884349242,2.6102580191229356,-49.49427698355623,1.0052136313683062,12.975870210047146,0.12067054082980143,-66.06602118470056,-1.1573229341274334,-6.98253629292069,0.6295741068180681,89.88074414851815,0.2719344611720337,-0.3433636862731346,0.00015748,0.34407291579776955,0.00081957,1,0.0
15523,0.0015843914884992039,0.011044941941761274,-1.54e-06,0.8768481884349242,2.6102580191229356,49.654880702775486,1.0052136313683062,59.14804038432231,0.12067054082980143,-99.26039378390287,-1.1573229341274334,0.2592395988117182,0.6295741068180681,-5.3921634516148815,0.2719344611720337,0.25829847873816636,0.00015748,7.772927794067228,0.00081957,0,0.0
15524,-2.1068083278397154e-05,0.33467455229823406,-1.54e-06,0.8768481884349242,2.6102580191229356,63.17216442763785,1.0052136313683062,46.3360519017192,0.12067054082980143,-47.23894059691638,-1.1573229341274334,-10.332719510678702,0.6295741068180681,-35.63153643163191,0.2719344611720337,1.356025010800331,0.00015748,7.196903350181567,0.00081957,0,0.0
15525,-0.3525681685775197,1.5259022606780492,-1.54e-06,0.8768481884349242,2.6102580191229356,88.52033657714392,1.0052136313683062,42.351156420959654,0.12067054082980143,-16.646306039955782,-1.1573229341274334,-5.379430928763327,0.6295741068180681,-72.82633599334223,0.2719344611720337,2.480696544858532,0.00015748,8.006113251594137,0.00081957,0,0.0
15526,5.102719636662645e-05,0.060318263843309516,-1.54e-06,0.8768481884349242,2.6102580191229356,-3.5507825850304653,1.0052136313683062,12.810727677348181,0.12067054082980143,-65.33369352265444,-1.1573229341274334,70.36509104288626,0.6295741068180681,18.079645167388637,0.2719344611720337,0.841001731082595,0.00015748,1.2207957461613235,0.00081957,0,0.0
15527,0.001211930005509565,0.08277132939382506,-1.54e-06,0.8768481884349242,2.6102580191229356,48.11125947699351,1.0052136313683062,40.09519193478225,0.12067054082980143,-44.6892853462088,-1.1573229341274334,-16.31737820305227,0.6295741068180681,-22.640914133377628,0.2719344611720337,0.6249501932165988,0.00015748,5.894763285063588,0.00081957,0,0.0
15528,1.2975214368530783,0.6493375278703348,-1.54e-06,0.8768481884349242,2.6102580191229356,10.630159156738367,1.0052136313683062,22.2808974325471,0.12067054082980143,-1e-20,-1.1573229341274334,-62.864801704306814,0.6295741068180681,8.983560721090416,0.2719344611720337,0.27739790090154015,0.00015748,2.625406495940337,0.00081957,0,0.0
15529,-0.5752371981301398,2.070135783201304,-1.54e-06,0.8768481884349242,2.6102580191229356,79.07830558354803,1.0052136313683062,55.62885324326554,0.12067054082980143,-98.64008426287822,-1.1573229341274334,86.84965575676222,0.6295741068180681,-48.584459585752924,0.2719344611720337,3.387944404024062,0.00015748,8.636703806519638,0.00081957,0,0.0
15530,2.4643347256997936,1.7700884428469517,-1.54e-06,0.8768481884349242,2.6102580191229356,-13.196345252313264,1.0052136313683062,37.24171255756447,0.12067054082980143,-55.67426846106255,-1.1573229341274334,-51.24234789001919,0.6295741068180681,58.84436632155156,0.2719344611720337,0.27001428404433736,0.00015748,3.4185740537714437,0.00081957,0,0.0
15531,0.0005651910229023116,0.14331773306960324,-1.54e-06,0.8768481884349242,2.6102580191229356,48.88984750295735,1.0052136313683062,47.430409593659235,0.12067054082980143,-69.94174248567188,-1.1573229341274334,6.438647943435586,0.6295741068180681,-17.30682407113274,0.2719344611720337,0.9618059613791732,0.00015748,6.520138895917075,0.00081957,0,0.0
15532,1.2970080794291123,0.6228209808257649,-1.54e-06,0.8768481884349242,2.6102580191229356,-43.79969185559468,1.0052136313683062,11.568687070708675,0.12067054082980143,-91.65013203162432,-1.1573229341274334,47.247795741675795,0.6295741068180681,79.06975026299924,0.2719344611720337,-0.30011032685550276,0.00015748,0.29712014687984656,0.00081957,1,0.0
15533,0.0014549344353183002,0.032243546265830446,-1.54e-06,0.8768481884349242,2.6102580191229356,46.97742312594233,1.0052136313683062,36.37055060540647,0.12067054082980143,-27.91123897189954,-1.1573229341274334,-35.73628202409677,0.6295741068180681,-25.4085931088769,0.2719344611720337,0.2622153291725491,0.00015748,5.443808734253804,0.00081957,0,0.0
15534,1.1081697901330683,0.36085141439765966,-1.54e-06,0.8768481884349242,2.6102580191229356,-15.097218342163837,1.0052136313683062,25.393870753109567,0.12067054082980143,-78.12321755545244,-1.1573229341274334,25.0780841857725,0.6295741068180681,48.207569269189285,0.2719344611720337,0.2833053052603771,0.00015748,2.11565181816702,0.00081957,0,0.0
15535,0.27036997606377566,0.06043802363456343,-1.54e-06,0.8768481884349242,2.6102580191229356,36.433923216487564,1.0052136313683062,46.87546609651272,0.12067054082980143,-72.65524077731892,-1.1573229341274334,-9.807026759183772,0.6295741068180681,-0.8304535806195236,0.2719344611720337,0.2665472195289249,0.00015748,5.998756816410067,0.00081957,0,0.0
15536,-0.04877075692366595,0.8713151344200225,-1.54e-06,0.8768481884349242,2.6102580191229356,48.88740545985014,1.0052136313683062,32.042414547296204,0.12067054082980143,-45.72196849405812,-1.1573229341274334,41.65400351499342,0.6295741068180681,-31.850245675654392,0.2719344611720337,2.396646578734719,0.00015748,5.185389895476687,0.00081957,0,0.0
15537,-0.004512286936903198,0.603466246384157,-1.54e-06,0.8768481884349242,2.6102580191229356,14.248018958734066,1.0052136313683062,17.35972663634323,0.12067054082980143,-66.66581404159069,-1.1573229341274334,93.13687643388948,0.6295741068180681,-0.32834287312305016,0.2719344611720337,2.2952714662932494,0.00015748,2.413181346115777,0.00081957,0,0.0
15538,-0.0018133471594556916,0.3346289512202869,-1.54e-06,0.8768481884349242,2.6102580191229356,64.04393924152825,1.0052136313683062,56.56226677014447,0.12067054082980143,-80.55893785451603,-1.1573229341274334,9.939922886971722,0.6295741068180681,-26.612810390518977,0.2719344611720337,1.4646536790484834,0.00015748,8.17940294730232,0.00081957,0,0.0
15539,0.5329239848881895,0.08152988878081271,-1.54e-06,0.8768481884349242,2.6102580191229356,-10.881573922295543,1.0052136313683062,25.802183794783613,0.12067054082980143,-94.06398363028246,-1.1573229341274334,53.722698196140115,0.6295741068180681,42.1627334678155,0.2719344611720337,0.2822586319130391,0.00015748,2.2389231495956388,0.00081957,0,0.0
15540,0.6183729330979393,5.213106992680415,-1.54e-06,0.8768481884349242,2.6102580191229356,-37.36670684220507,1.0052136313683062,-23.08176260765079,0.12067054082980143,-11.40002939435191,-1.1573229341274334,36.85942218441973,0.6295741068180681,41.22661149971231,0.2719344611720337,-2.4435498100126773,0.00015748,0.22561931376149857,0.00081957,1,0.0
15541,1.1504685044166454,0.522962519140973,-1.54e-06,0.8768481884349242,2.6102580191229356,22.911174172611748,1.0052136313683062,36.64015640001954,0.12067054082980143,-28.35024801697683,-1.1573229341274334,-56.618667497053615,0.6295741068180681,7.09714894482626,0.2719344611720337,0.2647591085077523,0.00015748,4.494331279273164,0.00081957,0,0.0
15542,-0.0004026903541869409,0.13430371881611408,-1.54e-06,0.8768481884349242,2.6102580191229356,0.32162871165624446,1.0052136313683062,11.376275170000985,0.12067054082980143,-57.68072433983733,-1.1573229341274334,70.60719014616703,0.6295741068180681,11.755005344451746,0.2719344611720337,1.1103804491268494,0.00015748,1.296828763307882,0.00081957,0,0.0
15543,2.2582944705511414,1.5030485212989786,-1.54e-06,0.8768481884349242,2.6102580191229356,-10.310379244811887,1.0052136313683062,38.046086292050944,0.12067054082980143,-58.01432830436927,-1.1573229341274334,-44.77523617145926,0.6295741068180681,54.32442605447346,0.2719344611720337,0.26766531955292994,0.00015748,3.4844246665755287,0.00081957,0,0.0
15544,0.00492451659770432,0.023217861709358346,-1.54e-06,0.8768481884349242,2.6102580191229356,29.968064060897525,1.0052136313683062,22.84299435892284,0.12067054082980143,-17.893624116852667,-1.1573229341274334,-19.706974334388747,0.6295741068180681,-16.620215203688712,0.2719344611720337,0.27101205196124356,0.00015748,3.4342998963929627,0.00081957,0,0.0
15545,0.11801642558234515,0.04136104343161884,-1.54e-06,0.8768481884349242,2.6102580191229356,17.701614654232454,1.0052136313683062,12.960327405801879,0.12067054082980143,-4.582569672693712,-1.1573229341274334,-16.35574708338346,0.6295741068180681,-10.783024696851212,0.2719344611720337,0.2893647978210355,0.00015748,1.9360689858173141,0.00081957,0,0.0
15546,0.1440919413505024,0.009534264392498687,-1.54e-06,0.8768481884349242,2.6102580191229356,1.318998228306023,1.0052136313683062,25.7219788654,0.12067054082980143,-81.88491360337214,-1.1573229341274334,47.02110165854124,0.6295741068180681,24.560150690271584,0.2719344611720337,0.2789178051287251,0.00015748,2.5718256134983273,0.00081957,0,0.0
15547,0.08854699039309244,0.01611100921836572,-1.54e-06,0.8768481884349242,2.6102580191229356,26.86277143320449,1.0052136313683062,37.90694173401352,0.12067054082980143,-71.56627879292733,-1.1573229341274334,10.082722557120135,0.6295741068180681,3.132164945895353,0.2719344611720337,0.26587756587922806,0.00015748,4.777371748862464,0.00081957,0,0.0
15548,-0.058555926495745036,3.915829863447215,-1.54e-06,0.8768481884349242,2.6102580191229356,-21.71103451901671,1.0052136313683062,-18.07464158236918,0.12067054082980143,-16.997607334003163,-1.1573229341274334,54.59451318702496,0.6295741068180681,20.662281568599226,0.2719344611720337,-1.758376595959692,0.00015748,0.41376720942982603,0.00081957,1,0.0
15549,3.2547590216344156,3.5016291052523583,-1.54e-06,0.8768481884349242,2.6102580191229356,-29.4107906160406,1.0052136313683062,28.31840800936455,0.12067054082980143,-21.3302644612591,-1.1573229341274334,-75.37270677116406,0.6295741068180681,67.69709179815828,0.2719344611720337,0.2756593636204344,0.00015748,1.9181934149107494,0.00081957,0,0.0
15550,0.7823587390618372,1.7777010344412725,-1.54e-06,0.8768481884349242,2.6102580191229356,23.595529547115053,1.0052136313683062,29.64085885296732,0.12067054082980143,-76.99628360573536,-1.1573229341274334,5.361362832197061,0.6295741068180681,20.83997783187989,0.2719344611720337,0.3040804260458314,0.00015748,6.153034922167703,0.00081957,0,0.0
15551,1.662345793586025,0.873157288454827,-1.54e-06,0.8768481884349242,2.6102580191229356,0.3007744124405281,1.0052136313683062,33.47854783094296,0.12067054082980143,-47.87626949619948,-1.1573229341274334,-38.1550009868386,0.6295741068180681,36.142941395457555,0.2719344611720337,0.2746222195585617,0.00015748,3.4860755533264127,0.00081957,0,0.0
15552,-0.00606412188756611,0.48710855526011904,-1.54e-06,0.8768481884349242,2.6102580191229356,55.653854707683266,1.0052136313683062,43.87566140836234,0.12067054082980143,-62.74363148462553,-1.1573229341274334,21.696623380082496,0.6295741068180681,-27.599421861716678,0.2719344611720337,1.785676031120734,0.00015748,6.701038672093474,0.00081957,0,0.0
15553,0.8336594413751421,3.913693080425766,-1.54e-06,0.8768481884349242,2.6102580191229356,24.766549612589763,1.0052136313683062,66.8744648441877,0.12067054082980143,-95.65451222001062,-1.1573229341274334,34.830387162156555,0.6295741068180681,5.942904795253474,0.2719344611720337,1.055487649311118,0.00015748,5.712260968708815,0.00081957,0,0.0
15554,0.6103069751699833,0.13512046038756576,-1.54e-06,0.8768481884349242,2.6102580191229356,-18.860141255948154,1.0052136313683062,17.47515815177255,0.12067054082980143,-83.98388372144899,-1.1573229341274334,57.28516231835801,0.6295741068180681,45.83271259506132,0.2719344611720337,0.3099438409434765,0.00015748,1.284245225719307,0.00081957,0,0.0
15555,1.6023140979079844,0.7779285586939795,-1.54e-06,0.8768481884349242,2.6102580191229356,-33.174370428044526,1.0052136313683062,10.8248228511034,0.12067054082980143,-45.21189708238919,-1.1573229341274334,-10.285930953580458,0.6295741068180681,61.43145705834754,0.2719344611720337,-0.3650851908855916,0.00015748,0.3640390923612434,0.00081957,1,0.0
15556,0.8208240056955869,0.2373165792852921,-1.54e-06,0.8768481884349242,2.6102580191229356,-0.9386023661926042,1.0052136313683062,22.36048690490815,0.12067054082980143,-47.17107545408736,-1.1573229341274334,0.5189348168106533,0.6295741068180681,24.94215750420777,0.2719344611720337,0.28325286020004525,0.00015748,2.225113378939694,0.00081957,0,0.0
15557,1.5722834829203336,0.8594246693034008,-1.54e-06,0.8768481884349242,2.6102580191229356,8.673264361102964,1.0052136313683062,30.060622269318337,0.12067054082980143,-19.209824583775394,-1.1573229341274334,-61.70446955999785,0.6295741068180681,20.03169486546029,0.2719344611720337,0.2739665390556185,0.00015748,3.3499490079909746,0.00081957,0,0.0
15558,1.5589727726321123,0.7941183846336326,-1.54e-06,0.8768481884349242,2.6102580191229356,30.941291490503886,1.0052136313683062,65.67959088416093,0.12067054082980143,-91.87024654387585,-1.1573229341274334,-49.56412214838729,0.6295741068180681,26.491055735843386,0.2719344611720337,0.25844473881411245,0.00015748,7.675842569711508,0.00081957,0,0.0
15559,-0.010246249160221765,0.6117130331384857,-1.54e-06,0.8768481884349242,2.6102580191229356,91.65136160377142,1.0052136313683062,61.386333140352704,0.12067054082980143,-44.816300386827784,-1.1573229341274334,-35.992146423757276,0.6295741068180681,-57.9168270119119,0.2719344611720337,1.6967422273882349,0.00015748,9.861964589286547,0.00081957,0,0.0
15560,1.2886414605248055,0.5184247572275549,-1.54e-06,0.8768481884349242,2.6102580191229356,-3.6223925653156885,1.0052136313683062,29.521353730399607,0.12067054082980143,-56.52232799875915,-1.1573229341274334,-11.53561131651785,0.6295741068180681,35.995619647917714,0.2719344611720337,0.27529145682090816,0.00015748,2.8389727078569207,0.00081957,0,0.0
15561,0.39605465168387055,0.056780303083238934,-1.54e-06,0.8768481884349242,2.6102580191229356,1.4718699888738818,1.0052136313683062,26.586167503867948,0.12067054082980143,-74.73150860165994,-1.1573229341274334,31.518934600790015,0.6295741068180681,25.9132318948275,0.2719344611720337,0.2753563859052697,0.00015748,2.717994928603403,0.00081957,0,0.0
15562,2.449568067963943,1.8576963240648368,-1.54e-06,0.8768481884349242,2.6102580191229356,0.9717163192689506,1.0052136313683062,40.646754878527744,0.12067054082980143,-34.85929688554792,-1.1573229341274334,-81.75930654641166,0.6295741068180681,42.30863510553481,0.2719344611720337,0.2649189423254288,0.00015748,4.189472679296383,0.00081957,0,0.0
15563,0.4344255647723281,0.11273708627425484,-1.54e-06,0.8768481884349242,2.6102580191229356,50.55491403355098,1.0052136313683062,66.08731187992942,0.12067054082980143,-100.0,-1.1573229341274334,-20.13434079623579,0.6295741068180681,-0.0950899121583178,0.2719344611720337,0.2601886006395384,0.00015748,8.423850107137447,0.00081957,0,0.0
15564,2.0538459156891458,1.2063610535566114,-1.54e-06,0.8768481884349242,2.6102580191229356,4.310873989461628,1.0052136313683062,56.09686459125975,0.12067054082980143,-95.62736798093952,-1.1573229341274334,-34.40956652634952,0.6295741068180681,52.87733506782849,0.2719344611720337,0.26113424060186574,0.00015748,5.761953720355258,0.00081957,0,0.0
15565,0.0036849808243402116,0.05656315170302955,-1.54e-06,0.8768481884349242,2.6102580191229356,45.82514348965673,1.0052136313683062,48.090867677056636,0.12067054082980143,-75.75091015474761,-1.1573229341274334,2.619086413815299,0.6295741068180681,-11.369534787313968,0.2719344611720337,0.5955072540589028,0.00015748,6.571236304730549,0.00081957,0,0.0
15566,0.0008149668499148888,0.0019844218916191107,-1.54e-06,0.8768481884349242,2.6102580191229356,-0.014428770678525465,1.0052136313683062,16.970101247826147,0.12067054082980143,-61.65649987585066,-1.1573229341274334,44.24560855843777,0.6295741068180681,17.304560444774417,0.2719344611720337,0.2952837714577139,0.00015748,1.6596323239409365,0.00081957,0,0.0
15567,1.4991597033685011,0.6640140644455237,-1.54e-06,0.8768481884349242,2.6102580191229356,-25.72311074630547,1.0052136313683062,23.851808413523074,0.12067054082980143,-84.30130437111924,-1.1573229341274334,26.338891268995315,0.6295741068180681,63.345982859622815,0.2719344611720337,0.28994604826324144,0.00015748,1.7891404260990322,0.00081957,0,0.0
15568,1.401447159699213,0.5560764151689754,-1.54e-06,0.8768481884349242,2.6102580191229356,-8.932263026103834,1.0052136313683062,36.36098733997781,0.12067054082980143,-89.46431033294812,-1.1573229341274334,9.25491391176092,0.6295741068180681,51.66864414625009,0.2719344611720337,0.26928540093477427,0.00015748,3.441702669468923,0.00081957,0,0.0
15569,1.3686801998586935,0.5791959774699482,-1.54e-06,0.8768481884349242,2.6102580191229356,-13.392620303571643,1.0052136313683062,22.904631572211528,0.12067054082980143,-54.47186540078137,-1.1573229341274334,-2.133366862211264,0.6295741068180681,43.36526113742916,0.2719344611720337,0.2897442509320197,0.00015748,1.929958064739488,0.00081957,0,0.0
15570,0.4909888864005971,12.510537569697,-1.54e-06,0.8768481884349242,2.6102580191229356,-71.42593424606592,1.0052136313683062,-49.01093910099579,0.12067054082980143,-11.5690079237077,-1.1573229341274334,90.16752228997804,0.6295741068180681,63.865184699513996,0.2719344611720337,-5.919473737894439,0.00015748,0.23901708467976546,0.00081957,1,0.0
15571,1.594342918112958,0.7502127710791419,-1.54e-06,0.8768481884349242,2.6102580191229356,-30.847409232467804,1.0052136313683062,9.673483373197145,0.12067054082980143,-37.269290668260666,-1.1573229341274334,-17.18273142151258,0.6295741068180681,57.324248144008976,0.2719344611720337,-0.3326268027387115,0.00015748,0.3326358737317926,0.00081957,1,0.0
15572,-0.0003656750051550528,0.31761124827608167,-1.54e-06,0.8768481884349242,2.6102580191229356,50.82366780526136,1.0052136313683062,26.54579349982788,0.12067054082980143,-6.575887060904347,-1.1573229341274334,-19.85386492755727,0.6295741068180681,-38.86896128223544,0.2719344611720337,1.2267505362444717,0.00015748,4.86842509884432,0.00081957,0,0.0
15573,1.3447390992733361,0.5825539038187612,-1.54e-06,0.8768481884349242,2.6102580191229356,10.58643103468675,1.0052136313683062,45.67982508446108,0.12067054082980143,-73.28866262003031,-1.1573229341274334,-24.121392376006124,0.6295741068180681,31.482199973384116,0.2719344611720337,0.266767418063488,0.00015748,4.779802304221754,0.00081957,0,0.0
15574,1.9073343688374966,1.2148745758011892,-1.54e-06,0.8768481884349242,2.6102580191229356,-21.6421887083176,1.0052136313683062,21.577822930259153,0.12067054082980143,-42.3754933530897,-1.1573229341274334,-17.172842368548864,0.6295741068180681,51.37333944973469,0.2719344611720337,0.29499541280856934,0.00015748,1.504205852955148,0.00081957,0,0.0
15575,0.5901515516334954,0.123802901868827,-1.54e-06,0.8768481884349242,2.6102580191229356,3.3162202954500932,1.0052136313683062,27.642412124315687,0.12067054082980143,-65.72344961551535,-1.1573229341274334,15.33186000283616,0.6295741068180681,24.531319667042407,0.2719344611720337,0.27535697332448583,0.00015748,2.891251634945308,0.00081957,0,0.0
15576,-0.007021404108894069,0.47573207097675635,-1.54e-06,0.8768481884349242,2.6102580191229356,51.91503894965789,1.0052136313683062,32.71100902397149,0.12067054082980143,-31.653541808641908,-1.1573229341274334,6.174042991596959,0.6295741068180681,-34.036761361149374,0.2719344611720337,1.666055996570139,0.00015748,5.491424593574935,0.00081957,0,0.0
15577,2.9423907138089476,4.354948565836961,-1.54e-06,0.8768481884349242,2.6102580191229356,-35.09100157643215,1.0052136313683062,38.42687488206755,0.12067054082980143,-78.26137074254373,-1.1573229341274334,10.30993408428401,0.6295741068180681,77.06599575820569,0.2719344611720337,0.29108841724827883,0.00015748,3.025308629772301,0.00081957,0,0.0
15578,1.2365528970683104,0.4966865329221852,-1.54e-06,0.8768481884349242,2.6102580191229356,-8.828274371636857,1.0052136313683062,21.334235525488083,0.12067054082980143,-43.83301154178464,-1.1573229341274334,-8.631325588476841,0.6295741068180681,35.06106149796782,0.2719344611720337,0.29251852782052723,0.00015748,1.8899071638921274,0.00081957,0,0.0
15579,-0.014217537095618793,0.8161919195672043,-1.54e-06,0.8768481884349242,2.6102580191229356,49.487758081089105,1.0052136313683062,38.6224746489131,0.12067054082980143,-66.69749440210464,-1.1573229341274334,52.182263072180675,0.6295741068180681,-25.415499767158483,0.2719344611720337,2.4413920974819585,0.00015748,5.879096654631709,0.00081957,0,0.0
15580,0.0014466067672451732,0.004400368619778879,-1.54e-06,0.8768481884349242,2.6102580191229356,-6.804079825667661,1.0052136313683062,11.757192427065407,0.12067054082980143,-60.610603619189995,-1.1573229341274334,55.44003051097106,0.6295741068180681,21.356404479243647,0.2719344611720337,0.34275333690799187,0.00015748,0.9598061792231036,0.00081957,0,0.0
15581,1.8365451328023379,0.9193432437685349,-1.54e-06,0.8768481884349242,2.6102580191229356,-30.209625681790502,1.0052136313683062,7.009523720880705,0.12067054082980143,-21.059672611384645,-1.1573229341274334,-33.98384186751445,0.6295741068180681,55.08877903914149,0.2719344611720337,-0.18901784142570194,0.00015748,0.18894163199657615,0.00081957,1,0.0
15582,0.43206315403502393,0.1102808244154974,-1.54e-06,0.8768481884349242,2.6102580191229356,29.7530054785363,1.0052136313683062,40.226864048594265,0.12067054082980143,-56.61647425275431,-1.1573229341274334,-17.640850536905464,0.6295741068180681,1.074742326238555,0.2719344611720337,0.26468157449172836,0.00015748,5.064991761446537,0.00081957,0,0.0
15583,1.353697709704729,0.519906951254162,-1.54e-06,0.8768481884349242,2.6102580191229356,-18.924640123907075,1.0052136313683062,6.944113089978147,0.12067054082980143,-7.5760832813118055,-1.1573229341274334,-37.70255116584832,0.6295741068180681,35.696355558475474,0.2719344611720337,-0.26624785275923657,0.00015748,0.26631909589544656,0.00081957,1,0.0
15584,0.1515882900404174,0.06147480240748381,-1.54e-06,0.8768481884349242,2.6102580191229356,28.933779099499958,1.0052136313683062,18.98032660791697,0.12067054082980143,-0.4894894105478753,-1.1573229341274334,-34.51054974938425,0.6295741068180681,-19.261932880575596,0.2719344611720337,0.27296738736864934,0.00015748,3.0159641216582544,0.00081957,0,0.0
15585,-0.0063186946098952035,0.6702756536619426,-1.54e-06,0.8768481884349242,2.6102580191229356,50.63104319405115,1.0052136313683062,49.42255112239634,0.12067054082980143,-99.3638613169121,-1.1573229341274334,64.21759743708405,0.6295741068180681,-15.317788741019331,0.2719344611720337,2.3085667091950617,0.00015748,7.009243992893517,0.00081957,0,0.0
15586,0.0016991199290379289,0.0023741822822598746,-1.54e-06,0.8768481884349242,2.6102580191229356,18.750101724356117,1.0052136313683062,36.26684052139839,0.12067054082980143,-86.13719028934939,-1.1573229341274334,32.41478727150993,0.6295741068180681,11.919340473751484,0.2719344611720337,0.26662132444080733,0.00015748,4.26020349086998,0.00081957,0,0.0
15587,-0.0003467874135025806,0.2934513724889318,-1.54e-06,0.8768481884349242,2.6102580191229356,43.97198740845141,1.0052136313683062,23.084653733491365,0.12067054082980143,-6.9219753544143945,-1.1573229341274334,-11.529248059499956,0.6295741068180681,-34.22870291376661,0.2719344611720337,1.238337872625423,0.00015748,4.148925567617003,0.00081957,0,0.0
15588,0.8570613537827669,1.7024859907753382,-1.54e-06,0.8768481884349242,2.6102580191229356,-16.092820544068584,1.0052136313683062,9.97978988469439,0.12067054082980143,-93.37642136683577,-1.1573229341274334,73.9298293741484,0.6295741068180681,52.104279620304446,0.2719344611720337,0.6119583993290699,0.00015748,2.6026828600248217,0.00081957,0,0.0
15589,-4.777811072748106e-05,0.02506928208018495,-1.54e-06,0.8768481884349242,2.6102580191229356,-3.9843518308379386,1.0052136313683062,5.533079282691914,0.12067054082980143,-37.77028031934096,-1.1573229341274334,44.73219201096808,0.6295741068180681,11.77994175371408,0.2719344611720337,0.4217722179825776,0.00015748,0.6145734129118612,0.00081957,0,0.0
15590,-0.0010456417776145699,0.3387608196568308,-1.54e-06,0.8768481884349242,2.6102580191229356,31.855212765560413,1.0052136313683062,37.71161217559475,0.12067054082980143,-87.693609921037,-1.1573229341274334,62.83636330885874,0.6295741068180681,-3.3583865345851747,0.2719344611720337,1.741648454981008,0.00015748,4.996962249624304,0.00081957,0,0.0
15591,-0.001637179070234751,0.32263347993848807,-1.54e-06,0.8768481884349242,2.6102580191229356,67.22882462545955,1.0052136313683062,40.636289016218164,0.12067054082980143,-17.80512432810822,-1.1573229341274334,-36.62640329189101,0.6295741068180681,-46.65412858859693,0.2719344611720337,1.1753431542322472,0.00015748,6.853347621758817,0.00081957,0,0.0
15592,-5.4883802448002506e-05,0.08966362010161522,-1.54e-06,0.8768481884349242,2.6102580191229356,4.547570748817088,1.0052136313683062,4.260032993030787,0.12067054082980143,-18.549401033713988,-1.1573229341274334,32.55584919960277,0.6295741068180681,-1.6492328047523308,0.2719344611720337,0.601201104291671,0.00015748,0.9009160837700811,0.00081957,0,0.0
15593,-0.2954093927193857,1.5667507589464533,-1.54e-06,0.8768481884349242,2.6102580191229356,100.0,1.0052136313683062,53.49191311814848,0.12067054082980143,-12.630953577097065,-1.1573229341274334,-29.197837857540534,0.6295741068180681,-82.52552361217728,0.2719344611720337,2.507989208961439,0.00015748,8.922887912869644,0.00081957,0,0.0
15594,3.5097127597289166,3.5305545153340234,-1.54e-06,0.8768481884349242,2.6102580191229356,-26.666328040481787,1.0052136313683062,39.18349843295332,0.12067054082980143,-49.45147977178154,-1.1573229341274334,-82.36771271032615,0.6295741068180681,80.84124893912882,0.2719344611720337,0.27506224878183994,0.00015748,3.284311489764626,0.00081957,0,0.0
15595,2.6693966548524384,2.272814442919693,-1.54e-06,0.8768481884349242,2.6102580191229356,-19.37354911278778,1.0052136313683062,44.11630390521907,0.12067054082980143,-68.65569365767814,-1.1573229341274334,-40.59920981659488,0.6295741068180681,66.70812185016597,0.2719344611720337,0.27001935902813123,0.00015748,3.398811031160963,0.00081957,0,0.0
15596,-0.008584847479663926,0.6196189724028486,-1.54e-06,0.8768481884349242,2.6102580191229356,40.92045179020652,1.0052136313683062,23.142875090777604,0.12067054082980143,-26.63959752673063,-1.1573229341274334,28.166120540268548,0.6295741068180681,-29.712120654353992,0.2719344611720337,2.004226150345181,0.00015748,4.081921739321284,0.00081957,0,0.0
15597,0.002072481105499485,0.41374301718446604,-1.54e-06,0.8768481884349242,2.6102580191229356,-4.371852741036748,1.0052136313683062,-1.2390674596248892,0.12067054082980143,-25.159758938961797,-1.1573229341274334,42.742059456645435,0.6295741068180681,8.632587785221181,0.2719344611720337,0.04270812767176485,0.00015748,0.730200571149271,0.00081957,0,0.0
15598,-0.010040646733268321,0.5409797427040908,-1.54e-06,0.8768481884349242,2.6102580191229356,77.13819872498206,1.0052136313683062,48.659600274289005,0.12067054082980143,-22.552085834787942,-1.1573229341274334,-35.85438492541554,0.6295741068180681,-54.78844112670106,0.2719344611720337,1.5796365462643105,0.00015748,7.713345197473561,0.00081957,0,0.0
15599,0.5359533171312169,0.1013678905449352,-1.54e-06,0.8768481884349242,2.6102580191229356,-16.706816962639117,1.0052136313683062,18.556232783137965,0.12067054082980143,-85.00428796481937,-1.1573229341274334,57.81412407928134,0.6295741068180681,43.56749997532855,0.2719344611720337,0.3056236234586439,0.00015748,1.420632998274681,0.00081957,0,0.0
15600,0.11003126698018961,0.0690853801450895,-1.54e-06,1.73670515212841,4.5328831220534305,-28.798659970489265,1.0052136313683062,26.628871015096202,0.12067054082980143,-93.13131194897409,-1.1573229341274334,-25.269736413622574,0.6295741068180681,49.078794452599645,0.2719344611720337,-0.15376087882689118,0.00015748,0.15369255669443296,0.00081957,1,0.0
15601,0.08175882929505424,0.09621722903970728,-1.54e-06,1.73670515212841,4.5328831220534305,12.52936216151481,1.0052136313683062,18.835257248305,0.12067054082980143,-89.66050217828892,-1.1573229341274334,8.716515731668055,0.6295741068180681,34.30789941609721,0.2719344611720337,-0.038748074816233685,0.00015748,0.19974991400459932,0.00081957,1,0.0
15602,0.0009671725920375462,0.12141062850754446,-1.54e-06,1.73670515212841,4.5328831220534305,65.29155610470002,1.0052136313683062,19.3081842820923,0.12067054082980143,-71.23948967852682,-1.1573229341274334,72.14407274042938,0.6295741068180681,-9.726534332897238,0.2719344611720337,0.09300637439082257,0.00015748,0.22648663313755427,0.00081957,0,0.0
15603,0.33256420203603454,0.008680913728744098,-1.54e-06,1.73670515212841,4.5328831220534305,-82.39122446641986,1.0052136313683062,10.638017266289957,0.12067054082980143,-82.31795364987171,-1.1573229341274334,7.544704773190007,0.6295741068180681,87.02449373323063,0.2719344611720337,-0.04809602228434466,0.00015748,0.04811409681931586,0.00081957,1,0.0
15604,0.1349050867331327,0.0048842050682564465,-1.54e-06,1.73670515212841,4.5328831220534305,-55.77049844593201,1.0052136313683062,9.085551621508326,0.12067054082980143,-84.58306042739558,-1.1573229341274334,56.26639605932265,0.6295741068180681,62.559390862361305,0.2719344611720337,-0.04728440282713177,0.00015748,0.047527670511622364,0.00081957,1,0.0
15605,0.3267593995909416,0.007960635597684305,-1.54e-06,1.73670515212841,4.5328831220534305,-49.735207597430154,1.0052136313683062,4.781861145498888,0.12067054082980143,-15.468328422047698,-1.1573229341274334,-72.46897405909361,0.6295741068180681,50.89379976763433,0.2719344611720337,-0.019104098874475214,0.00015748,0.01910174861229145,0.00081957,1,0.0
15606,0.0022354301453864633,0.005426648479714082,-1.54e-06,1.73670515212841,4.5328831220534305,-12.50607095042009,1.0052136313683062,7.422478711603852,0.12067054082980143,-42.70525351530739,-1.1573229341274334,20.031944692129958,0.6295741068180681,20.30534074897347,0.2719344611720337,-0.044480483812866095,0.00015748,0.0448634202867208,0.00081957,1,0.0
15607,0.0039620194358500616,0.007913819734880312,-1.54e-06,1.73670515212841,4.5328831220534305,6.956557617326538,1.0052136313683062,7.457372764998742,0.12067054082980143,-15.593459101939258,-1.1573229341274334,-42.02883306112706,0.6295741068180681,5.123654994112103,0.2719344611720337,-0.05528075839311324,0.00015748,0.05539448146906207,0.00081957,1,0.0
15608,0.27826819143479736,0.006342314928487688,-1.54e-06,1.73670515212841,4.5328831220534305,-39.03332002644651,1.0052136313683062,6.996092826640011,0.12067054082980143,-19.292957366379024,-1.1573229341274334,-79.7014608937907,0.6295741068180681,45.25874242526197,0.2719344611720337,-0.03906440468170526,0.00015748,0.0390991180232719,0.00081957,1,0.0
15609,0.0006411138855559328,0.11590794173168725,-1.54e-06,1.73670515212841,4.5328831220534305,73.5739907906783,1.0052136313683062,16.15405375526356,0.12067054082980143,-41.29465278127336,-1.1573229341274334,42.93186165257098,0.6295741068180681,-23.852838437959164,0.2719344611720337,0.10486804943812494,0.00015748,0.1992747533035591,0.00081957,0,0.0
15610,0.1651357704942578,0.002547366656457463,-1.54e-06,1.73670515212841,4.5328831220534305,-30.074287925915847,1.0052136313683062,1.1559112196974077,0.12067054082980143,-10.752019470645916,-1.1573229341274334,-18.971843701950043,0.6295741068180681,28.24219916621633,0.2719344611720337,-0.001952573049848473,0.00015748,0.001940114606581019,0.00081957,1,0.0
15611,0.19808074135719267,0.0033940427027556773,-1.54e-06,1.73670515212841,4.5328831220534305,-22.348890926138008,1.0052136313683062,3.7970863984889434,0.12067054082980143,-3.562051769954264,-1.1573229341274334,-72.81829579323686,0.6295741068180681,27.45130628235621,0.2719344611720337,-0.027090249675893435,0.00015748,0.027087956171310185,0.00081957,1,0.0
15612,0.14937269009782947,0.0038120673985290597,-1.54e-06,1.73670515212841,4.5328831220534305,-25.193892295883025,1.0052136313683062,6.432834063695658,0.12067054082980143,-27.66571781924589,-1.1573229341274334,-38.88303755239231,0.6295741068180681,33.10958475842697,0.2719344611720337,-0.04183024430821925,0.00015748,0.04189584164207514,0.00081957,1,0.0
15613,0.4850199967355978,0.01719607010248466,-1.54e-06,1.73670515212841,4.5328831220534305,-88.51579584826118,1.0052136313683062,10.689620840900117,0.12067054082980143,-58.642467542356805,-1.1573229341274334,-74.49294878213217,0.6295741068180681,94.48881943723643,0.2719344611720337,-0.05084033487173351,0.00015748,0.05084691311991139,0.00081957,1,0.0
15614,0.13229685785809203,0.007883760068941726,-1.54e-06,1.73670515212841,4.5328831220534305,-18.39296802511847,1.0052136313683062,8.72919485070863,0.12067054082980143,-30.656294852836783,-1.1573229341274334,-55.287432644228794,0.6295741068180681,31.323869451809703,0.2719344611720337,-0.06264411715455118,0.00015748,0.06268556763049316,0.00081957,1,0.0
15615,0.29419858165536583,0.006487387202136493,-1.54e-06,1.73670515212841,4.5328831220534305,-39.38011931402659,1.0052136313683062,5.390006626172472,0.12067054082980143,-10.171422897691288,-1.1573229341274334,-84.32608037334494,0.6295741068180681,43.01271775316605,0.2719344611720337,-0.02707086606958385,0.00015748,0.027197263715633628,0.00081957,1,0.0
15616,0.5239701056210806,0.023815597833410872,-1.54e-06,1.73670515212841,4.5328831220534305,-87.2262018513142,1.0052136313683062,4.874620898660771,0.12067054082980143,-23.910779373840704,-1.1573229341274334,-84.20255323531603,0.6295741068180681,82.35339601762105,0.2719344611720337,-0.01350918433961236,0.00015748,0.013547839234256433,0.00081957,1,0.0
15617,0.04862193759926561,0.009890764690719731,-1.54e-06,1.73670515212841,4.5328831220534305,-14.699981701133272,1.0052136313683062,9.757070292671317,0.12067054082980143,-46.31375689223231,-1.1573229341274334,-12.977051378264555,0.6295741068180681,27.9928714182142,0.2719344611720337,-0.06607824409761501,0.00015748,0.06618252140014333,0.00081957,1,0.0
15618,0.0004898763583997545,0.1324870799129987,-1.54e-06,1.73670515212841,4.5328831220534305,73.08247865708672,1.0052136313683062,21.177434843892094,0.12067054082980143,-83.67801929470255,-1.1573229341274334,85.73509426236956,0.6295741068180681,-8.696934362741612,0.2719344611720337,0.10318379583019985,0.00015748,0.2621193676386442,0.00081957,0,0.0
15619,0.2610480558586831,0.005527727524056145,-1.54e-06,1.73670515212841,4.5328831220534305,-44.647726649003054,1.0052136313683062,2.8426408322034145,0.12067054082980143,-16.949088756752985,-1.1573229341274334,-41.9735555701432,0.6295741068180681,44.12926061401892,0.2719344611720337,-0.00827567653650645,0.00015748,0.008258516083671643,0.00081957,1,0.0
15620,0.37336558889232446,0.017458148026144135,-1.54e-06,1.73670515212841,4.5328831220534305,-84.18452568111185,1.0052136313683062,0.7816962073584763,0.12067054082980143,-40.826430059640984,-1.1573229341274334,11.151054506791134,0.6295741068180681,74.43639653094141,0.2719344611720337,-0.024072146374415196,0.00015748,0.024135195644220987,0.00081957,1,0.0
15621,0.00109041364942436,0.1069642952800287,-1.54e-06,1.73670515212841,4.5328831220534305,45.72188567388424,1.0052136313683062,21.540177091225242,0.12067054082980143,-70.45325214216874,-1.1573229341274334,-5.186586043091068,0.6295741068180681,4.929107380458954,0.2719344611720337,-0.022044112602893837,0.00015748,0.2130701483060184,0.00081957,1,0.0
15622,-1.768951957692444e-06,0.05049118207315346,-1.54e-06,1.73670515212841,4.5328831220534305,-0.6793654144941585,1.0052136313683062,16.946001314273357,0.12067054082980143,-77.6944763182872,-1.1573229341274334,11.384716667255313,0.6295741068180681,28.561973036840907,0.2719344611720337,-0.07736850886898208,0.00015748,0.12991303871569074,0.00081957,1,0.0
15623,0.01920925099722104,0.028268985278565154,-1.54e-06,1.73670515212841,4.5328831220534305,3.2629516680885415,1.0052136313683062,14.094393466523288,0.12067054082980143,-44.221025036792284,-1.1573229341274334,-61.19059825250453,0.6295741068180681,20.520859932861256,0.2719344611720337,-0.10768209980338649,0.00015748,0.10805468247454746,0.00081957,1,0.0
15624,0.0008297381014273908,0.08037167814144319,-1.54e-06,1.73670515212841,4.5328831220534305,28.098627248679037,1.0052136313683062,12.579546865630306,0.12067054082980143,-58.324445545009866,-1.1573229341274334,73.07461932843609,0.6295741068180681,2.6334364906094563,0.2719344611720337,0.05699954381910448,0.00015748,0.13020027954792585,0.00081957,0,0.0
15625,0.00023697666604519108,0.03522017546122767,-1.54e-06,1.73670515212841,4.5328831220534305,6.359453186712663,1.0052136313683062,8.989811491451494,0.12067054082980143,-38.79553843227768,-1.1573229341274334,30.403878002255208,0.6295741068180681,7.945064673305805,0.2719344611720337,-0.004821317910316245,0.00015748,0.0715403958138166,0.00081957,1,0.0
15626,0.2513583051124671,0.008234357324274669,-1.54e-06,1.73670515212841,4.5328831220534305,-65.20573632511889,1.0052136313683062,9.136764990221037,0.12067054082980143,-61.204292742674056,-1.1573229341274334,24.39275005812097,0.6295741068180681,62.46215786115781,0.2719344611720337,-0.04654296529856823,0.00015748,0.04657073460356678,0.00081957,1,0.0
15627,0.17025886921466604,0.008357126916086678,-1.54e-06,1.73670515212841,4.5328831220534305,-69.76359207840196,1.0052136313683062,0.2678807265471148,0.12067054082980143,-71.7759945490977,-1.1573229341274334,88.97226175174991,0.6295741068180681,66.67027867286384,0.2719344611720337,-0.017358747615951506,0.00015748,0.017500295225832692,0.00081957,1,0.0
15628,0.26691411884012456,0.00849106574517696,-1.54e-06,1.73670515212841,4.5328831220534305,-66.41334544652597,1.0052136313683062,11.290318764497975,0.12067054082980143,-77.52576845933315,-1.1573229341274334,-1.6372816118728557,0.6295741068180681,75.13144595909813,0.2719344611720337,-0.059706430013327295,0.00015748,0.05974861610504242,0.00081957,1,0.0
15629,0.2716969804408733,0.017008868534482954,-1.54e-06,1.73670515212841,4.5328831220534305,-58.265386959305005,1.0052136313683062,14.43179560415999,0.12067054082980143,-78.46970243157739,-1.1573229341274334,-40.50420827273105,0.6295741068180681,75.01779973173493,0.2719344611720337,-0.09078356239218101,0.00015748,0.0909984850315577,0.00081957,1,0.0
15630,0.21207268739494614,0.015736082084973266,-1.54e-06,1.73670515212841,4.5328831220534305,-56.067943062017676,1.0052136313683062,14.746967569244772,0.12067054082980143,-87.85835777653642,-1.1573229341274334,-7.058001973637813,0.6295741068180681,71.70266233504954,0.2719344611720337,-0.08861897658978,0.00015748,0.08866199974723919,0.00081957,1,0.0
15631,1.9787705386409282e-05,0.12282693305058451,-1.54e-06,1.73670515212841,4.5328831220534305,69.82709721113721,1.0052136313683062,15.786133989935871,0.12067054082980143,-57.41705584762374,-1.1573229341274334,96.96007038996737,0.6295741068180681,-19.556008731680905,0.2719344611720337,0.1430477493030343,0.00015748,0.20194309047031847,0.00081957,0,0.0
15632,0.00028360085539558266,0.09189498120779305,-1.54e-06,1.73670515212841,4.5328831220534305,26.28068899964634,1.0052136313683062,16.500682955439018,0.12067054082980143,-84.46904854681647,-1.1573229341274334,60.107933168927644,0.6295741068180681,16.98832076745938,0.2719344611720337,0.008565256288766268,0.00015748,0.1814362367067912,0.00081957,0,0.0
15633,0.0004675369543281349,0.025645254817028156,-1.54e-06,1.73670515212841,4.5328831220534305,-5.036753013644952,1.0052136313683062,10.16192868430872,0.12067054082980143,-51.391284993339305,-1.1573229341274334,33.76516222412611,0.6295741068180681,18.097576522279063,0.2719344611720337,-0.03143055768161606,0.00015748,0.07060123387495212,0.00081957,1,0.0
15634,0.00024317012768801383,0.022258906008658253,-1.54e-06,1.73670515212841,4.5328831220534305,-25.316320796960923,1.0052136313683062,11.01157574780292,0.12067054082980143,-80.99220553327181,-1.1573229341274334,86.14340419955245,0.6295741068180681,35.56905901582899,0.2719344611720337,-0.03650765465890097,0.00015748,0.0681403511010524,0.00081957,1,0.0
15635,0.22421389818236903,0.1630764701971723,-1.54e-06,1.73670515212841,4.5328831220534305,77.57792710544493,1.0052136313683062,23.607811675829154,0.12067054082980143,-53.90974023841382,-1.1573229341274334,-47.936058109081095,0.6295741068180681,-0.1868174100530184,0.2719344611720337,0.08634013311756776,0.00015748,0.3181336583663079,0.00081957,0,0.0
15636,0.22155849569384473,0.006200634799134644,-1.54e-06,1.73670515212841,4.5328831220534305,-22.507822125351176,1.0052136313683062,6.989172969679478,0.12067054082980143,-10.00052121325857,-1.1573229341274334,-95.62219513962542,0.6295741068180681,32.529219746895706,0.2719344611720337,-0.04979406740368362,0.00015748,0.0497915933103306,0.00081957,1,0.0
15637,0.2509575050204395,0.12258790299149448,-1.54e-06,1.73670515212841,4.5328831220534305,4.455107775373443,1.0052136313683062,22.546373592004493,0.12067054082980143,-99.68395173313239,-1.1573229341274334,45.141174184581565,0.6295741068180681,44.18096443995874,0.2719344611720337,0.06163973953088979,0.00015748,0.21416739774644727,0.00081957,0,0.0
15638,0.031660721231345945,0.1738754304282976,-1.54e-06,1.73670515212841,4.5328831220534305,68.64336553501124,1.0052136313683062,-2.960319192754374,0.12067054082980143,-9.521503870200236,-1.1573229341274334,79.68896660804516,0.6295741068180681,-24.44579446393161,0.2719344611720337,0.05177078279366344,0.00015748,0.2832433838744296,0.00081957,0,0.0
15639,0.0004930612726198325,0.0936245037394772,-1.54e-06,1.73670515212841,4.5328831220534305,54.05931222351655,1.0052136313683062,14.51531047982829,0.12067054082980143,-37.84922198103565,-1.1573229341274334,20.069010461565227,0.6295741068180681,-14.155185405472396,0.2719344611720337,0.05555610671099738,0.00015748,0.1626368696585152,0.00081957,0,0.0
15640,0.2561499317853057,0.007546130480207192,-1.54e-06,1.73670515212841,4.5328831220534305,-72.8200801053364,1.0052136313683062,11.3923353688206,0.12067054082980143,-88.65208456428368,-1.1573229341274334,25.58628268662938,0.6295741068180681,79.85414207774262,0.2719344611720337,-0.05628315931834144,0.00015748,0.05629392954341774,0.00081957,1,0.0
15641,-4.775236365739399e-05,0.11782723445647438,-1.54e-06,1.73670515212841,4.5328831220534305,67.12929878366326,1.0052136313683062,23.713004980672785,0.12067054082980143,-40.57118270174346,-1.1573229341274334,-48.09074428239762,0.6295741068180681,-17.73975144622296,0.2719344611720337,-0.0123215034476397,0.00015748,0.21529283452933273,0.00081957,1,0.0
15642,0.41577728711395917,0.060442040734381114,-1.54e-06,1.73670515212841,4.5328831220534305,-93.14914767082998,1.0052136313683062,-9.464852302200557,0.12067054082980143,-5.261190838433646,-1.1573229341274334,40.06372566498122,0.6295741068180681,65.12914148927462,0.2719344611720337,-0.10453503384131428,0.00015748,0.10467296657048576,0.00081957,1,0.0
15643,0.0005984919130549438,0.07742992252390302,-1.54e-06,1.73670515212841,4.5328831220534305,57.76575164200956,1.0052136313683062,15.562093233706422,0.12067054082980143,-10.950982561186738,-1.1573229341274334,-80.75147050327128,0.6295741068180681,-19.47749387584851,0.2719344611720337,-0.025131388895105397,0.00015748,0.1572459918311142,0.00081957,1,0.0
15644,0.00016259174162361334,0.07757125901453304,-1.54e-06,1.73670515212841,4.5328831220534305,38.017251047635185,1.0052136313683062,9.241504423058696,0.12067054082980143,-30.063055031513166,-1.1573229341274334,47.280613366193755,0.6295741068180681,-11.322731453447009,0.2719344611720337,0.0731942959713833,0.00015748,0.10858307869629444,0.00081957,0,0.0
15645,0.0012489999977471355,0.07373075074303602,-1.54e-06,1.73670515212841,4.5328831220534305,55.869005127523984,1.0052136313683062,15.413082013264281,0.12067054082980143,-9.502331967947923,-1.1573229341274334,-93.75050543898466,0.6295741068180681,-17.725415049858736,0.2719344611720337,-0.04078991349398603,0.00015748,0.15627064931860157,0.00081957,1,0.0
15646,4.255042388622704e-05,0.014048191616272025,-1.54e-06,1.73670515212841,4.5328831220534305,0.6994616021185952,1.0052136313683062,2.1191122863331247,0.12067054082980143,-13.031346905793155,-1.1573229341274334,23.760875976496045,0.6295741068180681,2.2966555052245603,0.2719344611720337,0.0069772024373964195,0.00015748,0.021433103835098475,0.00081957,0,0.0
15647,0.3191117605201006,0.21197460868253987,-1.54e-06,1.73670515212841,4.5328831220534305,75.28810814510194,1.0052136313683062,12.395694473048145,0.12067054082980143,-38.85247157944006,-1.1573229341274334,24.24065195722804,0.6295741068180681,-1.0230749717648138,0.2719344611720337,0.159767184454719,0.00015748,0.35599385728117366,0.00081957,0,0.0
15648,0.0001649375591504243,0.035835670174992784,-1.54e-06,1.73670515212841,4.5328831220534305,-16.133975677862455,1.0052136313683062,11.01897073510571,0.12067054082980143,-81.24982487377645,-1.1573229341274334,87.97569832763804,0.6295741068180681,32.19317685098559,0.2719344611720337,-0.015735627618139694,0.00015748,0.08135640945796883,0.00081957,1,0.0
15649,0.17871920512432532,0.0035864683466574863,-1.54e-06,1.73670515212841,4.5328831220534305,-40.19061993889029,1.0052136313683062,0.8693550362899908,0.12067054082980143,-21.193076247603152,-1.1573229341274334,3.777909320197865,0.6295741068180681,36.29513360084363,0.2719344611720337,-0.008257392302288256,0.00015748,0.008327025929697661,0.00081957,1,0.0
15650,0.008110619603710512,0.013982769269158323,-1.54e-06,1.73670515212841,4.5328831220534305,-1.2074117785936134,1.0052136313683062,10.173239593796435,0.12067054082980143,-37.962313219089175,-1.1573229341274334,-29.468505403721736,0.6295741068180681,17.48372465577782,0.2719344611720337,-0.07540051054892864,0.00015748,0.07545325210732635,0.00081957,1,0.0
15651,0.31657809890164057,0.02526979690094137,-1.54e-06,1.73670515212841,4.5328831220534305,-62.935868328397255,1.0052136313683062,18.437963385263117,0.12067054082980143,-86.32238407235332,-1.1573229341274334,-61.47797160578846,0.6295741068180681,82.68791093349003,0.2719344611720337,-0.11133174172748628,0.00015748,0.11130818483469532,0.00081957,1,0.0
15652,0.0004937241274539372,0.11079681994569979,-1.54e-06,1.73670515212841,4.5328831220534305,82.19325254906576,1.0052136313683062,12.88080231724124,0.12067054082980143,-9.165071442728413,-1.1573229341274334,7.299207591843945,0.6295741068180681,-38.43641746435783,0.2719344611720337,0.11223884940007609,0.00015748,0.1713999915699849,0.00081957,0,0.0
15653,0.25838855694522117,0.018350425940471333,-1.54e-06,1.73670515212841,4.5328831220534305,-79.27051410150786,1.0052136313683062,-2.287108891786792,0.12067054082980143,-45.1813476395345,-1.1573229341274334,82.9126257928391,0.6295741068180681,62.25182686880391,0.2719344611720337,-0.05646460498200739,0.00015748,0.05657912747354738,0.00081957,1,0.0
15654,0.060300101816678886,0.0008531336966795869,-1.54e-06,1.73670515212841,4.5328831220534305,-28.148485209252236,1.0052136313683062,0.6053786084488167,0.12067054082980143,-28.31814265461018,-1.1573229341274334,45.82930816369024,0.6295741068180681,24.12812692888429,0.2719344611720337,-0.012064456346268546,0.00015748,0.012024587345911573,0.00081957,1,0.0
15655,0.0005869741879142021,0.12054983514293749,-1.54e-06,1.73670515212841,4.5328831220534305,71.09960535459626,1.0052136313683062,5.8794541334169965,0.12067054082980143,-1.3609278365052269,-1.1573229341274334,73.82754368474089,0.6295741068180681,-40.86606518488234,0.2719344611720337,0.11264803558639622,0.00015748,0.18310848178017677,0.00081957,0,0.0
15656,0.21203123061252935,0.009126950201301793,-1.54e-06,1.73670515212841,4.5328831220534305,-36.77489661771994,1.0052136313683062,10.744330161257995,0.12067054082980143,-44.66207882570855,-1.1573229341274334,-53.75556805808173,0.6295741068180681,48.76592203163111,0.2719344611720337,-0.06608478534350785,0.00015748,0.06612692572324326,0.00081957,1,0.0
15657,0.15472219528415063,0.004475950929220486,-1.54e-06,1.73670515212841,4.5328831220534305,-50.903247603442345,1.0052136313683062,8.755381329013234,0.12067054082980143,-70.99524912476942,-1.1573229341274334,30.49590307763242,0.6295741068180681,57.43050975994166,0.2719344611720337,-0.045849138739955386,0.00015748,0.04580241461414512,0.00081957,1,0.0
15658,0.0773264325876668,0.033525131080646156,-1.54e-06,1.73670515212841,4.5328831220534305,-33.56975527479023,1.0052136313683062,19.49602278358544,0.12067054082980143,-96.57469957282615,-1.1573229341274334,8.210993467596525,0.6295741068180681,54.12101118929376,0.2719344611720337,-0.1177668817348563,0.00015748,0.11783061280928911,0.00081957,1,0.0
15659,0.3246740653593692,0.008004853121497667,-1.54e-06,1.73670515212841,4.5328831220534305,-73.94204987784794,1.0052136313683062,9.356702415663896,0.12067054082980143,-67.72828036279469,-1.1573229341274334,-10.149620160737227,0.6295741068180681,78.321165441542,0.2719344611720337,-0.0426908936057646,0.00015748,0.04275888231762377,0.00081957,1,0.0
15660,0.0003723459522922412,0.08180132759308681,-1.54e-06,1.73670515212841,4.5328831220534305,62.61551501279619,1.0052136313683062,15.369081761920981,0.12067054082980143,-8.417163133256818,-1.1573229341274334,-76.30797558176991,0.6295741068180681,-23.18670355889222,0.2719344611720337,-0.010446916911779847,0.00015748,0.16058686619851775,0.00081957,1,0.0
15661,0.5990748634662268,0.23651671120692802,-1.54e-06,1.73670515212841,4.5328831220534305,4.359420053434715,1.0052136313683062,20.446209975852653,0.12067054082980143,-99.82376786960258,-1.1573229341274334,47.784277450154605,0.6295741068180681,66.26729711966782,0.2719344611720337,0.19193899439484266,0.00015748,0.3238899940976244,0.00081957,0,0.0
15662,0.0005234113358751069,0.0967324492309518,-1.54e-06,1.73670515212841,4.5328831220534305,74.69298456060278,1.0052136313683062,12.98318246765621,0.12067054082980143,-5.818643897041405,-1.1573229341274334,-30.11358775749444,0.6295741068180681,-32.8341317257297,0.2719344611720337,0.06217973047248019,0.00015748,0.16501921407402095,0.00081957,0,0.0
15663,0.0371485749432775,0.10078187195436,-1.54e-06,1.73670515212841,4.5328831220534305,1.3437213863416695,1.0052136313683062,29.438813073977546,0.12067054082980143,-87.4527655009993,-1.1573229341274334,-90.88589938863704,0.6295741068180681,36.55860782489569,0.2719344611720337,-0.19353009205773727,0.00015748,0.1942987731781081,0.00081957,1,0.0
15664,0.0007408027066996559,0.0412553695032266,-1.54e-06,1.73670515212841,4.5328831220534305,5.721662475836206,1.0052136313683062,4.39424037025882,0.12067054082980143,-31.560637050232298,-1.1573229341274334,63.31764026252649,0.6295741068180681,4.168865314114595,0.2719344611720337,0.037479069992233376,0.00015748,0.051346796133843166,0.00081957,0,0.0
15665,2.3197005123487546e-05,0.11777631236003207,-1.54e-06,1.73670515212841,4.5328831220534305,79.40561942910257,1.0052136313683062,19.525023780183304,0.12067054082980143,-34.190565152692486,-1.1573229341274334,-42.460181852890884,0.6295741068180681,-22.327388564352958,0.2719344611720337,0.02128138666075527,0.00015748,0.2300497508309494,0.00081957,0,0.0
15666,8.429177470292704e-06,0.08251643334275931,-1.54e-06,1.73670515212841,4.5328831220534305,54.484030311482584,1.0052136313683062,17.04039027911407,0.12067054082980143,-21.139552468694777,-1.1573229341274334,-98.26379506070816,0.6295741068180681,-11.233148932414663,0.2719344611720337,-0.062159692742193365,0.00015748,0.17726624152598147,0.00081957,1,0.0
15667,0.06944285641969589,0.0017424121771144408,-1.54e-06,1.73670515212841,4.5328831220534305,-1.1908497662946849,1.0052136313683062,3.657939260721622,0.12067054082980143,-0.13339621288043274,-1.1573229341274334,-51.67585759162604,0.6295741068180681,7.634649642912897,0.2719344611720337,-0.02910463222299818,0.00015748,0.029105217971520853,0.00081957,1,0.0
15668,0.2752291121008562,0.2335758581454613,-1.54e-06,1.73670515212841,4.5328831220534305,33.53233168366205,1.0052136313683062,7.2611223011649875,0.12067054082980143,-79.47094394090983,-1.1573229341274334,78.91474726670097,0.6295741068180681,34.524903227609244,0.2719344611720337,0.06958124430685286,0.00015748,0.35559347246386674,0.00081957,0,0.0
15669,0.10389654019928461,0.0022133119468537746,-1.54e-06,1.73670515212841,4.5328831220534305,-37.39551387846646,1.0052136313683062,3.7167222728510914,0.12067054082980143,-47.8268415332117,-1.1573229341274334,30.998553523193277,0.6295741068180681,40.69320561833997,0.2719344611720337,-0.02251551328374658,0.00015748,0.022352394273538443,0.00081957,1,0.0
15670,0.299445870298832,0.01219495329720614,-1.54e-06,1.73670515212841,4.5328831220534305,-48.59396421184029,1.0052136313683062,11.586060542579185,0.12067054082980143,-46.8055750735066,-1.1573229341274334,-78.83991709673414,0.6295741068180681,61.86508409957637,0.2719344611720337,-0.07254379317884144,0.00015748,0.07261325436179292,0.00081957,1,0.0
15671,0.09476354307190535,0.003124215748182863,-1.54e-06,1.73670515212841,4.5328831220534305,-10.025079394253611,1.0052136313683062,5.26789586844579,0.12067054082980143,-13.751685183492482,-1.1573229341274334,-46.23942515783384,0.6295741068180681,18.199387856619442,0.2719344611720337,-0.03879941549643473,0.00015748,0.03896845812835621,0.00081957,1,0.0
15672,0.00022174212359690748,0.03807131242885545,-1.54e-06,1.73670515212841,4.5328831220534305,18.287693279015663,1.0052136313683062,3.644604219583919,0.12067054082980143,-5.77875172504812,-1.1573229341274334,20.855587009856503,0.6295741068180681,-9.693988830051362,0.2719344611720337,0.02809207891486605,0.00015748,0.051025366276389275,0.00081957,0,0.0
15673,0.0006656451507023875,0.11324916326748707,-1.54e-06,1.73670515212841,4.5328831220534305,65.76324553692768,1.0052136313683062,20.692596547506124,0.12067054082980143,-43.46484937714463,-1.1573229341274334,-59.330872542492244,0.6295741068180681,-10.638867747970401,0.2719344611720337,-0.026966743170516463,0.00015748,0.22553417293372552,0.00081957,1,0.0
15674,0.04710477832735582,0.018875217904877707,-1.54e-06,1.73670515212841,4.5328831220534305,-9.427628109195968,1.0052136313683062,12.08321262646914,0.12067054082980143,-49.871315390103504,-1.1573229341274334,-37.08817198516161,0.6295741068180681,29.020222698821605,0.2719344611720337,-0.09078345369473949,0.00015748,0.09099190598238312,0.00081957,1,0.0
15675,-4.148232581710487e-05,0.04999115199971057,-1.54e-06,1.73670515212841,4.5328831220534305,21.45713203816214,1.0052136313683062,10.092345982799179,0.12067054082980143,-33.97992475516087,-1.1573229341274334,10.995604918474108,0.6295741068180681,1.0323386902125105,0.2719344611720337,0.003508923068238551,0.00015748,0.09619074005678782,0.00081957,0,0.0
15676,0.26473862816634186,0.010907415886077776,-1.54e-06,1.73670515212841,4.5328831220534305,-65.68692942857581,1.0052136313683062,12.793165464083978,0.12067054082980143,-82.50432226416052,-1.1573229341274334,-6.162012448002969,0.6295741068180681,76.83107632150298,0.2719344611720337,-0.07060472745450244,0.00015748,0.07084917546473743,0.00081957,1,0.0
15677,0.05486263024190857,0.005962134757155776,-1.54e-06,1.73670515212841,4.5328831220534305,-28.884298956048113,1.0052136313683062,8.426979648772255,0.12067054082980143,-61.17716219460367,-1.1573229341274334,28.37694827700229,0.6295741068180681,38.391023520483145,0.2719344611720337,-0.05208309356195927,0.00015748,0.05214312686638095,0.00081957,1,0.0
15678,0.17575695001324332,0.0039496589933504,-1.54e-06,1.73670515212841,4.5328831220534305,-19.62692203209425,1.0052136313683062,5.837245860203946,0.12067054082980143,-11.25486829042567,-1.1573229341274334,-70.77925658379034,0.6295741068180681,27.48431844874056,0.2719344611720337,-0.039889934451888716,0.00015748,0.039940901933491556,0.00081957,1,0.0
15679,0.004058722065807763,0.10749385791811265,-1.54e-06,1.73670515212841,4.5328831220534305,39.87039811895366,1.0052136313683062,22.88136308938652,0.12067054082980143,-74.24278186408296,-1.1573229341274334,-25.201463421423462,0.6295741068180681,10.8227353575221,0.2719344611720337,-0.05623244009571407,0.00015748,0.2157962528783864,0.00081957,1,0.0
15680,0.0004514584839306335,0.03760084399367046,-1.54e-06,1.73670515212841,4.5328831220534305,12.722093805750479,1.0052136313683062,12.827109031858628,0.12067054082980143,-41.3093427016755,-1.1573229341274334,-29.820820597599525,0.6295741068180681,11.344544699984356,0.2719344611720337,-0.06379703978579707,0.00015748,0.10651923699237123,0.00081957,1,0.0
15681,0.0005933137302427394,0.12015952870557291,-1.54e-06,1.73670515212841,4.5328831220534305,80.96778816755159,1.0052136313683062,19.328283229142027,0.12067054082980143,-38.9191054044391,-1.1573229341274334,-12.095048617262647,0.6295741068180681,-23.859384739467234,0.2719344611720337,0.0537908147538379,0.00015748,0.22987658785254023,0.00081957,0,0.0
15682,0.14587519727013487,0.1534853499122234,-1.54e-06,1.73670515212841,4.5328831220534305,69.81892947124543,1.0052136313683062,25.443795320046174,0.12067054082980143,-70.09052637134529,-1.1573229341274334,-37.131084745911814,0.6295741068180681,4.628799002074482,0.2719344611720337,0.03820389563830848,0.00015748,0.30623364339649894,0.00081957,0,0.0
15683,0.012280555784562594,0.0007580271168289793,-1.54e-06,1.73670515212841,4.5328831220534305,-30.47635822973359,1.0052136313683062,3.793386896602371,0.12067054082980143,-54.89834024139108,-1.1573229341274334,74.38058473125726,0.6295741068180681,31.316236372012558,0.2719344611720337,-0.01610908209909463,0.00015748,0.01609509211250541,0.00081957,1,0.0
15684,0.7644799386735253,0.3445613725484461,-1.54e-06,1.73670515212841,4.5328831220534305,63.27078126527015,1.0052136313683062,20.356234814238498,0.12067054082980143,-55.4482773145393,-1.1573229341274334,-53.11801289124316,0.6295741068180681,41.21405564476846,0.2719344611720337,0.22028107316701345,0.00015748,0.5012746491534306,0.00081957,0,0.0
15685,0.0005188364390403544,0.02362106984800443,-1.54e-06,1.73670515212841,4.5328831220534305,9.06376171484171,1.0052136313683062,11.291771602478924,0.12067054082980143,-31.855868527135446,-1.1573229341274334,-37.25903463237794,0.6295741068180681,9.466967560263557,0.2719344611720337,-0.06743551771770903,0.00015748,0.08539296039892341,0.00081957,1,0.0
15686,0.11420132779147722,0.0012158239698189426,-1.54e-06,1.73670515212841,4.5328831220534305,-43.79324638718778,1.0052136313683062,2.7851528670569765,0.12067054082980143,-46.548281250536526,-1.1573229341274334,52.93007457344411,0.6295741068180681,40.78269660430993,0.2719344611720337,-0.01124088812532932,0.00015748,0.011235235174677727,0.00081957,1,0.0
15687,0.004324977658680895,0.010791513922660131,-1.54e-06,1.73670515212841,4.5328831220534305,-6.005430574372532,1.0052136313683062,7.195954847133486,0.12067054082980143,-40.00433573356913,-1.1573229341274334,-11.708882798995944,0.6295741068180681,21.014914914036144,0.2719344611720337,-0.06634475130001674,0.00015748,0.06643841372456744,0.00081957,1,0.0
15688,0.09206302805403965,0.0007637140477247321,-1.54e-06,1.73670515212841,4.5328831220534305,-40.14283476814013,1.0052136313683062,3.5139825845802735,0.12067054082980143,-50.14536269205651,-1.1573229341274334,52.5815724087556,0.6295741068180681,39.6960070348975,0.2719344611720337,-0.012187229960570237,0.00015748,0.012189920035229092,0.00081957,1,0.0
15689,0.47266498862275685,0.20879278504924217,-1.54e-06,1.73670515212841,4.5328831220534305,44.28098802935918,1.0052136313683062,30.651417294679366,0.12067054082980143,-99.96204007272583,-1.1573229341274334,-50.282346451348936,0.6295741068180681,47.25777564267571,0.2719344611720337,0.09904414900010472,0.00015748,0.3863373281100476,0.00081957,0,0.0
15690,0.007618200130123931,0.03138540526014636,-1.54e-06,1.73670515212841,4.5328831220534305,5.882834862777144,1.0052136313683062,14.738505841272985,0.12067054082980143,-44.972841935464565,-1.1573229341274334,-63.260633592492596,0.6295741068180681,18.974501605514632,0.2719344611720337,-0.11276780912696396,0.00015748,0.11277481412078388,0.00081957,1,0.0
15691,6.913423788784678e-05,0.10228113758591467,-1.54e-06,1.73670515212841,4.5328831220534305,65.37986609189,1.0052136313683062,19.58233585980282,0.12067054082980143,-30.662521967098314,-1.1573229341274334,-63.686415832457456,0.6295741068180681,-16.67271118643067,0.2719344611720337,-0.017460091864677244,0.00015748,0.2006198559723682,0.00081957,1,0.0
15692,-0.00011680882233328083,0.06724630874161033,-1.54e-06,1.73670515212841,4.5328831220534305,32.94614989031754,1.0052136313683062,12.408899995167513,0.12067054082980143,-36.89188623599499,-1.1573229341274334,10.95369339678368,0.6295741068180681,-3.7488951521509875,0.2719344611720337,0.016078078289983908,0.00015748,0.12313319411534378,0.00081957,0,0.0
15693,0.12863045289229455,0.0011958292185580315,-1.54e-06,1.73670515212841,4.5328831220534305,-33.167026409317465,1.0052136313683062,3.5960069619516046,0.12067054082980143,-31.638621212272394,-1.1573229341274334,8.433837114334205,0.6295741068180681,33.8029226420563,0.2719344611720337,-0.014459955746272587,0.00015748,0.01445156461808905,0.00081957,1,0.0
15694,0.27022321592462567,0.005765200410213905,-1.54e-06,1.73670515212841,4.5328831220534305,-34.89918889945119,1.0052136313683062,6.043555565072677,0.12067054082980143,-11.618200381471569,-1.1573229341274334,-84.51683452870775,0.6295741068180681,40.25250829178978,0.2719344611720337,-0.033747734792704556,0.00015748,0.0337329772498456,0.00081957,1,0.0
15695,0.0005152037437394508,0.02992525805913791,-1.54e-06,1.73670515212841,4.5328831220534305,-13.407618689003652,1.0052136313683062,11.11956768359666,0.12067054082980143,-71.82711688599936,-1.1573229341274334,62.21153153974101,0.6295741068180681,28.819246932282113,0.2719344611720337,-0.031104115041093686,0.00015748,0.07904964843764399,0.00081957,1,0.0
15696,0.16668194415728402,0.00464430820931477,-1.54e-06,1.73670515212841,4.5328831220534305,-43.89691671954698,1.0052136313683062,0.5914983750670539,0.12067054082980143,-25.287792362902213,-1.1573229341274334,27.231465316034416,0.6295741068180681,36.55272645340981,0.2719344611720337,-0.023351342445945986,0.00015748,0.023231107984514852,0.00081957,1,0.0
15697,0.2899227733058317,0.0061695079579012465,-1.54e-06,1.73670515212841,4.5328831220534305,-82.97626210477739,1.0052136313683062,8.629279362976453,0.12067054082980143,-85.6142878248954,-1.1573229341274334,41.832374237089134,0.6295741068180681,84.29236552215696,0.2719344611720337,-0.033955273338312386,0.00015748,0.03400429873912951,0.00081957,1,0.0
15698,-3.110605706008185e-05,0.10413309279703398,-1.54e-06,1.73670515212841,4.5328831220534305,70.75910275951678,1.0052136313683062,18.169146727209743,0.12067054082980143,-26.291885580793174,-1.1573229341274334,-60.67768488936077,0.6295741068180681,-20.19273026051686,0.2719344611720337,-0.0021576535445576722,0.00015748,0.20456062057204677,0.00081957,1,0.0
15699,0.4933307078322248,0.29114013686265044,-1.54e-06,1.73670515212841,4.5328831220534305,-44.664303166107985,1.0052136313683062,35.81910517293793,0.12067054082980143,-74.00693956739137,-1.1573229341274334,-12.48669090616317,0.6295741068180681,53.368184016335704,0.2719344611720337,-0.12814865830571132,0.00015748,0.30541807187491754,0.00081957,1,0.0
15700,0.07797016272955093,0.0009292039716476968,-1.54e-06,2.2752100000340056,5.77175343827026,-67.83875923200505,1.0052136313683062,-1.1161880272533047,0.12067054082980143,-39.36808553914146,-1.1573229341274334,60.35446440889728,0.6295741068180681,47.87931406111516,0.2719344611720337,-0.005877883681044737,0.00015748,0.0058809971972413715,0.00081957,1,0.0
15701,0.016698239653448466,0.0005649755068025584,-1.54e-06,2.2752100000340056,5.77175343827026,-36.1369193489912,1.0052136313683062,4.612204071243551,0.12067054082980143,-43.57884515853405,-1.1573229341274334,75.07509152651016,0.6295741068180681,24.593777547800045,0.2719344611720337,-0.01219066894984606,0.00015748,0.012177654733821637,0.00081957,1,0.0
15702,0.0006347783038967991,0.03620275437949695,-1.54e-06,2.2752100000340056,5.77175343827026,82.63944693308865,1.0052136313683062,20.85272947681816,0.12067054082980143,-90.87620145477099,-1.1573229341274334,-67.9315050390859,0.6295741068180681,11.930359176566657,0.2719344611720337,-0.02424268898072409,0.00015748,0.08743265199177,0.00081957,1,0.0
15703,0.08723349037132251,0.002105485071851319,-1.54e-06,2.2752100000340056,5.77175343827026,-54.99685943496637,1.0052136313683062,12.718623581589336,0.12067054082980143,-85.17920060434697,-1.1573229341274334,-38.97487013445875,0.6295741068180681,65.25849861079506,0.2719344611720337,-0.0319471832913201,0.00015748,0.031947366677889666,0.00081957,1,0.0
15704,0.001252714969172078,0.0020156935997965573,-1.54e-06,2.2752100000340056,5.77175343827026,7.74158186855678,1.0052136313683062,9.582833282971603,0.12067054082980143,-37.85251185051326,-1.1573229341274334,-60.15736375797825,0.6295741068180681,14.635567236467349,0.2719344611720337,-0.026487686148418642,0.00015748,0.026495764688099332,0.00081957,1,0.0
15705,0.1465509119428919,0.03741639885096031,-1.54e-06,2.2752100000340056,5.77175343827026,-11.158589300678067,1.0052136313683062,9.286937801700141,0.12067054082980143,-86.34750811759437,-1.1573229341274334,-5.995911285367937,0.6295741068180681,62.3702179206508,0.2719344611720337,-0.0037536364803898645,0.00015748,0.06984166477714426,0.00081957,1,0.0
15706,8.075430866558153e-05,0.016837781896895672,-1.54e-06,2.2752100000340056,5.77175343827026,27.598140036015337,1.0052136313683062,20.06094398482294,0.12067054082980143,-89.87501091931522,-1.1573229341274334,-66.43778212132058,0.6295741068180681,27.392274370749906,0.2719344611720337,-0.03990127585511629,0.00015748,0.06066560906866555,0.00081957,1,0.0
15707,0.04811279666625506,0.0006175506661968557,-1.54e-06,2.2752100000340056,5.77175343827026,-14.510367178494326,1.0052136313683062,6.221139332169208,0.12067054082980143,-26.283120975978022,-1.1573229341274334,-65.30326876220295,0.6295741068180681,24.53109651811214,0.2719344611720337,-0.01737537728088183,0.00015748,0.017376812503092698,0.00081957,1,0.0
15708,0.0657144188478639,0.0006862334322092366,-1.54e-06,2.2752100000340056,5.77175343827026,-70.3244352968978,1.0052136313683062,-0.47630984451077396,0.12067054082980143,-41.25535889571291,-1.1573229341274334,99.63854225846912,0.6295741068180681,43.08327049577862,0.2719344611720337,-0.010504120626630526,0.00015748,0.010517908153443238,0.00081957,1,0.0
15709,0.00012214051432010709,0.026388138532733484,-1.54e-06,2.2752100000340056,5.77175343827026,64.47135988481374,1.0052136313683062,12.17117594081874,0.12067054082980143,-36.92768871778899,-1.1573229341274334,5.440909764242626,0.6295741068180681,-12.569541058038102,0.2719344611720337,0.008845494167853844,0.00015748,0.044387324342384564,0.00081957,0,0.0
15710,0.14671644276400303,0.0014429876110054424,-1.54e-06,2.2752100000340056,5.77175343827026,-78.14535784136446,1.0052136313683062,10.818100405999347,0.12067054082980143,-73.83255331447936,-1.1573229341274334,-65.30841023682575,0.6295741068180681,77.2826374449921,0.2719344611720337,-0.025427826674505605,0.00015748,0.025426143101414035,0.00081957,1,0.0
15711,0.08356730209960167,0.0002951154340983168,-1.54e-06,2.2752100000340056,5.77175343827026,-43.65779023773049,1.0052136313683062,4.3362660105318955,0.12067054082980143,-31.1896784856548,-1.1573229341274334,-31.488124346857738,0.6295741068180681,38.94920421134053,0.2719344611720337,-0.009030603486291349,0.00015748,0.009030873133953711,0.00081957,1,0.0
15712,0.0012612285621142888,0.028918629063279647,-1.54e-06,2.2752100000340056,5.77175343827026,54.44255381132523,1.0052136313683062,2.2426305825008237,0.12067054082980143,-35.884116611653305,-1.1573229341274334,-93.84116998292002,0.6295741068180681,14.663013014376707,0.2719344611720337,-0.04235794610656331,0.00015748,0.07633560721039491,0.00081957,1,0.0
15713,0.009210956173893812,0.00013342971293602522,-1.54e-06,2.2752100000340056,5.77175343827026,-12.801323646492872,1.0052136313683062,2.904309572984796,0.12067054082980143,-25.102988168233935,-1.1573229341274334,9.305153306246535,0.6295741068180681,15.244457968927705,0.2719344611720337,-0.007427211774287291,0.00015748,0.007429105640038851,0.00081957,1,0.0
15714,-3.88648231665345e-06,0.012275706323470211,-1.54e-06,2.2752100000340056,5.77175343827026,23.01497487486873,1.0052136313683062,3.438498283061579,0.12067054082980143,-5.0672490708723,-1.1573229341274334,37.93421041908964,0.6295741068180681,-12.208401909604895,0.2719344611720337,0.0025955381902827823,0.00015748,0.021151920898857583,0.00081957,0,0.0
15715,0.018369347393921473,0.0007673669008447362,-1.54e-06,2.2752100000340056,5.77175343827026,-8.896187171618381,1.0052136313683062,5.639908659080454,0.12067054082980143,-33.58904616903509,-1.1573229341274334,-32.730204719468816,0.6295741068180681,21.265230292505596,0.2719344611720337,-0.01792521495858105,0.00015748,0.01793908500841023,0.00081957,1,0.0
15716,0.057779536630974127,0.022999949309460154,-1.54e-06,2.2752100000340056,5.77175343827026,-45.135898748560564,1.0052136313683062,19.09466496797199,0.12067054082980143,-47.95205987917039,-1.1573229341274334,59.159620446781396,0.6295741068180681,15.825328323639946,0.2719344611720337,-0.0661068403204928,0.00015748,0.06606310515032665,0.00081957,1,0.0
15717,0.0004490467443032664,0.0069999219770614275,-1.54e-06,2.2752100000340056,5.77175343827026,21.572356510896608,1.0052136313683062,13.882117055179828,0.12067054082980143,-15.290955387311099,-1.1573229341274334,-70.54605381561056,0.6295741068180681,-8.454820541570031,0.2719344611720337,-0.03371311603583317,0.00015748,0.03434674145263367,0.00081957,1,0.0
15718,0.10871803710451214,0.0009570283107340112,-1.54e-06,2.2752100000340056,5.77175343827026,-54.91918275277893,1.0052136313683062,8.81007611340646,0.12067054082980143,-55.44899127725125,-1.1573229341274334,-60.19647247965821,0.6295741068180681,57.056352143083224,0.2719344611720337,-0.021337560313775924,0.00015748,0.021337896813387613,0.00081957,1,0.0
15719,6.639745573903955e-06,0.007545889758505661,-1.54e-06,2.2752100000340056,5.77175343827026,-7.326737803761374,1.0052136313683062,3.32394870373729,0.12067054082980143,-48.629761440649425,-1.1573229341274334,55.151260808862475,0.6295741068180681,21.807306631073633,0.2719344611720337,-0.006422152489042779,0.00015748,0.02043696718060931,0.00081957,1,0.0
15720,0.03158750870537908,7.38943346368189e-05,-1.54e-06,2.2752100000340056,5.77175343827026,-54.079381659398926,1.0052136313683062,3.3061323066228208,0.12067054082980143,-60.39433598055253,-1.1573229341274334,92.212242825383,0.6295741068180681,41.9016583270113,0.2719344611720337,-0.004851541054292488,0.00015748,0.004849058257759853,0.00081957,1,0.0
15721,0.1910273299919689,0.001965171125760095,-1.54e-06,2.2752100000340056,5.77175343827026,-81.2716897475041,1.0052136313683062,2.5821226270093147,0.12067054082980143,-11.40263243245751,-1.1573229341274334,-93.37037270588067,0.6295741068180681,59.115491401745864,0.2719344611720337,-0.0029268080226566044,0.00015748,0.0029314332707382007,0.00081957,1,0.0
15722,0.0005288973894949089,0.012141258750881886,-1.54e-06,2.2752100000340056,5.77175343827026,36.39799406449036,1.0052136313683062,14.853545032008498,0.12067054082980143,-41.70541385074587,-1.1573229341274334,-74.5887575880047,0.6295741068180681,3.1000784875284064,0.2719344611720337,-0.024270984479149996,0.00015748,0.041681751934886796,0.00081957,1,0.0
15723,0.046760105846179796,0.06446976240071627,-1.54e-06,2.2752100000340056,5.77175343827026,75.20382416357899,1.0052136313683062,4.627328827766645,0.12067054082980143,-81.70441232200828,-1.1573229341274334,16.64427659873955,0.6295741068180681,27.76971314805119,0.2719344611720337,-0.021521615579650683,0.00015748,0.11927075702534065,0.00081957,1,0.0
15724,0.03648430594070401,0.00042214543929940877,-1.54e-06,2.2752100000340056,5.77175343827026,-58.07955880741718,1.0052136313683062,7.011393205948606,0.12067054082980143,-80.60576477013124,-1.1573229341274334,81.88391643256794,0.6295741068180681,52.117009487833926,0.2719344611720337,-0.013920514590176741,0.00015748,0.013918722654150588,0.00081957,1,0.0
15725,6.95778722003687e-05,0.029546778708772224,-1.54e-06,2.2752100000340056,5.77175343827026,58.28950923327266,1.0052136313683062,6.3307119398034555,0.12067054082980143,-22.77727896371783,-1.1573229341274334,80.12870620499626,0.6295741068180681,-19.535812391496716,0.2719344611720337,0.02729583695737171,0.00015748,0.03388948663339949,0.00081957,0,0.0
15726,0.24897173446797027,0.07504453932491727,-1.54e-06,2.2752100000340056,5.77175343827026,31.506249753535407,1.0052136313683062,14.84585131697585,0.12067054082980143,-92.41813995979984,-1.1573229341274334,17.63595328720765,0.6295741068180681,56.260896272947164,0.2719344611720337,0.04026760877694612,0.00015748,0.10311321817466437,0.00081957,0,0.0
15727,0.06107363198554175,0.002075930599096848,-1.54e-06,2.2752100000340056,5.77175343827026,-34.55335965705669,1.0052136313683062,12.500695977740248,0.12067054082980143,-68.6911090976283,-1.1573229341274334,-46.074401890490506,0.6295741068180681,47.19054950018495,0.2719344611720337,-0.029924685536540194,0.00015748,0.029937409293374885,0.00081957,1,0.0
15728,0.0511741405269114,0.00010116238962634615,-1.54e-06,2.2752100000340056,5.77175343827026,-50.07157422998625,1.0052136313683062,2.993475341826391,0.12067054082980143,-44.80540688718137,-1.1573229341274334,49.49070930132139,0.6295741068180681,38.46654106348922,0.2719344611720337,-0.004365316337782249,0.00015748,0.004366591603090582,0.00081957,1,0.0
15729,5.8735191464945324e-05,0.026807844263055887,-1.54e-06,2.2752100000340056,5.77175343827026,53.65857812136324,1.0052136313683062,7.6217414913613935,0.12067054082980143,-26.12004547332074,-1.1573229341274334,65.11660519551307,0.6295741068180681,-16.371651836319128,0.2719344611720337,0.022046602150579842,0.00015748,0.03303682023161286,0.00081957,0,0.0
15730,0.07863376449021496,0.0009567065062780426,-1.54e-06,2.2752100000340056,5.77175343827026,-54.6711707942922,1.0052136313683062,-1.9910391721647056,0.12067054082980143,-19.603145052482784,-1.1573229341274334,25.25787457417565,0.6295741068180681,36.983868025559126,0.2719344611720337,-0.007148398109786202,0.00015748,0.0071538766626401745,0.00081957,1,0.0
15731,-6.568990884234238e-06,0.002353769642486383,-1.54e-06,2.2752100000340056,5.77175343827026,-13.049582531153318,1.0052136313683062,5.77562233485658,0.12067054082980143,-38.46178581397416,-1.1573229341274334,43.06349122443481,0.6295741068180681,14.813678743964461,0.2719344611720337,-0.009834530151660368,0.00015748,0.013433048193278117,0.00081957,1,0.0
15732,0.07434807036581338,0.008111963514184714,-1.54e-06,2.2752100000340056,5.77175343827026,-37.49464821141431,1.0052136313683062,13.548407453081213,0.12067054082980143,-100.0,-1.1573229341274334,-94.02189947792385,0.6295741068180681,72.9811115581457,0.2719344611720337,-0.052560035975280035,0.00015748,0.05449159514647372,0.00081957,1,0.0
15733,0.09216959723288812,0.0009303711204941648,-1.54e-06,2.2752100000340056,5.77175343827026,-48.1523744473312,1.0052136313683062,8.898302979362192,0.12067054082980143,-54.243754164756325,-1.1573229341274334,-49.74668422624369,0.6295741068180681,51.171828635836306,0.2719344611720337,-0.020887537224925118,0.00015748,0.02085747629740531,0.00081957,1,0.0
15734,0.12432323942775936,0.0005878605758994965,-1.54e-06,2.2752100000340056,5.77175343827026,-79.75327733524088,1.0052136313683062,5.320553768036322,0.12067054082980143,-55.88215519265734,-1.1573229341274334,2.1255364719655474,0.6295741068180681,64.27059790835992,0.2719344611720337,-0.008573114327961097,0.00015748,0.00857625289991778,0.00081957,1,0.0
15735,0.02785048701096974,0.00048542595397896244,-1.54e-06,2.2752100000340056,5.77175343827026,5.289526226644085,1.0052136313683062,4.557740323711334,0.12067054082980143,-6.34304904466246,-1.1573229341274334,-83.19877433056621,0.6295741068180681,8.424608547080904,0.2719344611720337,-0.01506451123185075,0.00015748,0.015067228949103409,0.00081957,1,0.0
15736,-7.446770853604401e-07,0.007151383093477344,-1.54e-06,2.2752100000340056,5.77175343827026,-1.7573040627987688,1.0052136313683062,1.7064188251390182,0.12067054082980143,-15.178050961230182,-1.1573229341274334,70.1420299980607,0.6295741068180681,-0.05325518236818905,0.2719344611720337,-0.003293201467427069,0.00015748,0.01689831539974416,0.00081957,1,0.0
15737,-2.1462950724498997e-05,0.023512275613000472,-1.54e-06,2.2752100000340056,5.77175343827026,51.0829270358491,1.0052136313683062,19.17157485155911,0.12067054082980143,-62.71860387883634,-1.1573229341274334,-31.28917254689818,0.6295741068180681,1.296037851931708,0.2719344611720337,-0.01697309803300899,0.00015748,0.05581736471359185,0.00081957,1,0.0
15738,0.0984521983610859,0.003141340327496682,-1.54e-06,2.2752100000340056,5.77175343827026,-57.11599157207849,1.0052136313683062,15.00999984340896,0.12067054082980143,-94.71657514183921,-1.1573229341274334,-61.86864275508251,0.6295741068180681,72.40282712703804,0.2719344611720337,-0.0387910693753643,0.00015748,0.038807522595714995,0.00081957,1,0.0
15739,5.7616131805660054e-05,0.0005110342077814158,-1.54e-06,2.2752100000340056,5.77175343827026,-32.9414138182371,1.0052136313683062,6.007254236109642,0.12067054082980143,-59.09805610051229,-1.1573229341274334,82.39275738966346,0.6295741068180681,28.658029193546394,0.2719344611720337,-0.012077322155832248,0.00015748,0.012068953484825479,0.00081957,1,0.0
15740,0.0036295025414767867,0.013588305728814977,-1.54e-06,2.2752100000340056,5.77175343827026,5.175382832612274,1.0052136313683062,21.104001097902604,0.12067054082980143,-54.11189611029384,-1.1573229341274334,-40.46614185960291,0.6295741068180681,7.239193784536161,0.2719344611720337,-0.05043959260385237,0.00015748,0.05039900755287654,0.00081957,1,0.0
15741,0.00024740847399612464,0.011854686477411235,-1.54e-06,2.2752100000340056,5.77175343827026,-3.1377344952866117,1.0052136313683062,6.69511305292936,0.12067054082980143,-56.12633600835308,-1.1573229341274334,92.7559855517296,0.6295741068180681,16.480808841910473,0.2719344611720337,0.003481523437958149,0.00015748,0.020368938841356748,0.00081957,0,0.0
15742,0.04448353320334605,0.001118883401318273,-1.54e-06,2.2752100000340056,5.77175343827026,-13.762973143347445,1.0052136313683062,7.530348781670491,0.12067054082980143,-36.14983973853051,-1.1573229341274334,-69.81282126154157,0.6295741068180681,28.701909841693777,0.2719344611720337,-0.022813455948959376,0.00015748,0.02282682336519652,0.00081957,1,0.0
15743,0.013183256879372437,0.00015864678550576511,-1.54e-06,2.2752100000340056,5.77175343827026,-23.383006381645938,1.0052136313683062,-1.0127732486501968,0.12067054082980143,-12.381879774232857,-1.1573229341274334,52.5217560244107,0.6295741068180681,11.551504315876855,0.2719344611720337,-0.006797249894240455,0.00015748,0.006788738835123276,0.00081957,1,0.0
15744,0.10594593590275486,0.0012185206656031718,-1.54e-06,2.2752100000340056,5.77175343827026,-80.02729066176694,1.0052136313683062,-0.8300629466239886,0.12067054082980143,-34.11336240502536,-1.1573229341274334,57.54010846973484,0.6295741068180681,51.21825304749637,0.2719344611720337,-0.00924544516512972,0.00015748,0.009261356717333843,0.00081957,1,0.0
15745,0.000368635479479712,0.031499536956934776,-1.54e-06,2.2752100000340056,5.77175343827026,61.16876155813207,1.0052136313683062,14.532612062363263,0.12067054082980143,-67.15795087407291,-1.1573229341274334,49.53929150799345,0.6295741068180681,-0.8186287182360488,0.2719344611720337,0.010030700853854196,0.00015748,0.05452328876853245,0.00081957,0,0.0
15746,0.12427115066122807,0.0013648847343051297,-1.54e-06,2.2752100000340056,5.77175343827026,-97.46333978975863,1.0052136313683062,0.4679572479161046,0.12067054082980143,-49.413043901441526,-1.1573229341274334,74.84762989479874,0.6295741068180681,64.11101081659513,0.2719344611720337,-0.00927371778106598,0.00015748,0.009291169431731628,0.00081957,1,0.0
15747,0.004428773807350586,0.0006204808377308255,-1.54e-06,2.2752100000340056,5.77175343827026,-28.271899401036805,1.0052136313683062,6.732332413676729,0.12067054082980143,-59.47748428117754,-1.1573229341274334,53.211062539108276,0.6295741068180681,30.27398911117495,0.2719344611720337,-0.014546367440893847,0.00015748,0.014555288820515832,0.00081957,1,0.0
15748,0.009235327474788196,0.0021936952612540105,-1.54e-06,2.2752100000340056,5.77175343827026,-25.099882061042855,1.0052136313683062,10.008475436489231,0.12067054082980143,-77.96237934398087,-1.1573229341274334,12.755052264126613,0.6295741068180681,41.305531634597095,0.2719344611720337,-0.028328549402250842,0.00015748,0.028440427992553006,0.00081957,1,0.0
15749,0.00010775474944690888,0.00954256303840826,-1.54e-06,2.2752100000340056,5.77175343827026,3.9077726106125894,1.0052136313683062,-3.533801872587696,0.12067054082980143,-9.877432198294589,-1.1573229341274334,52.03279977345234,0.6295741068180681,4.524091010357362,0.2719344611720337,-0.006911866191594868,0.00015748,0.023434942545650296,0.00081957,1,0.0
15750,0.1334652797813451,0.11185684083612583,-1.54e-06,2.2752100000340056,5.77175343827026,67.20217327597044,1.0052136313683062,-6.080883548220632,0.12067054082980143,-64.78122971509269,-1.1573229341274334,-4.056391340793831,0.6295741068180681,47.368054985477386,0.2719344611720337,-0.04125435447312936,0.00015748,0.16637286413139948,0.00081957,1,0.0
15751,0.00038809553660638235,0.0032058181084032716,-1.54e-06,2.2752100000340056,5.77175343827026,-4.437518934227126,1.0052136313683062,1.945735596521627,0.12067054082980143,-10.335437187945406,-1.1573229341274334,42.696414274605985,0.6295741068180681,0.3365294905588341,0.2719344611720337,-0.006862896697919335,0.00015748,0.012454764223279742,0.00081957,1,0.0
15752,0.02335515610907855,0.00014620340769993988,-1.54e-06,2.2752100000340056,5.77175343827026,-11.929549679640164,1.0052136313683062,3.167407854378489,0.12067054082980143,-18.840746223099526,-1.1573229341274334,-18.010298483867025,0.6295741068180681,15.375164239774696,0.2719344611720337,-0.008347599112944682,0.00015748,0.008354776910545418,0.00081957,1,0.0
15753,0.16309793933423855,0.0033314526723626494,-1.54e-06,2.2752100000340056,5.77175343827026,-81.26522320590304,1.0052136313683062,2.354320526941219,0.12067054082980143,-45.60626813043475,-1.1573229341274334,-75.72117579798756,0.6295741068180681,75.62239781767109,0.2719344611720337,-0.021633546910950017,0.00015748,0.021873329452919758,0.00081957,1,0.0
15754,0.0559737369909334,0.004476549375818514,-1.54e-06,2.2752100000340056,5.77175343827026,-45.50174141462268,1.0052136313683062,7.071402299483113,0.12067054082980143,-83.5206744181038,-1.1573229341274334,-23.441862983307715,0.6295741068180681,64.20063689734481,0.2719344611720337,-0.03759858978611414,0.00015748,0.03767074012357192,0.00081957,1,0.0
15755,0.10192429407805438,0.017681072300399746,-1.54e-06,2.2752100000340056,5.77175343827026,-61.13683104001796,1.0052136313683062,0.7712916145590629,0.12067054082980143,-73.7386590964077,-1.1573229341274334,96.80813043759389,0.6295741068180681,63.83957415003178,0.2719344611720337,-0.00395579357506276,0.00015748,0.03265152133527285,0.00081957,1,0.0
15756,0.0002740759029977724,0.004620480712604292,-1.54e-06,2.2752100000340056,5.77175343827026,-19.24700392542352,1.0052136313683062,15.736444323380569,0.12067054082980143,-96.30472936062887,-1.1573229341274334,-0.029486694985825738,0.6295741068180681,43.3332111640878,0.2719344611720337,-0.03948325353205984,0.00015748,0.03956458281790318,0.00081957,1,0.0
15757,1.9797840122848243e-05,0.01913352777967389,-1.54e-06,2.2752100000340056,5.77175343827026,37.131327587216866,1.0052136313683062,12.121717036820883,0.12067054082980143,-25.53850519641524,-1.1573229341274334,18.722039232178354,0.6295741068180681,-13.562111922503476,0.2719344611720337,-0.008315729005550266,0.00015748,0.03985074315658553,0.00081957,1,0.0
15758,0.05199273359380485,0.048078402779746524,-1.54e-06,2.2752100000340056,5.77175343827026,69.6239786488689,1.0052136313683062,13.856525747107877,0.12067054082980143,-92.44014762664774,-1.1573229341274334,-2.9190577661301673,0.6295741068180681,25.625869153580663,0.2719344611720337,-0.006316148422213681,0.00015748,0.09594845978317115,0.00081957,1,0.0
15759,3.168478264509167e-05,0.011275267750593662,-1.54e-06,2.2752100000340056,5.77175343827026,15.068830326875146,1.0052136313683062,18.808843233132066,0.12067054082980143,-87.857287997903,-1.1573229341274334,-84.8278920806679,0.6295741068180681,33.36611757318417,0.2719344611720337,-0.048048876216112896,0.00015748,0.0560924212745111,0.00081957,1,0.0
15760,2.3987802220376553e-05,0.02225675861016261,-1.54e-06,2.2752100000340056,5.77175343827026,43.84567072075509,1.0052136313683062,14.824180822771043,0.12067054082980143,-68.84274067360066,-1.1573229341274334,-5.474668483783207,0.6295741068180681,10.545839469665253,0.2719344611720337,-0.010958317651697858,0.00015748,0.05263940245099678,0.00081957,1,0.0
15761,0.373067112127496,0.08609575933608336,-1.54e-06,2.2752100000340056,5.77175343827026,-58.894592671065666,1.0052136313683062,3.8432884290092226,0.12067054082980143,-23.54407820603436,-1.1573229341274334,87.25589392058777,0.6295741068180681,61.089280266012544,0.2719344611720337,0.020710008449975323,0.00015748,0.10449138249760413,0.00081957,0,0.0
15762,0.11050233455622438,0.0016064998382048902,-1.54e-06,2.2752100000340056,5.77175343827026,-60.11267526394207,1.0052136313683062,11.3958489350233,0.12067054082980143,-73.67345790651054,-1.1573229341274334,-58.60324701874759,0.6295741068180681,66.28009892619504,0.2719344611720337,-0.028244861970537348,0.00015748,0.028261832169521876,0.00081957,1,0.0
15763,0.18596242287420886,0.012634095733071131,-1.54e-06,2.2752100000340056,5.77175343827026,-89.16251305962355,1.0052136313683062,-9.050396777175077,0.12067054082980143,-9.447558091136779,-1.1573229341274334,-80.76755428806415,0.6295741068180681,74.70010262191695,0.2719344611720337,-0.038356128190036476,0.00015748,0.03840394377886139,0.00081957,1,0.0
15764,0.006724005734700846,0.005877496837501496,-1.54e-06,2.2752100000340056,5.77175343827026,-45.83588822927809,1.0052136313683062,-0.541233600207941,0.12067054082980143,-77.76912395105029,-1.1573229341274334,77.3075520799387,0.6295741068180681,54.65136698306896,0.2719344611720337,-0.03240715753980479,0.00015748,0.03250156618533026,0.00081957,1,0.0
15765,0.0001096894316418573,0.02325179942838781,-1.54e-06,2.2752100000340056,5.77175343827026,59.228797036959165,1.0052136313683062,16.826371619050093,0.12067054082980143,-62.54771881827805,-1.1573229341274334,-64.94636292564736,0.6295741068180681,5.968039247206263,0.2719344611720337,-0.02005754308000259,0.00015748,0.06069151922320595,0.00081957,1,0.0
15766,0.02652102019723901,0.02782455396662761,-1.54e-06,2.2752100000340056,5.77175343827026,34.39351535833846,1.0052136313683062,14.406384694405972,0.12067054082980143,-93.05631524404767,-1.1573229341274334,-43.53774992811928,0.6295741068180681,36.29276819214197,0.2719344611720337,-0.029759516413134266,0.00015748,0.07449409593261061,0.00081957,1,0.0
15767,6.0526342240074804e-05,0.024177984030736736,-1.54e-06,2.2752100000340056,5.77175343827026,50.65406059282077,1.0052136313683062,9.173081776147733,0.12067054082980143,-33.943131369298804,-1.1573229341274334,40.66658818414524,0.6295741068180681,-10.187001017050008,0.2719344611720337,0.01476249494340296,0.00015748,0.03480174835925675,0.00081957,0,0.0
15768,0.0005444654327068921,0.020599077106449745,-1.54e-06,2.2752100000340056,5.77175343827026,50.81823151813294,1.0052136313683062,13.20863551415729,0.12067054082980143,-61.15945104058146,-1.1573229341274334,-88.53833000162447,0.6295741068180681,15.204069615866025,0.2719344611720337,-0.03133417104786014,0.00015748,0.06321236394070372,0.00081957,1,0.0
15769,0.020960278489917092,0.0011604845371936253,-1.54e-06,2.2752100000340056,5.77175343827026,-29.011479855462323,1.0052136313683062,7.326338764149347,0.12067054082980143,-64.04958335316027,-1.1573229341274334,13.198385813762924,0.6295741068180681,38.84840995323379,0.2719344611720337,-0.02142922621523879,0.00015748,0.02144276210953028,0.00081957,1,0.0
15770,0.02267624845625954,0.000896831706738055,-1.54e-06,2.2752100000340056,5.77175343827026,-54.955509276733295,1.0052136313683062,8.050552480042224,0.12067054082980143,-92.04788617159252,-1.1573229341274334,87.61761409187346,0.6295741068180681,54.66381341981231,0.2719344611720337,-0.01856746670142674,0.00015748,0.01858993245248227,0.00081957,1,0.0
15771,0.07917206930549421,0.004599927493424725,-1.54e-06,2.2752100000340056,5.77175343827026,-44.73068317679804,1.0052136313683062,-1.0700338213094087,0.12067054082980143,-36.50405390033199,-1.1573229341274334,-39.55562682796478,0.6295741068180681,50.65176527941191,0.2719344611720337,-0.0285784157234873,0.00015748,0.028889730197853652,0.00081957,1,0.0
15772,0.09339320005331289,0.00035617047519310443,-1.54e-06,2.2752100000340056,5.77175343827026,-90.37889585224572,1.0052136313683062,6.590494081309688,0.12067054082980143,-86.2733615363467,-1.1573229341274334,83.1094004103656,0.6295741068180681,71.9265223217478,0.2719344611720337,-0.010541295965514431,0.00015748,0.010544274029789625,0.00081957,1,0.0
15773,0.010968177035347262,0.008577457570024288,-1.54e-06,2.2752100000340056,5.77175343827026,-28.39580008514953,1.0052136313683062,-5.3620043573137375,0.12067054082980143,-41.121260024795745,-1.1573229341274334,28.904248493207966,0.6295741068180681,39.49341749671123,0.2719344611720337,-0.037560000285446475,0.00015748,0.03816943896094727,0.00081957,1,0.0
15774,0.10079570614269656,0.0020453549025910055,-1.54e-06,2.2752100000340056,5.77175343827026,-68.59996334481247,1.0052136313683062,13.537542157733153,0.12067054082980143,-95.45720874109652,-1.1573229341274334,-21.88144922545066,0.6295741068180681,74.07337148757647,0.2719344611720337,-0.03156740833078617,0.00015748,0.031593615892830954,0.00081957,1,0.0
15775,0.00030769867541712015,0.023744572973466417,-1.54e-06,2.2752100000340056,5.77175343827026,17.61221054084035,1.0052136313683062,-7.895815896388349,0.12067054082980143,-14.778715878659094,-1.1573229341274334,34.730424742823814,0.6295741068180681,11.95698541228776,0.2719344611720337,-0.029108489233477294,0.00015748,0.05697657273808883,0.00081957,1,0.0
15776,7.712559673356267e-05,0.023536630715791432,-1.54e-06,2.2752100000340056,5.77175343827026,52.967625790224176,1.0052136313683062,19.438172617892985,0.12067054082980143,-75.15627128535868,-1.1573229341274334,-56.69205757131878,0.6295741068180681,10.979350461596642,0.2719344611720337,-0.02424106430797974,0.00015748,0.0630843430634189,0.00081957,1,0.0
15777,0.0001545174072721811,0.01992572819524728,-1.54e-06,2.2752100000340056,5.77175343827026,20.21118197254022,1.0052136313683062,15.85570035351735,0.12067054082980143,-69.0408611721908,-1.1573229341274334,56.60381447025948,0.6295741068180681,8.981581998412665,0.2719344611720337,-0.011008179274769159,0.00015748,0.044683253419050224,0.00081957,1,0.0
15778,0.08190177056361189,0.0032006537357344563,-1.54e-06,2.2752100000340056,5.77175343827026,-51.490463977462575,1.0052136313683062,14.125207308893119,0.12067054082980143,-94.43009325373221,-1.1573229341274334,-50.47122683433244,0.6295741068180681,68.69671459099018,0.2719344611720337,-0.03851153846585838,0.00015748,0.038547968420512904,0.00081957,1,0.0
15779,0.0004096134825440495,0.02295757990319318,-1.54e-06,2.2752100000340056,5.77175343827026,44.8729482410568,1.0052136313683062,10.057251521269999,0.12067054082980143,-40.126852870734304,-1.1573229341274334,42.3010962255761,0.6295741068180681,-6.10791753795235,0.2719344611720337,0.01081803104858566,0.00015748,0.035719038322914926,0.00081957,0,0.0
15780,0.08629955483773902,0.00036989634444229433,-1.54e-06,2.2752100000340056,5.77175343827026,-54.30259893161151,1.0052136313683062,5.898547093580383,0.12067054082980143,-48.33883339881713,-1.1573229341274334,-9.587038025067958,0.6295741068180681,48.36952265719687,0.2719344611720337,-0.011811686226257494,0.00015748,0.011827184193495825,0.00081957,1,0.0
15781,0.0006195776457508517,0.004977578369911637,-1.54e-06,2.2752100000340056,5.77175343827026,-4.25761846823638,1.0052136313683062,8.019080029179616,0.12067054082980143,-12.24646804762709,-1.1573229341274334,26.16126748125911,0.6295741068180681,-5.36236784853102,0.2719344611720337,-0.02991293717185158,0.00015748,0.029934924987950574,0.00081957,1,0.0
15782,0.14300774027076887,0.017026715495396583,-1.54e-06,2.2752100000340056,5.77175343827026,-90.00211238951455,1.0052136313683062,9.996955932148698,0.12067054082980143,-22.626386238228672,-1.1573229341274334,66.4068292557283,0.6295741068180681,34.80198259004835,0.2719344611720337,-0.05993200136966169,0.00015748,0.05997209945139739,0.00081957,1,0.0
15783,0.04296015259721076,0.00025437540848055064,-1.54e-06,2.2752100000340056,5.77175343827026,-49.398712868392835,1.0052136313683062,5.455471077590646,0.12067054082980143,-61.53101304083066,-1.1573229341274334,49.98028197093959,0.6295741068180681,44.22026185264976,0.2719344611720337,-0.011020488954759463,0.00015748,0.011018670187754582,0.00081957,1,0.0
15784,0.1750775098465694,0.007044366133842639,-1.54e-06,2.2752100000340056,5.77175343827026,-71.22851844209106,1.0052136313683062,8.34661852190426,0.12067054082980143,-3.5162983055708232,-1.1573229341274334,-70.16407798617888,0.6295741068180681,38.70820691692738,0.2719344611720337,-0.033510146091260434,0.00015748,0.03366085585522634,0.00081957,1,0.0
15785,0.0001920527329230537,0.023609811780227828,-1.54e-06,2.2752100000340056,5.77175343827026,38.1411718742633,1.0052136313683062,11.147218456809144,0.12067054082980143,-53.65322363543183,-1.1573229341274334,64.22024252865135,0.6295741068180681,0.27464820600301487,0.2719344611720337,0.009641460056526283,0.00015748,0.03811717995891472,0.00081957,0,0.0
15786,0.005625608754150441,2.7673786323329777e-05,-1.54e-06,2.2752100000340056,5.77175343827026,-12.52343509026948,1.0052136313683062,1.5480670481055614,0.12067054082980143,-18.830412913167468,-1.1573229341274334,21.017624598229485,0.6295741068180681,11.460005835255012,0.2719344611720337,-0.003172822840480316,0.00015748,0.0031795657508067654,0.00081957,1,0.0
15787,0.10845090388895359,0.0006287642139104149,-1.54e-06,2.2752100000340056,5.77175343827026,-64.45805592559955,1.0052136313683062,1.8417305271875573,0.12067054082980143,-30.019457126464744,-1.1573229341274334,-3.3935000044721018,0.6295741068180681,47.465627961887044,0.2719344611720337,-0.001207520726801934,0.00015748,0.0012192852083835308,0.00081957,1,0.0
15788,0.10583915676447578,0.0012978184695039447,-1.54e-06,2.2752100000340056,5.77175343827026,-45.43451281812781,1.0052136313683062,10.227560001479123,0.12067054082980143,-52.15258171913851,-1.1573229341274334,-86.46899751651866,0.6295741068180681,52.85489161390327,0.2719344611720337,-0.025237879012291284,0.00015748,0.02524549700310843,0.00081957,1,0.0
15789,0.043641192721428836,0.00020940988275272747,-1.54e-06,2.2752100000340056,5.77175343827026,-43.00572256345746,1.0052136313683062,0.49378608853597,0.12067054082980143,-26.716580866200697,-1.1573229341274334,53.23796657100542,0.6295741068180681,27.41338682553114,0.2719344611720337,-0.005527543103025119,0.00015748,0.005533507378955907,0.00081957,1,0.0
15790,0.016359477796476743,0.002074658054326846,-1.54e-06,2.2752100000340056,5.77175343827026,-23.613239164893628,1.0052136313683062,11.109205476831523,0.12067054082980143,-60.865017445806224,-1.1573229341274334,16.645384067506516,0.6295741068180681,29.025138406409955,0.2719344611720337,-0.02395941983835349,0.00015748,0.023978239462731993,0.00081957,1,0.0
15791,0.0015131813755203116,0.03879738587980975,-1.54e-06,2.2752100000340056,5.77175343827026,81.37797906794178,1.0052136313683062,26.952340628636353,0.12067054082980143,-31.069742706691954,-1.1573229341274334,-94.60679218641017,0.6295741068180681,-30.97658036104702,0.2719344611720337,-0.03685018621665214,0.00015748,0.07664996065324653,0.00081957,1,0.0
15792,0.021326752201428368,0.00015792059022444463,-1.54e-06,2.2752100000340056,5.77175343827026,-23.299507947337055,1.0052136313683062,3.7557892287629606,0.12067054082980143,-34.65164205818019,-1.1573229341274334,16.93724051674599,0.6295741068180681,23.55267088384519,0.2719344611720337,-0.00855188698227635,0.00015748,0.008554951382472255,0.00081957,1,0.0
15793,0.1291322714114275,0.0006550289326296109,-1.54e-06,2.2752100000340056,5.77175343827026,-71.59443266573426,1.0052136313683062,5.132415004389615,0.12067054082980143,-44.77399203719659,-1.1573229341274334,-30.38138817078179,0.6295741068180681,59.43026947713257,0.2719344611720337,-0.009206158306884262,0.00015748,0.009215454326009268,0.00081957,1,0.0
15794,0.0004632756991989062,0.004497963300628562,-1.54e-06,2.2752100000340056,5.77175343827026,-1.9852483606717488,1.0052136313683062,13.769978509444684,0.12067054082980143,-63.78838868152935,-1.1573229341274334,-26.006595184269145,0.6295741068180681,23.812060014562224,0.2719344611720337,-0.031242626172336935,0.00015748,0.03336324554486102,0.00081957,1,0.0
15795,0.06282831866120311,0.0031169771807804084,-1.54e-06,2.2752100000340056,5.77175343827026,-26.53389518093973,1.0052136313683062,14.676230112331714,0.12067054082980143,-63.48033434228528,-1.1573229341274334,-71.12177396618321,0.6295741068180681,41.534703430883894,0.2719344611720337,-0.03352812811173199,0.00015748,0.03361818282631422,0.00081957,1,0.0
15796,0.07919206162412493,0.000682131341107245,-1.54e-06,2.2752100000340056,5.77175343827026,-47.599245173134946,1.0052136313683062,7.693016962536729,0.12067054082980143,-55.015871626946584,-1.1573229341274334,-26.606346234806065,0.6295741068180681,49.141851771644994,0.2719344611720337,-0.01829766993788408,0.00015748,0.018292995924764653,0.00081957,1,0.0
15797,0.0002416096536942136,0.024171157295249726,-1.54e-06,2.2752100000340056,5.77175343827026,46.351876796005754,1.0052136313683062,12.725390313279421,0.12067054082980143,-53.46226791238622,-1.1573229341274334,35.27671881997348,0.6295741068180681,-1.2109629393187091,0.2719344611720337,0.005085330974638296,0.00015748,0.043097013414272745,0.00081957,0,0.0
15798,0.11383264296364695,0.0010314107867422822,-1.54e-06,2.2752100000340056,5.77175343827026,-80.32672127588563,1.0052136313683062,10.453236833015156,0.12067054082980143,-87.01734265531846,-1.1573229341274334,1.7244452857502708,0.6295741068180681,75.42230967717433,0.2719344611720337,-0.022324576070525404,0.00015748,0.022327211559515996,0.00081957,1,0.0
15799,0.0018639538927184285,0.026467642750010067,-1.54e-06,2.2752100000340056,5.77175343827026,47.232751237982136,1.0052136313683062,7.163849296245281,0.12067054082980143,-59.4541973255487,-1.1573229341274334,-58.58147585549548,0.6295741068180681,20.658369832797597,0.2719344611720337,-0.033366700622197897,0.00015748,0.07117424842992087,0.00081957,1,0.0
15800,1.9318120383896706,1.3140049139025614,-1.54e-06,2.9495387056773654,2.484128020216576,40.57140235902513,1.0052136313683062,12.91122206851649,0.12067054082980143,-53.04953833412867,-1.1573229341274334,-67.36191330888921,0.6295741068180681,63.13742635178041,0.2719344611720337,-0.527414008747399,0.00015748,0.5321646641040226,0.00081957,1,0.0
15801,-1.5180689367487552,4.971222092151294,-1.54e-06,2.9495387056773654,2.484128020216576,52.74085660079345,1.0052136313683062,0.7166488166097138,0.12067054082980143,-0.45211450274071374,-1.1573229341274334,71.72858855605557,0.6295741068180681,-78.11580013723894,0.2719344611720337,-0.20088378770833537,0.00015748,2.0187708958720787,0.00081957,1,0.0
15802,0.5104183574926626,0.5525983596177302,-1.54e-06,2.9495387056773654,2.484128020216576,-7.418950036459001,1.0052136313683062,8.167308458750837,0.12067054082980143,-35.57213832213155,-1.1573229341274334,-7.297970820152078,0.6295741068180681,26.97973375649925,0.2719344611720337,-0.44984794572400033,0.00015748,0.44481241693284823,0.00081957,1,0.0
15803,0.0011971654821159028,0.12595986913334323,-1.54e-06,2.9495387056773654,2.484128020216576,70.81931171961247,1.0052136313683062,9.254444540527793,0.12067054082980143,-94.96503496143504,-1.1573229341274334,56.02387521898337,0.6295741068180681,23.017939402448764,0.2719344611720337,0.449329248085492,0.00015748,1.2134215909149708,0.00081957,0,0.0
15804,0.5142479019710289,0.0706768713312898,-1.54e-06,2.9495387056773654,2.484128020216576,-38.26921286634904,1.0052136313683062,4.9881093270864,0.12067054082980143,-67.37794005885706,-1.1573229341274334,28.73232585795754,0.6295741068180681,67.51153860947385,0.2719344611720337,-0.1584520786053634,0.00015748,0.161859307912279,0.00081957,1,0.0
15805,0.0008535974456260753,0.31509689499535326,-1.54e-06,2.9495387056773654,2.484128020216576,-85.10955071852544,1.0052136313683062,-3.1210491343231364,0.12067054082980143,-28.70074502965609,-1.1573229341274334,57.487622565601455,0.6295741068180681,47.544726106509124,0.2719344611720337,-0.189725998446382,0.00015748,0.4620816305259468,0.00081957,1,0.0
15806,1.4362380051169896,0.5750963434921611,-1.54e-06,2.9495387056773654,2.484128020216576,-18.927546585656096,1.0052136313683062,3.263886663140174,0.12067054082980143,-2.611631562374905,-1.1573229341274334,-45.67257156957471,0.6295741068180681,43.3727880305311,0.2719344611720337,-0.13032076076589183,0.00015748,0.12842345952203926,0.00081957,1,0.0
15807,-0.45571649774458123,1.7628809396655958,-1.54e-06,2.9495387056773654,2.484128020216576,99.99072645288666,1.0052136313683062,3.3531404951429424,0.12067054082980143,-45.74682909508239,-1.1573229341274334,88.46492646572867,0.6295741068180681,-44.28556424568063,0.2719344611720337,0.2688569877401721,0.00015748,3.5328495488281977,0.00081957,0,0.0
15808,0.7629577874125515,0.3770886265176466,-1.54e-06,2.9495387056773654,2.484128020216576,89.10325362208735,1.0052136313683062,13.621280321883551,0.12067054082980143,-72.01767384058735,-1.1573229341274334,-16.8005585158537,0.6295741068180681,21.892009531219554,0.2719344611720337,0.21624212883512928,0.00015748,0.5712256007511984,0.00081957,0,0.0
15809,0.9656788165040102,0.2678274828514591,-1.54e-06,2.9495387056773654,2.484128020216576,-5.985582465144258,1.0052136313683062,3.6173136226693288,0.12067054082980143,-11.92306505860898,-1.1573229341274334,-29.250713945002865,0.6295741068180681,32.53848027262207,0.2719344611720337,-0.1440557918347568,0.00015748,0.13766716553468294,0.00081957,1,0.0
15810,1.2392424626833316,3.8917799337684302,-1.54e-06,2.9495387056773654,2.484128020216576,50.78047684990447,1.0052136313683062,19.321973220479915,0.12067054082980143,-19.199916211760467,-1.1573229341274334,-82.42461284705787,0.6295741068180681,-3.0839508562940376,0.2719344611720337,-1.1552220075678394,0.00015748,1.0984823528932242,0.00081957,1,0.0
15811,0.001549457090364581,0.6325162027348932,-1.54e-06,2.9495387056773654,2.484128020216576,17.982664633813773,1.0052136313683062,4.949056045123844,0.12067054082980143,-80.3293498254467,-1.1573229341274334,89.19429351993418,0.6295741068180681,25.882880160214526,0.2719344611720337,0.22432014483092655,0.00015748,2.2241922875126656,0.00081957,0,0.0
15812,0.0015184707764048788,0.20132065021319367,-1.54e-06,2.9495387056773654,2.484128020216576,35.73439161426943,1.0052136313683062,4.906930995949043,0.12067054082980143,-48.46677244047084,-1.1573229341274334,32.33193412445998,0.6295741068180681,9.682930096894314,0.2719344611720337,0.2293978148337547,0.00015748,0.8006399963335331,0.00081957,0,0.0
15813,-0.36085983751163486,1.4052131605757308,-1.54e-06,2.9495387056773654,2.484128020216576,100.0,1.0052136313683062,4.6143778815096335,0.12067054082980143,-39.543600562460014,-1.1573229341274334,68.43873317765602,0.6295741068180681,-44.733083498770576,0.2719344611720337,0.2749520419623206,0.00015748,3.0412813094805005,0.00081957,0,0.0
15814,0.39473093373198365,0.03230305728371843,-1.54e-06,2.9495387056773654,2.484128020216576,-67.78249536347215,1.0052136313683062,3.5721697929713843,0.12067054082980143,-80.15711017167864,-1.1573229341274334,52.8840971574608,0.6295741068180681,84.29996098813717,0.2719344611720337,-0.09624748902057995,0.00015748,0.0967226032492911,0.00081957,1,0.0
15815,1.4125720039292884,0.8840458067029219,-1.54e-06,2.9495387056773654,2.484128020216576,26.256190573898355,1.0052136313683062,8.985700975757776,0.12067054082980143,-59.14849484119688,-1.1573229341274334,-33.58538793086657,0.6295741068180681,64.199072006043,0.2719344611720337,-0.4579899944300804,0.00015748,0.5021425435910136,0.00081957,1,0.0
15816,0.4694105766059151,0.18878943352298075,-1.54e-06,2.9495387056773654,2.484128020216576,7.58574436645549,1.0052136313683062,7.975895531309661,0.12067054082980143,-69.4373649753036,-1.1573229341274334,11.27279128817576,0.6295741068180681,50.12219517257058,0.2719344611720337,-0.2876500077786726,0.00015748,0.30115158197507835,0.00081957,1,0.0
15817,0.0057116858356023315,0.02370752656718024,-1.54e-06,2.9495387056773654,2.484128020216576,75.06427894955287,1.0052136313683062,10.123192672393051,0.12067054082980143,-78.44751221324502,-1.1573229341274334,28.275808290600768,0.6295741068180681,12.906158617448893,0.2719344611720337,0.44663048949733464,0.00015748,0.5684517499276519,0.00081957,0,0.0
15818,0.24222864031649682,0.1808103080881192,-1.54e-06,2.9495387056773654,2.484128020216576,32.06730668812781,1.0052136313683062,7.202725702555546,0.12067054082980143,-97.99555692857247,-1.1573229341274334,59.5089778983708,0.6295741068180681,49.728025643560194,0.2719344611720337,0.33065108846381003,0.00015748,1.0181127987437293,0.00081957,0,0.0
15819,0.8316474380680096,0.2215636956869137,-1.54e-06,2.9495387056773654,2.484128020216576,11.762920298042758,1.0052136313683062,4.2124975744255,0.12067054082980143,-6.114891808795691,-1.1573229341274334,-35.21479981203225,0.6295741068180681,18.117077114414254,0.2719344611720337,-0.15808415759361957,0.00015748,0.1585302855640298,0.00081957,1,0.0
15820,0.7223242204518767,2.7412734383092983,-1.54e-06,2.9495387056773654,2.484128020216576,43.20728551870539,1.0052136313683062,15.353264432088526,0.12067054082980143,-12.465252864161709,-1.1573229341274334,-58.55944231388845,0.6295741068180681,-13.972100884159982,0.2719344611720337,-0.9727555665994598,0.00015748,0.9718885826014441,0.00081957,1,0.0
15821,0.254089487037401,0.034124515118805904,-1.54e-06,2.9495387056773654,2.484128020216576,-49.32821498598538,1.0052136313683062,3.770764747152202,0.12067054082980143,-72.49062389782172,-1.1573229341274334,46.358030910716046,0.6295741068180681,69.00362629588925,0.2719344611720337,-0.11039455266241413,0.00015748,0.11237755398724333,0.00081957,1,0.0
15822,0.0008702785409341329,0.2033610095819815,-1.54e-06,2.9495387056773654,2.484128020216576,8.255289778693642,1.0052136313683062,4.903933734507092,0.12067054082980143,-70.2168275840783,-1.1573229341274334,54.87701294320322,0.6295741068180681,33.64419076432318,0.2719344611720337,0.2138900318610113,0.00015748,0.810873609410816,0.00081957,0,0.0
15823,1.0493147843479211,1.6456908043594805,-1.54e-06,2.9495387056773654,2.484128020216576,12.33965517248211,1.0052136313683062,13.495453024339975,0.12067054082980143,-32.861770605719194,-1.1573229341274334,-43.3721142910612,0.6295741068180681,24.42768457123386,0.2719344611720337,-0.7379571987047608,0.00015748,0.7204997903113686,0.00081957,1,0.0
15824,0.29941666509832165,0.14909478555212724,-1.54e-06,2.9495387056773654,2.484128020216576,65.60646952882124,1.0052136313683062,5.798205784868357,0.12067054082980143,-4.25794144545489,-1.1573229341274334,-39.29129937971967,0.6295741068180681,-15.99646649643368,0.2719344611720337,-0.25238206155139553,0.00015748,0.2523646386496169,0.00081957,1,0.0
15825,0.8998351239230684,0.2089757084679298,-1.54e-06,2.9495387056773654,2.484128020216576,-95.05372505553758,1.0052136313683062,-1.6183998018996364,0.12067054082980143,-24.906130520916445,-1.1573229341274334,19.923807453952314,0.6295741068180681,73.74769156291158,0.2719344611720337,-0.10459739749714374,0.00015748,0.10478216231493802,0.00081957,1,0.0
15826,0.7530619182155738,1.07297891265344,-1.54e-06,2.9495387056773654,2.484128020216576,47.12457815689372,1.0052136313683062,4.323375695185526,0.12067054082980143,-67.9004952920304,-1.1573229341274334,26.94245899441755,0.6295741068180681,43.44427856353963,0.2719344611720337,0.14132725761639686,0.00015748,1.3343547518691063,0.00081957,0,0.0
15827,0.06235021621580983,0.04581384849160077,-1.54e-06,2.9495387056773654,2.484128020216576,-0.9282018938682717,1.0052136313683062,3.8535224787486753,0.12067054082980143,-43.08617947138555,-1.1573229341274334,18.23971271880351,0.6295741068180681,27.94758553085612,0.2719344611720337,-0.14148748767884176,0.00015748,0.14202949225896297,0.00081957,1,0.0
15828,1.2441830802512044e-05,0.09030029462792648,-1.54e-06,2.9495387056773654,2.484128020216576,35.74907638827623,1.0052136313683062,4.220262887622671,0.12067054082980143,-25.634456240752495,-1.1573229341274334,0.17582664463383046,0.6295741068180681,1.0850941125448372,0.2719344611720337,-0.028228091752176346,0.00015748,0.18739063712530457,0.00081957,1,0.0
15829,0.39633910231495006,6.637439286441797,-1.54e-06,2.9495387056773654,2.484128020216576,-84.38459549098013,1.0052136313683062,12.025023673389486,0.12067054082980143,-19.952085547581312,-1.1573229341274334,-30.49573058184137,0.6295741068180681,34.26435047373626,0.2719344611720337,-2.2676465040799885,0.00015748,0.66759952270693,0.00081957,1,0.0
15830,0.23830672793047208,0.008782438204055994,-1.54e-06,2.9495387056773654,2.484128020216576,-39.818697363315735,1.0052136313683062,0.27486081487483793,0.12067054082980143,-25.59280740806711,-1.1573229341274334,20.733680409465308,0.6295741068180681,36.60016039908025,0.2719344611720337,-0.015840963478160178,0.00015748,0.017559840293734183,0.00081957,1,0.0
15831,1.0304869978790603,0.2552535785652198,-1.54e-06,2.9495387056773654,2.484128020216576,-26.788759566256633,1.0052136313683062,4.790074604073476,0.12067054082980143,-36.38307913609757,-1.1573229341274334,-11.24306553339627,0.6295741068180681,56.29118412270583,0.2719344611720337,-0.16017262757298006,0.00015748,0.1607658746157215,0.00081957,1,0.0
15832,-0.3681922115845434,1.7903781391037743,-1.54e-06,2.9495387056773654,2.484128020216576,95.40958552871751,1.0052136313683062,3.1245010916887948,0.12067054082980143,-39.05062138397941,-1.1573229341274334,81.30175765742656,0.6295741068180681,-44.55078190916887,0.2719344611720337,0.24691699436869596,0.00015748,3.4648252217098165,0.00081957,0,0.0
15833,2.033549258246085,1.4378356111928077,-1.54e-06,2.9495387056773654,2.484128020216576,36.353132926394615,1.0052136313683062,14.752406028638884,0.12067054082980143,-65.3587321198343,-1.1573229341274334,-65.05229037780468,0.6295741068180681,72.8773341554242,0.2719344611720337,-0.565007447848574,0.00015748,0.5679494065077242,0.00081957,1,0.0
15834,0.013345632792858109,0.18565260541939244,-1.54e-06,2.9495387056773654,2.484128020216576,38.53309421068565,1.0052136313683062,2.280897764334681,0.12067054082980143,-20.166887676197216,-1.1573229341274334,2.4601943543809526,0.6295741068180681,-0.4474173347263405,0.2719344611720337,-0.009621565845645746,0.00015748,0.3270478857449639,0.00081957,1,0.0
15835,-0.3378277795975153,1.8293005828605473,-1.54e-06,2.9495387056773654,2.484128020216576,36.35378134267206,1.0052136313683062,1.1605730978592925,0.12067054082980143,-35.82036479477989,-1.1573229341274334,75.45306036460944,0.6295741068180681,-16.86872256682262,0.2719344611720337,0.09595217469820683,0.00015748,2.4455092391042683,0.00081957,0,0.0
15836,-0.7970276479201004,3.3176203232686734,-1.54e-06,2.9495387056773654,2.484128020216576,13.178668953932387,1.0052136313683062,9.220213862726464,0.12067054082980143,-63.66312995750034,-1.1573229341274334,66.03479190006175,0.6295741068180681,-7.410588339649133,0.2719344611720337,-0.33823622654273955,0.00015748,1.2988581869506763,0.00081957,1,0.0
15837,1.242362943433707,0.351813511887892,-1.54e-06,2.9495387056773654,2.484128020216576,-42.964130082070426,1.0052136313683062,4.57037367572508,0.12067054082980143,-40.674774651097074,-1.1573229341274334,-9.888470150240506,0.6295741068180681,70.59441441916962,0.2719344611720337,-0.14924977265902606,0.00015748,0.14857298873532132,0.00081957,1,0.0
15838,-0.08156642234983091,1.5863501812916243,-1.54e-06,2.9495387056773654,2.484128020216576,-17.393921304252586,1.0052136313683062,-2.933858785326162,0.12067054082980143,-22.85919206591861,-1.1573229341274334,68.6815465495067,0.6295741068180681,9.274493174087697,0.2719344611720337,-0.055163221855726974,0.00015748,1.9017757411261613,0.00081957,1,0.0
15839,-0.20408167426320745,13.967868323768121,-1.54e-06,2.9495387056773654,2.484128020216576,-53.82160754093466,1.0052136313683062,23.45337478280132,0.12067054082980143,-72.8173633655598,-1.1573229341274334,21.331074524227347,0.6295741068180681,11.084890804253419,0.2719344611720337,-2.342338799924922,0.00015748,2.105732720301963,0.00081957,1,0.0
15840,-0.16588488246194077,1.2879687359360101,-1.54e-06,2.9495387056773654,2.484128020216576,50.02187740995528,1.0052136313683062,10.22752216378101,0.12067054082980143,-55.83217523925175,-1.1573229341274334,39.968302838148034,0.6295741068180681,-10.815815630375116,0.2719344611720337,0.038458959972165196,0.00015748,1.5391930654990125,0.00081957,0,0.0
15841,0.30981295217539245,0.012034804972421063,-1.54e-06,2.9495387056773654,2.484128020216576,-69.00737238227487,1.0052136313683062,1.3487064096077477,0.12067054082980143,-56.63555982120137,-1.1573229341274334,45.43088675941837,0.6295741068180681,68.11911085219828,0.2719344611720337,-0.034408244345518084,0.00015748,0.03645332070327783,0.00081957,1,0.0
15842,-0.6619942914562251,2.759525109402454,-1.54e-06,2.9495387056773654,2.484128020216576,86.2870536205892,1.0052136313683062,-0.03657376859461277,0.12067054082980143,-14.820964616059502,-1.1573229341274334,76.22016057335124,0.6295741068180681,-60.10153297375689,0.2719344611720337,0.1191156138715177,0.00015748,3.21196756149354,0.00081957,0,0.0
15843,-0.6488900716455126,2.7169201123683733,-1.54e-06,2.9495387056773654,2.484128020216576,99.67498971660513,1.0052136313683062,10.198152016208297,0.12067054082980143,-29.865915189470773,-1.1573229341274334,35.700012604108515,0.6295741068180681,-63.55494770298583,0.2719344611720337,0.02249052351711711,0.00015748,2.113722938937918,0.00081957,0,0.0
15844,0.033607929320840224,0.13841586430071753,-1.54e-06,2.9495387056773654,2.484128020216576,67.71991270208603,1.0052136313683062,5.9148806613657285,0.12067054082980143,-17.05362502559148,-1.1573229341274334,-21.30695960917294,0.6295741068180681,-15.538095771068612,0.2719344611720337,-0.1704144439488673,0.00015748,0.2644274891379095,0.00081957,1,0.0
15845,0.47336192803365806,0.04836076933749609,-1.54e-06,2.9495387056773654,2.484128020216576,-60.0631394399165,1.0052136313683062,4.631878111578225,0.12067054082980143,-79.42054458472361,-1.1573229341274334,45.3434598291622,0.6295741068180681,81.86079234120825,0.2719344611720337,-0.1376388785853473,0.00015748,0.13787111520721096,0.00081957,1,0.0
15846,0.0016299429499292695,0.21490818282418053,-1.54e-06,2.9495387056773654,2.484128020216576,-20.934517346830688,1.0052136313683062,1.016662054358327,0.12067054082980143,-35.40715783262469,-1.1573229341274334,37.42913286107454,0.6295741068180681,26.657061265737614,0.2719344611720337,0.031121903300568687,0.00015748,0.4369437679580921,0.00081957,0,0.0
15847,-0.06918281240836754,1.236381230363198,-1.54e-06,2.9495387056773654,2.484128020216576,55.806675158647835,1.0052136313683062,2.062627307933975,0.12067054082980143,-31.368071391860713,-1.1573229341274334,59.014776375697146,0.6295741068180681,-20.107957288359593,0.2719344611720337,0.17187815336514323,0.00015748,2.5166844338914016,0.00081957,0,0.0
15848,2.1817141262861157,1.2829636478649369,-1.54e-06,2.9495387056773654,2.484128020216576,-53.725273398293176,1.0052136313683062,4.295217036181348,0.12067054082980143,-6.231064434770477,-1.1573229341274334,-58.67242631303162,0.6295741068180681,75.01203362024708,0.2719344611720337,-0.13393796460849913,0.00015748,0.1279115328389607,0.00081957,1,0.0
15849,-0.006518548846829897,0.8548444534449221,-1.54e-06,2.9495387056773654,2.484128020216576,87.12782207843638,1.0052136313683062,3.6810559890917753,0.12067054082980143,-24.759069967228516,-1.1573229341274334,41.18106366301066,0.6295741068180681,-35.21274340680624,0.2719344611720337,0.2526203578369717,0.00015748,2.508208989206527,0.00081957,0,0.0
15850,1.7107841166018534,0.9136575634419981,-1.54e-06,2.9495387056773654,2.484128020216576,16.9397436152148,1.0052136313683062,9.434299162850257,0.12067054082980143,-36.1556042719288,-1.1573229341274334,-56.639888205944196,0.6295741068180681,56.23875628387413,0.2719344611720337,-0.3749831218268699,0.00015748,0.3767008772904098,0.00081957,1,0.0
15851,0.7328891689510714,0.9038303824811456,-1.54e-06,2.9495387056773654,2.484128020216576,28.3311081564728,1.0052136313683062,4.470803911057467,0.12067054082980143,-76.30897836200941,-1.1573229341274334,37.05382248653208,0.6295741068180681,54.30345854978109,0.2719344611720337,0.16431174757110467,0.00015748,1.2344785173718358,0.00081957,0,0.0
15852,0.9520509770413472,0.21075474932881302,-1.54e-06,2.9495387056773654,2.484128020216576,-30.395783734074847,1.0052136313683062,3.7128263866804176,0.12067054082980143,-33.48048177754969,-1.1573229341274334,-7.273899249435159,0.6295741068180681,54.871927269746934,0.2719344611720337,-0.12658461486673855,0.00015748,0.12886254072298786,0.00081957,1,0.0
15853,3.572798454820614e-05,0.17201205510570014,-1.54e-06,2.9495387056773654,2.484128020216576,90.24229989975075,1.0052136313683062,12.014850557822713,0.12067054082980143,-93.6725455442697,-1.1573229341274334,49.00978386225993,0.6295741068180681,8.619477493766396,0.2719344611720337,0.501413578801208,0.00015748,1.3987147896444532,0.00081957,0,0.0
15854,0.4590069330187165,0.027047470585483072,-1.54e-06,2.9495387056773654,2.484128020216576,-56.18635556093952,1.0052136313683062,2.171420683929183,0.12067054082980143,-49.52503458904693,-1.1573229341274334,30.28946657326718,0.6295741068180681,62.12421000353812,0.2719344611720337,-0.05730726120602632,0.00015748,0.05726273505250075,0.00081957,1,0.0
15855,-0.0018827603725163344,0.48755013745809855,-1.54e-06,2.9495387056773654,2.484128020216576,-33.96342084319539,1.0052136313683062,-2.8641654023813037,0.12067054082980143,-32.79061643604276,-1.1573229341274334,47.196068950483635,0.6295741068180681,36.749245892515724,0.2719344611720337,-0.1323069129087669,0.00015748,0.5936869293701188,0.00081957,1,0.0
15856,0.9591088618943757,1.2223391343243368,-1.54e-06,2.9495387056773654,2.484128020216576,18.468732801634875,1.0052136313683062,3.5030560584631583,0.12067054082980143,-67.825287849084,-1.1573229341274334,28.089334988258752,0.6295741068180681,59.52391281287854,0.2719344611720337,0.10447512571082407,0.00015748,1.2412316212510408,0.00081957,0,0.0
15857,-0.00583996532118447,0.6470485957164445,-1.54e-06,2.9495387056773654,2.484128020216576,-71.77083435968011,1.0052136313683062,5.625332174450072,0.12067054082980143,-70.31156643568255,-1.1573229341274334,58.99042348711449,0.6295741068180681,59.0767434143264,0.2719344611720337,-0.4621496565060976,0.00015748,0.5363849006093391,0.00081957,1,0.0
15858,-0.43823209170589883,1.9020057470579,-1.54e-06,2.9495387056773654,2.484128020216576,57.818910081707,1.0052136313683062,6.56253211964029,0.12067054082980143,-34.546891880136705,-1.1573229341274334,48.621757325241425,0.6295741068180681,-33.45575707879653,0.2719344611720337,0.05888698250428959,0.00015748,1.9203905300064181,0.00081957,0,0.0
15859,0.0034124724002735363,0.013802824090336167,-1.54e-06,2.9495387056773654,2.484128020216576,84.05549932796987,1.0052136313683062,12.517266692633434,0.12067054082980143,-99.72222197164369,-1.1573229341274334,35.223941956256624,0.6295741068180681,21.985939328957194,0.2719344611720337,0.512593494937824,0.00015748,0.5408549532729173,0.00081957,0,0.0
15860,0.002221493419710896,0.11002492809407217,-1.54e-06,2.9495387056773654,2.484128020216576,71.39910485333601,1.0052136313683062,7.349771028545617,0.12067054082980143,-45.7113734010647,-1.1573229341274334,9.978482557688375,0.6295741068180681,-4.529460402580546,0.2719344611720337,0.3366369936080412,0.00015748,0.4898582188871653,0.00081957,0,0.0
15861,0.004993643480544201,0.6458502478067583,-1.54e-06,2.9495387056773654,2.484128020216576,-34.770468985973466,1.0052136313683062,-0.09384276216999014,0.12067054082980143,-73.3901619351354,-1.1573229341274334,84.06982557457744,0.6295741068180681,56.32348278698838,0.2719344611720337,0.04562999638154519,0.00015748,1.1642142031037142,0.00081957,0,0.0
15862,-0.5189562930356015,2.6320815638236317,-1.54e-06,2.9495387056773654,2.484128020216576,35.886065861279725,1.0052136313683062,-2.4398219632576135,0.12067054082980143,-6.954336808463816,-1.1573229341274334,68.3948783777705,0.6295741068180681,-36.507850844407514,0.2719344611720337,-0.014340328475768604,0.00015748,2.4787685934022545,0.00081957,1,0.0
15863,0.004502100254593078,0.5057505784447263,-1.54e-06,2.9495387056773654,2.484128020216576,85.25850476300258,1.0052136313683062,11.576616519622585,0.12067054082980143,-36.99176433726931,-1.1573229341274334,-20.188500467854347,0.6295741068180681,-19.465220469695748,0.2719344611720337,-0.2587414856205361,0.00015748,0.5269605762086973,0.00081957,1,0.0
15864,-0.2527586328222995,1.2045834878405874,-1.54e-06,2.9495387056773654,2.484128020216576,51.45406523804467,1.0052136313683062,8.041852736849668,0.12067054082980143,-60.923978509473486,-1.1573229341274334,62.59225651125238,0.6295741068180681,-10.146938561313926,0.2719344611720337,0.16817345511211124,0.00015748,2.0004068294390853,0.00081957,0,0.0
15865,1.3917498791006557,0.8651170407098079,-1.54e-06,2.9495387056773654,2.484128020216576,40.20884392001237,1.0052136313683062,13.881946760009969,0.12067054082980143,-77.41052720479446,-1.1573229341274334,-35.94893066250797,0.6295741068180681,63.896346161493014,0.2719344611720337,-0.5376163248727456,0.00015748,0.5397368106523973,0.00081957,1,0.0
15866,0.0009634435835811465,0.9651567356940678,-1.54e-06,2.9495387056773654,2.484128020216576,4.6601158540319965,1.0052136313683062,-0.14471516026601403,0.12067054082980143,-55.27889179781867,-1.1573229341274334,76.64506941563468,0.6295741068180681,25.37446867606665,0.2719344611720337,0.09756960940084147,0.00015748,1.8682401202165226,0.00081957,0,0.0
15867,0.47502025511453194,0.19765851752433025,-1.54e-06,2.9495387056773654,2.484128020216576,22.704780955619395,1.0052136313683062,8.013080000268188,0.12067054082980143,-47.31820206462341,-1.1573229341274334,-7.9397121547674585,0.6295741068180681,28.83612279048305,0.2719344611720337,-0.28698311335625626,0.00015748,0.2954765814199757,0.00081957,1,0.0
15868,1.955590401792304,0.9435991394575028,-1.54e-06,2.9495387056773654,2.484128020216576,-64.0356589751855,1.0052136313683062,4.885011241105842,0.12067054082980143,-28.98197342045606,-1.1573229341274334,-34.527894898776,0.6295741068180681,87.34809746641929,0.2719344611720337,-0.14612704221789538,0.00015748,0.14465333709941794,0.00081957,1,0.0
15869,1.7824582327932244,7.197926628548887,-1.54e-06,2.9495387056773654,2.484128020216576,55.841159543590216,1.0052136313683062,-3.678060044993541,0.12067054082980143,-49.315729069491994,-1.1573229341274334,30.150713253768558,0.6295741068180681,61.47697015449598,0.2719344611720337,-0.1483696803958161,0.00015748,3.3038702950231933,0.00081957,1,0.0
15870,-0.36723716045668287,9.475066193362037,-1.54e-06,2.9495387056773654,2.484128020216576,-4.377453266820204,1.0052136313683062,15.658755449067492,0.12067054082980143,-1e-20,-1.1573229341274334,-17.53069114076129,0.6295741068180681,-47.15427318684259,0.2719344611720337,-1.8135994041128207,0.00015748,1.723790662997754,0.00081957,1,0.0
15871,0.0016123440107507214,0.12696773070961795,-1.54e-06,2.9495387056773654,2.484128020216576,61.596776134106,1.0052136313683062,6.804628474599712,0.12067054082980143,-42.6100164455072,-1.1573229341274334,10.17670666758473,0.6295741068180681,-2.6326160085332635,0.2719344611720337,0.29939901069349295,0.00015748,0.4328027608119682,0.00081957,0,0.0
15872,-0.0006411531305184903,0.6189070730451505,-1.54e-06,2.9495387056773654,2.484128020216576,67.53194838189968,1.0052136313683062,3.74509304014401,0.12067054082980143,-30.877024723107727,-1.1573229341274334,38.68645574028821,0.6295741068180681,-20.320285884908145,0.2719344611720337,0.23160682897684615,0.00015748,1.963392259350052,0.00081957,0,0.0
15873,-0.00010727243801755826,0.43049410935171994,-1.54e-06,2.9495387056773654,2.484128020216576,37.15493782269881,1.0052136313683062,4.2018803805150755,0.12067054082980143,-56.37964005090369,-1.1573229341274334,56.81297384572903,0.6295741068180681,9.280760004889,0.2719344611720337,0.22969726360202758,0.00015748,1.6484497976813315,0.00081957,0,0.0
15874,0.5213332984604879,0.09848911144459598,-1.54e-06,2.9495387056773654,2.484128020216576,3.9440617638362436,1.0052136313683062,4.4270419901202835,0.12067054082980143,-30.043454484403625,-1.1573229341274334,-7.767271615535723,0.6295741068180681,29.166833567315418,0.2719344611720337,-0.17094281477463905,0.00015748,0.17125908949347204,0.00081957,1,0.0
15875,-0.00044851964366587893,0.25617820522954665,-1.54e-06,2.9495387056773654,2.484128020216576,71.83656738788693,1.0052136313683062,5.6049803370109625,0.12067054082980143,-38.41264910109475,-1.1573229341274334,27.077101550008333,0.6295741068180681,-14.581321940142505,0.2719344611720337,0.2867016875266928,0.00015748,1.3839947691825474,0.00081957,0,0.0
15876,-0.4077815885023446,17.002618271609744,-1.54e-06,2.9495387056773654,2.484128020216576,2.7651151812782593,1.0052136313683062,26.454246738038517,0.12067054082980143,-49.64698750795611,-1.1573229341274334,-6.723366383382195,0.6295741068180681,-35.809180732185354,0.2719344611720337,-2.4605651342167834,0.00015748,2.3970012862929524,0.00081957,1,0.0
15877,2.301003171322655,1.3660946805627183,-1.54e-06,2.9495387056773654,2.484128020216576,-71.00525941827591,1.0052136313683062,5.357894323956402,0.12067054082980143,-22.251158412376252,-1.1573229341274334,-48.67581559453422,0.6295741068180681,93.04439356423664,0.2719344611720337,-0.1629730847836287,0.00015748,0.1658940847477176,0.00081957,1,0.0
15878,-0.0013755446002480243,0.20914524325442074,-1.54e-06,2.9495387056773654,2.484128020216576,54.659905682487015,1.0052136313683062,3.2403209616097683,0.12067054082980143,-14.466781961297922,-1.1573229341274334,1.1235302017459632,0.6295741068180681,-15.35950792210176,0.2719344611720337,0.1785450552703763,0.00015748,0.5399596440080378,0.00081957,0,0.0
15879,1.3817334154503107,0.5918918944037194,-1.54e-06,2.9495387056773654,2.484128020216576,-5.095965812523006,1.0052136313683062,10.393086955386066,0.12067054082980143,-72.22775960453383,-1.1573229341274334,-17.642250049361294,0.6295741068180681,78.00165823532554,0.2719344611720337,-0.37923820671763653,0.00015748,0.3828289590327165,0.00081957,1,0.0
15880,0.4543530918757517,0.14774805940551222,-1.54e-06,2.9495387056773654,2.484128020216576,48.2221511053571,1.0052136313683062,11.197073751969468,0.12067054082980143,-90.69881226199783,-1.1573229341274334,25.614897824320604,0.6295741068180681,41.38197738656787,0.2719344611720337,0.43164946962951434,0.00015748,0.47792438841187246,0.00081957,0,0.0
15881,2.3753009821755113,1.6642423561450463,-1.54e-06,2.9495387056773654,2.484128020216576,5.959951990297096,1.0052136313683062,11.810487808432816,0.12067054082980143,-38.259632872510466,-1.1573229341274334,-77.93845406589693,0.6295741068180681,75.39313127375577,0.2719344611720337,-0.42489446982846085,0.00015748,0.43283728438091823,0.00081957,1,0.0
15882,-0.002558692380981435,0.6288097611396352,-1.54e-06,2.9495387056773654,2.484128020216576,-49.745746940248196,1.0052136313683062,-0.3109910387753514,0.12067054082980143,-55.52113061393848,-1.1573229341274334,75.02053475006592,0.6295741068180681,46.92593470566371,0.2719344611720337,-0.013365154029592374,0.00015748,1.0721063788658216,0.00081957,1,0.0
15883,0.5440827400106341,0.8404939888930684,-1.54e-06,2.9495387056773654,2.484128020216576,-17.718564745257027,1.0052136313683062,11.053774769721581,0.12067054082980143,-64.3071897042126,-1.1573229341274334,7.684286363277261,0.6295741068180681,46.80943810632139,0.2719344611720337,-0.576589273747598,0.00015748,0.5718253695305523,0.00081957,1,0.0
15884,0.9896395795283072,0.3725908005381189,-1.54e-06,2.9495387056773654,2.484128020216576,32.92012799486529,1.0052136313683062,6.704496377230307,0.12067054082980143,-16.983752204646688,-1.1573229341274334,-45.13879005959615,0.6295741068180681,21.127172354871387,0.2719344611720337,-0.27876540550915746,0.00015748,0.2767889185919505,0.00081957,1,0.0
15885,1.3762200619627505,1.050858460162933,-1.54e-06,2.9495387056773654,2.484128020216576,88.63022159765043,1.0052136313683062,15.933061672129478,0.12067054082980143,-69.86761683656907,-1.1573229341274334,-54.935851017153446,0.6295741068180681,39.26560117666189,0.2719344611720337,-0.4345343204425237,0.00015748,0.6557384419058255,0.00081957,1,0.0
15886,2.847266207071427,16.129124598643852,-1.54e-06,2.9495387056773654,2.484128020216576,84.70437599162726,1.0052136313683062,-6.993206363763773,0.12067054082980143,-48.50532023923613,-1.1573229341274334,23.32502281122204,0.6295741068180681,81.36598828190303,0.2719344611720337,-0.28856203606882946,0.00015748,4.9046289978913515,0.00081957,1,0.0
15887,-0.00017163810888809472,0.08349468082598338,-1.54e-06,2.9495387056773654,2.484128020216576,79.94873541180665,1.0052136313683062,8.915766564055742,0.12067054082980143,-69.28687508332767,-1.1573229341274334,31.0090664414178,0.6295741068180681,3.70316101610268,0.2719344611720337,0.41881965782360864,0.00015748,0.9453815930207691,0.00081957,0,0.0
15888,0.911822626094242,0.665010270583508,-1.54e-06,2.9495387056773654,2.484128020216576,36.96524043676906,1.0052136313683062,7.718396961468455,0.12067054082980143,-85.41416452573088,-1.1573229341274334,24.246325927742237,0.6295741068180681,59.204363611530496,0.2719344611720337,0.26056008992296065,0.00015748,0.9648312373745557,0.00081957,0,0.0
15889,2.418747550317427,1.585723219923639,-1.54e-06,2.9495387056773654,2.484128020216576,-64.65554957903187,1.0052136313683062,3.5255304036124686,0.12067054082980143,-3.9810102543690995,-1.1573229341274334,-63.1603540605968,0.6295741068180681,84.99996439731987,0.2719344611720337,-0.1268762257682708,0.00015748,0.11005405341789248,0.00081957,1,0.0
15890,-0.42558581511335847,1.9354395641189852,-1.54e-06,2.9495387056773654,2.484128020216576,64.51041982718652,1.0052136313683062,12.280538933299317,0.12067054082980143,-74.50513918500782,-1.1573229341274334,61.43120200445709,0.6295741068180681,-16.17221297355655,0.2719344611720337,0.06815506634667778,0.00015748,1.9500800623181322,0.00081957,0,0.0
15891,0.6236877140084212,0.3272105019381117,-1.54e-06,2.9495387056773654,2.484128020216576,98.06210101210822,1.0052136313683062,12.012997155092002,0.12067054082980143,-53.63758544806331,-1.1573229341274334,-24.45316879871573,0.6295741068180681,4.753791712476559,0.2719344611720337,0.23011982488217064,0.00015748,0.5234591583157818,0.00081957,0,0.0
15892,0.8945997815798952,0.23779778937033075,-1.54e-06,2.9495387056773654,2.484128020216576,-16.172198400397146,1.0052136313683062,7.051597953393234,0.12067054082980143,-62.19741416152573,-1.1573229341274334,1.9447417020841347,0.6295741068180681,65.17473313679754,0.2719344611720337,-0.25170762999035934,0.00015748,0.2567546261143623,0.00081957,1,0.0
15893,0.4396192102355362,0.1433824580271186,-1.54e-06,2.9495387056773654,2.484128020216576,9.87931395935447,1.0052136313683062,6.922045282082808,0.12067054082980143,-54.255834110950666,-1.1573229341274334,3.6668459531795747,0.6295741068180681,38.957971777505264,0.2719344611720337,-0.2552533090861167,0.00015748,0.2579316680279636,0.00081957,1,0.0
15894,0.3024232692211405,0.03794424680751301,-1.54e-06,2.9495387056773654,2.484128020216576,-29.459021694657093,1.0052136313683062,3.8885642950181833,0.12067054082980143,-57.10555400710692,-1.1573229341274334,28.363476939719657,0.6295741068180681,53.220846574223614,0.2719344611720337,-0.12779227488512557,0.00015748,0.12834984055387333,0.00081957,1,0.0
15895,2.1479828139275394,3.141374640678076,-1.54e-06,2.9495387056773654,2.484128020216576,-68.08192034616935,1.0052136313683062,11.747862354797267,0.12067054082980143,-27.884658038301943,-1.1573229341274334,-70.44671640354481,0.6295741068180681,84.55948304033997,0.2719344611720337,-1.2348040711857005,0.00015748,0.43758275155758064,0.00081957,1,0.0
15896,-0.005402752975027986,0.5541795002290689,-1.54e-06,2.9495387056773654,2.484128020216576,21.224485621482415,1.0052136313683062,0.4265121464181178,0.12067054082980143,-10.198267069655692,-1.1573229341274334,23.079955999931595,0.6295741068180681,-8.313436405606385,0.2719344611720337,0.05945590704612558,0.00015748,1.0429131615408804,0.00081957,0,0.0
15897,-0.032961647396696866,1.0598061612197855,-1.54e-06,2.9495387056773654,2.484128020216576,17.466346097298576,1.0052136313683062,-0.5552754376305289,0.12067054082980143,-8.062499096249852,-1.1573229341274334,36.8472667105296,0.6295741068180681,-12.596194934076085,0.2719344611720337,0.020371978513415323,0.00015748,1.590929394463455,0.00081957,0,0.0
15898,0.3163159284594106,0.08357175564621232,-1.54e-06,2.9495387056773654,2.484128020216576,94.098834243442,1.0052136313683062,13.187778465754944,0.12067054082980143,-88.02874282794355,-1.1573229341274334,12.214436667449592,0.6295741068180681,18.69840157567126,0.2719344611720337,0.4412577823049568,0.00015748,0.5750750379790805,0.00081957,0,0.0
15899,-0.00856886546918445,0.8384409366977639,-1.54e-06,2.9495387056773654,2.484128020216576,-52.33199929289872,1.0052136313683062,-3.322227420228363,0.12067054082980143,-29.98137319909087,-1.1573229341274334,64.13758320610125,0.6295741068180681,34.4032587063943,0.2719344611720337,-0.10484834837475632,0.00015748,1.098457312683227,0.00081957,1,0.0
15900,-5.413248055391451e-06,0.035939624736185505,-1.54e-06,1.7240431676280503,4.888366778534649,21.141022049739767,1.0052136313683062,10.96279934571407,0.12067054082980143,-27.603011126601093,-1.1573229341274334,-0.46290870266701145,0.6295741068180681,-2.058197589228563,0.2719344611720337,-0.005123268532741011,0.00015748,0.0720330222150029,0.00081957,1,0.0
15901,0.0001432170339641936,0.07519705887400426,-1.54e-06,1.7240431676280503,4.888366778534649,27.760103606982625,1.0052136313683062,21.245859618550227,0.12067054082980143,-84.87126120936253,-1.1573229341274334,30.69406842986362,0.6295741068180681,15.36847126019865,0.2719344611720337,-0.017373851290393358,0.00015748,0.1539612580879809,0.00081957,1,0.0
15902,0.007698965078923037,0.07365730598550066,-1.54e-06,1.7240431676280503,4.888366778534649,11.324377111835611,1.0052136313683062,22.694471085537632,0.12067054082980143,-87.07107328185607,-1.1573229341274334,-93.87523572484535,0.6295741068180681,36.51087853381489,0.2719344611720337,-0.1242688733849509,0.00015748,0.1721551913866186,0.00081957,1,0.0
15903,0.3259198629190618,0.0065287534774078355,-1.54e-06,1.7240431676280503,4.888366778534649,-71.8062753667343,1.0052136313683062,8.041550900115551,0.12067054082980143,-40.00721929837275,-1.1573229341274334,-76.2544445414433,0.6295741068180681,72.13397184755617,0.2719344611720337,-0.026976104468645956,0.00015748,0.026977014355861417,0.00081957,1,0.0
15904,0.10587354812843494,0.006741819134128762,-1.54e-06,1.7240431676280503,4.888366778534649,-47.15906829245726,1.0052136313683062,12.646462859104519,0.12067054082980143,-81.13180930890576,-1.1573229341274334,15.210785481664693,0.6295741068180681,56.97498580127426,0.2719344611720337,-0.056959222590602904,0.00015748,0.05701441260002198,0.00081957,1,0.0
15905,0.00029527506567672557,0.05525210218318679,-1.54e-06,1.7240431676280503,4.888366778534649,39.22186594038627,1.0052136313683062,16.972388059190653,0.12067054082980143,-32.93494419024164,-1.1573229341274334,-59.39831012722474,0.6295741068180681,-4.092172083816944,0.2719344611720337,-0.03216426070534314,0.00015748,0.1216722009183775,0.00081957,1,0.0
15906,0.00027458796016024967,0.010449133666887694,-1.54e-06,1.7240431676280503,4.888366778534649,-12.336433222823977,1.0052136313683062,9.005249372556754,0.12067054082980143,-33.9963581690782,-1.1573229341274334,44.14122228968872,0.6295741068180681,9.875285482722393,0.2719344611720337,-0.04769402991933111,0.00015748,0.049052289618585376,0.00081957,1,0.0
15907,0.0008229536216964317,0.055395829757855196,-1.54e-06,1.7240431676280503,4.888366778534649,2.3275329689155955,1.0052136313683062,20.986104229470197,0.12067054082980143,-94.57770780522496,-1.1573229341274334,2.655280541660135,0.6295741068180681,33.61290293476732,0.2719344611720337,-0.0698074715367537,0.00015748,0.1359160409842328,0.00081957,1,0.0
15908,0.0007800446848336418,0.018739643141450314,-1.54e-06,1.7240431676280503,4.888366778534649,6.72949138964797,1.0052136313683062,8.53529296571433,0.12067054082980143,-30.812472837395536,-1.1573229341274334,-12.886086546938412,0.6295741068180681,8.861228234954007,0.2719344611720337,-0.026936837499988327,0.00015748,0.057116276754389385,0.00081957,1,0.0
15909,0.049987647196289564,0.10136376272797486,-1.54e-06,1.7240431676280503,4.888366778534649,37.34339304431677,1.0052136313683062,22.685492379794443,0.12067054082980143,-99.44213994205934,-1.1573229341274334,50.71186318446289,0.6295741068180681,20.272521931956863,0.2719344611720337,0.014563485191991438,0.00015748,0.1990327271337086,0.00081957,0,0.0
15910,0.08164014308357914,0.0009736989399722222,-1.54e-06,1.7240431676280503,4.888366778534649,-23.59133197695414,1.0052136313683062,-0.08537549601473536,0.12067054082980143,-11.010868380461194,-1.1573229341274334,9.455556295723493,0.6295741068180681,19.26762471691245,0.2719344611720337,-0.008739529078384524,0.00015748,0.008766662598589655,0.00081957,1,0.0
15911,0.34533248369148084,0.009619540431160882,-1.54e-06,1.7240431676280503,4.888366778534649,-78.483165919816,1.0052136313683062,3.4706181270405816,0.12067054082980143,-29.90659660552332,-1.1573229341274334,-53.296467614880285,0.6295741068180681,71.67304955914193,0.2719344611720337,-0.003978057442517554,0.00015748,0.00410606363449437,0.00081957,1,0.0
15912,0.29135658801018116,0.008647177075385884,-1.54e-06,1.7240431676280503,4.888366778534649,-73.04777836182751,1.0052136313683062,1.972360288100396,0.12067054082980143,-29.637780876759233,-1.1573229341274334,-11.568770738678868,0.6295741068180681,62.36135071653512,0.2719344611720337,-0.01829674584267084,0.00015748,0.018330293958423338,0.00081957,1,0.0
15913,0.21935296363043633,0.003025868116348183,-1.54e-06,1.7240431676280503,4.888366778534649,-78.40792656236421,1.0052136313683062,7.746169347818658,0.12067054082980143,-78.14809897593628,-1.1573229341274334,43.20486525327915,0.6295741068180681,75.45574551372131,0.2719344611720337,-0.02184397738618333,0.00015748,0.021879703267876346,0.00081957,1,0.0
15914,0.23501480028256225,0.004824750517107209,-1.54e-06,1.7240431676280503,4.888366778534649,-72.21494445516154,1.0052136313683062,3.0587361903603214,0.12067054082980143,-50.034821228856195,-1.1573229341274334,25.32269403813054,0.6295741068180681,64.68503041071894,0.2719344611720337,-0.008075224166343634,0.00015748,0.008123211349432743,0.00081957,1,0.0
15915,0.24503772217241182,0.0038226746812262784,-1.54e-06,1.7240431676280503,4.888366778534649,-88.9129651620788,1.0052136313683062,9.013367698196907,0.12067054082980143,-90.95279987650039,-1.1573229341274334,49.81707766308366,0.6295741068180681,86.35976843771112,0.2719344611720337,-0.02618529710144262,0.00015748,0.026180895709389133,0.00081957,1,0.0
15916,0.13138774329883293,0.004336269678646575,-1.54e-06,1.7240431676280503,4.888366778534649,-23.673473281395452,1.0052136313683062,9.051475095439681,0.12067054082980143,-27.8461116643663,-1.1573229341274334,-73.29148431948587,0.6295741068180681,33.44277540875085,0.2719344611720337,-0.046165676637425136,0.00015748,0.04615592760813398,0.00081957,1,0.0
15917,0.2313986746310968,0.003470661733321897,-1.54e-06,1.7240431676280503,4.888366778534649,-62.973316187106725,1.0052136313683062,8.13184163025035,0.12067054082980143,-53.28442429894265,-1.1573229341274334,-21.055525405078495,0.6295741068180681,63.6207943246064,0.2719344611720337,-0.027550108996955078,0.00015748,0.027684450566418703,0.00081957,1,0.0
15918,0.08003572189234417,0.00756298269972425,-1.54e-06,1.7240431676280503,4.888366778534649,-35.98119717465569,1.0052136313683062,12.718796490385287,0.12067054082980143,-71.23610558568919,-1.1573229341274334,2.219635901982125,0.6295741068180681,46.959609921799064,0.2719344611720337,-0.05880899903314115,0.00015748,0.05882569196297004,0.00081957,1,0.0
15919,0.03890792686963585,0.00030669225594592695,-1.54e-06,1.7240431676280503,4.888366778534649,-21.450697943375584,1.0052136313683062,3.1704271298556015,0.12067054082980143,-31.166967834462625,-1.1573229341274334,25.241509813958547,0.6295741068180681,22.284697006373865,0.2719344611720337,-0.011634500473153484,0.00015748,0.011668851764665217,0.00081957,1,0.0
15920,0.018564702075816127,0.00015475883535651913,-1.54e-06,1.7240431676280503,4.888366778534649,-26.78886669264231,1.0052136313683062,1.7025254844275606,0.12067054082980143,-39.228473627981494,-1.1573229341274334,69.09825112134229,0.6295741068180681,23.67467029920856,0.2719344611720337,-0.006607963043115916,0.00015748,0.006634098675045111,0.00081957,1,0.0
15921,0.2795077474273338,0.017107602460071404,-1.54e-06,1.7240431676280503,4.888366778534649,-90.98424701341938,1.0052136313683062,-2.290814797005532,0.12067054082980143,-44.15973898087761,-1.1573229341274334,80.04912906225626,0.6295741068180681,69.57656002748382,0.2719344611720337,-0.05091862152910798,0.00015748,0.05088624777819713,0.00081957,1,0.0
15922,0.13141616561913333,0.01432042683222675,-1.54e-06,1.7240431676280503,4.888366778534649,-35.17479892370461,1.0052136313683062,15.885106262841266,0.12067054082980143,-68.1717736910876,-1.1573229341274334,-64.13034586525805,0.6295741068180681,53.24515304732738,0.2719344611720337,-0.0823682434647481,0.00015748,0.08252081718420727,0.00081957,1,0.0
15923,0.18634972202417235,0.0022554797393615454,-1.54e-06,1.7240431676280503,4.888366778534649,-45.31020185321808,1.0052136313683062,3.9148231041149186,0.12067054082980143,-26.007469118343646,-1.1573229341274334,-24.116161903745432,0.6295741068180681,42.901819009099405,0.2719344611720337,-0.010078964064154552,0.00015748,0.010069923335859099,0.00081957,1,0.0
15924,0.06809036904797601,0.01599361028996063,-1.54e-06,1.7240431676280503,4.888366778534649,-10.49306553016917,1.0052136313683062,6.93677018414598,0.12067054082980143,-32.96469315113028,-1.1573229341274334,-86.34742146659686,0.6295741068180681,31.302598276873265,0.2719344611720337,-0.07870479444725288,0.00015748,0.07970322061760442,0.00081957,1,0.0
15925,0.2510351298189454,0.004204974107193555,-1.54e-06,1.7240431676280503,4.888366778534649,-66.73671181160361,1.0052136313683062,5.13352733827686,0.12067054082980143,-44.0351239937748,-1.1573229341274334,-15.039323037548407,0.6295741068180681,63.12543949843306,0.2719344611720337,-0.011878714918987293,0.00015748,0.011996530812058417,0.00081957,1,0.0
15926,0.0012966704756381953,0.097371386340213,-1.54e-06,1.7240431676280503,4.888366778534649,63.96551906042733,1.0052136313683062,21.87203528085929,0.12067054082980143,-62.803056018216125,-1.1573229341274334,6.381834552397201,0.6295741068180681,-7.8161533774546985,0.2719344611720337,0.017661733653543205,0.00015748,0.18734243179342808,0.00081957,0,0.0
15927,0.03855431399666491,0.00029887302992341033,-1.54e-06,1.7240431676280503,4.888366778534649,-29.75749982218554,1.0052136313683062,2.1731708809068495,0.12067054082980143,-40.321027281143586,-1.1573229341274334,57.239829479240946,0.6295741068180681,27.69157586265744,0.2719344611720337,-0.005026663300498091,0.00015748,0.004955577838185165,0.00081957,1,0.0
15928,0.00027081876326251475,0.030050190045706603,-1.54e-06,1.7240431676280503,4.888366778534649,-0.39125855190632625,1.0052136313683062,12.81303034664915,0.12067054082980143,-57.65188722988237,-1.1573229341274334,40.67324619892683,0.6295741068180681,16.331354415710738,0.2719344611720337,-0.021749854825605163,0.00015748,0.07180897218442528,0.00081957,1,0.0
15929,0.2615127908951894,0.011818300818171196,-1.54e-06,1.7240431676280503,4.888366778534649,-67.98023387059516,1.0052136313683062,-2.6650013995666573,0.12067054082980143,-18.546548962729407,-1.1573229341274334,8.075247681332959,0.6295741068180681,54.32020194795701,0.2719344611720337,-0.031191244788999747,0.00015748,0.03120298562030694,0.00081957,1,0.0
15930,0.1812400723114259,0.0027743499004111976,-1.54e-06,1.7240431676280503,4.888366778534649,-58.86424922599028,1.0052136313683062,2.8502602702150095,0.12067054082980143,-44.35458410811251,-1.1573229341274334,29.539778713066276,0.6295741068180681,52.68354207509333,0.2719344611720337,-0.00813516732321041,0.00015748,0.008133782638910644,0.00081957,1,0.0
15931,0.20371442700556663,0.005399928411882266,-1.54e-06,1.7240431676280503,4.888366778534649,-49.02338868072033,1.0052136313683062,-0.6166882865328633,0.12067054082980143,-13.185707059681565,-1.1573229341274334,-12.093321864122487,0.6295741068180681,40.95004394314346,0.2719344611720337,-0.015410838993246433,0.00015748,0.01549168559651868,0.00081957,1,0.0
15932,0.005608371397274131,0.00587959448551714,-1.54e-06,1.7240431676280503,4.888366778534649,-2.6124136787813432,1.0052136313683062,8.705736363794788,0.12067054082980143,-30.65543131994074,-1.1573229341274334,-30.75578145213444,0.6295741068180681,14.317285913895864,0.2719344611720337,-0.04757221192754894,0.00015748,0.047635720153534046,0.00081957,1,0.0
15933,0.00028122595215690493,0.023067537056930994,-1.54e-06,1.7240431676280503,4.888366778534649,-8.332232378289136,1.0052136313683062,9.734736706030334,0.12067054082980143,-54.318194504483024,-1.1573229341274334,68.73633598902704,0.6295741068180681,16.830123883494707,0.2719344611720337,-0.012168362305283766,0.00015748,0.05299007330366131,0.00081957,1,0.0
15934,0.014015212939635091,0.015957143806461415,-1.54e-06,1.7240431676280503,4.888366778534649,3.7805370910047356,1.0052136313683062,13.6778877711153,0.12067054082980143,-35.72696304182706,-1.1573229341274334,-81.60733982195705,0.6295741068180681,16.7971773056626,0.2719344611720337,-0.07933340364292843,0.00015748,0.07932319275654323,0.00081957,1,0.0
15935,0.13285982219732995,0.006063572709029098,-1.54e-06,1.7240431676280503,4.888366778534649,-37.702756587037875,1.0052136313683062,10.889705114209658,0.12067054082980143,-55.624168051221886,-1.1573229341274334,-38.35965603250256,0.6295741068180681,48.74822765698332,0.2719344611720337,-0.054966684790522614,0.00015748,0.054966466464899104,0.00081957,1,0.0
15936,0.1598187572609266,0.007819821961761547,-1.54e-06,1.7240431676280503,4.888366778534649,-46.32523205732518,1.0052136313683062,11.830398192650378,0.12067054082980143,-65.48260437843935,-1.1573229341274334,-40.682181693128214,0.6295741068180681,58.762212239342155,0.2719344611720337,-0.06160731431795216,0.00015748,0.061766030083094295,0.00081957,1,0.0
15937,0.33019797387618166,0.009217354677438342,-1.54e-06,1.7240431676280503,4.888366778534649,-79.18318051834677,1.0052136313683062,3.742745386753783,0.12067054082980143,-33.39433519040319,-1.1573229341274334,-31.842502022618856,0.6295741068180681,70.050547554736,0.2719344611720337,-0.01386534549421147,0.00015748,0.013911850765774227,0.00081957,1,0.0
15938,0.2282595046889639,0.03340406240442624,-1.54e-06,1.7240431676280503,4.888366778534649,-62.72614991059452,1.0052136313683062,-2.350306894022625,0.12067054082980143,-45.75757316430744,-1.1573229341274334,-46.02961354665349,0.6295741068180681,72.61416824650772,0.2719344611720337,-0.07884751044809946,0.00015748,0.07866942383925421,0.00081957,1,0.0
15939,6.688946707973653e-05,0.04438631035611592,-1.54e-06,1.7240431676280503,4.888366778534649,26.892370670286077,1.0052136313683062,6.461173029801059,0.12067054082980143,-11.808201318716343,-1.1573229341274334,41.200776271138416,0.6295741068180681,-13.866943301292073,0.2719344611720337,0.028256546161150167,0.00015748,0.06253141926249223,0.00081957,0,0.0
15940,0.4265037550321066,0.023924863870053315,-1.54e-06,1.7240431676280503,4.888366778534649,-96.48522238321452,1.0052136313683062,-2.0333449301535107,0.12067054082980143,-16.812921619544497,-1.1573229341274334,-45.39469776611979,0.6295741068180681,80.40448741499696,0.2719344611720337,-0.03224814555208818,0.00015748,0.032264377984791114,0.00081957,1,0.0
15941,0.23807840046711745,0.005980583330112059,-1.54e-06,1.7240431676280503,4.888366778534649,-64.5375222011,1.0052136313683062,1.1689682733108873,0.12067054082980143,-35.057990323191966,-1.1573229341274334,-4.4660500508284295,0.6295741068180681,58.91244457908108,0.2719344611720337,-0.00586205936837951,0.00015748,0.005955744303277142,0.00081957,1,0.0
15942,0.10843333878429079,0.009295368395982311,-1.54e-06,1.7240431676280503,4.888366778534649,-22.033791925852174,1.0052136313683062,10.852711159422386,0.12067054082980143,-41.891945412742096,-1.1573229341274334,-76.57498088948417,0.6295741068180681,38.18167637796977,0.2719344611720337,-0.06685249127150264,0.00015748,0.06681515905199359,0.00081957,1,0.0
15943,0.12240257153854557,0.0014400510401450654,-1.54e-06,1.7240431676280503,4.888366778534649,-14.24301416365195,1.0052136313683062,4.482278438031267,0.12067054082980143,-1.3039746652039979,-1.1573229341274334,-78.27146536545156,0.6295741068180681,19.09161018612497,0.2719344611720337,-0.023237378074389105,0.00015748,0.0232403251806285,0.00081957,1,0.0
15944,0.00033567016993193977,0.03120864987667682,-1.54e-06,1.7240431676280503,4.888366778534649,17.487274487165642,1.0052136313683062,10.552366886318977,0.12067054082980143,-29.310211302132554,-1.1573229341274334,-8.585892220403416,0.6295741068180681,1.6449647046555678,0.2719344611720337,-0.013739913369732008,0.00015748,0.07006035784713618,0.00081957,1,0.0
15945,0.000390734886133115,0.024948852195140103,-1.54e-06,1.7240431676280503,4.888366778534649,-6.011069272007173,1.0052136313683062,11.101591257828924,0.12067054082980143,-60.2556345208471,-1.1573229341274334,48.54743013521192,0.6295741068180681,20.617451898615542,0.2719344611720337,-0.020016466550536703,0.00015748,0.06316265456409467,0.00081957,1,0.0
15946,0.0007006205863866882,0.018315808016255725,-1.54e-06,1.7240431676280503,4.888366778534649,4.870324014103358,1.0052136313683062,8.222471353138907,0.12067054082980143,-27.106998065122337,-1.1573229341274334,11.574451467558411,0.6295741068180681,4.644218306681887,0.2719344611720337,-0.014678421388060971,0.00015748,0.04587597895733456,0.00081957,1,0.0
15947,0.0002590084495861372,0.003647938405803474,-1.54e-06,1.7240431676280503,4.888366778534649,-9.62229583580598,1.0052136313683062,5.203619820175217,0.12067054082980143,-25.38814064222236,-1.1573229341274334,32.81952966806368,0.6295741068180681,9.09487827090166,0.2719344611720337,-0.023666612806898475,0.00015748,0.026139054086250717,0.00081957,1,0.0
15948,0.10451291106387738,0.001113706926384165,-1.54e-06,1.7240431676280503,4.888366778534649,-55.77086835032842,1.0052136313683062,6.851464404106729,0.12067054082980143,-74.06844104602246,-1.1573229341274334,71.8541499413797,0.6295741068180681,54.704175681884806,0.2719344611720337,-0.021678744326338373,0.00015748,0.021678814816804906,0.00081957,1,0.0
15949,0.07319311895627958,0.0060459286600737005,-1.54e-06,1.7240431676280503,4.888366778534649,-20.957917112392387,1.0052136313683062,9.802379035097088,0.12067054082980143,-44.10521769225343,-1.1573229341274334,-37.238896432017356,0.6295741068180681,32.977378882674344,0.2719344611720337,-0.05289366016023083,0.00015748,0.053089808602210305,0.00081957,1,0.0
15950,-2.7045289616764445e-05,0.026130705430002,-1.54e-06,1.7240431676280503,4.888366778534649,11.361097596680127,1.0052136313683062,3.8171681146077834,0.12067054082980143,-21.633297728206603,-1.1573229341274334,14.955706423048865,0.6295741068180681,3.206861408386058,0.2719344611720337,0.0014833541929305215,0.00015748,0.05060756950619952,0.00081957,0,0.0
15951,0.25300001538776473,0.005071016541042481,-1.54e-06,1.7240431676280503,4.888366778534649,-65.07452463240445,1.0052136313683062,4.089748521614627,0.12067054082980143,-35.314434766094685,-1.1573229341274334,-12.248603965928275,0.6295741068180681,58.23986604201988,0.2719344611720337,-0.013197471303700076,0.00015748,0.013299640090439506,0.00081957,1,0.0
15952,0.13717294578522457,0.019632271106652267,-1.54e-06,1.7240431676280503,4.888366778534649,-36.142489589172605,1.0052136313683062,17.9369685628941,0.12067054082980143,-75.72033972898146,-1.1573229341274334,-77.19716959561626,0.6295741068180681,57.94734716134429,0.2719344611720337,-0.09627012068104279,0.00015748,0.09630416934618369,0.00081957,1,0.0
15953,0.3165157933387848,0.016728780271019407,-1.54e-06,1.7240431676280503,4.888366778534649,-92.36468340925747,1.0052136313683062,-2.0447199807478684,0.12067054082980143,-40.662018936821156,-1.1573229341274334,41.11004182879173,0.6295741068180681,75.02080519298418,0.2719344611720337,-0.036584432175309704,0.00015748,0.03682384688628499,0.00081957,1,0.0
15954,0.2068053044019895,0.008106583939436765,-1.54e-06,1.7240431676280503,4.888366778534649,-74.10742499523789,1.0052136313683062,-0.15682569010602812,0.12067054082980143,-47.290357272108714,-1.1573229341274334,77.13803837148568,0.6295741068180681,58.74753127104691,0.2719344611720337,-0.03422469555648093,0.00015748,0.03420607356437834,0.00081957,1,0.0
15955,0.13558030492600673,0.0024092365666696647,-1.54e-06,1.7240431676280503,4.888366778534649,-51.46308498428569,1.0052136313683062,0.9821769303381968,0.12067054082980143,-40.75191435785486,-1.1573229341274334,50.8103269082687,0.6295741068180681,44.155648502274154,0.2719344611720337,-0.011466450604970238,0.00015748,0.011435277386439456,0.00081957,1,0.0
15956,0.1753804632782539,0.0021371408582388013,-1.54e-06,1.7240431676280503,4.888366778534649,-47.3946516940035,1.0052136313683062,6.835153804395318,0.12067054082980143,-42.224027473010075,-1.1573229341274334,-20.355276896967627,0.6295741068180681,49.0425189456451,0.2719344611720337,-0.024904224886969226,0.00015748,0.024923921524408307,0.00081957,1,0.0
15957,0.1447900934325679,0.08314013483815601,-1.54e-06,1.7240431676280503,4.888366778534649,-1.894367405438574,1.0052136313683062,17.88078445415542,0.12067054082980143,-98.38063769590407,-1.1573229341274334,67.28224657720168,0.6295741068180681,42.641019119902225,0.2719344611720337,0.028246547536618913,0.00015748,0.1490805309559981,0.00081957,0,0.0
15958,0.2000882015369726,0.002731621700160026,-1.54e-06,1.7240431676280503,4.888366778534649,-41.74759810908708,1.0052136313683062,6.765199401132174,0.12067054082980143,-26.473944602507554,-1.1573229341274334,-60.35499536254105,0.6295741068180681,44.388868611067494,0.2719344611720337,-0.026248655515372792,0.00015748,0.026289125680501024,0.00081957,1,0.0
15959,0.13807309325232092,0.004831288336213192,-1.54e-06,1.7240431676280503,4.888366778534649,-46.86773374897671,1.0052136313683062,-2.0269090963242182,0.12067054082980143,-23.005719434623018,-1.1573229341274334,46.30541935072037,0.6295741068180681,35.83485908197861,0.2719344611720337,-0.02661904073682301,0.00015748,0.026599965852976956,0.00081957,1,0.0
15960,0.2390226543444095,0.003639472989065412,-1.54e-06,1.7240431676280503,4.888366778534649,-44.36810316239812,1.0052136313683062,5.38356606620474,0.12067054082980143,-16.239681163479613,-1.1573229341274334,-83.99476884753825,0.6295741068180681,46.20117623601794,0.2719344611720337,-0.02132006925740551,0.00015748,0.02133619123778794,0.00081957,1,0.0
15961,-2.0893505549790525e-05,0.035747871654990514,-1.54e-06,1.7240431676280503,4.888366778534649,31.904661551974957,1.0052136313683062,7.408905709543093,0.12067054082980143,-0.04292481070935383,-1.1573229341274334,-13.780222849809961,0.6295741068180681,-16.87753510937231,0.2719344611720337,0.013922247259992672,0.00015748,0.056285815093346715,0.00081957,0,0.0
15962,0.04098712110102583,0.0014765050680820356,-1.54e-06,1.7240431676280503,4.888366778534649,-31.76582279993769,1.0052136313683062,-1.2500720162354677,0.12067054082980143,-30.472245355591404,-1.1573229341274334,78.26682192067409,0.6295741068180681,23.653654260167738,0.2719344611720337,-0.020122541191336656,0.00015748,0.020120065526228782,0.00081957,1,0.0
15963,0.00037272311363142907,0.003890890170625416,-1.54e-06,1.7240431676280503,4.888366778534649,-17.052939671085188,1.0052136313683062,-5.343825960974279,0.12067054082980143,-6.368665014807496,-1.1573229341274334,82.00978570667698,0.6295741068180681,5.190384938777718,0.2719344611720337,-0.03915280483601555,0.00015748,0.039147928432156406,0.00081957,1,0.0
15964,0.2688468014129192,0.00538980070256545,-1.54e-06,1.7240431676280503,4.888366778534649,-85.64392466035157,1.0052136313683062,11.87378631859034,0.12067054082980143,-88.69287183097859,-1.1573229341274334,6.5596581759506245,0.6295741068180681,87.86980664181696,0.2719344611720337,-0.04226963830869757,0.00015748,0.04231476958071432,0.00081957,1,0.0
15965,0.0010734095379184572,0.07345519862166183,-1.54e-06,1.7240431676280503,4.888366778534649,51.54266915534235,1.0052136313683062,17.745436800979636,0.12067054082980143,-40.512214710435636,-1.1573229341274334,-21.87759071327883,0.6295741068180681,-9.132102698721452,0.2719344611720337,0.002189987524357756,0.00015748,0.14242102591489791,0.00081957,0,0.0
15966,0.0014485782118631163,0.07190180623281654,-1.54e-06,1.7240431676280503,4.888366778534649,45.173872551224036,1.0052136313683062,21.393955294952704,0.12067054082980143,-45.16877606235058,-1.1573229341274334,-95.64920889850208,0.6295741068180681,1.0798362308037321,0.2719344611720337,-0.06169056013602152,0.00015748,0.15908323948587771,0.00081957,1,0.0
15967,0.027461159558552495,0.06098527872477613,-1.54e-06,1.7240431676280503,4.888366778534649,6.587713657789894,1.0052136313683062,5.921501514828144,0.12067054082980143,-63.835650289739284,-1.1573229341274334,99.14533903008392,0.6295741068180681,19.438332425771456,0.2719344611720337,0.02644231979877147,0.00015748,0.10007972056660656,0.00081957,0,0.0
15968,0.00012046998979020618,0.04255063719133752,-1.54e-06,1.7240431676280503,4.888366778534649,8.706332671374543,1.0052136313683062,16.714518177846923,0.12067054082980143,-66.60781278619153,-1.1573229341274334,-0.07869631781555149,0.6295741068180681,19.46203570974389,0.2719344611720337,-0.04470840422328624,0.00015748,0.10644565686651883,0.00081957,1,0.0
15969,0.41601481465768375,0.01353445438966636,-1.54e-06,1.7240431676280503,4.888366778534649,-88.28307189816341,1.0052136313683062,4.684143846196545,0.12067054082980143,-26.064317080864676,-1.1573229341274334,-81.6843866641087,0.6295741068180681,79.87658633133458,0.2719344611720337,-0.010824502541799489,0.00015748,0.010816765166227505,0.00081957,1,0.0
15970,0.3102420706309015,0.02023891403721176,-1.54e-06,1.7240431676280503,4.888366778534649,-97.8324059330502,1.0052136313683062,-2.822115672308077,0.12067054082980143,-44.69162556703591,-1.1573229341274334,76.08952862184486,0.6295741068180681,75.40849127368033,0.2719344611720337,-0.052679711702365566,0.00015748,0.05265816963513934,0.00081957,1,0.0
15971,0.0010371033940765884,0.08946037976183191,-1.54e-06,1.7240431676280503,4.888366778534649,52.12956001857996,1.0052136313683062,22.31227560757238,0.12067054082980143,-67.50404893259372,-1.1573229341274334,2.7435122676396646,0.6295741068180681,-0.9740494002336688,0.2719344611720337,-0.0002783781751288239,0.00015748,0.17494635991401922,0.00081957,1,0.0
15972,0.10412907757093443,0.000888827415451021,-1.54e-06,1.7240431676280503,4.888366778534649,-54.47010266572601,1.0052136313683062,4.353052403134534,0.12067054082980143,-63.910642884907595,-1.1573229341274334,78.46725895129693,0.6295741068180681,49.951677114627806,0.2719344611720337,-0.012323227169531608,0.00015748,0.012384769266502232,0.00081957,1,0.0
15973,0.024729751772184394,0.07457466208012811,-1.54e-06,1.7240431676280503,4.888366778534649,29.07271369755144,1.0052136313683062,13.176862832287386,0.12067054082980143,-65.35778372956533,-1.1573229341274334,31.382175778292297,0.6295741068180681,13.211370783593411,0.2719344611720337,0.0041484621628402885,0.00015748,0.14595766729822743,0.00081957,0,0.0
15974,0.22794069635409672,0.0054416416394431535,-1.54e-06,1.7240431676280503,4.888366778534649,-65.44297485051413,1.0052136313683062,11.260985696585413,0.12067054082980143,-70.32101758763218,-1.1573229341274334,-28.264465909646265,0.6295741068180681,72.02114297334052,0.2719344611720337,-0.04806282742787016,0.00015748,0.04806838213550774,0.00081957,1,0.0
15975,0.10167412608527009,0.0019016137073032584,-1.54e-06,1.7240431676280503,4.888366778534649,-55.36984090318317,1.0052136313683062,8.428164774353162,0.12067054082980143,-80.04326138909964,-1.1573229341274334,65.12393516172335,0.6295741068180681,57.120688703377645,0.2719344611720337,-0.030301130396322058,0.00015748,0.030321713131901486,0.00081957,1,0.0
15976,0.0006406737121348594,0.02902840695348053,-1.54e-06,1.7240431676280503,4.888366778534649,4.15440281322879,1.0052136313683062,13.483504768627615,0.12067054082980143,-50.06148827734662,-1.1573229341274334,12.538449765598367,0.6295741068180681,13.0150054698779,0.2719344611720337,-0.03155661116372228,0.00015748,0.07493334555992545,0.00081957,1,0.0
15977,0.12904603110083937,0.0027698001138817424,-1.54e-06,1.7240431676280503,4.888366778534649,-27.848594348680887,1.0052136313683062,7.439841654219465,0.12067054082980143,-29.413190276200556,-1.1573229341274334,-50.826528161372835,0.6295741068180681,34.5700434155125,0.2719344611720337,-0.03579742952543401,0.00015748,0.035723103897037145,0.00081957,1,0.0
15978,0.15593795063250215,0.0022186695834908255,-1.54e-06,1.7240431676280503,4.888366778534649,-62.58095262027781,1.0052136313683062,8.58789276123243,0.12067054082980143,-75.91351403218596,-1.1573229341274334,40.94058258714668,0.6295741068180681,63.6909191698746,0.2719344611720337,-0.02985419938384285,0.00015748,0.02986996286323524,0.00081957,1,0.0
15979,-4.700877286878402e-07,0.09743233761321908,-1.54e-06,1.7240431676280503,4.888366778534649,81.68919835417232,1.0052136313683062,22.071578281379264,0.12067054082980143,-19.817649172968196,-1.1573229341274334,-41.86188751220011,0.6295741068180681,-33.882438694682826,0.2719344611720337,0.02619990000619485,0.00015748,0.16537781650762443,0.00081957,0,0.0
15980,-6.347656210659025e-06,0.07462171796121864,-1.54e-06,1.7240431676280503,4.888366778534649,34.05692613558331,1.0052136313683062,20.090953873562277,0.12067054082980143,-73.08450895902178,-1.1573229341274334,28.51058366831169,0.6295741068180681,7.636979951045771,0.2719344611720337,-0.0040466680062195,0.00015748,0.14735324477266842,0.00081957,1,0.0
15981,0.01339897881205827,2.3123561931696428e-05,-1.54e-06,1.7240431676280503,4.888366778534649,-7.769516003876858,1.0052136313683062,0.8731518966257668,0.12067054082980143,-9.991759480403282,-1.1573229341274334,12.372550483757246,0.6295741068180681,7.142565363379142,0.2719344611720337,-0.0030492456166030493,0.00015748,0.003049276055573019,0.00081957,1,0.0
15982,0.13044172374420301,0.0020846104021915307,-1.54e-06,1.7240431676280503,4.888366778534649,-24.738681912341644,1.0052136313683062,6.084558083170876,0.12067054082980143,-20.536190530631735,-1.1573229341274334,-58.340011190621134,0.6295741068180681,30.624225794900212,0.2719344611720337,-0.030501347361498496,0.00015748,0.03049718875388098,0.00081957,1,0.0
15983,0.20834926682334365,0.0029435869521324052,-1.54e-06,1.7240431676280503,4.888366778534649,-35.97817741270478,1.0052136313683062,5.392572295052056,0.12067054082980143,-12.874215711006359,-1.1573229341274334,-86.19290430616309,0.6295741068180681,39.44244695463471,0.2719344611720337,-0.024443072611976695,0.00015748,0.024465990651555497,0.00081957,1,0.0
15984,-4.800635265382602e-05,0.04919620409558525,-1.54e-06,1.7240431676280503,4.888366778534649,25.007972231454467,1.0052136313683062,4.4143429909097165,0.12067054082980143,-16.477695763755133,-1.1573229341274334,69.47126580245241,0.6295741068180681,-11.79154805470522,0.2719344611720337,0.03992731099160692,0.00015748,0.0645614435507746,0.00081957,0,0.0
15985,0.1941672220863591,0.012642504970729879,-1.54e-06,1.7240431676280503,4.888366778534649,-70.17812386827153,1.0052136313683062,-0.2713120444193309,0.12067054082980143,-61.73155981228744,-1.1573229341274334,31.212328619813395,0.6295741068180681,70.79008917808893,0.2719344611720337,-0.03678789509901115,0.00015748,0.03681853760355201,0.00081957,1,0.0
15986,0.0023635719037726766,0.057010132231770164,-1.54e-06,1.7240431676280503,4.888366778534649,1.1335500667517993,1.0052136313683062,26.237930318821043,0.12067054082980143,-74.57848988374948,-1.1573229341274334,-27.77469143592854,0.6295741068180681,20.5738083020817,0.2719344611720337,-0.1021158148503479,0.00015748,0.12530431660765937,0.00081957,1,0.0
15987,0.2907809677767743,0.010820331801672734,-1.54e-06,1.7240431676280503,4.888366778534649,-70.58106448446216,1.0052136313683062,15.0310451949964,0.12067054082980143,-73.23046345376129,-1.1573229341274334,-83.21701308210206,0.6295741068180681,82.69420242654951,0.2719344611720337,-0.07025011470405876,0.00015748,0.07032411219619605,0.00081957,1,0.0
15988,0.1830986083666746,0.011991470379515574,-1.54e-06,1.7240431676280503,4.888366778534649,-60.146314696498294,1.0052136313683062,15.627353273932826,0.12067054082980143,-91.07783261806053,-1.1573229341274334,-28.111750586182442,0.6295741068180681,74.92362587481078,0.2719344611720337,-0.07679304397103086,0.00015748,0.07693336519443254,0.00081957,1,0.0
15989,0.03585187621844174,0.014093238417770042,-1.54e-06,1.7240431676280503,4.888366778534649,-8.251609961942906,1.0052136313683062,12.90817783829333,0.12067054082980143,-47.35322605630196,-1.1573229341274334,-63.46630605791586,0.6295741068180681,27.94535482678897,0.2719344611720337,-0.0773809810794305,0.00015748,0.07746450288478346,0.00081957,1,0.0
15990,0.00048805053722389413,0.10473970224314975,-1.54e-06,1.7240431676280503,4.888366778534649,62.21209339678883,1.0052136313683062,26.944994859567412,0.12067054082980143,-68.22974660008688,-1.1573229341274334,-60.86677460584159,0.6295741068180681,-1.0696940659476661,0.2719344611720337,-0.03808663261536199,0.00015748,0.2087120115220533,0.00081957,1,0.0
15991,0.14759717021303354,0.026459801902979363,-1.54e-06,1.7240431676280503,4.888366778534649,-35.66146502957748,1.0052136313683062,14.248870309915832,0.12067054082980143,-33.72940593230522,-1.1573229341274334,-2.926429317670701,0.6295741068180681,28.320792404917217,0.2719344611720337,-0.07871313158391954,0.00015748,0.07945512421376166,0.00081957,1,0.0
15992,0.25214329000349206,0.004836548735450316,-1.54e-06,1.7240431676280503,4.888366778534649,-76.47954174056237,1.0052136313683062,10.488426727282791,0.12067054082980143,-76.60068625837603,-1.1573229341274334,-7.229382389195124,0.6295741068180681,79.4666488585529,0.2719344611720337,-0.039133083360113355,0.00015748,0.03923495760480426,0.00081957,1,0.0
15993,7.497975249640132e-05,0.040697268951542215,-1.54e-06,1.7240431676280503,4.888366778534649,24.712252889851705,1.0052136313683062,13.169490277786664,0.12067054082980143,-32.89126550444819,-1.1573229341274334,-17.56184229748016,0.6295741068180681,-0.3242900950477141,0.2719344611720337,-0.016627319621079793,0.00015748,0.08839200873572198,0.00081957,1,0.0
15994,0.000505639814604053,0.08749443868245609,-1.54e-06,1.7240431676280503,4.888366778534649,62.44202493713039,1.0052136313683062,17.995489568049027,0.12067054082980143,-46.56639255079713,-1.1573229341274334,8.291515408349078,0.6295741068180681,-13.251687366006726,0.2719344611720337,0.029897018262455027,0.00015748,0.16162504696872118,0.00081957,0,0.0
15995,0.07811493764647465,0.008901104547881237,-1.54e-06,1.7240431676280503,4.888366778534649,-37.09077601111446,1.0052136313683062,-6.681617793725685,0.12067054082980143,-9.882603052403969,-1.1573229341274334,85.938611279245,0.6295741068180681,20.46506294531055,0.2719344611720337,-0.051243086850285516,0.00015748,0.05124504070251204,0.00081957,1,0.0
15996,0.19455771444648334,0.006229256947663512,-1.54e-06,1.7240431676280503,4.888366778534649,-41.824777371408594,1.0052136313683062,-1.8186601519868977,0.12067054082980143,-6.903802777727231,-1.1573229341274334,-38.60154359580815,0.6295741068180681,38.55556462498442,0.2719344611720337,-0.018078999064956365,0.00015748,0.018056762028986255,0.00081957,1,0.0
15997,0.26276682643772314,0.006284429667585547,-1.54e-06,1.7240431676280503,4.888366778534649,-76.14131892320063,1.0052136313683062,2.7116506392086404,0.12067054082980143,-46.930219974199524,-1.1573229341274334,15.213467438856497,0.6295741068180681,67.70250570516603,0.2719344611720337,-0.009107488677250095,0.00015748,0.009106071250285059,0.00081957,1,0.0
15998,0.0009866183384539817,0.07491876822223997,-1.54e-06,1.7240431676280503,4.888366778534649,20.80744839077819,1.0052136313683062,26.32730930240462,0.12067054082980143,-66.8293393432667,-1.1573229341274334,-11.90800417408951,0.6295741068180681,7.080235748445946,0.2719344611720337,-0.06650910920694435,0.00015748,0.1414157356294128,0.00081957,1,0.0
15999,0.29856623526908654,0.005518056164002806,-1.54e-06,1.7240431676280503,4.888366778534649,-78.69470443878161,1.0052136313683062,7.380291915927011,0.12067054082980143,-55.703758192140356,-1.1573229341274334,-26.109937577550568,0.6295741068180681,76.51608675714158,0.2719344611720337,-0.020990565504426996,0.00015748,0.02098680905559258,0.00081957,1,0.0
16000,1.939348457347112e-05,0.024520982995549938,-1.54e-06,2.663793954946504,5.214432986554706,48.90542555896611,1.0052136313683062,14.741228567922812,0.12067054082980143,-82.3220023380649,-1.1573229341274334,24.612363907697443,0.6295741068180681,14.27888792497363,0.2719344611720337,-0.012766434736939149,0.00015748,0.057118545537359434,0.00081957,1,0.0
16001,0.05128226375252258,0.00043227753313738803,-1.54e-06,2.663793954946504,5.214432986554706,-35.22597868538873,1.0052136313683062,4.936281407236695,0.12067054082980143,-48.861217914796896,-1.1573229341274334,22.022165793023103,0.6295741068180681,37.15461984310131,0.2719344611720337,-0.014350098220064476,0.00015748,0.014386798191544477,0.00081957,1,0.0
16002,0.026677967514623882,0.013300988968151945,-1.54e-06,2.663793954946504,5.214432986554706,23.74671306638461,1.0052136313683062,-3.5869632580274997,0.12067054082980143,-6.797629244031073,-1.1573229341274334,-67.96097048287973,0.6295741068180681,17.33499347061991,0.2719344611720337,-0.056293361358621466,0.00015748,0.05637684359122069,0.00081957,1,0.0
16003,0.033264137328635965,0.0008775234402378715,-1.54e-06,2.663793954946504,5.214432986554706,-33.677778697640605,1.0052136313683062,6.3371824025032275,0.12067054082980143,-65.14890246290972,-1.1573229341274334,40.45255587446514,0.6295741068180681,41.361301751761815,0.2719344611720337,-0.019803895623726104,0.00015748,0.019804516044082832,0.00081957,1,0.0
16004,0.22650981685999316,0.0024696927484651656,-1.54e-06,2.663793954946504,5.214432986554706,-82.11892429115589,1.0052136313683062,6.483083691786791,0.12067054082980143,-45.914907081756134,-1.1573229341274334,-71.3949781879977,0.6295741068180681,75.24755790598391,0.2719344611720337,-0.018369342301046723,0.00015748,0.01836789948327613,0.00081957,1,0.0
16005,0.11896628294356376,0.0006409095775076165,-1.54e-06,2.663793954946504,5.214432986554706,-60.318829302189855,1.0052136313683062,4.519697175976908,0.12067054082980143,-44.749089950578906,-1.1573229341274334,-1.0588424248575286,0.6295741068180681,51.76406302757026,0.2719344611720337,-0.011298573822587138,0.00015748,0.011300466189062388,0.00081957,1,0.0
16006,3.627608600126342e-05,0.006402312482623024,-1.54e-06,2.663793954946504,5.214432986554706,30.307064940872362,1.0052136313683062,8.388961150769267,0.12067054082980143,-49.662813732143874,-1.1573229341274334,-35.438788159380195,0.6295741068180681,16.25340638095347,0.2719344611720337,-0.03332954433952006,0.00015748,0.03964146005195001,0.00081957,1,0.0
16007,0.1004407939225717,0.016834904806324855,-1.54e-06,2.663793954946504,5.214432986554706,-47.03933370733275,1.0052136313683062,-0.4092034842045275,0.12067054082980143,-73.45145488993484,-1.1573229341274334,2.7703292290479515,0.6295741068180681,75.69765723358823,0.2719344611720337,-0.06071260682412642,0.00015748,0.06070609606320815,0.00081957,1,0.0
16008,0.09395986467274717,0.0006909356992658927,-1.54e-06,2.663793954946504,5.214432986554706,-87.24831304671166,1.0052136313683062,6.279882978858388,0.12067054082980143,-94.44611319066223,-1.1573229341274334,85.72296712569997,0.6295741068180681,76.72958368479367,0.2719344611720337,-0.016583431527879767,0.00015748,0.01658075712177153,0.00081957,1,0.0
16009,0.0004811781958197533,0.035749808235290025,-1.54e-06,2.663793954946504,5.214432986554706,31.984472259810072,1.0052136313683062,-0.540091662903356,0.12067054082980143,-66.81198755376634,-1.1573229341274334,20.655331697527664,0.6295741068180681,37.41695876290871,0.2719344611720337,-0.05930748932505882,0.00015748,0.08650259429177108,0.00081957,1,0.0
16010,0.06869562898600752,0.0008284337148920725,-1.54e-06,2.663793954946504,5.214432986554706,-11.102918575135003,1.0052136313683062,3.9904000131465134,0.12067054082980143,-3.823461202278696,-1.1573229341274334,-51.158940640877105,0.6295741068180681,12.08820118137423,0.2719344611720337,-0.012558184860244731,0.00015748,0.012580386893424176,0.00081957,1,0.0
16011,0.09537560072999618,0.00042578092512502125,-1.54e-06,2.663793954946504,5.214432986554706,-76.15537241028402,1.0052136313683062,2.4861159442186858,0.12067054082980143,-51.79026932481669,-1.1573229341274334,55.812678400289066,0.6295741068180681,54.73167915486937,0.2719344611720337,-0.005040895391794504,0.00015748,0.0050407506299237495,0.00081957,1,0.0
16012,0.02750325814536761,0.007083681025502397,-1.54e-06,2.663793954946504,5.214432986554706,-4.573519572669592,1.0052136313683062,13.028030440078782,0.12067054082980143,-54.30346009654671,-1.1573229341274334,-14.702195124309608,0.6295741068180681,20.037945747831667,0.2719344611720337,-0.04144698588125204,0.00015748,0.04158595545680311,0.00081957,1,0.0
16013,0.11635018877326546,0.0009175115296885331,-1.54e-06,2.663793954946504,5.214432986554706,-37.12125593845247,1.0052136313683062,5.619587188970563,0.12067054082980143,-37.02682410692445,-1.1573229341274334,-44.40485677247077,0.6295741068180681,43.602590888019925,0.2719344611720337,-0.018528884058436598,0.00015748,0.018551954882813623,0.00081957,1,0.0
16014,0.1851620224797757,0.0015697810211767328,-1.54e-06,2.663793954946504,5.214432986554706,-97.1739130986388,1.0052136313683062,7.397942704404837,0.12067054082980143,-77.36196863544194,-1.1573229341274334,6.10948550201443,0.6295741068180681,85.20810826977424,0.2719344611720337,-0.01912814669972045,0.00015748,0.01912789032279726,0.00081957,1,0.0
16015,0.000507831566365885,0.015832864449793517,-1.54e-06,2.663793954946504,5.214432986554706,42.86659742005683,1.0052136313683062,8.150976437091371,0.12067054082980143,-72.62016781846425,-1.1573229341274334,-52.70347979266602,0.6295741068180681,32.15932055299507,0.2719344611720337,-0.06182234800306138,0.00015748,0.06867362718536074,0.00081957,1,0.0
16016,0.05510110422402183,0.0016755571215818553,-1.54e-06,2.663793954946504,5.214432986554706,-76.52601316353854,1.0052136313683062,-1.9887896769592373,0.12067054082980143,-22.7846627043412,-1.1573229341274334,93.8364088582146,0.6295741068180681,33.32638386610736,0.2719344611720337,-0.0231670811836951,0.00015748,0.02316965813308383,0.00081957,1,0.0
16017,0.04999355168014355,0.09238618762252637,-1.54e-06,2.663793954946504,5.214432986554706,36.94628865078025,1.0052136313683062,-11.802625403682582,0.12067054082980143,-41.18467271208928,-1.1573229341274334,82.42707518148009,0.6295741068180681,35.76214890969725,0.2719344611720337,-0.06532355115815164,0.00015748,0.14288208364043897,0.00081957,1,0.0
16018,5.339153978854705e-05,0.01312400103384197,-1.54e-06,2.663793954946504,5.214432986554706,17.83637426519112,1.0052136313683062,6.4400753680198735,0.12067054082980143,-54.1699100993915,-1.1573229341274334,36.291857803299486,0.6295741068180681,16.701069393279766,0.2719344611720337,-0.005266220559762176,0.00015748,0.030764308473495046,0.00081957,1,0.0
16019,0.17364097887703236,0.006499389956325278,-1.54e-06,2.663793954946504,5.214432986554706,-64.88045580015977,1.0052136313683062,-2.637049876095115,0.12067054082980143,-15.753358044699489,-1.1573229341274334,-50.52606645705714,0.6295741068180681,58.2105051630999,0.2719344611720337,-0.028005901169316505,0.00015748,0.02816707101021939,0.00081957,1,0.0
16020,0.0004903036531313555,0.02123093433841315,-1.54e-06,2.663793954946504,5.214432986554706,10.55981826237084,1.0052136313683062,1.6622020280767185,0.12067054082980143,-29.160481456401428,-1.1573229341274334,88.53174842182916,0.6295741068180681,2.7587591597793395,0.2719344611720337,0.010617194723255058,0.00015748,0.032336066867017746,0.00081957,0,0.0
16021,0.0002891893621149999,0.011329785113615595,-1.54e-06,2.663793954946504,5.214432986554706,34.22343501088256,1.0052136313683062,6.5866001022376,0.12067054082980143,-45.71335711924721,-1.1573229341274334,-13.014850637444704,0.6295741068180681,12.763297321593631,0.2719344611720337,-0.020400899119444347,0.00015748,0.039147537512991756,0.00081957,1,0.0
16022,0.16460341302287174,0.003304012582882591,-1.54e-06,2.663793954946504,5.214432986554706,-67.06969242185569,1.0052136313683062,8.307943368090527,0.12067054082980143,-82.68283643706599,-1.1573229341274334,-28.61864923775668,0.6295741068180681,81.87794209260507,0.2719344611720337,-0.03532587749237462,0.00015748,0.035352724273212635,0.00081957,1,0.0
16023,0.03488107519952355,0.01642573615000208,-1.54e-06,2.663793954946504,5.214432986554706,3.6689173764205507,1.0052136313683062,3.0848873760247884,0.12067054082980143,-71.69655714017786,-1.1573229341274334,-24.929298472302154,0.6295741068180681,51.33823311589606,0.2719344611720337,-0.06525808999716481,0.00015748,0.06646213737601853,0.00081957,1,0.0
16024,0.10979145923046627,0.0009658920329841708,-1.54e-06,2.663793954946504,5.214432986554706,-26.746894251803592,1.0052136313683062,5.431481058037022,0.12067054082980143,-30.586401897984658,-1.1573229341274334,-58.60847737491573,0.6295741068180681,37.856147026915465,0.2719344611720337,-0.01987206236608935,0.00015748,0.019874569886113608,0.00081957,1,0.0
16025,0.17351407796648388,0.005134438530926943,-1.54e-06,2.663793954946504,5.214432986554706,-42.126921779145334,1.0052136313683062,14.122910716408757,0.12067054082980143,-88.20679834251655,-1.1573229341274334,-87.0112324057518,0.6295741068180681,76.96919031193953,0.2719344611720337,-0.05054855754416665,0.00015748,0.050554142778681865,0.00081957,1,0.0
16026,0.021147468999492172,0.017589748813105644,-1.54e-06,2.663793954946504,5.214432986554706,31.507171754822227,1.0052136313683062,-0.6301490280802046,0.12067054082980143,-30.2310959944947,-1.1573229341274334,-69.3003027633991,0.6295741068180681,25.995141544962006,0.2719344611720337,-0.06534419869512287,0.00015748,0.06706339132594161,0.00081957,1,0.0
16027,0.013331092412903447,0.0063521427426396215,-1.54e-06,2.663793954946504,5.214432986554706,-6.039533334247849,1.0052136313683062,-0.3052504749609855,0.12067054082980143,-40.623742975907106,-1.1573229341274334,7.40978095492542,0.6295741068180681,31.572279090678872,0.2719344611720337,-0.038387817397943814,0.00015748,0.038403583645023685,0.00081957,1,0.0
16028,0.04120593146263268,0.031086961925908454,-1.54e-06,2.663793954946504,5.214432986554706,8.669492125182142,1.0052136313683062,-8.05182105380246,0.12067054082980143,-15.742950398179692,-1.1573229341274334,-42.65822189276218,0.6295741068180681,34.27870951529048,0.2719344611720337,-0.077822759052286,0.00015748,0.08082297725747317,0.00081957,1,0.0
16029,0.01442772996477057,0.02202336125826042,-1.54e-06,2.663793954946504,5.214432986554706,41.81837559613,1.0052136313683062,2.479146351853808,0.12067054082980143,-51.20700536941338,-1.1573229341274334,-80.34114130705947,0.6295741068180681,33.133327318617674,0.2719344611720337,-0.07773855049549748,0.00015748,0.07881904412153425,0.00081957,1,0.0
16030,7.061175275990816e-06,0.03819608252509533,-1.54e-06,2.663793954946504,5.214432986554706,59.29695179214933,1.0052136313683062,12.977728968626018,0.12067054082980143,-83.38891408882431,-1.1573229341274334,92.34461956040077,0.6295741068180681,6.325540694881291,0.2719344611720337,0.02308021043801395,0.00015748,0.05706231679089285,0.00081957,0,0.0
16031,0.0003785327429352142,0.019144309193962553,-1.54e-06,2.663793954946504,5.214432986554706,45.633813485768755,1.0052136313683062,5.466397889991099,0.12067054082980143,-0.771786556073897,-1.1573229341274334,-4.075097033896122,0.6295741068180681,-21.503268873985668,0.2719344611720337,0.0013920925566448597,0.00015748,0.03414419556942301,0.00081957,0,0.0
16032,0.00010239273497479259,0.03202140846042712,-1.54e-06,2.663793954946504,5.214432986554706,49.362748604835744,1.0052136313683062,1.1295758065863277,0.12067054082980143,-2.4482937683093065,-1.1573229341274334,60.8147430083204,0.6295741068180681,-21.970977663579202,0.2719344611720337,0.013457147438679852,0.00015748,0.05062800820767687,0.00081957,0,0.0
16033,0.07245338897578578,0.006488508439267782,-1.54e-06,2.663793954946504,5.214432986554706,-36.98399192580788,1.0052136313683062,6.925136971288414,0.12067054082980143,-93.44602474730499,-1.1573229341274334,12.861617504856142,0.6295741068180681,69.1072067258276,0.2719344611720337,-0.0460405721960313,0.00015748,0.04610200039786753,0.00081957,1,0.0
16034,0.06931642184474296,0.02957910597754821,-1.54e-06,2.663793954946504,5.214432986554706,-89.78398060861208,1.0052136313683062,8.455492172678516,0.12067054082980143,-24.081194026663276,-1.1573229341274334,97.21986781565056,0.6295741068180681,18.902137267693796,0.2719344611720337,-0.08360762910165659,0.00015748,0.0833049095225119,0.00081957,1,0.0
16035,0.14952932943967423,0.0012185785785539236,-1.54e-06,2.663793954946504,5.214432986554706,-69.0376804652008,1.0052136313683062,6.838100548582946,0.12067054082980143,-62.409125512093965,-1.1573229341274334,-13.343685675552475,0.6295741068180681,67.09276240068118,0.2719344611720337,-0.019975870071122368,0.00015748,0.019978299239207315,0.00081957,1,0.0
16036,0.025192600148275034,0.007958157192307629,-1.54e-06,2.663793954946504,5.214432986554706,-46.54600672044404,1.0052136313683062,2.1731930764814784,0.12067054082980143,-93.209585730588,-1.1573229341274334,82.38901195946904,0.6295741068180681,66.2318213259059,0.2719344611720337,-0.0414287454801456,0.00015748,0.04155846817979151,0.00081957,1,0.0
16037,0.0017370427931370502,0.0007743599322452244,-1.54e-06,2.663793954946504,5.214432986554706,-27.59861172460374,1.0052136313683062,5.149252626696343,0.12067054082980143,-62.3966254263278,-1.1573229341274334,61.577988146917676,0.6295741068180681,33.9342196543084,0.2719344611720337,-0.016136696752451392,0.00015748,0.01618111893453593,0.00081957,1,0.0
16038,0.0008209482010997637,0.027629936332646668,-1.54e-06,2.663793954946504,5.214432986554706,79.87581412502871,1.0052136313683062,12.988826157202238,0.12067054082980143,-71.19972888451353,-1.1573229341274334,-21.987587531924824,0.6295741068180681,7.824602105954084,0.2719344611720337,-0.017617290440801382,0.00015748,0.06777169193140983,0.00081957,1,0.0
16039,0.20313760847539755,0.001944490227467504,-1.54e-06,2.663793954946504,5.214432986554706,-89.74882695358248,1.0052136313683062,6.321897599304679,0.12067054082980143,-53.404300635702675,-1.1573229341274334,-31.114193889890487,0.6295741068180681,75.06489643005207,0.2719344611720337,-0.015273268051173692,0.00015748,0.015318141420471701,0.00081957,1,0.0
16040,0.00025123260699241173,0.001707879891312839,-1.54e-06,2.663793954946504,5.214432986554706,3.7848511085321754,1.0052136313683062,0.9019204621264025,0.12067054082980143,-23.641323059996704,-1.1573229341274334,-2.3307853290613245,0.6295741068180681,14.509571456777374,0.2719344611720337,-0.021240304712730345,0.00015748,0.02126778150622022,0.00081957,1,0.0
16041,0.0008766319942004608,0.03228964821925613,-1.54e-06,2.663793954946504,5.214432986554706,78.26604296514851,1.0052136313683062,14.93391769832615,0.12067054082980143,-69.38144901865228,-1.1573229341274334,10.086634613833132,0.6295741068180681,-1.1370951154392923,0.2719344611720337,0.0007167198548542683,0.00015748,0.062248580670048466,0.00081957,0,0.0
16042,0.06201817223980027,0.03567544240704918,-1.54e-06,2.663793954946504,5.214432986554706,-42.62409070464558,1.0052136313683062,-11.13822020517292,0.12067054082980143,-36.937215918841936,-1.1573229341274334,32.651227207764,0.6295741068180681,60.85261652447564,0.2719344611720337,-0.08110822087880812,0.00015748,0.0813573847748395,0.00081957,1,0.0
16043,0.00019591243259679814,0.04616659560823799,-1.54e-06,2.663793954946504,5.214432986554706,80.46569334059353,1.0052136313683062,4.400279109046268,0.12067054082980143,-23.31157416124043,-1.1573229341274334,83.26547979488295,0.6295741068180681,-24.699576290041662,0.2719344611720337,0.032969694149053784,0.00015748,0.06367559700758686,0.00081957,0,0.0
16044,0.08122700858132298,0.0037443024939963114,-1.54e-06,2.663793954946504,5.214432986554706,-17.93303015478185,1.0052136313683062,7.809708792232734,0.12067054082980143,-65.92193462403618,-1.1573229341274334,-38.70742745633423,0.6295741068180681,50.59649331934967,0.2719344611720337,-0.039348339272046146,0.00015748,0.0395031141884017,0.00081957,1,0.0
16045,0.00021250966380366443,0.029379953889120236,-1.54e-06,2.663793954946504,5.214432986554706,71.1562529827699,1.0052136313683062,5.088185499654393,0.12067054082980143,-19.25136392939954,-1.1573229341274334,15.091859227094067,0.6295741068180681,-17.06722638145443,0.2719344611720337,0.024098043262956736,0.00015748,0.03743442631757429,0.00081957,0,0.0
16046,0.14371779977520288,0.00136878015521055,-1.54e-06,2.663793954946504,5.214432986554706,-54.42016444292821,1.0052136313683062,7.606662989617959,0.12067054082980143,-55.09566222058203,-1.1573229341274334,-37.01688471700293,0.6295741068180681,59.13610893514587,0.2719344611720337,-0.02308744925089326,0.00015748,0.023098786605699084,0.00081957,1,0.0
16047,0.00034682016859549636,0.01435391028044438,-1.54e-06,2.663793954946504,5.214432986554706,71.92860250848857,1.0052136313683062,15.06101446568779,0.12067054082980143,-50.677832877311154,-1.1573229341274334,-97.11322503749442,0.6295741068180681,1.593279223927033,0.2719344611720337,-0.04384947308684056,0.00015748,0.05881667618958843,0.00081957,1,0.0
16048,0.0003113326105461181,0.01682419371130631,-1.54e-06,2.663793954946504,5.214432986554706,-1.6261163265519112,1.0052136313683062,-2.5084755606189444,0.12067054082980143,-11.589853751916495,-1.1573229341274334,83.08335482267113,0.6295741068180681,2.1393277933288677,0.2719344611720337,-0.002705443143908401,0.00015748,0.03440175770123456,0.00081957,1,0.0
16049,0.00022429353545852515,0.014170634961989547,-1.54e-06,2.663793954946504,5.214432986554706,41.065276742938856,1.0052136313683062,12.983376791406835,0.12067054082980143,-77.51235063948567,-1.1573229341274334,-22.772154099550985,0.6295741068180681,22.80740129641894,0.2719344611720337,-0.03674296671326917,0.00015748,0.05531294237877475,0.00081957,1,0.0
16050,0.05629500689519165,0.005178188170542749,-1.54e-06,2.663793954946504,5.214432986554706,8.137175650172322,1.0052136313683062,12.000315393842662,0.12067054082980143,-70.33824054492294,-1.1573229341274334,-64.09908314344304,0.6295741068180681,39.733270040330396,0.2719344611720337,-0.04833027139467034,0.00015748,0.048315287659408006,0.00081957,1,0.0
16051,9.556364618759638e-05,0.007768917738456439,-1.54e-06,2.663793954946504,5.214432986554706,32.06231674950522,1.0052136313683062,7.107200589976737,0.12067054082980143,-36.11081404226455,-1.1573229341274334,-25.846524301670993,0.6295741068180681,7.227884821472774,0.2719344611720337,-0.019099394170878234,0.00015748,0.031796703853228796,0.00081957,1,0.0
16052,0.0002458768588854965,0.013284981471315991,-1.54e-06,2.663793954946504,5.214432986554706,28.144548594985686,1.0052136313683062,5.055111840343426,0.12067054082980143,-43.898116653422136,-1.1573229341274334,12.735438759082992,0.6295741068180681,12.478800471870647,0.2719344611720337,-0.01053863733010598,0.00015748,0.03501616202692058,0.00081957,1,0.0
16053,0.007199247248076759,8.109916674295246e-05,-1.54e-06,2.663793954946504,5.214432986554706,2.0845858293941575,1.0052136313683062,1.3136936034333329,0.12067054082980143,-6.143171117682683,-1.1573229341274334,-10.584198989925302,0.6295741068180681,3.5105867023278288,0.2719344611720337,-0.005275031643153815,0.00015748,0.0053166780021777415,0.00081957,1,0.0
16054,0.09520514468748033,0.0006260345341570811,-1.54e-06,2.663793954946504,5.214432986554706,-25.708121258981897,1.0052136313683062,4.546408889400698,0.12067054082980143,-25.435498380501006,-1.1573229341274334,-46.26762797540704,0.6295741068180681,32.41130092757985,0.2719344611720337,-0.015263461173123686,0.00015748,0.015258185161458415,0.00081957,1,0.0
16055,0.21355285398422935,0.006077837394528372,-1.54e-06,2.663793954946504,5.214432986554706,-64.02647419355448,1.0052136313683062,15.254749973335239,0.12067054082980143,-71.75304019510129,-1.1573229341274334,-91.6981319047943,0.6295741068180681,73.62997512966558,0.2719344611720337,-0.04410228833758612,0.00015748,0.04402548371061946,0.00081957,1,0.0
16056,0.11524430609478419,0.01555177567142414,-1.54e-06,2.663793954946504,5.214432986554706,-5.20175056497727,1.0052136313683062,2.657511731776272,0.12067054082980143,-49.23178676252981,-1.1573229341274334,-98.43857074890126,0.6295741068180681,56.69525947207341,0.2719344611720337,-0.06620904986099613,0.00015748,0.06627454591390097,0.00081957,1,0.0
16057,0.0950313692066127,0.07277332486485423,-1.54e-06,2.663793954946504,5.214432986554706,-50.11906591347498,1.0052136313683062,-16.457439105895997,0.12067054082980143,-37.54377646256831,-1.1573229341274334,72.71177812508817,0.6295741068180681,71.27889822849042,0.2719344611720337,-0.09259868985228753,0.00015748,0.11634397943551675,0.00081957,1,0.0
16058,0.0011722158930237286,0.01608923666804314,-1.54e-06,2.663793954946504,5.214432986554706,12.264917923547833,1.0052136313683062,4.909339773306417,0.12067054082980143,-78.34087762258899,-1.1573229341274334,32.48954325502728,0.6295741068180681,39.02083134940963,0.2719344611720337,-0.03796274166617657,0.00015748,0.05523706202978476,0.00081957,1,0.0
16059,0.008182267609367522,0.05807458024990764,-1.54e-06,2.663793954946504,5.214432986554706,-32.447255033548736,1.0052136313683062,-17.947720137434423,0.12067054082980143,-23.661491745089926,-1.1573229341274334,83.60235326924062,0.6295741068180681,49.158657555703954,0.2719344611720337,-0.0978666215205041,0.00015748,0.10382404130818479,0.00081957,1,0.0
16060,0.006389491788826196,0.04741106223820235,-1.54e-06,2.663793954946504,5.214432986554706,24.323781592610032,1.0052136313683062,28.425891189282556,0.12067054082980143,-82.92551167088179,-1.1573229341274334,-49.23186955352183,0.6295741068180681,6.018747721693029,0.2719344611720337,-0.09880176701942817,0.00015748,0.0993600497397886,0.00081957,1,0.0
16061,0.0003091095680222422,0.033752284635493617,-1.54e-06,2.663793954946504,5.214432986554706,51.314092758981914,1.0052136313683062,8.934745503443418,0.12067054082980143,-98.81213114542281,-1.1573229341274334,54.63488810601802,0.6295741068180681,32.38796717330784,0.2719344611720337,-0.02142884036188918,0.00015748,0.0771826446074602,0.00081957,1,0.0
16062,0.31254955521551575,0.14792118129545354,-1.54e-06,2.663793954946504,5.214432986554706,82.09523222713821,1.0052136313683062,-2.19757823104888,0.12067054082980143,-43.17039421944453,-1.1573229341274334,2.7897530960736376,0.6295741068180681,44.30251708833766,0.2719344611720337,0.0013673266160456193,0.00015748,0.19290142417698397,0.00081957,0,0.0
16063,-5.8414208459839356e-05,0.03754464680905697,-1.54e-06,2.663793954946504,5.214432986554706,89.40570512610029,1.0052136313683062,8.501342140197185,0.12067054082980143,-40.86682956661893,-1.1573229341274334,27.717391513634208,0.6295741068180681,-14.770833724434308,0.2719344611720337,0.02789991872687783,0.00015748,0.05184345638745651,0.00081957,0,0.0
16064,5.882823465547249e-05,0.0168502305007075,-1.54e-06,2.663793954946504,5.214432986554706,63.95484995227223,1.0052136313683062,13.363549416034976,0.12067054082980143,-62.370396435647486,-1.1573229341274334,-56.01650236017647,0.6295741068180681,9.65943144433349,0.2719344611720337,-0.03455198249409347,0.00015748,0.058695566437488245,0.00081957,1,0.0
16065,0.00048229127806015404,0.050578486268923493,-1.54e-06,2.663793954946504,5.214432986554706,20.103310975144662,1.0052136313683062,23.93855042000912,0.12067054082980143,-85.68319297741023,-1.1573229341274334,49.463247528418925,0.6295741068180681,3.539025343905328,0.2719344611720337,-0.06530386765012308,0.00015748,0.09972130685266703,0.00081957,1,0.0
16066,0.03237130310445216,0.0034883272996016172,-1.54e-06,2.663793954946504,5.214432986554706,-11.44005667795904,1.0052136313683062,6.900415052821317,0.12067054082980143,-19.53995856531535,-1.1573229341274334,-11.578485002319898,0.6295741068180681,8.76515948864649,0.2719344611720337,-0.02679404296994278,0.00015748,0.026738786477738394,0.00081957,1,0.0
16067,0.01551297742262489,0.0006134960535920834,-1.54e-06,2.663793954946504,5.214432986554706,-12.784483487101333,1.0052136313683062,4.694103439415421,0.12067054082980143,-41.14273034299747,-1.1573229341274334,14.881859530126187,0.6295741068180681,23.43156809978906,0.2719344611720337,-0.015870137405337364,0.00015748,0.015899934529184704,0.00081957,1,0.0
16068,0.00851271766273494,0.001124249588539567,-1.54e-06,2.663793954946504,5.214432986554706,-44.5018609187526,1.0052136313683062,6.919281112034225,0.12067054082980143,-85.02807068476433,-1.1573229341274334,90.53427850726094,0.6295741068180681,47.99280770389856,0.2719344611720337,-0.020045611440692397,0.00015748,0.02007046150655306,0.00081957,1,0.0
16069,0.0004854616328247574,0.02499019743683737,-1.54e-06,2.663793954946504,5.214432986554706,19.80724997922767,1.0052136313683062,5.56559261633516,0.12067054082980143,-34.26452567066289,-1.1573229341274334,83.32544731742314,0.6295741068180681,-2.793007460245312,0.2719344611720337,0.005762716427533034,0.00015748,0.04277548592007438,0.00081957,0,0.0
16070,0.054180574227449575,0.0005131574581787365,-1.54e-06,2.663793954946504,5.214432986554706,-70.20939338587391,1.0052136313683062,-0.4945531326386369,0.12067054082980143,-38.15890172331402,-1.1573229341274334,85.6119980579503,0.6295741068180681,40.809216432374384,0.2719344611720337,-0.01001403245815183,0.00015748,0.010029989227243135,0.00081957,1,0.0
16071,0.14699313153481622,0.0036434528992615916,-1.54e-06,2.663793954946504,5.214432986554706,-55.89714996716034,1.0052136313683062,-0.5837120909669242,0.12067054082980143,-22.376305793546283,-1.1573229341274334,-40.037269379188146,0.6295741068180681,52.4863317180736,0.2719344611720337,-0.021380573548663424,0.00015748,0.021440783088572408,0.00081957,1,0.0
16072,0.10755668300964662,0.0011565024211348412,-1.54e-06,2.663793954946504,5.214432986554706,-40.821633670504305,1.0052136313683062,7.072276084861372,0.12067054082980143,-54.01095050874684,-1.1573229341274334,-25.402105407766264,0.6295741068180681,50.473064704944214,0.2719344611720337,-0.023319966423858696,0.00015748,0.023325338814105222,0.00081957,1,0.0
16073,0.05133951182851332,0.0007161775430529831,-1.54e-06,2.663793954946504,5.214432986554706,-23.384408329494104,1.0052136313683062,5.529959858927257,0.12067054082980143,-34.56261333498607,-1.1573229341274334,-4.100843826150632,0.6295741068180681,26.21373342814348,0.2719344611720337,-0.015968301117021362,0.00015748,0.015964715955697012,0.00081957,1,0.0
16074,0.006963928248575221,0.052942632766462716,-1.54e-06,2.663793954946504,5.214432986554706,41.18113839825443,1.0052136313683062,-1.5390979052880092,0.12067054082980143,-76.02195522302372,-1.1573229341274334,74.3161103389794,0.6295741068180681,36.73578893945826,0.2719344611720337,-0.044878833161119396,0.00015748,0.10324657257253947,0.00081957,1,0.0
16075,0.000661068223523964,0.011382337906881864,-1.54e-06,2.663793954946504,5.214432986554706,46.167811461406345,1.0052136313683062,12.306840381341445,0.12067054082980143,-48.08914578521516,-1.1573229341274334,-48.34014893187934,0.6295741068180681,5.24534513785571,0.2719344611720337,-0.03021459414603791,0.00015748,0.0450071198654687,0.00081957,1,0.0
16076,0.08963546422772668,0.0004410381049960478,-1.54e-06,2.663793954946504,5.214432986554706,-54.62907383259248,1.0052136313683062,4.708795450099655,0.12067054082980143,-52.82206395322271,-1.1573229341274334,20.117035989663314,0.6295741068180681,49.77258858200425,0.2719344611720337,-0.012725379781148611,0.00015748,0.012727919265308868,0.00081957,1,0.0
16077,0.12383102252953163,0.007147334901724114,-1.54e-06,2.663793954946504,5.214432986554706,-72.9256269956206,1.0052136313683062,10.4511678878618,0.12067054082980143,-55.367043749688904,-1.1573229341274334,16.183896776035688,0.6295741068180681,49.572237215951766,0.2719344611720337,-0.04022800727431393,0.00015748,0.040129773166960536,0.00081957,1,0.0
16078,0.20660670115340785,0.005713141536304027,-1.54e-06,2.663793954946504,5.214432986554706,-84.20055467681821,1.0052136313683062,3.4160337362521376,0.12067054082980143,-1.8302306934173225,-1.1573229341274334,-55.03560563280571,0.6295741068180681,45.87721935020292,0.2719344611720337,-0.025983092841265078,0.00015748,0.026163499835723886,0.00081957,1,0.0
16079,4.752855854591592e-05,0.01251410189297998,-1.54e-06,2.663793954946504,5.214432986554706,-6.196918056459181,1.0052136313683062,-0.749197720241205,0.12067054082980143,-20.683382268083005,-1.1573229341274334,75.68987857705744,0.6295741068180681,7.502404693803512,0.2719344611720337,0.0013030571743951405,0.00015748,0.023191324251992686,0.00081957,0,0.0
16080,0.07507684302829479,0.051541517471987645,-1.54e-06,2.663793954946504,5.214432986554706,-52.80046981916713,1.0052136313683062,14.222613803036523,0.12067054082980143,-1.4492497303232397,-1.1573229341274334,13.134733114742556,0.6295741068180681,-6.067912076983797,0.2719344611720337,-0.103962511904417,0.00015748,0.10374746545066443,0.00081957,1,0.0
16081,0.0001454999185978023,0.012453449876424584,-1.54e-06,2.663793954946504,5.214432986554706,58.56345046505793,1.0052136313683062,14.913030569606583,0.12067054082980143,-77.50093354451712,-1.1573229341274334,-99.84058271108218,0.6295741068180681,24.986028598753798,0.2719344611720337,-0.06930844079055981,0.00015748,0.06993425080394586,0.00081957,1,0.0
16082,0.00010581472964560357,0.0025981001986600154,-1.54e-06,2.663793954946504,5.214432986554706,-8.231700224012105,1.0052136313683062,7.473902543784733,0.12067054082980143,-58.79115165964073,-1.1573229341274334,29.637211496166948,0.6295741068180681,25.947660777136054,0.2719344611720337,-0.0221066802269213,0.00015748,0.02426319424047028,0.00081957,1,0.0
16083,0.0006916390046977638,0.018241260678998117,-1.54e-06,2.663793954946504,5.214432986554706,46.897654426584324,1.0052136313683062,13.58010869885507,0.12067054082980143,-83.93458173711572,-1.1573229341274334,-11.858567520556514,0.6295741068180681,23.24801119026843,0.2719344611720337,-0.032471936693595875,0.00015748,0.05988391709244984,0.00081957,1,0.0
16084,0.1418189650805169,0.0014777137977293805,-1.54e-06,2.663793954946504,5.214432986554706,-51.309438464790205,1.0052136313683062,7.40204548583154,0.12067054082980143,-55.6611402240563,-1.1573229341274334,-40.664482984169176,0.6295741068180681,59.402745862848825,0.2719344611720337,-0.024569859629313552,0.00015748,0.024576658416129424,0.00081957,1,0.0
16085,0.10843962618707292,0.029464059208049453,-1.54e-06,2.663793954946504,5.214432986554706,-11.780356619699507,1.0052136313683062,25.2054159193524,0.12067054082980143,-79.7798428721495,-1.1573229341274334,-86.50241718689016,0.6295741068180681,35.03933274077428,0.2719344611720337,-0.08279046442978849,0.00015748,0.08264931014451365,0.00081957,1,0.0
16086,0.05466151431741763,0.00037510098773890316,-1.54e-06,2.663793954946504,5.214432986554706,-10.485938183303976,1.0052136313683062,3.7155283075855223,0.12067054082980143,-19.585511428358178,-1.1573229341274334,-34.10382314509558,0.6295741068180681,19.951816075192472,0.2719344611720337,-0.013408160700800259,0.00015748,0.013411153687728912,0.00081957,1,0.0
16087,0.00017474760108802598,0.02198745261759712,-1.54e-06,2.663793954946504,5.214432986554706,22.91112167445233,1.0052136313683062,-1.0977780842794398,0.12067054082980143,-9.349569981848951,-1.1573229341274334,62.94407903818199,0.6295741068180681,-5.984829864257757,0.2719344611720337,0.0052851233661347745,0.00015748,0.03775686825341189,0.00081957,0,0.0
16088,0.002978109705999569,0.04088580183372741,-1.54e-06,2.663793954946504,5.214432986554706,62.99121264403472,1.0052136313683062,-0.3884467481604954,0.12067054082980143,-35.61901774198458,-1.1573229341274334,53.89746517298347,0.6295741068180681,2.210408977922194,0.2719344611720337,-0.007426545568031247,0.00015748,0.07689824483847829,0.00081957,1,0.0
16089,0.0002020672853539629,0.01644938997009239,-1.54e-06,2.663793954946504,5.214432986554706,60.271260502491984,1.0052136313683062,7.433073833572098,0.12067054082980143,-24.426113440252003,-1.1573229341274334,-35.358919149262086,0.6295741068180681,-7.998302396256897,0.2719344611720337,-0.004737671455998599,0.00015748,0.036826603449853335,0.00081957,1,0.0
16090,0.009710713702131932,0.06144713339502211,-1.54e-06,2.663793954946504,5.214432986554706,60.42959328989635,1.0052136313683062,-5.790024543597909,0.12067054082980143,-40.89127726515729,-1.1573229341274334,9.695404303275712,0.6295741068180681,23.69115658160141,0.2719344611720337,-0.06589572766644315,0.00015748,0.11590415385524373,0.00081957,1,0.0
16091,0.10862623431706608,0.0034185582029634723,-1.54e-06,2.663793954946504,5.214432986554706,-82.75375823093277,1.0052136313683062,-2.585736372204674,0.12067054082980143,-41.777130303307054,-1.1573229341274334,56.34048872773643,0.6295741068180681,60.27216578338369,0.2719344611720337,-0.016529551584793745,0.00015748,0.01690688583237305,0.00081957,1,0.0
16092,-0.0001438480232584527,0.01932320941359124,-1.54e-06,2.663793954946504,5.214432986554706,43.22928716683388,1.0052136313683062,16.403129182687085,0.12067054082980143,-28.38145634933633,-1.1573229341274334,-68.34858307159851,0.6295741068180681,-13.19004560672505,0.2719344611720337,-0.052243671981853416,0.00015748,0.059041521980911664,0.00081957,1,0.0
16093,0.10820468984627046,0.0014446000572158676,-1.54e-06,2.663793954946504,5.214432986554706,-66.10668419958095,1.0052136313683062,6.332038191471456,0.12067054082980143,-51.44162452548032,-1.1573229341274334,21.21734399823066,0.6295741068180681,50.505976001082864,0.2719344611720337,-0.018961870314583365,0.00015748,0.01893181040217274,0.00081957,1,0.0
16094,0.03398488583799257,0.0016006851578240712,-1.54e-06,2.663793954946504,5.214432986554706,24.313920030078723,1.0052136313683062,6.310171455881697,0.12067054082980143,-17.529268292095804,-1.1573229341274334,-80.3643823165136,0.6295741068180681,8.450401039492142,0.2719344611720337,-0.027275834617588573,0.00015748,0.027283913702131544,0.00081957,1,0.0
16095,0.005232410019295253,0.00509122749776081,-1.54e-06,2.663793954946504,5.214432986554706,25.841925798617428,1.0052136313683062,11.46391607265534,0.12067054082980143,-62.568944459209064,-1.1573229341274334,-46.43234205760536,0.6295741068180681,22.854960223337876,0.2719344611720337,-0.04461961169944346,0.00015748,0.044616350118662905,0.00081957,1,0.0
16096,0.0324979172244661,0.006074249526298697,-1.54e-06,2.663793954946504,5.214432986554706,33.228519243583115,1.0052136313683062,12.253397101234507,0.12067054082980143,-57.281279062786936,-1.1573229341274334,-89.69876045246829,0.6295741068180681,24.284117585466124,0.2719344611720337,-0.050828217917395446,0.00015748,0.050956985638256735,0.00081957,1,0.0
16097,0.030269174615002517,0.0004416025927199894,-1.54e-06,2.663793954946504,5.214432986554706,10.792684957583576,1.0052136313683062,3.254215689410405,0.12067054082980143,-7.263884137288446,-1.1573229341274334,-51.61820933792169,0.6295741068180681,6.242828522178838,0.2719344611720337,-0.01462300354661266,0.00015748,0.014641820382445239,0.00081957,1,0.0
16098,0.014669965229765741,0.04022528623048451,-1.54e-06,2.663793954946504,5.214432986554706,69.81614027216932,1.0052136313683062,9.370889769551056,0.12067054082980143,-98.53935841579906,-1.1573229341274334,-36.1284994719584,0.6295741068180681,40.29437965598145,0.2719344611720337,-0.06438910604107766,0.00015748,0.10308869412518497,0.00081957,1,0.0
16099,0.013635006048505809,0.009069954001596887,-1.54e-06,2.663793954946504,5.214432986554706,-1.6527903731162634,1.0052136313683062,2.3600595204775607,0.12067054082980143,-61.53276666423287,-1.1573229341274334,2.2211467314075315,0.6295741068180681,41.00719462051451,0.2719344611720337,-0.04888235902490341,0.00015748,0.048953347729076044,0.00081957,1,0.0
16100,0.6660899160243727,0.3443556709699738,-1.54e-06,2.5942354901041282,3.069515281003239,72.46932237069805,1.0052136313683062,19.336660858688035,0.12067054082980143,-84.82146054832407,-1.1573229341274334,-51.648478387801276,0.6295741068180681,39.35906853080373,0.2719344611720337,-0.16161711436096898,0.00015748,0.45734437189787486,0.00081957,1,0.0
16101,0.6840490485958621,0.10399223912935793,-1.54e-06,2.5942354901041282,3.069515281003239,3.6642798821779157,1.0052136313683062,6.588693828224344,0.12067054082980143,-13.575238256937244,-1.1573229341274334,-62.70141856424269,0.6295741068180681,32.43429039037399,0.2719344611720337,-0.14983401958652764,0.00015748,0.15100284251478402,0.00081957,1,0.0
16102,0.002769133456415246,0.011688614647458595,-1.54e-06,2.5942354901041282,3.069515281003239,-34.26102944746934,1.0052136313683062,-2.7530892455993894,0.12067054082980143,-5.23931598265935,-1.1573229341274334,27.8242353664373,0.6295741068180681,15.26400398230731,0.2719344611720337,-0.07258342876603474,0.00015748,0.07248380450957531,0.00081957,1,0.0
16103,1.035136034656642,0.4847462730509992,-1.54e-06,2.5942354901041282,3.069515281003239,-22.07099923331016,1.0052136313683062,13.639428784564489,0.12067054082980143,-14.172857789659346,-1.1573229341274334,-88.71674643500508,0.6295741068180681,42.414143451021225,0.2719344611720337,-0.3275418474853253,0.00015748,0.3374547973541537,0.00081957,1,0.0
16104,0.5851390588088772,0.06576047682837469,-1.54e-06,2.5942354901041282,3.069515281003239,-90.84950939921026,1.0052136313683062,0.4582063157957252,0.12067054082980143,-35.15978650056579,-1.1573229341274334,25.33340277511456,0.6295741068180681,71.39515849063253,0.2719344611720337,-0.07857885348360166,0.00015748,0.07927606104617269,0.00081957,1,0.0
16105,-0.0001862370880075792,0.23435329056648085,-1.54e-06,2.5942354901041282,3.069515281003239,22.6723896074464,1.0052136313683062,4.780237094683057,0.12067054082980143,-53.6875821475223,-1.1573229341274334,68.93986205743622,0.6295741068180681,9.268725250128583,0.2719344611720337,0.1285317885149229,0.00015748,0.5390220774792664,0.00081957,0,0.0
16106,0.760950966923348,0.2637964339691968,-1.54e-06,2.5942354901041282,3.069515281003239,27.82685135554819,1.0052136313683062,15.241151884383305,0.12067054082980143,-65.41066515452732,-1.1573229341274334,-63.93228994745511,0.6295741068180681,53.303026100909705,0.2719344611720337,-0.3393273069940617,0.00015748,0.3390975426928871,0.00081957,1,0.0
16107,0.0010234190594007875,0.19948678121556299,-1.54e-06,2.5942354901041282,3.069515281003239,28.42473614679374,1.0052136313683062,4.529623319416916,0.12067054082980143,-48.41070394608119,-1.1573229341274334,56.24579230480206,0.6295741068180681,6.810840538249499,0.2719344611720337,0.1382808668977867,0.00015748,0.4537689513716834,0.00081957,0,0.0
16108,-0.016310317739811286,0.791263612702748,-1.54e-06,2.5942354901041282,3.069515281003239,80.43966310836451,1.0052136313683062,7.66190718626883,0.12067054082980143,-6.688174035539972,-1.1573229341274334,44.91498467228399,0.6295741068180681,-54.51606461263761,0.2719344611720337,0.06047486736680863,0.00015748,1.1457378785775263,0.00081957,0,0.0
16109,0.13614046507249666,0.2232512282282942,-1.54e-06,2.5942354901041282,3.069515281003239,99.99660782805461,1.0052136313683062,17.841809473140092,0.12067054082980143,-75.74081986893185,-1.1573229341274334,-13.72610892834842,0.6295741068180681,-0.6267006567304881,0.2719344611720337,0.02090765108088255,0.00015748,0.42277729683535514,0.00081957,0,0.0
16110,0.40473949974662415,0.020772573505748237,-1.54e-06,2.5942354901041282,3.069515281003239,-83.66482838822469,1.0052136313683062,5.314064306892465,0.12067054082980143,-92.35216645541685,-1.1573229341274334,65.99437366980153,0.6295741068180681,92.872157664116,0.2719344611720337,-0.07766603412323739,0.00015748,0.07735231935418044,0.00081957,1,0.0
16111,-0.0022488156878924803,0.4063880729769815,-1.54e-06,2.5942354901041282,3.069515281003239,20.439857159014753,1.0052136313683062,0.4226346446883941,0.12067054082980143,-33.14042889459905,-1.1573229341274334,77.38044731673378,0.6295741068180681,-1.0198200734534981,0.2719344611720337,0.0667709995758094,0.00015748,0.7604016388938186,0.00081957,0,0.0
16112,0.6617406459184243,0.47389124107196917,-1.54e-06,2.5942354901041282,3.069515281003239,46.164789090958166,1.0052136313683062,20.823432650640463,0.12067054082980143,-57.43648229767171,-1.1573229341274334,-80.64508430636744,0.6295741068180681,28.527977315309844,0.2719344611720337,-0.4252143855228004,0.00015748,0.4289909860364563,0.00081957,1,0.0
16113,0.0004930781115932703,0.09099004877325133,-1.54e-06,2.5942354901041282,3.069515281003239,15.095095235704465,1.0052136313683062,8.531974639170729,0.12067054082980143,-71.74752121832188,-1.1573229341274334,26.314558609609367,0.6295741068180681,32.393621975578384,0.2719344611720337,-0.16918839735193938,0.00015748,0.19680722369712914,0.00081957,1,0.0
16114,0.01746344361955271,0.2230463842139006,-1.54e-06,2.5942354901041282,3.069515281003239,45.499157569728,1.0052136313683062,3.849109277926616,0.12067054082980143,-50.25166536115436,-1.1573229341274334,49.36987381173448,0.6295741068180681,6.57201953196893,0.2719344611720337,0.13828462633523564,0.00015748,0.4786647889412722,0.00081957,0,0.0
16115,0.36469592845935495,0.013238578669390204,-1.54e-06,2.5942354901041282,3.069515281003239,-81.56133489812893,1.0052136313683062,2.8992206384606973,0.12067054082980143,-73.65150877584534,-1.1573229341274334,59.99253859223174,0.6295741068180681,81.42690623582473,0.2719344611720337,-0.03230039617230384,0.00015748,0.03242756378175581,0.00081957,1,0.0
16116,-0.10657606162026889,1.9844881899041724,-1.54e-06,2.5942354901041282,3.069515281003239,51.69745494625001,1.0052136313683062,25.367839103248684,0.12067054082980143,-83.47597990343938,-1.1573229341274334,44.60516203840541,0.6295741068180681,-18.272450811794737,0.2719344611720337,-0.4052734988136032,0.00015748,1.0614119271535327,0.00081957,1,0.0
16117,0.40233892726772114,0.4462938159331179,-1.54e-06,2.5942354901041282,3.069515281003239,37.383865325452796,1.0052136313683062,5.824839959947781,0.12067054082980143,-89.23891648417748,-1.1573229341274334,60.1834962799947,0.6295741068180681,47.57206851128605,0.2719344611720337,0.13051437102301805,0.00015748,0.6878334707354223,0.00081957,0,0.0
16118,0.0002627197816313931,0.22426390983941363,-1.54e-06,2.5942354901041282,3.069515281003239,35.77116712730582,1.0052136313683062,4.1228502970281795,0.12067054082980143,-46.152517655092254,-1.1573229341274334,57.47650063057761,0.6295741068180681,2.7127626250659382,0.2719344611720337,0.1444955719852305,0.00015748,0.5234456041093378,0.00081957,0,0.0
16119,0.29962620227854864,0.19713990789783184,-1.54e-06,2.5942354901041282,3.069515281003239,6.262902250667404,1.0052136313683062,8.462954018105831,0.12067054082980143,-100.0,-1.1573229341274334,62.85712927991915,0.6295741068180681,58.67002850268556,0.2719344611720337,0.15112336711505636,0.00015748,0.3412474371962071,0.00081957,0,0.0
16120,-0.0005351593412739053,1.1274914045846474,-1.54e-06,2.5942354901041282,3.069515281003239,-2.6212296365835512,1.0052136313683062,18.11173375343002,0.12067054082980143,-59.6917820055255,-1.1573229341274334,22.303671523448692,0.6295741068180681,5.915333917416183,0.2719344611720337,-0.5182694275538761,0.00015748,0.668583162798032,0.00081957,1,0.0
16121,0.0035601924867041668,0.023208786586095806,-1.54e-06,2.5942354901041282,3.069515281003239,-83.71894555032121,1.0052136313683062,-2.2190649595371337,0.12067054082980143,-50.098256622291295,-1.1573229341274334,85.24623884571619,0.6295741068180681,55.579955541585804,0.2719344611720337,-0.10013606295100765,0.00015748,0.10030476421800645,0.00081957,1,0.0
16122,1.0983010018903308,0.3383627678787778,-1.54e-06,2.5942354901041282,3.069515281003239,-57.72673812692311,1.0052136313683062,14.805633101865103,0.12067054082980143,-70.59393304486218,-1.1573229341274334,-38.73971656994039,0.6295741068180681,90.84879696406952,0.2719344611720337,-0.2945882016888887,0.00015748,0.29636968263342695,0.00081957,1,0.0
16123,0.0004773878852075697,0.08217866952507312,-1.54e-06,2.5942354901041282,3.069515281003239,73.05035906664918,1.0052136313683062,7.501999083182512,0.12067054082980143,-6.9282958013347695,-1.1573229341274334,-50.50752947712535,0.6295741068180681,-22.269776473404363,0.2719344611720337,-0.1944070509105298,0.00015748,0.19684950429710268,0.00081957,1,0.0
16124,-0.0003629975737212132,0.13175535997045823,-1.54e-06,2.5942354901041282,3.069515281003239,9.788282580188104,1.0052136313683062,1.553654429104746,0.12067054082980143,-19.454876263543593,-1.1573229341274334,28.474365127019826,0.6295741068180681,2.1735095274898013,0.2719344611720337,0.04742262854307036,0.00015748,0.24414561113776187,0.00081957,0,0.0
16125,0.3332250410705401,0.16407889689802432,-1.54e-06,2.5942354901041282,3.069515281003239,21.717841373850565,1.0052136313683062,12.690805045289085,0.12067054082980143,-80.86883332600345,-1.1573229341274334,-7.3033496175211186,0.6295741068180681,47.42874704606488,0.2719344611720337,-0.2636657784185673,0.00015748,0.2877045871419873,0.00081957,1,0.0
16126,0.20875607225346604,0.7689566558733104,-1.54e-06,2.5942354901041282,3.069515281003239,43.70684019116006,1.0052136313683062,17.562181224226553,0.12067054082980143,-15.730716282173562,-1.1573229341274334,-63.49884967792157,0.6295741068180681,-18.34339904699556,0.2719344611720337,-0.49618836692597673,0.00015748,0.4889328693496057,0.00081957,1,0.0
16127,0.0013194987103554157,0.0916161382736063,-1.54e-06,2.5942354901041282,3.069515281003239,-0.1605021731657214,1.0052136313683062,7.884827191929792,0.12067054082980143,-83.47082167944322,-1.1573229341274334,57.14389264667015,0.6295741068180681,40.90926584715354,0.2719344611720337,0.013294772717176051,0.00015748,0.17503735396870224,0.00081957,0,0.0
16128,0.8945966750890948,0.4459201213513933,-1.54e-06,2.5942354901041282,3.069515281003239,55.30509868759683,1.0052136313683062,19.966843525559355,0.12067054082980143,-79.80272509670611,-1.1573229341274334,-85.70257726470254,0.6295741068180681,55.59951654673389,0.2719344611720337,-0.407178194578092,0.00015748,0.4576065816502438,0.00081957,1,0.0
16129,0.9289087906345153,0.1285349335569664,-1.54e-06,2.5942354901041282,3.069515281003239,-74.59276808600731,1.0052136313683062,8.531021277305953,0.12067054082980143,-74.95450006990212,-1.1573229341274334,-0.955314608142665,0.6295741068180681,99.978833077502,0.2719344611720337,-0.14291621437136287,0.00015748,0.14336486202439908,0.00081957,1,0.0
16130,0.08686159970799001,0.11569298587733784,-1.54e-06,2.5942354901041282,3.069515281003239,66.40899441288153,1.0052136313683062,9.336740682013994,0.12067054082980143,-26.676327674022353,-1.1573229341274334,-42.88577812602433,0.6295741068180681,-6.1231156757156215,0.2719344611720337,-0.22084472510232192,0.00015748,0.23809781973605984,0.00081957,1,0.0
16131,-0.009782162075622214,0.680957298478567,-1.54e-06,2.5942354901041282,3.069515281003239,18.190596545180025,1.0052136313683062,18.268539429864916,0.12067054082980143,-75.34848776269115,-1.1573229341274334,19.291253479218373,0.6295741068180681,13.21621009564167,0.2719344611720337,-0.3884474373859053,0.00015748,0.5164860291762423,0.00081957,1,0.0
16132,-0.0008965146550088399,0.24694926666387076,-1.54e-06,2.5942354901041282,3.069515281003239,-46.19881818667874,1.0052136313683062,-1.3778122189334958,0.12067054082980143,-48.449708227333645,-1.1573229341274334,93.60307652275654,0.6295741068180681,36.14055832591249,0.2719344611720337,-0.033211998424696715,0.00015748,0.42697036016570344,0.00081957,1,0.0
16133,0.22930264637624484,0.016247273074386958,-1.54e-06,2.5942354901041282,3.069515281003239,-8.997684155517451,1.0052136313683062,3.840660222579625,0.12067054082980143,-28.918990802986126,-1.1573229341274334,-1.8192733190184915,0.6295741068180681,27.256233876992102,0.2719344611720337,-0.08021291369593497,0.00015748,0.07984703354867828,0.00081957,1,0.0
16134,0.31793841715440496,0.05826128594220434,-1.54e-06,2.5942354901041282,3.069515281003239,-17.851442814737915,1.0052136313683062,8.498532198958301,0.12067054082980143,-71.36420656373886,-1.1573229341274334,15.922088690360905,0.6295741068180681,55.349025058858615,0.2719344611720337,-0.16845698037000537,0.00015748,0.16888307029407326,0.00081957,1,0.0
16135,0.020639289883377723,0.0017079281747014285,-1.54e-06,2.5942354901041282,3.069515281003239,6.399945521605639,1.0052136313683062,1.2554681499894185,0.12067054082980143,-3.020421385058053,-1.1573229341274334,-5.63403392250594,0.6295741068180681,-0.24928662603814838,0.2719344611720337,-0.027060631768590696,0.00015748,0.026998291401356653,0.00081957,1,0.0
16136,0.0010522817707276921,0.37791535880978955,-1.54e-06,2.5942354901041282,3.069515281003239,99.92822254014753,1.0052136313683062,5.096309265099194,0.12067054082980143,-26.46132147171728,-1.1573229341274334,55.1322452821824,0.6295741068180681,-39.72394150769719,0.2719344611720337,0.21836880429306021,0.00015748,1.0549657721044812,0.00081957,0,0.0
16137,0.0023312762689569055,0.21353019395672207,-1.54e-06,2.5942354901041282,3.069515281003239,83.83784584026152,1.0052136313683062,6.069307518030964,0.12067054082980143,-25.25036813080501,-1.1573229341274334,21.453786800121712,0.6295741068180681,-27.334985276419182,0.2719344611720337,0.20910563241343222,0.00015748,0.5711982203389221,0.00081957,0,0.0
16138,0.16003029135980928,0.1564580761095634,-1.54e-06,2.5942354901041282,3.069515281003239,74.88134952512432,1.0052136313683062,9.787320532148037,0.12067054082980143,-42.10101516637232,-1.1573229341274334,-19.664253752795233,0.6295741068180681,-1.0292908046064195,0.2719344611720337,0.02338210764525664,0.00015748,0.2979899430835885,0.00081957,0,0.0
16139,0.13155881437416106,0.47116835306458915,-1.54e-06,2.5942354901041282,3.069515281003239,100.0,1.0052136313683062,23.161583222624248,0.12067054082980143,-89.66058594392923,-1.1573229341274334,-33.6724787879587,0.6295741068180681,5.333681981384048,0.2719344611720337,-0.3090059898582957,0.00015748,0.5037423406041102,0.00081957,1,0.0
16140,-0.022134039438858055,0.6385520644239631,-1.54e-06,2.5942354901041282,3.069515281003239,-2.61285086583142,1.0052136313683062,6.872942754737271,0.12067054082980143,-6.464595606004922,-1.1573229341274334,19.972438337695188,0.6295741068180681,-16.092904053731758,0.2719344611720337,-0.2609704574624373,0.00015748,0.5547934966644474,0.00081957,1,0.0
16141,-0.2744270671351767,1.7457340908818693,-1.54e-06,2.5942354901041282,3.069515281003239,73.09590253675397,1.0052136313683062,13.797568537641261,0.12067054082980143,-35.25561609347414,-1.1573229341274334,74.22310988196126,0.6295741068180681,-55.92462397297156,0.2719344611720337,-0.1003241787766308,0.00015748,1.2413988063939945,0.00081957,1,0.0
16142,0.557183337974862,0.08946682586331212,-1.54e-06,2.5942354901041282,3.069515281003239,25.789643479354847,1.0052136313683062,6.825237622254031,0.12067054082980143,-0.7385210957430061,-1.1573229341274334,-73.519621567386,0.6295741068180681,12.095403370936332,0.2719344611720337,-0.15336126770315087,0.00015748,0.15573577531805774,0.00081957,1,0.0
16143,0.6444428137070753,0.15624448805056484,-1.54e-06,2.5942354901041282,3.069515281003239,-10.409171519646291,1.0052136313683062,12.632845613728826,0.12067054082980143,-81.31850975639023,-1.1573229341274334,-16.72357323717458,0.6295741068180681,70.46122932872778,0.2719344611720337,-0.2610692062958997,0.00015748,0.2618520486990743,0.00081957,1,0.0
16144,0.0019050268781390933,0.11795663948335612,-1.54e-06,2.5942354901041282,3.069515281003239,69.53808766669506,1.0052136313683062,8.942642690179667,0.12067054082980143,-34.77047811418382,-1.1573229341274334,-14.821752342500554,0.6295741068180681,-9.51493892314211,0.2719344611720337,-0.016231922072578175,0.00015748,0.2358879983576072,0.00081957,1,0.0
16145,0.10943109288372249,0.038454814004981124,-1.54e-06,2.5942354901041282,3.069515281003239,11.779685411207213,1.0052136313683062,6.18001588211648,0.12067054082980143,-40.38781737828463,-1.1573229341274334,0.013074965121084442,0.6295741068180681,21.12176065238809,0.2719344611720337,-0.13682514512547592,0.00015748,0.13748516029650235,0.00081957,1,0.0
16146,0.7119764556811218,0.11868546289628365,-1.54e-06,2.5942354901041282,3.069515281003239,-17.79379829528881,1.0052136313683062,9.6935949381364,0.12067054082980143,-54.44585561142291,-1.1573229341274334,-30.94166974611253,0.6295741068180681,61.43726941255019,0.2719344611720337,-0.19393934055803702,0.00015748,0.1947442391223591,0.00081957,1,0.0
16147,0.47926809962818173,0.22042818217290652,-1.54e-06,2.5942354901041282,3.069515281003239,40.71173825983983,1.0052136313683062,14.479473140674552,0.12067054082980143,-68.2234713705633,-1.1573229341274334,-42.713917987455616,0.6295741068180681,39.29520392552442,0.2719344611720337,-0.3123255604987704,0.00015748,0.33034088857984595,0.00081957,1,0.0
16148,0.32083350231968544,0.1381702930313475,-1.54e-06,2.5942354901041282,3.069515281003239,48.949401891481365,1.0052136313683062,11.02071214880939,0.12067054082980143,-39.08555404918152,-1.1573229341274334,-48.77597418613797,0.6295741068180681,15.44091234699903,0.2719344611720337,-0.26065587240476445,0.00015748,0.2610267218893951,0.00081957,1,0.0
16149,0.6197437584124463,0.28274519929959596,-1.54e-06,2.5942354901041282,3.069515281003239,63.81793751398698,1.0052136313683062,14.136547666953742,0.12067054082980143,-70.94298544582266,-1.1573229341274334,-33.45104121075031,0.6295741068180681,35.38563570064068,0.2719344611720337,0.003580298402189791,0.00015748,0.40780093573711196,0.00081957,0,0.0
16150,0.003018166725551663,0.1688999249163175,-1.54e-06,2.5942354901041282,3.069515281003239,59.64454471147287,1.0052136313683062,8.946254586797036,0.12067054082980143,-81.11867941917676,-1.1573229341274334,77.07642988671402,0.6295741068180681,9.097470287468102,0.2719344611720337,0.267103771021047,0.00015748,0.6303016277549504,0.00081957,0,0.0
16151,0.0006427283863393862,0.13591892029315727,-1.54e-06,2.5942354901041282,3.069515281003239,72.43446175051619,1.0052136313683062,9.270583635241888,0.12067054082980143,-47.288680281730926,-1.1573229341274334,13.998201666507109,0.6295741068180681,-8.480343036359585,0.2719344611720337,0.24470919078224418,0.00015748,0.2513793974131914,0.00081957,0,0.0
16152,0.5650300802778645,0.30603810769061457,-1.54e-06,2.5942354901041282,3.069515281003239,19.60453853517228,1.0052136313683062,16.925333353418814,0.12067054082980143,-59.721984251181375,-1.1573229341274334,-48.56887841142509,0.6295741068180681,37.159904849013536,0.2719344611720337,-0.3397086459768155,0.00015748,0.3461012482699102,0.00081957,1,0.0
16153,0.5004431801623649,0.2587098326806257,-1.54e-06,2.5942354901041282,3.069515281003239,-38.451360848886296,1.0052136313683062,4.8586605606367765,0.12067054082980143,-96.85412800061594,-1.1573229341274334,56.76972618241628,0.6295741068180681,87.38195508899776,0.2719344611720337,-0.04900661589244562,0.00015748,0.3096544881037777,0.00081957,1,0.0
16154,1.0170566230250302,0.17774534162471028,-1.54e-06,2.5942354901041282,3.069515281003239,-36.94456648433607,1.0052136313683062,5.072630571023587,0.12067054082980143,-9.313871709658876,-1.1573229341274334,-67.78490721900866,0.6295741068180681,56.89949811200099,0.2719344611720337,-0.09356572258768252,0.00015748,0.09453199529075311,0.00081957,1,0.0
16155,0.034482590954810266,0.008691106762232063,-1.54e-06,2.5942354901041282,3.069515281003239,-42.88311901642125,1.0052136313683062,2.877929587721414,0.12067054082980143,-63.03709250684341,-1.1573229341274334,58.700821459956295,0.6295741068180681,49.620352111915125,0.2719344611720337,-0.04312845431367032,0.00015748,0.042866834400378945,0.00081957,1,0.0
16156,6.517236670711135e-05,0.12820740654063456,-1.54e-06,2.5942354901041282,3.069515281003239,49.186551823937094,1.0052136313683062,11.70318947861191,0.12067054082980143,-97.70979258061517,-1.1573229341274334,65.71558186220953,0.6295741068180681,24.805084556207348,0.2719344611720337,0.29829159246825604,0.00015748,0.3073181286207161,0.00081957,0,0.0
16157,0.2025393235277668,0.04757078768795441,-1.54e-06,2.5942354901041282,3.069515281003239,-49.32614949892746,1.0052136313683062,1.493344187005887,0.12067054082980143,-20.372033959098715,-1.1573229341274334,22.276200498633134,0.6295741068180681,31.360112070951747,0.2719344611720337,-0.12977119630171335,0.00015748,0.13000687531556349,0.00081957,1,0.0
16158,0.044859272536872795,0.0008405015916871299,-1.54e-06,2.5942354901041282,3.069515281003239,-14.870220262014794,1.0052136313683062,-0.37779754679157335,0.12067054082980143,-7.35370612408174,-1.1573229341274334,10.314753477852031,0.6295741068180681,11.03449648812332,0.2719344611720337,-0.013059125328677418,0.00015748,0.013043204984283257,0.00081957,1,0.0
16159,0.046340685339952614,0.015541886202807843,-1.54e-06,2.5942354901041282,3.069515281003239,-59.400007060900066,1.0052136313683062,4.187852974752961,0.12067054082980143,-86.85813894217341,-1.1573229341274334,80.89070178721461,0.6295741068180681,67.91806792845988,0.2719344611720337,-0.06195537698687901,0.00015748,0.06291878891224442,0.00081957,1,0.0
16160,0.23033361200907523,0.028147427938839807,-1.54e-06,2.5942354901041282,3.069515281003239,-67.299515670952,1.0052136313683062,-2.5174478359736674,0.12067054082980143,-18.689748158734776,-1.1573229341274334,36.06402367762649,0.6295741068180681,42.35785141605597,0.2719344611720337,-0.08906873507284782,0.00015748,0.08880455960199937,0.00081957,1,0.0
16161,0.05610798914071813,0.08793186060443567,-1.54e-06,2.5942354901041282,3.069515281003239,-2.434069850731105,1.0052136313683062,9.248483797079928,0.12067054082980143,-86.42774456634523,-1.1573229341274334,39.271790654302805,0.6295741068180681,47.990510241487684,0.2719344611720337,-0.18015009839082344,0.00015748,0.19612617592005735,0.00081957,1,0.0
16162,0.00031245455466105687,0.17868921390139936,-1.54e-06,2.5942354901041282,3.069515281003239,-47.55806788138223,1.0052136313683062,-2.2617512393234813,0.12067054082980143,-1.951591471555749,-1.1573229341274334,43.52879991070885,0.6295741068180681,11.012935570127542,0.2719344611720337,-0.1638636952875431,0.00015748,0.29551059106795163,0.00081957,1,0.0
16163,0.486901506675806,0.2669985856587073,-1.54e-06,2.5942354901041282,3.069515281003239,71.64040446358996,1.0052136313683062,17.19449870700018,0.12067054082980143,-82.20252030549706,-1.1573229341274334,-31.06117394767384,0.6295741068180681,31.423968731880986,0.2719344611720337,-0.08719771049113834,0.00015748,0.4180224361222966,0.00081957,1,0.0
16164,0.9539350947137732,0.16492749443016785,-1.54e-06,2.5942354901041282,3.069515281003239,-46.10917924044913,1.0052136313683062,3.3940850229421393,0.12067054082980143,-20.793438373256137,-1.1573229341274334,-46.56391553859184,0.6295741068180681,66.66992089137645,0.2719344611720337,-0.10642223955390877,0.00015748,0.10786109378879648,0.00081957,1,0.0
16165,-0.002864854898146696,0.4237967413355441,-1.54e-06,2.5942354901041282,3.069515281003239,100.0,1.0052136313683062,12.284769625783872,0.12067054082980143,-9.02357414839174,-1.1573229341274334,-14.395178356971728,0.6295741068180681,-52.20500845434001,0.2719344611720337,0.07181892979863241,0.00015748,0.641414526245601,0.00081957,0,0.0
16166,0.010051563985092882,0.0598502857095912,-1.54e-06,2.5942354901041282,3.069515281003239,38.135313567216805,1.0052136313683062,6.942031302304836,0.12067054082980143,-31.414434786480427,-1.1573229341274334,-13.988302692275271,0.6295741068180681,3.266385033823917,0.2719344611720337,-0.16508985579289143,0.00015748,0.16646125341393675,0.00081957,1,0.0
16167,0.12622458057144387,0.009066915793265974,-1.54e-06,2.5942354901041282,3.069515281003239,-68.28048125667421,1.0052136313683062,-0.28000028473479116,0.12067054082980143,-45.21733762765313,-1.1573229341274334,59.227488026999396,0.6295741068180681,52.05127859625614,0.2719344611720337,-0.05844485518472753,0.00015748,0.05812040061721066,0.00081957,1,0.0
16168,9.141952496571903e-05,0.2784621686504887,-1.54e-06,2.5942354901041282,3.069515281003239,-55.41644363717398,1.0052136313683062,-4.760659720690635,0.12067054082980143,-10.532158399554636,-1.1573229341274334,70.61603655351304,0.6295741068180681,19.527280457200106,0.2719344611720337,-0.13765865252167198,0.00015748,0.42220372142657236,0.00081957,1,0.0
16169,0.002048522936531072,0.20220550746425073,-1.54e-06,2.5942354901041282,3.069515281003239,-74.2477220997557,1.0052136313683062,-4.500083821190331,0.12067054082980143,-28.82751819937224,-1.1573229341274334,86.22702597398533,0.6295741068180681,37.775032346681456,0.2719344611720337,-0.1357659787630776,0.00015748,0.33727259306808255,0.00081957,1,0.0
16170,0.1810682813753406,0.024809171806657752,-1.54e-06,2.5942354901041282,3.069515281003239,-49.843662641358264,1.0052136313683062,5.965741693809489,0.12067054082980143,-87.32675012199637,-1.1573229341274334,61.087568007404286,0.6295741068180681,70.23535686317774,0.2719344611720337,-0.10323543031777792,0.00015748,0.10388085656488953,0.00081957,1,0.0
16171,0.2978852380826412,0.13120801978980012,-1.54e-06,2.5942354901041282,3.069515281003239,38.34253269654411,1.0052136313683062,10.97938072090723,0.12067054082980143,-50.06961226055261,-1.1573229341274334,-33.32165446165025,0.6295741068180681,24.15746616317878,0.2719344611720337,-0.2552617775319323,0.00015748,0.25565718332126525,0.00081957,1,0.0
16172,0.5711319659616393,0.2898070746503746,-1.54e-06,2.5942354901041282,3.069515281003239,66.06863379665849,1.0052136313683062,16.96919339923313,0.12067054082980143,-69.65368337538082,-1.1573229341274334,-54.586789087502446,0.6295741068180681,31.68477501608191,0.2719344611720337,-0.21069972594577124,0.00015748,0.39942749615804707,0.00081957,1,0.0
16173,-5.5963245094048375e-05,0.24821876431519005,-1.54e-06,2.5942354901041282,3.069515281003239,51.92094967896999,1.0052136313683062,4.987346059290504,0.12067054082980143,-37.12956766749182,-1.1573229341274334,48.331701108904305,0.6295741068180681,-10.63668305290544,0.2719344611720337,0.15911412196429303,0.00015748,0.6021599820916521,0.00081957,0,0.0
16174,-0.16330649481380832,1.308240073818826,-1.54e-06,2.5942354901041282,3.069515281003239,-71.32894431302931,1.0052136313683062,8.159075571084452,0.12067054082980143,-45.42010512331451,-1.1573229341274334,80.25714634868996,0.6295741068180681,19.19484433564869,0.2719344611720337,-0.5259925712388088,0.00015748,0.6345361622728171,0.00081957,1,0.0
16175,0.3966012068690268,0.0237050474990228,-1.54e-06,2.5942354901041282,3.069515281003239,-31.52554059598881,1.0052136313683062,1.6496033918479511,0.12067054082980143,-17.201167402458026,-1.1573229341274334,-6.936664619613922,0.6295741068180681,35.67328549235541,0.2719344611720337,-0.02428164118699365,0.00015748,0.024893933340159283,0.00081957,1,0.0
16176,1.2638877720632837,0.37601560280678664,-1.54e-06,2.5942354901041282,3.069515281003239,-72.52544088309791,1.0052136313683062,10.240939296013936,0.12067054082980143,-31.134741209546924,-1.1573229341274334,-62.764014006094705,0.6295741068180681,82.30162208024451,0.2719344611720337,-0.23206067563239058,0.00015748,0.231400239851349,0.00081957,1,0.0
16177,1.3174769514014817,0.2943826905364176,-1.54e-06,2.5942354901041282,3.069515281003239,-49.69061386460175,1.0052136313683062,7.076070191844534,0.12067054082980143,-22.427623909453363,-1.1573229341274334,-80.84689142551262,0.6295741068180681,80.59361837467996,0.2719344611720337,-0.14148465416905878,0.00015748,0.14156584466632585,0.00081957,1,0.0
16178,-0.0003825154661317026,0.27820477500432533,-1.54e-06,2.5942354901041282,3.069515281003239,16.14116579272755,1.0052136313683062,0.3099439100039934,0.12067054082980143,-24.203877965350635,-1.1573229341274334,53.502276885497956,0.6295741068180681,-0.24214271253603623,0.2719344611720337,0.052565254483615875,0.00015748,0.5247404905879585,0.00081957,0,0.0
16179,0.0005939871330706836,0.28181898520530957,-1.54e-06,2.5942354901041282,3.069515281003239,96.13176921160932,1.0052136313683062,6.354605062991879,0.12067054082980143,-35.5185111170535,-1.1573229341274334,49.45303464172253,0.6295741068180681,-31.364287748371833,0.2719344611720337,0.2386302444557259,0.00015748,0.8913465606121654,0.00081957,0,0.0
16180,0.05160685033562579,0.010275110161472645,-1.54e-06,2.5942354901041282,3.069515281003239,-35.834755188739805,1.0052136313683062,3.461145468099417,0.12067054082980143,-60.90994411721125,-1.1573229341274334,50.783443371379065,0.6295741068180681,46.602684223890954,0.2719344611720337,-0.057427223036100455,0.00015748,0.05766795142799244,0.00081957,1,0.0
16181,0.6556165999347638,0.11638342452866811,-1.54e-06,2.5942354901041282,3.069515281003239,-55.52986343491702,1.0052136313683062,8.347986314339687,0.12067054082980143,-53.77726546440693,-1.1573229341274334,-2.447124332527594,0.6295741068180681,67.37180895930567,0.2719344611720337,-0.17473411415559564,0.00015748,0.17471228624170893,0.00081957,1,0.0
16182,1.2726484274795187,0.2796016119152915,-1.54e-06,2.5942354901041282,3.069515281003239,-41.36416466653191,1.0052136313683062,8.407012358533066,0.12067054082980143,-26.71649534585064,-1.1573229341274334,-81.29797303708364,0.6295741068180681,77.35481144286484,0.2719344611720337,-0.16409104842042768,0.00015748,0.16418727596258856,0.00081957,1,0.0
16183,0.01195876224738579,0.09662822099992584,-1.54e-06,2.5942354901041282,3.069515281003239,1.7871805215054597,1.0052136313683062,8.410669508581277,0.12067054082980143,-87.65701479403947,-1.1573229341274334,53.03832484392085,0.6295741068180681,44.32593014702627,0.2719344611720337,-0.05329213535003598,0.00015748,0.19361463074111374,0.00081957,1,0.0
16184,0.7306290489673773,0.10258431500022906,-1.54e-06,2.5942354901041282,3.069515281003239,-37.328586320786584,1.0052136313683062,8.611364557359616,0.12067054082980143,-62.525051812765334,-1.1573229341274334,-13.93371966242163,0.6295741068180681,73.7703611414731,0.2719344611720337,-0.1654347495609432,0.00015748,0.16698418145268504,0.00081957,1,0.0
16185,0.000962205875776112,0.13467768322036616,-1.54e-06,2.5942354901041282,3.069515281003239,92.05435163162464,1.0052136313683062,11.4573438716954,0.12067054082980143,-58.77227940300047,-1.1573229341274334,16.6444726599825,0.6295741068180681,-10.875303871416202,0.2719344611720337,0.29634019714469617,0.00015748,0.32421144216328224,0.00081957,0,0.0
16186,0.0002914596455421137,0.13406733671279322,-1.54e-06,2.5942354901041282,3.069515281003239,93.70963084850278,1.0052136313683062,10.867456015615458,0.12067054082980143,-75.2824475807841,-1.1573229341274334,62.59468657012331,0.6295741068180681,-8.656824373323055,0.2719344611720337,0.3277894063247076,0.00015748,0.718480860927571,0.00081957,0,0.0
16187,0.05539070175608729,0.04709280531632268,-1.54e-06,2.5942354901041282,3.069515281003239,-19.161354157389315,1.0052136313683062,6.892831557665446,0.12067054082980143,-79.3280121402661,-1.1573229341274334,47.20568998678741,0.6295741068180681,50.6140532298817,0.2719344611720337,-0.13795132948636102,0.00015748,0.1396036218869079,0.00081957,1,0.0
16188,0.4454562387839398,0.06791644696967808,-1.54e-06,2.5942354901041282,3.069515281003239,25.650776371046707,1.0052136313683062,6.442916171929737,0.12067054082980143,-7.422278897064415,-1.1573229341274334,-59.01260475414274,0.6295741068180681,11.885548296031981,0.2719344611720337,-0.1524510451013532,0.00015748,0.15257528323028535,0.00081957,1,0.0
16189,0.3193205631403031,2.5781853971110076,-1.54e-06,2.5942354901041282,3.069515281003239,35.77029380793904,1.0052136313683062,31.74604711785052,0.12067054082980143,-65.15018488594168,-1.1573229341274334,-61.585209753985566,0.6295741068180681,-1.5595725188310874,0.2719344611720337,-0.9280666407700794,0.00015748,0.9010962082294202,0.00081957,1,0.0
16190,-0.002204603868331323,0.4023730163120819,-1.54e-06,2.5942354901041282,3.069515281003239,74.7158865131973,1.0052136313683062,9.378983021835364,0.12067054082980143,-37.94636906796699,-1.1573229341274334,50.55069436363765,0.6295741068180681,-29.159234933696347,0.2719344611720337,0.1552750844689274,0.00015748,0.8774448703343669,0.00081957,0,0.0
16191,0.0035645772683892685,0.03664598351759357,-1.54e-06,2.5942354901041282,3.069515281003239,-71.00294313408631,1.0052136313683062,-2.3204358854411486,0.12067054082980143,-53.210899622436855,-1.1573229341274334,81.80595615536431,0.6295741068180681,55.20753857037347,0.2719344611720337,-0.06650642711716913,0.00015748,0.08741276749870318,0.00081957,1,0.0
16192,0.35148532987777936,0.19197962155839407,-1.54e-06,2.5942354901041282,3.069515281003239,55.068651550369516,1.0052136313683062,13.117245709543703,0.12067054082980143,-56.819280394197015,-1.1573229341274334,-40.271143805443266,0.6295741068180681,22.84311849191169,0.2719344611720337,-0.23573232387855775,0.00015748,0.31571763275068915,0.00081957,1,0.0
16193,1.4703735599785361,3.504970977466449,-1.54e-06,2.5942354901041282,3.069515281003239,95.64812815338584,1.0052136313683062,-1.6865538724519822,0.12067054082980143,-94.96425977275884,-1.1573229341274334,89.42621422522902,0.6295741068180681,69.74077642889681,0.2719344611720337,0.13702845655143903,0.00015748,2.3573792484405516,0.00081957,0,0.0
16194,0.0021707000698096834,0.1121150180989544,-1.54e-06,2.5942354901041282,3.069515281003239,84.34380022519046,1.0052136313683062,11.95859773633723,0.12067054082980143,-90.71645146849174,-1.1573229341274334,72.09185158134716,0.6295741068180681,3.4542856816283574,0.2719344611720337,0.3433500899554852,0.00015748,0.6526909592345592,0.00081957,0,0.0
16195,0.559430556937603,0.0715908074354126,-1.54e-06,2.5942354901041282,3.069515281003239,-3.230427680929735,1.0052136313683062,6.173193427305114,0.12067054082980143,-24.793552564766543,-1.1573229341274334,-40.02965072126606,0.6295741068180681,36.0782777769634,0.2719344611720337,-0.1389407281445933,0.00015748,0.13892919811407906,0.00081957,1,0.0
16196,1.2128697696323263,1.1825210911965944,-1.54e-06,2.5942354901041282,3.069515281003239,-74.94577697940441,1.0052136313683062,14.266546357061383,0.12067054082980143,-6.628671021720516,-1.1573229341274334,-92.05279040948007,0.6295741068180681,58.44497912966506,0.2719344611720337,-0.5867491211901921,0.00015748,0.440901685531063,0.00081957,1,0.0
16197,0.8552163307599018,0.1359465918298227,-1.54e-06,2.5942354901041282,3.069515281003239,-92.41969376463132,1.0052136313683062,0.3483858670174628,0.12067054082980143,-19.210913585427022,-1.1573229341274334,-7.211401406630307,0.6295741068180681,74.47923073902284,0.2719344611720337,-0.06486505217405569,0.00015748,0.06495379935461687,0.00081957,1,0.0
16198,0.00024431719932305196,0.10989116772577857,-1.54e-06,2.5942354901041282,3.069515281003239,40.31893313633901,1.0052136313683062,7.908364232106963,0.12067054082980143,-54.31657714031045,-1.1573229341274334,22.696430647701796,0.6295741068180681,9.994552575652131,0.2719344611720337,0.08743527802587849,0.00015748,0.20188410979703408,0.00081957,0,0.0
16199,0.1537516626906421,0.16135689304435533,-1.54e-06,2.5942354901041282,3.069515281003239,51.67586465651275,1.0052136313683062,12.978082267140001,0.12067054082980143,-65.66833303811042,-1.1573229341274334,-9.573858517965345,0.6295741068180681,18.061328207340527,0.2719344611720337,-0.14248922066296704,0.00015748,0.2928027421049812,0.00081957,1,0.0
16200,0.1325478656041702,0.008398617535910959,-1.54e-06,1.763610302617491,3.7567800062813674,-16.249209505463632,1.0052136313683062,5.316598644338659,0.12067054082980143,-29.99974058094486,-1.1573229341274334,-3.0509038672717215,0.6295741068180681,25.814758530505454,0.2719344611720337,-0.06452984545614877,0.00015748,0.0645213776505106,0.00081957,1,0.0
16201,0.005331831807740661,0.12060571319131112,-1.54e-06,1.763610302617491,3.7567800062813674,35.26350377545594,1.0052136313683062,12.90664093230287,0.12067054082980143,-36.054229483714984,-1.1573229341274334,-19.755987018596976,0.6295741068180681,-0.7959304306116889,0.2719344611720337,-0.04933214457327456,0.00015748,0.23990091377689343,0.00081957,1,0.0
16202,0.0019758683629994,0.17684220067183437,-1.54e-06,1.763610302617491,3.7567800062813674,91.43358701243105,1.0052136313683062,14.569579546511045,0.12067054082980143,-32.59709271221209,-1.1573229341274334,88.1039137491416,0.6295741068180681,-46.78954821373102,0.2719344611720337,0.31651430859594,0.00015748,0.5506594084359006,0.00081957,0,0.0
16203,0.4836278054564872,0.041972481587733666,-1.54e-06,1.763610302617491,3.7567800062813674,-26.740429508943116,1.0052136313683062,9.798399796445196,0.12067054082980143,-19.694863549025214,-1.1573229341274334,-84.55142180504235,0.6295741068180681,45.032546565491245,0.2719344611720337,-0.12270522587290755,0.00015748,0.12287348226005479,0.00081957,1,0.0
16204,0.18146213960260787,0.14235694212798908,-1.54e-06,1.763610302617491,3.7567800062813674,10.852150442578795,1.0052136313683062,17.71328419451443,0.12067054082980143,-43.71267343071855,-1.1573229341274334,-82.2499430553514,0.6295741068180681,25.92311084405308,0.2719344611720337,-0.2566842838568081,0.00015748,0.25928354502583717,0.00081957,1,0.0
16205,0.39858172329108843,0.13642542127511353,-1.54e-06,1.763610302617491,3.7567800062813674,97.272320555889,1.0052136313683062,26.78036942862522,0.12067054082980143,-67.28459517053773,-1.1573229341274334,7.662542186903844,0.6295741068180681,-10.967563189709999,0.2719344611720337,0.4295339220193699,0.00015748,0.5967955097827815,0.00081957,0,0.0
16206,0.29556706776372277,0.0266157687883635,-1.54e-06,1.763610302617491,3.7567800062813674,-70.51024156053249,1.0052136313683062,-0.8933063539574224,0.12067054082980143,-55.01595448460367,-1.1573229341274334,75.49079343533556,0.6295741068180681,63.136821729753464,0.2719344611720337,-0.06579093498010462,0.00015748,0.06591956895361932,0.00081957,1,0.0
16207,0.07078152195442317,0.0450651801790813,-1.54e-06,1.763610302617491,3.7567800062813674,11.4770830648711,1.0052136313683062,9.414260731369758,0.12067054082980143,-19.33484348400176,-1.1573229341274334,-49.10413089759207,0.6295741068180681,8.939819166457841,0.2719344611720337,-0.14187403291852216,0.00015748,0.14391356449316053,0.00081957,1,0.0
16208,0.29504534230011736,0.08595054797611021,-1.54e-06,1.763610302617491,3.7567800062813674,-34.38045810661394,1.0052136313683062,15.90373028879673,0.12067054082980143,-84.60187658904945,-1.1573229341274334,-11.931803845700095,0.6295741068180681,64.99990790945675,0.2719344611720337,-0.20677351883010134,0.00015748,0.20668383906021257,0.00081957,1,0.0
16209,0.4694863633157473,0.022384820343666133,-1.54e-06,1.763610302617491,3.7567800062813674,-80.10157495646258,1.0052136313683062,5.7815785471084675,0.12067054082980143,-76.00260628495418,-1.1573229341274334,44.3620953162123,0.6295741068180681,85.17204287589868,0.2719344611720337,-0.0356720557979888,0.00015748,0.035720710936664936,0.00081957,1,0.0
16210,0.0008864767823952568,0.04675335259954428,-1.54e-06,1.763610302617491,3.7567800062813674,-20.774098358540556,1.0052136313683062,6.883214675525863,0.12067054082980143,-71.81114149069727,-1.1573229341274334,78.2648067245647,0.6295741068180681,34.71387449883766,0.2719344611720337,-0.00292660159448227,0.00015748,0.09391888780169155,0.00081957,1,0.0
16211,9.138055678628576e-05,0.027505923505398305,-1.54e-06,1.763610302617491,3.7567800062813674,-36.14268141385433,1.0052136313683062,-5.055907908287729,0.12067054082980143,-23.615611903232576,-1.1573229341274334,85.10788609568672,0.6295741068180681,20.81263063112943,0.2719344611720337,-0.11077669689258886,0.00015748,0.1107289627562371,0.00081957,1,0.0
16212,0.5241937909284243,0.05718344073218523,-1.54e-06,1.763610302617491,3.7567800062813674,-86.30004300239963,1.0052136313683062,-0.19199562279878235,0.12067054082980143,-47.87484552054346,-1.1573229341274334,43.72995745168073,0.6295741068180681,77.62898718906828,0.2719344611720337,-0.07906970839821235,0.00015748,0.07895639020942617,0.00081957,1,0.0
16213,0.43567056193452697,0.2473208254384575,-1.54e-06,1.763610302617491,3.7567800062813674,37.76704192840656,1.0052136313683062,24.499422384162298,0.12067054082980143,-65.01519627385696,-1.1573229341274334,-64.37926195424973,0.6295741068180681,27.837881829103807,0.2719344611720337,0.006822343132613373,0.00015748,0.4484300320505906,0.00081957,0,0.0
16214,0.7880921267640835,0.23958970361556178,-1.54e-06,1.763610302617491,3.7567800062813674,76.6790857611282,1.0052136313683062,31.697584316978062,0.12067054082980143,-99.56008525744627,-1.1573229341274334,-25.942863429698896,0.6295741068180681,33.48415953350479,0.2719344611720337,0.37183254992402415,0.00015748,0.7617187772433093,0.00081957,0,0.0
16215,0.6881773046381243,0.05691520596567966,-1.54e-06,1.763610302617491,3.7567800062813674,-50.021656539503134,1.0052136313683062,9.065980154982308,0.12067054082980143,-23.665203084370646,-1.1573229341274334,-91.54946511531513,0.6295741068180681,66.38981712365671,0.2719344611720337,-0.10204358148891135,0.00015748,0.10250224585478279,0.00081957,1,0.0
16216,0.7652125856771905,0.31745248398275033,-1.54e-06,1.763610302617491,3.7567800062813674,23.46114142070412,1.0052136313683062,24.536703668738586,0.12067054082980143,-67.58323654724602,-1.1573229341274334,-90.5691655790208,0.6295741068180681,51.85829764390298,0.2719344611720337,0.06376279853677383,0.00015748,0.5059562060865647,0.00081957,0,0.0
16217,0.06799773005611043,0.021365443986162528,-1.54e-06,1.763610302617491,3.7567800062813674,14.603848961572204,1.0052136313683062,6.026319784537197,0.12067054082980143,-0.011345406737458763,-1.1573229341274334,-55.517819458588065,0.6295741068180681,-0.3522103361783514,0.2719344611720337,-0.10035287574369176,0.00015748,0.10049883904274445,0.00081957,1,0.0
16218,0.41752747682574326,0.02309598659429804,-1.54e-06,1.763610302617491,3.7567800062813674,-34.518597331217094,1.0052136313683062,6.785095213834611,0.12067054082980143,-26.412845579589476,-1.1573229341274334,-46.2715000372241,0.6295741068180681,46.91563736679007,0.2719344611720337,-0.07839275123610949,0.00015748,0.07836875367214889,0.00081957,1,0.0
16219,0.6216028799731659,0.04840109319991688,-1.54e-06,1.763610302617491,3.7567800062813674,-71.54217849802318,1.0052136313683062,10.204336222542675,0.12067054082980143,-69.47554652242441,-1.1573229341274334,-22.069104831414105,0.6295741068180681,89.67215811652882,0.2719344611720337,-0.10829974623901295,0.00015748,0.10884472856227989,0.00081957,1,0.0
16220,0.3577666680952738,0.2011060826987446,-1.54e-06,1.763610302617491,3.7567800062813674,48.35782233301669,1.0052136313683062,23.604514270225017,0.12067054082980143,-79.1839343551861,-1.1573229341274334,0.8152482800797874,0.6295741068180681,19.792345813358523,0.2719344611720337,0.1798399864287388,0.00015748,0.4651255296197425,0.00081957,0,0.0
16221,-5.5916522828214354e-05,0.033449862125765305,-1.54e-06,1.763610302617491,3.7567800062813674,-10.888308745691399,1.0052136313683062,6.729956613501731,0.12067054082980143,-50.76060536130692,-1.1573229341274334,41.94407336735055,0.6295741068180681,23.225352210124576,0.2719344611720337,-0.03749847163023842,0.00015748,0.08887803258578703,0.00081957,1,0.0
16222,0.31646181186914346,0.05720341862105895,-1.54e-06,1.763610302617491,3.7567800062813674,-74.28429867880385,1.0052136313683062,-4.051766961433353,0.12067054082980143,-40.57114470473453,-1.1573229341274334,78.71713152944936,0.6295741068180681,58.69320145384169,0.2719344611720337,-0.12139404111097908,0.00015748,0.12118935975074017,0.00081957,1,0.0
16223,0.18514918087867588,0.005860652251788468,-1.54e-06,1.763610302617491,3.7567800062813674,-25.56179734514206,1.0052136313683062,4.485350312709515,0.12067054082980143,-32.62136361386229,-1.1573229341274334,2.986468203255714,0.6295741068180681,33.043180960310096,0.2719344611720337,-0.04779332412806936,0.00015748,0.04781103150725996,0.00081957,1,0.0
16224,0.28357015652713646,0.10134544519079605,-1.54e-06,1.763610302617491,3.7567800062813674,86.16025641098695,1.0052136313683062,26.748148620712566,0.12067054082980143,-98.6823722549346,-1.1573229341274334,66.74151672837982,0.6295741068180681,-0.05198983642651203,0.2719344611720337,0.43014094077026876,0.00015748,0.5933709078973344,0.00081957,0,0.0
16225,-2.3822579795690357e-05,0.03534507555591919,-1.54e-06,1.763610302617491,3.7567800062813674,-30.20532111542154,1.0052136313683062,7.475715344142055,0.12067054082980143,-82.27648467729614,-1.1573229341274334,87.69355304467967,0.6295741068180681,43.07972135700227,0.2719344611720337,-0.03448916138963421,0.00015748,0.08918408479108958,0.00081957,1,0.0
16226,0.4164199620018193,0.0316895274878934,-1.54e-06,1.763610302617491,3.7567800062813674,-59.90842705909161,1.0052136313683062,10.420703796726137,0.12067054082980143,-78.97186813889627,-1.1573229341274334,12.331392798818712,0.6295741068180681,77.66967810713415,0.2719344611720337,-0.1120285144057892,0.00015748,0.11242484688312016,0.00081957,1,0.0
16227,0.0005571730585751111,0.1374054083831884,-1.54e-06,1.763610302617491,3.7567800062813674,68.94607770494136,1.0052136313683062,12.118545742993396,0.12067054082980143,-1e-20,-1.1573229341274334,-57.489087870335815,0.6295741068180681,-30.923982326598725,0.2719344611720337,0.03253451908609406,0.00015748,0.2692156662278533,0.00081957,0,0.0
16228,0.686638856712793,0.08931708440948798,-1.54e-06,1.763610302617491,3.7567800062813674,-58.40256979036132,1.0052136313683062,15.925805421576756,0.12067054082980143,-65.71817291544988,-1.1573229341274334,-73.15019235438092,0.6295741068180681,86.75822341411497,0.2719344611720337,-0.18861944797310845,0.00015748,0.18858346063109907,0.00081957,1,0.0
16229,0.10806455237731377,0.32835394642011784,-1.54e-06,1.763610302617491,3.7567800062813674,-48.05833339708366,1.0052136313683062,16.70919667209093,0.12067054082980143,-68.00769141292069,-1.1573229341274334,78.60649895159118,0.6295741068180681,34.66573849970215,0.2719344611720337,-0.3220348263089025,0.00015748,0.31749067310376405,0.00081957,1,0.0
16230,0.4098499826951054,0.1235276646009245,-1.54e-06,1.763610302617491,3.7567800062813674,88.29211118677523,1.0052136313683062,30.606012408008283,0.12067054082980143,-99.96748896181683,-1.1573229341274334,33.76856298961269,0.6295741068180681,5.939712262483438,0.2719344611720337,0.4068953130672739,0.00015748,0.6466045244894731,0.00081957,0,0.0
16231,0.22759905632383304,0.04474197265130043,-1.54e-06,1.763610302617491,3.7567800062813674,-12.497632535587424,1.0052136313683062,10.792608750751299,0.12067054082980143,-39.12041443244599,-1.1573229341274334,-41.25036171401172,0.6295741068180681,34.40926383007933,0.2719344611720337,-0.148745222086392,0.00015748,0.14921506914033503,0.00081957,1,0.0
16232,0.5391302592069603,0.1689770554438966,-1.54e-06,1.763610302617491,3.7567800062813674,-36.935288398284165,1.0052136313683062,18.004039342264434,0.12067054082980143,-67.85671905563872,-1.1573229341274334,-8.852050345543327,0.6295741068180681,60.28679643548391,0.2719344611720337,-0.0463289770624388,0.00015748,0.2435612596706204,0.00081957,1,0.0
16233,0.00038859751746705973,0.13545405118085224,-1.54e-06,1.763610302617491,3.7567800062813674,59.02386098386812,1.0052136313683062,7.859242757850834,0.12067054082980143,-5.469531635803895,-1.1573229341274334,5.286939016580667,0.6295741068180681,-29.630146227209487,0.2719344611720337,0.1923121269353016,0.00015748,0.22009437574576993,0.00081957,0,0.0
16234,0.09191921175631745,0.14075140772914616,-1.54e-06,1.763610302617491,3.7567800062813674,89.9635362603745,1.0052136313683062,18.54915896557831,0.12067054082980143,-46.89472184228124,-1.1573229341274334,26.22801403612554,0.6295741068180681,-26.6786049325485,0.2719344611720337,0.31933943392572883,0.00015748,0.4441266307047036,0.00081957,0,0.0
16235,0.30215212487377224,0.009305112772753617,-1.54e-06,1.763610302617491,3.7567800062813674,-62.077218939264306,1.0052136313683062,5.128005042174668,0.12067054082980143,-68.73581176296227,-1.1573229341274334,52.77030336092464,0.6295741068180681,66.36800422428989,0.2719344611720337,-0.035836234577987805,0.00015748,0.03586337652763054,0.00081957,1,0.0
16236,0.5368564378474194,0.03172910419352613,-1.54e-06,1.763610302617491,3.7567800062813674,-67.28883320030215,1.0052136313683062,4.311048957266927,0.12067054082980143,-42.940208409971696,-1.1573229341274334,-5.119209983057613,0.6295741068180681,70.78994172261832,0.2719344611720337,-0.02399302433207498,0.00015748,0.024323371851217343,0.00081957,1,0.0
16237,0.02800867742731855,0.01034680888769987,-1.54e-06,1.763610302617491,3.7567800062813674,-46.91332877353402,1.0052136313683062,6.818018448671773,0.12067054082980143,-91.02544870190009,-1.1573229341274334,99.37257861966133,0.6295741068180681,55.24831305348492,0.2719344611720337,-0.06112119295547616,0.00015748,0.061627873787572035,0.00081957,1,0.0
16238,0.019176406038995508,0.15311156198149578,-1.54e-06,1.763610302617491,3.7567800062813674,48.26625694975439,1.0052136313683062,15.97636176181601,0.12067054082980143,-52.71989315805475,-1.1573229341274334,7.624723726171745,0.6295741068180681,-2.62889367155669,0.2719344611720337,0.053050767893765755,0.00015748,0.31607510288982155,0.00081957,0,0.0
16239,0.2156082484150521,0.0887845203620225,-1.54e-06,1.763610302617491,3.7567800062813674,100.0,1.0052136313683062,26.481607160402042,0.12067054082980143,-87.00080813353759,-1.1573229341274334,56.38949357897635,0.6295741068180681,-13.691328408142441,0.2719344611720337,0.42936094058879576,0.00015748,0.5980018168996653,0.00081957,0,0.0
16240,2.7008511428283644e-05,0.030538663947928722,-1.54e-06,1.763610302617491,3.7567800062813674,-23.475629768205863,1.0052136313683062,6.551718443654968,0.12067054082980143,-65.82184246992865,-1.1573229341274334,71.288994037207,0.6295741068180681,33.30137115832719,0.2719344611720337,-0.026278982550445203,0.00015748,0.07768968367484708,0.00081957,1,0.0
16241,0.5244236639138309,0.03794168874007261,-1.54e-06,1.763610302617491,3.7567800062813674,-67.42596922710109,1.0052136313683062,1.6600500680823047,0.12067054082980143,-33.48791031553351,-1.1573229341274334,-0.6378384308757421,0.6295741068180681,66.30124966329564,0.2719344611720337,-0.0246388404436794,0.00015748,0.024866694950932848,0.00081957,1,0.0
16242,0.23199754274265544,0.012233624269320231,-1.54e-06,1.763610302617491,3.7567800062813674,-38.91086222910955,1.0052136313683062,7.244794195696288,0.12067054082980143,-56.51689530514067,-1.1573229341274334,19.496666875869447,0.6295741068180681,49.95797813862539,0.2719344611720337,-0.07441244269897339,0.00015748,0.07450482823232417,0.00081957,1,0.0
16243,0.15943619871499554,0.005239339364981682,-1.54e-06,1.763610302617491,3.7567800062813674,-29.852180903340876,1.0052136313683062,4.547000660853538,0.12067054082980143,-42.3446580394817,-1.1573229341274334,20.57024421932017,0.6295741068180681,37.15650071702898,0.2719344611720337,-0.04603926682453986,0.00015748,0.04595898947495068,0.00081957,1,0.0
16244,0.15725855508739417,0.14905644303306992,-1.54e-06,1.763610302617491,3.7567800062813674,85.66803621266064,1.0052136313683062,19.891061752085175,0.12067054082980143,-51.209504803996715,-1.1573229341274334,18.977353245848075,0.6295741068180681,-19.978957783953547,0.2719344611720337,0.3134355093899237,0.00015748,0.4574156021185002,0.00081957,0,0.0
16245,0.42906608259716494,0.028836874042692407,-1.54e-06,1.763610302617491,3.7567800062813674,-50.78650900868406,1.0052136313683062,9.519473145623156,0.12067054082980143,-59.19216931493008,-1.1573229341274334,-12.464511894919124,0.6295741068180681,66.64421130218533,0.2719344611720337,-0.10263180358581134,0.00015748,0.10265131785290008,0.00081957,1,0.0
16246,0.34282052048410094,0.021230332643927926,-1.54e-06,1.763610302617491,3.7567800062813674,-45.58829115586001,1.0052136313683062,5.221756878471208,0.12067054082980143,-32.41200460627222,-1.1573229341274334,3.1097663458909732,0.6295741068180681,45.49556852678099,0.2719344611720337,-0.06398439937394543,0.00015748,0.06442030096327442,0.00081957,1,0.0
16247,0.0013430887982918693,0.11294841538438594,-1.54e-06,1.763610302617491,3.7567800062813674,15.973711542263244,1.0052136313683062,12.334602988961597,0.12067054082980143,-67.7788896800663,-1.1573229341274334,57.03810501584001,0.6295741068180681,14.975293175368737,0.2719344611720337,0.06214470510730172,0.00015748,0.21563273644730832,0.00081957,0,0.0
16248,0.12543552031278155,0.16986492601663888,-1.54e-06,1.763610302617491,3.7567800062813674,52.65802184836201,1.0052136313683062,18.120033665791432,0.12067054082980143,-55.45626642445293,-1.1573229341274334,-1.5231838943914218,0.6295741068180681,0.4780119513330249,0.2719344611720337,0.09839450105413777,0.00015748,0.3661750874328813,0.00081957,0,0.0
16249,0.8854397557444864,0.2612314563735974,-1.54e-06,1.763610302617491,3.7567800062813674,72.5753229363538,1.0052136313683062,36.35556308554598,0.12067054082980143,-95.89299365286368,-1.1573229341274334,-54.21613770310067,0.6295741068180681,35.630329863680856,0.2719344611720337,0.37237161169878374,0.00015748,0.7359129839933137,0.00081957,0,0.0
16250,0.00012008565178267538,0.11447045249595549,-1.54e-06,1.763610302617491,3.7567800062813674,7.263563239950579,1.0052136313683062,13.68442046313556,0.12067054082980143,-82.77027569703388,-1.1573229341274334,63.842878217946925,0.6295741068180681,25.714166567781028,0.2719344611720337,0.012081494372239127,0.00015748,0.2273331826701849,0.00081957,0,0.0
16251,0.5244877785909545,0.15380081891082062,-1.54e-06,1.763610302617491,3.7567800062813674,93.04576738038105,1.0052136313683062,31.399747078679248,0.12067054082980143,-87.2068235704191,-1.1573229341274334,-4.960183338988647,0.6295741068180681,5.618585535715957,0.2719344611720337,0.3960525988249412,0.00015748,0.6772998434903827,0.00081957,0,0.0
16252,0.7565073609268411,0.06163567499307857,-1.54e-06,1.763610302617491,3.7567800062813674,-67.82607621340794,1.0052136313683062,8.027982752246096,0.12067054082980143,-34.13246564408547,-1.1573229341274334,-70.54024096214812,0.6295741068180681,80.38350123949238,0.2719344611720337,-0.07424362536301735,0.00015748,0.07433435939667865,0.00081957,1,0.0
16253,0.0022215046980260666,0.09259607105646397,-1.54e-06,1.763610302617491,3.7567800062813674,26.22093003349417,1.0052136313683062,11.27581102123616,0.12067054082980143,-31.054250211538456,-1.1573229341274334,-23.82835972462702,0.6295741068180681,1.8916673171942555,0.2719344611720337,-0.08188293364325304,0.00015748,0.19683896315213745,0.00081957,1,0.0
16254,0.3633394086922109,0.01436573324100454,-1.54e-06,1.763610302617491,3.7567800062813674,-53.71437018732506,1.0052136313683062,6.484297958166519,0.12067054082980143,-56.2555411674513,-1.1573229341274334,14.795545494202774,0.6295741068180681,62.07779104531566,0.2719344611720337,-0.055241718660265886,0.00015748,0.05545355245033028,0.00081957,1,0.0
16255,0.0003624016590362267,0.05605928323704075,-1.54e-06,1.763610302617491,3.7567800062813674,1.013822721397356,1.0052136313683062,5.3034363492106635,0.12067054082980143,-36.177806927463315,-1.1573229341274334,40.056450414351644,0.6295741068180681,10.69300394819596,0.2719344611720337,0.03723963162952127,0.00015748,0.08722558833081884,0.00081957,0,0.0
16256,0.42903712750623224,0.025300020890788255,-1.54e-06,1.763610302617491,3.7567800062813674,-71.7257235495176,1.0052136313683062,9.802554723172317,0.12067054082980143,-89.11140510132171,-1.1573229341274334,36.2051511161558,0.6295741068180681,86.05912461062184,0.2719344611720337,-0.09131267279981453,0.00015748,0.09161915397943593,0.00081957,1,0.0
16257,0.0006943674507366437,0.1558930221349874,-1.54e-06,1.763610302617491,3.7567800062813674,66.16440755243924,1.0052136313683062,8.952927368295564,0.12067054082980143,-23.873357132945277,-1.1573229341274334,49.74784699413839,0.6295741068180681,-29.213885353389554,0.2719344611720337,0.2468571288619591,0.00015748,0.3415607779199973,0.00081957,0,0.0
16258,0.07713073630933742,0.15536034491238293,-1.54e-06,1.763610302617491,3.7567800062813674,42.05216336958845,1.0052136313683062,15.939671718553551,0.12067054082980143,-44.38636858584456,-1.1573229341274334,-23.731155752498637,0.6295741068180681,1.9438512191305692,0.2719344611720337,-0.016452563810589765,0.00015748,0.3042581537304464,0.00081957,1,0.0
16259,0.05895267207548292,0.0024596732892704907,-1.54e-06,1.763610302617491,3.7567800062813674,0.7717557918157667,1.0052136313683062,2.1628570260836066,0.12067054082980143,-2.1871514379522523,-1.1573229341274334,-19.927081913234865,0.6295741068180681,4.361152336096492,0.2719344611720337,-0.03478199108502468,0.00015748,0.03480974065530107,0.00081957,1,0.0
16260,0.1520522006554864,0.16730340549193157,-1.54e-06,1.763610302617491,3.7567800062813674,51.646617858235196,1.0052136313683062,18.3109260635718,0.12067054082980143,-57.60961202299353,-1.1573229341274334,39.35608934309742,0.6295741068180681,-4.372973881549943,0.2719344611720337,0.24135951984112858,0.00015748,0.35376835736459167,0.00081957,0,0.0
16261,0.07919595929736578,0.01397511531920367,-1.54e-06,1.763610302617491,3.7567800062813674,-41.82112262957382,1.0052136313683062,7.653660683372236,0.12067054082980143,-82.60441076833006,-1.1573229341274334,71.95497325309951,0.6295741068180681,53.350415024919876,0.2719344611720337,-0.07758106473640121,0.00015748,0.07803667950244729,0.00081957,1,0.0
16262,0.3713798071095681,0.014636088745339771,-1.54e-06,1.763610302617491,3.7567800062813674,-78.14949452003512,1.0052136313683062,5.175168224160078,0.12067054082980143,-83.63456552047553,-1.1573229341274334,69.32252377709774,0.6295741068180681,82.25925551206062,0.2719344611720337,-0.030267892509030895,0.00015748,0.03048513056487712,0.00081957,1,0.0
16263,0.05771475315091812,0.1090690543151313,-1.54e-06,1.763610302617491,3.7567800062813674,98.70211150255628,1.0052136313683062,18.245016882642854,0.12067054082980143,-55.40750747811531,-1.1573229341274334,66.48577269512438,0.6295741068180681,-32.45818251302035,0.2719344611720337,0.4177513819209018,0.00015748,0.48956016475036357,0.00081957,0,0.0
16264,0.05015496770267647,0.18325395510003623,-1.54e-06,1.763610302617491,3.7567800062813674,100.0,1.0052136313683062,28.686767598889855,0.12067054082980143,-70.37502260782631,-1.1573229341274334,13.504916960114956,0.6295741068180681,-25.93659397608964,0.2719344611720337,0.22226108088812188,0.00015748,0.5387266734162275,0.00081957,0,0.0
16265,0.5437341856112619,0.2742312583889121,-1.54e-06,1.763610302617491,3.7567800062813674,21.046929564903962,1.0052136313683062,27.885458738493725,0.12067054082980143,-92.52292500716493,-1.1573229341274334,-46.551398269495905,0.6295741068180681,49.763630699872344,0.2719344611720337,0.0068017746817051195,0.00015748,0.48263955353615345,0.00081957,0,0.0
16266,0.0001477149097487973,0.13473706666488974,-1.54e-06,1.763610302617491,3.7567800062813674,42.18093663635182,1.0052136313683062,14.182005884341987,0.12067054082980143,-38.4258439305574,-1.1573229341274334,-14.810556658648823,0.6295741068180681,-4.4897868329373205,0.2719344611720337,-0.01740318778546432,0.00015748,0.2641023372333132,0.00081957,1,0.0
16267,0.016750484242089136,0.057000862746141405,-1.54e-06,1.763610302617491,3.7567800062813674,3.3446845235479556,1.0052136313683062,10.806230449954418,0.12067054082980143,-44.22993800552171,-1.1573229341274334,-14.691318743724999,0.6295741068180681,19.23538278039322,0.2719344611720337,-0.15658201872656913,0.00015748,0.1577642709694944,0.00081957,1,0.0
16268,0.30288469892411285,0.2509456653060954,-1.54e-06,1.763610302617491,3.7567800062813674,-10.067164888537157,1.0052136313683062,18.91876090205345,0.12067054082980143,-14.149399000696189,-1.1573229341274334,-64.97934903772857,0.6295741068180681,13.599188732107523,0.2719344611720337,-0.259904661502536,0.00015748,0.2673552615748003,0.00081957,1,0.0
16269,0.019031311376921045,0.0037220192618270974,-1.54e-06,1.763610302617491,3.7567800062813674,-28.961306382095632,1.0052136313683062,3.8291025005194768,0.12067054082980143,-55.60876619647962,-1.1573229341274334,60.68774527514843,0.6295741068180681,34.348683999726234,0.2719344611720337,-0.03483508114662935,0.00015748,0.034825941325516335,0.00081957,1,0.0
16270,0.11076060046638847,0.024990169426271157,-1.54e-06,1.763610302617491,3.7567800062813674,-38.858356365115625,1.0052136313683062,9.424016486540687,0.12067054082980143,-83.66655079165581,-1.1573229341274334,55.09786452607795,0.6295741068180681,55.00897439951057,0.2719344611720337,-0.10733722668141668,0.00015748,0.10752929286705212,0.00081957,1,0.0
16271,0.3690475647572673,0.22931394042190387,-1.54e-06,1.763610302617491,3.7567800062813674,34.92002389500412,1.0052136313683062,22.528469287993467,0.12067054082980143,-55.59431713990073,-1.1573229341274334,-72.16796301911191,0.6295741068180681,23.870965119072448,0.2719344611720337,-0.047692187575223643,0.00015748,0.4033701436338212,0.00081957,1,0.0
16272,2.6484525262049363e-06,0.04310037559158843,-1.54e-06,1.763610302617491,3.7567800062813674,-8.645160756076429,1.0052136313683062,7.134365951663638,0.12067054082980143,-52.95193721140056,-1.1573229341274334,44.717313018303265,0.6295741068180681,22.86297934711612,0.2719344611720337,-0.0255991854957784,0.00015748,0.10023745429270754,0.00081957,1,0.0
16273,0.34513977976966903,0.08922526646474052,-1.54e-06,1.763610302617491,3.7567800062813674,-35.717880975038774,1.0052136313683062,16.578146861387495,0.12067054082980143,-59.24989847620543,-1.1573229341274334,-22.552135180255732,0.6295741068180681,51.0911059749434,0.2719344611720337,-0.1838111655844642,0.00015748,0.18273890366955892,0.00081957,1,0.0
16274,0.3568040372500748,0.016869740295698737,-1.54e-06,1.763610302617491,3.7567800062813674,-37.93030172420664,1.0052136313683062,6.799377459460404,0.12067054082980143,-37.34228128466319,-1.1573229341274334,-20.07286412541161,0.6295741068180681,48.7281931510759,0.2719344611720337,-0.07079768352068111,0.00015748,0.07077837069622492,0.00081957,1,0.0
16275,0.5500409278128431,0.039085944013250044,-1.54e-06,1.763610302617491,3.7567800062813674,-36.5182332166541,1.0052136313683062,7.911631965590577,0.12067054082980143,-17.42836294308643,-1.1573229341274334,-81.43542386706265,0.6295741068180681,51.402549373837644,0.2719344611720337,-0.09447110107615625,0.00015748,0.09464001870765609,0.00081957,1,0.0
16276,0.7106723238055964,0.07154472956117236,-1.54e-06,1.763610302617491,3.7567800062813674,-76.01788206164915,1.0052136313683062,1.7008929743875911,0.12067054082980143,-19.884299285095448,-1.1573229341274334,-36.39885985536645,0.6295741068180681,73.55730370336198,0.2719344611720337,-0.03643236723269197,0.00015748,0.0363375082336887,0.00081957,1,0.0
16277,0.052001730130695256,0.07421683658914252,-1.54e-06,1.763610302617491,3.7567800062813674,-5.944647287596776,1.0052136313683062,13.217696968835991,0.12067054082980143,-62.679252064489184,-1.1573229341274334,-4.048208184164451,0.6295741068180681,31.910654709096253,0.2719344611720337,-0.18056624912509883,0.00015748,0.181916884314606,0.00081957,1,0.0
16278,0.02183631585898596,0.004171017550469459,-1.54e-06,1.763610302617491,3.7567800062813674,-17.78069782250802,1.0052136313683062,3.7995052112064434,0.12067054082980143,-39.42569496090828,-1.1573229341274334,34.02614576507056,0.6295741068180681,23.917201948879804,0.2719344611720337,-0.04093073110138722,0.00015748,0.041202331504678065,0.00081957,1,0.0
16279,0.2398037341209842,0.0974929079359416,-1.54e-06,1.763610302617491,3.7567800062813674,8.477053646782263,1.0052136313683062,14.119664322674213,0.12067054082980143,-26.034271513085727,-1.1573229341274334,-93.86797794034008,0.6295741068180681,23.31397454795413,0.2719344611720337,-0.21695164021990687,0.00015748,0.21898201938461925,0.00081957,1,0.0
16280,0.43873926944567027,0.0312440824817048,-1.54e-06,1.763610302617491,3.7567800062813674,-54.90490302524332,1.0052136313683062,0.1405975070504949,0.12067054082980143,-20.482956098127293,-1.1573229341274334,-3.7963624930121522,0.6295741068180681,51.82567363687909,0.2719344611720337,-0.033578773437772276,0.00015748,0.033741811758303104,0.00081957,1,0.0
16281,0.13084872593160202,0.1682013126953452,-1.54e-06,1.763610302617491,3.7567800062813674,64.20031306683316,1.0052136313683062,17.723358744896263,0.12067054082980143,-44.063386842386315,-1.1573229341274334,-9.407627162817414,0.6295741068180681,-9.69819436527423,0.2719344611720337,0.1457804147010049,0.00015748,0.3772859108445811,0.00081957,0,0.0
16282,0.6200725091432082,0.05598264370951287,-1.54e-06,1.763610302617491,3.7567800062813674,-87.0777709884563,1.0052136313683062,1.780513909479075,0.12067054082980143,-48.625142746563554,-1.1573229341274334,16.14398047199196,0.6295741068180681,84.5759213322578,0.2719344611720337,-0.038543070003741436,0.00015748,0.038176299805535704,0.00081957,1,0.0
16283,0.15549304451034085,0.08635866422002832,-1.54e-06,1.763610302617491,3.7567800062813674,100.0,1.0052136313683062,23.543942202517844,0.12067054082980143,-77.20811804605108,-1.1573229341274334,68.36689551616091,0.6295741068180681,-21.21945766824689,0.2719344611720337,0.4570634789022715,0.00015748,0.5510211074928854,0.00081957,0,0.0
16284,0.00224508520332517,0.2524521424536008,-1.54e-06,1.763610302617491,3.7567800062813674,99.83981073600107,1.0052136313683062,15.064874998655666,0.12067054082980143,-9.238224364481622,-1.1573229341274334,66.77783283334077,0.6295741068180681,-62.75923946418027,0.2719344611720337,0.2555845204545592,0.00015748,0.604164147030009,0.00081957,0,0.0
16285,0.17350810259658675,0.003387329696521409,-1.54e-06,1.763610302617491,3.7567800062813674,-28.46347313830368,1.0052136313683062,1.7291872427867783,0.12067054082980143,-25.640982089108473,-1.1573229341274334,13.859812535649393,0.6295741068180681,30.312243551980387,0.2719344611720337,-0.008216355768580303,0.00015748,0.008509159952870977,0.00081957,1,0.0
16286,0.0005553967155391137,0.14245185215627856,-1.54e-06,1.763610302617491,3.7567800062813674,77.66928101189148,1.0052136313683062,11.203830399149544,0.12067054082980143,-0.0761750172522483,-1.1573229341274334,-28.125799562361298,0.6295741068180681,-38.51079482192782,0.2719344611720337,0.16407515852313215,0.00015748,0.278952984397273,0.00081957,0,0.0
16287,0.08946339938867177,0.0014604899168356275,-1.54e-06,1.763610302617491,3.7567800062813674,-34.938620570607384,1.0052136313683062,2.6917474106609274,0.12067054082980143,-48.53179747776813,-1.1573229341274334,53.84236216083729,0.6295741068180681,37.00344570137288,0.2719344611720337,-0.018295387353703122,0.00015748,0.018380923094552377,0.00081957,1,0.0
16288,0.0016045679461296758,0.12925301662369568,-1.54e-06,1.763610302617491,3.7567800062813674,28.481050888572874,1.0052136313683062,14.230472146058217,0.12067054082980143,-59.87609640121404,-1.1573229341274334,23.087053643039454,0.6295741068180681,8.612105887305507,0.2719344611720337,0.008369005335081656,0.00015748,0.25712168134006264,0.00081957,0,0.0
16289,0.22296321632317162,0.013746453967653937,-1.54e-06,1.763610302617491,3.7567800062813674,-36.23656800619116,1.0052136313683062,7.483026517037387,0.12067054082980143,-55.501537339912204,-1.1573229341274334,15.92914176844432,0.6295741068180681,48.25790766057051,0.2719344611720337,-0.08030458922552187,0.00015748,0.08044533791848595,0.00081957,1,0.0
16290,0.3734677287474504,0.21548604723685694,-1.54e-06,1.763610302617491,3.7567800062813674,1.0686552714457094,1.0052136313683062,4.10326696170651,0.12067054082980143,-38.52719104850075,-1.1573229341274334,12.469086223384522,0.6295741068180681,32.31718178125689,0.2719344611720337,0.06786148900734286,0.00015748,0.3021707602334013,0.00081957,0,0.0
16291,0.01991320811933367,0.0017765752062646211,-1.54e-06,1.763610302617491,3.7567800062813674,-38.194970054998656,1.0052136313683062,2.0683443054321553,0.12067054082980143,-58.966759363055964,-1.1573229341274334,82.3346264737337,0.6295741068180681,38.44843424856626,0.2719344611720337,-0.01801343156330191,0.00015748,0.018084211322674085,0.00081957,1,0.0
16292,0.31085595361915286,0.011154169905247863,-1.54e-06,1.763610302617491,3.7567800062813674,-53.95955180753023,1.0052136313683062,2.8653895517155847,0.12067054082980143,-46.530250997411386,-1.1573229341274334,31.787648810132083,0.6295741068180681,54.87694496028133,0.2719344611720337,-0.020568743549156727,0.00015748,0.020673662884056275,0.00081957,1,0.0
16293,0.4330240040896174,0.10429313485404708,-1.54e-06,1.763610302617491,3.7567800062813674,-35.44331267074378,1.0052136313683062,17.24539107051557,0.12067054082980143,-74.77441445603083,-1.1573229341274334,-51.06452415028926,0.6295741068180681,69.20772540704661,0.2719344611720337,-0.22751166262054368,0.00015748,0.22732605006323325,0.00081957,1,0.0
16294,0.011806395719243107,0.0002529480939049613,-1.54e-06,1.763610302617491,3.7567800062813674,-14.03170394945122,1.0052136313683062,1.0502405856956203,0.12067054082980143,-22.201394115844344,-1.1573229341274334,28.847001370096415,0.6295741068180681,14.56158401029957,0.2719344611720337,-0.008146539069733864,0.00015748,0.008136523006247206,0.00081957,1,0.0
16295,0.22655479396886768,0.025559938457850997,-1.54e-06,1.763610302617491,3.7567800062813674,-8.237803028326542,1.0052136313683062,7.861272021296939,0.12067054082980143,-19.932770470132127,-1.1573229341274334,-50.359570607911486,0.6295741068180681,24.77318256698359,0.2719344611720337,-0.11171493172939802,0.00015748,0.1117883425063793,0.00081957,1,0.0
16296,0.6175132591104839,0.07315121981565212,-1.54e-06,1.763610302617491,3.7567800062813674,-58.78445917250852,1.0052136313683062,15.149696680387876,0.12067054082980143,-70.01648493830993,-1.1573229341274334,-51.253120058986035,0.6295741068180681,84.28466415874111,0.2719344611720337,-0.1722987805895656,0.00015748,0.17243651952034283,0.00081957,1,0.0
16297,0.00012782505715099035,0.035125345385749566,-1.54e-06,1.763610302617491,3.7567800062813674,-14.672151027919027,1.0052136313683062,1.2050089350938618,0.12067054082980143,-31.991451741979592,-1.1573229341274334,58.21604073979207,0.6295741068180681,15.550570402101334,0.2719344611720337,0.0012457897107811325,0.00015748,0.06828250988994461,0.00081957,0,0.0
16298,0.10339738973159694,0.006423644458096352,-1.54e-06,1.763610302617491,3.7567800062813674,-23.907235098853004,1.0052136313683062,4.998326448091846,0.12067054082980143,-43.21020358643967,-1.1573229341274334,23.620854554903588,0.6295741068180681,32.30242073939796,0.2719344611720337,-0.05480159092402011,0.00015748,0.05518591654779888,0.00081957,1,0.0
16299,0.8118838469788647,0.07439466241637537,-1.54e-06,1.763610302617491,3.7567800062813674,-70.65656195260236,1.0052136313683062,5.647013813834933,0.12067054082980143,-18.234404486532195,-1.1573229341274334,-79.87917481840117,0.6295741068180681,77.18240866862747,0.2719344611720337,-0.037173560461385174,0.00015748,0.03735162810356113,0.00081957,1,0.0
16300,1.8129468205830663,2.258144830351068,-1.54e-06,2.207605765924382,2.41508007668732,72.47602099768311,1.0052136313683062,10.461524776893567,0.12067054082980143,-32.42134619744625,-1.1573229341274334,-48.320173569955394,0.6295741068180681,21.07351534432883,0.2719344611720337,0.28427864867088726,0.00015748,1.822851960378574,0.00081957,0,0.0
16301,2.6037077437426532,5.185813153197332,-1.54e-06,2.207605765924382,2.41508007668732,55.84368479904122,1.0052136313683062,11.282796549133124,0.12067054082980143,-85.5761414148746,-1.1573229341274334,-15.860316821149071,0.6295741068180681,75.1630749637248,0.2719344611720337,0.2777033194811449,0.00015748,2.925722338632561,0.00081957,0,0.0
16302,0.019194307273451727,5.215242785340279,-1.54e-06,2.207605765924382,2.41508007668732,31.493366107692562,1.0052136313683062,15.621646182887455,0.12067054082980143,-0.18914649028803773,-1.1573229341274334,-34.78514302955351,0.6295741068180681,-32.40108487200449,0.2719344611720337,-1.3607333286409773,0.00015748,1.3836923895984787,0.00081957,1,0.0
16303,2.569262283506471,2.1963333159789635,-1.54e-06,2.207605765924382,2.41508007668732,37.59724343822601,1.0052136313683062,23.594375784093323,0.12067054082980143,-92.6007993300707,-1.1573229341274334,-46.14811148343615,0.6295741068180681,75.32246788931447,0.2719344611720337,0.30145114499728975,0.00015748,1.3643889032614434,0.00081957,0,0.0
16304,-0.012382217328520184,0.5527006218048903,-1.54e-06,2.207605765924382,2.41508007668732,93.52957240617336,1.0052136313683062,12.47845824514571,0.12067054082980143,-43.83464529794921,-1.1573229341274334,19.297464867541454,0.6295741068180681,-32.74069732105292,0.2719344611720337,0.859784306251587,0.00015748,2.107574951544165,0.00081957,0,0.0
16305,0.000452047721157367,0.019331450470617045,-1.54e-06,2.207605765924382,2.41508007668732,80.11816097832207,1.0052136313683062,13.682413878570394,0.12067054082980143,-52.6282553888182,-1.1573229341274334,-3.5772535589833363,0.6295741068180681,-11.8376451554374,0.2719344611720337,0.3441004941302881,0.00015748,0.9244166057908518,0.00081957,0,0.0
16306,2.264314614882858,1.9739445577034853,-1.54e-06,2.207605765924382,2.41508007668732,21.657615346968395,1.0052136313683062,18.111470035138755,0.12067054082980143,-64.54785244882228,-1.1573229341274334,-48.344352065047474,0.6295741068180681,63.739821466200304,0.2719344611720337,0.0626350074040275,0.00015748,1.0237750965591883,0.00081957,0,0.0
16307,0.955954345133851,0.3155977514778359,-1.54e-06,2.207605765924382,2.41508007668732,40.64073447799532,1.0052136313683062,18.776262738347995,0.12067054082980143,-99.29358686598997,-1.1573229341274334,8.164730583036974,0.6295741068180681,47.343866985731715,0.2719344611720337,0.32484524319896446,0.00015748,1.089624390936176,0.00081957,0,0.0
16308,0.05579857744460259,0.004134640978007521,-1.54e-06,2.207605765924382,2.41508007668732,47.21037171487682,1.0052136313683062,15.999539354451327,0.12067054082980143,-99.99662590840477,-1.1573229341274334,34.84035681344049,0.6295741068180681,28.348246213549444,0.2719344611720337,0.34003856181448866,0.00015748,0.9535333691817621,0.00081957,0,0.0
16309,0.22290260083687574,0.07466725368263658,-1.54e-06,2.207605765924382,2.41508007668732,30.791336287662585,1.0052136313683062,7.722752747566502,0.12067054082980143,-39.10059003762352,-1.1573229341274334,8.747303825239557,0.6295741068180681,7.287119494364993,0.2719344611720337,0.4891845242111713,0.00015748,0.5102088430166226,0.00081957,0,0.0
16310,0.14645629376755043,0.013226808831385826,-1.54e-06,2.207605765924382,2.41508007668732,33.10395435018354,1.0052136313683062,14.599456343232793,0.12067054082980143,-94.02184149422379,-1.1573229341274334,35.659269322766676,0.6295741068180681,32.59698307833106,0.2719344611720337,0.3579375660400939,0.00015748,0.841771237429813,0.00081957,0,0.0
16311,-0.16005372562261666,1.0303047582087745,-1.54e-06,2.207605765924382,2.41508007668732,60.866085123264995,1.0052136313683062,9.276082112256582,0.12067054082980143,-79.45906850920346,-1.1573229341274334,79.60549954565413,0.6295741068180681,-3.6391794413462195,0.2719344611720337,0.7405263891127793,0.00015748,3.05195286686841,0.00081957,0,0.0
16312,0.9097271958886681,0.3292765174805145,-1.54e-06,2.207605765924382,2.41508007668732,45.09844205414206,1.0052136313683062,16.438112439425343,0.12067054082980143,-77.44331879354884,-1.1573229341274334,-3.634099710412855,0.6295741068180681,33.50603058465691,0.2719344611720337,0.3349343000787701,0.00015748,0.9819554799107657,0.00081957,0,0.0
16313,0.0013091456654368283,0.009558108045388512,-1.54e-06,2.207605765924382,2.41508007668732,31.893074705634007,1.0052136313683062,9.463614455187269,0.12067054082980143,-59.919598502282,-1.1573229341274334,24.927566077467517,0.6295741068180681,13.65052443006672,0.2719344611720337,0.4400761463840042,0.00015748,0.5797420191564991,0.00081957,0,0.0
16314,-0.2828578853046567,0.9237697717711664,-1.54e-06,2.207605765924382,2.41508007668732,-39.814063391321625,1.0052136313683062,-6.074090309651923,0.12067054082980143,-2.8816715174582974,-1.1573229341274334,38.88005279101863,0.6295741068180681,13.61704426128842,0.2719344611720337,-0.3732554710277283,0.00015748,0.4256609243250194,0.00081957,1,0.0
16315,1.8089941716907245,2.453610220695399,-1.54e-06,2.207605765924382,2.41508007668732,14.382241476765923,1.0052136313683062,22.89685544374103,0.12067054082980143,-88.65253835053134,-1.1573229341274334,-32.70787182223199,0.6295741068180681,67.51421378783259,0.2719344611720337,-0.6073641781029131,0.00015748,1.178388058057499,0.00081957,1,0.0
16316,-0.0009761019587432584,0.14413851166309818,-1.54e-06,2.207605765924382,2.41508007668732,-56.16691111971819,1.0052136313683062,-2.456861868171367,0.12067054082980143,-37.610777701379504,-1.1573229341274334,52.23940823071341,0.6295741068180681,44.77594166678936,0.2719344611720337,-0.23042108598868025,0.00015748,0.25245983937630134,0.00081957,1,0.0
16317,0.9113836051379649,0.8320449535028922,-1.54e-06,2.207605765924382,2.41508007668732,23.045127247757428,1.0052136313683062,6.880556197400196,0.12067054082980143,-64.22268031658676,-1.1573229341274334,19.478135350990218,0.6295741068180681,41.46229553163536,0.2719344611720337,0.32286505195570503,0.00015748,1.3999714761519844,0.00081957,0,0.0
16318,1.9053529609945945,1.8164552320084315,-1.54e-06,2.207605765924382,2.41508007668732,14.759732662342138,1.0052136313683062,13.474873802365611,0.12067054082980143,-34.11852924937474,-1.1573229341274334,-65.1433516091122,0.6295741068180681,49.23655464339002,0.2719344611720337,-0.7462499202510806,0.00015748,0.760133070827288,0.00081957,1,0.0
16319,1.6157396848551977,1.224443111358434,-1.54e-06,2.207605765924382,2.41508007668732,72.66042966120126,1.0052136313683062,15.479887608282043,0.12067054082980143,-13.980313211709221,-1.1573229341274334,-73.79108806593251,0.6295741068180681,0.19802257278405544,0.2719344611720337,0.3373812529287945,0.00015748,0.9646756484557852,0.00081957,0,0.0
16320,1.9857320590817666,1.598333453201222,-1.54e-06,2.207605765924382,2.41508007668732,99.9625915167066,1.0052136313683062,27.34672012703502,0.12067054082980143,-74.50319040068571,-1.1573229341274334,-68.62969545522368,0.6295741068180681,24.131534241264028,0.2719344611720337,0.2943330281561941,0.00015748,1.6205996832486398,0.00081957,0,0.0
16321,0.11159209369251566,0.0633386091599838,-1.54e-06,2.207605765924382,2.41508007668732,59.381759498105524,1.0052136313683062,9.855573829357207,0.12067054082980143,-28.007555250591988,-1.1573229341274334,-9.809765468934769,0.6295741068180681,-14.355174867944523,0.2719344611720337,0.4181723956736834,0.00015748,0.629458423519373,0.00081957,0,0.0
16322,0.1851802028849071,0.23480532692377723,-1.54e-06,2.207605765924382,2.41508007668732,-83.66140985546694,1.0052136313683062,-3.525039366471426,0.12067054082980143,-52.913902783231954,-1.1573229341274334,69.41021113675939,0.6295741068180681,69.27849275237648,0.2719344611720337,-0.3124448357789958,0.00015748,0.3131474865045177,0.00081957,1,0.0
16323,2.5219533748436755,1.9086898445377538,-1.54e-06,2.207605765924382,2.41508007668732,-40.40726421809606,1.0052136313683062,11.517624358377352,0.12067054082980143,-47.898978571832224,-1.1573229341274334,-47.305304444787694,0.6295741068180681,91.67726960954968,0.2719344611720337,-0.5334064022740974,0.00015748,0.5360584812734688,0.00081957,1,0.0
16324,0.04595084235432802,0.003271025964000847,-1.54e-06,2.207605765924382,2.41508007668732,-12.92621902574036,1.0052136313683062,0.6412755487163289,0.12067054082980143,-17.38757549577382,-1.1573229341274334,13.7793537113666,0.6295741068180681,16.032466373280563,0.2719344611720337,-0.017505665432730032,0.00015748,0.01688684562414137,0.00081957,1,0.0
16325,-0.04221470347597056,0.6684623378724053,-1.54e-06,2.207605765924382,2.41508007668732,62.74272892355197,1.0052136313683062,6.895630937166581,0.12067054082980143,-40.69671279573815,-1.1573229341274334,41.584175639962666,0.6295741068180681,-19.848716854872173,0.2719344611720337,0.5831397389819172,0.00015748,2.429030420344304,0.00081957,0,0.0
16326,-0.0011572334280687546,0.3052089962905817,-1.54e-06,2.207605765924382,2.41508007668732,-10.514746628313413,1.0052136313683062,1.1745633028577118,0.12067054082980143,-30.664516266728818,-1.1573229341274334,34.54409792186248,0.6295741068180681,17.701571430762208,0.2719344611720337,0.06316764198783598,0.00015748,0.658328452279346,0.00081957,0,0.0
16327,1.4549905756155916,1.2912363250841388,-1.54e-06,2.207605765924382,2.41508007668732,13.403018759112417,1.0052136313683062,13.113339410633378,0.12067054082980143,-26.260130373112823,-1.1573229341274334,-54.260660503440505,0.6295741068180681,32.70039883402185,0.2719344611720337,-0.6463682642511381,0.00015748,0.6497576574029225,0.00081957,1,0.0
16328,1.329290486430653,0.6839988066549811,-1.54e-06,2.207605765924382,2.41508007668732,30.48045284686444,1.0052136313683062,14.195852256770966,0.12067054082980143,-59.305763033177215,-1.1573229341274334,-19.085237277706828,0.6295741068180681,38.99580974723578,0.2719344611720337,0.35104559128428114,0.00015748,0.8487747936459642,0.00081957,0,0.0
16329,0.8816794346408439,0.21700435657765824,-1.54e-06,2.207605765924382,2.41508007668732,-53.45717484683886,1.0052136313683062,6.490320823848222,0.12067054082980143,-78.8882252725048,-1.1573229341274334,34.30091968306995,0.6295741068180681,83.17134403382269,0.2719344611720337,-0.26087851988304006,0.00015748,0.26156109656880216,0.00081957,1,0.0
16330,-0.49641322890590467,1.707967388590318,-1.54e-06,2.207605765924382,2.41508007668732,80.24726500613643,1.0052136313683062,7.490692911060997,0.12067054082980143,-52.493529341538675,-1.1573229341274334,74.1287282618816,0.6295741068180681,-36.407612799292295,0.2719344611720337,0.6342306996240263,0.00015748,3.482510191024718,0.00081957,0,0.0
16331,1.2708576514727024,0.5842354564046667,-1.54e-06,2.207605765924382,2.41508007668732,12.918208647702473,1.0052136313683062,13.888576229479249,0.12067054082980143,-71.24077915778344,-1.1573229341274334,-2.574482398928968,0.6295741068180681,51.337937789635866,0.2719344611720337,0.36278799965038383,0.00015748,0.7811149763140364,0.00081957,0,0.0
16332,2.9983593783114904,4.138336263164188,-1.54e-06,2.207605765924382,2.41508007668732,66.83197999372467,1.0052136313683062,18.29064468900241,0.12067054082980143,-68.08880399545106,-1.1573229341274334,-68.98262274238581,0.6295741068180681,65.23881447616242,0.2719344611720337,0.288187747585255,0.00015748,2.0276159986246096,0.00081957,0,0.0
16333,-0.41567235630598165,1.589011527753302,-1.54e-06,2.207605765924382,2.41508007668732,-60.9930491012061,1.0052136313683062,-9.77416930369013,0.12067054082980143,-0.5420363119899533,-1.1573229341274334,56.230344315897156,0.6295741068180681,19.704725463572718,0.2719344611720337,-0.5884154423031426,0.00015748,0.6052942371118918,0.00081957,1,0.0
16334,-0.1664048588864051,1.675078394343924,-1.54e-06,2.207605765924382,2.41508007668732,-74.35082028194995,1.0052136313683062,-5.421545080738984,0.12067054082980143,-5.610834147201261,-1.1573229341274334,52.214235178172245,0.6295741068180681,26.096019578832,0.2719344611720337,-0.7981308994423877,0.00015748,0.7982464703999606,0.00081957,1,0.0
16335,-0.004308682350795623,0.39897555113404015,-1.54e-06,2.207605765924382,2.41508007668732,67.78394199493364,1.0052136313683062,10.276317757199537,0.12067054082980143,-57.24599569308244,-1.1573229341274334,37.35262006935984,0.6295741068180681,-11.15928741073254,0.2719344611720337,0.7538349850317114,0.00015748,1.9720167744057504,0.00081957,0,0.0
16336,0.006162951841385822,0.14948141698981954,-1.54e-06,2.207605765924382,2.41508007668732,3.3641190862666726,1.0052136313683062,3.9832673751307235,0.12067054082980143,-42.50608830240043,-1.1573229341274334,32.91166471841203,0.6295741068180681,17.828985756333267,0.2719344611720337,0.2470003822772034,0.00015748,0.6030813414656546,0.00081957,0,0.0
16337,0.0017032351970804882,0.023932426972444975,-1.54e-06,2.207605765924382,2.41508007668732,96.35156447907427,1.0052136313683062,15.688835873448019,0.12067054082980143,-55.076096280728244,-1.1573229341274334,-10.338297069792306,0.6295741068180681,-18.06920393106233,0.2719344611720337,0.3314775204832266,0.00015748,1.0678699232316566,0.00081957,0,0.0
16338,0.19951813160406306,0.018875838870749666,-1.54e-06,2.207605765924382,2.41508007668732,-36.35267191613794,1.0052136313683062,-0.07208441365676631,0.12067054082980143,-30.464787393865702,-1.1573229341274334,28.70037219024002,0.6295741068180681,36.34790479182191,0.2719344611720337,-0.06705989537924403,0.00015748,0.06642782335068156,0.00081957,1,0.0
16339,-0.3969078432001456,1.993458552563636,-1.54e-06,2.207605765924382,2.41508007668732,52.54615447942792,1.0052136313683062,0.009700840379789494,0.12067054082980143,-8.054671136604162,-1.1573229341274334,56.33322903240604,0.6295741068180681,-42.723102172226305,0.2719344611720337,0.19122455690320606,0.00015748,3.2363211562430765,0.00081957,0,0.0
16340,0.2990882650579355,0.219772318801785,-1.54e-06,2.207605765924382,2.41508007668732,-76.86460316005191,1.0052136313683062,-3.305604617072442,0.12067054082980143,-42.135980322205306,-1.1573229341274334,56.17814801366515,0.6295741068180681,62.339545057599366,0.2719344611720337,-0.30235266317287923,0.00015748,0.3014169127447057,0.00081957,1,0.0
16341,0.9426473918792775,0.8957130654962663,-1.54e-06,2.207605765924382,2.41508007668732,-17.493975271647663,1.0052136313683062,13.143488631402972,0.12067054082980143,-71.0139868413605,-1.1573229341274334,3.0797081143458898,0.6295741068180681,59.206218021681,0.2719344611720337,-0.5791841164137668,0.00015748,0.6388147128035642,0.00081957,1,0.0
16342,-1.4328377299168773,22.961903595007513,-1.54e-06,2.207605765924382,2.41508007668732,-65.65080287913126,1.0052136313683062,13.061855944014246,0.12067054082980143,-1e-20,-1.1573229341274334,-40.46451756680578,0.6295741068180681,-2.4143939507776233,0.2719344611720337,-5.667842102868065,0.00015748,0.29439031461149723,0.00081957,1,0.0
16343,0.9764081191354015,0.4794427943049516,-1.54e-06,2.207605765924382,2.41508007668732,38.964045753718345,1.0052136313683062,11.002775773769729,0.12067054082980143,-32.99426384421454,-1.1573229341274334,-25.561832235757283,0.6295741068180681,14.716701306285836,0.2719344611720337,0.3690992735208215,0.00015748,0.682630397323308,0.00081957,0,0.0
16344,0.0015196210967189927,0.0767679342703634,-1.54e-06,2.207605765924382,2.41508007668732,61.25167583223984,1.0052136313683062,14.456310905776613,0.12067054082980143,-82.14396880014894,-1.1573229341274334,33.18563955886822,0.6295741068180681,8.37984552456221,0.2719344611720337,0.8996025068229263,0.00015748,0.9988837383338562,0.00081957,0,0.0
16345,1.9198109774441108,1.8236880268346063,-1.54e-06,2.207605765924382,2.41508007668732,13.984373054313934,1.0052136313683062,15.309808378931825,0.12067054082980143,-47.050719908800275,-1.1573229341274334,-55.84827749065949,0.6295741068180681,54.57865616813873,0.2719344611720337,-0.5756355081113461,0.00015748,0.823810533154827,0.00081957,1,0.0
16346,0.0006493603653090485,0.057146581733885045,-1.54e-06,2.207605765924382,2.41508007668732,56.8947492172316,1.0052136313683062,6.195163614545133,0.12067054082980143,-8.844597824827078,-1.1573229341274334,-11.654161519286804,0.6295741068180681,-24.637560494107262,0.2719344611720337,0.44219364354981294,0.00015748,0.5779311740040328,0.00081957,0,0.0
16347,-0.016320449925950387,1.3553117351046438,-1.54e-06,2.207605765924382,2.41508007668732,-24.14242787459367,1.0052136313683062,-4.273462910358177,0.12067054082980143,-33.455472357673955,-1.1573229341274334,62.52044120110586,0.6295741068180681,26.491302459195126,0.2719344611720337,-0.12224615670838335,0.00015748,1.497428094264841,0.00081957,1,0.0
16348,1.0405746213923739,0.30563769237804167,-1.54e-06,2.207605765924382,2.41508007668732,-23.005065038941773,1.0052136313683062,1.7709597788481508,0.12067054082980143,-1.7968056070100809,-1.1573229341274334,-22.58989392808565,0.6295741068180681,30.90007843487958,0.2719344611720337,-0.05932180516102019,0.00015748,0.06044244001325609,0.00081957,1,0.0
16349,0.11800484433209457,0.020788958772728156,-1.54e-06,2.207605765924382,2.41508007668732,-36.8826474599499,1.0052136313683062,1.9614657246489628,0.12067054082980143,-50.64576558229518,-1.1573229341274334,40.192437884463104,0.6295741068180681,45.932712626657505,0.2719344611720337,-0.05497639325135009,0.00015748,0.05594404899439512,0.00081957,1,0.0
16350,0.05424642365831511,0.27702110243372485,-1.54e-06,2.207605765924382,2.41508007668732,-74.56952029866646,1.0052136313683062,-4.2606855121301415,0.12067054082980143,-39.23101640618109,-1.1573229341274334,62.33517012200841,0.6295741068180681,54.849169754134216,0.2719344611720337,-0.3578196304915034,0.00015748,0.35599192113476424,0.00081957,1,0.0
16351,0.5011344406362435,0.276605549410611,-1.54e-06,2.207605765924382,2.41508007668732,93.82539551830796,1.0052136313683062,12.463511867774333,0.12067054082980143,-6.113316314649972,-1.1573229341274334,-51.65113395897597,0.6295741068180681,-33.89898685667165,0.2719344611720337,0.350955708063354,0.00015748,0.8509856237649944,0.00081957,0,0.0
16352,2.414085265193597,4.604388575029732,-1.54e-06,2.207605765924382,2.41508007668732,80.91627899743324,1.0052136313683062,9.91487032610969,0.12067054082980143,-42.081428523250274,-1.1573229341274334,-48.57884126309031,0.6295741068180681,36.00607012859575,0.2719344611720337,0.2820459974759637,0.00015748,2.7156300454015767,0.00081957,0,0.0
16353,1.5615437409546458,1.335950854703892,-1.54e-06,2.207605765924382,2.41508007668732,32.2905026273187,1.0052136313683062,11.519173334843039,0.12067054082980143,-1e-20,-1.1573229341274334,-79.59424305881711,0.6295741068180681,14.242475853420395,0.2719344611720337,-0.613677816747761,0.00015748,0.616908178369266,0.00081957,1,0.0
16354,-0.001933182078502016,0.4785841843619783,-1.54e-06,2.207605765924382,2.41508007668732,63.228256775421535,1.0052136313683062,12.00675029119782,0.12067054082980143,-82.49543650556956,-1.1573229341274334,59.35511010570901,0.6295741068180681,2.6235492955928352,0.2719344611720337,0.8523862461566135,0.00015748,2.2925720550581024,0.00081957,0,0.0
16355,0.16467158528279174,0.33056431110330353,-1.54e-06,2.207605765924382,2.41508007668732,-24.962127763742764,1.0052136313683062,1.120111922511167,0.12067054082980143,-53.841679672065325,-1.1573229341274334,45.610463744088726,0.6295741068180681,44.085070450769074,0.2719344611720337,0.029220992457996642,0.00015748,0.49884914722366475,0.00081957,0,0.0
16356,-0.364728893999291,1.565591002977201,-1.54e-06,2.207605765924382,2.41508007668732,88.5367933320827,1.0052136313683062,6.6392016145776935,0.12067054082980143,-45.07599981247121,-1.1573229341274334,62.13078806435308,0.6295741068180681,-38.769035750069165,0.2719344611720337,0.681792851769248,0.00015748,3.4022543611750526,0.00081957,0,0.0
16357,-0.048894236440359506,1.2184991749021956,-1.54e-06,2.207605765924382,2.41508007668732,52.17806240202046,1.0052136313683062,10.354463020515249,0.12067054082980143,-0.03932648358928096,-1.1573229341274334,-25.970311146726928,0.6295741068180681,-34.79197877021174,0.2719344611720337,-0.28322297081113135,0.00015748,0.8660689348373012,0.00081957,1,0.0
16358,0.0011263658620084271,0.15928488007380032,-1.54e-06,2.207605765924382,2.41508007668732,92.0280784738269,1.0052136313683062,15.152224934852248,0.12067054082980143,-68.89601924576228,-1.1573229341274334,16.567567759196194,0.6295741068180681,-12.510452139224975,0.2719344611720337,1.0041823272121635,0.00015748,1.255246788785272,0.00081957,0,0.0
16359,0.0023421575438271613,0.024083511588460373,-1.54e-06,2.207605765924382,2.41508007668732,38.691204216341966,1.0052136313683062,7.543037321743036,0.12067054082980143,-38.310226042940656,-1.1573229341274334,11.638803687192382,0.6295741068180681,-0.6256356586552808,0.2719344611720337,0.4776110106194136,0.00015748,0.5258017905964345,0.00081957,0,0.0
16360,0.3492569309840312,0.022138903952606672,-1.54e-06,2.207605765924382,2.41508007668732,-42.43225356942953,1.0052136313683062,1.0138941411243756,0.12067054082980143,-40.48821350252034,-1.1573229341274334,31.215919901491624,0.6295741068180681,47.292738856842035,0.2719344611720337,-0.03892905356103746,0.00015748,0.03979073198914071,0.00081957,1,0.0
16361,1.266555525826354,0.9021055160047919,-1.54e-06,2.207605765924382,2.41508007668732,68.31864666260707,1.0052136313683062,12.43581632474879,0.12067054082980143,-3.5775181099838402,-1.1573229341274334,-66.95949046708127,0.6295741068180681,-8.849721452850028,0.2719344611720337,0.2718769141662939,0.00015748,0.8008653744198245,0.00081957,0,0.0
16362,-0.8884029957142013,2.5611487139654407,-1.54e-06,2.207605765924382,2.41508007668732,88.93684143107691,1.0052136313683062,1.336374292453023,0.12067054082980143,-26.78627614767631,-1.1573229341274334,84.7258667973288,0.6295741068180681,-61.23390133539867,0.2719344611720337,0.4250124079892479,0.00015748,4.170664898172513,0.00081957,0,0.0
16363,0.1204344355922089,0.015545191013246737,-1.54e-06,2.207605765924382,2.41508007668732,28.931633839113953,1.0052136313683062,11.778012491919128,0.12067054082980143,-79.74691016223044,-1.1573229341274334,32.08418176639617,0.6295741068180681,27.77589196262547,0.2719344611720337,0.3889320243667162,0.00015748,0.7024160776466473,0.00081957,0,0.0
16364,0.09606802048293117,0.141464683963086,-1.54e-06,2.207605765924382,2.41508007668732,-46.830676642537284,1.0052136313683062,5.035149080538317,0.12067054082980143,-89.62283114478689,-1.1573229341274334,67.37663420122755,0.6295741068180681,69.96172897590311,0.2719344611720337,-0.008834193090136111,0.00015748,0.20979671296237457,0.00081957,1,0.0
16365,0.8193877394799707,4.29500544412411,-1.54e-06,2.207605765924382,2.41508007668732,-37.63618684586755,1.0052136313683062,-8.226998116764316,0.12067054082980143,-34.98271884139203,-1.1573229341274334,62.73173974236973,0.6295741068180681,53.31127746046498,0.2719344611720337,-0.2975288116691548,0.00015748,2.419349928152947,0.00081957,1,0.0
16366,0.004711916815328676,0.1693447095910919,-1.54e-06,2.207605765924382,2.41508007668732,94.80838069383432,1.0052136313683062,11.23491451869459,0.12067054082980143,-8.933467354560458,-1.1573229341274334,-27.324839404528014,0.6295741068180681,-45.351169616515676,0.2719344611720337,0.6890172888969934,0.00015748,0.8283126560677394,0.00081957,0,0.0
16367,1.246656476089046,0.43362587435800326,-1.54e-06,2.207605765924382,2.41508007668732,-50.41223434957486,1.0052136313683062,0.4050270748854641,0.12067054082980143,-12.83150502899168,-1.1573229341274334,-7.697614940279749,0.6295741068180681,53.082673125398706,0.2719344611720337,-0.06337408504274411,0.00015748,0.0629166157518726,0.00081957,1,0.0
16368,1.0789735865011796,0.21627977404080992,-1.54e-06,2.207605765924382,2.41508007668732,-74.59706211284947,1.0052136313683062,2.950501210569442,0.12067054082980143,-64.62833272550564,-1.1573229341274334,35.058522457649644,0.6295741068180681,88.52157770761525,0.2719344611720337,-0.07549809179985964,0.00015748,0.07343243628718618,0.00081957,1,0.0
16369,0.05364851916169022,0.050915460912516114,-1.54e-06,2.207605765924382,2.41508007668732,52.72202739889818,1.0052136313683062,7.499701627672029,0.12067054082980143,-20.75791018018071,-1.1573229341274334,-6.600577376693977,0.6295741068180681,-15.480583248566763,0.2719344611720337,0.47306911854941924,0.00015748,0.5305527801041733,0.00081957,0,0.0
16370,0.0072076488085917045,0.0532121614095162,-1.54e-06,2.207605765924382,2.41508007668732,61.76458969794569,1.0052136313683062,7.001747378866511,0.12067054082980143,-10.03955700838853,-1.1573229341274334,-14.797502932319544,0.6295741068180681,-25.973845569137477,0.2719344611720337,0.4559370717465848,0.00015748,0.5552318848260115,0.00081957,0,0.0
16371,0.6092965267268469,0.10564854403272425,-1.54e-06,2.207605765924382,2.41508007668732,-12.895749603019148,1.0052136313683062,2.7699145045929927,0.12067054082980143,-14.550865568952917,-1.1573229341274334,-8.223760077144412,0.6295741068180681,25.111823589563468,0.2719344611720337,-0.123786223816009,0.00015748,0.12356708929207726,0.00081957,1,0.0
16372,1.0967676337908885,0.5015956585483551,-1.54e-06,2.207605765924382,2.41508007668732,80.66594678787048,1.0052136313683062,21.79298725388101,0.12067054082980143,-99.50526820493545,-1.1573229341274334,-13.046863171198293,0.6295741068180681,34.13832361478266,0.2719344611720337,0.3028570224689773,0.00015748,1.4697879812923489,0.00081957,0,0.0
16373,1.308250501893519,0.5690487446582283,-1.54e-06,2.207605765924382,2.41508007668732,31.361657542502176,1.0052136313683062,18.51168855595354,0.12067054082980143,-97.51878605781026,-1.1573229341274334,0.8114806717805854,0.6295741068180681,57.879649345888446,0.2719344611720337,0.32519153493837166,0.00015748,1.0796477135391807,0.00081957,0,0.0
16374,0.11321553207315938,0.11173741055764513,-1.54e-06,2.207605765924382,2.41508007668732,-7.522031902663967,1.0052136313683062,5.811073217737033,0.12067054082980143,-64.39176586615503,-1.1573229341274334,45.031508392138065,0.6295741068180681,36.253988977726955,0.2719344611720337,0.31371095230853313,0.00015748,0.5498263556980679,0.00081957,0,0.0
16375,0.581016297529781,0.08818429326118983,-1.54e-06,2.207605765924382,2.41508007668732,-62.095431957344886,1.0052136313683062,0.09543305124090394,0.12067054082980143,-45.68238165158273,-1.1573229341274334,37.65530204895471,0.6295741068180681,63.28518916512328,0.2719344611720337,-0.10099109860087707,0.00015748,0.09987334742827897,0.00081957,1,0.0
16376,0.0009103894944508806,0.005968713688235819,-1.54e-06,2.207605765924382,2.41508007668732,24.967569843448,1.0052136313683062,10.336221273909286,0.12067054082980143,-70.96589381207224,-1.1573229341274334,33.763042640265674,0.6295741068180681,21.86609274724421,0.2719344611720337,0.41937450685361916,0.00015748,0.6184236169024329,0.00081957,0,0.0
16377,1.5696688593015002,0.7396874768053785,-1.54e-06,2.207605765924382,2.41508007668732,-26.236269985954266,1.0052136313683062,5.114315282680307,0.12067054082980143,-7.754647695231822,-1.1573229341274334,-38.60048467408035,0.6295741068180681,44.40288217766563,0.2719344611720337,-0.22450458360271966,0.00015748,0.22164901596515998,0.00081957,1,0.0
16378,1.1767443547148986,2.010485894516278,-1.54e-06,2.207605765924382,2.41508007668732,-9.693206871367622,1.0052136313683062,12.006584854051297,0.12067054082980143,-16.30594579610619,-1.1573229341274334,-38.22585791391642,0.6295741068180681,25.426835313368098,0.2719344611720337,-0.8138340689290975,0.00015748,0.8042807580621494,0.00081957,1,0.0
16379,2.0964768183192017,1.177041279427447,-1.54e-06,2.207605765924382,2.41508007668732,-48.33182049826152,1.0052136313683062,6.4116803870902634,0.12067054082980143,-29.18898517421807,-1.1573229341274334,-34.07929163965651,0.6295741068180681,77.03181207023631,0.2719344611720337,-0.26707954290298735,0.00015748,0.26161990353287706,0.00081957,1,0.0
16380,1.7849296079594101,3.7090395630646675,-1.54e-06,2.207605765924382,2.41508007668732,-38.9628463979461,1.0052136313683062,10.3714334830671,0.12067054082980143,-0.1155759098757965,-1.1573229341274334,-72.17021187564646,0.6295741068180681,47.70367725171743,0.2719344611720337,-1.5943551205605468,0.00015748,0.4141054336957206,0.00081957,1,0.0
16381,0.7447239527645132,0.11687255644954658,-1.54e-06,2.207605765924382,2.41508007668732,-40.80032887260029,1.0052136313683062,3.710716097647676,0.12067054082980143,-46.23863913248354,-1.1573229341274334,17.763071092094716,0.6295741068180681,57.0434983660231,0.2719344611720337,-0.13306249983434365,0.00015748,0.1346891969967074,0.00081957,1,0.0
16382,1.71963115864672,1.1153779254784832,-1.54e-06,2.207605765924382,2.41508007668732,91.93379516046964,1.0052136313683062,26.316732119991613,0.12067054082980143,-97.69600888136935,-1.1573229341274334,-41.77120334757399,0.6295741068180681,37.740389693842374,0.2719344611720337,0.2923438870017604,0.00015748,1.6444939332914452,0.00081957,0,0.0
16383,1.3082836463073448,7.460843655355378,-1.54e-06,2.207605765924382,2.41508007668732,57.06426167460511,1.0052136313683062,25.749891369362498,0.12067054082980143,-5.845002685197531,-1.1573229341274334,-98.09131083459766,0.6295741068180681,-17.022644304701608,0.2719344611720337,-1.633263601617481,0.00015748,1.6329144467966583,0.00081957,1,0.0
16384,0.1278184949418668,0.1610479975255112,-1.54e-06,2.207605765924382,2.41508007668732,32.80515055108618,1.0052136313683062,5.257469591618764,0.12067054082980143,-13.173997069932836,-1.1573229341274334,-9.105711022451075,0.6295741068180681,-7.382523957184801,0.2719344611720337,0.201280377826889,0.00015748,0.3485800627744091,0.00081957,0,0.0
16385,1.5921385069111487,1.1709497485074156,-1.54e-06,2.207605765924382,2.41508007668732,81.67390245045993,1.0052136313683062,17.877783813163518,0.12067054082980143,-28.524305127890493,-1.1573229341274334,-70.02434962977475,0.6295741068180681,3.329513995331694,0.2719344611720337,0.31258727275147147,0.00015748,1.117950195125569,0.00081957,0,0.0
16386,1.9605533430279305,1.511511009459177,-1.54e-06,2.207605765924382,2.41508007668732,93.23389204377149,1.0052136313683062,25.004351945226542,0.12067054082980143,-74.16286356650059,-1.1573229341274334,-62.94083354729234,0.6295741068180681,29.07297521509847,0.2719344611720337,0.2929936324297552,0.00015748,1.5627198883632647,0.00081957,0,0.0
16387,0.0029842024011430546,0.018230939968627433,-1.54e-06,2.207605765924382,2.41508007668732,1.361608592831764,1.0052136313683062,7.201883492698501,0.12067054082980143,-71.74102244433554,-1.1573229341274334,50.97110390345758,0.6295741068180681,32.66167257563852,0.2719344611720337,0.3857831125870599,0.00015748,0.7152549003994897,0.00081957,0,0.0
16388,0.2125891501386823,0.051049832165200815,-1.54e-06,2.207605765924382,2.41508007668732,96.97343484091827,1.0052136313683062,20.26296519115262,0.12067054082980143,-85.29013749643156,-1.1573229341274334,-2.5015666830012364,0.6295741068180681,0.6318907243776494,0.2719344611720337,0.30991848088283225,0.00015748,1.287425303238598,0.00081957,0,0.0
16389,-0.0006635704166442213,0.2481976389706074,-1.54e-06,2.207605765924382,2.41508007668732,21.221090618956406,1.0052136313683062,7.51053343507812,0.12067054082980143,-70.77903078254313,-1.1573229341274334,62.8389445376668,0.6295741068180681,17.742260932066554,0.2719344611720337,0.4820821697300227,0.00015748,1.7988209970571085,0.00081957,0,0.0
16390,0.00231902413776508,0.03838653323225883,-1.54e-06,2.207605765924382,2.41508007668732,41.462322979448665,1.0052136313683062,6.597822044697852,0.12067054082980143,-27.27152660513361,-1.1573229341274334,5.7089834534473525,0.6295741068180681,-8.037459667023668,0.2719344611720337,0.4485040667923486,0.00015748,0.5743165874892389,0.00081957,0,0.0
16391,0.7566904576444146,0.15797471745316818,-1.54e-06,2.207605765924382,2.41508007668732,-50.927117905250526,1.0052136313683062,0.18186656920582012,0.12067054082980143,-26.12289111745285,-1.1573229341274334,15.682650592284045,0.6295741068180681,50.62989193560844,0.2719344611720337,-0.10903704993751037,0.00015748,0.10983380087861788,0.00081957,1,0.0
16392,-0.8842515880788018,3.079112445250091,-1.54e-06,2.207605765924382,2.41508007668732,-73.8581772192283,1.0052136313683062,-12.41254293901535,0.12067054082980143,-8.822666581657971,-1.1573229341274334,85.22366330771759,0.6295741068180681,20.97356842438213,0.2719344611720337,-0.7452046899319454,0.00015748,0.7592093569715591,0.00081957,1,0.0
16393,0.30473304292250925,0.04448152878898917,-1.54e-06,2.207605765924382,2.41508007668732,39.8358865774273,1.0052136313683062,14.973260706536744,0.12067054082980143,-89.92667317133633,-1.1573229341274334,25.296975649569863,0.6295741068180681,31.211024693173787,0.2719344611720337,0.3496102127798931,0.00015748,0.8882943310311723,0.00081957,0,0.0
16394,1.0535956180456467,1.1674489972107862,-1.54e-06,2.207605765924382,2.41508007668732,23.64647550730035,1.0052136313683062,12.4080004335182,0.12067054082980143,-14.217292763127416,-1.1573229341274334,-52.016901664643605,0.6295741068180681,11.944818238266354,0.2719344611720337,-0.6203397766452236,0.00015748,0.6451216568844819,0.00081957,1,0.0
16395,0.9549739526505814,0.422081527325885,-1.54e-06,2.207605765924382,2.41508007668732,44.96839273650621,1.0052136313683062,13.265464269409648,0.12067054082980143,-47.98964791029658,-1.1573229341274334,-19.95531144408457,0.6295741068180681,19.169196611956693,0.2719344611720337,0.36596208699087474,0.00015748,0.8136115443823838,0.00081957,0,0.0
16396,0.40936382509094116,0.6043118709083184,-1.54e-06,2.207605765924382,2.41508007668732,-52.753294841510964,1.0052136313683062,-1.251621682014108,0.12067054082980143,-62.49201243497244,-1.1573229341274334,50.6665878360728,0.6295741068180681,70.69113932332782,0.2719344611720337,-0.3578979174673108,0.00015748,0.42971201550852733,0.00081957,1,0.0
16397,2.493564571109732,2.9218125669047295,-1.54e-06,2.207605765924382,2.41508007668732,17.77319549194437,1.0052136313683062,18.561829111678705,0.12067054082980143,-51.21777182335709,-1.1573229341274334,-77.19694186304993,0.6295741068180681,66.23651281186858,0.2719344611720337,-0.7378854753994589,0.00015748,1.0066387267218913,0.00081957,1,0.0
16398,0.7958425255238528,0.43759541685040343,-1.54e-06,2.207605765924382,2.41508007668732,68.18509613521061,1.0052136313683062,10.671790805161137,0.12067054082980143,-8.874651017061035,-1.1573229341274334,-46.5113405765571,0.6295741068180681,-14.43852516423792,0.2719344611720337,0.3549967134551476,0.00015748,0.7393414922895422,0.00081957,0,0.0
16399,0.8647002417432943,0.367521138713825,-1.54e-06,2.207605765924382,2.41508007668732,25.56288693271046,1.0052136313683062,10.514330431859987,0.12067054082980143,-44.73200430011319,-1.1573229341274334,-9.14870701083196,0.6295741068180681,24.771661600868182,0.2719344611720337,0.38060789356528424,0.00015748,0.6250682005648384,0.00081957,0,0.0
16400,0.472165636471757,0.12015950898024053,-1.54e-06,1.157213583065995,4.172918713237247,99.83984070348353,1.0052136313683062,63.75926831890598,0.12067054082980143,-69.82300358169566,-1.1573229341274334,-79.03230372532936,0.6295741068180681,-19.47780113499407,0.2719344611720337,0.3001182002914615,0.00015748,1.4887080338354082,0.00081957,0,0.0
16401,0.4947408689340487,0.025938513876405295,-1.54e-06,1.157213583065995,4.172918713237247,-41.89236849577411,1.0052136313683062,10.736077594371501,0.12067054082980143,-23.564691737561063,-1.1573229341274334,-87.8269831635023,0.6295741068180681,54.94546439488373,0.2719344611720337,-0.07452481566136945,0.00015748,0.0745373582245342,0.00081957,1,0.0
16402,0.21321412146311536,0.07776454793690438,-1.54e-06,1.157213583065995,4.172918713237247,78.06148968579214,1.0052136313683062,31.489194103600994,0.12067054082980143,-30.466064069778223,-1.1573229341274334,25.143403713114157,0.6295741068180681,-33.683087572333285,0.2719344611720337,0.3467687171322574,0.00015748,0.8960139581653421,0.00081957,0,0.0
16403,0.5679883667760701,0.06453074979836478,-1.54e-06,1.157213583065995,4.172918713237247,-51.878798940402966,1.0052136313683062,0.34879381300918055,0.12067054082980143,-19.048025001016452,-1.1573229341274334,-28.315383140777126,0.6295741068180681,58.73410692251696,0.2719344611720337,-0.06267912839235111,0.00015748,0.06293891634247327,0.00081957,1,0.0
16404,0.5024064060478474,0.044595496702090946,-1.54e-06,1.157213583065995,4.172918713237247,-55.13151656896012,1.0052136313683062,18.328481257959925,0.12067054082980143,-63.52902791164769,-1.1573229341274334,-59.54852368531162,0.6295741068180681,74.1135405047993,0.2719344611720337,-0.1369207835539922,0.00015748,0.13697488651094672,0.00081957,1,0.0
16405,0.2788829618759836,0.08495872027344496,-1.54e-06,1.157213583065995,4.172918713237247,83.11839959787696,1.0052136313683062,39.34787415752169,0.12067054082980143,-61.009863388609716,-1.1573229341274334,19.200705428845207,0.6295741068180681,-21.425987486856602,0.2719344611720337,0.31823294344269903,0.00015748,1.1702295172104487,0.00081957,0,0.0
16406,0.6658911157803891,0.047970499852589006,-1.54e-06,1.157213583065995,4.172918713237247,-60.24024071945807,1.0052136313683062,10.655099426791152,0.12067054082980143,-34.94636917482457,-1.1573229341274334,-69.74529248469169,0.6295741068180681,73.60525069127817,0.2719344611720337,-0.05218805472882392,0.00015748,0.05375823307505357,0.00081957,1,0.0
16407,0.6705908546292513,0.1662957681153214,-1.54e-06,1.157213583065995,4.172918713237247,34.2994332773776,1.0052136313683062,41.15791603016552,0.12067054082980143,-69.69971404987295,-1.1573229341274334,-7.562561553390214,0.6295741068180681,22.629208553453825,0.2719344611720337,0.34029151596315965,0.00015748,0.9404013285270634,0.00081957,0,0.0
16408,0.0006076890638731999,0.00827069133573889,-1.54e-06,1.157213583065995,4.172918713237247,-8.355699625365387,1.0052136313683062,-2.753291276045443,0.12067054082980143,-15.124071878251938,-1.1573229341274334,58.251215336485245,0.6295741068180681,6.116839173572745,0.2719344611720337,-0.05928064464599732,0.00015748,0.05924362864697187,0.00081957,1,0.0
16409,0.41607704659963296,0.1014016416254213,-1.54e-06,1.157213583065995,4.172918713237247,90.94105339806973,1.0052136313683062,54.48275475205827,0.12067054082980143,-71.98416736524787,-1.1573229341274334,-38.576903302087985,0.6295741068180681,-15.888690576840478,0.2719344611720337,0.305182279042958,0.00015748,1.3832596781775135,0.00081957,0,0.0
16410,0.5255137245414547,0.06976712057821072,-1.54e-06,1.157213583065995,4.172918713237247,-64.50654898375622,1.0052136313683062,0.6377503271765294,0.12067054082980143,-56.728929521266565,-1.1573229341274334,46.23999686462342,0.6295741068180681,73.11356965201199,0.2719344611720337,-0.07650367787220629,0.00015748,0.07649609131403536,0.00081957,1,0.0
16411,0.3772745532959501,0.019421641682350305,-1.54e-06,1.157213583065995,4.172918713237247,-48.770363469585604,1.0052136313683062,11.44226295033615,0.12067054082980143,-62.14345764902791,-1.1573229341274334,-8.281681374898534,0.6295741068180681,63.42767955587018,0.2719344611720337,-0.0762125855349663,0.00015748,0.07641167388956528,0.00081957,1,0.0
16412,0.08759964063070236,0.057295469175454375,-1.54e-06,1.157213583065995,4.172918713237247,90.0816495990852,1.0052136313683062,39.09626921575837,0.12067054082980143,-51.564142014246166,-1.1573229341274334,49.32697232896321,0.6295741068180681,-40.53693910195893,0.2719344611720337,0.3327930963761389,0.00015748,1.0066727330354799,0.00081957,0,0.0
16413,0.00012887911420313494,0.005666468541179882,-1.54e-06,1.157213583065995,4.172918713237247,-14.660534831898318,1.0052136313683062,1.720486237631206,0.12067054082980143,-35.710718225533626,-1.1573229341274334,76.60162948628206,0.6295741068180681,14.766640070628723,0.2719344611720337,-0.051061135695946294,0.00015748,0.050927343131737426,0.00081957,1,0.0
16414,0.40101653310673124,0.10613013421856658,-1.54e-06,1.157213583065995,4.172918713237247,46.19384571894231,1.0052136313683062,35.83487666587929,0.12067054082980143,-73.53868518010619,-1.1573229341274334,60.61365089540108,0.6295741068180681,3.562986379304254,0.2719344611720337,0.35058651124214585,0.00015748,0.8728270088061818,0.00081957,0,0.0
16415,0.20938098679981354,0.06421297670628227,-1.54e-06,1.157213583065995,4.172918713237247,63.28195290745712,1.0052136313683062,40.439254879154596,0.12067054082980143,-95.44160940461482,-1.1573229341274334,99.46757806870154,0.6295741068180681,-7.721107725101619,0.2719344611720337,0.3323161785654316,0.00015748,1.0112898551876386,0.00081957,0,0.0
16416,1.0297452987902593,0.28091480280935777,-1.54e-06,1.157213583065995,4.172918713237247,7.429513503924828,1.0052136313683062,41.63930125457135,0.12067054082980143,-60.66329420436784,-1.1573229341274334,-73.42203280662181,0.6295741068180681,51.85919049324828,0.2719344611720337,0.3453697374046035,0.00015748,0.8910485117969752,0.00081957,0,0.0
16417,0.41771618873145455,0.12201331258258959,-1.54e-06,1.157213583065995,4.172918713237247,71.54597940046698,1.0052136313683062,31.534204782437698,0.12067054082980143,-6.390404896911524,-1.1573229341274334,-44.319105616976685,0.6295741068180681,-26.83267712735889,0.2719344611720337,0.3492600568592336,0.00015748,0.8803347355902635,0.00081957,0,0.0
16418,0.014736631720671411,0.04906198440205235,-1.54e-06,1.157213583065995,4.172918713237247,100.0,1.0052136313683062,29.420168899695277,0.12067054082980143,-18.937149451538843,-1.1573229341274334,36.79444988876305,0.6295741068180681,-57.542029723317,0.2719344611720337,0.34079874524403664,0.00015748,0.939680029393003,0.00081957,0,0.0
16419,0.05271851356005236,0.05924489962836474,-1.54e-06,1.157213583065995,4.172918713237247,83.0264682453722,1.0052136313683062,24.946495207854404,0.12067054082980143,-22.388900108170652,-1.1573229341274334,68.00280028448815,0.6295741068180681,-47.75899982149586,0.2719344611720337,0.367665136817588,0.00015748,0.7802738852501017,0.00081957,0,0.0
16420,0.09561632819541199,0.050797919087111565,-1.54e-06,1.157213583065995,4.172918713237247,100.0,1.0052136313683062,42.26766652433856,0.12067054082980143,-59.59560819675323,-1.1573229341274334,36.067016479102215,0.6295741068180681,-40.77352333675554,0.2719344611720337,0.31708292403055627,0.00015748,1.1816688460264464,0.00081957,0,0.0
16421,0.09342856521196985,0.06680798393119576,-1.54e-06,1.157213583065995,4.172918713237247,71.38728524742832,1.0052136313683062,22.27967650348647,0.12067054082980143,-32.51473930009625,-1.1573229341274334,93.97650667399004,0.6295741068180681,-37.22492568600319,0.2719344611720337,0.3794768141337537,0.00015748,0.731944401436329,0.00081957,0,0.0
16422,0.02128947235651995,0.0022681440001514545,-1.54e-06,1.157213583065995,4.172918713237247,-3.00540506556831,1.0052136313683062,3.1016691218496963,0.12067054082980143,-7.550867076536272,-1.1573229341274334,-9.853869948155518,0.6295741068180681,5.5120207026451435,0.2719344611720337,-0.031299070817103404,0.00015748,0.031451155099810786,0.00081957,1,0.0
16423,0.25660713484213593,0.08825879468596427,-1.54e-06,1.157213583065995,4.172918713237247,57.62741590024692,1.0052136313683062,28.08704942714388,0.12067054082980143,-48.150656721059455,-1.1573229341274334,72.78641025087599,0.6295741068180681,-17.35009082583946,0.2719344611720337,0.3694165963731699,0.00015748,0.7719120031657944,0.00081957,0,0.0
16424,0.40287939747613255,0.10588755374102034,-1.54e-06,1.157213583065995,4.172918713237247,53.92694132336734,1.0052136313683062,37.36544471021183,0.12067054082980143,-64.77553094960467,-1.1573229341274334,35.77005893212029,0.6295741068180681,-2.2970827579164252,0.2719344611720337,0.3427373510506304,0.00015748,0.9244802835093164,0.00081957,0,0.0
16425,0.7525524176945697,0.1944904825350854,-1.54e-06,1.157213583065995,4.172918713237247,22.727074818909134,1.0052136313683062,38.14985321137218,0.12067054082980143,-67.24136578295249,-1.1573229341274334,-8.971487172370297,0.6295741068180681,31.747998102160828,0.2719344611720337,0.3501101987554129,0.00015748,0.8683797767645376,0.00081957,0,0.0
16426,0.10330071493108221,0.0020943721869212603,-1.54e-06,1.157213583065995,4.172918713237247,-16.185685653590873,1.0052136313683062,4.431513248222814,0.12067054082980143,-25.349878270514406,-1.1573229341274334,7.0164446900856525,0.6295741068180681,21.081810210323614,0.2719344611720337,-0.029562024060476665,0.00015748,0.029635730377449057,0.00081957,1,0.0
16427,0.08234253070420472,0.003764221901612712,-1.54e-06,1.157213583065995,4.172918713237247,-7.847347743459645,1.0052136313683062,4.246526313497795,0.12067054082980143,-9.574902919143716,-1.1573229341274334,-24.217362459884914,0.6295741068180681,12.232459916516818,0.2719344611720337,-0.043199483353126664,0.00015748,0.04324693165708687,0.00081957,1,0.0
16428,0.0003026605407395813,0.030049232766598623,-1.54e-06,1.157213583065995,4.172918713237247,3.4618545437787103,1.0052136313683062,3.31072192247515,0.12067054082980143,-0.4036143637471076,-1.1573229341274334,18.228684573144477,0.6295741068180681,-5.669178530842637,0.2719344611720337,-0.04261973806325081,0.00015748,0.07660978513173794,0.00081957,1,0.0
16429,0.21869809379025051,0.005834187813507395,-1.54e-06,1.157213583065995,4.172918713237247,-34.394154344907236,1.0052136313683062,6.214991373663926,0.12067054082980143,-49.522104130927175,-1.1573229341274334,29.210696969165568,0.6295741068180681,42.62516204601568,0.2719344611720337,-0.030148297041474807,0.00015748,0.030205471046495243,0.00081957,1,0.0
16430,0.0023615604265010415,0.04732391819003532,-1.54e-06,1.157213583065995,4.172918713237247,96.45143400852292,1.0052136313683062,27.226867336527853,0.12067054082980143,-22.76091555715974,-1.1573229341274334,54.1109404980496,0.6295741068180681,-55.235803625085275,0.2719344611720337,0.34438748666060087,0.00015748,0.9132793357146465,0.00081957,0,0.0
16431,0.7591167405228517,0.28292472391753465,-1.54e-06,1.157213583065995,4.172918713237247,-18.284793020270225,1.0052136313683062,28.67580828240102,0.12067054082980143,-68.95724131147777,-1.1573229341274334,-27.33858586469257,0.6295741068180681,59.65715191703732,0.2719344611720337,0.19008328245724582,0.00015748,0.5490427671862037,0.00081957,0,0.0
16432,0.5006702700363909,0.11880032652631961,-1.54e-06,1.157213583065995,4.172918713237247,100.0,1.0052136313683062,64.936284174816,0.12067054082980143,-79.4248961181764,-1.1573229341274334,-77.47933412412392,0.6295741068180681,-14.31676526306151,0.2719344611720337,0.29746545473773445,0.00015748,1.5665666463815862,0.00081957,0,0.0
16433,0.04211230878060368,0.1761123300751125,-1.54e-06,1.157213583065995,4.172918713237247,12.219283995557545,1.0052136313683062,1.6028344593363557,0.12067054082980143,-34.9624293845276,-1.1573229341274334,78.75846571430897,0.6295741068180681,3.546551102572439,0.2719344611720337,0.0798368855715499,0.00015748,0.32015092937317624,0.00081957,0,0.0
16434,0.65005108455986,0.045144148133278425,-1.54e-06,1.157213583065995,4.172918713237247,-61.40307706845476,1.0052136313683062,14.941460305779446,0.12067054082980143,-46.99232217731747,-1.1573229341274334,-89.72355273213249,0.6295741068180681,79.78086519131648,0.2719344611720337,-0.09880564727725803,0.00015748,0.09880288598539992,0.00081957,1,0.0
16435,0.21926911948406655,0.07041532044993166,-1.54e-06,1.157213583065995,4.172918713237247,-36.71274052077124,1.0052136313683062,20.136414662864674,0.12067054082980143,-74.62694503453015,-1.1573229341274334,-25.258365315720063,0.6295741068180681,55.31263412515946,0.2719344611720337,-0.18409335511498964,0.00015748,0.18464859285102303,0.00081957,1,0.0
16436,0.5706639036353388,0.17019244953233503,-1.54e-06,1.157213583065995,4.172918713237247,-61.14485185291078,1.0052136313683062,-8.838568243547194,0.12067054082980143,-27.51528548433096,-1.1573229341274334,53.36008925818032,0.6295741068180681,62.8036653155105,0.2719344611720337,-0.17741459053910114,0.00015748,0.17840559076929297,0.00081957,1,0.0
16437,0.2835907026782063,0.07423078911067878,-1.54e-06,1.157213583065995,4.172918713237247,79.736472023539,1.0052136313683062,49.28925983089248,0.12067054082980143,-92.45228274893854,-1.1573229341274334,39.83246152121576,0.6295741068180681,-11.810946334634997,0.2719344611720337,0.312891162174323,0.00015748,1.2438387668823627,0.00081957,0,0.0
16438,0.3512110835778336,0.03643159041858658,-1.54e-06,1.157213583065995,4.172918713237247,-57.66442947570717,1.0052136313683062,2.1213488375085072,0.12067054082980143,-74.2130488645804,-1.1573229341274334,92.35837034371492,0.6295741068180681,65.81338782737976,0.2719344611720337,-0.06095374152857361,0.00015748,0.06098769651445521,0.00081957,1,0.0
16439,0.002541804504967507,0.010884978317969321,-1.54e-06,1.157213583065995,4.172918713237247,-3.752179161443302,1.0052136313683062,6.144468698399666,0.12067054082980143,-15.913662029399969,-1.1573229341274334,10.901358500808309,0.6295741068180681,5.064864367508761,0.2719344611720337,-0.054169800616963255,0.00015748,0.05522202689414348,0.00081957,1,0.0
16440,0.32935978234996366,0.011747303337672332,-1.54e-06,1.157213583065995,4.172918713237247,-32.27553250982928,1.0052136313683062,7.444441132567548,0.12067054082980143,-26.46405535262656,-1.1573229341274334,-41.551973561728815,0.6295741068180681,41.933803305046354,0.2719344611720337,-0.04950269106959812,0.00015748,0.04948770556184638,0.00081957,1,0.0
16441,0.8792569342281258,0.21717842112205324,-1.54e-06,1.157213583065995,4.172918713237247,22.29560789024029,1.0052136313683062,48.8474918517206,0.12067054082980143,-82.9955824456938,-1.1573229341274334,-42.70365909006492,0.6295741068180681,42.82679882720476,0.2719344611720337,0.3311300072182776,0.00015748,1.0240183642072427,0.00081957,0,0.0
16442,0.5444633786938976,0.12496867336827112,-1.54e-06,1.157213583065995,4.172918713237247,98.27198443151592,1.0052136313683062,69.40439616698998,0.12067054082980143,-96.03701726106307,-1.1573229341274334,-73.54065624203355,0.6295741068180681,-6.326482347067867,0.2719344611720337,0.29463123651670264,0.00015748,1.6528308183575442,0.00081957,0,0.0
16443,0.6336118679221918,0.11798402058238702,-1.54e-06,1.157213583065995,4.172918713237247,-65.07660478535148,1.0052136313683062,-1.408282497080518,0.12067054082980143,-34.79035167739786,-1.1573229341274334,22.567691636730334,0.6295741068180681,70.19059585127624,0.2719344611720337,-0.12875580968230452,0.00015748,0.12872609252657355,0.00081957,1,0.0
16444,0.7404643436900823,0.1756263298251764,-1.54e-06,1.157213583065995,4.172918713237247,65.42835122636177,1.0052136313683062,58.784333000919524,0.12067054082980143,-72.89090457112856,-1.1573229341274334,-92.64010190903444,0.6295741068180681,12.81276672473234,0.2719344611720337,0.3072927299469189,0.00015748,1.349736406485273,0.00081957,0,0.0
16445,0.42399322659099536,0.09916388459123582,-1.54e-06,1.157213583065995,4.172918713237247,65.80091310612102,1.0052136313683062,51.54553124910598,0.12067054082980143,-97.96900357606289,-1.1573229341274334,25.292501553312267,0.6295741068180681,3.268269225696586,0.2719344611720337,0.31456382042422093,0.00015748,1.2165343060443221,0.00081957,0,0.0
16446,0.34943946541610704,0.09819912390221627,-1.54e-06,1.157213583065995,4.172918713237247,99.70074480635883,1.0052136313683062,46.41892400327149,0.12067054082980143,-27.217904863434622,-1.1573229341274334,-70.40567575246523,0.6295741068180681,-37.06832011438163,0.2719344611720337,0.31416274247147025,0.00015748,1.229028887575876,0.00081957,0,0.0
16447,0.47563317868865446,0.13221188143792292,-1.54e-06,1.157213583065995,4.172918713237247,69.39403365254132,1.0052136313683062,34.36946322740308,0.12067054082980143,-10.787542080689628,-1.1573229341274334,-57.89959942818281,0.6295741068180681,-21.335608720807272,0.2719344611720337,0.3427234260279087,0.00015748,0.9216307136027351,0.00081957,0,0.0
16448,0.46530477100422524,0.1202207181531357,-1.54e-06,1.157213583065995,4.172918713237247,55.2978958407989,1.0052136313683062,39.08517932805432,0.12067054082980143,-54.667385067838254,-1.1573229341274334,3.9835996941717906,0.6295741068180681,-2.8919100629065415,0.2719344611720337,0.34078789307692003,0.00015748,0.9398332040648133,0.00081957,0,0.0
16449,0.763569889228485,0.1922846179184864,-1.54e-06,1.157213583065995,4.172918713237247,43.439209587165735,1.0052136313683062,44.16010359487202,0.12067054082980143,-46.95591095366039,-1.1573229341274334,-74.67927790942315,0.6295741068180681,16.69121171769435,0.2719344611720337,0.3316252129916097,0.00015748,1.015837021726416,0.00081957,0,0.0
16450,-3.844759796341017e-05,0.018214591164863493,-1.54e-06,1.157213583065995,4.172918713237247,-9.685651558147152,1.0052136313683062,0.9740818620562481,0.12067054082980143,-22.322784993882383,-1.1573229341274334,72.30638381850956,0.6295741068180681,6.443061698846283,0.2719344611720337,-0.08632877630013361,0.00015748,0.08670402516852582,0.00081957,1,0.0
16451,0.13956747360327873,0.03434120141934743,-1.54e-06,1.157213583065995,4.172918713237247,-28.823606371730268,1.0052136313683062,14.788308610944062,0.12067054082980143,-62.73222840268204,-1.1573229341274334,3.539832504735043,0.6295741068180681,42.03379724509796,0.2719344611720337,-0.1277687224056106,0.00015748,0.12756790917379268,0.00081957,1,0.0
16452,0.5276674248911604,0.13563952983086275,-1.54e-06,1.157213583065995,4.172918713237247,65.91190654683723,1.0052136313683062,40.60390970856782,0.12067054082980143,-34.71303655624246,-1.1573229341274334,-52.83189958162349,0.6295741068180681,-9.599343005968676,0.2719344611720337,0.32981652128713185,0.00015748,1.0307583213604805,0.00081957,0,0.0
16453,1.0656393052878526,0.41925120496350254,-1.54e-06,1.157213583065995,4.172918713237247,-13.17318502950223,1.0052136313683062,46.69380102017518,0.12067054082980143,-83.41965417287649,-1.1573229341274334,50.17216549431811,0.6295741068180681,55.914580137961735,0.2719344611720337,0.3784736318009072,0.00015748,0.7435906153563894,0.00081957,0,0.0
16454,0.6767925492217094,0.16939555254984176,-1.54e-06,1.157213583065995,4.172918713237247,52.242338157236446,1.0052136313683062,43.96319815507117,0.12067054082980143,-44.10027354121679,-1.1573229341274334,-67.19582780383791,0.6295741068180681,7.036455510610101,0.2719344611720337,0.3302647282979796,0.00015748,1.0308705099388655,0.00081957,0,0.0
16455,0.6671180177512838,0.39402066503484057,-1.54e-06,1.157213583065995,4.172918713237247,-82.77989085629852,1.0052136313683062,-20.31088292956586,0.12067054082980143,-48.08324956462933,-1.1573229341274334,93.59880488777947,0.6295741068180681,89.08432115950912,0.2719344611720337,-0.25396386878447313,0.00015748,0.2545939066289404,0.00081957,1,0.0
16456,0.17979527765603193,0.07180022227342385,-1.54e-06,1.157213583065995,4.172918713237247,82.1995375312494,1.0052136313683062,31.657028123290786,0.12067054082980143,-29.945382884490645,-1.1573229341274334,26.70244154950597,0.6295741068180681,-37.418170922382615,0.2719344611720337,0.34391387772042664,0.00015748,0.9152477664066789,0.00081957,0,0.0
16457,0.12961662681852246,0.004582018931298488,-1.54e-06,1.157213583065995,4.172918713237247,-39.423576617207004,1.0052136313683062,6.196953104995099,0.12067054082980143,-77.20155751179132,-1.1573229341274334,97.18849280710522,0.6295741068180681,47.51377563253759,0.2719344611720337,-0.03150767836835844,0.00015748,0.031549821877339346,0.00081957,1,0.0
16458,0.8234489389485747,0.1948987766311854,-1.54e-06,1.157213583065995,4.172918713237247,42.67252853267367,1.0052136313683062,58.075732756976734,0.12067054082980143,-91.63887911704897,-1.1573229341274334,-61.56980539714428,0.6295741068180681,32.72726111103029,0.2719344611720337,0.3129933402155689,0.00015748,1.2384695373677497,0.00081957,0,0.0
16459,-5.3933263284206e-05,0.01172371913919636,-1.54e-06,1.157213583065995,4.172918713237247,-4.669283303349242,1.0052136313683062,5.254203138856722,0.12067054082980143,-16.894554200785603,-1.1573229341274334,25.49768836628028,0.6295741068180681,4.5999453641826635,0.2719344611720337,-0.057320354912562294,0.00015748,0.05787337754365002,0.00081957,1,0.0
16460,0.5992964665852121,0.13988299254612263,-1.54e-06,1.157213583065995,4.172918713237247,49.73833636004781,1.0052136313683062,49.46183275025132,0.12067054082980143,-86.3766932092995,-1.1573229341274334,-6.951978805000075,0.6295741068180681,16.520178464464006,0.2719344611720337,0.32175525716363584,0.00015748,1.1253272700873556,0.00081957,0,0.0
16461,0.4057927552980841,0.19752157196894796,-1.54e-06,1.157213583065995,4.172918713237247,-9.671755781298966,1.0052136313683062,25.31006462853583,0.12067054082980143,-30.900829590689707,-1.1573229341274334,-98.61567894420483,0.6295741068180681,33.22277215733329,0.2719344611720337,-0.05719643678393266,0.00015748,0.3398542733692425,0.00081957,1,0.0
16462,0.029179575723338937,0.004565761905287762,-1.54e-06,1.157213583065995,4.172918713237247,-5.649131969735285,1.0052136313683062,4.2395731670545285,0.12067054082980143,-14.079696502262564,-1.1573229341274334,-9.466205356060769,0.6295741068180681,9.712777469379171,0.2719344611720337,-0.04531695779745103,0.00015748,0.04553208272223662,0.00081957,1,0.0
16463,0.7774210819662182,0.18026581936809177,-1.54e-06,1.157213583065995,4.172918713237247,67.22081962722507,1.0052136313683062,67.36308292778726,0.12067054082980143,-97.35234107768925,-1.1573229341274334,-88.56798205427823,0.6295741068180681,20.55106021938996,0.2719344611720337,0.30051938086711294,0.00015748,1.4954992948245924,0.00081957,0,0.0
16464,-1.0617531586432083e-06,0.13874564075292353,-1.54e-06,1.157213583065995,4.172918713237247,29.91693739829298,1.0052136313683062,8.443821286185836,0.12067054082980143,-15.14066409516094,-1.1573229341274334,68.30101035329918,0.6295741068180681,-19.405983221895287,0.2719344611720337,0.19736434193814634,0.00015748,0.2481006382356703,0.00081957,0,0.0
16465,0.03250870448191037,0.05214371493506919,-1.54e-06,1.157213583065995,4.172918713237247,0.7148586865939394,1.0052136313683062,11.812843141261562,0.12067054082980143,-9.573261425240451,-1.1573229341274334,-78.23709824123489,0.6295741068180681,8.634527623322766,0.2719344611720337,-0.14810043412341506,0.00015748,0.14892191521913772,0.00081957,1,0.0
16466,0.12862077431586502,0.001943060912726107,-1.54e-06,1.157213583065995,4.172918713237247,-8.645064770504339,1.0052136313683062,2.7481381120356945,0.12067054082980143,-0.7427372043330881,-1.1573229341274334,-31.965411686418786,0.6295741068180681,11.606136559192587,0.2719344611720337,-0.0206613997091092,0.00015748,0.020580860498238658,0.00081957,1,0.0
16467,0.27377350358583813,0.039514559108719934,-1.54e-06,1.157213583065995,4.172918713237247,-41.949076421712356,1.0052136313683062,15.169986928027551,0.12067054082980143,-74.54465978113053,-1.1573229341274334,37.15973218193665,0.6295741068180681,54.8873967239459,0.2719344611720337,-0.07976074183271271,0.00015748,0.115295458875825,0.00081957,1,0.0
16468,0.6916475325555534,0.20619784828178123,-1.54e-06,1.157213583065995,4.172918713237247,22.616331224016967,1.0052136313683062,29.987862453700096,0.12067054082980143,-68.81741966226664,-1.1573229341274334,24.742164411526986,0.6295741068180681,31.017155694540268,0.2719344611720337,0.35010722596815097,0.00015748,0.8683929866285813,0.00081957,0,0.0
16469,0.0012653985263210155,0.05141806140249752,-1.54e-06,1.157213583065995,4.172918713237247,89.48910535877104,1.0052136313683062,23.26309861710873,0.12067054082980143,-18.308763425278133,-1.1573229341274334,70.83048544329371,0.6295741068180681,-54.148410311845126,0.2719344611720337,0.36265861360959045,0.00015748,0.8065380933098765,0.00081957,0,0.0
16470,0.9704507900096292,0.2540101022685856,-1.54e-06,1.157213583065995,4.172918713237247,15.71928114957502,1.0052136313683062,52.79984693750779,0.12067054082980143,-79.70073919870072,-1.1573229341274334,-61.10968354888609,0.6295741068180681,47.48815772097496,0.2719344611720337,0.33328000171284833,0.00015748,0.9855112427024895,0.00081957,0,0.0
16471,0.7373336296320923,0.20170986459279888,-1.54e-06,1.157213583065995,4.172918713237247,12.13435089612711,1.0052136313683062,33.062152079457434,0.12067054082980143,-68.53736320778708,-1.1573229341274334,27.034858175786777,0.6295741068180681,35.22506208585815,0.2719344611720337,0.3772683331786807,0.00015748,0.7310814922244272,0.00081957,0,0.0
16472,1.0209570676066972,0.2537743976284978,-1.54e-06,1.157213583065995,4.172918713237247,21.825355184343472,1.0052136313683062,57.614582522115334,0.12067054082980143,-94.35846052623353,-1.1573229341274334,-80.13129025902522,0.6295741068180681,53.82737646429365,0.2719344611720337,0.31729720883525214,0.00015748,1.1777921536305607,0.00081957,0,0.0
16473,0.848871341960435,0.21248182829070816,-1.54e-06,1.157213583065995,4.172918713237247,40.24483331010803,1.0052136313683062,48.32255242081433,0.12067054082980143,-56.87942075990363,-1.1573229341274334,-88.8966230978884,0.6295741068180681,25.89234191888925,0.2719344611720337,0.32396233665992513,0.00015748,1.0937978483494692,0.00081957,0,0.0
16474,0.47275480470197806,0.02286142915231705,-1.54e-06,1.157213583065995,4.172918713237247,-35.8446862358095,1.0052136313683062,9.475229180498978,0.12067054082980143,-11.448479337958172,-1.1573229341274334,-96.16784349256511,0.6295741068180681,46.79252951822984,0.2719344611720337,-0.06390407983307964,0.00015748,0.06397940554965476,0.00081957,1,0.0
16475,0.31110486740944476,0.07775577616414436,-1.54e-06,1.157213583065995,4.172918713237247,78.71460780118208,1.0052136313683062,52.15072644055243,0.12067054082980143,-99.3514430315523,-1.1573229341274334,37.632622336215476,0.6295741068180681,-8.126100524720577,0.2719344611720337,0.31092882568142854,0.00015748,1.2792387127833478,0.00081957,0,0.0
16476,0.46256767027854606,0.15373856130601427,-1.54e-06,1.157213583065995,4.172918713237247,-32.56078697790336,1.0052136313683062,13.52952383279006,0.12067054082980143,-61.77600397565148,-1.1573229341274334,21.733051852097987,0.6295741068180681,54.06182415017414,0.2719344611720337,0.08740749002813356,0.00015748,0.21354733703119552,0.00081957,0,0.0
16477,0.4327473696216845,0.10757171610708281,-1.54e-06,1.157213583065995,4.172918713237247,94.90101232279586,1.0052136313683062,54.96909075961943,0.12067054082980143,-59.01953643174367,-1.1573229341274334,-63.00458948186911,0.6295741068180681,-21.093785986019732,0.2719344611720337,0.30544510177595163,0.00015748,1.377012045036312,0.00081957,0,0.0
16478,0.7009906494369025,0.17295296157759132,-1.54e-06,1.157213583065995,4.172918713237247,50.12628986672639,1.0052136313683062,46.60132177413585,0.12067054082980143,-52.79498934159447,-1.1573229341274334,-65.32061476803368,0.6295741068180681,11.659735602260698,0.2719344611720337,0.32704301771149635,0.00015748,1.0611428476326181,0.00081957,0,0.0
16479,0.01219855660739444,0.0011023117878172278,-1.54e-06,1.157213583065995,4.172918713237247,-18.341235468352913,1.0052136313683062,2.4677872733671955,0.12067054082980143,-44.02864895553321,-1.1573229341274334,70.21169758976545,0.6295741068180681,21.63471435474907,0.2719344611720337,-0.016311469403346927,0.00015748,0.016463750604538918,0.00081957,1,0.0
16480,0.00020539205494768398,0.04928008163893533,-1.54e-06,1.157213583065995,4.172918713237247,93.15372857315434,1.0052136313683062,24.8312274516724,0.12067054082980143,-19.20898235965955,-1.1573229341274334,61.63970432811077,0.6295741068180681,-55.17832107427503,0.2719344611720337,0.35294595974397375,0.00015748,0.8566321573167102,0.00081957,0,0.0
16481,0.8135722834472215,0.26059293021928587,-1.54e-06,1.157213583065995,4.172918713237247,0.6108298322933547,1.0052136313683062,31.936343244219284,0.12067054082980143,-53.69504176680725,-1.1573229341274334,-4.858629371979885,0.6295741068180681,40.28114955119327,0.2719344611720337,0.3507429894557245,0.00015748,0.6064927982672574,0.00081957,0,0.0
16482,0.6545733515130786,0.1722655866584407,-1.54e-06,1.157213583065995,4.172918713237247,51.437818039041304,1.0052136313683062,37.35720785526932,0.12067054082980143,-23.725816471183933,-1.1573229341274334,-70.09499850205654,0.6295741068180681,0.21453686324488935,0.2719344611720337,0.3435906838405931,0.00015748,0.9169779240304503,0.00081957,0,0.0
16483,0.23017743985407135,0.0701437268627356,-1.54e-06,1.157213583065995,4.172918713237247,79.57800646435005,1.0052136313683062,42.36048326202449,0.12067054082980143,-69.79942994640959,-1.1573229341274334,40.038703634830256,0.6295741068180681,-21.515522401207633,0.2719344611720337,0.323528635254249,0.00015748,1.0991866967530595,0.00081957,0,0.0
16484,0.07871436011450657,0.02072141496310869,-1.54e-06,1.157213583065995,4.172918713237247,-18.065569611913325,1.0052136313683062,-4.8791204561011385,0.12067054082980143,-21.315294249348536,-1.1573229341274334,66.22732277435992,0.6295741068180681,17.07350518255022,0.2719344611720337,-0.07715697440043884,0.00015748,0.07749520657100739,0.00081957,1,0.0
16485,0.6489982478018115,0.26327419816973485,-1.54e-06,1.157213583065995,4.172918713237247,54.199731584365324,1.0052136313683062,67.71188522971312,0.12067054082980143,-89.06284894875135,-1.1573229341274334,-18.22636734033823,0.6295741068180681,8.10762274900927,0.2719344611720337,0.3195987721644497,0.00015748,1.1417963822188106,0.00081957,0,0.0
16486,0.49416574158020576,0.03917029611790816,-1.54e-06,1.157213583065995,4.172918713237247,-48.022745100058316,1.0052136313683062,2.5670696531279087,0.12067054082980143,-26.52745529206135,-1.1573229341274334,-22.672956372761316,0.6295741068180681,56.02935551490744,0.2719344611720337,-0.03290173839531406,0.00015748,0.0329300536401642,0.00081957,1,0.0
16487,0.31593381855231784,0.08877235183579214,-1.54e-06,1.157213583065995,4.172918713237247,93.72654910952755,1.0052136313683062,44.38189508549878,0.12067054082980143,-40.159659841215515,-1.1573229341274334,-36.63995439894765,0.6295741068180681,-31.836312439093927,0.2719344611720337,0.3158514892205559,0.00015748,1.2003591574231685,0.00081957,0,0.0
16488,0.5440572157347502,0.1238684017972011,-1.54e-06,1.157213583065995,4.172918713237247,95.98413821895126,1.0052136313683062,68.41724243426015,0.12067054082980143,-98.45399209009442,-1.1573229341274334,-66.63487247791663,0.6295741068180681,-4.29802595233389,0.2719344611720337,0.2949219078655554,0.00015748,1.6418838328412033,0.00081957,0,0.0
16489,0.2873003433108683,0.10431641738240004,-1.54e-06,1.157213583065995,4.172918713237247,61.731526755134226,1.0052136313683062,24.695628926792907,0.12067054082980143,-20.489177187799232,-1.1573229341274334,39.31728436635821,0.6295741068180681,-26.319569263548104,0.2719344611720337,0.382476373562568,0.00015748,0.7146569225932429,0.00081957,0,0.0
16490,0.262946779954118,0.07921011441616113,-1.54e-06,1.157213583065995,4.172918713237247,100.0,1.0052136313683062,45.69107550130779,0.12067054082980143,-42.08785049761684,-1.1573229341274334,-31.33124994942636,0.6295741068180681,-37.1710618186295,0.2719344611720337,0.3136781965156152,0.00015748,1.2334240801162892,0.00081957,0,0.0
16491,0.00725739690223523,0.04251284149964969,-1.54e-06,1.157213583065995,4.172918713237247,2.4975374532484915,1.0052136313683062,11.659697940022017,0.12067054082980143,-8.856595174018631,-1.1573229341274334,-59.42103316431783,0.6295741068180681,4.198446560612016,0.2719344611720337,-0.1257720569653451,0.00015748,0.12607293784091966,0.00081957,1,0.0
16492,0.0012719740586193545,0.011545073568368668,-1.54e-06,1.157213583065995,4.172918713237247,1.1145478721552788,1.0052136313683062,4.811587103385522,0.12067054082980143,-2.9554234442416765,-1.1573229341274334,-1.8263906338818143,0.6295741068180681,-1.603854560992555,0.2719344611720337,-0.049322592772534986,0.00015748,0.05157600856245564,0.00081957,1,0.0
16493,0.5259902322470663,0.031995172728983556,-1.54e-06,1.157213583065995,4.172918713237247,-62.86059348004291,1.0052136313683062,13.402266166459599,0.12067054082980143,-70.99250760585655,-1.1573229341274334,-21.63484692729239,0.6295741068180681,80.6809912698632,0.2719344611720337,-0.08178446372238694,0.00015748,0.08234792962600758,0.00081957,1,0.0
16494,0.09287268205170145,0.014703194018850722,-1.54e-06,1.157213583065995,4.172918713237247,-13.931565223778454,1.0052136313683062,8.634949055553143,0.12067054082980143,-28.05258854259332,-1.1573229341274334,-20.276169441065335,0.6295741068180681,21.962940532351368,0.2719344611720337,-0.08387030701610235,0.00015748,0.08404013785608183,0.00081957,1,0.0
16495,-4.71774878336266e-05,0.0006178360350982715,-1.54e-06,1.157213583065995,4.172918713237247,-9.629399206263946,1.0052136313683062,1.3196364209902698,0.12067054082980143,-24.156226552486856,-1.1573229341274334,42.27457287606129,0.6295741068180681,10.961958425062202,0.2719344611720337,-0.014599137980850174,0.00015748,0.014563789240522047,0.00081957,1,0.0
16496,0.00011107859989756275,0.04192308246375033,-1.54e-06,1.157213583065995,4.172918713237247,95.56691172888702,1.0052136313683062,32.551685264628404,0.12067054082980143,-46.72235948036316,-1.1573229341274334,70.35942968430072,0.6295741068180681,-47.5965637669919,0.2719344611720337,0.33307054003395187,0.00015748,1.0065028311409914,0.00081957,0,0.0
16497,0.006553683325352111,0.08739469859406598,-1.54e-06,1.157213583065995,4.172918713237247,7.220809638400877,1.0052136313683062,16.368607457535454,0.12067054082980143,-7.026331110076858,-1.1573229341274334,-74.57724438043049,0.6295741068180681,0.10135682830878356,0.2719344611720337,-0.15052441504664876,0.00015748,0.17128496653825154,0.00081957,1,0.0
16498,0.7178320720143815,0.18389662612713006,-1.54e-06,1.157213583065995,4.172918713237247,37.37807333106531,1.0052136313683062,39.506024072774025,0.12067054082980143,-47.77401268699981,-1.1573229341274334,-44.22239467145994,0.6295741068180681,17.122696764585502,0.2719344611720337,0.3441590370466887,0.00015748,0.9144884019389572,0.00081957,0,0.0
16499,0.06664062759287823,0.019753856006972277,-1.54e-06,1.157213583065995,4.172918713237247,-31.888613765576345,1.0052136313683062,12.28337876746777,0.12067054082980143,-79.67356489596038,-1.1573229341274334,62.558115129991066,0.6295741068180681,43.63803080722665,0.2719344611720337,-0.0950497931649637,0.00015748,0.0952306824650479,0.00081957,1,0.0
16500,0.0019318251524222951,0.11924753223410824,-1.54e-06,2.134437427598921,4.047685849999918,76.74120894777502,1.0052136313683062,18.400835801931706,0.12067054082980143,-73.96375269239975,-1.1573229341274334,0.3639635557175352,0.6295741068180681,-0.8912439569559368,0.2719344611720337,0.00400411990348519,0.00015748,0.23670339129593537,0.00081957,0,0.0
16501,0.001548136320001614,0.14124562135118612,-1.54e-06,2.134437427598921,4.047685849999918,74.57323341593047,1.0052136313683062,11.039533802706696,0.12067054082980143,-49.92471258464554,-1.1573229341274334,83.54217167154899,0.6295741068180681,-21.14129711893962,0.2719344611720337,0.1588182930872699,0.00015748,0.24038016022958064,0.00081957,0,0.0
16502,0.0006773975223523521,0.057462664922443854,-1.54e-06,2.134437427598921,4.047685849999918,35.49055354485896,1.0052136313683062,9.25541834544714,0.12067054082980143,-38.960878447532096,-1.1573229341274334,1.7549122516552838,0.6295741068180681,1.589977410468686,0.2719344611720337,-0.003986877553674065,0.00015748,0.11663205560433383,0.00081957,1,0.0
16503,0.0743036840883424,0.011022677924124246,-1.54e-06,2.134437427598921,4.047685849999918,-29.34827672768473,1.0052136313683062,8.739167940795133,0.12067054082980143,-70.99179937981924,-1.1573229341274334,37.384213171619706,0.6295741068180681,44.8628419666185,0.2719344611720337,-0.0714636683822771,0.00015748,0.07143492995145015,0.00081957,1,0.0
16504,7.470151552030346e-05,0.0522553129327452,-1.54e-06,2.134437427598921,4.047685849999918,36.97724236031364,1.0052136313683062,9.303823950348606,0.12067054082980143,-38.28714869319315,-1.1573229341274334,-22.871360749109723,0.6295741068180681,4.90893432843055,0.2719344611720337,-0.06178198106139378,0.00015748,0.13147413306828204,0.00081957,1,0.0
16505,2.4801496876392104e-05,0.10829748327493646,-1.54e-06,2.134437427598921,4.047685849999918,49.687428125561304,1.0052136313683062,8.374706258332475,0.12067054082980143,-47.858418940208416,-1.1573229341274334,67.76122649524949,0.6295741068180681,-7.287035874189117,0.2719344611720337,0.12759624069533917,0.00015748,0.1548913050862962,0.00081957,0,0.0
16506,0.011258345420327664,0.01173021209226096,-1.54e-06,2.134437427598921,4.047685849999918,-38.881018644058805,1.0052136313683062,8.698159941607884,0.12067054082980143,-91.45136391214712,-1.1573229341274334,81.8158301952942,0.6295741068180681,52.01944965759777,0.2719344611720337,-0.06774850394911434,0.00015748,0.06778803247107694,0.00081957,1,0.0
16507,0.0004397815728633958,0.07300991648148718,-1.54e-06,2.134437427598921,4.047685849999918,30.059688774737186,1.0052136313683062,7.115929650014288,0.12067054082980143,-41.70523404832474,-1.1573229341274334,43.80207086249545,0.6295741068180681,1.1917845926866537,0.2719344611720337,0.07487474523462737,0.00015748,0.09751874488765716,0.00081957,0,0.0
16508,-9.576349547051055e-05,0.023990078394154,-1.54e-06,2.134437427598921,4.047685849999918,17.66717232803228,1.0052136313683062,2.6865596954669306,0.12067054082980143,-2.6660247669277854,-1.1573229341274334,-6.084266915940483,0.6295741068180681,-7.151813002403141,0.2719344611720337,0.014188278484563832,0.00015748,0.03447818630046658,0.00081957,0,0.0
16509,0.37394509790386865,0.015004357809873217,-1.54e-06,2.134437427598921,4.047685849999918,-27.17097401618601,1.0052136313683062,6.217312885661178,0.12067054082980143,-9.755630188809635,-1.1573229341274334,-88.48796532172099,0.6295741068180681,40.57475271124047,0.2719344611720337,-0.05604562579255544,0.00015748,0.05627112512777514,0.00081957,1,0.0
16510,0.5063631660633572,0.04608974622740386,-1.54e-06,2.134437427598921,4.047685849999918,-45.89936984649802,1.0052136313683062,15.164483680369086,0.12067054082980143,-65.73531084607006,-1.1573229341274334,-94.31358526329574,0.6295741068180681,81.15140831327142,0.2719344611720337,-0.1402817969550194,0.00015748,0.14038162128766285,0.00081957,1,0.0
16511,0.008510042188359448,0.0017577130944622821,-1.54e-06,2.134437427598921,4.047685849999918,-27.45756267913294,1.0052136313683062,2.818228455736873,0.12067054082980143,-48.74749581406098,-1.1573229341274334,55.39258980488602,0.6295741068180681,30.844500541123416,0.2719344611720337,-0.02098512591053331,0.00015748,0.021211740480487212,0.00081957,1,0.0
16512,0.000119894797537351,0.12934232964904185,-1.54e-06,2.134437427598921,4.047685849999918,68.7027284928838,1.0052136313683062,5.231005118644299,0.12067054082980143,-16.184207076049326,-1.1573229341274334,49.77856061811095,0.6295741068180681,-28.653848462905103,0.2719344611720337,0.109329545553572,0.00015748,0.21446153540638246,0.00081957,0,0.0
16513,0.11093104977987922,0.015751075798535068,-1.54e-06,2.134437427598921,4.047685849999918,-69.14742001033743,1.0052136313683062,10.011822824036011,0.12067054082980143,-99.56685896178843,-1.1573229341274334,99.85952493632745,0.6295741068180681,67.73648972893744,0.2719344611720337,-0.07927162328317208,0.00015748,0.0802562217136808,0.00081957,1,0.0
16514,0.0005082185845802223,0.1276592330579285,-1.54e-06,2.134437427598921,4.047685849999918,75.98505497262015,1.0052136313683062,13.44239166476517,0.12067054082980143,-64.06390229271874,-1.1573229341274334,72.08936356169313,0.6295741068180681,-13.07391273255132,0.2719344611720337,0.18397763043845652,0.00015748,0.19235167344457918,0.00081957,0,0.0
16515,6.756336978314126e-05,0.06897158507815469,-1.54e-06,2.134437427598921,4.047685849999918,9.572035337222834,1.0052136313683062,11.015152471584754,0.12067054082980143,-85.02399585701914,-1.1573229341274334,76.34534052429184,0.6295741068180681,27.718834325565023,0.2719344611720337,0.0221361457883109,0.00015748,0.1270555220380526,0.00081957,0,0.0
16516,0.06433942563961353,0.04887475009496431,-1.54e-06,2.134437427598921,4.047685849999918,4.801231761020204,1.0052136313683062,14.032384017296732,0.12067054082980143,-75.73596746559105,-1.1573229341274334,-19.24402809735801,0.6295741068180681,38.164875311380854,0.2719344611720337,-0.14823510167415735,0.00015748,0.1485023352848636,0.00081957,1,0.0
16517,0.0009787866725445848,0.2312441983786865,-1.54e-06,2.134437427598921,4.047685849999918,90.6945517886221,1.0052136313683062,23.72221310021538,0.12067054082980143,-63.895891407382976,-1.1573229341274334,63.298912930685475,0.6295741068180681,-32.53398217324763,0.2719344611720337,0.06402665583358255,0.00015748,0.3559123813410292,0.00081957,0,0.0
16518,0.006823240901503325,0.09790678722970972,-1.54e-06,2.134437427598921,4.047685849999918,35.410556210573176,1.0052136313683062,18.139235901800344,0.12067054082980143,-88.17863030590108,-1.1573229341274334,-17.180283567512888,0.6295741068180681,27.281058078748476,0.2719344611720337,-0.141960026934802,0.00015748,0.20641281420296845,0.00081957,1,0.0
16519,0.0003922365789214982,0.05136099879150427,-1.54e-06,2.134437427598921,4.047685849999918,-7.24521748913606,1.0052136313683062,2.679922369953279,0.12067054082980143,-48.438662189055435,-1.1573229341274334,80.62215828554193,0.6295741068180681,19.040830980073356,0.2719344611720337,0.03951980601624043,0.00015748,0.07161279683981789,0.00081957,0,0.0
16520,0.24395850174600894,0.022981656533912,-1.54e-06,2.134437427598921,4.047685849999918,-64.73680557291802,1.0052136313683062,11.123984698463078,0.12067054082980143,-76.01406646444417,-1.1573229341274334,37.24491223108031,0.6295741068180681,65.04827321285588,0.2719344611720337,-0.0902704901028296,0.00015748,0.0903511326019034,0.00081957,1,0.0
16521,0.000772126847429222,0.08092294928480297,-1.54e-06,2.134437427598921,4.047685849999918,55.151679466088204,1.0052136313683062,13.444777884319988,0.12067054082980143,-49.401158793250175,-1.1573229341274334,-20.195325225079323,0.6295741068180681,-0.0684776234833838,0.2719344611720337,-0.03699662084981538,0.00015748,0.17192146371757772,0.00081957,1,0.0
16522,0.7386577890018698,0.29614109284259066,-1.54e-06,2.134437427598921,4.047685849999918,61.989479258741525,1.0052136313683062,22.102812301243226,0.12067054082980143,-87.48730587581112,-1.1573229341274334,-86.29029272927914,0.6295741068180681,59.23455154314038,0.2719344611720337,0.11538498944346728,0.00015748,0.419414307528297,0.00081957,0,0.0
16523,0.033369211117313995,0.0013619672541084525,-1.54e-06,2.134437427598921,4.047685849999918,-24.821651325171658,1.0052136313683062,-1.298038365988733,0.12067054082980143,-15.320407701759182,-1.1573229341274334,35.372026491605936,0.6295741068180681,16.842944266453486,0.2719344611720337,-0.01985782299678444,0.00015748,0.0198589945142293,0.00081957,1,0.0
16524,0.1809284400171841,0.10074724560752574,-1.54e-06,2.134437427598921,4.047685849999918,-9.339841278394031,1.0052136313683062,3.056802334189531,0.12067054082980143,-58.755908520175595,-1.1573229341274334,-4.013996616880487,0.6295741068180681,50.5394913796145,0.2719344611720337,-0.11735338996393821,0.00015748,0.17819074764113,0.00081957,1,0.0
16525,0.036913495131305846,0.0023900450649587818,-1.54e-06,2.134437427598921,4.047685849999918,-17.47858179472277,1.0052136313683062,4.241955404227365,0.12067054082980143,-37.28881671795765,-1.1573229341274334,24.175057612843517,0.6295741068180681,23.89018015313159,0.2719344611720337,-0.03305715091706702,0.00015748,0.03312221784688913,0.00081957,1,0.0
16526,0.31704401855060216,0.06903359337756725,-1.54e-06,2.134437427598921,4.047685849999918,-11.04980702449577,1.0052136313683062,17.39911270665941,0.12067054082980143,-77.6805678331154,-1.1573229341274334,-84.04673525354927,0.6295741068180681,63.546778596201754,0.2719344611720337,-0.1849859550943066,0.00015748,0.18551643857286726,0.00081957,1,0.0
16527,0.33194405245815406,0.00876709467008232,-1.54e-06,2.134437427598921,4.047685849999918,-82.71187533530154,1.0052136313683062,6.708290318250242,0.12067054082980143,-77.70742081389143,-1.1573229341274334,39.39382842989661,0.6295741068180681,83.08910382408249,0.2719344611720337,-0.03939490296388527,0.00015748,0.03943909573863165,0.00081957,1,0.0
16528,0.45843188179021066,0.24641922535345412,-1.54e-06,2.134437427598921,4.047685849999918,62.669535339279236,1.0052136313683062,13.821528554185269,0.12067054082980143,-78.65788444452879,-1.1573229341274334,14.026066700391022,0.6295741068180681,33.93527205695055,0.2719344611720337,0.15538864548805598,0.00015748,0.37648233696487765,0.00081957,0,0.0
16529,0.3994685820645175,0.014957761551856123,-1.54e-06,2.134437427598921,4.047685849999918,-73.34723465595995,1.0052136313683062,8.413864064020448,0.12067054082980143,-70.15812123307026,-1.1573229341274334,-3.897561581441981,0.6295741068180681,82.79585951162781,0.2719344611720337,-0.06101133216292983,0.00015748,0.06101173025107822,0.00081957,1,0.0
16530,0.19913616795359856,0.16626779182462784,-1.54e-06,2.134437427598921,4.047685849999918,88.56911114624474,1.0052136313683062,23.701045162480643,0.12067054082980143,-89.0775814587215,-1.1573229341274334,-41.00435407064964,0.6295741068180681,14.763171425638424,0.2719344611720337,0.010418139558106554,0.00015748,0.3251908489185761,0.00081957,0,0.0
16531,-0.00012598160588245255,0.08911481264218817,-1.54e-06,2.134437427598921,4.047685849999918,35.00590070934325,1.0052136313683062,5.161430378266679,0.12067054082980143,-24.929897914298884,-1.1573229341274334,49.11665548247591,0.6295741068180681,-10.624039998964854,0.2719344611720337,0.07202142583414488,0.00015748,0.13324464661476182,0.00081957,0,0.0
16532,0.23771044924183984,0.01451141991168317,-1.54e-06,2.134437427598921,4.047685849999918,-10.279536945990586,1.0052136313683062,8.496155029874215,0.12067054082980143,-25.71514217983958,-1.1573229341274334,-65.70970228541393,0.6295741068180681,32.23806132212454,0.2719344611720337,-0.08161685443369518,0.00015748,0.08172355002861756,0.00081957,1,0.0
16533,0.00015768750193911885,0.10061030518293974,-1.54e-06,2.134437427598921,4.047685849999918,2.57072887764049,1.0052136313683062,12.514519234934438,0.12067054082980143,-59.59498684426836,-1.1573229341274334,73.44962420603592,0.6295741068180681,9.834884937905787,0.2719344611720337,-0.0397611140433424,0.00015748,0.17456831284409788,0.00081957,1,0.0
16534,0.14781104797886485,0.002061983452401108,-1.54e-06,2.134437427598921,4.047685849999918,-15.710288475271406,1.0052136313683062,1.6294372672657047,0.12067054082980143,-4.265692889784699,-1.1573229341274334,-25.873538547871085,0.6295741068180681,17.676876574622124,0.2719344611720337,-0.012173923731661212,0.00015748,0.012259868835783989,0.00081957,1,0.0
16535,0.015721968764648472,0.03820309355404625,-1.54e-06,2.134437427598921,4.047685849999918,-7.532409224085772,1.0052136313683062,-1.5622989483889087,0.12067054082980143,-32.17615963450654,-1.1573229341274334,17.61408508109741,0.6295741068180681,25.946606048381945,0.2719344611720337,-0.09928009375017441,0.00015748,0.10129520257533112,0.00081957,1,0.0
16536,0.31530551860132844,0.026798571397329916,-1.54e-06,2.134437427598921,4.047685849999918,-46.63182522926803,1.0052136313683062,13.24757063258483,0.12067054082980143,-81.53653625895303,-1.1573229341274334,-19.288579346453073,0.6295741068180681,73.18560932570479,0.2719344611720337,-0.11387174033423623,0.00015748,0.11382023557075126,0.00081957,1,0.0
16537,1.9257330249183857e-05,0.06149948541221822,-1.54e-06,2.134437427598921,4.047685849999918,55.397573519152616,1.0052136313683062,6.995921012835814,0.12067054082980143,-7.618520250157434,-1.1573229341274334,-28.892718471029497,0.6295741068180681,-18.9738460846627,0.2719344611720337,0.025606859304841932,0.00015748,0.10695466415631416,0.00081957,0,0.0
16538,0.04275664467847179,0.0007713772436541107,-1.54e-06,2.134437427598921,4.047685849999918,-44.40486083699261,1.0052136313683062,2.8134191551127015,0.12067054082980143,-58.816405924978476,-1.1573229341274334,74.72822600110696,0.6295741068180681,42.109764740114784,0.2719344611720337,-0.015177613268953954,0.00015748,0.015206511458091964,0.00081957,1,0.0
16539,0.08238020169951947,0.0009545470607870222,-1.54e-06,2.134437427598921,4.047685849999918,-55.804511177403484,1.0052136313683062,2.5551591447628357,0.12067054082980143,-64.03157936193539,-1.1573229341274334,81.58137517909081,0.6295741068180681,50.854173817024844,0.2719344611720337,-0.012672410617198216,0.00015748,0.012707195704432258,0.00081957,1,0.0
16540,0.06664169576066081,0.05015267197509583,-1.54e-06,2.134437427598921,4.047685849999918,9.246640560170752,1.0052136313683062,9.879493755430483,0.12067054082980143,-61.281819862056864,-1.1573229341274334,-28.58227417593608,0.6295741068180681,34.37932588370605,0.2719344611720337,-0.14562677769610666,0.00015748,0.14703285920789144,0.00081957,1,0.0
16541,0.09498456227440827,0.016516659703738286,-1.54e-06,2.134437427598921,4.047685849999918,-14.227555735501044,1.0052136313683062,9.336797280309117,0.12067054082980143,-59.192340582924224,-1.1573229341274334,0.5809860514505473,0.6295741068180681,37.82237584369175,0.2719344611720337,-0.08893999506692195,0.00015748,0.08893968854812105,0.00081957,1,0.0
16542,0.22424275521009024,0.015744198607556024,-1.54e-06,2.134437427598921,4.047685849999918,-83.50390670808102,1.0052136313683062,-2.2802016833578556,0.12067054082980143,-40.63612985101784,-1.1573229341274334,74.7364972916728,0.6295741068180681,58.84317865108395,0.2719344611720337,-0.05788179922188867,0.00015748,0.05786507422521717,0.00081957,1,0.0
16543,-0.0001165251173415871,0.0791659129122758,-1.54e-06,2.134437427598921,4.047685849999918,56.01936850660139,1.0052136313683062,7.543257713230561,0.12067054082980143,-17.5745524517839,-1.1573229341274334,0.06758494687315068,0.6295741068180681,-18.006096995964356,0.2719344611720337,0.07418283024652683,0.00015748,0.11221039228599555,0.00081957,0,0.0
16544,0.285876930382458,0.084511484277863,-1.54e-06,2.134437427598921,4.047685849999918,2.472062226982922,1.0052136313683062,19.724058883660224,0.12067054082980143,-76.86515597339034,-1.1573229341274334,-98.04651949140508,0.6295741068180681,55.761411889791205,0.2719344611720337,-0.20411261205392486,0.00015748,0.20374066833783447,0.00081957,1,0.0
16545,0.05769154797277587,0.024335590403223945,-1.54e-06,2.134437427598921,4.047685849999918,-11.33646938358394,1.0052136313683062,10.7592676055277,0.12067054082980143,-71.13938561976286,-1.1573229341274334,11.293541592725592,0.6295741068180681,39.59179975589506,0.2719344611720337,-0.10442766114430489,0.00015748,0.10432625876786965,0.00081957,1,0.0
16546,0.6425447762920905,0.26889931329816785,-1.54e-06,2.134437427598921,4.047685849999918,61.91903159310585,1.0052136313683062,21.740450583244964,0.12067054082980143,-98.85515476870528,-1.1573229341274334,-45.50904460747474,0.6295741068180681,56.130342234623996,0.2719344611720337,0.13268084918328324,0.00015748,0.4078626307087877,0.00081957,0,0.0
16547,0.38981149475452026,0.012817467683044703,-1.54e-06,2.134437427598921,4.047685849999918,-80.477923643354,1.0052136313683062,6.688612314016428,0.12067054082980143,-70.38865050828235,-1.1573229341274334,12.90751848437547,0.6295741068180681,84.58336724045242,0.2719344611720337,-0.043355797468482005,0.00015748,0.04348496098544652,0.00081957,1,0.0
16548,0.01227317298404662,0.4443025418728612,-1.54e-06,2.134437427598921,4.047685849999918,31.59111239345763,1.0052136313683062,31.83343445526188,0.12067054082980143,-40.042019794987425,-1.1573229341274334,-65.25789173126861,0.6295741068180681,-18.71263498685916,0.2719344611720337,-0.33547023602496046,0.00015748,0.3368395183691268,0.00081957,1,0.0
16549,0.14599362429283141,0.0187431254608903,-1.54e-06,2.134437427598921,4.047685849999918,19.900406829661023,1.0052136313683062,8.54196305274865,0.12067054082980143,-9.034932923009208,-1.1573229341274334,-89.00969416549026,0.6295741068180681,9.54999530985863,0.2719344611720337,-0.09601589434271572,0.00015748,0.09605942800620142,0.00081957,1,0.0
16550,0.1595450438548719,0.09759759505444501,-1.54e-06,2.134437427598921,4.047685849999918,24.241924847089688,1.0052136313683062,2.7151409445321675,0.12067054082980143,-23.949035291670015,-1.1573229341274334,-30.433573477927908,0.6295741068180681,18.07830107110611,0.2719344611720337,-0.050172067587077374,0.00015748,0.17418431615043514,0.00081957,1,0.0
16551,0.24012014803521195,0.00921126212183489,-1.54e-06,2.134437427598921,4.047685849999918,-47.05983609675427,1.0052136313683062,7.794003233114634,0.12067054082980143,-62.83484178273948,-1.1573229341274334,6.639261805196025,0.6295741068180681,59.93120351394921,0.2719344611720337,-0.06306633158708523,0.00015748,0.06307083037231838,0.00081957,1,0.0
16552,0.27516699717295456,0.0067153523007257585,-1.54e-06,2.134437427598921,4.047685849999918,-75.63611599858491,1.0052136313683062,3.1054365173949967,0.12067054082980143,-57.00307211743499,-1.1573229341274334,44.243290324743526,0.6295741068180681,67.62701471806076,0.2719344611720337,-0.017385456560367003,0.00015748,0.01744463290556341,0.00081957,1,0.0
16553,0.39574146369013774,0.015190439396194168,-1.54e-06,2.134437427598921,4.047685849999918,-39.40240592122212,1.0052136313683062,6.238197894348558,0.12067054082980143,-17.846428363522747,-1.1573229341274334,-73.36974717323919,0.6295741068180681,48.9163878924885,0.2719344611720337,-0.0491105985158854,0.00015748,0.04902202065442258,0.00081957,1,0.0
16554,0.3472314399384546,0.15140145840712177,-1.54e-06,2.134437427598921,4.047685849999918,35.93783990738517,1.0052136313683062,20.784918246137448,0.12067054082980143,-85.53421862804586,-1.1573229341274334,-83.79605909230642,0.6295741068180681,49.42479217341821,0.2719344611720337,-0.10174665389500406,0.00015748,0.2804664071055091,0.00081957,1,0.0
16555,0.00010710182629114495,0.11858416882800638,-1.54e-06,2.134437427598921,4.047685849999918,72.70352266381079,1.0052136313683062,17.69131885547251,0.12067054082980143,-81.25774288082225,-1.1573229341274334,28.118371131230173,0.6295741068180681,1.8117272070251549,0.2719344611720337,0.04273864399535268,0.00015748,0.2327031183206725,0.00081957,0,0.0
16556,0.00027712348552516586,0.016136428967662705,-1.54e-06,2.134437427598921,4.047685849999918,-26.812867806405638,1.0052136313683062,5.811443379375962,0.12067054082980143,-65.49995470373739,-1.1573229341274334,73.89275653509941,0.6295741068180681,34.43545027439876,0.2719344611720337,-0.020685480191017527,0.00015748,0.0480184691457126,0.00081957,1,0.0
16557,0.001193317471904598,0.08048262996786687,-1.54e-06,2.134437427598921,4.047685849999918,65.95001070965914,1.0052136313683062,8.269711208354225,0.12067054082980143,-14.883980119009989,-1.1573229341274334,-18.615077381556706,0.6295741068180681,-21.04963395663451,0.2719344611720337,0.05324700699047835,0.00015748,0.1330520867323961,0.00081957,0,0.0
16558,0.4553236523865942,0.01901132607612751,-1.54e-06,2.134437427598921,4.047685849999918,-51.48754283662011,1.0052136313683062,6.017023655999944,0.12067054082980143,-22.69896745063943,-1.1573229341274334,-72.5848244381323,0.6295741068180681,59.62300355399063,0.2719344611720337,-0.04643745483628596,0.00015748,0.04643373459099297,0.00081957,1,0.0
16559,0.2791367667309286,0.051923888562169423,-1.54e-06,2.134437427598921,4.047685849999918,-99.85253386266616,1.0052136313683062,-8.958961537400617,0.12067054082980143,-14.615941482646356,-1.1573229341274334,80.0359760403153,0.6295741068180681,57.554785126667085,0.2719344611720337,-0.11637351191684273,0.00015748,0.1164020094203852,0.00081957,1,0.0
16560,0.005151901764478564,0.00016416891701950085,-1.54e-06,2.134437427598921,4.047685849999918,-19.81364528054676,1.0052136313683062,0.5177302963185494,0.12067054082980143,-23.959177106579418,-1.1573229341274334,38.169188415101374,0.6295741068180681,16.73729824870456,0.2719344611720337,-0.005894229373329324,0.00015748,0.005922264327004759,0.00081957,1,0.0
16561,0.2713025563034871,0.006400183668425703,-1.54e-06,2.134437427598921,4.047685849999918,-72.86469035509622,1.0052136313683062,6.636332901385241,0.12067054082980143,-76.29698426251656,-1.1573229341274334,43.97604956143656,0.6295741068180681,75.08387207984626,0.2719344611720337,-0.041000075463224345,0.00015748,0.04111312569116876,0.00081957,1,0.0
16562,0.1461644233689181,0.011230895554303308,-1.54e-06,2.134437427598921,4.047685849999918,-2.7091325600030847,1.0052136313683062,7.6108560285480475,0.12067054082980143,-26.045295737353868,-1.1573229341274334,-45.2365289248423,0.6295741068180681,23.192878537976483,0.2719344611720337,-0.07411413550172918,0.00015748,0.07422838697166917,0.00081957,1,0.0
16563,0.000739737093405024,0.1134141464284331,-1.54e-06,2.134437427598921,4.047685849999918,69.9988551607831,1.0052136313683062,12.212980169788956,0.12067054082980143,-56.2408103590304,-1.1573229341274334,46.98920135424431,0.6295741068180681,-10.298449310296164,0.2719344611720337,0.12809852841931837,0.00015748,0.18223103542252247,0.00081957,0,0.0
16564,0.25964528333848624,0.048493600072462055,-1.54e-06,2.134437427598921,4.047685849999918,-11.86595774297429,1.0052136313683062,15.764075846624635,0.12067054082980143,-70.4165979506134,-1.1573229341274334,-63.07128010858244,0.6295741068180681,54.55659646131028,0.2719344611720337,-0.15490840050293603,0.00015748,0.1553220211715493,0.00081957,1,0.0
16565,0.35734150184521385,0.011059406936043206,-1.54e-06,2.134437427598921,4.047685849999918,-51.83552392578169,1.0052136313683062,4.518768962237626,0.12067054082980143,-27.82489675864801,-1.1573229341274334,-34.58829661194808,0.6295741068180681,54.2506918171557,0.2719344611720337,-0.028690840614316437,0.00015748,0.02872516011243303,0.00081957,1,0.0
16566,0.1725751651170342,0.05993082888504168,-1.54e-06,2.134437427598921,4.047685849999918,-2.3449591451304483,1.0052136313683062,16.59276189959061,0.12067054082980143,-81.09093024425395,-1.1573229341274334,-45.76639521697764,0.6295741068180681,50.48675538428796,0.2719344611720337,-0.16948009234174136,0.00015748,0.16997969669874471,0.00081957,1,0.0
16567,-1.5309002496022295e-05,0.07218114967809156,-1.54e-06,2.134437427598921,4.047685849999918,29.42885054219124,1.0052136313683062,8.505506791780553,0.12067054082980143,-52.361086739650254,-1.1573229341274334,44.45519553203471,0.6295741068180681,6.851482711052533,0.2719344611720337,0.052549656637537814,0.00015748,0.11477645318498754,0.00081957,0,0.0
16568,0.16069036718715143,0.08776253606807058,-1.54e-06,2.134437427598921,4.047685849999918,30.504249098653037,1.0052136313683062,11.66987357558605,0.12067054082980143,-54.20058872053178,-1.1573229341274334,-45.06010756027626,0.6295741068180681,26.71522145676937,0.2719344611720337,-0.07663557658648504,0.00015748,0.1882503293130823,0.00081957,1,0.0
16569,0.07954923864116711,0.01226318204862188,-1.54e-06,2.134437427598921,4.047685849999918,-56.25476537525265,1.0052136313683062,-3.9819055797270435,0.12067054082980143,-21.726171848500396,-1.1573229341274334,76.01264043674179,0.6295741068180681,31.28137844386297,0.2719344611720337,-0.06753544862990889,0.00015748,0.06768470898307573,0.00081957,1,0.0
16570,0.06870012835211425,0.06062384723987137,-1.54e-06,2.134437427598921,4.047685849999918,-7.601517330566897,1.0052136313683062,18.28682358523027,0.12067054082980143,-86.48764931871692,-1.1573229341274334,0.7745755974197289,0.6295741068180681,40.21639478527684,0.2719344611720337,-0.1530550395531496,0.00015748,0.15302793290266578,0.00081957,1,0.0
16571,0.015566490943162536,0.055278501490155056,-1.54e-06,2.134437427598921,4.047685849999918,22.273026139272936,1.0052136313683062,14.14770142774149,0.12067054082980143,-64.2875147162795,-1.1573229341274334,-34.86643970477073,0.6295741068180681,24.182393050807804,0.2719344611720337,-0.1547348321478045,0.00015748,0.15484541894206363,0.00081957,1,0.0
16572,0.0011865170698809116,0.10447765264401147,-1.54e-06,2.134437427598921,4.047685849999918,45.04694818076907,1.0052136313683062,1.7085994662871082,0.12067054082980143,-22.609345999857762,-1.1573229341274334,40.285155383341035,0.6295741068180681,-8.725906079833727,0.2719344611720337,0.044791012973365296,0.00015748,0.17518269412299642,0.00081957,0,0.0
16573,0.2858415968820001,0.006931354322900369,-1.54e-06,2.134437427598921,4.047685849999918,-57.873708681124775,1.0052136313683062,5.0808059251887085,0.12067054082980143,-51.13078857120657,-1.1573229341274334,7.254104727817637,0.6295741068180681,61.40798322567935,0.2719344611720337,-0.03357335916310944,0.00015748,0.03361116245454454,0.00081957,1,0.0
16574,0.07301791977618344,0.0222228641281969,-1.54e-06,2.134437427598921,4.047685849999918,-24.707965984139943,1.0052136313683062,11.03275637033655,0.12067054082980143,-84.07796502740888,-1.1573229341274334,32.069341091356755,0.6295741068180681,50.12352357184754,0.2719344611720337,-0.10034417270950746,0.00015748,0.1004110258251672,0.00081957,1,0.0
16575,0.26973193284141933,0.14077101358498648,-1.54e-06,2.134437427598921,4.047685849999918,48.875938348962336,1.0052136313683062,21.391692867862243,0.12067054082980143,-73.57988208716417,-1.1573229341274334,-99.94253263403222,0.6295741068180681,34.56628289746819,0.2719344611720337,-0.1272183916000953,0.00015748,0.27034087777766797,0.00081957,1,0.0
16576,0.0014556261567987283,0.15489682049736006,-1.54e-06,2.134437427598921,4.047685849999918,91.5158393778807,1.0052136313683062,11.83885635581087,0.12067054082980143,-19.97429119610642,-1.1573229341274334,40.37513494541156,0.6295741068180681,-42.15359115694321,0.2719344611720337,0.12970243324693032,0.00015748,0.25817335583006773,0.00081957,0,0.0
16577,0.30826345976741104,0.01107343106945997,-1.54e-06,2.134437427598921,4.047685849999918,-61.156964736155885,1.0052136313683062,8.603186969231432,0.12067054082980143,-69.81324951291155,-1.1573229341274334,7.873965869031719,0.6295741068180681,71.60063988371321,0.2719344611720337,-0.06300005255010911,0.00015748,0.06326339350155462,0.00081957,1,0.0
16578,0.10189913174874835,0.018698075969774876,-1.54e-06,2.134437427598921,4.047685849999918,-1.554822445951083,1.0052136313683062,10.300331654451261,0.12067054082980143,-41.94049207675145,-1.1573229341274334,-28.5565838972714,0.6295741068180681,25.050062176302358,0.2719344611720337,-0.0915624067704425,0.00015748,0.09187598467989322,0.00081957,1,0.0
16579,0.07905206115661506,0.0072173103423124295,-1.54e-06,2.134437427598921,4.047685849999918,-15.635547480657415,1.0052136313683062,6.5398316813497965,0.12067054082980143,-44.62746678334979,-1.1573229341274334,6.735323363630653,0.6295741068180681,30.18864855519662,0.2719344611720337,-0.058018881500247595,0.00015748,0.058526309745296996,0.00081957,1,0.0
16580,0.054321477542566776,0.038818024809133767,-1.54e-06,2.134437427598921,4.047685849999918,6.186639319837357,1.0052136313683062,12.915861507450007,0.12067054082980143,-65.53821680034082,-1.1573229341274334,-20.199033754626633,0.6295741068180681,31.70770481156884,0.2719344611720337,-0.13199630965838263,0.00015748,0.13200999050922815,0.00081957,1,0.0
16581,0.000719552620661229,0.05271472518236251,-1.54e-06,2.134437427598921,4.047685849999918,5.12001159409487,1.0052136313683062,5.947763668219578,0.12067054082980143,-55.7197509828817,-1.1573229341274334,62.13507285676083,0.6295741068180681,18.38866619379505,0.2719344611720337,0.03776529665084667,0.00015748,0.07878437432268794,0.00081957,0,0.0
16582,0.220236139453993,0.004747705890268565,-1.54e-06,2.134437427598921,4.047685849999918,-40.02719295211155,1.0052136313683062,4.965815461162336,0.12067054082980143,-39.540083510700434,-1.1573229341274334,-2.7718726355996264,0.6295741068180681,45.737060626604126,0.2719344611720337,-0.03601742471582444,0.00015748,0.03609541817893928,0.00081957,1,0.0
16583,0.0007388551018003009,0.028664741564879668,-1.54e-06,2.134437427598921,4.047685849999918,46.32307567131504,1.0052136313683062,7.615655511567367,0.12067054082980143,-1e-20,-1.1573229341274334,-68.74815598530658,0.6295741068180681,-15.194594538313398,0.2719344611720337,-0.06381306968707684,0.00015748,0.09361005552111254,0.00081957,1,0.0
16584,0.2040226134060345,0.15069636213799872,-1.54e-06,2.134437427598921,4.047685849999918,-27.91099537679944,1.0052136313683062,-6.830211326453516,0.12067054082980143,-32.0705012211647,-1.1573229341274334,46.46753124336451,0.6295741068180681,44.859643389585685,0.2719344611720337,-0.08493207551663354,0.00015748,0.20089673048214743,0.00081957,1,0.0
16585,0.20465974579259966,0.0034467630826145006,-1.54e-06,2.134437427598921,4.047685849999918,-64.77336388187,1.0052136313683062,4.828217875521854,0.12067054082980143,-68.47172069642833,-1.1573229341274334,52.93411432648738,0.6295741068180681,64.63469167504894,0.2719344611720337,-0.02739687142572856,0.00015748,0.02740997444564334,0.00081957,1,0.0
16586,0.000544260626733406,0.14817791712470546,-1.54e-06,2.134437427598921,4.047685849999918,90.92120975568913,1.0052136313683062,23.800395428106835,0.12067054082980143,-77.97997706400594,-1.1573229341274334,-37.22302141041446,0.6295741068180681,-4.491747432445056,0.2719344611720337,-0.05860741788314741,0.00015748,0.276426125999385,0.00081957,1,0.0
16587,0.0006914282384804515,0.09170092940744834,-1.54e-06,2.134437427598921,4.047685849999918,51.81584376937829,1.0052136313683062,10.517158621128756,0.12067054082980143,-50.637123792310035,-1.1573229341274334,34.172021609506764,0.6295741068180681,-3.2559380679975902,0.2719344611720337,0.07607889030036918,0.00015748,0.14957240482668235,0.00081957,0,0.0
16588,0.12568377477082998,0.13395691150366903,-1.54e-06,2.134437427598921,4.047685849999918,33.417111827925396,1.0052136313683062,5.114545068143538,0.12067054082980143,-52.611713618881694,-1.1573229341274334,11.802569619737122,0.6295741068180681,22.84376419483863,0.2719344611720337,-0.023188267488887748,0.00015748,0.22434683447799267,0.00081957,1,0.0
16589,0.025085100528679807,0.0017667043417842075,-1.54e-06,2.134437427598921,4.047685849999918,-6.107086812073367,1.0052136313683062,3.2581424234061203,0.12067054082980143,-21.689370422879886,-1.1573229341274334,5.3573154570977195,0.6295741068180681,13.024793645228122,0.2719344611720337,-0.028322811927214565,0.00015748,0.02837446184097265,0.00081957,1,0.0
16590,0.0006408839740255634,0.08543866785114836,-1.54e-06,2.134437427598921,4.047685849999918,-0.19569911441251037,1.0052136313683062,5.894933982498523,0.12067054082980143,-46.08215623615616,-1.1573229341274334,92.9709657898126,0.6295741068180681,7.744645179672057,0.2719344611720337,0.011187134028842152,0.00015748,0.1523694056408721,0.00081957,0,0.0
16591,0.6464890792207206,0.2964733474427893,-1.54e-06,2.134437427598921,4.047685849999918,58.87159976870101,1.0052136313683062,19.962487241804713,0.12067054082980143,-99.97063839182253,-1.1573229341274334,-50.74678606511701,0.6295741068180681,61.86255437437096,0.2719344611720337,0.08875005547269335,0.00015748,0.43168675159879577,0.00081957,0,0.0
16592,0.22372835283596929,0.004594644399356529,-1.54e-06,2.134437427598921,4.047685849999918,-49.1297685668041,1.0052136313683062,5.110457509332215,0.12067054082980143,-50.134076055780646,-1.1573229341274334,14.272210023527144,0.6295741068180681,53.41315521902064,0.2719344611720337,-0.034726136489030474,0.00015748,0.034756977320252555,0.00081957,1,0.0
16593,0.0001479841726414466,0.12915406311837563,-1.54e-06,2.134437427598921,4.047685849999918,75.44398636439153,1.0052136313683062,12.227812918210157,0.12067054082980143,-59.64928153145785,-1.1573229341274334,74.362437961172,0.6295741068180681,-14.638189663386896,0.2719344611720337,0.1824533027073971,0.00015748,0.19716501740813544,0.00081957,0,0.0
16594,0.39978399895920846,0.018727528095233904,-1.54e-06,2.134437427598921,4.047685849999918,-84.77511432978665,1.0052136313683062,1.102849768658353,0.12067054082980143,-36.428545855388364,-1.1573229341274334,10.880819646728282,0.6295741068180681,70.88610687092701,0.2719344611720337,-0.021860221433375418,0.00015748,0.021876933322232346,0.00081957,1,0.0
16595,0.09377969810216694,0.008276249982740232,-1.54e-06,2.134437427598921,4.047685849999918,-39.88198202721414,1.0052136313683062,-3.564185681434956,0.12067054082980143,-6.7006266229990645,-1.1573229341274334,38.54980152216226,0.6295741068180681,21.558811047627636,0.2719344611720337,-0.050447671725947114,0.00015748,0.050463447233572815,0.00081957,1,0.0
16596,0.08394829531332076,0.025225057907746845,-1.54e-06,2.134437427598921,4.047685849999918,-43.6898265506105,1.0052136313683062,-6.842627041592967,0.12067054082980143,-16.828894712342073,-1.1573229341274334,54.36521114540973,0.6295741068180681,31.979819510426868,0.2719344611720337,-0.06965542587985771,0.00015748,0.07212818300464571,0.00081957,1,0.0
16597,0.27146135026499746,0.03685216283897749,-1.54e-06,2.134437427598921,4.047685849999918,-14.775270114370104,1.0052136313683062,14.258843649553642,0.12067054082980143,-59.33733680725043,-1.1573229341274334,-64.64264552063128,0.6295741068180681,50.68495481791702,0.2719344611720337,-0.13470383237134512,0.00015748,0.13460331860816063,0.00081957,1,0.0
16598,0.3325898695721522,0.03703915711977414,-1.54e-06,2.134437427598921,4.047685849999918,-27.8111134574792,1.0052136313683062,7.181847809869945,0.12067054082980143,-45.64958965536711,-1.1573229341274334,-63.439184242853685,0.6295741068180681,58.87727513343132,0.2719344611720337,-0.117791601412734,0.00015748,0.11848306834245535,0.00081957,1,0.0
16599,0.45393690703975037,0.02148853589438105,-1.54e-06,2.134437427598921,4.047685849999918,-45.05915168153129,1.0052136313683062,8.238204328338414,0.12067054082980143,-29.643188282516466,-1.1573229341274334,-82.55160892629854,0.6295741068180681,60.75719223990466,0.2719344611720337,-0.07086043190691178,0.00015748,0.07085312195816983,0.00081957,1,0.0
16600,0.008256590260769692,0.002558678123355664,-1.54e-06,3.2013800316438306,5.716629895423952,-23.94495934072441,1.0052136313683062,10.725647664751783,0.12067054082980143,-72.45787599128629,-1.1573229341274334,45.1551206500326,0.6295741068180681,29.367945280409938,0.2719344611720337,-0.02355472344518561,0.00015748,0.023605476310524273,0.00081957,1,0.0
16601,0.0002006870346351608,0.010520176456401555,-1.54e-06,3.2013800316438306,5.716629895423952,23.933254866636272,1.0052136313683062,9.637841572763286,0.12067054082980143,-76.79683200906732,-1.1573229341274334,69.57307679574801,0.6295741068180681,19.706556193545225,0.2719344611720337,-0.0034817366658469566,0.00015748,0.023608871768952763,0.00081957,1,0.0
16602,0.014982681209633211,3.2181048449843945e-05,-1.54e-06,3.2013800316438306,5.716629895423952,-52.47057985180956,1.0052136313683062,0.1563234480684049,0.12067054082980143,-31.04921927860001,-1.1573229341274334,73.33923170409778,0.6295741068180681,27.62023077942199,0.2719344611720337,-0.0029748671799288686,0.00015748,0.0029766603646698975,0.00081957,1,0.0
16603,7.9018004612047e-05,0.014714765358569856,-1.54e-06,3.2013800316438306,5.716629895423952,77.9570567356792,1.0052136313683062,11.409973102275611,0.12067054082980143,-79.30921931914378,-1.1573229341274334,23.69922363078995,0.6295741068180681,10.700937740107902,0.2719344611720337,-0.0030248584337648973,0.00015748,0.03191162930633684,0.00081957,1,0.0
16604,0.00018209104391955083,0.015310142145537256,-1.54e-06,3.2013800316438306,5.716629895423952,78.9975591299027,1.0052136313683062,2.00784851255427,0.12067054082980143,-6.655822774695466,-1.1573229341274334,6.338172972020032,0.6295741068180681,-19.09976490904735,0.2719344611720337,0.008753169811966294,0.00015748,0.022131340753323004,0.00081957,0,0.0
16605,0.0009306080640534157,0.029714572695407643,-1.54e-06,3.2013800316438306,5.716629895423952,71.88368326364103,1.0052136313683062,-0.444111399047062,0.12067054082980143,-97.59297169049195,-1.1573229341274334,58.00986938311567,0.6295741068180681,49.82971980421504,0.2719344611720337,-0.04379034493897106,0.00015748,0.071520089213076,0.00081957,1,0.0
16606,0.000520128998457714,0.007783508320760149,-1.54e-06,3.2013800316438306,5.716629895423952,-5.794040865103991,1.0052136313683062,8.508941813656442,0.12067054082980143,-1e-20,-1.1573229341274334,-5.259024302969346,0.6295741068180681,-18.269490860489807,0.2719344611720337,-0.03609187840839434,0.00015748,0.03661991900463085,0.00081957,1,0.0
16607,0.05333861374784121,0.00011536615779183745,-1.54e-06,3.2013800316438306,5.716629895423952,-69.74572466461971,1.0052136313683062,3.740375588784329,0.12067054082980143,-62.25339851414406,-1.1573229341274334,57.994106597442766,0.6295741068180681,53.794387914970784,0.2719344611720337,-0.006338744713850897,0.00015748,0.006352369220347652,0.00081957,1,0.0
16608,0.039345690702016975,0.0006928325345907451,-1.54e-06,3.2013800316438306,5.716629895423952,22.158271908436298,1.0052136313683062,6.103753338529623,0.12067054082980143,-33.30501924729883,-1.1573229341274334,-77.55732838145747,0.6295741068180681,20.774338547697795,0.2719344611720337,-0.01813126306707034,0.00015748,0.018127592001703805,0.00081957,1,0.0
16609,0.005349884053604068,0.0003299886796542812,-1.54e-06,3.2013800316438306,5.716629895423952,-31.586943292142905,1.0052136313683062,-0.9191286754024528,0.12067054082980143,-28.143848073368662,-1.1573229341274334,56.211347615722765,0.6295741068180681,24.03628476084279,0.2719344611720337,-0.006089154547369538,0.00015748,0.00611526413819986,0.00081957,1,0.0
16610,0.10540011934180459,0.002134089432996266,-1.54e-06,3.2013800316438306,5.716629895423952,-81.84451347433404,1.0052136313683062,0.03150053734905965,0.12067054082980143,-52.44986177085429,-1.1573229341274334,6.963839442168264,0.6295741068180681,72.13013740139091,0.2719344611720337,-0.016815764230527577,0.00015748,0.016856085695987334,0.00081957,1,0.0
16611,0.03484189563327948,0.0006574682970294656,-1.54e-06,3.2013800316438306,5.716629895423952,25.79836034971126,1.0052136313683062,5.912174513810654,0.12067054082980143,-30.080797952315674,-1.1573229341274334,-78.17019327010193,0.6295741068180681,17.42018621250034,0.2719344611720337,-0.017546034842626637,0.00015748,0.01756608543799413,0.00081957,1,0.0
16612,0.05305779142091745,0.00016359530475820825,-1.54e-06,3.2013800316438306,5.716629895423952,-75.24211338511972,1.0052136313683062,4.7720695281309515,0.12067054082980143,-76.5610402097546,-1.1573229341274334,72.434622489188,0.6295741068180681,61.38491472717925,0.2719344611720337,-0.00858851553991252,0.00015748,0.008589322431278435,0.00081957,1,0.0
16613,4.8537856306631044e-05,0.01929683595269822,-1.54e-06,3.2013800316438306,5.716629895423952,72.32212857738386,1.0052136313683062,-1.3795000811914644,0.12067054082980143,-14.765116230490582,-1.1573229341274334,44.64458335601074,0.6295741068180681,-8.388908677896541,0.2719344611720337,-0.0019433608552253956,0.00015748,0.037368586675463326,0.00081957,1,0.0
16614,0.08861247553139448,0.0010604906017540668,-1.54e-06,3.2013800316438306,5.716629895423952,-16.37673688512134,1.0052136313683062,9.363229791290873,0.12067054082980143,-65.92248732048768,-1.1573229341274334,-75.1404135104075,0.6295741068180681,52.9535378842142,0.2719344611720337,-0.02288851741877727,0.00015748,0.02290931474526364,0.00081957,1,0.0
16615,0.00674311897157609,0.0036312889920642934,-1.54e-06,3.2013800316438306,5.716629895423952,49.82374828195973,1.0052136313683062,11.229963567132286,0.12067054082980143,-93.61825574616863,-1.1573229341274334,-49.63362818622522,0.6295741068180681,38.94786631893238,0.2719344611720337,-0.03662420286931618,0.00015748,0.03666139207386222,0.00081957,1,0.0
16616,0.0006230479930215693,0.010245001792975768,-1.54e-06,3.2013800316438306,5.716629895423952,64.93305804659279,1.0052136313683062,12.944040559289295,0.12067054082980143,-41.29340659131462,-1.1573229341274334,-40.989704941723296,0.6295741068180681,-9.834350831031424,0.2719344611720337,-0.018145226374780627,0.00015748,0.03201312002997651,0.00081957,1,0.0
16617,0.16670612925467426,0.0010760964239659291,-1.54e-06,3.2013800316438306,5.716629895423952,-86.91158169915596,1.0052136313683062,7.857298667240158,0.12067054082980143,-61.9893272752992,-1.1573229341274334,-76.69493256022052,0.6295741068180681,81.22715661814074,0.2719344611720337,-0.015448705356799187,0.00015748,0.015461642719737267,0.00081957,1,0.0
16618,0.0010711793912867307,0.04787688815587477,-1.54e-06,3.2013800316438306,5.716629895423952,87.47910430168491,1.0052136313683062,-7.468209580884499,0.12067054082980143,-75.89321758040833,-1.1573229341274334,77.01271529883135,0.6295741068180681,44.30526349813482,0.2719344611720337,-0.05502073012909352,0.00015748,0.09328456072021264,0.00081957,1,0.0
16619,0.0816314672919225,0.0010557995002135946,-1.54e-06,3.2013800316438306,5.716629895423952,-23.107994557147087,1.0052136313683062,9.412401074201385,0.12067054082980143,-75.22485030237975,-1.1573229341274334,-50.962240844058215,0.6295741068180681,57.22949693025375,0.2719344611720337,-0.022927855789907133,0.00015748,0.022927508328230147,0.00081957,1,0.0
16620,0.06976083137069694,0.014158090460560597,-1.54e-06,3.2013800316438306,5.716629895423952,-62.18197558891473,1.0052136313683062,15.158781508529907,0.12067054082980143,-41.04788682591495,-1.1573229341274334,-7.169675320612277,0.6295741068180681,19.62831247804104,0.2719344611720337,-0.05102993258847645,0.00015748,0.051025139347721196,0.00081957,1,0.0
16621,-1.8492723028635388e-05,0.018583545712834895,-1.54e-06,3.2013800316438306,5.716629895423952,53.46917311400017,1.0052136313683062,-1.3440544495677886,0.12067054082980143,-12.785851383212838,-1.1573229341274334,71.84829074197333,0.6295741068180681,-9.11850218102761,0.2719344611720337,0.0029207205316851836,0.00015748,0.03270113081532888,0.00081957,0,0.0
16622,0.026486821817227814,0.00024001606411770427,-1.54e-06,3.2013800316438306,5.716629895423952,-75.64929969818576,1.0052136313683062,-1.8344334695613866,0.12067054082980143,-24.560103641475816,-1.1573229341274334,91.62874494341429,0.6295741068180681,32.16573150717041,0.2719344611720337,-0.00784754737100172,0.00015748,0.007848906697921652,0.00081957,1,0.0
16623,0.05367190621106063,0.00014383335484297914,-1.54e-06,3.2013800316438306,5.716629895423952,-2.6856003839791653,1.0052136313683062,2.239748333301317,0.12067054082980143,-1e-20,-1.1573229341274334,-72.16037765937236,0.6295741068180681,12.211703392558565,0.2719344611720337,-0.00562025013520589,0.00015748,0.0056170345130116175,0.00081957,1,0.0
16624,0.0002728984628719011,0.012664763277479486,-1.54e-06,3.2013800316438306,5.716629895423952,-38.99364107984046,1.0052136313683062,11.339171368993378,0.12067054082980143,-31.045922801877627,-1.1573229341274334,62.08620214152174,0.6295741068180681,-2.906895357456235,0.2719344611720337,-0.045476521007688994,0.00015748,0.04763119820730219,0.00081957,1,0.0
16625,7.706520348108037e-05,0.002559505144559023,-1.54e-06,3.2013800316438306,5.716629895423952,77.24627688941614,1.0052136313683062,9.108633866417547,0.12067054082980143,-45.86398634037876,-1.1573229341274334,-99.78081792014922,0.6295741068180681,7.5160300728178875,0.2719344611720337,-0.028199462540032364,0.00015748,0.02914817538678011,0.00081957,1,0.0
16626,0.0004688851922428905,0.020745721092709214,-1.54e-06,3.2013800316438306,5.716629895423952,92.52063476233138,1.0052136313683062,4.166128361402875,0.12067054082980143,-77.1548046358948,-1.1573229341274334,24.653364561186383,0.6295741068180681,22.968208064656167,0.2719344611720337,-0.02039963715231294,0.00015748,0.0520950128799558,0.00081957,1,0.0
16627,0.028363981622230174,4.300014665753718e-05,-1.54e-06,3.2013800316438306,5.716629895423952,-26.99536703896648,1.0052136313683062,2.298358267754099,0.12067054082980143,-28.08309370732783,-1.1573229341274334,12.769882095712898,0.6295741068180681,24.113513249342184,0.2719344611720337,-0.004338749535581957,0.00015748,0.004341674329681208,0.00081957,1,0.0
16628,0.051898131641036696,0.001346068608585087,-1.54e-06,3.2013800316438306,5.716629895423952,-71.1895111199809,1.0052136313683062,0.40651714280777307,0.12067054082980143,-65.12625905438871,-1.1573229341274334,69.81644053534478,0.6295741068180681,62.519746407116756,0.2719344611720337,-0.013641014699542748,0.00015748,0.013724920060663259,0.00081957,1,0.0
16629,0.12064502846220684,0.0007230267863202813,-1.54e-06,3.2013800316438306,5.716629895423952,-56.293148782502136,1.0052136313683062,7.955437844559235,0.12067054082980143,-59.59807544263454,-1.1573229341274334,-61.00342560311383,0.6295741068180681,63.551734110386036,0.2719344611720337,-0.016339121347225018,0.00015748,0.016347020465513853,0.00081957,1,0.0
16630,0.049700455204361116,0.01637606242729348,-1.54e-06,3.2013800316438306,5.716629895423952,-34.24865160951168,1.0052136313683062,-9.246271246965597,0.12067054082980143,-39.35824469507678,-1.1573229341274334,23.840687372632697,0.6295741068180681,63.43801711954454,0.2719344611720337,-0.05199353369968103,0.00015748,0.052612687758379934,0.00081957,1,0.0
16631,0.00023535469740493253,0.009517261900605993,-1.54e-06,3.2013800316438306,5.716629895423952,77.7518914781984,1.0052136313683062,11.255347518385967,0.12067054082980143,-63.203819382291364,-1.1573229341274334,-31.6601231991982,0.6295741068180681,6.335740765347833,0.2719344611720337,-0.012927143256239605,0.00015748,0.02993526186726243,0.00081957,1,0.0
16632,0.004947121054044712,9.575576392248779e-05,-1.54e-06,3.2013800316438306,5.716629895423952,-42.15540755803032,1.0052136313683062,3.0268666863636255,0.12067054082980143,-55.10077652519431,-1.1573229341274334,80.06408306266059,0.6295741068180681,34.04738771849868,0.2719344611720337,-0.0053014542954924904,0.00015748,0.005317626628556992,0.00081957,1,0.0
16633,0.09463607509701516,0.0011281384242456903,-1.54e-06,3.2013800316438306,5.716629895423952,-31.706435551131715,1.0052136313683062,10.263734615975938,0.12067054082980143,-80.18395435865709,-1.1573229341274334,-54.61914306483951,0.6295741068180681,63.20776673124811,0.2719344611720337,-0.023682520789400942,0.00015748,0.023690290738569566,0.00081957,1,0.0
16634,0.07075056963883439,0.017729334094143335,-1.54e-06,3.2013800316438306,5.716629895423952,-42.76893653605943,1.0052136313683062,15.5869502210571,0.12067054082980143,-18.312581167051135,-1.1573229341274334,-48.666225545095756,0.6295741068180681,2.621420904382588,0.2719344611720337,-0.05552151025711741,0.00015748,0.0558983435040232,0.00081957,1,0.0
16635,0.045339385433534274,0.0003681814842785945,-1.54e-06,3.2013800316438306,5.716629895423952,-20.564360783304352,1.0052136313683062,6.097771234017682,0.12067054082980143,-51.39351077835141,-1.1573229341274334,-13.238708418759067,0.6295741068180681,36.729906972812394,0.2719344611720337,-0.013410268235944949,0.00015748,0.01341248387632381,0.00081957,1,0.0
16636,0.07497968299215897,0.0004602514331215254,-1.54e-06,3.2013800316438306,5.716629895423952,-71.28409168529677,1.0052136313683062,5.911794123322667,0.12067054082980143,-82.78953482980951,-1.1573229341274334,38.721400790512334,0.6295741068180681,69.86828942394737,0.2719344611720337,-0.013443825125462027,0.00015748,0.013463960974636707,0.00081957,1,0.0
16637,0.06826134226824442,0.0007184303107945307,-1.54e-06,3.2013800316438306,5.716629895423952,-42.508410190898935,1.0052136313683062,8.621592606607775,0.12067054082980143,-82.2494089123663,-1.1573229341274334,0.6413617313815273,0.6295741068180681,60.29135538883578,0.2719344611720337,-0.018803166396325125,0.00015748,0.018816389727201028,0.00081957,1,0.0
16638,-1.1616057081442754e-05,0.01464745913312403,-1.54e-06,3.2013800316438306,5.716629895423952,84.78885869636338,1.0052136313683062,8.429045570015601,0.12067054082980143,-18.8073990641634,-1.1573229341274334,-19.004260053516234,0.6295741068180681,-23.45300276028598,0.2719344611720337,0.0018612898182947327,0.00015748,0.025850776293273543,0.00081957,0,0.0
16639,0.02926933179119584,0.010723195048244271,-1.54e-06,3.2013800316438306,5.716629895423952,-50.547800725162524,1.0052136313683062,-7.427217556758866,0.12067054082980143,-53.377999524431864,-1.1573229341274334,77.3206338118056,0.6295741068180681,63.52444535008999,0.2719344611720337,-0.04154292814901272,0.00015748,0.04158396979475288,0.00081957,1,0.0
16640,0.010949417967674874,0.009818446937974117,-1.54e-06,3.2013800316438306,5.716629895423952,61.35332022846833,1.0052136313683062,5.9033659066970285,0.12067054082980143,-90.93453309152362,-1.1573229341274334,-63.933352359342855,0.6295741068180681,49.465434019960796,0.2719344611720337,-0.05190766751826023,0.00015748,0.05199721777703577,0.00081957,1,0.0
16641,0.022594079381372218,0.0032076971508279766,-1.54e-06,3.2013800316438306,5.716629895423952,-3.777948623468411,1.0052136313683062,2.7075845383064316,0.12067054082980143,-68.22254732813299,-1.1573229341274334,8.045991317071492,0.6295741068180681,47.555591670910424,0.2719344611720337,-0.027823913156280432,0.00015748,0.027795835683590155,0.00081957,1,0.0
16642,4.371783595263912e-05,0.005375932511780916,-1.54e-06,3.2013800316438306,5.716629895423952,25.567600622049763,1.0052136313683062,8.231712382853162,0.12067054082980143,-99.00007144227095,-1.1573229341274334,23.1616188708145,0.6295741068180681,45.3623455258331,0.2719344611720337,-0.02755641434859541,0.00015748,0.0326998222215735,0.00081957,1,0.0
16643,0.046605651640293067,0.029791058619687803,-1.54e-06,3.2013800316438306,5.716629895423952,39.628319444402,1.0052136313683062,-5.188296290235815,0.12067054082980143,-69.4994091828982,-1.1573229341274334,-68.43800597804211,0.6295741068180681,70.65008166052934,0.2719344611720337,-0.07712423731860873,0.00015748,0.07820478535187972,0.00081957,1,0.0
16644,0.00022925532449592778,0.003465213697479555,-1.54e-06,3.2013800316438306,5.716629895423952,-17.93843761927968,1.0052136313683062,6.696761388256131,0.12067054082980143,-99.21312516537259,-1.1573229341274334,87.44601447789715,0.6295741068180681,50.979603006590814,0.2719344611720337,-0.016173514945736673,0.00015748,0.020869279572458228,0.00081957,1,0.0
16645,0.005798699690230363,0.006120189470788318,-1.54e-06,3.2013800316438306,5.716629895423952,-39.3845844048783,1.0052136313683062,8.418547394156024,0.12067054082980143,-27.95863976058236,-1.1573229341274334,50.250776245889874,0.6295741068180681,4.192999809982063,0.2719344611720337,-0.03409886278720933,0.00015748,0.03410800546663248,0.00081957,1,0.0
16646,0.16541851967123328,0.0010345665330799988,-1.54e-06,3.2013800316438306,5.716629895423952,-86.31190538995972,1.0052136313683062,7.125904631673347,0.12067054082980143,-56.55819051369075,-1.1573229341274334,-77.60163327940543,0.6295741068180681,78.71353977968774,0.2719344611720337,-0.014044581280579569,0.00015748,0.014044878268290541,0.00081957,1,0.0
16647,0.10198507029856207,0.006630902035584989,-1.54e-06,3.2013800316438306,5.716629895423952,-66.03975335451702,1.0052136313683062,11.25189408000131,0.12067054082980143,-31.324249639873845,-1.1573229341274334,-42.973113308687815,0.6295741068180681,31.805253760219568,0.2719344611720337,-0.03448686012008763,0.00015748,0.034561044443773614,0.00081957,1,0.0
16648,0.057488752881870914,0.0016689805196046887,-1.54e-06,3.2013800316438306,5.716629895423952,-18.349446868727412,1.0052136313683062,-0.36466284782108915,0.12067054082980143,-22.89351260377658,-1.1573229341274334,-37.08884140467732,0.6295741068180681,35.1873080951903,0.2719344611720337,-0.01811434792723909,0.00015748,0.018123470301477523,0.00081957,1,0.0
16649,0.021965405381407677,0.06174336245852802,-1.54e-06,3.2013800316438306,5.716629895423952,16.438155656440134,1.0052136313683062,32.50478581455945,0.12067054082980143,-48.126621821867346,-1.1573229341274334,-84.5347823662733,0.6295741068180681,-31.562851882475652,0.2719344611720337,-0.10283722206331927,0.00015748,0.10282048448218722,0.00081957,1,0.0
16650,0.14082646927943537,0.04172350376191512,-1.54e-06,3.2013800316438306,5.716629895423952,-89.41604090444446,1.0052136313683062,22.12328839588555,0.12067054082980143,-12.575757968725988,-1.1573229341274334,-90.81699427335153,0.6295741068180681,8.887756545254081,0.2719344611720337,-0.08586901513155874,0.00015748,0.08591809815211841,0.00081957,1,0.0
16651,0.00937415150619815,0.00030888151964071625,-1.54e-06,3.2013800316438306,5.716629895423952,-9.500623599271993,1.0052136313683062,3.4246332956057546,0.12067054082980143,-19.18162095559073,-1.1573229341274334,5.837627181405917,0.6295741068180681,8.917087249330615,0.2719344611720337,-0.008019325205846466,0.00015748,0.008024061238706644,0.00081957,1,0.0
16652,0.11961330573241552,0.007575542569404285,-1.54e-06,3.2013800316438306,5.716629895423952,-71.1941483334863,1.0052136313683062,17.121243159638738,0.12067054082980143,-81.21973670282264,-1.1573229341274334,-42.346428812734096,0.6295741068180681,58.67002439170095,0.2719344611720337,-0.03967952383947682,0.00015748,0.03964044401571439,0.00081957,1,0.0
16653,0.008856985600934647,0.0015525295772204405,-1.54e-06,3.2013800316438306,5.716629895423952,15.779247223513712,1.0052136313683062,9.606589081962666,0.12067054082980143,-80.26212352470101,-1.1573229341274334,-7.483103977270549,0.6295741068180681,35.57795926471564,0.2719344611720337,-0.02435050099659439,0.00015748,0.02435058215738883,0.00081957,1,0.0
16654,-2.2625607871563924e-05,0.0038401116042488634,-1.54e-06,3.2013800316438306,5.716629895423952,12.258026444182935,1.0052136313683062,2.332809372344223,0.12067054082980143,-15.287349094775049,-1.1573229341274334,16.239482084739286,0.6295741068180681,0.8569884023318948,0.2719344611720337,0.0009215784636324698,0.00015748,0.006631083964581315,0.00081957,0,0.0
16655,0.00012477169905432232,0.012258675453114471,-1.54e-06,3.2013800316438306,5.716629895423952,19.404088753617277,1.0052136313683062,-0.6666389648816816,0.12067054082980143,-14.281282619015114,-1.1573229341274334,75.66867251587452,0.6295741068180681,-2.139498026797787,0.2719344611720337,0.002858641410749426,0.00015748,0.021265139919224744,0.00081957,0,0.0
16656,0.06707182113591036,0.004319912750491697,-1.54e-06,3.2013800316438306,5.716629895423952,-12.415417554258184,1.0052136313683062,10.442346065352957,0.12067054082980143,-17.4178583531409,-1.1573229341274334,-80.47349755320438,0.6295741068180681,10.831044512592733,0.2719344611720337,-0.027441161023312084,0.00015748,0.02753759577706329,0.00081957,1,0.0
16657,0.036762464797575334,0.0008401065634779138,-1.54e-06,3.2013800316438306,5.716629895423952,-18.402096495249207,1.0052136313683062,8.130388577782233,0.12067054082980143,-77.38919693105464,-1.1573229341274334,6.025740321474284,0.6295741068180681,47.08757036538831,0.2719344611720337,-0.019243439793120584,0.00015748,0.019271191191876376,0.00081957,1,0.0
16658,0.16108431869866152,0.000988723701086238,-1.54e-06,3.2013800316438306,5.716629895423952,-84.51906116813048,1.0052136313683062,6.960146175434003,0.12067054082980143,-52.84280032772704,-1.1573229341274334,-76.11518168976534,0.6295741068180681,75.11066854089914,0.2719344611720337,-0.013181976579248727,0.00015748,0.013193479437965939,0.00081957,1,0.0
16659,0.0003932873796269887,0.013091338800241277,-1.54e-06,3.2013800316438306,5.716629895423952,49.68391442109987,1.0052136313683062,9.748803175702188,0.12067054082980143,-98.81813495411579,-1.1573229341274334,62.660264701210075,0.6295741068180681,30.83263193312698,0.2719344611720337,-0.007467735870294038,0.00015748,0.03239241646595262,0.00081957,1,0.0
16660,0.00014130818064680972,0.0034455494161321296,-1.54e-06,3.2013800316438306,5.716629895423952,32.29769994476811,1.0052136313683062,7.315845365470685,0.12067054082980143,-64.62413731981387,-1.1573229341274334,-6.2977820328047605,0.6295741068180681,24.12849182132703,0.2719344611720337,-0.018555717613161986,0.00015748,0.023168321030480485,0.00081957,1,0.0
16661,0.00023332412327682628,0.017662799009771798,-1.54e-06,3.2013800316438306,5.716629895423952,57.692763991359946,1.0052136313683062,6.500715620869498,0.12067054082980143,-99.96725798222265,-1.1573229341274334,81.55699934561598,0.6295741068180681,35.10590582437526,0.2719344611720337,-0.010705237480135594,0.00015748,0.04171284010521398,0.00081957,1,0.0
16662,0.08402828417902508,0.0027144945422907327,-1.54e-06,3.2013800316438306,5.716629895423952,-13.139434450349203,1.0052136313683062,3.1378600410842954,0.12067054082980143,-48.14519937512772,-1.1573229341274334,-72.46614558516097,0.6295741068180681,52.81662780547055,0.2719344611720337,-0.026893493712347883,0.00015748,0.02692598598431337,0.00081957,1,0.0
16663,0.000429541625476447,0.009801162516786397,-1.54e-06,3.2013800316438306,5.716629895423952,-3.256815561805126,1.0052136313683062,1.2691513387706634,0.12067054082980143,-100.0,-1.1573229341274334,73.85265489325054,0.6295741068180681,62.94702167895957,0.2719344611720337,-0.03763687489969042,0.00015748,0.04183193666804527,0.00081957,1,0.0
16664,0.00016401215088612808,0.02058411280475356,-1.54e-06,3.2013800316438306,5.716629895423952,76.40380444345537,1.0052136313683062,7.941731810340797,0.12067054082980143,-71.79578020939067,-1.1573229341274334,81.70124832648948,0.6295741068180681,6.169434609302043,0.2719344611720337,0.014204739039342744,0.00015748,0.028353087191188453,0.00081957,0,0.0
16665,2.309481333614971e-05,0.014673513653419928,-1.54e-06,3.2013800316438306,5.716629895423952,-2.841275475370229,1.0052136313683062,14.089799341179496,0.12067054082980143,-82.4625096283931,-1.1573229341274334,97.13981123846958,0.6295741068180681,15.905983877060986,0.2719344611720337,-0.02345612032263248,0.00015748,0.04181486753761881,0.00081957,1,0.0
16666,0.032104847401890985,0.0013045401936109043,-1.54e-06,3.2013800316438306,5.716629895423952,7.910962164042147,1.0052136313683062,9.147375770596254,0.12067054082980143,-73.56205123484942,-1.1573229341274334,-30.157212830370277,0.6295741068180681,39.721738144115854,0.2719344611720337,-0.023740315990492047,0.00015748,0.0237336889927209,0.00081957,1,0.0
16667,0.032013282983036614,0.004759411973837675,-1.54e-06,3.2013800316438306,5.716629895423952,-6.474441624971717,1.0052136313683062,-3.3240091452725014,0.12067054082980143,-26.140728014375167,-1.1573229341274334,-12.605341352847296,0.6295741068180681,35.1646481367091,0.2719344611720337,-0.029513236745184496,0.00015748,0.029658772699281376,0.00081957,1,0.0
16668,0.10158364850687174,0.000944708779912353,-1.54e-06,3.2013800316438306,5.716629895423952,-23.39762959566093,1.0052136313683062,9.15160234770994,0.12067054082980143,-59.399269399781595,-1.1573229341274334,-85.56338410913955,0.6295741068180681,53.397972162401985,0.2719344611720337,-0.021173173015419097,0.00015748,0.021193499907614818,0.00081957,1,0.0
16669,0.00017872520388206858,0.019301717742963874,-1.54e-06,3.2013800316438306,5.716629895423952,56.61712095042284,1.0052136313683062,19.924429627284617,0.12067054082980143,-77.80063166997844,-1.1573229341274334,-0.45761408350070576,0.6295741068180681,-2.661711349613008,0.2719344611720337,-0.03297263226868841,0.00015748,0.05190688796915875,0.00081957,1,0.0
16670,0.07550050264797908,0.011964480806121692,-1.54e-06,3.2013800316438306,5.716629895423952,-73.43831834048694,1.0052136313683062,17.34449245763658,0.12067054082980143,-78.61443293143938,-1.1573229341274334,19.021844587548603,0.6295741068180681,42.50952622317752,0.2719344611720337,-0.048047705701025095,0.00015748,0.048181688287469965,0.00081957,1,0.0
16671,0.0044044918300071845,0.0005427797942525157,-1.54e-06,3.2013800316438306,5.716629895423952,48.95014930810322,1.0052136313683062,5.31559625067713,0.12067054082980143,-5.149993028602901,-1.1573229341274334,-83.7170805551421,0.6295741068180681,-8.748278137015037,0.2719344611720337,-0.012738019153195158,0.00015748,0.012781472719794403,0.00081957,1,0.0
16672,0.11137851745117318,0.0022066141642077715,-1.54e-06,3.2013800316438306,5.716629895423952,-48.803457968725944,1.0052136313683062,5.704561843745805,0.12067054082980143,-0.08416703904748894,-1.1573229341274334,-88.50069441807005,0.6295741068180681,24.960901988449425,0.2719344611720337,-0.01744273373503574,0.00015748,0.017440500983056776,0.00081957,1,0.0
16673,0.011451369415390059,0.0002934353084599563,-1.54e-06,3.2013800316438306,5.716629895423952,-64.13719292069823,1.0052136313683062,-2.6363190338726024,0.12067054082980143,-25.837710510537498,-1.1573229341274334,97.16221106766731,0.6295741068180681,29.525517225314285,0.2719344611720337,-0.0069294291704217114,0.00015748,0.006930522764942103,0.00081957,1,0.0
16674,0.022024468827111093,0.00041352346181466274,-1.54e-06,3.2013800316438306,5.716629895423952,-1.7904078422904646,1.0052136313683062,5.3056611837908205,0.12067054082980143,-43.01606032733071,-1.1573229341274334,-12.67782179152269,0.6295741068180681,24.636958320552445,0.2719344611720337,-0.012793367696990856,0.00015748,0.012761006727761185,0.00081957,1,0.0
16675,2.3248313251275632e-05,0.0012886862370988525,-1.54e-06,3.2013800316438306,5.716629895423952,-22.82756879413037,1.0052136313683062,1.1051863698102447,0.12067054082980143,-58.31370077157093,-1.1573229341274334,63.863174740997735,0.6295741068180681,37.96998229087398,0.2719344611720337,-0.015397654590104644,0.00015748,0.015461542079595473,0.00081957,1,0.0
16676,0.09098424667922078,0.0023432975313011552,-1.54e-06,3.2013800316438306,5.716629895423952,-81.01298324203088,1.0052136313683062,1.8863855925537953,0.12067054082980143,-79.1009237245914,-1.1573229341274334,36.47123974079833,0.6295741068180681,81.55793896229603,0.2719344611720337,-0.020402374531773373,0.00015748,0.020412580841231497,0.00081957,1,0.0
16677,0.02597671222466326,0.0004555304044313685,-1.54e-06,3.2013800316438306,5.716629895423952,-78.24391415098324,1.0052136313683062,-3.210583314370788,0.12067054082980143,-12.052280339184083,-1.1573229341274334,91.64817641952077,0.6295741068180681,26.635148851569475,0.2719344611720337,-0.011602731533657238,0.00015748,0.011613901904508526,0.00081957,1,0.0
16678,4.201072256876381e-06,0.006666630217047443,-1.54e-06,3.2013800316438306,5.716629895423952,13.519105347618115,1.0052136313683062,11.70681723346191,0.12067054082980143,-83.525656099449,-1.1573229341274334,45.32434109931072,0.6295741068180681,25.366506267552253,0.2719344611720337,-0.01601478559442733,0.00015748,0.026049962224941964,0.00081957,1,0.0
16679,0.02966837312483958,0.015711092276333702,-1.54e-06,3.2013800316438306,5.716629895423952,56.00614142842382,1.0052136313683062,4.175350479584985,0.12067054082980143,-99.33147270010556,-1.1573229341274334,-73.74947098103758,0.6295741068180681,65.04092982023909,0.2719344611720337,-0.06313075117469291,0.00015748,0.0631723351617525,0.00081957,1,0.0
16680,0.00033987038074989595,0.0313737435025962,-1.54e-06,3.2013800316438306,5.716629895423952,46.386903154063354,1.0052136313683062,10.940897517064354,0.12067054082980143,-21.656895123568606,-1.1573229341274334,99.03626828709103,0.6295741068180681,-33.764681991193406,0.2719344611720337,-0.020285121038759204,0.00015748,0.0645909791733873,0.00081957,1,0.0
16681,0.0004802258510264723,0.002096386020672537,-1.54e-06,3.2013800316438306,5.716629895423952,68.33797283495213,1.0052136313683062,10.11091249931314,0.12067054082980143,-52.582544746408324,-1.1573229341274334,-89.08052530479463,0.6295741068180681,10.880611022550505,0.2719344611720337,-0.02831944125154738,0.00015748,0.028330006090627496,0.00081957,1,0.0
16682,0.023457716925962303,4.941736174915727e-05,-1.54e-06,3.2013800316438306,5.716629895423952,-16.041639710960887,1.0052136313683062,0.7495254882243179,0.12067054082980143,-13.05462932076273,-1.1573229341274334,-2.1712493680842386,0.6295741068180681,15.28716337170142,0.2719344611720337,-0.002922712917982636,0.00015748,0.002931889311647876,0.00081957,1,0.0
16683,0.09942438354508804,0.0004900541624377256,-1.54e-06,3.2013800316438306,5.716629895423952,-84.48071842856386,1.0052136313683062,3.4499935996725073,0.12067054082980143,-60.48510688965519,-1.1573229341274334,17.029379321382674,0.6295741068180681,68.4166400313813,0.2719344611720337,-0.008276644954058643,0.00015748,0.008267540316576326,0.00081957,1,0.0
16684,0.0001882697487604612,0.004889666304866296,-1.54e-06,3.2013800316438306,5.716629895423952,68.58757008859165,1.0052136313683062,14.273198045375011,0.12067054082980143,-45.543817388547765,-1.1573229341274334,-93.47095839597826,0.6295741068180681,-3.882839168169552,0.2719344611720337,-0.029405391959228915,0.00015748,0.0311580291422553,0.00081957,1,0.0
16685,0.016285108272164003,9.365519025681177e-05,-1.54e-06,3.2013800316438306,5.716629895423952,16.62332501685523,1.0052136313683062,2.453844319853365,0.12067054082980143,-2.286793308112117,-1.1573229341274334,-49.21932518022747,0.6295741068180681,0.6665961262955595,0.2719344611720337,-0.006116473957774752,0.00015748,0.006113060885448403,0.00081957,1,0.0
16686,0.0620063983787154,0.0001784985557175535,-1.54e-06,3.2013800316438306,5.716629895423952,-38.97559991466492,1.0052136313683062,0.8561667436914696,0.12067054082980143,-10.216785902216886,-1.1573229341274334,-22.282811389728824,0.6295741068180681,26.290912124024484,0.2719344611720337,-0.0010690140134722052,0.00015748,0.0010725310992098945,0.00081957,1,0.0
16687,0.1689309191896291,0.001291562418004731,-1.54e-06,3.2013800316438306,5.716629895423952,-87.52056046658197,1.0052136313683062,5.32439317657705,0.12067054082980143,-27.311713607733918,-1.1573229341274334,-93.59249641873011,0.6295741068180681,64.01003596568552,0.2719344611720337,-0.00913504234251769,0.00015748,0.009128262171112164,0.00081957,1,0.0
16688,0.016836867411094004,0.00028681814187818833,-1.54e-06,3.2013800316438306,5.716629895423952,-10.329774358356348,1.0052136313683062,4.621795880373027,0.12067054082980143,-46.13695179262252,-1.1573229341274334,9.81137371209627,0.6295741068180681,26.937705050730592,0.2719344611720337,-0.01105400414198229,0.00015748,0.011053093193844867,0.00081957,1,0.0
16689,0.09616541697480536,0.0010556503701801777,-1.54e-06,3.2013800316438306,5.716629895423952,-48.540932297032946,1.0052136313683062,10.284595324474434,0.12067054082980143,-91.27686558793054,-1.1573229341274334,-26.05357862864985,0.6295741068180681,71.86861697393115,0.2719344611720337,-0.02290655528089548,0.00015748,0.022903331193851944,0.00081957,1,0.0
16690,9.296282741461104e-06,0.01002907860383744,-1.54e-06,3.2013800316438306,5.716629895423952,62.07614747641702,1.0052136313683062,11.68319749069169,0.12067054082980143,-97.42328438253472,-1.1573229341274334,8.889004261342773,0.6295741068180681,29.24307672162061,0.2719344611720337,-0.01880354827945242,0.00015748,0.035603966802754364,0.00081957,1,0.0
16691,0.059701374700220314,0.0005069215801214721,-1.54e-06,3.2013800316438306,5.716629895423952,-2.4272994106342236,1.0052136313683062,6.579943721585987,0.12067054082980143,-37.906212472872426,-1.1573229341274334,-67.33515881541945,0.6295741068180681,30.33144106404453,0.2719344611720337,-0.015697639035727507,0.00015748,0.015693857357240795,0.00081957,1,0.0
16692,0.07499013136761602,0.00035288124027177035,-1.54e-06,3.2013800316438306,5.716629895423952,-79.36708526602759,1.0052136313683062,0.21077865720192057,0.12067054082980143,-32.80271628793277,-1.1573229341274334,32.867502452154355,0.6295741068180681,48.776426814070305,0.2719344611720337,-0.0015255624013040426,0.00015748,0.0015337292283739681,0.00081957,1,0.0
16693,0.009000593400296214,0.0015214572227957065,-1.54e-06,3.2013800316438306,5.716629895423952,13.408711160824492,1.0052136313683062,9.58099378060202,0.12067054082980143,-81.21186011674511,-1.1573229341274334,-3.6255128840950026,0.6295741068180681,36.41922518680374,0.2719344611720337,-0.02405727884729708,0.00015748,0.024062768845026505,0.00081957,1,0.0
16694,-1.4800627120517551e-05,0.017178492432224295,-1.54e-06,3.2013800316438306,5.716629895423952,52.53834401990607,1.0052136313683062,-1.3193152841641205,0.12067054082980143,-35.762711681220594,-1.1573229341274334,57.91264345100186,0.6295741068180681,10.059076031089887,0.2719344611720337,-0.010158841398041681,0.00015748,0.03868035795028561,0.00081957,1,0.0
16695,0.06400184938669107,0.0032348200775651655,-1.54e-06,3.2013800316438306,5.716629895423952,-69.50855341530007,1.0052136313683062,12.222013320726356,0.12067054082980143,-85.94177245806421,-1.1573229341274334,41.845614654628676,0.6295741068180681,54.75096221715064,0.2719344611720337,-0.02722140568374917,0.00015748,0.027346659439082984,0.00081957,1,0.0
16696,0.09110709990404861,0.0006002519777175556,-1.54e-06,3.2013800316438306,5.716629895423952,-70.39566990042891,1.0052136313683062,7.909548597517193,0.12067054082980143,-72.24872231802355,-1.1573229341274334,6.449013369505161,0.6295741068180681,63.465766085457524,0.2719344611720337,-0.014647114192301499,0.00015748,0.01468477039275628,0.00081957,1,0.0
16697,0.08794862369900683,0.0011374186244407182,-1.54e-06,3.2013800316438306,5.716629895423952,-40.82667021534208,1.0052136313683062,9.097415484439543,0.12067054082980143,-88.22520828282276,-1.1573229341274334,-25.830696512434475,0.6295741068180681,69.44792645285796,0.2719344611720337,-0.02319969023147922,0.00015748,0.023202285911213594,0.00081957,1,0.0
16698,0.002237415627930811,0.001599673262037915,-1.54e-06,3.2013800316438306,5.716629895423952,1.2415756986374153,1.0052136313683062,9.920604811072332,0.12067054082980143,-94.74618955893415,-1.1573229341274334,30.077321865420558,0.6295741068180681,43.220605325339825,0.2719344611720337,-0.02390509060598987,0.00015748,0.023904448642821857,0.00081957,1,0.0
16699,0.021623493387869813,0.029077693024348424,-1.54e-06,3.2013800316438306,5.716629895423952,26.13906805195349,1.0052136313683062,-8.269130585461518,0.12067054082980143,-60.23752378654563,-1.1573229341274334,-18.4946259094722,0.6295741068180681,64.2225720951825,0.2719344611720337,-0.07465123011732717,0.00015748,0.07481275204911651,0.00081957,1,0.0
16700,1.0547067295728958,0.25438862896122955,-1.54e-06,0.7917823152062691,5.4615668567766305,-0.9652132680237091,1.0052136313683062,78.93462781012131,0.12067054082980143,-40.30553848488514,-1.1573229341274334,3.215834366125698,0.6295741068180681,57.212292672875336,0.2719344611720337,0.3247506011359835,0.00015748,1.0795832542378612,0.00081957,0,0.0
16701,0.6756570264167008,0.15175360605716762,-1.54e-06,0.7917823152062691,5.4615668567766305,65.59570632636425,1.0052136313683062,100.0,0.12067054082980143,-74.20095234268278,-1.1573229341274334,89.15125828899521,0.6295741068180681,2.2563504731042583,0.2719344611720337,0.29422643257351866,0.00015748,1.666333987816112,0.00081957,0,0.0
16702,0.33256988528522663,0.010381462217409144,-1.54e-06,0.7917823152062691,5.4615668567766305,-58.80743192854448,1.0052136313683062,25.170775400472014,0.12067054082980143,-80.20928650467371,-1.1573229341274334,-66.14564074929926,0.6295741068180681,76.47147558281407,0.2719344611720337,-0.04925431579929603,0.00015748,0.049221358072521475,0.00081957,1,0.0
16703,0.7394132745209228,0.16669574766272974,-1.54e-06,0.7917823152062691,5.4615668567766305,48.4087913054484,1.0052136313683062,91.20424186329902,0.12067054082980143,-60.099503960585565,-1.1573229341274334,88.07577154797505,0.6295741068180681,11.833466356778967,0.2719344611720337,0.3031698882340902,0.00015748,1.4255336924675794,0.00081957,0,0.0
16704,0.9725487814008831,0.22239379103115545,-1.54e-06,0.7917823152062691,5.4615668567766305,23.08091635924328,1.0052136313683062,90.06781784824418,0.12067054082980143,-27.431061768108794,-1.1573229341274334,-53.52836845919505,0.6295741068180681,36.25030704211155,0.2719344611720337,0.3113263370147642,0.00015748,1.2700988840799465,0.00081957,0,0.0
16705,0.45870022193425075,0.12721809690389718,-1.54e-06,0.7917823152062691,5.4615668567766305,-57.279726044746305,1.0052136313683062,-20.720905818422093,0.12067054082980143,-28.584332345641215,-1.1573229341274334,54.292064629268594,0.6295741068180681,69.3430174894122,0.2719344611720337,-0.11620674269482366,0.00015748,0.11604072902920977,0.00081957,1,0.0
16706,0.8345365341602253,0.18432644352367236,-1.54e-06,0.7917823152062691,5.4615668567766305,41.6270543122231,1.0052136313683062,99.98316709433787,0.12067054082980143,-63.18910441935969,-1.1573229341274334,22.791733740155813,0.6295741068180681,24.076142124803905,0.2719344611720337,0.30031050988164,0.00015748,1.49386975341573,0.00081957,0,0.0
16707,0.8532937334810324,0.1922223325820148,-1.54e-06,0.7917823152062691,5.4615668567766305,51.781074405301005,1.0052136313683062,100.0,0.12067054082980143,-44.23669390874209,-1.1573229341274334,-51.15412231304463,0.6295741068180681,18.290618095709473,0.2719344611720337,0.29520335277749454,0.00015748,1.6339433457856725,0.00081957,0,0.0
16708,0.20031206365453919,0.0035778447993163338,-1.54e-06,0.7917823152062691,5.4615668567766305,-31.824024427836875,1.0052136313683062,12.279478809349811,0.12067054082980143,-32.57158504937938,-1.1573229341274334,-73.75205348892048,0.6295741068180681,41.57023561139083,0.2719344611720337,-0.02387463233967769,0.00015748,0.023879645050968623,0.00081957,1,0.0
16709,0.23160457417131664,0.012261090003654416,-1.54e-06,0.7917823152062691,5.4615668567766305,-24.346562310741646,1.0052136313683062,19.635722984058834,0.12067054082980143,-9.903069730783649,-1.1573229341274334,-98.25906476551265,0.6295741068180681,30.775175933994245,0.2719344611720337,-0.05403901856012762,0.00015748,0.05494174567836109,0.00081957,1,0.0
16710,1.055226236555551,0.24583121579502043,-1.54e-06,0.7917823152062691,5.4615668567766305,-2.796419240337594,1.0052136313683062,88.89466783582007,0.12067054082980143,-64.49328132615287,-1.1573229341274334,21.572159542566382,0.6295741068180681,63.052278640264106,0.2719344611720337,0.31973410388476836,0.00015748,1.1474272402203998,0.00081957,0,0.0
16711,0.00029881875864490315,0.25102335144311383,-1.54e-06,0.7917823152062691,5.4615668567766305,14.993246803199645,1.0052136313683062,57.606433789764885,0.12067054082980143,-44.47502245939831,-1.1573229341274334,-79.11044328792416,0.6295741068180681,-2.109067173343771,0.2719344611720337,-0.059152875643900704,0.00015748,0.3692692499479736,0.00081957,1,0.0
16712,0.0004042816320170145,0.0389207028686198,-1.54e-06,0.7917823152062691,5.4615668567766305,-0.37196190128782336,1.0052136313683062,24.012667967769218,0.12067054082980143,-25.917330079739745,-1.1573229341274334,44.53717960257336,0.6295741068180681,-0.27204407551489834,0.2719344611720337,-0.08562062167190787,0.00015748,0.08523977882349412,0.00081957,1,0.0
16713,0.37811073911848325,0.02200008674773828,-1.54e-06,0.7917823152062691,5.4615668567766305,-58.610979478163635,1.0052136313683062,14.505458251456517,0.12067054082980143,-75.39179837522416,-1.1573229341274334,37.35052061743637,0.6295741068180681,73.36765931806163,0.2719344611720337,-0.04110547266480587,0.00015748,0.04103911850062146,0.00081957,1,0.0
16714,0.29408870883386967,0.012007597368854863,-1.54e-06,0.7917823152062691,5.4615668567766305,-56.13681962762439,1.0052136313683062,20.377175958203498,0.12067054082980143,-99.8352436977243,-1.1573229341274334,88.43409703799429,0.6295741068180681,70.94152913162732,0.2719344611720337,-0.04477262461720766,0.00015748,0.04496369406772903,0.00081957,1,0.0
16715,0.7773697511696811,0.18068352753936565,-1.54e-06,0.7917823152062691,5.4615668567766305,41.66314249871611,1.0052136313683062,80.03465888316953,0.12067054082980143,-31.271351268817234,-1.1573229341274334,65.57762685452552,0.6295741068180681,11.391108315495249,0.2719344611720337,0.3124349680568739,0.00015748,1.2501682375487408,0.00081957,0,0.0
16716,0.020996152030027998,0.009998796613290568,-1.54e-06,0.7917823152062691,5.4615668567766305,-12.334037151944926,1.0052136313683062,17.89885143409548,0.12067054082980143,-46.4552638849712,-1.1573229341274334,49.36529056100775,0.6295741068180681,16.08406081828063,0.2719344611720337,-0.051861146622434726,0.00015748,0.05209491559139112,0.00081957,1,0.0
16717,0.505602787257781,0.10298873685000959,-1.54e-06,0.7917823152062691,5.4615668567766305,-62.97596067712428,1.0052136313683062,52.7796243841364,0.12067054082980143,-80.1925968684758,-1.1573229341274334,-22.2033793776927,0.6295741068180681,77.81598568164272,0.2719344611720337,-0.16307494880419102,0.00015748,0.1663709307219268,0.00081957,1,0.0
16718,0.7464462948407373,0.1692740874249494,-1.54e-06,0.7917823152062691,5.4615668567766305,55.456782795098235,1.0052136313683062,90.42638526384773,0.12067054082980143,-33.24827602064128,-1.1573229341274334,27.064378884828244,0.6295741068180681,3.1446798776332634,0.2719344611720337,0.3028704150421194,0.00015748,1.4322690884083094,0.00081957,0,0.0
16719,0.63096649941486,0.1467924663978582,-1.54e-06,0.7917823152062691,5.4615668567766305,84.49293461389965,1.0052136313683062,92.5443045102855,0.12067054082980143,-8.2367472249517,-1.1573229341274334,-7.1716906297781575,0.6295741068180681,-25.75635946545556,0.2719344611720337,0.2965298784418322,0.00015748,1.5933224872430312,0.00081957,0,0.0
16720,0.9583193822773204,0.21391293664840239,-1.54e-06,0.7917823152062691,5.4615668567766305,30.11229330276095,1.0052136313683062,100.0,0.12067054082980143,-45.918791310117776,-1.1573229341274334,-63.33975435617879,0.6295741068180681,36.71538644176073,0.2719344611720337,0.30193040331942067,0.00015748,1.4528664217670357,0.00081957,0,0.0
16721,0.059652449375544356,0.005230816187579669,-1.54e-06,0.7917823152062691,5.4615668567766305,-29.103793327165832,1.0052136313683062,5.3967588284574175,0.12067054082980143,-75.61088606601733,-1.1573229341274334,98.47097276164448,0.6295741068180681,37.99291563328169,0.2719344611720337,-0.013261428511951043,0.00015748,0.013159311395338508,0.00081957,1,0.0
16722,0.33674313957295887,0.0632362367178154,-1.54e-06,0.7917823152062691,5.4615668567766305,-39.067058159770305,1.0052136313683062,-15.167288001406437,0.12067054082980143,-1.3449157476797218,-1.1573229341274334,-51.00276522494806,0.6295741068180681,48.3148347504175,0.2719344611720337,-0.07435068639422118,0.00015748,0.07519621027981793,0.00081957,1,0.0
16723,0.07676784639403308,0.0023969433096033004,-1.54e-06,0.7917823152062691,5.4615668567766305,-19.04365591415511,1.0052136313683062,12.92081046966377,0.12067054082980143,-42.03131639412327,-1.1573229341274334,17.681836690426216,0.6295741068180681,24.795199481532144,0.2719344611720337,-0.03135701132065145,0.00015748,0.031240494529460226,0.00081957,1,0.0
16724,0.8753232948620344,0.2098301041815906,-1.54e-06,0.7917823152062691,5.4615668567766305,20.868675222405926,1.0052136313683062,72.77145320853234,0.12067054082980143,-31.126910752889124,-1.1573229341274334,81.12984307953946,0.6295741068180681,28.517217872599364,0.2719344611720337,0.3265037506490464,0.00015748,1.0661236475603888,0.00081957,0,0.0
16725,0.07893390168897277,0.033528852165978604,-1.54e-06,0.7917823152062691,5.4615668567766305,-26.55556474176212,1.0052136313683062,35.564130759185964,0.12067054082980143,-68.19483318208613,-1.1573229341274334,-52.454751582798195,0.6295741068180681,36.56696399938387,0.2719344611720337,-0.10414492711553247,0.00015748,0.10433224289267407,0.00081957,1,0.0
16726,0.4852976365695955,0.06343184542253855,-1.54e-06,0.7917823152062691,5.4615668567766305,-55.71491839015258,1.0052136313683062,-2.8055414287244504,0.12067054082980143,-21.86729804339235,-1.1573229341274334,-27.498849912335857,0.6295741068180681,67.9838538510598,0.2719344611720337,-0.07185878425351243,0.00015748,0.07261343461911639,0.00081957,1,0.0
16727,0.04616751476827326,0.002596062969344619,-1.54e-06,0.7917823152062691,5.4615668567766305,-14.463745713777021,1.0052136313683062,5.534377946854998,0.12067054082980143,-24.194377536699545,-1.1573229341274334,-37.70222072962513,0.6295741068180681,19.99113220389033,0.2719344611720337,-0.028099851599217657,0.00015748,0.0280340018394738,0.00081957,1,0.0
16728,0.4188245603108277,0.026089497941170527,-1.54e-06,0.7917823152062691,5.4615668567766305,-61.66683239782916,1.0052136313683062,11.991822988131442,0.12067054082980143,-60.7511969165805,-1.1573229341274334,-42.959513895259185,0.6295741068180681,78.14476398990172,0.2719344611720337,-0.0196686652893057,0.00015748,0.019938470677375718,0.00081957,1,0.0
16729,0.7914324702858466,0.18236503553990663,-1.54e-06,0.7917823152062691,5.4615668567766305,41.7066023620002,1.0052136313683062,82.71508253791798,0.12067054082980143,-33.244401549498804,-1.1573229341274334,50.45770077493436,0.6295741068180681,13.239763741197034,0.2719344611720337,0.310292615090841,0.00015748,1.2868921457955937,0.00081957,0,0.0
16730,0.5271520037546695,0.04096268014137944,-1.54e-06,0.7917823152062691,5.4615668567766305,-70.9263743467633,1.0052136313683062,24.029773410086893,0.12067054082980143,-74.84903284494327,-1.1573229341274334,1.8572927121433895,0.6295741068180681,87.93123776824534,0.2719344611720337,-0.07859042871818693,0.00015748,0.07849812007113822,0.00081957,1,0.0
16731,0.39194081368721917,0.022168932063866945,-1.54e-06,0.7917823152062691,5.4615668567766305,-51.773857431635726,1.0052136313683062,9.92173176553478,0.12067054082980143,-39.27336339888147,-1.1573229341274334,-54.772733029766684,0.6295741068180681,64.98970601757031,0.2719344611720337,-0.02852604867228975,0.00015748,0.028485663830487513,0.00081957,1,0.0
16732,0.34371947156440325,0.014114472533837767,-1.54e-06,0.7917823152062691,5.4615668567766305,-47.11498003570434,1.0052136313683062,26.369288978772083,0.12067054082980143,-45.81585168071229,-1.1573229341274334,-97.52500577495233,0.6295741068180681,60.27125000026275,0.2719344611720337,-0.061416704665356314,0.00015748,0.06159949533689006,0.00081957,1,0.0
16733,0.13066611370002082,0.012297011905372678,-1.54e-06,0.7917823152062691,5.4615668567766305,-30.99009920706481,1.0052136313683062,25.82460734054004,0.12067054082980143,-70.57974132796973,-1.1573229341274334,26.354327834244128,0.6295741068180681,40.258450678468115,0.2719344611720337,-0.0670105560926782,0.00015748,0.0668014185298442,0.00081957,1,0.0
16734,0.00037081584986452254,0.024314669606070927,-1.54e-06,0.7917823152062691,5.4615668567766305,1.2028214896094904,1.0052136313683062,15.551454598812512,0.12067054082980143,-0.09698055982519899,-1.1573229341274334,-93.63229755190133,0.6295741068180681,1.3207379666305277,0.2719344611720337,-0.046045629191398235,0.00015748,0.07087203961414786,0.00081957,1,0.0
16735,0.21780950595732618,0.006581568951278346,-1.54e-06,0.7917823152062691,5.4615668567766305,-48.09898439871384,1.0052136313683062,16.312335131652773,0.12067054082980143,-92.44205613025869,-1.1573229341274334,77.3152257686581,0.6295741068180681,61.530356416309544,0.2719344611720337,-0.027122424151195926,0.00015748,0.027089747338885233,0.00081957,1,0.0
16736,0.9286309720852102,0.20736245278514562,-1.54e-06,0.7917823152062691,5.4615668567766305,24.74008752298956,1.0052136313683062,97.2605965782273,0.12067054082980143,-59.519104369859775,-1.1573229341274334,3.6868893177623727,0.6295741068180681,38.78869506667475,0.2719344611720337,0.30637442788690217,0.00015748,1.3601618780158802,0.00081957,0,0.0
16737,0.05499765959358004,0.00039413008776144554,-1.54e-06,0.7917823152062691,5.4615668567766305,-7.243295450628407,1.0052136313683062,1.4303759962009015,0.12067054082980143,-4.22880512539267,-1.1573229341274334,-16.847200024085943,0.6295741068180681,9.24804671995824,0.2719344611720337,-0.0010331443362564961,0.00015748,0.0010566112248077814,0.00081957,1,0.0
16738,0.2799635208591123,0.00732439392337829,-1.54e-06,0.7917823152062691,5.4615668567766305,-47.730717701114095,1.0052136313683062,18.044030621411334,0.12067054082980143,-60.82426114060236,-1.1573229341274334,-54.80267411108822,0.6295741068180681,61.858584487502064,0.2719344611720337,-0.03185456631624634,0.00015748,0.03186380314970213,0.00081957,1,0.0
16739,0.12844181197116783,0.0031985668944923473,-1.54e-06,0.7917823152062691,5.4615668567766305,-39.1132682949459,1.0052136313683062,16.66672622023113,0.12067054082980143,-92.72457724228963,-1.1573229341274334,91.780714966116,0.6295741068180681,50.6581508863839,0.2719344611720337,-0.031968533936107935,0.00015748,0.031989729228949576,0.00081957,1,0.0
16740,0.9158347875026667,0.20573093343790166,-1.54e-06,0.7917823152062691,5.4615668567766305,20.894431251719684,1.0052136313683062,94.09203759585237,0.12067054082980143,-69.06965145330449,-1.1573229341274334,44.18660668223833,0.6295741068180681,41.61246792343759,0.2719344611720337,0.3085447645757199,0.00015748,1.3194410944568773,0.00081957,0,0.0
16741,0.0001891087672623859,0.009359915664630925,-1.54e-06,0.7917823152062691,5.4615668567766305,-10.650021945022031,1.0052136313683062,16.422122056934285,0.12067054082980143,-50.44108629066411,-1.1573229341274334,83.02832322872877,0.6295741068180681,13.599594760791623,0.2719344611720337,-0.04923480366901761,0.00015748,0.049341561510563944,0.00081957,1,0.0
16742,0.11783833318962697,0.003308234383123343,-1.54e-06,0.7917823152062691,5.4615668567766305,-22.08410244201422,1.0052136313683062,10.483485878254205,0.12067054082980143,-23.271208741578572,-1.1573229341274334,-91.99335442544505,0.6295741068180681,30.04269134473227,0.2719344611720337,-0.03597516714938797,0.00015748,0.03611367181668878,0.00081957,1,0.0
16743,0.03815041350761643,0.02055591624616914,-1.54e-06,0.7917823152062691,5.4615668567766305,-21.782430393058966,1.0052136313683062,27.99980674117009,0.12067054082980143,-65.28363743678044,-1.1573229341274334,-11.372457153606199,0.6295741068180681,30.049825414521468,0.2719344611720337,-0.0823831638076595,0.00015748,0.08235105880887186,0.00081957,1,0.0
16744,-2.9707918864918526e-05,0.008057771210618727,-1.54e-06,0.7917823152062691,5.4615668567766305,-4.834855084995189,1.0052136313683062,13.23318196724193,0.12067054082980143,-27.791282971915532,-1.1573229341274334,39.55573643590914,0.6295741068180681,6.157693641757967,0.2719344611720337,-0.04179761636284937,0.00015748,0.04207718451380027,0.00081957,1,0.0
16745,0.19238029976581889,0.0189265670498686,-1.54e-06,0.7917823152062691,5.4615668567766305,-23.729566000455367,1.0052136313683062,22.764467770524575,0.12067054082980143,-29.434936228030534,-1.1573229341274334,-25.566629830569916,0.6295741068180681,29.471258900535716,0.2719344611720337,-0.06975017093036263,0.00015748,0.06918672795954549,0.00081957,1,0.0
16746,1.070545021595457,0.25180890865624006,-1.54e-06,0.7917823152062691,5.4615668567766305,9.125318654460662,1.0052136313683062,85.39890864554249,0.12067054082980143,-15.227436918040635,-1.1573229341274334,-88.45966622212094,0.6295741068180681,48.2361468194675,0.2719344611720337,0.31904801255424686,0.00015748,1.1562319982603673,0.00081957,0,0.0
16747,-0.00019485896586185492,0.018396006952033195,-1.54e-06,0.7917823152062691,5.4615668567766305,-8.182646909879594,1.0052136313683062,20.79952033907886,0.12067054082980143,-42.499194030435596,-1.1573229341274334,42.86293275877194,0.6295741068180681,10.845818478447748,0.2719344611720337,-0.0636309888636164,0.00015748,0.0642258966504149,0.00081957,1,0.0
16748,0.2698687310802771,0.1371795921660692,-1.54e-06,0.7917823152062691,5.4615668567766305,-4.126030814782471,1.0052136313683062,20.132899171248454,0.12067054082980143,-10.19785056323656,-1.1573229341274334,-20.306758096031167,0.6295741068180681,17.952879883726958,0.2719344611720337,0.07067479774257591,0.00015748,0.2444399475384459,0.00081957,0,0.0
16749,0.019119900365824796,0.01647088151053183,-1.54e-06,0.7917823152062691,5.4615668567766305,-22.099304841179787,1.0052136313683062,-5.348559204790192,0.12067054082980143,-57.361373221074935,-1.1573229341274334,86.14335768402127,0.6295741068180681,29.260667835238674,0.2719344611720337,-0.03970647685958543,0.00015748,0.03974175302354067,0.00081957,1,0.0
16750,0.14450325768301558,0.009359154301970408,-1.54e-06,0.7917823152062691,5.4615668567766305,-18.190228282088366,1.0052136313683062,13.051435752149219,0.12067054082980143,-27.135684587427622,-1.1573229341274334,33.39475606338797,0.6295741068180681,21.779996463909058,0.2719344611720337,-0.05014336804003326,0.00015748,0.05026351520797691,0.00081957,1,0.0
16751,0.09090704203572693,0.004579081232056853,-1.54e-06,0.7917823152062691,5.4615668567766305,-25.711738844310517,1.0052136313683062,6.2606276647480055,0.12067054082980143,-47.39488259663473,-1.1573229341274334,-0.6802376529129669,0.6295741068180681,34.20898845103764,0.2719344611720337,-0.023722162657210184,0.00015748,0.02386691749946707,0.00081957,1,0.0
16752,0.08001995292085178,0.00474947549869332,-1.54e-06,0.7917823152062691,5.4615668567766305,-28.673317884172015,1.0052136313683062,16.825870723251647,0.12067054082980143,-65.48137262446565,-1.1573229341274334,-0.1579233527968244,0.6295741068180681,38.622780550715106,0.2719344611720337,-0.047246808926956485,0.00015748,0.04729685303890395,0.00081957,1,0.0
16753,0.5986939040831796,0.14129882263271543,-1.54e-06,0.7917823152062691,5.4615668567766305,90.40270402084431,1.0052136313683062,91.36916389839703,0.12067054082980143,-3.065244789732302,-1.1573229341274334,-4.409298857230064,0.6295741068180681,-32.40747878928117,0.2719344611720337,0.2958888239060008,0.00015748,1.6113799402035358,0.00081957,0,0.0
16754,0.10915197063807158,0.003179135689398342,-1.54e-06,0.7917823152062691,5.4615668567766305,-20.207809714577586,1.0052136313683062,8.590728673372354,0.12067054082980143,-19.098490997111846,-1.1573229341274334,-92.05126091457896,0.6295741068180681,27.5874841881134,0.2719344611720337,-0.03354827679106506,0.00015748,0.03353971423275623,0.00081957,1,0.0
16755,0.2789490220497598,0.007964625211413823,-1.54e-06,0.7917823152062691,5.4615668567766305,-52.84779566240527,1.0052136313683062,22.597401794914198,0.12067054082980143,-78.35754759434029,-1.1573229341274334,-46.083610041243155,0.6295741068180681,68.95165788452375,0.2719344611720337,-0.04525299810328487,0.00015748,0.045267763197442024,0.00081957,1,0.0
16756,0.2809472132431366,0.020962911016115346,-1.54e-06,0.7917823152062691,5.4615668567766305,-43.23492702076315,1.0052136313683062,1.9378278977017227,0.12067054082980143,-40.61932317488606,-1.1573229341274334,-27.737168166043084,0.6295741068180681,55.03327868403609,0.2719344611720337,-0.019070840840498024,0.00015748,0.019176928362230374,0.00081957,1,0.0
16757,1.011054683100149,0.23242852587987783,-1.54e-06,0.7917823152062691,5.4615668567766305,-2.027726811106326,1.0052136313683062,91.24225055830424,0.12067054082980143,-83.93620798005169,-1.1573229341274334,76.56684634431987,0.6295741068180681,62.80397474356241,0.2719344611720337,0.318712345591101,0.00015748,1.1619145716960289,0.00081957,0,0.0
16758,0.1844005217946775,0.00448859629629201,-1.54e-06,0.7917823152062691,5.4615668567766305,-41.21153087275272,1.0052136313683062,17.618188473362945,0.12067054082980143,-73.56876752037259,-1.1573229341274334,0.7980017454764248,0.6295741068180681,53.90062261352782,0.2719344611720337,-0.03607665764476782,0.00015748,0.03613102987952643,0.00081957,1,0.0
16759,0.012749671212725827,0.06870264536898278,-1.54e-06,0.7917823152062691,5.4615668567766305,-3.948019888581887,1.0052136313683062,34.182363317700336,0.12067054082980143,-40.823237640325644,-1.1573229341274334,48.033179571324624,0.6295741068180681,4.579249046521997,0.2719344611720337,-0.11450055856045722,0.00015748,0.11673975767790797,0.00081957,1,0.0
16760,0.9822703420107998,0.22815818935212562,-1.54e-06,0.7917823152062691,5.4615668567766305,24.900577436621067,1.0052136313683062,84.6028114558249,0.12067054082980143,-7.064356400134503,-1.1573229341274334,-84.16260458462844,0.6295741068180681,32.00681214422984,0.2719344611720337,0.31356947753759024,0.00015748,1.2331482184724556,0.00081957,0,0.0
16761,0.2989603261848348,0.04597187214112694,-1.54e-06,0.7917823152062691,5.4615668567766305,-62.9508939692592,1.0052136313683062,2.7334694274941618,0.12067054082980143,-89.07738606298761,-1.1573229341274334,-0.9614932646075814,0.6295741068180681,81.97572763869778,0.2719344611720337,-0.04178834185390407,0.00015748,0.04189582339719645,0.00081957,1,0.0
16762,0.04621176462662222,0.010518242908591068,-1.54e-06,0.7917823152062691,5.4615668567766305,-28.545612495105363,1.0052136313683062,22.187329794990127,0.12067054082980143,-77.26196723855936,-1.1573229341274334,1.9089919889887859,0.6295741068180681,39.189345047517406,0.2719344611720337,-0.06748122384629385,0.00015748,0.06764365890499036,0.00081957,1,0.0
16763,0.07812763898492604,0.046923261970393856,-1.54e-06,0.7917823152062691,5.4615668567766305,-36.87035511387598,1.0052136313683062,0.24375508719323327,0.12067054082980143,-61.69007412112522,-1.1573229341274334,-81.08933721137355,0.6295741068180681,51.644880521994075,0.2719344611720337,-0.09344653132626973,0.00015748,0.09388756481422,0.00081957,1,0.0
16764,0.14324688734795687,0.004903236420524197,-1.54e-06,0.7917823152062691,5.4615668567766305,-34.73912598869909,1.0052136313683062,17.383123516185492,0.12067054082980143,-61.31885845399703,-1.1573229341274334,-38.56727501931825,0.6295741068180681,46.38645532140855,0.2719344611720337,-0.04600249217660027,0.00015748,0.045987834374629374,0.00081957,1,0.0
16765,0.009396603084042186,0.0001261535943703346,-1.54e-06,0.7917823152062691,5.4615668567766305,-6.705949801732814,1.0052136313683062,2.8502137525547266,0.12067054082980143,-22.32428806300434,-1.1573229341274334,41.86560163298221,0.6295741068180681,8.529760339930462,0.2719344611720337,-0.006048651075511993,0.00015748,0.006122879571030467,0.00081957,1,0.0
16766,0.0015730628787936352,0.12689166583333594,-1.54e-06,0.7917823152062691,5.4615668567766305,27.605309296204492,1.0052136313683062,21.04860636982236,0.12067054082980143,-0.5796101877199046,-1.1573229341274334,77.48717650734734,0.6295741068180681,-24.704269153750925,0.2719344611720337,0.05784590404857985,0.00015748,0.21581531684533428,0.00081957,0,0.0
16767,0.3968928753377241,0.0423251790369939,-1.54e-06,0.7917823152062691,5.4615668567766305,-46.195432382507825,1.0052136313683062,30.943897570704035,0.12067054082980143,-44.87821994958019,-1.1573229341274334,-28.643528613241696,0.6295741068180681,56.58914479227847,0.2719344611720337,-0.10256053478643035,0.00015748,0.10309283343563413,0.00081957,1,0.0
16768,0.06798849127544546,0.005493323483296772,-1.54e-06,0.7917823152062691,5.4615668567766305,-8.977496766016506,1.0052136313683062,-5.894085003576342,0.12067054082980143,-1.1259157813175038,-1.1573229341274334,-6.964178842969268,0.6295741068180681,11.225506009251923,0.2719344611720337,-0.024532029740064732,0.00015748,0.024535125041337553,0.00081957,1,0.0
16769,0.7391664940325915,0.1689867985158912,-1.54e-06,0.7917823152062691,5.4615668567766305,51.70972099250447,1.0052136313683062,86.75524792837814,0.12067054082980143,-39.269531224506096,-1.1573229341274334,58.33179429819703,0.6295741068180681,5.714571292562546,0.2719344611720337,0.3047718442767342,0.00015748,1.389241452077241,0.00081957,0,0.0
16770,0.10512787583952776,0.005514509938259587,-1.54e-06,0.7917823152062691,5.4615668567766305,-32.733895773609596,1.0052136313683062,18.719040882931637,0.12067054082980143,-69.8471250661441,-1.1573229341274334,-10.62941137499785,0.6295741068180681,43.95441919141863,0.2719344611720337,-0.051298848235464725,0.00015748,0.05133030470988914,0.00081957,1,0.0
16771,0.2244499706787824,0.021315494118074957,-1.54e-06,0.7917823152062691,5.4615668567766305,-24.148392890864226,1.0052136313683062,15.438131972740589,0.12067054082980143,-26.866996811808093,-1.1573229341274334,41.97828441114259,0.6295741068180681,28.183966400054864,0.2719344611720337,-0.07378617890772426,0.00015748,0.07355963928044207,0.00081957,1,0.0
16772,0.003673265050514185,0.1937616124095316,-1.54e-06,0.7917823152062691,5.4615668567766305,17.244465289108025,1.0052136313683062,45.60859223349273,0.12067054082980143,-45.71199834940764,-1.1573229341274334,41.8322293354452,0.6295741068180681,-7.325834745210272,0.2719344611720337,-0.004329772337830912,0.00015748,0.31648687952287413,0.00081957,1,0.0
16773,0.4247589579002227,0.1116823199242087,-1.54e-06,0.7917823152062691,5.4615668567766305,-71.3737951256071,1.0052136313683062,-12.414610186197123,0.12067054082980143,-81.0268460239688,-1.1573229341274334,82.12865637203272,0.6295741068180681,89.53817479459002,0.2719344611720337,-0.08444805101619642,0.00015748,0.08446346840047493,0.00081957,1,0.0
16774,0.013129955989340414,0.06234868794765278,-1.54e-06,0.7917823152062691,5.4615668567766305,3.3826717823544294,1.0052136313683062,28.076611637281673,0.12067054082980143,-16.33617877530179,-1.1573229341274334,38.37957937997929,0.6295741068180681,-5.73217253603231,0.2719344611720337,-0.10662306555073213,0.00015748,0.10664957976478294,0.00081957,1,0.0
16775,0.9084481065763996,0.2026566269361713,-1.54e-06,0.7917823152062691,5.4615668567766305,42.84240010687592,1.0052136313683062,100.0,0.12067054082980143,-34.46797352518685,-1.1573229341274334,-79.54547967229627,0.6295741068180681,24.270075133136444,0.2719344611720337,0.29882490837563536,0.00015748,1.527699936477469,0.00081957,0,0.0
16776,1.043372152481681,0.23654676182400408,-1.54e-06,0.7917823152062691,5.4615668567766305,15.127531183823221,1.0052136313683062,97.45555692874903,0.12067054082980143,-38.290395007958566,-1.1573229341274334,-83.39873888990661,0.6295741068180681,48.45799894608813,0.2719344611720337,0.3090303343410421,0.00015748,1.3091799632206842,0.00081957,0,0.0
16777,0.19036101545868453,0.06479384850659796,-1.54e-06,0.7917823152062691,5.4615668567766305,-31.371661217051823,1.0052136313683062,43.05560756590164,0.12067054082980143,-70.82778570643598,-1.1573229341274334,17.979412874795138,0.6295741068180681,39.628363797180576,0.2719344611720337,-0.1293816504380726,0.00015748,0.13018089554925139,0.00081957,1,0.0
16778,0.888051852537826,0.20492055475410606,-1.54e-06,0.7917823152062691,5.4615668567766305,18.715882845058662,1.0052136313683062,84.46861466336568,0.12067054082980143,-57.78208794402012,-1.1573229341274334,83.4067543568976,0.6295741068180681,36.80593256343706,0.2719344611720337,0.31756503755928117,0.00015748,1.172927382737315,0.00081957,0,0.0
16779,0.2701815625561425,0.007334209368151443,-1.54e-06,0.7917823152062691,5.4615668567766305,-39.99351214253161,1.0052136313683062,17.503922158560705,0.12067054082980143,-45.32834661118932,-1.1573229341274334,-42.955622351160756,0.6295741068180681,50.96791650830734,0.2719344611720337,-0.037072794915310237,0.00015748,0.037161803500031884,0.00081957,1,0.0
16780,0.10083095800382816,0.012801767581700325,-1.54e-06,0.7917823152062691,5.4615668567766305,-34.80987500731753,1.0052136313683062,5.811355562185667,0.12067054082980143,-68.69413025128783,-1.1573229341274334,11.409319879118078,0.6295741068180681,46.60207909863008,0.2719344611720337,-0.03924554594797045,0.00015748,0.03926164540021009,0.00081957,1,0.0
16781,0.3561634060750463,0.013125104903510189,-1.54e-06,0.7917823152062691,5.4615668567766305,-60.88933870921218,1.0052136313683062,21.470311097374193,0.12067054082980143,-84.3352619634665,-1.1573229341274334,-13.884175254820052,0.6295741068180681,77.97927427321575,0.2719344611720337,-0.03646293599361759,0.00015748,0.03661654106641324,0.00081957,1,0.0
16782,0.00010016656432462745,0.038548460211279625,-1.54e-06,0.7917823152062691,5.4615668567766305,-3.6642336894123027,1.0052136313683062,28.22037011640875,0.12067054082980143,-22.518652512853592,-1.1573229341274334,-65.03568319387512,0.6295741068180681,6.368599060442434,0.2719344611720337,-0.09008335051617593,0.00015748,0.091537261274439,0.00081957,1,0.0
16783,0.0859593883324542,0.0014742339814365932,-1.54e-06,0.7917823152062691,5.4615668567766305,-26.44558212788491,1.0052136313683062,11.189455222017479,0.12067054082980143,-62.66091912311736,-1.1573229341274334,60.86643704075799,0.6295741068180681,34.29093504634233,0.2719344611720337,-0.02144564646518942,0.00015748,0.02143903291368806,0.00081957,1,0.0
16784,0.014372994106477029,0.004206289496821822,-1.54e-06,0.7917823152062691,5.4615668567766305,-7.503955538843296,1.0052136313683062,11.819074790610644,0.12067054082980143,-21.99444140074678,-1.1573229341274334,-18.045209162099436,0.6295741068180681,10.569408002091322,0.2719344611720337,-0.0359113216587493,0.00015748,0.03594727547206203,0.00081957,1,0.0
16785,0.03339215688875519,0.0012054447369943592,-1.54e-06,0.7917823152062691,5.4615668567766305,-3.0893158772519307,1.0052136313683062,-1.6143232649055008,0.12067054082980143,-3.2037209088816097,-1.1573229341274334,31.738781421573766,0.6295741068180681,3.050716875655602,0.2719344611720337,-0.017828868439764778,0.00015748,0.017903247676337768,0.00081957,1,0.0
16786,0.10916609648615067,0.0038029252774624826,-1.54e-06,0.7917823152062691,5.4615668567766305,-39.21809750927529,1.0052136313683062,17.36617958402235,0.12067054082980143,-96.57563613181244,-1.1573229341274334,82.63019708724731,0.6295741068180681,51.40627234813467,0.2719344611720337,-0.03682292503464601,0.00015748,0.036853234778942166,0.00081957,1,0.0
16787,0.3048615263665633,0.055421523875838236,-1.54e-06,0.7917823152062691,5.4615668567766305,-44.939186217855074,1.0052136313683062,-10.562790908859037,0.12067054082980143,-45.60721438393601,-1.1573229341274334,88.40427585956122,0.6295741068180681,54.90716794752249,0.2719344611720337,-0.0722848414210271,0.00015748,0.07265948453609018,0.00081957,1,0.0
16788,0.289637193409241,0.03839463533050744,-1.54e-06,0.7917823152062691,5.4615668567766305,-46.42662762459241,1.0052136313683062,35.33249325077254,0.12067054082980143,-87.00947704900742,-1.1573229341274334,73.42291979813533,0.6295741068180681,57.65035422070757,0.2719344611720337,-0.10622440762070906,0.00015748,0.10725901091829015,0.00081957,1,0.0
16789,0.32902833644453977,0.02109381993552731,-1.54e-06,0.7917823152062691,5.4615668567766305,-51.64748897382875,1.0052136313683062,18.41687865306723,0.12067054082980143,-80.68781155497655,-1.1573229341274334,96.49704371544397,0.6295741068180681,63.68837912016442,0.2719344611720337,-0.06519216060739116,0.00015748,0.06575263366656448,0.00081957,1,0.0
16790,0.8295062991471818,0.31936520790127976,-1.54e-06,0.7917823152062691,5.4615668567766305,36.611995179137736,1.0052136313683062,64.91806730287126,0.12067054082980143,-68.86075023930194,-1.1573229341274334,78.61474868641182,0.6295741068180681,35.014785377571,0.2719344611720337,0.2805683365313988,0.00015748,1.5961364223977461,0.00081957,0,0.0
16791,0.16478387383314402,0.15038440083652987,-1.54e-06,0.7917823152062691,5.4615668567766305,-22.015945352356596,1.0052136313683062,55.8615850632336,0.12067054082980143,-82.82603351847254,-1.1573229341274334,15.61125896569863,0.6295741068180681,34.41564359903441,0.2719344611720337,-0.09124302256213944,0.00015748,0.22104631175363093,0.00081957,1,0.0
16792,0.60839001489075,0.14287520856753466,-1.54e-06,0.7917823152062691,5.4615668567766305,-55.75189712639921,1.0052136313683062,48.763757532733486,0.12067054082980143,-40.214088090051035,-1.1573229341274334,-74.24131798644973,0.6295741068180681,70.33441274569395,0.2719344611720337,-0.11110987067856254,0.00015748,0.18758534115314784,0.00081957,1,0.0
16793,0.2132288222845806,0.02762491436102971,-1.54e-06,0.7917823152062691,5.4615668567766305,-25.387263398139236,1.0052136313683062,17.8800605475327,0.12067054082980143,-41.72904058227464,-1.1573229341274334,94.99382218003593,0.6295741068180681,29.310294983096206,0.2719344611720337,-0.08681814383643349,0.00015748,0.08716251453427698,0.00081957,1,0.0
16794,0.8196486915682841,0.18902988556809397,-1.54e-06,0.7917823152062691,5.4615668567766305,43.81688662190991,1.0052136313683062,83.24087219318059,0.12067054082980143,-14.922208761878744,-1.1573229341274334,-2.9806893249584956,0.6295741068180681,10.565902368717122,0.2719344611720337,0.3102661779383437,0.00015748,1.2874809274447907,0.00081957,0,0.0
16795,0.31741331742852164,0.06418996297272939,-1.54e-06,0.7917823152062691,5.4615668567766305,-42.46216332956539,1.0052136313683062,37.40542169620486,0.12067054082980143,-74.36648882679968,-1.1573229341274334,85.55531554251708,0.6295741068180681,51.182233170627306,0.2719344611720337,-0.13187345944170475,0.00015748,0.1324027723209052,0.00081957,1,0.0
16796,0.1420370117884556,0.028077220126336448,-1.54e-06,0.7917823152062691,5.4615668567766305,-34.78714586365127,1.0052136313683062,33.878903006077216,0.12067054082980143,-91.29891265462278,-1.1573229341274334,80.50724857745995,0.6295741068180681,44.47517343984563,0.2719344611720337,-0.09376391090157246,0.00015748,0.09446277115574259,0.00081957,1,0.0
16797,0.7880389165324941,0.1783342684835364,-1.54e-06,0.7917823152062691,5.4615668567766305,57.57312597449409,1.0052136313683062,91.69557229761084,0.12067054082980143,-15.681431361778536,-1.1573229341274334,-38.6218514332531,0.6295741068180681,2.214978343178956,0.2719344611720337,0.3013932625273015,0.00015748,1.4667229593733246,0.00081957,0,0.0
16798,0.08289308278117376,0.0027920009469196904,-1.54e-06,0.7917823152062691,5.4615668567766305,-18.056970774711942,1.0052136313683062,6.421742987729733,0.12067054082980143,-22.4192803274268,-1.1573229341274334,-59.96101709436067,0.6295741068180681,24.605488243903018,0.2719344611720337,-0.028246083104812865,0.00015748,0.028266996196376452,0.00081957,1,0.0
16799,6.194788833810416e-05,0.10005067360409298,-1.54e-06,0.7917823152062691,5.4615668567766305,-13.451651195643828,1.0052136313683062,48.609294202221506,0.12067054082980143,-63.525096613529186,-1.1573229341274334,-58.7551932245038,0.6295741068180681,20.101602541641757,0.2719344611720337,-0.15144849532347496,0.00015748,0.1534562774026675,0.00081957,1,0.0
16800,0.2360113505030113,0.003171506585927901,-1.54e-06,2.584289374165019,5.088702604112883,-76.70059032429609,1.0052136313683062,3.3232719057800777,0.12067054082980143,-23.335923871886262,-1.1573229341274334,-71.49943876882878,0.6295741068180681,63.8359503897793,0.2719344611720337,-0.0090396227746185,0.00015748,0.009039305563500499,0.00081957,1,0.0
16801,0.14937230000196328,0.03989431393381389,-1.54e-06,2.584289374165019,5.088702604112883,-14.420312891026299,1.0052136313683062,-1.8372587266223517,0.12067054082980143,-47.53800334937004,-1.1573229341274334,-63.58461993999911,0.6295741068180681,64.1686704926918,0.2719344611720337,-0.07487305255532718,0.00015748,0.09309211931219179,0.00081957,1,0.0
16802,0.020678239373606244,0.004036746542529287,-1.54e-06,2.584289374165019,5.088702604112883,7.369621927310822,1.0052136313683062,9.345873581580353,0.12067054082980143,-58.802363479891255,-1.1573229341274334,-26.19964219860211,0.6295741068180681,28.271371053719346,0.2719344611720337,-0.04111222745372993,0.00015748,0.041128284600924284,0.00081957,1,0.0
16803,0.00012818795880617517,0.010363188145659532,-1.54e-06,2.584289374165019,5.088702604112883,28.080559622500974,1.0052136313683062,9.730197329570634,0.12067054082980143,-53.159227377621846,-1.1573229341274334,-17.687325282849642,0.6295741068180681,14.709069800311742,0.2719344611720337,-0.029103219926779444,0.00015748,0.04363869739898614,0.00081957,1,0.0
16804,0.021444184412101063,0.003256683832366306,-1.54e-06,2.584289374165019,5.088702604112883,-37.198760426853454,1.0052136313683062,1.2915661653462716,0.12067054082980143,-9.990095370565536,-1.1573229341274334,52.81233234435291,0.6295741068180681,9.616215235665734,0.2719344611720337,-0.02979454819120549,0.00015748,0.029999311057960578,0.00081957,1,0.0
16805,0.03512587550348334,0.09832760976877461,-1.54e-06,2.584289374165019,5.088702604112883,60.909418347101855,1.0052136313683062,-8.927133763248088,0.12067054082980143,-37.06447638757122,-1.1573229341274334,74.39263431270763,0.6295741068180681,18.938318444880068,0.2719344611720337,-0.05238547564064242,0.00015748,0.15383818796023793,0.00081957,1,0.0
16806,0.00011414835372556414,0.03378487371213934,-1.54e-06,2.584289374165019,5.088702604112883,33.53275806166077,1.0052136313683062,2.010316121329145,0.12067054082980143,-32.40661716417666,-1.1573229341274334,85.99634774677841,0.6295741068180681,-1.8875306383523704,0.2719344611720337,0.02094454164176768,0.00015748,0.048483661843836984,0.00081957,0,0.0
16807,0.00018802109756869967,0.04203953910242377,-1.54e-06,2.584289374165019,5.088702604112883,68.89201420410639,1.0052136313683062,5.394779207203921,0.12067054082980143,-28.550682747365418,-1.1573229341274334,57.57909082860278,0.6295741068180681,-16.632401732639146,0.2719344611720337,0.03817835461786027,0.00015748,0.05136005983550567,0.00081957,0,0.0
16808,0.060449649159347696,0.029930877582101178,-1.54e-06,2.584289374165019,5.088702604112883,18.148287950921492,1.0052136313683062,-1.5525645712966667,0.12067054082980143,-35.3410032509004,-1.1573229341274334,-70.42502189748714,0.6295741068180681,38.57902384588969,0.2719344611720337,-0.07982554117110785,0.00015748,0.08592511068652964,0.00081957,1,0.0
16809,0.14560621140516708,0.06597832113690297,-1.54e-06,2.584289374165019,5.088702604112883,-59.135140987031605,1.0052136313683062,16.34463206956962,0.12067054082980143,-0.613516884398416,-1.1573229341274334,-31.27377349845291,0.6295741068180681,4.695746584525687,0.2719344611720337,-0.117406890248162,0.00015748,0.11780996822901543,0.00081957,1,0.0
16810,0.14665693681711928,0.0011263873751657001,-1.54e-06,2.584289374165019,5.088702604112883,-56.97832775969677,1.0052136313683062,3.2874717072729465,0.12067054082980143,-26.8158178828828,-1.1573229341274334,-24.68865459243104,0.6295741068180681,45.99691377697124,0.2719344611720337,-0.00798716509395428,0.00015748,0.007998887026021063,0.00081957,1,0.0
16811,0.10586778436674324,0.0014608744968367463,-1.54e-06,2.584289374165019,5.088702604112883,-78.14225630471844,1.0052136313683062,-0.6834697160163806,0.12067054082980143,-30.698455325523454,-1.1573229341274334,56.84264646589934,0.6295741068180681,46.66486019905921,0.2719344611720337,-0.013074824705300426,0.00015748,0.013042923383786124,0.00081957,1,0.0
16812,0.00014769063586561604,0.08215662824483544,-1.54e-06,2.584289374165019,5.088702604112883,81.96777818910583,1.0052136313683062,24.943959933007026,0.12067054082980143,-3.9190981671592264,-1.1573229341274334,-98.97878311488579,0.6295741068180681,-51.87331833795256,0.2719344611720337,-0.09248941719251977,0.00015748,0.12633342876005527,0.00081957,1,0.0
16813,0.0001421143811036335,0.0036963986155179995,-1.54e-06,2.584289374165019,5.088702604112883,-28.4108757625967,1.0052136313683062,-0.5158063410517623,0.12067054082980143,-20.90821476553455,-1.1573229341274334,72.75284223882163,0.6295741068180681,13.5091977295003,0.2719344611720337,-0.00920518411788225,0.00015748,0.01590603441704608,0.00081957,1,0.0
16814,0.08678980203040221,0.018306361369999302,-1.54e-06,2.584289374165019,5.088702604112883,-46.67163716643268,1.0052136313683062,13.999963507687275,0.12067054082980143,-50.76059564643281,-1.1573229341274334,10.799214338258022,0.6295741068180681,29.898320292957845,0.2719344611720337,-0.06388088848450012,0.00015748,0.06382776005041034,0.00081957,1,0.0
16815,0.1281849951000357,0.012459396536896112,-1.54e-06,2.584289374165019,5.088702604112883,-10.665898408646667,1.0052136313683062,13.754123172745494,0.12067054082980143,-95.83339962119796,-1.1573229341274334,-86.99553280860586,0.6295741068180681,70.12533876243303,0.2719344611720337,-0.07443978236122431,0.00015748,0.0745180933023328,0.00081957,1,0.0
16816,0.20201165960643475,0.0034206191431462663,-1.54e-06,2.584289374165019,5.088702604112883,-63.80648464911002,1.0052136313683062,10.940270528818209,0.12067054082980143,-73.26815322533216,-1.1573229341274334,-57.972366831954446,0.6295741068180681,76.74877749539066,0.2719344611720337,-0.038323035668542435,0.00015748,0.03832208314969292,0.00081957,1,0.0
16817,0.04256094925854267,0.0001831637704279655,-1.54e-06,2.584289374165019,5.088702604112883,-1.4096507456790086,1.0052136313683062,2.122276518160463,0.12067054082980143,-2.529497457533965,-1.1573229341274334,-37.78857507563671,0.6295741068180681,7.5715176420805586,0.2719344611720337,-0.008285139915799508,0.00015748,0.008293448478036597,0.00081957,1,0.0
16818,0.05933820281506058,0.0002361879670204832,-1.54e-06,2.584289374165019,5.088702604112883,-6.133304412977129,1.0052136313683062,1.9201197667073406,0.12067054082980143,-1.4685595814186083,-1.1573229341274334,-44.607474556197694,0.6295741068180681,11.020740154347093,0.2719344611720337,-0.007935270005095429,0.00015748,0.007937578908206962,0.00081957,1,0.0
16819,0.00017314874508414513,0.015058081238624033,-1.54e-06,2.584289374165019,5.088702604112883,66.58591715557853,1.0052136313683062,7.50305745800079,0.12067054082980143,-14.12825943198204,-1.1573229341274334,-72.77181753273206,0.6295741068180681,-11.903846426301081,0.2719344611720337,-0.01755461591997227,0.00015748,0.04433637594568357,0.00081957,1,0.0
16820,0.05365011691868479,0.005834144018983911,-1.54e-06,2.584289374165019,5.088702604112883,0.3658846032737134,1.0052136313683062,12.314769682383035,0.12067054082980143,-73.72962082928987,-1.1573229341274334,-42.0426935483526,0.6295741068180681,40.687621820524974,0.2719344611720337,-0.050761263870388575,0.00015748,0.05085209561245225,0.00081957,1,0.0
16821,0.00030787865736302267,0.015173534572430359,-1.54e-06,2.584289374165019,5.088702604112883,10.181185806015266,1.0052136313683062,4.084894514942822,0.12067054082980143,-50.580494417268945,-1.1573229341274334,48.90502060483351,0.6295741068180681,18.895055790411746,0.2719344611720337,-0.004223929757650676,0.00015748,0.03319442396139209,0.00081957,1,0.0
16822,0.09156953466258991,0.0004234376782253365,-1.54e-06,2.584289374165019,5.088702604112883,-57.50467648722788,1.0052136313683062,4.086985320627562,0.12067054082980143,-52.35127557258758,-1.1573229341274334,32.86053102979611,0.6295741068180681,49.634775398368895,0.2719344611720337,-0.010948985168125284,0.00015748,0.010972726587536131,0.00081957,1,0.0
16823,-1.593296035484748e-05,0.011691516455405754,-1.54e-06,2.584289374165019,5.088702604112883,61.41156742137495,1.0052136313683062,10.151173596681183,0.12067054082980143,-18.313314501052957,-1.1573229341274334,-85.3250769930747,0.6295741068180681,-10.631250093634655,0.2719344611720337,-0.02835692838464615,0.00015748,0.044538088028573744,0.00081957,1,0.0
16824,0.07104679076460763,0.0011361223162187316,-1.54e-06,2.584289374165019,5.088702604112883,-70.65604513995986,1.0052136313683062,-0.8350635019127677,0.12067054082980143,-30.323768877973013,-1.1573229341274334,75.30310508215025,0.6295741068180681,38.75754565085997,0.2719344611720337,-0.01637700493433093,0.00015748,0.016409459827557402,0.00081957,1,0.0
16825,0.00016223295169956464,0.0009106601013069932,-1.54e-06,2.584289374165019,5.088702604112883,-46.942709872739535,1.0052136313683062,-3.5100935556107937,0.12067054082980143,-20.81046046577625,-1.1573229341274334,95.85207984849018,0.6295741068180681,20.831266114527697,0.2719344611720337,-0.01721866318963688,0.00015748,0.01724468438050022,0.00081957,1,0.0
16826,0.14546629679924084,0.002064347962049274,-1.54e-06,2.584289374165019,5.088702604112883,-49.780642271587034,1.0052136313683062,8.31723274178421,0.12067054082980143,-62.34937371549438,-1.1573229341274334,-32.60101232176561,0.6295741068180681,61.06773085704526,0.2719344611720337,-0.030508550897219575,0.00015748,0.0305329897081212,0.00081957,1,0.0
16827,0.14151428560604545,0.007104688043277658,-1.54e-06,2.584289374165019,5.088702604112883,-27.779028366876677,1.0052136313683062,14.566022928937972,0.12067054082980143,-90.9752114059239,-1.1573229341274334,-68.39369055222429,0.6295741068180681,68.5336806050903,0.2719344611720337,-0.059305834815507726,0.00015748,0.059306160257329384,0.00081957,1,0.0
16828,0.0001191383735470175,0.013037005840665394,-1.54e-06,2.584289374165019,5.088702604112883,11.558488887557242,1.0052136313683062,4.499293231744459,0.12067054082980143,-37.27180849965546,-1.1573229341274334,38.199926887572026,0.6295741068180681,9.749287998120446,0.2719344611720337,0.004263678887902562,0.00015748,0.022184715158338315,0.00081957,0,0.0
16829,0.002968146316157022,0.00632473870556602,-1.54e-06,2.584289374165019,5.088702604112883,37.922013940664165,1.0052136313683062,11.091621301629472,0.12067054082980143,-46.56941462726649,-1.1573229341274334,-70.8754679923274,0.6295741068180681,12.507109635005515,0.2719344611720337,-0.049363424291028656,0.00015748,0.049673793514851315,0.00081957,1,0.0
16830,0.1868001296849246,0.004032777557221658,-1.54e-06,2.584289374165019,5.088702604112883,-59.1871086802376,1.0052136313683062,12.16115434588267,0.12067054082980143,-82.53104391747232,-1.1573229341274334,-51.00831145770597,0.6295741068180681,77.42386512816658,0.2719344611720337,-0.043349471086696255,0.00015748,0.04347519194473067,0.00081957,1,0.0
16831,0.07597447309677072,0.0039140542923730435,-1.54e-06,2.584289374165019,5.088702604112883,-43.83865096965042,1.0052136313683062,10.382100104950277,0.12067054082980143,-98.75373044949647,-1.1573229341274334,27.81635512970622,0.6295741068180681,66.5828032505106,0.2719344611720337,-0.041822394589803594,0.00015748,0.04192935158511624,0.00081957,1,0.0
16832,0.15566566943308446,0.0050882023721885335,-1.54e-06,2.584289374165019,5.088702604112883,-32.26237777573619,1.0052136313683062,2.9906816243831145,0.12067054082980143,-30.82251680981467,-1.1573229341274334,-79.4620861011969,0.6295741068180681,51.09980010269814,0.2719344611720337,-0.036795979544299834,0.00015748,0.03676406794427069,0.00081957,1,0.0
16833,0.08019544017317681,0.002329742319494371,-1.54e-06,2.584289374165019,5.088702604112883,-75.37054269627914,1.0052136313683062,-3.7659320925240225,0.12067054082980143,-16.451367132833198,-1.1573229341274334,74.3800525410067,0.6295741068180681,36.55766012337209,0.2719344611720337,-0.022810876392411816,0.00015748,0.022821136120567072,0.00081957,1,0.0
16834,0.010465519566267387,0.01414614918097738,-1.54e-06,2.584289374165019,5.088702604112883,-17.177179173559782,1.0052136313683062,3.3482003361673445,0.12067054082980143,-87.23498009715885,-1.1573229341274334,41.962625451985765,0.6295741068180681,55.84338682018134,0.2719344611720337,-0.05863337252312357,0.00015748,0.05985685336787553,0.00081957,1,0.0
16835,0.058672598301625314,0.0015040072819872703,-1.54e-06,2.584289374165019,5.088702604112883,-72.58364872757586,1.0052136313683062,-2.6277877374364,0.12067054082980143,-26.938715629776325,-1.1573229341274334,90.88447361601139,0.6295741068180681,36.834315397394,0.2719344611720337,-0.019784551217756793,0.00015748,0.019836849593493817,0.00081957,1,0.0
16836,0.014169075117949681,0.010333471727335817,-1.54e-06,2.584289374165019,5.088702604112883,25.568326551284965,1.0052136313683062,14.283480416037762,0.12067054082980143,-82.94748537309503,-1.1573229341274334,-52.41037593193641,0.6295741068180681,34.42562183415848,0.2719344611720337,-0.06470082074318496,0.00015748,0.0647626681168527,0.00081957,1,0.0
16837,0.014670173423278199,0.0056468495122263635,-1.54e-06,2.584289374165019,5.088702604112883,36.04198304586742,1.0052136313683062,10.243311637601556,0.12067054082980143,-41.987518983022284,-1.1573229341274334,-79.33043610262422,0.6295741068180681,13.605548397128654,0.2719344611720337,-0.04858434122421695,0.00015748,0.04861431246511213,0.00081957,1,0.0
16838,0.0009556828993624866,0.038087714511693946,-1.54e-06,2.584289374165019,5.088702604112883,44.04516429037636,1.0052136313683062,8.225636607530397,0.12067054082980143,-99.8620182310368,-1.1573229341274334,1.5105964587980032,0.6295741068180681,43.74882099159486,0.2719344611720337,-0.06604192428517018,0.00015748,0.09976079787050184,0.00081957,1,0.0
16839,0.1599928634297384,0.0021512687362436307,-1.54e-06,2.584289374165019,5.088702604112883,-68.2750441631828,1.0052136313683062,9.335451080224386,0.12067054082980143,-78.39953936605356,-1.1573229341274334,-8.071370852877463,0.6295741068180681,73.6593069279943,0.2719344611720337,-0.03086873447273346,0.00015748,0.03089160553459812,0.00081957,1,0.0
16840,0.18906457386856357,0.0026047291404122054,-1.54e-06,2.584289374165019,5.088702604112883,-89.64562085950695,1.0052136313683062,1.632908411853363,0.12067054082980143,-29.222398479589206,-1.1573229341274334,-0.6592009840019523,0.6295741068180681,60.38442142762546,0.2719344611720337,-0.00909841290328781,0.00015748,0.009082328815078766,0.00081957,1,0.0
16841,5.2037414608810395e-05,0.009706353713690682,-1.54e-06,2.584289374165019,5.088702604112883,48.371784796395666,1.0052136313683062,4.390647755427439,0.12067054082980143,-2.5544020403283314,-1.1573229341274334,-56.50215106920871,0.6295741068180681,-11.686947897810034,0.2719344611720337,-0.010410386611731475,0.00015748,0.028583990408098028,0.00081957,1,0.0
16842,0.053347602839876274,0.0008306415316886709,-1.54e-06,2.584289374165019,5.088702604112883,-40.64562053102511,1.0052136313683062,6.053898215325048,0.12067054082980143,-62.97038049764003,-1.1573229341274334,37.661949926376835,0.6295741068180681,44.66931991765974,0.2719344611720337,-0.019835127629343165,0.00015748,0.01988273656993211,0.00081957,1,0.0
16843,0.2972478988090323,0.11846667947689137,-1.54e-06,2.584289374165019,5.088702604112883,16.770602135171913,1.0052136313683062,-4.085538234210006,0.12067054082980143,-42.447112197195054,-1.1573229341274334,-67.69652496483636,0.6295741068180681,70.5422629076666,0.2719344611720337,-0.05416794096745034,0.00015748,0.16555261098690394,0.00081957,1,0.0
16844,0.00021980626787321267,0.028598847839916994,-1.54e-06,2.584289374165019,5.088702604112883,59.88118052519551,1.0052136313683062,7.731137250864196,0.12067054082980143,-9.418457528637095,-1.1573229341274334,-3.2163772413057896,0.6295741068180681,-23.567722997564918,0.2719344611720337,0.008751044704429951,0.00015748,0.04584306860212719,0.00081957,0,0.0
16845,0.060400681973589304,0.00038619357577057483,-1.54e-06,2.584289374165019,5.088702604112883,-1.98584091324489,1.0052136313683062,3.013588108302147,0.12067054082980143,-4.810803217611463,-1.1573229341274334,-53.37810131261481,0.6295741068180681,11.573090781475099,0.2719344611720337,-0.012461421483852552,0.00015748,0.012484777881922236,0.00081957,1,0.0
16846,5.427860374246363e-05,0.010636279475951802,-1.54e-06,2.584289374165019,5.088702604112883,67.48824620251301,1.0052136313683062,8.258175501331753,0.12067054082980143,-11.197819206921515,-1.1573229341274334,-100.0,0.6295741068180681,-11.829728713539057,0.2719344611720337,-0.0304191657155389,0.00015748,0.04538405003606667,0.00081957,1,0.0
16847,0.05033662460631985,0.05536387724828292,-1.54e-06,2.584289374165019,5.088702604112883,-35.78779519577288,1.0052136313683062,-10.81459642971008,0.12067054082980143,-53.85310837416885,-1.1573229341274334,48.63592910681001,0.6295741068180681,66.0788280141092,0.2719344611720337,-0.09932882335817775,0.00015748,0.10429791225550197,0.00081957,1,0.0
16848,8.442644187628412e-05,0.04381564843931373,-1.54e-06,2.584289374165019,5.088702604112883,54.12923453925911,1.0052136313683062,1.7474357807550651,0.12067054082980143,-16.10336053484497,-1.1573229341274334,85.40698307253037,0.6295741068180681,-18.62153308211018,0.2719344611720337,0.0230965883262354,0.00015748,0.06651240814735498,0.00081957,0,0.0
16849,0.00020861576898689727,0.0027287704102030657,-1.54e-06,2.584289374165019,5.088702604112883,-24.84993862749192,1.0052136313683062,5.692439036113066,0.12067054082980143,-62.42618541145669,-1.1573229341274334,65.16333142401821,0.6295741068180681,31.750052812667956,0.2719344611720337,-0.0154672155923311,0.00015748,0.019268093609651267,0.00081957,1,0.0
16850,0.013411645753350396,0.02065665826973951,-1.54e-06,2.584289374165019,5.088702604112883,48.57861564878692,1.0052136313683062,4.862859940806511,0.12067054082980143,-45.68859108524857,-1.1573229341274334,-98.69250996063363,0.6295741068180681,25.288267742386722,0.2719344611720337,-0.08161803063053386,0.00015748,0.08152560657087335,0.00081957,1,0.0
16851,0.0006297660656724435,0.030962946212618712,-1.54e-06,2.584289374165019,5.088702604112883,42.015484966912055,1.0052136313683062,1.0002133378919593,0.12067054082980143,-37.41943073747782,-1.1573229341274334,34.886027368489565,0.6295741068180681,8.411905330594742,0.2719344611720337,-0.012334733698715579,0.00015748,0.06446485696652168,0.00081957,1,0.0
16852,0.026683394950160616,0.05817698534940882,-1.54e-06,2.584289374165019,5.088702604112883,17.482890253124253,1.0052136313683062,-7.860056917867979,0.12067054082980143,-39.03063067398074,-1.1573229341274334,19.885493097421698,0.6295741068180681,37.18996059875236,0.2719344611720337,-0.0794596257701087,0.00015748,0.1111306005652204,0.00081957,1,0.0
16853,0.08479147793583022,0.0036013095970192305,-1.54e-06,2.584289374165019,5.088702604112883,-5.3201460320732865,1.0052136313683062,10.045875296122924,0.12067054082980143,-53.454736460128906,-1.1573229341274334,-63.54515976727017,0.6295741068180681,37.92109970965524,0.2719344611720337,-0.041908121957814626,0.00015748,0.04191219680120298,0.00081957,1,0.0
16854,0.13587189487378415,0.001864019544755206,-1.54e-06,2.584289374165019,5.088702604112883,-67.74687355294151,1.0052136313683062,8.681183255948016,0.12067054082980143,-83.52644788943621,-1.1573229341274334,14.909614532093146,0.6295741068180681,72.88881668478903,0.2719344611720337,-0.029495304339946606,0.00015748,0.029501129285318846,0.00081957,1,0.0
16855,0.21791577609588497,0.0031335106278140407,-1.54e-06,2.584289374165019,5.088702604112883,-72.12392577087621,1.0052136313683062,10.025661040565335,0.12067054082980143,-68.16925959211187,-1.1573229341274334,-57.459657868967476,0.6295741068180681,78.51478567472884,0.2719344611720337,-0.03336533097429287,0.00015748,0.033408029702694256,0.00081957,1,0.0
16856,0.17774062374287464,0.0018290902453741585,-1.54e-06,2.584289374165019,5.088702604112883,-90.97923765831189,1.0052136313683062,2.4998759404717203,0.12067054082980143,-44.96004652749709,-1.1573229341274334,15.398458028300078,0.6295741068180681,67.05858656469725,0.2719344611720337,-0.004245755700000713,0.00015748,0.004268792908660605,0.00081957,1,0.0
16857,0.001191580855630335,0.00042875891402426275,-1.54e-06,2.584289374165019,5.088702604112883,6.101462741363604,1.0052136313683062,2.908801159911775,0.12067054082980143,-16.198361676460802,-1.1573229341274334,-10.946349778934986,0.6295741068180681,6.148840822496123,0.2719344611720337,-0.01299334233371546,0.00015748,0.013002999240772195,0.00081957,1,0.0
16858,0.05956935593747226,0.009850702373741062,-1.54e-06,2.584289374165019,5.088702604112883,24.488691721382587,1.0052136313683062,16.400563009973272,0.12067054082980143,-66.44904580856647,-1.1573229341274334,-97.6481681696235,0.6295741068180681,29.665564842702366,0.2719344611720337,-0.06307819682611732,0.00015748,0.06305667704864004,0.00081957,1,0.0
16859,0.00021572725899771106,0.07596078995756998,-1.54e-06,2.584289374165019,5.088702604112883,7.406482632327483,1.0052136313683062,18.528635236098307,0.12067054082980143,-46.737126568927856,-1.1573229341274334,96.70118182851567,0.6295741068180681,-16.381249613205174,0.2719344611720337,-0.0758237211833622,0.00015748,0.12929417718002809,0.00081957,1,0.0
16860,0.00013513989589754305,0.011347824912144868,-1.54e-06,2.584289374165019,5.088702604112883,-12.927582104151066,1.0052136313683062,4.9467940293043124,0.12067054082980143,-62.70152856506864,-1.1573229341274334,82.15586660458474,0.6295741068180681,27.64524668272835,0.2719344611720337,0.0005915460781098711,0.00015748,0.022066100307785226,0.00081957,0,0.0
16861,0.0005166274119554615,0.026544271651525665,-1.54e-06,2.584289374165019,5.088702604112883,68.52826071236157,1.0052136313683062,21.068307898256187,0.12067054082980143,-93.84156637753838,-1.1573229341274334,-77.96376032202012,0.6295741068180681,20.14385886888732,0.2719344611720337,-0.06774447031373576,0.00015748,0.08949394867759819,0.00081957,1,0.0
16862,0.00028962536173449127,0.02481415016297708,-1.54e-06,2.584289374165019,5.088702604112883,47.44939216438288,1.0052136313683062,15.130714679072875,0.12067054082980143,-98.96025147178915,-1.1573229341274334,-11.700883880062474,0.6295741068180681,31.238306823729708,0.2719344611720337,-0.04715355102642079,0.00015748,0.07923007877362045,0.00081957,1,0.0
16863,0.16434552703585134,0.002535428421927498,-1.54e-06,2.584289374165019,5.088702604112883,-76.9921485952362,1.0052136313683062,2.089787525557807,0.12067054082980143,-49.014041379636645,-1.1573229341274334,2.1049654194457803,0.6295741068180681,67.44960293226502,0.2719344611720337,-0.014953420071007716,0.00015748,0.014889504274301944,0.00081957,1,0.0
16864,0.05660489619074216,0.010493820090599055,-1.54e-06,2.584289374165019,5.088702604112883,-1.766019995687636,1.0052136313683062,6.408992112625459,0.12067054082980143,-69.0239690298387,-1.1573229341274334,-38.01530841143759,0.6295741068180681,48.511962590164536,0.2719344611720337,-0.05932128955829618,0.00015748,0.05966166997138692,0.00081957,1,0.0
16865,0.0426158027770655,0.011285272295681641,-1.54e-06,2.584289374165019,5.088702604112883,30.60349959456426,1.0052136313683062,15.021348844764198,0.12067054082980143,-76.64770136080986,-1.1573229341274334,-90.44320383534318,0.6295741068180681,35.18629624040711,0.2719344611720337,-0.0698346451289287,0.00015748,0.06987706654796297,0.00081957,1,0.0
16866,0.0913134679145729,0.0034201604180047925,-1.54e-06,2.584289374165019,5.088702604112883,-18.585884926987017,1.0052136313683062,10.282812681237171,0.12067054082980143,-64.34604023152697,-1.1573229341274334,-42.10398800618842,0.6295741068180681,46.5141507585894,0.2719344611720337,-0.040864707851968406,0.00015748,0.04089530584397389,0.00081957,1,0.0
16867,0.00011509011071678121,0.008157477969564966,-1.54e-06,2.584289374165019,5.088702604112883,54.836387397083605,1.0052136313683062,12.054597253470961,0.12067054082980143,-38.21376949495929,-1.1573229341274334,-100.0,0.6295741068180681,3.9256244112771173,0.2719344611720337,-0.05291866923868704,0.00015748,0.05456975364838821,0.00081957,1,0.0
16868,0.16347356184607767,0.0513947551008101,-1.54e-06,2.584289374165019,5.088702604112883,-41.14234001449163,1.0052136313683062,-9.419904188711865,0.12067054082980143,-27.773392950840606,-1.1573229341274334,-52.31872709226276,0.6295741068180681,71.16358309636442,0.2719344611720337,-0.09543303280175994,0.00015748,0.10089422472600545,0.00081957,1,0.0
16869,0.08376463462027844,0.0021315350913100745,-1.54e-06,2.584289374165019,5.088702604112883,-20.625121287509614,1.0052136313683062,8.769902936250494,0.12067054082980143,-53.1096853136869,-1.1573229341274334,-32.72157253473265,0.6295741068180681,39.83251339037751,0.2719344611720337,-0.03212724383954144,0.00015748,0.032128855541012837,0.00081957,1,0.0
16870,0.021121928629476594,0.005636841370687097,-1.54e-06,2.584289374165019,5.088702604112883,15.619606909875634,1.0052136313683062,11.234371494035232,0.12067054082980143,-62.887382236225505,-1.1573229341274334,-42.54975768015462,0.6295741068180681,27.760925338005766,0.2719344611720337,-0.04835555312245919,0.00015748,0.04837102552169188,0.00081957,1,0.0
16871,0.07590993298081147,0.0011620599696063822,-1.54e-06,2.584289374165019,5.088702604112883,-66.18531861501744,1.0052136313683062,-1.2179438011718278,0.12067054082980143,-24.146396406318154,-1.1573229341274334,61.01154584822292,0.6295741068180681,36.28573500089348,0.2719344611720337,-0.014966250221541147,0.00015748,0.014946979336755463,0.00081957,1,0.0
16872,0.2505025535321898,0.1598532225192255,-1.54e-06,2.584289374165019,5.088702604112883,75.54594730055754,1.0052136313683062,0.4458891434353843,0.12067054082980143,-92.27542045424121,-1.1573229341274334,98.46689670853372,0.6295741068180681,53.83907385811898,0.2719344611720337,0.004997347359762122,0.00015748,0.21531782273451944,0.00081957,0,0.0
16873,0.07186975109794771,0.0002903115897811012,-1.54e-06,2.584289374165019,5.088702604112883,-33.05952460712856,1.0052136313683062,2.6416529586474353,0.12067054082980143,-28.381537318102495,-1.1573229341274334,0.34384320338156793,0.6295741068180681,31.177809976509604,0.2719344611720337,-0.008552048746796326,0.00015748,0.008558180634417805,0.00081957,1,0.0
16874,0.1984928246119684,0.002051939206713014,-1.54e-06,2.584289374165019,5.088702604112883,-78.9525688048819,1.0052136313683062,3.9799317533799816,0.12067054082980143,-36.615534680154404,-1.1573229341274334,-29.60731920132714,0.6295741068180681,63.32126866296697,0.2719344611720337,-0.009116314307955769,0.00015748,0.009122477001026991,0.00081957,1,0.0
16875,0.04664470923003716,0.004264070470742904,-1.54e-06,2.584289374165019,5.088702604112883,-12.198995403243288,1.0052136313683062,10.175044825902539,0.12067054082980143,-75.98662699105255,-1.1573229341274334,-9.989688963933844,0.6295741068180681,44.5548993583652,0.2719344611720337,-0.04339576149049147,0.00015748,0.043414568195833655,0.00081957,1,0.0
16876,0.037539686921039817,0.004452235112393608,-1.54e-06,2.584289374165019,5.088702604112883,-13.433707268103094,1.0052136313683062,10.989634230119796,0.12067054082980143,-80.90230684332673,-1.1573229341274334,1.8411506298345872,0.6295741068180681,44.38644461406948,0.2719344611720337,-0.04315525558559845,0.00015748,0.043343413560180996,0.00081957,1,0.0
16877,0.2696442370206954,0.003713803318051562,-1.54e-06,2.584289374165019,5.088702604112883,-94.06049140296277,1.0052136313683062,6.208333594412018,0.12067054082980143,-47.449145125292816,-1.1573229341274334,-66.31624418472805,0.6295741068180681,82.92611642538137,0.2719344611720337,-0.01780044522148591,0.00015748,0.01782280578897056,0.00081957,1,0.0
16878,0.2321192274782935,0.002972983930466497,-1.54e-06,2.584289374165019,5.088702604112883,-77.70593762384512,1.0052136313683062,3.7363597061016427,0.12067054082980143,-25.476929197071907,-1.1573229341274334,-65.68447182272793,0.6295741068180681,63.698339291395605,0.2719344611720337,-0.008931149381481148,0.00015748,0.008941567303205767,0.00081957,1,0.0
16879,0.1409696370500615,0.006883282873169712,-1.54e-06,2.584289374165019,5.088702604112883,-75.69692709446328,1.0052136313683062,-3.7532237985750654,0.12067054082980143,-31.442318949230877,-1.1573229341274334,21.92106689056896,0.6295741068180681,60.36081680692993,0.2719344611720337,-0.027533467057840245,0.00015748,0.027902823472880096,0.00081957,1,0.0
16880,0.05984366082952311,0.033616512732111234,-1.54e-06,2.584289374165019,5.088702604112883,6.374573415279073,1.0052136313683062,4.249078162293102,0.12067054082980143,-87.43858378635326,-1.1573229341274334,-32.33452357760426,0.6295741068180681,62.87643570258644,0.2719344611720337,-0.08557701530508853,0.00015748,0.09517407233431417,0.00081957,1,0.0
16881,0.004091941305710837,5.402860603238284e-06,-1.54e-06,2.584289374165019,5.088702604112883,-9.467773682998816,1.0052136313683062,0.39114087425142474,0.12067054082980143,-10.544275486894492,-1.1573229341274334,16.248309791135163,0.6295741068180681,7.513471211658589,0.2719344611720337,-0.0008200936520472504,0.00015748,0.0008197535645076883,0.00081957,1,0.0
16882,0.06062952618349952,0.004484742204690731,-1.54e-06,2.584289374165019,5.088702604112883,-34.970818028196824,1.0052136313683062,1.6111410068161898,0.12067054082980143,-54.47668862556722,-1.1573229341274334,20.500118736956637,0.6295741068180681,48.32077400493221,0.2719344611720337,-0.03263848422485972,0.00015748,0.03263047017734787,0.00081957,1,0.0
16883,0.15698076675088343,0.001832090887869108,-1.54e-06,2.584289374165019,5.088702604112883,-64.67732673128486,1.0052136313683062,0.5621189421763602,0.12067054082980143,-13.713927412139938,-1.1573229341274334,-20.902076288446413,0.6295741068180681,44.24143473196495,0.2719344611720337,-0.004108183102444905,0.00015748,0.004125107075473528,0.00081957,1,0.0
16884,0.09157279655380633,0.0033204354007431896,-1.54e-06,2.584289374165019,5.088702604112883,-83.78192874324218,1.0052136313683062,-1.1960198335327208,0.12067054082980143,-62.69743254331968,-1.1573229341274334,88.42910352087327,0.6295741068180681,66.20174559807987,0.2719344611720337,-0.017015031166054448,0.00015748,0.017204181964161416,0.00081957,1,0.0
16885,0.00044371460323267,0.03969473310138196,-1.54e-06,2.584289374165019,5.088702604112883,75.9953031936573,1.0052136313683062,23.09101671517371,0.12067054082980143,-69.67848945534969,-1.1573229341274334,-58.51134363569957,0.6295741068180681,-5.590820719330125,0.2719344611720337,-0.04990865469184126,0.00015748,0.09077271897706322,0.00081957,1,0.0
16886,0.0012148169586315774,0.0009863588729989328,-1.54e-06,2.584289374165019,5.088702604112883,-47.05986837137832,1.0052136313683062,-2.9114319187936712,0.12067054082980143,-30.842698124750903,-1.1573229341274334,97.17328633402809,0.6295741068180681,26.824184916003535,0.2719344611720337,-0.012682922832471442,0.00015748,0.012859521844299358,0.00081957,1,0.0
16887,0.07647781270241433,0.00043679940446037847,-1.54e-06,2.584289374165019,5.088702604112883,-76.46936938151511,1.0052136313683062,5.316900002646336,0.12067054082980143,-82.31407143328076,-1.1573229341274334,88.7942505521257,0.6295741068180681,64.7015813335914,0.2719344611720337,-0.013898952804994074,0.00015748,0.013902788291812827,0.00081957,1,0.0
16888,0.11824439960298921,0.0006936174200999832,-1.54e-06,2.584289374165019,5.088702604112883,-95.38171148248585,1.0052136313683062,3.2841353123909935,0.12067054082980143,-72.84411116536785,-1.1573229341274334,85.00481160481745,0.6295741068180681,71.36458098023434,0.2719344611720337,-0.00649269016544158,0.00015748,0.00653713183518373,0.00081957,1,0.0
16889,0.13973042469696256,0.011839644709925662,-1.54e-06,2.584289374165019,5.088702604112883,-14.094485068922431,1.0052136313683062,12.584635605092892,0.12067054082980143,-89.33281423749803,-1.1573229341274334,-92.0124180756139,0.6295741068180681,70.37879251306748,0.2719344611720337,-0.07191414014581225,0.00015748,0.07198056504574914,0.00081957,1,0.0
16890,0.0001983457212746953,0.025781294954063734,-1.54e-06,2.584289374165019,5.088702604112883,17.814366558725567,1.0052136313683062,9.739882561206459,0.12067054082980143,-87.26867856946618,-1.1573229341274334,87.5364374885752,0.6295741068180681,27.10057137154309,0.2719344611720337,0.003801354943466541,0.00015748,0.0484755870164865,0.00081957,0,0.0
16891,0.12175761494650839,0.0011297040300352332,-1.54e-06,2.584289374165019,5.088702604112883,-17.95133227335989,1.0052136313683062,4.878074630447881,0.12067054082980143,-15.636264727127203,-1.1573229341274334,-79.16534096217549,0.6295741068180681,29.629567774320243,0.2719344611720337,-0.020026280610724846,0.00015748,0.020022549598621847,0.00081957,1,0.0
16892,0.15053627870137942,0.07422789752362703,-1.54e-06,2.584289374165019,5.088702604112883,-69.5568960102591,1.0052136313683062,25.977678476221953,0.12067054082980143,-70.97610243719038,-1.1573229341274334,-7.182970485574089,0.6295741068180681,37.06091862219915,0.2719344611720337,-0.1264029956019045,0.00015748,0.12647313223406687,0.00081957,1,0.0
16893,0.18984327322825434,0.0022884739518807887,-1.54e-06,2.584289374165019,5.088702604112883,-68.11708963177553,1.0052136313683062,8.329094003929109,0.12067054082980143,-63.86574801172843,-1.1573229341274334,-38.859186602851786,0.6295741068180681,72.22652980710266,0.2719344611720337,-0.028212973209009617,0.00015748,0.028224394152284824,0.00081957,1,0.0
16894,0.11560912824213451,0.004573670843472542,-1.54e-06,2.584289374165019,5.088702604112883,-33.206887388453055,1.0052136313683062,7.015033892016586,0.12067054082980143,-66.47277376119463,-1.1573229341274334,-34.73243131500441,0.6295741068180681,59.32884263990963,0.2719344611720337,-0.042214257099863636,0.00015748,0.04224001483278088,0.00081957,1,0.0
16895,0.12741185361672025,0.001169604397105162,-1.54e-06,2.584289374165019,5.088702604112883,-63.372028236479494,1.0052136313683062,6.678680261951975,0.12067054082980143,-67.10204919813374,-1.1573229341274334,12.225950394247905,0.6295741068180681,63.247132575058224,0.2719344611720337,-0.021523246562408442,0.00015748,0.02157545686274446,0.00081957,1,0.0
16896,0.13033899382734104,0.06059274314991766,-1.54e-06,2.584289374165019,5.088702604112883,-27.78628032499464,1.0052136313683062,21.307648526089555,0.12067054082980143,-19.098139366695097,-1.1573229341274334,-75.94093940321774,0.6295741068180681,4.90535198101327,0.2719344611720337,-0.11042983951697351,0.00015748,0.11071699169188899,0.00081957,1,0.0
16897,0.12382756261739017,0.0009983956132457441,-1.54e-06,2.584289374165019,5.088702604112883,-79.32455106967454,1.0052136313683062,7.149615113097432,0.12067054082980143,-82.36833459465751,-1.1573229341274334,48.897488958559045,0.6295741068180681,72.18597523519061,0.2719344611720337,-0.020491315211734043,0.00015748,0.020492396032528837,0.00081957,1,0.0
16898,0.12470934720923782,0.09705702103013433,-1.54e-06,2.584289374165019,5.088702604112883,41.088317872930986,1.0052136313683062,-5.685096139233646,0.12067054082980143,-43.481085533492916,-1.1573229341274334,79.15099166529282,0.6295741068180681,30.75205745367272,0.2719344611720337,-0.02163229907037484,0.00015748,0.1476991599815238,0.00081957,1,0.0
16899,0.11421664190560613,0.0006172677159105607,-1.54e-06,2.584289374165019,5.088702604112883,-66.23957939091426,1.0052136313683062,3.4366143661395308,0.12067054082980143,-50.61761004298583,-1.1573229341274334,28.302408695117197,0.6295741068180681,54.770775949311776,0.2719344611720337,-0.008419279171478496,0.00015748,0.008434064770622508,0.00081957,1,0.0
16900,0.0017549426078735664,0.0018563872812551018,-1.54e-06,0.8768481884349242,2.6102580191229356,9.394626548416655,1.0052136313683062,26.385396352201592,0.12067054082980143,-73.13032229605845,-1.1573229341274334,37.51312502737311,0.6295741068180681,14.454982776788302,0.2719344611720337,0.27456794203096124,0.00015748,2.9433917916214316,0.00081957,0,0.0
16901,-0.7428043407455415,2.2792892997635166,-1.54e-06,0.8768481884349242,2.6102580191229356,60.742619075756366,1.0052136313683062,11.902463975737142,0.12067054082980143,-1.0298092673406805,-1.1573229341274334,60.68248529886897,0.6295741068180681,-66.7333650064653,0.2719344611720337,2.7267588918967407,0.00015748,4.404828513583326,0.00081957,0,0.0
16902,1.1034415608825392,0.5395878444274266,-1.54e-06,0.8768481884349242,2.6102580191229356,41.62697939720698,1.0052136313683062,49.71146034501118,0.12067054082980143,-36.33918432763556,-1.1573229341274334,-73.69414970752044,0.6295741068180681,-3.9797935678349763,0.2719344611720337,0.2627708423463919,0.00015748,6.567829139066461,0.00081957,0,0.0
16903,-0.01211329357265667,0.8687632071887119,-1.54e-06,0.8768481884349242,2.6102580191229356,41.65882440984864,1.0052136313683062,37.19499120869688,0.12067054082980143,-80.62866477459798,-1.1573229341274334,75.55770139489488,0.6295741068180681,-16.609476564051683,0.2719344611720337,2.6409681331723744,0.00015748,5.3943897553776194,0.00081957,0,0.0
16904,-0.47189053259022806,1.8372298386191148,-1.54e-06,0.8768481884349242,2.6102580191229356,82.40117543311848,1.0052136313683062,60.813740661597556,0.12067054082980143,-99.9464974774279,-1.1573229341274334,71.51999811065446,0.6295741068180681,-48.18955642950129,0.2719344611720337,3.1751647668755667,0.00015748,9.217141403277529,0.00081957,0,0.0
16905,0.760374921111203,0.2730171034280556,-1.54e-06,0.8768481884349242,2.6102580191229356,7.718449859754748,1.0052136313683062,14.091919566744222,0.12067054082980143,-1.1000028588493598,-1.1573229341274334,-34.10074654352456,0.6295741068180681,3.783746606984101,0.2719344611720337,0.2988046682036174,0.00015748,1.6483390453874778,0.00081957,0,0.0
16906,-0.35644227075222545,2.9232748681575775,-1.54e-06,0.8768481884349242,2.6102580191229356,95.24798772046981,1.0052136313683062,60.10064523629031,0.12067054082980143,-41.753252554902026,-1.1573229341274334,26.17366187043711,0.6295741068180681,-78.78811592309057,0.2719344611720337,3.6795496675871355,0.00015748,8.432389278235114,0.00081957,0,0.0
16907,-0.007078349624333846,0.772476274935849,-1.54e-06,0.8768481884349242,2.6102580191229356,39.232842896289064,1.0052136313683062,42.05066131569512,0.12067054082980143,-63.52376809462383,-1.1573229341274334,38.8835671448502,0.6295741068180681,-19.192316511197657,0.2719344611720337,1.7940914617070267,0.00015748,4.79299463034282,0.00081957,0,0.0
16908,-0.7139862846416511,2.273374304157773,-1.54e-06,0.8768481884349242,2.6102580191229356,70.75120873585122,1.0052136313683062,31.008899625106334,0.12067054082980143,-42.7117043898533,-1.1573229341274334,72.7475688231286,0.6295741068180681,-61.28260578271417,0.2719344611720337,3.2428336943425737,0.00015748,6.177723032466677,0.00081957,0,0.0
16909,0.0033177215800623827,0.026427202472836274,-1.54e-06,0.8768481884349242,2.6102580191229356,41.70495369969453,1.0052136313683062,34.720593154527336,0.12067054082980143,-33.76668912603222,-1.1573229341274334,-25.621320419811532,0.6295741068180681,-19.91800340522045,0.2719344611720337,0.27066269102395735,0.00015748,5.080517652855322,0.00081957,0,0.0
16910,-0.011616467118819251,0.7912752244996358,-1.54e-06,0.8768481884349242,2.6102580191229356,77.50631932858559,1.0052136313683062,46.47551976378628,0.12067054082980143,-29.27819688833518,-1.1573229341274334,-15.247547678925768,0.6295741068180681,-54.61525379543608,0.2719344611720337,2.054405190268263,0.00015748,7.826775687013296,0.00081957,0,0.0
16911,1.8913965665860581,1.0237560712635412,-1.54e-06,0.8768481884349242,2.6102580191229356,-43.03407139183223,1.0052136313683062,9.68142342099685,0.12067054082980143,-60.6454571544615,-1.1573229341274334,4.265306605190064,0.6295741068180681,77.2236939487909,0.2719344611720337,-0.20314118803942058,0.00015748,0.19831034541645917,0.00081957,1,0.0
16912,0.6385865786134448,0.28007695893825624,-1.54e-06,0.8768481884349242,2.6102580191229356,58.478785142129006,1.0052136313683062,55.516160179029924,0.12067054082980143,-39.194649312185014,-1.1573229341274334,-72.99020251846972,0.6295741068180681,-21.36171149970807,0.2719344611720337,0.2619823353379096,0.00015748,7.7381048419486,0.00081957,0,0.0
16913,0.7059369230101367,0.16587241852994364,-1.54e-06,0.8768481884349242,2.6102580191229356,16.845021442640615,1.0052136313683062,46.78563176633045,0.12067054082980143,-95.14693343464708,-1.1573229341274334,8.629070260613185,0.6295741068180681,25.595433925429546,0.2719344611720337,0.264402612973083,0.00015748,5.244716893807322,0.00081957,0,0.0
16914,0.729735743689695,0.9091092630560713,-1.54e-06,0.8768481884349242,2.6102580191229356,32.50066752607807,1.0052136313683062,42.67814170695774,0.12067054082980143,-54.011580869392986,-1.1573229341274334,-0.191761714289454,0.6295741068180681,-4.303041321489956,0.2719344611720337,1.461299175158625,0.00015748,5.032233485682219,0.00081957,0,0.0
16915,1.9809997856946309,1.1821965450496563,-1.54e-06,0.8768481884349242,2.6102580191229356,-30.85445546245552,1.0052136313683062,22.649548630822018,0.12067054082980143,-74.71718373050078,-1.1573229341274334,6.545074023769371,0.6295741068180681,71.1557515647604,0.2719344611720337,0.297898265466752,0.00015748,1.6509186992437672,0.00081957,0,0.0
16916,-0.28120364178696766,3.166436705386687,-1.54e-06,0.8768481884349242,2.6102580191229356,65.59635224379626,1.0052136313683062,25.13162130513922,0.12067054082980143,-48.370383636675825,-1.1573229341274334,7.611254916463851,0.6295741068180681,-32.684526123808766,0.2719344611720337,0.5701367435916254,0.00015748,8.488287195492761,0.00081957,0,0.0
16917,1.1009573551227634,0.48639736342808054,-1.54e-06,0.8768481884349242,2.6102580191229356,46.22258002917602,1.0052136313683062,66.53190895502976,0.12067054082980143,-80.57496110254499,-1.1573229341274334,-55.41089704275887,0.6295741068180681,5.987514111648101,0.2719344611720337,0.25930787486758433,0.00015748,8.27790578996127,0.00081957,0,0.0
16918,0.00048529266150654227,0.3554826475658552,-1.54e-06,0.8768481884349242,2.6102580191229356,34.35822687359866,1.0052136313683062,18.79504172429149,0.12067054082980143,-17.65110385615021,-1.1573229341274334,14.84818945308992,0.6295741068180681,-25.323911706087344,0.2719344611720337,1.4887284039588362,0.00015748,3.3941512092443826,0.00081957,0,0.0
16919,0.0024106803281780387,0.052182128815486936,-1.54e-06,0.8768481884349242,2.6102580191229356,63.90713431447388,1.0052136313683062,48.59932080110893,0.12067054082980143,-35.838234724415486,-1.1573229341274334,-51.086851544783094,0.6295741068180681,-34.80105975268471,0.2719344611720337,0.3013650541107542,0.00015748,7.387833976017356,0.00081957,0,0.0
16920,2.226334927543502,1.5073223918260497,-1.54e-06,0.8768481884349242,2.6102580191229356,-37.396903242866266,1.0052136313683062,21.366854189491832,0.12067054082980143,-77.05443906807548,-1.1573229341274334,6.520144812602889,0.6295741068180681,80.02121418095754,0.2719344611720337,0.3045474982136823,0.00015748,1.4131373070307705,0.00081957,0,0.0
16921,1.1465259040242937,0.585126704965804,-1.54e-06,0.8768481884349242,2.6102580191229356,66.38321589837983,1.0052136313683062,81.9081286254636,0.12067054082980143,-86.86995008829435,-1.1573229341274334,-79.88588655499453,0.6295741068180681,-5.600154367495579,0.2719344611720337,0.25792158480881255,0.00015748,10.543037896282385,0.00081957,0,0.0
16922,0.6530214656398248,0.2503912243353582,-1.54e-06,0.8768481884349242,2.6102580191229356,60.315634145154874,1.0052136313683062,67.59394435471619,0.12067054082980143,-75.19625746440222,-1.1573229341274334,-56.13609609220217,0.6295741068180681,-11.441317701653974,0.2719344611720337,0.25870824769323075,0.00015748,8.979204975436293,0.00081957,0,0.0
16923,0.2682430168798842,0.055471460974193094,-1.54e-06,0.8768481884349242,2.6102580191229356,3.461196177031316,1.0052136313683062,10.880800585410762,0.12067054082980143,-22.560249262559708,-1.1573229341274334,6.149822636150871,0.6295741068180681,6.657608500447054,0.2719344611720337,0.31592756763967605,0.00015748,1.2113408714470417,0.00081957,0,0.0
16924,2.359014527180368,1.695142744824208,-1.54e-06,0.8768481884349242,2.6102580191229356,26.99975551618982,1.0052136313683062,74.71783761194918,0.12067054082980143,-98.6599230953504,-1.1573229341274334,-75.77926515416145,0.6295741068180681,42.50590886432626,0.2719344611720337,0.2597481284544081,0.00015748,8.537528571452064,0.00081957,0,0.0
16925,1.4299452066869336,10.210146914338342,-1.54e-06,0.8768481884349242,2.6102580191229356,-77.8761785243928,1.0052136313683062,-32.66948140617111,0.12067054082980143,-37.2818570818042,-1.1573229341274334,71.00244416016433,0.6295741068180681,88.66086777162873,0.2719344611720337,-4.6141832108700465,0.00015748,0.22584792288248412,0.00081957,1,0.0
16926,-0.6438213328100861,2.090562199571643,-1.54e-06,0.8768481884349242,2.6102580191229356,57.32763978426039,1.0052136313683062,21.337477399070654,0.12067054082980143,-32.25717896531682,-1.1573229341274334,77.09003676822634,0.6295741068180681,-53.79489713703516,0.2719344611720337,3.059332043257668,0.00015748,4.717616763168398,0.00081957,0,0.0
16927,0.9483736738427027,0.3065125141237383,-1.54e-06,0.8768481884349242,2.6102580191229356,-3.278016733549392,1.0052136313683062,22.26512059916447,0.12067054082980143,-46.15145365377906,-1.1573229341274334,-2.433539034376164,0.6295741068180681,27.916342620311024,0.2719344611720337,0.2863142742929994,0.00015748,2.125621941619261,0.00081957,0,0.0
16928,1.6707145764488893,0.9137856031508383,-1.54e-06,0.8768481884349242,2.6102580191229356,9.16445368723961,1.0052136313683062,38.74325548646494,0.12067054082980143,-42.80678459000931,-1.1573229341274334,-53.67065590295308,0.6295741068180681,28.201721427319967,0.2719344611720337,0.26545482587836244,0.00015748,4.212031362111306,0.00081957,0,0.0
16929,-0.0018884787903612477,0.44698611305714736,-1.54e-06,0.8768481884349242,2.6102580191229356,68.63969397430019,1.0052136313683062,63.826769679298316,0.12067054082980143,-99.85193392317254,-1.1573229341274334,23.93497936429084,0.6295741068180681,-25.268735146203213,0.2719344611720337,1.7585522780035423,0.00015748,9.070926904300872,0.00081957,0,0.0
16930,2.6348940611362823,2.0241037353187843,-1.54e-06,0.8768481884349242,2.6102580191229356,-11.112807223724786,1.0052136313683062,41.24037481340115,0.12067054082980143,-56.65896528406812,-1.1573229341274334,-61.040360347743075,0.6295741068180681,59.93940752217622,0.2719344611720337,0.2725403061485079,0.00015748,3.869122541548024,0.00081957,0,0.0
16931,0.0008538819630434791,0.021545536530095267,-1.54e-06,0.8768481884349242,2.6102580191229356,25.67617287360887,1.0052136313683062,30.55855111541945,0.12067054082980143,-56.50811848439381,-1.1573229341274334,11.967330753176395,0.6295741068180681,-2.398911212181808,0.2719344611720337,0.41432800124664815,0.00015748,4.056739935340184,0.00081957,0,0.0
16932,0.0020756916979807194,0.07553179213053945,-1.54e-06,0.8768481884349242,2.6102580191229356,82.1521479004908,1.0052136313683062,56.5626726058974,0.12067054082980143,-24.025535720083912,-1.1573229341274334,-81.73806243231172,0.6295741068180681,-50.95201776611369,0.2719344611720337,0.25901371341720214,0.00015748,8.91666913639399,0.00081957,0,0.0
16933,0.08652569991084391,0.026277102904254085,-1.54e-06,0.8768481884349242,2.6102580191229356,43.214252692937045,1.0052136313683062,49.063301800504405,0.12067054082980143,-74.02281076749153,-1.1573229341274334,-9.582947084995617,0.6295741068180681,-7.576257321911757,0.2719344611720337,0.2600260430678607,0.00015748,6.491928074131346,0.00081957,0,0.0
16934,0.0008019924655077171,0.00466248943812195,-1.54e-06,0.8768481884349242,2.6102580191229356,6.832594236699141,1.0052136313683062,16.94812903054075,0.12067054082980143,-46.696478057381626,-1.1573229341274334,26.354864713627084,0.6295741068180681,8.091610124482283,0.2719344611720337,0.2882886131041884,0.00015748,1.9106976531032251,0.00081957,0,0.0
16935,-0.2904393855617613,1.410679505275548,-1.54e-06,0.8768481884349242,2.6102580191229356,73.74774069988614,1.0052136313683062,54.13191960483821,0.12067054082980143,-88.3160072825426,-1.1573229341274334,58.11779344872653,0.6295741068180681,-40.968586783122625,0.2719344611720337,2.8042960317964933,0.00015748,8.474375908835938,0.00081957,0,0.0
16936,-0.0014720957389894596,0.3332548211077216,-1.54e-06,0.8768481884349242,2.6102580191229356,8.900193180164845,1.0052136313683062,-1.7583728126409521,0.12067054082980143,-3.8584098575629726,-1.1573229341274334,41.94129121671867,0.6295741068180681,-12.080978439032231,0.2719344611720337,0.3039345243655237,0.00015748,1.6546444415072283,0.00081957,0,0.0
16937,-0.0009393079944045868,0.6748833025243751,-1.54e-06,0.8768481884349242,2.6102580191229356,-11.791127724440319,1.0052136313683062,-4.390910624541088,0.12067054082980143,-29.618822875983806,-1.1573229341274334,50.86011439811112,0.6295741068180681,15.889296323762158,0.2719344611720337,-0.4807348269030558,0.00015748,0.5670181043496849,0.00081957,1,0.0
16938,0.00023682307389139012,0.16431031992975872,-1.54e-06,0.8768481884349242,2.6102580191229356,54.42864542731404,1.0052136313683062,45.65039766565668,0.12067054082980143,-53.61616725061211,-1.1573229341274334,-9.51586514606019,0.6295741068180681,-25.986229371036245,0.2719344611720337,0.9514111572401207,0.00015748,6.6306041656353445,0.00081957,0,0.0
16939,-0.4279678316362874,1.4520084492885605,-1.54e-06,0.8768481884349242,2.6102580191229356,48.791695795599395,1.0052136313683062,33.47210427858882,0.12067054082980143,-85.23862190404479,-1.1573229341274334,88.23886381728441,0.6295741068180681,-23.862703835017502,0.2719344611720337,2.450007753691766,0.00015748,6.0127148878043695,0.00081957,0,0.0
16940,2.3515587309406096,7.300714380299824,-1.54e-06,0.8768481884349242,2.6102580191229356,21.865645906731835,1.0052136313683062,63.01636716810207,0.12067054082980143,-33.8477063021298,-1.1573229341274334,-43.650132162663894,0.6295741068180681,7.0709602653889005,0.2719344611720337,1.4875963317270333,0.00015748,5.539222029862893,0.00081957,0,0.0
16941,1.8530928655129755,1.0559281297719423,-1.54e-06,0.8768481884349242,2.6102580191229356,17.99583076435282,1.0052136313683062,60.21542373091318,0.12067054082980143,-86.61905480462273,-1.1573229341274334,-48.8023623198724,0.6295741068180681,37.64394026547371,0.2719344611720337,0.2639725575112184,0.00015748,6.587567695086329,0.00081957,0,0.0
16942,0.00019958668105957145,0.20274680846394058,-1.54e-06,0.8768481884349242,2.6102580191229356,80.18738840341724,1.0052136313683062,65.91098336029815,0.12067054082980143,-69.53824731535839,-1.1573229341274334,-32.99666543607976,0.6295741068180681,-38.86758675221403,0.2719344611720337,0.9441244818485215,0.00015748,9.71768668814909,0.00081957,0,0.0
16943,2.0928122419714414,1.2175866004929206,-1.54e-06,0.8768481884349242,2.6102580191229356,-31.801240347868028,1.0052136313683062,31.341105829650523,0.12067054082980143,-98.02510651224975,-1.1573229341274334,15.971425198879935,0.6295741068180681,79.93293985423335,0.2719344611720337,0.2824522003040484,0.00015748,2.368224732293794,0.00081957,0,0.0
16944,0.5772603024395029,0.257350617156796,-1.54e-06,0.8768481884349242,2.6102580191229356,51.278436984589725,1.0052136313683062,44.18101322762505,0.12067054082980143,-17.30801012793116,-1.1573229341274334,-73.53891966226249,0.6295741068180681,-24.037255718900976,0.2719344611720337,0.26356901043364767,0.00015748,6.2842000936053495,0.00081957,0,0.0
16945,-0.0059864912718166075,0.7317818239143467,-1.54e-06,0.8768481884349242,2.6102580191229356,81.64024074602571,1.0052136313683062,47.92576213242919,0.12067054082980143,-24.698632671901528,-1.1573229341274334,-27.296303122141214,0.6295741068180681,-58.005664840334845,0.2719344611720337,1.9064293718551615,0.00015748,8.205527248890458,0.00081957,0,0.0
16946,0.0007322308488144635,0.13415917053425339,-1.54e-06,0.8768481884349242,2.6102580191229356,3.5465473877011777,1.0052136313683062,20.783585248727128,0.12067054082980143,-81.94255339702237,-1.1573229341274334,81.45240043030235,0.6295741068180681,16.507949350477507,0.2719344611720337,1.264851899617243,0.00015748,2.186428694781612,0.00081957,0,0.0
16947,0.13194420523889527,0.10258702872004169,-1.54e-06,0.8768481884349242,2.6102580191229356,62.381926805012746,1.0052136313683062,40.01683060089929,0.12067054082980143,-1.5414068245745012,-1.1573229341274334,-75.63081909696749,0.6295741068180681,-42.52422986361841,0.2719344611720337,0.2606184054887448,0.00015748,6.408056435627413,0.00081957,0,0.0
16948,0.5937741982513765,0.24829375683142216,-1.54e-06,0.8768481884349242,2.6102580191229356,74.30378992192759,1.0052136313683062,76.973073636562,0.12067054082980143,-80.87219223012488,-1.1573229341274334,-67.78730983593556,0.6295741068180681,-20.18789340625513,0.2719344611720337,0.26149255187982057,0.00015748,10.487700849694798,0.00081957,0,0.0
16949,-0.5276488506956185,1.9136104014804203,-1.54e-06,0.8768481884349242,2.6102580191229356,93.26470994217101,1.0052136313683062,44.38755198907853,0.12067054082980143,-25.171993562959766,-1.1573229341274334,11.101537900565688,0.6295741068180681,-77.52004993282743,0.2719344611720337,2.8012108248198992,0.00015748,8.358487864130941,0.00081957,0,0.0
16950,0.001230015214955582,0.004240450208793615,-1.54e-06,0.8768481884349242,2.6102580191229356,32.700677189308635,1.0052136313683062,48.81510107071172,0.12067054082980143,-99.71125876558601,-1.1573229341274334,22.22499110520381,0.6295741068180681,6.446072455914496,0.2719344611720337,0.2652787286098901,0.00015748,6.065332060680199,0.00081957,0,0.0
16951,-0.0017339513785231686,0.110533781476797,-1.54e-06,0.8768481884349242,2.6102580191229356,11.833169908420267,1.0052136313683062,19.84329376645954,0.12067054082980143,-59.16934433984477,-1.1573229341274334,51.072916379295826,0.6295741068180681,5.029444989228942,0.2719344611720337,1.0556386587316582,0.00015748,2.450095333038084,0.00081957,0,0.0
16952,-0.004282108379159766,0.6328512097406611,-1.54e-06,0.8768481884349242,2.6102580191229356,53.032936852278695,1.0052136313683062,44.4452553968504,0.12067054082980143,-72.27218682730339,-1.1573229341274334,40.50750273253787,0.6295741068180681,-24.79229565443779,0.2719344611720337,2.147291939024979,0.00015748,6.51689988918171,0.00081957,0,0.0
16953,0.6786017036087082,0.2604989377448216,-1.54e-06,0.8768481884349242,2.6102580191229356,44.23215247001691,1.0052136313683062,48.50434358424295,0.12067054082980143,-43.788014450683036,-1.1573229341274334,-54.09656660192757,0.6295741068180681,-9.501775547392263,0.2719344611720337,0.2656082778664932,0.00015748,6.479945065663387,0.00081957,0,0.0
16954,0.0006250558842535447,0.2388878320451864,-1.54e-06,0.8768481884349242,2.6102580191229356,37.80687460145725,1.0052136313683062,28.783995026233285,0.12067054082980143,-28.486349711656743,-1.1573229341274334,2.5045836289593195,0.6295741068180681,-23.65769921904168,0.2719344611720337,1.1577926985383802,0.00015748,4.068956856619284,0.00081957,0,0.0
16955,0.006407484542755526,0.10440105761223076,-1.54e-06,0.8768481884349242,2.6102580191229356,72.01387618559517,1.0052136313683062,63.697112789218075,0.12067054082980143,-64.17653042948213,-1.1573229341274334,-42.07764386397204,0.6295741068180681,-33.367083260570325,0.2719344611720337,0.4877033602508902,0.00015748,8.857980050546207,0.00081957,0,0.0
16956,0.0008631220145227658,0.3543892932394571,-1.54e-06,0.8768481884349242,2.6102580191229356,24.137029453091095,1.0052136313683062,36.0472178222335,0.12067054082980143,-100.0,-1.1573229341274334,83.54519614666987,0.6295741068180681,5.143213044751999,0.2719344611720337,1.8762706533784272,0.00015748,4.513172482967489,0.00081957,0,0.0
16957,-0.0034269416675889453,0.717514066184764,-1.54e-06,0.8768481884349242,2.6102580191229356,73.04328264192934,1.0052136313683062,43.56590449651794,0.12067054082980143,-25.980732285015794,-1.1573229341274334,-14.7493003438597,0.6295741068180681,-52.12391294286636,0.2719344611720337,1.9730486881899707,0.00015748,7.311181199665823,0.00081957,0,0.0
16958,0.0008064628376225347,0.1704955943494334,-1.54e-06,0.8768481884349242,2.6102580191229356,21.6180627017266,1.0052136313683062,23.878112641732827,0.12067054082980143,-54.27924128494571,-1.1573229341274334,40.82857976913031,0.6295741068180681,-4.022215076657632,0.2719344611720337,1.2183561435008963,0.00015748,3.227188865966145,0.00081957,0,0.0
16959,-0.00010170745643200974,0.007527920015506044,-1.54e-06,0.8768481884349242,2.6102580191229356,36.94704557046242,1.0052136313683062,48.30969041084978,0.12067054082980143,-88.674413328271,-1.1573229341274334,10.513129584182163,0.6295741068180681,0.08608346690259908,0.2719344611720337,0.2617150459468105,0.00015748,6.17108536585091,0.00081957,0,0.0
16960,-0.0018757067033778885,0.42829241186117106,-1.54e-06,0.8768481884349242,2.6102580191229356,39.06118646543446,1.0052136313683062,28.355695288427793,0.12067054082980143,-42.21322738354216,-1.1573229341274334,29.052619438398672,0.6295741068180681,-22.23375091989936,0.2719344611720337,1.7326170251456945,0.00015748,4.439273946564317,0.00081957,0,0.0
16961,0.0024273728666601713,0.11108503341924425,-1.54e-06,0.8768481884349242,2.6102580191229356,83.9825487446476,1.0052136313683062,75.64787950111507,0.12067054082980143,-88.23295485698117,-1.1573229341274334,-37.5788278814646,0.6295741068180681,-34.44890742932255,0.2719344611720337,0.636170477288097,0.00015748,10.760396449507923,0.00081957,0,0.0
16962,1.3666765457559134,0.5571619325022016,-1.54e-06,0.8768481884349242,2.6102580191229356,-33.588146788120746,1.0052136313683062,9.140899492026424,0.12067054082980143,-54.434552453590555,-1.1573229341274334,9.636563066984696,0.6295741068180681,61.053522141473856,0.2719344611720337,-0.2499276277745674,0.00015748,0.2504624465077115,0.00081957,1,0.0
16963,0.0035191082564097753,0.008203110032205132,-1.54e-06,0.8768481884349242,2.6102580191229356,-9.71953323810462,1.0052136313683062,10.598031394811278,0.12067054082980143,-64.77174514508535,-1.1573229341274334,64.14232611778223,0.6295741068180681,24.373428140620593,0.2719344611720337,0.3631463843102194,0.00015748,0.8227524171355995,0.00081957,0,0.0
16964,0.8253616992048872,0.24347287050275185,-1.54e-06,0.8768481884349242,2.6102580191229356,-0.6859528887358137,1.0052136313683062,21.93229906893092,0.12067054082980143,-45.4143112544153,-1.1573229341274334,-0.8558907488406609,0.6295741068180681,24.32661094849201,0.2719344611720337,0.2880539252538924,0.00015748,2.2059080439849823,0.00081957,0,0.0
16965,-0.5003478947551008,1.8947330028514258,-1.54e-06,0.8768481884349242,2.6102580191229356,59.08365546702081,1.0052136313683062,25.519672295533976,0.12067054082980143,-37.55517391612133,-1.1573229341274334,69.44191342470464,0.6295741068180681,-50.83326456233032,0.2719344611720337,3.0340610317734087,0.00015748,5.238266091758227,0.00081957,0,0.0
16966,1.207556281245064,0.5592626126878372,-1.54e-06,0.8768481884349242,2.6102580191229356,48.04611237064658,1.0052136313683062,71.15830158893056,0.12067054082980143,-88.76087768062241,-1.1573229341274334,-57.75235787478267,0.6295741068180681,8.794174612114553,0.2719344611720337,0.25809861356313313,0.00015748,8.847535074731399,0.00081957,0,0.0
16967,0.05927702423150327,0.07166947798562312,-1.54e-06,0.8768481884349242,2.6102580191229356,65.51484042614722,1.0052136313683062,65.85755414586217,0.12067054082980143,-94.97980537529577,-1.1573229341274334,-22.26495682213272,0.6295741068180681,-16.170275677633995,0.2719344611720337,0.2725439640838294,0.00015748,9.414899948059691,0.00081957,0,0.0
16968,1.266833219383578,0.5110068952004112,-1.54e-06,0.8768481884349242,2.6102580191229356,15.09022682412384,1.0052136313683062,49.21638611573159,0.12067054082980143,-81.59100747885711,-1.1573229341274334,-21.80304846091969,0.6295741068180681,30.20203770445623,0.2719344611720337,0.26308649688738495,0.00015748,5.394255198987598,0.00081957,0,0.0
16969,0.0028268925449522753,0.006184598116172654,-1.54e-06,0.8768481884349242,2.6102580191229356,11.132860791188124,1.0052136313683062,18.79894773840901,0.12067054082980143,-44.64592573335716,-1.1573229341274334,19.46602065113204,0.6295741068180681,4.67057436223787,0.2719344611720337,0.2806930375659429,0.00015748,2.2994920533745757,0.00081957,0,0.0
16970,3.604650861399605e-05,0.5072758075085346,-1.54e-06,0.8768481884349242,2.6102580191229356,63.94383499818641,1.0052136313683062,60.33981220313764,0.12067054082980143,-100.0,-1.1573229341274334,35.021302595909674,0.6295741068180681,-22.748682154679255,0.2719344611720337,1.9274698799670409,0.00015748,8.524374446950336,0.00081957,0,0.0
16971,0.0007591162597434531,0.009586282385014912,-1.54e-06,0.8768481884349242,2.6102580191229356,-13.285395314076673,1.0052136313683062,11.687067935483954,0.12067054082980143,-77.68967420773649,-1.1573229341274334,77.19984149535718,0.6295741068180681,30.736288597712647,0.2719344611720337,0.3557120774604794,0.00015748,0.8684754705641213,0.00081957,0,0.0
16972,-0.00016812783143743681,0.07320753198911897,-1.54e-06,0.8768481884349242,2.6102580191229356,6.69439184056222,1.0052136313683062,8.60644918690464,0.12067054082980143,-28.5801185654806,-1.1573229341274334,33.384296733384986,0.6295741068180681,0.3514152553668286,0.2719344611720337,0.8258642693880571,0.00015748,1.1518522798604482,0.00081957,0,0.0
16973,-0.5243152858497808,1.863372939802097,-1.54e-06,0.8768481884349242,2.6102580191229356,69.25255057467795,1.0052136313683062,44.97235953327466,0.12067054082980143,-80.89552325951811,-1.1573229341274334,80.76346700438835,0.6295741068180681,-45.08222479396835,0.2719344611720337,3.138746874989901,0.00015748,7.352037511481974,0.00081957,0,0.0
16974,0.013502625373560298,0.02489948119897687,-1.54e-06,0.8768481884349242,2.6102580191229356,-10.590010284679694,1.0052136313683062,2.4600104269368894,0.12067054082980143,-34.67884975976189,-1.1573229341274334,33.37642643020403,0.6295741068180681,18.5773820916946,0.2719344611720337,-0.06540032367100224,0.00015748,0.06525662683435962,0.00081957,1,0.0
16975,-8.372998887962169e-05,0.19363086825599993,-1.54e-06,0.8768481884349242,2.6102580191229356,79.8971209770538,1.0052136313683062,64.85007023620676,0.12067054082980143,-64.15169658045532,-1.1573229341274334,-37.48799620106036,0.6295741068180681,-40.264193621414826,0.2719344611720337,0.8971546280152918,0.00015748,9.534606504127586,0.00081957,0,0.0
16976,0.003581922657723835,0.0024887118690302312,-1.54e-06,0.8768481884349242,2.6102580191229356,11.7101268188294,1.0052136313683062,27.41778444578905,0.12067054082980143,-71.92916535211789,-1.1573229341274334,33.721482535265096,0.6295741068180681,12.56434611396487,0.2719344611720337,0.2726127029937748,0.00015748,3.147472702064398,0.00081957,0,0.0
16977,-0.4063156763233926,1.8315487623580935,-1.54e-06,0.8768481884349242,2.6102580191229356,99.80260638057239,1.0052136313683062,50.59484345239281,0.12067054082980143,-10.42704978215037,-1.1573229341274334,-18.863264461158657,0.6295741068180681,-85.63801392040163,0.2719344611720337,2.712188163234864,0.00015748,8.601304558607747,0.00081957,0,0.0
16978,-0.38735565118028514,1.553659641570908,-1.54e-06,0.8768481884349242,2.6102580191229356,86.92546563885081,1.0052136313683062,52.41839487534563,0.12067054082980143,-57.23599686032061,-1.1573229341274334,24.600933474248585,0.6295741068180681,-60.37858902860886,0.2719344611720337,2.649605763082003,0.00015748,8.87012536024454,0.00081957,0,0.0
16979,0.18985866021198783,0.036317355516142034,-1.54e-06,0.8768481884349242,2.6102580191229356,39.14140533469181,1.0052136313683062,52.910663288145635,0.12067054082980143,-91.5063502412489,-1.1573229341274334,1.1152136860583188,0.6295741068180681,1.9835573852320998,0.2719344611720337,0.2707091770841097,0.00015748,6.716744121556385,0.00081957,0,0.0
16980,1.464794744036626,0.7014299404372876,-1.54e-06,0.8768481884349242,2.6102580191229356,25.221637106323037,1.0052136313683062,58.153674476456715,0.12067054082980143,-84.55055491376463,-1.1573229341274334,-41.79032637934803,0.6295741068180681,27.15714925608766,0.2719344611720337,0.26006233889542907,0.00015748,6.783123745074299,0.00081957,0,0.0
16981,1.384572266346683,0.7254371154650764,-1.54e-06,0.8768481884349242,2.6102580191229356,36.173842378125606,1.0052136313683062,55.41359241771445,0.12067054082980143,-52.98301327404005,-1.1573229341274334,-70.39303501223431,0.6295741068180681,8.538263374700069,0.2719344611720337,0.26184494920123536,0.00015748,6.8431234134041325,0.00081957,0,0.0
16982,2.282213221984231,1.5403804742741307,-1.54e-06,0.8768481884349242,2.6102580191229356,-39.943309859485495,1.0052136313683062,13.557449565061557,0.12067054082980143,-40.1622201859422,-1.1573229341274334,-38.36777990086237,0.6295741068180681,74.83389674462944,0.2719344611720337,-0.49290507426450514,0.00015748,0.49808404940496986,0.00081957,1,0.0
16983,0.1073473160720746,0.019275505635795512,-1.54e-06,0.8768481884349242,2.6102580191229356,25.99693156720332,1.0052136313683062,38.03755216277565,0.12067054082980143,-71.72148512832132,-1.1573229341274334,10.332778231947605,0.6295741068180681,3.8663252162065858,0.2719344611720337,0.27043924483896165,0.00015748,4.703323011809587,0.00081957,0,0.0
16984,-0.008648524464647256,0.8155913604319247,-1.54e-06,0.8768481884349242,2.6102580191229356,72.33833882995746,1.0052136313683062,56.709416470214094,0.12067054082980143,-79.1279873343215,-1.1573229341274334,26.430592402880624,0.6295741068180681,-36.7315814668372,0.2719344611720337,2.3179147563505222,0.00015748,8.625408340997481,0.00081957,0,0.0
16985,0.001118559828319432,0.007808884868816855,-1.54e-06,0.8768481884349242,2.6102580191229356,-1.2912933361415901,1.0052136313683062,17.988290880866867,0.12067054082980143,-70.58841586513499,-1.1573229341274334,55.96014129165376,0.6295741068180681,20.209945391315106,0.2719344611720337,0.4499765024426494,0.00015748,1.7292745799820104,0.00081957,0,0.0
16986,2.550432322166829,1.9988196638887596,-1.54e-06,0.8768481884349242,2.6102580191229356,26.223195760222435,1.0052136313683062,74.59792400372989,0.12067054082980143,-86.26960940908407,-1.1573229341274334,-90.99217704468548,0.6295741068180681,41.249893232648056,0.2719344611720337,0.25845584011458467,0.00015748,8.300908343505103,0.00081957,0,0.0
16987,0.19290056846886627,0.02727515711812736,-1.54e-06,0.8768481884349242,2.6102580191229356,24.050725459009282,1.0052136313683062,40.50734486554026,0.12067054082980143,-82.38661721264822,-1.1573229341274334,15.127902060446148,0.6295741068180681,9.896123527603862,0.2719344611720337,0.2633148679646742,0.00015748,4.949358991228378,0.00081957,0,0.0
16988,0.9989314020682742,0.374260690281263,-1.54e-06,0.8768481884349242,2.6102580191229356,-28.577481127540036,1.0052136313683062,4.077601813270928,0.12067054082980143,-48.1756746269842,-1.1573229341274334,23.645853664209497,0.6295741068180681,49.78581196854452,0.2719344611720337,-0.06209209539272206,0.00015748,0.06019030239278081,0.00081957,1,0.0
16989,0.006012847072482952,0.16068280615363456,-1.54e-06,0.8768481884349242,2.6102580191229356,80.74772644001682,1.0052136313683062,57.76492727255816,0.12067054082980143,-34.91092472128119,-1.1573229341274334,-62.02509835762705,0.6295741068180681,-48.662191504783166,0.2719344611720337,0.666067204891684,0.00015748,8.891605244614922,0.00081957,0,0.0
16990,0.00412882604152065,0.12410141467912938,-1.54e-06,0.8768481884349242,2.6102580191229356,72.42238819141805,1.0052136313683062,66.63463968246977,0.12067054082980143,-69.93066659880816,-1.1573229341274334,-40.562089627821145,0.6295741068180681,-32.15496236687717,0.2719344611720337,0.4686311771832683,0.00015748,9.038127970113063,0.00081957,0,0.0
16991,-0.46381543490135746,1.7849466090946597,-1.54e-06,0.8768481884349242,2.6102580191229356,98.03925850531192,1.0052136313683062,67.06201160128248,0.12067054082980143,-87.97455537298727,-1.1573229341274334,38.78049323400105,0.6295741068180681,-61.28764425360083,0.2719344611720337,2.9429336822201573,0.00015748,10.610634331051354,0.00081957,0,0.0
16992,0.0006609161921208306,0.0047016417432201125,-1.54e-06,0.8768481884349242,2.6102580191229356,-17.689763384238233,1.0052136313683062,15.754374736537265,0.12067054082980143,-100.0,-1.1573229341274334,97.05098733487459,0.6295741068180681,40.10249583318313,0.2719344611720337,0.3228543198370051,0.00015748,1.1215062315275284,0.00081957,0,0.0
16993,0.12495112866039326,2.722410195765799,-1.54e-06,0.8768481884349242,2.6102580191229356,51.1316496211133,1.0052136313683062,50.33859897118739,0.12067054082980143,-21.66899176567677,-1.1573229341274334,-14.216940959537933,0.6295741068180681,-42.37640338947247,0.2719344611720337,1.3644663271196802,0.00015748,4.975751436368687,0.00081957,0,0.0
16994,3.1336652068858175,6.473531948061903,-1.54e-06,0.8768481884349242,2.6102580191229356,-65.11673914886909,1.0052136313683062,20.173045242523013,0.12067054082980143,-28.41296671664171,-1.1573229341274334,-81.99208194519369,0.6295741068180681,99.76462287335195,0.2719344611720337,-2.7921680484873956,0.00015748,0.2001505389407372,0.00081957,1,0.0
16995,1.2198974002206087,1.0748180461304773,-1.54e-06,0.8768481884349242,2.6102580191229356,49.55266344804854,1.0052136313683062,65.61092018474996,0.12067054082980143,-41.05479073954132,-1.1573229341274334,-89.90899072052281,0.6295741068180681,-9.76497743413295,0.2719344611720337,0.2766937530510849,0.00015748,7.3911759555637,0.00081957,0,0.0
16996,0.0007954640980188943,0.024158262543839428,-1.54e-06,0.8768481884349242,2.6102580191229356,0.3415648932216661,1.0052136313683062,6.578867733882664,0.12067054082980143,-28.322922192307438,-1.1573229341274334,31.646970033635156,0.6295741068180681,5.827648501987354,0.2719344611720337,0.4746899851034405,0.00015748,0.6659246182747902,0.00081957,0,0.0
16997,-0.0008152694076386524,0.5684059995058376,-1.54e-06,0.8768481884349242,2.6102580191229356,77.16411838477336,1.0052136313683062,57.78394058795941,0.12067054082980143,-61.33306390214531,-1.1573229341274334,-6.411143826469029,0.6295741068180681,-43.40819695429643,0.2719344611720337,1.8157660846324752,0.00015748,8.792800523992437,0.00081957,0,0.0
16998,-0.00011831156596286974,0.2405783785983243,-1.54e-06,0.8768481884349242,2.6102580191229356,69.59006158329815,1.0052136313683062,52.864269399493224,0.12067054082980143,-52.80026139056578,-1.1573229341274334,-24.33104592604173,0.6295741068180681,-36.8609214852961,0.2719344611720337,1.0575368372597218,0.00015748,8.152249999540992,0.00081957,0,0.0
16999,0.6892372501745565,0.34252707458053594,-1.54e-06,0.8768481884349242,2.6102580191229356,69.35467405708067,1.0052136313683062,63.357543352058215,0.12067054082980143,-38.914578131490245,-1.1573229341274334,-89.64630267126097,0.6295741068180681,-28.47752320770897,0.2719344611720337,0.25839492472819003,0.00015748,8.879663549609647,0.00081957,0,0.0
17000,2.4783212465147048e-05,7.563983296399719e-05,-1.54e-06,5.099183737297721,8.287414518368358,22.843524956595143,1.0052136313683062,0.1904212288800367,0.12067054082980143,-17.295420090778293,-1.1573229341274334,-3.8354592739756397,0.6295741068180681,9.665055633725146,0.2719344611720337,-0.0015350119206127245,0.00015748,0.0016500681410719583,0.00081957,1,0.0
17001,0.0008241934178088717,0.0026011059894657865,-1.54e-06,5.099183737297721,8.287414518368358,33.62427118846653,1.0052136313683062,-14.678890737151471,0.12067054082980143,-38.238495321218174,-1.1573229341274334,86.36020164872123,0.6295741068180681,75.72911285555341,0.2719344611720337,-0.016216893061202352,0.00015748,0.016250721432113598,0.00081957,1,0.0
17002,0.02277892842599756,1.3788467850954193e-05,-1.54e-06,5.099183737297721,8.287414518368358,-77.6545020275293,1.0052136313683062,5.055849652430027,0.12067054082980143,-70.44899628790647,-1.1573229341274334,15.497506410478968,0.6295741068180681,55.68703220274297,0.2719344611720337,-0.002098008331886977,0.00015748,0.0020982635544308987,0.00081957,1,0.0
17003,0.015874993830962233,2.0089616328561968e-05,-1.54e-06,5.099183737297721,8.287414518368358,-92.08899469903925,1.0052136313683062,-1.5225396424479465,0.12067054082980143,-8.775194563686304,-1.1573229341274334,37.985077634650395,0.6295741068180681,30.63173763321936,0.2719344611720337,-0.0008757658704617525,0.00015748,0.0008793371227016602,0.00081957,1,0.0
17004,0.043754188183954476,5.059928715263218e-05,-1.54e-06,5.099183737297721,8.287414518368358,-83.22681743623895,1.0052136313683062,4.518381151693963,0.12067054082980143,-77.83720250038996,-1.1573229341274334,-81.04691361996805,0.6295741068180681,82.99225393205798,0.2719344611720337,-0.0032070787466445595,0.00015748,0.003210553709494935,0.00081957,1,0.0
17005,0.03592101206125313,2.5631638230541187e-05,-1.54e-06,5.099183737297721,8.287414518368358,-90.7914062079511,1.0052136313683062,4.06353597884169,0.12067054082980143,-72.39607248611055,-1.1573229341274334,-33.15298953801715,0.6295741068180681,73.67666562886895,0.2719344611720337,-0.0023524275001079132,0.00015748,0.002354955992711129,0.00081957,1,0.0
17006,0.005880874507239682,3.829845396912048e-05,-1.54e-06,5.099183737297721,8.287414518368358,58.066537307924044,1.0052136313683062,5.908013122487401,0.12067054082980143,-72.61085842595033,-1.1573229341274334,-50.616586965639705,0.6295741068180681,31.80951869718692,0.2719344611720337,-0.0036010609257168514,0.00015748,0.0036012199669693368,0.00081957,1,0.0
17007,0.00020580546204113093,0.005212341810524161,-1.54e-06,5.099183737297721,8.287414518368358,-60.49263390282928,1.0052136313683062,20.784885640686035,0.12067054082980143,-13.897893198687067,-1.1573229341274334,47.86143393411194,0.6295741068180681,-67.36705375446633,0.2719344611720337,-0.019253179264974978,0.00015748,0.02165557524802394,0.00081957,1,0.0
17008,0.005780652470915026,0.00036288683480982823,-1.54e-06,5.099183737297721,8.287414518368358,-86.69861534253519,1.0052136313683062,5.751141256094253,0.12067054082980143,-12.680348389093592,-1.1573229341274334,49.2276390785092,0.6295741068180681,-1.7987105120557962,0.2719344611720337,-0.006371526121033085,0.00015748,0.006373893593904435,0.00081957,1,0.0
17009,0.030463630421534355,0.00037917025548388374,-1.54e-06,5.099183737297721,8.287414518368358,-66.08431621822172,1.0052136313683062,12.16170728771756,0.12067054082980143,-76.91621476614142,-1.1573229341274334,-73.7154344624286,0.6295741068180681,42.43296072749208,0.2719344611720337,-0.006617119430245873,0.00015748,0.006612201723117562,0.00081957,1,0.0
17010,0.00010057667447893603,0.007777091463590249,-1.54e-06,5.099183737297721,8.287414518368358,-16.949120453588282,1.0052136313683062,30.736146147835797,0.12067054082980143,-76.766199152039,-1.1573229341274334,43.05035293539769,0.6295741068180681,-64.146030084661,0.2719344611720337,-0.02335923347734332,0.00015748,0.026645122570098215,0.00081957,1,0.0
17011,0.0035071631972726364,0.0013230907834219613,-1.54e-06,5.099183737297721,8.287414518368358,76.6968924038931,1.0052136313683062,-7.820393695468464,0.12067054082980143,-44.19366883959625,-1.1573229341274334,-11.767329213778158,0.6295741068180681,56.82739632985424,0.2719344611720337,-0.012047581910233062,0.00015748,0.012050774317319215,0.00081957,1,0.0
17012,0.003940564198332573,2.1817469549054137e-05,-1.54e-06,5.099183737297721,8.287414518368358,38.184314813427605,1.0052136313683062,0.2951564207501601,0.12067054082980143,-8.539023230225027,-1.1573229341274334,-57.32805850601394,0.6295741068180681,6.829084660623287,0.2719344611720337,-0.0018817471426720049,0.00015748,0.0018839818032861866,0.00081957,1,0.0
17013,0.00020478335715276574,0.0042921321983943545,-1.54e-06,5.099183737297721,8.287414518368358,-87.71680361497611,1.0052136313683062,26.517319000119304,0.12067054082980143,-94.92248726895359,-1.1573229341274334,58.46194539040176,0.6295741068180681,-23.55555882013054,0.2719344611720337,-0.02087437840146324,0.00015748,0.02100389602403469,0.00081957,1,0.0
17014,0.016101607824734382,4.984416561183095e-05,-1.54e-06,5.099183737297721,8.287414518368358,-41.44227472411051,1.0052136313683062,3.5414558097448445,0.12067054082980143,-15.358845697293273,-1.1573229341274334,-43.28330121637135,0.6295741068180681,15.543155074492303,0.2719344611720337,-0.0022367469375727616,0.00015748,0.0022397446229003985,0.00081957,1,0.0
17015,0.02963812925172599,1.254255582746296e-05,-1.54e-06,5.099183737297721,8.287414518368358,-50.58340780952252,1.0052136313683062,3.6393777934805853,0.12067054082980143,-43.69085609931899,-1.1573229341274334,-75.22282051162064,0.6295741068180681,47.848268268837316,0.2719344611720337,-0.0017914939059285393,0.00015748,0.0017918275557432665,0.00081957,1,0.0
17016,0.008276194098201456,9.825983370873727e-06,-1.54e-06,5.099183737297721,8.287414518368358,-43.67016894097625,1.0052136313683062,-0.08888874660959134,0.12067054082980143,-21.613749487618765,-1.1573229341274334,30.100097455456176,0.6295741068180681,24.873397880946637,0.2719344611720337,-0.0007769986580694342,0.00015748,0.000779661768252189,0.00081957,1,0.0
17017,0.014743821483972325,9.929422670685472e-06,-1.54e-06,5.099183737297721,8.287414518368358,-8.318349540441998,1.0052136313683062,4.004355947217974,0.12067054082980143,-49.193095930647985,-1.1573229341274334,-38.20877516702865,0.6295741068180681,34.04944906435796,0.2719344611720337,-0.0020370512152281988,0.00015748,0.002040141629575792,0.00081957,1,0.0
17018,0.008748417505936109,2.6925885022725004e-05,-1.54e-06,5.099183737297721,8.287414518368358,-72.30610132690444,1.0052136313683062,0.46754278860822496,0.12067054082980143,-0.2586566128881834,-1.1573229341274334,32.952490119582166,0.6295741068180681,10.24262089315788,0.2719344611720337,-0.0018700573177295073,0.00015748,0.0018722068103046935,0.00081957,1,0.0
17019,2.9102031136089834e-05,0.00012251059463882163,-1.54e-06,5.099183737297721,8.287414518368358,-34.70977067341417,1.0052136313683062,3.883377795219287,0.12067054082980143,-15.742745498171844,-1.1573229341274334,35.617340594666146,0.6295741068180681,-1.2029511146958667,0.2719344611720337,-0.0035366188603420004,0.00015748,0.0035511240544825406,0.00081957,1,0.0
17020,0.0371852827996436,6.754226645678228e-05,-1.54e-06,5.099183737297721,8.287414518368358,-61.00909183289449,1.0052136313683062,3.147572789091271,0.12067054082980143,-66.97391669868264,-1.1573229341274334,-75.23669467538802,0.6295741068180681,73.05348699591659,0.2719344611720337,-0.003382710311013532,0.00015748,0.0033820199316301302,0.00081957,1,0.0
17021,0.007051574576077385,0.0014826957278663575,-1.54e-06,5.099183737297721,8.287414518368358,-72.97293519528493,1.0052136313683062,16.674870268853454,0.12067054082980143,-71.38593375571368,-1.1573229341274334,29.78445379785327,0.6295741068180681,0.8535610822897618,0.2719344611720337,-0.012476233331999974,0.00015748,0.012474540986283601,0.00081957,1,0.0
17022,0.03545744860484433,0.00015622181198972842,-1.54e-06,5.099183737297721,8.287414518368358,-54.514319575769576,1.0052136313683062,0.1309164779052605,0.12067054082980143,-45.51015933035612,-1.1573229341274334,-80.00603846506841,0.6295741068180681,66.96419603543687,0.2719344611720337,-0.004170799621881487,0.00015748,0.0041745560478740375,0.00081957,1,0.0
17023,0.013503388533845799,3.18333142024419e-05,-1.54e-06,5.099183737297721,8.287414518368358,-7.216547997589547,1.0052136313683062,2.8185273287605095,0.12067054082980143,-0.6904534387860134,-1.1573229341274334,-80.96016749728423,0.6295741068180681,4.069923335299802,0.2719344611720337,-0.001700665067886011,0.00015748,0.0017011540266957767,0.00081957,1,0.0
17024,6.768680517119097e-05,0.0023238033794549975,-1.54e-06,5.099183737297721,8.287414518368358,75.2147125304237,1.0052136313683062,-9.042837368302042,0.12067054082980143,-17.43608476489232,-1.1573229341274334,80.10243717673671,0.6295741068180681,30.7250223463073,0.2719344611720337,-0.008621326682905583,0.00015748,0.011332992976976061,0.00081957,1,0.0
17025,0.03352056679505834,0.00043952965006624625,-1.54e-06,5.099183737297721,8.287414518368358,-86.3873499964694,1.0052136313683062,10.306715065821354,0.12067054082980143,-42.25573377282099,-1.1573229341274334,-94.97555216216679,0.6295741068180681,29.165063325700547,0.2719344611720337,-0.006740687001225845,0.00015748,0.006755881366767588,0.00081957,1,0.0
17026,0.0022332488490360222,5.860906378779023e-05,-1.54e-06,5.099183737297721,8.287414518368358,53.60663140034304,1.0052136313683062,2.972265548057176,0.12067054082980143,-56.829508036607606,-1.1573229341274334,-26.449505908355256,0.6295741068180681,27.943094047892167,0.2719344611720337,-0.0034663147768250985,0.00015748,0.0034677235206066535,0.00081957,1,0.0
17027,0.0001318052666331171,0.005355981925797785,-1.54e-06,5.099183737297721,8.287414518368358,-38.418680125661076,1.0052136313683062,25.495359551600814,0.12067054082980143,-73.86883562410229,-1.1573229341274334,62.8518881254398,0.6295741068180681,-44.014108734970414,0.2719344611720337,-0.019506916323973802,0.00015748,0.021885161550498373,0.00081957,1,0.0
17028,0.019318851222227693,8.706053302737916e-05,-1.54e-06,5.099183737297721,8.287414518368358,-97.05587586281555,1.0052136313683062,1.427699626285907,0.12067054082980143,-88.33256320959953,-1.1573229341274334,98.12524187282162,0.6295741068180681,77.84591768351164,0.2719344611720337,-0.003086622661488499,0.00015748,0.003091537643984652,0.00081957,1,0.0
17029,0.017397350619611313,0.00044040483901898334,-1.54e-06,5.099183737297721,8.287414518368358,-94.2508336763819,1.0052136313683062,8.3752566924997,0.12067054082980143,-32.29721119618572,-1.1573229341274334,1.5174545994838415,0.6295741068180681,13.95696794734041,0.2719344611720337,-0.006893770131209684,0.00015748,0.006895561094361482,0.00081957,1,0.0
17030,0.00014813934350377256,0.0022741708269644486,-1.54e-06,5.099183737297721,8.287414518368358,65.73590183972658,1.0052136313683062,14.862756302818982,0.12067054082980143,-58.27172830543392,-1.1573229341274334,-0.7780167206893531,0.6295741068180681,-23.712159244524884,0.2719344611720337,-0.008121098260167933,0.00015748,0.010851111397999061,0.00081957,1,0.0
17031,0.014887298917350123,1.7489296784626736e-05,-1.54e-06,5.099183737297721,8.287414518368358,-51.78240434961753,1.0052136313683062,1.3078759930476669,0.12067054082980143,-43.55626332283551,-1.1573229341274334,20.16681261472378,0.6295741068180681,41.638201704603325,0.2719344611720337,-0.001470308172936596,0.00015748,0.0014740450184982054,0.00081957,1,0.0
17032,0.022672602693527562,2.4484212788132124e-05,-1.54e-06,5.099183737297721,8.287414518368358,12.695609611329768,1.0052136313683062,6.078862421389681,0.12067054082980143,-69.96454456848564,-1.1573229341274334,-94.19244146761905,0.6295741068180681,47.65132861479904,0.2719344611720337,-0.0034380822840693963,0.00015748,0.003438118915711621,0.00081957,1,0.0
17033,0.015586153354687958,0.0007483213147450657,-1.54e-06,5.099183737297721,8.287414518368358,42.7205661894224,1.0052136313683062,-4.862343941638158,0.12067054082980143,-38.97916891543465,-1.1573229341274334,-61.8608455724591,0.6295741068180681,56.266326658170065,0.2719344611720337,-0.009197371963669083,0.00015748,0.00919683717935854,0.00081957,1,0.0
17034,0.015142518096662307,0.00012743073345286755,-1.54e-06,5.099183737297721,8.287414518368358,-71.57696169074886,1.0052136313683062,1.182162782731344,0.12067054082980143,-90.61926276658846,-1.1573229341274334,95.58789600140825,0.6295741068180681,75.07783880026432,0.2719344611720337,-0.0038490119451591266,0.00015748,0.003851358994085361,0.00081957,1,0.0
17035,0.02747954175397728,1.7858292158924468e-05,-1.54e-06,5.099183737297721,8.287414518368358,-37.99322479115452,1.0052136313683062,5.233264414922108,0.12067054082980143,-68.25659403432628,-1.1573229341274334,-59.08947590193071,0.6295741068180681,56.31497522645377,0.2719344611720337,-0.00267868228152526,0.00015748,0.0026835449247196393,0.00081957,1,0.0
17036,0.028441958684863405,1.4040705955300768e-05,-1.54e-06,5.099183737297721,8.287414518368358,-55.318684551711044,1.0052136313683062,2.355914635975569,0.12067054082980143,-22.129307303242292,-1.1573229341274334,-80.32947449120348,0.6295741068180681,36.746608654815084,0.2719344611720337,-0.0009999030265160009,0.00015748,0.000999051637281359,0.00081957,1,0.0
17037,0.009505317062215708,4.9370810771184825e-06,-1.54e-06,5.099183737297721,8.287414518368358,36.254752306925546,1.0052136313683062,2.5079683815851577,0.12067054082980143,-9.210742017193756,-1.1573229341274334,-97.5797004348122,0.6295741068180681,5.096294143931063,0.2719344611720337,-0.0013411144603965167,0.00015748,0.001342254850309643,0.00081957,1,0.0
17038,2.4371061843969644e-05,0.000971224503919955,-1.54e-06,5.099183737297721,8.287414518368358,39.833919827482006,1.0052136313683062,9.9391539928299,0.12067054082980143,-44.88276355048854,-1.1573229341274334,-9.630390971128506,0.6295741068180681,-9.753858553716665,0.2719344611720337,-0.005383076665306157,0.00015748,0.006608817606051709,0.00081957,1,0.0
17039,0.017712359570190205,8.953611868595718e-06,-1.54e-06,5.099183737297721,8.287414518368358,-19.987082722577767,1.0052136313683062,0.5855079981834157,0.12067054082980143,-2.507545026982754,-1.1573229341274334,-74.34143688596218,0.6295741068180681,17.644183526080884,0.2719344611720337,-0.0006841911578983286,0.00015748,0.0006833499961179727,0.00081957,1,0.0
17040,0.005206761604360066,0.0016601167527447698,-1.54e-06,5.099183737297721,8.287414518368358,-74.32759604934363,1.0052136313683062,15.406636042616983,0.12067054082980143,-40.205289512469925,-1.1573229341274334,13.438069565568151,0.6295741068180681,-17.600085004887422,0.2719344611720337,-0.013154492280356539,0.00015748,0.01315456652447867,0.00081957,1,0.0
17041,-5.746047827048795e-06,0.003305489773704772,-1.54e-06,5.099183737297721,8.287414518368358,53.94217207239882,1.0052136313683062,18.783870917162883,0.12067054082980143,-74.67569863502203,-1.1573229341274334,32.8342390510996,0.6295741068180681,-27.964467553113952,0.2719344611720337,-0.010952617916906014,0.00015748,0.014349149280064293,0.00081957,1,0.0
17042,0.02573569798450484,0.00017664104707021432,-1.54e-06,5.099183737297721,8.287414518368358,-67.85737333870955,1.0052136313683062,-3.6139200693608187,0.12067054082980143,-8.227769644626786,-1.1573229341274334,-32.38057226502866,0.6295741068180681,45.90264886768736,0.2719344611720337,-0.0038609823578777615,0.00015748,0.0038601162543063484,0.00081957,1,0.0
17043,0.01839525985583426,4.8290050288886204e-06,-1.54e-06,5.099183737297721,8.287414518368358,-63.39099626255675,1.0052136313683062,1.825843903901724,0.12067054082980143,-31.510612211871305,-1.1573229341274334,-2.4607777517036693,0.6295741068180681,35.611412615910695,0.2719344611720337,-0.0007140854615267102,0.00015748,0.0007137396997275664,0.00081957,1,0.0
17044,0.0021063659707066876,0.00015520787548551176,-1.54e-06,5.099183737297721,8.287414518368358,-50.110597115123134,1.0052136313683062,3.490358781807523,0.12067054082980143,-3.579827670067356,-1.1573229341274334,30.025516009649756,0.6295741068180681,-5.345785516206321,0.2719344611720337,-0.004151004289112339,0.00015748,0.004153660562869356,0.00081957,1,0.0
17045,0.02104093823976452,9.328724799344767e-05,-1.54e-06,5.099183737297721,8.287414518368358,-97.56754459100378,1.0052136313683062,4.7789529941952384,0.12067054082980143,-37.162330303698276,-1.1573229341274334,11.810253003596495,0.6295741068180681,33.32056326067319,0.2719344611720337,-0.003245783897670975,0.00015748,0.003249155378688874,0.00081957,1,0.0
17046,4.711155222922184e-05,0.0007832581375405243,-1.54e-06,5.099183737297721,8.287414518368358,65.70898372407406,1.0052136313683062,0.26403373632384475,0.12067054082980143,-71.76247952703943,-1.1573229341274334,41.102878262666486,0.6295741068180681,41.25746044729878,0.2719344611720337,-0.005167921262804135,0.00015748,0.00622521019781873,0.00081957,1,0.0
17047,0.0043740670662960335,0.0026092447292700243,-1.54e-06,5.099183737297721,8.287414518368358,15.685912294862522,1.0052136313683062,-15.479909982255931,0.12067054082980143,-29.214157473189246,-1.1573229341274334,81.05358032393124,0.6295741068180681,76.70096804541353,0.2719344611720337,-0.016219947634130503,0.00015748,0.016227363242501458,0.00081957,1,0.0
17048,0.007384707693981626,0.0006855120844839051,-1.54e-06,5.099183737297721,8.287414518368358,-27.621098922844514,1.0052136313683062,-8.866435729671226,0.12067054082980143,-7.222701212363959,-1.1573229341274334,50.79917392481394,0.6295741068180681,43.86764280907596,0.2719344611720337,-0.008147149633491058,0.00015748,0.008144494365522906,0.00081957,1,0.0
17049,0.001146510087732637,0.000250144599592897,-1.54e-06,5.099183737297721,8.287414518368358,-15.35810471069664,1.0052136313683062,-4.407191103945216,0.12067054082980143,-23.805303457587655,-1.1573229341274334,63.88679158802489,0.6295741068180681,33.12855150049944,0.2719344611720337,-0.004936360132108125,0.00015748,0.0049363253226264074,0.00081957,1,0.0
17050,0.010950593750892607,2.102742572180564e-05,-1.54e-06,5.099183737297721,8.287414518368358,-36.59136795522147,1.0052136313683062,4.146924735192863,0.12067054082980143,-47.72733445199765,-1.1573229341274334,12.71007956466748,0.6295741068180681,30.165609177450815,0.2719344611720337,-0.0018127130704949821,0.00015748,0.0018218347122908043,0.00081957,1,0.0
17051,0.01713797059580913,1.819200501865838e-05,-1.54e-06,5.099183737297721,8.287414518368358,-33.90360705856573,1.0052136313683062,4.9431880356370375,0.12067054082980143,-81.44162958568384,-1.1573229341274334,9.15581413375191,0.6295741068180681,56.11184982917762,0.2719344611720337,-0.002738569930771926,0.00015748,0.002738525642821873,0.00081957,1,0.0
17052,0.023269406688486163,0.00022255499665591074,-1.54e-06,5.099183737297721,8.287414518368358,-92.49614326534864,1.0052136313683062,-4.903575335390789,0.12067054082980143,-10.170342929824944,-1.1573229341274334,19.062338827267627,0.6295741068180681,50.40476608025169,0.2719344611720337,-0.004272559403148366,0.00015748,0.004271798882652441,0.00081957,1,0.0
17053,0.02389202118547388,1.1388724250642701e-05,-1.54e-06,5.099183737297721,8.287414518368358,-43.968730932769915,1.0052136313683062,1.8368015102414597,0.12067054082980143,-22.110135606856684,-1.1573229341274334,-65.55676841644146,0.6295741068180681,33.63229692505729,0.2719344611720337,-0.0010090417242347954,0.00015748,0.0010076736171590835,0.00081957,1,0.0
17054,0.022336010899454493,1.0349853057967495e-05,-1.54e-06,5.099183737297721,8.287414518368358,-97.79897318643765,1.0052136313683062,4.167982673559821,0.12067054082980143,-86.68487354715317,-1.1573229341274334,64.62025060304572,0.6295741068180681,70.22545083328633,0.2719344611720337,-0.0019834532744336807,0.00015748,0.0019838366394975154,0.00081957,1,0.0
17055,0.01828186159590068,3.883758033590089e-05,-1.54e-06,5.099183737297721,8.287414518368358,-65.25816046301885,1.0052136313683062,-1.3941093323676381,0.12067054082980143,-12.104893523847402,-1.1573229341274334,-3.032455560512083,0.6295741068180681,33.55942273181553,0.2719344611720337,-0.0015753377348814038,0.00015748,0.0015764938564787826,0.00081957,1,0.0
17056,1.3581371764964656e-05,0.0038060075871423037,-1.54e-06,5.099183737297721,8.287414518368358,24.90515469177577,1.0052136313683062,15.146368265358003,0.12067054082980143,-42.02189210143323,-1.1573229341274334,92.62106012682389,0.6295741068180681,-40.212366057722285,0.2719344611720337,-0.010127895353696927,0.00015748,0.014741434546745834,0.00081957,1,0.0
17057,0.008955485642123819,2.0216758306409985e-05,-1.54e-06,5.099183737297721,8.287414518368358,-9.101618620823487,1.0052136313683062,4.650114291865439,0.12067054082980143,-76.1238225507977,-1.1573229341274334,21.0077073426721,0.6295741068180681,44.52242749699171,0.2719344611720337,-0.0026453397158487184,0.00015748,0.0026451859975193544,0.00081957,1,0.0
17058,2.7677005039056235e-05,0.0055600832520205845,-1.54e-06,5.099183737297721,8.287414518368358,-12.317110181951431,1.0052136313683062,26.825379291794874,0.12067054082980143,-80.19882433754265,-1.1573229341274334,38.05328481889032,0.6295741068180681,-46.083173873900805,0.2719344611720337,-0.019656678465423592,0.00015748,0.02218172797399976,0.00081957,1,0.0
17059,0.01827911020879979,2.578234580807186e-05,-1.54e-06,5.099183737297721,8.287414518368358,-67.39760556224583,1.0052136313683062,4.830806698298474,0.12067054082980143,-100.0,-1.1573229341274334,63.104800613872236,0.6295741068180681,71.67422715808468,0.2719344611720337,-0.002844594516419141,0.00015748,0.0028444644778409787,0.00081957,1,0.0
17060,0.00999962797390437,0.0009479450760195973,-1.54e-06,5.099183737297721,8.287414518368358,9.512708482788156,1.0052136313683062,-6.223546625206481,0.12067054082980143,-57.235176271213135,-1.1573229341274334,35.829310224304024,0.6295741068180681,69.39873156945345,0.2719344611720337,-0.009974161100942746,0.00015748,0.009986325274643756,0.00081957,1,0.0
17061,0.00010639526871916716,0.0034429897020720962,-1.54e-06,5.099183737297721,8.287414518368358,56.007760411158486,1.0052136313683062,15.530424405649802,0.12067054082980143,-7.939801044662281,-1.1573229341274334,-29.306782060831804,0.6295741068180681,-61.68527991132549,0.2719344611720337,-0.011599365702152526,0.00015748,0.014931188797160306,0.00081957,1,0.0
17062,0.0182015718496695,0.001192659216243074,-1.54e-06,5.099183737297721,8.287414518368358,-32.7147995776495,1.0052136313683062,18.190580275872467,0.12067054082980143,-89.71562817209056,-1.1573229341274334,-64.91392934547233,0.6295741068180681,16.917432038056994,0.2719344611720337,-0.01124533912563933,0.00015748,0.011255537675436864,0.00081957,1,0.0
17063,0.014103698534050323,2.269849832780844e-05,-1.54e-06,5.099183737297721,8.287414518368358,-26.81881681702258,1.0052136313683062,5.691523640020248,0.12067054082980143,-90.00905890186303,-1.1573229341274334,23.072914096646166,0.6295741068180681,56.07713926494394,0.2719344611720337,-0.002962908088033782,0.00015748,0.0029655656129652444,0.00081957,1,0.0
17064,-6.966579227940528e-07,0.0019123263745680717,-1.54e-06,5.099183737297721,8.287414518368358,78.11584580878062,1.0052136313683062,6.300893450524921,0.12067054082980143,-56.894449414003375,-1.1573229341274334,69.45513990225349,0.6295741068180681,0.8350454312371165,0.2719344611720337,-0.00018110170959550814,0.00015748,0.003931676284786334,0.00081957,1,0.0
17065,0.0001295080167712792,0.004927506691015418,-1.54e-06,5.099183737297721,8.287414518368358,97.4298179103364,1.0052136313683062,12.696877296767074,0.12067054082980143,-7.099212625231116,-1.1573229341274334,76.07981637808136,0.6295741068180681,-67.34742736278723,0.2719344611720337,-0.007867151970193591,0.00015748,0.01513738985524083,0.00081957,1,0.0
17066,1.2039774435590456e-05,0.0018838820213007853,-1.54e-06,5.099183737297721,8.287414518368358,64.64487366679933,1.0052136313683062,-10.923962668866013,0.12067054082980143,-36.224765697216355,-1.1573229341274334,40.455503720356454,0.6295741068180681,58.34085471385847,0.2719344611720337,-0.013342121310415974,0.00015748,0.013642162939082885,0.00081957,1,0.0
17067,0.003901670306220413,2.62934708795269e-05,-1.54e-06,5.099183737297721,8.287414518368358,81.7577120678711,1.0052136313683062,5.172289612434159,0.12067054082980143,-41.52621914863588,-1.1573229341274334,-97.92529295977093,0.6295741068180681,10.319023455353934,0.2719344611720337,-0.0028941868861896538,0.00015748,0.002897497540038465,0.00081957,1,0.0
17068,0.00025322220343138024,0.00374130076481851,-1.54e-06,5.099183737297721,8.287414518368358,6.894099226811535,1.0052136313683062,26.05107012868467,0.12067054082980143,-72.20459460250171,-1.1573229341274334,-76.25791146545333,0.6295741068180681,-41.29176069695291,0.2719344611720337,-0.019272788549905176,0.00015748,0.019325398873531366,0.00081957,1,0.0
17069,0.005958077675392165,0.00036391764185624183,-1.54e-06,5.099183737297721,8.287414518368358,-5.974514399762933,1.0052136313683062,-5.944523309697312,0.12067054082980143,-7.4889427122937295,-1.1573229341274334,17.21821538150357,0.6295741068180681,31.60093605652254,0.2719344611720337,-0.00602960980156895,0.00015748,0.006029755398944795,0.00081957,1,0.0
17070,0.00166933910825251,3.488182219771495e-05,-1.54e-06,5.099183737297721,8.287414518368358,-16.954834143864133,1.0052136313683062,4.181653939743915,0.12067054082980143,-89.56042167551784,-1.1573229341274334,87.91691396574245,0.6295741068180681,48.55793166611004,0.2719344611720337,-0.002687633938639898,0.00015748,0.0026915223188170357,0.00081957,1,0.0
17071,0.0060687532146570244,0.0022806583396889433,-1.54e-06,5.099183737297721,8.287414518368358,-66.15454128426768,1.0052136313683062,15.808806785729981,0.12067054082980143,-3.2354222799068992,-1.1573229341274334,-43.83836085537196,0.6295741068180681,-43.65924968925706,0.2719344611720337,-0.015254996933084037,0.00015748,0.015286306824220757,0.00081957,1,0.0
17072,0.0016429391066573804,4.402431470765733e-05,-1.54e-06,5.099183737297721,8.287414518368358,54.251160329943865,1.0052136313683062,6.590798226266523,0.12067054082980143,-79.26147893011934,-1.1573229341274334,-19.338455178324356,0.6295741068180681,30.02957970393549,0.2719344611720337,-0.003484793248159998,0.00015748,0.0034893963174481867,0.00081957,1,0.0
17073,0.005747551659566724,0.0016764291480540947,-1.54e-06,5.099183737297721,8.287414518368358,-37.283920396637306,1.0052136313683062,15.204415327007018,0.12067054082980143,-19.99821727249408,-1.1573229341274334,-53.78176177588308,0.6295741068180681,-31.736375098582194,0.2719344611720337,-0.013042543336637121,0.00015748,0.01304393060520383,0.00081957,1,0.0
17074,0.0001692324660243355,0.0009147225990323278,-1.54e-06,5.099183737297721,8.287414518368358,7.527520004590932,1.0052136313683062,13.515941581222378,0.12067054082980143,-44.577281449401674,-1.1573229341274334,-36.75613009532343,0.6295741068180681,-16.698202274469782,0.2719344611720337,-0.009552940833860761,0.00015748,0.009565370694306977,0.00081957,1,0.0
17075,1.328250386125468e-05,0.0019282566435349304,-1.54e-06,5.099183737297721,8.287414518368358,38.88438492820509,1.0052136313683062,2.260768707691304,0.12067054082980143,-2.667204838899026,-1.1573229341274334,75.56300854559056,0.6295741068180681,-20.07821741723008,0.2719344611720337,-0.0009359685523886599,0.00015748,0.004665532671543312,0.00081957,1,0.0
17076,6.986256647355249e-05,0.0008339242009138567,-1.54e-06,5.099183737297721,8.287414518368358,74.865353022374,1.0052136313683062,-5.41237701058774,0.12067054082980143,-44.62575685603298,-1.1573229341274334,-4.070228009344761,0.6295741068180681,45.55321376266027,0.2719344611720337,-0.009636630014495716,0.00015748,0.009647323781670212,0.00081957,1,0.0
17077,0.00323058164110121,5.550578729112932e-05,-1.54e-06,5.099183737297721,8.287414518368358,98.65470478871022,1.0052136313683062,7.6253376870607035,0.12067054082980143,-69.40099248838628,-1.1573229341274334,-96.38894631913593,0.6295741068180681,19.32808439985637,0.2719344611720337,-0.004033438586687472,0.00015748,0.004032422891918461,0.00081957,1,0.0
17078,0.014152968482793966,0.00010016350188346885,-1.54e-06,5.099183737297721,8.287414518368358,-5.352407188179274,1.0052136313683062,5.3147269591930355,0.12067054082980143,-14.663516149043653,-1.1573229341274334,-85.04554473906353,0.6295741068180681,5.436045894396388,0.2719344611720337,-0.0031546082271765637,0.00015748,0.0031605819172440663,0.00081957,1,0.0
17079,0.028471855428850598,0.0001793515002974745,-1.54e-06,5.099183737297721,8.287414518368358,-87.89658297571204,1.0052136313683062,5.979531710470647,0.12067054082980143,-22.55816207848027,-1.1573229341274334,-63.537192646459076,0.6295741068180681,26.024557289192813,0.2719344611720337,-0.004278261178587127,0.00015748,0.004277615533457326,0.00081957,1,0.0
17080,0.016780993847391734,0.0008565328935570989,-1.54e-06,5.099183737297721,8.287414518368358,-32.794834976528946,1.0052136313683062,-7.787093690795538,0.12067054082980143,-32.46479058702546,-1.1573229341274334,27.86898064385142,0.6295741068180681,66.51193784835013,0.2719344611720337,-0.009218760233981486,0.00015748,0.009217445808561809,0.00081957,1,0.0
17081,0.020878751767305317,5.97330589813464e-06,-1.54e-06,5.099183737297721,8.287414518368358,-80.36919907784672,1.0052136313683062,3.330066747265984,0.12067054082980143,-55.7485514188399,-1.1573229341274334,22.316995060549257,0.6295741068180681,49.98250667935914,0.2719344611720337,-0.001342643915472418,0.00015748,0.00134341137261984,0.00081957,1,0.0
17082,1.6863027527402874e-05,0.0021641500513499864,-1.54e-06,5.099183737297721,8.287414518368358,58.76091308393037,1.0052136313683062,10.44670740391098,0.12067054082980143,-43.92475030824549,-1.1573229341274334,41.38203015907573,0.6295741068180681,-20.27868031401956,0.2719344611720337,-0.005001040094696339,0.00015748,0.008422249164297207,0.00081957,1,0.0
17083,1.4066743249829816e-05,0.0005626812582222968,-1.54e-06,5.099183737297721,8.287414518368358,37.50814933741916,1.0052136313683062,6.288858444156003,0.12067054082980143,-39.52057169089644,-1.1573229341274334,-1.7045933442241477,0.6295741068180681,0.24355943945808547,0.2719344611720337,-0.002640663983483002,0.00015748,0.003584974292472963,0.00081957,1,0.0
17084,0.006294712834672565,5.7821104141836824e-06,-1.54e-06,5.099183737297721,8.287414518368358,-51.65980848290098,1.0052136313683062,2.1013432261406306,0.12067054082980143,-56.07656834185249,-1.1573229341274334,76.43763016025012,0.6295741068180681,39.10418036746858,0.2719344611720337,-0.0011572254674134337,0.00015748,0.001157274981573236,0.00081957,1,0.0
17085,0.01954234140123231,3.808467598701053e-05,-1.54e-06,5.099183737297721,8.287414518368358,-24.92240773665208,1.0052136313683062,6.478748288263836,0.12067054082980143,-61.3654833862243,-1.1573229341274334,-45.98978634297451,0.6295741068180681,39.133488295721776,0.2719344611720337,-0.002839279746145751,0.00015748,0.0028382141824486434,0.00081957,1,0.0
17086,0.017469482514095504,1.796292477616606e-05,-1.54e-06,5.099183737297721,8.287414518368358,18.335516704375703,1.0052136313683062,5.29385946720455,0.12067054082980143,-57.28801890093338,-1.1573229341274334,-82.04331608742426,0.6295741068180681,36.50709576089879,0.2719344611720337,-0.002886432643978747,0.00015748,0.0028880077841376543,0.00081957,1,0.0
17087,1.6767437805473295e-05,0.002005211627335822,-1.54e-06,5.099183737297721,8.287414518368358,88.76446788273466,1.0052136313683062,-9.819204549490378,0.12067054082980143,-15.777204193671587,-1.1573229341274334,25.953010240001806,0.6295741068180681,35.54729067951219,0.2719344611720337,-0.010688073006422173,0.00015748,0.012213262780173288,0.00081957,1,0.0
17088,0.014575548422935139,0.0002980443429204899,-1.54e-06,5.099183737297721,8.287414518368358,-49.77888174219309,1.0052136313683062,7.237683361840697,0.12067054082980143,-20.56630570014958,-1.1573229341274334,-40.90036251739235,0.6295741068180681,5.21916074164358,0.2719344611720337,-0.005561582427974446,0.00015748,0.005563076543140461,0.00081957,1,0.0
17089,0.028778876331948245,4.402304061512332e-05,-1.54e-06,5.099183737297721,8.287414518368358,-51.47442783308486,1.0052136313683062,4.459922542848761,0.12067054082980143,-25.579149655431724,-1.1573229341274334,-94.89207721017992,0.6295741068180681,31.97443120383384,0.2719344611720337,-0.0020993790675910107,0.00015748,0.0020971558315635136,0.00081957,1,0.0
17090,6.271512023926784e-05,0.002021311609523089,-1.54e-06,5.099183737297721,8.287414518368358,65.93911441457219,1.0052136313683062,-7.674293680370313,0.12067054082980143,-42.50368978764324,-1.1573229341274334,87.72689414912983,0.6295741068180681,45.61724193481618,0.2719344611720337,-0.009182605536281863,0.00015748,0.011219597536561782,0.00081957,1,0.0
17091,0.02814191289681045,2.2839707581215523e-05,-1.54e-06,5.099183737297721,8.287414518368358,-29.60932977230997,1.0052136313683062,6.030485692374498,0.12067054082980143,-79.81396987123867,-1.1573229341274334,-63.93817249300004,0.6295741068180681,61.65687003709587,0.2719344611720337,-0.0032316574463456356,0.00015748,0.0032336517054770307,0.00081957,1,0.0
17092,8.850474776556094e-06,0.004455577747794407,-1.54e-06,5.099183737297721,8.287414518368358,84.62022017950169,1.0052136313683062,16.61501098210538,0.12067054082980143,-11.345926257872518,-1.1573229341274334,-6.857565849325843,0.6295741068180681,-69.92147745432796,0.2719344611720337,-0.01148116625332112,0.00015748,0.016449385487856925,0.00081957,1,0.0
17093,0.003990317737817266,0.0015146817117486977,-1.54e-06,5.099183737297721,8.287414518368358,49.00037057931688,1.0052136313683062,-6.695471597271584,0.12067054082980143,-86.61355205040404,-1.1573229341274334,58.916009459282236,0.6295741068180681,83.38837130967694,0.2719344611720337,-0.012856569052978025,0.00015748,0.012856440971799476,0.00081957,1,0.0
17094,0.016154948734410028,3.485728355410645e-05,-1.54e-06,5.099183737297721,8.287414518368358,-77.97814101389191,1.0052136313683062,6.644499014466001,0.12067054082980143,-93.75764632076769,-1.1573229341274334,69.56458102324565,0.6295741068180681,59.59102273857043,0.2719344611720337,-0.0028140186610095415,0.00015748,0.002821885306109911,0.00081957,1,0.0
17095,0.03788780307767013,0.00011250737084332916,-1.54e-06,5.099183737297721,8.287414518368358,-92.69594079118961,1.0052136313683062,9.892271481974,0.12067054082980143,-95.41294248600522,-1.1573229341274334,-49.31024481919085,0.6295741068180681,71.11767169050931,0.2719344611720337,-0.004399184319253612,0.00015748,0.004401799684399261,0.00081957,1,0.0
17096,0.006907043841444277,0.003929512068152463,-1.54e-06,5.099183737297721,8.287414518368358,-39.00131864106336,1.0052136313683062,25.774507686326753,0.12067054082980143,-66.8186754780274,-1.1573229341274334,-66.14696972736813,0.6295741068180681,-35.33645923114454,0.2719344611720337,-0.019963665229496667,0.00015748,0.019965766439755724,0.00081957,1,0.0
17097,0.03409008836104696,2.3684822629577995e-05,-1.54e-06,5.099183737297721,8.287414518368358,-74.55514165268717,1.0052136313683062,1.6971465008530737,0.12067054082980143,-12.685102068759843,-1.1573229341274334,-95.86662093050998,0.6295741068180681,38.92496566807891,0.2719344611720337,-0.0006266310486409846,0.00015748,0.0006290230208042789,0.00081957,1,0.0
17098,0.03285785533116268,0.0002459221310739019,-1.54e-06,5.099183737297721,8.287414518368358,-82.02829192335231,1.0052136313683062,-3.4726621255534185,0.12067054082980143,-19.075482026697987,-1.1573229341274334,-42.91809115785775,0.6295741068180681,60.203807736962574,0.2719344611720337,-0.004517311269340613,0.00015748,0.004533274231029695,0.00081957,1,0.0
17099,8.472472788512847e-05,0.0018182230757691153,-1.54e-06,5.099183737297721,8.287414518368358,84.12159578571674,1.0052136313683062,5.484614897383848,0.12067054082980143,-23.892714233377962,-1.1573229341274334,19.802232023449093,0.6295741068180681,-17.97279652635109,0.2719344611720337,-0.0009671669888847538,0.00015748,0.004444036955278367,0.00081957,1,0.0
17100,0.0002314545902749876,0.04397551290863004,-1.54e-06,3.2276756328829896,3.844279185449999,82.92343429230228,1.0052136313683062,4.280239728937189,0.12067054082980143,-4.850993228966679,-1.1573229341274334,-26.2346674685298,0.6295741068180681,-25.489732029203477,0.2719344611720337,0.04267809992411761,0.00015748,0.051730040625691226,0.00081957,0,0.0
17101,0.06597430957569275,0.0036021634703693444,-1.54e-06,3.2276756328829896,3.844279185449999,-8.767707443093718,1.0052136313683062,1.758590347493548,0.12067054082980143,-0.048803870215663694,-1.1573229341274334,-13.272887548493616,0.6295741068180681,3.930802773716923,0.2719344611720337,-0.028217373193590245,0.00015748,0.02854157497718418,0.00081957,1,0.0
17102,0.5065862563980867,0.19446156521379007,-1.54e-06,3.2276756328829896,3.844279185449999,40.03044441987343,1.0052136313683062,0.7251201863630118,0.12067054082980143,-40.908286402397586,-1.1573229341274334,-98.08330226679158,0.6295741068180681,73.72561482687617,0.2719344611720337,-0.23421837560640005,0.00015748,0.23487116258538784,0.00081957,1,0.0
17103,0.0008292439788948891,0.0912083409226839,-1.54e-06,3.2276756328829896,3.844279185449999,30.725137499884294,1.0052136313683062,4.005136114510598,0.12067054082980143,-40.013450581163305,-1.1573229341274334,64.54652123877189,0.6295741068180681,0.7547796278977033,0.2719344611720337,0.03185642056430865,0.00015748,0.15882190705295032,0.00081957,0,0.0
17104,0.1997075392671097,0.02068505122217123,-1.54e-06,3.2276756328829896,3.844279185449999,36.43927245154855,1.0052136313683062,8.255249557478011,0.12067054082980143,-63.62201308692935,-1.1573229341274334,-32.919382796302955,0.6295741068180681,41.77980849834,0.2719344611720337,-0.09717381724664202,0.00015748,0.09717220470184333,0.00081957,1,0.0
17105,0.18494479908507316,0.04626798598307902,-1.54e-06,3.2276756328829896,3.844279185449999,63.548113782912466,1.0052136313683062,10.297968185552687,0.12067054082980143,-89.42890129904752,-1.1573229341274334,-29.191376256296106,0.6295741068180681,50.03229264059649,0.2719344611720337,-0.13911744516781394,0.00015748,0.14129993743551783,0.00081957,1,0.0
17106,0.31923817818431643,0.034811648875191385,-1.54e-06,3.2276756328829896,3.844279185449999,23.984239480855468,1.0052136313683062,9.606312858029828,0.12067054082980143,-82.25390913449648,-1.1573229341274334,-38.79464545528623,0.6295741068180681,66.01509573441085,0.2719344611720337,-0.11900891634469653,0.00015748,0.11959805144305997,0.00081957,1,0.0
17107,0.354478918138376,0.02624878917115691,-1.54e-06,3.2276756328829896,3.844279185449999,28.549988629058873,1.0052136313683062,11.767422471875337,0.12067054082980143,-66.55799432515288,-1.1573229341274334,-67.75705194326241,0.6295741068180681,52.68310019595281,0.2719344611720337,-0.1050029966182031,0.00015748,0.10508538785595122,0.00081957,1,0.0
17108,0.24731750955171133,0.023381658834893616,-1.54e-06,3.2276756328829896,3.844279185449999,52.57221091836004,1.0052136313683062,10.872643303988028,0.12067054082980143,-61.35831030714991,-1.1573229341274334,-61.22630278113977,0.6295741068180681,36.610155856526085,0.2719344611720337,-0.10599031008957067,0.00015748,0.10606673553740349,0.00081957,1,0.0
17109,0.10963708333851527,0.002665279398673171,-1.54e-06,3.2276756328829896,3.844279185449999,-49.82254528336089,1.0052136313683062,-0.7130095481206263,0.12067054082980143,-23.53829852561901,-1.1573229341274334,27.506276697231314,0.6295741068180681,36.972097875111594,0.2719344611720337,-0.015692638241984917,0.00015748,0.015675187250756544,0.00081957,1,0.0
17110,-0.0005686085321947587,0.18723929800676536,-1.54e-06,3.2276756328829896,3.844279185449999,81.82865656125786,1.0052136313683062,16.278056501630505,0.12067054082980143,-36.528443342794546,-1.1573229341274334,-20.35626552750462,0.6295741068180681,-33.07945020997859,0.2719344611720337,-0.11700093168876993,0.00015748,0.2457497244682846,0.00081957,1,0.0
17111,0.0008936839867534352,0.02194679051928177,-1.54e-06,3.2276756328829896,3.844279185449999,25.561905240648045,1.0052136313683062,7.970924342996178,0.12067054082980143,-86.09405007007805,-1.1573229341274334,40.894430337790524,0.6295741068180681,38.35623194523226,0.2719344611720337,-0.059966580733709585,0.00015748,0.0798226549475421,0.00081957,1,0.0
17112,0.0002083846961101199,0.03412746253741928,-1.54e-06,3.2276756328829896,3.844279185449999,69.4320776295392,1.0052136313683062,3.510277488749371,0.12067054082980143,-8.553267438225923,-1.1573229341274334,-20.438254220897626,0.6295741068180681,-17.372923139372364,0.2719344611720337,0.01965338872222053,0.00015748,0.05191418595004109,0.00081957,0,0.0
17113,0.007487917867203042,0.0015498273998398218,-1.54e-06,3.2276756328829896,3.844279185449999,-25.007653564009086,1.0052136313683062,2.9090020849547655,0.12067054082980143,-50.26606646079413,-1.1573229341274334,46.85513151495744,0.6295741068180681,33.77642182136076,0.2719344611720337,-0.021825487117487774,0.00015748,0.02188116074968352,0.00081957,1,0.0
17114,0.17176702473316224,0.2038870135763313,-1.54e-06,3.2276756328829896,3.844279185449999,17.555042720999364,1.0052136313683062,-5.659995494277323,0.12067054082980143,-41.46293664243687,-1.1573229341274334,23.806434958021686,0.6295741068180681,53.01571527050178,0.2719344611720337,-0.17864851818833397,0.00015748,0.24486054436733004,0.00081957,1,0.0
17115,0.13838487806913122,0.002778140343087022,-1.54e-06,3.2276756328829896,3.844279185449999,-96.49457766573006,1.0052136313683062,-0.4046879108525257,0.12067054082980143,-40.07940655206995,-1.1573229341274334,61.7370780582484,0.6295741068180681,57.80397241367806,0.2719344611720337,-0.02324846006435269,0.00015748,0.023360672444624003,0.00081957,1,0.0
17116,0.004310703761670864,0.1677336005597586,-1.54e-06,3.2276756328829896,3.844279185449999,-49.8678611107461,1.0052136313683062,8.698508762873352,0.12067054082980143,-2.673986238424028,-1.1573229341274334,7.451368244752354,0.6295741068180681,-10.670576244028894,0.2719344611720337,-0.21647192514669839,0.00015748,0.21655377672402798,0.00081957,1,0.0
17117,0.10909735267254422,0.0037925442919475114,-1.54e-06,3.2276756328829896,3.844279185449999,37.37034265929201,1.0052136313683062,3.5312530305823606,0.12067054082980143,-1.0709596018087342,-1.1573229341274334,-53.1448152240633,0.6295741068180681,-1.7248252153125607,0.2719344611720337,-0.035941260163938546,0.00015748,0.036829538295381256,0.00081957,1,0.0
17118,-5.190206771410466e-05,0.09171294780106892,-1.54e-06,3.2276756328829896,3.844279185449999,91.29259357554459,1.0052136313683062,7.65414299568589,0.12067054082980143,-35.11220878554053,-1.1573229341274334,18.958801532199978,0.6295741068180681,-20.90247700354348,0.2719344611720337,0.0583952081793058,0.00015748,0.14352488163304725,0.00081957,0,0.0
17119,0.43623041690639996,0.01719392901535781,-1.54e-06,3.2276756328829896,3.844279185449999,-69.02206559962643,1.0052136313683062,4.7101687437104856,0.12067054082980143,-43.69779387059022,-1.1573229341274334,-27.7529633806025,0.6295741068180681,75.02846417735935,0.2719344611720337,-0.03323374248799719,0.00015748,0.03320468083329823,0.00081957,1,0.0
17120,0.06312733213407512,0.004374558256610531,-1.54e-06,3.2276756328829896,3.844279185449999,-85.70729674646076,1.0052136313683062,-3.167937320041052,0.12067054082980143,-13.128179463346115,-1.1573229341274334,56.31152288054671,0.6295741068180681,35.594043427064946,0.2719344611720337,-0.04050973804720787,0.00015748,0.04046961493324356,0.00081957,1,0.0
17121,0.25888894109638083,0.006298981498886209,-1.54e-06,3.2276756328829896,3.844279185449999,-32.33311988398338,1.0052136313683062,3.578329735266541,0.12067054082980143,-27.646889962436827,-1.1573229341274334,-22.18983546166389,0.6295741068180681,42.69497156727568,0.2719344611720337,-0.026761818588962726,0.00015748,0.026808876728816593,0.00081957,1,0.0
17122,0.04003125839326064,0.0014546157230856678,-1.54e-06,3.2276756328829896,3.844279185449999,-89.38346102882653,1.0052136313683062,-0.94590650255978,0.12067054082980143,-48.29789027176167,-1.1573229341274334,86.47297051344054,0.6295741068180681,53.90053431674576,0.2719344611720337,-0.019045257602476058,0.00015748,0.01914127704760698,0.00081957,1,0.0
17123,0.5857427706807399,0.03564265630962365,-1.54e-06,3.2276756328829896,3.844279185449999,-93.1806587038388,1.0052136313683062,5.606486655794039,0.12067054082980143,-33.87781040179045,-1.1573229341274334,-55.4911017823685,0.6295741068180681,84.63260325158967,0.2719344611720337,-0.04098581713005051,0.00015748,0.04102596983180074,0.00081957,1,0.0
17124,0.08151215602044987,0.003243174054362288,-1.54e-06,3.2276756328829896,3.844279185449999,-69.36918293481362,1.0052136313683062,4.684225603865586,0.12067054082980143,-77.04460454349342,-1.1573229341274334,74.89479391107582,0.6295741068180681,62.82719156390402,0.2719344611720337,-0.03661455992913971,0.00015748,0.03728348719746256,0.00081957,1,0.0
17125,0.33467020117823204,0.02341012610576507,-1.54e-06,3.2276756328829896,3.844279185449999,46.726727080654435,1.0052136313683062,9.515983874975662,0.12067054082980143,-39.65691760258261,-1.1573229341274334,-90.34711951615894,0.6295741068180681,33.885404969515065,0.2719344611720337,-0.09539464365455341,0.00015748,0.09584552521118522,0.00081957,1,0.0
17126,0.0003656011206361054,0.13824570531401967,-1.54e-06,3.2276756328829896,3.844279185449999,-16.16105287542266,1.0052136313683062,4.129159088075674,0.12067054082980143,-0.014168556809390873,-1.1573229341274334,41.09020119089262,0.6295741068180681,-17.386128100316835,0.2719344611720337,-0.08823254564665059,0.00015748,0.22285803993635253,0.00081957,1,0.0
17127,0.3932477420297388,0.019371043829883566,-1.54e-06,3.2276756328829896,3.844279185449999,-5.56194459088794,1.0052136313683062,7.977031318737774,0.12067054082980143,-46.733491780235035,-1.1573229341274334,-62.13007130090876,0.6295741068180681,56.08903678196891,0.2719344611720337,-0.0721118783091489,0.00015748,0.07223034103697303,0.00081957,1,0.0
17128,0.4747941061174406,0.07853256035045258,-1.54e-06,3.2276756328829896,3.844279185449999,-48.19070504690349,1.0052136313683062,10.925568577603768,0.12067054082980143,-19.79138824814387,-1.1573229341274334,-84.40424025820269,0.6295741068180681,44.33768493647135,0.2719344611720337,-0.12833356318953928,0.00015748,0.12822171993481082,0.00081957,1,0.0
17129,0.25420765839761467,0.006287099906027572,-1.54e-06,3.2276756328829896,3.844279185449999,-58.658147238138355,1.0052136313683062,1.5339525980925444,0.12067054082980143,-20.229289933202903,-1.1573229341274334,-6.425704637834118,0.6295741068180681,45.41673873956913,0.2719344611720337,-0.010600417221963332,0.00015748,0.01062442757324226,0.00081957,1,0.0
17130,0.3320649106098362,0.02023337547947835,-1.54e-06,3.2276756328829896,3.844279185449999,-12.366549603898958,1.0052136313683062,11.314501683571818,0.12067054082980143,-88.67825629492809,-1.1573229341274334,-19.550289009491546,0.6295741068180681,73.25004502601685,0.2719344611720337,-0.09321155748100914,0.00015748,0.09329938995722627,0.00081957,1,0.0
17131,0.46069195634205123,0.022177536082975995,-1.54e-06,3.2276756328829896,3.844279185449999,-58.705861398550496,1.0052136313683062,9.512828175590299,0.12067054082980143,-76.08766209399874,-1.1573229341274334,-24.96623827872316,0.6295741068180681,88.18386157084899,0.2719344611720337,-0.07098248025516281,0.00015748,0.0711418456908069,0.00081957,1,0.0
17132,0.00021425510384345814,0.0735762826392157,-1.54e-06,3.2276756328829896,3.844279185449999,88.01911676562268,1.0052136313683062,3.9972106484691015,0.12067054082980143,-18.85794031219185,-1.1573229341274334,4.989705467833259,0.6295741068180681,-20.708065463930524,0.2719344611720337,0.05388566296286465,0.00015748,0.10964770760070064,0.00081957,0,0.0
17133,0.5593373535082583,0.03981989684731077,-1.54e-06,3.2276756328829896,3.844279185449999,-10.736554376397615,1.0052136313683062,12.599074442997273,0.12067054082980143,-66.78943747195969,-1.1573229341274334,-89.7671555837298,0.6295741068180681,77.49912802053295,0.2719344611720337,-0.10269161782722205,0.00015748,0.10291815004160923,0.00081957,1,0.0
17134,0.13653381124596575,0.02017500014429531,-1.54e-06,3.2276756328829896,3.844279185449999,42.34320399333108,1.0052136313683062,11.106549548796096,0.12067054082980143,-78.02942260542056,-1.1573229341274334,-18.780854557624686,0.6295741068180681,38.21384973648212,0.2719344611720337,-0.09975315264681048,0.00015748,0.09981205855273742,0.00081957,1,0.0
17135,0.04226598546867655,0.0408344733343861,-1.54e-06,3.2276756328829896,3.844279185449999,21.179724302754344,1.0052136313683062,1.7515790223058474,0.12067054082980143,-57.61918235502235,-1.1573229341274334,23.589161661684216,0.6295741068180681,38.18111199275552,0.2719344611720337,-0.10256051405558371,0.00015748,0.10902808536668747,0.00081957,1,0.0
17136,0.00011789954438801153,0.16450420596833412,-1.54e-06,3.2276756328829896,3.844279185449999,67.33804095667352,1.0052136313683062,18.126647333638566,0.12067054082980143,-68.8415550755542,-1.1573229341274334,0.4425680982333494,0.6295741068180681,-9.746231667293475,0.2719344611720337,-0.12952105261218408,0.00015748,0.22890584715338416,0.00081957,1,0.0
17137,0.20717784379632062,0.006794606832489194,-1.54e-06,3.2276756328829896,3.844279185449999,-37.43871920184896,1.0052136313683062,6.788313780561231,0.12067054082980143,-77.29947724305225,-1.1573229341274334,24.11870622860479,0.6295741068180681,66.4176782158144,0.2719344611720337,-0.05442309500115796,0.00015748,0.054505909061695466,0.00081957,1,0.0
17138,0.00034033081960882505,0.4623840734778802,-1.54e-06,3.2276756328829896,3.844279185449999,36.26958810181675,1.0052136313683062,16.324963228236204,0.12067054082980143,-27.66507162067374,-1.1573229341274334,50.84556301971078,0.6295741068180681,-45.32991999311152,0.2719344611720337,-0.16826032467606578,0.00015748,0.4613387848250057,0.00081957,1,0.0
17139,0.12599969526475047,0.020303542376819757,-1.54e-06,3.2276756328829896,3.844279185449999,79.9188174450086,1.0052136313683062,10.309539675651608,0.12067054082980143,-46.95180212098433,-1.1573229341274334,-62.14594051189141,0.6295741068180681,11.215196902083617,0.2719344611720337,-0.10016019334306746,0.00015748,0.10023869943207263,0.00081957,1,0.0
17140,0.36297959887752135,0.012027220422158839,-1.54e-06,3.2276756328829896,3.844279185449999,-62.959058262978004,1.0052136313683062,3.164372068401384,0.12067054082980143,-34.52584200334832,-1.1573229341274334,-19.350939635392084,0.6295741068180681,63.658810940212085,0.2719344611720337,-0.02239300505094505,0.00015748,0.022364649223834885,0.00081957,1,0.0
17141,0.000996807665338939,0.0804909526490979,-1.54e-06,3.2276756328829896,3.844279185449999,11.175557040662007,1.0052136313683062,4.642343595672588,0.12067054082980143,-55.18317923205594,-1.1573229341274334,79.94643567186425,0.6295741068180681,14.658232196846058,0.2719344611720337,0.028052553736279143,0.00015748,0.14095746169707152,0.00081957,0,0.0
17142,0.24278143504753075,0.033331508281813166,-1.54e-06,3.2276756328829896,3.844279185449999,14.489737411124812,1.0052136313683062,4.465337458615597,0.12067054082980143,-55.45173622698067,-1.1573229341274334,-25.71757169519973,0.6295741068180681,52.259070350429795,0.2719344611720337,-0.10536581804674022,0.00015748,0.10543330586128272,0.00081957,1,0.0
17143,0.0009522559150524357,0.014104300092670847,-1.54e-06,3.2276756328829896,3.844279185449999,-6.853229660212131,1.0052136313683062,4.903374705684704,0.12067054082980143,-27.35389999553367,-1.1573229341274334,14.675091621822938,0.6295741068180681,9.05980522637176,0.2719344611720337,-0.05683176155587718,0.00015748,0.061059606453095265,0.00081957,1,0.0
17144,0.39217260743937377,0.020016797262081602,-1.54e-06,3.2276756328829896,3.844279185449999,-12.45686662546115,1.0052136313683062,9.523460161045469,0.12067054082980143,-61.316860735804354,-1.1573229341274334,-49.97419160531964,0.6295741068180681,63.882196797255105,0.2719344611720337,-0.07890768869967502,0.00015748,0.07891930637043526,0.00081957,1,0.0
17145,0.3268460965983741,0.12125468249867022,-1.54e-06,3.2276756328829896,3.844279185449999,59.60667455086256,1.0052136313683062,8.09250897583723,0.12067054082980143,-99.8613626518267,-1.1573229341274334,-21.391477179301358,0.6295741068180681,72.76103708714183,0.2719344611720337,-0.13439131314500102,0.00015748,0.20241811024171175,0.00081957,1,0.0
17146,-0.00020335145707550684,0.7003608390926603,-1.54e-06,3.2276756328829896,3.844279185449999,-37.936762502435826,1.0052136313683062,16.798502282841856,0.12067054082980143,-0.06970347188684461,-1.1573229341274334,34.28511629027151,0.6295741068180681,-47.03077719862991,0.2719344611720337,-0.3300406610709436,0.00015748,0.5087760548562088,0.00081957,1,0.0
17147,-1.0663354089793242e-06,0.1873921775738655,-1.54e-06,3.2276756328829896,3.844279185449999,72.90162030679787,1.0052136313683062,-0.4914703491609381,0.12067054082980143,-0.4462925642739826,-1.1573229341274334,68.56825945231493,0.6295741068180681,-35.17703085390095,0.2719344611720337,0.023570320318502036,0.00015748,0.3226590132980116,0.00081957,0,0.0
17148,0.12138353535648719,0.0009954840669477026,-1.54e-06,3.2276756328829896,3.844279185449999,-92.2746995925606,1.0052136313683062,1.392563604217354,0.12067054082980143,-60.94608474814211,-1.1573229341274334,75.23171332906135,0.6295741068180681,66.30917661361468,0.2719344611720337,-0.013400271236148575,0.00015748,0.013404954015419756,0.00081957,1,0.0
17149,0.34581310035478563,0.0479420543100617,-1.54e-06,3.2276756328829896,3.844279185449999,65.47527659116906,1.0052136313683062,16.3118775762654,0.12067054082980143,-99.7242407272771,-1.1573229341274334,-72.30709505236122,0.6295741068180681,59.78375246214937,0.2719344611720337,-0.15257349461229303,0.00015748,0.15282300043747826,0.00081957,1,0.0
17150,-0.0013835439233500502,0.705394533464417,-1.54e-06,3.2276756328829896,3.844279185449999,-56.33690480986633,1.0052136313683062,19.72629854469726,0.12067054082980143,-26.24237748057632,-1.1573229341274334,38.34483987670884,0.6295741068180681,-27.513279804218108,0.2719344611720337,-0.37050100350736564,0.00015748,0.48361718647243285,0.00081957,1,0.0
17151,0.006782889093897182,0.0021515057913087505,-1.54e-06,3.2276756328829896,3.844279185449999,-38.51005191990139,1.0052136313683062,-1.3927523066247063,0.12067054082980143,-0.10814193156043203,-1.1573229341274334,25.02271496527834,0.6295741068180681,9.539569488692717,0.2719344611720337,-0.030153705299099668,0.00015748,0.030257653998058787,0.00081957,1,0.0
17152,-0.0004982509376334487,0.5513474551866562,-1.54e-06,3.2276756328829896,3.844279185449999,-31.22242857489875,1.0052136313683062,20.974171475294593,0.12067054082980143,-48.910996435267435,-1.1573229341274334,32.64573857090472,0.6295741068180681,-16.15785812863658,0.2719344611720337,-0.32779336435919826,0.00015748,0.4215289595384838,0.00081957,1,0.0
17153,0.05949915005545678,0.009950938960283318,-1.54e-06,3.2276756328829896,3.844279185449999,9.531459667542444,1.0052136313683062,3.9810227098375957,0.12067054082980143,-52.54737280969646,-1.1573229341274334,14.923332294199984,0.6295741068180681,33.209651487743,0.2719344611720337,-0.05925231715907892,0.00015748,0.06016595314833432,0.00081957,1,0.0
17154,0.02599360656627761,0.022098508553894614,-1.54e-06,3.2276756328829896,3.844279185449999,15.510064398215404,1.0052136313683062,4.661595148507016,0.12067054082980143,-74.36515272047244,-1.1573229341274334,34.361023911920405,0.6295741068180681,43.11394901043374,0.2719344611720337,-0.08569118702584429,0.00015748,0.0856919657812802,0.00081957,1,0.0
17155,0.16363610447264215,0.0018770082699210797,-1.54e-06,3.2276756328829896,3.844279185449999,-93.10814728449992,1.0052136313683062,1.8829267347825867,0.12067054082980143,-58.74892968837748,-1.1573229341274334,63.70942478444402,0.6295741068180681,68.02821482970758,0.2719344611720337,-0.017318140037064778,0.00015748,0.017315530144968894,0.00081957,1,0.0
17156,0.26837222627326,0.0186041220212029,-1.54e-06,3.2276756328829896,3.844279185449999,34.62933889641043,1.0052136313683062,9.512541173828724,0.12067054082980143,-54.31032654936868,-1.1573229341274334,-57.25860793130285,0.6295741068180681,39.41872731672334,0.2719344611720337,-0.09094492015237013,0.00015748,0.091186294153869,0.00081957,1,0.0
17157,1.7648020229743544e-05,0.02175418311574025,-1.54e-06,3.2276756328829896,3.844279185449999,33.98628904349604,1.0052136313683062,8.815715071922519,0.12067054082980143,-86.53917391172008,-1.1573229341274334,32.20375203061777,0.6295741068180681,35.89988491736401,0.2719344611720337,-0.07211884916420144,0.00015748,0.08552266233205355,0.00081957,1,0.0
17158,0.03027056758730623,0.01018731538862862,-1.54e-06,3.2276756328829896,3.844279185449999,32.1087698068836,1.0052136313683062,4.990481244025585,0.12067054082980143,-47.95656417719435,-1.1573229341274334,1.0648221745912736,0.6295741068180681,21.38983723527196,0.2719344611720337,-0.06494006907503302,0.00015748,0.06499427075354702,0.00081957,1,0.0
17159,0.3382951570527882,0.02212627962734401,-1.54e-06,3.2276756328829896,3.844279185449999,-5.838564491468537,1.0052136313683062,11.197548590149596,0.12067054082980143,-90.32500654426576,-1.1573229341274334,-23.05033542591734,0.6295741068180681,74.41021392872756,0.2719344611720337,-0.09835328690807568,0.00015748,0.09836258197356676,0.00081957,1,0.0
17160,0.4450299358275454,0.01947328443912647,-1.54e-06,3.2276756328829896,3.844279185449999,-57.31743551003988,1.0052136313683062,8.443579170827544,0.12067054082980143,-76.50786027265411,-1.1573229341274334,-19.35220600355646,0.6295741068180681,89.18360292958938,0.2719344611720337,-0.0661368344017739,0.00015748,0.0661063023983677,0.00081957,1,0.0
17161,0.0010404293456879044,0.007580806389433026,-1.54e-06,3.2276756328829896,3.844279185449999,-9.471763010924885,1.0052136313683062,2.763516455724931,0.12067054082980143,-45.84098440470215,-1.1573229341274334,39.65454253033061,0.6295741068180681,27.122189107134208,0.2719344611720337,-0.015541716271579603,0.00015748,0.0276880903715174,0.00081957,1,0.0
17162,0.22374584678784404,0.04127017687672302,-1.54e-06,3.2276756328829896,3.844279185449999,-12.49818537290065,1.0052136313683062,12.713595546622257,0.12067054082980143,-68.820596189149,-1.1573229341274334,-16.86570230264374,0.6295741068180681,44.67531655002708,0.2719344611720337,-0.11554295092683131,0.00015748,0.11538880741990187,0.00081957,1,0.0
17163,0.49166850720497685,0.03955415264903424,-1.54e-06,3.2276756328829896,3.844279185449999,13.325920134502091,1.0052136313683062,13.676966729487981,0.12067054082980143,-83.67396198291432,-1.1573229341274334,-78.6653279639621,0.6295741068180681,76.78264024687226,0.2719344611720337,-0.12205762788728924,0.00015748,0.12208178407045023,0.00081957,1,0.0
17164,0.0720810051554365,0.06108803317885805,-1.54e-06,3.2276756328829896,3.844279185449999,-0.8779316149041924,1.0052136313683062,3.321784179299762,0.12067054082980143,-98.96963452528824,-1.1573229341274334,58.707648299477206,0.6295741068180681,70.86997326178859,0.2719344611720337,-0.13112566692017635,0.00015748,0.1328670444526246,0.00081957,1,0.0
17165,0.23642775164530855,0.009512199553850399,-1.54e-06,3.2276756328829896,3.844279185449999,39.32342035092985,1.0052136313683062,5.311023951710975,0.12067054082980143,-1.5487487244262368,-1.1573229341274334,-85.70518731450635,0.6295741068180681,7.284195556938864,0.2719344611720337,-0.051697559683379773,0.00015748,0.051719283320091874,0.00081957,1,0.0
17166,0.00010541742811481791,0.013854299337283056,-1.54e-06,3.2276756328829896,3.844279185449999,14.657101963131248,1.0052136313683062,4.382775476614214,0.12067054082980143,-52.2667184521225,-1.1573229341274334,29.260239694451823,0.6295741068180681,23.800045044313492,0.2719344611720337,-0.028284019489521195,0.00015748,0.048609304925126356,0.00081957,1,0.0
17167,0.6183797884699935,0.04747714591242615,-1.54e-06,3.2276756328829896,3.844279185449999,-81.95559051089641,1.0052136313683062,9.997532877629794,0.12067054082980143,-53.87707969934973,-1.1573229341274334,-64.18823858786666,0.6295741068180681,90.55665675836771,0.2719344611720337,-0.0805375706945714,0.00015748,0.08044068015316252,0.00081957,1,0.0
17168,0.23182087582371252,0.019236692623999713,-1.54e-06,3.2276756328829896,3.844279185449999,58.29239120284857,1.0052136313683062,9.75344293080516,0.12067054082980143,-43.94315396649463,-1.1573229341274334,-72.7355260886365,0.6295741068180681,24.27537411503487,0.2719344611720337,-0.09513525601654908,0.00015748,0.09514047921032619,0.00081957,1,0.0
17169,0.00040594913674102395,0.16214062505318347,-1.54e-06,3.2276756328829896,3.844279185449999,66.43171800588587,1.0052136313683062,3.672332660029387,0.12067054082980143,-38.130115529771324,-1.1573229341274334,89.06326495714636,0.6295741068180681,-15.98903131828765,0.2719344611720337,0.04727781056178705,0.00015748,0.2887833864607777,0.00081957,0,0.0
17170,0.09380939559769075,0.004696039151196765,-1.54e-06,3.2276756328829896,3.844279185449999,-49.6721579750149,1.0052136313683062,6.192683083610578,0.12067054082980143,-91.40696708669671,-1.1573229341274334,68.43344129280962,0.6295741068180681,68.1146236921929,0.2719344611720337,-0.04594345775827517,0.00015748,0.04617964084370145,0.00081957,1,0.0
17171,0.0006180812628786281,0.06880596777481908,-1.54e-06,3.2276756328829896,3.844279185449999,4.5435565852006965,1.0052136313683062,-0.2936775847238251,0.12067054082980143,-59.99182962991392,-1.1573229341274334,75.9167303047704,0.6295741068180681,36.48629585335789,0.2719344611720337,-0.03641984522664978,0.00015748,0.12616606109983658,0.00081957,1,0.0
17172,0.0017933756305066328,0.38117486827106734,-1.54e-06,3.2276756328829896,3.844279185449999,94.26933603176232,1.0052136313683062,28.058205563866903,0.12067054082980143,-70.4221644340061,-1.1573229341274334,-71.98818843590895,0.6295741068180681,-27.96477544766884,0.2719344611720337,-0.32019160266875685,0.00015748,0.3213761218446996,0.00081957,1,0.0
17173,0.02968557981865116,0.00013769809828813748,-1.54e-06,3.2276756328829896,3.844279185449999,-15.154855100521788,1.0052136313683062,0.031597934290802175,0.12067054082980143,-6.924867214570771,-1.1573229341274334,8.317117466428103,0.6295741068180681,10.117022993354771,0.2719344611720337,-0.0020489640529409237,0.00015748,0.0021540623476498724,0.00081957,1,0.0
17174,0.5814592569167989,0.034482292487355265,-1.54e-06,3.2276756328829896,3.844279185449999,-50.09915634555909,1.0052136313683062,9.930531194841434,0.12067054082980143,-68.16053438317189,-1.1573229341274334,-63.105413316799726,0.6295741068180681,92.61898601550308,0.2719344611720337,-0.07902459438388948,0.00015748,0.0791235253664625,0.00081957,1,0.0
17175,0.0801238560392602,0.018976241360146688,-1.54e-06,3.2276756328829896,3.844279185449999,26.205175980286764,1.0052136313683062,10.072058293767787,0.12067054082980143,-92.31707847299045,-1.1573229341274334,17.125982765849415,0.6295741068180681,47.45145270795044,0.2719344611720337,-0.09371632485432348,0.00015748,0.09382403033548249,0.00081957,1,0.0
17176,0.14108492879590653,0.051192141228145624,-1.54e-06,3.2276756328829896,3.844279185449999,-6.8895457078912035,1.0052136313683062,-4.030951210219599,0.12067054082980143,-10.390851116291692,-1.1573229341274334,-6.158376637993754,0.6295741068180681,32.21098893847279,0.2719344611720337,-0.11448930293104181,0.00015748,0.1150436533822668,0.00081957,1,0.0
17177,0.35312872115475025,0.011161089290897234,-1.54e-06,3.2276756328829896,3.844279185449999,-58.22284346715251,1.0052136313683062,3.7480589442963286,0.12067054082980143,-37.916048382593495,-1.1573229341274334,-18.79819299425961,0.6295741068180681,63.04987475649682,0.2719344611720337,-0.0269384063860564,0.00015748,0.026970016514548632,0.00081957,1,0.0
17178,0.12131251097292872,0.3761041262526182,-1.54e-06,3.2276756328829896,3.844279185449999,-63.12470264823495,1.0052136313683062,17.3801875022309,0.12067054082980143,-30.4844457857321,-1.1573229341274334,-9.626927988000945,0.6295741068180681,3.060867583140691,0.2719344611720337,-0.32209464478006716,0.00015748,0.3219539898583545,0.00081957,1,0.0
17179,0.07369781842052658,0.019275084048781164,-1.54e-06,3.2276756328829896,3.844279185449999,92.23559897943288,1.0052136313683062,10.151985348088926,0.12067054082980143,-34.69742576491287,-1.1573229341274334,-68.03136445861563,0.6295741068180681,-4.363987694620382,0.2719344611720337,-0.09408378148423624,0.00015748,0.09426973043757186,0.00081957,1,0.0
17180,-2.322571965784892e-05,0.14384406321669968,-1.54e-06,3.2276756328829896,3.844279185449999,100.0,1.0052136313683062,9.883922863886289,0.12067054082980143,-54.19393863279802,-1.1573229341274334,57.67734465795572,0.6295741068180681,-21.711670511893583,0.2719344611720337,0.06241818066378313,0.00015748,0.24690700621871636,0.00081957,0,0.0
17181,0.11026011681408726,0.013304045041591902,-1.54e-06,3.2276756328829896,3.844279185449999,76.0758659150419,1.0052136313683062,8.435316187038552,0.12067054082980143,-20.090222363020033,-1.1573229341274334,-73.79832813210672,0.6295741068180681,-4.8060056244421965,0.2719344611720337,-0.07719638106956221,0.00015748,0.07711478068021475,0.00081957,1,0.0
17182,0.2111276308815107,0.004116725989197878,-1.54e-06,3.2276756328829896,3.844279185449999,-66.60214583430356,1.0052136313683062,0.8194025421557236,0.12067054082980143,-26.43034390135326,-1.1573229341274334,14.32356878788674,0.6295741068180681,48.27895842705002,0.2719344611720337,-0.006365815922480307,0.00015748,0.006387792549194598,0.00081957,1,0.0
17183,0.00022427186964956922,0.08956720575569563,-1.54e-06,3.2276756328829896,3.844279185449999,8.95537488221463,1.0052136313683062,0.3221090211282708,0.12067054082980143,-21.738941088973263,-1.1573229341274334,66.59529382707439,0.6295741068180681,0.5628284682015752,0.2719344611720337,0.009685349276211258,0.00015748,0.1633338902862732,0.00081957,0,0.0
17184,0.19964963881972325,0.003943220101501404,-1.54e-06,3.2276756328829896,3.844279185449999,-30.35568746240996,1.0052136313683062,1.5125881640723666,0.12067054082980143,-11.49950307632765,-1.1573229341274334,-18.670922895982276,0.6295741068180681,29.52463579746752,0.2719344611720337,-0.00960902288727749,0.00015748,0.009770313319414171,0.00081957,1,0.0
17185,0.5868955190433578,0.034503858726636374,-1.54e-06,3.2276756328829896,3.844279185449999,-63.834700499642224,1.0052136313683062,5.1735146440879864,0.12067054082980143,-26.21219240726581,-1.1573229341274334,-78.1708955015721,0.6295741068180681,76.02397710027506,0.2719344611720337,-0.03920634232931337,0.00015748,0.039153873967035444,0.00081957,1,0.0
17186,-0.0016541381229868701,0.16406781274883458,-1.54e-06,3.2276756328829896,3.844279185449999,4.32368515807119,1.0052136313683062,13.684565025243264,0.12067054082980143,-44.6369917416983,-1.1573229341274334,14.78402379752702,0.6295741068180681,-4.408874398839053,0.2719344611720337,-0.1666327402838383,0.00015748,0.21898731091395068,0.00081957,1,0.0
17187,0.22341243027174515,0.011845074873637377,-1.54e-06,3.2276756328829896,3.844279185449999,-2.7971121932903986,1.0052136313683062,4.324420345740897,0.12067054082980143,-42.84266299299764,-1.1573229341274334,-21.420685418834644,0.6295741068180681,43.99720258617656,0.2719344611720337,-0.06161718766942939,0.00015748,0.06198566719569923,0.00081957,1,0.0
17188,0.464041363329868,0.02315096787843892,-1.54e-06,3.2276756328829896,3.844279185449999,-49.13120944493432,1.0052136313683062,8.364788127587945,0.12067054082980143,-52.97490179625286,-1.1573229341274334,-47.326070768763316,0.6295741068180681,73.1867841210487,0.2719344611720337,-0.06256470800726167,0.00015748,0.06266208967357052,0.00081957,1,0.0
17189,0.05076204106847601,0.0035757907974323386,-1.54e-06,3.2276756328829896,3.844279185449999,-90.57392515135507,1.0052136313683062,-2.852395224313456,0.12067054082980143,-23.07743092180348,-1.1573229341274334,69.15469395270684,0.6295741068180681,41.453969490089634,0.2719344611720337,-0.037496301700849916,0.00015748,0.037502141912584636,0.00081957,1,0.0
17190,0.07399358558250063,0.012703578725083707,-1.54e-06,3.2276756328829896,3.844279185449999,44.55701993291143,1.0052136313683062,8.023279188573138,0.12067054082980143,-55.896504061551184,-1.1573229341274334,-16.96992031586803,0.6295741068180681,22.73649303481658,0.2719344611720337,-0.07838400055351734,0.00015748,0.07844643436187303,0.00081957,1,0.0
17191,0.1953180471949561,0.007832268421304994,-1.54e-06,3.2276756328829896,3.844279185449999,-52.58207285325477,1.0052136313683062,8.19407859075901,0.12067054082980143,-93.80472768589007,-1.1573229341274334,45.41410993838594,0.6295741068180681,75.9896437154169,0.2719344611720337,-0.06080152799089873,0.00015748,0.0609833316455128,0.00081957,1,0.0
17192,0.16309795005815428,0.0018042796942436762,-1.54e-06,3.2276756328829896,3.844279185449999,-78.90291119759185,1.0052136313683062,3.529422677360839,0.12067054082980143,-73.28877559570034,-1.1573229341274334,63.08808546356596,0.6295741068180681,72.5689108713258,0.2719344611720337,-0.021481676463755955,0.00015748,0.021471335631349564,0.00081957,1,0.0
17193,0.17296675119206678,0.0021019687978800737,-1.54e-06,3.2276756328829896,3.844279185449999,-88.1849360684109,1.0052136313683062,1.95238284704212,0.12067054082980143,-55.87378973349048,-1.1573229341274334,56.34926619907899,0.6295741068180681,66.03071790883611,0.2719344611720337,-0.015266444995990594,0.00015748,0.015427789653976629,0.00081957,1,0.0
17194,0.016821861980165498,0.011780169067662358,-1.54e-06,3.2276756328829896,3.844279185449999,74.36371806527903,1.0052136313683062,7.495125946418645,0.12067054082980143,-29.032500148890797,-1.1573229341274334,-42.92101607533524,0.6295741068180681,-5.569394972356769,0.2719344611720337,-0.07093875977754628,0.00015748,0.07189426230850139,0.00081957,1,0.0
17195,0.005199223298393896,0.008712441733475396,-1.54e-06,3.2276756328829896,3.844279185449999,-39.654686293801156,1.0052136313683062,5.466939688968559,0.12067054082980143,-99.87809801786518,-1.1573229341274334,90.002333481109,0.6295741068180681,65.42542677477046,0.2719344611720337,-0.04909473403891819,0.00015748,0.04896912900861973,0.00081957,1,0.0
17196,0.33606493477779414,0.03895709066040789,-1.54e-06,3.2276756328829896,3.844279185449999,57.90967999914736,1.0052136313683062,14.687880217100663,0.12067054082980143,-85.72289816891833,-1.1573229341274334,-73.11632399612739,0.6295741068180681,53.59053339653679,0.2719344611720337,-0.13646781006852082,0.00015748,0.1364737909776721,0.00081957,1,0.0
17197,-4.584865409373862e-05,0.0805202065706589,-1.54e-06,3.2276756328829896,3.844279185449999,86.86583607088153,1.0052136313683062,8.907817206554306,0.12067054082980143,-44.88538019426275,-1.1573229341274334,17.330459376953595,0.6295741068180681,-14.009945985398309,0.2719344611720337,0.04870741799742202,0.00015748,0.12496179110505028,0.00081957,0,0.0
17198,0.007739089822352996,0.0008481107466973307,-1.54e-06,3.2276756328829896,3.844279185449999,-72.08520204924,1.0052136313683062,1.1101388740662221,0.12067054082980143,-61.3990197540294,-1.1573229341274334,88.43438521698553,0.6295741068180681,52.76497170822928,0.2719344611720337,-0.00853033005832348,0.00015748,0.008603603156294312,0.00081957,1,0.0
17199,0.0001271096169199737,0.24078609790965202,-1.54e-06,3.2276756328829896,3.844279185449999,96.97639216997038,1.0052136313683062,19.221742381575126,0.12067054082980143,-30.945258261615734,-1.1573229341274334,-49.925072223832665,0.6295741068180681,-44.11752706884707,0.2719344611720337,-0.1701962425261614,0.00015748,0.2734453286924362,0.00081957,1,0.0
17200,0.25039172417494093,0.0054024431196714046,-1.54e-06,1.1164405908824162,4.829651400474193,-32.69842425895365,1.0052136313683062,7.8453110532414465,0.12067054082980143,-16.75210671394294,-1.1573229341274334,-89.31052334753537,0.6295741068180681,40.37773237317213,0.2719344611720337,-0.03479036968985275,0.00015748,0.03484288186257404,0.00081957,1,0.0
17201,0.0908494018241954,0.000796730516293866,-1.54e-06,1.1164405908824162,4.829651400474193,-14.225550064336892,1.0052136313683062,3.8180820375387614,0.12067054082980143,-12.91544075533429,-1.1573229341274334,-22.652292082524202,0.6295741068180681,17.462221984233995,0.2719344611720337,-0.01551083131638133,0.00015748,0.015553828703722797,0.00081957,1,0.0
17202,0.44510371257771214,0.02685351073527567,-1.54e-06,1.1164405908824162,4.829651400474193,-72.94945948924368,1.0052136313683062,6.209428857712412,0.12067054082980143,-62.95103794043725,-1.1573229341274334,10.33612223828144,0.6295741068180681,81.42856274216595,0.2719344611720337,-0.027397028289596975,0.00015748,0.0273614218526034,0.00081957,1,0.0
17203,0.5502779231849059,0.1451570185488726,-1.54e-06,1.1164405908824162,4.829651400474193,99.8940571026753,1.0052136313683062,57.33471253719804,0.12067054082980143,-36.819279613321925,-1.1573229341274334,-19.383880555390768,0.6295741068180681,-24.358212808413693,0.2719344611720337,0.33284606763236085,0.00015748,1.004517730426594,0.00081957,0,0.0
17204,0.577191217752288,0.1555781974971532,-1.54e-06,1.1164405908824162,4.829651400474193,86.50726151121427,1.0052136313683062,51.499899538106945,0.12067054082980143,-35.10323422388698,-1.1573229341274334,6.271660261088431,0.6295741068180681,-17.382557968272906,0.2719344611720337,0.3445644231819041,0.00015748,0.911581056766106,0.00081957,0,0.0
17205,0.4904095768103022,0.06750627632601307,-1.54e-06,1.1164405908824162,4.829651400474193,-77.57952127828281,1.0052136313683062,-1.788273778901124,0.12067054082980143,-56.89233171139452,-1.1573229341274334,76.09142392968481,0.6295741068180681,80.71044545034246,0.2719344611720337,-0.09390274145841315,0.00015748,0.09342543125901578,0.00081957,1,0.0
17206,0.2680896552298787,0.06535715118420303,-1.54e-06,1.1164405908824162,4.829651400474193,-59.950016151824585,1.0052136313683062,-10.106517426892514,0.12067054082980143,-62.10997408404641,-1.1573229341274334,86.32378052225177,0.6295741068180681,67.03169847011719,0.2719344611720337,-0.08010461169967902,0.00015748,0.07984474149471359,0.00081957,1,0.0
17207,0.2076844186463062,0.004048766124614291,-1.54e-06,1.1164405908824162,4.829651400474193,-41.63328309575541,1.0052136313683062,9.305544593481372,0.12067054082980143,-53.16939802209614,-1.1573229341274334,1.7929945696343157,0.6295741068180681,49.56836060487354,0.2719344611720337,-0.03043103380523029,0.00015748,0.03041041305735282,0.00081957,1,0.0
17208,0.562508761749578,0.15226598665067428,-1.54e-06,1.1164405908824162,4.829651400474193,90.482139697249,1.0052136313683062,51.74696051733701,0.12067054082980143,-32.10991940529373,-1.1573229341274334,0.9756567275928891,0.6295741068180681,-20.93416010068249,0.2719344611720337,0.34274484029154023,0.00015748,0.9229002101023045,0.00081957,0,0.0
17209,0.14673323867080657,0.015457100876537134,-1.54e-06,1.1164405908824162,4.829651400474193,-42.013782461626086,1.0052136313683062,17.577725707272926,0.12067054082980143,-77.11321345948294,-1.1573229341274334,-10.669222740593332,0.6295741068180681,54.743243864367706,0.2719344611720337,-0.08683970551057918,0.00015748,0.08692889760867331,0.00081957,1,0.0
17210,-7.975963586801665e-05,0.03774994714331162,-1.54e-06,1.1164405908824162,4.829651400474193,9.695259629154107,1.0052136313683062,6.295660117242985,0.12067054082980143,-1.862532849903691,-1.1573229341274334,37.723723135894964,0.6295741068180681,-10.418885436904139,0.2719344611720337,-0.01294597382924129,0.00015748,0.07143145067338777,0.00081957,1,0.0
17211,0.2512295008336143,0.02694167491161234,-1.54e-06,1.1164405908824162,4.829651400474193,-54.38274946755946,1.0052136313683062,21.050240391694214,0.12067054082980143,-80.383688737833,-1.1573229341274334,-73.81037771300687,0.6295741068180681,71.72402661286105,0.2719344611720337,-0.11319289327577432,0.00015748,0.11439884820046324,0.00081957,1,0.0
17212,0.3470966415174096,0.019065787401300972,-1.54e-06,1.1164405908824162,4.829651400474193,-65.68436752425778,1.0052136313683062,19.941745341873997,0.12067054082980143,-81.26694448236654,-1.1573229341274334,-70.20376870451734,0.6295741068180681,82.44421468770285,0.2719344611720337,-0.09120158046554463,0.00015748,0.09133255068576807,0.00081957,1,0.0
17213,0.00013792739772472418,0.031771366698743815,-1.54e-06,1.1164405908824162,4.829651400474193,-6.796169935293579,1.0052136313683062,10.834871193479195,0.12067054082980143,-41.42458842000878,-1.1573229341274334,89.7799431411561,0.6295741068180681,8.097390079731317,0.2719344611720337,-0.037961897325543885,0.00015748,0.07704873273103516,0.00081957,1,0.0
17214,0.08762383279395736,0.005705026069485614,-1.54e-06,1.1164405908824162,4.829651400474193,-27.34182370544177,1.0052136313683062,11.16736424325312,0.12067054082980143,-52.399201731281764,-1.1573229341274334,5.452724640525219,0.6295741068180681,35.176815227501145,0.2719344611720337,-0.05276284130675023,0.00015748,0.05275346857699517,0.00081957,1,0.0
17215,0.20205256110028796,0.012803358396090952,-1.54e-06,1.1164405908824162,4.829651400474193,-41.92388275355022,1.0052136313683062,1.4368552235143595,0.12067054082980143,-51.005107814915576,-1.1573229341274334,88.4982578600392,0.6295741068180681,43.9400673883886,0.2719344611720337,-0.04701897638611122,0.00015748,0.04700254639282802,0.00081957,1,0.0
17216,0.2447840605426453,0.014076955864703068,-1.54e-06,1.1164405908824162,4.829651400474193,-43.04277324496931,1.0052136313683062,1.290603358343419,0.12067054082980143,-41.17731750381903,-1.1573229341274334,51.608483448074644,0.6295741068180681,45.762161977263354,0.2719344611720337,-0.04078389829439178,0.00015748,0.0407770339509213,0.00081957,1,0.0
17217,0.1370221733742561,0.01615045577371386,-1.54e-06,1.1164405908824162,4.829651400474193,-40.674394496476296,1.0052136313683062,17.945195193451756,0.12067054082980143,-76.938421028947,-1.1573229341274334,-8.60566335560314,0.6295741068180681,53.15373276201738,0.2719344611720337,-0.08818901909543289,0.00015748,0.08810144714230153,0.00081957,1,0.0
17218,0.664542948949411,0.10342327709581885,-1.54e-06,1.1164405908824162,4.829651400474193,-90.78012458936803,1.0052136313683062,3.8683419249100437,0.12067054082980143,-48.92063545702064,-1.1573229341274334,36.88694284042855,0.6295741068180681,92.86069587620203,0.2719344611720337,-0.1290861296573177,0.00015748,0.12879292009832521,0.00081957,1,0.0
17219,0.623679252193297,0.15026015998246733,-1.54e-06,1.1164405908824162,4.829651400474193,100.0,1.0052136313683062,75.05942197089311,0.12067054082980143,-79.86521816319375,-1.1573229341274334,-37.612631958063986,0.6295741068180681,-7.431456398370214,0.2719344611720337,0.31625122143202405,0.00015748,1.1932349210312854,0.00081957,0,0.0
17220,0.039228969097395705,0.0020255251895406313,-1.54e-06,1.1164405908824162,4.829651400474193,-21.94237288006903,1.0052136313683062,7.468315272652553,0.12067054082980143,-49.939110093757755,-1.1573229341274334,44.58767216894804,0.6295741068180681,27.137166475973643,0.2719344611720337,-0.030842491303531838,0.00015748,0.030858022734300723,0.00081957,1,0.0
17221,0.3762851310909202,0.12664008929962098,-1.54e-06,1.1164405908824162,4.829651400474193,100.0,1.0052136313683062,38.98770772843872,0.12067054082980143,-19.23208109777334,-1.1573229341274334,98.88228640605078,0.6295741068180681,-44.208931611233666,0.2719344611720337,0.3661566442584659,0.00015748,0.7881373250197687,0.00081957,0,0.0
17222,0.19371891741224617,0.0060257914705486425,-1.54e-06,1.1164405908824162,4.829651400474193,-42.64129994633079,1.0052136313683062,13.097239196605026,0.12067054082980143,-62.679225396030915,-1.1573229341274334,-3.407251198694226,0.6295741068180681,52.30070446500322,0.2719344611720337,-0.052347288496221396,0.00015748,0.05232922736883088,0.00081957,1,0.0
17223,0.50723211018797,0.14465519481748165,-1.54e-06,1.1164405908824162,4.829651400474193,85.91082082659518,1.0052136313683062,46.84133115679411,0.12067054082980143,-38.74082538352457,-1.1573229341274334,60.17228953878994,0.6295741068180681,-22.031221562851446,0.2719344611720337,0.35403642553515885,0.00015748,0.8528015587998865,0.00081957,0,0.0
17224,0.18335568704414654,0.013354732068860417,-1.54e-06,1.1164405908824162,4.829651400474193,-28.6481914975162,1.0052136313683062,-2.888182644590643,0.12067054082980143,-18.569606272963377,-1.1573229341274334,38.4312200216997,0.6295741068180681,28.921173631244173,0.2719344611720337,-0.046063823567556464,0.00015748,0.046023770223315205,0.00081957,1,0.0
17225,0.7293808586688842,0.1740039606838835,-1.54e-06,1.1164405908824162,4.829651400474193,74.44346563800887,1.0052136313683062,70.24899074381652,0.12067054082980143,-86.8950813318428,-1.1573229341274334,-25.46153056852956,0.6295741068180681,14.05204877063105,0.2719344611720337,0.32303172138457686,0.00015748,1.105847564917483,0.00081957,0,0.0
17226,0.46433466406330354,0.016667930102888598,-1.54e-06,1.1164405908824162,4.829651400474193,-67.38682884489695,1.0052136313683062,14.382546216490754,0.12067054082980143,-49.38708751020013,-1.1573229341274334,-98.52464045405229,0.6295741068180681,80.0031570389944,0.2719344611720337,-0.045453755977350054,0.00015748,0.04548771996636706,0.00081957,1,0.0
17227,0.7628255895984497,0.18774372000413383,-1.54e-06,1.1164405908824162,4.829651400474193,66.89720349905359,1.0052136313683062,63.44223730540325,0.12067054082980143,-67.53382292868375,-1.1573229341274334,-36.77521361221906,0.6295741068180681,14.584542757205094,0.2719344611720337,0.3316349936954231,0.00015748,1.0155904627188703,0.00081957,0,0.0
17228,0.5863136864633307,0.1526268533294997,-1.54e-06,1.1164405908824162,4.829651400474193,99.99034699775882,1.0052136313683062,58.7353269458765,0.12067054082980143,-31.472053888910004,-1.1573229341274334,-46.43412489263758,0.6295741068180681,-23.077724564302404,0.2719344611720337,0.331165247681442,0.00015748,1.019845446756402,0.00081957,0,0.0
17229,0.8731433874696097,0.21002304431203983,-1.54e-06,1.1164405908824162,4.829651400474193,44.68511998312459,1.0052136313683062,69.7660252575257,0.12067054082980143,-98.43801101862799,-1.1573229341274334,-22.1049318611612,0.6295741068180681,40.12904409887992,0.2719344611720337,0.33169165061929023,0.00015748,1.0162253987151142,0.00081957,0,0.0
17230,0.6048380734951094,0.15903396488845453,-1.54e-06,1.1164405908824162,4.829651400474193,89.16678899510941,1.0052136313683062,54.96056971239463,0.12067054082980143,-34.285450788523946,-1.1573229341274334,-22.302530721781093,0.6295741068180681,-16.436652526424993,0.2719344611720337,0.3386679275074112,0.00015748,0.9556930790620708,0.00081957,0,0.0
17231,0.0457446204469643,0.01018873645598261,-1.54e-06,1.1164405908824162,4.829651400474193,-9.948531880550341,1.0052136313683062,11.321439094238437,0.12067054082980143,-20.88554654378352,-1.1573229341274334,-53.80494799105481,0.6295741068180681,16.08289831927809,0.2719344611720337,-0.06397187262970144,0.00015748,0.06396306192035742,0.00081957,1,0.0
17232,0.4877242567923843,0.02086065088546923,-1.54e-06,1.1164405908824162,4.829651400474193,-78.07843169914521,1.0052136313683062,14.117267062469063,0.12067054082980143,-70.65126751690157,-1.1573229341274334,-33.392036775275656,0.6295741068180681,89.75647159264255,0.2719344611720337,-0.03909405435075894,0.00015748,0.039078999987543855,0.00081957,1,0.0
17233,0.3230711238704733,0.008720225899397405,-1.54e-06,1.1164405908824162,4.829651400474193,-50.263517168794905,1.0052136313683062,12.079951414951653,0.12067054082980143,-44.19309988650238,-1.1573229341274334,-68.13147807220024,0.6295741068180681,60.690750162216695,0.2719344611720337,-0.043947628526402625,0.00015748,0.04405673452764238,0.00081957,1,0.0
17234,0.19146416981773312,0.003165064988430669,-1.54e-06,1.1164405908824162,4.829651400474193,-29.64330649779612,1.0052136313683062,7.553617598909516,0.12067054082980143,-26.123528873222792,-1.1573229341274334,-43.780056706303604,0.6295741068180681,36.00003942846189,0.2719344611720337,-0.028644758519648993,0.00015748,0.028687810808163464,0.00081957,1,0.0
17235,0.029096312060755587,0.001307527192838037,-1.54e-06,1.1164405908824162,4.829651400474193,-3.7186584637750975,1.0052136313683062,4.067752192421918,0.12067054082980143,-4.284187139694012,-1.1573229341274334,-29.51747010649494,0.6295741068180681,5.992214939713685,0.2719344611720337,-0.02319033004136578,0.00015748,0.023264457147802668,0.00081957,1,0.0
17236,0.6444273203686695,0.15973721977677036,-1.54e-06,1.1164405908824162,4.829651400474193,100.0,1.0052136313683062,68.22011923402431,0.12067054082980143,-48.95116469888305,-1.1573229341274334,-72.5876998383342,0.6295741068180681,-14.01800319831032,0.2719344611720337,0.32178554461692277,0.00015748,1.1200995880189368,0.00081957,0,0.0
17237,0.2861006049969747,0.006139951658111554,-1.54e-06,1.1164405908824162,4.829651400474193,-36.32614326663921,1.0052136313683062,8.397734688463856,0.12067054082980143,-16.86069312976433,-1.1573229341274334,-89.76661189130755,0.6295741068180681,43.67521173211287,0.2719344611720337,-0.0295936607710704,0.00015748,0.0295974659367035,0.00081957,1,0.0
17238,0.38453255877473325,0.014993745264741655,-1.54e-06,1.1164405908824162,4.829651400474193,-57.35673329728253,1.0052136313683062,7.148252938955727,0.12067054082980143,-41.2961431571388,-1.1573229341274334,-38.711504029146234,0.6295741068180681,65.40002556891116,0.2719344611720337,-0.014219898402759772,0.00015748,0.01420190981037757,0.00081957,1,0.0
17239,0.548512447598533,0.2135000725709645,-1.54e-06,1.1164405908824162,4.829651400474193,-7.006286085613529,1.0052136313683062,23.96015453905846,0.12067054082980143,-32.613836027550455,-1.1573229341274334,36.74279275667768,0.6295741068180681,31.888138557137953,0.2719344611720337,0.21032238492311553,0.00015748,0.2778623150276474,0.00081957,0,0.0
17240,0.08408011214042423,0.013374928005230588,-1.54e-06,1.1164405908824162,4.829651400474193,-27.49693780838669,1.0052136313683062,13.831741785239071,0.12067054082980143,-54.98893780435317,-1.1573229341274334,-24.924665642100464,0.6295741068180681,37.89071381299472,0.2719344611720337,-0.07851572817234856,0.00015748,0.0787232729254565,0.00081957,1,0.0
17241,0.1569704979001937,0.011121082778444001,-1.54e-06,1.1164405908824162,4.829651400474193,-24.187025407463004,1.0052136313683062,0.48325403015274326,0.12067054082980143,-19.495280949355823,-1.1573229341274334,47.76737908372574,0.6295741068180681,23.276779604987144,0.2719344611720337,-0.05097442223691392,0.00015748,0.05197534305903203,0.00081957,1,0.0
17242,0.2284642871107348,0.0053581703257528845,-1.54e-06,1.1164405908824162,4.829651400474193,-43.52442180994509,1.0052136313683062,6.674120149467457,0.12067054082980143,-50.49490841729458,-1.1573229341274334,20.949087162516207,0.6295741068180681,49.72790171743131,0.2719344611720337,-0.016751314192041632,0.00015748,0.016731671186802462,0.00081957,1,0.0
17243,0.004986715843269929,0.012374373622006732,-1.54e-06,1.1164405908824162,4.829651400474193,-18.410263281553778,1.0052136313683062,13.310381265069957,0.12067054082980143,-55.405007174428825,-1.1573229341274334,17.72141250293822,0.6295741068180681,25.92801254441475,0.2719344611720337,-0.06874165325838776,0.00015748,0.06894500596231813,0.00081957,1,0.0
17244,0.5255953972903226,0.14399482967197028,-1.54e-06,1.1164405908824162,4.829651400474193,100.0,1.0052136313683062,53.4751682043998,0.12067054082980143,-26.322482820407625,-1.1573229341274334,-10.06697055260223,0.6295741068180681,-29.643319982339573,0.2719344611720337,0.33960427559916534,0.00015748,0.947168391623102,0.00081957,0,0.0
17245,0.499248856178706,0.14268062073805182,-1.54e-06,1.1164405908824162,4.829651400474193,97.03337330671249,1.0052136313683062,47.59237285902081,0.12067054082980143,-22.08856212871195,-1.1573229341274334,18.18353834806896,0.6295741068180681,-31.48300871154123,0.2719344611720337,0.3473899048432856,0.00015748,0.8900842263803193,0.00081957,0,0.0
17246,0.6163503262571726,0.1650539366543446,-1.54e-06,1.1164405908824162,4.829651400474193,67.32514173740805,1.0052136313683062,49.71154788361648,0.12067054082980143,-61.441551004299995,-1.1573229341274334,59.97755739519251,0.6295741068180681,1.276038616768066,0.2719344611720337,0.3499834634758193,0.00015748,0.8747246696715539,0.00081957,0,0.0
17247,0.18186707145901412,0.023623244483324,-1.54e-06,1.1164405908824162,4.829651400474193,-35.56746360768631,1.0052136313683062,-6.525542148806352,0.12067054082980143,-31.858364427974273,-1.1573229341274334,70.56920075787525,0.6295741068180681,36.9625976481815,0.2719344611720337,-0.056751043248825336,0.00015748,0.056577013603808346,0.00081957,1,0.0
17248,0.38733767574900063,0.03387541764904467,-1.54e-06,1.1164405908824162,4.829651400474193,-48.60443049363484,1.0052136313683062,-0.7364924845956079,0.12067054082980143,-14.051662029048451,-1.1573229341274334,-9.448718108877696,0.6295741068180681,50.00300968702623,0.2719344611720337,-0.06466485469794661,0.00015748,0.06475579483503183,0.00081957,1,0.0
17249,0.7155480080834555,0.18922524191235057,-1.54e-06,1.1164405908824162,4.829651400474193,73.01906751113067,1.0052136313683062,52.04534536588523,0.12067054082980143,-25.220248342458273,-1.1573229341274334,-47.33821777426973,0.6295741068180681,-3.787546944838231,0.2719344611720337,0.34729642191897303,0.00015748,0.8902114510453808,0.00081957,0,0.0
17250,0.48493305117513263,0.10611102724181744,-1.54e-06,1.1164405908824162,4.829651400474193,-54.365539598019446,1.0052136313683062,30.149384864585883,0.12067054082980143,-66.11436726624825,-1.1573229341274334,-47.679119413766834,0.6295741068180681,70.02860168230139,0.2719344611720337,-0.04753280200489567,0.00015748,0.17118781884486078,0.00081957,1,0.0
17251,0.2676411589267862,0.015486017483558389,-1.54e-06,1.1164405908824162,4.829651400474193,-60.45874770928812,1.0052136313683062,20.743207074865108,0.12067054082980143,-92.67556157075688,-1.1573229341274334,-10.640423919203247,0.6295741068180681,75.01563757443026,0.2719344611720337,-0.08679108892011982,0.00015748,0.08684390254799253,0.00081957,1,0.0
17252,0.0011022843472536376,0.12918612028878473,-1.54e-06,1.1164405908824162,4.829651400474193,46.25138452384886,1.0052136313683062,12.125153293786108,0.12067054082980143,-0.03444471233089898,-1.1573229341274334,78.76081273116782,0.6295741068180681,-34.19110582407008,0.2719344611720337,0.13715906779549292,0.00015748,0.21124095723660774,0.00081957,0,0.0
17253,0.5041416728106121,0.1277321598518612,-1.54e-06,1.1164405908824162,4.829651400474193,99.963678373822,1.0052136313683062,66.24995953245084,0.12067054082980143,-82.53505830104434,-1.1573229341274334,38.54875075099359,0.6295741068180681,-15.459931753717946,0.2719344611720337,0.3232812199774585,0.00015748,1.1037171356704314,0.00081957,0,0.0
17254,0.44629349861520917,0.02115456211675121,-1.54e-06,1.1164405908824162,4.829651400474193,-80.28550660676129,1.0052136313683062,12.699993339411755,0.12067054082980143,-87.36858474638923,-1.1573229341274334,32.6976247816594,0.6295741068180681,90.68200596212478,0.2719344611720337,-0.040694267616832994,0.00015748,0.04076940360615479,0.00081957,1,0.0
17255,0.18451875197269782,0.0031692750725733202,-1.54e-06,1.1164405908824162,4.829651400474193,-36.93614972021588,1.0052136313683062,8.035657264259669,0.12067054082980143,-46.915227297348494,-1.1573229341274334,2.3399190271301777,0.6295741068180681,43.91103400664098,0.2719344611720337,-0.025772792845640942,0.00015748,0.025809009000739076,0.00081957,1,0.0
17256,0.5133618144840434,0.22990459939515473,-1.54e-06,1.1164405908824162,4.829651400474193,5.0840395737247785,1.0052136313683062,45.24102877873192,0.12067054082980143,-99.26764903981932,-1.1573229341274334,62.514555672422155,0.6295741068180681,42.83565322511711,0.2719344611720337,0.18792423060422936,0.00015748,0.5461249923560046,0.00081957,0,0.0
17257,0.0006540173436468955,0.08712166255051677,-1.54e-06,1.1164405908824162,4.829651400474193,18.081315127923567,1.0052136313683062,12.76718261745063,0.12067054082980143,-24.083091827977004,-1.1573229341274334,72.50943773669786,0.6295741068180681,-10.24378024051491,0.2719344611720337,0.05379514447987082,0.00015748,0.13547813732080868,0.00081957,0,0.0
17258,0.1028093820272255,0.001747834171460452,-1.54e-06,1.1164405908824162,4.829651400474193,-10.83519185623209,1.0052136313683062,4.862676648193926,0.12067054082980143,-1.4830083117075437,-1.1573229341274334,-64.6913113936221,0.6295741068180681,14.777599447943807,0.2719344611720337,-0.02833740578398075,0.00015748,0.02836871009373579,0.00081957,1,0.0
17259,0.7613825798894341,0.19555026727849703,-1.54e-06,1.1164405908824162,4.829651400474193,60.52957838063012,1.0052136313683062,55.92364119046983,0.12067054082980143,-50.24498859207842,-1.1573229341274334,-24.686569708589907,0.6295741068180681,11.768608608703083,0.2719344611720337,0.3456918759530141,0.00015748,0.9031356754951183,0.00081957,0,0.0
17260,0.31572233792081217,0.03678010878484615,-1.54e-06,1.1164405908824162,4.829651400474193,-68.16496343064318,1.0052136313683062,-1.4234746037723032,0.12067054082980143,-78.1647373439757,-1.1573229341274334,75.09233192054914,0.6295741068180681,77.32569264769377,0.2719344611720337,-0.03866072414140656,0.00015748,0.038898631540465856,0.00081957,1,0.0
17261,0.12141305754666266,0.0020388832293698382,-1.54e-06,1.1164405908824162,4.829651400474193,-37.74598202563156,1.0052136313683062,8.042963775243583,0.12067054082980143,-67.2597456797142,-1.1573229341274334,68.38530913993087,0.6295741068180681,44.04451670314575,0.2719344611720337,-0.024082243002621424,0.00015748,0.024094087850454204,0.00081957,1,0.0
17262,0.23258098684334055,0.021907154873719237,-1.54e-06,1.1164405908824162,4.829651400474193,-38.7163367261969,1.0052136313683062,-2.531680855622919,0.12067054082980143,-31.150260556319985,-1.1573229341274334,68.12718720563043,0.6295741068180681,38.82433633573371,0.2719344611720337,-0.06325119318172222,0.00015748,0.06334848672238248,0.00081957,1,0.0
17263,0.17261619574333742,0.024094007287484138,-1.54e-06,1.1164405908824162,4.829651400474193,-47.75740217502838,1.0052136313683062,21.36930693369164,0.12067054082980143,-87.12231203010533,-1.1573229341274334,-26.35593268011518,0.6295741068180681,62.95735142769275,0.2719344611720337,-0.10773532134440564,0.00015748,0.10809771799337123,0.00081957,1,0.0
17264,0.14033478773405306,0.003010196736742135,-1.54e-06,1.1164405908824162,4.829651400474193,-40.72298966768218,1.0052136313683062,5.911170682835699,0.12067054082980143,-67.49109421844447,-1.1573229341274334,78.40926426340391,0.6295741068180681,46.60907472966365,0.2719344611720337,-0.013374152426250625,0.00015748,0.013352181721217816,0.00081957,1,0.0
17265,0.262826552426029,0.0074204090963468855,-1.54e-06,1.1164405908824162,4.829651400474193,-64.51259385288797,1.0052136313683062,13.793655798482451,0.12067054082980143,-99.79204387114493,-1.1573229341274334,78.68664751916454,0.6295741068180681,74.76002309805861,0.2719344611720337,-0.0421426206219095,0.00015748,0.04212731688312686,0.00081957,1,0.0
17266,0.22562577700704362,0.0197630367894868,-1.54e-06,1.1164405908824162,4.829651400474193,-55.576445698678974,1.0052136313683062,20.496314443331475,0.12067054082980143,-90.8343629558986,-1.1573229341274334,-24.89798880995856,0.6295741068180681,71.3040096342854,0.2719344611720337,-0.09888082108737598,0.00015748,0.09893310386608037,0.00081957,1,0.0
17267,0.2027746125309375,0.006568448784800986,-1.54e-06,1.1164405908824162,4.829651400474193,-42.87276482674473,1.0052136313683062,12.549857171862012,0.12067054082980143,-59.70802043640935,-1.1573229341274334,-17.1604220658531,0.6295741068180681,53.12529352925491,0.2719344611720337,-0.053412214648973284,0.00015748,0.05346968377740894,0.00081957,1,0.0
17268,0.592980378166571,0.15513233157911258,-1.54e-06,1.1164405908824162,4.829651400474193,79.73828731486888,1.0052136313683062,55.24497840223898,0.12067054082980143,-55.37892288767705,-1.1573229341274334,26.725663639381114,0.6295741068180681,-7.910343085088198,0.2719344611720337,0.341912722002157,0.00015748,0.9297540363241388,0.00081957,0,0.0
17269,0.3294558391920668,0.01569057183071481,-1.54e-06,1.1164405908824162,4.829651400474193,-65.20807870696189,1.0052136313683062,19.337080152541123,0.12067054082980143,-85.31982395958585,-1.1573229341274334,-41.886522721179716,0.6295741068180681,80.73778738320198,0.2719344611720337,-0.08135863302896354,0.00015748,0.08177351920924994,0.00081957,1,0.0
17270,0.09539642181119473,0.2553188868735846,-1.54e-06,1.1164405908824162,4.829651400474193,68.13830592711011,1.0052136313683062,41.01053659377388,0.12067054082980143,-7.660506830647246,-1.1573229341274334,23.45948599249011,0.6295741068180681,-44.84261026139205,0.2719344611720337,0.12414324921352121,0.00015748,0.4262064337616221,0.00081957,0,0.0
17271,0.0003929802508661484,0.07127467851254334,-1.54e-06,1.1164405908824162,4.829651400474193,-10.424270944759389,1.0052136313683062,23.84661419446523,0.12067054082980143,-67.78001052295198,-1.1573229341274334,14.381826867107536,0.6295741068180681,22.86670156135457,0.2719344611720337,-0.08101629820994972,0.00015748,0.1525011991842583,0.00081957,1,0.0
17272,0.6631716643419832,0.17894704697709105,-1.54e-06,1.1164405908824162,4.829651400474193,68.33730491768726,1.0052136313683062,53.35321772684109,0.12067054082980143,-41.80209263719452,-1.1573229341274334,12.152079949779717,0.6295741068180681,-3.2601056223511615,0.2719344611720337,0.3571493836941735,0.00015748,0.8356876036808003,0.00081957,0,0.0
17273,-0.0002735182738889952,0.027905979814144884,-1.54e-06,1.1164405908824162,4.829651400474193,-12.576197645388227,1.0052136313683062,14.226106162621445,0.12067054082980143,-49.39376322445545,-1.1573229341274334,87.09441680564453,0.6295741068180681,12.842814063042736,0.2719344611720337,-0.0795577999091151,0.00015748,0.08351021532367739,0.00081957,1,0.0
17274,0.0012792762094342436,0.16022911962601072,-1.54e-06,1.1164405908824162,4.829651400474193,1.001160324669065,1.0052136313683062,34.06403464883659,0.12067054082980143,-66.19760339596267,-1.1573229341274334,-80.4152175866254,0.6295741068180681,21.186144005148584,0.2719344611720337,-0.1274236023136745,0.00015748,0.2710241314448905,0.00081957,1,0.0
17275,0.5445041477224041,0.15174848659459952,-1.54e-06,1.1164405908824162,4.829651400474193,100.0,1.0052136313683062,49.85140651232038,0.12067054082980143,-9.61270090686072,-1.1573229341274334,-29.983661696333577,0.6295741068180681,-32.72525474241531,0.2719344611720337,0.34408290629238736,0.00015748,0.9135528876966752,0.00081957,0,0.0
17276,0.009275126677636997,0.016190674350423245,-1.54e-06,1.1164405908824162,4.829651400474193,-24.659935409449247,1.0052136313683062,15.879411372663938,0.12067054082980143,-72.07093521639378,-1.1573229341274334,35.84195122120719,0.6295741068180681,33.68168991805797,0.2719344611720337,-0.07913856523757323,0.00015748,0.07943000527504324,0.00081957,1,0.0
17277,0.15928216918394444,0.016469216668074924,-1.54e-06,1.1164405908824162,4.829651400474193,-30.42285238779515,1.0052136313683062,15.546786879930774,0.12067054082980143,-42.16360275345427,-1.1573229341274334,-85.82818717844,0.6295741068180681,42.19999904016428,0.2719344611720337,-0.0899469267322994,0.00015748,0.08991013567003495,0.00081957,1,0.0
17278,0.43671062366216573,0.024150558389703883,-1.54e-06,1.1164405908824162,4.829651400474193,-77.16091783301023,1.0052136313683062,16.962238871364214,0.12067054082980143,-87.87018602686175,-1.1573229341274334,33.66470640537941,0.6295741068180681,86.67436935001781,0.2719344611720337,-0.06694475099347291,0.00015748,0.0683501540794946,0.00081957,1,0.0
17279,0.5649404950656808,0.1475508797875447,-1.54e-06,1.1164405908824162,4.829651400474193,90.11143048618497,1.0052136313683062,57.38039230598172,0.12067054082980143,-50.92006934231397,-1.1573229341274334,9.10964890965489,0.6295741068180681,-15.43262965674143,0.2719344611720337,0.3356721742069665,0.00015748,0.9785871526196775,0.00081957,0,0.0
17280,0.14994111205227517,0.0018756136172531448,-1.54e-06,1.1164405908824162,4.829651400474193,-25.027515726603102,1.0052136313683062,5.617182105743155,0.12067054082980143,-24.851681507144566,-1.1573229341274334,-20.85783143907867,0.6295741068180681,29.90923038191858,0.2719344611720337,-0.01882856416161434,0.00015748,0.01885077215940962,0.00081957,1,0.0
17281,0.28045280240828097,0.008562227564307918,-1.54e-06,1.1164405908824162,4.829651400474193,-45.45970929033637,1.0052136313683062,13.853822125841939,0.12067054082980143,-47.408035712793044,-1.1573229341274334,-38.00009629380781,0.6295741068180681,53.907580178853756,0.2719344611720337,-0.05005487563899051,0.00015748,0.050612266774355,0.00081957,1,0.0
17282,0.1333411379489199,0.0031416621878695298,-1.54e-06,1.1164405908824162,4.829651400474193,-35.72992791640274,1.0052136313683062,10.117559739101969,0.12067054082980143,-60.17929988469712,-1.1573229341274334,29.179955626339655,0.6295741068180681,43.207447095311466,0.2719344611720337,-0.03767567588309707,0.00015748,0.03768469925611084,0.00081957,1,0.0
17283,0.25468891282385175,0.028151783927687947,-1.54e-06,1.1164405908824162,4.829651400474193,-46.417679921450215,1.0052136313683062,-3.542405526224644,0.12067054082980143,-42.9355891661002,-1.1573229341274334,89.48082079214326,0.6295741068180681,47.42145705292195,0.2719344611720337,-0.06758691758180829,0.00015748,0.06765787751954438,0.00081957,1,0.0
17284,0.25982846711493657,0.00655832258359858,-1.54e-06,1.1164405908824162,4.829651400474193,-35.4843398060452,1.0052136313683062,10.58272596185889,0.12067054082980143,-23.453164514899996,-1.1573229341274334,-94.3210620469152,0.6295741068180681,44.33986457150066,0.2719344611720337,-0.047331263758325456,0.00015748,0.04736172242090288,0.00081957,1,0.0
17285,0.10464380202730877,0.009786227229172956,-1.54e-06,1.1164405908824162,4.829651400474193,-29.59148763343659,1.0052136313683062,14.798857392934027,0.12067054082980143,-57.38762776116875,-1.1573229341274334,3.529319770601225,0.6295741068180681,37.70807195776184,0.2719344611720337,-0.06540395349189179,0.00015748,0.06584615709427427,0.00081957,1,0.0
17286,0.0592091035992717,0.02141481251634895,-1.54e-06,1.1164405908824162,4.829651400474193,-13.557793662694074,1.0052136313683062,15.1429829646534,0.12067054082980143,-28.24413253047791,-1.1573229341274334,-86.84839494179445,0.6295741068180681,23.14265423467131,0.2719344611720337,-0.09484391056429375,0.00015748,0.09515364935591161,0.00081957,1,0.0
17287,0.00994768664125311,0.0019023058180480683,-1.54e-06,1.1164405908824162,4.829651400474193,-10.313793445946905,1.0052136313683062,5.950233233791694,0.12067054082980143,-28.61351756368538,-1.1573229341274334,27.635348728542482,0.6295741068180681,12.792593639693695,0.2719344611720337,-0.025802890619362938,0.00015748,0.025967073518626947,0.00081957,1,0.0
17288,0.26568611033852146,0.005847334034725851,-1.54e-06,1.1164405908824162,4.829651400474193,-36.148482207692346,1.0052136313683062,8.608741181464966,0.12067054082980143,-21.852304497482788,-1.1573229341274334,-84.29894223102988,0.6295741068180681,44.235347816085216,0.2719344611720337,-0.035223036101400026,0.00015748,0.035219413638339914,0.00081957,1,0.0
17289,0.09778861774006592,0.0025283583644968508,-1.54e-06,1.1164405908824162,4.829651400474193,-39.167152015044536,1.0052136313683062,10.04389360601504,0.12067054082980143,-79.22234288030282,-1.1573229341274334,86.45864748605825,0.6295741068180681,46.255246082509274,0.2719344611720337,-0.03379071726612426,0.00015748,0.03378314223221325,0.00081957,1,0.0
17290,0.1911141692011531,0.01489332329818225,-1.54e-06,1.1164405908824162,4.829651400474193,-41.670427563236096,1.0052136313683062,-1.0623542798969465,0.12067054082980143,-50.59834614630837,-1.1573229341274334,93.48651826356533,0.6295741068180681,43.88782427367548,0.2719344611720337,-0.04504499606119803,0.00015748,0.0453332173965035,0.00081957,1,0.0
17291,0.00035413129755412776,0.10083380946928615,-1.54e-06,1.1164405908824162,4.829651400474193,10.760245752815823,1.0052136313683062,24.414057888743088,0.12067054082980143,-29.114219799079166,-1.1573229341274334,-59.23017203981908,0.6295741068180681,2.1747017274654845,0.2719344611720337,-0.06895869587316841,0.00015748,0.18764595720140795,0.00081957,1,0.0
17292,0.053616555262490206,0.0010147530116059835,-1.54e-06,1.1164405908824162,4.829651400474193,-27.581809017800268,1.0052136313683062,6.397565790397007,0.12067054082980143,-59.60405233566291,-1.1573229341274334,78.30842218952095,0.6295741068180681,32.209760463700846,0.2719344611720337,-0.020297654525455813,0.00015748,0.020328264799530826,0.00081957,1,0.0
17293,0.22417014225955378,0.007759966876294784,-1.54e-06,1.1164405908824162,4.829651400474193,-47.66503349469485,1.0052136313683062,5.113189573644273,0.12067054082980143,-61.12902429636941,-1.1573229341274334,59.03440552079707,0.6295741068180681,53.43775505242585,0.2719344611720337,-0.01770696817128608,0.00015748,0.018331042539152104,0.00081957,1,0.0
17294,0.14861537584104437,0.003834193172889542,-1.54e-06,1.1164405908824162,4.829651400474193,-21.115350948893237,1.0052136313683062,0.7032498759945316,0.12067054082980143,-11.919263689648682,-1.1573229341274334,-3.7703089765170383,0.6295741068180681,22.871430801704015,0.2719344611720337,-0.015314140429135033,0.00015748,0.015256352558331732,0.00081957,1,0.0
17295,0.7219886796143147,0.18536054792519288,-1.54e-06,1.1164405908824162,4.829651400474193,71.42744211475295,1.0052136313683062,56.95301559494727,0.12067054082980143,-41.61016506351671,-1.1573229341274334,-39.84426736903502,0.6295741068180681,1.74656346985854,0.2719344611720337,0.3416725314974779,0.00015748,0.9308105072478189,0.00081957,0,0.0
17296,-0.00014573282796610798,0.042512017902921376,-1.54e-06,1.1164405908824162,4.829651400474193,6.8457642496918805,1.0052136313683062,11.116539249910513,0.12067054082980143,-14.390306305215523,-1.1573229341274334,14.641930079546569,0.6295741068180681,-3.461972666531632,0.2719344611720337,-0.0148812249004339,0.00015748,0.0818189278843783,0.00081957,1,0.0
17297,0.6731044748374079,0.1741613190565564,-1.54e-06,1.1164405908824162,4.829651400474193,60.162858399606776,1.0052136313683062,54.83098118038401,0.12067054082980143,-69.45227027993307,-1.1573229341274334,45.63496400803998,0.6295741068180681,9.965805820466107,0.2719344611720337,0.3493352492499527,0.00015748,0.8783368682542612,0.00081957,0,0.0
17298,0.16355946272319355,0.00870695830874977,-1.54e-06,1.1164405908824162,4.829651400474193,-26.096662338065556,1.0052136313683062,11.64268656080672,0.12067054082980143,-31.037658088062525,-1.1573229341274334,-13.324687487633206,0.6295741068180681,30.097169294162253,0.2719344611720337,-0.05097540120451369,0.00015748,0.05071677126090254,0.00081957,1,0.0
17299,0.0002820990842920465,0.030195011709247856,-1.54e-06,1.1164405908824162,4.829651400474193,6.285830987072337,1.0052136313683062,-1.655796502745387,0.12067054082980143,-0.16330670160938285,-1.1573229341274334,75.43954044653421,0.6295741068180681,-9.234454632771868,0.2719344611720337,-0.02246531157907769,0.00015748,0.07152625230273096,0.00081957,1,0.0
17300,0.11234297377654498,0.0005436103644932443,-1.54e-06,2.5444746948606527,5.502555075188559,-75.14546125808754,1.0052136313683062,5.918803025762157,0.12067054082980143,-63.32234691430859,-1.1573229341274334,19.095384549596535,0.6295741068180681,63.269548899368566,0.2719344611720337,-0.012425706104790435,0.00015748,0.012444612505378858,0.00081957,1,0.0
17301,0.0003907956613809771,0.02617261463904379,-1.54e-06,2.5444746948606527,5.502555075188559,68.29341340169641,1.0052136313683062,13.284455090904128,0.12067054082980143,-74.34446264224833,-1.1573229341274334,-2.7234041035383174,0.6295741068180681,9.698786156750824,0.2719344611720337,-0.009843602085911944,0.00015748,0.059706213731880155,0.00081957,1,0.0
17302,8.075344687963337e-05,0.02163856733425793,-1.54e-06,2.5444746948606527,5.502555075188559,78.72168088901924,1.0052136313683062,17.44698958485267,0.12067054082980143,-73.2270906974188,-1.1573229341274334,-93.42297134787987,0.6295741068180681,10.12330784197091,0.2719344611720337,-0.03731243599650216,0.00015748,0.06854280531120993,0.00081957,1,0.0
17303,4.267668662624735e-05,0.027316760825616737,-1.54e-06,2.5444746948606527,5.502555075188559,3.3770386381403847,1.0052136313683062,15.729440047416817,0.12067054082980143,-62.638348318844265,-1.1573229341274334,96.20290761386825,0.6295741068180681,2.5920551845470934,0.2719344611720337,-0.03357854667183295,0.00015748,0.0639771139853078,0.00081957,1,0.0
17304,0.0925682502673375,0.0018843185790729292,-1.54e-06,2.5444746948606527,5.502555075188559,-86.17215212690745,1.0052136313683062,-3.1011983544142585,0.12067054082980143,-36.72124512338647,-1.1573229341274334,76.35176121017939,0.6295741068180681,54.41825008700731,0.2719344611720337,-0.011875011909019078,0.00015748,0.01185896200077939,0.00081957,1,0.0
17305,0.011153403497612652,0.006197616473380179,-1.54e-06,2.5444746948606527,5.502555075188559,12.165055068411002,1.0052136313683062,14.419937132924515,0.12067054082980143,-85.64562566600436,-1.1573229341274334,-55.96931511403712,0.6295741068180681,38.218903423537625,0.2719344611720337,-0.049148390610663784,0.00015748,0.049171162321970996,0.00081957,1,0.0
17306,0.09295385064139294,0.0023685647812715957,-1.54e-06,2.5444746948606527,5.502555075188559,-52.15509945493681,1.0052136313683062,11.664227638778815,0.12067054082980143,-92.46656446560098,-1.1573229341274334,-13.898459465338856,0.6295741068180681,68.88336181234493,0.2719344611720337,-0.03400861668182125,0.00015748,0.0340082559228154,0.00081957,1,0.0
17307,0.10710373675029783,0.005152994823820078,-1.54e-06,2.5444746948606527,5.502555075188559,-31.72538249033159,1.0052136313683062,14.904386792499787,0.12067054082980143,-95.33057058519378,-1.1573229341274334,-85.23563618170894,0.6295741068180681,70.18374626813792,0.2719344611720337,-0.04953088212004738,0.00015748,0.049563175631594535,0.00081957,1,0.0
17308,0.003207718100414758,0.0033245194491449232,-1.54e-06,2.5444746948606527,5.502555075188559,13.15581867527406,1.0052136313683062,10.193187186443451,0.12067054082980143,-59.11832462496979,-1.1573229341274334,-44.028764753697644,0.6295741068180681,24.8528308893318,0.2719344611720337,-0.035681885981982436,0.00015748,0.03571567471407046,0.00081957,1,0.0
17309,0.0766715284786714,0.0002523823696879845,-1.54e-06,2.5444746948606527,5.502555075188559,-39.160133955730316,1.0052136313683062,3.1430969448455945,0.12067054082980143,-27.62135595645172,-1.1573229341274334,-15.368197227757504,0.6295741068180681,34.395723779549286,0.2719344611720337,-0.007265928898153221,0.00015748,0.007269662959127559,0.00081957,1,0.0
17310,0.012438719424960956,0.0005412637912865188,-1.54e-06,2.5444746948606527,5.502555075188559,-10.835408209991732,1.0052136313683062,3.8573914421364193,0.12067054082980143,-36.2662118444844,-1.1573229341274334,4.764253423284625,0.6295741068180681,21.703369743224386,0.2719344611720337,-0.014294176291400245,0.00015748,0.014330373013956012,0.00081957,1,0.0
17311,0.13167109302810642,0.0761100678692928,-1.54e-06,2.5444746948606527,5.502555075188559,-4.170408785238692,1.0052136313683062,-9.229149451143918,0.12067054082980143,-60.302212836725886,-1.1573229341274334,87.1397219191294,0.6295741068180681,62.23858234050312,0.2719344611720337,-0.040515472298291035,0.00015748,0.11944680653469211,0.00081957,1,0.0
17312,0.016192933272831195,5.7205004025723716e-05,-1.54e-06,2.5444746948606527,5.502555075188559,-38.29236404587485,1.0052136313683062,2.4850909614509145,0.12067054082980143,-45.19006784196383,-1.1573229341274334,66.69129613983753,0.6295741068180681,30.256361804378358,0.2719344611720337,-0.004736111359980479,0.00015748,0.0047423326994631265,0.00081957,1,0.0
17313,0.00027241739628175443,0.018122083249089774,-1.54e-06,2.5444746948606527,5.502555075188559,44.912336652834234,1.0052136313683062,11.232615640473293,0.12067054082980143,-8.55760613374321,-1.1573229341274334,-24.82470472358515,0.6295741068180681,-22.52034893872575,0.2719344611720337,-0.01989107498694772,0.00015748,0.04388125477973868,0.00081957,1,0.0
17314,0.08023032318553158,0.007431755620605645,-1.54e-06,2.5444746948606527,5.502555075188559,-17.542966379895233,1.0052136313683062,16.86459256378594,0.12067054082980143,-58.549795872694034,-1.1573229341274334,-73.60365202078422,0.6295741068180681,33.50829422731834,0.2719344611720337,-0.04310863976125865,0.00015748,0.043424578233003476,0.00081957,1,0.0
17315,3.0339364724046858e-05,0.016128887127307295,-1.54e-06,2.5444746948606527,5.502555075188559,67.0923555261872,1.0052136313683062,15.83068531080375,0.12067054082980143,-57.94428414819741,-1.1573229341274334,-93.63125463292074,0.6295741068180681,5.655431797202856,0.2719344611720337,-0.03435899931892849,0.00015748,0.05669985383028999,0.00081957,1,0.0
17316,0.18192517205739833,0.028193928714824783,-1.54e-06,2.5444746948606527,5.502555075188559,-65.58892773848534,1.0052136313683062,20.919659110411438,0.12067054082980143,-34.852960965234494,-1.1573229341274334,-94.66337493610129,0.6295741068180681,37.3421724356987,0.2719344611720337,-0.07289373940781418,0.00015748,0.072721610860146,0.00081957,1,0.0
17317,0.12145357613119927,0.005694076066601991,-1.54e-06,2.5444746948606527,5.502555075188559,-99.2622482223687,1.0052136313683062,-7.64194665508724,0.12067054082980143,-22.69203152991838,-1.1573229341274334,68.41284897136222,0.6295741068180681,60.48694572505484,0.2719344611720337,-0.024806684123937363,0.00015748,0.024867470643544956,0.00081957,1,0.0
17318,0.00013531963279383996,0.022771354512925005,-1.54e-06,2.5444746948606527,5.502555075188559,54.13269467647348,1.0052136313683062,14.183956611952242,0.12067054082980143,-82.81087306212675,-1.1573229341274334,2.6693661812537988,0.6295741068180681,16.98873790627281,0.2719344611720337,-0.01571537244162538,0.00015748,0.05725935346161584,0.00081957,1,0.0
17319,0.10258889986055963,0.000517876734408065,-1.54e-06,2.5444746948606527,5.502555075188559,-90.45913200674777,1.0052136313683062,4.5920749622372785,0.12067054082980143,-78.6461798506612,-1.1573229341274334,68.6849976592468,0.6295741068180681,72.84470717529364,0.2719344611720337,-0.009191006173563313,0.00015748,0.00919592857142825,0.00081957,1,0.0
17320,1.2976645889853367e-06,0.021740124240733565,-1.54e-06,2.5444746948606527,5.502555075188559,44.77756986083416,1.0052136313683062,2.936985215961731,0.12067054082980143,-7.490509896719245,-1.1573229341274334,44.323100431917204,0.6295741068180681,-17.432339892176298,0.2719344611720337,0.014769437320951682,0.00015748,0.029325812100274972,0.00081957,0,0.0
17321,0.03050615221524787,0.000778480442378027,-1.54e-06,2.5444746948606527,5.502555075188559,-2.380973089156492,1.0052136313683062,5.200789020237806,0.12067054082980143,-29.252923684957175,-1.1573229341274334,-41.15961118795617,0.6295741068180681,20.072620487147415,0.2719344611720337,-0.018942635414972996,0.00015748,0.018942131527982204,0.00081957,1,0.0
17322,0.01350293481347082,0.003952601765880722,-1.54e-06,2.5444746948606527,5.502555075188559,4.638226254472065,1.0052136313683062,3.6437053531231776,0.12067054082980143,-43.71897408175305,-1.1573229341274334,-37.63006323850628,0.6295741068180681,28.365449363105196,0.2719344611720337,-0.03479645466363918,0.00015748,0.03481161560162201,0.00081957,1,0.0
17323,-4.238400191848568e-06,0.0071947131362941445,-1.54e-06,2.5444746948606527,5.502555075188559,-9.056504321731548,1.0052136313683062,4.073953538153484,0.12067054082980143,-39.489728377358574,-1.1573229341274334,68.58695695319796,0.6295741068180681,13.748265963300074,0.2719344611720337,1.4811250911402757e-05,0.00015748,0.014183219791801618,0.00081957,0,0.0
17324,0.001846135085292376,0.018073913145446235,-1.54e-06,2.5444746948606527,5.502555075188559,35.44382957773575,1.0052136313683062,3.3485614663802443,0.12067054082980143,-56.03160983906961,-1.1573229341274334,-83.61756321432057,0.6295741068180681,33.378594398015565,0.2719344611720337,-0.06392107962043853,0.00015748,0.06888643794254898,0.00081957,1,0.0
17325,0.0001236965719293992,0.012184631541297002,-1.54e-06,2.5444746948606527,5.502555075188559,48.102040791802224,1.0052136313683062,14.277296746877864,0.12067054082980143,-67.46652161280203,-1.1573229341274334,-79.8496628119283,0.6295741068180681,18.20106501270604,0.2719344611720337,-0.0408962264810632,0.00015748,0.054349609372750934,0.00081957,1,0.0
17326,6.539855809148398e-05,0.013368766312134482,-1.54e-06,2.5444746948606527,5.502555075188559,53.18222846153957,1.0052136313683062,10.834628876658703,0.12067054082980143,-39.88681971470753,-1.1573229341274334,-54.21508667988926,0.6295741068180681,0.8710441954391441,0.2719344611720337,-0.017513142508646638,0.00015748,0.0407326254596998,0.00081957,1,0.0
17327,0.002468003066284169,0.0037520833961084466,-1.54e-06,2.5444746948606527,5.502555075188559,0.9259904377929816,1.0052136313683062,12.202276055348326,0.12067054082980143,-76.6734750839074,-1.1573229341274334,-14.019502323699628,0.6295741068180681,32.79031886166736,0.2719344611720337,-0.03674457376024805,0.00015748,0.03681806633712345,0.00081957,1,0.0
17328,0.0393482062488045,0.002863252655236451,-1.54e-06,2.5444746948606527,5.502555075188559,-43.71042332900815,1.0052136313683062,8.734778145492392,0.12067054082980143,-54.054314172014806,-1.1573229341274334,48.7064316607086,0.6295741068180681,31.764429165182747,0.2719344611720337,-0.025568655061186277,0.00015748,0.025733665579839356,0.00081957,1,0.0
17329,0.01482833581420806,0.00909450039943656,-1.54e-06,2.5444746948606527,5.502555075188559,26.895058309192578,1.0052136313683062,17.41650375829495,0.12067054082980143,-90.14253610353279,-1.1573229341274334,-98.19006717780285,0.6295741068180681,37.78941591259315,0.2719344611720337,-0.05979657107448539,0.00015748,0.05980888345024855,0.00081957,1,0.0
17330,0.04075884863940465,0.0006469028254627074,-1.54e-06,2.5444746948606527,5.502555075188559,-42.25446252499454,1.0052136313683062,6.535528115567737,0.12067054082980143,-67.53584167918507,-1.1573229341274334,38.87542744510502,0.6295741068180681,45.72298156100536,0.2719344611720337,-0.017315423786500295,0.00015748,0.017314766242500574,0.00081957,1,0.0
17331,0.07922041013681971,0.0002742152226063087,-1.54e-06,2.5444746948606527,5.502555075188559,-61.104832749246,1.0052136313683062,3.971800979470909,0.12067054082980143,-52.04345751937658,-1.1573229341274334,32.73638784973662,0.6295741068180681,49.777858032973725,0.2719344611720337,-0.007852915299170267,0.00015748,0.007894539819125336,0.00081957,1,0.0
17332,0.0006582343689935932,0.022693642624364498,-1.54e-06,2.5444746948606527,5.502555075188559,50.1356749992184,1.0052136313683062,19.719218924925514,0.12067054082980143,-72.8817334741266,-1.1573229341274334,-23.405690453894405,0.6295741068180681,5.009112914089079,0.2719344611720337,-0.0288462616057411,0.00015748,0.05927076138418242,0.00081957,1,0.0
17333,0.005444807107024718,0.02580558967509311,-1.54e-06,2.5444746948606527,5.502555075188559,36.6828418443759,1.0052136313683062,8.624565915794841,0.12067054082980143,-96.86075975604554,-1.1573229341274334,-67.17457082146585,0.6295741068180681,50.05852814486801,0.2719344611720337,-0.07059462444717132,0.00015748,0.08387998898768442,0.00081957,1,0.0
17334,0.000892306648554414,0.01379704877369829,-1.54e-06,2.5444746948606527,5.502555075188559,15.9432161515284,1.0052136313683062,6.650006137783744,0.12067054082980143,-70.63225640693106,-1.1573229341274334,28.607880803746767,0.6295741068180681,28.829340749027402,0.2719344611720337,-0.020044278486045848,0.00015748,0.04242436234724922,0.00081957,1,0.0
17335,0.0012554277832918237,0.030990933781015372,-1.54e-06,2.5444746948606527,5.502555075188559,55.58815357601456,1.0052136313683062,1.5479889432677323,0.12067054082980143,-47.57778460002409,-1.1573229341274334,25.124624550892356,0.6295741068180681,11.856373325414777,0.2719344611720337,-0.018275597420514753,0.00015748,0.06741061777794446,0.00081957,1,0.0
17336,0.03443198031053157,0.00038209158231622024,-1.54e-06,2.5444746948606527,5.502555075188559,12.517562088121524,1.0052136313683062,3.6872917260273534,0.12067054082980143,-0.030415368877389187,-1.1573229341274334,-80.03561860447512,0.6295741068180681,4.087194018191964,0.2719344611720337,-0.013529224094214611,0.00015748,0.013536915165151934,0.00081957,1,0.0
17337,0.12336549987036144,0.004529072063698444,-1.54e-06,2.5444746948606527,5.502555075188559,-60.625351913329524,1.0052136313683062,8.377706913573258,0.12067054082980143,-27.251582602785707,-1.1573229341274334,-25.7238355552386,0.6295741068180681,37.39350175003954,0.2719344611720337,-0.029158393943249126,0.00015748,0.02926712347471522,0.00081957,1,0.0
17338,4.465070990228304e-05,0.04041900793882797,-1.54e-06,2.5444746948606527,5.502555075188559,67.18900106184219,1.0052136313683062,22.740682603914905,0.12067054082980143,-57.54855814908292,-1.1573229341274334,1.3929380374317797,0.6295741068180681,-18.337271499454463,0.2719344611720337,-0.0312550400406759,0.00015748,0.07925777407538892,0.00081957,1,0.0
17339,3.4897889142543326e-05,0.018954070336641933,-1.54e-06,2.5444746948606527,5.502555075188559,69.56412531174331,1.0052136313683062,11.04790160508176,0.12067054082980143,-38.16055139195341,-1.1573229341274334,-50.22422101480948,0.6295741068180681,-5.546583943982815,0.2719344611720337,-0.00973154778996008,0.00015748,0.04554476703962479,0.00081957,1,0.0
17340,0.034947711767881334,0.008589224116959452,-1.54e-06,2.5444746948606527,5.502555075188559,-41.28901288823805,1.0052136313683062,-1.0479459927450432,0.12067054082980143,-68.49881521605992,-1.1573229341274334,42.21128482481087,0.6295741068180681,58.17066930587787,0.2719344611720337,-0.04061690727086708,0.00015748,0.04091234743379988,0.00081957,1,0.0
17341,0.09225159767809567,0.0004142903062563125,-1.54e-06,2.5444746948606527,5.502555075188559,-89.6279205813743,1.0052136313683062,6.286866171180999,0.12067054082980143,-87.8695587495889,-1.1573229341274334,80.66515084419197,0.6295741068180681,73.3104392210737,0.2719344611720337,-0.012598522228022248,0.00015748,0.012599911574266286,0.00081957,1,0.0
17342,0.0017559395094063068,0.0389896714438129,-1.54e-06,2.5444746948606527,5.502555075188559,43.13398547745869,1.0052136313683062,4.228871266601385,0.12067054082980143,-96.04772669115381,-1.1573229341274334,46.897633315147715,0.6295741068180681,40.872230157076,0.2719344611720337,-0.038903339477575065,0.00015748,0.08761444053046111,0.00081957,1,0.0
17343,-2.473432435576295e-05,0.014225715998671023,-1.54e-06,2.5444746948606527,5.502555075188559,4.751960226165052,1.0052136313683062,9.37590412467379,0.12067054082980143,-82.98921492601181,-1.1573229341274334,74.63428390604574,0.6295741068180681,29.71464994882193,0.2719344611720337,-0.0072280987607080405,0.00015748,0.03442133809875628,0.00081957,1,0.0
17344,0.11401103386804981,0.0007800836919310679,-1.54e-06,2.5444746948606527,5.502555075188559,-32.40572247693015,1.0052136313683062,6.14235224876845,0.12067054082980143,-22.323159236692025,-1.1573229341274334,-84.2859102326239,0.6295741068180681,36.5455359023925,0.2719344611720337,-0.015731081609593727,0.00015748,0.01575412730339538,0.00081957,1,0.0
17345,0.04042141108237411,0.005170811142088925,-1.54e-06,2.5444746948606527,5.502555075188559,6.660860569204103,1.0052136313683062,10.62737090021719,0.12067054082980143,-11.399393087987736,-1.1573229341274334,-72.15299490628944,0.6295741068180681,1.0796329516658698,0.2719344611720337,-0.03103956948696771,0.00015748,0.031199398349186298,0.00081957,1,0.0
17346,-1.8259434646505923e-05,0.02501085025247236,-1.54e-06,2.5444746948606527,5.502555075188559,52.03543527469968,1.0052136313683062,6.54123405296617,0.12067054082980143,-66.41271783258779,-1.1573229341274334,1.2788212627878457,0.6295741068180681,19.77673536278578,0.2719344611720337,-0.023512340575401032,0.00015748,0.0632756957287133,0.00081957,1,0.0
17347,9.605134956627848e-05,0.027156603082937394,-1.54e-06,2.5444746948606527,5.502555075188559,51.23222108456748,1.0052136313683062,15.384772670708019,0.12067054082980143,-98.15505787970152,-1.1573229341274334,46.559558847168134,0.6295741068180681,20.69193437100845,0.2719344611720337,-0.007157649210590606,0.00015748,0.05949990396546602,0.00081957,1,0.0
17348,-9.433556951349287e-06,0.0029327123939789476,-1.54e-06,2.5444746948606527,5.502555075188559,-22.644546482163108,1.0052136313683062,-1.0496350813641517,0.12067054082980143,-19.477387715851258,-1.1573229341274334,73.32320321845259,0.6295741068180681,12.050352816993646,0.2719344611720337,-0.004336634283547563,0.00015748,0.009868723273113078,0.00081957,1,0.0
17349,0.0005878704931726597,0.006385660341057257,-1.54e-06,2.5444746948606527,5.502555075188559,7.073505247907003,1.0052136313683062,15.226385552499938,0.12067054082980143,-95.19809916840236,-1.1573229341274334,-29.22987650271401,0.6295741068180681,40.1785345852308,0.2719344611720337,-0.04850416316223006,0.00015748,0.04848294166139145,0.00081957,1,0.0
17350,7.581206024054321e-05,0.03485274418044923,-1.54e-06,2.5444746948606527,5.502555075188559,93.62785262934246,1.0052136313683062,12.205836980658837,0.12067054082980143,-57.1128531651283,-1.1573229341274334,18.178532580741297,0.6295741068180681,-9.542035126062943,0.2719344611720337,0.014309137088438027,0.00015748,0.058469505953851635,0.00081957,0,0.0
17351,0.09670743635414447,0.0011145062748981283,-1.54e-06,2.5444746948606527,5.502555075188559,-80.3995752911359,1.0052136313683062,1.6577383511024113,0.12067054082980143,-36.035402073304915,-1.1573229341274334,58.10300253152558,0.6295741068180681,46.899028879906446,0.2719344611720337,-0.01399732309350881,0.00015748,0.014004383440391639,0.00081957,1,0.0
17352,0.1719792843853268,0.0017765592963502766,-1.54e-06,2.5444746948606527,5.502555075188559,-70.27507159123813,1.0052136313683062,1.163816208368804,0.12067054082980143,-7.11192975380052,-1.1573229341274334,-71.84494749969687,0.6295741068180681,49.96658489299202,0.2719344611720337,-0.00012781672315807186,0.00015748,0.00012308669697145422,0.00081957,1,0.0
17353,0.012256867291065841,0.0003876295360304867,-1.54e-06,2.5444746948606527,5.502555075188559,-27.37305906462721,1.0052136313683062,-0.6230026920636622,0.12067054082980143,-26.802749490929024,-1.1573229341274334,46.67342470563405,0.6295741068180681,22.24031735670866,0.2719344611720337,-0.0063509914161434915,0.00015748,0.006383098083974154,0.00081957,1,0.0
17354,0.041590907218950895,0.0505940990782284,-1.54e-06,2.5444746948606527,5.502555075188559,61.214129330816114,1.0052136313683062,-0.3669829912034919,0.12067054082980143,-57.51270768511999,-1.1573229341274334,-41.8135660391994,0.6295741068180681,33.2642304308785,0.2719344611720337,-0.05296172901389429,0.00015748,0.10449710667535461,0.00081957,1,0.0
17355,0.09492135740182103,0.0004592622264105678,-1.54e-06,2.5444746948606527,5.502555075188559,-46.34782466815127,1.0052136313683062,1.6979851959536467,0.12067054082980143,-19.85898775173628,-1.1573229341274334,-22.80201439948647,0.6295741068180681,36.52486285257871,0.2719344611720337,-0.0035620440226625753,0.00015748,0.003578395621530178,0.00081957,1,0.0
17356,6.0640636869363496e-05,0.011062476274947287,-1.54e-06,2.5444746948606527,5.502555075188559,19.089875569323382,1.0052136313683062,12.684297289154793,0.12067054082980143,-72.29734385134702,-1.1573229341274334,5.498827930950667,0.6295741068180681,21.441315647197285,0.2719344611720337,-0.022540574933329227,0.00015748,0.039669292944434206,0.00081957,1,0.0
17357,0.030905308329063838,9.0093276645788e-05,-1.54e-06,2.5444746948606527,5.502555075188559,-30.31066646175324,1.0052136313683062,2.5988924644338525,0.12067054082980143,-34.083587482765765,-1.1573229341274334,27.181196297228084,0.6295741068180681,26.92333745474339,0.2719344611720337,-0.006019190890617584,0.00015748,0.006035258592379546,0.00081957,1,0.0
17358,0.14284645413244365,0.0008808364742319598,-1.54e-06,2.5444746948606527,5.502555075188559,-88.89043867215827,1.0052136313683062,3.866483800371939,0.12067054082980143,-52.88952064913023,-1.1573229341274334,10.61712150567131,0.6295741068180681,67.90316697046151,0.2719344611720337,-0.006188476397609078,0.00015748,0.006185175232245635,0.00081957,1,0.0
17359,0.17611013560477756,0.029557428201999254,-1.54e-06,2.5444746948606527,5.502555075188559,-87.09926783609612,1.0052136313683062,16.473400785527044,0.12067054082980143,-23.904407343102783,-1.1573229341274334,-31.06523341414102,0.6295741068180681,34.8205695092778,0.2719344611720337,-0.07580226334415394,0.00015748,0.0757912596479644,0.00081957,1,0.0
17360,0.07340213687668272,0.006849602652104759,-1.54e-06,2.5444746948606527,5.502555075188559,-76.19334253064544,1.0052136313683062,1.459823149354866,0.12067054082980143,-9.373122245996145,-1.1573229341274334,85.93287700173747,0.6295741068180681,21.90705617897329,0.2719344611720337,-0.042125027795441874,0.00015748,0.04210558155381225,0.00081957,1,0.0
17361,0.1668142462876376,0.001211371840002628,-1.54e-06,2.5444746948606527,5.502555075188559,-72.57725274795162,1.0052136313683062,6.387532864738545,0.12067054082980143,-44.111324108742565,-1.1573229341274334,-62.70558641746152,0.6295741068180681,64.98880421501904,0.2719344611720337,-0.014955541364609519,0.00015748,0.014987727959344763,0.00081957,1,0.0
17362,0.08919015649444906,0.0013383592621427015,-1.54e-06,2.5444746948606527,5.502555075188559,-52.31964961157922,1.0052136313683062,4.287154158650072,0.12067054082980143,-23.511815673899495,-1.1573229341274334,1.237277754078405,0.6295741068180681,32.50471190637893,0.2719344611720337,-0.015636046752460858,0.00015748,0.015655911163425094,0.00081957,1,0.0
17363,0.005478797916498019,1.6544869085981542e-05,-1.54e-06,2.5444746948606527,5.502555075188559,-24.78551319313324,1.0052136313683062,0.39768449724052746,0.12067054082980143,-23.63262827125214,-1.1573229341274334,50.89308399189075,0.6295741068180681,16.337612370795924,0.2719344611720337,-0.001657913565388964,0.00015748,0.0016623121982113796,0.00081957,1,0.0
17364,0.07987554116368321,0.0037522542400885966,-1.54e-06,2.5444746948606527,5.502555075188559,-14.117781075808262,1.0052136313683062,13.202122618658251,0.12067054082980143,-71.88834250671685,-1.1573229341274334,-87.0806632826359,0.6295741068180681,49.625678005404296,0.2719344611720337,-0.04198729853602737,0.00015748,0.04198406907127812,0.00081957,1,0.0
17365,0.007051702103107765,0.04838122726157139,-1.54e-06,2.5444746948606527,5.502555075188559,47.675919944328285,1.0052136313683062,-10.133912415298955,0.12067054082980143,-14.990574407256512,-1.1573229341274334,32.24356043457939,0.6295741068180681,11.801030860466167,0.2719344611720337,-0.04654716019370392,0.00015748,0.09426140316281917,0.00081957,1,0.0
17366,0.004250712171047305,0.00047358354811644033,-1.54e-06,2.5444746948606527,5.502555075188559,-42.339314039405856,1.0052136313683062,5.1418789830538,0.12067054082980143,-72.32844425622987,-1.1573229341274334,90.58369993863803,0.6295741068180681,40.88972905105512,0.2719344611720337,-0.012486204305807469,0.00015748,0.01249448623620149,0.00081957,1,0.0
17367,0.11626540602877117,0.0005321066575555899,-1.54e-06,2.5444746948606527,5.502555075188559,-82.27146704836726,1.0052136313683062,4.41362307662052,0.12067054082980143,-59.50796469083767,-1.1573229341274334,31.420335676789044,0.6295741068180681,64.10578424989379,0.2719344611720337,-0.00785705588770627,0.00015748,0.00785277366951369,0.00081957,1,0.0
17368,0.11885062855048431,0.0009403787243441798,-1.54e-06,2.5444746948606527,5.502555075188559,-62.09868500658082,1.0052136313683062,7.543649196005753,0.12067054082980143,-63.08916416034171,-1.1573229341274334,-22.731348553686615,0.6295741068180681,62.71907491744289,0.2719344611720337,-0.02000616996829055,0.00015748,0.02001522682149541,0.00081957,1,0.0
17369,0.03962454360272124,0.0006937988239889593,-1.54e-06,2.5444746948606527,5.502555075188559,-17.23816636071432,1.0052136313683062,0.1369094885504925,0.12067054082980143,-14.957156621610494,-1.1573229341274334,-16.460698755723367,0.6295741068180681,21.064561442603832,0.2719344611720337,-0.011676011690301833,0.00015748,0.011655920038104943,0.00081957,1,0.0
17370,4.975299480552975e-05,0.006412759312111146,-1.54e-06,2.5444746948606527,5.502555075188559,14.759626305854507,1.0052136313683062,7.645748421535317,0.12067054082980143,-44.855447871446366,-1.1573229341274334,-3.329481908171148,0.6295741068180681,13.745598693028029,0.2719344611720337,-0.015097035427401841,0.00015748,0.025944047162003627,0.00081957,1,0.0
17371,0.38922119636937214,0.14026142346768591,-1.54e-06,2.5444746948606527,5.502555075188559,12.719699983277168,1.0052136313683062,-5.70802906308326,0.12067054082980143,-20.58117076920747,-1.1573229341274334,66.86593605744093,0.6295741068180681,56.305934343897626,0.2719344611720337,0.019090532529496357,0.00015748,0.16793390335749828,0.00081957,0,0.0
17372,-5.38393297007389e-07,0.008153993581420459,-1.54e-06,2.5444746948606527,5.502555075188559,19.173161733483887,1.0052136313683062,2.6201598178103302,0.12067054082980143,-37.46768916319851,-1.1573229341274334,-21.55498830836288,0.6295741068180681,18.48459091278471,0.2719344611720337,-0.027780421327382218,0.00015748,0.03692657975831842,0.00081957,1,0.0
17373,7.605556349710163e-07,0.01600499931116617,-1.54e-06,2.5444746948606527,5.502555075188559,18.790850048702374,1.0052136313683062,8.638883131791575,0.12067054082980143,-57.892587819396866,-1.1573229341274334,60.04041329011932,0.6295741068180681,11.978394126283806,0.2719344611720337,0.0022750939353670743,0.00015748,0.029620979575897835,0.00081957,0,0.0
17374,0.00034727481266007276,0.020435871034508703,-1.54e-06,2.5444746948606527,5.502555075188559,62.35120775197573,1.0052136313683062,3.0008342665577454,0.12067054082980143,-10.622628001100074,-1.1573229341274334,-13.514722892555962,0.6295741068180681,-12.92263662512634,0.2719344611720337,0.003820080484654334,0.00015748,0.036887260801224855,0.00081957,0,0.0
17375,0.06388020443789977,0.0012983884898323192,-1.54e-06,2.5444746948606527,5.502555075188559,-36.78859270672692,1.0052136313683062,7.985110908068027,0.12067054082980143,-66.57646997881064,-1.1573229341274334,-7.818692212336647,0.6295741068180681,49.49170966548952,0.2719344611720337,-0.02450403984867377,0.00015748,0.02447521738817504,0.00081957,1,0.0
17376,0.12355559083586844,0.003329313813434052,-1.54e-06,2.5444746948606527,5.502555075188559,-38.67374088092464,1.0052136313683062,13.12374456569081,0.12067054082980143,-78.53012579812133,-1.1573229341274334,-89.32745986936958,0.6295741068180681,66.066769919824,0.2719344611720337,-0.04072813495386469,0.00015748,0.04072923640836674,0.00081957,1,0.0
17377,0.09767704256429818,0.00041137258896454436,-1.54e-06,2.5444746948606527,5.502555075188559,-60.932925032810104,1.0052136313683062,4.892816970141156,0.12067054082980143,-50.153052159718975,-1.1573229341274334,6.126667206721694,0.6295741068180681,52.23230849859385,0.2719344611720337,-0.010633284126538375,0.00015748,0.010630147148998284,0.00081957,1,0.0
17378,0.00011968133822501392,0.018909503602679383,-1.54e-06,2.5444746948606527,5.502555075188559,53.951009684293375,1.0052136313683062,10.489841109379736,0.12067054082980143,-45.581171949213896,-1.1573229341274334,-8.326529929553752,0.6295741068180681,-0.5304189045308115,0.2719344611720337,-0.0031819599777883796,0.00015748,0.04010334611527783,0.00081957,1,0.0
17379,0.0075204400418329015,0.0010216121393157751,-1.54e-06,2.5444746948606527,5.502555075188559,12.89148580442754,1.0052136313683062,5.546783458720849,0.12067054082980143,-24.75062615903753,-1.1573229341274334,-45.451509778455005,0.6295741068180681,10.256998388266421,0.2719344611720337,-0.020151863983877263,0.00015748,0.02019673072272119,0.00081957,1,0.0
17380,0.1587507064846559,0.0011371077397744483,-1.54e-06,2.5444746948606527,5.502555075188559,-89.02079773943869,1.0052136313683062,7.313588091976097,0.12067054082980143,-71.03994307134086,-1.1573229341274334,-13.803216413769546,0.6295741068180681,79.13584679887171,0.2719344611720337,-0.017328391772789522,0.00015748,0.017338348986415435,0.00081957,1,0.0
17381,0.0005028398501560061,0.008679704088376351,-1.54e-06,2.5444746948606527,5.502555075188559,-14.253260717478335,1.0052136313683062,10.909755971209083,0.12067054082980143,-92.38699425897967,-1.1573229341274334,74.6655554249851,0.6295741068180681,38.58633631219581,0.2719344611720337,-0.0181476046787903,0.00015748,0.0323759200064533,0.00081957,1,0.0
17382,9.716574186405258e-05,0.004305611458636779,-1.54e-06,2.5444746948606527,5.502555075188559,-3.157471295098456,1.0052136313683062,5.874155613861108,0.12067054082980143,-55.621710415002596,-1.1573229341274334,23.16551789980008,0.6295741068180681,25.651576032721024,0.2719344611720337,-0.017596763463385845,0.00015748,0.023936211796581404,0.00081957,1,0.0
17383,0.051419157390372616,0.006595187885754279,-1.54e-06,2.5444746948606527,5.502555075188559,6.808425070919315,1.0052136313683062,17.502031337792648,0.12067054082980143,-69.77376677848282,-1.1573229341274334,-96.33700343355267,0.6295741068180681,33.07512492317004,0.2719344611720337,-0.04764431774992704,0.00015748,0.04770183455991679,0.00081957,1,0.0
17384,0.04129366339009267,9.371170379542942e-05,-1.54e-06,2.5444746948606527,5.502555075188559,-25.659212573022295,1.0052136313683062,2.5603316858061858,0.12067054082980143,-24.23730907685807,-1.1573229341274334,2.0386339045443167,0.6295741068180681,23.33545756363729,0.2719344611720337,-0.005943494926265451,0.00015748,0.005950662539956538,0.00081957,1,0.0
17385,7.41074197823377e-05,0.01132848411438328,-1.54e-06,2.5444746948606527,5.502555075188559,0.6528029709218277,1.0052136313683062,6.179939408383156,0.12067054082980143,-30.036091902517306,-1.1573229341274334,63.493042767571055,0.6295741068180681,1.7193115922709632,0.2719344611720337,-0.010432750332876127,0.00015748,0.029365956535239587,0.00081957,1,0.0
17386,0.014404866080866136,0.0006883220218686021,-1.54e-06,2.5444746948606527,5.502555075188559,2.4276979063575608,1.0052136313683062,4.583976643962247,0.12067054082980143,-26.569981264997836,-1.1573229341274334,-29.722569329914357,0.6295741068180681,14.79272468306839,0.2719344611720337,-0.017004344364744604,0.00015748,0.017026451623946285,0.00081957,1,0.0
17387,0.20449781833341912,0.0021685784191838708,-1.54e-06,2.5444746948606527,5.502555075188559,-86.72659410464425,1.0052136313683062,3.4763806206449703,0.12067054082980143,-30.537186526261873,-1.1573229341274334,-80.48626863720496,0.6295741068180681,71.04344634281566,0.2719344611720337,-0.009488702952905985,0.00015748,0.009475322335266136,0.00081957,1,0.0
17388,0.09008924998195611,0.05800703706627429,-1.54e-06,2.5444746948606527,5.502555075188559,-39.286385475938786,1.0052136313683062,32.78731020378434,0.12067054082980143,-86.42556245282712,-1.1573229341274334,-31.395327445470457,0.6295741068180681,26.625242205166785,0.2719344611720337,-0.10616396770753851,0.00015748,0.10619115168506961,0.00081957,1,0.0
17389,7.988415320905884e-05,0.02855013288359637,-1.54e-06,2.5444746948606527,5.502555075188559,65.18508037457784,1.0052136313683062,14.258725853137888,0.12067054082980143,-97.69924855005948,-1.1573229341274334,-3.734099822992152,0.6295741068180681,24.814957969356485,0.2719344611720337,-0.024903840973641133,0.00015748,0.07322149158305753,0.00081957,1,0.0
17390,0.19046576695742987,0.0015094778292938735,-1.54e-06,2.5444746948606527,5.502555075188559,-90.8762138101058,1.0052136313683062,7.0835431939003195,0.12067054082980143,-55.188165999001974,-1.1573229341274334,-52.36640074476082,0.6295741068180681,77.60918027195204,0.2719344611720337,-0.01535572594066615,0.00015748,0.01535441964123023,0.00081957,1,0.0
17391,0.04793958815410407,0.004538834744937359,-1.54e-06,2.5444746948606527,5.502555075188559,-22.91235786283101,1.0052136313683062,13.249410330616065,0.12067054082980143,-98.4657711073251,-1.1573229341274334,-23.274541915109342,0.6295741068180681,58.463779672543595,0.2719344611720337,-0.044001076160861304,0.00015748,0.04398497155666608,0.00081957,1,0.0
17392,0.04600290813492948,0.0014474620090833789,-1.54e-06,2.5444746948606527,5.502555075188559,-24.842642630615067,1.0052136313683062,8.817106881218578,0.12067054082980143,-63.508361600100024,-1.1573229341274334,-11.061840962299224,0.6295741068180681,41.14860084961101,0.2719344611720337,-0.025570105579591454,0.00015748,0.025600037197065405,0.00081957,1,0.0
17393,0.00020518830058437187,0.022672794058285897,-1.54e-06,2.5444746948606527,5.502555075188559,35.33451348510149,1.0052136313683062,7.111030254692115,0.12067054082980143,-56.95127446676061,-1.1573229341274334,71.08708570817679,0.6295741068180681,8.218589125611773,0.2719344611720337,0.012729554509764358,0.00015748,0.03420425519797528,0.00081957,0,0.0
17394,0.13551154208249477,0.0007891752103289109,-1.54e-06,2.5444746948606527,5.502555075188559,-88.68071359452641,1.0052136313683062,6.534761911347383,0.12067054082980143,-72.97511975144245,-1.1573229341274334,18.439780542394004,0.6295741068180681,75.09098058302139,0.2719344611720337,-0.014012150098324334,0.00015748,0.014048686508134274,0.00081957,1,0.0
17395,0.10723219738589801,0.0059250206369666335,-1.54e-06,2.5444746948606527,5.502555075188559,-39.353054315299154,1.0052136313683062,2.350011650674474,0.12067054082980143,-49.822225321405085,-1.1573229341274334,-63.490829472844325,0.6295741068180681,60.325823921841405,0.2719344611720337,-0.038522105247131,0.00015748,0.03857420421177414,0.00081957,1,0.0
17396,-4.570658083680179e-06,0.006012466958775751,-1.54e-06,2.5444746948606527,5.502555075188559,-3.4708202176362897,1.0052136313683062,8.540684995104078,0.12067054082980143,-67.52456672071358,-1.1573229341274334,34.541764294275104,0.6295741068180681,27.79816493982333,0.2719344611720337,-0.017775478944061503,0.00015748,0.027286093703883987,0.00081957,1,0.0
17397,0.15706507679127446,0.004714010629454261,-1.54e-06,2.5444746948606527,5.502555075188559,-97.61209348234118,1.0052136313683062,-2.6447691696908477,0.12067054082980143,-40.907061880141974,-1.1573229341274334,12.620713629320223,0.6295741068180681,74.71535834371336,0.2719344611720337,-0.018709247678932145,0.00015748,0.01907452213248008,0.00081957,1,0.0
17398,0.00017828008950518393,0.009533260060031966,-1.54e-06,2.5444746948606527,5.502555075188559,35.86134351801913,1.0052136313683062,9.58667232964134,0.12067054082980143,-32.16416223578407,-1.1573229341274334,-35.278922537993026,0.6295741068180681,0.08050031046416813,0.2719344611720337,-0.014446823201510032,0.00015748,0.030487688848963485,0.00081957,1,0.0
17399,0.26603686875268673,0.04658894173924666,-1.54e-06,2.5444746948606527,5.502555075188559,-5.340841868400569,1.0052136313683062,21.05515898040467,0.12067054082980143,-76.24433295779119,-1.1573229341274334,-86.76674710332642,0.6295741068180681,57.70657519939555,0.2719344611720337,0.010468643345164359,0.00015748,0.07040133616910403,0.00081957,0,0.0
17400,0.1799837036029841,0.16802514259887844,-1.54e-06,2.5001981170100263,3.054458114527892,87.96043552319509,1.0052136313683062,14.015104054454012,0.12067054082980143,-61.601813903656655,-1.1573229341274334,-5.979641054911683,0.6295741068180681,-1.3873138726714545,0.2719344611720337,0.19109676203147133,0.00015748,0.38877771862730814,0.00081957,0,0.0
17401,0.024906580350054386,0.02445338806683915,-1.54e-06,2.5001981170100263,3.054458114527892,-45.1465173470948,1.0052136313683062,4.749937772904977,0.12067054082980143,-83.31813112148568,-1.1573229341274334,71.67432925102368,0.6295741068180681,60.3852837601698,0.2719344611720337,-0.08307663476216595,0.00015748,0.08358296516270156,0.00081957,1,0.0
17402,4.191910198869664e-05,0.4011147894842695,-1.54e-06,2.5001981170100263,3.054458114527892,100.0,1.0052136313683062,5.161089467099415,0.12067054082980143,-28.68540840976126,-1.1573229341274334,65.79039185906454,0.6295741068180681,-41.39431977345742,0.2719344611720337,0.24371477823970034,0.00015748,1.220159016270121,0.00081957,0,0.0
17403,0.0026689722401659344,0.0912376330061021,-1.54e-06,2.5001981170100263,3.054458114527892,-79.2045296449391,1.0052136313683062,-7.276171149155038,0.12067054082980143,-11.92911029535141,-1.1573229341274334,68.6375061908879,0.6295741068180681,35.65105532199461,0.2719344611720337,-0.19393694823728183,0.00015748,0.20206857860157126,0.00081957,1,0.0
17404,0.5664032384084159,0.055981442795374564,-1.54e-06,2.5001981170100263,3.054458114527892,-56.71661326341821,1.0052136313683062,6.527532791114306,0.12067054082980143,-75.15602491199843,-1.1573229341274334,24.74696923314501,0.6295741068180681,81.02760228893067,0.2719344611720337,-0.12466879426789798,0.00015748,0.1245719314162371,0.00081957,1,0.0
17405,0.10942007291893341,0.5563198673905864,-1.54e-06,2.5001981170100263,3.054458114527892,89.50922994179928,1.0052136313683062,17.476774496428824,0.12067054082980143,-1e-20,-1.1573229341274334,-92.20074479189618,0.6295741068180681,-41.791808637438564,0.2719344611720337,-0.42442195536127103,0.00015748,0.4290030393887069,0.00081957,1,0.0
17406,0.8308209491228722,0.41756945115478733,-1.54e-06,2.5001981170100263,3.054458114527892,74.18931604971868,1.0052136313683062,15.986580347730753,0.12067054082980143,-46.931691004345915,-1.1573229341274334,-91.85753486115397,0.6295741068180681,28.081131893360805,0.2719344611720337,-0.2176319513214685,0.00015748,0.4657710097962934,0.00081957,1,0.0
17407,0.7638918655026723,0.192911466640438,-1.54e-06,2.5001981170100263,3.054458114527892,-20.628962879455397,1.0052136313683062,13.182170833309502,0.12067054082980143,-84.22414346935444,-1.1573229341274334,-19.02348660305208,0.6295741068180681,79.1766910620293,0.2719344611720337,-0.28230823833609947,0.00015748,0.2834861328408255,0.00081957,1,0.0
17408,0.005912679050702474,0.1198081225505114,-1.54e-06,2.5001981170100263,3.054458114527892,47.2957189796272,1.0052136313683062,11.600633337227968,0.12067054082980143,-99.97940676829526,-1.1573229341274334,75.66620540982726,0.6295741068180681,24.83929023262579,0.2719344611720337,0.3242468962324163,0.00015748,0.4211247630529562,0.00081957,0,0.0
17409,0.05845276386636633,0.09447917137952327,-1.54e-06,2.5001981170100263,3.054458114527892,96.45441188654475,1.0052136313683062,14.181699496261789,0.12067054082980143,-79.67919509146367,-1.1573229341274334,37.29108368493177,0.6295741068180681,-4.4327986374533355,0.2719344611720337,0.4101080346138129,0.00015748,0.5048347679568423,0.00081957,0,0.0
17410,-0.0022860667576782845,0.5327142762500581,-1.54e-06,2.5001981170100263,3.054458114527892,31.227669600764838,1.0052136313683062,5.477270492498699,0.12067054082980143,-0.03338781334601418,-1.1573229341274334,21.431932235554193,0.6295741068180681,-30.066703818325223,0.2719344611720337,-0.06321512048220451,0.00015748,0.6779510301284846,0.00081957,1,0.0
17411,0.43639584888945504,0.0720365808857573,-1.54e-06,2.5001981170100263,3.054458114527892,-29.936243175035163,1.0052136313683062,0.2830679414411512,0.12067054082980143,-22.178326789167883,-1.1573229341274334,-4.809950559840438,0.6295741068180681,42.93402876005675,0.2719344611720337,-0.11822737127630195,0.00015748,0.11742037765209104,0.00081957,1,0.0
17412,0.3419705228518546,0.22517868414079903,-1.54e-06,2.5001981170100263,3.054458114527892,56.31485753180787,1.0052136313683062,15.763564386921887,0.12067054082980143,-76.14283319378738,-1.1573229341274334,-14.903079752396197,0.6295741068180681,26.084316031475232,0.2719344611720337,-0.06956903027203085,0.00015748,0.3844485907447177,0.00081957,1,0.0
17413,0.4330923168849363,0.6408488152864917,-1.54e-06,2.5001981170100263,3.054458114527892,-19.313067704257477,1.0052136313683062,14.892132432329978,0.12067054082980143,-37.68624313381154,-1.1573229341274334,-25.245856091161798,0.6295741068180681,26.042497682190312,0.2719344611720337,-0.4606105074916841,0.00015748,0.45156011009981334,0.00081957,1,0.0
17414,1.349169670920561,0.6161728222476646,-1.54e-06,2.5001981170100263,3.054458114527892,-71.83187322827213,1.0052136313683062,12.657802276834472,0.12067054082980143,-25.05046110021445,-1.1573229341274334,-74.20434267519272,0.6295741068180681,76.78942200650984,0.2719344611720337,-0.34567904597593774,0.00015748,0.3472701087555414,0.00081957,1,0.0
17415,0.003310097713230875,0.018743256801615468,-1.54e-06,2.5001981170100263,3.054458114527892,-16.296767108046744,1.0052136313683062,4.252502429088742,0.12067054082980143,-51.64679367545248,-1.1573229341274334,36.20529543487907,0.6295741068180681,32.36585113370205,0.2719344611720337,-0.08237066940760013,0.00015748,0.08342614242684904,0.00081957,1,0.0
17416,0.2677905800471793,0.023993946778092003,-1.54e-06,2.5001981170100263,3.054458114527892,-41.29276997359849,1.0052136313683062,-1.6938273012763874,0.12067054082980143,-3.878138778550276,-1.1573229341274334,8.011244750128187,0.6295741068180681,26.813847383275203,0.2719344611720337,-0.060655330471664194,0.00015748,0.061076600668560445,0.00081957,1,0.0
17417,0.00542501013825869,0.4489504475315088,-1.54e-06,2.5001981170100263,3.054458114527892,32.851070461248966,1.0052136313683062,15.01918690186328,0.12067054082980143,-81.15451424839002,-1.1573229341274334,66.55708106884722,0.6295741068180681,7.987555030250661,0.2719344611720337,0.02924204022098187,0.00015748,0.7101673043359022,0.00081957,0,0.0
17418,0.06563739342700824,0.006893549909993114,-1.54e-06,2.5001981170100263,3.054458114527892,-63.77847769281018,1.0052136313683062,0.28696935569338916,0.12067054082980143,-53.740019415799374,-1.1573229341274334,67.83338546946015,0.6295741068180681,52.65035577762162,0.2719344611720337,-0.0495809465693782,0.00015748,0.049482054148117474,0.00081957,1,0.0
17419,0.6240639235902069,0.21075631729871785,-1.54e-06,2.5001981170100263,3.054458114527892,-21.079185657462688,1.0052136313683062,10.705732109399685,0.12067054082980143,-98.3747282709926,-1.1573229341274334,16.462606722644907,0.6295741068180681,83.62773541546558,0.2719344611720337,-0.1695571903801355,0.00015748,0.2990167036122394,0.00081957,1,0.0
17420,1.0816196127980338,0.29362122812644126,-1.54e-06,2.5001981170100263,3.054458114527892,-6.702514737833161,1.0052136313683062,9.852449140249414,0.12067054082980143,-38.15110132618646,-1.1573229341274334,-78.63258237254384,0.6295741068180681,65.83332052503455,0.2719344611720337,-0.27601583526834267,0.00015748,0.279371411352416,0.00081957,1,0.0
17421,1.1360761984946306,0.20089372778885148,-1.54e-06,2.5001981170100263,3.054458114527892,-74.07124133254332,1.0052136313683062,5.438421861726648,0.12067054082980143,-37.63864020228707,-1.1573229341274334,-35.269048229683115,0.6295741068180681,88.29230368151029,0.2719344611720337,-0.08669014813641202,0.00015748,0.08580990183135656,0.00081957,1,0.0
17422,0.04690346357343789,0.09489250995798834,-1.54e-06,2.5001981170100263,3.054458114527892,-84.21803782409623,1.0052136313683062,4.704912916600984,0.12067054082980143,-82.90845218720722,-1.1573229341274334,93.71202224193122,0.6295741068180681,68.29462120166241,0.2719344611720337,-0.20201779404742343,0.00015748,0.20240062204708736,0.00081957,1,0.0
17423,0.008644496672623542,0.003917092278574218,-1.54e-06,2.5001981170100263,3.054458114527892,-14.564270240126351,1.0052136313683062,1.9902221719455062,0.12067054082980143,-30.24503202217252,-1.1573229341274334,24.49645326033451,0.6295741068180681,21.09905656091663,0.2719344611720337,-0.03588952720989115,0.00015748,0.03603721594242239,0.00081957,1,0.0
17424,0.20076989918670318,0.014717102156351653,-1.54e-06,2.5001981170100263,3.054458114527892,4.61465816620093,1.0052136313683062,2.9722317696472165,0.12067054082980143,-10.535245189200186,-1.1573229341274334,-17.82941756393906,0.6295741068180681,11.59588488959239,0.2719344611720337,-0.074157040871369,0.00015748,0.07476195155603389,0.00081957,1,0.0
17425,0.5155280350220581,0.08864945338122501,-1.54e-06,2.5001981170100263,3.054458114527892,-23.455260681778302,1.0052136313683062,9.45110988128645,0.12067054082980143,-69.0075932646565,-1.1573229341274334,0.04099624181848249,0.6295741068180681,62.8219027253922,0.2719344611720337,-0.19361962413704228,0.00015748,0.19532643593438984,0.00081957,1,0.0
17426,0.7645800447510855,0.07636779448062704,-1.54e-06,2.5001981170100263,3.054458114527892,-84.3334141819766,1.0052136313683062,3.9833748242642817,0.12067054082980143,-61.71128709859747,-1.1573229341274334,20.442225910222124,0.6295741068180681,90.99669060228582,0.2719344611720337,-0.05098306511057572,0.00015748,0.05105971600973243,0.00081957,1,0.0
17427,0.301543243279776,0.1476248503318956,-1.54e-06,2.5001981170100263,3.054458114527892,51.24748265997431,1.0052136313683062,10.722588615459895,0.12067054082980143,-29.414367228673953,-1.1573229341274334,-55.42209499201558,0.6295741068180681,8.00344738450455,0.2719344611720337,-0.2686989948886668,0.00015748,0.26981993646944014,0.00081957,1,0.0
17428,0.9287343179024027,0.14690140022205808,-1.54e-06,2.5001981170100263,3.054458114527892,-52.53826411078154,1.0052136313683062,3.2438024713308593,0.12067054082980143,-9.405588078259763,-1.1573229341274334,-45.50863295094812,0.6295741068180681,57.60839256291205,0.2719344611720337,-0.048043563858498256,0.00015748,0.048086308924937676,0.00081957,1,0.0
17429,0.1516973890330573,0.02201843323141655,-1.54e-06,2.5001981170100263,3.054458114527892,-28.097655617664934,1.0052136313683062,5.248161285391073,0.12067054082980143,-61.98080312811955,-1.1573229341274334,35.98001502319432,0.6295741068180681,47.62599592796213,0.2719344611720337,-0.09965552393531589,0.00015748,0.10118894931602433,0.00081957,1,0.0
17430,0.049180490675808694,0.0008490632330170368,-1.54e-06,2.5001981170100263,3.054458114527892,-26.244665950809253,1.0052136313683062,0.746899825446924,0.12067054082980143,-27.28211570372185,-1.1573229341274334,28.362259671882974,0.6295741068180681,25.35759520602822,0.2719344611720337,-0.009361673697543125,0.00015748,0.009557592310608962,0.00081957,1,0.0
17431,0.3571660487461553,0.022477063914058563,-1.54e-06,2.5001981170100263,3.054458114527892,-18.91600058667247,1.0052136313683062,1.1507296608734439,0.12067054082980143,-1.3577073624188045,-1.1573229341274334,-19.599487592325293,0.6295741068180681,20.48438773478567,0.2719344611720337,-0.01741243305586895,0.00015748,0.017341921667751583,0.00081957,1,0.0
17432,0.0019013410682151566,0.1929240847143699,-1.54e-06,2.5001981170100263,3.054458114527892,99.86435086331609,1.0052136313683062,9.126466334720545,0.12067054082980143,-50.422729732772744,-1.1573229341274334,56.92540479411623,0.6295741068180681,-27.974742982961278,0.2719344611720337,0.31282770103963187,0.00015748,0.9466341530032776,0.00081957,0,0.0
17433,0.7404070874186478,0.41345374760856074,-1.54e-06,2.5001981170100263,3.054458114527892,58.46889223953884,1.0052136313683062,7.960501980353007,0.12067054082980143,-23.77798168757238,-1.1573229341274334,-69.11039023695744,0.6295741068180681,21.908151379065906,0.2719344611720337,-0.09987692430564116,0.00015748,0.4398923430709663,0.00081957,1,0.0
17434,-0.01063992396298552,1.3257602652654192,-1.54e-06,2.5001981170100263,3.054458114527892,75.94932838432861,1.0052136313683062,20.724219746186883,0.12067054082980143,-62.94575605408062,-1.1573229341274334,59.522973898141544,0.6295741068180681,-35.317744546857675,0.2719344611720337,-0.06548467648864031,0.00015748,1.2920529184996439,0.00081957,1,0.0
17435,0.0010573877377365176,0.23558295701942455,-1.54e-06,2.5001981170100263,3.054458114527892,14.170328310351277,1.0052136313683062,0.43418245910437464,0.12067054082980143,-18.917410824868277,-1.1573229341274334,42.365090953847485,0.6295741068180681,-1.5159707393645474,0.2719344611720337,0.0492273787423457,0.00015748,0.4465366298553204,0.00081957,0,0.0
17436,-0.00013113841012812877,0.08576051190160675,-1.54e-06,2.5001981170100263,3.054458114527892,-52.996264982025934,1.0052136313683062,-3.5632700954842966,0.12067054082980143,-22.681636075990507,-1.1573229341274334,59.94877548888445,0.6295741068180681,29.998172890127513,0.2719344611720337,-0.09994072555809547,0.00015748,0.18663866120506312,0.00081957,1,0.0
17437,0.12379120814093336,0.007194781640984695,-1.54e-06,2.5001981170100263,3.054458114527892,-80.66879810535049,1.0052136313683062,1.8416332075563286,0.12067054082980143,-81.32010915584542,-1.1573229341274334,88.55014150193118,0.6295741068180681,75.56132022615154,0.2719344611720337,-0.03045072197310039,0.00015748,0.03045044302544952,0.00081957,1,0.0
17438,0.0012519252415920112,0.12413178279019565,-1.54e-06,2.5001981170100263,3.054458114527892,65.75738570695879,1.0052136313683062,10.918046875256218,0.12067054082980143,-82.2051634915067,-1.1573229341274334,66.07739155765502,0.6295741068180681,6.341804429593754,0.2719344611720337,0.3219295004066721,0.00015748,0.5697332459789434,0.00081957,0,0.0
17439,0.6239271554349851,0.06937644843540058,-1.54e-06,2.5001981170100263,3.054458114527892,-58.58483239422811,1.0052136313683062,0.45804928223693214,0.12067054082980143,-13.655335881379964,-1.1573229341274334,-8.725958069284557,0.6295741068180681,51.189017508034325,0.2719344611720337,-0.028446883550966803,0.00015748,0.02849986598122738,0.00081957,1,0.0
17440,0.012660057506642342,0.05825731341168668,-1.54e-06,2.5001981170100263,3.054458114527892,-66.61054619382931,1.0052136313683062,-5.477625227440503,0.12067054082980143,-8.638908765281862,-1.1573229341274334,54.37182250006976,0.6295741068180681,28.531759774584515,0.2719344611720337,-0.16636687694949995,0.00015748,0.16643041762136282,0.00081957,1,0.0
17441,0.9432589704039576,0.15609120447613106,-1.54e-06,2.5001981170100263,3.054458114527892,-32.67277717038057,1.0052136313683062,5.628967966734283,0.12067054082980143,-19.8457825832083,-1.1573229341274334,-56.05409485580744,0.6295741068180681,57.968148016346774,0.2719344611720337,-0.12233252022447554,0.00015748,0.12319398217886394,0.00081957,1,0.0
17442,0.18942689166596344,0.02446203732969565,-1.54e-06,2.5001981170100263,3.054458114527892,-91.16328855590656,1.0052136313683062,-1.5731724850726259,0.12067054082980143,-55.696254154799455,-1.1573229341274334,78.48760615921576,0.6295741068180681,68.57326747423811,0.2719344611720337,-0.09120608197401639,0.00015748,0.09127062551680937,0.00081957,1,0.0
17443,0.004212951794502318,0.040976030043757564,-1.54e-06,2.5001981170100263,3.054458114527892,-59.64473724423227,1.0052136313683062,-4.366898310529217,0.12067054082980143,-12.166577421898285,-1.1573229341274334,51.2720501374184,0.6295741068180681,27.390571015895883,0.2719344611720337,-0.14044634185251842,0.00015748,0.14049770156533598,0.00081957,1,0.0
17444,0.9190499917032701,0.45148517471869665,-1.54e-06,2.5001981170100263,3.054458114527892,42.363844504410665,1.0052136313683062,20.547573085018296,0.12067054082980143,-96.07202097235053,-1.1573229341274334,-55.16342955579402,0.6295741068180681,65.14540417293159,0.2719344611720337,-0.2465484466730219,0.00015748,0.4984325027975838,0.00081957,1,0.0
17445,0.0004610123224099705,0.09670920824100548,-1.54e-06,2.5001981170100263,3.054458114527892,28.61140095496639,1.0052136313683062,5.429810718018874,0.12067054082980143,-36.47862575680146,-1.1573229341274334,17.159555722289088,0.6295741068180681,5.296877708391871,0.2719344611720337,0.09774226220214019,0.00015748,0.15345626106084023,0.00081957,0,0.0
17446,0.25945667294797653,0.02388106704861363,-1.54e-06,2.5001981170100263,3.054458114527892,-13.4302790252321,1.0052136313683062,4.956900341472335,0.12067054082980143,-38.547540419414766,-1.1573229341274334,3.094921112091741,0.6295741068180681,34.2952739832094,0.2719344611720337,-0.10281473476313223,0.00015748,0.10293779408161345,0.00081957,1,0.0
17447,0.6328456493344168,0.17828621789154278,-1.54e-06,2.5001981170100263,3.054458114527892,29.466860606782614,1.0052136313683062,11.14207422030571,0.12067054082980143,-31.723858231123508,-1.1573229341274334,-69.36313497412229,0.6295741068180681,29.696768846706124,0.2719344611720337,-0.27257378096968293,0.00015748,0.27252797064470596,0.00081957,1,0.0
17448,0.7061985812515377,0.6132443577584803,-1.54e-06,2.5001981170100263,3.054458114527892,-71.30913671169539,1.0052136313683062,6.791079341635221,0.12067054082980143,-0.0019162338882660612,-1.1573229341274334,-26.889388473927777,0.6295741068180681,36.61659033479733,0.2719344611720337,-0.4226003775499733,0.00015748,0.4214782547219322,0.00081957,1,0.0
17449,0.011823684017192748,0.026863035440962094,-1.54e-06,2.5001981170100263,3.054458114527892,-14.884722703249082,1.0052136313683062,4.969883313860597,0.12067054082980143,-57.50052482660936,-1.1573229341274334,37.22111944752369,0.6295741068180681,35.44683252829951,0.2719344611720337,-0.1010769410125627,0.00015748,0.10214068463427928,0.00081957,1,0.0
17450,0.983752383285497,0.40707665383766667,-1.54e-06,2.5001981170100263,3.054458114527892,-51.076770298344094,1.0052136313683062,12.676887285479493,0.12067054082980143,-38.943975720569014,-1.1573229341274334,-47.8190880793532,0.6295741068180681,64.56898553732466,0.2719344611720337,-0.32102760863385293,0.00015748,0.31398399328425464,0.00081957,1,0.0
17451,0.41495433594959424,0.33870307671345795,-1.54e-06,2.5001981170100263,3.054458114527892,8.04453446861865,1.0052136313683062,5.537879577115145,0.12067054082980143,-81.28905850683932,-1.1573229341274334,46.6344513193978,0.6295741068180681,54.9924210386933,0.2719344611720337,0.0673779421310026,0.00015748,0.47476958423199545,0.00081957,0,0.0
17452,0.6170323466796193,0.06872129706059105,-1.54e-06,2.5001981170100263,3.054458114527892,-42.94597165902133,1.0052136313683062,6.871337603571596,0.12067054082980143,-59.779018259968744,-1.1573229341274334,1.5823321040642564,0.6295741068180681,69.52145114869043,0.2719344611720337,-0.1340205823103413,0.00015748,0.1346009249369201,0.00081957,1,0.0
17453,0.05604959664763021,0.06759812719890024,-1.54e-06,2.5001981170100263,3.054458114527892,100.0,1.0052136313683062,15.06953490657842,0.12067054082980143,-87.64407966325217,-1.1573229341274334,47.454690412615385,0.6295741068180681,-3.5904500116855114,0.2719344611720337,0.431811170106699,0.00015748,0.5886240751449764,0.00081957,0,0.0
17454,-0.03377473489747229,0.6823419554848311,-1.54e-06,2.5001981170100263,3.054458114527892,-56.16149570932621,1.0052136313683062,6.753156436312176,0.12067054082980143,-38.96755401770379,-1.1573229341274334,60.43649739325465,0.6295741068180681,21.530217498295993,0.2719344611720337,-0.40074162513569217,0.00015748,0.5097628357536008,0.00081957,1,0.0
17455,0.563373196972706,0.39141795539646407,-1.54e-06,2.5001981170100263,3.054458114527892,-11.491242531303168,1.0052136313683062,4.741134274740685,0.12067054082980143,-82.58506389216589,-1.1573229341274334,44.07459333753934,0.6295741068180681,69.62132447090585,0.2719344611720337,0.02832489753662079,0.00015748,0.46219998945731366,0.00081957,0,0.0
17456,1.129633182979969,0.22063692630248505,-1.54e-06,2.5001981170100263,3.054458114527892,-69.07555046511472,1.0052136313683062,2.407352322160701,0.12067054082980143,-8.357258746946762,-1.1573229341274334,-51.686785069880536,0.6295741068180681,71.54586588267863,0.2719344611720337,-0.02483041930777721,0.00015748,0.0246961833188051,0.00081957,1,0.0
17457,0.6336731753184037,0.08924246935201388,-1.54e-06,2.5001981170100263,3.054458114527892,-8.357175401453732,1.0052136313683062,5.489308646881221,0.12067054082980143,-20.741412258041105,-1.1573229341274334,-44.03527522295538,0.6295741068180681,38.75358277553477,0.2719344611720337,-0.14276848481581902,0.00015748,0.143220775457315,0.00081957,1,0.0
17458,0.5994264343027272,0.08811541036599918,-1.54e-06,2.5001981170100263,3.054458114527892,-35.516792456874,1.0052136313683062,8.876130792414834,0.12067054082980143,-71.40016125399275,-1.1573229341274334,2.727378124789796,0.6295741068180681,72.01917298285086,0.2719344611720337,-0.18076610518751315,0.00015748,0.1812192410679299,0.00081957,1,0.0
17459,0.4854223034373268,0.029730777297673847,-1.54e-06,2.5001981170100263,3.054458114527892,-65.28496994158729,1.0052136313683062,4.868003955719338,0.12067054082980143,-67.55267049574847,-1.1573229341274334,34.69156305942382,0.6295741068180681,75.9695803848515,0.2719344611720337,-0.07551998565897901,0.00015748,0.07555423091248716,0.00081957,1,0.0
17460,0.2959738588554598,0.041542029108574574,-1.54e-06,2.5001981170100263,3.054458114527892,-18.51793363104417,1.0052136313683062,6.246405381457152,0.12067054082980143,-56.149326063969816,-1.1573229341274334,12.393905982684442,0.6295741068180681,47.33148018065214,0.2719344611720337,-0.13776240274221363,0.00015748,0.13814423569617873,0.00081957,1,0.0
17461,0.001397879530280366,0.12063128291385787,-1.54e-06,2.5001981170100263,3.054458114527892,62.586068346706824,1.0052136313683062,8.490725331866587,0.12067054082980143,-32.180295260550324,-1.1573229341274334,-8.766195913425463,0.6295741068180681,-10.106620913822143,0.2719344611720337,0.05124116349833295,0.00015748,0.23476881876573819,0.00081957,0,0.0
17462,-0.003993833484943643,0.9347044453465969,-1.54e-06,2.5001981170100263,3.054458114527892,27.092652884061078,1.0052136313683062,15.06199863977125,0.12067054082980143,-42.39556431599583,-1.1573229341274334,30.215017662973874,0.6295741068180681,-14.570294889820854,0.2719344611720337,-0.23934978576441224,0.00015748,0.7825834185824581,0.00081957,1,0.0
17463,0.04099649371276065,0.05655498378401467,-1.54e-06,2.5001981170100263,3.054458114527892,-75.21619747790088,1.0052136313683062,-5.399513400680276,0.12067054082980143,-18.475373754794457,-1.1573229341274334,63.46426727203263,0.6295741068180681,38.405908391239954,0.2719344611720337,-0.15976528122603856,0.00015748,0.1597409147042846,0.00081957,1,0.0
17464,0.0007746330120922407,0.12447596957877759,-1.54e-06,2.5001981170100263,3.054458114527892,34.12776275191944,1.0052136313683062,9.73651686667848,0.12067054082980143,-70.96630909349857,-1.1573229341274334,33.19151121436245,0.6295741068180681,20.020424522506534,0.2719344611720337,0.05531303741048915,0.00015748,0.24857864652758282,0.00081957,0,0.0
17465,0.6320634730043,0.2836729218863726,-1.54e-06,2.5001981170100263,3.054458114527892,24.686430282037026,1.0052136313683062,16.294389328046144,0.12067054082980143,-82.06479179847048,-1.1573229341274334,-36.596482133391,0.6295741068180681,55.59144945476277,0.2719344611720337,-0.3064392624982971,0.00015748,0.3773448788123931,0.00081957,1,0.0
17466,1.0000107065428858,0.4984582298866648,-1.54e-06,2.5001981170100263,3.054458114527892,31.317202735457204,1.0052136313683062,19.967291437101597,0.12067054082980143,-84.5779809938846,-1.1573229341274334,-81.84452937237297,0.6295741068180681,70.0466784297026,0.2719344611720337,-0.47178722280925445,0.00015748,0.4719464092835025,0.00081957,1,0.0
17467,-0.2340494545692795,1.550541974840975,-1.54e-06,2.5001981170100263,3.054458114527892,42.7017125122098,1.0052136313683062,6.77339028804198,0.12067054082980143,-1.5170035417442682,-1.1573229341274334,59.342895183458815,0.6295741068180681,-53.012968139972486,0.2719344611720337,-0.15211618643774166,0.00015748,1.0969927432931754,0.00081957,1,0.0
17468,0.05157267397564369,0.1406704780535656,-1.54e-06,2.5001981170100263,3.054458114527892,99.28917244074762,1.0052136313683062,12.41087485431779,0.12067054082980143,-49.711242147130775,-1.1573229341274334,-1.0911253501614762,0.6295741068180681,-17.374501872995708,0.2719344611720337,0.2891715079797793,0.00015748,0.3661763418898878,0.00081957,0,0.0
17469,0.643778219514629,0.14050333815425708,-1.54e-06,2.5001981170100263,3.054458114527892,15.024333664627491,1.0052136313683062,9.950273927908674,0.12067054082980143,-29.41253644366738,-1.1573229341274334,-60.930586961433754,0.6295741068180681,33.31188158943352,0.2719344611720337,-0.22753215701209376,0.00015748,0.22774126967237698,0.00081957,1,0.0
17470,0.8931069351587118,0.12335265988698008,-1.54e-06,2.5001981170100263,3.054458114527892,-57.9604440409186,1.0052136313683062,4.632659684027258,0.12067054082980143,-31.14824855995808,-1.1573229341274334,-27.395835883534637,0.6295741068180681,69.81658565565932,0.2719344611720337,-0.0738172503571052,0.00015748,0.07398321816626442,0.00081957,1,0.0
17471,0.8347578784786687,0.3932732842822694,-1.54e-06,2.5001981170100263,3.054458114527892,64.92295566294396,1.0052136313683062,20.835687427094637,0.12067054082980143,-97.27439167187543,-1.1573229341274334,-40.42952568258687,0.6295741068180681,50.88073320580179,0.2719344611720337,-0.014595765091951762,0.00015748,0.5308612946880535,0.00081957,1,0.0
17472,0.4631364191051156,0.06110243607737022,-1.54e-06,2.5001981170100263,3.054458114527892,-41.781979320832555,1.0052136313683062,8.193166459486699,0.12067054082980143,-79.88447472807589,-1.1573229341274334,24.776073470842146,0.6295741068180681,73.46251034534596,0.2719344611720337,-0.15964827787940378,0.00015748,0.1610885722301733,0.00081957,1,0.0
17473,0.20757637229080417,0.1527980545055493,-1.54e-06,2.5001981170100263,3.054458114527892,33.83455595537065,1.0052136313683062,11.607156340522453,0.12067054082980143,-63.49231006036615,-1.1573229341274334,-9.152093415328723,0.6295741068180681,27.007189537679192,0.2719344611720337,-0.19183338564456837,0.00015748,0.2813826154840839,0.00081957,1,0.0
17474,0.00608467451776229,0.07887372355329719,-1.54e-06,2.5001981170100263,3.054458114527892,99.95488001400587,1.0052136313683062,13.427668366828177,0.12067054082980143,-77.27867873454761,-1.1573229341274334,47.66860451014855,0.6295741068180681,-10.589692621165284,0.2719344611720337,0.3975814530182704,0.00015748,0.6224890323274763,0.00081957,0,0.0
17475,0.2286783862254782,0.21364975009334503,-1.54e-06,2.5001981170100263,3.054458114527892,-32.57544427860933,1.0052136313683062,3.8765760582442974,0.12067054082980143,-0.2879800480911885,-1.1573229341274334,-5.252929836585112,0.6295741068180681,10.731369010397273,0.2719344611720337,-0.263012427144964,0.00015748,0.2640575750798696,0.00081957,1,0.0
17476,0.0003732656349765273,0.2790742292859354,-1.54e-06,2.5001981170100263,3.054458114527892,94.23336981017381,1.0052136313683062,6.329475839131824,0.12067054082980143,-31.520708542715465,-1.1573229341274334,47.934253978109396,0.6295741068180681,-34.08775455075657,0.2719344611720337,0.25389626414308586,0.00015748,0.9438871842809625,0.00081957,0,0.0
17477,0.0010397141987450453,0.3807571535778692,-1.54e-06,2.5001981170100263,3.054458114527892,71.71612993536604,1.0052136313683062,10.432507847301876,0.12067054082980143,-26.295388763158627,-1.1573229341274334,22.770092708193513,0.6295741068180681,-32.47736339082195,0.2719344611720337,0.11783362612902981,0.00015748,0.71753223719104,0.00081957,0,0.0
17478,0.8304383178071235,0.1633709586740817,-1.54e-06,2.5001981170100263,3.054458114527892,-30.118436143166047,1.0052136313683062,11.171014467409082,0.12067054082980143,-69.71720107174767,-1.1573229341274334,-24.785565580091774,0.6295741068180681,77.45740403519457,0.2719344611720337,-0.2303106319491427,0.00015748,0.2329338431273439,0.00081957,1,0.0
17479,0.4785976730699849,0.10641292395427178,-1.54e-06,2.5001981170100263,3.054458114527892,13.28438083881105,1.0052136313683062,9.37056347641466,0.12067054082980143,-38.063091114157054,-1.1573229341274334,-39.10690838987447,0.6295741068180681,32.356324977434895,0.2719344611720337,-0.2114921406629924,0.00015748,0.2148816874559807,0.00081957,1,0.0
17480,0.13962325351311392,0.015141087531575628,-1.54e-06,2.5001981170100263,3.054458114527892,-11.175483235491466,1.0052136313683062,3.8414982578562435,0.12067054082980143,-37.282049644196974,-1.1573229341274334,12.839837015032678,0.6295741068180681,28.881426069216285,0.2719344611720337,-0.08482166444686852,0.00015748,0.08489038670297479,0.00081957,1,0.0
17481,0.19690161170363224,0.04052311903531196,-1.54e-06,2.5001981170100263,3.054458114527892,-89.28486696861015,1.0052136313683062,-3.2748337140501818,0.12067054082980143,-39.92212436772757,-1.1573229341274334,69.29013408690714,0.6295741068180681,60.388355862654535,0.2719344611720337,-0.11998442591721373,0.00015748,0.11999124000180486,0.00081957,1,0.0
17482,0.4476680903407615,0.07179705782838103,-1.54e-06,2.5001981170100263,3.054458114527892,27.092014485288615,1.0052136313683062,6.277414479013694,0.12067054082980143,-0.002214449075881156,-1.1573229341274334,-64.74757647850532,0.6295741068180681,6.719007302232601,0.2719344611720337,-0.15474306214303796,0.00015748,0.15484986828485875,0.00081957,1,0.0
17483,0.47457030014114526,0.09535248178138217,-1.54e-06,2.5001981170100263,3.054458114527892,21.91378398661892,1.0052136313683062,8.055807619910636,0.12067054082980143,-20.884557440013143,-1.1573229341274334,-53.22974046975166,0.6295741068180681,20.74502440137368,0.2719344611720337,-0.19587718533197582,0.00015748,0.19655995958842185,0.00081957,1,0.0
17484,0.0017362709622809058,0.1319336080770927,-1.54e-06,2.5001981170100263,3.054458114527892,44.9555210565848,1.0052136313683062,9.983454329166387,0.12067054082980143,-74.51622559071706,-1.1573229341274334,47.18860858905758,0.6295741068180681,14.634239472649528,0.2719344611720337,0.2663487682358425,0.00015748,0.2729981439077729,0.00081957,0,0.0
17485,0.2949593216802455,0.11307971495047861,-1.54e-06,2.5001981170100263,3.054458114527892,34.720270654334676,1.0052136313683062,8.118066123265896,0.12067054082980143,-31.683496792439808,-1.1573229341274334,-38.13276662332194,0.6295741068180681,16.63760744570024,0.2719344611720337,-0.2217177473896491,0.00015748,0.23399482959309192,0.00081957,1,0.0
17486,0.6263687300985488,0.07194211904788109,-1.54e-06,2.5001981170100263,3.054458114527892,-34.56111069466057,1.0052136313683062,6.933842627847808,0.12067054082980143,-46.2076145445922,-1.1573229341274334,-13.210031935090035,0.6295741068180681,58.68961570586459,0.2719344611720337,-0.13050378588762945,0.00015748,0.13096807638593266,0.00081957,1,0.0
17487,0.06044278462329378,0.7575444660174402,-1.54e-06,2.5001981170100263,3.054458114527892,-43.98189398099966,1.0052136313683062,14.300811408807812,0.12067054082980143,-70.06162708500489,-1.1573229341274334,44.83126259940411,0.6295741068180681,35.2332268335425,0.2719344611720337,-0.5082457620612274,0.00015748,0.5180406592521994,0.00081957,1,0.0
17488,-8.079121285975432e-05,0.179858032395742,-1.54e-06,2.5001981170100263,3.054458114527892,72.58796491028825,1.0052136313683062,8.999950674466678,0.12067054082980143,-71.98251952764521,-1.1573229341274334,79.11210036544385,0.6295741068180681,-4.935191151418311,0.2719344611720337,0.2967224409018012,0.00015748,0.8521923017582287,0.00081957,0,0.0
17489,0.1536871809344179,0.12030798746849727,-1.54e-06,2.5001981170100263,3.054458114527892,76.14526572459557,1.0052136313683062,8.979454133005852,0.12067054082980143,-1e-20,-1.1573229341274334,-74.2518538404391,0.6295741068180681,-21.910004648166243,0.2719344611720337,-0.23948224058062925,0.00015748,0.24170051667301648,0.00081957,1,0.0
17490,0.6916332073682796,0.07104433765479462,-1.54e-06,2.5001981170100263,3.054458114527892,-88.09484244586193,1.0052136313683062,1.8728884754715929,0.12067054082980143,-46.51722177970697,-1.1573229341274334,22.59572191570581,0.6295741068180681,80.86658766334669,0.2719344611720337,-0.041532970817760126,0.00015748,0.04183553351273418,0.00081957,1,0.0
17491,0.39727382159853275,0.11556594885148955,-1.54e-06,2.5001981170100263,3.054458114527892,49.26245897662386,1.0052136313683062,8.91524033307111,0.12067054082980143,-7.331154180633014,-1.1573229341274334,-73.6919591219165,0.6295741068180681,0.7103042330920659,0.2719344611720337,-0.22671514815336868,0.00015748,0.22667304892129558,0.00081957,1,0.0
17492,0.001012841097230266,0.3830885289947645,-1.54e-06,2.5001981170100263,3.054458114527892,58.405437161667784,1.0052136313683062,3.7984562344140813,0.12067054082980143,-34.364136382511546,-1.1573229341274334,68.38752496562208,0.6295741068180681,-18.866954331145294,0.2719344611720337,0.16779980621231577,0.00015748,0.9365858329039327,0.00081957,0,0.0
17493,0.003635068186393864,0.17373153351782913,-1.54e-06,2.5001981170100263,3.054458114527892,-70.85005347019833,1.0052136313683062,-3.9315056835771958,0.12067054082980143,-33.88550494139408,-1.1573229341274334,85.2765408352326,0.6295741068180681,40.023278468298344,0.2719344611720337,-0.13190899772437886,0.00015748,0.30398554625789265,0.00081957,1,0.0
17494,1.1364379939208553,0.19591060012105682,-1.54e-06,2.5001981170100263,3.054458114527892,-80.83187883721618,1.0052136313683062,7.50797779289655,0.12067054082980143,-56.03120174917005,-1.1573229341274334,-22.533817888312406,0.6295741068180681,98.93487087224196,0.2719344611720337,-0.1233989160033915,0.00015748,0.1238137926885208,0.00081957,1,0.0
17495,0.26572525022583493,0.15681274409778645,-1.54e-06,2.5001981170100263,3.054458114527892,29.975875544052123,1.0052136313683062,12.062158891285884,0.12067054082980143,-60.52990214037183,-1.1573229341274334,-20.94918666317502,0.6295741068180681,29.687622866449072,0.2719344611720337,-0.27274890191462653,0.00015748,0.2798057329602044,0.00081957,1,0.0
17496,0.7273177200978396,0.6357411219057886,-1.54e-06,2.5001981170100263,3.054458114527892,38.444481820745885,1.0052136313683062,7.524680067852432,0.12067054082980143,-99.9830357107163,-1.1573229341274334,67.57482504080379,0.6295741068180681,58.261562942435724,0.2719344611720337,0.25702223066142926,0.00015748,1.0007343440081709,0.00081957,0,0.0
17497,0.21208446068808307,0.14641694545108422,-1.54e-06,2.5001981170100263,3.054458114527892,66.51584181512153,1.0052136313683062,10.384841665442016,0.12067054082980143,-17.80645782567486,-1.1573229341274334,-64.17991620147161,0.6295741068180681,-6.972076908189181,0.2719344611720337,-0.2676091204832813,0.00015748,0.2686032270954543,0.00081957,1,0.0
17498,0.2628351218622178,0.159172663494501,-1.54e-06,2.5001981170100263,3.054458114527892,21.32572289853158,1.0052136313683062,12.447278902835464,0.12067054082980143,-70.97083322331646,-1.1573229341274334,-9.665104332778082,0.6295741068180681,37.97604046765291,0.2719344611720337,-0.2792142364232493,0.00015748,0.28145504242312036,0.00081957,1,0.0
17499,0.2637547463153357,0.03647591073716623,-1.54e-06,2.5001981170100263,3.054458114527892,12.624750139112388,1.0052136313683062,5.285689516865107,0.12067054082980143,-18.241498799160265,-1.1573229341274334,-26.8572155204919,0.6295741068180681,14.734288149647263,0.2719344611720337,-0.12584689086172504,0.00015748,0.1267015072498142,0.00081957,1,0.0
17500,0.5785124014369493,0.050741777924136845,-1.54e-06,0.48226107656787986,6.778191466412777,-58.29513822999073,1.0052136313683062,63.62867909174832,0.12067054082980143,-33.90485551317763,-1.1573229341274334,-75.13981063436401,0.6295741068180681,84.11350463129324,0.2719344611720337,-0.09367180195061311,0.00015748,0.09444088689508548,0.00081957,1,0.0
17501,0.0473408059118239,0.017875162258322756,-1.54e-06,0.48226107656787986,6.778191466412777,-15.417392234902692,1.0052136313683062,53.038446261545744,0.12067054082980143,-67.72392552431405,-1.1573229341274334,20.881797263198898,0.6295741068180681,22.87981332543945,0.2719344611720337,-0.06446998398704087,0.00015748,0.06451890499285559,0.00081957,1,0.0
17502,0.10564853558117969,0.0020637807607269865,-1.54e-06,0.48226107656787986,6.778191466412777,-25.77718717170304,1.0052136313683062,31.850984658996637,0.12067054082980143,-71.56044844612647,-1.1573229341274334,-3.343309681232146,0.6295741068180681,38.155363865114985,0.2719344611720337,-0.027587934065135537,0.00015748,0.027688595756717872,0.00081957,1,0.0
17503,0.22580839726255114,0.021310404131827658,-1.54e-06,0.48226107656787986,6.778191466412777,-32.0917781860779,1.0052136313683062,65.24514855132723,0.12067054082980143,-80.98489192554328,-1.1573229341274334,77.17958768375834,0.6295741068180681,46.67856483749146,0.2719344611720337,-0.07813213014335779,0.00015748,0.07831826391711383,0.00081957,1,0.0
17504,0.2002700670448895,0.04417822825924132,-1.54e-06,0.48226107656787986,6.778191466412777,-19.224636677388443,1.0052136313683062,68.68949756446429,0.12067054082980143,-46.96871960350128,-1.1573229341274334,89.85328572833808,0.6295741068180681,27.425196000347647,0.2719344611720337,-0.09581795263127123,0.00015748,0.09608897429481543,0.00081957,1,0.0
17505,0.007276990796941697,0.006603860796098345,-1.54e-06,0.48226107656787986,6.778191466412777,-4.898057261023464,1.0052136313683062,27.33536089702488,0.12067054082980143,-23.631134300076713,-1.1573229341274334,-33.39653372021634,0.6295741068180681,7.414778439318165,0.2719344611720337,-0.03529088460391047,0.00015748,0.03551770597921164,0.00081957,1,0.0
17506,0.44533234559417323,0.03245610150424004,-1.54e-06,0.48226107656787986,6.778191466412777,-47.35230725342733,1.0052136313683062,63.337491400281955,0.12067054082980143,-45.29768807570413,-1.1573229341274334,-32.967907939516834,0.6295741068180681,68.41504461567715,0.2719344611720337,-0.08495758580143171,0.00015748,0.08492573478458605,0.00081957,1,0.0
17507,-0.5141154517416705,1.0865975083783193,-1.54e-06,0.48226107656787986,6.778191466412777,35.38279616789223,1.0052136313683062,-56.53130598371738,0.12067054082980143,-30.40804500173477,-1.1573229341274334,79.53888377125699,0.6295741068180681,-50.02294362625548,0.2719344611720337,-0.10800098320403981,0.00015748,0.10689447742300034,0.00081957,1,0.0
17508,0.14014667017174418,0.021015595179814342,-1.54e-06,0.48226107656787986,6.778191466412777,-17.73212287806185,1.0052136313683062,53.948501406510864,0.12067054082980143,-48.91776094898504,-1.1573229341274334,47.84686848920376,0.6295741068180681,25.674624537252797,0.2719344611720337,-0.06934291193021276,0.00015748,0.06943586923479249,0.00081957,1,0.0
17509,0.14302315432420193,0.0032748228373919545,-1.54e-06,0.48226107656787986,6.778191466412777,-32.01336165787077,1.0052136313683062,35.411103904867765,0.12067054082980143,-84.51230596792702,-1.1573229341274334,7.576400062942171,0.6295741068180681,47.276223268193704,0.2719344611720337,-0.028409401119885002,0.00015748,0.02841437072562898,0.00081957,1,0.0
17510,0.45459582986626207,0.07679006419562617,-1.54e-06,0.48226107656787986,6.778191466412777,-40.53701019835222,1.0052136313683062,88.98836805837553,0.12067054082980143,-45.716206035854555,-1.1573229341274334,67.81494291793838,0.6295741068180681,58.2609429346812,0.2719344611720337,-0.11770387630706519,0.00015748,0.13309132934193635,0.00081957,1,0.0
17511,0.0062963880094680374,0.07923637985660478,-1.54e-06,0.48226107656787986,6.778191466412777,-7.37775262234984,1.0052136313683062,-65.3183309288568,0.12067054082980143,-0.27286126954861784,-1.1573229341274334,53.691346809161104,0.6295741068180681,10.965904806870835,0.2719344611720337,-0.09828127707617156,0.00015748,0.09828727746031281,0.00081957,1,0.0
17512,0.22627072074391372,0.02926521508786828,-1.54e-06,0.48226107656787986,6.778191466412777,-30.525124273772676,1.0052136313683062,72.26610851141675,0.12067054082980143,-71.26836855963397,-1.1573229341274334,24.435966992599326,0.6295741068180681,44.43112131340046,0.2719344611720337,-0.08763736269113699,0.00015748,0.08796301854808368,0.00081957,1,0.0
17513,0.04028581151291602,0.17356263167128483,-1.54e-06,0.48226107656787986,6.778191466412777,-28.804678581713933,1.0052136313683062,-73.37278451851067,0.12067054082980143,-63.22982886720401,-1.1573229341274334,65.16637032303169,0.6295741068180681,43.01799431992789,0.2719344611720337,-0.12799887988519915,0.00015748,0.1279617739703542,0.00081957,1,0.0
17514,0.536502910008991,0.17291942785002784,-1.54e-06,0.48226107656787986,6.778191466412777,-42.487222107967106,1.0052136313683062,98.60375731252155,0.12067054082980143,-60.04820510029644,-1.1573229341274334,56.963863252969844,0.6295741068180681,69.15633343728183,0.2719344611720337,0.052679590855145494,0.00015748,0.28523509346922465,0.00081957,0,0.0
17515,0.08653702443523055,0.0013062299495351314,-1.54e-06,0.48226107656787986,6.778191466412777,-9.03720902947291,1.0052136313683062,15.87433708871072,0.12067054082980143,-2.0901573937023996,-1.1573229341274334,-62.67772790928317,0.6295741068180681,13.168793145341883,0.2719344611720337,-0.018262269445132543,0.00015748,0.018251614294624196,0.00081957,1,0.0
17516,0.03218828067641358,0.019933933079283272,-1.54e-06,0.48226107656787986,6.778191466412777,-13.50688914133389,1.0052136313683062,53.13878137786642,0.12067054082980143,-65.01776587477863,-1.1573229341274334,13.563072282580512,0.6295741068180681,20.117719115799098,0.2719344611720337,-0.06588784472587128,0.00015748,0.06589220893265688,0.00081957,1,0.0
17517,0.24531856174225364,0.020517266877354036,-1.54e-06,0.48226107656787986,6.778191466412777,-35.66845224342386,1.0052136313683062,69.62073947623098,0.12067054082980143,-76.21408619777745,-1.1573229341274334,-16.76445567273148,0.6295741068180681,52.13895537521453,0.2719344611720337,-0.07899475110797889,0.00015748,0.07906125584142772,0.00081957,1,0.0
17518,0.4100697862297498,0.04360773895186611,-1.54e-06,0.48226107656787986,6.778191466412777,-42.153233942581096,1.0052136313683062,81.81842758648375,0.12067054082980143,-38.99606095753036,-1.1573229341274334,-94.05451155638572,0.6295741068180681,60.95599647410358,0.2719344611720337,-0.10449513686039136,0.00015748,0.10468783834231127,0.00081957,1,0.0
17519,0.1716867643530376,0.04378579474590415,-1.54e-06,0.48226107656787986,6.778191466412777,-28.678320816572498,1.0052136313683062,-20.288155180637265,0.12067054082980143,-44.789469464935905,-1.1573229341274334,70.18197265857748,0.6295741068180681,41.918350166828375,0.2719344611720337,-0.04877669551323869,0.00015748,0.048955523495106144,0.00081957,1,0.0
17520,0.5238528921136921,0.09540442435796875,-1.54e-06,0.48226107656787986,6.778191466412777,-56.73060336674551,1.0052136313683062,-0.46989473046964997,0.12067054082980143,-30.595227336490968,-1.1573229341274334,31.303594315332155,0.6295741068180681,81.88165239598993,0.2719344611720337,-0.07612802170807595,0.00015748,0.07624162938547555,0.00081957,1,0.0
17521,0.42089428894917363,0.024542234373290037,-1.54e-06,0.48226107656787986,6.778191466412777,-49.38492484737928,1.0052136313683062,49.31261813427487,0.12067054082980143,-50.288989900021356,-1.1573229341274334,-60.285997613260314,0.6295741068180681,71.71981593057254,0.2719344611720337,-0.0601718925279611,0.00015748,0.0605999981251485,0.00081957,1,0.0
17522,0.018642742376372937,0.07367912364916218,-1.54e-06,0.48226107656787986,6.778191466412777,-23.67257093005092,1.0052136313683062,-40.94567853332629,0.12067054082980143,-69.01986801038848,-1.1573229341274334,73.98913262516051,0.6295741068180681,35.40751786820263,0.2719344611720337,-0.07892670536632515,0.00015748,0.07885422770997505,0.00081957,1,0.0
17523,0.2882010075802364,0.06289635839109911,-1.54e-06,0.48226107656787986,6.778191466412777,-49.721924086156235,1.0052136313683062,-3.335840624217282,0.12067054082980143,-87.69699963677574,-1.1573229341274334,60.34115713441319,0.6295741068180681,72.88755932434265,0.2719344611720337,-0.04016961079779677,0.00015748,0.04093329585187688,0.00081957,1,0.0
17524,0.007798613057390241,0.020094820635771067,-1.54e-06,0.48226107656787986,6.778191466412777,-8.89023948220533,1.0052136313683062,47.89177707284396,0.12067054082980143,-54.89440887056466,-1.1573229341274334,18.190973162017197,0.6295741068180681,13.33085817595076,0.2719344611720337,-0.06123334173579282,0.00015748,0.06189695844632181,0.00081957,1,0.0
17525,0.5178919799694475,0.05418391623863983,-1.54e-06,0.48226107656787986,6.778191466412777,-58.79737122209829,1.0052136313683062,28.16063549127197,0.12067054082980143,-36.64782915220588,-1.1573229341274334,-91.77225047317945,0.6295741068180681,85.30445218986594,0.2719344611720337,-0.055423380476396444,0.00015748,0.055449913854749594,0.00081957,1,0.0
17526,0.4475670115154542,0.025030423597096577,-1.54e-06,0.48226107656787986,6.778191466412777,-63.10208399531764,1.0052136313683062,75.99851770165041,0.12067054082980143,-100.0,-1.1573229341274334,-83.57954631956015,0.6295741068180681,92.26600708889356,0.2719344611720337,-0.07557794037991761,0.00015748,0.07575867212054599,0.00081957,1,0.0
17527,0.009564067303885954,0.06343124730629969,-1.54e-06,0.48226107656787986,6.778191466412777,-19.87922375190624,1.0052136313683062,-39.383550619215725,0.12067054082980143,-45.51794020231963,-1.1573229341274334,-24.630780532287904,0.6295741068180681,29.966420034639555,0.2719344611720337,-0.07664569357386072,0.00015748,0.07667159059412168,0.00081957,1,0.0
17528,0.20562358061961244,0.058579951174899905,-1.54e-06,0.48226107656787986,6.778191466412777,-11.972238244610208,1.0052136313683062,67.5824766008926,0.12067054082980143,-12.274542046424468,-1.1573229341274334,44.30780118001212,0.6295741068180681,16.539091324216944,0.2719344611720337,-0.10276215066851808,0.00015748,0.10259432133308628,0.00081957,1,0.0
17529,0.4357971839475476,0.06485448273178053,-1.54e-06,0.48226107656787986,6.778191466412777,-51.829437980180586,1.0052136313683062,5.997542123567506,0.12067054082980143,-50.632684987866604,-1.1573229341274334,65.32983656217792,0.6295741068180681,75.03013112227417,0.2719344611720337,-0.05848409525304394,0.00015748,0.05888911128518808,0.00081957,1,0.0
17530,0.2708745984473277,0.06188828412720212,-1.54e-06,0.48226107656787986,6.778191466412777,-18.53715270185305,1.0052136313683062,72.41471618033293,0.12067054082980143,-18.798988527530938,-1.1573229341274334,63.537409989962434,0.6295741068180681,25.952282056276218,0.2719344611720337,-0.11073915462578729,0.00015748,0.11071863715740621,0.00081957,1,0.0
17531,0.0008027039113827164,0.015576802450184429,-1.54e-06,0.48226107656787986,6.778191466412777,-21.63405185383298,1.0052136313683062,-1.239710881136936,0.12067054082980143,-77.98288970461205,-1.1573229341274334,10.075252108034606,0.6295741068180681,32.59638032247924,0.2719344611720337,-0.033148176802947946,0.00015748,0.03312846916333545,0.00081957,1,0.0
17532,0.23608472464769942,0.015325491269399031,-1.54e-06,0.48226107656787986,6.778191466412777,-37.47097174127513,1.0052136313683062,64.42692646102797,0.12067054082980143,-91.97441147476387,-1.1573229341274334,45.40405894025083,0.6295741068180681,54.79441569814409,0.2719344611720337,-0.07057194946838262,0.00015748,0.0709723364900424,0.00081957,1,0.0
17533,0.2523903183295223,0.04269596984941296,-1.54e-06,0.48226107656787986,6.778191466412777,-18.306809046968922,1.0052136313683062,61.903883015895346,0.12067054082980143,-14.601982881315509,-1.1573229341274334,30.432630208622015,0.6295741068180681,25.824790261337135,0.2719344611720337,-0.0927632397193411,0.00015748,0.09353234790169022,0.00081957,1,0.0
17534,0.3856543222033604,0.045697878080416254,-1.54e-06,0.48226107656787986,6.778191466412777,-44.07698054516006,1.0052136313683062,88.19430845062129,0.12067054082980143,-66.0949330622838,-1.1573229341274334,-30.49722710543302,0.6295741068180681,63.89889597767971,0.2719344611720337,-0.10920629639264502,0.00015748,0.10985487708270276,0.00081957,1,0.0
17535,0.02120649292650522,0.0031540107002094994,-1.54e-06,0.48226107656787986,6.778191466412777,-19.95650691291228,1.0052136313683062,23.892388760405282,0.12067054082980143,-64.35161281179025,-1.1573229341274334,-82.25835985165726,0.6295741068180681,30.128050972388046,0.2719344611720337,-0.03193693253909176,0.00015748,0.0319618910555015,0.00081957,1,0.0
17536,0.5483544960386723,0.04962312574143308,-1.54e-06,0.48226107656787986,6.778191466412777,-58.94485784780117,1.0052136313683062,79.78224260573292,0.12067054082980143,-59.748588335562566,-1.1573229341274334,-34.79200920543978,0.6295741068180681,85.19551930809436,0.2719344611720337,-0.10585115744264528,0.00015748,0.1059534423394903,0.00081957,1,0.0
17537,0.03712274137755242,0.17941145604518632,-1.54e-06,0.48226107656787986,6.778191466412777,-27.95930155755591,1.0052136313683062,-75.53170903753576,0.12067054082980143,-51.714435932983776,-1.1573229341274334,3.891787743594233,0.6295741068180681,41.90510010744769,0.2719344611720337,-0.13183179582054735,0.00015748,0.13206277949642595,0.00081957,1,0.0
17538,0.16203006709597617,0.0545775657619215,-1.54e-06,0.48226107656787986,6.778191466412777,-27.05199407541444,1.0052136313683062,-28.983164531716294,0.12067054082980143,-30.26501585226046,-1.1573229341274334,14.406473765144973,0.6295741068180681,39.65586380701203,0.2719344611720337,-0.05908538244196336,0.00015748,0.059356278634969395,0.00081957,1,0.0
17539,-0.16755141360983705,0.4396890998435875,-1.54e-06,0.48226107656787986,6.778191466412777,5.583994742954785,1.0052136313683062,-86.4023749773427,0.12067054082980143,-8.284270964532752,-1.1573229341274334,95.66337816710991,0.6295741068180681,-7.446692482837924,0.2719344611720337,-0.1257204942099836,0.00015748,0.12683249420074966,0.00081957,1,0.0
17540,-0.054053509047063464,0.15039296914624614,-1.54e-06,0.48226107656787986,6.778191466412777,5.449570778017858,1.0052136313683062,45.89285651652619,0.12067054082980143,-9.820559805004658,-1.1573229341274334,-86.67058363729934,0.6295741068180681,-7.377504643068121,0.2719344611720337,-0.0636213837138047,0.00015748,0.07426687426078822,0.00081957,1,0.0
17541,0.27705565083630734,0.18938793198553933,-1.54e-06,0.48226107656787986,6.778191466412777,-53.351337493704754,1.0052136313683062,-49.8255327998971,0.12067054082980143,-71.62099292054283,-1.1573229341274334,-14.325166107204264,0.6295741068180681,78.5996943982322,0.2719344611720337,-0.10631250029122957,0.00015748,0.10707883764636561,0.00081957,1,0.0
17542,0.12657893018019475,0.16911196766184594,-1.54e-06,0.48226107656787986,6.778191466412777,-27.367199170090604,1.0052136313683062,-75.86645869251025,0.12067054082980143,-20.944823038161662,-1.1573229341274334,15.976434309037414,0.6295741068180681,40.368508784880426,0.2719344611720337,-0.12634791780019577,0.00015748,0.12649964537774433,0.00081957,1,0.0
17543,-0.0711822877419028,0.1786418089577672,-1.54e-06,0.48226107656787986,6.778191466412777,9.362114627010543,1.0052136313683062,33.29895350307688,0.12067054082980143,-4.393330109944324,-1.1573229341274334,-30.415597760966506,0.6295741068180681,-13.005717817227925,0.2719344611720337,-0.043494431045634156,0.00015748,0.06463182076087877,0.00081957,1,0.0
17544,0.17727813484375277,0.06995596021317756,-1.54e-06,0.48226107656787986,6.778191466412777,-33.81190818553331,1.0052136313683062,-28.942824599871077,0.12067054082980143,-59.86993849474913,-1.1573229341274334,90.23443903297512,0.6295741068180681,49.56891022875467,0.2719344611720337,-0.06385165022116246,0.00015748,0.06369252440933654,0.00081957,1,0.0
17545,0.2518905274940471,0.020738459743672943,-1.54e-06,0.48226107656787986,6.778191466412777,-24.048174651943924,1.0052136313683062,0.1720548786416321,0.12067054082980143,-10.916775140540201,-1.1573229341274334,69.08557876194313,0.6295741068180681,34.39575110013184,0.2719344611720337,-0.04313208971837267,0.00015748,0.04365349659731287,0.00081957,1,0.0
17546,0.02523306601528603,0.0004955943990236269,-1.54e-06,0.48226107656787986,6.778191466412777,-8.995126036063665,1.0052136313683062,13.898598406229967,0.12067054082980143,-42.03003296460297,-1.1573229341274334,83.38311659319089,0.6295741068180681,13.212999928654721,0.2719344611720337,-0.014004640877452613,0.00015748,0.014118973672276672,0.00081957,1,0.0
17547,0.3752505779027497,0.04844849076898358,-1.54e-06,0.48226107656787986,6.778191466412777,-50.3468147420547,1.0052136313683062,10.38410282528813,0.12067054082980143,-60.85558537167951,-1.1573229341274334,15.288272249318634,0.6295741068180681,73.31251201016758,0.2719344611720337,-0.0396715113244341,0.00015748,0.03980997103660966,0.00081957,1,0.0
17548,0.034926044063956045,0.004569645475355659,-1.54e-06,0.48226107656787986,6.778191466412777,-17.073361399325865,1.0052136313683062,35.743441952373146,0.12067054082980143,-56.639686381394974,-1.1573229341274334,-71.43505200714655,0.6295741068180681,25.665555384694166,0.2719344611720337,-0.04136713976511412,0.00015748,0.041513519788310096,0.00081957,1,0.0
17549,0.055895471716094575,0.012508347753815357,-1.54e-06,0.48226107656787986,6.778191466412777,-26.932291955671076,1.0052136313683062,8.947957907142705,0.12067054082980143,-71.36805553444222,-1.1573229341274334,-75.43771722296498,0.6295741068180681,40.39338302436298,0.2719344611720337,-0.027423847258208404,0.00015748,0.027419749834287205,0.00081957,1,0.0
17550,0.2034473882960254,0.007415913601314557,-1.54e-06,0.48226107656787986,6.778191466412777,-35.02969378443633,1.0052136313683062,30.619127352409254,0.12067054082980143,-83.07449037670608,-1.1573229341274334,82.41932461908101,0.6295741068180681,51.25144107255881,0.2719344611720337,-0.026938471073485844,0.00015748,0.02712625963391337,0.00081957,1,0.0
17551,0.5635100109999969,0.061830353998424625,-1.54e-06,0.48226107656787986,6.778191466412777,-53.697956743292146,1.0052136313683062,76.81799139073708,0.12067054082980143,-41.858431999096126,-1.1573229341274334,17.088343467980163,0.6295741068180681,77.12010815312945,0.2719344611720337,-0.11498757470367552,0.00015748,0.11713716002219479,0.00081957,1,0.0
17552,0.2239480387183308,0.01503562907796021,-1.54e-06,0.48226107656787986,6.778191466412777,-35.11987341659378,1.0052136313683062,15.546638842691642,0.12067054082980143,-61.828675321926234,-1.1573229341274334,29.448109944825145,0.6295741068180681,51.36060075416098,0.2719344611720337,-0.017031928533508038,0.00015748,0.017185791765467473,0.00081957,1,0.0
17553,0.06208732442130004,0.003205675978130613,-1.54e-06,0.48226107656787986,6.778191466412777,-14.03797022241254,1.0052136313683062,29.957294085525938,0.12067054082980143,-35.24580968375216,-1.1573229341274334,-61.34666891412115,0.6295741068180681,20.88363993536003,0.2719344611720337,-0.03277482001940117,0.00015748,0.03308190383118019,0.00081957,1,0.0
17554,0.1345518599748482,0.0038344544414435195,-1.54e-06,0.48226107656787986,6.778191466412777,-15.594105356020139,1.0052136313683062,6.330970610661778,0.12067054082980143,-5.7943813440810725,-1.1573229341274334,-55.322847256884295,0.6295741068180681,22.71007624497327,0.2719344611720337,-0.011264994986278878,0.00015748,0.011242955512137068,0.00081957,1,0.0
17555,0.034310686339020555,0.03981167616007245,-1.54e-06,0.48226107656787986,6.778191466412777,2.0954491328730454,1.0052136313683062,47.83897326844107,0.12067054082980143,-11.925630457719866,-1.1573229341274334,56.54373037052585,0.6295741068180681,-3.5069037097315734,0.2719344611720337,-0.0729613430579123,0.00015748,0.07341358293203051,0.00081957,1,0.0
17556,-0.22394642526406436,0.5168024789438621,-1.54e-06,0.48226107656787986,6.778191466412777,-2.0038560303139055,1.0052136313683062,-51.320453507054026,0.12067054082980143,-62.834456269019576,-1.1573229341274334,35.835376428047866,0.6295741068180681,4.4577140297872075,0.2719344611720337,-0.10078779049091022,0.00015748,0.09977197385050449,0.00081957,1,0.0
17557,0.5353717478339567,0.05774628019748091,-1.54e-06,0.48226107656787986,6.778191466412777,-52.6821442835142,1.0052136313683062,30.526494760176302,0.12067054082980143,-30.854368560497697,-1.1573229341274334,57.83781730229204,0.6295741068180681,75.63694117721617,0.2719344611720337,-0.08198991351894941,0.00015748,0.08200017140122204,0.00081957,1,0.0
17558,0.3307990054704173,0.10239254998450827,-1.54e-06,0.48226107656787986,6.778191466412777,-43.23019269465021,1.0052136313683062,-30.620725936564625,0.12067054082980143,-34.798275077778676,-1.1573229341274334,45.55416694424912,0.6295741068180681,62.81713632991491,0.2719344611720337,-0.07771225458858158,0.00015748,0.07771864292149663,0.00081957,1,0.0
17559,0.05093097967709432,0.00961710905347763,-1.54e-06,0.48226107656787986,6.778191466412777,-4.125534963663756,1.0052136313683062,27.627956014385273,0.12067054082980143,-22.76380399649073,-1.1573229341274334,84.8413898599063,0.6295741068180681,5.691755241459167,0.2719344611720337,-0.04114398497598674,0.00015748,0.04133708996037771,0.00081957,1,0.0
17560,0.19255299351308255,0.01195043774185621,-1.54e-06,0.48226107656787986,6.778191466412777,-26.371678286527132,1.0052136313683062,50.75970850512085,0.12067054082980143,-54.332232163944674,-1.1573229341274334,2.4979866116131912,0.6295741068180681,38.44537563581621,0.2719344611720337,-0.05888112437169083,0.00015748,0.05913393422355081,0.00081957,1,0.0
17561,0.1879980307935431,0.03959405572281784,-1.54e-06,0.48226107656787986,6.778191466412777,-19.198616953360293,1.0052136313683062,69.74174359918011,0.12067054082980143,-29.68230060581512,-1.1573229341274334,-66.84201097662145,0.6295741068180681,27.811438345875068,0.2719344611720337,-0.09044246511401267,0.00015748,0.09073761557564321,0.00081957,1,0.0
17562,0.004732988828352956,0.00016312055819277856,-1.54e-06,0.48226107656787986,6.778191466412777,-1.6160471383162238,1.0052136313683062,2.6824352688136464,0.12067054082980143,-17.665525260432215,-1.1573229341274334,87.39609319533567,0.6295741068180681,2.2147441232539364,0.2719344611720337,-0.007425426136331374,0.00015748,0.007431593966851842,0.00081957,1,0.0
17563,0.16183722004090614,0.03233049901510785,-1.54e-06,0.48226107656787986,6.778191466412777,-22.89373204391489,1.0052136313683062,-19.240802383867305,0.12067054082980143,-13.437488425764506,-1.1573229341274334,-33.84876588288075,0.6295741068180681,33.497111115776654,0.2719344611720337,-0.04275871913556682,0.00015748,0.04324885151404048,0.00081957,1,0.0
17564,0.5089866663135181,0.041366320741516416,-1.54e-06,0.48226107656787986,6.778191466412777,-54.70901529996282,1.0052136313683062,51.70257928175349,0.12067054082980143,-51.10546775108635,-1.1573229341274334,13.964326670646146,0.6295741068180681,78.97050553882106,0.2719344611720337,-0.08015079024026679,0.00015748,0.08016910015470562,0.00081957,1,0.0
17565,0.4391173243149556,0.10074902043689407,-1.54e-06,0.48226107656787986,6.778191466412777,-56.7342783929798,1.0052136313683062,-10.497767937278931,0.12067054082980143,-36.73518178695628,-1.1573229341274334,-95.0363253462701,0.6295741068180681,82.74448431473787,0.2719344611720337,-0.061057375324681744,0.00015748,0.06116826913020736,0.00081957,1,0.0
17566,0.10959992522730017,0.027926114908402536,-1.54e-06,0.48226107656787986,6.778191466412777,-27.005824698567306,1.0052136313683062,-10.134974641411194,0.12067054082980143,-50.62655451328878,-1.1573229341274334,-30.19543107780979,0.6295741068180681,40.03693995119021,0.2719344611720337,-0.03460938244186924,0.00015748,0.03461987270438644,0.00081957,1,0.0
17567,0.5944653734838997,0.12274821968405115,-1.54e-06,0.48226107656787986,6.778191466412777,-61.222401180557746,1.0052136313683062,-3.3598968235488673,0.12067054082980143,-23.817930142962357,-1.1573229341274334,48.23078281784911,0.6295741068180681,88.12946247664175,0.2719344611720337,-0.09172382552793276,0.00015748,0.09171034086712068,0.00081957,1,0.0
17568,0.07326521453357597,0.004648533831863747,-1.54e-06,0.48226107656787986,6.778191466412777,-17.589007454513055,1.0052136313683062,5.210931895625003,0.12067054082980143,-33.249213983635585,-1.1573229341274334,-53.99464148554644,0.6295741068180681,26.13763376626236,0.2719344611720337,-0.00932448406651231,0.00015748,0.009322758618585905,0.00081957,1,0.0
17569,0.1638160970665017,0.004643814157522802,-1.54e-06,0.48226107656787986,6.778191466412777,-35.193758728111234,1.0052136313683062,34.4165370256825,0.12067054082980143,-78.08235146330523,-1.1573229341274334,-66.48027150261403,0.6295741068180681,52.089619919063935,0.2719344611720337,-0.025196864262311353,0.00015748,0.025181873821206416,0.00081957,1,0.0
17570,0.30653993298530535,0.14584664295226932,-1.54e-06,0.48226107656787986,6.778191466412777,-47.33129637099656,1.0052136313683062,-43.46123357787327,0.12067054082980143,-52.60239061727586,-1.1573229341274334,53.67643838526695,0.6295741068180681,69.15149534012653,0.2719344611720337,-0.09439195021537353,0.00015748,0.09442249129600414,0.00081957,1,0.0
17571,0.07988075933693638,0.012663977656790308,-1.54e-06,0.48226107656787986,6.778191466412777,-21.442448031646617,1.0052136313683062,53.18523273883936,0.12067054082980143,-82.66524383617536,-1.1573229341274334,51.524835336413446,0.6295741068180681,31.675891484520445,0.2719344611720337,-0.06079286892834476,0.00015748,0.0608668498653996,0.00081957,1,0.0
17572,0.23538503308114295,0.029481578711194795,-1.54e-06,0.48226107656787986,6.778191466412777,-46.61618880115442,1.0052136313683062,15.406758309965031,0.12067054082980143,-81.30021710346278,-1.1573229341274334,-97.96972168466279,0.6295741068180681,68.89519182009099,0.2719344611720337,-0.011617207285115269,0.00015748,0.011767841684965263,0.00081957,1,0.0
17573,0.3456804659246517,0.025237650431445116,-1.54e-06,0.48226107656787986,6.778191466412777,-39.59120492176924,1.0052136313683062,18.674726012817608,0.12067054082980143,-30.06839966025301,-1.1573229341274334,-29.406549506008464,0.6295741068180681,57.3875865925651,0.2719344611720337,-0.03931204508443711,0.00015748,0.03922663824087099,0.00081957,1,0.0
17574,-0.018865896745922088,0.2583600848462643,-1.54e-06,0.48226107656787986,6.778191466412777,14.65871931732841,1.0052136313683062,30.735098470085358,0.12067054082980143,-0.011729545257982714,-1.1573229341274334,-83.30926450860174,0.6295741068180681,-10.346963209328923,0.2719344611720337,-0.0029953077025823283,0.00015748,0.4376632325556435,0.00081957,1,0.0
17575,0.5456514527891992,0.05115008265085305,-1.54e-06,0.48226107656787986,6.778191466412777,-55.02132733607989,1.0052136313683062,61.011807195268005,0.12067054082980143,-49.49919237345418,-1.1573229341274334,50.71873303352046,0.6295741068180681,79.1165208362834,0.2719344611720337,-0.09843914143757483,0.00015748,0.09872734814637442,0.00081957,1,0.0
17576,0.1030249683208168,0.005572147217607488,-1.54e-06,0.48226107656787986,6.778191466412777,-13.869953538115965,1.0052136313683062,28.823740430935473,0.12067054082980143,-40.64731450385138,-1.1573229341274334,84.13213604272946,0.6295741068180681,20.052927978517747,0.2719344611720337,-0.036604369471888686,0.00015748,0.037683039543652465,0.00081957,1,0.0
17577,0.19232829557706038,0.13778507521959568,-1.54e-06,0.48226107656787986,6.778191466412777,-40.91728595613677,1.0052136313683062,-48.01661492353922,0.12067054082980143,-54.88468647995128,-1.1573229341274334,-25.949076543838697,0.6295741068180681,60.444978020204786,0.2719344611720337,-0.09637438325432962,0.00015748,0.09667922857145675,0.00081957,1,0.0
17578,0.45656542333529637,0.06525473575990627,-1.54e-06,0.48226107656787986,6.778191466412777,-37.30516700477793,1.0052136313683062,80.04681304317324,0.12067054082980143,-16.874118759551834,-1.1573229341274334,-9.608303637452067,0.6295741068180681,53.1407568905492,0.2719344611720337,-0.12147715621955751,0.00015748,0.12163113991599342,0.00081957,1,0.0
17579,0.2521137506495381,0.01165844846790513,-1.54e-06,0.48226107656787986,6.778191466412777,-30.07890017040916,1.0052136313683062,25.502715903328163,0.12067054082980143,-46.3308174936102,-1.1573229341274334,81.37359514173923,0.6295741068180681,43.454104469973664,0.2719344611720337,-0.04059046119091268,0.00015748,0.040815951364296665,0.00081957,1,0.0
17580,0.0424297269051966,0.3498396599879158,-1.54e-06,0.48226107656787986,6.778191466412777,-2.693189296235587,1.0052136313683062,53.15837143433339,0.12067054082980143,-94.36448098084524,-1.1573229341274334,43.77036553233742,0.6295741068180681,21.624029859272692,0.2719344611720337,-0.00380443685484666,0.00015748,0.6853488460953437,0.00081957,1,0.0
17581,0.007468709419673605,0.03244824234183426,-1.54e-06,0.48226107656787986,6.778191466412777,-27.98132046188561,1.0052136313683062,-6.712318792773874,0.12067054082980143,-90.37556169902855,-1.1573229341274334,-29.066497282192625,0.6295741068180681,42.21065304705833,0.2719344611720337,-0.049023806685844204,0.00015748,0.049131753451345433,0.00081957,1,0.0
17582,0.366494885506402,0.029815498923084008,-1.54e-06,0.48226107656787986,6.778191466412777,-33.475311705774594,1.0052136313683062,47.62669226140996,0.12067054082980143,-32.36454203742748,-1.1573229341274334,94.05739651582117,0.6295741068180681,47.763455425756376,0.2719344611720337,-0.08151528479444894,0.00015748,0.08181302696684231,0.00081957,1,0.0
17583,0.11839316229142621,0.002067032557986824,-1.54e-06,0.48226107656787986,6.778191466412777,-20.115893301414832,1.0052136313683062,25.734485430907714,0.12067054082980143,-45.53237248144826,-1.1573229341274334,7.260735151635552,0.6295741068180681,29.509614837984724,0.2719344611720337,-0.024384131061437324,0.00015748,0.024569462943804327,0.00081957,1,0.0
17584,0.17049358754369287,0.012138923155327464,-1.54e-06,0.48226107656787986,6.778191466412777,-24.94269827193143,1.0052136313683062,52.99075597786511,0.12067054082980143,-48.673179174930226,-1.1573229341274334,-62.48048124847035,0.6295741068180681,36.58318908471343,0.2719344611720337,-0.05975018311080114,0.00015748,0.05999593672714033,0.00081957,1,0.0
17585,0.1344440475329265,0.19393190330874327,-1.54e-06,0.48226107656787986,6.778191466412777,-44.95834027056492,1.0052136313683062,-59.72305783058527,0.12067054082980143,-85.42882659512749,-1.1573229341274334,-10.073386861968471,0.6295741068180681,66.90024499074927,0.2719344611720337,-0.1201939839861497,0.00015748,0.12040927364283355,0.00081957,1,0.0
17586,0.12356658436353503,0.004927178066181138,-1.54e-06,0.48226107656787986,6.778191466412777,-20.61118067687716,1.0052136313683062,39.42638175457338,0.12067054082980143,-37.45419110184789,-1.1573229341274334,-98.16575736226235,0.6295741068180681,30.446031337617264,0.2719344611720337,-0.041847081180503995,0.00015748,0.04188292284389192,0.00081957,1,0.0
17587,0.17776039158357443,0.17830536585335371,-1.54e-06,0.48226107656787986,6.778191466412777,-38.66254377070678,1.0052136313683062,-64.83078543086626,0.12067054082980143,-51.11642974826316,-1.1573229341274334,27.77916499197288,0.6295741068180681,57.03124102969275,0.2719344611720337,-0.11821387867635011,0.00015748,0.11863064278829116,0.00081957,1,0.0
17588,0.03804511439269166,0.02775341860224684,-1.54e-06,0.48226107656787986,6.778191466412777,-16.858263337344653,1.0052136313683062,63.614861517661495,0.12067054082980143,-82.89698359943407,-1.1573229341274334,33.51941333719378,0.6295741068180681,25.093981103249995,0.2719344611720337,-0.07828713950542632,0.00015748,0.07851967192800843,0.00081957,1,0.0
17589,0.17608301281037647,0.008640742284137195,-1.54e-06,0.48226107656787986,6.778191466412777,-33.74049817004803,1.0052136313683062,21.369481989647927,0.12067054082980143,-72.25926901829882,-1.1573229341274334,3.890062280083122,0.6295741068180681,49.66065893063122,0.2719344611720337,-0.008916831555094606,0.00015748,0.008895441805109799,0.00081957,1,0.0
17590,0.3290293029085787,0.015139648490402322,-1.54e-06,0.48226107656787986,6.778191466412777,-40.71126770900872,1.0052136313683062,47.132685915637175,0.12067054082980143,-54.760910041500296,-1.1573229341274334,-19.897322426218924,0.6295741068180681,59.17539706702827,0.2719344611720337,-0.05495581135683019,0.00015748,0.05505516767650385,0.00081957,1,0.0
17591,0.2003000880269054,0.022585802957180937,-1.54e-06,0.48226107656787986,6.778191466412777,-34.63693045313688,1.0052136313683062,73.6773469322248,0.12067054082980143,-95.18986875026246,-1.1573229341274334,23.04996570677761,0.6295741068180681,50.80183156994463,0.2719344611720337,-0.0832962789176482,0.00015748,0.08318213834605882,0.00081957,1,0.0
17592,0.36670602156195653,0.046794715833802854,-1.54e-06,0.48226107656787986,6.778191466412777,-36.34000298908931,1.0052136313683062,-1.8997453517362137,0.12067054082980143,-17.635574641165313,-1.1573229341274334,86.41728366440455,0.6295741068180681,52.108275236749265,0.2719344611720337,-0.06137606843474316,0.00015748,0.06204204521273065,0.00081957,1,0.0
17593,0.4976477055803764,0.04658246688749339,-1.54e-06,0.48226107656787986,6.778191466412777,-49.67487372293774,1.0052136313683062,39.54367711798883,0.12067054082980143,-42.20917646650145,-1.1573229341274334,94.11164606919257,0.6295741068180681,71.28137361175365,0.2719344611720337,-0.08331098850130372,0.00015748,0.08327292990428647,0.00081957,1,0.0
17594,0.009657824511732666,0.014429929504606623,-1.54e-06,0.48226107656787986,6.778191466412777,1.6224914281293088,1.0052136313683062,29.605319474421243,0.12067054082980143,-0.36548178014925736,-1.1573229341274334,-34.80141783581838,0.6295741068180681,-2.436494814804431,0.2719344611720337,-0.043391132071367924,0.00015748,0.04343142761852223,0.00081957,1,0.0
17595,0.052042309366092984,0.046730986164108965,-1.54e-06,0.48226107656787986,6.778191466412777,-14.290549435374581,1.0052136313683062,74.225150743313,0.12067054082980143,-56.94398421418536,-1.1573229341274334,-89.72541165182746,0.6295741068180681,21.39893408744892,0.2719344611720337,-0.0948787586848372,0.00015748,0.0953244595012544,0.00081957,1,0.0
17596,-0.008834740638221802,0.030592830871429222,-1.54e-06,0.48226107656787986,6.778191466412777,-9.991646716193024,1.0052136313683062,38.72103378153814,0.12067054082980143,-65.84455267733217,-1.1573229341274334,56.52360923363502,0.6295741068180681,15.150405185827156,0.2719344611720337,-0.045462581196464846,0.00015748,0.05096651061671957,0.00081957,1,0.0
17597,0.018366101654994388,0.09906945786217428,-1.54e-06,0.48226107656787986,6.778191466412777,-20.776651049575644,1.0052136313683062,-56.68113089205597,0.12067054082980143,-53.875587910244825,-1.1573229341274334,93.66380119394871,0.6295741068180681,30.99318257273861,0.2719344611720337,-0.09740121040862222,0.00015748,0.09708475348096003,0.00081957,1,0.0
17598,0.017701559166554574,0.00307294168589165,-1.54e-06,0.48226107656787986,6.778191466412777,-4.662340181508443,1.0052136313683062,-7.825567685862925,0.12067054082980143,-0.14805118324120786,-1.1573229341274334,-48.670646068436156,0.6295741068180681,7.010588604629001,0.2719344611720337,-0.015892688621902004,0.00015748,0.015732161524804673,0.00081957,1,0.0
17599,0.0076890254925520984,0.21588364093627208,-1.54e-06,0.48226107656787986,6.778191466412777,-33.884241098671,1.0052136313683062,-75.60121459418896,0.12067054082980143,-73.28453152468018,-1.1573229341274334,-63.57317360950579,0.6295741068180681,51.154615708978326,0.2719344611720337,-0.1440725534155882,0.00015748,0.1429982340416742,0.00081957,1,0.0
17600,0.4308795816260527,0.024408425265490027,-1.54e-06,1.600149459561681,3.485910062937601,-48.90689409520948,1.0052136313683062,6.469905196325755,0.12067054082980143,-56.31448574488935,-1.1573229341274334,18.944543797297055,0.6295741068180681,60.53152044614997,0.2719344611720337,-0.07159214925751232,0.00015748,0.0716607011615855,0.00081957,1,0.0
17601,0.9046439650898366,0.1772273432772311,-1.54e-06,1.600149459561681,3.485910062937601,-61.752638670622915,1.0052136313683062,17.090264362156837,0.12067054082980143,-70.3124598026556,-1.1573229341274334,-59.09094909336569,0.6295741068180681,92.70420163160647,0.2719344611720337,-0.26000799138849107,0.00015748,0.26051389877808073,0.00081957,1,0.0
17602,0.0005072829273727588,0.004093913720266746,-1.54e-06,1.600149459561681,3.485910062937601,-23.007174977562766,1.0052136313683062,-0.18497661932221549,0.12067054082980143,-34.00558706768419,-1.1573229341274334,54.91118348886106,0.6295741068180681,22.323530635241767,0.2719344611720337,-0.037560425773814854,0.00015748,0.03755564154021912,0.00081957,1,0.0
17603,2.3486396643290774e-05,0.04270801146672219,-1.54e-06,1.600149459561681,3.485910062937601,74.36655985159881,1.0052136313683062,18.08857198112492,0.12067054082980143,-58.21242459685564,-1.1573229341274334,50.39267184473538,0.6295741068180681,-21.45154658590453,0.2719344611720337,0.41123845064911246,0.00015748,0.651426603632749,0.00081957,0,0.0
17604,0.9192770984121003,0.26213498850056577,-1.54e-06,1.600149459561681,3.485910062937601,38.391984061014305,1.0052136313683062,32.283545644042064,0.12067054082980143,-87.63441690413693,-1.1573229341274334,-37.36816004429273,0.6295741068180681,41.764273098318064,0.2719344611720337,0.35077033784524364,0.00015748,0.8699073241821473,0.00081957,0,0.0
17605,0.7144565470407891,0.06770571338959942,-1.54e-06,1.600149459561681,3.485910062937601,-53.590375443720966,1.0052136313683062,8.216971470539729,0.12067054082980143,-42.61193524101704,-1.1573229341274334,-33.5833882781444,0.6295741068180681,69.68450689332046,0.2719344611720337,-0.10520298045276899,0.00015748,0.10526088083905016,0.00081957,1,0.0
17606,0.287145445476983,0.10033132656501739,-1.54e-06,1.600149459561681,3.485910062937601,72.30213764571499,1.0052136313683062,20.51586381571868,0.12067054082980143,-37.39779782126933,-1.1573229341274334,-9.201602759719432,0.6295741068180681,-17.48837698218408,0.2719344611720337,0.40386902764468674,0.00015748,0.656358522585661,0.00081957,0,0.0
17607,0.6133700378288377,0.0485927461253552,-1.54e-06,1.600149459561681,3.485910062937601,-38.695181354010884,1.0052136313683062,4.371707304246811,0.12067054082980143,-13.667120059891255,-1.1573229341274334,-45.2490445766496,0.6295741068180681,47.30203459637394,0.2719344611720337,-0.045385192081534194,0.00015748,0.045401204943483216,0.00081957,1,0.0
17608,0.23876757860943387,0.01025658701939919,-1.54e-06,1.600149459561681,3.485910062937601,-24.556354895567434,1.0052136313683062,4.509394268707936,0.12067054082980143,-31.260350287610173,-1.1573229341274334,4.058455000912059,0.6295741068180681,32.751802920027686,0.2719344611720337,-0.05983379349140982,0.00015748,0.05978659670325397,0.00081957,1,0.0
17609,0.0007724548372222643,0.010237495224019767,-1.54e-06,1.600149459561681,3.485910062937601,-40.93389866941074,1.0052136313683062,0.31226224496407223,0.12067054082980143,-63.20680563569708,-1.1573229341274334,97.5616703981044,0.6295741068180681,40.87731167634354,0.2719344611720337,-0.05580445536554433,0.00015748,0.056093505474374784,0.00081957,1,0.0
17610,0.34791381825797557,0.10695674921325421,-1.54e-06,1.600149459561681,3.485910062937601,41.06698222836335,1.0052136313683062,20.49165148269026,0.12067054082980143,-74.43338888263722,-1.1573229341274334,44.79778076578935,0.6295741068180681,12.104231596225514,0.2719344611720337,0.4304064266778699,0.00015748,0.5968903168130585,0.00081957,0,0.0
17611,0.23013089828475908,0.07300257183689685,-1.54e-06,1.600149459561681,3.485910062937601,2.5328942278584896,1.0052136313683062,9.462185186680054,0.12067054082980143,-11.51661063879067,-1.1573229341274334,-60.229008840995746,0.6295741068180681,14.78268309881206,0.2719344611720337,-0.18778075245494097,0.00015748,0.18881000478458076,0.00081957,1,0.0
17612,0.5900802976360009,0.24729379151479,-1.54e-06,1.600149459561681,3.485910062937601,-32.581315806977145,1.0052136313683062,19.698578403871558,0.12067054082980143,-70.81839704256974,-1.1573229341274334,-59.99091389279583,0.6295741068180681,69.01495097338773,0.2719344611720337,-0.3491008052549347,0.00015748,0.35010727995703683,0.00081957,1,0.0
17613,0.8730797960216814,0.33866261286950095,-1.54e-06,1.600149459561681,3.485910062937601,5.979312992313606,1.0052136313683062,26.135241562645046,0.12067054082980143,-81.31513898344078,-1.1573229341274334,-32.17988517807354,0.6295741068180681,55.538063394833976,0.2719344611720337,0.19549126732528693,0.00015748,0.6413954004136377,0.00081957,0,0.0
17614,0.1290084573014793,0.042972735800081756,-1.54e-06,1.600149459561681,3.485910062937601,-45.296380658549886,1.0052136313683062,-3.874360420249594,0.12067054082980143,-44.398815096597716,-1.1573229341274334,80.39492585878807,0.6295741068180681,41.53729854488485,0.2719344611720337,-0.10729039643095073,0.00015748,0.1079898975171345,0.00081957,1,0.0
17615,0.30249991850320557,0.09104873416522202,-1.54e-06,1.600149459561681,3.485910062937601,59.33224976492831,1.0052136313683062,23.433792748697005,0.12067054082980143,-68.38422314861626,-1.1573229341274334,21.655744347910996,0.6295741068180681,0.27695190706005507,0.2719344611720337,0.3926651029971726,0.00015748,0.6865998502227857,0.00081957,0,0.0
17616,0.25624603086802333,0.010231024805757537,-1.54e-06,1.600149459561681,3.485910062937601,-53.332805215842576,1.0052136313683062,4.042848353658537,0.12067054082980143,-70.93163254361603,-1.1573229341274334,69.19019232855175,0.6295741068180681,60.16258367274377,0.2719344611720337,-0.035403458059127424,0.00015748,0.03570798547100901,0.00081957,1,0.0
17617,0.08908878402559717,0.005741371572930115,-1.54e-06,1.600149459561681,3.485910062937601,-9.189016173835599,1.0052136313683062,3.348520537368992,0.12067054082980143,-18.410924906894156,-1.1573229341274334,1.032746828224927,0.6295741068180681,15.090312768189152,0.2719344611720337,-0.05331445873670454,0.00015748,0.05338965832137714,0.00081957,1,0.0
17618,0.046434813469347413,0.050546801843488746,-1.54e-06,1.600149459561681,3.485910062937601,59.427017719383336,1.0052136313683062,17.96946303212749,0.12067054082980143,-66.54487058780653,-1.1573229341274334,66.47655569390923,0.6295741068180681,-11.145544245764935,0.2719344611720337,0.4431610929722973,0.00015748,0.5740275093247701,0.00081957,0,0.0
17619,0.1878330241379625,0.016792279795367047,-1.54e-06,1.600149459561681,3.485910062937601,-43.09378371972925,1.0052136313683062,7.122103979597918,0.12067054082980143,-75.13566249187052,-1.1573229341274334,58.79908890383257,0.6295741068180681,55.39347317946357,0.2719344611720337,-0.08733052381344025,0.00015748,0.08750911311059062,0.00081957,1,0.0
17620,0.00911700089592965,0.0014844328481421246,-1.54e-06,1.600149459561681,3.485910062937601,-21.479725224336956,1.0052136313683062,1.3172810373637212,0.12067054082980143,-36.51276664319524,-1.1573229341274334,48.89230162376991,0.6295741068180681,23.163729223356405,0.2719344611720337,-0.019749568478633756,0.00015748,0.01975919448588843,0.00081957,1,0.0
17621,0.5969504357625569,0.04993203556250268,-1.54e-06,1.600149459561681,3.485910062937601,-26.42459598277936,1.0052136313683062,5.271610986924492,0.12067054082980143,-1.1461493725434506,-1.1573229341274334,-71.33341856436819,0.6295741068180681,37.24623292201323,0.2719344611720337,-0.07997010545264495,0.00015748,0.0799577276604234,0.00081957,1,0.0
17622,0.36548509738046625,0.07762658670103002,-1.54e-06,1.600149459561681,3.485910062937601,-4.665858762589529,1.0052136313683062,10.02667443112717,0.12067054082980143,-10.642403186591386,-1.1573229341274334,-73.50636795212522,0.6295741068180681,23.091583819837762,0.2719344611720337,-0.19177151998576877,0.00015748,0.19168197604474077,0.00081957,1,0.0
17623,0.5133476056623427,0.15555607889871342,-1.54e-06,1.600149459561681,3.485910062937601,28.863016948805715,1.0052136313683062,20.258144855766826,0.12067054082980143,-74.12500184941472,-1.1573229341274334,34.89406692098681,0.6295741068180681,23.98844212932629,0.2719344611720337,0.43880440655100117,0.00015748,0.5776114954265487,0.00081957,0,0.0
17624,0.00044137380905617807,0.050110742736145936,-1.54e-06,1.600149459561681,3.485910062937601,99.0690687389936,1.0052136313683062,17.20817602505283,0.12067054082980143,-19.15515768998512,-1.1573229341274334,-4.970622462158971,0.6295741068180681,-46.64608425761702,0.2719344611720337,0.3937774075165823,0.00015748,0.6847803358067985,0.00081957,0,0.0
17625,0.2557698237651147,0.09770076433413419,-1.54e-06,1.600149459561681,3.485910062937601,89.34086635086562,1.0052136313683062,20.848361703237494,0.12067054082980143,-19.505749031453146,-1.1573229341274334,-36.98541058484556,0.6295741068180681,-32.68585589439053,0.2719344611720337,0.3893302710810937,0.00015748,0.6989089349461128,0.00081957,0,0.0
17626,0.002169170252427688,0.07023347266177783,-1.54e-06,1.600149459561681,3.485910062937601,70.79976379592743,1.0052136313683062,12.083695356522488,0.12067054082980143,-29.96066901372952,-1.1573229341274334,51.15271183030359,0.6295741068180681,-32.65851404166642,0.2719344611720337,0.44200884538787666,0.00015748,0.5751187700885788,0.00081957,0,0.0
17627,0.2069062370097121,0.06441198716675516,-1.54e-06,1.600149459561681,3.485910062937601,68.91626755439364,1.0052136313683062,25.695976948067187,0.12067054082980143,-80.13502282297804,-1.1573229341274334,31.39225906153584,0.6295741068180681,-2.9079816862692947,0.2719344611720337,0.37137846625643983,0.00015748,0.7645158523126148,0.00081957,0,0.0
17628,0.30993459554552993,0.1907513165990083,-1.54e-06,1.600149459561681,3.485910062937601,-10.088830584117161,1.0052136313683062,16.814757141722737,0.12067054082980143,-50.56151277695088,-1.1573229341274334,-50.15838377126772,0.6295741068180681,38.942375602135485,0.2719344611720337,-0.30410529931079744,0.00015748,0.30482338566680467,0.00081957,1,0.0
17629,0.1859502921374569,0.09933417689995788,-1.54e-06,1.600149459561681,3.485910062937601,76.19811593337354,1.0052136313683062,15.101640962163337,0.12067054082980143,-14.367930827946456,-1.1573229341274334,-4.5906198605194986,0.6295741068180681,-32.67184799138531,0.2719344611720337,0.4486589504444725,0.00015748,0.5636217194940435,0.00081957,0,0.0
17630,0.8504479916634562,0.1297618204912543,-1.54e-06,1.600149459561681,3.485910062937601,-57.5331610275569,1.0052136313683062,13.811895501601239,0.12067054082980143,-56.75759747633486,-1.1573229341274334,-56.174573264141415,0.6295741068180681,83.16591793097774,0.2719344611720337,-0.20533801968385104,0.00015748,0.20549028920504667,0.00081957,1,0.0
17631,0.6607152441044554,0.18870265574385886,-1.54e-06,1.600149459561681,3.485910062937601,74.54332479435826,1.0052136313683062,29.67089517027987,0.12067054082980143,-51.23989075202089,-1.1573229341274334,-63.34771891248497,0.6295741068180681,2.2606965718253442,0.2719344611720337,0.3488926651036798,0.00015748,0.8821787648226828,0.00081957,0,0.0
17632,0.20199008413615205,0.09005877490538697,-1.54e-06,1.600149459561681,3.485910062937601,69.35713898881961,1.0052136313683062,16.79657417054386,0.12067054082980143,-33.52261708551638,-1.1573229341274334,10.5064224551246,0.6295741068180681,-21.109080183808818,0.2719344611720337,0.4302801935792974,0.00015748,0.5965734365250441,0.00081957,0,0.0
17633,1.0385199619997776,0.1458621401825206,-1.54e-06,1.600149459561681,3.485910062937601,-70.36024688104192,1.0052136313683062,12.20937521323824,0.12067054082980143,-49.002032169488594,-1.1573229341274334,-66.56443457194868,0.6295741068180681,92.49673130713037,0.2719344611720337,-0.15753648587361022,0.00015748,0.15755033734617044,0.00081957,1,0.0
17634,0.6784044096863358,0.05607564310829177,-1.54e-06,1.600149459561681,3.485910062937601,-78.22706146557408,1.0052136313683062,6.9048561203895655,0.12067054082980143,-77.34121539559725,-1.1573229341274334,33.914892702291304,0.6295741068180681,90.91462336891027,0.2719344611720337,-0.05729424975681386,0.00015748,0.057615774467954246,0.00081957,1,0.0
17635,0.182089997144943,0.06677398715573041,-1.54e-06,1.600149459561681,3.485910062937601,73.3537130106955,1.0052136313683062,23.12631904316081,0.12067054082980143,-62.13233692551923,-1.1573229341274334,19.434234175579522,0.6295741068180681,-12.586223069673228,0.2719344611720337,0.3831809134653824,0.00015748,0.717442578550313,0.00081957,0,0.0
17636,0.18593439458968158,0.07005181930922741,-1.54e-06,1.600149459561681,3.485910062937601,-23.516489387586425,1.0052136313683062,11.015133080603574,0.12067054082980143,-62.09713995506057,-1.1573229341274334,11.066867078940845,0.6295741068180681,43.27254336263014,0.2719344611720337,-0.18508599625405756,0.00015748,0.18542808491576337,0.00081957,1,0.0
17637,0.08806319740664276,0.006650160935316717,-1.54e-06,1.600149459561681,3.485910062937601,-48.04829670028977,1.0052136313683062,4.286081646022334,0.12067054082980143,-81.641921834868,-1.1573229341274334,93.6909869945362,0.6295741068180681,55.32911830195415,0.2719344611720337,-0.03788762779227709,0.00015748,0.03795540833756684,0.00081957,1,0.0
17638,4.256950459047282e-05,0.03378544472750637,-1.54e-06,1.600149459561681,3.485910062937601,-6.475770478382441,1.0052136313683062,3.9646996227077946,0.12067054082980143,-30.709314015556043,-1.1573229341274334,28.46351035248853,0.6295741068180681,13.718888578765593,0.2719344611720337,-0.009159113116304907,0.00015748,0.07365063508186923,0.00081957,1,0.0
17639,1.0857865689953703,0.16902536773637106,-1.54e-06,1.600149459561681,3.485910062937601,-66.12880073338084,1.0052136313683062,3.9275669044113686,0.12067054082980143,-6.394440561686745,-1.1573229341274334,-84.66504455745579,0.6295741068180681,75.69072202037212,0.2719344611720337,-0.017198060095473356,0.00015748,0.01704095655435574,0.00081957,1,0.0
17640,0.0008517980138433301,0.10369642450373066,-1.54e-06,1.600149459561681,3.485910062937601,29.278723944691116,1.0052136313683062,8.324323312863365,0.12067054082980143,-1e-20,-1.1573229341274334,-42.53195178007048,0.6295741068180681,-13.130657340538392,0.2719344611720337,-0.07203870394617018,0.00015748,0.20900662015411764,0.00081957,1,0.0
17641,0.743597933069087,0.292646550442315,-1.54e-06,1.600149459561681,3.485910062937601,65.27163281464274,1.0052136313683062,19.967614765088545,0.12067054082980143,-38.82730209800027,-1.1573229341274334,-53.82669361031998,0.6295741068180681,8.82446995288057,0.2719344611720337,0.3459786031373875,0.00015748,0.9083681295289863,0.00081957,0,0.0
17642,-5.0033049500353144e-05,0.016802579174055428,-1.54e-06,1.600149459561681,3.485910062937601,-14.15538955954051,1.0052136313683062,4.499670627194179,0.12067054082980143,-40.52895487490043,-1.1573229341274334,35.920291508505926,0.6295741068180681,21.59158949816144,0.2719344611720337,-0.05238040022364969,0.00015748,0.06851142096440883,0.00081957,1,0.0
17643,0.42011225749392156,0.02137114665670685,-1.54e-06,1.600149459561681,3.485910062937601,-44.12956492332843,1.0052136313683062,4.847996120476375,0.12067054082980143,-43.04391782769371,-1.1573229341274334,10.567308724852698,0.6295741068180681,52.59522021018411,0.2719344611720337,-0.04725287823821711,0.00015748,0.047351437056634804,0.00081957,1,0.0
17644,0.9430595354918816,0.14214493325952066,-1.54e-06,1.600149459561681,3.485910062937601,-57.79395923832053,1.0052136313683062,13.096715604531456,0.12067054082980143,-44.928207187068445,-1.1573229341274334,-75.99586529784723,0.6295741068180681,82.54738473719821,0.2719344611720337,-0.19412577922558819,0.00015748,0.19380624571394564,0.00081957,1,0.0
17645,0.043883619381731076,0.11850168473143861,-1.54e-06,1.600149459561681,3.485910062937601,-3.1363294618707105,1.0052136313683062,12.36501215456129,0.12067054082980143,-50.542648468727975,-1.1573229341274334,-5.749676798650227,0.6295741068180681,24.543224621650698,0.2719344611720337,-0.22717950757995306,0.00015748,0.23050987165292738,0.00081957,1,0.0
17646,0.22059067662542986,0.11623463899448414,-1.54e-06,1.600149459561681,3.485910062937601,29.40443534406157,1.0052136313683062,15.368192758610688,0.12067054082980143,-75.71957325388,-1.1573229341274334,81.20314136493992,0.6295741068180681,12.738393549755115,0.2719344611720337,0.4441125537647561,0.00015748,0.4859284577995876,0.00081957,0,0.0
17647,0.21054770115241217,0.08556485190567176,-1.54e-06,1.600149459561681,3.485910062937601,73.89764762310838,1.0052136313683062,19.831554784847622,0.12067054082980143,-59.750918946897556,-1.1573229341274334,20.75518987035751,0.6295741068180681,-10.298050533989873,0.2719344611720337,0.3683533082473691,0.00015748,0.7745605358936409,0.00081957,0,0.0
17648,0.4889469917437453,0.1328310873759055,-1.54e-06,1.600149459561681,3.485910062937601,-70.315227980242,1.0052136313683062,-4.696607891033415,0.12067054082980143,-37.5807525472643,-1.1573229341274334,60.97421431566942,0.6295741068180681,62.5071649423387,0.2719344611720337,-0.17422449258915668,0.00015748,0.17407213171435126,0.00081957,1,0.0
17649,0.00019347062301300344,0.06851100148331536,-1.54e-06,1.600149459561681,3.485910062937601,-10.676077131485464,1.0052136313683062,3.485708938684632,0.12067054082980143,-41.58155329336234,-1.1573229341274334,59.07630282542296,0.6295741068180681,17.4372335530529,0.2719344611720337,0.04788434575737281,0.00015748,0.10813919235067822,0.00081957,0,0.0
17650,0.00021217523229166702,0.04446821777259697,-1.54e-06,1.600149459561681,3.485910062937601,91.55063470471825,1.0052136313683062,31.141027673451248,0.12067054082980143,-98.88493688362502,-1.1573229341274334,58.186544177344224,0.6295741068180681,-16.831022052593152,0.2719344611720337,0.41346728347680906,0.00015748,0.8862599543724995,0.00081957,0,0.0
17651,0.0051558385652009,0.04330019543330267,-1.54e-06,1.600149459561681,3.485910062937601,-23.073629335476216,1.0052136313683062,0.07219763429356807,0.12067054082980143,-48.13713048964129,-1.1573229341274334,64.68344086879246,0.6295741068180681,29.881339682226194,0.2719344611720337,-0.023189666391919325,0.00015748,0.077284129603446,0.00081957,1,0.0
17652,0.24179370549642518,0.009776165815895986,-1.54e-06,1.600149459561681,3.485910062937601,-55.52502246869874,1.0052136313683062,4.668829660175243,0.12067054082980143,-78.2870124435754,-1.1573229341274334,77.3382045325972,0.6295741068180681,63.39714649231122,0.2719344611720337,-0.04105794086768325,0.00015748,0.04102510802301202,0.00081957,1,0.0
17653,0.1605679454874006,0.1612876544983906,-1.54e-06,1.600149459561681,3.485910062937601,-3.1498068163060404,1.0052136313683062,13.846894085221034,0.12067054082980143,-72.31940739419228,-1.1573229341274334,31.233664348510064,0.6295741068180681,33.85725168201758,0.2719344611720337,-0.022997709192842802,0.00015748,0.3145558490179273,0.00081957,1,0.0
17654,0.010908712987386604,0.06319575387382945,-1.54e-06,1.600149459561681,3.485910062937601,65.06667532644029,1.0052136313683062,14.063585701382735,0.12067054082980143,-42.93489961300111,-1.1573229341274334,59.426865863780165,0.6295741068180681,-24.944570259748122,0.2719344611720337,0.46534462838023094,0.00015748,0.5380795671401479,0.00081957,0,0.0
17655,0.13539603264730804,1.0710865587891905,-1.54e-06,1.600149459561681,3.485910062937601,62.53668512493214,1.0052136313683062,39.52201318691342,0.12067054082980143,-43.87903485751167,-1.1573229341274334,-64.36167605800289,0.6295741068180681,-23.201821188189292,0.2719344611720337,-0.25794989312674155,0.00015748,0.8047827678364142,0.00081957,1,0.0
17656,0.7239630654896674,0.0704612212745822,-1.54e-06,1.600149459561681,3.485910062937601,-67.20165144747433,1.0052136313683062,10.11177809273821,0.12067054082980143,-68.83325482761421,-1.1573229341274334,-3.6573014194130353,0.6295741068180681,85.61531981931478,0.2719344611720337,-0.12151932325439982,0.00015748,0.12166887089410947,0.00081957,1,0.0
17657,0.6236904330234199,0.048751997488273344,-1.54e-06,1.600149459561681,3.485910062937601,-64.36016697303637,1.0052136313683062,8.038360483077115,0.12067054082980143,-66.90060178887343,-1.1573229341274334,12.428558106802944,0.6295741068180681,79.34646368299559,0.2719344611720337,-0.08719412524670969,0.00015748,0.08722521455818952,0.00081957,1,0.0
17658,0.5611283325446605,0.10122583903654708,-1.54e-06,1.600149459561681,3.485910062937601,-52.49088554684166,1.0052136313683062,-2.5962000875924933,0.12067054082980143,-9.62673353340091,-1.1573229341274334,1.9848427872625536,0.6295741068180681,47.28032095461018,0.2719344611720337,-0.12246208077646153,0.00015748,0.12248260832398059,0.00081957,1,0.0
17659,0.10867566189047097,0.01905889059818711,-1.54e-06,1.600149459561681,3.485910062937601,-10.487804592331674,1.0052136313683062,5.479143432557406,0.12067054082980143,-28.044953103274356,-1.1573229341274334,-1.0900177359021477,0.6295741068180681,20.832310319948622,0.2719344611720337,-0.09706021957896033,0.00015748,0.09714010334217804,0.00081957,1,0.0
17660,0.6269386573924559,0.05450713092536402,-1.54e-06,1.600149459561681,3.485910062937601,-30.291747671957783,1.0052136313683062,5.845926186439451,0.12067054082980143,-5.9308176944498525,-1.1573229341274334,-68.85655566731397,0.6295741068180681,41.881937984166,0.2719344611720337,-0.08451369836891094,0.00015748,0.08470627933278617,0.00081957,1,0.0
17661,0.14136778225128022,0.04994181247295036,-1.54e-06,1.600149459561681,3.485910062937601,80.78213065354949,1.0052136313683062,28.435537586226886,0.12067054082980143,-86.92075165745233,-1.1573229341274334,31.186669556179538,0.6295741068180681,-8.145641373863077,0.2719344611720337,0.35456248869215345,0.00015748,0.8477890650557958,0.00081957,0,0.0
17662,0.0001193787124265655,0.07216925853691324,-1.54e-06,1.600149459561681,3.485910062937601,76.40036372426934,1.0052136313683062,11.384813498888532,0.12067054082980143,-21.819180199002968,-1.1573229341274334,40.482476500531476,0.6295741068180681,-37.77317286091025,0.2719344611720337,0.4316036803339242,0.00015748,0.595929648970493,0.00081957,0,0.0
17663,0.019201566443986184,0.12850050430195492,-1.54e-06,1.600149459561681,3.485910062937601,31.968732192369707,1.0052136313683062,12.163355698896234,0.12067054082980143,-59.88779543619067,-1.1573229341274334,70.97004945526369,0.6295741068180681,0.6099475456218135,0.2719344611720337,0.3270158468548515,0.00015748,0.3773150362835438,0.00081957,0,0.0
17664,0.4054409026479662,0.11330897330018316,-1.54e-06,1.600149459561681,3.485910062937601,95.52956289092623,1.0052136313683062,30.92969755996697,0.12067054082980143,-57.888085956625005,-1.1573229341274334,-44.16200948443494,0.6295741068180681,-14.540633057787872,0.2719344611720337,0.33857228827351366,0.00015748,0.9528883814324267,0.00081957,0,0.0
17665,0.2406014412235106,0.017075748406245414,-1.54e-06,1.600149459561681,3.485910062937601,-45.95641275866787,1.0052136313683062,0.5118667406729601,0.12067054082980143,-47.992531574747446,-1.1573229341274334,56.10855722292059,0.6295741068180681,47.419247979109755,0.2719344611720337,-0.04587083476422014,0.00015748,0.04610126249497588,0.00081957,1,0.0
17666,0.0006708608719011022,0.11205050313892588,-1.54e-06,1.600149459561681,3.485910062937601,7.535029913800111,1.0052136313683062,10.308548689224184,0.12067054082980143,-44.19630823462993,-1.1573229341274334,15.422526965966236,0.6295741068180681,12.599371166978004,0.2719344611720337,-0.057618094343887635,0.00015748,0.22505236404690399,0.00081957,1,0.0
17667,0.0005404990020134726,0.03493735266998846,-1.54e-06,1.600149459561681,3.485910062937601,75.3715735106436,1.0052136313683062,21.808870251845427,0.12067054082980143,-71.83742179400778,-1.1573229341274334,52.17464157715077,0.6295741068180681,-17.010675199254468,0.2719344611720337,0.390074826400886,0.00015748,0.6965669213310102,0.00081957,0,0.0
17668,1.0551192934345486,0.3144302110307048,-1.54e-06,1.600149459561681,3.485910062937601,34.43549033999679,1.0052136313683062,35.065360344384096,0.12067054082980143,-91.63308083502882,-1.1573229341274334,-51.400124097538246,0.6295741068180681,49.75862867817215,0.2719344611720337,0.3444980873461714,0.00015748,0.9092627193588534,0.00081957,0,0.0
17669,0.00036741171946190086,0.0025905370005343525,-1.54e-06,1.600149459561681,3.485910062937601,-19.005219689858187,1.0052136313683062,0.033214408763984224,0.12067054082980143,-28.607317643378195,-1.1573229341274334,45.37379528825094,0.6295741068180681,18.584745257987986,0.2719344611720337,-0.03001248057789124,0.00015748,0.030148244350328996,0.00081957,1,0.0
17670,0.5212603558949291,0.15361858044404356,-1.54e-06,1.600149459561681,3.485910062937601,78.28515518015126,1.0052136313683062,26.226272188675544,0.12067054082980143,-38.84452919415696,-1.1573229341274334,-54.35558890156868,0.6295741068180681,-9.737268592455624,0.2719344611720337,0.36281142617513973,0.00015748,0.8031135873208354,0.00081957,0,0.0
17671,0.342549671094304,0.09360380672614832,-1.54e-06,1.600149459561681,3.485910062937601,85.25603835111822,1.0052136313683062,29.788194118449972,0.12067054082980143,-70.12463355876169,-1.1573229341274334,-15.144271128517353,0.6295741068180681,-8.107473801151862,0.2719344611720337,0.34619602354603823,0.00015748,0.8998503275165588,0.00081957,0,0.0
17672,1.0085421399048897,0.2994964237771069,-1.54e-06,1.600149459561681,3.485910062937601,23.73949461893354,1.0052136313683062,30.912661157454714,0.12067054082980143,-89.40626333472257,-1.1573229341274334,-32.66988694161284,0.6295741068180681,52.3036606847492,0.2719344611720337,0.3606830330895707,0.00015748,0.8095891409640068,0.00081957,0,0.0
17673,0.2542202860113141,0.08837170825961631,-1.54e-06,1.600149459561681,3.485910062937601,65.3033637891606,1.0052136313683062,21.02326076138833,0.12067054082980143,-52.28267421959189,-1.1573229341274334,13.409946889511422,0.6295741068180681,-10.330005176972263,0.2719344611720337,0.4066577560527571,0.00015748,0.647566767318692,0.00081957,0,0.0
17674,1.0907606725920416,0.3417817137022331,-1.54e-06,1.600149459561681,3.485910062937601,23.309520692497895,1.0052136313683062,30.460998832768844,0.12067054082980143,-76.94084542831237,-1.1573229341274334,-52.6967565940399,0.6295741068180681,50.78183280396288,0.2719344611720337,0.3656382217497815,0.00015748,0.7902313257974349,0.00081957,0,0.0
17675,0.6430261461279678,0.06589967564381373,-1.54e-06,1.600149459561681,3.485910062937601,-25.612971786914986,1.0052136313683062,7.247059814062134,0.12067054082980143,-3.5351697798186135,-1.1573229341274334,-84.15088436067558,0.6295741068180681,40.19307839513459,0.2719344611720337,-0.1204497829533858,0.00015748,0.1207583894826315,0.00081957,1,0.0
17676,0.7720522321155464,0.20903413879259156,-1.54e-06,1.600149459561681,3.485910062937601,32.521892649164016,1.0052136313683062,30.06374763278524,0.12067054082980143,-93.21903905109511,-1.1573229341274334,-4.571850444363984,0.6295741068180681,39.84045980687081,0.2719344611720337,0.3665729163475681,0.00015748,0.7855869923751178,0.00081957,0,0.0
17677,0.057207761904800015,0.0005774048610540921,-1.54e-06,1.600149459561681,3.485910062937601,-12.637870105600076,1.0052136313683062,1.2514224101727187,0.12067054082980143,-18.410401853179962,-1.1573229341274334,17.057713788185115,0.6295741068180681,14.794205542325386,0.2719344611720337,-0.01148338231664987,0.00015748,0.011516263460207513,0.00081957,1,0.0
17678,0.15159037941765463,0.06894655146655355,-1.54e-06,1.600149459561681,3.485910062937601,63.04021340011714,1.0052136313683062,19.061994872322323,0.12067054082980143,-56.60463622445742,-1.1573229341274334,37.3420437231695,0.6295741068180681,-11.914108863269163,0.2719344611720337,0.4250189930138172,0.00015748,0.6070724375500282,0.00081957,0,0.0
17679,0.6232142290817431,0.17815868578532368,-1.54e-06,1.600149459561681,3.485910062937601,72.32301789367656,1.0052136313683062,28.541505180513354,0.12067054082980143,-49.911904841505695,-1.1573229341274334,-56.130205857832244,0.6295741068180681,1.0464257248346145,0.2719344611720337,0.35542035909278025,0.00015748,0.8441336200579947,0.00081957,0,0.0
17680,0.17253797544131255,0.054214207845632134,-1.54e-06,1.600149459561681,3.485910062937601,54.43378032546776,1.0052136313683062,24.993579041665512,0.12067054082980143,-99.47498590579848,-1.1573229341274334,66.92024846604671,0.6295741068180681,9.197212765066508,0.2719344611720337,0.3829930419292844,0.00015748,0.7212082943786791,0.00081957,0,0.0
17681,0.6478229101818754,0.1668956586969326,-1.54e-06,1.600149459561681,3.485910062937601,57.86866098126938,1.0052136313683062,33.29712077323444,0.12067054082980143,-91.62621999463971,-1.1573229341274334,-16.861164407923297,0.6295741068180681,23.347053235269023,0.2719344611720337,0.34480175035506083,0.00015748,0.9073486433285245,0.00081957,0,0.0
17682,0.7629538145590058,0.21089923802473368,-1.54e-06,1.600149459561681,3.485910062937601,89.16128938364042,1.0052136313683062,39.29173085918684,0.12067054082980143,-79.12229662856774,-1.1573229341274334,-76.15580026312175,0.6295741068180681,9.955462715808675,0.2719344611720337,0.32090472452657953,0.00015748,1.1293067046644016,0.00081957,0,0.0
17683,0.3798917219674458,0.09988262194077298,-1.54e-06,1.600149459561681,3.485910062937601,68.51474037609276,1.0052136313683062,28.460260062609624,0.12067054082980143,-79.02565269470288,-1.1573229341274334,4.0858229232998005,0.6295741068180681,3.7853806432403756,0.2719344611720337,0.3580397205346757,0.00015748,0.828245949155543,0.00081957,0,0.0
17684,0.23707104603744578,0.08216261581209262,-1.54e-06,1.600149459561681,3.485910062937601,99.689839836717,1.0052136313683062,25.737191964432125,0.12067054082980143,-39.082008551708874,-1.1573229341274334,-35.1151291758703,0.6295741068180681,-30.004703268285766,0.2719344611720337,0.35482618334640453,0.00015748,0.8449252605693947,0.00081957,0,0.0
17685,0.004554248449393339,0.04188586837069805,-1.54e-06,1.600149459561681,3.485910062937601,63.317131661464366,1.0052136313683062,18.163321118777773,0.12067054082980143,-67.9427225055106,-1.1573229341274334,68.26719450148059,0.6295741068180681,-13.605723773695118,0.2719344611720337,0.43105107617958693,0.00015748,0.5954099011179788,0.00081957,0,0.0
17686,0.30799125137076155,0.10669695853324145,-1.54e-06,1.600149459561681,3.485910062937601,95.29845712959887,1.0052136313683062,23.017272432056394,0.12067054082980143,-19.962957934237668,-1.1573229341274334,-52.750662818405544,0.6295741068180681,-32.6871382587102,0.2719344611720337,0.3707620332535728,0.00015748,0.7674107790563593,0.00081957,0,0.0
17687,0.21859899834465218,0.03463444597315837,-1.54e-06,1.600149459561681,3.485910062937601,-0.08310940835059775,1.0052136313683062,6.68315087582926,0.12067054082980143,-4.435408612630235,-1.1573229341274334,-50.500466204403146,0.6295741068180681,11.883721090504915,0.2719344611720337,-0.12771365011254454,0.00015748,0.128011734006784,0.00081957,1,0.0
17688,0.024784437658121494,0.022363960651630124,-1.54e-06,1.600149459561681,3.485910062937601,10.287768128042321,1.0052136313683062,4.652244409678496,0.12067054082980143,-0.28576588782557694,-1.1573229341274334,-31.5127617801852,0.6295741068180681,-2.369887727082678,0.2719344611720337,-0.09903575232764653,0.00015748,0.09946305501461047,0.00081957,1,0.0
17689,0.301822439424416,0.013479939324711535,-1.54e-06,1.600149459561681,3.485910062937601,-58.0399305726643,1.0052136313683062,5.630092449202958,0.12067054082980143,-80.35796654146502,-1.1573229341274334,69.64680735186501,0.6295741068180681,68.04063817584482,0.2719344611720337,-0.0505165640821416,0.00015748,0.05060891964024365,0.00081957,1,0.0
17690,0.3340645298950428,0.1170669674706726,-1.54e-06,1.600149459561681,3.485910062937601,-9.826387360248892,1.0052136313683062,12.773879064059612,0.12067054082980143,-33.7549271334185,-1.1573229341274334,-55.2455659564416,0.6295741068180681,33.50655976074386,0.2719344611720337,-0.24092616963442282,0.00015748,0.2409941042519837,0.00081957,1,0.0
17691,0.0007001314152532689,0.028701229426078896,-1.54e-06,1.600149459561681,3.485910062937601,95.01643502550984,1.0052136313683062,28.265697812366327,0.12067054082980143,-87.72632412568993,-1.1573229341274334,38.33455717100543,0.6295741068180681,-18.868993256067192,0.2719344611720337,0.345575222308002,0.00015748,0.9042546574997352,0.00081957,0,0.0
17692,0.2852549347282542,0.013447306202272899,-1.54e-06,1.600149459561681,3.485910062937601,-64.86232115481192,1.0052136313683062,5.41206951812036,0.12067054082980143,-91.20902068684401,-1.1573229341274334,89.7348475512671,0.6295741068180681,74.13770462781834,0.2719344611720337,-0.04659549374811497,0.00015748,0.046678421171224525,0.00081957,1,0.0
17693,0.22737018254607422,0.08264308877560642,-1.54e-06,1.600149459561681,3.485910062937601,-32.82537274491133,1.0052136313683062,12.784671678574666,0.12067054082980143,-77.65683587227966,-1.1573229341274334,23.821608498919176,0.6295741068180681,54.54778327108773,0.2719344611720337,-0.20102114191094433,0.00015748,0.20187717718606235,0.00081957,1,0.0
17694,0.19678026964656958,0.007430460650087092,-1.54e-06,1.600149459561681,3.485910062937601,-49.869717893252435,1.0052136313683062,4.512350363429112,0.12067054082980143,-73.04893927537319,-1.1573229341274334,73.97812389865216,0.6295741068180681,56.98458723388582,0.2719344611720337,-0.04297272950097821,0.00015748,0.04298955223927397,0.00081957,1,0.0
17695,0.5703048842944477,0.16161129650785247,-1.54e-06,1.600149459561681,3.485910062937601,73.62476896836672,1.0052136313683062,27.363183092578286,0.12067054082980143,-51.94528826222001,-1.1573229341274334,-46.78986203825197,0.6295741068180681,-0.18347750908256577,0.2719344611720337,0.35482272564740924,0.00015748,0.8480364031997731,0.00081957,0,0.0
17696,0.5885749913372733,0.07618755767687015,-1.54e-06,1.600149459561681,3.485910062937601,-29.673049496342994,1.0052136313683062,10.28098646476501,0.12067054082980143,-26.670541023186615,-1.1573229341274334,-63.24439010768541,0.6295741068180681,48.67156989424034,0.2719344611720337,-0.16715908121049475,0.00015748,0.16764143401036888,0.00081957,1,0.0
17697,0.6872445704208788,0.14753095591997997,-1.54e-06,1.600149459561681,3.485910062937601,-32.59544259903028,1.0052136313683062,14.588302306398404,0.12067054082980143,-39.8796805615043,-1.1573229341274334,-79.98670193482616,0.6295741068180681,60.27446750190416,0.2719344611720337,-0.25408663220312255,0.00015748,0.25397695981559176,0.00081957,1,0.0
17698,0.5404382214855465,0.04819737708667095,-1.54e-06,1.600149459561681,3.485910062937601,-24.317154643382626,1.0052136313683062,6.769916098488739,0.12067054082980143,-9.892521524671189,-1.1573229341274334,-64.29296426818688,0.6295741068180681,37.665161684014144,0.2719344611720337,-0.11014440762127845,0.00015748,0.11037245875399357,0.00081957,1,0.0
17699,0.4803925903130508,0.6031677562691385,-1.54e-06,1.600149459561681,3.485910062937601,64.47100400440729,1.0052136313683062,1.2156127868594953,0.12067054082980143,-35.613674523754355,-1.1573229341274334,72.06365849504286,0.6295741068180681,-4.705958553327672,0.2719344611720337,0.3113492132310614,0.00015748,1.2231335939337844,0.00081957,0,0.0
17700,0.05666082317732568,0.09402978823849185,-1.54e-06,2.459242111292193,3.0947272010640288,-19.77271106229667,1.0052136313683062,8.181724734767846,0.12067054082980143,-98.52657492425814,-1.1573229341274334,69.70876976839733,0.6295741068180681,58.478345204044594,0.2719344611720337,-0.04578692877319883,0.00015748,0.18529008839457567,0.00081957,1,0.0
17701,0.2362406762872693,0.008929222393682728,-1.54e-06,2.459242111292193,3.0947272010640288,-35.359349397105305,1.0052136313683062,0.39326789858490757,0.12067054082980143,-18.042030166959428,-1.1573229341274334,12.558160421367655,0.6295741068180681,30.662773245844928,0.2719344611720337,-0.021301458786317416,0.00015748,0.021342717560716915,0.00081957,1,0.0
17702,0.0002622313763925854,0.02533490871229458,-1.54e-06,2.459242111292193,3.0947272010640288,33.181472560615994,1.0052136313683062,4.104989663049712,0.12067054082980143,-5.425538045655389,-1.1573229341274334,-24.584013498673134,0.6295741068180681,-9.102059012925194,0.2719344611720337,-0.107250040097175,0.00015748,0.10842394409495572,0.00081957,1,0.0
17703,0.5431320070932244,0.05135745515001991,-1.54e-06,2.459242111292193,3.0947272010640288,-30.7366843675246,1.0052136313683062,5.1621024247560205,0.12067054082980143,-37.82282043525039,-1.1573229341274334,-13.146956790168764,0.6295741068180681,51.6787779236239,0.2719344611720337,-0.10385755444782362,0.00015748,0.1040289651624484,0.00081957,1,0.0
17704,0.0035128936200410354,0.04168667924610277,-1.54e-06,2.459242111292193,3.0947272010640288,-1.0362404378134116,1.0052136313683062,6.219845433348398,0.12067054082980143,-54.765007544573955,-1.1573229341274334,25.48033610586585,0.6295741068180681,28.312780584415922,0.2719344611720337,-0.1313970127600665,0.00015748,0.132389747542285,0.00081957,1,0.0
17705,0.16363821417464017,0.005697698864060338,-1.54e-06,2.459242111292193,3.0947272010640288,-30.800378808601877,1.0052136313683062,-0.08061585586131045,0.12067054082980143,-14.609154758818532,-1.1573229341274334,14.724177749716793,0.6295741068180681,24.446729302046073,0.2719344611720337,-0.027703699757952553,0.00015748,0.02784589518556229,0.00081957,1,0.0
17706,0.00045647405836538035,0.13611325159012777,-1.54e-06,2.459242111292193,3.0947272010640288,2.59461501498562,1.0052136313683062,1.9155535550272447,0.12067054082980143,-37.02358632478064,-1.1573229341274334,46.99488526482728,0.6295741068180681,14.339428708295786,0.2719344611720337,0.06967642300569897,0.00015748,0.2537651938293023,0.00081957,0,0.0
17707,0.2972114480943544,0.19563726847830845,-1.54e-06,2.459242111292193,3.0947272010640288,56.333935043529046,1.0052136313683062,14.334420344576824,0.12067054082980143,-69.65650818377627,-1.1573229341274334,-11.739817649786398,0.6295741068180681,21.48382197108593,0.2719344611720337,-0.012982376564204007,0.00015748,0.3589563844296152,0.00081957,1,0.0
17708,0.6523870425108254,0.1260634465267503,-1.54e-06,2.459242111292193,3.0947272010640288,-1.577028549486074,1.0052136313683062,9.911150708247778,0.12067054082980143,-41.30171240128811,-1.1573229341274334,-47.32685046156001,0.6295741068180681,46.531149311011916,0.2719344611720337,-0.21561350365950352,0.00015748,0.21566168365043906,0.00081957,1,0.0
17709,0.0023433256089275822,0.19735218125142012,-1.54e-06,2.459242111292193,3.0947272010640288,41.47595675164955,1.0052136313683062,10.952672659305902,0.12067054082980143,-44.262272867259504,-1.1573229341274334,14.5504793510555,0.6295741068180681,-3.717805925110953,0.2719344611720337,0.019798476486936306,0.00015748,0.33411479656400855,0.00081957,0,0.0
17710,0.9137409053655882,0.13139914500253916,-1.54e-06,2.459242111292193,3.0947272010640288,-55.81067348839218,1.0052136313683062,4.489608421822994,0.12067054082980143,-22.26761303193698,-1.1573229341274334,-39.113230007165434,0.6295741068180681,65.64710596080722,0.2719344611720337,-0.06785689145391374,0.00015748,0.06832283626816218,0.00081957,1,0.0
17711,0.00456002231939856,0.1223423385396948,-1.54e-06,2.459242111292193,3.0947272010640288,37.17322795100603,1.0052136313683062,9.748408496727093,0.12067054082980143,-63.773840595951526,-1.1573229341274334,22.141781188688565,0.6295741068180681,15.747097403191532,0.2719344611720337,0.00344343080955313,0.00015748,0.24422002379790164,0.00081957,0,0.0
17712,0.0004926698297251508,0.017804276416499922,-1.54e-06,2.459242111292193,3.0947272010640288,-22.528103617389828,1.0052136313683062,2.002666086180171,0.12067054082980143,-40.04163284163521,-1.1573229341274334,39.79050737327867,0.6295741068180681,28.021589944771094,0.2719344611720337,-0.002370535008944085,0.00015748,0.034762693600627406,0.00081957,1,0.0
17713,1.0457427365975462,0.19776622205984432,-1.54e-06,2.459242111292193,3.0947272010640288,-51.57355684925279,1.0052136313683062,10.90106694956439,0.12067054082980143,-69.44061096210814,-1.1573229341274334,-33.91743570414065,0.6295741068180681,94.09835292758189,0.2719344611720337,-0.21320780959423544,0.00015748,0.21373093015856223,0.00081957,1,0.0
17714,0.9477538737694787,0.18534976729608632,-1.54e-06,2.459242111292193,3.0947272010640288,-5.701524311802813,1.0052136313683062,8.635555011273853,0.12067054082980143,-14.197371369154457,-1.1573229341274334,-86.58875626630925,0.6295741068180681,45.774283816164626,0.2719344611720337,-0.1911036460214959,0.00015748,0.19114795980793745,0.00081957,1,0.0
17715,0.38975887378458174,0.11263490115392566,-1.54e-06,2.459242111292193,3.0947272010640288,-22.0632940341901,1.0052136313683062,11.62736058977445,0.12067054082980143,-92.56934646825364,-1.1573229341274334,19.836664794339757,0.6295741068180681,69.61102316455307,0.2719344611720337,-0.23474649477092652,0.00015748,0.23632034313556177,0.00081957,1,0.0
17716,0.08261038461535186,0.0241006661416453,-1.54e-06,2.459242111292193,3.0947272010640288,9.330819098466668,1.0052136313683062,4.850503717022774,0.12067054082980143,-27.378172397010122,-1.1573229341274334,-3.7880501454898843,0.6295741068180681,13.6638796618205,0.2719344611720337,-0.10898794930807888,0.00015748,0.10897275326174573,0.00081957,1,0.0
17717,0.46871004415107753,0.027808539099880455,-1.54e-06,2.459242111292193,3.0947272010640288,-54.072138748074,1.0052136313683062,3.074846626526715,0.12067054082980143,-45.49596294482848,-1.1573229341274334,16.969138789076403,0.6295741068180681,60.912130192378804,0.2719344611720337,-0.04297796370928935,0.00015748,0.04303519704562358,0.00081957,1,0.0
17718,0.0005910387925482374,0.05186696090610542,-1.54e-06,2.459242111292193,3.0947272010640288,-25.589791611022218,1.0052136313683062,4.149858928110125,0.12067054082980143,-68.1013752719603,-1.1573229341274334,62.13770557725072,0.6295741068180681,43.003134380236325,0.2719344611720337,0.0136535942869562,0.00015748,0.0863798746856265,0.00081957,0,0.0
17719,0.15713293034300935,0.11373018532175908,-1.54e-06,2.459242111292193,3.0947272010640288,72.3367229010007,1.0052136313683062,13.59800032252827,0.12067054082980143,-100.0,-1.1573229341274334,64.29584551628078,0.6295741068180681,18.743622675080168,0.2719344611720337,0.3900153073263728,0.00015748,0.5678071427771665,0.00081957,0,0.0
17720,0.09722380580226153,0.010572911555055022,-1.54e-06,2.459242111292193,3.0947272010640288,-73.54397561019883,1.0052136313683062,3.752527632099315,0.12067054082980143,-91.8288337444512,-1.1573229341274334,91.69292666704293,0.6295741068180681,76.44807036529437,0.2719344611720337,-0.05166164829955456,0.00015748,0.05178294934408829,0.00081957,1,0.0
17721,0.4139778420022495,0.2256113406152579,-1.54e-06,2.459242111292193,3.0947272010640288,32.10186240317538,1.0052136313683062,15.7872982955495,0.12067054082980143,-86.74301102069617,-1.1573229341274334,-9.64544483250049,0.6295741068180681,44.79582316549583,0.2719344611720337,-0.15259888226036655,0.00015748,0.3640198768807503,0.00081957,1,0.0
17722,0.9342231087659685,0.16998229436799359,-1.54e-06,2.459242111292193,3.0947272010640288,-19.61362535907556,1.0052136313683062,8.8915579216704,0.12067054082980143,-28.779096715941776,-1.1573229341274334,-67.41188270381176,0.6295741068180681,57.37322974593986,0.2719344611720337,-0.18465581561734482,0.00015748,0.18473449505225994,0.00081957,1,0.0
17723,0.336068485543492,0.10447487099832556,-1.54e-06,2.459242111292193,3.0947272010640288,7.927990061612043,1.0052136313683062,10.325320668915706,0.12067054082980143,-58.463494643950725,-1.1573229341274334,-14.515866933732191,0.6295741068180681,39.66759740555476,0.2719344611720337,-0.22577591028800995,0.00015748,0.22734697037625964,0.00081957,1,0.0
17724,0.1457938531039224,0.016261707624631267,-1.54e-06,2.459242111292193,3.0947272010640288,12.545506616564666,1.0052136313683062,3.641184491494129,0.12067054082980143,-9.84534756767747,-1.1573229341274334,-20.862649513496596,0.6295741068180681,6.10810509556571,0.2719344611720337,-0.08678560657312896,0.00015748,0.08660881449971654,0.00081957,1,0.0
17725,0.0010292438195287357,0.08602256965190339,-1.54e-06,2.459242111292193,3.0947272010640288,-8.404748648538222,1.0052136313683062,7.084623129725823,0.12067054082980143,-80.73489142448932,-1.1573229341274334,60.84468429703989,0.6295741068180681,41.98607897931834,0.2719344611720337,0.01432311234709753,0.00015748,0.1607400856419891,0.00081957,0,0.0
17726,0.0006562352504187741,0.07742569840086207,-1.54e-06,2.459242111292193,3.0947272010640288,37.43193517211048,1.0052136313683062,2.969560036554431,0.12067054082980143,-1.6077869981493955,-1.1573229341274334,-12.245985587391807,0.6295741068180681,-15.10045934344844,0.2719344611720337,0.07722484722667118,0.00015748,0.10497037688317583,0.00081957,0,0.0
17727,0.02232795975347668,0.07958011410677499,-1.54e-06,2.459242111292193,3.0947272010640288,78.9515005630165,1.0052136313683062,14.285578091615587,0.12067054082980143,-99.65546171050308,-1.1573229341274334,71.7195973748752,0.6295741068180681,8.831247313623367,0.2719344611720337,0.39838040238378614,0.00015748,0.5689376146198754,0.00081957,0,0.0
17728,1.1930551437601582,0.23169186220915547,-1.54e-06,2.459242111292193,3.0947272010640288,-53.43580536126523,1.0052136313683062,7.112897258996803,0.12067054082980143,-26.04917518626039,-1.1573229341274334,-67.70774567503375,0.6295741068180681,78.02287804481014,0.2719344611720337,-0.12911979334521934,0.00015748,0.12906941896545904,0.00081957,1,0.0
17729,0.033054181141090266,0.10779526960923788,-1.54e-06,2.459242111292193,3.0947272010640288,42.65362456880209,1.0052136313683062,9.19190019203155,0.12067054082980143,-40.26434678489341,-1.1573229341274334,-17.712787731984115,0.6295741068180681,6.256321234343882,0.2719344611720337,-0.202510516498921,0.00015748,0.22514966602866276,0.00081957,1,0.0
17730,0.001827012061146882,0.10756013554281053,-1.54e-06,2.459242111292193,3.0947272010640288,54.407285034624266,1.0052136313683062,7.433150364048579,0.12067054082980143,-28.97752652661241,-1.1573229341274334,-8.653295668794138,0.6295741068180681,-7.644671106799954,0.2719344611720337,0.021602853783225448,0.00015748,0.21102793710033463,0.00081957,0,0.0
17731,0.07548426648559828,0.004779633963075017,-1.54e-06,2.459242111292193,3.0947272010640288,11.261053639568642,1.0052136313683062,1.7220771965772506,0.12067054082980143,-0.04864817595391445,-1.1573229341274334,-16.848708518626946,0.6295741068180681,-0.9661432696718649,0.2719344611720337,-0.04646901347482705,0.00015748,0.04657758256863848,0.00081957,1,0.0
17732,0.5498588197592997,0.3213044774796758,-1.54e-06,2.459242111292193,3.0947272010640288,92.47721909741922,1.0052136313683062,18.0253280235228,0.12067054082980143,-48.403540623006904,-1.1573229341274334,-77.25325538901608,0.6295741068180681,6.891865910524642,0.2719344611720337,-0.10696344565584687,0.00015748,0.4557914347882955,0.00081957,1,0.0
17733,0.28803055030605784,0.03865056934750672,-1.54e-06,2.459242111292193,3.0947272010640288,0.37541267608953616,1.0052136313683062,6.110610460798391,0.12067054082980143,-32.14840220162444,-1.1573229341274334,-15.444338703204442,0.6295741068180681,27.185026044705296,0.2719344611720337,-0.13208607946412557,0.00015748,0.13247888644729514,0.00081957,1,0.0
17734,0.00025426549633991713,0.039472555089464914,-1.54e-06,2.459242111292193,3.0947272010640288,-12.886738299823161,1.0052136313683062,1.352548056975959,0.12067054082980143,-35.13510135377796,-1.1573229341274334,34.91551063638111,0.6295741068180681,22.97606772945845,0.2719344611720337,0.004554667240088399,0.00015748,0.06800659498413086,0.00081957,0,0.0
17735,0.6442960942890703,0.06296115428414092,-1.54e-06,2.459242111292193,3.0947272010640288,-49.27751213987411,1.0052136313683062,6.160411019535458,0.12067054082980143,-51.168424713436245,-1.1573229341274334,-3.293308852466249,0.6295741068180681,67.9422715077882,0.2719344611720337,-0.10568480181347326,0.00015748,0.10567994771938913,0.00081957,1,0.0
17736,0.19483894812794533,0.13001832456698414,-1.54e-06,2.459242111292193,3.0947272010640288,27.95918701924568,1.0052136313683062,10.998710797061603,0.12067054082980143,-56.864541544738174,-1.1573229341274334,-16.058573920904127,0.6295741068180681,26.217903847172852,0.2719344611720337,-0.24305119808992562,0.00015748,0.2541119803668789,0.00081957,1,0.0
17737,0.0012662552678808225,0.0954465755260318,-1.54e-06,2.459242111292193,3.0947272010640288,34.21812316001343,1.0052136313683062,6.450720540388666,0.12067054082980143,-35.378319813646876,-1.1573229341274334,10.38327205365463,0.6295741068180681,2.0348997280482846,0.2719344611720337,0.06818179617506658,0.00015748,0.1666208636377206,0.00081957,0,0.0
17738,0.09006826566156279,0.07052439168246047,-1.54e-06,2.459242111292193,3.0947272010640288,88.47448451471415,1.0052136313683062,15.711039365316218,0.12067054082980143,-100.0,-1.1573229341274334,61.573931924887766,0.6295741068180681,7.273734786945475,0.2719344611720337,0.4348747323885805,0.00015748,0.5808250144758198,0.00081957,0,0.0
17739,0.00012218280370963897,0.2388063190972923,-1.54e-06,2.459242111292193,3.0947272010640288,-13.553245259664903,1.0052136313683062,-1.0268037083810817,0.12067054082980143,-25.619588548201804,-1.1573229341274334,62.85426030573528,0.6295741068180681,11.900118649289471,0.2719344611720337,-0.008378110088764795,0.00015748,0.4224446349622928,0.00081957,1,0.0
17740,0.5718883924828683,0.2857982958774684,-1.54e-06,2.459242111292193,3.0947272010640288,29.484242548339513,1.0052136313683062,10.298224476922258,0.12067054082980143,-73.64330430083807,-1.1573229341274334,0.29318200139543976,0.6295741068180681,47.40998528385994,0.2719344611720337,0.06331422641424159,0.00015748,0.40328800195371683,0.00081957,0,0.0
17741,-0.008208185553929964,0.6060960453618722,-1.54e-06,2.459242111292193,3.0947272010640288,12.687074404045891,1.0052136313683062,2.979507805365129,0.12067054082980143,-18.0353319051571,-1.1573229341274334,69.68354603361665,0.6295741068180681,-15.342553420034037,0.2719344611720337,-0.03252021760895141,0.00015748,0.8394154299479858,0.00081957,1,0.0
17742,0.07661199176310507,0.10779987837752998,-1.54e-06,2.459242111292193,3.0947272010640288,10.578140764504898,1.0052136313683062,9.823339002359669,0.12067054082980143,-75.79002238680913,-1.1573229341274334,26.39465520093207,0.6295741068180681,36.6134279858337,0.2719344611720337,-0.13760940642044647,0.00015748,0.22356235956909462,0.00081957,1,0.0
17743,0.06498607721081118,0.15086455358635276,-1.54e-06,2.459242111292193,3.0947272010640288,68.7566191749281,1.0052136313683062,11.98722249861475,0.12067054082980143,-58.24908441181444,-1.1573229341274334,3.663655099653813,0.6295741068180681,1.3847933083966733,0.2719344611720337,0.09639455841449485,0.00015748,0.31904950636545104,0.00081957,0,0.0
17744,0.17858847550010937,0.05412942639392926,-1.54e-06,2.459242111292193,3.0947272010640288,16.730550747200414,1.0052136313683062,6.980929964332383,0.12067054082980143,-34.18880648123585,-1.1573229341274334,-16.292076467913,0.6295741068180681,18.520057934293515,0.2719344611720337,-0.1640419062542698,0.00015748,0.1644086369035968,0.00081957,1,0.0
17745,0.9085925187821242,0.3936808405710156,-1.54e-06,2.459242111292193,3.0947272010640288,40.86469781809254,1.0052136313683062,17.12399754632733,0.12067054082980143,-99.98333675092873,-1.1573229341274334,-18.618208589025286,0.6295741068180681,66.14497529088102,0.2719344611720337,0.10601319282804456,0.00015748,0.5091904991465117,0.00081957,0,0.0
17746,0.0002824536875307704,0.1892809269375963,-1.54e-06,2.459242111292193,3.0947272010640288,-58.10864628793685,1.0052136313683062,-5.199656425348683,0.12067054082980143,-15.368478954444647,-1.1573229341274334,71.03247802148954,0.6295741068180681,25.708974185215293,0.2719344611720337,-0.1434968999609095,0.00015748,0.3175557643974838,0.00081957,1,0.0
17747,0.13531688356693683,0.030559399489806748,-1.54e-06,2.459242111292193,3.0947272010640288,25.8676333520676,1.0052136313683062,4.817023205975038,0.12067054082980143,-9.653136984388626,-1.1573229341274334,-30.56235195631716,0.6295741068180681,1.0471527445248228,0.2719344611720337,-0.12272873865948544,0.00015748,0.12278093802462844,0.00081957,1,0.0
17748,0.0017761823182407266,0.09845612662198448,-1.54e-06,2.459242111292193,3.0947272010640288,68.15180725807294,1.0052136313683062,13.398354633477696,0.12067054082980143,-98.4769306295529,-1.1573229341274334,72.80618304248077,0.6295741068180681,12.784394490281073,0.2719344611720337,0.3684748485276501,0.00015748,0.5017728715869034,0.00081957,0,0.0
17749,0.5791676842912308,0.8991784146669511,-1.54e-06,2.459242111292193,3.0947272010640288,7.717012780148629,1.0052136313683062,-1.400001568648266,0.12067054082980143,-60.9639979901024,-1.1573229341274334,69.2542631949505,0.6295741068180681,49.971075676759696,0.2719344611720337,0.035942886106326066,0.00015748,0.9481518978507721,0.00081957,0,0.0
17750,0.0007148063192190524,0.13366284120527253,-1.54e-06,2.459242111292193,3.0947272010640288,34.57058632787509,1.0052136313683062,10.19101211704217,0.12067054082980143,-87.54234002947248,-1.1573229341274334,69.25882714618115,0.6295741068180681,23.234637542701243,0.2719344611720337,0.2658414038530975,0.00015748,0.33324910147651454,0.00081957,0,0.0
17751,0.181762117468098,0.00962987500809235,-1.54e-06,2.459242111292193,3.0947272010640288,-27.448302841192405,1.0052136313683062,2.976990450961491,0.12067054082980143,-40.882339300913344,-1.1573229341274334,23.104678502486113,0.6295741068180681,38.01429464407941,0.2719344611720337,-0.05095027669058765,0.00015748,0.05475242625991394,0.00081957,1,0.0
17752,0.507012411612574,0.08143232720588171,-1.54e-06,2.459242111292193,3.0947272010640288,-36.54673373325067,1.0052136313683062,9.723435257503604,0.12067054082980143,-81.56449799093512,-1.1573229341274334,14.538324827825145,0.6295741068180681,73.84900687039784,0.2719344611720337,-0.18946701139356653,0.00015748,0.18945576269309944,0.00081957,1,0.0
17753,0.2655853050412482,0.10926503060513862,-1.54e-06,2.459242111292193,3.0947272010640288,11.308403406911841,1.0052136313683062,10.425886744114406,0.12067054082980143,-62.35952085360697,-1.1573229341274334,-8.035912869770122,0.6295741068180681,37.96602469686332,0.2719344611720337,-0.23218873840828133,0.00015748,0.23366185987661545,0.00081957,1,0.0
17754,0.20721145013735104,0.04255564003821139,-1.54e-06,2.459242111292193,3.0947272010640288,-26.903853771520275,1.0052136313683062,7.188435323767795,0.12067054082980143,-74.10343249267991,-1.1573229341274334,34.66802846425428,0.6295741068180681,55.54040791378828,0.2719344611720337,-0.14244150989494356,0.00015748,0.14306727109860165,0.00081957,1,0.0
17755,-0.0001266054737164013,0.2307318370925972,-1.54e-06,2.459242111292193,3.0947272010640288,29.470321345422626,1.0052136313683062,5.811614361083034,0.12067054082980143,-67.54543259096295,-1.1573229341274334,85.98359837530629,0.6295741068180681,12.018421744682293,0.2719344611720337,0.18573925472221903,0.00015748,0.6328743089474593,0.00081957,0,0.0
17756,1.0600733081526887,0.4321103821477204,-1.54e-06,2.459242111292193,3.0947272010640288,10.38244870323517,1.0052136313683062,20.28240568269165,0.12067054082980143,-72.9655823637389,-1.1573229341274334,-87.94906919814939,0.6295741068180681,70.15875479767682,0.2719344611720337,-0.4109477274570691,0.00015748,0.41357603356816164,0.00081957,1,0.0
17757,0.6512304805658871,0.21751295645287513,-1.54e-06,2.459242111292193,3.0947272010640288,-2.9851040524365566,1.0052136313683062,14.900973439672846,0.12067054082980143,-85.10456084721487,-1.1573229341274334,-26.212775321023468,0.6295741068180681,69.03751350330968,0.2719344611720337,-0.3182161461296526,0.00015748,0.3192794359650721,0.00081957,1,0.0
17758,0.308904925784963,0.19633417996020286,-1.54e-06,2.459242111292193,3.0947272010640288,47.15380207808231,1.0052136313683062,13.706614313812326,0.12067054082980143,-62.80600035601142,-1.1573229341274334,-25.57561406235274,0.6295741068180681,24.375351184310645,0.2719344611720337,-0.1624796222160093,0.00015748,0.33189313993808744,0.00081957,1,0.0
17759,0.9603357870486372,0.44830482333212396,-1.54e-06,2.459242111292193,3.0947272010640288,-26.93674799834391,1.0052136313683062,1.8842984269467358,0.12067054082980143,-31.952194446159016,-1.1573229341274334,-51.75069320200691,0.6295741068180681,74.39677483641948,0.2719344611720337,-0.3386406596052697,0.00015748,0.34209294813530056,0.00081957,1,0.0
17760,0.02062355298805274,0.1081851386471842,-1.54e-06,2.459242111292193,3.0947272010640288,43.32206592868317,1.0052136313683062,9.252769932492173,0.12067054082980143,-40.682076402230365,-1.1573229341274334,-15.642553217671727,0.6295741068180681,5.328193901663587,0.2719344611720337,-0.18807071211541115,0.00015748,0.22458438067086783,0.00081957,1,0.0
17761,0.8137196057814835,0.133718902927952,-1.54e-06,2.459242111292193,3.0947272010640288,-25.508378717518607,1.0052136313683062,9.155774912303828,0.12067054082980143,-44.52828403581983,-1.1573229341274334,-43.07600162439947,0.6295741068180681,62.77630472544644,0.2719344611720337,-0.18509498128163185,0.00015748,0.18502628101556165,0.00081957,1,0.0
17762,0.1408969856940817,0.08535227470268149,-1.54e-06,2.459242111292193,3.0947272010640288,-0.21521412896917025,1.0052136313683062,9.394894357171578,0.12067054082980143,-72.26366639797767,-1.1573229341274334,18.82853123405616,0.6295741068180681,42.19950456540039,0.2719344611720337,-0.19934969608574055,0.00015748,0.20245312785697694,0.00081957,1,0.0
17763,0.29067035444466033,0.021292067061856837,-1.54e-06,2.459242111292193,3.0947272010640288,-36.12215136632816,1.0052136313683062,5.2904776837283745,0.12067054082980143,-58.3973393549622,-1.1573229341274334,26.07035031616719,0.6295741068180681,53.72339979213782,0.2719344611720337,-0.09485352181218243,0.00015748,0.09474022124564996,0.00081957,1,0.0
17764,0.9767450581922682,0.15568277270878003,-1.54e-06,2.459242111292193,3.0947272010640288,-43.17753150246242,1.0052136313683062,6.135739979982181,0.12067054082980143,-24.776517216897787,-1.1573229341274334,-54.0996990960688,0.6295741068180681,65.67709292234598,0.2719344611720337,-0.11531317953552213,0.00015748,0.11531594561612969,0.00081957,1,0.0
17765,0.49680773327867056,0.2203166342754642,-1.54e-06,2.459242111292193,3.0947272010640288,13.50350113800048,1.0052136313683062,14.859204054424751,0.12067054082980143,-95.72455099843815,-1.1573229341274334,0.32780252718576375,0.6295741068180681,60.89419061719728,0.2719344611720337,-0.15897022372605918,0.00015748,0.3494168578928162,0.00081957,1,0.0
17766,0.07324574596755018,0.0986307072692489,-1.54e-06,2.459242111292193,3.0947272010640288,38.5339845790425,1.0052136313683062,8.63548660115455,0.12067054082980143,-38.151992932660264,-1.1573229341274334,-20.817353961038254,0.6295741068180681,9.042584794633441,0.2719344611720337,-0.21467580081491286,0.00015748,0.21800311768969413,0.00081957,1,0.0
17767,0.839801088945501,0.3392983220281357,-1.54e-06,2.459242111292193,3.0947272010640288,-8.013973410858231,1.0052136313683062,18.672390983374367,0.12067054082980143,-77.35079452156775,-1.1573229341274334,-50.82356047909381,0.6295741068180681,67.7519492197276,0.2719344611720337,-0.36467457382445684,0.00015748,0.3655503517953043,0.00081957,1,0.0
17768,0.2982443935980026,0.1207158444726673,-1.54e-06,2.459242111292193,3.0947272010640288,50.11689319684835,1.0052136313683062,7.83638503953641,0.12067054082980143,-13.366401148597125,-1.1573229341274334,-63.03616615553717,0.6295741068180681,2.6069688285840287,0.2719344611720337,-0.235851848087557,0.00015748,0.2416237474183156,0.00081957,1,0.0
17769,0.0009136151425775674,0.2927279296781811,-1.54e-06,2.459242111292193,3.0947272010640288,-22.17730357647613,1.0052136313683062,-2.5631494134593704,0.12067054082980143,-27.198407116631923,-1.1573229341274334,75.1219833921866,0.6295741068180681,16.288869025334208,0.2719344611720337,-0.032510792173216035,0.00015748,0.484391702327445,0.00081957,1,0.0
17770,0.4417981603116089,0.1028161758764316,-1.54e-06,2.459242111292193,3.0947272010640288,-21.92368367067351,1.0052136313683062,11.408467921795083,0.12067054082980143,-73.95907458653079,-1.1573229341274334,3.418680592053494,0.6295741068180681,59.55459062837677,0.2719344611720337,-0.2173371500151792,0.00015748,0.21719454375204053,0.00081957,1,0.0
17771,0.040984489907967867,0.0014713853505039366,-1.54e-06,2.459242111292193,3.0947272010640288,-25.13336088256638,1.0052136313683062,1.3404247313303463,0.12067054082980143,-32.3715840851971,-1.1573229341274334,31.17704503540874,0.6295741068180681,27.131362717223528,0.2719344611720337,-0.017228554127120117,0.00015748,0.017351475644068377,0.00081957,1,0.0
17772,0.9962621750931393,0.1856513339972296,-1.54e-06,2.459242111292193,3.0947272010640288,-52.59841447995348,1.0052136313683062,10.149570941157387,0.12067054082980143,-49.125110028479014,-1.1573229341274334,-40.5774979963264,0.6295741068180681,78.618456745744,0.2719344611720337,-0.18300951331940973,0.00015748,0.1823950946758136,0.00081957,1,0.0
17773,3.329149312963908e-05,0.35232304252832636,-1.54e-06,2.459242111292193,3.0947272010640288,74.59000660030752,1.0052136313683062,4.166121285484241,0.12067054082980143,-27.961037091484386,-1.1573229341274334,59.81804310716319,0.6295741068180681,-28.47507751293634,0.2719344611720337,0.1934345239194461,0.00015748,0.9218219166621262,0.00081957,0,0.0
17774,0.0005720800232067447,0.059057398829145694,-1.54e-06,2.459242111292193,3.0947272010640288,98.95789248484037,1.0052136313683062,14.235680945407445,0.12067054082980143,-90.81898383248428,-1.1573229341274334,61.24090319682547,0.6295741068180681,-3.7449323058405968,0.2719344611720337,0.41990740181267666,0.00015748,0.6179878508349753,0.00081957,0,0.0
17775,0.6287502834149685,0.10707558388846837,-1.54e-06,2.459242111292193,3.0947272010640288,-6.032668954439593,1.0052136313683062,8.909624516443804,0.12067054082980143,-39.046789167806935,-1.1573229341274334,-42.050477541319275,0.6295741068180681,46.18735409341009,0.2719344611720337,-0.19191723863367513,0.00015748,0.192986426044742,0.00081957,1,0.0
17776,0.00029229965933436075,0.07500446599032475,-1.54e-06,2.459242111292193,3.0947272010640288,25.355738473479395,1.0052136313683062,4.396375374477973,0.12067054082980143,-25.41148384458661,-1.1573229341274334,7.929441059573206,0.6295741068180681,1.5473220807333445,0.2719344611720337,0.05257854964621227,0.00015748,0.12242372835726734,0.00081957,0,0.0
17777,0.12098392161265503,0.05097737089744738,-1.54e-06,2.459242111292193,3.0947272010640288,0.19137417576557691,1.0052136313683062,7.156635826065573,0.12067054082980143,-54.78182981129495,-1.1573229341274334,12.497797544346176,0.6295741068180681,32.67247243690315,0.2719344611720337,-0.15710520886799165,0.00015748,0.15709605316255096,0.00081957,1,0.0
17778,0.1267725396324042,0.0753880574180338,-1.54e-06,2.459242111292193,3.0947272010640288,-21.97335827950121,1.0052136313683062,9.281394567452523,0.12067054082980143,-91.51028443657069,-1.1573229341274334,46.53562224672029,0.6295741068180681,59.13819063973772,0.2719344611720337,-0.1851803856718179,0.00015748,0.18614045178034663,0.00081957,1,0.0
17779,0.25262296723055205,0.012569079513757303,-1.54e-06,2.459242111292193,3.0947272010640288,-51.628285251224185,1.0052136313683062,4.322465864246475,0.12067054082980143,-67.98398806089975,-1.1573229341274334,47.292547459316175,0.6295741068180681,62.893803807994175,0.2719344611720337,-0.06740348704312626,0.00015748,0.06779259346171207,0.00081957,1,0.0
17780,0.004510267657065636,0.022628704428503503,-1.54e-06,2.459242111292193,3.0947272010640288,-37.84084006542588,1.0052136313683062,4.173260539083041,0.12067054082980143,-74.99849619611791,-1.1573229341274334,65.50457559181095,0.6295741068180681,52.674692679919694,0.2719344611720337,-0.07559117234672422,0.00015748,0.07679195391604546,0.00081957,1,0.0
17781,0.004718150692512135,0.14920767291030726,-1.54e-06,2.459242111292193,3.0947272010640288,85.35518931110857,1.0052136313683062,10.059619014667241,0.12067054082980143,-10.585925109607658,-1.1573229341274334,-36.72807014993951,0.6295741068180681,-32.85225531289922,0.2719344611720337,0.06317111818550852,0.00015748,0.2632635558501503,0.00081957,0,0.0
17782,0.6692901743107875,0.08835881670511068,-1.54e-06,2.459242111292193,3.0947272010640288,-28.71040084874462,1.0052136313683062,7.393643428758041,0.12067054082980143,-46.06105377645736,-1.1573229341274334,-24.171807936793968,0.6295741068180681,59.905009891338665,0.2719344611720337,-0.1529252571006969,0.00015748,0.1529188057207774,0.00081957,1,0.0
17783,0.5151232738148851,0.038090219551841345,-1.54e-06,2.459242111292193,3.0947272010640288,-43.683447924168775,1.0052136313683062,3.591606784345396,0.12067054082980143,-38.236325038286914,-1.1573229341274334,0.5699626143386733,0.6295741068180681,55.492119314129866,0.2719344611720337,-0.06270527790716801,0.00015748,0.0628807672449887,0.00081957,1,0.0
17784,1.4556315706409593,0.34347238884000203,-1.54e-06,2.459242111292193,3.0947272010640288,-75.9186018093407,1.0052136313683062,5.9066053949962045,0.12067054082980143,-21.33311660422164,-1.1573229341274334,-77.9015897276523,0.6295741068180681,94.4869394784653,0.2719344611720337,-0.1004580168988804,0.00015748,0.10039105869905646,0.00081957,1,0.0
17785,0.9045808992877439,0.6241039973634241,-1.54e-06,2.459242111292193,3.0947272010640288,60.22888273326935,1.0052136313683062,9.090601050906084,0.12067054082980143,-59.48478895079681,-1.1573229341274334,-14.321273347762714,0.6295741068180681,39.291492351822086,0.2719344611720337,0.20461115509769062,0.00015748,0.751403183273766,0.00081957,0,0.0
17786,0.6850486085628129,0.05606575041836463,-1.54e-06,2.459242111292193,3.0947272010640288,-92.06257576158136,1.0052136313683062,4.186204279495478,0.12067054082980143,-72.26174275294765,-1.1573229341274334,37.479306034248,0.6295741068180681,95.91463225764785,0.2719344611720337,-0.05019946770417933,0.00015748,0.05047176607584009,0.00081957,1,0.0
17787,0.16713479252535268,0.11881569953135854,-1.54e-06,2.459242111292193,3.0947272010640288,67.22493464493968,1.0052136313683062,9.294834208745288,0.12067054082980143,-7.524741050383308,-1.1573229341274334,-68.81233319252199,0.6295741068180681,-13.799443863714242,0.2719344611720337,-0.24142914288409847,0.00015748,0.24165315249081867,0.00081957,1,0.0
17788,0.3414312172580824,0.0202650363248545,-1.54e-06,2.459242111292193,3.0947272010640288,-88.76546489409493,1.0052136313683062,0.47908422156308494,0.12067054082980143,-61.078259497452045,-1.1573229341274334,65.10586089003354,0.6295741068180681,75.84040457370683,0.2719344611720337,-0.052684267127478174,0.00015748,0.052563771681268925,0.00081957,1,0.0
17789,0.5581679192610454,0.17343305090679584,-1.54e-06,2.459242111292193,3.0947272010640288,10.728353773903205,1.0052136313683062,12.796967031539088,0.12067054082980143,-62.09650313540836,-1.1573229341274334,-38.15042886786075,0.6295741068180681,49.14873734109224,0.2719344611720337,-0.2846629022532593,0.00015748,0.2847195609490426,0.00081957,1,0.0
17790,0.46801132468361645,0.07926727215468508,-1.54e-06,2.459242111292193,3.0947272010640288,-75.42261678291858,1.0052136313683062,-3.3312400143753296,0.12067054082980143,-5.773588900076731,-1.1573229341274334,15.781274501968726,0.6295741068180681,47.60889615034312,0.2719344611720337,-0.1187669519486202,0.00015748,0.11868645147933556,0.00081957,1,0.0
17791,0.22602353163772315,0.1834395399945128,-1.54e-06,2.459242111292193,3.0947272010640288,82.11366726259642,1.0052136313683062,13.47529937599912,0.12067054082980143,-50.42283434320688,-1.1573229341274334,-23.55540904736357,0.6295741068180681,-1.600467177796339,0.2719344611720337,0.08908558253529206,0.00015748,0.36518795182736663,0.00081957,0,0.0
17792,0.9721207088971278,0.2931609044189719,-1.54e-06,2.459242111292193,3.0947272010640288,-18.588358249806305,1.0052136313683062,16.374733840868185,0.12067054082980143,-88.53499071135644,-1.1573229341274334,-45.30206482887142,0.6295741068180681,88.49762569770502,0.2719344611720337,-0.3421127108281922,0.00015748,0.34201124865082505,0.00081957,1,0.0
17793,0.03991122128185598,0.1450381304887992,-1.54e-06,2.459242111292193,3.0947272010640288,68.44588812802704,1.0052136313683062,11.646983693291926,0.12067054082980143,-57.18302417877863,-1.1573229341274334,7.322332728816897,0.6295741068180681,-0.4233991848504178,0.2719344611720337,0.12116633082448591,0.00015748,0.3095049065295976,0.00081957,0,0.0
17794,0.7463243478118353,0.1339452303088957,-1.54e-06,2.459242111292193,3.0947272010640288,-2.3046395588537685,1.0052136313683062,8.944204677268749,0.12067054082980143,-27.236701636176818,-1.1573229341274334,-62.68407105950049,0.6295741068180681,43.282249233444496,0.2719344611720337,-0.19495128214433555,0.00015748,0.19602417866661548,0.00081957,1,0.0
17795,0.009470505172638921,0.13310562004120494,-1.54e-06,2.459242111292193,3.0947272010640288,76.66761026507812,1.0052136313683062,12.160521792546632,0.12067054082980143,-66.82722402651389,-1.1573229341274334,26.319284727620925,0.6295741068180681,-2.2086198128904653,0.2719344611720337,0.27973885404926413,0.00015748,0.33763937652236975,0.00081957,0,0.0
17796,0.28708904810441227,0.16898169861327048,-1.54e-06,2.459242111292193,3.0947272010640288,55.83091508987049,1.0052136313683062,11.825484749863936,0.12067054082980143,-32.33413689250054,-1.1573229341274334,-59.17336744110719,0.6295741068180681,7.291690571846287,0.2719344611720337,-0.2755801708031309,0.00015748,0.2902957199625591,0.00081957,1,0.0
17797,0.9868016569795901,0.15150594709879445,-1.54e-06,2.459242111292193,3.0947272010640288,-70.24382186376641,1.0052136313683062,9.513683966259682,0.12067054082980143,-73.79983012755629,-1.1573229341274334,-11.486656334246675,0.6295741068180681,99.7749856465632,0.2719344611720337,-0.16554529597111284,0.00015748,0.16551652394225685,0.00081957,1,0.0
17798,0.5213458864023031,0.2802892707511068,-1.54e-06,2.459242111292193,3.0947272010640288,64.92556510076479,1.0052136313683062,15.878564465193882,0.12067054082980143,-51.00638282560521,-1.1573229341274334,-67.02397997047072,0.6295741068180681,20.20550697819226,0.2719344611720337,-0.21962593200356478,0.00015748,0.3923782975735804,0.00081957,1,0.0
17799,-0.0002197351732589059,0.08568510460214171,-1.54e-06,2.459242111292193,3.0947272010640288,12.082218154104492,1.0052136313683062,5.134662180917816,0.12067054082980143,-46.57964119211904,-1.1573229341274334,32.02924971462079,0.6295741068180681,16.6548023696943,0.2719344611720337,0.07748088867431777,0.00015748,0.13300178616483474,0.00081957,0,0.0
17800,7.585815040808058,42.25910973298321,-1.54e-06,1.053781742958659,1.4533862399266007,-11.973657028637463,1.0052136313683062,20.006503278609838,0.12067054082980143,-54.06144774804234,-1.1573229341274334,-7.317214976467939,0.6295741068180681,61.874120179594215,0.2719344611720337,0.255680102120853,0.00015748,9.531199258145723,0.00081957,0,0.0
17801,-3.1687637448058217,24.662016172521536,-1.54e-06,1.053781742958659,1.4533862399266007,-11.318330194620094,1.0052136313683062,-2.5667074837439534,0.12067054082980143,-41.36104668960738,-1.1573229341274334,35.41714025294089,0.6295741068180681,17.634195105142783,0.2719344611720337,-1.7863577371362243,0.00015748,1.7228839753023553,0.00081957,1,0.0
17802,7.203144232645277,68.29029951661357,-1.54e-06,1.053781742958659,1.4533862399266007,75.62772561527477,1.0052136313683062,65.24628819823414,0.12067054082980143,-57.25834168748259,-1.1573229341274334,-59.46379312780429,0.6295741068180681,-17.231869541625354,0.2719344611720337,0.27004177545228103,0.00015748,37.97104535089764,0.00081957,0,0.0
17803,-5.3100330163105545,10.814067891817261,-1.54e-06,1.053781742958659,1.4533862399266007,31.49370233563881,1.0052136313683062,16.422458283121333,0.12067054082980143,-77.70991642634849,-1.1573229341274334,56.105915313628344,0.6295741068180681,-20.766129301447233,0.2719344611720337,12.03286362794628,0.00015748,29.81381033352599,0.00081957,0,0.0
17804,-2.8374171995235837,5.85917303808171,-1.54e-06,1.053781742958659,1.4533862399266007,45.077575355643525,1.0052136313683062,24.827581449291177,0.12067054082980143,-55.80280102997467,-1.1573229341274334,16.592314515521483,0.6295741068180681,-28.324551635638013,0.2719344611720337,13.84915760650201,0.00015748,18.563414505576624,0.00081957,0,0.0
17805,-4.493244906126408,9.162260391104986,-1.54e-06,1.053781742958659,1.4533862399266007,56.61669339580637,1.0052136313683062,30.411471771747582,0.12067054082980143,-78.79134594583537,-1.1573229341274334,31.77947565505479,0.6295741068180681,-36.31060445870365,0.2719344611720337,19.959639089518006,0.00015748,24.998130653095707,0.00081957,0,0.0
17806,0.055689247631936833,1.0586072701975243e-05,-1.54e-06,1.053781742958659,1.4533862399266007,-15.037915495723608,1.0052136313683062,8.29559945183777,0.12067054082980143,-62.804479798333496,-1.1573229341274334,32.676810222717585,0.6295741068180681,39.186809318690194,0.2719344611720337,0.4361411844637013,0.00015748,6.3048607764442535,0.00081957,0,0.0
17807,6.683867011878328,40.1251889567353,-1.54e-06,1.053781742958659,1.4533862399266007,-47.92299811516728,1.0052136313683062,1.2248824893091743,0.12067054082980143,-33.3890228926165,-1.1573229341274334,0.9280243423543748,0.6295741068180681,82.98431902816225,0.2719344611720337,-12.278505186370406,0.00015748,-3.0441869918496653,0.00081957,1,0.0
17808,0.017143047027540437,0.012424102796686931,-1.54e-06,1.053781742958659,1.4533862399266007,-23.599695788726578,1.0052136313683062,10.746243199460821,0.12067054082980143,-90.98223930358473,-1.1573229341274334,49.66295537129848,0.6295741068180681,57.847014925073076,0.2719344611720337,0.298483790215891,0.00015748,9.713241766073477,0.00081957,0,0.0
17809,-4.7127405178479,9.655445502839163,-1.54e-06,1.053781742958659,1.4533862399266007,35.23296668109167,1.0052136313683062,15.97091176310025,0.12067054082980143,-61.446864533941124,-1.1573229341274334,42.48499265837801,0.6295741068180681,-27.688897504370047,0.2719344611720337,12.177458776966603,0.00015748,25.868603117681616,0.00081957,0,0.0
17810,0.0024457879455637155,0.016803585356397185,-1.54e-06,1.053781742958659,1.4533862399266007,6.189867945902914,1.0052136313683062,23.179674497141054,0.12067054082980143,-87.03165843998579,-1.1573229341274334,27.959893959996947,0.6295741068180681,31.932227531486294,0.2719344611720337,4.469443207760734,0.00015748,12.17872062587773,0.00081957,0,0.0
17811,-1.9026320460553556,7.410700717051103,-1.54e-06,1.053781742958659,1.4533862399266007,91.3405355181854,1.0052136313683062,47.76962014792353,0.12067054082980143,-35.03992548158739,-1.1573229341274334,-33.586782491276104,0.6295741068180681,-72.1301156352064,0.2719344611720337,3.1208246330998435,0.00015748,32.23031155949841,0.00081957,0,0.0
17812,-1.4788353724847045,3.1755318236186008,-1.54e-06,1.053781742958659,1.4533862399266007,82.39315583859971,1.0052136313683062,36.29595873870587,0.12067054082980143,-18.285504699673233,-1.1573229341274334,-34.657096106247394,0.6295741068180681,-67.13645377586711,0.2719344611720337,0.9542454415140735,0.00015748,29.26590234669974,0.00081957,0,0.0
17813,6.009545166975648,33.45829261289241,-1.54e-06,1.053781742958659,1.4533862399266007,-41.845346837743506,1.0052136313683062,0.5143211310847118,0.12067054082980143,-29.72169766241721,-1.1573229341274334,1.9969321356039431,0.6295741068180681,73.19916140046125,0.2719344611720337,-8.985939378476635,0.00015748,-2.6456510636283928,0.00081957,1,0.0
17814,10.664220878956023,114.85984863133555,-1.54e-06,1.053781742958659,1.4533862399266007,45.4955929731323,1.0052136313683062,50.60950488692464,0.12067054082980143,-40.05748359681372,-1.1573229341274334,-60.34828531853088,0.6295741068180681,15.169075006215165,0.2719344611720337,0.3259678002353006,0.00015748,29.352625714612817,0.00081957,0,0.0
17815,6.281301323838966,35.479557789339985,-1.54e-06,1.053781742958659,1.4533862399266007,21.984973630314794,1.0052136313683062,32.91835988731196,0.12067054082980143,-47.32083385836883,-1.1573229341274334,-24.95017227063232,0.6295741068180681,24.029227620549207,0.2719344611720337,0.2675361707143278,0.00015748,18.543427792464662,0.00081957,0,0.0
17816,12.79638171393197,262.3969690436385,-1.54e-06,1.053781742958659,1.4533862399266007,49.86610454023427,1.0052136313683062,45.998352490575236,0.12067054082980143,-93.29996244787152,-1.1573229341274334,-39.86501715139581,0.6295741068180681,54.68422392022185,0.2719344611720337,0.2603133638405204,0.00015748,48.30231794887705,0.00081957,0,0.0
17817,-7.187889020382522,14.612545738247503,-1.54e-06,1.053781742958659,1.4533862399266007,33.50689148373309,1.0052136313683062,-3.350664709713435,0.12067054082980143,-12.454326698125053,-1.1573229341274334,47.89350179458395,0.6295741068180681,-60.31322652045929,0.2719344611720337,2.649787602367958,0.00015748,35.73746450750091,0.00081957,0,0.0
17818,7.8691742340055475,60.43613609594741,-1.54e-06,1.053781742958659,1.4533862399266007,30.807357069324958,1.0052136313683062,36.11598324058374,0.12067054082980143,-34.20978824406636,-1.1573229341274334,-40.97954402232093,0.6295741068180681,16.409191166808665,0.2719344611720337,0.2509097404621734,0.00015748,21.402671532311476,0.00081957,0,0.0
17819,-2.0104199897793347,4.287654647673728,-1.54e-06,1.053781742958659,1.4533862399266007,79.962751087663,1.0052136313683062,38.050815818114636,0.12067054082980143,-36.24650193234273,-1.1573229341274334,-21.462243168074743,0.6295741068180681,-60.573561141034645,0.2719344611720337,5.359562831935296,0.00015748,29.520327798360935,0.00081957,0,0.0
17820,4.22990695247764,16.47788422624936,-1.54e-06,1.053781742958659,1.4533862399266007,11.159995173815568,1.0052136313683062,18.9454015383615,0.12067054082980143,-24.120273330012388,-1.1573229341274334,-17.026720567627322,0.6295741068180681,15.55409643859573,0.2719344611720337,0.2956763986798654,0.00015748,10.358897072970041,0.00081957,0,0.0
17821,1.2033567753357048,21.55268714239848,-1.54e-06,1.053781742958659,1.4533862399266007,-57.71980021811088,1.0052136313683062,-6.145969982877968,0.12067054082980143,-81.93600466627232,-1.1573229341274334,55.74706674027848,0.6295741068180681,92.40834398075486,0.2719344611720337,-8.713775426108379,0.00015748,0.2210754604555092,0.00081957,1,0.0
17822,4.1854348616002905,10.452980563464793,-1.54e-06,1.053781742958659,1.4533862399266007,-3.312343614482806,1.0052136313683062,23.365646854031525,0.12067054082980143,-75.09460036166028,-1.1573229341274334,8.395646926479397,0.6295741068180681,51.676204462255164,0.2719344611720337,0.2661087816165679,0.00015748,11.729739172350106,0.00081957,0,0.0
17823,16.415408810146513,247.12780093702736,-1.54e-06,1.053781742958659,1.4533862399266007,56.52198571922574,1.0052136313683062,79.91580160356109,0.12067054082980143,-99.8252884489439,-1.1573229341274334,-72.53728628865822,0.6295741068180681,53.030769804308356,0.2719344611720337,0.2791921748082338,0.00015748,45.362163822092256,0.00081957,0,0.0
17824,-1.0801278911195737,2.3947932994525583,-1.54e-06,1.053781742958659,1.4533862399266007,-0.7452756760739421,1.0052136313683062,2.6447167739815325,0.12067054082980143,-29.218334362078757,-1.1573229341274334,23.189849964089195,0.6295741068180681,6.698627254259738,0.2719344611720337,1.3134781228418824,0.00015748,9.607073352855112,0.00081957,0,0.0
17825,-3.4758125689068913,7.2078106933475645,-1.54e-06,1.053781742958659,1.4533862399266007,1.4239223002090746,1.0052136313683062,7.577350154336819,0.12067054082980143,-74.09907789623338,-1.1573229341274334,59.411269698136266,0.6295741068180681,11.251952963870721,0.2719344611720337,3.6744270120086036,0.00015748,24.08516511229167,0.00081957,0,0.0
17826,-2.601237299276443,5.369924075722822,-1.54e-06,1.053781742958659,1.4533862399266007,28.126724860245837,1.0052136313683062,21.37572867917329,0.12067054082980143,-71.36198645518667,-1.1573229341274334,31.793506065390424,0.6295741068180681,-6.570130228597404,0.2719344611720337,13.799446191968055,0.00015748,16.237434863149932,0.00081957,0,0.0
17827,2.4490582889811585,23.13144881464581,-1.54e-06,1.053781742958659,1.4533862399266007,-48.809344320016564,1.0052136313683062,-11.302274292703117,0.12067054082980143,-29.65600618888684,-1.1573229341274334,28.34401114991574,0.6295741068180681,64.6297636846092,0.2719344611720337,-10.76956105112102,0.00015748,0.2270545868272622,0.00081957,1,0.0
17828,-9.277131092962737,18.784945314672534,-1.54e-06,1.053781742958659,1.4533862399266007,67.21056885997025,1.0052136313683062,16.953194730903004,0.12067054082980143,-61.456647737553425,-1.1573229341274334,61.15573876008425,0.6295741068180681,-77.27184770823436,0.2719344611720337,16.504379626897432,0.00015748,45.634140805539374,0.00081957,0,0.0
17829,1.1102253477683144,0.1920798614746238,-1.54e-06,1.053781742958659,1.4533862399266007,-14.66247048086585,1.0052136313683062,11.685161372655205,0.12067054082980143,-67.72300067211157,-1.1573229341274334,26.75346132555471,0.6295741068180681,46.25714906566215,0.2719344611720337,0.28869281363536636,0.00015748,5.289725637192811,0.00081957,0,0.0
17830,-8.237020047257221,86.28150998294299,-1.54e-06,1.053781742958659,1.4533862399266007,69.83240366287085,1.0052136313683062,34.036830288760676,0.12067054082980143,-38.410784222797396,-1.1573229341274334,36.45159977802581,0.6295741068180681,-97.1505426909106,0.2719344611720337,9.964160318468736,0.00015748,45.13791747942657,0.00081957,0,0.0
17831,0.3064549849921514,6.1942396710331e-06,-1.54e-06,1.053781742958659,1.4533862399266007,-2.513995789106038,1.0052136313683062,15.9334897116466,0.12067054082980143,-68.14481840648834,-1.1573229341274334,23.75523588462894,0.6295741068180681,32.64325523880268,0.2719344611720337,1.8813345540263913,0.00015748,7.844608869858803,0.00081957,0,0.0
17832,-2.0951298698989698,4.322250808660598,-1.54e-06,1.053781742958659,1.4533862399266007,35.670231725704916,1.0052136313683062,16.31822478487139,0.12067054082980143,-27.87936212107637,-1.1573229341274334,5.909903806063978,0.6295741068180681,-28.66544982957602,0.2719344611720337,9.137833842336015,0.00015748,13.299753956196255,0.00081957,0,0.0
17833,-9.747654459417724,154.15924300864498,-1.54e-06,1.053781742958659,1.4533862399266007,-30.784284127717367,1.0052136313683062,-30.413142128805656,0.12067054082980143,-9.221417248643926,-1.1573229341274334,63.575153706692355,0.6295741068180681,-2.712049979958792,0.2719344611720337,-17.890106716111035,0.00015748,0.23415407890126438,0.00081957,1,0.0
17834,0.11416796596823264,2.347499521105785e-05,-1.54e-06,1.053781742958659,1.4533862399266007,-24.96590454338484,1.0052136313683062,12.79435738420035,0.12067054082980143,-99.86071212064135,-1.1573229341274334,52.46311981953579,0.6295741068180681,63.286322671668785,0.2719344611720337,0.37645440182978707,0.00015748,10.00658406397583,0.00081957,0,0.0
17835,0.006173417996286457,0.00016778568051015473,-1.54e-06,1.053781742958659,1.4533862399266007,-11.315549624324639,1.0052136313683062,6.131241648101594,0.12067054082980143,-47.171905819464016,-1.1573229341274334,24.823554663154795,0.6295741068180681,29.28147910367171,0.2719344611720337,0.3208299243576298,0.00015748,4.816099604339453,0.00081957,0,0.0
17836,-2.6108972293019064,31.819119058774803,-1.54e-06,1.053781742958659,1.4533862399266007,-33.64369590052957,1.0052136313683062,-0.03588362086367192,0.12067054082980143,-97.70369845930067,-1.1573229341274334,65.03699876775971,0.6295741068180681,65.48377721316328,0.2719344611720337,-1.8140512918106868,0.00015748,1.8321865488228433,0.00081957,1,0.0
17837,-1.9835655701338544,39.07595616911833,-1.54e-06,1.053781742958659,1.4533862399266007,-39.70696718338851,1.0052136313683062,-19.697484941527737,0.12067054082980143,-14.64850372806344,-1.1573229341274334,37.77479367822889,0.6295741068180681,34.916028806869704,0.2719344611720337,-13.085319029976596,0.00015748,0.2451340313830963,0.00081957,1,0.0
17838,-6.319339833978283,12.873671408262911,-1.54e-06,1.053781742958659,1.4533862399266007,18.875276323533015,1.0052136313683062,9.583990890122598,0.12067054082980143,-85.72439930945937,-1.1573229341274334,76.94073288015318,0.6295741068180681,-12.454474555663387,0.2719344611720337,7.249655430838187,0.00015748,36.77834423643064,0.00081957,0,0.0
17839,6.529850666592296,35.39016284802266,-1.54e-06,1.053781742958659,1.4533862399266007,-29.77451729810079,1.0052136313683062,6.2037879157043685,0.12067054082980143,-19.841308789570252,-1.1573229341274334,-15.946213101726729,0.6295741068180681,61.79969221811011,0.2719344611720337,-13.4684360461911,0.00015748,0.04671989242214458,0.00081957,1,0.0
17840,4.236003057258757,27.268064683866278,-1.54e-06,1.053781742958659,1.4533862399266007,-48.79278502677026,1.0052136313683062,-8.208163006120268,0.12067054082980143,-25.30947391989435,-1.1573229341274334,18.575832221837043,0.6295741068180681,68.53320758085754,0.2719344611720337,-10.171235858685481,0.00015748,0.20933575642062063,0.00081957,1,0.0
17841,6.942235424641321,47.86095263117078,-1.54e-06,1.053781742958659,1.4533862399266007,-42.09970418701467,1.0052136313683062,-1.041430624936091,0.12067054082980143,-6.377913279773054,-1.1573229341274334,-14.891103860687627,0.6295741068180681,67.25585086979542,0.2719344611720337,-14.491210445501192,0.00015748,-4.355472807441207,0.00081957,1,0.0
17842,5.823454675171481,22.521187813177782,-1.54e-06,1.053781742958659,1.4533862399266007,-27.611749110366805,1.0052136313683062,8.158343236159618,0.12067054082980143,-51.43147347816805,-1.1573229341274334,9.224407553752142,0.6295741068180681,68.60389445601015,0.2719344611720337,0.24284281456830015,0.00015748,2.644505704442997,0.00081957,0,0.0
17843,-5.307396603754216,11.036002640989395,-1.54e-06,1.053781742958659,1.4533862399266007,-0.09473312687643065,1.0052136313683062,5.8409697981693975,0.12067054082980143,-92.67611542652448,-1.1573229341274334,84.23305750948607,0.6295741068180681,10.525058457686079,0.2719344611720337,2.65154416775756,0.00015748,35.16616568545362,0.00081957,0,0.0
17844,0.00296506951052522,6.113835840522745,-1.54e-06,1.053781742958659,1.4533862399266007,-16.77746899061894,1.0052136313683062,-3.4612345407962724,0.12067054082980143,-22.61245548236702,-1.1573229341274334,17.884518516958725,0.6295741068180681,25.446856888233743,0.2719344611720337,-2.770079980429817,0.00015748,0.2243960404180192,0.00081957,1,0.0
17845,-5.379945838412824,11.005194282918344,-1.54e-06,1.053781742958659,1.4533862399266007,41.555723550022684,1.0052136313683062,14.694652554337896,0.12067054082980143,-52.1276296513699,-1.1573229341274334,40.766057792488,0.6295741068180681,-40.325189194821604,0.2719344611720337,12.249759110708407,0.00015748,28.239418756250107,0.00081957,0,0.0
17846,-6.4018683450796345,13.0294013374754,-1.54e-06,1.053781742958659,1.4533862399266007,16.16076948159004,1.0052136313683062,-2.3539134779128057,0.12067054082980143,-39.98621166859119,-1.1573229341274334,62.804383901076555,0.6295741068180681,-30.428921467079117,0.2719344611720337,1.0321366209266927,0.00015748,34.952077457661495,0.00081957,0,0.0
17847,0.3042144636832056,1.2826256487618456e-05,-1.54e-06,1.053781742958659,1.4533862399266007,-1.680028787798674,1.0052136313683062,17.50529676212273,0.12067054082980143,-73.27796009010198,-1.1573229341274334,25.079023798382146,0.6295741068180681,34.148441812136845,0.2719344611720337,2.1318471467458395,0.00015748,8.672267081715754,0.00081957,0,0.0
17848,-0.0048387942471634915,0.7081231040936372,-1.54e-06,1.053781742958659,1.4533862399266007,82.79408381286925,1.0052136313683062,57.246320174436086,0.12067054082980143,-87.36584255600894,-1.1573229341274334,-21.32332672747579,0.6295741068180681,-31.395831012052966,0.2719344611720337,0.2622358569656349,0.00015748,38.07090569165484,0.00081957,0,0.0
17849,4.761657519875612,31.625662867082443,-1.54e-06,1.053781742958659,1.4533862399266007,82.91813059614886,1.0052136313683062,63.12778653759233,0.12067054082980143,-67.94500362877885,-1.1573229341274334,-48.74023639960729,0.6295741068180681,-24.787229161741156,0.2719344611720337,0.26891639584215454,0.00015748,39.75785689296211,0.00081957,0,0.0
17850,2.5447791977863563,12.85035838813497,-1.54e-06,1.053781742958659,1.4533862399266007,72.4434513287266,1.0052136313683062,47.30809918658926,0.12067054082980143,-41.585718595003705,-1.1573229341274334,-40.891872133681176,0.6295741068180681,-34.96661584091087,0.2719344611720337,0.2861324890915089,0.00015748,31.338176218554246,0.00081957,0,0.0
17851,0.0003466087297550047,0.07467506286266865,-1.54e-06,1.053781742958659,1.4533862399266007,33.46300568659138,1.0052136313683062,25.348776976426194,0.12067054082980143,-44.23108365803024,-1.1573229341274334,-5.726318906645379,0.6295741068180681,-8.766284563985435,0.2719344611720337,0.28662925359467195,0.00015748,16.378921686753355,0.00081957,0,0.0
17852,0.3024418327855596,2.958294716197738e-05,-1.54e-06,1.053781742958659,1.4533862399266007,28.709910983902645,1.0052136313683062,36.87323748925714,0.12067054082980143,-97.26764934489059,-1.1573229341274334,12.844396975773627,0.6295741068180681,19.803852831576883,0.2719344611720337,0.8902708434881266,0.00015748,21.174248214624356,0.00081957,0,0.0
17853,0.1386290692571066,2.3773682366979182e-05,-1.54e-06,1.053781742958659,1.4533862399266007,13.37172956766925,1.0052136313683062,24.438348893333956,0.12067054082980143,-75.98118773493721,-1.1573229341274334,17.167220267994555,0.6295741068180681,22.269238471882144,0.2719344611720337,2.08031508461963,0.00015748,13.36969145193758,0.00081957,0,0.0
17854,-8.497920935614125,17.2897455629081,-1.54e-06,1.053781742958659,1.4533862399266007,71.45153162130768,1.0052136313683062,21.946097403269665,0.12067054082980143,-65.18975377212239,-1.1573229341274334,52.951680069279554,0.6295741068180681,-75.15659358423011,0.2719344611720337,19.189915695491663,0.00015748,42.07422385104605,0.00081957,0,0.0
17855,-0.008009901260241037,1.3578442843061302,-1.54e-06,1.053781742958659,1.4533862399266007,82.6951939194899,1.0052136313683062,50.5438674596101,0.12067054082980143,-59.866925039719476,-1.1573229341274334,-29.79290923719785,0.6295741068180681,-43.76336687919827,0.2719344611720337,0.25360159753955713,0.00015748,34.9012713998986,0.00081957,0,0.0
17856,3.7195059486196973,35.11917532540522,-1.54e-06,1.053781742958659,1.4533862399266007,-63.705781484790656,1.0052136313683062,-16.76619125359351,0.12067054082980143,-24.179107431157774,-1.1573229341274334,29.87859932481555,0.6295741068180681,79.32793015454517,0.2719344611720337,-15.392662135139458,0.00015748,0.22359442026650633,0.00081957,1,0.0
17857,-0.22178435953117592,17.998535967904505,-1.54e-06,1.053781742958659,1.4533862399266007,-42.6605004748794,1.0052136313683062,-4.349369709878959,0.12067054082980143,-73.73843595244331,-1.1573229341274334,50.75999155783663,0.6295741068180681,70.84376167608835,0.2719344611720337,-5.555390459814321,0.00015748,0.23794528390626368,0.00081957,1,0.0
17858,4.618103711373486,27.930357651467503,-1.54e-06,1.053781742958659,1.4533862399266007,-43.46870790293485,1.0052136313683062,-6.476447349405811,0.12067054082980143,-19.19294018144269,-1.1573229341274334,11.201069047998049,0.6295741068180681,62.788576545642854,0.2719344611720337,-8.720186506470904,0.00015748,-0.4698219930580727,0.00081957,1,0.0
17859,4.59309129035022,28.9487282013227,-1.54e-06,1.053781742958659,1.4533862399266007,86.69129162370207,1.0052136313683062,64.75578238954299,0.12067054082980143,-77.7229566050525,-1.1573229341274334,-46.168643149464984,0.6295741068180681,-22.918249348575927,0.2719344611720337,0.31736864171807255,0.00015748,42.41800082722017,0.00081957,0,0.0
17860,-4.853075081710269,9.983655542392714,-1.54e-06,1.053781742958659,1.4533862399266007,96.96380805475609,1.0052136313683062,52.55806815294861,0.12067054082980143,-99.23423306414044,-1.1573229341274334,15.03121685175483,0.6295741068180681,-62.50598488782146,0.2719344611720337,21.08899869753057,0.00015748,38.720379903331974,0.00081957,0,0.0
17861,-5.262768979780194,10.754081803684944,-1.54e-06,1.053781742958659,1.4533862399266007,9.810293609552653,1.0052136313683062,-2.106636437681168,0.12067054082980143,-39.72866391115786,-1.1573229341274334,57.00511331559793,0.6295741068180681,-19.36325300539974,0.2719344611720337,0.40051681907455894,0.00015748,29.943135408474944,0.00081957,0,0.0
17862,-0.2218053320459088,1.124070607395657,-1.54e-06,1.053781742958659,1.4533862399266007,54.39429211063887,1.0052136313683062,27.849539864598377,0.12067054082980143,-19.479864813699276,-1.1573229341274334,-24.60228589830667,0.6295741068180681,-38.5210535152705,0.2719344611720337,0.291887629424636,0.00015748,20.567597735622847,0.00081957,0,0.0
17863,4.691753894962216,17.078086579112593,-1.54e-06,1.053781742958659,1.4533862399266007,-36.26078269171682,1.0052136313683062,3.0606261266228025,0.12067054082980143,-46.28625048408633,-1.1573229341274334,14.500858593495193,0.6295741068180681,69.73592935375598,0.2719344611720337,-4.366783893910089,0.00015748,0.11479278332851095,0.00081957,1,0.0
17864,-5.664538615390329,11.586199115657006,-1.54e-06,1.053781742958659,1.4533862399266007,70.96961602798036,1.0052136313683062,25.90457308646923,0.12067054082980143,-46.77146611940195,-1.1573229341274334,21.114249185151223,0.6295741068180681,-67.94273932117754,0.2719344611720337,19.110076253241232,0.00015748,28.576488781399163,0.00081957,0,0.0
17865,-3.3460864452630705,6.944145882594793,-1.54e-06,1.053781742958659,1.4533862399266007,45.91316114590034,1.0052136313683062,21.87023598069108,0.12067054082980143,-48.301079587933955,-1.1573229341274334,18.180265953380886,0.6295741068180681,-34.993914161504314,0.2719344611720337,14.585555719401315,0.00015748,18.952557425309333,0.00081957,0,0.0
17866,-3.888691645224367,7.944681063603048,-1.54e-06,1.053781742958659,1.4533862399266007,49.356009172724264,1.0052136313683062,18.758632816044187,0.12067054082980143,-35.79088440245128,-1.1573229341274334,15.716861979278717,0.6295741068180681,-45.61148917049745,0.2719344611720337,13.633593122901292,0.00015748,20.15370227467515,0.00081957,0,0.0
17867,-12.540076376201593,25.33945137872605,-1.54e-06,1.053781742958659,1.4533862399266007,53.24131049647512,1.0052136313683062,-3.177394817717912,0.12067054082980143,-43.022121012202795,-1.1573229341274334,93.36997586822592,0.6295741068180681,-91.02125529367463,0.2719344611720337,5.49163855245903,0.00015748,62.21678822591415,0.00081957,0,0.0
17868,-4.813552940132999,9.83886205232344,-1.54e-06,1.053781742958659,1.4533862399266007,23.847096690413196,1.0052136313683062,1.6561940509256465,0.12067054082980143,-23.40089841742273,-1.1573229341274334,37.299677551545514,0.6295741068180681,-35.26585161469886,0.2719344611720337,3.9114279751065837,0.00015748,25.323841012999765,0.00081957,0,0.0
17869,-2.257769360463861,4.761056547859768,-1.54e-06,1.053781742958659,1.4533862399266007,99.96781802534382,1.0052136313683062,59.536354192431595,0.12067054082980143,-91.0125560832208,-1.1573229341274334,-13.329798930352371,0.6295741068180681,-54.79525459680791,0.2719344611720337,7.769089679367934,0.00015748,41.83759617628513,0.00081957,0,0.0
17870,1.349616880198102,0.7586107347336851,-1.54e-06,1.053781742958659,1.4533862399266007,20.667261428956085,1.0052136313683062,31.8836956917847,0.12067054082980143,-82.91140023121945,-1.1573229341274334,8.112748881997074,0.6295741068180681,24.065000471739445,0.2719344611720337,0.2753923787509436,0.00015748,17.837330898087664,0.00081957,0,0.0
17871,-4.314121705127153,8.97677464479948,-1.54e-06,1.053781742958659,1.4533862399266007,59.57072987515859,1.0052136313683062,36.017437083894016,0.12067054082980143,-95.62082564915339,-1.1573229341274334,35.11597295408935,0.6295741068180681,-30.88400405472555,0.2719344611720337,21.960735443927998,0.00015748,26.69933106903206,0.00081957,0,0.0
17872,2.181905397661961,10.0123783759112,-1.54e-06,1.053781742958659,1.4533862399266007,-41.95559953910753,1.0052136313683062,-0.01773655382721956,0.12067054082980143,-74.23538596719389,-1.1573229341274334,40.39316332579443,0.6295741068180681,79.16778736000693,0.2719344611720337,-3.0482430072498783,0.00015748,0.2304933001188998,0.00081957,1,0.0
17873,4.8129812183784795,24.461062173943397,-1.54e-06,1.053781742958659,1.4533862399266007,-30.704445264789694,1.0052136313683062,-0.2751988982626276,0.12067054082980143,-14.865178684830482,-1.1573229341274334,-1.0595894400904002,0.6295741068180681,50.91769828972485,0.2719344611720337,-6.249002556709783,0.00015748,-1.2148822960637555,0.00081957,1,0.0
17874,0.15027789815172365,0.321666856680812,-1.54e-06,1.053781742958659,1.4533862399266007,-28.162967820695556,1.0052136313683062,9.562989294248679,0.12067054082980143,-97.75842815430518,-1.1573229341274334,54.70789821767333,0.6295741068180681,65.7583221612269,0.2719344611720337,0.2643194124862669,0.00015748,9.633103563151941,0.00081957,0,0.0
17875,-3.595699694005047,7.409810203134232,-1.54e-06,1.053781742958659,1.4533862399266007,63.7619942946796,1.0052136313683062,40.31628400179382,0.12067054082980143,-95.4821989452733,-1.1573229341274334,25.116613440723835,0.6295741068180681,-30.509689542417632,0.2719344611720337,18.42487587079913,0.00015748,28.038820703051822,0.00081957,0,0.0
17876,-0.32064832860463,1.2032245662168166,-1.54e-06,1.053781742958659,1.4533862399266007,70.94947088112085,1.0052136313683062,41.721082512433604,0.12067054082980143,-47.66809658524612,-1.1573229341274334,-25.21818172080745,0.6295741068180681,-40.240475984202185,0.2719344611720337,0.26696764571782516,0.00015748,29.292537322882296,0.00081957,0,0.0
17877,8.158486015658903,55.86760895358637,-1.54e-06,1.053781742958659,1.4533862399266007,-41.55924656044531,1.0052136313683062,2.023035482351315,0.12067054082980143,-8.75567733800224,-1.1573229341274334,-25.00992966080702,0.6295741068180681,75.2018669069736,0.2719344611720337,-19.720418435496438,0.00015748,-3.1285499750061376,0.00081957,1,0.0
17878,1.0535482704729446,32.033194054980086,-1.54e-06,1.053781742958659,1.4533862399266007,-60.49693630863387,1.0052136313683062,-18.117103500249105,0.12067054082980143,-35.45131495283827,-1.1573229341274334,43.38033576138312,0.6295741068180681,72.66602272650135,0.2719344611720337,-15.11014634691611,0.00015748,0.24237861398338456,0.00081957,1,0.0
17879,5.7174303908520745,80.07196196331375,-1.54e-06,1.053781742958659,1.4533862399266007,-29.953505435914327,1.0052136313683062,12.379057928389003,0.12067054082980143,-0.35528583338774644,-1.1573229341274334,-38.02315720638214,0.6295741068180681,50.6214436312066,0.2719344611720337,-33.39691788149062,0.00015748,0.21246941498099758,0.00081957,1,0.0
17880,-1.9632202002784087,4.178292344595953,-1.54e-06,1.053781742958659,1.4533862399266007,65.53636424627229,1.0052136313683062,40.62704650913214,0.12067054082980143,-72.21750531643723,-1.1573229341274334,0.8437768060923262,0.6295741068180681,-33.543865348512476,0.2719344611720337,9.114582558331202,0.00015748,28.01011038319708,0.00081957,0,0.0
17881,14.662630368745944,218.2053237294287,-1.54e-06,1.053781742958659,1.4533862399266007,54.68248533316505,1.0052136313683062,56.25597358569726,0.12067054082980143,-30.912883581309394,-1.1573229341274334,-84.33416886169003,0.6295741068180681,19.397567264008885,0.2719344611720337,0.246963374592589,0.00015748,35.505416666473955,0.00081957,0,0.0
17882,-0.46093607801577186,1.7019002058354316,-1.54e-06,1.053781742958659,1.4533862399266007,58.01028192107185,1.0052136313683062,24.778877703922582,0.12067054082980143,-3.1877641334728986,-1.1573229341274334,-30.54353077676768,0.6295741068180681,-49.70466683147517,0.2719344611720337,0.2586621802320419,0.00015748,19.905337933934454,0.00081957,0,0.0
17883,-2.0259827792583662,4.28583209714082,-1.54e-06,1.053781742958659,1.4533862399266007,28.582400783707904,1.0052136313683062,17.409845445717682,0.12067054082980143,-46.80061553868195,-1.1573229341274334,17.78188345963868,0.6295741068180681,-14.580952138157967,0.2719344611720337,11.107296786370002,0.00015748,13.203394964746478,0.00081957,0,0.0
17884,-4.051328117759796,8.31580102991229,-1.54e-06,1.053781742958659,1.4533862399266007,31.031107536907907,1.0052136313683062,19.23961922594429,0.12067054082980143,-72.78467183266366,-1.1573229341274334,43.22918042883296,0.6295741068180681,-16.27944594472932,0.2719344611720337,13.011665536343994,0.00015748,23.316851878664043,0.00081957,0,0.0
17885,0.010680848044097857,0.48032050800389164,-1.54e-06,1.053781742958659,1.4533862399266007,28.01613568031339,1.0052136313683062,11.98985603505459,0.12067054082980143,-0.5483991013612358,-1.1573229341274334,-15.820205693242386,0.6295741068180681,-23.63314821782076,0.2719344611720337,0.2900282969026149,0.00015748,9.743235576968,0.00081957,0,0.0
17886,-6.0025418729877655,12.156115094807166,-1.54e-06,1.053781742958659,1.4533862399266007,16.69689645422479,1.0052136313683062,2.5436260413027667,0.12067054082980143,-54.6349313427258,-1.1573229341274334,63.810831323329424,0.6295741068180681,-22.329043082466576,0.2719344611720337,3.4578891465231116,0.00015748,33.27303387084093,0.00081957,0,0.0
17887,-9.406750156694123,45.017478419139444,-1.54e-06,1.053781742958659,1.4533862399266007,74.80442561952512,1.0052136313683062,6.855692184468711,0.12067054082980143,-51.87871077244133,-1.1573229341274334,56.96350066623913,0.6295741068180681,-80.38589969806594,0.2719344611720337,12.659953642589308,0.00015748,50.43974346421799,0.00081957,0,0.0
17888,-2.305140229005544,4.847163222642327,-1.54e-06,1.053781742958659,1.4533862399266007,4.10483104897281,1.0052136313683062,9.797686092378573,0.12067054082980143,-64.26894505391988,-1.1573229341274334,43.489492744171564,0.6295741068180681,11.1114468492975,0.2719344611720337,5.123065782522899,0.00015748,17.311580493827424,0.00081957,0,0.0
17889,9.183296033550574,77.3831986690558,-1.54e-06,1.053781742958659,1.4533862399266007,14.11655271316435,1.0052136313683062,27.894153755831358,0.12067054082980143,-23.350738597076706,-1.1573229341274334,-39.77919556898403,0.6295741068180681,30.75903390346319,0.2719344611720337,0.2780255022271323,0.00015748,15.829463250242624,0.00081957,0,0.0
17890,5.9516182136547435,25.529650189757092,-1.54e-06,1.053781742958659,1.4533862399266007,5.855070515082047,1.0052136313683062,32.041979129180724,0.12067054082980143,-75.90336693172831,-1.1573229341274334,-4.721925193825656,0.6295741068180681,49.47425385162091,0.2719344611720337,0.27107562581754685,0.00015748,16.454919562772695,0.00081957,0,0.0
17891,-6.214387635843958,13.007779607117403,-1.54e-06,1.053781742958659,1.4533862399266007,15.991393684506791,1.0052136313683062,-5.080532079332583,0.12067054082980143,-31.8202031549279,-1.1573229341274334,59.43581050121463,0.6295741068180681,-32.33517759523336,0.2719344611720337,0.2824090327105573,0.00015748,34.442785280904616,0.00081957,0,0.0
17892,-6.272926560073628,12.842270220758989,-1.54e-06,1.053781742958659,1.4533862399266007,69.19631414064088,1.0052136313683062,35.831928285050125,0.12067054082980143,-98.52310762870238,-1.1573229341274334,46.61199256642727,0.6295741068180681,-47.879925375388744,0.2719344611720337,25.0040693683858,0.00015748,33.256731400412235,0.00081957,0,0.0
17893,-3.787649367959346,8.708514166265338,-1.54e-06,1.053781742958659,1.4533862399266007,-12.611713130927294,1.0052136313683062,1.401539356688271,0.12067054082980143,-87.72667038732101,-1.1573229341274334,77.73218414731693,0.6295741068180681,28.189848254151933,0.2719344611720337,0.26028215730456594,0.00015748,27.8717529105988,0.00081957,0,0.0
17894,5.798268954530004,35.95040295939536,-1.54e-06,1.053781742958659,1.4533862399266007,-34.80107010740457,1.0052136313683062,-1.663468168730664,0.12067054082980143,-8.762129435728866,-1.1573229341274334,-9.177801200929338,0.6295741068180681,57.60880315865499,0.2719344611720337,-9.525092284286584,0.00015748,-3.722219721410142,0.00081957,1,0.0
17895,-5.211099227719013,10.64812543611574,-1.54e-06,1.053781742958659,1.4533862399266007,28.912251116171273,1.0052136313683062,-1.9155108907225276,0.12067054082980143,-4.392258190542551,-1.1573229341274334,30.536344905043485,0.6295741068180681,-49.41648242553755,0.2719344611720337,2.8268688723051625,0.00015748,25.90166539688638,0.00081957,0,0.0
17896,-5.385041112700338,10.984937855313621,-1.54e-06,1.053781742958659,1.4533862399266007,42.504440521720625,1.0052136313683062,14.619177401590226,0.12067054082980143,-50.27214374406633,-1.1573229341274334,39.328580331857566,0.6295741068180681,-41.77515599005761,0.2719344611720337,12.3250692848738,0.00015748,27.921982116833455,0.00081957,0,0.0
17897,-4.128746751842855,75.20697926868237,-1.54e-06,1.053781742958659,1.4533862399266007,-58.3510642006209,1.0052136313683062,-19.204523649322027,0.12067054082980143,-69.44600137730079,-1.1573229341274334,75.38791749034894,0.6295741068180681,68.55468353973795,0.2719344611720337,-14.841451650252985,0.00015748,0.25358658539081347,0.00081957,1,0.0
17898,-0.022261278261031414,0.42123116982450415,-1.54e-06,1.053781742958659,1.4533862399266007,30.154746724386026,1.0052136313683062,14.750015264553262,0.12067054082980143,-7.761388219750399,-1.1573229341274334,-14.815610848849754,0.6295741068180681,-22.370733035402598,0.2719344611720337,0.2930099962745176,0.00015748,11.179562208913904,0.00081957,0,0.0
17899,0.4128059082118085,4.714024264208602,-1.54e-06,1.053781742958659,1.4533862399266007,86.3357247824249,1.0052136313683062,45.468489439818136,0.12067054082980143,-24.56805942230319,-1.1573229341274334,-45.25890641614909,0.6295741068180681,-62.04676625629529,0.2719344611720337,0.27680768158081115,0.00015748,32.205117119633854,0.00081957,0,0.0
17900,0.0023160934410712507,0.001708935782648633,-1.54e-06,1.1211449964209517,4.787338469101568,0.7088176413511097,1.0052136313683062,3.227816525425548,0.12067054082980143,-1e-20,-1.1573229341274334,-31.48725309108192,0.6295741068180681,1.2486576327893855,0.2719344611720337,-0.025013633932220787,0.00015748,0.0251670833657291,0.00081957,1,0.0
17901,0.5971610695745321,0.16725038365236372,-1.54e-06,1.1211449964209517,4.787338469101568,70.94162100035867,1.0052136313683062,44.7393729484686,0.12067054082980143,-35.17565453035713,-1.1573229341274334,36.137048111729904,0.6295741068180681,-9.81808672751038,0.2719344611720337,0.36163850378320195,0.00015748,0.8085561896611579,0.00081957,0,0.0
17902,0.5353325189159345,0.13667057094352622,-1.54e-06,1.1211449964209517,4.787338469101568,82.11967117083789,1.0052136313683062,59.21333641630276,0.12067054082980143,-80.91751709557386,-1.1573229341274334,57.28541304655125,0.6295741068180681,-5.7806932841102725,0.2719344611720337,0.333664677995514,0.00015748,0.997385466738007,0.00081957,0,0.0
17903,0.2512093130039365,0.05146414586993627,-1.54e-06,1.1211449964209517,4.787338469101568,-61.44626067447156,1.0052136313683062,-5.771678057418403,0.12067054082980143,-75.45043780073108,-1.1573229341274334,87.11983423465611,0.6295741068180681,70.69876640174249,0.2719344611720337,-0.06371876832836357,0.00015748,0.06400917388342045,0.00081957,1,0.0
17904,0.10409892899657192,0.02201279668074388,-1.54e-06,1.1211449964209517,4.787338469101568,-31.784176151391826,1.0052136313683062,18.80746573212642,0.12067054082980143,-66.27895108681247,-1.1573229341274334,-24.060307164589435,0.6295741068180681,43.54911840830435,0.2719344611720337,-0.09869791698174327,0.00015748,0.09916731124785738,0.00081957,1,0.0
17905,0.05015510332057199,0.2404826973651008,-1.54e-06,1.1211449964209517,4.787338469101568,26.476088486794893,1.0052136313683062,37.9643995673756,0.12067054082980143,-65.31917644467099,-1.1573229341274334,-52.96272579706409,0.6295741068180681,7.600828216216843,0.2719344611720337,-0.03780932260385106,0.00015748,0.4364538028990763,0.00081957,1,0.0
17906,0.13124697395166768,0.0032766464655032933,-1.54e-06,1.1211449964209517,4.787338469101568,-20.317041130650917,1.0052136313683062,0.3896650334990279,0.12067054082980143,-14.959391035868776,-1.1573229341274334,4.635962905570539,0.6295741068180681,22.297689417658184,0.2719344611720337,-0.012653702741093774,0.00015748,0.012676332366351782,0.00081957,1,0.0
17907,0.6368869720362573,0.16419513773070527,-1.54e-06,1.1211449964209517,4.787338469101568,84.81779180021866,1.0052136313683062,56.17411284056265,0.12067054082980143,-38.31177610597458,-1.1573229341274334,-38.92883116459685,0.6295741068180681,-10.796541409177017,0.2719344611720337,0.33597072537244027,0.00015748,0.9762436771946534,0.00081957,0,0.0
17908,0.22788218157523887,0.007012004278904195,-1.54e-06,1.1211449964209517,4.787338469101568,-31.179606768958227,1.0052136313683062,11.152341207438498,0.12067054082980143,-23.8858218596334,-1.1573229341274334,-88.6638618623495,0.6295741068180681,40.02909564391857,0.2719344611720337,-0.0552345137548112,0.00015748,0.05524839690903831,0.00081957,1,0.0
17909,0.11821525281714161,0.002995310008095397,-1.54e-06,1.1211449964209517,4.787338469101568,-39.26957761167746,1.0052136313683062,9.975174085851618,0.12067054082980143,-73.92772422477726,-1.1573229341274334,64.69230331496006,0.6295741068180681,47.05153456801102,0.2719344611720337,-0.03569199743161375,0.00015748,0.03571463995607049,0.00081957,1,0.0
17910,0.10678456422381792,0.008702926993959293,-1.54e-06,1.1211449964209517,4.787338469101568,-35.09001222090288,1.0052136313683062,13.113223533949482,0.12067054082980143,-68.51464838673012,-1.1573229341274334,16.655138653125878,0.6295741068180681,45.17427639200381,0.2719344611720337,-0.0647248463236958,0.00015748,0.06481957568866714,0.00081957,1,0.0
17911,0.00013340859206202593,0.11515367841285296,-1.54e-06,1.1211449964209517,4.787338469101568,33.3642986139981,1.0052136313683062,10.829633712326228,0.12067054082980143,-12.734839871429484,-1.1573229341274334,98.89309086795757,0.6295741068180681,-24.103878345588914,0.2719344611720337,0.12333266426253099,0.00015748,0.16752560826346558,0.00081957,0,0.0
17912,0.21751776900661182,0.005507043796246893,-1.54e-06,1.1211449964209517,4.787338469101568,-52.154594584237714,1.0052136313683062,8.35648419086128,0.12067054082980143,-77.48047659524967,-1.1573229341274334,66.71079025383021,0.6295741068180681,60.279328326485825,0.2719344611720337,-0.020494016110518088,0.00015748,0.020506111498378683,0.00081957,1,0.0
17913,0.00017544953484503745,0.010789931698321334,-1.54e-06,1.1211449964209517,4.787338469101568,-6.412284255173297,1.0052136313683062,10.29747893449977,0.12067054082980143,-24.604656390696064,-1.1573229341274334,-27.721771571876456,0.6295741068180681,11.899385004534441,0.2719344611720337,-0.06149792745919472,0.00015748,0.06216521630701993,0.00081957,1,0.0
17914,0.7245269898690258,0.17554983608913832,-1.54e-06,1.1211449964209517,4.787338469101568,67.57668453437611,1.0052136313683062,64.98741302192987,0.12067054082980143,-81.5290731957861,-1.1573229341274334,-15.634470661936348,0.6295741068180681,15.07655930338081,0.2719344611720337,0.3286956963637467,0.00015748,1.0435251862857917,0.00081957,0,0.0
17915,0.3128940261005804,0.022114296521435258,-1.54e-06,1.1211449964209517,4.787338469101568,-61.16144246424647,1.0052136313683062,20.876204479243125,0.12067054082980143,-82.69890398701934,-1.1573229341274334,-64.38906305176138,0.6295741068180681,78.21621153991906,0.2719344611720337,-0.10315986981154657,0.00015748,0.10314793930211502,0.00081957,1,0.0
17916,0.5659343904619997,0.14893214885934053,-1.54e-06,1.1211449964209517,4.787338469101568,72.51292646183816,1.0052136313683062,52.18812724349192,0.12067054082980143,-70.02705847622913,-1.1573229341274334,64.29534822858596,0.6295741068180681,-2.176441890703591,0.2719344611720337,0.34401865569122947,0.00015748,0.9143277466864346,0.00081957,0,0.0
17917,0.0003498501040867241,0.031587698451381284,-1.54e-06,1.1211449964209517,4.787338469101568,1.8395598161564213,1.0052136313683062,10.455690906653478,0.12067054082980143,-19.014875502229884,-1.1573229341274334,21.37235194325457,0.6295741068180681,0.5931929920690061,0.2719344611720337,-0.02791826959942175,0.00015748,0.07118061972065462,0.00081957,1,0.0
17918,0.0004088945218993223,0.08540151913439241,-1.54e-06,1.1211449964209517,4.787338469101568,1.8316664564280116,1.0052136313683062,15.766129023411672,0.12067054082980143,-60.10393508560611,-1.1573229341274334,76.81470631110496,0.6295741068180681,11.99837655837953,0.2719344611720337,0.013383435618880613,0.00015748,0.16435792075430927,0.00081957,0,0.0
17919,0.060636966751621696,0.002586955961838731,-1.54e-06,1.1211449964209517,4.787338469101568,-22.729664840855474,1.0052136313683062,1.4295568911374825,0.12067054082980143,-42.15886341647741,-1.1573229341274334,86.81151819652118,0.6295741068180681,23.881633658311983,0.2719344611720337,-0.026493858779772096,0.00015748,0.026517491830547447,0.00081957,1,0.0
17920,0.15588968893437985,0.0021991312043541083,-1.54e-06,1.1211449964209517,4.787338469101568,-23.021772393176736,1.0052136313683062,5.9839955892451275,0.12067054082980143,-19.311641736472716,-1.1573229341274334,-39.034004097944106,0.6295741068180681,28.258958382563904,0.2719344611720337,-0.024733294852332586,0.00015748,0.02472171320591374,0.00081957,1,0.0
17921,0.08462843884755589,0.024668905822903556,-1.54e-06,1.1211449964209517,4.787338469101568,-34.65781648174913,1.0052136313683062,18.724540713010747,0.12067054082980143,-77.75851199854294,-1.1573229341274334,-10.09662782952067,0.6295741068180681,47.94446552109485,0.2719344611720337,-0.10540270297235471,0.00015748,0.10544099473237256,0.00081957,1,0.0
17922,0.0028559965439518206,0.001260957145800639,-1.54e-06,1.1211449964209517,4.787338469101568,-1.3211415175621044,1.0052136313683062,3.600563272223642,0.12067054082980143,-5.717357018253161,-1.1573229341274334,-12.247691136071609,0.6295741068180681,2.7732647290300294,0.2719344611720337,-0.020117517666405398,0.00015748,0.02014300396349055,0.00081957,1,0.0
17923,0.49330562453952503,0.1355638101020168,-1.54e-06,1.1211449964209517,4.787338469101568,89.71976927752057,1.0052136313683062,51.83500275295252,0.12067054082980143,-48.66623983566203,-1.1573229341274334,42.59104599895849,0.6295741068180681,-21.411532564127082,0.2719344611720337,0.3432353662837611,0.00015748,0.9204444421642792,0.00081957,0,0.0
17924,0.00025707024925469835,0.14137675612822345,-1.54e-06,1.1211449964209517,4.787338469101568,46.3719270358497,1.0052136313683062,16.001612280170725,0.12067054082980143,-14.508995472171653,-1.1573229341274334,71.97865182460018,0.6295741068180681,-28.938790042426938,0.2719344611720337,0.12486773799901267,0.00015748,0.2750016149986541,0.00081957,0,0.0
17925,0.14393734528003138,0.003697944474080157,-1.54e-06,1.1211449964209517,4.787338469101568,-48.16767608270657,1.0052136313683062,10.351516103351482,0.12067054082980143,-89.2666532885544,-1.1573229341274334,89.00276821646727,0.6295741068180681,57.0194295899132,0.2719344611720337,-0.03308338643543661,0.00015748,0.033026731612812,0.00081957,1,0.0
17926,0.42356473482738605,0.14334826946708298,-1.54e-06,1.1211449964209517,4.787338469101568,89.91813118276472,1.0052136313683062,33.493773915086976,0.12067054082980143,-10.119694408174606,-1.1573229341274334,89.88019197352087,0.6295741068180681,-38.68312675404118,0.2719344611720337,0.37834280615481986,0.00015748,0.7348501583022865,0.00081957,0,0.0
17927,0.5236397168377771,0.139306755783914,-1.54e-06,1.1211449964209517,4.787338469101568,98.96478843510631,1.0052136313683062,55.57978798488289,0.12067054082980143,-39.417927175913334,-1.1573229341274334,-10.232293308313183,0.6295741068180681,-24.959046393368293,0.2719344611720337,0.3332548365866324,0.00015748,1.0003963573473726,0.00081957,0,0.0
17928,0.22583101202111108,0.006156944179616661,-1.54e-06,1.1211449964209517,4.787338469101568,-56.71461243465617,1.0052136313683062,12.939554711592187,0.12067054082980143,-90.2829559500485,-1.1573229341274334,55.778828354125416,0.6295741068180681,67.5030291673655,0.2719344611720337,-0.043421333909893056,0.00015748,0.0434222840926793,0.00081957,1,0.0
17929,0.31404891381652145,0.009996686183671274,-1.54e-06,1.1211449964209517,4.787338469101568,-69.55800592221131,1.0052136313683062,15.071825814906251,0.12067054082980143,-99.9169709311328,-1.1573229341274334,44.18071737799967,0.6295741068180681,82.40854792967416,0.2719344611720337,-0.04842901107468122,0.00015748,0.04847790752615606,0.00081957,1,0.0
17930,0.10298931573346032,0.014033435767148265,-1.54e-06,1.1211449964209517,4.787338469101568,-16.492932577071603,1.0052136313683062,13.590143980310861,0.12067054082980143,-23.743328751285052,-1.1573229341274334,-80.9398126290912,0.6295741068180681,24.88595982570257,0.2719344611720337,-0.07926793066763257,0.00015748,0.07926364063361971,0.00081957,1,0.0
17931,-1.0098525025342697e-05,0.05020804654735457,-1.54e-06,1.1211449964209517,4.787338469101568,7.600413098164855,1.0052136313683062,4.603208667881783,0.12067054082980143,-6.448646663171979,-1.1573229341274334,91.65216756783585,0.6295741068180681,-11.922705726162318,0.2719344611720337,-0.04933003409006074,0.00015748,0.106402537995399,0.00081957,1,0.0
17932,0.21171178039032215,0.004401857765648666,-1.54e-06,1.1211449964209517,4.787338469101568,-42.96168538271126,1.0052136313683062,9.312614727962353,0.12067054082980143,-56.55830736798553,-1.1573229341274334,7.4607561557690705,0.6295741068180681,51.34869978828462,0.2719344611720337,-0.031495181666711364,0.00015748,0.031494946171154545,0.00081957,1,0.0
17933,0.625553363295299,0.15862432288207237,-1.54e-06,1.1211449964209517,4.787338469101568,62.29328601810012,1.0052136313683062,56.310027597505275,0.12067054082980143,-85.09419845598588,-1.1573229341274334,65.03649307665246,0.6295741068180681,10.380504820697816,0.2719344611720337,0.3429471877185648,0.00015748,0.9224911153227509,0.00081957,0,0.0
17934,6.196018669285541e-05,0.10417098531284003,-1.54e-06,1.1211449964209517,4.787338469101568,32.020754439219516,1.0052136313683062,13.687390516045346,0.12067054082980143,-0.05215720192400809,-1.1573229341274334,20.867763377954944,0.6295741068180681,-23.328545351788733,0.2719344611720337,0.06251751347107683,0.00015748,0.1657154774329893,0.00081957,0,0.0
17935,0.658754307934813,0.14131168249461457,-1.54e-06,1.1211449964209517,4.787338469101568,-80.71019803647954,1.0052136313683062,33.750116303503,0.12067054082980143,-70.58245421162732,-1.1573229341274334,-49.87399284346403,0.6295741068180681,90.70259628798603,0.2719344611720337,-0.14596572427975057,0.00015748,0.1907973231562774,0.00081957,1,0.0
17936,0.06666108422041131,0.022580666819251517,-1.54e-06,1.1211449964209517,4.787338469101568,-28.836712483242284,1.0052136313683062,18.069811272504204,0.12067054082980143,-68.2873544061542,-1.1573229341274334,-11.197833961681882,0.6295741068180681,40.360991378024345,0.2719344611720337,-0.09859532544739105,0.00015748,0.09882322886729997,0.00081957,1,0.0
17937,0.17196956587207052,0.0035403263204279744,-1.54e-06,1.1211449964209517,4.787338469101568,-18.51801673864941,1.0052136313683062,7.117173819460308,0.12067054082980143,-4.397178949462168,-1.1573229341274334,-87.76435450012241,0.6295741068180681,24.262291403742,0.2719344611720337,-0.037836612249391124,0.00015748,0.03787753615929322,0.00081957,1,0.0
17938,0.2704353087866229,0.008154817906617056,-1.54e-06,1.1211449964209517,4.787338469101568,-60.04405574250512,1.0052136313683062,13.926127030594646,0.12067054082980143,-86.86151412310953,-1.1573229341274334,26.57306897131613,0.6295741068180681,72.06975429743552,0.2719344611720337,-0.049174026687929764,0.00015748,0.049177241895840204,0.00081957,1,0.0
17939,0.42976256706711013,0.12258436943501312,-1.54e-06,1.1211449964209517,4.787338469101568,95.99039930947333,1.0052136313683062,50.08290783433266,0.12067054082980143,-51.87184002035223,-1.1573229341274334,67.07048378671908,0.6295741068180681,-27.464724442419453,0.2719344611720337,0.3414559023518571,0.00015748,0.9344741854628229,0.00081957,0,0.0
17940,0.1475632569698822,0.018231191344823258,-1.54e-06,1.1211449964209517,4.787338469101568,-33.96151204282351,1.0052136313683062,16.76796493470227,0.12067054082980143,-57.06609495646848,-1.1573229341274334,-52.92139571761529,0.6295741068180681,46.36234846497099,0.2719344611720337,-0.09414420480795102,0.00015748,0.09412851982831469,0.00081957,1,0.0
17941,0.5020232167035166,0.1368115852247418,-1.54e-06,1.1211449964209517,4.787338469101568,100.0,1.0052136313683062,54.93176413035439,0.12067054082980143,-35.700656464593706,-1.1573229341274334,-3.7164719477155694,0.6295741068180681,-28.65961721343278,0.2719344611720337,0.3365760371127535,0.00015748,0.9717751940745514,0.00081957,0,0.0
17942,0.036730315690302565,0.002331366685999618,-1.54e-06,1.1211449964209517,4.787338469101568,-20.76447344775419,1.0052136313683062,7.79748775832919,0.12067054082980143,-48.46766035812147,-1.1573229341274334,43.77806834919036,0.6295741068180681,25.712141107612045,0.2719344611720337,-0.03309636183630513,0.00015748,0.0331060864724881,0.00081957,1,0.0
17943,0.08558692634549668,0.0008056548937211698,-1.54e-06,1.1211449964209517,4.787338469101568,-15.192418206444284,1.0052136313683062,4.218630572834465,0.12067054082980143,-17.797023612633275,-1.1573229341274334,-11.997532621504376,0.6295741068180681,18.638499594024704,0.2719344611720337,-0.017227048548874052,0.00015748,0.017227445783987647,0.00081957,1,0.0
17944,0.16925438915198118,0.13820588925223848,-1.54e-06,1.1211449964209517,4.787338469101568,9.341181914866029,1.0052136313683062,23.08587941381449,0.12067054082980143,-36.6201602482434,-1.1573229341274334,54.641701357655194,0.6295741068180681,4.627531241670523,0.2719344611720337,0.06730837297752983,0.00015748,0.21809406420643657,0.00081957,0,0.0
17945,0.4909932303413754,0.12319398831341144,-1.54e-06,1.1211449964209517,4.787338469101568,99.98634421687197,1.0052136313683062,66.82484482313377,0.12067054082980143,-89.41417617304921,-1.1573229341274334,39.28997066225907,0.6295741068180681,-14.045730547786256,0.2719344611720337,0.3205526092531067,0.00015748,1.13562111663617,0.00081957,0,0.0
17946,0.23981516098931668,0.008861474363422113,-1.54e-06,1.1211449964209517,4.787338469101568,-48.67517975030781,1.0052136313683062,14.977563937221948,0.12067054082980143,-67.88412628670157,-1.1573229341274334,-16.24497301665498,0.6295741068180681,60.110737032299255,0.2719344611720337,-0.06282279415549413,0.00015748,0.06294319213743355,0.00081957,1,0.0
17947,0.5252310443487362,0.13782105253193733,-1.54e-06,1.1211449964209517,4.787338469101568,100.0,1.0052136313683062,58.36475674215688,0.12067054082980143,-46.03790283591084,-1.1573229341274334,-11.004062610940524,0.6295741068180681,-23.550767524455935,0.2719344611720337,0.33014132460429185,0.00015748,1.0292850069897808,0.00081957,0,0.0
17948,0.12620151590603462,0.006128059553908981,-1.54e-06,1.1211449964209517,4.787338469101568,-29.405365572383015,1.0052136313683062,12.136145991621518,0.12067054082980143,-49.03699615087182,-1.1573229341274334,-6.274606700123396,0.6295741068180681,37.17366819015613,0.2719344611720337,-0.0546496137841955,0.00015748,0.05466343217032277,0.00081957,1,0.0
17949,0.00022533878065120194,0.03069047996689167,-1.54e-06,1.1211449964209517,4.787338469101568,-8.974126038814871,1.0052136313683062,18.188729934744376,0.12067054082980143,-39.3004101866735,-1.1573229341274334,-26.685695636677302,0.6295741068180681,15.733377068975322,0.2719344611720337,-0.09612310651072531,0.00015748,0.09721306315242392,0.00081957,1,0.0
17950,0.00022904489875009287,0.009022607219349693,-1.54e-06,1.1211449964209517,4.787338469101568,-4.49560651546513,1.0052136313683062,-5.406559499881224,0.12067054082980143,-8.267127594226038,-1.1573229341274334,89.87868693913326,0.6295741068180681,-0.19871149597230137,0.2719344611720337,-0.06113844780385367,0.00015748,0.06113447889056104,0.00081957,1,0.0
17951,0.47843032590874035,0.12374332582559909,-1.54e-06,1.1211449964209517,4.787338469101568,99.99993129401209,1.0052136313683062,61.58341705197114,0.12067054082980143,-74.64517667971352,-1.1573229341274334,37.40430423357944,0.6295741068180681,-18.83143623843568,0.2719344611720337,0.3251212753154323,0.00015748,1.082398957720065,0.00081957,0,0.0
17952,0.48592200396173785,0.13809194818566853,-1.54e-06,1.1211449964209517,4.787338469101568,87.36686965299121,1.0052136313683062,47.17032937983397,0.12067054082980143,-40.65255837670353,-1.1573229341274334,53.53948703077118,0.6295741068180681,-23.24192130419197,0.2719344611720337,0.3508095472125712,0.00015748,0.8701649229565771,0.00081957,0,0.0
17953,0.00041101282935854244,0.0923980143994605,-1.54e-06,1.1211449964209517,4.787338469101568,22.308377025208245,1.0052136313683062,15.809851945823011,0.12067054082980143,-11.222590111899088,-1.1573229341274334,4.899683154453756,0.6295741068180681,-13.249446791562468,0.2719344611720337,0.020312257103758433,0.00015748,0.15820942640158475,0.00081957,0,0.0
17954,0.08909377739065466,0.001510771561027616,-1.54e-06,1.1211449964209517,4.787338469101568,-32.69236972176524,1.0052136313683062,6.757157979680542,0.12067054082980143,-62.871855254812274,-1.1573229341274334,71.43722575492336,0.6295741068180681,38.380157150993355,0.2719344611720337,-0.020568216694792228,0.00015748,0.020614612979596988,0.00081957,1,0.0
17955,0.07653007080585136,0.003893880304456167,-1.54e-06,1.1211449964209517,4.787338469101568,-14.690911178431753,1.0052136313683062,7.206093852390901,0.12067054082980143,-20.92064502578732,-1.1573229341274334,-37.852291009871,0.6295741068180681,20.44543594812749,0.2719344611720337,-0.043673728367188705,0.00015748,0.043716981093952376,0.00081957,1,0.0
17956,0.5994039198184511,0.15208105885266693,-1.54e-06,1.1211449964209517,4.787338469101568,99.97305165164973,1.0052136313683062,62.667442504543146,0.12067054082980143,-41.64636399419091,-1.1573229341274334,-59.34757632404587,0.6295741068180681,-19.1736320780947,0.2719344611720337,0.32541218929522386,0.00015748,1.0778735348959008,0.00081957,0,0.0
17957,0.4528536248701831,0.017213055207601552,-1.54e-06,1.1211449964209517,4.787338469101568,-74.70117423331298,1.0052136313683062,14.389759866755675,0.12067054082980143,-74.12309782471246,-1.1573229341274334,-32.81660966061027,0.6295741068180681,87.66951911065185,0.2719344611720337,-0.04156278594040095,0.00015748,0.04166399894567995,0.00081957,1,0.0
17958,0.07792355603989624,0.01433841545681198,-1.54e-06,1.1211449964209517,4.787338469101568,-32.655030657634086,1.0052136313683062,17.048835860321073,0.12067054082980143,-75.26907215763808,-1.1573229341274334,36.27289578768323,0.6295741068180681,41.741128566465896,0.2719344611720337,-0.07805749580662988,0.00015748,0.07816275364511724,0.00081957,1,0.0
17959,0.00042836866545489793,0.13147778255266687,-1.54e-06,1.1211449964209517,4.787338469101568,45.64343877298231,1.0052136313683062,12.665101703011452,0.12067054082980143,-1.5384497003910709,-1.1573229341274334,81.63992688482413,0.6295741068180681,-34.058472979535416,0.2719344611720337,0.142297939810904,0.00015748,0.210799147118928,0.00081957,0,0.0
17960,0.10398023596741558,0.0008563861070649309,-1.54e-06,1.1211449964209517,4.787338469101568,-13.972615146735619,1.0052136313683062,3.1500691593815846,0.12067054082980143,-8.826679314219103,-1.1573229341274334,-26.818524679316784,0.6295741068180681,16.8255190159847,0.2719344611720337,-0.011315813323983612,0.00015748,0.01134408319185283,0.00081957,1,0.0
17961,0.4643542555461535,0.02542718224214507,-1.54e-06,1.1211449964209517,4.787338469101568,-74.11304848839312,1.0052136313683062,10.75208357738834,0.12067054082980143,-68.11954566586323,-1.1573229341274334,11.006027007609509,0.6295741068180681,82.66480268612688,0.2719344611720337,-0.04634837040201201,0.00015748,0.04632620385343361,0.00081957,1,0.0
17962,0.00015956733198164985,0.03717621357963211,-1.54e-06,1.1211449964209517,4.787338469101568,10.001753061611106,1.0052136313683062,9.63775735022927,0.12067054082980143,-0.3405914802956148,-1.1573229341274334,-3.0582811822095,0.6295741068180681,-9.063751948047866,0.2719344611720337,-0.024537042218550298,0.00015748,0.0743120947964298,0.00081957,1,0.0
17963,0.00026921094140239243,0.046441043638768505,-1.54e-06,1.1211449964209517,4.787338469101568,-2.225646543175144,1.0052136313683062,18.189185002037654,0.12067054082980143,-32.244775885701685,-1.1573229341274334,-34.25448273803353,0.6295741068180681,10.173196464429859,0.2719344611720337,-0.07903943071579618,0.00015748,0.11478020953680136,0.00081957,1,0.0
17964,0.31512364245506763,0.1260097001765635,-1.54e-06,1.1211449964209517,4.787338469101568,-34.90369465735897,1.0052136313683062,27.07633811802609,0.12067054082980143,-99.91255175101335,-1.1573229341274334,98.2820886935089,0.6295741068180681,55.52326416046256,0.2719344611720337,0.04415584104109556,0.00015748,0.2103363740282433,0.00081957,0,0.0
17965,0.21033548692076967,0.025278449718660247,-1.54e-06,1.1211449964209517,4.787338469101568,-37.850779856362514,1.0052136313683062,-3.545582896272824,0.12067054082980143,-35.317201355576465,-1.1573229341274334,94.604165178455,0.6295741068180681,36.957668658850814,0.2719344611720337,-0.07500145976941346,0.00015748,0.07501494527668214,0.00081957,1,0.0
17966,0.6861903601937085,0.18699983299094258,-1.54e-06,1.1211449964209517,4.787338469101568,46.99401535209765,1.0052136313683062,46.807021738900275,0.12067054082980143,-66.36849325148074,-1.1573229341274334,73.51294117697738,0.6295741068180681,15.441022541991352,0.2719344611720337,0.3664305326930407,0.00015748,0.7818482060476307,0.00081957,0,0.0
17967,0.43656391517648646,0.04277366928358933,-1.54e-06,1.1211449964209517,4.787338469101568,-61.695202218206276,1.0052136313683062,1.3889721189143027,0.12067054082980143,-37.407686699692675,-1.1573229341274334,27.16461232352769,0.6295741068180681,64.41337714410497,0.2719344611720337,-0.0743922483451899,0.00015748,0.07482397753194575,0.00081957,1,0.0
17968,0.2470300023039377,0.006457158738606992,-1.54e-06,1.1211449964209517,4.787338469101568,-40.03394831017278,1.0052136313683062,5.666445346573197,0.12067054082980143,-37.25378668347171,-1.1573229341274334,-0.6199261879935938,0.6295741068180681,45.41327868431783,0.2719344611720337,-0.016801541334412935,0.00015748,0.016945870777524016,0.00081957,1,0.0
17969,0.42756621476623446,0.11401581445129053,-1.54e-06,1.1211449964209517,4.787338469101568,100.0,1.0052136313683062,61.0148482699003,0.12067054082980143,-82.7634051591584,-1.1573229341274334,72.24237601921193,0.6295741068180681,-20.816657830159112,0.2719344611720337,0.3271833425773904,0.00015748,1.0598502063084705,0.00081957,0,0.0
17970,0.000204232039989094,0.04519988916019527,-1.54e-06,1.1211449964209517,4.787338469101568,-14.687991850789965,1.0052136313683062,22.586938613301324,0.12067054082980143,-56.71508435154916,-1.1573229341274334,-28.938981669197144,0.6295741068180681,24.467594301932834,0.2719344611720337,-0.12220975293160549,0.00015748,0.12270759336880299,0.00081957,1,0.0
17971,0.10219138155073829,0.012832198517158938,-1.54e-06,1.1211449964209517,4.787338469101568,-15.884879355456505,1.0052136313683062,13.014453427540237,0.12067054082980143,-21.976639154135555,-1.1573229341274334,-80.0512620456257,0.6295741068180681,23.94870071632515,0.2719344611720337,-0.07596613041458995,0.00015748,0.0759702914501839,0.00081957,1,0.0
17972,0.7479114396170317,0.1842866615813178,-1.54e-06,1.1211449964209517,4.787338469101568,48.21737144357302,1.0052136313683062,60.14069797924001,0.12067054082980143,-95.12507042535573,-1.1573229341274334,37.04653457250648,0.6295741068180681,28.55830849125137,0.2719344611720337,0.33994698954569735,0.00015748,0.9446122186341405,0.00081957,0,0.0
17973,0.4660513508073079,0.033464610217293404,-1.54e-06,1.1211449964209517,4.787338469101568,-65.28888133128078,1.0052136313683062,4.03850770891174,0.12067054082980143,-39.372303076670185,-1.1573229341274334,-12.936732176259788,0.6295741068180681,71.09712181640839,0.2719344611720337,-0.04622317733342403,0.00015748,0.04621975827193159,0.00081957,1,0.0
17974,0.0009402964318612206,0.021337470040784887,-1.54e-06,1.1211449964209517,4.787338469101568,-29.78365628340642,1.0052136313683062,18.764423233229323,0.12067054082980143,-91.94414393795182,-1.1573229341274334,97.20657362480978,0.6295741068180681,37.393446524312075,0.2719344611720337,-0.0857926378463576,0.00015748,0.08597837236706121,0.00081957,1,0.0
17975,0.2012503652424973,0.004832795761702264,-1.54e-06,1.1211449964209517,4.787338469101568,-51.45673137191529,1.0052136313683062,9.825501057657673,0.12067054082980143,-81.13149462615125,-1.1573229341274334,60.89777463532849,0.6295741068180681,60.671788788518185,0.2719344611720337,-0.028790907354336728,0.00015748,0.028811416002785865,0.00081957,1,0.0
17976,-2.9450157153068646e-05,0.012260412323819737,-1.54e-06,1.1211449964209517,4.787338469101568,-0.9927106266365857,1.0052136313683062,6.801058357747274,0.12067054082980143,-11.520431314522869,-1.1573229341274334,32.968202389460025,0.6295741068180681,-1.0205483949085978,0.2719344611720337,-0.05356903714792179,0.00015748,0.053879066036008345,0.00081957,1,0.0
17977,0.0006193229808909295,0.11858382150866857,-1.54e-06,1.1211449964209517,4.787338469101568,21.646294075259217,1.0052136313683062,17.53283714294036,0.12067054082980143,-45.84892721677931,-1.1573229341274334,95.79410188318431,0.6295741068180681,-6.318775328315277,0.2719344611720337,0.07439534316797469,0.00015748,0.21544882381033892,0.00081957,0,0.0
17978,0.08745835164700011,0.0014863982343795918,-1.54e-06,1.1211449964209517,4.787338469101568,-26.349873671473436,1.0052136313683062,6.95104248108103,0.12067054082980143,-47.92431872519699,-1.1573229341274334,41.31678490346052,0.6295741068180681,31.26161397320462,0.2719344611720337,-0.02448172599008381,0.00015748,0.02471150059240753,0.00081957,1,0.0
17979,0.36091970227442904,0.01033142253169944,-1.54e-06,1.1211449964209517,4.787338469101568,-46.55255743344507,1.0052136313683062,8.64197171143263,0.12067054082980143,-23.981586906232206,-1.1573229341274334,-87.30488285160756,0.6295741068180681,54.99950330558273,0.2719344611720337,-0.025298500833091788,0.00015748,0.025274493007504183,0.00081957,1,0.0
17980,0.11643857692127611,0.002481691965608285,-1.54e-06,1.1211449964209517,4.787338469101568,-11.64433423486563,1.0052136313683062,4.719903806276243,0.12067054082980143,-0.09851776062907472,-1.1573229341274334,-75.20685714340159,0.6295741068180681,16.297845023249593,0.2719344611720337,-0.03360146952033268,0.00015748,0.033592077492344725,0.00081957,1,0.0
17981,0.6443301541015334,0.16567209315234713,-1.54e-06,1.1211449964209517,4.787338469101568,95.51478428907122,1.0052136313683062,58.63797016030242,0.12067054082980143,-23.429035381398396,-1.1573229341274334,-85.19865901397503,0.6295741068180681,-18.880379928535977,0.2719344611720337,0.33078908268838325,0.00015748,1.0236855248719074,0.00081957,0,0.0
17982,0.010908854109782287,0.00029509998106560717,-1.54e-06,1.1211449964209517,4.787338469101568,-15.45533572806481,1.0052136313683062,3.052093649354573,0.12067054082980143,-38.375581272191766,-1.1573229341274334,63.55310067310766,0.6295741068180681,17.7412738767297,0.2719344611720337,-0.009847360896033093,0.00015748,0.009866627168075232,0.00081957,1,0.0
17983,0.0002727152900640073,0.10149998057561886,-1.54e-06,1.1211449964209517,4.787338469101568,10.694961475258683,1.0052136313683062,19.622150715234856,0.12067054082980143,-49.596251120225304,-1.1573229341274334,60.12417899948687,0.6295741068180681,2.6754524358624088,0.2719344611720337,0.015450740027398588,0.00015748,0.18590546605438352,0.00081957,0,0.0
17984,0.12040990558069395,0.0014131554385860229,-1.54e-06,1.1211449964209517,4.787338469101568,-19.44273350011499,1.0052136313683062,4.641784423249115,0.12067054082980143,-18.953854494110253,-1.1573229341274334,-23.654082654829548,0.6295741068180681,23.830638967603022,0.2719344611720337,-0.019313976377550054,0.00015748,0.019303928445004243,0.00081957,1,0.0
17985,0.24651569943260387,0.03693901057393788,-1.54e-06,1.1211449964209517,4.787338469101568,-38.366178648693115,1.0052136313683062,-3.0724477428716743,0.12067054082980143,-28.5514594913464,-1.1573229341274334,96.5978049208151,0.6295741068180681,35.36879321031075,0.2719344611720337,-0.09881702392491756,0.00015748,0.09882081078751434,0.00081957,1,0.0
17986,0.014023821974116803,0.00019564460446010792,-1.54e-06,1.1211449964209517,4.787338469101568,-3.924279853251314,1.0052136313683062,1.3348749805283515,0.12067054082980143,-7.481993142536233,-1.1573229341274334,11.388468429692573,0.6295741068180681,4.18380820709195,0.2719344611720337,-0.008032532320675403,0.00015748,0.008025328617709328,0.00081957,1,0.0
17987,0.500877349580057,0.15089709268943297,-1.54e-06,1.1211449964209517,4.787338469101568,76.96484553825111,1.0052136313683062,39.03864146474844,0.12067054082980143,-35.917214678405145,-1.1573229341274334,87.04531578488742,0.6295741068180681,-19.224545727236844,0.2719344611720337,0.36708008376982565,0.00015748,0.7838583159928563,0.00081957,0,0.0
17988,0.5430091224475714,0.13763015251278354,-1.54e-06,1.1211449964209517,4.787338469101568,90.60895087200682,1.0052136313683062,60.74581894834547,0.12067054082980143,-71.44838297162113,-1.1573229341274334,22.62550322766887,0.6295741068180681,-10.947658061115385,0.2719344611720337,0.32819997650090954,0.00015748,1.0493797681461818,0.00081957,0,0.0
17989,0.10313250549795014,0.0021234112853172676,-1.54e-06,1.1211449964209517,4.787338469101568,-27.42659736022844,1.0052136313683062,4.926492495636685,0.12067054082980143,-45.17341504133611,-1.1573229341274334,59.73968381888521,0.6295741068180681,30.463508842086572,0.2719344611720337,-0.02283840992588216,0.00015748,0.022753401601192533,0.00081957,1,0.0
17990,0.00023224352468551035,0.14341893681709666,-1.54e-06,1.1211449964209517,4.787338469101568,54.39735922662129,1.0052136313683062,13.960442864170128,0.12067054082980143,-0.4006419976485148,-1.1573229341274334,84.31099512991798,0.6295741068180681,-39.370856367820124,0.2719344611720337,0.16102359758739537,0.00015748,0.26146647140256174,0.00081957,0,0.0
17991,0.5685292416607385,0.1458539723455912,-1.54e-06,1.1211449964209517,4.787338469101568,100.0,1.0052136313683062,60.618701374647245,0.12067054082980143,-43.639066176412115,-1.1573229341274334,-38.79353739764005,0.6295741068180681,-20.826431278934244,0.2719344611720337,0.327132835074005,0.00015748,1.0598356001670635,0.00081957,0,0.0
17992,0.0005356602321522352,0.19156457983157657,-1.54e-06,1.1211449964209517,4.787338469101568,9.246113922906218,1.0052136313683062,35.89814803904397,0.12067054082980143,-67.59185705679356,-1.1573229341274334,-60.74709074101162,0.6295741068180681,15.411129126484992,0.2719344611720337,-0.1041844943136219,0.00015748,0.31571745241820937,0.00081957,1,0.0
17993,0.22749534080327574,0.004575811541193773,-1.54e-06,1.1211449964209517,4.787338469101568,-33.301900685537376,1.0052136313683062,5.70115971153149,0.12067054082980143,-25.656888698113946,-1.1573229341274334,-25.876215813260664,0.6295741068180681,38.39234393879295,0.2719344611720337,-0.015465267566985746,0.00015748,0.015528527601798106,0.00081957,1,0.0
17994,0.23892175329061183,0.006617626303797759,-1.54e-06,1.1211449964209517,4.787338469101568,-56.58796311771458,1.0052136313683062,11.582795989854894,0.12067054082980143,-84.80303884970478,-1.1573229341274334,43.759124082978865,0.6295741068180681,67.44267066822601,0.2719344611720337,-0.037781111985042824,0.00015748,0.037769732847666264,0.00081957,1,0.0
17995,0.2725282405247148,0.015334174456282464,-1.54e-06,1.1211449964209517,4.787338469101568,-48.86217638556031,1.0052136313683062,2.3428457389951465,0.12067054082980143,-49.788932736864965,-1.1573229341274334,53.9137438034704,0.6295741068180681,52.93458693301762,0.2719344611720337,-0.03731061559554677,0.00015748,0.03728744582242473,0.00081957,1,0.0
17996,0.16956924372425672,0.004043870665780081,-1.54e-06,1.1211449964209517,4.787338469101568,-31.61940156182468,1.0052136313683062,3.7329559511391386,0.12067054082980143,-36.02494566581915,-1.1573229341274334,28.135114073388994,0.6295741068180681,35.21595326115714,0.2719344611720337,-0.016906692843199962,0.00015748,0.01708467899281113,0.00081957,1,0.0
17997,0.7161666502059655,0.1778438018263198,-1.54e-06,1.1211449964209517,4.787338469101568,58.18348718417321,1.0052136313683062,59.75394767850576,0.12067054082980143,-80.9977013364454,-1.1573229341274334,17.196979284821808,0.6295741068180681,17.950654639989835,0.2719344611720337,0.33846062953342876,0.00015748,0.9543228905959757,0.00081957,0,0.0
17998,0.016977769536263704,0.01741708092229944,-1.54e-06,1.1211449964209517,4.787338469101568,-14.336487461432224,1.0052136313683062,14.86958202412463,0.12067054082980143,-44.003481686669026,-1.1573229341274334,-12.288052946215538,0.6295741068180681,21.558881102041667,0.2719344611720337,-0.07946127717811646,0.00015748,0.0794351542537953,0.00081957,1,0.0
17999,0.577825545443415,0.1490227932601616,-1.54e-06,1.1211449964209517,4.787338469101568,86.91034264938821,1.0052136313683062,57.24231172482373,0.12067054082980143,-53.30096901763324,-1.1573229341274334,0.14294928772022575,0.6295741068180681,-12.11114383208992,0.2719344611720337,0.33464793891846456,0.00015748,0.9884122969971357,0.00081957,0,0.0
18000,0.09276493476843028,0.09846611045329344,-1.54e-06,2.1555968919717063,3.134572259162862,100.0,1.0052136313683062,13.52883800653113,0.12067054082980143,-36.160166769554955,-1.1573229341274334,-0.025333445050832334,0.6295741068180681,-30.291714262442643,0.2719344611720337,0.44337614728508096,0.00015748,0.518897131195738,0.00081957,0,0.0
18001,0.2259426007811567,1.6940145014898853,-1.54e-06,2.1555968919717063,3.134572259162862,-4.848312246562161,1.0052136313683062,25.368148869091964,0.12067054082980143,-51.838512568175936,-1.1573229341274334,-20.960073331306628,0.6295741068180681,10.821694027102557,0.2719344611720337,-0.7453807556564171,0.00015748,0.7413613624744222,0.00081957,1,0.0
18002,0.8324048582263928,0.12365222388630573,-1.54e-06,2.1555968919717063,3.134572259162862,-61.290478502701916,1.0052136313683062,10.010831664024058,0.12067054082980143,-75.21807339631417,-1.1573229341274334,-2.568997471227337,0.6295741068180681,89.99927099466318,0.2719344611720337,-0.18403644447372958,0.00015748,0.18483464659261006,0.00081957,1,0.0
18003,0.5182837747053604,0.26195775439505764,-1.54e-06,2.1555968919717063,3.134572259162862,9.251675194500557,1.0052136313683062,15.010213662364727,0.12067054082980143,-62.774524045374065,-1.1573229341274334,-44.36278418110731,0.6295741068180681,46.63959398342262,0.2719344611720337,-0.3514898389706743,0.00015748,0.36103718776027083,0.00081957,1,0.0
18004,0.3363643937471976,0.27552945761878556,-1.54e-06,2.1555968919717063,3.134572259162862,97.1450301044718,1.0052136313683062,21.49269957286195,0.12067054082980143,-49.346040181556994,-1.1573229341274334,-48.45441369183122,0.6295741068180681,-13.460890674195282,0.2719344611720337,0.1431428634163829,0.00015748,0.5780850434515474,0.00081957,0,0.0
18005,0.30320985718308724,0.090713315305282,-1.54e-06,2.1555968919717063,3.134572259162862,66.69142527853931,1.0052136313683062,19.298459154008253,0.12067054082980143,-99.85415435286566,-1.1573229341274334,40.09793453310069,0.6295741068180681,19.78805969719701,0.2719344611720337,0.45120638669984436,0.00015748,0.5584413433486282,0.00081957,0,0.0
18006,0.0036670918921812845,0.04393366341575797,-1.54e-06,2.1555968919717063,3.134572259162862,77.44116534101533,1.0052136313683062,15.469432990805393,0.12067054082980143,-83.28588223318675,-1.1573229341274334,56.274795014738125,0.6295741068180681,-3.1724492595747162,0.2719344611720337,0.47730973015999456,0.00015748,0.5248829731589543,0.00081957,0,0.0
18007,0.3916680025970105,0.04124635710877646,-1.54e-06,2.1555968919717063,3.134572259162862,-40.752880411196855,1.0052136313683062,6.98075765574864,0.12067054082980143,-65.35815567932988,-1.1573229341274334,22.872335112900476,0.6295741068180681,61.351037733836314,0.2719344611720337,-0.1312777969133218,0.00015748,0.13148693053669364,0.00081957,1,0.0
18008,0.0010659668472476347,0.11355997277925534,-1.54e-06,2.1555968919717063,3.134572259162862,25.22104658316807,1.0052136313683062,2.8526343789892956,0.12067054082980143,-10.471788579658794,-1.1573229341274334,8.593702484643687,0.6295741068180681,-8.364289261215992,0.2719344611720337,0.10570785729646681,0.00015748,0.18704991215238465,0.00081957,0,0.0
18009,0.4594868313272459,0.27995180698967737,-1.54e-06,2.1555968919717063,3.134572259162862,20.793846165973363,1.0052136313683062,7.613126666183976,0.12067054082980143,-56.947742498070745,-1.1573229341274334,19.128623581697763,0.6295741068180681,32.29140701247106,0.2719344611720337,0.18411902231813848,0.00015748,0.45906459197621696,0.00081957,0,0.0
18010,0.44859372038099954,0.0336595062139873,-1.54e-06,2.1555968919717063,3.134572259162862,-19.00380828657743,1.0052136313683062,3.360572981237529,0.12067054082980143,-11.678025993981088,-1.1573229341274334,-27.039126761402034,0.6295741068180681,29.598459970512184,0.2719344611720337,-0.06575901381441485,0.00015748,0.06611121088299926,0.00081957,1,0.0
18011,0.48944671325247263,0.028709691288550054,-1.54e-06,2.1555968919717063,3.134572259162862,-75.53127519834283,1.0052136313683062,5.068459265201782,0.12067054082980143,-80.06531146777041,-1.1573229341274334,53.7776930421022,0.6295741068180681,84.66610704307648,0.2719344611720337,-0.06689242450842384,0.00015748,0.06708526934314887,0.00081957,1,0.0
18012,-1.6448966575377533e-05,0.11997845790690839,-1.54e-06,2.1555968919717063,3.134572259162862,3.6945457218944426,1.0052136313683062,6.419288918606042,0.12067054082980143,-63.94407269857515,-1.1573229341274334,59.886908464684986,0.6295741068180681,24.286712010938107,0.2719344611720337,0.1773379846190922,0.00015748,0.19061721429351855,0.00081957,0,0.0
18013,-0.0006699265480855643,0.37396771504446774,-1.54e-06,2.1555968919717063,3.134572259162862,99.31007478554648,1.0052136313683062,4.71334121163793,0.12067054082980143,-23.414803433184368,-1.1573229341274334,87.83915832639693,0.6295741068180681,-50.468710629790124,0.2719344611720337,0.30367169046293085,0.00015748,1.414838457536718,0.00081957,0,0.0
18014,-0.000541880302108444,0.19376852028071112,-1.54e-06,2.1555968919717063,3.134572259162862,-68.62095997888915,1.0052136313683062,-9.356674956931524,0.12067054082980143,-2.96701324804513,-1.1573229341274334,75.32919493962126,0.6295741068180681,25.64233406058153,0.2719344611720337,-0.2833620062859711,0.00015748,0.3030832475303652,0.00081957,1,0.0
18015,0.06486532965861197,0.028995005977226394,-1.54e-06,2.1555968919717063,3.134572259162862,24.24850781463092,1.0052136313683062,4.504041583125438,0.12067054082980143,-1e-20,-1.1573229341274334,-33.43140081091445,0.6295741068180681,-6.878634357344402,0.2719344611720337,-0.11695435790830677,0.00015748,0.11704509723978884,0.00081957,1,0.0
18016,0.5008775930142064,0.21056748488098948,-1.54e-06,2.1555968919717063,3.134572259162862,-15.041966396853914,1.0052136313683062,13.48812044423179,0.12067054082980143,-98.84421209927177,-1.1573229341274334,25.48684598752598,0.6295741068180681,69.69407763883541,0.2719344611720337,-0.07645198347909557,0.00015748,0.34345610586792996,0.00081957,1,0.0
18017,0.5678566267293094,0.037880353181084805,-1.54e-06,2.1555968919717063,3.134572259162862,-86.17987210080081,1.0052136313683062,5.353457505464937,0.12067054082980143,-87.63976819305303,-1.1573229341274334,58.88625876179058,0.6295741068180681,95.18559684321292,0.2719344611720337,-0.0681246089582027,0.00015748,0.06837086481037984,0.00081957,1,0.0
18018,0.4964726459751354,0.26205365272581366,-1.54e-06,2.1555968919717063,3.134572259162862,30.73234158356756,1.0052136313683062,16.27188292518985,0.12067054082980143,-69.73133658671797,-1.1573229341274334,-22.230539273361547,0.6295741068180681,35.47736093206526,0.2719344611720337,-0.044579792416545805,0.00015748,0.4274292189808239,0.00081957,1,0.0
18019,0.2672064376379435,0.13647881174741192,-1.54e-06,2.1555968919717063,3.134572259162862,-84.14757820640693,1.0052136313683062,-6.457104428367669,0.12067054082980143,-20.097245802928008,-1.1573229341274334,65.31669385707467,0.6295741068180681,50.12514817487007,0.2719344611720337,-0.2287754612468802,0.00015748,0.2280453150073447,0.00081957,1,0.0
18020,0.06491605257854527,0.06477854836882736,-1.54e-06,2.1555968919717063,3.134572259162862,60.20233862297775,1.0052136313683062,14.41459164892086,0.12067054082980143,-88.32267186695495,-1.1573229341274334,70.60835338852651,0.6295741068180681,7.294158530121984,0.2719344611720337,0.43601210631004006,0.00015748,0.5807010121791635,0.00081957,0,0.0
18021,0.00012340528756815683,0.031595972968759545,-1.54e-06,2.1555968919717063,3.134572259162862,-47.724548691626545,1.0052136313683062,3.9697426191557303,0.12067054082980143,-82.89783994347937,-1.1573229341274334,86.49055877860249,0.6295741068180681,57.129767183645924,0.2719344611720337,-0.021555536978268695,0.00015748,0.06290104207988842,0.00081957,1,0.0
18022,0.5527009064369143,0.04629042345235759,-1.54e-06,2.1555968919717063,3.134572259162862,-36.98544276237991,1.0052136313683062,2.2208359216937024,0.12067054082980143,-15.806139147645561,-1.1573229341274334,-18.325124370059225,0.6295741068180681,42.33035365548129,0.2719344611720337,-0.029407771546606138,0.00015748,0.02939234955464422,0.00081957,1,0.0
18023,0.0013996407281091638,0.08858655131036205,-1.54e-06,2.1555968919717063,3.134572259162862,94.61869191693008,1.0052136313683062,11.607341185829007,0.12067054082980143,-38.30972287449289,-1.1573229341274334,20.97863891135163,0.6295741068180681,-30.894368067019666,0.2719344611720337,0.40478061275124355,0.00015748,0.5921576296647669,0.00081957,0,0.0
18024,0.5073244343003536,0.031050259142884562,-1.54e-06,2.1555968919717063,3.134572259162862,-75.04867503750376,1.0052136313683062,3.4019108123922774,0.12067054082980143,-66.19384690756195,-1.1573229341274334,45.930928965515164,0.6295741068180681,78.48886877427063,0.2719344611720337,-0.04026308683730194,0.00015748,0.040203341647666854,0.00081957,1,0.0
18025,0.8633224181042276,0.10744801276816059,-1.54e-06,2.1555968919717063,3.134572259162862,-61.27611090194427,1.0052136313683062,5.119604343320518,0.12067054082980143,-38.79801060644137,-1.1573229341274334,-19.817304534740092,0.6295741068180681,73.88794369996405,0.2719344611720337,-0.07738148057004608,0.00015748,0.0774010004218947,0.00081957,1,0.0
18026,0.6474512644714896,0.24560898248734075,-1.54e-06,2.1555968919717063,3.134572259162862,99.94153812899089,1.0052136313683062,20.46640959359481,0.12067054082980143,-47.458996620410865,-1.1573229341274334,-55.93208798772411,0.6295741068180681,-4.3434480615196716,0.2719344611720337,0.3752674340443671,0.00015748,0.6204997376707517,0.00081957,0,0.0
18027,0.0013851625139836843,0.16139212463700903,-1.54e-06,2.1555968919717063,3.134572259162862,67.29684306533524,1.0052136313683062,8.206067326361953,0.12067054082980143,-36.296291811074454,-1.1573229341274334,40.520159714318815,0.6295741068180681,-21.143385612687236,0.2719344611720337,0.29719463043346317,0.00015748,0.6227398818590909,0.00081957,0,0.0
18028,0.2950433134529301,0.16422899428592966,-1.54e-06,2.1555968919717063,3.134572259162862,23.36275826567213,1.0052136313683062,15.063259205166208,0.12067054082980143,-96.65267974489693,-1.1573229341274334,47.57117979910667,0.6295741068180681,39.18694439724158,0.2719344611720337,0.24882033051056057,0.00015748,0.4043342707896313,0.00081957,0,0.0
18029,-0.1737432215103052,1.4638014712821106,-1.54e-06,2.1555968919717063,3.134572259162862,-0.7112807382877104,1.0052136313683062,12.237160497631853,0.12067054082980143,-28.331340215585374,-1.1573229341274334,54.173413465141635,0.6295741068180681,-16.876194462263857,0.2719344611720337,-0.40695778151059236,0.00015748,0.7589452310867765,0.00081957,1,0.0
18030,-0.00015945846960288557,0.3610631051724342,-1.54e-06,2.1555968919717063,3.134572259162862,26.08349264146025,1.0052136313683062,2.339588712117969,0.12067054082980143,-41.65496300107089,-1.1573229341274334,90.40376725794401,0.6295741068180681,-3.594358725535235,0.2719344611720337,0.13784953978221953,0.00015748,0.8173380054250257,0.00081957,0,0.0
18031,0.1182119401200854,0.053056302409642875,-1.54e-06,2.1555968919717063,3.134572259162862,-47.015933572479824,1.0052136313683062,-4.7893631451649386,0.12067054082980143,-7.27055760340238,-1.1573229341274334,38.943857073755424,0.6295741068180681,25.394166870368938,0.2719344611720337,-0.14549431225532444,0.00015748,0.145102167759819,0.00081957,1,0.0
18032,0.4458538524106884,0.03352344744087035,-1.54e-06,2.1555968919717063,3.134572259162862,-41.283106818920054,1.0052136313683062,1.2170326751994278,0.12067054082980143,-16.801572266011046,-1.1573229341274334,-1.7785501960849472,0.6295741068180681,39.49711846064716,0.2719344611720337,-0.03316186217407229,0.00015748,0.03312766564247511,0.00081957,1,0.0
18033,0.37857695119407797,0.2403226244601523,-1.54e-06,2.1555968919717063,3.134572259162862,-18.70215113577289,1.0052136313683062,5.965919838021836,0.12067054082980143,-84.17406678035304,-1.1573229341274334,60.7629872643844,0.6295741068180681,59.92701745019029,0.2719344611720337,0.10104405206966205,0.00015748,0.35513999684347075,0.00081957,0,0.0
18034,0.00011421048959664448,0.1801511698106094,-1.54e-06,2.1555968919717063,3.134572259162862,45.982511108976084,1.0052136313683062,6.534651887795745,0.12067054082980143,-39.43037928414731,-1.1573229341274334,47.510056338612415,0.6295741068180681,-9.238581241900903,0.2719344611720337,0.23479931466986753,0.00015748,0.5254057394316387,0.00081957,0,0.0
18035,0.6660847875308719,0.34650459517226656,-1.54e-06,2.1555968919717063,3.134572259162862,44.411237130315385,1.0052136313683062,18.193792516702786,0.12067054082980143,-54.21125309469317,-1.1573229341274334,-63.2218656702332,0.6295741068180681,29.085638539553166,0.2719344611720337,-0.102184268649536,0.00015748,0.47753977659620417,0.00081957,1,0.0
18036,0.675436832626785,0.10677068177479321,-1.54e-06,2.1555968919717063,3.134572259162862,-26.195506643675536,1.0052136313683062,9.131282978721456,0.12067054082980143,-42.07652488692952,-1.1573229341274334,-34.40484480768189,0.6295741068180681,55.00042363736341,0.2719344611720337,-0.18758409953863234,0.00015748,0.18779174389957234,0.00081957,1,0.0
18037,0.6988290322509878,0.5008138766340069,-1.54e-06,2.1555968919717063,3.134572259162862,51.333691082035635,1.0052136313683062,24.811913903855423,0.12067054082980143,-78.21135435900477,-1.1573229341274334,-64.72147337447551,0.6295741068180681,35.72774609381308,0.2719344611720337,-0.19303404222086962,0.00015748,0.5965683791771872,0.00081957,1,0.0
18038,-0.0003124433230199397,0.179631673294879,-1.54e-06,2.1555968919717063,3.134572259162862,82.60172126049498,1.0052136313683062,12.338519964610738,0.12067054082980143,-62.49520593501569,-1.1573229341274334,82.49532707919549,0.6295741068180681,-23.840472363268272,0.2719344611720337,0.38484058441412206,0.00015748,1.0041383195458469,0.00081957,0,0.0
18039,0.4333594051165016,0.023478303783072803,-1.54e-06,2.1555968919717063,3.134572259162862,-51.5977849281283,1.0052136313683062,2.794375120690985,0.12067054082980143,-43.785127226785235,-1.1573229341274334,21.404448152812986,0.6295741068180681,56.56990210659331,0.2719344611720337,-0.03179902363237542,0.00015748,0.031940451529802745,0.00081957,1,0.0
18040,0.059949147037242856,0.05961656315998784,-1.54e-06,2.1555968919717063,3.134572259162862,51.61394893518263,1.0052136313683062,14.476980907928615,0.12067054082980143,-99.48073299216722,-1.1573229341274334,85.32700171640684,0.6295741068180681,15.71888889340699,0.2719344611720337,0.4334259164525183,0.00015748,0.5898083373411337,0.00081957,0,0.0
18041,0.19273502842624857,0.06453986148249977,-1.54e-06,2.1555968919717063,3.134572259162862,88.30569115682968,1.0052136313683062,20.559753961737776,0.12067054082980143,-95.12839554644742,-1.1573229341274334,30.383826395249216,0.6295741068180681,5.047726698887128,0.2719344611720337,0.4254912499401471,0.00015748,0.6051820629215401,0.00081957,0,0.0
18042,0.8447127423648821,0.11929130267400831,-1.54e-06,2.1555968919717063,3.134572259162862,-58.61438956349647,1.0052136313683062,1.4433341803904607,0.12067054082980143,-13.888279353657092,-1.1573229341274334,-29.445676865310034,0.6295741068180681,60.850650723981104,0.2719344611720337,-0.00617855781228963,0.00015748,0.005975178891575274,0.00081957,1,0.0
18043,0.11740369861289124,0.08473959026673512,-1.54e-06,2.1555968919717063,3.134572259162862,94.5597509411169,1.0052136313683062,14.638911745962416,0.12067054082980143,-49.60502487415133,-1.1573229341274334,11.58707197145573,0.6295741068180681,-21.47660990400621,0.2719344611720337,0.4679600351809129,0.00015748,0.5286162803604709,0.00081957,0,0.0
18044,0.024910895265433775,0.10176714945891417,-1.54e-06,2.1555968919717063,3.134572259162862,95.50739337178587,1.0052136313683062,12.3683664900161,0.12067054082980143,-35.17041775654379,-1.1573229341274334,6.6004885510384685,0.6295741068180681,-30.795658100545165,0.2719344611720337,0.4112656441909392,0.00015748,0.4982325595175939,0.00081957,0,0.0
18045,0.7360390153913419,0.30012776921924406,-1.54e-06,2.1555968919717063,3.134572259162862,100.0,1.0052136313683062,21.676151461360217,0.12067054082980143,-46.24561987242843,-1.1573229341274334,-70.56511905794238,0.6295741068180681,-1.400825580767174,0.2719344611720337,0.32123948433929783,0.00015748,0.6401754333857732,0.00081957,0,0.0
18046,0.005960819415379182,0.05982901732293954,-1.54e-06,2.1555968919717063,3.134572259162862,55.75046932617369,1.0052136313683062,13.329058196592872,0.12067054082980143,-91.93738746611211,-1.1573229341274334,86.89793221937178,0.6295741068180681,8.12960147104233,0.2719344611720337,0.41144580325083663,0.00015748,0.636244513759434,0.00081957,0,0.0
18047,0.14192439907988721,0.008023299002680223,-1.54e-06,2.1555968919717063,3.134572259162862,-52.07044995626743,1.0052136313683062,3.470883348946486,0.12067054082980143,-71.2127210780621,-1.1573229341274334,65.93305679823602,0.6295741068180681,59.06357296642616,0.2719344611720337,-0.04538632197403039,0.00015748,0.04553881204668689,0.00081957,1,0.0
18048,0.0008612209970356166,0.03409895476180504,-1.54e-06,2.1555968919717063,3.134572259162862,-28.41744971076184,1.0052136313683062,-3.342783802362015,0.12067054082980143,-2.40811959613581,-1.1573229341274334,31.026467442548935,0.6295741068180681,10.718521284069787,0.2719344611720337,-0.1168018812135015,0.00015748,0.12420980263266664,0.00081957,1,0.0
18049,0.00423957814563769,0.24947902943720152,-1.54e-06,2.1555968919717063,3.134572259162862,47.70120643186955,1.0052136313683062,14.905719540781032,0.12067054082980143,-41.48732298137623,-1.1573229341274334,-23.65980942581392,0.6295741068180681,-4.224129533071498,0.2719344611720337,-0.2026188914261705,0.00015748,0.3455253557124872,0.00081957,1,0.0
18050,0.0004510067132417195,0.04264560375943115,-1.54e-06,2.1555968919717063,3.134572259162862,88.47772149375051,1.0052136313683062,16.32550407567504,0.12067054082980143,-87.30714581238948,-1.1573229341274334,52.0853804316289,0.6295741068180681,-4.587650006153345,0.2719344611720337,0.4659609398313388,0.00015748,0.5779085692045339,0.00081957,0,0.0
18051,0.27219075417087657,0.0382642189349003,-1.54e-06,2.1555968919717063,3.134572259162862,-84.5563336271179,1.0052136313683062,-1.4436191263463583,0.12067054082980143,-60.169265768199935,-1.1573229341274334,81.03443905026208,0.6295741068180681,70.51997343221143,0.2719344611720337,-0.10300399451985956,0.00015748,0.10303007030508066,0.00081957,1,0.0
18052,0.2714781795516211,0.15280482973276072,-1.54e-06,2.1555968919717063,3.134572259162862,64.51068159237562,1.0052136313683062,14.999758085939678,0.12067054082980143,-63.50990504856018,-1.1573229341274334,10.322344254057995,0.6295741068180681,5.238955930953461,0.2719344611720337,0.3506598954673436,0.00015748,0.4514526305947923,0.00081957,0,0.0
18053,0.00014766158253309847,0.06175411745934723,-1.54e-06,2.1555968919717063,3.134572259162862,71.19515828572855,1.0052136313683062,12.932149589187198,0.12067054082980143,-74.59572921203082,-1.1573229341274334,64.12611867342595,0.6295741068180681,-5.6074787066017695,0.2719344611720337,0.4202824229866944,0.00015748,0.6194805771558398,0.00081957,0,0.0
18054,0.4253686854505925,0.0657989841535354,-1.54e-06,2.1555968919717063,3.134572259162862,12.352043586869744,1.0052136313683062,6.357752918176827,0.12067054082980143,-0.3192364240942197,-1.1573229341274334,-62.0914777429139,0.6295741068180681,11.438698423593898,0.2719344611720337,-0.1556450482118096,0.00015748,0.15571711709505856,0.00081957,1,0.0
18055,0.002851793699985783,0.14119968671842195,-1.54e-06,2.1555968919717063,3.134572259162862,77.4660010275757,1.0052136313683062,8.84032980076424,0.12067054082980143,-28.478670711070787,-1.1573229341274334,18.835369542430556,0.6295741068180681,-26.89790689338182,0.2719344611720337,0.3199023256357842,0.00015748,0.5230275439095824,0.00081957,0,0.0
18056,0.00031916558381847636,0.14661954896742535,-1.54e-06,2.1555968919717063,3.134572259162862,-15.856837143354163,1.0052136313683062,0.05124410333221265,0.12067054082980143,-31.326203350778353,-1.1573229341274334,58.030825484319706,0.6295741068180681,16.642186779054107,0.2719344611720337,0.0017586418450206975,0.00015748,0.274888047381909,0.00081957,0,0.0
18057,0.03724952581783503,0.1317587539110838,-1.54e-06,2.1555968919717063,3.134572259162862,99.95516822390688,1.0052136313683062,12.077137659017255,0.12067054082980143,-19.77106062507599,-1.1573229341274334,-19.536814957649028,0.6295741068180681,-37.52643638456159,0.2719344611720337,0.35808409957876564,0.00015748,0.41951670153139664,0.00081957,0,0.0
18058,0.015403704850081024,0.15872676606334016,-1.54e-06,2.1555968919717063,3.134572259162862,92.85682377619713,1.0052136313683062,10.26943334973716,0.12067054082980143,-3.0278057498749353,-1.1573229341274334,-43.574208754931,0.6295741068180681,-39.64765284865806,0.2719344611720337,0.1636390621219912,0.00015748,0.35260186008370187,0.00081957,0,0.0
18059,-0.00043438968416209534,0.19502749010453274,-1.54e-06,2.1555968919717063,3.134572259162862,51.204519969379895,1.0052136313683062,7.505544807078562,0.12067054082980143,-41.968714995405165,-1.1573229341274334,55.160762745299714,0.6295741068180681,-12.916132898580978,0.2719344611720337,0.2497046890716309,0.00015748,0.6325962801232098,0.00081957,0,0.0
18060,0.029296150993121217,0.11288976891588828,-1.54e-06,2.1555968919717063,3.134572259162862,-11.11019715547247,1.0052136313683062,9.737757457874341,0.12067054082980143,-87.73397301014066,-1.1573229341274334,55.19872587087787,0.6295741068180681,45.7673103465827,0.2719344611720337,-0.0979514758888744,0.00015748,0.22374425762573177,0.00081957,1,0.0
18061,0.0036549749631124007,0.09660435312024705,-1.54e-06,2.1555968919717063,3.134572259162862,33.94771859257331,1.0052136313683062,7.901134742838949,0.12067054082980143,-22.573973570021828,-1.1573229341274334,-23.99903744020584,0.6295741068180681,-2.021354757750937,0.2719344611720337,-0.17463450714863962,0.00015748,0.21019192804565814,0.00081957,1,0.0
18062,0.35634982974227686,0.02808981407087866,-1.54e-06,2.1555968919717063,3.134572259162862,-36.72831195271575,1.0052136313683062,5.754260918792658,0.12067054082980143,-53.72019416270022,-1.1573229341274334,18.07286460893907,0.6295741068180681,52.711911205646096,0.2719344611720337,-0.10415393561424631,0.00015748,0.10413059538056103,0.00081957,1,0.0
18063,0.5124546897226535,0.053370042575335896,-1.54e-06,2.1555968919717063,3.134572259162862,-75.35381641221818,1.0052136313683062,0.41752057548303495,0.12067054082980143,-41.96707530344236,-1.1573229341274334,36.0669724754407,0.6295741068180681,66.59117053707631,0.2719344611720337,-0.07602277379204403,0.00015748,0.07595531915252879,0.00081957,1,0.0
18064,0.6548616082694648,0.13187120949084724,-1.54e-06,2.1555968919717063,3.134572259162862,-25.4208192879336,1.0052136313683062,10.961842457948357,0.12067054082980143,-56.64470723724087,-1.1573229341274334,-27.26150181353081,0.6295741068180681,61.09576087438878,0.2719344611720337,-0.23161229049841633,0.00015748,0.23153997461315465,0.00081957,1,0.0
18065,0.9087330858471399,0.4130327852905409,-1.54e-06,2.1555968919717063,3.134572259162862,76.41769187561667,1.0052136313683062,24.87269833266143,0.12067054082980143,-70.49562461238854,-1.1573229341274334,-68.4780723378624,0.6295741068180681,25.925645801557657,0.2719344611720337,0.18498836856574546,0.00015748,0.6708456003218486,0.00081957,0,0.0
18066,0.8708103950982248,0.44007695669573743,-1.54e-06,2.1555968919717063,3.134572259162862,-5.60062733331184,1.0052136313683062,20.438434941919855,0.12067054082980143,-90.4996957903815,-1.1573229341274334,-54.19096336939574,0.6295741068180681,77.2454206690834,0.2719344611720337,-0.4087521169488959,0.00015748,0.46671223107471294,0.00081957,1,0.0
18067,0.0447572657069617,0.005083709372566444,-1.54e-06,2.1555968919717063,3.134572259162862,-49.7879027628614,1.0052136313683062,1.9157095458681301,0.12067054082980143,-62.963264723696646,-1.1573229341274334,71.2864011394882,0.6295741068180681,50.22648481931598,0.2719344611720337,-0.02917669284410705,0.00015748,0.0292051384795917,0.00081957,1,0.0
18068,0.9248308507837556,0.3882041857155555,-1.54e-06,2.1555968919717063,3.134572259162862,-11.135502745496565,1.0052136313683062,17.366158912218154,0.12067054082980143,-88.64377952578494,-1.1573229341274334,-39.98847494844402,0.6295741068180681,80.94992482923324,0.2719344611720337,-0.25722613989701276,0.00015748,0.4404929390576641,0.00081957,1,0.0
18069,8.295033699456944e-05,0.1117904840732046,-1.54e-06,2.1555968919717063,3.134572259162862,55.59231178515172,1.0052136313683062,7.734986386583946,0.12067054082980143,-1e-20,-1.1573229341274334,-53.88059366683539,0.6295741068180681,-20.956893898054737,0.2719344611720337,-0.18391288389322047,0.00015748,0.22898546607805015,0.00081957,1,0.0
18070,0.5575446448917658,0.1668346303579407,-1.54e-06,2.1555968919717063,3.134572259162862,88.9095876258776,1.0052136313683062,22.65149565939009,0.12067054082980143,-86.60299231613642,-1.1573229341274334,-11.504347877408994,0.6295741068180681,14.405595804870725,0.2719344611720337,0.39725319816849936,0.00015748,0.6675525299041586,0.00081957,0,0.0
18071,0.42834987547333525,0.13813552225216158,-1.54e-06,2.1555968919717063,3.134572259162862,86.47215145807591,1.0052136313683062,19.582227871386998,0.12067054082980143,-73.01307933346914,-1.1573229341274334,-4.114427779806965,0.6295741068180681,4.305393493746412,0.2719344611720337,0.4326820747308658,0.00015748,0.5878350475083265,0.00081957,0,0.0
18072,0.4882224501343272,0.24430483947140094,-1.54e-06,2.1555968919717063,3.134572259162862,8.703376198026023,1.0052136313683062,16.249301580262426,0.12067054082980143,-90.75604442625543,-1.1573229341274334,5.29170195340604,0.6295741068180681,53.935604541039744,0.2719344611720337,-0.06442106155605323,0.00015748,0.40409194320582853,0.00081957,1,0.0
18073,0.2823696448862122,0.1347644512000036,-1.54e-06,2.1555968919717063,3.134572259162862,-6.6430845112547985,1.0052136313683062,11.569211182431452,0.12067054082980143,-69.49572354394724,-1.1573229341274334,1.084110468321523,0.6295741068180681,46.43048985170765,0.2719344611720337,-0.2563363989124015,0.00015748,0.25938459228405303,0.00081957,1,0.0
18074,-2.360531870149174e-05,0.03577727059691287,-1.54e-06,2.1555968919717063,3.134572259162862,72.16493724078481,1.0052136313683062,16.626497879436933,0.12067054082980143,-98.26067433488359,-1.1573229341274334,68.19530940546593,0.6295741068180681,5.959219630930373,0.2719344611720337,0.49185890523514364,0.00015748,0.5116006025797974,0.00081957,0,0.0
18075,0.1697280933249056,0.010783828497489337,-1.54e-06,2.1555968919717063,3.134572259162862,-70.01641154092523,1.0052136313683062,0.7510780375592992,0.12067054082980143,-68.82515772067946,-1.1573229341274334,80.8381211606156,0.6295741068180681,65.61627387956236,0.2719344611720337,-0.0425100872070618,0.00015748,0.042525052847214154,0.00081957,1,0.0
18076,0.4875805993064708,0.12146658245398848,-1.54e-06,2.1555968919717063,3.134572259162862,-9.59670451653442,1.0052136313683062,10.391388752815407,0.12067054082980143,-50.85167433990502,-1.1573229341274334,-26.409295448734266,0.6295741068180681,46.72600822167319,0.2719344611720337,-0.23741253459240727,0.00015748,0.23810527065232398,0.00081957,1,0.0
18077,0.5066585472608365,0.053497231371766145,-1.54e-06,2.1555968919717063,3.134572259162862,-62.42808700418109,1.0052136313683062,8.281856001303844,0.12067054082980143,-88.00267735310318,-1.1573229341274334,40.922043582601574,0.6295741068180681,84.30392126342946,0.2719344611720337,-0.14310299717891742,0.00015748,0.1432484333337304,0.00081957,1,0.0
18078,0.2643235351954107,0.0250849323144691,-1.54e-06,2.1555968919717063,3.134572259162862,-37.35968926240614,1.0052136313683062,5.65926434054005,0.12067054082980143,-62.469869067075145,-1.1573229341274334,33.04491789526037,0.6295741068180681,54.06910525952891,0.2719344611720337,-0.10442003336221031,0.00015748,0.10518171510730998,0.00081957,1,0.0
18079,0.7167225217990087,0.12561309059016224,-1.54e-06,2.1555968919717063,3.134572259162862,-12.843886356598833,1.0052136313683062,8.858612042555627,0.12067054082980143,-24.727677048317265,-1.1573229341274334,-59.51892010110453,0.6295741068180681,43.66309683091018,0.2719344611720337,-0.19727482256496062,0.00015748,0.19784032304263563,0.00081957,1,0.0
18080,0.47677325439126184,0.22937252139405337,-1.54e-06,2.1555968919717063,3.134572259162862,8.540439567584132,1.0052136313683062,14.405376545155208,0.12067054082980143,-58.9295399587554,-1.1573229341274334,-41.674314914598504,0.6295741068180681,43.03442740667876,0.2719344611720337,-0.33588229309548673,0.00015748,0.33670159611988776,0.00081957,1,0.0
18081,0.0028309344262305025,0.19802977213289374,-1.54e-06,2.1555968919717063,3.134572259162862,79.06780551560462,1.0052136313683062,17.774972276673367,0.12067054082980143,-69.02524247442526,-1.1573229341274334,59.22943877911682,0.6295741068180681,-20.548436368648535,0.2719344611720337,0.3170035037753682,0.00015748,0.834854822802489,0.00081957,0,0.0
18082,1.1563038933903869e-05,0.07526647075540066,-1.54e-06,2.1555968919717063,3.134572259162862,91.38337063253877,1.0052136313683062,14.604178494099326,0.12067054082980143,-71.73488605434042,-1.1573229341274334,52.947501381587145,0.6295741068180681,-15.781352806025177,0.2719344611720337,0.48179167015449215,0.00015748,0.6618768489327024,0.00081957,0,0.0
18083,0.49198162425370146,0.08826964068076783,-1.54e-06,2.1555968919717063,3.134572259162862,-56.80589545076975,1.0052136313683062,-1.9804125099031293,0.12067054082980143,-2.505378713036273,-1.1573229341274334,3.216510786809494,0.6295741068180681,39.18573692723962,0.2719344611720337,-0.12548963427044335,0.00015748,0.1253453902817423,0.00081957,1,0.0
18084,0.33087429903458254,0.03853375515221155,-1.54e-06,2.1555968919717063,3.134572259162862,-23.405910712486055,1.0052136313683062,6.606306575843137,0.12067054082980143,-46.81415839749066,-1.1573229341274334,4.270186089334177,0.6295741068180681,43.337599462264976,0.2719344611720337,-0.13024144676815383,0.00015748,0.13123102470900735,0.00081957,1,0.0
18085,0.6233794676180562,0.08732287061655025,-1.54e-06,2.1555968919717063,3.134572259162862,-4.695004500679421,1.0052136313683062,6.452522376229604,0.12067054082980143,-4.802677185895396,-1.1573229341274334,-65.09663241476422,0.6295741068180681,27.39766150608094,0.2719344611720337,-0.1463660724372202,0.00015748,0.146579333663144,0.00081957,1,0.0
18086,0.026912766255927867,0.03824666909592783,-1.54e-06,2.1555968919717063,3.134572259162862,77.23753122516665,1.0052136313683062,17.117408207144518,0.12067054082980143,-96.5020492188254,-1.1573229341274334,59.61363836283168,0.6295741068180681,4.630159787096246,0.2719344611720337,0.4701631920882181,0.00015748,0.5355183153390137,0.00081957,0,0.0
18087,0.0019622283386618866,0.08773290339031395,-1.54e-06,2.1555968919717063,3.134572259162862,39.09666657710871,1.0052136313683062,7.359823639420159,0.12067054082980143,-11.888158982157917,-1.1573229341274334,-36.76126483176731,0.6295741068180681,-8.562865961405755,0.2719344611720337,-0.19889266140854353,0.00015748,0.2015088239086583,0.00081957,1,0.0
18088,0.8097237138045055,0.37423566994362933,-1.54e-06,2.1555968919717063,3.134572259162862,-29.41736879544106,1.0052136313683062,15.08961698557647,0.12067054082980143,-34.16578609472359,-1.1573229341274334,-56.484496008754796,0.6295741068180681,48.29989395324798,0.2719344611720337,-0.33488077570254804,0.00015748,0.33642367582546173,0.00081957,1,0.0
18089,0.10189136153456468,0.10517304785672245,-1.54e-06,2.1555968919717063,3.134572259162862,17.761671905093163,1.0052136313683062,8.98924564973421,0.12067054082980143,-40.17408481947775,-1.1573229341274334,-14.795576871931516,0.6295741068180681,16.929800294809393,0.2719344611720337,-0.22282915265970452,0.00015748,0.22537745435386816,0.00081957,1,0.0
18090,0.3993345520646179,0.21058152603330338,-1.54e-06,2.1555968919717063,3.134572259162862,66.74505994638187,1.0052136313683062,16.263003376568165,0.12067054082980143,-53.39283049926602,-1.1573229341274334,-22.272584297629173,0.6295741068180681,5.620160301146024,0.2719344611720337,0.2257031412775118,0.00015748,0.4696222256033068,0.00081957,0,0.0
18091,-3.0779042999862227e-06,0.09619101222856581,-1.54e-06,2.1555968919717063,3.134572259162862,2.1751293272202603,1.0052136313683062,7.658327125697572,0.12067054082980143,-63.76313156082487,-1.1573229341274334,42.61135747766353,0.6295741068180681,27.07700524098572,0.2719344611720337,0.004571814414911599,0.00015748,0.18934867442016035,0.00081957,0,0.0
18092,0.7157749172583185,0.12255208986472245,-1.54e-06,2.1555968919717063,3.134572259162862,0.46765952377851683,1.0052136313683062,7.5249357101040575,0.12067054082980143,-1.1221628598293478,-1.1573229341274334,-82.45163951623948,0.6295741068180681,27.393605739918492,0.2719344611720337,-0.17890129909940375,0.00015748,0.1790878003934033,0.00081957,1,0.0
18093,0.10388914365824564,0.15380474202097202,-1.54e-06,2.1555968919717063,3.134572259162862,30.765725914298844,1.0052136313683062,11.473797498123707,0.12067054082980143,-60.674983071928516,-1.1573229341274334,13.788312742454105,0.6295741068180681,16.975518019263625,0.2719344611720337,0.020612378893421685,0.00015748,0.30945027571795014,0.00081957,0,0.0
18094,0.15074456964700558,0.018999592874519848,-1.54e-06,2.1555968919717063,3.134572259162862,-51.17829870766853,1.0052136313683062,-1.7227545864979203,0.12067054082980143,-32.64517670507727,-1.1573229341274334,49.47188342222708,0.6295741068180681,40.6016820938688,0.2719344611720337,-0.075401360725929,0.00015748,0.07570371616509496,0.00081957,1,0.0
18095,0.2569417453720083,0.13357772068650964,-1.54e-06,2.1555968919717063,3.134572259162862,61.90054586759001,1.0052136313683062,15.28045047849157,0.12067054082980143,-71.99205534193555,-1.1573229341274334,24.995273832085264,0.6295741068180681,8.522233440574084,0.2719344611720337,0.41422028573131037,0.00015748,0.45519253806007537,0.00081957,0,0.0
18096,-3.6168255894475365e-05,0.03900539520802695,-1.54e-06,2.1555968919717063,3.134572259162862,-9.144268143186563,1.0052136313683062,5.085939685857609,0.12067054082980143,-47.87270211012384,-1.1573229341274334,32.306956604919584,0.6295741068180681,25.57776154434838,0.2719344611720337,-0.06568028066838585,0.00015748,0.10921093017038694,0.00081957,1,0.0
18097,0.2781591790947715,0.11123280502630811,-1.54e-06,2.1555968919717063,3.134572259162862,92.82396521756058,1.0052136313683062,16.883494208062782,0.12067054082980143,-56.34453447074377,-1.1573229341274334,-1.9513099331347676,0.6295741068180681,-11.544903750596045,0.2719344611720337,0.4701161530953323,0.00015748,0.5315008287370174,0.00081957,0,0.0
18098,0.00013207923849134495,0.05112281451122687,-1.54e-06,2.1555968919717063,3.134572259162862,19.291148160936245,1.0052136313683062,2.5385818422569923,0.12067054082980143,-4.453527527061743,-1.1573229341274334,-6.8499292413556425,0.6295741068180681,-6.450548472458273,0.2719344611720337,0.025732920494249155,0.00015748,0.08450146188338578,0.00081957,0,0.0
18099,0.7757603398119218,0.491610208429919,-1.54e-06,2.1555968919717063,3.134572259162862,75.12460926165494,1.0052136313683062,25.117671540886374,0.12067054082980143,-64.10313400791547,-1.1573229341274334,-84.54432375349577,0.6295741068180681,21.53832951147242,0.2719344611720337,-0.06615466147324,0.00015748,0.6447989808077204,0.00081957,1,0.0
18100,0.00015307109497086913,0.013969363600298277,-1.54e-06,0.7631940241558249,2.47659447396597,29.08516850694395,1.0052136313683062,40.37984209325842,0.12067054082980143,-51.75186846769793,-1.1573229341274334,-6.863585849937162,0.6295741068180681,-7.994827430027511,0.2719344611720337,0.2621572001817447,0.00015748,7.39628775380144,0.00081957,0,0.0
18101,3.6299566980829963,3.871882093806465,-1.54e-06,0.7631940241558249,2.47659447396597,-24.607325631509198,1.0052136313683062,57.55682553497458,0.12067054082980143,-99.81780312645677,-1.1573229341274334,-33.17260704247246,0.6295741068180681,86.97000520848364,0.2719344611720337,0.26081096700456596,0.00015748,6.217942135837159,0.00081957,0,0.0
18102,1.5934914242791578,0.7401492198521806,-1.54e-06,0.7631940241558249,2.47659447396597,-3.4922701269965426,1.0052136313683062,48.71689013234218,0.12067054082980143,-98.59064772662559,-1.1573229341274334,6.990468368493396,0.6295741068180681,48.50061911523329,0.2719344611720337,0.2611226159907112,0.00015748,6.422840583635535,0.00081957,0,0.0
18103,-0.7491738915282772,2.176322031037488,-1.54e-06,0.7631940241558249,2.47659447396597,21.725809733137528,1.0052136313683062,-5.9380851737254465,0.12067054082980143,-2.713631149795178,-1.1573229341274334,80.54414709979227,0.6295741068180681,-36.15172179130969,0.2719344611720337,0.7812234065968728,0.00015748,3.7317213373140636,0.00081957,0,0.0
18104,-0.0001433410062383622,0.48595795563757077,-1.54e-06,0.7631940241558249,2.47659447396597,62.1338177279546,1.0052136313683062,60.80700912212139,0.12067054082980143,-47.69769573156743,-1.1573229341274334,-22.910018118128082,0.6295741068180681,-39.34401993680559,0.2719344611720337,1.647254097690226,0.00015748,12.42563662455088,0.00081957,0,0.0
18105,0.0014677851779555384,0.03190970689710068,-1.54e-06,0.7631940241558249,2.47659447396597,16.41606210339521,1.0052136313683062,13.476978755798307,0.12067054082980143,-5.037778628642596,-1.1573229341274334,-11.097915580607642,0.6295741068180681,-12.353752106655788,0.2719344611720337,0.37836990693484185,0.00015748,2.9917641381831883,0.00081957,0,0.0
18106,1.9969567221644962,1.5031580442027206,-1.54e-06,0.7631940241558249,2.47659447396597,7.799291698318437,1.0052136313683062,31.930106764178483,0.12067054082980143,-1.5645570724286115,-1.1573229341274334,-76.32007906355614,0.6295741068180681,15.614091141703984,0.2719344611720337,0.26520693319956434,0.00015748,4.708832254345612,0.00081957,0,0.0
18107,-1.0139077212573961,2.7425467308634284,-1.54e-06,0.7631940241558249,2.47659447396597,68.64536348915527,1.0052136313683062,44.191067825443355,0.12067054082980143,-51.138576633610086,-1.1573229341274334,55.95611891529762,0.6295741068180681,-61.35680593886115,0.2719344611720337,3.6574333949337334,0.00015748,11.116902168741166,0.00081957,0,0.0
18108,-0.0005791153456682352,0.0807423870086599,-1.54e-06,0.7631940241558249,2.47659447396597,18.891177154320765,1.0052136313683062,30.89446509880199,0.12067054082980143,-56.36441270288898,-1.1573229341274334,24.1065797103458,0.6295741068180681,-0.9489296761433827,0.2719344611720337,0.8937718869976679,0.00015748,5.450860013212505,0.00081957,0,0.0
18109,-9.332646289261781e-05,0.41976727342250963,-1.54e-06,0.7631940241558249,2.47659447396597,9.606422896677204,1.0052136313683062,23.558404096586816,0.12067054082980143,-71.07765563166147,-1.1573229341274334,73.68259332316684,0.6295741068180681,5.971966762682572,0.2719344611720337,2.1734599107195005,0.00015748,3.762884555846362,0.00081957,0,0.0
18110,0.6203844953294722,0.17886560708003302,-1.54e-06,0.7631940241558249,2.47659447396597,25.407580728271135,1.0052136313683062,52.98130561873214,0.12067054082980143,-72.51113653231263,-1.1573229341274334,-13.674498599516253,0.6295741068180681,7.622013053661558,0.2719344611720337,0.25808640300046903,0.00015748,8.691795293835966,0.00081957,0,0.0
18111,0.0001973038360771895,0.0004149782857948232,-1.54e-06,0.7631940241558249,2.47659447396597,2.079474158793804,1.0052136313683062,22.449888770881074,0.12067054082980143,-63.93977291019911,-1.1573229341274334,37.62835150507296,0.6295741068180681,16.038012806614663,0.2719344611720337,0.27519082523146254,0.00015748,3.086898111054969,0.00081957,0,0.0
18112,0.0005089976449835776,0.0010363482346016787,-1.54e-06,0.7631940241558249,2.47659447396597,1.3311392504392419,1.0052136313683062,18.46900970640389,0.12067054082980143,-54.03067096401125,-1.1573229341274334,33.49416955816785,0.6295741068180681,13.697414115322372,0.2719344611720337,0.28032989686233467,0.00015748,2.507060241193868,0.00081957,0,0.0
18113,0.3279988279920422,0.16455013950843894,-1.54e-06,0.7631940241558249,2.47659447396597,-18.25199879639542,1.0052136313683062,5.615018372411454,0.12067054082980143,-57.83285695598594,-1.1573229341274334,44.96993971903071,0.6295741068180681,35.68736731959732,0.2719344611720337,-0.15286800162057568,0.00015748,0.15470795874240695,0.00081957,1,0.0
18114,0.705608813536064,0.19841202695581922,-1.54e-06,0.7631940241558249,2.47659447396597,7.555973337494342,1.0052136313683062,30.418349851170923,0.12067054082980143,-48.35101208375815,-1.1573229341274334,-4.124464911331316,0.6295741068180681,15.332078257317884,0.2719344611720337,0.2658085723550321,0.00015748,4.587409209841928,0.00081957,0,0.0
18115,3.387275730357395,4.684290887993853,-1.54e-06,0.7631940241558249,2.47659447396597,-46.57567828057166,1.0052136313683062,16.29052393004001,0.12067054082980143,-36.05906843993053,-1.1573229341274334,-65.92196876973742,0.6295741068180681,90.33260147177214,0.2719344611720337,-1.559099386404729,0.00015748,0.2231299481715482,0.00081957,1,0.0
18116,0.8903171739763756,0.30110724279280426,-1.54e-06,0.7631940241558249,2.47659447396597,24.75547361428521,1.0052136313683062,62.74013603261034,0.12067054082980143,-91.8219035791317,-1.1573229341274334,-12.327189325294505,0.6295741068180681,16.65591095101449,0.2719344611720337,0.258023076801396,0.00015748,9.885341486318573,0.00081957,0,0.0
18117,-1.0955555276255948,2.999703429909616,-1.54e-06,0.7631940241558249,2.47659447396597,73.12575761442852,1.0052136313683062,47.127128356206754,0.12067054082980143,-54.05080678952444,-1.1573229341274334,60.31424736202025,0.6295741068180681,-65.90833079247051,0.2719344611720337,3.93567825158935,0.00015748,11.7480250141027,0.00081957,0,0.0
18118,1.8487327116123689,1.3506613355867956,-1.54e-06,0.7631940241558249,2.47659447396597,-39.12389242664018,1.0052136313683062,13.312285078138588,0.12067054082980143,-82.02977311317905,-1.1573229341274334,29.344698240133226,0.6295741068180681,77.36606411122321,0.2719344611720337,-0.41785332880896187,0.00015748,0.41662861088472347,0.00081957,1,0.0
18119,0.683270915942786,0.18669880810660644,-1.54e-06,0.7631940241558249,2.47659447396597,-7.029292364849077,1.0052136313683062,13.455002186548528,0.12067054082980143,-37.55410855326897,-1.1573229341274334,13.221802426899986,0.6295741068180681,23.05765399908359,0.2719344611720337,0.3010327544338427,0.00015748,1.4842086509615862,0.00081957,0,0.0
18120,-0.0016330421827761565,0.6747941330691332,-1.54e-06,0.7631940241558249,2.47659447396597,47.34156839581534,1.0052136313683062,31.22274399745524,0.12067054082980143,-2.277787422879331,-1.1573229341274334,-17.99781355668715,0.6295741068180681,-42.37800836568543,0.2719344611720337,1.9559672572955553,0.00015748,7.630462805434101,0.00081957,0,0.0
18121,3.071870052006356,2.8391968313200944,-1.54e-06,0.7631940241558249,2.47659447396597,-23.13372968940411,1.0052136313683062,43.55516717758113,0.12067054082980143,-78.52437395048607,-1.1573229341274334,-26.76511709306562,0.6295741068180681,73.86743261546296,0.2719344611720337,0.2678073751675183,0.00015748,4.60025693871456,0.00081957,0,0.0
18122,1.143847072643419,0.4604295230186928,-1.54e-06,0.7631940241558249,2.47659447396597,1.2233746872927878,1.0052136313683062,30.037242555192908,0.12067054082980143,-45.80527359054326,-1.1573229341274334,-12.19924211119581,0.6295741068180681,24.19185587613348,0.2719344611720337,0.26596211623753563,0.00015748,4.08524034504179,0.00081957,0,0.0
18123,0.5002324369683385,0.1683536381910476,-1.54e-06,0.7631940241558249,2.47659447396597,19.387938718543687,1.0052136313683062,27.30529014521296,0.12067054082980143,-16.55911163233716,-1.1573229341274334,-30.44589693618441,0.6295741068180681,-5.435608368783509,0.2719344611720337,0.26411864096985926,0.00015748,4.912920391476008,0.00081957,0,0.0
18124,0.0010178302493204505,0.17450187169737355,-1.54e-06,0.7631940241558249,2.47659447396597,57.47968397662375,1.0052136313683062,52.40094184511286,0.12067054082980143,-26.199956967725136,-1.1573229341274334,-47.776420454605805,0.6295741068180681,-38.747731122057296,0.2719344611720337,0.7393775608989328,0.00015748,11.148760680981297,0.00081957,0,0.0
18125,1.5705456686093915,0.9511906872750824,-1.54e-06,0.7631940241558249,2.47659447396597,14.740339486441975,1.0052136313683062,40.02156650766718,0.12067054082980143,-26.919045682718238,-1.1573229341274334,-56.95778995086165,0.6295741068180681,13.276464810014305,0.2719344611720337,0.26084661488361727,0.00015748,6.395995221763698,0.00081957,0,0.0
18126,0.0009952546758893455,0.012075888090060959,-1.54e-06,0.7631940241558249,2.47659447396597,42.42308911091898,1.0052136313683062,65.23786424233548,0.12067054082980143,-91.6996718867974,-1.1573229341274334,-4.553813084031883,0.6295741068180681,-6.562599734719934,0.2719344611720337,0.25570827340629254,0.00015748,11.563635738522848,0.00081957,0,0.0
18127,-0.4287824181727875,2.629164785868259,-1.54e-06,0.7631940241558249,2.47659447396597,57.57839133915914,1.0052136313683062,51.58490600028343,0.12067054082980143,-61.04711835147683,-1.1573229341274334,58.80690131332812,0.6295741068180681,-46.64403324026977,0.2719344611720337,4.128832377389383,0.00015748,9.933379807450784,0.00081957,0,0.0
18128,-1.1791518392784823,3.0961852803696184,-1.54e-06,0.7631940241558249,2.47659447396597,83.69844157275094,1.0052136313683062,67.37326762245938,0.12067054082980143,-89.28767195403347,-1.1573229341274334,67.98553197546629,0.6295741068180681,-65.03980308807459,0.2719344611720337,4.0472289983074665,0.00015748,14.948387471245187,0.00081957,0,0.0
18129,0.13414316268483217,0.05640264311436383,-1.54e-06,0.7631940241558249,2.47659447396597,37.308233305223546,1.0052136313683062,46.16810102196575,0.12067054082980143,-42.24598929951922,-1.1573229341274334,-28.489776781494793,0.6295741068180681,-15.727934410058557,0.2719344611720337,0.25856918243728977,0.00015748,8.652854421502923,0.00081957,0,0.0
18130,0.06330771821584902,0.0046502528343393915,-1.54e-06,0.7631940241558249,2.47659447396597,4.926234697450471,1.0052136313683062,23.537968278195063,0.12067054082980143,-57.89617390474328,-1.1573229341274334,27.88033650942631,0.6295741068180681,12.86861124957,0.2719344611720337,0.2700033205181742,0.00015748,3.435944777345775,0.00081957,0,0.0
18131,1.5603585335879804,8.732593086086304,-1.54e-06,0.7631940241558249,2.47659447396597,-41.68759083917711,1.0052136313683062,-21.405539155607823,0.12067054082980143,-17.225620955289948,-1.1573229341274334,20.9448891881827,0.6295741068180681,57.41638147708269,0.2719344611720337,-3.645902956751663,0.00015748,0.2372232547888331,0.00081957,1,0.0
18132,0.9843607115373905,2.1091778377276142,-1.54e-06,0.7631940241558249,2.47659447396597,17.280667881299294,1.0052136313683062,56.6502025580925,0.12067054082980143,-64.44353968085865,-1.1573229341274334,-4.759067629114071,0.6295741068180681,8.57121337982326,0.2719344611720337,0.8311298548384638,0.00015748,6.818202023435298,0.00081957,0,0.0
18133,0.3369648839749573,0.1044949969883859,-1.54e-06,0.7631940241558249,2.47659447396597,48.93552649988603,1.0052136313683062,74.48099268310689,0.12067054082980143,-89.62213425001524,-1.1573229341274334,-27.02495314482751,0.6295741068180681,-8.498933165866466,0.2719344611720337,0.2556624813763486,0.00015748,13.196779239857491,0.00081957,0,0.0
18134,0.0859360679480412,0.03921920765211272,-1.54e-06,0.7631940241558249,2.47659447396597,21.383116593730247,1.0052136313683062,21.282683055030276,0.12067054082980143,-10.454350907069745,-1.1573229341274334,-21.054696138375075,0.6295741068180681,-13.322718537942775,0.2719344611720337,0.26678541538986966,0.00015748,4.307485820279399,0.00081957,0,0.0
18135,-0.9115020002895853,2.4584425731391186,-1.54e-06,0.7631940241558249,2.47659447396597,69.5088593270568,1.0052136313683062,42.144916914126114,0.12067054082980143,-39.07913603574451,-1.1573229341274334,34.67111612115396,0.6295741068180681,-62.17795772624614,0.2719344611720337,3.1206221102757796,0.00015748,11.298066751631346,0.00081957,0,0.0
18136,0.00027831344517048606,0.1918184792782884,-1.54e-06,0.7631940241558249,2.47659447396597,69.8588172237334,1.0052136313683062,72.94656752861363,0.12067054082980143,-55.74117826248505,-1.1573229341274334,-48.32834836050733,0.6295741068180681,-39.93992583044703,0.2719344611720337,0.8072771461817476,0.00015748,14.619637265075294,0.00081957,0,0.0
18137,1.550949276776577,0.9698886199358911,-1.54e-06,0.7631940241558249,2.47659447396597,-34.499454846755675,1.0052136313683062,10.839408588856125,0.12067054082980143,-74.38843814849605,-1.1573229341274334,31.19651399047868,0.6295741068180681,67.88204722084005,0.2719344611720337,-0.30387977198420596,0.00015748,0.3016877160927543,0.00081957,1,0.0
18138,-0.0016624475623947532,0.4989115611226296,-1.54e-06,0.7631940241558249,2.47659447396597,56.4612464351833,1.0052136313683062,62.01679923471326,0.12067054082980143,-68.40278630160456,-1.1573229341274334,0.1454214165887405,0.6295741068180681,-29.41726351474549,0.2719344611720337,1.8283841457654377,0.00015748,12.252793499894882,0.00081957,0,0.0
18139,-0.001080954243698251,0.4603665450585339,-1.54e-06,0.7631940241558249,2.47659447396597,47.57587959807264,1.0052136313683062,37.06010995031969,0.12067054082980143,-15.614252588261254,-1.1573229341274334,-19.91679498677716,0.6295741068180681,-37.18335659823378,0.2719344611720337,1.5835128835592172,0.00015748,8.473664252800598,0.00081957,0,0.0
18140,2.2909680275074145,1.8194140727922308,-1.54e-06,0.7631940241558249,2.47659447396597,21.461855324919622,1.0052136313683062,69.23085487039843,0.12067054082980143,-66.92627837076684,-1.1573229341274334,-71.44714856982161,0.6295741068180681,27.544095726221407,0.2719344611720337,0.25697663341435906,0.00015748,10.579903387882064,0.00081957,0,0.0
18141,0.06510245897925082,0.018462989715691075,-1.54e-06,0.7631940241558249,2.47659447396597,-10.510056528740611,1.0052136313683062,10.161963697782431,0.12067054082980143,-61.56987535770613,-1.1573229341274334,57.84287076579759,0.6295741068180681,25.101922477329534,0.2719344611720337,0.34536161495814666,0.00015748,0.9302505900089657,0.00081957,0,0.0
18142,-0.0028036428956808024,0.633416070907213,-1.54e-06,0.7631940241558249,2.47659447396597,71.03042185311182,1.0052136313683062,83.06550530051183,0.12067054082980143,-98.40997264383984,-1.1573229341274334,1.4312998860925277,0.6295741068180681,-32.57222638858274,0.2719344611720337,2.069583758953801,0.00015748,16.085578012367684,0.00081957,0,0.0
18143,0.0005576704452850967,0.17993097776329314,-1.54e-06,0.7631940241558249,2.47659447396597,11.66353230734746,1.0052136313683062,12.043166340653961,0.12067054082980143,-22.143102303297336,-1.1573229341274334,24.38825437785867,0.6295741068180681,-6.755704584984998,0.2719344611720337,1.261367478458664,0.00015748,2.432740956503034,0.00081957,0,0.0
18144,0.00018211997023653836,0.044278486095882225,-1.54e-06,0.7631940241558249,2.47659447396597,25.627061598452332,1.0052136313683062,28.00699217957508,0.12067054082980143,-26.572818568460235,-1.1573229341274334,-10.384058138093435,0.6295741068180681,-13.425677060810331,0.2719344611720337,0.4742227258549434,0.00015748,5.549964092638608,0.00081957,0,0.0
18145,-0.0005365940004145031,0.2926636007017706,-1.54e-06,0.7631940241558249,2.47659447396597,64.03827364998845,1.0052136313683062,70.03177788760782,0.12067054082980143,-66.55536797510247,-1.1573229341274334,-24.8766759638516,0.6295741068180681,-33.73164264084199,0.2719344611720337,1.2331332387634255,0.00015748,13.839208373484485,0.00081957,0,0.0
18146,0.0002087747447675481,0.0008392182015283007,-1.54e-06,0.7631940241558249,2.47659447396597,-2.927214518812596,1.0052136313683062,15.231892464168869,0.12067054082980143,-55.32815392336989,-1.1573229341274334,41.02469767143853,0.6295741068180681,17.196050035203427,0.2719344611720337,0.2936222121275841,0.00015748,1.807408413188222,0.00081957,0,0.0
18147,0.8237050641327315,0.48068444472641,-1.54e-06,0.7631940241558249,2.47659447396597,53.73679974599385,1.0052136313683062,63.961580416959535,0.12067054082980143,-28.65483513701673,-1.1573229341274334,-83.46493320078127,0.6295741068180681,-24.623576763608956,0.2719344611720337,0.2561647509994165,0.00015748,12.16483045086386,0.00081957,0,0.0
18148,0.00036297168556975734,4.963881278176993e-07,-1.54e-06,0.7631940241558249,2.47659447396597,1.789302119407449,1.0052136313683062,27.778061439916186,0.12067054082980143,-80.10346136330061,-1.1573229341274334,46.708415721756694,0.6295741068180681,20.930671785004748,0.2719344611720337,0.273599648504413,0.00015748,3.757342488426951,0.00081957,0,0.0
18149,-0.0007643923055900004,0.37723625352186246,-1.54e-06,0.7631940241558249,2.47659447396597,44.51838068846364,1.0052136313683062,50.066381200711064,0.12067054082980143,-60.73788853239898,-1.1573229341274334,8.466788201295092,0.6295741068180681,-21.78000067458865,0.2719344611720337,1.641735123888851,0.00015748,9.87872676038537,0.00081957,0,0.0
18150,0.18476700824444836,0.012442558783040809,-1.54e-06,0.7631940241558249,2.47659447396597,-15.52003802713823,1.0052136313683062,20.518734723976944,0.12067054082980143,-97.73016195269956,-1.1573229341274334,78.70701947988785,0.6295741068180681,40.764056073168405,0.2719344611720337,0.29080920552096456,0.00015748,1.865846380594256,0.00081957,0,0.0
18151,0.0027782512788983027,0.06486245999438787,-1.54e-06,0.7631940241558249,2.47659447396597,56.56684975568009,1.0052136313683062,54.73532167665379,0.12067054082980143,-26.988245316996014,-1.1573229341274334,-57.89262573367889,0.6295741068180681,-36.35279282553129,0.2719344611720337,0.2570568548146488,0.00015748,11.228638264558477,0.00081957,0,0.0
18152,2.4064215105946705,2.2097758841252735,-1.54e-06,0.7631940241558249,2.47659447396597,-34.66689324706739,1.0052136313683062,5.744866517184049,0.12067054082980143,-37.31483672132113,-1.1573229341274334,-12.60337919211744,0.6295741068180681,66.61318782380715,0.2719344611720337,-0.09814190379567848,0.00015748,0.08746874066453762,0.00081957,1,0.0
18153,0.17360572323288959,0.020939362084101465,-1.54e-06,0.7631940241558249,2.47659447396597,-4.458119144569183,1.0052136313683062,12.025415328103739,0.12067054082980143,-44.586521012061986,-1.1573229341274334,31.70849655112077,0.6295741068180681,17.25549781012661,0.2719344611720337,0.3083309051090307,0.00015748,1.3608604249989265,0.00081957,0,0.0
18154,-0.8771068369999875,2.5013421789689225,-1.54e-06,0.7631940241558249,2.47659447396597,68.57325807850997,1.0052136313683062,46.15353912696527,0.12067054082980143,-48.291618938553945,-1.1573229341274334,45.24505139663766,0.6295741068180681,-60.16177334440954,0.2719344611720337,3.504554063315524,0.00015748,11.25209996727277,0.00081957,0,0.0
18155,1.1555356587253671,0.5099292001763448,-1.54e-06,0.7631940241558249,2.47659447396597,14.653891708980252,1.0052136313683062,42.76403307670607,0.12067054082980143,-50.06552189029724,-1.1573229341274334,-29.630474837093107,0.6295741068180681,15.40169041804778,0.2719344611720337,0.25967849609588534,0.00015748,6.6980366222845396,0.00081957,0,0.0
18156,1.9977569471111867,5.680633599429919,-1.54e-06,0.7631940241558249,2.47659447396597,-46.23632822724024,1.0052136313683062,-6.384705472084472,0.12067054082980143,-57.10868402742909,-1.1573229341274334,32.92205169511463,0.6295741068180681,77.50489404350516,0.2719344611720337,-1.891493659989894,0.00015748,0.21174951600541891,0.00081957,1,0.0
18157,-0.38882611435359493,1.5207142054203162,-1.54e-06,0.7631940241558249,2.47659447396597,38.815187602129114,1.0052136313683062,45.20543298825969,0.12067054082980143,-94.88280470411958,-1.1573229341274334,85.57017774300976,0.6295741068180681,-17.17248277232553,0.2719344611720337,3.261707297245987,0.00015748,8.897591815991605,0.00081957,0,0.0
18158,2.6694875693672,2.185674211769373,-1.54e-06,0.7631940241558249,2.47659447396597,-29.038901036545614,1.0052136313683062,34.577074826290946,0.12067054082980143,-89.41362272316799,-1.1573229341274334,2.2330646176736066,0.6295741068180681,78.11831625171916,0.2719344611720337,0.27109717519595256,0.00015748,3.44808255917795,0.00081957,0,0.0
18159,-0.2617534095126297,1.2604125303839997,-1.54e-06,0.7631940241558249,2.47659447396597,86.44654652751571,1.0052136313683062,65.39696689611822,0.12067054082980143,-24.65272382880306,-1.1573229341274334,-45.012387313406684,0.6295741068180681,-69.0176034732319,0.2719344611720337,2.1512900539305697,0.00015748,15.177973744065184,0.00081957,0,0.0
18160,-1.073909909294652,2.8666913880640204,-1.54e-06,0.7631940241558249,2.47659447396597,58.052264022661824,1.0052136313683062,40.56958501934307,0.12067054082980143,-69.93023593151506,-1.1573229341274334,89.337299661466,0.6295741068180681,-49.673999037721,0.2719344611720337,3.9987533439814245,0.00015748,9.727872069185324,0.00081957,0,0.0
18161,2.4297599519879696,1.923973259940121,-1.54e-06,0.7631940241558249,2.47659447396597,-23.016306153004862,1.0052136313683062,10.175525494246802,0.12067054082980143,-0.5370573856528432,-1.1573229341274334,-63.47220181050237,0.6295741068180681,47.44450409999771,0.2719344611720337,-0.49169219232358974,0.00015748,0.4912087540629897,0.00081957,1,0.0
18162,2.7207939247920754,2.503174215098782,-1.54e-06,0.7631940241558249,2.47659447396597,-38.12370429273352,1.0052136313683062,14.534705937639924,0.12067054082980143,-47.37320262414666,-1.1573229341274334,-27.13925792041502,0.6295741068180681,76.89636498318984,0.2719344611720337,-0.5684921943867002,0.00015748,0.5691240059086925,0.00081957,1,0.0
18163,1.8347926474184275,8.774309204693743,-1.54e-06,0.7631940241558249,2.47659447396597,-10.621139576216265,1.0052136313683062,-13.579053478990176,0.12067054082980143,-25.90533308078018,-1.1573229341274334,71.26560451210753,0.6295741068180681,27.356946120025576,0.2719344611720337,0.26025094410257266,0.00015748,5.112805742833949,0.00081957,0,0.0
18164,-0.0016988924535281669,0.7394650936885441,-1.54e-06,0.7631940241558249,2.47659447396597,87.10318122672915,1.0052136313683062,89.04903832517684,0.12067054082980143,-77.34551450799664,-1.1573229341274334,-33.13503944714933,0.6295741068180681,-50.734179132343996,0.2719344611720337,1.9914059517465965,0.00015748,18.09590167571668,0.00081957,0,0.0
18165,2.7292274865881563,2.4916963426018537,-1.54e-06,0.7631940241558249,2.47659447396597,6.503246552005263,1.0052136313683062,53.27776574533991,0.12067054082980143,-43.82451847512731,-1.1573229341274334,-77.89202213174143,0.6295741068180681,37.49920735694174,0.2719344611720337,0.2591596190545875,0.00015748,7.675805486861427,0.00081957,0,0.0
18166,-0.3206857903486342,1.456284147919368,-1.54e-06,0.7631940241558249,2.47659447396597,47.5867146645543,1.0052136313683062,43.91121188410684,0.12067054082980143,-63.31948410305759,-1.1573229341274334,49.3028492861418,0.6295741068180681,-31.822017232218716,0.2719344611720337,3.0383199774439356,0.00015748,9.278432757353686,0.00081957,0,0.0
18167,1.3416389722616282,0.5452948945988577,-1.54e-06,0.7631940241558249,2.47659447396597,-12.117254277416246,1.0052136313683062,29.896733352678904,0.12067054082980143,-73.55778738348194,-1.1573229341274334,15.948013714877003,0.6295741068180681,44.71975775718973,0.2719344611720337,0.2710022750395549,0.00015748,3.336454234084931,0.00081957,0,0.0
18168,1.9665005105640485,1.4170638583190798,-1.54e-06,0.7631940241558249,2.47659447396597,3.9736500699256676,1.0052136313683062,29.29186862533326,0.12067054082980143,-6.562762691979335,-1.1573229341274334,-66.84103821439835,0.6295741068180681,19.9075751102591,0.2719344611720337,0.2655743853222856,0.00015748,4.23025065255006,0.00081957,0,0.0
18169,-0.045277905427326015,0.8340208199971376,-1.54e-06,0.7631940241558249,2.47659447396597,34.57306135715281,1.0052136313683062,42.606580881874564,0.12067054082980143,-76.09217120181148,-1.1573229341274334,54.906371764411716,0.6295741068180681,-13.646778741568003,0.2719344611720337,2.659759448771648,0.00015748,8.16892715539963,0.00081957,0,0.0
18170,2.7176666402341754,2.4021864996482396,-1.54e-06,0.7631940241558249,2.47659447396597,-3.13521205178223,1.0052136313683062,44.901790557748626,0.12067054082980143,-43.05879931645758,-1.1573229341274334,-63.867232732002805,0.6295741068180681,44.39236909879411,0.2719344611720337,0.2632277364800122,0.00015748,5.9000474858646434,0.00081957,0,0.0
18171,0.09529199416971412,0.008715008441068484,-1.54e-06,0.7631940241558249,2.47659447396597,11.68725727888257,1.0052136313683062,33.04163200199103,0.12067054082980143,-67.52708738111528,-1.1573229341274334,22.06392946679686,0.6295741068180681,10.844252579564843,0.2719344611720337,0.2629792682192189,0.00015748,5.124475934143446,0.00081957,0,0.0
18172,1.8788320815572053,1.3532337962253491,-1.54e-06,0.7631940241558249,2.47659447396597,15.095615856883654,1.0052136313683062,41.602510694351786,0.12067054082980143,-16.17368651694799,-1.1573229341274334,-74.75670890103775,0.6295741068180681,12.972456044249174,0.2719344611720337,0.26004920284283717,0.00015748,6.460753378060932,0.00081957,0,0.0
18173,0.001693594019795741,0.01807478819511555,-1.54e-06,0.7631940241558249,2.47659447396597,26.075721746616228,1.0052136313683062,35.44092496430105,0.12067054082980143,-44.66203426539979,-1.1573229341274334,-5.424748175100692,0.6295741068180681,-7.95864955513983,0.2719344611720337,0.31302700040077847,0.00015748,6.510220653009405,0.00081957,0,0.0
18174,0.8067558408080515,0.2816196096889153,-1.54e-06,0.7631940241558249,2.47659447396597,32.466459862941626,1.0052136313683062,66.56501934154923,0.12067054082980143,-87.99643903949776,-1.1573229341274334,-22.087535116010258,0.6295741068180681,8.78622448643265,0.2719344611720337,0.25766080821146975,0.00015748,10.960504203617791,0.00081957,0,0.0
18175,0.0001750630877381809,0.06315462719831909,-1.54e-06,0.7631940241558249,2.47659447396597,56.83225547030571,1.0052136313683062,55.101410263368685,0.12067054082980143,-28.041433382547492,-1.1573229341274334,-57.486839227153745,0.6295741068180681,-36.22919820341042,0.2719344611720337,0.25685468329494743,0.00015748,11.327531363747955,0.00081957,0,0.0
18176,2.4514352440109453,1.8987125752051819,-1.54e-06,0.7631940241558249,2.47659447396597,-30.312268117578316,1.0052136313683062,10.74133240689328,0.12067054082980143,-25.848808852280463,-1.1573229341274334,-37.002014105904365,0.6295741068180681,60.812344773165655,0.2719344611720337,-0.3888159657851195,0.00015748,0.3887900680542948,0.00081957,1,0.0
18177,-0.48548896433485744,1.6856757316755313,-1.54e-06,0.7631940241558249,2.47659447396597,65.17775540848886,1.0052136313683062,53.06737423559074,0.12067054082980143,-53.77832935414013,-1.1573229341274334,23.35826192638268,0.6295741068180681,-49.367161259279,0.2719344611720337,2.8864150401710953,0.00015748,11.841928644531926,0.00081957,0,0.0
18178,0.0014996285135577825,0.014611561967109221,-1.54e-06,0.7631940241558249,2.47659447396597,-10.368473269831178,1.0052136313683062,10.661706279653353,0.12067054082980143,-64.77835745430627,-1.1573229341274334,65.2958543475615,0.6295741068180681,24.361418807022623,0.2719344611720337,0.3307020617761237,0.00015748,1.0542642648283236,0.00081957,0,0.0
18179,0.0007349448101997558,7.650229554207608e-05,-1.54e-06,0.7631940241558249,2.47659447396597,-12.664573264138458,1.0052136313683062,19.114661747770924,0.12067054082980143,-91.91722009993104,-1.1573229341274334,77.99194222455591,0.6295741068180681,34.66347296253991,0.2719344611720337,0.2939718330832668,0.00015748,1.7753720468954364,0.00081957,0,0.0
18180,-0.3517170279494026,1.4323798210930399,-1.54e-06,0.7631940241558249,2.47659447396597,33.912339929207654,1.0052136313683062,40.5567238683481,0.12067054082980143,-88.52481296559621,-1.1573229341274334,85.92890377736897,0.6295741068180681,-14.933755387865638,0.2719344611720337,3.217073348281682,0.00015748,7.776300175968057,0.00081957,0,0.0
18181,-0.9619330300035362,4.146059218858857,-1.54e-06,0.7631940241558249,2.47659447396597,74.8874560526931,1.0052136313683062,49.54897141679175,0.12067054082980143,-42.479098802045684,-1.1573229341274334,67.13216332245531,0.6295741068180681,-75.04098114603883,0.2719344611720337,5.129923081886589,0.00015748,10.752698740775845,0.00081957,0,0.0
18182,0.5246280461513413,11.783811487391388,-1.54e-06,0.7631940241558249,2.47659447396597,-41.78167802096988,1.0052136313683062,-35.45622406562246,0.12067054082980143,-18.33754234016269,-1.1573229341274334,58.85832542680336,0.6295741068180681,46.82289748517823,0.2719344611720337,-5.3364283378351836,0.00015748,0.23604535010910732,0.00081957,1,0.0
18183,-0.0003488559105417899,0.10127843745364765,-1.54e-06,0.7631940241558249,2.47659447396597,28.861055412070897,1.0052136313683062,44.61646307317596,0.12067054082980143,-72.58394366501146,-1.1573229341274334,20.31214460188952,0.6295741068180681,-4.1579685456751205,0.2719344611720337,0.9641747276584467,0.00015748,7.913893403145817,0.00081957,0,0.0
18184,-0.0008629544244875831,0.08823354103592278,-1.54e-06,0.7631940241558249,2.47659447396597,77.71266350479843,1.0052136313683062,93.4087502023902,0.12067054082980143,-92.43230907090935,-1.1573229341274334,-48.28590423983947,0.6295741068180681,-33.972741388408984,0.2719344611720337,0.443042096351423,0.00015748,17.84550939194794,0.00081957,0,0.0
18185,-0.4228300450149143,1.6072848825347388,-1.54e-06,0.7631940241558249,2.47659447396597,61.09507076198364,1.0052136313683062,44.24949644236594,0.12067054082980143,-35.85324596317242,-1.1573229341274334,16.173971190742794,0.6295741068180681,-50.47362407216175,0.2719344611720337,2.803665096261248,0.00015748,10.489533997533615,0.00081957,0,0.0
18186,0.2960123583661268,0.04329517621342529,-1.54e-06,0.7631940241558249,2.47659447396597,-0.03008386343549243,1.0052136313683062,17.173024304348726,0.12067054082980143,-43.07846362829657,-1.1573229341274334,19.064774172802757,0.6295741068180681,14.882904294254734,0.2719344611720337,0.2834154371029163,0.00015748,2.2851996262593817,0.00081957,0,0.0
18187,1.711588811758917,2.338956383956096,-1.54e-06,0.7631940241558249,2.47659447396597,30.875224262689574,1.0052136313683062,61.892014777797485,0.12067054082980143,-15.542293397768018,-1.1573229341274334,-92.84693289774006,0.6295741068180681,-4.8070348552337485,0.2719344611720337,0.2866369897091623,0.00015748,8.555722979536153,0.00081957,0,0.0
18188,0.5034600389112824,0.06828831552621045,-1.54e-06,0.7631940241558249,2.47659447396597,-8.8720339411986,1.0052136313683062,27.27929121598918,0.12067054082980143,-88.00456565019961,-1.1573229341274334,49.00764203142784,0.6295741068180681,37.00979061222751,0.2719344611720337,0.27215452710260335,0.00015748,3.1099810665764744,0.00081957,0,0.0
18189,-0.5912111141274671,1.8902513979412687,-1.54e-06,0.7631940241558249,2.47659447396597,47.09074472036714,1.0052136313683062,19.47709579844121,0.12067054082980143,-3.7906732509008596,-1.1573229341274334,29.246408544254123,0.6295741068180681,-51.94078285296043,0.2719344611720337,2.904817754280414,0.00015748,6.232491250449675,0.00081957,0,0.0
18190,0.0016607226249465423,0.007625482449309292,-1.54e-06,0.7631940241558249,2.47659447396597,10.443913238352376,1.0052136313683062,17.59521814735023,0.12067054082980143,-29.2988267965438,-1.1573229341274334,7.1097697466859175,0.6295741068180681,-0.36625773661416416,0.2719344611720337,0.27276198068838475,0.00015748,3.0373857708316314,0.00081957,0,0.0
18191,0.00022693209116542157,0.028604974452408578,-1.54e-06,0.7631940241558249,2.47659447396597,31.089306512484953,1.0052136313683062,32.050093450639224,0.12067054082980143,-21.7423527274475,-1.1573229341274334,-25.505697245100702,0.6295741068180681,-18.403319837817786,0.2719344611720337,0.2617802793409103,0.00015748,6.408744761950824,0.00081957,0,0.0
18192,0.20510707492952662,3.0121678956986853,-1.54e-06,0.7631940241558249,2.47659447396597,5.643331332235571,1.0052136313683062,14.140564260520955,0.12067054082980143,-85.18454787001914,-1.1573229341274334,58.22686538733661,0.6295741068180681,25.870423253966173,0.2719344611720337,0.27077037082607625,0.00015748,6.145489642714523,0.00081957,0,0.0
18193,-0.5084591100175309,1.7792400405052977,-1.54e-06,0.7631940241558249,2.47659447396597,87.32881886772815,1.0052136313683062,67.94192288909221,0.12067054082980143,-45.067355924514324,-1.1573229341274334,-14.202358494163194,0.6295741068180681,-68.39125184028245,0.2719344611720337,2.7019279706057713,0.00015748,15.530464998635361,0.00081957,0,0.0
18194,1.3058358855177357,0.738247285638,-1.54e-06,0.7631940241558249,2.47659447396597,38.57271969677756,1.0052136313683062,70.30236725290375,0.12067054082980143,-64.68990669688176,-1.1573229341274334,-61.214309696658674,0.6295741068180681,2.801979317864871,0.2719344611720337,0.2554555597213337,0.00015748,11.853411670625187,0.00081957,0,0.0
18195,0.014233661563150646,0.009821294114920618,-1.54e-06,0.7631940241558249,2.47659447396597,12.459150416590102,1.0052136313683062,19.625132903457384,0.12067054082980143,-30.141521507118533,-1.1573229341274334,4.304365235348467,0.6295741068180681,-1.4894411450311091,0.2719344611720337,0.2704952388899582,0.00015748,3.462934369969063,0.00081957,0,0.0
18196,1.7219502849417787,1.282457633436971,-1.54e-06,0.7631940241558249,2.47659447396597,-40.97527355682989,1.0052136313683062,13.363169256971457,0.12067054082980143,-93.47990688698688,-1.1573229341274334,43.42470836870371,0.6295741068180681,80.82229187096232,0.2719344611720337,-0.3936510493231214,0.00015748,0.3947772247996882,0.00081957,1,0.0
18197,-0.8591356245944091,2.4225919543096657,-1.54e-06,0.7631940241558249,2.47659447396597,56.03065886731133,1.0052136313683062,32.24923163487749,0.12067054082980143,-37.649014450387774,-1.1573229341274334,55.979715595775346,0.6295741068180681,-53.310447353522555,0.2719344611720337,3.441623852581086,0.00015748,8.623131162547782,0.00081957,0,0.0
18198,0.0009272303865071052,0.08648227822857907,-1.54e-06,0.7631940241558249,2.47659447396597,32.01757211580558,1.0052136313683062,49.74352076261704,0.12067054082980143,-80.2969532954091,-1.1573229341274334,18.3379443175024,0.6295741068180681,-3.8911384621751544,0.2719344611720337,0.8805563380456123,0.00015748,8.890446815402761,0.00081957,0,0.0
18199,0.00012674591624506348,0.003752394241404997,-1.54e-06,0.7631940241558249,2.47659447396597,14.656560650989574,1.0052136313683062,30.9032685079468,0.12067054082980143,-58.10479665306192,-1.1573229341274334,16.43412222471386,0.6295741068180681,4.8193195326904235,0.2719344611720337,0.265870525262875,0.00015748,5.078256316655123,0.00081957,0,0.0
18200,0.001267278397547898,4.384303621517145e-07,-1.54e-06,4.121352885726401,32.50711697721612,35.61700136708823,1.0052136313683062,19.677519909012318,0.12067054082980143,-8.277316361814249,-1.1573229341274334,-45.08645188591826,0.6295741068180681,-13.012046677599006,0.2719344611720337,-5.9731827258237845e-05,0.00015748,5.973811476205199e-05,0.00081957,1,0.0
18201,3.9147521847804345e-07,3.255358497509881e-07,-1.54e-06,4.121352885726401,32.50711697721612,72.85457827021155,1.0052136313683062,17.532200787685934,0.12067054082980143,-40.39003071846859,-1.1573229341274334,45.500125357374856,0.6295741068180681,-18.134430901621894,0.2719344611720337,-4.965171759888753e-05,0.00015748,4.9652418740973135e-05,0.00081957,1,0.0
18202,0.004352715807395694,3.7487570806977046e-06,-1.54e-06,4.121352885726401,32.50711697721612,-16.35233472067632,1.0052136313683062,59.7370993493002,0.12067054082980143,-63.57020386119126,-1.1573229341274334,32.544131317264586,0.6295741068180681,-10.732593686148189,0.2719344611720337,-0.00017908491324236255,0.00015748,0.00017908772576182965,0.00081957,1,0.0
18203,2.652326480885928e-05,7.172124322329776e-08,-1.54e-06,4.121352885726401,32.50711697721612,56.535709952675916,1.0052136313683062,7.501430338565395,0.12067054082980143,-6.5735599359699535,-1.1573229341274334,96.46493781372294,0.6295741068180681,-14.284179455064342,0.2719344611720337,-2.256923932671939e-05,0.00015748,2.2571068207078055e-05,0.00081957,1,0.0
18204,0.0045996624833119695,4.5886527701781e-06,-1.54e-06,4.121352885726401,32.50711697721612,63.99397117544611,1.0052136313683062,64.2541057368582,0.12067054082980143,-32.76361952177692,-1.1573229341274334,-56.055801097077925,0.6295741068180681,-31.28100990838372,0.2719344611720337,-0.00019568981870343643,0.00015748,0.0001957073750040002,0.00081957,1,0.0
18205,4.248578802622981e-06,1.256903715307813e-05,-1.54e-06,4.121352885726401,32.50711697721612,-99.38533999058032,1.0052136313683062,0.6927010193134996,0.12067054082980143,-68.41290083320452,-1.1573229341274334,-9.992146028019427,0.6295741068180681,32.09085134601069,0.2719344611720337,-9.211363590165117e-06,0.00015748,3.4312267302769064e-05,0.00081957,1,0.0
18206,9.435650108922521e-05,3.905762097556722e-08,-1.54e-06,4.121352885726401,32.50711697721612,-58.605418540533314,1.0052136313683062,7.676126321736718,0.12067054082980143,-56.325425764833476,-1.1573229341274334,90.8956387053644,0.6295741068180681,14.01276235429385,0.2719344611720337,-1.9287145942907868e-05,0.00015748,1.9295302625936572e-05,0.00081957,1,0.0
18207,0.0002859831601746567,2.5865380691019602e-08,-1.54e-06,4.121352885726401,32.50711697721612,2.2614063317626356,1.0052136313683062,4.362543914294184,0.12067054082980143,-5.703776410051038,-1.1573229341274334,50.96470183816723,0.6295741068180681,-1.6267224009926402,0.2719344611720337,-1.321710415284974e-05,0.00015748,1.3227567922029546e-05,0.00081957,1,0.0
18208,0.0033244763394823136,2.589135882463955e-06,-1.54e-06,4.121352885726401,32.50711697721612,-9.14249419013069,1.0052136313683062,50.127969795384224,0.12067054082980143,-63.400451455483754,-1.1573229341274334,-62.6895317066428,0.6295741068180681,-8.848158964697062,0.2719344611720337,-0.00014824081825330076,0.00015748,0.00014824693542838613,0.00081957,1,0.0
18209,4.9862265591171524e-05,9.846246424896692e-09,-1.54e-06,4.121352885726401,32.50711697721612,-9.585175655098192,1.0052136313683062,3.4994156144729933,0.12067054082980143,-14.10655851481749,-1.1573229341274334,-98.48505877061761,0.6295741068180681,2.4043066851586596,0.2719344611720337,-9.1103573130074e-06,0.00015748,9.11187238344543e-06,0.00081957,1,0.0
18210,0.00021648093868869255,1.9798893763673817e-07,-1.54e-06,4.121352885726401,32.50711697721612,-12.483478142575475,1.0052136313683062,15.264134726297295,0.12067054082980143,-56.70621424995306,-1.1573229341274334,-94.22642342567978,0.6295741068180681,2.5498651031346355,0.2719344611720337,-4.1054961157714776e-05,0.00015748,4.105577534990837e-05,0.00081957,1,0.0
18211,0.003405830281705894,2.1070007858848687e-06,-1.54e-06,4.121352885726401,32.50711697721612,-61.39493156552458,1.0052136313683062,45.75242619366247,0.12067054082980143,-68.24065431051685,-1.1573229341274334,47.60661229226156,0.6295741068180681,3.597566096901289,0.2719344611720337,-0.00013534538154975713,0.00015748,0.00013536433430620282,0.00081957,1,0.0
18212,0.0008702456143464365,3.3431800065013806e-07,-1.54e-06,4.121352885726401,32.50711697721612,21.28135178360482,1.0052136313683062,17.533946991265918,0.12067054082980143,-25.70766128434855,-1.1573229341274334,48.61743350250323,0.6295741068180681,-8.304055568618603,0.2719344611720337,-5.1550535806966286e-05,0.00015748,5.157256231750955e-05,0.00081957,1,0.0
18213,0.00011266733239442177,1.2451891122858314e-07,-1.54e-06,4.121352885726401,32.50711697721612,66.78436669165838,1.0052136313683062,9.835467366993553,0.12067054082980143,-5.438773239598681,-1.1573229341274334,3.5653920920450064,0.6295741068180681,-16.927603500790685,0.2719344611720337,-2.930837589757902e-05,0.00015748,2.9304342371220258e-05,0.00081957,1,0.0
18214,0.0018665063359458098,1.4366027497804761e-06,-1.54e-06,4.121352885726401,32.50711697721612,51.551684237435715,1.0052136313683062,36.85556096567068,0.12067054082980143,-44.83155576161901,-1.1573229341274334,-74.95256913797586,0.6295741068180681,-18.924972478712228,0.2719344611720337,-0.0001083291548181781,0.00015748,0.00010833166609978224,0.00081957,1,0.0
18215,1.1484650788537616e-06,4.879256141497061e-07,-1.54e-06,4.121352885726401,32.50711697721612,18.725945898007183,1.0052136313683062,23.267473655131123,0.12067054082980143,-87.19046801459389,-1.1573229341274334,-7.036045282009887,0.6295741068180681,-4.6255645143013835,0.2719344611720337,-6.308541765283465e-05,0.00015748,6.308994131774102e-05,0.00081957,1,0.0
18216,0.005284893629508068,3.5732852468959557e-06,-1.54e-06,4.121352885726401,32.50711697721612,-73.6446719593576,1.0052136313683062,57.9039262490638,0.12067054082980143,-40.440281122295985,-1.1573229341274334,6.709788204892023,0.6295741068180681,0.35610537812810483,0.2719344611720337,-0.00017738462990930453,0.00015748,0.00017738977342032154,0.00081957,1,0.0
18217,0.003912593872702031,3.081855542612579e-06,-1.54e-06,4.121352885726401,32.50711697721612,-22.359857605666022,1.0052136313683062,54.421145936802034,0.12067054082980143,-61.655509957262815,-1.1573229341274334,-47.806207520857555,0.6295741068180681,-7.597369997277081,0.2719344611720337,-0.00016221015170766038,0.00015748,0.00016220364354465404,0.00081957,1,0.0
18218,0.0027358581642577297,2.239400854714507e-06,-1.54e-06,4.121352885726401,32.50711697721612,74.2876995512509,1.0052136313683062,44.97934045124388,0.12067054082980143,-31.447851799658483,-1.1573229341274334,-13.12620529337639,0.6295741068180681,-27.620253514751337,0.2719344611720337,-0.0001355745175055063,0.00015748,0.0001355743516023685,0.00081957,1,0.0
18219,8.251900205811992e-05,2.071614653649257e-08,-1.54e-06,4.121352885726401,32.50711697721612,-6.654616086391797,1.0052136313683062,5.019159434855789,0.12067054082980143,-17.870187131799057,-1.1573229341274334,-88.11447231226916,0.6295741068180681,1.5468697729254768,0.2719344611720337,-1.3357144776354993e-05,0.00015748,1.3357413577355688e-05,0.00081957,1,0.0
18220,0.0045976107260677045,2.6220475186125173e-06,-1.54e-06,4.121352885726401,32.50711697721612,-27.610083551071757,1.0052136313683062,48.45856134068115,0.12067054082980143,-9.74417121395237,-1.1573229341274334,-35.57492157977031,0.6295741068180681,-8.633160696959038,0.2719344611720337,-0.00015116348221193946,0.00015748,0.00015117341208824485,0.00081957,1,0.0
18221,0.0015721590481789284,7.040494971982866e-07,-1.54e-06,4.121352885726401,32.50711697721612,12.740899080148202,1.0052136313683062,25.6844362414298,0.12067054082980143,-32.64475323910464,-1.1573229341274334,58.85941961393326,0.6295741068180681,-8.583770254712558,0.2719344611720337,-7.630477483299244e-05,0.00015748,7.632446222232095e-05,0.00081957,1,0.0
18222,0.0011271906387932758,1.4883338001355007e-06,-1.54e-06,4.121352885726401,32.50711697721612,58.995684312612184,1.0052136313683062,38.50443880661199,0.12067054082980143,-82.25130845925679,-1.1573229341274334,-12.144651518678499,0.6295741068180681,-18.39449955454108,0.2719344611720337,-0.00010952603130083558,0.00015748,0.00010953167188168896,0.00081957,1,0.0
18223,0.0001602268285030103,3.859985971486423e-09,-1.54e-06,4.121352885726401,32.50711697721612,-98.58608228120775,1.0052136313683062,3.9756070357722786,0.12067054082980143,-56.37216092924505,-1.1573229341274334,94.33198629469054,0.6295741068180681,23.681994754925874,0.2719344611720337,-8.921927782129326e-06,0.00015748,8.924061350261542e-06,0.00081957,1,0.0
18224,3.420096548784404e-05,2.2265615265326625e-07,-1.54e-06,4.121352885726401,32.50711697721612,79.23054246672453,1.0052136313683062,13.82260055092559,0.12067054082980143,-20.41730441226699,-1.1573229341274334,32.710507458794225,0.6295741068180681,-19.799535452722267,0.2719344611720337,-4.0094339248503366e-05,0.00015748,4.010281705074056e-05,0.00081957,1,0.0
18225,0.0004888970021410107,2.669943710016426e-09,-1.54e-06,4.121352885726401,32.50711697721612,-95.39457000524689,1.0052136313683062,0.3370634187803668,0.12067054082980143,-22.219802942098784,-1.1573229341274334,-37.114589509390086,0.6295741068180681,22.045033646904685,0.2719344611720337,-8.575162059872974e-07,0.00015748,8.573437694365069e-07,0.00081957,1,0.0
18226,1.7974585652360837e-05,5.00904508170108e-07,-1.54e-06,4.121352885726401,32.50711697721612,15.159119371941555,1.0052136313683062,23.666612731159077,0.12067054082980143,-88.49039481644306,-1.1573229341274334,-55.81162800210818,0.6295741068180681,-3.7002086106142023,0.2719344611720337,-6.400955979242902e-05,0.00015748,6.401579619825348e-05,0.00081957,1,0.0
18227,0.000980774930104592,3.203363403623915e-07,-1.54e-06,4.121352885726401,32.50711697721612,35.57620990282343,1.0052136313683062,16.793359695553654,0.12067054082980143,-12.194916803057355,-1.1573229341274334,83.61105638180962,0.6295741068180681,-12.295109564515863,0.2719344611720337,-5.106066394390813e-05,0.00015748,5.105996281231951e-05,0.00081957,1,0.0
18228,0.0013640794174009719,7.993097407852682e-07,-1.54e-06,4.121352885726401,32.50711697721612,53.013134034194586,1.0052136313683062,27.01789139403566,0.12067054082980143,-29.910708787680587,-1.1573229341274334,94.6998124516541,0.6295741068180681,-17.93104274376976,0.2719344611720337,-8.056851427477025e-05,0.00015748,8.056943362449596e-05,0.00081957,1,0.0
18229,0.0026495482341828197,1.212256798015163e-05,-1.54e-06,4.121352885726401,32.50711697721612,42.60299754918829,1.0052136313683062,36.2187222143755,0.12067054082980143,-30.807365236054437,-1.1573229341274334,-42.30030419356383,0.6295741068180681,-12.991022381728055,0.2719344611720337,-9.211357454709508e-05,0.00015748,0.0001137167497420044,0.00081957,1,0.0
18230,9.012414912235077e-06,2.525594433787544e-07,-1.54e-06,4.121352885726401,32.50711697721612,0.8463701058869392,1.0052136313683062,15.774359725609465,0.12067054082980143,-63.48590646579047,-1.1573229341274334,-32.3185649842811,0.6295741068180681,-0.1521742800235879,0.2719344611720337,-4.232416072038762e-05,0.00015748,4.2400235879167226e-05,0.00081957,1,0.0
18231,0.001996166692921719,9.90412689299129e-07,-1.54e-06,4.121352885726401,32.50711697721612,-19.07777708397243,1.0052136313683062,31.423306741978788,0.12067054082980143,-49.93261626909029,-1.1573229341274334,-27.338569379523502,0.6295741068180681,-1.970548935838035,0.2719344611720337,-9.186537315609916e-05,0.00015748,9.186282272788327e-05,0.00081957,1,0.0
18232,1.4215427644921575e-05,1.8627554605753642e-07,-1.54e-06,4.121352885726401,32.50711697721612,-50.5275032337781,1.0052136313683062,15.809769248613524,0.12067054082980143,-89.90389467766356,-1.1573229341274334,99.04428982300696,0.6295741068180681,12.265641016747523,0.2719344611720337,-4.117013938712318e-05,0.00015748,4.117408902416907e-05,0.00081957,1,0.0
18233,0.001160643581895048,6.9175035647261e-07,-1.54e-06,4.121352885726401,32.50711697721612,25.972703617330865,1.0052136313683062,25.844096257971287,0.12067054082980143,-42.17666529746445,-1.1573229341274334,-67.91756346347749,0.6295741068180681,-10.211887175275354,0.2719344611720337,-7.468196559401302e-05,0.00015748,7.47058574017194e-05,0.00081957,1,0.0
18234,0.0008986125941844828,4.538806698199403e-09,-1.54e-06,4.121352885726401,32.50711697721612,-98.87154927278233,1.0052136313683062,0.258225418060914,0.12067054082980143,-4.035514800230794,-1.1573229341274334,-95.6912335610704,0.6295741068180681,21.639208936162607,0.2719344611720337,-4.117724184273063e-06,0.00015748,4.118261342099212e-06,0.00081957,1,0.0
18235,0.003919318215240956,1.3680282803761404e-06,-1.54e-06,4.121352885726401,32.50711697721612,-91.98625033077214,1.0052136313683062,35.58887670067695,0.12067054082980143,-18.603451409311855,-1.1573229341274334,84.10276095211862,0.6295741068180681,9.361906278177441,0.2719344611720337,-0.00011151973996044206,0.00015748,0.00011153418521998416,0.00081957,1,0.0
18236,0.0021833439276799406,4.172222537690324e-07,-1.54e-06,4.121352885726401,32.50711697721612,-72.28909217355674,1.0052136313683062,20.02022662471324,0.12067054082980143,-21.047279279189596,-1.1573229341274334,60.493349781736256,0.6295741068180681,10.402622952433553,0.2719344611720337,-6.156549272134491e-05,0.00015748,6.158400808265554e-05,0.00081957,1,0.0
18237,0.0022539002966024827,6.243219300215118e-07,-1.54e-06,4.121352885726401,32.50711697721612,-40.071103745430115,1.0052136313683062,24.32732188559605,0.12067054082980143,-18.169180924134878,-1.1573229341274334,-56.174980012361964,0.6295741068180681,2.4146983268039737,0.2719344611720337,-7.406419841499697e-05,0.00015748,7.406082189635026e-05,0.00081957,1,0.0
18238,0.0001733966040316677,1.2369673341042133e-06,-1.54e-06,4.121352885726401,32.50711697721612,90.26157615815144,1.0052136313683062,35.307920354816815,0.12067054082980143,-98.70003555411529,-1.1573229341274334,66.11472086001469,0.6295741068180681,-23.071264087385963,0.2719344611720337,-9.852417811692553e-05,0.00015748,9.852604713973051e-05,0.00081957,1,0.0
18239,0.0006939743377378529,3.9041656668915043e-08,-1.54e-06,4.121352885726401,32.50711697721612,-80.76666770763987,1.0052136313683062,7.627788917764331,0.12067054082980143,-39.15391463962308,-1.1573229341274334,62.64056438997373,0.6295741068180681,17.527619651535396,0.2719344611720337,-2.0276285856528078e-05,0.00015748,2.0275300873464155e-05,0.00081957,1,0.0
18240,1.3913290267095245e-05,2.0817777873978618e-07,-1.54e-06,4.121352885726401,32.50711697721612,26.016724432496243,1.0052136313683062,14.862313892948098,0.12067054082980143,-47.27291247545666,-1.1573229341274334,-63.274147982109085,0.6295741068180681,-6.362258188294594,0.2719344611720337,-4.068983059399151e-05,0.00015748,4.068900035192555e-05,0.00081957,1,0.0
18241,0.005174456516658886,4.089937096826955e-06,-1.54e-06,4.121352885726401,32.50711697721612,-98.60523427996911,1.0052136313683062,63.4935368257345,0.12067054082980143,-77.92133137545378,-1.1573229341274334,-60.751940071111875,0.6295741068180681,7.043879743811033,0.2719344611720337,-0.00018945531493149293,0.00015748,0.00018945050960691084,0.00081957,1,0.0
18242,0.004925172762569674,3.3801811129438534e-06,-1.54e-06,4.121352885726401,32.50711697721612,-13.957929506121511,1.0052136313683062,55.09782082749752,0.12067054082980143,-18.77682988070304,-1.1573229341274334,52.93950030330457,0.6295741068180681,-13.302455200744692,0.2719344611720337,-0.00017110892895684672,0.00015748,0.0001711111149727922,0.00081957,1,0.0
18243,0.004540799867244108,2.1407620708548186e-06,-1.54e-06,4.121352885726401,32.50711697721612,-93.08946568291299,1.0052136313683062,44.89461195328295,0.12067054082980143,-27.237628113578992,-1.1573229341274334,-34.031867154531525,0.6295741068180681,7.771029484585234,0.2719344611720337,-0.00013850541506876801,0.00015748,0.0001385157506761146,0.00081957,1,0.0
18244,0.002179474340055683,8.417904354937717e-07,-1.54e-06,4.121352885726401,32.50711697721612,-57.966223725890636,1.0052136313683062,29.543615242731907,0.12067054082980143,-50.7074248347089,-1.1573229341274334,-69.37717507439747,0.6295741068180681,7.126043777268713,0.2719344611720337,-8.609295819153075e-05,0.00015748,8.609482545818728e-05,0.00081957,1,0.0
18245,0.005257798176112768,4.395393955543876e-06,-1.54e-06,4.121352885726401,32.50711697721612,23.9535608977643,1.0052136313683062,62.49912820130313,0.12067054082980143,-15.9116255005832,-1.1573229341274334,-11.535061005985268,0.6295741068180681,-23.684664852209885,0.2719344611720337,-0.00019363275776943618,0.00015748,0.00019363686320632496,0.00081957,1,0.0
18246,0.0035743064181798854,2.6538794688317463e-06,-1.54e-06,4.121352885726401,32.50711697721612,15.565820671002676,1.0052136313683062,49.58204562915302,0.12067054082980143,-42.08887835029332,-1.1573229341274334,60.22691991022954,0.6295741068180681,-16.06070772297158,0.2719344611720337,-0.0001499206053554113,0.00015748,0.00014992327463290165,0.00081957,1,0.0
18247,8.399620192706819e-05,1.072390097108066e-06,-1.54e-06,4.121352885726401,32.50711697721612,84.80417086257341,1.0052136313683062,32.83439335580902,0.12067054082980143,-93.37563142072145,-1.1573229341274334,4.8335757459925635,0.6295741068180681,-21.287996663355056,0.2719344611720337,-9.124822670039787e-05,0.00015748,9.126968650129133e-05,0.00081957,1,0.0
18248,0.0005042744552830704,1.3386534583655374e-07,-1.54e-06,4.121352885726401,32.50711697721612,-66.4092113282586,1.0052136313683062,13.468872138921485,0.12067054082980143,-61.0982398571573,-1.1573229341274334,-94.54131184948797,0.6295741068180681,14.930640846099724,0.2719344611720337,-3.532641257086159e-05,0.00015748,3.5324612520810354e-05,0.00081957,1,0.0
18249,0.00019150551564306657,2.1583251296165285e-09,-1.54e-06,4.121352885726401,32.50711697721612,-97.13726455242242,1.0052136313683062,1.4768750658593894,0.12067054082980143,-44.18621255950013,-1.1573229341274334,100.0,0.6295741068180681,23.2051333518728,0.2719344611720337,-3.3990735414620783e-06,0.00015748,3.3982467734902738e-06,0.00081957,1,0.0
18250,0.0006083474686671495,4.5873297403429257e-07,-1.54e-06,4.121352885726401,32.50711697721612,73.13273467995691,1.0052136313683062,19.710587249890242,0.12067054082980143,-19.43596466898859,-1.1573229341274334,-81.81777524509826,0.6295741068180681,-19.9856678207732,0.2719344611720337,-5.773195262656797e-05,0.00015748,5.7787146062709746e-05,0.00081957,1,0.0
18251,0.0020784205070409688,4.408117635314513e-07,-1.54e-06,4.121352885726401,32.50711697721612,-56.70015309194263,1.0052136313683062,20.764460203623347,0.12067054082980143,-18.63359118424558,-1.1573229341274334,-59.46017475257852,0.6295741068180681,7.13481181582149,0.2719344611720337,-6.305371785172623e-05,0.00015748,6.305771628498525e-05,0.00081957,1,0.0
18252,0.004993406511509736,5.044986370640238e-06,-1.54e-06,4.121352885726401,32.50711697721612,8.691760929834993,1.0052136313683062,68.57460473259964,0.12067054082980143,-61.52158390052326,-1.1573229341274334,70.54759957580433,0.6295741068180681,-19.174453872687682,0.2719344611720337,-0.0002069831937611235,0.00015748,0.00020699595541809497,0.00081957,1,0.0
18253,0.001435109555856808,8.530549563674037e-07,-1.54e-06,4.121352885726401,32.50711697721612,27.69550654412584,1.0052136313683062,28.601721386864604,0.12067054082980143,-44.52955780951055,-1.1573229341274334,84.3293923944007,0.6295741068180681,-11.880297486828471,0.2719344611720337,-8.390600221837245e-05,0.00015748,8.390826724800267e-05,0.00081957,1,0.0
18254,0.0027597889501838153,3.365720459944087e-06,-1.54e-06,4.121352885726401,32.50711697721612,50.92199415494806,1.0052136313683062,57.317047229199815,0.12067054082980143,-89.70867375078836,-1.1573229341274334,-97.7824019529231,0.6295741068180681,-21.74214310316214,0.2719344611720337,-0.00016648750173055315,0.00015748,0.00016649380858853882,0.00081957,1,0.0
18255,0.00010018804133469649,6.334974263936358e-08,-1.54e-06,4.121352885726401,32.50711697721612,-77.09796132223255,1.0052136313683062,5.882557951605687,0.12067054082980143,-56.580895466161024,-1.1573229341274334,69.14398862125307,0.6295741068180681,18.64299589716344,0.2719344611720337,-1.4079889111504739e-05,0.00015748,1.4177417644351757e-05,0.00081957,1,0.0
18256,0.003605076162187988,3.471488488329775e-06,-1.54e-06,4.121352885726401,32.50711697721612,18.868954285257697,1.0052136313683062,57.55520563505162,0.12067054082980143,-72.4458000872229,-1.1573229341274334,73.70802029844481,0.6295741068180681,-17.008734929391867,0.2719344611720337,-0.00017084521857488989,0.00015748,0.00017085191972947522,0.00081957,1,0.0
18257,0.0001454106805089901,4.0346380392533165e-08,-1.54e-06,4.121352885726401,32.50711697721612,1.4891384411200768,1.0052136313683062,6.536023526877315,0.12067054082980143,-20.332424311895604,-1.1573229341274334,17.690247657243606,0.6295741068180681,-0.8956480334906186,0.2719344611720337,-1.8116975830028443e-05,0.00015748,1.8118596447548352e-05,0.00081957,1,0.0
18258,0.0035672371666472793,4.397659836503082e-06,-1.54e-06,4.121352885726401,32.50711697721612,91.37340836080654,1.0052136313683062,63.78091252239933,0.12067054082980143,-66.44511037994127,-1.1573229341274334,54.469254134895834,0.6295741068180681,-34.79757815561868,0.2719344611720337,-0.00019003959059493204,0.00015748,0.00019004342148220914,0.00081957,1,0.0
18259,4.2793941317768695e-05,1.1701629507973388e-07,-1.54e-06,4.121352885726401,32.50711697721612,22.897131444462953,1.0052136313683062,10.905174305624756,0.12067054082980143,-32.692829045547846,-1.1573229341274334,-0.19426027188465683,0.6295741068180681,-5.814915169686606,0.2719344611720337,-3.0175903901109426e-05,0.00015748,3.0174410913095026e-05,0.00081957,1,0.0
18260,0.0004030455864372379,1.697778436798429e-08,-1.54e-06,4.121352885726401,32.50711697721612,-94.07808038139407,1.0052136313683062,6.225604572037506,0.12067054082980143,-50.07556211236617,-1.1573229341274334,-20.406327191086795,0.6295741068180681,21.975433106539583,0.2719344611720337,-1.4882955454465048e-05,0.00015748,1.4882320488923961e-05,0.00081957,1,0.0
18261,0.005286065702836546,5.066164896113855e-06,-1.54e-06,4.121352885726401,32.50711697721612,86.78039084508487,1.0052136313683062,66.02000281737438,0.12067054082980143,-0.6726731661569512,-1.1573229341274334,-14.673518325928613,0.6295741068180681,-39.32536429336148,0.2719344611720337,-0.00020582723356585378,0.00015748,0.000205854079830503,0.00081957,1,0.0
18262,0.004216575061700297,2.307095729125821e-06,-1.54e-06,4.121352885726401,32.50711697721612,-80.1473237013162,1.0052136313683062,47.12126265176283,0.12067054082980143,-44.04809643758518,-1.1573229341274334,-62.17844349935418,0.6295741068180681,5.713645642396518,0.2719344611720337,-0.0001425556173505139,0.00015748,0.0001425474664641051,0.00081957,1,0.0
18263,0.00307576611310457,3.1804480055502305e-06,-1.54e-06,4.121352885726401,32.50711697721612,-5.161410907368856,1.0052136313683062,56.31467882703592,0.12067054082980143,-98.71976004963004,-1.1573229341274334,-33.382091830303885,0.6295741068180681,-9.057954377861378,0.2719344611720337,-0.00016327365833173534,0.00015748,0.00016326063861138147,0.00081957,1,0.0
18264,0.0007383731309799929,5.233407194029945e-09,-1.54e-06,4.121352885726401,32.50711697721612,-80.13897454593487,1.0052136313683062,-0.35307962590748065,0.12067054082980143,-1.322366240169956,-1.1573229341274334,-45.40498386410905,0.6295741068180681,17.44109696430348,0.2719344611720337,-4.012309812096023e-06,0.00015748,4.014451351685982e-06,0.00081957,1,0.0
18265,0.0009656007726068518,5.428896780533069e-07,-1.54e-06,4.121352885726401,32.50711697721612,71.89474273175198,1.0052136313683062,21.746736279194273,0.12067054082980143,-15.971976803380205,-1.1573229341274334,49.29244166124979,0.6295741068180681,-21.166623268039356,0.2719344611720337,-6.534628652695607e-05,0.00015748,6.535131193112288e-05,0.00081957,1,0.0
18266,0.0002684686642272027,3.953147997780121e-09,-1.54e-06,4.121352885726401,32.50711697721612,-28.333493652588498,1.0052136313683062,2.4596288517210474,0.12067054082980143,-9.899894497577442,-1.1573229341274334,-51.652793574495,0.6295741068180681,6.2129092222704285,0.2719344611720337,-6.451215689252901e-06,0.00015748,6.451081282089723e-06,0.00081957,1,0.0
18267,4.7761716846758825e-05,1.0553218430173025e-08,-1.54e-06,4.121352885726401,32.50711697721612,-99.23810513087273,1.0052136313683062,5.54944869905841,0.12067054082980143,-63.92856853689115,-1.1573229341274334,-71.34502810432811,0.6295741068180681,24.55850200316935,0.2719344611720337,-1.335424314417933e-05,0.00015748,1.3357515072937704e-05,0.00081957,1,0.0
18268,7.601375202123239e-05,7.718560977258031e-08,-1.54e-06,4.121352885726401,32.50711697721612,-82.84050162266689,1.0052136313683062,11.476264013158776,0.12067054082980143,-79.44543971899196,-1.1573229341274334,-81.03317687286608,0.6295741068180681,20.42108031823901,0.2719344611720337,-2.8764374895559716e-05,0.00015748,2.8764940467518117e-05,0.00081957,1,0.0
18269,0.0008778962459912278,7.542732005778089e-07,-1.54e-06,4.121352885726401,32.50711697721612,-34.648022882613986,1.0052136313683062,29.306512895312693,0.12067054082980143,-98.75275909043948,-1.1573229341274334,30.812053023033016,0.6295741068180681,5.549543688819603,0.2719344611720337,-8.046359163859655e-05,0.00015748,8.046331197379896e-05,0.00081957,1,0.0
18270,0.004190515141774429,2.80235424863363e-06,-1.54e-06,4.121352885726401,32.50711697721612,16.32585453561223,1.0052136313683062,49.886127422724684,0.12067054082980143,-16.10824606623157,-1.1573229341274334,65.56636871942868,0.6295741068180681,-18.344992805233012,0.2719344611720337,-0.00015467436712375586,0.00015748,0.0001546709850252513,0.00081957,1,0.0
18271,0.00215697436097976,1.4720755669964281e-06,-1.54e-06,4.121352885726401,32.50711697721612,45.21367131793116,1.0052136313683062,36.93454778960673,0.12067054082980143,-37.09334736297252,-1.1573229341274334,-3.2903882250218803,0.6295741068180681,-18.480824842516324,0.2719344611720337,-0.00011009165874707437,0.00015748,0.00011009886694052489,0.00081957,1,0.0
18272,0.002992961077713585,1.8213806961025957e-06,-1.54e-06,4.121352885726401,32.50711697721612,-88.71022292098536,1.0052136313683062,43.772899267792326,0.12067054082980143,-90.75539421708723,-1.1573229341274334,56.32937914742312,0.6295741068180681,11.733728943269872,0.2719344611720337,-0.0001266432431233586,0.00015748,0.00012664046753326,0.00081957,1,0.0
18273,0.004185800007126053,3.891797009352411e-06,-1.54e-06,4.121352885726401,32.50711697721612,95.69423835842713,1.0052136313683062,58.26250780665578,0.12067054082980143,-12.046404468996059,-1.1573229341274334,-48.4702157740528,0.6295741068180681,-37.74904006666156,0.2719344611720337,-0.00017937789804161044,0.00015748,0.0001793890796363853,0.00081957,1,0.0
18274,0.001986516700665562,6.568756657640223e-07,-1.54e-06,4.121352885726401,32.50711697721612,-39.59414561454857,1.0052136313683062,25.545218915356237,0.12067054082980143,-34.388551925228796,-1.1573229341274334,-68.98625527298657,0.6295741068180681,3.2313562996588834,0.2719344611720337,-7.548093148335753e-05,0.00015748,7.549382931840142e-05,0.00081957,1,0.0
18275,0.0038171057245041497,4.690631577586624e-06,-1.54e-06,4.121352885726401,32.50711697721612,46.45978382499719,1.0052136313683062,66.95102123735566,0.12067054082980143,-88.00547239526557,-1.1573229341274334,18.863435247081494,0.6295741068180681,-24.446204588820482,0.2719344611720337,-0.0001975004308482215,0.00015748,0.0001975112434229061,0.00081957,1,0.0
18276,0.0017605118880506276,7.203210210149814e-07,-1.54e-06,4.121352885726401,32.50711697721612,20.467406131893426,1.0052136313683062,25.711435232926362,0.12067054082980143,-18.81892033871389,-1.1573229341274334,-27.312112734922167,0.6295741068180681,-10.966193009047023,0.2719344611720337,-7.756058002877789e-05,0.00015748,7.755958962459778e-05,0.00081957,1,0.0
18277,0.0007938639194725264,1.5943886649631382e-06,-1.54e-06,4.121352885726401,32.50711697721612,69.0514249349872,1.0052136313683062,40.13812682048064,0.12067054082980143,-99.12053803548885,-1.1573229341274334,-8.841314343323715,0.6295741068180681,-19.767243744604883,0.2719344611720337,-0.000112858044884237,0.00015748,0.00011285383699063609,0.00081957,1,0.0
18278,0.0004550724588170468,1.1592509128826669e-07,-1.54e-06,4.121352885726401,32.50711697721612,-60.115242549919124,1.0052136313683062,12.380097524026601,0.12067054082980143,-57.08453562799235,-1.1573229341274334,-48.40823829809381,0.6295741068180681,13.448362005166436,0.2719344611720337,-3.253861831476077e-05,0.00015748,3.254724923412306e-05,0.00081957,1,0.0
18279,0.0004200059173844776,3.5496664241408897e-09,-1.54e-06,4.121352885726401,32.50711697721612,-64.38417137844459,1.0052136313683062,-0.5827423981624362,0.12067054082980143,-10.491364260369153,-1.1573229341274334,85.76290939233206,0.6295741068180681,14.351016450389075,0.2719344611720337,-2.907848873887006e-06,0.00015748,2.909054517864103e-06,0.00081957,1,0.0
18280,0.00020881511175310655,9.788661593882943e-08,-1.54e-06,4.121352885726401,32.50711697721612,-10.903386836622163,1.0052136313683062,10.573212653263527,0.12067054082980143,-39.123212193358654,-1.1573229341274334,-9.476553017781063,0.6295741068180681,2.0143800751800396,0.2719344611720337,-2.8648742567072055e-05,0.00015748,2.8652793892985256e-05,0.00081957,1,0.0
18281,0.0026781621612371005,3.3183132083255233e-06,-1.54e-06,4.121352885726401,32.50711697721612,92.58002059183433,1.0052136313683062,55.76367763871815,0.12067054082980143,-70.76586834056636,-1.1573229341274334,11.422061771257559,0.6295741068180681,-32.00112460707582,0.2719344611720337,-0.00016416416788645917,0.00015748,0.0001641756040757798,0.00081957,1,0.0
18282,2.1088528888700032e-06,5.672582218646744e-07,-1.54e-06,4.121352885726401,32.50711697721612,74.98310285703215,1.0052136313683062,23.738201621083725,0.12067054082980143,-63.79960376361811,-1.1573229341274334,0.5425787447267917,0.6295741068180681,-18.57666847177865,0.2719344611720337,-6.625290702933635e-05,0.00015748,6.62533287722783e-05,0.00081957,1,0.0
18283,0.004009054780287919,2.816385395581708e-06,-1.54e-06,4.121352885726401,32.50711697721612,-29.644726658743558,1.0052136313683062,51.60760564428676,0.12067054082980143,-51.75929127709588,-1.1573229341274334,55.92093930230479,0.6295741068180681,-6.319250090493048,0.2719344611720337,-0.0001555693979937748,0.00015748,0.00015559531847378702,0.00081957,1,0.0
18284,0.0047701500902371605,4.588810760892204e-06,-1.54e-06,4.121352885726401,32.50711697721612,31.90517504312324,1.0052136313683062,64.88558562269188,0.12067054082980143,-42.37396267004429,-1.1573229341274334,-57.44063603131673,0.6295741068180681,-23.913024367878766,0.2719344611720337,-0.0001968196098976502,0.00015748,0.0001968212803248865,0.00081957,1,0.0
18285,0.002074920864133068,7.195965390168397e-07,-1.54e-06,4.121352885726401,32.50711697721612,7.223579350874994,1.0052136313683062,25.488469357186915,0.12067054082980143,-9.476934586329678,-1.1573229341274334,-52.60940837200937,0.6295741068180681,-8.69848903695668,0.2719344611720337,-7.820871051925253e-05,0.00015748,7.820786572159012e-05,0.00081957,1,0.0
18286,0.004059858432612436,2.6647343113136996e-06,-1.54e-06,4.121352885726401,32.50711697721612,-36.79197644235962,1.0052136313683062,50.13639170293803,0.12067054082980143,-46.83402835844469,-1.1573229341274334,61.334755629928104,0.6295741068180681,-4.734425912234011,0.2719344611720337,-0.00015180836997106953,0.00015748,0.00015182624991657244,0.00081957,1,0.0
18287,0.004256673483141,3.854642769832082e-06,-1.54e-06,4.121352885726401,32.50711697721612,89.53743149627724,1.0052136313683062,57.811434688526354,0.12067054082980143,-12.034502204154721,-1.1573229341274334,38.55020242139793,0.6295741068180681,-36.64573481567764,0.2719344611720337,-0.00017872564466312092,0.00015748,0.0001787165084601312,0.00081957,1,0.0
18288,0.001645320984712153,8.261684927660957e-07,-1.54e-06,4.121352885726401,32.50711697721612,4.6222969925864374,1.0052136313683062,28.484829132441366,0.12067054082980143,-41.12491806219738,-1.1573229341274334,-81.28845978853266,0.6295741068180681,-6.542405385986159,0.2719344611720337,-8.317097383449794e-05,0.00015748,8.317509096348113e-05,0.00081957,1,0.0
18289,0.0021761139266543326,1.9093364124644515e-06,-1.54e-06,4.121352885726401,32.50711697721612,15.36150977249994,1.0052136313683062,43.621585584180664,0.12067054082980143,-75.86562732932742,-1.1573229341274334,-61.58624959730444,0.6295741068180681,-11.036652472004347,0.2719344611720337,-0.00012612167118433796,0.00015748,0.0001261245695246377,0.00081957,1,0.0
18290,0.0030159085342779226,9.228924186309353e-07,-1.54e-06,4.121352885726401,32.50711697721612,-39.99793179832384,1.0052136313683062,28.812903580364797,0.12067054082980143,-3.449142306719557,-1.1573229341274334,-46.74740969297807,0.6295741068180681,-0.19846075518332584,0.2719344611720337,-9.051011223989071e-05,0.00015748,9.050826104415738e-05,0.00081957,1,0.0
18291,0.0010261001437584494,3.7686401486231353e-07,-1.54e-06,4.121352885726401,32.50711697721612,-45.0898552009015,1.0052136313683062,20.447924316095293,0.12067054082980143,-61.9118900516301,-1.1573229341274334,87.77915968567616,0.6295741068180681,7.522345423108829,0.2719344611720337,-5.726765833289759e-05,0.00015748,5.7277844691164834e-05,0.00081957,1,0.0
18292,8.288453471112886e-05,3.2392768268529505e-08,-1.54e-06,4.121352885726401,32.50711697721612,-65.62606869886291,1.0052136313683062,7.641596217614912,0.12067054082980143,-55.38615406934571,-1.1573229341274334,-87.39547063170393,0.6295741068180681,16.148137392924205,0.2719344611720337,-1.8958236914038264e-05,0.00015748,1.8960046668189185e-05,0.00081957,1,0.0
18293,0.002482360609565126,1.3766008199499949e-06,-1.54e-06,4.121352885726401,32.50711697721612,-13.435125951943135,1.0052136313683062,36.53959120100932,0.12067054082980143,-48.89017807466018,-1.1573229341274334,41.94324993691446,0.6295741068180681,-5.149424404732136,0.2719344611720337,-0.00010838645004986616,0.00015748,0.0001083912903971538,0.00081957,1,0.0
18294,0.004516715042740478,5.314899681418182e-06,-1.54e-06,4.121352885726401,32.50711697721612,32.021372709807146,1.0052136313683062,70.94967187644535,0.12067054082980143,-80.14119648036379,-1.1573229341274334,11.079503835426124,0.6295741068180681,-23.224647660218427,0.2719344611720337,-0.0002111654943015155,0.00015748,0.00021116235442751417,0.00081957,1,0.0
18295,0.003437499166331518,1.3338629741834908e-06,-1.54e-06,4.121352885726401,32.50711697721612,-76.95198453701714,1.0052136313683062,35.814955192303266,0.12067054082980143,-31.49322560236765,-1.1573229341274334,-9.372521581499983,0.6295741068180681,7.451557736199295,0.2719344611720337,-0.00010920539636064122,0.00015748,0.00010920268970643736,0.00081957,1,0.0
18296,0.0019840135074755995,1.2588451597017695e-06,-1.54e-06,4.121352885726401,32.50711697721612,-14.419550501845416,1.0052136313683062,35.548871200102475,0.12067054082980143,-68.49153062385273,-1.1573229341274334,96.9016857739987,0.6295741068180681,-3.328467452212927,0.2719344611720337,-0.00010315326553647668,0.00015748,0.00010316863028307375,0.00081957,1,0.0
18297,0.0015944138389851737,1.2886697355238076e-06,-1.54e-06,4.121352885726401,32.50711697721612,23.154352439520473,1.0052136313683062,35.66111733606062,0.12067054082980143,-66.73339918334685,-1.1573229341274334,5.4218906724058105,0.6295741068180681,-11.12862695837367,0.2719344611720337,-0.00010277632032599525,0.00015748,0.00010280028026185006,0.00081957,1,0.0
18298,0.0013301006022211435,2.254631609430164e-06,-1.54e-06,4.121352885726401,32.50711697721612,89.31245069257034,1.0052136313683062,46.980852549996584,0.12067054082980143,-96.10405111540793,-1.1573229341274334,49.267774727989014,0.6295741068180681,-26.711021092861106,0.2719344611720337,-0.000134303818979731,0.00015748,0.0001343130220928943,0.00081957,1,0.0
18299,0.0015971411191142758,5.597260370557492e-07,-1.54e-06,4.121352885726401,32.50711697721612,-10.627907688175227,1.0052136313683062,23.245468910058083,0.12067054082980143,-31.511246822894147,-1.1573229341274334,36.94759826545397,0.6295741068180681,-2.8437239546749375,0.2719344611720337,-6.900101829474407e-05,0.00015748,6.899822980933684e-05,0.00081957,1,0.0
18300,-0.20581700982607698,1.3418784760717681,-1.54e-06,1.2158541232221989,2.735354949826481,90.40169640945734,1.0052136313683062,26.757395410336862,0.12067054082980143,-55.07738318482517,-1.1573229341274334,70.35238064892755,0.6295741068180681,-54.49656181346961,0.2719344611720337,2.469359999414315,0.00015748,3.1677273648027167,0.00081957,0,0.0
18301,1.349874223852884,0.5904272563465642,-1.54e-06,1.2158541232221989,2.735354949826481,17.075991758685603,1.0052136313683062,28.916704977083953,0.12067054082980143,-47.28297245321615,-1.1573229341274334,-49.323546204883485,0.6295741068180681,29.16098238876265,0.2719344611720337,0.2852440930624254,0.00015748,2.0220193069115386,0.00081957,0,0.0
18302,-0.0008009451641095566,0.5683923213686043,-1.54e-06,1.2158541232221989,2.735354949826481,44.872609880158926,1.0052136313683062,13.38161748761686,0.12067054082980143,-37.740625464126104,-1.1573229341274334,62.623857896102436,0.6295741068180681,-25.565707896397825,0.2719344611720337,1.4177305654476937,0.00015748,2.0799468416967657,0.00081957,0,0.0
18303,0.00048460192577071126,0.015694194750025574,-1.54e-06,1.2158541232221989,2.735354949826481,0.9990234910108153,1.0052136313683062,12.106225237613128,0.12067054082980143,-64.63755837813024,-1.1573229341274334,57.495537330358154,0.6295741068180681,18.72575252183174,0.2719344611720337,0.46948359336546786,0.00015748,0.7838531683776983,0.00081957,0,0.0
18304,1.4316723926519792,0.4571158269970594,-1.54e-06,1.2158541232221989,2.735354949826481,-50.270070813886626,1.0052136313683062,9.11237511016684,0.12067054082980143,-58.74405927248072,-1.1573229341274334,0.8501049354594459,0.6295741068180681,78.67161489268969,0.2719344611720337,-0.23975380448125003,0.00015748,0.2397662456160888,0.00081957,1,0.0
18305,1.4842190602741705,0.7636781905415413,-1.54e-06,1.2158541232221989,2.735354949826481,16.801433748461363,1.0052136313683062,21.9464475772363,0.12067054082980143,-7.68465085339682,-1.1573229341274334,-79.34733458053928,0.6295741068180681,17.712357340825026,0.2719344611720337,0.2962151952813604,0.00015748,1.5769377987897926,0.00081957,0,0.0
18306,1.952913113767758,0.8939129339313745,-1.54e-06,1.2158541232221989,2.735354949826481,-49.533928582499854,1.0052136313683062,10.83168692189957,0.12067054082980143,-37.13809643324095,-1.1573229341274334,-45.53354267130461,0.6295741068180681,80.88717589939974,0.2719344611720337,-0.3456239813006265,0.00015748,0.3476051003782809,0.00081957,1,0.0
18307,0.0005054347384980673,0.41965155498672124,-1.54e-06,1.2158541232221989,2.735354949826481,70.99644981576193,1.0052136313683062,37.033322543762424,0.12067054082980143,-100.0,-1.1573229341274334,62.96573201758733,0.6295741068180681,-17.619843579178205,0.2719344611720337,1.756852374793025,0.00015748,3.21224836575275,0.00081957,0,0.0
18308,0.0017076242909084272,0.002031486439469011,-1.54e-06,1.2158541232221989,2.735354949826481,3.180440939110067,1.0052136313683062,20.09123931460499,0.12067054082980143,-94.51879902215356,-1.1573229341274334,65.94212286732157,0.6295741068180681,28.936733691351918,0.2719344611720337,0.31218802685557984,0.00015748,1.2776379058100158,0.00081957,0,0.0
18309,0.43439268039527296,0.06375427835169342,-1.54e-06,1.2158541232221989,2.735354949826481,-37.074426367703936,1.0052136313683062,4.609659240490411,0.12067054082980143,-68.15623647125987,-1.1573229341274334,53.71799914000473,0.6295741068180681,54.867246298137715,0.2719344611720337,-0.08303361182338707,0.00015748,0.08343111394458295,0.00081957,1,0.0
18310,1.1043661899190482e-05,0.03396304814808746,-1.54e-06,1.2158541232221989,2.735354949826481,55.50808351600549,1.0052136313683062,20.344835384014214,0.12067054082980143,-18.574217747161462,-1.1573229341274334,-28.451613160144788,0.6295741068180681,-27.610963118095476,0.2719344611720337,0.31998911411389874,0.00015748,2.0068443476706546,0.00081957,0,0.0
18311,0.9176346126297341,0.3252846091877745,-1.54e-06,1.2158541232221989,2.735354949826481,43.511309037791456,1.0052136313683062,36.57012700062476,0.12067054082980143,-62.29484689242191,-1.1573229341274334,-43.84539892877922,0.6295741068180681,11.236712047737658,0.2719344611720337,0.27449564278072125,0.00015748,2.785543658926752,0.00081957,0,0.0
18312,1.523223630286355,0.667575714224929,-1.54e-06,1.2158541232221989,2.735354949826481,-5.041213450837354,1.0052136313683062,28.12687077253369,0.12067054082980143,-71.52778476486242,-1.1573229341274334,-21.6049837738158,0.6295741068180681,53.70253778308577,0.2719344611720337,0.28980368940246803,0.00015748,1.753648705518776,0.00081957,0,0.0
18313,0.7575666445520189,0.14855685233648633,-1.54e-06,1.2158541232221989,2.735354949826481,-45.67370452701546,1.0052136313683062,4.5016603364910255,0.12067054082980143,-69.67313300085038,-1.1573229341274334,47.73153939804099,0.6295741068180681,66.55031080104064,0.2719344611720337,-0.06466526221236847,0.00015748,0.06399244102831005,0.00081957,1,0.0
18314,0.29883093247641157,0.04411307402509707,-1.54e-06,1.2158541232221989,2.735354949826481,-33.0627424325312,1.0052136313683062,4.108954253707992,0.12067054082980143,-64.70375411196032,-1.1573229341274334,55.49476473455487,0.6295741068180681,48.48875000212754,0.2719344611720337,-0.08277415045988504,0.00015748,0.0836860937051783,0.00081957,1,0.0
18315,9.581680231773859e-05,0.26266261164342064,-1.54e-06,1.2158541232221989,2.735354949826481,40.79402896755456,1.0052136313683062,24.10158418619747,0.12067054082980143,-81.17223935663361,-1.1573229341274334,68.90679336735967,0.6295741068180681,-4.582083341221097,0.2719344611720337,1.4557700160715643,0.00015748,2.053817005288333,0.00081957,0,0.0
18316,0.001851177867072007,0.01417752324152839,-1.54e-06,1.2158541232221989,2.735354949826481,4.111719252754025,1.0052136313683062,9.007278263800512,0.12067054082980143,-45.43880362453526,-1.1573229341274334,39.959290192648595,0.6295741068180681,11.02394003882584,0.2719344611720337,0.4111746244163101,0.00015748,0.6374738670944851,0.00081957,0,0.0
18317,1.5459666832280792,0.6170691366902369,-1.54e-06,1.2158541232221989,2.735354949826481,-38.56639980789634,1.0052136313683062,10.30869513165018,0.12067054082980143,-32.55590514247645,-1.1573229341274334,-38.06631407712593,0.6295741068180681,64.86934444332455,0.2719344611720337,-0.3526745135410647,0.00015748,0.355226869400308,0.00081957,1,0.0
18318,0.047317127281536475,0.030798252728186225,-1.54e-06,1.2158541232221989,2.735354949826481,95.48780861551356,1.0052136313683062,51.06182650335248,0.12067054082980143,-95.63350919103887,-1.1573229341274334,-27.636572087519223,0.6295741068180681,-22.61059218886703,0.2719344611720337,0.26526757503016896,0.00015748,4.353367556347413,0.00081957,0,0.0
18319,0.11195762451048663,0.02014785054378522,-1.54e-06,1.2158541232221989,2.735354949826481,-2.6573132997763316,1.0052136313683062,12.060433365438003,0.12067054082980143,-64.27976854740447,-1.1573229341274334,50.78226684736666,0.6295741068180681,23.686581040939053,0.2719344611720337,0.3730323283683313,0.00015748,0.758612424166339,0.00081957,0,0.0
18320,0.001420642058280297,0.004656938594578336,-1.54e-06,1.2158541232221989,2.735354949826481,-5.1932132154281305,1.0052136313683062,14.050553282044127,0.12067054082980143,-81.30945576590254,-1.1573229341274334,69.20817350492624,0.6295741068180681,28.81833867488318,0.2719344611720337,0.35648320679019296,0.00015748,0.8393671541603199,0.00081957,0,0.0
18321,1.1718036806247278,0.3089643101042453,-1.54e-06,1.2158541232221989,2.735354949826481,-57.236874483618244,1.0052136313683062,8.537177133644295,0.12067054082980143,-84.12922117645564,-1.1573229341274334,40.27944045439283,0.6295741068180681,86.72621991755736,0.2719344611720337,-0.18195893127680363,0.00015748,0.18254986220636726,0.00081957,1,0.0
18322,0.0030824455069223267,0.7412253299938525,-1.54e-06,1.2158541232221989,2.735354949826481,-30.644757688429294,1.0052136313683062,-7.902141148175776,0.12067054082980143,-38.697435629031325,-1.1573229341274334,78.61237286716866,0.6295741068180681,29.890603928162445,0.2719344611720337,-0.5711396999349239,0.00015748,0.5712461078517077,0.00081957,1,0.0
18323,0.0007696777706924784,0.011168368919063188,-1.54e-06,1.2158541232221989,2.735354949826481,39.368978132755515,1.0052136313683062,24.949437823977608,0.12067054082980143,-61.96147538567957,-1.1573229341274334,10.011804043296399,0.6295741068180681,-2.9318269622293913,0.2719344611720337,0.28572796867072725,0.00015748,2.0314597116866793,0.00081957,0,0.0
18324,5.264932567783376e-05,0.164953530760921,-1.54e-06,1.2158541232221989,2.735354949826481,28.43176135485668,1.0052136313683062,7.091458717756722,0.12067054082980143,-14.309479679291753,-1.1573229341274334,24.948432086048275,0.6295741068180681,-17.878728250497723,0.2719344611720337,0.7850610851387114,0.00015748,1.1416780859451525,0.00081957,0,0.0
18325,2.614706836372631,1.788765445796368,-1.54e-06,1.2158541232221989,2.735354949826481,-11.189156055228699,1.0052136313683062,41.47492564399456,0.12067054082980143,-93.0258426799562,-1.1573229341274334,-61.30374006454211,0.6295741068180681,85.15580171569493,0.2719344611720337,0.27688205810080446,0.00015748,2.592862195045436,0.00081957,0,0.0
18326,0.47330284463212235,0.11681059939020001,-1.54e-06,1.2158541232221989,2.735354949826481,31.689520456286303,1.0052136313683062,26.05060382312861,0.12067054082980143,-53.38801433138455,-1.1573229341274334,-13.298541551772779,0.6295741068180681,6.7998695129842615,0.2719344611720337,0.28651184968310683,0.00015748,1.977856164161449,0.00081957,0,0.0
18327,1.9430013600616094,0.9384453922314617,-1.54e-06,1.2158541232221989,2.735354949826481,-51.47891872413595,1.0052136313683062,3.2993662500443053,0.12067054082980143,-20.021743759978566,-1.1573229341274334,-37.6200064653268,0.6295741068180681,74.58389534880155,0.2719344611720337,-0.02825295471913707,0.00015748,0.026022037415092503,0.00081957,1,0.0
18328,0.00011927233983288765,0.01841493139840645,-1.54e-06,1.2158541232221989,2.735354949826481,34.6628490497822,1.0052136313683062,16.153387341795586,0.12067054082980143,-28.44328247352271,-1.1573229341274334,-4.155431705403506,0.6295741068180681,-12.123592238654652,0.2719344611720337,0.3038903798127318,0.00015748,1.4366553241328628,0.00081957,0,0.0
18329,0.00400971041580811,0.015624023750083198,-1.54e-06,1.2158541232221989,2.735354949826481,-18.734437172646306,1.0052136313683062,10.94302312846022,0.12067054082980143,-94.87981583678453,-1.1573229341274334,98.32243406173542,0.6295741068180681,40.74914744529133,0.2719344611720337,0.39172921061574595,0.00015748,0.6919173048569978,0.00081957,0,0.0
18330,9.760174901396468e-05,0.041940399870448994,-1.54e-06,1.2158541232221989,2.735354949826481,94.37349593591726,1.0052136313683062,37.542690752338984,0.12067054082980143,-39.223139980524124,-1.1573229341274334,-55.73861693125038,0.6295741068180681,-42.44464889411233,0.2719344611720337,0.26921476528261823,0.00015748,3.570317012823711,0.00081957,0,0.0
18331,1.3990750675578063,0.45954357761524506,-1.54e-06,1.2158541232221989,2.735354949826481,-26.49136708299493,1.0052136313683062,6.25713284182244,0.12067054082980143,-3.1622028315555673,-1.1573229341274334,-54.407349163682184,0.6295741068180681,43.91396996814026,0.2719344611720337,-0.211498599122024,0.00015748,0.21079773457755696,0.00081957,1,0.0
18332,1.6820186895668172,0.7871785927315528,-1.54e-06,1.2158541232221989,2.735354949826481,-17.9448381906432,1.0052136313683062,24.718838248956715,0.12067054082980143,-74.7893238926206,-1.1573229341274334,-14.238209969143348,0.6295741068180681,66.08645974760927,0.2719344611720337,0.30165803846302874,0.00015748,1.5018515095693425,0.00081957,0,0.0
18333,-3.3786100207322534e-05,0.02514041359383588,-1.54e-06,1.2158541232221989,2.735354949826481,38.50442008435402,1.0052136313683062,29.289592370987762,0.12067054082980143,-87.91076670407095,-1.1573229341274334,34.97839327935883,0.6295741068180681,5.228349440852756,0.2719344611720337,0.5010620816136826,0.00015748,2.2883065704011085,0.00081957,0,0.0
18334,1.3676601732526144,0.6082223103181068,-1.54e-06,1.2158541232221989,2.735354949826481,-19.55896030908139,1.0052136313683062,9.51213744405212,0.12067054082980143,-0.009566044147914288,-1.1573229341274334,-70.02529738780571,0.6295741068180681,38.750195847399205,0.2719344611720337,-0.40670080535848413,0.00015748,0.40661754704575587,0.00081957,1,0.0
18335,0.00030247339362943215,0.017118336750282123,-1.54e-06,1.2158541232221989,2.735354949826481,34.959567945339025,1.0052136313683062,16.936308898676383,0.12067054082980143,-32.74201550889344,-1.1573229341274334,-1.834448797384947,0.6295741068180681,-10.618165025824359,0.2719344611720337,0.29971430778424124,0.00015748,1.5096363802717605,0.00081957,0,0.0
18336,0.004091793112201703,0.20108361841684103,-1.54e-06,1.2158541232221989,2.735354949826481,-34.37408588447213,1.0052136313683062,-1.679792080259157,0.12067054082980143,-65.70136411411751,-1.1573229341274334,85.38040748999218,0.6295741068180681,43.259436027510105,0.2719344611720337,-0.26283313530432756,0.00015748,0.26255931674714267,0.00081957,1,0.0
18337,0.03604814583739148,0.0021336738210159046,-1.54e-06,1.2158541232221989,2.735354949826481,-6.960624559222254,1.0052136313683062,0.8846189211370278,0.12067054082980143,-14.986057872174458,-1.1573229341274334,13.926599461070463,0.6295741068180681,10.188468863667515,0.2719344611720337,-0.019166888623128278,0.00015748,0.019014924746805287,0.00081957,1,0.0
18338,0.0019527287227396606,0.3134972241614669,-1.54e-06,1.2158541232221989,2.735354949826481,79.47648504634263,1.0052136313683062,38.43954615102267,0.12067054082980143,-89.97329796664727,-1.1573229341274334,36.68608227148956,0.6295741068180681,-23.6695229693442,0.2719344611720337,1.442956244485659,0.00015748,3.4552443066384377,0.00081957,0,0.0
18339,0.0014698011921446819,0.013761031896068924,-1.54e-06,1.2158541232221989,2.735354949826481,20.60718574451329,1.0052136313683062,12.809028118832337,0.12067054082980143,-35.23610045378161,-1.1573229341274334,14.30033681727185,0.6295741068180681,-1.656378313813726,0.2719344611720337,0.3278989810345264,0.00015748,1.059094920538822,0.00081957,0,0.0
18340,1.0466365600054088,0.24277423735593048,-1.54e-06,1.2158541232221989,2.735354949826481,-36.372324030928034,1.0052136313683062,6.509527365762721,0.12067054082980143,-41.70487048927745,-1.1573229341274334,-0.23211540119450583,0.6295741068180681,56.810619873626635,0.2719344611720337,-0.1688727539367628,0.00015748,0.1693736733258909,0.00081957,1,0.0
18341,-0.00021704263324157091,0.42707097305809777,-1.54e-06,1.2158541232221989,2.735354949826481,14.02882753516016,1.0052136313683062,0.46627058853751413,0.12067054082980143,-21.129645992181036,-1.1573229341274334,74.4897579758409,0.6295741068180681,-12.142150558156171,0.2719344611720337,0.2965614916980819,0.00015748,1.8235469745358786,0.00081957,0,0.0
18342,1.5599873910913264,0.5697185861506077,-1.54e-06,1.2158541232221989,2.735354949826481,-36.43973822665292,1.0052136313683062,8.718481874478044,0.12067054082980143,-21.647262172766112,-1.1573229341274334,-43.881923688910454,0.6295741068180681,59.32819552510899,0.2719344611720337,-0.27244490389532244,0.00015748,0.27240113718391407,0.00081957,1,0.0
18343,0.0015714848260466319,0.01038833725603337,-1.54e-06,1.2158541232221989,2.735354949826481,-5.512369492507359,1.0052136313683062,10.470418149839427,0.12067054082980143,-67.8662464982622,-1.1573229341274334,64.00810846622383,0.6295741068180681,24.202306235578277,0.2719344611720337,0.408266423209569,0.00015748,0.6464722409441234,0.00081957,0,0.0
18344,0.0002666049068897891,0.01350975808493863,-1.54e-06,1.2158541232221989,2.735354949826481,4.45788332536863,1.0052136313683062,9.189992109646386,0.12067054082980143,-45.61911574074677,-1.1573229341274334,39.60563660366534,0.6295741068180681,10.870804195080158,0.2719344611720337,0.40667671757421114,0.00015748,0.6506773642319343,0.00081957,0,0.0
18345,1.9164131300216507,0.9834880427871033,-1.54e-06,1.2158541232221989,2.735354949826481,-14.476880016831224,1.0052136313683062,31.844919318433423,0.12067054082980143,-89.30677251707867,-1.1573229341274334,-22.432728062331083,0.6295741068180681,73.28279441212442,0.2719344611720337,0.2849204990107407,0.00015748,1.9650399598253814,0.00081957,0,0.0
18346,0.7096308933148492,0.13023230222351612,-1.54e-06,1.2158541232221989,2.735354949826481,-43.034301762839384,1.0052136313683062,6.595111785507622,0.12067054082980143,-72.41730902796614,-1.1573229341274334,44.632430690057134,0.6295741068180681,65.33686283247978,0.2719344611720337,-0.14455216808665455,0.00015748,0.14481982302459256,0.00081957,1,0.0
18347,4.450658564403298e-05,0.21053025444429754,-1.54e-06,1.2158541232221989,2.735354949826481,91.00404821115205,1.0052136313683062,44.13077211301182,0.12067054082980143,-92.72985955412054,-1.1573229341274334,14.125170495143232,0.6295741068180681,-27.29329470366558,0.2719344611720337,1.1268502865222685,0.00015748,3.944754229863914,0.00081957,0,0.0
18348,0.2595604990745017,0.028816198736101965,-1.54e-06,1.2158541232221989,2.735354949826481,-12.491679318133157,1.0052136313683062,3.0927919473754386,0.12067054082980143,-22.213735743189286,-1.1573229341274334,7.968526505896098,0.6295741068180681,20.752169264998066,0.2719344611720337,-0.10338425981488274,0.00015748,0.10369280774764787,0.00081957,1,0.0
18349,0.2631254450466547,0.07979031925334637,-1.54e-06,1.2158541232221989,2.735354949826481,47.24468493050446,1.0052136313683062,22.64171526126171,0.12067054082980143,-25.71309079539087,-1.1573229341274334,-32.82783643373012,0.6295741068180681,-15.525297038175149,0.2719344611720337,0.28624012624326445,0.00015748,1.9943666232658295,0.00081957,0,0.0
18350,0.00025732009469869865,0.08901906034225963,-1.54e-06,1.2158541232221989,2.735354949826481,61.66820266513716,1.0052136313683062,36.33403334332656,0.12067054082980143,-91.77310986933422,-1.1573229341274334,27.585984705705876,0.6295741068180681,-8.80287606412487,0.2719344611720337,0.8065482424975232,0.00015748,3.0264342578608745,0.00081957,0,0.0
18351,1.4336312061399221,0.44549006479841013,-1.54e-06,1.2158541232221989,2.735354949826481,-50.71325322689653,1.0052136313683062,8.306452616100335,0.12067054082980143,-57.09270935044355,-1.1573229341274334,2.0257376856814364,0.6295741068180681,78.20714491365415,0.2719344611720337,-0.19935804527122183,0.00015748,0.19838635950034458,0.00081957,1,0.0
18352,0.6391655636535716,0.16070282066156713,-1.54e-06,1.2158541232221989,2.735354949826481,43.40759519578418,1.0052136313683062,40.016144188462555,0.12067054082980143,-95.03232806418488,-1.1573229341274334,-9.184484347650322,0.6295741068180681,18.0785908695822,0.2719344611720337,0.27226312831888255,0.00015748,3.0340995705936242,0.00081957,0,0.0
18353,0.00037744578965570597,0.22955237291525263,-1.54e-06,1.2158541232221989,2.735354949826481,71.74618532314453,1.0052136313683062,38.87628714887153,0.12067054082980143,-99.02795572553403,-1.1573229341274334,42.24028709423973,0.6295741068180681,-15.123163510955855,0.2719344611720337,1.283810771646472,0.00015748,3.3433657930200873,0.00081957,0,0.0
18354,-0.00358794196675305,0.8133515345195395,-1.54e-06,1.2158541232221989,2.735354949826481,33.635693692100176,1.0052136313683062,1.4008398021567625,0.12067054082980143,-10.982936135498754,-1.1573229341274334,74.32091239137802,0.6295741068180681,-30.420725567934795,0.2719344611720337,0.6436697163734811,0.00015748,2.436043840275687,0.00081957,0,0.0
18355,0.0005430017595769998,0.1163232332029132,-1.54e-06,1.2158541232221989,2.735354949826481,34.77389515682981,1.0052136313683062,9.844268277468409,0.12067054082980143,-12.613314661308538,-1.1573229341274334,9.031438603440026,0.6295741068180681,-20.83246860763858,0.2719344611720337,0.7644525761340797,0.00015748,1.1880899271598822,0.00081957,0,0.0
18356,-0.0004513309636058338,0.23173335325740724,-1.54e-06,1.2158541232221989,2.735354949826481,65.23217271359529,1.0052136313683062,22.453055268697856,0.12067054082980143,-35.18619006288982,-1.1573229341274334,6.4594668227991825,0.6295741068180681,-32.09217506560712,0.2719344611720337,1.0836131057653837,0.00015748,2.41395665653026,0.00081957,0,0.0
18357,0.09477696664157642,0.013039410485713868,-1.54e-06,1.2158541232221989,2.735354949826481,1.4758198205439885,1.0052136313683062,15.56350812217842,0.12067054082980143,-74.46499865162245,-1.1573229341274334,51.6213162805142,0.6295741068180681,24.9321651177407,0.2719344611720337,0.33123619533613896,0.00015748,1.02025097956901,0.00081957,0,0.0
18358,-0.0010287027487297928,0.508949852240072,-1.54e-06,1.2158541232221989,2.735354949826481,40.19766230474682,1.0052136313683062,13.919113432804375,0.12067054082980143,-48.671216386683476,-1.1573229341274334,70.84200048567982,0.6295741068180681,-18.156620190644727,0.2719344611720337,1.4224446998884852,0.00015748,2.0172798832911587,0.00081957,0,0.0
18359,-0.00022669130204411303,0.2744056754477141,-1.54e-06,1.2158541232221989,2.735354949826481,70.6106917532091,1.0052136313683062,33.305623506255536,0.12067054082980143,-77.36712310271349,-1.1573229341274334,34.03252545255264,0.6295741068180681,-22.433957770878767,0.2719344611720337,1.3489001943879577,0.00015748,3.019716019855263,0.00081957,0,0.0
18360,0.8142572558367636,0.24836093865833975,-1.54e-06,1.2158541232221989,2.735354949826481,44.30731252916858,1.0052136313683062,40.122956481974285,0.12067054082980143,-84.35765024761685,-1.1573229341274334,-25.90216794952913,0.6295741068180681,16.845629419930777,0.2719344611720337,0.2726483179606938,0.00015748,3.037561961252445,0.00081957,0,0.0
18361,0.0011115214373493831,0.00820048820194535,-1.54e-06,1.2158541232221989,2.735354949826481,5.072803932550207,1.0052136313683062,12.152268675621281,0.12067054082980143,-56.7734647316882,-1.1573229341274334,43.50556236748627,0.6295741068180681,14.62998563914275,0.2719344611720337,0.35800321317292516,0.00015748,0.8287261438932905,0.00081957,0,0.0
18362,0.3339841189607502,0.061432188567121036,-1.54e-06,1.2158541232221989,2.735354949826481,47.512164861718105,1.0052136313683062,38.98785864416316,0.12067054082980143,-99.66703217046894,-1.1573229341274334,6.052542298225501,0.6295741068180681,11.873374160268984,0.2719344611720337,0.2726975580255182,0.00015748,3.0251938151195588,0.00081957,0,0.0
18363,1.527199878338094,0.7409451082542144,-1.54e-06,1.2158541232221989,2.735354949826481,13.771010493244395,1.0052136313683062,27.694453478588976,0.12067054082980143,-39.66881720691574,-1.1573229341274334,-59.70310546086662,0.6295741068180681,31.837117569562096,0.2719344611720337,0.2885144801456888,0.00015748,1.9395343876125635,0.00081957,0,0.0
18364,0.523141444658668,0.14608392474748325,-1.54e-06,1.2158541232221989,2.735354949826481,19.698658774804827,1.0052136313683062,16.481514485490308,0.12067054082980143,-25.761755651646233,-1.1573229341274334,-19.354267457215705,0.6295741068180681,4.869314391441388,0.2719344611720337,0.313064597540414,0.00015748,1.2533322701099825,0.00081957,0,0.0
18365,0.00016109648155926415,0.5150934194267767,-1.54e-06,1.2158541232221989,2.735354949826481,53.82913204997897,1.0052136313683062,14.526443204866965,0.12067054082980143,-25.560377346597626,-1.1573229341274334,39.94315836307821,0.6295741068180681,-33.984368833597074,0.2719344611720337,1.5003564131216542,0.00015748,2.007614991824456,0.00081957,0,0.0
18366,1.0693046857492963,2.0750189709577245,-1.54e-06,1.2158541232221989,2.735354949826481,8.051989772527188,1.0052136313683062,8.394415725741535,0.12067054082980143,-74.27127186065988,-1.1573229341274334,34.54404847092051,0.6295741068180681,44.46821646627579,0.2719344611720337,0.3174022442692048,0.00015748,2.732900850792301,0.00081957,0,0.0
18367,0.2649207488310106,0.04041322319083698,-1.54e-06,1.2158541232221989,2.735354949826481,-30.773496215588533,1.0052136313683062,4.438248171063373,0.12067054082980143,-62.47606878622246,-1.1573229341274334,52.56128425652537,0.6295741068180681,45.733606624803734,0.2719344611720337,-0.09740187365247477,0.00015748,0.09762973967020239,0.00081957,1,0.0
18368,0.0015671264822327835,0.013922915682667297,-1.54e-06,1.2158541232221989,2.735354949826481,40.21665084514404,1.0052136313683062,22.69811549879847,0.12067054082980143,-51.136134654031736,-1.1573229341274334,3.1884966551130947,0.6295741068180681,-7.1150266765541765,0.2719344611720337,0.28863630594706136,0.00015748,1.9232276976665603,0.00081957,0,0.0
18369,1.681060171806293,0.6574082567877797,-1.54e-06,1.2158541232221989,2.735354949826481,-35.06311853295608,1.0052136313683062,7.887847275100288,0.12067054082980143,-11.81705974031777,-1.1573229341274334,-57.52194896337626,0.6295741068180681,57.66942642369793,0.2719344611720337,-0.2605175719752174,0.00015748,0.26011604690820456,0.00081957,1,0.0
18370,1.9170931643268656,1.0948958547609873,-1.54e-06,1.2158541232221989,2.735354949826481,43.98923024263249,1.0052136313683062,54.95718484069683,0.12067054082980143,-95.6291038850909,-1.1573229341274334,-78.77885083957128,0.6295741068180681,40.44612896254135,0.2719344611720337,0.26714260883335883,0.00015748,3.910846086122552,0.00081957,0,0.0
18371,0.0015524957367368253,0.08678923038583403,-1.54e-06,1.2158541232221989,2.735354949826481,-0.7046558657777192,1.0052136313683062,7.77749221090256,0.12067054082980143,-56.98552376748692,-1.1573229341274334,73.70700181170463,0.6295741068180681,14.130492588297031,0.2719344611720337,0.48119356105862865,0.00015748,0.9662756053501433,0.00081957,0,0.0
18372,1.3930880557248622,0.4339612127532304,-1.54e-06,1.2158541232221989,2.735354949826481,-64.02894844299804,1.0052136313683062,7.232188121374132,0.12067054082980143,-83.18981707218464,-1.1573229341274334,38.92268521457048,0.6295741068180681,94.23227255461022,0.2719344611720337,-0.11493087782612683,0.00015748,0.11537766247690036,0.00081957,1,0.0
18373,-0.0010747994082489498,0.37682618204473595,-1.54e-06,1.2158541232221989,2.735354949826481,65.71743975926233,1.0052136313683062,21.237814103340245,0.12067054082980143,-36.016705675818955,-1.1573229341274334,21.8938215293595,0.6295741068180681,-34.589884067900215,0.2719344611720337,1.4196347598930572,0.00015748,2.3847393903226215,0.00081957,0,0.0
18374,-0.0005251431091592984,0.18233882329476317,-1.54e-06,1.2158541232221989,2.735354949826481,59.173141291627,1.0052136313683062,30.26449454056603,0.12067054082980143,-76.68856759195292,-1.1573229341274334,35.31099536981445,0.6295741068180681,-14.465144934097696,0.2719344611720337,1.1240237156142632,0.00015748,2.689309543520369,0.00081957,0,0.0
18375,0.00025105303707517734,0.02218694446437879,-1.54e-06,1.2158541232221989,2.735354949826481,95.51939846897761,1.0052136313683062,50.63831549679512,0.12067054082980143,-97.7159629202543,-1.1573229341274334,-23.493629843345598,0.6295741068180681,-22.548230501517747,0.2719344611720337,0.2654866969317373,0.00015748,4.358839764558653,0.00081957,0,0.0
18376,0.551835093424436,0.07059568960447811,-1.54e-06,1.2158541232221989,2.735354949826481,-24.49542695615548,1.0052136313683062,2.4471562246813767,0.12067054082980143,-30.741101581546378,-1.1573229341274334,13.252187980555187,0.6295741068180681,36.243224491697994,0.2719344611720337,-0.025938859660901148,0.00015748,0.026137154810434715,0.00081957,1,0.0
18377,0.7318267313805462,2.746286864839957,-1.54e-06,1.2158541232221989,2.735354949826481,-74.47391629995556,1.0052136313683062,-16.917253473834627,0.12067054082980143,-35.653543066810194,-1.1573229341274334,68.19285622907226,0.6295741068180681,71.68580358482598,0.2719344611720337,-1.4042499894379454,0.00015748,0.21473358952025745,0.00081957,1,0.0
18378,1.1949710631897759e-05,0.014568542361234648,-1.54e-06,1.2158541232221989,2.735354949826481,47.40334743009746,1.0052136313683062,26.61659752563565,0.12067054082980143,-57.65979972249183,-1.1573229341274334,-0.18460478355570334,0.6295741068180681,-9.08189942066517,0.2719344611720337,0.28470312980535206,0.00015748,2.240452841639167,0.00081957,0,0.0
18379,1.147439409476534,0.4533249946165534,-1.54e-06,1.2158541232221989,2.735354949826481,13.799299700861047,1.0052136313683062,23.177157101317867,0.12067054082980143,-38.450450855041,-1.1573229341274334,-39.78228996723187,0.6295741068180681,24.63383416993799,0.2719344611720337,0.2933914506048044,0.00015748,1.6690729471870225,0.00081957,0,0.0
18380,-0.0034238983511038212,0.6127551410300096,-1.54e-06,1.2158541232221989,2.735354949826481,19.287428167196815,1.0052136313683062,-0.5598050483494285,0.12067054082980143,-14.25499494549252,-1.1573229341274334,78.64369264816648,0.6295741068180681,-19.833502914634458,0.2719344611720337,0.29296708889294654,0.00015748,2.1461011105120456,0.00081957,0,0.0
18381,0.00017983703946589102,0.07875880339111299,-1.54e-06,1.2158541232221989,2.735354949826481,83.07622988734687,1.0052136313683062,41.19720367596351,0.12067054082980143,-81.71753202673473,-1.1573229341274334,-5.021051788033734,0.6295741068180681,-23.24163232684678,0.2719344611720337,0.6353750939445273,0.00015748,3.6614224000923814,0.00081957,0,0.0
18382,9.215754916369612e-05,0.017214954109871883,-1.54e-06,1.2158541232221989,2.735354949826481,16.508119180994754,1.0052136313683062,9.533072004592404,0.12067054082980143,-26.79535452188172,-1.1573229341274334,14.810212229595432,0.6295741068180681,-2.5237026346842097,0.2719344611720337,0.36260596287130575,0.00015748,0.8044194595673376,0.00081957,0,0.0
18383,0.0005739583302533102,0.011339143577790221,-1.54e-06,1.2158541232221989,2.735354949826481,9.807961332016168,1.0052136313683062,11.056790718817764,0.12067054082980143,-44.070732798459694,-1.1573229341274334,31.363653593991643,0.6295741068180681,7.404617263422165,0.2719344611720337,0.36177820515187464,0.00015748,0.810993030834347,0.00081957,0,0.0
18384,1.162334999183972,0.30272422506112356,-1.54e-06,1.2158541232221989,2.735354949826481,-38.06747362618196,1.0052136313683062,6.972730450622767,0.12067054082980143,-41.18715782624458,-1.1573229341274334,-6.026351834779269,0.6295741068180681,60.01047784935517,0.2719344611720337,-0.19004129395443373,0.00015748,0.19038804101599874,0.00081957,1,0.0
18385,1.3592689689742423,0.6114009891864114,-1.54e-06,1.2158541232221989,2.735354949826481,28.607366116939964,1.0052136313683062,36.301515752767024,0.12067054082980143,-58.583002862997326,-1.1573229341274334,-55.41299865045272,0.6295741068180681,25.997786048434726,0.2719344611720337,0.2776323274584014,0.00015748,2.5384196147350613,0.00081957,0,0.0
18386,0.0007767025632727798,0.052195834576663415,-1.54e-06,1.2158541232221989,2.735354949826481,27.413132422577824,1.0052136313683062,12.753388332884366,0.12067054082980143,-32.87312758549194,-1.1573229341274334,18.036635038076085,0.6295741068180681,-7.838805316231618,0.2719344611720337,0.5808513699959217,0.00015748,1.2133534552265453,0.00081957,0,0.0
18387,1.4123984718791287,0.6670073321927387,-1.54e-06,1.2158541232221989,2.735354949826481,2.90434980465965,1.0052136313683062,18.06366868495005,0.12067054082980143,-17.738544717480455,-1.1573229341274334,-54.68554882886982,0.6295741068180681,28.19218885002265,0.2719344611720337,0.31501078108304004,0.00015748,1.214454692233697,0.00081957,0,0.0
18388,-0.0009263763684046467,0.33278471987478697,-1.54e-06,1.2158541232221989,2.735354949826481,68.11773894105652,1.0052136313683062,35.642201096761106,0.12067054082980143,-98.42528705048748,-1.1573229341274334,57.55030883939914,0.6295741068180681,-14.663127790768586,0.2719344611720337,1.5494328041469896,0.00015748,3.173245253803504,0.00081957,0,0.0
18389,0.0006535007977244156,0.019431003379423675,-1.54e-06,1.2158541232221989,2.735354949826481,-15.44436011831345,1.0052136313683062,10.379656167863173,0.12067054082980143,-86.4714213177473,-1.1573229341274334,92.3904761089069,0.6295741068180681,35.19584755094807,0.2719344611720337,0.38601091855661723,0.00015748,0.7281357742903538,0.00081957,0,0.0
18390,0.4575082184903907,0.06114780826978958,-1.54e-06,1.2158541232221989,2.735354949826481,-28.44956754039953,1.0052136313683062,4.928152500915207,0.12067054082980143,-49.97461499676799,-1.1573229341274334,30.319188661017783,0.6295741068180681,43.77645716373166,0.2719344611720337,-0.12054305362201345,0.00015748,0.12072720658353636,0.00081957,1,0.0
18391,0.1781733119389889,0.010119344542947176,-1.54e-06,1.2158541232221989,2.735354949826481,-13.46588650790907,1.0052136313683062,1.96865535833532,0.12067054082980143,-24.60187972139211,-1.1573229341274334,17.707667901612297,0.6295741068180681,20.305486773847242,0.2719344611720337,-0.040904713846381266,0.00015748,0.04133539234208779,0.00081957,1,0.0
18392,0.4488370084720108,0.1073107403702626,-1.54e-06,1.2158541232221989,2.735354949826481,43.092158938094435,1.0052136313683062,32.764712490556306,0.12067054082980143,-69.6838119043626,-1.1573229341274334,-13.630453445988104,0.6295741068180681,5.716300293605551,0.2719344611720337,0.27697893023479936,0.00015748,2.555956728242057,0.00081957,0,0.0
18393,0.12883451363145984,0.03849524567395595,-1.54e-06,1.2158541232221989,2.735354949826481,-30.950373059884104,1.0052136313683062,3.7117687298613697,0.12067054082980143,-67.98398574924012,-1.1573229341274334,64.60328294163195,0.6295741068180681,45.29967436864583,0.2719344611720337,-0.07307968245556098,0.00015748,0.0731021555421402,0.00081957,1,0.0
18394,4.380926295999288e-05,0.0014416402832656302,-1.54e-06,1.2158541232221989,2.735354949826481,5.912326008306009,1.0052136313683062,21.97984620876829,0.12067054082980143,-99.58818037734433,-1.1573229341274334,65.8517936940562,0.6295741068180681,29.286884554249415,0.2719344611720337,0.3032522848932825,0.00015748,1.4325801215862972,0.00081957,0,0.0
18395,5.3270065998756166e-05,0.01738773834869132,-1.54e-06,1.2158541232221989,2.735354949826481,17.527749371558176,1.0052136313683062,9.774711409813355,0.12067054082980143,-25.81767422537295,-1.1573229341274334,13.011514093786028,0.6295741068180681,-3.492633931765947,0.2719344611720337,0.3592636965315411,0.00015748,0.8235998536549344,0.00081957,0,0.0
18396,-0.000344548041487841,0.21428333808566447,-1.54e-06,1.2158541232221989,2.735354949826481,11.534034175986086,1.0052136313683062,3.0594975628427132,0.12067054082980143,-23.26400580608264,-1.1573229341274334,56.34076387405632,0.6295741068180681,-7.031442256879711,0.2719344611720337,0.361746190206385,0.00015748,1.3032268559289815,0.00081957,0,0.0
18397,1.8853991315341097,1.1517083520976243,-1.54e-06,1.2158541232221989,2.735354949826481,-56.21095893201394,1.0052136313683062,16.86563365119484,0.12067054082980143,-71.35499907342448,-1.1573229341274334,-25.112123123485038,0.6295741068180681,96.5711808828779,0.2719344611720337,-0.5997616938029624,0.00015748,0.6043485904024495,0.00081957,1,0.0
18398,1.3876708277637269,0.5356804997125765,-1.54e-06,1.2158541232221989,2.735354949826481,-0.058508164027788634,1.0052136313683062,32.7047805380857,0.12067054082980143,-92.38310396042661,-1.1573229341274334,-7.262313082222422,0.6295741068180681,55.81827484201876,0.2719344611720337,0.2836109579501802,0.00015748,2.098584216674004,0.00081957,0,0.0
18399,-6.139495464152489e-05,0.02530665156453868,-1.54e-06,1.2158541232221989,2.735354949826481,39.45473538643188,1.0052136313683062,14.242370140631188,0.12067054082980143,-12.998457761695118,-1.1573229341274334,-17.322030774180845,0.6295741068180681,-20.292521732676093,0.2719344611720337,0.3043001782355311,0.00015748,1.401327500011361,0.00081957,0,0.0
18400,0.3727239267097513,0.22513646931999703,-1.54e-06,2.387138367997413,2.9709305229720875,59.70879918095044,1.0052136313683062,11.195750078560593,0.12067054082980143,-16.83423176656291,-1.1573229341274334,-72.11907936206201,0.6295741068180681,-0.7668898633027714,0.2719344611720337,-0.322001724245948,0.00015748,0.3321930109650545,0.00081957,1,0.0
18401,0.0001618478189905348,0.17093266479887176,-1.54e-06,2.387138367997413,2.9709305229720875,77.0531838607548,1.0052136313683062,7.51997232952272,0.12067054082980143,-35.97853554892506,-1.1573229341274334,32.429629725874044,0.6295741068180681,-22.55523240196745,0.2719344611720337,0.29687688536006795,0.00015748,0.7396929232757442,0.00081957,0,0.0
18402,0.47032812451361006,0.029276346584509973,-1.54e-06,2.387138367997413,2.9709305229720875,-62.58320845878966,1.0052136313683062,4.529386849302942,0.12067054082980143,-67.22024807101022,-1.1573229341274334,38.75038256749456,0.6295741068180681,73.42694719219102,0.2719344611720337,-0.07600246002196442,0.00015748,0.0762854962125531,0.00081957,1,0.0
18403,0.5913693511803646,0.22204041199568297,-1.54e-06,2.387138367997413,2.9709305229720875,-6.83614228065013,1.0052136313683062,13.147111291504464,0.12067054082980143,-80.1339331186459,-1.1573229341274334,-10.83897486696009,0.6295741068180681,63.4362835828477,0.2719344611720337,-0.3250161993215305,0.00015748,0.32605873701920973,0.00081957,1,0.0
18404,0.0003497544931468921,0.19379199736420955,-1.54e-06,2.387138367997413,2.9709305229720875,9.097517778653597,1.0052136313683062,4.885751831364507,0.12067054082980143,-60.77203002700125,-1.1573229341274334,68.57966952189773,0.6295741068180681,19.92082140628795,0.2719344611720337,0.16096613036009902,0.00015748,0.4878697665261099,0.00081957,0,0.0
18405,0.32093563053667074,0.07659519910656008,-1.54e-06,2.387138367997413,2.9709305229720875,-12.18607445374968,1.0052136313683062,8.061879622524648,0.12067054082980143,-59.32210413442568,-1.1573229341274334,7.884639667116184,0.6295741068180681,45.665260683134804,0.2719344611720337,-0.19393878420682062,0.00015748,0.1940253797668909,0.00081957,1,0.0
18406,0.8504614594642279,0.5893544958505341,-1.54e-06,2.387138367997413,2.9709305229720875,32.510492139269765,1.0052136313683062,7.197463666102332,0.12067054082980143,-54.546197361148,-1.1573229341274334,-4.903320005698468,0.6295741068180681,42.75527144684568,0.2719344611720337,0.16240282836230646,0.00015748,0.6887233966781552,0.00081957,0,0.0
18407,0.0009428913413230822,0.2277023723346509,-1.54e-06,2.387138367997413,2.9709305229720875,100.0,1.0052136313683062,9.94859158762235,0.12067054082980143,-0.660484356681134,-1.1573229341274334,-23.159294019207632,0.6295741068180681,-51.23651499409196,0.2719344611720337,0.24486760927728543,0.00015748,0.5633874532102584,0.00081957,0,0.0
18408,0.07942969143458245,0.058109099305758784,-1.54e-06,2.387138367997413,2.9709305229720875,60.45715245381402,1.0052136313683062,13.634670822714028,0.12067054082980143,-96.11332436071896,-1.1573229341274334,63.942468961084714,0.6295741068180681,16.851446972933946,0.2719344611720337,0.43270483254255393,0.00015748,0.5885559016394122,0.00081957,0,0.0
18409,0.0012902103533100062,0.29380817139643456,-1.54e-06,2.387138367997413,2.9709305229720875,60.041091437637384,1.0052136313683062,7.774535983078789,0.12067054082980143,-36.16983877338351,-1.1573229341274334,46.25573003709672,0.6295741068180681,-20.68539825874996,0.2719344611720337,0.217142834311832,0.00015748,0.8676106805152601,0.00081957,0,0.0
18410,0.7003045854128429,0.13724126352764388,-1.54e-06,2.387138367997413,2.9709305229720875,-38.804938149578085,1.0052136313683062,6.058287771907477,0.12067054082980143,-61.10595513935401,-1.1573229341274334,-0.009670690927440533,0.6295741068180681,72.84614225605311,0.2719344611720337,-0.1957998619775346,0.00015748,0.19697511065080328,0.00081957,1,0.0
18411,0.005184873836980519,0.1298516461797817,-1.54e-06,2.387138367997413,2.9709305229720875,38.16339761259189,1.0052136313683062,9.130929669960791,0.12067054082980143,-74.50275877912784,-1.1573229341274334,58.09205405922803,0.6295741068180681,15.508597198177005,0.2719344611720337,0.2972448824145362,0.00015748,0.443530017072365,0.00081957,0,0.0
18412,0.025540105956762732,0.009906038626513649,-1.54e-06,2.387138367997413,2.9709305229720875,-61.513239735164206,1.0052136313683062,1.7465852936319872,0.12067054082980143,-71.6013827447581,-1.1573229341274334,78.88969863679365,0.6295741068180681,60.3412319635163,0.2719344611720337,-0.031172980553444314,0.00015748,0.0314448654924191,0.00081957,1,0.0
18413,0.5592790350076154,0.05072615386138307,-1.54e-06,2.387138367997413,2.9709305229720875,-61.907033216068605,1.0052136313683062,6.278279589228522,0.12067054082980143,-75.83395735299499,-1.1573229341274334,34.20838623778654,0.6295741068180681,80.6131862530589,0.2719344611720337,-0.11834942820359678,0.00015748,0.11818110559540146,0.00081957,1,0.0
18414,0.4173588223473823,0.04273385196738608,-1.54e-06,2.387138367997413,2.9709305229720875,-87.23533799218158,1.0052136313683062,-0.6391437409317803,0.12067054082980143,-51.00414197897559,-1.1573229341274334,56.178504129108084,0.6295741068180681,72.70423142686191,0.2719344611720337,-0.08435920539986097,0.00015748,0.08444271544161397,0.00081957,1,0.0
18415,0.49053126910842637,0.30819271562643114,-1.54e-06,2.387138367997413,2.9709305229720875,80.83341105048291,1.0052136313683062,13.725134446888196,0.12067054082980143,-15.031371394651888,-1.1573229341274334,-86.73852121846821,0.6295741068180681,-8.547600562417907,0.2719344611720337,-0.21181378500298592,0.00015748,0.4088457555405815,0.00081957,1,0.0
18416,0.00016726627187502174,0.1626597360969782,-1.54e-06,2.387138367997413,2.9709305229720875,62.23283370282725,1.0052136313683062,7.184700131280852,0.12067054082980143,-35.881352964915045,-1.1573229341274334,25.43860531712932,0.6295741068180681,-14.250389244773903,0.2719344611720337,0.26377601729191685,0.00015748,0.5247776390365744,0.00081957,0,0.0
18417,0.6269035034071466,1.961571996842945,-1.54e-06,2.387138367997413,2.9709305229720875,39.47562095477259,1.0052136313683062,29.200543929828793,0.12067054082980143,-54.47832583199573,-1.1573229341274334,-82.39611094143592,0.6295741068180681,11.123194165362474,0.2719344611720337,-0.8225324355738721,0.00015748,0.8256044113118535,0.00081957,1,0.0
18418,-0.5058604808368408,2.008149243971728,-1.54e-06,2.387138367997413,2.9709305229720875,40.895134529179614,1.0052136313683062,7.195356725208335,0.12067054082980143,-0.23702699993576085,-1.1573229341274334,42.51725301055123,0.6295741068180681,-55.25905480194696,0.2719344611720337,-0.26407215238084836,0.00015748,0.8564889551461968,0.00081957,1,0.0
18419,0.8282135340819922,0.09930782228364493,-1.54e-06,2.387138367997413,2.9709305229720875,-69.4571674243528,1.0052136313683062,5.046867314535227,0.12067054082980143,-56.06925289656113,-1.1573229341274334,8.11784791963267,0.6295741068180681,82.55996183574933,0.2719344611720337,-0.08544201790920844,0.00015748,0.08543500768567355,0.00081957,1,0.0
18420,0.21230513672873588,0.008193777566768028,-1.54e-06,2.387138367997413,2.9709305229720875,-23.49130297191152,1.0052136313683062,2.5731134457510296,0.12067054082980143,-31.13747848464193,-1.1573229341274334,14.155282255361344,0.6295741068180681,31.945667238504406,0.2719344611720337,-0.05052579024543045,0.00015748,0.050586135830092784,0.00081957,1,0.0
18421,0.17754850877829442,0.16565824059570414,-1.54e-06,2.387138367997413,2.9709305229720875,64.55603585400786,1.0052136313683062,11.765997937728674,0.12067054082980143,-50.74262207149321,-1.1573229341274334,-3.4694711017941344,0.6295741068180681,1.287105824133761,0.2719344611720337,0.18058599384719254,0.00015748,0.3694374784922998,0.00081957,0,0.0
18422,-4.829247808846304e-05,0.05813200843545847,-1.54e-06,2.387138367997413,2.9709305229720875,80.9216315300804,1.0052136313683062,13.114327735683334,0.12067054082980143,-88.39479067553626,-1.1573229341274334,58.5792397184004,0.6295741068180681,3.11162961765091,0.2719344611720337,0.4481323163037992,0.00015748,0.6557181155240966,0.00081957,0,0.0
18423,0.3712001003998826,0.08003706032871687,-1.54e-06,2.387138367997413,2.9709305229720875,30.596968409011314,1.0052136313683062,6.068544740784869,0.12067054082980143,-0.32580608314573783,-1.1573229341274334,-56.63269656427966,0.6295741068180681,1.6296837979251417,0.2719344611720337,-0.18033523665757858,0.00015748,0.18127693988887042,0.00081957,1,0.0
18424,0.6941286288012833,0.13826971582684353,-1.54e-06,2.387138367997413,2.9709305229720875,-21.942054157898365,1.0052136313683062,9.499876585377027,0.12067054082980143,-57.28664709465067,-1.1573229341274334,-17.812391387632466,0.6295741068180681,60.95245932948987,0.2719344611720337,-0.22567468946980407,0.00015748,0.225598542037581,0.00081957,1,0.0
18425,0.005657400608584773,0.1502529794871686,-1.54e-06,2.387138367997413,2.9709305229720875,-86.18721825448947,1.0052136313683062,-7.895752239174931,0.12067054082980143,-13.165915119988739,-1.1573229341274334,74.33025413370024,0.6295741068180681,38.76682490627257,0.2719344611720337,-0.26645677770492926,0.00015748,0.2654674717026637,0.00081957,1,0.0
18426,8.937806191178232e-05,0.08288542896373685,-1.54e-06,2.387138367997413,2.9709305229720875,20.31397429523196,1.0052136313683062,5.449724192020922,0.12067054082980143,-34.91523818686965,-1.1573229341274334,12.335351388686902,0.6295741068180681,8.288439112607627,0.2719344611720337,0.013055974531605716,0.00015748,0.16104652158199023,0.00081957,0,0.0
18427,0.00018099005838131954,0.17220669335489672,-1.54e-06,2.387138367997413,2.9709305229720875,-17.58907196218853,1.0052136313683062,-1.9166918940177935,0.12067054082980143,-16.148709948297455,-1.1573229341274334,42.578852163745275,0.6295741068180681,12.338957695352322,0.2719344611720337,-0.03618629998225506,0.00015748,0.30898309381541633,0.00081957,1,0.0
18428,-8.137748717756965e-05,0.08858266449296831,-1.54e-06,2.387138367997413,2.9709305229720875,0.981271164527538,1.0052136313683062,4.256259565720921,0.12067054082980143,-48.472167374246844,-1.1573229341274334,37.7289989921597,0.6295741068180681,22.588168119975357,0.2719344611720337,0.08205673167617515,0.00015748,0.1349163030371908,0.00081957,0,0.0
18429,0.00019287519933697261,0.21223300781927293,-1.54e-06,2.387138367997413,2.9709305229720875,82.79694850468485,1.0052136313683062,6.617327093986652,0.12067054082980143,-32.71231324359721,-1.1573229341274334,40.55883890724994,0.6295741068180681,-28.16034599139442,0.2719344611720337,0.2924591181723266,0.00015748,0.9273526831757017,0.00081957,0,0.0
18430,0.8561153646167456,0.26843409559342385,-1.54e-06,2.387138367997413,2.9709305229720875,-7.889189385828958,1.0052136313683062,12.951312458909454,0.12067054082980143,-65.33499584415438,-1.1573229341274334,-39.149370134460085,0.6295741068180681,65.7499194836701,0.2719344611720337,-0.3268559343499629,0.00015748,0.32927473651204126,0.00081957,1,0.0
18431,0.50286335618529,0.031087883077752967,-1.54e-06,2.387138367997413,2.9709305229720875,-67.71321720426575,1.0052136313683062,2.947689059169857,0.12067054082980143,-58.665397646370145,-1.1573229341274334,36.60513436023523,0.6295741068180681,72.48139332595005,0.2719344611720337,-0.0377809925805173,0.00015748,0.0380935733010274,0.00081957,1,0.0
18432,0.06052174422807871,0.028559938180766915,-1.54e-06,2.387138367997413,2.9709305229720875,2.012345436484873,1.0052136313683062,4.658702424833972,0.12067054082980143,-33.16189202413069,-1.1573229341274334,7.657207185588152,0.6295741068180681,18.11370204662304,0.2719344611720337,-0.11630532028917046,0.00015748,0.11663076657083721,0.00081957,1,0.0
18433,0.021938973393266975,0.005035652085863156,-1.54e-06,2.387138367997413,2.9709305229720875,-16.938905097523808,1.0052136313683062,1.9979468435252452,0.12067054082980143,-32.3686216966551,-1.1573229341274334,26.15035421286048,0.6295741068180681,23.72574262010219,0.2719344611720337,-0.03993907269190984,0.00015748,0.04021586076691898,0.00081957,1,0.0
18434,0.34215381409353285,0.07795916857420002,-1.54e-06,2.387138367997413,2.9709305229720875,16.07922082095369,1.0052136313683062,7.016558172271436,0.12067054082980143,-22.41443770174427,-1.1573229341274334,-32.89708384476294,0.6295741068180681,17.00825076032833,0.2719344611720337,-0.18709023623313498,0.00015748,0.18849244709872354,0.00081957,1,0.0
18435,0.9668615481624329,0.32461173932394144,-1.54e-06,2.387138367997413,2.9709305229720875,-5.184196897922129,1.0052136313683062,14.252928821076948,0.12067054082980143,-63.03322547686002,-1.1573229341274334,-52.850937185253635,0.6295741068180681,66.62288707463321,0.2719344611720337,-0.3542020581484245,0.00015748,0.3541595648915719,0.00081957,1,0.0
18436,-0.00039707825242920464,0.28117518673298125,-1.54e-06,2.387138367997413,2.9709305229720875,24.446779150099,1.0052136313683062,0.5755509879383197,0.12067054082980143,-6.137055506069421,-1.1573229341274334,27.737178266990107,0.6295741068180681,-13.2884051695468,0.2719344611720337,0.05867041644898574,0.00015748,0.5343138787069093,0.00081957,0,0.0
18437,0.10889137846367278,0.0034273816769135636,-1.54e-06,2.387138367997413,2.9709305229720875,-30.051998594374837,1.0052136313683062,-0.04127168429959169,0.12067054082980143,-20.93658020356828,-1.1573229341274334,23.853812534335866,0.6295741068180681,25.50256116321195,0.2719344611720337,-0.027660469403385755,0.00015748,0.028027339504895298,0.00081957,1,0.0
18438,1.2616966264947116,0.28500657563151344,-1.54e-06,2.387138367997413,2.9709305229720875,-78.08233764226388,1.0052136313683062,2.8925065350623758,0.12067054082980143,-17.764424701305177,-1.1573229341274334,-40.001897756981045,0.6295741068180681,80.78071072294077,0.2719344611720337,-0.037003469193991605,0.00015748,0.036056153125486205,0.00081957,1,0.0
18439,0.012611778311286237,0.04092367447481027,-1.54e-06,2.387138367997413,2.9709305229720875,95.96361496680947,1.0052136313683062,15.262158494154109,0.12067054082980143,-79.42448497324571,-1.1573229341274334,32.21467079217694,0.6295741068180681,-6.9211810146916335,0.2719344611720337,0.4909374453382566,0.00015748,0.5087199435654012,0.00081957,0,0.0
18440,1.7089059778587345,1.8138428458887814,-1.54e-06,2.387138367997413,2.9709305229720875,58.326059328255944,1.0052136313683062,9.706530118800268,0.12067054082980143,-81.46785383716211,-1.1573229341274334,-13.915950580085099,0.6295741068180681,74.7220657645797,0.2719344611720337,0.2746765235805141,0.00015748,1.4616758880996685,0.00081957,0,0.0
18441,8.594268440365038e-05,0.14561804706502227,-1.54e-06,2.387138367997413,2.9709305229720875,88.07211446750227,1.0052136313683062,7.833586372530342,0.12067054082980143,-2.3635826370236814,-1.1573229341274334,-35.245767855401404,0.6295741068180681,-37.07870730661094,0.2719344611720337,0.1688566470930622,0.00015748,0.2882326274187738,0.00081957,0,0.0
18442,0.4074652014698118,0.2680845791473684,-1.54e-06,2.387138367997413,2.9709305229720875,41.92614046116556,1.0052136313683062,14.531942460742997,0.12067054082980143,-58.0221258422229,-1.1573229341274334,-32.98225532832553,0.6295741068180681,24.700238336310104,0.2719344611720337,-0.23041101888347548,0.00015748,0.3871122744509051,0.00081957,1,0.0
18443,-0.0003380666332419291,0.39648990482893853,-1.54e-06,2.387138367997413,2.9709305229720875,-49.29172919761236,1.0052136313683062,5.42646472274716,0.12067054082980143,-60.150083659040526,-1.1573229341274334,80.59228346697205,0.6295741068180681,36.49114694609695,0.2719344611720337,-0.19955849049253466,0.00015748,0.4930453792191513,0.00081957,1,0.0
18444,0.39490236986271915,0.12379655353391948,-1.54e-06,2.387138367997413,2.9709305229720875,32.82707687993428,1.0052136313683062,8.102258620199622,0.12067054082980143,-15.512600140755021,-1.1573229341274334,-53.55877462730247,0.6295741068180681,9.683387922553983,0.2719344611720337,-0.2385565405036495,0.00015748,0.23892381780260818,0.00081957,1,0.0
18445,0.049603000313136233,0.008226076301687167,-1.54e-06,2.387138367997413,2.9709305229720875,-53.29998737410129,1.0052136313683062,-0.22528683807476807,0.12067054082980143,-45.68595091249376,-1.1573229341274334,58.76262111561598,0.6295741068180681,44.88470317197945,0.2719344611720337,-0.04980498517609375,0.00015748,0.05025975802463491,0.00081957,1,0.0
18446,0.0007744130852861408,0.12219369321890151,-1.54e-06,2.387138367997413,2.9709305229720875,-13.697606761488347,1.0052136313683062,2.8952954815112637,0.12067054082980143,-51.48863492236154,-1.1573229341274334,57.10978789202601,0.6295741068180681,27.888823248561962,0.2719344611720337,0.07918636118354574,0.00015748,0.22877268679776377,0.00081957,0,0.0
18447,0.16030545974540922,0.06297001335528653,-1.54e-06,2.387138367997413,2.9709305229720875,65.30239732145249,1.0052136313683062,15.357823903024268,0.12067054082980143,-100.0,-1.1573229341274334,53.14716669956545,0.6295741068180681,19.986956820975443,0.2719344611720337,0.478053722419941,0.00015748,0.5231735013800011,0.00081957,0,0.0
18448,0.6708025162472905,0.30929444844876547,-1.54e-06,2.387138367997413,2.9709305229720875,12.456072241204982,1.0052136313683062,15.736643591712513,0.12067054082980143,-86.39660062229979,-1.1573229341274334,-15.68207759110024,0.6295741068180681,59.5930318565032,0.2719344611720337,-0.21308901427236343,0.00015748,0.41263311677687714,0.00081957,1,0.0
18449,0.00087228021110064,0.13169393269455434,-1.54e-06,2.387138367997413,2.9709305229720875,62.331300369114146,1.0052136313683062,7.047233272617571,0.12067054082980143,-16.379666155758198,-1.1573229341274334,-12.706919821263977,0.6295741068180681,-19.948419781916975,0.2719344611720337,0.16584117310778435,0.00015748,0.23778602525765613,0.00081957,0,0.0
18450,2.8467523290887087e-06,0.15748891562881195,-1.54e-06,2.387138367997413,2.9709305229720875,53.01036551201169,1.0052136313683062,8.123373768288072,0.12067054082980143,-59.27719965976138,-1.1573229341274334,56.261907857887486,0.6295741068180681,-1.128069280056466,0.2719344611720337,0.28735752836191986,0.00015748,0.6757827498120594,0.00081957,0,0.0
18451,0.995795169892048,0.22602353215398502,-1.54e-06,2.387138367997413,2.9709305229720875,-3.429074395685618,1.0052136313683062,8.237995468218795,0.12067054082980143,-8.544259333492276,-1.1573229341274334,-80.82948559101744,0.6295741068180681,39.11334088290416,0.2719344611720337,-0.2047411033771619,0.00015748,0.20526921711012613,0.00081957,1,0.0
18452,0.3621406682314463,0.2422832812801942,-1.54e-06,2.387138367997413,2.9709305229720875,75.73838473650342,1.0052136313683062,12.824103324324225,0.12067054082980143,-30.410621646142523,-1.1573229341274334,-51.57810760890628,0.6295741068180681,-4.547108652473819,0.2719344611720337,-0.03708336081004979,0.00015748,0.3997888842372792,0.00081957,1,0.0
18453,0.00022388800771655504,0.10124805873883043,-1.54e-06,2.387138367997413,2.9709305229720875,18.049603644429542,1.0052136313683062,5.867957900240051,0.12067054082980143,-45.035797077783975,-1.1573229341274334,25.377763121878964,0.6295741068180681,13.383706547756123,0.2719344611720337,0.08575248074887354,0.00015748,0.17628747479844675,0.00081957,0,0.0
18454,0.3698001849721855,0.10429998980975186,-1.54e-06,2.387138367997413,2.9709305229720875,99.96989963253513,1.0052136313683062,20.715117215075207,0.12067054082980143,-99.7278812382324,-1.1573229341274334,10.099054991511153,0.6295741068180681,13.174421087757255,0.2719344611720337,0.41143445688464053,0.00015748,0.6367314961559453,0.00081957,0,0.0
18455,0.0005601196886461102,0.06388199680547885,-1.54e-06,2.387138367997413,2.9709305229720875,-17.339541207876763,1.0052136313683062,5.111405888047377,0.12067054082980143,-65.7578867970055,-1.1573229341274334,51.77246952848251,0.6295741068180681,38.91039269958953,0.2719344611720337,-0.010216636961649816,0.00015748,0.12443064814201749,0.00081957,1,0.0
18456,0.29546068950586624,0.1529344179778262,-1.54e-06,2.387138367997413,2.9709305229720875,53.92382646371861,1.0052136313683062,14.47606580524399,0.12067054082980143,-85.03668699523158,-1.1573229341274334,26.333483057186765,0.6295741068180681,24.000650171956885,0.2719344611720337,0.3304840745607025,0.00015748,0.43834095174853815,0.00081957,0,0.0
18457,0.23094113745950237,0.00661437135546256,-1.54e-06,2.387138367997413,2.9709305229720875,-40.138485198684464,1.0052136313683062,2.30973903638881,0.12067054082980143,-43.12208446803668,-1.1573229341274334,31.146363645195365,0.6295741068180681,44.81463947352651,0.2719344611720337,-0.03522161049727978,0.00015748,0.03542324747241354,0.00081957,1,0.0
18458,0.13511029125628238,0.14879747071262833,-1.54e-06,2.387138367997413,2.9709305229720875,44.47578268493187,1.0052136313683062,9.541527288655617,0.12067054082980143,-35.222882827508876,-1.1573229341274334,-23.43381659949726,0.6295741068180681,4.7016739676208195,0.2719344611720337,-0.16486366944497366,0.00015748,0.2779649060147227,0.00081957,1,0.0
18459,0.4397850722630191,0.06469572959022497,-1.54e-06,2.387138367997413,2.9709305229720875,0.06694870692334493,1.0052136313683062,6.119146318240163,0.12067054082980143,-23.349383600531397,-1.1573229341274334,-28.261324665266475,0.6295741068180681,26.675450529980353,0.2719344611720337,-0.1528400607047141,0.00015748,0.1538256405689947,0.00081957,1,0.0
18460,1.267779046045196,0.9613705573193172,-1.54e-06,2.387138367997413,2.9709305229720875,81.209683560689,1.0052136313683062,10.394983520741233,0.12067054082980143,-31.35580616938755,-1.1573229341274334,-70.55230528595585,0.6295741068180681,26.455785386512296,0.2719344611720337,0.19430237984278215,0.00015748,0.8975322011760378,0.00081957,0,0.0
18461,0.7471526095366037,0.09593947202943609,-1.54e-06,2.387138367997413,2.9709305229720875,-34.45396733826813,1.0052136313683062,3.915319045460356,0.12067054082980143,-19.244578747330337,-1.1573229341274334,-29.05989840712968,0.6295741068180681,48.14023254742824,0.2719344611720337,-0.07968644625409595,0.00015748,0.07965408674887255,0.00081957,1,0.0
18462,0.0002808384889778637,0.21592671404227978,-1.54e-06,2.387138367997413,2.9709305229720875,-12.80156581202519,1.0052136313683062,3.311824746500898,0.12067054082980143,-62.821376051276786,-1.1573229341274334,80.65687043951424,0.6295741068180681,29.703363249823507,0.2719344611720337,0.09434323688501792,0.00015748,0.4736548339890223,0.00081957,0,0.0
18463,1.581615758521342,0.46002109478303255,-1.54e-06,2.387138367997413,2.9709305229720875,-63.37015589001638,1.0052136313683062,5.10550806166197,0.12067054082980143,-3.838240661193891,-1.1573229341274334,-85.62443912502023,0.6295741068180681,79.32268458957044,0.2719344611720337,-0.09341310426833557,0.00015748,0.09379804221627427,0.00081957,1,0.0
18464,0.0003169928608037914,0.2737084110706284,-1.54e-06,2.387138367997413,2.9709305229720875,-19.781828460750614,1.0052136313683062,-0.7942480086493706,0.12067054082980143,-53.36682161429596,-1.1573229341274334,80.01716876410232,0.6295741068180681,32.82957277877748,0.2719344611720337,0.02120132119618598,0.00015748,0.46879899372264344,0.00081957,0,0.0
18465,0.1088911844966649,0.11751898106200405,-1.54e-06,2.387138367997413,2.9709305229720875,54.48299820599341,1.0052136313683062,12.340195420838189,0.12067054082980143,-79.07878877733896,-1.1573229341274334,41.71464403438058,0.6295741068180681,13.994260963927562,0.2719344611720337,0.3836943361937635,0.00015748,0.4142818411063214,0.00081957,0,0.0
18466,0.49423648134353854,0.10141724608224964,-1.54e-06,2.387138367997413,2.9709305229720875,-61.232883340782905,1.0052136313683062,-2.0994162923999906,0.12067054082980143,-0.01055812086864661,-1.1573229341274334,4.414371616554234,0.6295741068180681,37.780375101558505,0.2719344611720337,-0.14083340110480436,0.00015748,0.1405255666729197,0.00081957,1,0.0
18467,0.017420744636646557,0.04167034263318075,-1.54e-06,2.387138367997413,2.9709305229720875,100.0,1.0052136313683062,16.182216503945124,0.12067054082980143,-79.92307796562343,-1.1573229341274334,28.400506219019796,0.6295741068180681,-8.694821935352625,0.2719344611720337,0.48454321243885573,0.00015748,0.5177618230630568,0.00081957,0,0.0
18468,-0.34535385624248627,2.467845676497648,-1.54e-06,2.387138367997413,2.9709305229720875,14.149425406384042,1.0052136313683062,18.447469598941566,0.12067054082980143,-52.175016565118774,-1.1573229341274334,35.214151455266105,0.6295741068180681,-16.76054617236293,0.2719344611720337,-0.6542607262907397,0.00015748,0.842459521264724,0.00081957,1,0.0
18469,0.0002179909000010749,0.08800271956781519,-1.54e-06,2.387138367997413,2.9709305229720875,-6.194293988540068,1.0052136313683062,7.247545386093984,0.12067054082980143,-72.46510594942043,-1.1573229341274334,44.62735045838545,0.6295741068180681,38.31441059687053,0.2719344611720337,-0.08497083537939645,0.00015748,0.1840810076377272,0.00081957,1,0.0
18470,-0.00018252533334439658,0.4254661245929047,-1.54e-06,2.387138367997413,2.9709305229720875,85.31691543006727,1.0052136313683062,8.289457492809124,0.12067054082980143,-7.130423447590691,-1.1573229341274334,17.685942399603658,0.6295741068180681,-48.72339702164366,0.2719344611720337,0.19054877438592266,0.00015748,0.9837541862825077,0.00081957,0,0.0
18471,0.19457822141667247,0.0529437208951115,-1.54e-06,2.387138367997413,2.9709305229720875,-34.32723787696921,1.0052136313683062,7.356849338260682,0.12067054082980143,-81.18180441484091,-1.1573229341274334,46.29988346419157,0.6295741068180681,60.521955379737065,0.2719344611720337,-0.15730518259937787,0.00015748,0.1588473200924283,0.00081957,1,0.0
18472,0.8448038134421523,0.2423051430584382,-1.54e-06,2.387138367997413,2.9709305229720875,-6.472434433305135,1.0052136313683062,12.190137614442857,0.12067054082980143,-56.04001257836603,-1.1573229341274334,-43.944407428482975,0.6295741068180681,59.69568896326786,0.2719344611720337,-0.3049519293915735,0.00015748,0.3050888298632915,0.00081957,1,0.0
18473,0.005723920077370881,0.032040606585011844,-1.54e-06,2.387138367997413,2.9709305229720875,79.13991092791133,1.0052136313683062,15.585765864709428,0.12067054082980143,-99.07289035867139,-1.1573229341274334,55.181619337475375,0.6295741068180681,9.224770141328314,0.2719344611720337,0.49409086038611416,0.00015748,0.506556485100578,0.00081957,0,0.0
18474,0.0004893874288458833,0.5608312053917287,-1.54e-06,2.387138367997413,2.9709305229720875,42.10075188811746,1.0052136313683062,1.5554803061933338,0.12067054082980143,-23.65344387951776,-1.1573229341274334,71.57837645886418,0.6295741068180681,-19.51983844630668,0.2719344611720337,0.12074505024221727,0.00015748,1.1452063800351557,0.00081957,0,0.0
18475,-0.2222976475502118,1.4086969275459529,-1.54e-06,2.387138367997413,2.9709305229720875,45.41872003598151,1.0052136313683062,0.8100683083317272,0.12067054082980143,-0.006257473795718477,-1.1573229341274334,79.15306594392187,0.6295741068180681,-47.889753674734834,0.2719344611720337,-0.01850378415861398,0.00015748,1.3738529828712331,0.00081957,1,0.0
18476,-0.004746703535282837,1.0434770593330496,-1.54e-06,2.387138367997413,2.9709305229720875,98.97678854626878,1.0052136313683062,22.223004952680064,0.12067054082980143,-31.849245522498734,-1.1573229341274334,-38.282748628694264,0.6295741068180681,-44.7306242873081,0.2719344611720337,-0.24638788559325564,0.00015748,0.7997362877215252,0.00081957,1,0.0
18477,1.2286402569852175,0.26511285024532605,-1.54e-06,2.387138367997413,2.9709305229720875,-51.62981506109836,1.0052136313683062,6.320872877386783,0.12067054082980143,-24.289652788301222,-1.1573229341274334,-55.360509473013074,0.6295741068180681,73.21774579120591,0.2719344611720337,-0.12815615940417874,0.00015748,0.12802375177691677,0.00081957,1,0.0
18478,0.17060829199090516,0.0034153601756433468,-1.54e-06,2.387138367997413,2.9709305229720875,-37.55570678563836,1.0052136313683062,1.5415129359599749,0.12067054082980143,-36.95305613337181,-1.1573229341274334,31.43311306636661,0.6295741068180681,38.45416238794732,0.2719344611720337,-0.02524489737555324,0.00015748,0.02526016952661533,0.00081957,1,0.0
18479,-0.0001204599796895689,0.0873866185434352,-1.54e-06,2.387138367997413,2.9709305229720875,75.92336563986072,1.0052136313683062,11.86138576883476,0.12067054082980143,-80.62074251821954,-1.1573229341274334,65.36547177693511,0.6295741068180681,-1.3482001785755393,0.2719344611720337,0.4123603399345598,0.00015748,0.787210348225751,0.00081957,0,0.0
18480,0.0005418913060203367,0.13830944399486153,-1.54e-06,2.387138367997413,2.9709305229720875,51.574085600854744,1.0052136313683062,8.208049175941008,0.12067054082980143,-48.30396186562298,-1.1573229341274334,27.973283786899582,0.6295741068180681,-2.058292192073909,0.2719344611720337,0.27420791742188977,0.00015748,0.3618610836952558,0.00081957,0,0.0
18481,0.035287760098227317,0.019387700418750105,-1.54e-06,2.387138367997413,2.9709305229720875,-48.564959824535535,1.0052136313683062,-2.4322965233101392,0.12067054082980143,-27.07403943069211,-1.1573229341274334,48.60421394356075,0.6295741068180681,33.874324587194124,0.2719344611720337,-0.08488669983973726,0.00015748,0.08506926868070244,0.00081957,1,0.0
18482,1.0514819999070149,0.5214728542132487,-1.54e-06,2.387138367997413,2.9709305229720875,39.92264944586296,1.0052136313683062,18.769638529102483,0.12067054082980143,-78.0954850805724,-1.1573229341274334,-58.208897757287424,0.6295741068180681,57.12744068714282,0.2719344611720337,-0.14344582374042708,0.00015748,0.5445990889838879,0.00081957,1,0.0
18483,0.6528046165961947,0.31031832168525214,-1.54e-06,2.387138367997413,2.9709305229720875,52.21760358808858,1.0052136313683062,17.5101316431276,0.12067054082980143,-81.68282679991884,-1.1573229341274334,-19.311612579905383,0.6295741068180681,37.314227850529115,0.2719344611720337,0.07427229219046175,0.00015748,0.5057629007981075,0.00081957,0,0.0
18484,0.15735668149322735,0.14086896017553402,-1.54e-06,2.387138367997413,2.9709305229720875,25.592709536553922,1.0052136313683062,9.723415420064233,0.12067054082980143,-51.816702578333384,-1.1573229341274334,-5.811578618856121,0.6295741068180681,21.48351090261586,0.2719344611720337,-0.1937809538896761,0.00015748,0.2673533331231205,0.00081957,1,0.0
18485,0.0005638660976085008,0.16972096050484684,-1.54e-06,2.387138367997413,2.9709305229720875,-44.352100550088615,1.0052136313683062,-2.0370477171702013,0.12067054082980143,-41.72250285499009,-1.1573229341274334,73.80219363451647,0.6295741068180681,36.15836453712269,0.2719344611720337,-0.053390051812816,0.00015748,0.3001516387626163,0.00081957,1,0.0
18486,1.272769619058213,0.3011402007513397,-1.54e-06,2.387138367997413,2.9709305229720875,-58.34743804216887,1.0052136313683062,11.134273688889097,0.12067054082980143,-66.02435876541492,-1.1573229341274334,-35.8017400537306,0.6295741068180681,97.98685589911223,0.2719344611720337,-0.23804914080398867,0.00015748,0.23848217449875556,0.00081957,1,0.0
18487,0.17287602078191816,0.015102968583349521,-1.54e-06,2.387138367997413,2.9709305229720875,-42.142598066446425,1.0052136313683062,4.235649927612577,0.12067054082980143,-65.28393104555889,-1.1573229341274334,47.66612977954355,0.6295741068180681,54.96246247953046,0.2719344611720337,-0.07984470746078709,0.00015748,0.07991664907031004,0.00081957,1,0.0
18488,0.5731651952419368,0.3801636048835277,-1.54e-06,2.387138367997413,2.9709305229720875,45.28744374387542,1.0052136313683062,16.242384565682617,0.12067054082980143,-30.016230701920392,-1.1573229341274334,-78.30324145102118,0.6295741068180681,12.243115728866323,0.2719344611720337,-0.39567683585260455,0.00015748,0.3946192112606434,0.00081957,1,0.0
18489,0.44412002799451566,0.03167240087183918,-1.54e-06,2.387138367997413,2.9709305229720875,-51.46968460396859,1.0052136313683062,1.0051696221248827,0.12067054082980143,-28.23461320571983,-1.1573229341274334,14.841930024037117,0.6295741068180681,48.44641911139407,0.2719344611720337,-0.02893880005927871,0.00015748,0.02919165399168872,0.00081957,1,0.0
18490,0.4662702471382034,0.20794896817744507,-1.54e-06,2.387138367997413,2.9709305229720875,80.92721794562682,1.0052136313683062,13.136647735115988,0.12067054082980143,-57.56072919694508,-1.1573229341274334,-6.854913491283421,0.6295741068180681,6.126383890885734,0.2719344611720337,0.38490302960348083,0.00015748,0.5613469856504494,0.00081957,0,0.0
18491,0.9732958319409875,0.5671908598766566,-1.54e-06,2.387138367997413,2.9709305229720875,62.774396347136225,1.0052136313683062,20.61427003327152,0.12067054082980143,-66.01983413220445,-1.1573229341274334,-80.81149689148432,0.6295741068180681,38.75679947879123,0.2719344611720337,-0.2318403450544062,0.00015748,0.5767711000090106,0.00081957,1,0.0
18492,3.4743120653990545e-05,0.08982097966920138,-1.54e-06,2.387138367997413,2.9709305229720875,3.6111597017373485,1.0052136313683062,6.207071077476864,0.12067054082980143,-59.33798935961606,-1.1573229341274334,37.279817940182824,0.6295741068180681,27.304485726683126,0.2719344611720337,0.005461847541103626,0.00015748,0.17371608610940897,0.00081957,0,0.0
18493,0.11717458249091944,0.009293762227663028,-1.54e-06,2.387138367997413,2.9709305229720875,-56.51837675124499,1.0052136313683062,3.155080737348889,0.12067054082980143,-72.99631751396657,-1.1573229341274334,67.44788153799016,0.6295741068180681,62.30826433657036,0.2719344611720337,-0.04836898063307127,0.00015748,0.04831304610082088,0.00081957,1,0.0
18494,0.0017308844105912158,0.12997448418615798,-1.54e-06,2.387138367997413,2.9709305229720875,6.833808899190883,1.0052136313683062,6.987985166859335,0.12067054082980143,-72.6291030338905,-1.1573229341274334,60.91345376214186,0.6295741068180681,29.246472438761042,0.2719344611720337,0.20182156136258012,0.00015748,0.25314154550602397,0.00081957,0,0.0
18495,0.0005892442282333654,0.20461855581377805,-1.54e-06,2.387138367997413,2.9709305229720875,34.959863172329136,1.0052136313683062,3.502377451897121,0.12067054082980143,-23.916213737609063,-1.1573229341274334,29.020670919574883,0.6295741068180681,-7.926064778561752,0.2719344611720337,0.1460760857971859,0.00015748,0.4681517673267569,0.00081957,0,0.0
18496,1.0652356524999211,0.19071575995764517,-1.54e-06,2.387138367997413,2.9709305229720875,-54.23950936552177,1.0052136313683062,5.62301314170907,0.12067054082980143,-31.94989832425392,-1.1573229341274334,-35.429711717804494,0.6295741068180681,72.70308819327518,0.2719344611720337,-0.10959759380895227,0.00015748,0.10973413246041373,0.00081957,1,0.0
18497,1.1305079307461423,0.3809144480487454,-1.54e-06,2.387138367997413,2.9709305229720875,-20.291817672984344,1.0052136313683062,11.582346220265475,0.12067054082980143,-14.428681116436563,-1.1573229341274334,-81.67663340847746,0.6295741068180681,46.98595901903955,0.2719344611720337,-0.27487963115121167,0.00015748,0.27491144108811555,0.00081957,1,0.0
18498,0.6825916734740811,0.35962071805051643,-1.54e-06,2.387138367997413,2.9709305229720875,38.760551243196225,1.0052136313683062,15.958706359170582,0.12067054082980143,-63.658586632118116,-1.1573229341274334,-48.98843632964937,0.6295741068180681,39.18471136896484,0.2719344611720337,-0.26069980448157787,0.00015748,0.44168784750563456,0.00081957,1,0.0
18499,1.1171328845939335,0.6054027373885217,-1.54e-06,2.387138367997413,2.9709305229720875,71.98595466205015,1.0052136313683062,14.071583154060708,0.12067054082980143,-54.09198019873417,-1.1573229341274334,-52.19436026504165,0.6295741068180681,33.35254744904748,0.2719344611720337,0.27058227640882526,0.00015748,0.7088838933254892,0.00081957,0,0.0
18500,0.6838432296466203,0.09441857447417885,-1.54e-06,2.4469845184420502,3.085375171979975,-31.249012008802694,1.0052136313683062,7.991514888919414,0.12067054082980143,-51.44050399998933,-1.1573229341274334,-20.574339375041312,0.6295741068180681,63.59426043578315,0.2719344611720337,-0.16256824450696675,0.00015748,0.16306364006943666,0.00081957,1,0.0
18501,0.4539623487669364,0.04276109785527875,-1.54e-06,2.4469845184420502,3.085375171979975,-35.5476621094631,1.0052136313683062,0.7367353814799874,0.12067054082980143,-0.8456169562641679,-1.1573229341274334,-17.935823478608533,0.6295741068180681,29.136016304905148,0.2719344611720337,-0.04464083038321253,0.00015748,0.044592353900616215,0.00081957,1,0.0
18502,0.12229232130441303,0.04636136379006511,-1.54e-06,2.4469845184420502,3.085375171979975,17.107171523699574,1.0052136313683062,6.511607205391827,0.12067054082980143,-31.47198977677133,-1.1573229341274334,-12.387913144098537,0.6295741068180681,14.38605229233946,0.2719344611720337,-0.15147629833439874,0.00015748,0.15138010940143914,0.00081957,1,0.0
18503,0.21676846874538314,0.008051815032964952,-1.54e-06,2.4469845184420502,3.085375171979975,-80.75419559907502,1.0052136313683062,3.092188431148012,0.12067054082980143,-86.27219014991803,-1.1573229341274334,83.26215500798081,0.6295741068180681,81.11892955469337,0.2719344611720337,-0.03790554788960464,0.00015748,0.037660453247467404,0.00081957,1,0.0
18504,0.43811153746031894,0.16994685766981393,-1.54e-06,2.4469845184420502,3.085375171979975,23.86042274609414,1.0052136313683062,12.341334730330443,0.12067054082980143,-55.20010593328538,-1.1573229341274334,-38.8118697152809,0.6295741068180681,36.24328613399476,0.2719344611720337,-0.28462443072678867,0.00015748,0.28836541383605385,0.00081957,1,0.0
18505,0.08768519153031831,0.004938220868583072,-1.54e-06,2.4469845184420502,3.085375171979975,-64.02130625234737,1.0052136313683062,1.002844667372437,0.12067054082980143,-61.531881052338505,-1.1573229341274334,71.46868066579839,0.6295741068180681,57.577189390930855,0.2719344611720337,-0.03149488216414291,0.00015748,0.03146734416523195,0.00081957,1,0.0
18506,0.36010871534426275,0.047424287579839464,-1.54e-06,2.4469845184420502,3.085375171979975,-25.837697418733658,1.0052136313683062,7.41959372928652,0.12067054082980143,-62.19130522445265,-1.1573229341274334,12.524666967827857,0.6295741068180681,54.4238699025003,0.2719344611720337,-0.1469892540149263,0.00015748,0.1472668621608066,0.00081957,1,0.0
18507,0.7902482566569087,0.1170989510543693,-1.54e-06,2.4469845184420502,3.085375171979975,-25.490725989516537,1.0052136313683062,7.072218980945006,0.12067054082980143,-32.39684892231398,-1.1573229341274334,-44.52272817001603,0.6295741068180681,56.23807881660406,0.2719344611720337,-0.15195085354858803,0.00015748,0.15204108266201807,0.00081957,1,0.0
18508,0.1608402377923931,0.031381197793827455,-1.54e-06,2.4469845184420502,3.085375171979975,-8.498630697209357,1.0052136313683062,5.890014788974866,0.12067054082980143,-47.86330903278172,-1.1573229341274334,12.305586291585799,0.6295741068180681,33.53781052002759,0.2719344611720337,-0.12446452974835907,0.00015748,0.12469339828098878,0.00081957,1,0.0
18509,0.0179081827219828,0.15141111191743015,-1.54e-06,2.4469845184420502,3.085375171979975,93.66229354222443,1.0052136313683062,10.057624638639657,0.12067054082980143,-14.846890584786463,-1.1573229341274334,-44.94975940310479,0.6295741068180681,-29.340230395080415,0.2719344611720337,-0.011315035546277996,0.00015748,0.2947906140888631,0.00081957,1,0.0
18510,0.30005567767009556,0.26646768522929165,-1.54e-06,2.4469845184420502,3.085375171979975,29.63988447964635,1.0052136313683062,16.582815147108796,0.12067054082980143,-65.05676030883849,-1.1573229341274334,-30.67767761437214,0.6295741068180681,27.71592760122252,0.2719344611720337,-0.3400075921990941,0.00015748,0.3424777026046348,0.00081957,1,0.0
18511,0.001372674609675495,0.08721136917537241,-1.54e-06,2.4469845184420502,3.085375171979975,43.30335444607118,1.0052136313683062,7.794461086175826,0.12067054082980143,-29.666491483094603,-1.1573229341274334,-19.910105533495177,0.6295741068180681,-0.5429531747610121,0.2719344611720337,-0.17711331518555587,0.00015748,0.1999437463602264,0.00081957,1,0.0
18512,0.7106925893458944,0.10156392049943745,-1.54e-06,2.4469845184420502,3.085375171979975,-88.01035425956057,1.0052136313683062,-0.8874729732928011,0.12067054082980143,-23.677405365683647,-1.1573229341274334,10.425564231731515,0.6295741068180681,70.63083921704063,0.2719344611720337,-0.07151721394951414,0.00015748,0.07139375061230639,0.00081957,1,0.0
18513,-0.00023114654118822076,0.2624663927970371,-1.54e-06,2.4469845184420502,3.085375171979975,99.8220137246697,1.0052136313683062,5.76787886066029,0.12067054082980143,-8.010290242054333,-1.1573229341274334,16.20154884194165,0.6295741068180681,-46.447324994171304,0.2719344611720337,0.23292965496549928,0.00015748,0.7647558933795016,0.00081957,0,0.0
18514,0.17098267166925152,0.024553871233451353,-1.54e-06,2.4469845184420502,3.085375171979975,-46.075205448053744,1.0052136313683062,-2.902471521679501,0.12067054082980143,-6.774467549981144,-1.1573229341274334,23.682238295991535,0.6295741068180681,26.76345925368435,0.2719344611720337,-0.08664053991246333,0.00015748,0.08650108978153336,0.00081957,1,0.0
18515,0.10396415030647159,0.1504258657817952,-1.54e-06,2.4469845184420502,3.085375171979975,-69.48441125264931,1.0052136313683062,0.7998673203403346,0.12067054082980143,-26.179588089765957,-1.1573229341274334,51.569594653241346,0.6295741068180681,34.69397443373978,0.2719344611720337,-0.24719944881283146,0.00015748,0.24686497736103435,0.00081957,1,0.0
18516,0.909841111569075,1.4643939027642756,-1.54e-06,2.4469845184420502,3.085375171979975,55.20002359238517,1.0052136313683062,-1.7766146763577593,0.12067054082980143,-28.379636682951574,-1.1573229341274334,19.13540338310247,0.6295741068180681,27.331092135903525,0.2719344611720337,0.06717233392460364,0.00015748,1.2878808724386608,0.00081957,0,0.0
18517,0.49328503531480444,0.07642546972461148,-1.54e-06,2.4469845184420502,3.085375171979975,-6.123647171847025,1.0052136313683062,8.144890329900562,0.12067054082980143,-39.85650195105084,-1.1573229341274334,-27.549499099564883,0.6295741068180681,40.82857143549435,0.2719344611720337,-0.17253971508246452,0.00015748,0.17303251808068792,0.00081957,1,0.0
18518,0.07578158678686475,0.07506604138667008,-1.54e-06,2.4469845184420502,3.085375171979975,98.33894049354197,1.0052136313683062,14.896143116522497,0.12067054082980143,-84.06348771206135,-1.1573229341274334,45.551696475705654,0.6295741068180681,-4.553318145336816,0.2719344611720337,0.4319688911110353,0.00015748,0.5806300185846172,0.00081957,0,0.0
18519,0.3481316496420295,0.1467563261437852,-1.54e-06,2.4469845184420502,3.085375171979975,44.08520993556902,1.0052136313683062,9.976642288693656,0.12067054082980143,-28.48182107259284,-1.1573229341274334,-57.37803272212662,0.6295741068180681,13.246914793174518,0.2719344611720337,-0.26616479745712796,0.00015748,0.2683310874534892,0.00081957,1,0.0
18520,0.0006419372697186176,0.2398311337846495,-1.54e-06,2.4469845184420502,3.085375171979975,55.989254305150816,1.0052136313683062,5.224525568191579,0.12067054082980143,-31.365387295150637,-1.1573229341274334,42.726271412291176,0.6295741068180681,-16.144912049404628,0.2719344611720337,0.1801260218936758,0.00015748,0.6105230316047073,0.00081957,0,0.0
18521,0.7859545073268726,0.11911526908327906,-1.54e-06,2.4469845184420502,3.085375171979975,-52.38819339637964,1.0052136313683062,9.737264955946253,0.12067054082980143,-78.73026060564843,-1.1573229341274334,-1.3241793489254856,0.6295741068180681,88.90102238160536,0.2719344611720337,-0.18843088188929558,0.00015748,0.1887949289109131,0.00081957,1,0.0
18522,0.6781533308493839,0.08687338902789452,-1.54e-06,2.4469845184420502,3.085375171979975,-22.57993433517496,1.0052136313683062,6.64316955754937,0.12067054082980143,-30.525453578731074,-1.1573229341274334,-36.88040695946746,0.6295741068180681,49.309199382656466,0.2719344611720337,-0.13475080503117318,0.00015748,0.13519331332420434,0.00081957,1,0.0
18523,0.15461417967599628,0.007019415815518596,-1.54e-06,2.4469845184420502,3.085375171979975,-80.94919680438221,1.0052136313683062,2.3532827884588805,0.12067054082980143,-84.36830716612691,-1.1573229341274334,88.93215127602838,0.6295741068180681,77.84225214380342,0.2719344611720337,-0.03284290427237777,0.00015748,0.03299934396890806,0.00081957,1,0.0
18524,0.5032750686991717,0.052551757423301586,-1.54e-06,2.4469845184420502,3.085375171979975,-78.66755744845179,1.0052136313683062,-0.7450109115768098,0.12067054082980143,-30.257026536753134,-1.1573229341274334,26.825176774195736,0.6295741068180681,62.620749727952436,0.2719344611720337,-0.06718451165934944,0.00015748,0.06729026854902465,0.00081957,1,0.0
18525,0.4632288846995418,0.08509326575420256,-1.54e-06,2.4469845184420502,3.085375171979975,29.464199209853692,1.0052136313683062,7.250759897566937,0.12067054082980143,-2.24043233062475,-1.1573229341274334,-70.61879046334441,0.6295741068180681,7.971199649149437,0.2719344611720337,-0.17701334757982512,0.00015748,0.17712525213839148,0.00081957,1,0.0
18526,0.6411292902968393,0.052507074918245036,-1.54e-06,2.4469845184420502,3.085375171979975,-70.22598512408403,1.0052136313683062,4.03184521243505,0.12067054082980143,-54.90999959278155,-1.1573229341274334,17.112833787782268,0.6295741068180681,77.50295447606376,0.2719344611720337,-0.05448340491548445,0.00015748,0.054548897608517694,0.00081957,1,0.0
18527,0.7348244918480962,0.14630747455837598,-1.54e-06,2.4469845184420502,3.085375171979975,-27.758822338208955,1.0052136313683062,11.637089038817729,0.12067054082980143,-72.35529039004003,-1.1573229341274334,-19.89592088847238,0.6295741068180681,74.14317881819261,0.2719344611720337,-0.2363557402064027,0.00015748,0.23645712327416368,0.00081957,1,0.0
18528,0.00014000329576768777,0.16875183621338963,-1.54e-06,2.4469845184420502,3.085375171979975,98.34966344655463,1.0052136313683062,9.310587135711389,0.12067054082980143,-48.943663598971,-1.1573229341274334,51.12668750780739,0.6295741068180681,-27.24919490893061,0.2719344611720337,0.3188094319384151,0.00015748,0.8377348508072664,0.00081957,0,0.0
18529,0.0004051301401185592,0.37522481096268645,-1.54e-06,2.4469845184420502,3.085375171979975,58.86789955247672,1.0052136313683062,3.513722050136663,0.12067054082980143,-24.570328896011645,-1.1573229341274334,58.899409617030074,0.6295741068180681,-24.190184353644565,0.2719344611720337,0.15331903742228836,0.00015748,0.8668728880098746,0.00081957,0,0.0
18530,0.11881944461689742,0.10952142309171392,-1.54e-06,2.4469845184420502,3.085375171979975,-96.31287143906782,1.0052136313683062,-7.648570371927681,0.12067054082980143,-17.739151728115246,-1.1573229341274334,75.56490770396667,0.6295741068180681,48.81451182426056,0.2719344611720337,-0.21590537456325598,0.00015748,0.21544849973711455,0.00081957,1,0.0
18531,0.0034620420114362394,0.02311050121649376,-1.54e-06,2.4469845184420502,3.085375171979975,-18.968008033069825,1.0052136313683062,4.543163543542477,0.12067054082980143,-58.276685162084235,-1.1573229341274334,41.975621907400416,0.6295741068180681,36.87635204494387,0.2719344611720337,-0.09036243487592775,0.00015748,0.09110626298210926,0.00081957,1,0.0
18532,0.0005132178086802996,0.11803530574275202,-1.54e-06,2.4469845184420502,3.085375171979975,57.40368792595198,1.0052136313683062,8.67661840490694,0.12067054082980143,-33.906490969868806,-1.1573229341274334,-8.88589682447397,0.6295741068180681,-7.025541030118757,0.2719344611720337,0.009025221546933818,0.00015748,0.23405349071419473,0.00081957,0,0.0
18533,-0.0033523514746161,0.4627922928098148,-1.54e-06,2.4469845184420502,3.085375171979975,27.997013059558665,1.0052136313683062,10.790742899516419,0.12067054082980143,-7.894069348237025,-1.1573229341274334,-16.33208386703155,0.6295741068180681,-22.04771254684189,0.2719344611720337,-0.2678818462416327,0.00015748,0.42450606433443816,0.00081957,1,0.0
18534,0.37005969767458347,0.05826480626629553,-1.54e-06,2.4469845184420502,3.085375171979975,-31.6150075080072,1.0052136313683062,7.977924076779236,0.12067054082980143,-75.29529340279437,-1.1573229341274334,22.82969868308135,0.6295741068180681,64.2654729387538,0.2719344611720337,-0.16378471128691188,0.00015748,0.16399392646522928,0.00081957,1,0.0
18535,0.2787788062421388,0.0845715562917011,-1.54e-06,2.4469845184420502,3.085375171979975,-99.87786627403575,1.0052136313683062,-5.6898231926391345,0.12067054082980143,-31.435303403061514,-1.1573229341274334,69.17396402659655,0.6295741068180681,64.06940262216537,0.2719344611720337,-0.1628124302227416,0.00015748,0.16210183627288066,0.00081957,1,0.0
18536,0.4304701050170375,0.13648404359434507,-1.54e-06,2.4469845184420502,3.085375171979975,29.39404498627112,1.0052136313683062,10.324051726797654,0.12067054082980143,-35.28628511369449,-1.1573229341274334,-51.43640818479092,0.6295741068180681,24.335055354473045,0.2719344611720337,-0.25323968247078305,0.00015748,0.2543955686577702,0.00081957,1,0.0
18537,0.8864609472015799,0.318818827730014,-1.54e-06,2.4469845184420502,3.085375171979975,11.097774471633196,1.0052136313683062,16.335225328745896,0.12067054082980143,-69.43689215149905,-1.1573229341274334,-67.79207001555307,0.6295741068180681,64.95559739172909,0.2719344611720337,-0.3654360437034715,0.00015748,0.36902634335340145,0.00081957,1,0.0
18538,0.006205958188671638,0.008086879300293226,-1.54e-06,2.4469845184420502,3.085375171979975,-53.49205203345497,1.0052136313683062,-0.6327337740784515,0.12067054082980143,-42.705922102703205,-1.1573229341274334,62.51997576302162,0.6295741068180681,40.995495703604746,0.2719344611720337,-0.05447701707230671,0.00015748,0.05471069184790981,0.00081957,1,0.0
18539,0.8852041925768798,0.14817486892269824,-1.54e-06,2.4469845184420502,3.085375171979975,-58.382384847776535,1.0052136313683062,11.15392559192566,0.12067054082980143,-84.65923038556969,-1.1573229341274334,-4.768592410519621,0.6295741068180681,96.86572777417166,0.2719344611720337,-0.20820178781195384,0.00015748,0.20806104534232203,0.00081957,1,0.0
18540,5.9959399773323874e-05,0.13388005717084953,-1.54e-06,2.4469845184420502,3.085375171979975,96.55460762691546,1.0052136313683062,11.493726220553627,0.12067054082980143,-44.31542272859579,-1.1573229341274334,4.866890161594455,0.6295741068180681,-22.12481708793423,0.2719344611720337,0.3243883031216291,0.00015748,0.3523787604324186,0.00081957,0,0.0
18541,-0.00015364150818220068,0.2672039611331408,-1.54e-06,2.4469845184420502,3.085375171979975,52.63852563899677,1.0052136313683062,4.867093717286868,0.12067054082980143,-39.79813449593377,-1.1573229341274334,59.16932317171753,0.6295741068180681,-11.403598852449013,0.2719344611720337,0.18354165429095076,0.00015748,0.7038365467287431,0.00081957,0,0.0
18542,0.2935242025019138,0.056855420028210465,-1.54e-06,2.4469845184420502,3.085375171979975,-74.12673951580906,1.0052136313683062,-3.682537157153506,0.12067054082980143,-14.518482883706554,-1.1573229341274334,37.27198953652708,0.6295741068180681,44.85171822583915,0.2719344611720337,-0.12978134159545288,0.00015748,0.13029799500326147,0.00081957,1,0.0
18543,0.0002714457350009025,0.5305628294200988,-1.54e-06,2.4469845184420502,3.085375171979975,75.22292951131169,1.0052136313683062,2.0162203222088495,0.12067054082980143,-12.917231390708526,-1.1573229341274334,65.69050994741444,0.6295741068180681,-39.22053057129251,0.2719344611720337,0.15128805225840553,0.00015748,1.131924311855913,0.00081957,0,0.0
18544,0.568085532799952,0.06179385437844605,-1.54e-06,2.4469845184420502,3.085375171979975,-25.606374322893014,1.0052136313683062,6.181870939741458,0.12067054082980143,-37.874118568910525,-1.1573229341274334,-19.66704156699024,0.6295741068180681,50.11283856706165,0.2719344611720337,-0.1237933508970747,0.00015748,0.12440978004896334,0.00081957,1,0.0
18545,0.06651467927367721,0.14853971529863177,-1.54e-06,2.4469845184420502,3.085375171979975,49.49623862870737,1.0052136313683062,5.576450931970681,0.12067054082980143,-32.08076853216236,-1.1573229341274334,-2.2383098149922356,0.6295741068180681,0.7898534501146118,0.2719344611720337,0.012767614926583404,0.00015748,0.2738246877816493,0.00081957,0,0.0
18546,0.023047740084719937,0.02833342465977614,-1.54e-06,2.4469845184420502,3.085375171979975,-70.42572437358717,1.0052136313683062,-2.7901247890926704,0.12067054082980143,-37.03036477785147,-1.1573229341274334,71.86856128685424,0.6295741068180681,44.54744965798317,0.2719344611720337,-0.11496187246764779,0.00015748,0.11506999013785969,0.00081957,1,0.0
18547,0.07431007364293996,0.043660047292817715,-1.54e-06,2.4469845184420502,3.085375171979975,35.93883217651643,1.0052136313683062,5.806500604117409,0.12067054082980143,-10.636754911359615,-1.1573229341274334,-32.44892505741166,0.6295741068180681,-4.950651210894284,0.2719344611720337,-0.14477029260835425,0.00015748,0.14546165387542173,0.00081957,1,0.0
18548,0.24299674958943035,0.026234032542040164,-1.54e-06,2.4469845184420502,3.085375171979975,-34.105012942999274,1.0052136313683062,6.046697483473988,0.12067054082980143,-66.02463480889217,-1.1573229341274334,32.96812712484871,0.6295741068180681,54.874222627904665,0.2719344611720337,-0.11210270351129722,0.00015748,0.11219157954999767,0.00081957,1,0.0
18549,0.45907661758639984,0.24342770083932544,-1.54e-06,2.4469845184420502,3.085375171979975,85.71159337719882,1.0052136313683062,17.535661782391994,0.12067054082980143,-70.52609472796452,-1.1573229341274334,-29.00082423213716,0.6295741068180681,13.778975394836756,0.2719344611720337,0.12878895634858628,0.00015748,0.4654445971738134,0.00081957,0,0.0
18550,0.06656556796691893,0.06867043430493464,-1.54e-06,2.4469845184420502,3.085375171979975,4.210536806354203,1.0052136313683062,7.86014645825382,0.12067054082980143,-61.21243374044723,-1.1573229341274334,17.86342233244316,0.6295741068180681,32.43718211613649,0.2719344611720337,-0.17665091831609192,0.00015748,0.17774076890984403,0.00081957,1,0.0
18551,0.11892474662870167,0.012204378419183624,-1.54e-06,2.4469845184420502,3.085375171979975,-30.687458187047174,1.0052136313683062,4.291858652301984,0.12067054082980143,-55.908482665710046,-1.1573229341274334,38.17469965235034,0.6295741068180681,43.69738656496863,0.2719344611720337,-0.07513593215034918,0.00015748,0.07534946571386307,0.00081957,1,0.0
18552,0.22342965602469722,0.0872898832110382,-1.54e-06,2.4469845184420502,3.085375171979975,14.032168300559725,1.0052136313683062,9.018751449729216,0.12067054082980143,-50.595940097434536,-1.1573229341274334,-11.103475692626587,0.6295741068180681,29.34731635285768,0.2719344611720337,-0.20736844632707083,0.00015748,0.20875051363523897,0.00081957,1,0.0
18553,0.017863562623116058,0.10323308759272415,-1.54e-06,2.4469845184420502,3.085375171979975,62.76932191686962,1.0052136313683062,13.422782993329694,0.12067054082980143,-98.83706022539234,-1.1573229341274334,70.44679895303847,0.6295741068180681,16.058699011619748,0.2719344611720337,0.3684238230486206,0.00015748,0.4663951766661562,0.00081957,0,0.0
18554,0.9036571471044997,0.13271036056888988,-1.54e-06,2.4469845184420502,3.085375171979975,-88.54791014450764,1.0052136313683062,1.2007652743282802,0.12067054082980143,-32.101090794097516,-1.1573229341274334,-4.382691603850983,0.6295741068180681,83.09917663089124,0.2719344611720337,-0.013981477591399817,0.00015748,0.014248288396336913,0.00081957,1,0.0
18555,0.0009120237411173182,0.22658905528300907,-1.54e-06,2.4469845184420502,3.085375171979975,24.003590691310045,1.0052136313683062,6.294419349102062,0.12067054082980143,-72.3376328061327,-1.1573229341274334,90.32588616618264,0.6295741068180681,15.920591286735453,0.2719344611720337,0.1863751389673836,0.00015748,0.6324038139785186,0.00081957,0,0.0
18556,0.3587548407099016,0.02113734520608905,-1.54e-06,2.4469845184420502,3.085375171979975,-63.46714343196975,1.0052136313683062,5.337870563055924,0.12067054082980143,-80.22800593656314,-1.1573229341274334,51.938198877136934,0.6295741068180681,77.30624312605623,0.2719344611720337,-0.08431312883545267,0.00015748,0.08441582690813026,0.00081957,1,0.0
18557,0.41982920012083247,0.2508110036631285,-1.54e-06,2.4469845184420502,3.085375171979975,90.19233275805885,1.0052136313683062,15.152013948188873,0.12067054082980143,-40.58203437945018,-1.1573229341274334,-60.113841293504954,0.6295741068180681,-1.3704262890173742,0.2719344611720337,-0.010673981688558959,0.00015748,0.4129189450143581,0.00081957,1,0.0
18558,0.4446705791605302,0.18277928580066222,-1.54e-06,2.4469845184420502,3.085375171979975,93.39857714050763,1.0052136313683062,15.426212419475691,0.12067054082980143,-85.65316554778767,-1.1573229341274334,16.952880491370006,0.6295741068180681,15.40894717427795,0.2719344611720337,0.40891439079289643,0.00015748,0.6155649738015709,0.00081957,0,0.0
18559,0.10462429101957105,0.11762045509845215,-1.54e-06,2.4469845184420502,3.085375171979975,18.768319757414034,1.0052136313683062,9.796417138402914,0.12067054082980143,-69.75168521912626,-1.1573229341274334,18.90491144839491,0.6295741068180681,31.219106942182812,0.2719344611720337,-0.10182996105603256,0.00015748,0.23827528310460408,0.00081957,1,0.0
18560,0.12347757080568655,0.5347009457606591,-1.54e-06,2.4469845184420502,3.085375171979975,100.0,1.0052136313683062,23.401069925998495,0.12067054082980143,-68.60935055022703,-1.1573229341274334,-55.25344776983346,0.6295741068180681,-7.110605815531259,0.2719344611720337,-0.35458870905894363,0.00015748,0.5213501656090509,0.00081957,1,0.0
18561,0.8558039261067294,0.11127350979773336,-1.54e-06,2.4469845184420502,3.085375171979975,-66.24262346687345,1.0052136313683062,3.029132624362024,0.12067054082980143,-29.07838731750451,-1.1573229341274334,-19.487865393685922,0.6295741068180681,71.41338958179931,0.2719344611720337,-0.03697460304178988,0.00015748,0.03706954116617837,0.00081957,1,0.0
18562,0.2964448091946772,0.1666124874605403,-1.54e-06,2.4469845184420502,3.085375171979975,60.40240506608711,1.0052136313683062,16.326127006256456,0.12067054082980143,-98.71325826863078,-1.1573229341274334,29.475308003123597,0.6295741068180681,29.595700611324652,0.2719344611720337,0.25849306914778014,0.00015748,0.4246850179907228,0.00081957,0,0.0
18563,0.6595161628014048,0.07360149738896216,-1.54e-06,2.4469845184420502,3.085375171979975,-53.92199337841361,1.0052136313683062,0.9511655412350125,0.12067054082980143,-12.473869981398463,-1.1573229341274334,-17.251907570344727,0.6295741068180681,50.89075546459609,0.2719344611720337,-0.01014095648777904,0.00015748,0.010385287037056943,0.00081957,1,0.0
18564,0.5478662158849095,0.10977853082898612,-1.54e-06,2.4469845184420502,3.085375171979975,24.573781238038656,1.0052136313683062,8.526058798597152,0.12067054082980143,-11.225878921756925,-1.1573229341274334,-71.27931244475445,0.6295741068180681,17.378465565108797,0.2719344611720337,-0.20053886077378605,0.00015748,0.20075159011634272,0.00081957,1,0.0
18565,0.1172173851593858,0.013180674765894736,-1.54e-06,2.4469845184420502,3.085375171979975,-55.58610598054241,1.0052136313683062,-1.42538467391772,0.12067054082980143,-29.683061203367757,-1.1573229341274334,46.938952528940796,0.6295741068180681,39.28832428779714,0.2719344611720337,-0.07112155022696318,0.00015748,0.0711774996229472,0.00081957,1,0.0
18566,-0.00014750610414870913,0.2359396099251327,-1.54e-06,2.4469845184420502,3.085375171979975,99.10499565830236,1.0052136313683062,7.8955607365505935,0.12067054082980143,-45.18831544527251,-1.1573229341274334,64.80855678063509,0.6295741068180681,-31.74147527939241,0.2719344611720337,0.2983536226038537,0.00015748,1.0253388624615134,0.00081957,0,0.0
18567,0.3999284301221574,0.09368859957995183,-1.54e-06,2.4469845184420502,3.085375171979975,5.344769156945968,1.0052136313683062,9.58032636517449,0.12067054082980143,-48.23899382915791,-1.1573229341274334,-23.670501850635112,0.6295741068180681,37.43022187705004,0.2719344611720337,-0.2101175770672072,0.00015748,0.21028088876379455,0.00081957,1,0.0
18568,0.6821239178717704,0.2193323096418941,-1.54e-06,2.4469845184420502,3.085375171979975,-0.090973523157647,1.0052136313683062,12.884090597934138,0.12067054082980143,-73.81686693517544,-1.1573229341274334,-34.18596114693685,0.6295741068180681,65.404074041098,0.2719344611720337,-0.3110965119509141,0.00015748,0.3130469526410133,0.00081957,1,0.0
18569,0.12966025330149245,0.20274987634840153,-1.54e-06,2.4469845184420502,3.085375171979975,99.56066694711629,1.0052136313683062,13.452861796258556,0.12067054082980143,-24.326473303767024,-1.1573229341274334,-58.52442006543614,0.6295741068180681,-23.60236201390154,0.2719344611720337,-0.07583043207798085,0.00015748,0.35429003308857926,0.00081957,1,0.0
18570,0.6860603138011773,0.06608442268151023,-1.54e-06,2.4469845184420502,3.085375171979975,-66.56819273241081,1.0052136313683062,6.506060808933786,0.12067054082980143,-68.35911169849912,-1.1573229341274334,15.380129229486428,0.6295741068180681,84.43255480141582,0.2719344611720337,-0.10648698706737354,0.00015748,0.10685940443117277,0.00081957,1,0.0
18571,0.00020600753397781446,0.17338108446903036,-1.54e-06,2.4469845184420502,3.085375171979975,69.95374385915387,1.0052136313683062,9.374952846348949,0.12067054082980143,-65.09630345613233,-1.1573229341274334,67.86189547174158,0.6295741068180681,-7.498882678215248,0.2719344611720337,0.287292983727661,0.00015748,0.7293534441963967,0.00081957,0,0.0
18572,0.4878930862062254,0.19328255304953748,-1.54e-06,2.4469845184420502,3.085375171979975,23.526002234253784,1.0052136313683062,12.56664173762172,0.12067054082980143,-21.74729490490306,-1.1573229341274334,-64.74891324680871,0.6295741068180681,14.870930514538104,0.2719344611720337,-0.2625587871749586,0.00015748,0.26358243965740824,0.00081957,1,0.0
18573,0.6221250216716788,0.05915924841995453,-1.54e-06,2.4469845184420502,3.085375171979975,-91.94447117068954,1.0052136313683062,0.8468337380770592,0.12067054082980143,-50.52294914638235,-1.1573229341274334,35.20285603713569,0.6295741068180681,82.7224215083411,0.2719344611720337,-0.03369434484865653,0.00015748,0.03349487638778901,0.00081957,1,0.0
18574,0.1135638269878253,0.08517826178395559,-1.54e-06,2.4469845184420502,3.085375171979975,45.031131519483374,1.0052136313683062,7.996586602201303,0.12067054082980143,-20.670465861954103,-1.1573229341274334,-38.96671697874608,0.6295741068180681,-1.1886687234198523,0.2719344611720337,-0.20401717706734204,0.00015748,0.2049165942463004,0.00081957,1,0.0
18575,0.2725027909835147,0.010420751651424406,-1.54e-06,2.4469845184420502,3.085375171979975,-43.48591430737762,1.0052136313683062,2.096902591015628,0.12067054082980143,-34.830128968808864,-1.1573229341274334,22.85925106134474,0.6295741068180681,42.80473439524961,0.2719344611720337,-0.03917723340111226,0.00015748,0.03885515297019759,0.00081957,1,0.0
18576,0.0010356063762870793,0.1930974230868991,-1.54e-06,2.4469845184420502,3.085375171979975,31.83749980550156,1.0052136313683062,5.86479719712018,0.12067054082980143,-62.241407683850504,-1.1573229341274334,69.66992465202748,0.6295741068180681,10.979805769392948,0.2719344611720337,0.19208322946352105,0.00015748,0.5125347865841341,0.00081957,0,0.0
18577,0.0024145065601990368,0.06343489125691062,-1.54e-06,2.4469845184420502,3.085375171979975,3.136207900677206,1.0052136313683062,7.252190400341346,0.12067054082980143,-61.68109574849306,-1.1573229341274334,25.805322843785895,0.6295741068180681,30.6000638038672,0.2719344611720337,-0.15967905623348952,0.00015748,0.1637394132173334,0.00081957,1,0.0
18578,0.008180507592150221,0.03495079001715531,-1.54e-06,2.4469845184420502,3.085375171979975,38.80881322535981,1.0052136313683062,4.932747643197774,0.12067054082980143,-5.051463646595777,-1.1573229341274334,-30.637534723294603,0.6295741068180681,-11.317686685975039,0.2719344611720337,-0.12771849584449116,0.00015748,0.12779906655982878,0.00081957,1,0.0
18579,0.0025524143720199177,0.12525731807674023,-1.54e-06,2.4469845184420502,3.085375171979975,28.282154232547057,1.0052136313683062,10.063853309800635,0.12067054082980143,-77.10659765061553,-1.1573229341274334,42.88391302714473,0.6295741068180681,24.1326805052276,0.2719344611720337,0.08240501057112366,0.00015748,0.25051398844807177,0.00081957,0,0.0
18580,1.3064100186232117,0.9336049348928459,-1.54e-06,2.4469845184420502,3.085375171979975,74.20961728058246,1.0052136313683062,10.891910939050515,0.12067054082980143,-36.951752334819574,-1.1573229341274334,-89.14042653325643,0.6295741068180681,42.065230645771024,0.2719344611720337,0.06409293172137098,0.00015748,0.7533591613473423,0.00081957,0,0.0
18581,0.42936537448351486,0.1373990450235905,-1.54e-06,2.4469845184420502,3.085375171979975,-6.478203845485995,1.0052136313683062,11.97273921888936,0.12067054082980143,-79.88024538652274,-1.1573229341274334,-2.2258656398054155,0.6295741068180681,59.27815624930397,0.2719344611720337,-0.25942661966087677,0.00015748,0.2600766270285464,0.00081957,1,0.0
18582,0.5687807169071869,0.33329021282438054,-1.54e-06,2.4469845184420502,3.085375171979975,54.65834290810347,1.0052136313683062,9.216093229695808,0.12067054082980143,-51.91581785278054,-1.1573229341274334,-16.109109119759346,0.6295741068180681,25.785303619511488,0.2719344611720337,0.1280278988136089,0.00015748,0.48051385744612984,0.00081957,0,0.0
18583,1.0331341150582318e-05,0.1777130392517769,-1.54e-06,2.4469845184420502,3.085375171979975,64.44530846124331,1.0052136313683062,6.7525362921816745,0.12067054082980143,-32.4632965395892,-1.1573229341274334,25.874774649577212,0.6295741068180681,-16.72700758058321,0.2719344611720337,0.21641673701437864,0.00015748,0.4612733654771822,0.00081957,0,0.0
18584,0.017830858196957858,0.0013204530568823938,-1.54e-06,2.4469845184420502,3.085375171979975,-15.82956829229576,1.0052136313683062,0.8163449436707328,0.12067054082980143,-21.45461311624,-1.1573229341274334,21.170721025472044,0.6295741068180681,17.444333856612584,0.2719344611720337,-0.009745975259900874,0.00015748,0.010831065316228272,0.00081957,1,0.0
18585,0.001220367603692124,0.010499224261668435,-1.54e-06,2.4469845184420502,3.085375171979975,5.733330733548383,1.0052136313683062,2.750919579092561,0.12067054082980143,-20.036654913477935,-1.1573229341274334,4.55612531397917,0.6295741068180681,8.479292197045766,0.2719344611720337,-0.06712517046807444,0.00015748,0.06749126268747609,0.00081957,1,0.0
18586,0.9393583959899763,0.1431399499379714,-1.54e-06,2.4469845184420502,3.085375171979975,-74.58905265847639,1.0052136313683062,1.9686280942067664,0.12067054082980143,-22.02514313824863,-1.1573229341274334,-24.302594139229882,0.6295741068180681,74.05594407061339,0.2719344611720337,-0.011759271315645413,0.00015748,0.011904703572587437,0.00081957,1,0.0
18587,0.0006406380122810917,0.04502140241872247,-1.54e-06,2.4469845184420502,3.085375171979975,18.74841721928658,1.0052136313683062,5.41440239893498,0.12067054082980143,-32.43312606936377,-1.1573229341274334,2.036274735520142,0.6295741068180681,9.690292545196952,0.2719344611720337,-0.10763017731643412,0.00015748,0.13437727983850792,0.00081957,1,0.0
18588,0.2232648187292332,0.025274403458374367,-1.54e-06,2.4469845184420502,3.085375171979975,-44.26224624766064,1.0052136313683062,6.060813428492971,0.12067054082980143,-77.67863556413847,-1.1573229341274334,48.722914467327115,0.6295741068180681,63.855082657150284,0.2719344611720337,-0.10830966670322655,0.00015748,0.10820840873640918,0.00081957,1,0.0
18589,1.0350183455747557,0.21817961322564391,-1.54e-06,2.4469845184420502,3.085375171979975,-25.030947357933442,1.0052136313683062,11.010072879955564,0.12067054082980143,-44.057596626334515,-1.1573229341274334,-65.48529949205,0.6295741068180681,70.32703033592762,0.2719344611720337,-0.22791773710858973,0.00015748,0.22787375397107143,0.00081957,1,0.0
18590,0.0013184732883257388,0.01592377129519044,-1.54e-06,2.4469845184420502,3.085375171979975,-0.5011313368373417,1.0052136313683062,3.6602962622400677,0.12067054082980143,-32.95072211563756,-1.1573229341274334,15.40944503916968,0.6295741068180681,17.137166159814203,0.2719344611720337,-0.08060829226191434,0.00015748,0.0812274851432188,0.00081957,1,0.0
18591,0.17759503685298922,0.05794557625845864,-1.54e-06,2.4469845184420502,3.085375171979975,-76.21889493866647,1.0052136313683062,-4.6873332707480815,0.12067054082980143,-16.86949169467633,-1.1573229341274334,52.05370190952051,0.6295741068180681,42.59756763370578,0.2719344611720337,-0.15027529565912498,0.00015748,0.15063741947978096,0.00081957,1,0.0
18592,0.5421986545197952,0.24108822411597405,-1.54e-06,2.4469845184420502,3.085375171979975,93.92322041257756,1.0052136313683062,19.71604017510841,0.12067054082980143,-83.1866137275348,-1.1573229341274334,-22.01244909786254,0.6295741068180681,17.471008753991622,0.2719344611720337,0.2493863000099147,0.00015748,0.5220882898920277,0.00081957,0,0.0
18593,0.46235248371702087,0.21603572099394014,-1.54e-06,2.4469845184420502,3.085375171979975,76.59336015223967,1.0052136313683062,15.841524007957227,0.12067054082980143,-74.85844860153728,-1.1573229341274334,-8.618180828426407,0.6295741068180681,18.84998506655444,0.2719344611720337,0.255109993718454,0.00015748,0.44799021072564493,0.00081957,0,0.0
18594,0.09214742085683314,0.1337465305129031,-1.54e-06,2.4469845184420502,3.085375171979975,99.5323464686439,1.0052136313683062,13.979669241500453,0.12067054082980143,-58.83194219484003,-1.1573229341274334,6.274885165491007,0.6295741068180681,-13.69574830883206,0.2719344611720337,0.3530918116744041,0.00015748,0.3969997663569705,0.00081957,0,0.0
18595,0.00036175616784456244,0.26304975527313285,-1.54e-06,2.4469845184420502,3.085375171979975,-26.721719452251378,1.0052136313683062,-1.6459657908953509,0.12067054082980143,-40.748906171537236,-1.1573229341274334,83.69451576622951,0.6295741068180681,25.453222287254402,0.2719344611720337,-0.012383481969717086,0.00015748,0.4544581050139026,0.00081957,1,0.0
18596,0.9136618370937449,0.3701783597400614,-1.54e-06,2.4469845184420502,3.085375171979975,18.38384634346757,1.0052136313683062,17.56919738919755,0.12067054082980143,-72.03777267078036,-1.1573229341274334,-75.52605214682663,0.6295741068180681,64.874898497592,0.2719344611720337,-0.4014434902207967,0.00015748,0.40212978630248203,0.00081957,1,0.0
18597,0.01851512270259352,0.0011953655460624625,-1.54e-06,2.4469845184420502,3.085375171979975,-19.66911839855397,1.0052136313683062,1.1666900322430303,0.12067054082980143,-26.00760384467757,-1.1573229341274334,25.86380228322808,0.6295741068180681,20.796230154936843,0.2719344611720337,-0.017784879871247328,0.00015748,0.01771127318360148,0.00081957,1,0.0
18598,0.00024524650806856396,0.11774325713440145,-1.54e-06,2.4469845184420502,3.085375171979975,24.176693983004533,1.0052136313683062,2.166365420999942,0.12067054082980143,-11.308514233720858,-1.1573229341274334,12.211961100293738,0.6295741068180681,-6.967323746304076,0.2719344611720337,0.07650616986083589,0.00015748,0.20698398426343137,0.00081957,0,0.0
18599,0.6169403827155696,0.1407345916076246,-1.54e-06,2.4469845184420502,3.085375171979975,-12.722112106942586,1.0052136313683062,11.358119956553326,0.12067054082980143,-68.14260487668116,-1.1573229341274334,-21.35953531233791,0.6295741068180681,62.8659756683958,0.2719344611720337,-0.24572683966359554,0.00015748,0.24672590471442446,0.00081957,1,0.0
18600,0.020620425961503264,0.00398627516438333,-1.54e-06,0.8719611650083201,3.0023031448610418,-6.759470489991492,1.0052136313683062,1.5237152211334943,0.12067054082980143,-21.205421958423308,-1.1573229341274334,23.20232482197351,0.6295741068180681,11.025522431662925,0.2719344611720337,-0.02461678272279936,0.00015748,0.02516484804000004,0.00081957,1,0.0
18601,0.24497514137096132,0.0618608702400446,-1.54e-06,0.8719611650083201,3.0023031448610418,33.397873211074675,1.0052136313683062,33.21285078745853,0.12067054082980143,-31.376071278892272,-1.1573229341274334,-28.782891500841263,0.6295741068180681,-10.600349786668419,0.2719344611720337,0.2729257118766597,0.00015748,3.006895668344009,0.00081957,0,0.0
18602,0.0005643912571955401,0.034159998321924116,-1.54e-06,0.8719611650083201,3.0023031448610418,45.91507385163815,1.0052136313683062,53.40446884710083,0.12067054082980143,-97.63207279968424,-1.1573229341274334,28.075216534341386,0.6295741068180681,-5.889141885646033,0.2719344611720337,0.45203192332235353,0.00015748,4.7210241742097185,0.00081957,0,0.0
18603,0.6213595760844806,0.15061145336538362,-1.54e-06,0.8719611650083201,3.0023031448610418,21.269391137231008,1.0052136313683062,40.90264774533918,0.12067054082980143,-57.355371294301015,-1.1573229341274334,-23.75984311806288,0.6295741068180681,11.87044503619243,0.2719344611720337,0.2714904310487696,0.00015748,3.1765807576302767,0.00081957,0,0.0
18604,1.6114941276930577,0.594587126021906,-1.54e-06,0.8719611650083201,3.0023031448610418,-48.42174025211979,1.0052136313683062,15.719857589908859,0.12067054082980143,-59.146155598787914,-1.1573229341274334,-28.579426935102862,0.6295741068180681,83.04745027974947,0.2719344611720337,-0.3062882714271903,0.00015748,0.30560640155736396,0.00081957,1,0.0
18605,0.00048157283795990935,0.1973303222960304,-1.54e-06,0.8719611650083201,3.0023031448610418,44.322001118162014,1.0052136313683062,43.63674455041078,0.12067054082980143,-85.57335149169687,-1.1573229341274334,68.83033651639938,0.6295741068180681,-14.129982948678876,0.2719344611720337,1.0996961832008134,0.00015748,3.987202351958202,0.00081957,0,0.0
18606,0.00019954393356425015,0.027236492178293728,-1.54e-06,0.8719611650083201,3.0023031448610418,9.82578515739474,1.0052136313683062,26.457027906574357,0.12067054082980143,-84.35580619909462,-1.1573229341274334,76.69758437028453,0.6295741068180681,13.190974012314175,0.2719344611720337,0.5088489205853941,0.00015748,1.9906292205789002,0.00081957,0,0.0
18607,0.38549220644759363,0.08738356093978918,-1.54e-06,0.8719611650083201,3.0023031448610418,20.152371562019535,1.0052136313683062,27.874632965255557,0.12067054082980143,-32.776488945678096,-1.1573229341274334,-18.79485463747272,0.6295741068180681,1.1057320874540488,0.2719344611720337,0.2804579565786516,0.00015748,2.321361562121775,0.00081957,0,0.0
18608,0.8602297919085442,0.23211513095187852,-1.54e-06,0.8719611650083201,3.0023031448610418,12.221859926875242,1.0052136313683062,43.407398091156544,0.12067054082980143,-68.63007649042699,-1.1573229341274334,-21.3812463088815,0.6295741068180681,25.418172639328514,0.2719344611720337,0.27210321064130394,0.00015748,3.0927796227906406,0.00081957,0,0.0
18609,0.0010400693587604426,0.04967636022537986,-1.54e-06,0.8719611650083201,3.0023031448610418,54.16686964004481,1.0052136313683062,35.75961227714534,0.12067054082980143,-20.112430417937322,-1.1573229341274334,-37.36289438433781,0.6295741068180681,-32.7210607710107,0.2719344611720337,0.3856000987635506,0.00015748,3.8416646223602733,0.00081957,0,0.0
18610,0.48836739774665194,0.08219223073327625,-1.54e-06,0.8719611650083201,3.0023031448610418,-13.030257218519314,1.0052136313683062,27.214391148869613,0.12067054082980143,-99.73842142443264,-1.1573229341274334,69.88394509109986,0.6295741068180681,43.5938451679061,0.2719344611720337,0.2988188422488455,0.00015748,1.532978589225507,0.00081957,0,0.0
18611,1.190032885818269,0.38064849906041903,-1.54e-06,0.8719611650083201,3.0023031448610418,3.2715040923972096,1.0052136313683062,48.093278905668356,0.12067054082980143,-82.09064627526261,-1.1573229341274334,-24.4132757160166,0.6295741068180681,41.356297955978,0.2719344611720337,0.27126193690712275,0.00015748,3.1858021766700704,0.00081957,0,0.0
18612,0.24572365090936893,0.01571648726689939,-1.54e-06,0.8719611650083201,3.0023031448610418,-10.214558955719589,1.0052136313683062,2.937819776213179,0.12067054082980143,-18.28318468427984,-1.1573229341274334,7.161933082978289,0.6295741068180681,17.08382724541669,0.2719344611720337,-0.04834836413589605,0.00015748,0.04819043622741351,0.00081957,1,0.0
18613,1.1405101019004107,4.323137195642087,-1.54e-06,0.8719611650083201,3.0023031448610418,-57.768310980514684,1.0052136313683062,-26.96744449007575,0.12067054082980143,-17.802103062763365,-1.1573229341274334,28.39643525223856,0.6295741068180681,69.50630296222182,0.2719344611720337,-1.8492962284896763,0.00015748,0.22096395318311313,0.00081957,1,0.0
18614,0.4757607036373048,0.08319607539547051,-1.54e-06,0.8719611650083201,3.0023031448610418,1.1404262433770829,1.0052136313683062,31.87982721064262,0.12067054082980143,-82.60310293602971,-1.1573229341274334,35.73834359632387,0.6295741068180681,29.354095647436466,0.2719344611720337,0.28394081955416306,0.00015748,2.1266617758051485,0.00081957,0,0.0
18615,0.3876487796365321,0.08146983834086392,-1.54e-06,0.8719611650083201,3.0023031448610418,-30.18152397912331,1.0052136313683062,7.637401095688041,0.12067054082980143,-75.96077344612783,-1.1573229341274334,64.43244976187978,0.6295741068180681,50.089180707255636,0.2719344611720337,-0.10733557409597398,0.00015748,0.11231453440444737,0.00081957,1,0.0
18616,1.7682803665964157,0.7494777548691348,-1.54e-06,0.8719611650083201,3.0023031448610418,-6.396800785079389,1.0052136313683062,56.471560205274336,0.12067054082980143,-96.15495174732835,-1.1573229341274334,-45.032714546920865,0.6295741068180681,63.10874299093051,0.2719344611720337,0.26891990932793974,0.00015748,3.5884448071491724,0.00081957,0,0.0
18617,0.0008707595883217234,0.276610644776746,-1.54e-06,0.8719611650083201,3.0023031448610418,79.80336670950992,1.0052136313683062,56.19377201932632,0.12067054082980143,-58.95805075868765,-1.1573229341274334,3.3935565965261048,0.6295741068180681,-44.55177078994662,0.2719344611720337,1.1151131933960161,0.00015748,5.90723514216533,0.00081957,0,0.0
18618,-9.119268347634879e-05,0.0706867556068594,-1.54e-06,0.8719611650083201,3.0023031448610418,6.721091920958448,1.0052136313683062,2.4130438669586995,0.12067054082980143,-17.39472740582425,-1.1573229341274334,50.18725572692962,0.6295741068180681,-4.923587846975001,0.2719344611720337,0.39512944621993307,0.00015748,0.6909077425465362,0.00081957,0,0.0
18619,0.2027972187687821,0.06808271609974623,-1.54e-06,0.8719611650083201,3.0023031448610418,48.06017082266083,1.0052136313683062,37.83926120725368,0.12067054082980143,-17.526646863327386,-1.1573229341274334,-56.29098757275461,0.6295741068180681,-24.977494876101634,0.2719344611720337,0.26841844500214607,0.00015748,3.6722513395524725,0.00081957,0,0.0
18620,0.000859546232970132,0.010279976865576275,-1.54e-06,0.8719611650083201,3.0023031448610418,-2.800366371452101,1.0052136313683062,14.672412386169611,0.12067054082980143,-66.58684895569894,-1.1573229341274334,73.2172273211064,0.6295741068180681,17.590706158601783,0.2719344611720337,0.34652266403902576,0.00015748,0.8971358518525863,0.00081957,0,0.0
18621,-0.0020324925976742403,0.6171351795334374,-1.54e-06,0.8719611650083201,3.0023031448610418,74.96837029247864,1.0052136313683062,40.32010778913137,0.12067054082980143,-35.34047087900035,-1.1573229341274334,41.571081328763775,0.6295741068180681,-53.727381554973796,0.2719344611720337,1.7281087497655507,0.00015748,4.774664456594063,0.00081957,0,0.0
18622,0.6190524569928939,0.13547970799259362,-1.54e-06,0.8719611650083201,3.0023031448610418,-6.1428454734132245,1.0052136313683062,23.667089885633782,0.12067054082980143,-63.677343992460294,-1.1573229341274334,25.044563194604333,0.6295741068180681,31.524759130360557,0.2719344611720337,0.3012274306150474,0.00015748,1.4645786315242937,0.00081957,0,0.0
18623,1.674757634631059,0.7097830559995358,-1.54e-06,0.8719611650083201,3.0023031448610418,11.37275196416988,1.0052136313683062,63.75271019956718,0.12067054082980143,-87.68385168743363,-1.1573229341274334,-71.0940825656495,0.6295741068180681,47.453607496294104,0.2719344611720337,0.26521503641697697,0.00015748,4.491981857550323,0.00081957,0,0.0
18624,0.6261902075042588,0.1261367196240617,-1.54e-06,0.8719611650083201,3.0023031448610418,7.251101162511007,1.0052136313683062,41.710191136412405,0.12067054082980143,-91.34775481634405,-1.1573229341274334,19.559144436625708,0.6295741068180681,30.768684550149146,0.2719344611720337,0.27415021207992374,0.00015748,2.9018732075539804,0.00081957,0,0.0
18625,1.4068542004187847,0.46474625606001024,-1.54e-06,0.8719611650083201,3.0023031448610418,-51.04315095943219,1.0052136313683062,13.879001571422933,0.12067054082980143,-78.80148762471664,-1.1573229341274334,12.240346761650578,0.6295741068180681,85.81352388139005,0.2719344611720337,-0.2152134765854351,0.00015748,0.21447669330185282,0.00081957,1,0.0
18626,1.565868351398029,0.6281608051789601,-1.54e-06,0.8719611650083201,3.0023031448610418,-13.132766550139003,1.0052136313683062,51.771526856202414,0.12067054082980143,-99.2071230734383,-1.1573229341274334,-14.715220339604917,0.6295741068180681,62.73133631012711,0.2719344611720337,0.27494216549209893,0.00015748,2.8770440822923837,0.00081957,0,0.0
18627,0.0005676485679364518,0.45015412164919266,-1.54e-06,0.8719611650083201,3.0023031448610418,42.74737461535507,1.0052136313683062,15.483930603879921,0.12067054082980143,-12.119659842547806,-1.1573229341274334,58.51372329688246,0.6295741068180681,-37.65967335204263,0.2719344611720337,1.4722916015733511,0.00015748,2.31673670493981,0.00081957,0,0.0
18628,-0.001994565583161023,0.45780944918691235,-1.54e-06,0.8719611650083201,3.0023031448610418,74.29693252343495,1.0052136313683062,38.273057459994305,0.12067054082980143,-18.84636532593934,-1.1573229341274334,9.996874166886585,0.6295741068180681,-55.57124970769137,0.2719344611720337,1.4347348984800852,0.00015748,4.569210781343262,0.00081957,0,0.0
18629,0.1387940396840462,0.03523085465197616,-1.54e-06,0.8719611650083201,3.0023031448610418,9.064754232480626,1.0052136313683062,13.277374986059225,0.12067054082980143,-27.826963550165374,-1.1573229341274334,17.120050193730318,0.6295741068180681,2.1058454179391894,0.2719344611720337,0.3192957166015763,0.00015748,1.153348943681721,0.00081957,0,0.0
18630,0.0003388868360874042,0.03222527385022346,-1.54e-06,0.8719611650083201,3.0023031448610418,43.7061808821897,1.0052136313683062,47.22350172769508,0.12067054082980143,-79.64960790333683,-1.1573229341274334,17.447334336711613,0.6295741068180681,-9.406027347804732,0.2719344611720337,0.42225786168589785,0.00015748,4.237244463147023,0.00081957,0,0.0
18631,8.087996176020518e-05,0.012107243410335804,-1.54e-06,0.8719611650083201,3.0023031448610418,10.352266618636794,1.0052136313683062,23.101991199557066,0.12067054082980143,-66.01926498784466,-1.1573229341274334,51.901749633078175,0.6295741068180681,9.00944549699398,0.2719344611720337,0.3421714165161024,0.00015748,1.7655326077388622,0.00081957,0,0.0
18632,1.5640760921822425,0.6349062341806326,-1.54e-06,0.8719611650083201,3.0023031448610418,-11.531651613471347,1.0052136313683062,35.90654691257769,0.12067054082980143,-55.65857873686122,-1.1573229341274334,-46.45130368782919,0.6295741068180681,51.39844221917269,0.2719344611720337,0.28253189278153257,0.00015748,2.2125383303447492,0.00081957,0,0.0
18633,1.4096953332051807,0.9859378996061123,-1.54e-06,0.8719611650083201,3.0023031448610418,-58.160326893348184,1.0052136313683062,3.052821224068875,0.12067054082980143,-88.41037820387696,-1.1573229341274334,61.24317481116902,0.6295741068180681,91.7234434726901,0.2719344611720337,-0.2871796965794402,0.00015748,0.2857464265347057,0.00081957,1,0.0
18634,0.00010077363251403959,0.15294256424957156,-1.54e-06,0.8719611650083201,3.0023031448610418,57.104313295288996,1.0052136313683062,47.15166810790892,0.12067054082980143,-65.39779531501723,-1.1573229341274334,22.345887899952718,0.6295741068180681,-26.216299415477515,0.2719344611720337,0.8842065201315867,0.00015748,4.600635011337511,0.00081957,0,0.0
18635,4.933498418391302e-05,0.048512504807675744,-1.54e-06,0.8719611650083201,3.0023031448610418,65.23477928016213,1.0052136313683062,59.06754141382491,0.12067054082980143,-73.90065234628656,-1.1573229341274334,-16.656521176379055,0.6295741068180681,-25.25822923331713,0.2719344611720337,0.4375599935588146,0.00015748,5.568622660347154,0.00081957,0,0.0
18636,2.4368770432146105,1.3590961681636733,-1.54e-06,0.8719611650083201,3.0023031448610418,-15.616883701790982,1.0052136313683062,63.81325104856273,0.12067054082980143,-99.90786060779453,-1.1573229341274334,-80.0342216386151,0.6295741068180681,83.41356578112133,0.2719344611720337,0.2672381101937831,0.00015748,3.9414467232617065,0.00081957,0,0.0
18637,1.071930612495492,0.3627550981143123,-1.54e-06,0.8719611650083201,3.0023031448610418,-2.376277014635606,1.0052136313683062,21.754480261722048,0.12067054082980143,-18.838620275071317,-1.1573229341274334,-45.297406693613006,0.6295741068180681,25.162624106592578,0.2719344611720337,0.3022370347053164,0.00015748,1.4449474229606043,0.00081957,0,0.0
18638,0.3627690897697611,0.07226933277433854,-1.54e-06,0.8719611650083201,3.0023031448610418,27.59232624386909,1.0052136313683062,43.58288552995531,0.12067054082980143,-70.56449166960077,-1.1573229341274334,-4.518831856832044,0.6295741068180681,6.59654329035331,0.2719344611720337,0.2696337079442983,0.00015748,3.5228777697771942,0.00081957,0,0.0
18639,-0.00010326208775413015,0.1662729638528249,-1.54e-06,0.8719611650083201,3.0023031448610418,40.177680456445366,1.0052136313683062,20.219467540267402,0.12067054082980143,-10.337808350637712,-1.1573229341274334,12.823202404212246,0.6295741068180681,-31.06532874279353,0.2719344611720337,0.8843947717712629,0.00015748,2.4011757009819914,0.00081957,0,0.0
18640,-9.62177960672772e-06,0.011023083506806213,-1.54e-06,0.8719611650083201,3.0023031448610418,5.597513830861142,1.0052136313683062,15.402349757323208,0.12067054082980143,-49.66405072046925,-1.1573229341274334,46.88681140602264,0.6295741068180681,7.6510690750458155,0.2719344611720337,0.3203840990047475,0.00015748,1.144091880563565,0.00081957,0,0.0
18641,0.594008095328411,0.1675306272639723,-1.54e-06,0.8719611650083201,3.0023031448610418,49.22958188761326,1.0052136313683062,58.613424000343784,0.12067054082980143,-59.25703334080729,-1.1573229341274334,-62.27836311725204,0.6295741068180681,-6.192869384219825,0.2719344611720337,0.2634813507042244,0.00015748,5.0690884271486825,0.00081957,0,0.0
18642,0.001164981719370628,0.014215485386247067,-1.54e-06,0.8719611650083201,3.0023031448610418,33.47175599405718,1.0052136313683062,35.91851004842672,0.12067054082980143,-57.75549893664546,-1.1573229341274334,7.258997756317218,0.6295741068180681,-7.7264860499467485,0.2719344611720337,0.27113167127956506,0.00015748,3.2093784117246305,0.00081957,0,0.0
18643,0.1719887627829293,0.037414930527860435,-1.54e-06,0.8719611650083201,3.0023031448610418,45.61885436481496,1.0052136313683062,55.898057437332156,0.12067054082980143,-87.258432277535,-1.1573229341274334,-5.64681405747989,0.6295741068180681,-3.915122002973649,0.2719344611720337,0.2639556109945511,0.00015748,4.8206452253091525,0.00081957,0,0.0
18644,0.3440459062440788,0.06637662609099135,-1.54e-06,0.8719611650083201,3.0023031448610418,13.905980314206413,1.0052136313683062,28.625474083958032,0.12067054082980143,-51.849355281609085,-1.1573229341274334,6.255194688388589,0.6295741068180681,9.791194289451967,0.2719344611720337,0.2823594934214928,0.00015748,2.214336124655528,0.00081957,0,0.0
18645,0.0006663659480354855,0.022752352023318306,-1.54e-06,0.8719611650083201,3.0023031448610418,18.244873223609382,1.0052136313683062,10.225093187608698,0.12067054082980143,-5.862707384228444,-1.1573229341274334,0.4420916173604355,0.6295741068180681,-12.99130216922869,0.2719344611720337,0.3186252740654338,0.00015748,1.1634135485961112,0.00081957,0,0.0
18646,-0.00013154982816909744,0.023283175360905753,-1.54e-06,0.8719611650083201,3.0023031448610418,66.29543307556887,1.0052136313683062,61.48993712310852,0.12067054082980143,-74.40560461112504,-1.1573229341274334,-30.604490509941815,0.6295741068180681,-24.27892223743361,0.2719344611720337,0.2614125095673403,0.00015748,5.752430348011933,0.00081957,0,0.0
18647,0.0004967315517641069,0.007685399595098455,-1.54e-06,0.8719611650083201,3.0023031448610418,29.9025490306547,1.0052136313683062,46.205804004911904,0.12067054082980143,-99.3002415761209,-1.1573229341274334,38.90517442835187,0.6295741068180681,6.344194176329436,0.2719344611720337,0.26818863008168714,0.00015748,3.7630781774351933,0.00081957,0,0.0
18648,-3.541138709406422e-05,0.11621435997400195,-1.54e-06,0.8719611650083201,3.0023031448610418,32.138509424680585,1.0052136313683062,28.81694840611674,0.12067054082980143,-52.81949275099325,-1.1573229341274334,46.130913246156766,0.6295741068180681,-13.22049510791826,0.2719344611720337,0.8285111828027839,0.00015748,2.690624667026744,0.00081957,0,0.0
18649,1.7490068868974973e-05,0.26583985473382704,-1.54e-06,0.8719611650083201,3.0023031448610418,68.09225252193197,1.0052136313683062,43.71366855841455,0.12067054082980143,-37.23754329239618,-1.1573229341274334,4.787925880005222,0.6295741068180681,-43.417401355306694,0.2719344611720337,1.1049704083257152,0.00015748,4.674665268652261,0.00081957,0,0.0
18650,0.23964174551693773,0.0607235256465095,-1.54e-06,0.8719611650083201,3.0023031448610418,51.75538393351759,1.0052136313683062,54.952754926020404,0.12067054082980143,-66.28463517395316,-1.1573229341274334,-33.43153908358126,0.6295741068180681,-12.592664066877065,0.2719344611720337,0.26404536531108125,0.00015748,4.918788859774193,0.00081957,0,0.0
18651,0.00014906373781231608,0.14035381595660584,-1.54e-06,0.8719611650083201,3.0023031448610418,50.80661006336639,1.0052136313683062,28.57301430025391,0.12067054082980143,-16.534329703852634,-1.1573229341274334,-6.2421861330014945,0.6295741068180681,-34.79465444786654,0.2719344611720337,0.7629243051043546,0.00015748,3.3395324089678744,0.00081957,0,0.0
18652,0.0001763386381135046,0.026280679781427375,-1.54e-06,0.8719611650083201,3.0023031448610418,37.78547599052191,1.0052136313683062,44.21614158427474,0.12067054082980143,-81.50866810711061,-1.1573229341274334,25.88836742134452,0.6295741068180681,-4.849196580950021,0.2719344611720337,0.4023640499533019,0.00015748,3.8846742567184456,0.00081957,0,0.0
18653,0.0002044726445538103,0.0396808551018657,-1.54e-06,0.8719611650083201,3.0023031448610418,73.21673326821576,1.0052136313683062,49.99560361991094,0.12067054082980143,-21.256424431439076,-1.1573229341274334,-74.15427585136254,0.6295741068180681,-43.9761179060653,0.2719344611720337,0.2626489212643537,0.00015748,5.202179916308966,0.00081957,0,0.0
18654,1.9781682454440914,0.9450533809196883,-1.54e-06,0.8719611650083201,3.0023031448610418,-13.905430934386578,1.0052136313683062,48.254879769244745,0.12067054082980143,-72.12579283082856,-1.1573229341274334,-64.70456441049765,0.6295741068180681,65.25306545304184,0.2719344611720337,0.27379334649305576,0.00015748,2.903109246876607,0.00081957,0,0.0
18655,0.5622032968752388,0.14971879727382661,-1.54e-06,0.8719611650083201,3.0023031448610418,29.611878783321465,1.0052136313683062,40.56552035206225,0.12067054082980143,-39.926616873853455,-1.1573229341274334,-43.274785825148975,0.6295741068180681,0.12034472872944016,0.2719344611720337,0.27174023719769025,0.00015748,3.3101307960852777,0.00081957,0,0.0
18656,1.4055273651579918,0.505985879729254,-1.54e-06,0.8719611650083201,3.0023031448610418,-0.48940854615993085,1.0052136313683062,49.17820357503055,0.12067054082980143,-83.50330373765274,-1.1573229341274334,-34.14428483575154,0.6295741068180681,48.82177241887283,0.2719344611720337,0.2716502378445327,0.00015748,3.2671327324790997,0.00081957,0,0.0
18657,0.00033003168354084345,0.011863890310287383,-1.54e-06,0.8719611650083201,3.0023031448610418,20.05681406078176,1.0052136313683062,25.047257345432882,0.12067054082980143,-50.50551958027558,-1.1573229341274334,23.318543286064347,0.6295741068180681,-1.1288289561917622,0.2719344611720337,0.2829875083435359,0.00015748,2.159549869297971,0.00081957,0,0.0
18658,1.453716856340745,0.8964877986078248,-1.54e-06,0.8719611650083201,3.0023031448610418,-33.51383483786784,1.0052136313683062,21.011391223620898,0.12067054082980143,-29.60307756163559,-1.1573229341274334,-79.92081878385441,0.6295741068180681,62.34055727538023,0.2719344611720337,-0.600372358043928,0.00015748,0.6020414143846236,0.00081957,1,0.0
18659,0.0016596976762099924,0.011603285041440252,-1.54e-06,0.8719611650083201,3.0023031448610418,12.48206734398675,1.0052136313683062,18.875083611728794,0.12067054082980143,-46.045041563298994,-1.1573229341274334,32.56485083561124,0.6295741068180681,2.4089873885222275,0.2719344611720337,0.29826404489223135,0.00015748,1.5544787735854015,0.00081957,0,0.0
18660,0.000337002963914923,0.011109782434370545,-1.54e-06,0.8719611650083201,3.0023031448610418,44.48004416195049,1.0052136313683062,55.451404411536025,0.12067054082980143,-99.92911120120307,-1.1573229341274334,17.661811737986643,0.6295741068180681,-2.860293300846765,0.2719344611720337,0.26401080506688235,0.00015748,4.7650034712192895,0.00081957,0,0.0
18661,0.5364571482950994,0.10170446883228669,-1.54e-06,0.8719611650083201,3.0023031448610418,16.13624367336953,1.0052136313683062,47.662007732171034,0.12067054082980143,-97.41196517540077,-1.1573229341274334,16.587244512902952,0.6295741068180681,24.97324166085261,0.2719344611720337,0.27015592929849164,0.00015748,3.4957012877755096,0.00081957,0,0.0
18662,0.0008029034438494786,0.0187837188733677,-1.54e-06,0.8719611650083201,3.0023031448610418,41.37078720330097,1.0052136313683062,37.367690332730504,0.12067054082980143,-46.35998024311908,-1.1573229341274334,-11.517354391275509,0.6295741068180681,-16.065616684171356,0.2719344611720337,0.2691561042773387,0.00015748,3.5284392912794385,0.00081957,0,0.0
18663,1.3144975485985708,0.5003236526827923,-1.54e-06,0.8719611650083201,3.0023031448610418,-6.7946634883931285,1.0052136313683062,24.688269894003028,0.12067054082980143,-22.862281038728607,-1.1573229341274334,-54.87107377699596,0.6295741068180681,33.9393444950424,0.2719344611720337,0.29782286518121925,0.00015748,1.5518201833296894,0.00081957,0,0.0
18664,0.3671889560196814,0.03598148220560402,-1.54e-06,0.8719611650083201,3.0023031448610418,-13.880051732978476,1.0052136313683062,4.440005318935211,0.12067054082980143,-23.30760211638931,-1.1573229341274334,3.469499216518034,0.6295741068180681,23.785409270144882,0.2719344611720337,-0.08524345056371066,0.00015748,0.08544188817016163,0.00081957,1,0.0
18665,1.606682390376674,0.749667632536989,-1.54e-06,0.8719611650083201,3.0023031448610418,-44.025129025434175,1.0052136313683062,4.220995801711108,0.12067054082980143,-32.88762122107797,-1.1573229341274334,-25.243771986487502,0.6295741068180681,70.91351762684184,0.2719344611720337,-0.11476217842476763,0.00015748,0.11350154380923438,0.00081957,1,0.0
18666,0.0006276877900772693,0.25886621659110975,-1.54e-06,0.8719611650083201,3.0023031448610418,71.51722730915691,1.0052136313683062,39.51533034181013,0.12067054082980143,-16.703326686008385,-1.1573229341274334,-17.28364950051033,0.6295741068180681,-50.656806960266366,0.2719344611720337,1.0284458997246517,0.00015748,4.5820254449633975,0.00081957,0,0.0
18667,1.9871919031620173,0.8614606325976238,-1.54e-06,0.8719611650083201,3.0023031448610418,-50.8877073423045,1.0052136313683062,16.581812195261126,0.12067054082980143,-42.58924330469681,-1.1573229341274334,-67.85398270632484,0.6295741068180681,87.77280992155167,0.2719344611720337,-0.3387208560200855,0.00015748,0.3370780753982864,0.00081957,1,0.0
18668,0.6900175864598446,0.20953879291497973,-1.54e-06,0.8719611650083201,3.0023031448610418,56.53108590180143,1.0052136313683062,66.85754702277487,0.12067054082980143,-66.4642112092727,-1.1573229341274334,-75.71311343851477,0.6295741068180681,-6.883753950886129,0.2719344611720337,0.26126787174481825,0.00015748,5.836644988827288,0.00081957,0,0.0
18669,6.250076535796456e-05,0.004730190298602969,-1.54e-06,0.8719611650083201,3.0023031448610418,6.63991948364936,1.0052136313683062,29.157774438863214,0.12067054082980143,-92.48146101904769,-1.1573229341274334,70.61450117257024,0.6295741068180681,19.359850194062993,0.2719344611720337,0.2846199815746314,0.00015748,2.0578178213685354,0.00081957,0,0.0
18670,0.19812060146711485,0.05001127840554639,-1.54e-06,0.8719611650083201,3.0023031448610418,47.586352774581144,1.0052136313683062,50.59270272767604,0.12067054082980143,-63.71325276464301,-1.1573229341274334,-25.470599062512363,0.6295741068180681,-11.387453314752689,0.2719344611720337,0.2659010326276303,0.00015748,4.535598850365593,0.00081957,0,0.0
18671,0.00015213609857994692,0.010386894216842335,-1.54e-06,0.8719611650083201,3.0023031448610418,1.0802741605276163,1.0052136313683062,14.740010936374224,0.12067054082980143,-58.44647045186505,-1.1573229341274334,60.62321507441534,0.6295741068180681,13.023845409775921,0.2719344611720337,0.33403284155180774,0.00015748,1.0077210868747921,0.00081957,0,0.0
18672,1.760396842672872,0.7042403414722068,-1.54e-06,0.8719611650083201,3.0023031448610418,-36.24972806513146,1.0052136313683062,14.650185677753441,0.12067054082980143,-10.380082446158148,-1.1573229341274334,-96.63229737066112,0.6295741068180681,64.13354562664139,0.2719344611720337,-0.3594490215273832,0.00015748,0.3588123301175519,0.00081957,1,0.0
18673,-4.382575710171199e-05,0.0327701503225631,-1.54e-06,0.8719611650083201,3.0023031448610418,9.60934222181442,1.0052136313683062,28.52330200396541,0.12067054082980143,-90.77059381561021,-1.1573229341274334,84.17638692546707,0.6295741068180681,14.464807376965032,0.2719344611720337,0.5533146300195423,0.00015748,2.0580722434554635,0.00081957,0,0.0
18674,-4.626849628786012e-05,0.03164943833883767,-1.54e-06,0.8719611650083201,3.0023031448610418,59.79305637633357,1.0052136313683062,42.985720790265084,0.12067054082980143,-25.510992308401057,-1.1573229341274334,-51.943351419979564,0.6295741068180681,-34.08324452632477,0.2719344611720337,0.26531450831576775,0.00015748,4.369952337570929,0.00081957,0,0.0
18675,0.8000863537781873,0.18570742211180158,-1.54e-06,0.8719611650083201,3.0023031448610418,-37.97479401328409,1.0052136313683062,10.857467235391344,0.12067054082980143,-75.78498992082831,-1.1573229341274334,39.14997542694743,0.6295741068180681,63.85126270224211,0.2719344611720337,-0.17687416072506312,0.00015748,0.17659344931479598,0.00081957,1,0.0
18676,0.6656562988797368,0.1766777683203027,-1.54e-06,0.8719611650083201,3.0023031448610418,-42.598161881723115,1.0052136313683062,10.854140780256184,0.12067054082980143,-99.24001348639027,-1.1573229341274334,74.53052074808784,0.6295741068180681,71.03918907202257,0.2719344611720337,-0.15409330549936087,0.00015748,0.15440565545283289,0.00081957,1,0.0
18677,0.5214084231941887,0.12754725709367176,-1.54e-06,0.8719611650083201,3.0023031448610418,17.850113405096007,1.0052136313683062,28.887199312469544,0.12067054082980143,-30.934033675960066,-1.1573229341274334,-27.354942720725212,0.6295741068180681,4.578680049545528,0.2719344611720337,0.28090591037932877,0.00015748,2.3007474370904113,0.00081957,0,0.0
18678,0.0005113777426479782,0.03326412009109411,-1.54e-06,0.8719611650083201,3.0023031448610418,35.219683147640445,1.0052136313683062,26.02823619357111,0.12067054082980143,-24.84407302225037,-1.1573229341274334,-8.682193941728338,0.6295741068180681,-19.043791357971646,0.2719344611720337,0.3696656975816104,0.00015748,2.6450148847522392,0.00081957,0,0.0
18679,-1.1286121919917846e-05,0.027008233727738126,-1.54e-06,0.8719611650083201,3.0023031448610418,45.84246095931616,1.0052136313683062,31.911577551261022,0.12067054082980143,-18.085944360014942,-1.1573229341274334,-35.82058779438142,0.6295741068180681,-27.152192949843005,0.2719344611720337,0.2715400255431386,0.00015748,3.2821985836115437,0.00081957,0,0.0
18680,0.9341750959447541,0.2950450457000441,-1.54e-06,0.8719611650083201,3.0023031448610418,5.518183689857432,1.0052136313683062,24.420462268151667,0.12067054082980143,-16.871976499912556,-1.1573229341274334,-49.006812529679195,0.6295741068180681,16.62758491775598,0.2719344611720337,0.29174633364391167,0.00015748,1.7452805027645437,0.00081957,0,0.0
18681,-0.00034985182654301283,0.4061704600610161,-1.54e-06,0.8719611650083201,3.0023031448610418,67.01793492610933,1.0052136313683062,44.203997072189914,0.12067054082980143,-56.49098334841981,-1.1573229341274334,44.121316618543155,0.6295741068180681,-39.67357711462287,0.2719344611720337,1.4311263935900864,0.00015748,4.818584262010128,0.00081957,0,0.0
18682,4.009688834760716e-05,0.3298800138712332,-1.54e-06,0.8719611650083201,3.0023031448610418,62.03379523422316,1.0052136313683062,43.44394787321863,0.12067054082980143,-56.853324276875455,-1.1573229341274334,41.159945927647804,0.6295741068180681,-35.503440481440244,0.2719344611720337,1.3084979208126157,0.00015748,4.532738106857543,0.00081957,0,0.0
18683,0.582385454960463,0.13801095076125844,-1.54e-06,0.8719611650083201,3.0023031448610418,19.293130284676444,1.0052136313683062,36.60524139251625,0.12067054082980143,-51.36873112893025,-1.1573229341274334,-21.22254722808813,0.6295741068180681,10.861132016351426,0.2719344611720337,0.2736497288474522,0.00015748,2.886635503347633,0.00081957,0,0.0
18684,0.00019136405433506365,0.004484923505122455,-1.54e-06,0.8719611650083201,3.0023031448610418,1.7469835414241757,1.0052136313683062,26.526348786031853,0.12067054082980143,-95.07070178847519,-1.1573229341274334,80.39160636679921,0.6295741068180681,23.26274065734936,0.2719344611720337,0.2913286699799673,0.00015748,1.780134155099905,0.00081957,0,0.0
18685,0.0004578342305866512,0.05802058329594381,-1.54e-06,0.8719611650083201,3.0023031448610418,12.359048607562976,1.0052136313683062,22.879040139867715,0.12067054082980143,-73.09530289814619,-1.1573229341274334,77.75272028231731,0.6295741068180681,7.052535898277579,0.2719344611720337,0.6754293608314113,0.00015748,1.854885455163874,0.00081957,0,0.0
18686,-0.001219687164014993,0.8688441023555638,-1.54e-06,0.8719611650083201,3.0023031448610418,64.91103202689715,1.0052136313683062,22.360603556491238,0.12067054082980143,-10.276321235951617,-1.1573229341274334,67.24145229405022,0.6295741068180681,-57.175492269098726,0.2719344611720337,1.995773127256304,0.00015748,3.5193845053936164,0.00081957,0,0.0
18687,0.00014194184720817127,0.6735100777293822,-1.54e-06,0.8719611650083201,3.0023031448610418,91.84963066782353,1.0052136313683062,55.71991379297394,0.12067054082980143,-53.247324724022,-1.1573229341274334,32.51058119266208,0.6295741068180681,-60.08906713475961,0.2719344611720337,1.797459817498337,0.00015748,6.218055716629705,0.00081957,0,0.0
18688,0.09832938960031234,0.0452498520557658,-1.54e-06,0.8719611650083201,3.0023031448610418,67.27237647682172,1.0052136313683062,58.91987739391528,0.12067054082980143,-55.56056690960273,-1.1573229341274334,-52.08542129252392,0.6295741068180681,-28.53908397468666,0.2719344611720337,0.2628504816743611,0.00015748,5.573507037232863,0.00081957,0,0.0
18689,0.24388773158797128,0.06412540506828103,-1.54e-06,0.8719611650083201,3.0023031448610418,55.61207323115137,1.0052136313683062,57.288806037332186,0.12067054082980143,-66.95501792092446,-1.1573229341274334,-38.67589117120773,0.6295741068180681,-14.709466149679114,0.2719344611720337,0.2636784518849167,0.00015748,5.206602414865428,0.00081957,0,0.0
18690,1.938812206231689,0.9375719515798967,-1.54e-06,0.8719611650083201,3.0023031448610418,-10.502086199432188,1.0052136313683062,43.79917869820215,0.12067054082980143,-51.34335651296336,-1.1573229341274334,-80.46686746925465,0.6295741068180681,56.29879800664866,0.2719344611720337,0.27612904194118437,0.00015748,2.6713187923203985,0.00081957,0,0.0
18691,-0.00019467477980095182,0.16801435544383264,-1.54e-06,0.8719611650083201,3.0023031448610418,13.962917698889427,1.0052136313683062,13.137059780107037,0.12067054082980143,-46.190003204495355,-1.1573229341274334,85.31326835026172,0.6295741068180681,-5.227188955266237,0.2719344611720337,1.0575960524446903,0.00015748,1.2062521668167359,0.00081957,0,0.0
18692,1.6682213667009718,0.9096707122563276,-1.54e-06,0.8719611650083201,3.0023031448610418,-46.69133277334999,1.0052136313683062,22.618777865283068,0.12067054082980143,-57.376891908210155,-1.1573229341274334,-52.90557411357444,0.6295741068180681,82.97647833734769,0.2719344611720337,-0.5621181289031653,0.00015748,0.5610796752680342,0.00081957,1,0.0
18693,0.5210568570222691,0.06603754607536512,-1.54e-06,0.8719611650083201,3.0023031448610418,-10.266961448540926,1.0052136313683062,4.441514866148916,0.12067054082980143,-1.8689873789575568,-1.1573229341274334,-31.346066670583276,0.6295741068180681,18.491487674943027,0.2719344611720337,-0.12032411346819369,0.00015748,0.12063832131050531,0.00081957,1,0.0
18694,1.2909679499081805,0.43734230216443587,-1.54e-06,0.8719611650083201,3.0023031448610418,-4.085365831117484,1.0052136313683062,42.179674926935476,0.12067054082980143,-76.79634623728003,-1.1573229341274334,-23.713102509197057,0.6295741068180681,47.17530160163667,0.2719344611720337,0.2751851722859704,0.00015748,2.7535172687303926,0.00081957,0,0.0
18695,1.3033874495279367,0.4614501716986329,-1.54e-06,0.8719611650083201,3.0023031448610418,-37.42018121434517,1.0052136313683062,4.741331953015339,0.12067054082980143,-33.42263998687424,-1.1573229341274334,-15.617459024772813,0.6295741068180681,60.72387154499909,0.2719344611720337,-0.06437225985095808,0.00015748,0.06349238139773676,0.00081957,1,0.0
18696,0.0010782750008584974,0.022849273702924857,-1.54e-06,0.8719611650083201,3.0023031448610418,16.51315471473122,1.0052136313683062,9.661178208997606,0.12067054082980143,-7.373164124814336,-1.1573229341274334,4.393860169111265,0.6295741068180681,-11.54534972014901,0.2719344611720337,0.3286805225327869,0.00015748,1.0660837747348277,0.00081957,0,0.0
18697,0.0006580957151414157,0.16783247415151653,-1.54e-06,0.8719611650083201,3.0023031448610418,79.05991972575312,1.0052136313683062,52.85611391539019,0.12067054082980143,-38.141462103800876,-1.1573229341274334,-32.31564639092494,0.6295741068180681,-47.335534340624555,0.2719344611720337,0.7943988104588122,0.00015748,5.635257517198459,0.00081957,0,0.0
18698,-0.0003898542427964724,0.6243612655262428,-1.54e-06,0.8719611650083201,3.0023031448610418,94.54026476168879,1.0052136313683062,56.86449157788161,0.12067054082980143,-48.02112886942735,-1.1573229341274334,18.284709492289167,0.6295741068180681,-62.56054917200978,0.2719344611720337,1.7031663005366187,0.00015748,6.350119337898757,0.00081957,0,0.0
18699,-9.99190605643907e-06,0.045642833953045504,-1.54e-06,0.8719611650083201,3.0023031448610418,21.487598186704187,1.0052136313683062,24.34075917352354,0.12067054082980143,-53.340671529506736,-1.1573229341274334,42.205209747358424,0.6295741068180681,-3.5483568739473648,0.2719344611720337,0.5482312497322778,0.00015748,2.155825740392222,0.00081957,0,0.0
18700,4.227607062151639e-05,0.05692744447028908,-1.54e-06,1.9464841943037883,5.142739189835587,65.22917139165337,1.0052136313683062,8.660858392397287,0.12067054082980143,-30.170881249540255,-1.1573229341274334,-21.947144718579285,0.6295741068180681,-9.797494693826879,0.2719344611720337,0.00034329092526839966,0.00015748,0.11145333304875858,0.00081957,0,0.0
18701,0.00030083286170866363,0.029687182936652026,-1.54e-06,1.9464841943037883,5.142739189835587,20.51737040288088,1.0052136313683062,8.33916814738811,0.12067054082980143,-36.99691752072106,-1.1573229341274334,44.05942526346066,0.6295741068180681,1.0444756720442343,0.2719344611720337,0.013605270817894175,0.00015748,0.04742984949862761,0.00081957,0,0.0
18702,0.0002781244626957613,0.028582758021618783,-1.54e-06,1.9464841943037883,5.142739189835587,2.054205244541132,1.0052136313683062,12.08265837728665,0.12067054082980143,-70.31145245717867,-1.1573229341274334,78.81952239684202,0.6295741068180681,18.732654467088505,0.2719344611720337,-0.0024264117588296656,0.00015748,0.05753805764490086,0.00081957,1,0.0
18703,0.1062624775491598,0.0017693799251254,-1.54e-06,1.9464841943037883,5.142739189835587,-16.60150452870897,1.0052136313683062,6.925652786490552,0.12067054082980143,-14.54047874643531,-1.1573229341274334,-87.33081117700692,0.6295741068180681,25.23824579201103,0.2719344611720337,-0.028735029946834047,0.00015748,0.028724200245356966,0.00081957,1,0.0
18704,0.14902693183319654,0.0012598862094363777,-1.54e-06,1.9464841943037883,5.142739189835587,-47.180293035213914,1.0052136313683062,3.847903753224012,0.12067054082980143,-27.962773287037106,-1.1573229341274334,-28.537778393561105,0.6295741068180681,43.3915470769737,0.2719344611720337,-0.009886251122012205,0.00015748,0.010018718053593344,0.00081957,1,0.0
18705,0.0019745874110163597,0.034716738792793446,-1.54e-06,1.9464841943037883,5.142739189835587,22.80507263489091,1.0052136313683062,19.25406190571088,0.12067054082980143,-72.03836478488799,-1.1573229341274334,-96.61933516763088,0.6295741068180681,25.77801491314798,0.2719344611720337,-0.08053167289104309,0.00015748,0.10824144947734406,0.00081957,1,0.0
18706,0.04155897045686461,0.0003970481798487449,-1.54e-06,1.9464841943037883,5.142739189835587,-5.2493489276273815,1.0052136313683062,2.93066766824967,0.12067054082980143,-5.923120438765682,-1.1573229341274334,-40.371949925598734,0.6295741068180681,10.100838726772388,0.2719344611720337,-0.013868419454640915,0.00015748,0.01386148741116399,0.00081957,1,0.0
18707,0.1584603292589006,0.0022035514495448616,-1.54e-06,1.9464841943037883,5.142739189835587,-59.78442743788256,1.0052136313683062,9.207652234722717,0.12067054082980143,-62.64324779321085,-1.1573229341274334,-19.131696799960693,0.6295741068180681,61.95707621587239,0.2719344611720337,-0.03106389626196384,0.00015748,0.031068479277394256,0.00081957,1,0.0
18708,0.000323194148065864,0.012598851052818109,-1.54e-06,1.9464841943037883,5.142739189835587,6.575882197038677,1.0052136313683062,12.251129139514747,0.12067054082980143,-46.65226628920966,-1.1573229341274334,-36.581248678474545,0.6295741068180681,16.35519509884593,0.2719344611720337,-0.044153075875410425,0.00015748,0.056264332637071535,0.00081957,1,0.0
18709,0.018930176389742558,0.0004393562131966167,-1.54e-06,1.9464841943037883,5.142739189835587,3.5269835805210024,1.0052136313683062,2.839489047988365,0.12067054082980143,-0.9137904383917436,-1.1573229341274334,-41.47080965736534,0.6295741068180681,2.5922253894454004,0.2719344611720337,-0.01384139599521222,0.00015748,0.01385476185330914,0.00081957,1,0.0
18710,0.16649731490851358,0.0034728146555962304,-1.54e-06,1.9464841943037883,5.142739189835587,-61.77024156638922,1.0052136313683062,-0.4284976610293211,0.12067054082980143,-21.504740894919262,-1.1573229341274334,16.098749922255156,0.6295741068180681,45.27297025579625,0.2719344611720337,-0.016070231850634564,0.00015748,0.016029507880841395,0.00081957,1,0.0
18711,0.3011324163310254,0.00811926176611122,-1.54e-06,1.9464841943037883,5.142739189835587,-92.37421472978859,1.0052136313683062,1.3292773277540229,0.12067054082980143,-22.93466695947222,-1.1573229341274334,-38.36633890038582,0.6295741068180681,71.50216568898892,0.2719344611720337,-0.015449875621156791,0.00015748,0.015454112711765694,0.00081957,1,0.0
18712,5.157869242625179e-05,0.04211815838823491,-1.54e-06,1.9464841943037883,5.142739189835587,30.975477429817854,1.0052136313683062,13.010205110789455,0.12067054082980143,-59.34476017035748,-1.1573229341274334,44.28754712945986,0.6295741068180681,5.846036165689192,0.2719344611720337,0.00844137358726258,0.00015748,0.07773877307450419,0.00081957,0,0.0
18713,8.582097708534353e-05,0.041334736822089234,-1.54e-06,1.9464841943037883,5.142739189835587,42.50504398156565,1.0052136313683062,6.274100371599049,0.12067054082980143,-10.04146944723077,-1.1573229341274334,43.9389194875592,0.6295741068180681,-20.01915451250942,0.2719344611720337,0.03263624295406079,0.00015748,0.053193163980711104,0.00081957,0,0.0
18714,0.04791090669681064,0.017531385287155143,-1.54e-06,1.9464841943037883,5.142739189835587,-14.84366093722434,1.0052136313683062,19.67273701937712,0.12067054082980143,-82.95817867149437,-1.1573229341274334,-75.64459012651312,0.6295741068180681,45.22886326450934,0.2719344611720337,-0.08440462218798292,0.00015748,0.08441039885350976,0.00081957,1,0.0
18715,0.11065490870391913,0.08372746241109663,-1.54e-06,1.9464841943037883,5.142739189835587,30.430132887502822,1.0052136313683062,14.863096570299273,0.12067054082980143,-97.87549645877493,-1.1573229341274334,36.805666022612506,0.6295741068180681,37.65441988208704,0.2719344611720337,0.005802496643508778,0.00015748,0.15477379955498594,0.00081957,0,0.0
18716,0.14008968536471977,0.0016827897926404722,-1.54e-06,1.9464841943037883,5.142739189835587,-65.3946668371541,1.0052136313683062,8.96932559177532,0.12067054082980143,-73.45067710559533,-1.1573229341274334,21.10474738902568,0.6295741068180681,64.31395594603413,0.2719344611720337,-0.027318930026245837,0.00015748,0.027316394076651575,0.00081957,1,0.0
18717,6.3532790319204e-05,0.016673893583697728,-1.54e-06,1.9464841943037883,5.142739189835587,-5.710426653836503,1.0052136313683062,11.643403879297583,0.12067054082980143,-72.02440487864985,-1.1573229341274334,7.414754826102099,0.6295741068180681,31.29070624148844,0.2719344611720337,-0.04360289966100901,0.00015748,0.0635234489033345,0.00081957,1,0.0
18718,8.576866114165527e-05,0.018056193251058252,-1.54e-06,1.9464841943037883,5.142739189835587,-1.7380535665081258,1.0052136313683062,7.4798335186351865,0.12067054082980143,-41.309924138880135,-1.1573229341274334,66.72439272622219,0.6295741068180681,9.031780477509379,0.2719344611720337,-0.0038357753945773114,0.00015748,0.03736583098634434,0.00081957,1,0.0
18719,0.17116854284893845,0.002524171272228498,-1.54e-06,1.9464841943037883,5.142739189835587,-42.04260584197604,1.0052136313683062,8.39500452060494,0.12067054082980143,-33.07045559205775,-1.1573229341274334,-85.51548984779828,0.6295741068180681,48.13374532711174,0.2719344611720337,-0.03222637344854368,0.00015748,0.03226381746450595,0.00081957,1,0.0
18720,0.0001539338947452451,0.07083678798671716,-1.54e-06,1.9464841943037883,5.142739189835587,72.84858380945232,1.0052136313683062,16.6120469967383,0.12067054082980143,-57.2829675756071,-1.1573229341274334,62.68552550575892,0.6295741068180681,-15.162657868123524,0.2719344611720337,0.04734543532269526,0.00015748,0.11147905419693169,0.00081957,0,0.0
18721,0.00010955453363634127,0.025738252522307912,-1.54e-06,1.9464841943037883,5.142739189835587,12.579173082220652,1.0052136313683062,10.287192382403505,0.12067054082980143,-45.737104897697705,-1.1573229341274334,41.98765662619579,0.6295741068180681,6.829635518026307,0.2719344611720337,-0.0010008359313408675,0.00015748,0.050415535369387046,0.00081957,1,0.0
18722,0.0005161012230756601,0.053363257307413765,-1.54e-06,1.9464841943037883,5.142739189835587,35.0228650933088,1.0052136313683062,16.01581770451162,0.12067054082980143,-82.0226538502262,-1.1573229341274334,-32.14863574493816,0.6295741068180681,24.1021626483233,0.2719344611720337,-0.04933486923073045,0.00015748,0.12711952508453117,0.00081957,1,0.0
18723,0.00042711982079796096,0.00755675879072976,-1.54e-06,1.9464841943037883,5.142739189835587,-1.2621128423868382,1.0052136313683062,7.206892571745396,0.12067054082980143,-13.224954643180855,-1.1573229341274334,14.73063326326052,0.6295741068180681,-1.8216585974431607,0.2719344611720337,-0.034758457521659215,0.00015748,0.03717163286975444,0.00081957,1,0.0
18724,0.28218335128070976,0.005416389327807412,-1.54e-06,1.9464841943037883,5.142739189835587,-99.64958540378922,1.0052136313683062,4.255632297110211,0.12067054082980143,-57.34749632748988,-1.1573229341274334,-18.037279482062168,0.6295741068180681,87.45112195968899,0.2719344611720337,-0.008209586522903671,0.00015748,0.008209067997152352,0.00081957,1,0.0
18725,0.2562672839283732,0.003756713958036061,-1.54e-06,1.9464841943037883,5.142739189835587,-80.91185584937669,1.0052136313683062,10.057111443607603,0.12067054082980143,-60.6986706128559,-1.1573229341274334,-60.926277246235045,0.6295741068180681,79.60526819829131,0.2719344611720337,-0.03132662282328003,0.00015748,0.03134233162151665,0.00081957,1,0.0
18726,0.234774820771467,0.003084224504275199,-1.54e-06,1.9464841943037883,5.142739189835587,-75.57348210714353,1.0052136313683062,8.830165101896084,0.12067054082980143,-56.13999645929455,-1.1573229341274334,-50.28139862813449,0.6295741068180681,73.51082288172756,0.2719344611720337,-0.026927336604875143,0.00015748,0.026971215937324853,0.00081957,1,0.0
18727,7.301921181260274e-05,0.0367008945596366,-1.54e-06,1.9464841943037883,5.142739189835587,14.207842510857194,1.0052136313683062,15.405853350045989,0.12067054082980143,-77.38220821024329,-1.1573229341274334,56.11435905154122,0.6295741068180681,17.96081215290993,0.2719344611720337,-0.008827882812578784,0.00015748,0.07756809321883329,0.00081957,1,0.0
18728,0.0007206542269919958,0.016238830999105558,-1.54e-06,1.9464841943037883,5.142739189835587,5.675605539962273,1.0052136313683062,13.493668157098485,0.12067054082980143,-51.22399874001167,-1.1573229341274334,-13.064605792139504,0.6295741068180681,15.184399873739634,0.2719344611720337,-0.03741206009511866,0.00015748,0.05702777446380444,0.00081957,1,0.0
18729,0.02797156178431845,0.007122865768890537,-1.54e-06,1.9464841943037883,5.142739189835587,-17.621618339558204,1.0052136313683062,10.807449451617918,0.12067054082980143,-64.05176425055778,-1.1573229341274334,-25.79939914473067,0.6295741068180681,37.46022674992171,0.2719344611720337,-0.05447809750334671,0.00015748,0.054483678858240674,0.00081957,1,0.0
18730,0.01572402069977863,0.02316197345724446,-1.54e-06,1.9464841943037883,5.142739189835587,-2.1239313707894074,1.0052136313683062,21.02308304336092,0.12067054082980143,-84.29344174415749,-1.1573229341274334,-87.62906277589394,0.6295741068180681,39.15336185366897,0.2719344611720337,-0.09462667213959797,0.00015748,0.09475688292618417,0.00081957,1,0.0
18731,0.09918122011985539,0.01772203758648986,-1.54e-06,1.9464841943037883,5.142739189835587,-35.105747768406474,1.0052136313683062,11.898512896794122,0.12067054082980143,-28.512096217030777,-1.1573229341274334,14.574022383101138,0.6295741068180681,20.944085549445628,0.2719344611720337,-0.06289856593400707,0.00015748,0.0629951128124039,0.00081957,1,0.0
18732,0.14306582816427674,0.006605328346644302,-1.54e-06,1.9464841943037883,5.142739189835587,-40.61275375234621,1.0052136313683062,14.040033602422703,0.12067054082980143,-63.2834125414338,-1.1573229341274334,-80.06497736169443,0.6295741068180681,56.5057431771905,0.2719344611720337,-0.05704771818909266,0.00015748,0.05705276395372499,0.00081957,1,0.0
18733,0.07317601236803054,0.001527779139689427,-1.54e-06,1.9464841943037883,5.142739189835587,-55.72717315142902,1.0052136313683062,-0.6422306682390293,0.12067054082980143,-43.5048589794331,-1.1573229341274334,98.18780848752432,0.6295741068180681,39.524637395692764,0.2719344611720337,-0.017662429809770175,0.00015748,0.017670047319928398,0.00081957,1,0.0
18734,0.008540195407053669,0.001877297574091394,-1.54e-06,1.9464841943037883,5.142739189835587,-5.091731956596003,1.0052136313683062,6.232487879358473,0.12067054082980143,-29.525543234334016,-1.1573229341274334,-16.61214375716588,0.6295741068180681,15.01237531488805,0.2719344611720337,-0.027289086782913474,0.00015748,0.027295783749519797,0.00081957,1,0.0
18735,0.11371066806054961,0.000790133580079604,-1.54e-06,1.9464841943037883,5.142739189835587,-45.1423672874096,1.0052136313683062,2.3875009880211984,0.12067054082980143,-30.170016033604366,-1.1573229341274334,9.230750235159766,0.6295741068180681,38.38082876753385,0.2719344611720337,-0.00413504771360683,0.00015748,0.004144360528470818,0.00081957,1,0.0
18736,0.0911140819222344,0.0005830766444964423,-1.54e-06,1.9464841943037883,5.142739189835587,-46.63721279982768,1.0052136313683062,2.0752961492109243,0.12067054082980143,-39.19555941478631,-1.1573229341274334,37.55252627800209,0.6295741068180681,39.50090950177025,0.2719344611720337,-0.00276787540623469,0.00015748,0.0027962748964412303,0.00081957,1,0.0
18737,0.059716013357601655,0.0073368183485713065,-1.54e-06,1.9464841943037883,5.142739189835587,-33.41575215219669,1.0052136313683062,13.11271030235511,0.12067054082980143,-80.39997286796454,-1.1573229341274334,-14.494831994284722,0.6295741068180681,51.05329954874018,0.2719344611720337,-0.05702207800633799,0.00015748,0.057022603014919085,0.00081957,1,0.0
18738,0.1313142448530369,0.0009677390100358454,-1.54e-06,1.9464841943037883,5.142739189835587,-73.79664943276792,1.0052136313683062,5.8683974143667905,0.12067054082980143,-75.62263563827715,-1.1573229341274334,65.69293898441965,0.6295741068180681,65.95083274224142,0.2719344611720337,-0.013576334328873976,0.00015748,0.013589862031413328,0.00081957,1,0.0
18739,0.17445724220422107,0.002823157850301385,-1.54e-06,1.9464841943037883,5.142739189835587,-72.44346081804417,1.0052136313683062,1.2287134240174538,0.12067054082980143,-40.88969910721326,-1.1573229341274334,32.12504964494414,0.6295741068180681,57.336707373698964,0.2719344611720337,-0.00896860651706324,0.00015748,0.009011448557286698,0.00081957,1,0.0
18740,0.10371447240836265,0.000891986632058115,-1.54e-06,1.9464841943037883,5.142739189835587,-31.96029196924379,1.0052136313683062,5.06922513357394,0.12067054082980143,-28.935267520000924,-1.1573229341274334,-32.93841390385714,0.6295741068180681,34.45155871308121,0.2719344611720337,-0.01893299513938922,0.00015748,0.018929468448314727,0.00081957,1,0.0
18741,4.262101986490796e-05,0.07447516833346636,-1.54e-06,1.9464841943037883,5.142739189835587,81.40808031396195,1.0052136313683062,15.223462588806957,0.12067054082980143,-49.65405870086013,-1.1573229341274334,63.377952909691096,0.6295741068180681,-20.990758601930384,0.2719344611720337,0.05788822104478081,0.00015748,0.11302317668394796,0.00081957,0,0.0
18742,0.00013953215119972412,0.05188006577608215,-1.54e-06,1.9464841943037883,5.142739189835587,42.15607635331861,1.0052136313683062,1.3538249991073614,0.12067054082980143,-9.937779972736509,-1.1573229341274334,98.2361097575026,0.6295741068180681,-20.571553937057065,0.2719344611720337,0.0322807136459331,0.00015748,0.07586183299316177,0.00081957,0,0.0
18743,0.00011872022645292857,0.08524683278938214,-1.54e-06,1.9464841943037883,5.142739189835587,81.50933300249065,1.0052136313683062,20.964251475949414,0.12067054082980143,-88.54046116295851,-1.1573229341274334,98.17350887743137,0.6295741068180681,-8.130006732861922,0.2719344611720337,0.05338344391200789,0.00015748,0.14434871246493053,0.00081957,0,0.0
18744,0.19233828229496416,0.0034616332145695895,-1.54e-06,1.9464841943037883,5.142739189835587,-67.91401286784019,1.0052136313683062,11.01858713337483,0.12067054082980143,-70.36636922672986,-1.1573229341274334,-38.49163314650059,0.6295741068180681,72.26017776232354,0.2719344611720337,-0.03905589458338599,0.00015748,0.03909352824311233,0.00081957,1,0.0
18745,0.00010318279879903414,0.06804206467542291,-1.54e-06,1.9464841943037883,5.142739189835587,60.61967283084889,1.0052136313683062,9.87079050232531,0.12067054082980143,-57.33936283522408,-1.1573229341274334,65.6280020076011,0.6295741068180681,-3.5463531476279964,0.2719344611720337,0.02839303274719887,0.00015748,0.1177192305283617,0.00081957,0,0.0
18746,0.00026028838177402647,0.013098907021701262,-1.54e-06,1.9464841943037883,5.142739189835587,21.20606070388552,1.0052136313683062,12.243947266905018,0.12067054082980143,-21.700389946580806,-1.1573229341274334,-70.12058348094038,0.6295741068180681,0.39587235632480394,0.2719344611720337,-0.0401359517291458,0.00015748,0.05256828311521308,0.00081957,1,0.0
18747,0.01325971259696386,5.5968287002699794e-05,-1.54e-06,1.9464841943037883,5.142739189835587,-18.751160725165718,1.0052136313683062,1.7383421282407108,0.12067054082980143,-27.02297769058908,-1.1573229341274334,36.945080017152854,0.6295741068180681,17.15977883154588,0.2719344611720337,-0.0044425209756767305,0.00015748,0.004442221833935453,0.00081957,1,0.0
18748,0.0003343309811336126,0.07195660808292163,-1.54e-06,1.9464841943037883,5.142739189835587,58.80705457501262,1.0052136313683062,20.88383321979667,0.12067054082980143,-89.68642318087889,-1.1573229341274334,-47.38692306059025,0.6295741068180681,17.277899838198756,0.2719344611720337,-0.04575130189079862,0.00015748,0.1581640518535608,0.00081957,1,0.0
18749,0.009944686032344274,0.014549333780043458,-1.54e-06,1.9464841943037883,5.142739189835587,-2.8215318409579697,1.0052136313683062,16.434374269279136,0.12067054082980143,-69.22374388363278,-1.1573229341274334,-64.48736395500188,0.6295741068180681,32.345737526239915,0.2719344611720337,-0.07529195421869884,0.00015748,0.07530919414460187,0.00081957,1,0.0
18750,0.15497894099263673,0.0032253930867192616,-1.54e-06,1.9464841943037883,5.142739189835587,-39.32264335259632,1.0052136313683062,9.852617093739251,0.12067054082980143,-40.97064332271914,-1.1573229341274334,-82.08814698423824,0.6295741068180681,48.624159811133964,0.2719344611720337,-0.03924694204675209,0.00015748,0.039284045174495706,0.00081957,1,0.0
18751,7.037143264207457e-05,0.02024159058472175,-1.54e-06,1.9464841943037883,5.142739189835587,-3.670198551340532,1.0052136313683062,11.489722626305658,0.12067054082980143,-67.16362859582689,-1.1573229341274334,53.210026278433006,0.6295741068180681,22.361628554123442,0.2719344611720337,-0.01630113701107539,0.00015748,0.05208595860678116,0.00081957,1,0.0
18752,0.0798378086017847,0.0011706426015955333,-1.54e-06,1.9464841943037883,5.142739189835587,-58.33811773332496,1.0052136313683062,0.6330407790740357,0.12067054082980143,-49.34645879689522,-1.1573229341274334,95.39555917145802,0.6295741068180681,43.308045803105905,0.2719344611720337,-0.014467057361943635,0.00015748,0.014478092622781056,0.00081957,1,0.0
18753,0.19813294821678143,0.003080144658511386,-1.54e-06,1.9464841943037883,5.142739189835587,-70.6157739640493,1.0052136313683062,2.144728114521975,0.12067054082980143,-33.05842437653387,-1.1573229341274334,0.28392961450008064,0.6295741068180681,56.634404439890226,0.2719344611720337,-0.008235916530385856,0.00015748,0.008265828720951236,0.00081957,1,0.0
18754,0.09835832997101718,0.0005121817315208789,-1.54e-06,1.9464841943037883,5.142739189835587,-39.78265533069094,1.0052136313683062,3.068145799770337,0.12067054082980143,-31.04195077819281,-1.1573229341274334,6.788671815614995,0.6295741068180681,35.4156453697267,0.2719344611720337,-0.0069473445337180605,0.00015748,0.006961291573025365,0.00081957,1,0.0
18755,0.00018691141397639277,0.03252707548744431,-1.54e-06,1.9464841943037883,5.142739189835587,48.47169018976353,1.0052136313683062,13.47392895962183,0.12067054082980143,-25.287813404916253,-1.1573229341274334,-99.24518995575092,0.6295741068180681,-4.009743473246283,0.2719344611720337,-0.0375794119629958,0.00015748,0.08779533151965138,0.00081957,1,0.0
18756,0.07312336478926897,0.0010556283306020298,-1.54e-06,1.9464841943037883,5.142739189835587,-22.06835201792525,1.0052136313683062,5.773535919539192,0.12067054082980143,-28.541342968979485,-1.1573229341274334,-32.208203173385535,0.6295741068180681,27.592129269875343,0.2719344611720337,-0.022930652074920826,0.00015748,0.02293243204191275,0.00081957,1,0.0
18757,0.07790402861249737,0.006904351108251062,-1.54e-06,1.9464841943037883,5.142739189835587,-21.805209265724336,1.0052136313683062,11.270372002378563,0.12067054082980143,-54.94487512698433,-1.1573229341274334,-68.0536516212946,0.6295741068180681,41.85850503240066,0.2719344611720337,-0.056546387862371095,0.00015748,0.05653948783182575,0.00081957,1,0.0
18758,0.05952971986251315,0.017968277169109877,-1.54e-06,1.9464841943037883,5.142739189835587,-14.250459359894856,1.0052136313683062,19.943897305039517,0.12067054082980143,-79.74540524399717,-1.1573229341274334,-91.2279128006568,0.6295741068180681,45.576548624427076,0.2719344611720337,-0.08620982487308934,0.00015748,0.0862432037016456,0.00081957,1,0.0
18759,0.023403450530260113,0.0014811807111154245,-1.54e-06,1.9464841943037883,5.142739189835587,-10.575979250848107,1.0052136313683062,5.081084563712269,0.12067054082980143,-29.744014742348078,-1.1573229341274334,-16.02946119383559,0.6295741068180681,19.43300494512463,0.2719344611720337,-0.02530323753457713,0.00015748,0.025336703370507436,0.00081957,1,0.0
18760,8.592201270010702e-05,0.011911400733707436,-1.54e-06,1.9464841943037883,5.142739189835587,33.218753027518396,1.0052136313683062,8.973488090964077,0.12067054082980143,-0.06967072166324453,-1.1573229341274334,-97.36236994218177,0.6295741068180681,-9.547806098895675,0.2719344611720337,-0.031105640761559094,0.00015748,0.04670954694247695,0.00081957,1,0.0
18761,0.19243943781456882,0.0020526560624529178,-1.54e-06,1.9464841943037883,5.142739189835587,-94.7680286811596,1.0052136313683062,8.728072014594435,0.12067054082980143,-93.7691869108765,-1.1573229341274334,55.17167041275183,0.6295741068180681,86.69221987099685,0.2719344611720337,-0.022266150766887028,0.00015748,0.02225719449844416,0.00081957,1,0.0
18762,7.633149870084344e-05,0.036133098341697645,-1.54e-06,1.9464841943037883,5.142739189835587,18.506761498538282,1.0052136313683062,9.100287256186284,0.12067054082980143,-42.11590072305794,-1.1573229341274334,84.18076766055304,0.6295741068180681,-0.9006341611446518,0.2719344611720337,0.01678263850148185,0.00015748,0.05574674390902628,0.00081957,0,0.0
18763,0.20360729999378507,0.002715818870059955,-1.54e-06,1.9464841943037883,5.142739189835587,-48.76211559219676,1.0052136313683062,7.914514050723501,0.12067054082980143,-29.119495302235965,-1.1573229341274334,-97.87347596457352,0.6295741068180681,52.59502333081824,0.2719344611720337,-0.029193327021989682,0.00015748,0.029209480380048374,0.00081957,1,0.0
18764,0.06326266443437431,0.0015386298712618562,-1.54e-06,1.9464841943037883,5.142739189835587,-41.6294143801041,1.0052136313683062,7.139378660079987,0.12067054082980143,-64.04085188276797,-1.1573229341274334,31.099346963530653,0.6295741068180681,45.580498892317664,0.2719344611720337,-0.026622162029281932,0.00015748,0.026661962109073126,0.00081957,1,0.0
18765,0.17688056754728887,0.0028526718432995072,-1.54e-06,1.9464841943037883,5.142739189835587,-72.48389584158278,1.0052136313683062,10.430665461949816,0.12067054082980143,-78.81644854253332,-1.1573229341274334,-5.758523417212806,0.6295741068180681,74.39795764621749,0.2719344611720337,-0.03521656487975453,0.00015748,0.035201791869591235,0.00081957,1,0.0
18766,0.10697456990353929,0.0006404675722838078,-1.54e-06,1.9464841943037883,5.142739189835587,-40.73348515012392,1.0052136313683062,4.419786274983852,0.12067054082980143,-35.19320209400686,-1.1573229341274334,-4.8556769079670925,0.6295741068180681,38.76547015631534,0.2719344611720337,-0.01273358902420877,0.00015748,0.012730816097565923,0.00081957,1,0.0
18767,-7.088801292631786e-06,0.02292815216068971,-1.54e-06,1.9464841943037883,5.142739189835587,-5.184330639511906,1.0052136313683062,8.921734917441881,0.12067054082980143,-62.36460796250243,-1.1573229341274334,91.15653328698953,0.6295741068180681,18.416990645290728,0.2719344611720337,0.003154035893146303,0.00015748,0.042447399326955654,0.00081957,0,0.0
18768,0.09228359951804106,0.006201008193198908,-1.54e-06,1.9464841943037883,5.142739189835587,-36.424647134067705,1.0052136313683062,11.807174823997938,0.12067054082980143,-70.09182403999093,-1.1573229341274334,-38.50643677928161,0.6295741068180681,52.82361188540716,0.2719344611720337,-0.053953992168911606,0.00015748,0.05393657322684894,0.00081957,1,0.0
18769,8.977446081306532e-05,0.009131954034196975,-1.54e-06,1.9464841943037883,5.142739189835587,-10.750194401937856,1.0052136313683062,-0.03305136243660099,0.12067054082980143,-11.704555515118043,-1.1573229341274334,79.33789916086234,0.6295741068180681,1.1546452550698743,0.2719344611720337,-0.020693199487182474,0.00015748,0.03464408306717268,0.00081957,1,0.0
18770,1.735850161404401e-05,0.02452258655106316,-1.54e-06,1.9464841943037883,5.142739189835587,5.177609405287864,1.0052136313683062,2.9388950858960983,0.12067054082980143,-28.413542304120888,-1.1573229341274334,87.92245635039183,0.6295741068180681,1.8081129552786959,0.2719344611720337,0.013840753515699076,0.00015748,0.036133535963986343,0.00081957,0,0.0
18771,0.15845298661698812,0.005341447916414811,-1.54e-06,1.9464841943037883,5.142739189835587,-60.81002577569479,1.0052136313683062,13.877558827376912,0.12067054082980143,-83.03573878370592,-1.1573229341274334,-32.90497669657385,0.6295741068180681,70.88183567551023,0.2719344611720337,-0.051626377171301724,0.00015748,0.05163310965169092,0.00081957,1,0.0
18772,0.12675184820087784,0.00106382799819259,-1.54e-06,1.9464841943037883,5.142739189835587,-64.50053395687598,1.0052136313683062,7.181307951108387,0.12067054082980143,-69.51386605203078,-1.1573229341274334,38.920219366152786,0.6295741068180681,60.503209543853416,0.2719344611720337,-0.019834085885935195,0.00015748,0.019848047324374028,0.00081957,1,0.0
18773,0.1024680292836187,0.00651744349607487,-1.54e-06,1.9464841943037883,5.142739189835587,-25.12468666978326,1.0052136313683062,12.027225385197413,0.12067054082980143,-52.119353010890734,-1.1573229341274334,-83.2252907193201,0.6295741068180681,44.13345453926856,0.2719344611720337,-0.056125420673638765,0.00015748,0.05612533950069301,0.00081957,1,0.0
18774,0.06703677409572445,0.08083450230604232,-1.54e-06,1.9464841943037883,5.142739189835587,42.384634130892046,1.0052136313683062,16.85179261224994,0.12067054082980143,-99.87368772123902,-1.1573229341274334,32.65464030363015,0.6295741068180681,29.570548710946326,0.2719344611720337,-0.0014110370453210286,0.00015748,0.15698512732984404,0.00081957,1,0.0
18775,1.710959004119772e-05,0.06684003655427327,-1.54e-06,1.9464841943037883,5.142739189835587,62.14285906449772,1.0052136313683062,11.239294658348546,0.12067054082980143,-26.53000800952001,-1.1573229341274334,94.10634542489927,0.6295741068180681,-28.035026370705012,0.2719344611720337,0.04658934810433239,0.00015748,0.09286703597927802,0.00081957,0,0.0
18776,0.0003010689501341257,0.03972556715270581,-1.54e-06,1.9464841943037883,5.142739189835587,44.01708047519376,1.0052136313683062,16.31961729279339,0.12067054082980143,-45.74335102070175,-1.1573229341274334,-46.29709997676888,0.6295741068180681,0.25052255410635293,0.2719344611720337,-0.023746264818804784,0.00015748,0.0918507593614526,0.00081957,1,0.0
18777,0.0005808389314521378,0.06006465830419462,-1.54e-06,1.9464841943037883,5.142739189835587,73.44442386922327,1.0052136313683062,14.99480867099058,0.12067054082980143,-36.29260709380065,-1.1573229341274334,-5.096826342134608,0.6295741068180681,-18.183540630748848,0.2719344611720337,0.023894678362373814,0.00015748,0.1042898696695898,0.00081957,0,0.0
18778,0.09381131590029243,0.000871569784139733,-1.54e-06,1.9464841943037883,5.142739189835587,-43.97966939890906,1.0052136313683062,0.7959941050040569,0.12067054082980143,-28.541834371081396,-1.1573229341274334,32.98857829410356,0.6295741068180681,34.41025371494735,0.2719344611720337,-0.006552869797124465,0.00015748,0.006563352059137804,0.00081957,1,0.0
18779,0.0003768745870634804,0.03779745276826048,-1.54e-06,1.9464841943037883,5.142739189835587,28.507849171013774,1.0052136313683062,10.692515698347968,0.12067054082980143,-42.54624124311741,-1.1573229341274334,51.24692195863041,0.6295741068180681,-1.7386242741664937,0.2719344611720337,0.01745970090557957,0.00015748,0.06015319280729934,0.00081957,0,0.0
18780,0.14147248259787978,0.0015228894266030469,-1.54e-06,1.9464841943037883,5.142739189835587,-48.89768138952104,1.0052136313683062,7.426303158967913,0.12067054082980143,-46.51162593329901,-1.1573229341274334,-27.217731596698105,0.6295741068180681,50.270695469889056,0.2719344611720337,-0.024627554553445067,0.00015748,0.024650319052638054,0.00081957,1,0.0
18781,9.006481787426912e-05,0.04597367311076368,-1.54e-06,1.9464841943037883,5.142739189835587,23.970436437920654,1.0052136313683062,13.72396270795478,0.12067054082980143,-74.23012104856589,-1.1573229341274334,90.1310727038332,0.6295741068180681,10.882121968605897,0.2719344611720337,0.018665191820483002,0.00015748,0.0779077174157858,0.00081957,0,0.0
18782,0.0001621820560396281,0.06372139097091023,-1.54e-06,1.9464841943037883,5.142739189835587,52.12570595745057,1.0052136313683062,21.2194341941041,0.12067054082980143,-87.20429083028036,-1.1573229341274334,32.865971497593144,0.6295741068180681,7.845792566559046,0.2719344611720337,-0.0005819587350223421,0.00015748,0.12583768466614867,0.00081957,1,0.0
18783,0.3040522293002695,0.00547267731044101,-1.54e-06,1.9464841943037883,5.142739189835587,-83.76253222922647,1.0052136313683062,5.614478646942162,0.12067054082980143,-28.79465315054329,-1.1573229341274334,-84.25894778181838,0.6295741068180681,72.98827613860054,0.2719344611720337,-0.011478131354403287,0.00015748,0.011465146330718698,0.00081957,1,0.0
18784,0.16732570276006717,0.002065287975336891,-1.54e-06,1.9464841943037883,5.142739189835587,-46.62720668313948,1.0052136313683062,7.896221847102852,0.12067054082980143,-37.414003415745434,-1.1573229341274334,-64.26690619882059,0.6295741068180681,49.98880895778062,0.2719344611720337,-0.02800604545661512,0.00015748,0.0280117288303438,0.00081957,1,0.0
18785,0.2747748024708303,0.004691660698040953,-1.54e-06,1.9464841943037883,5.142739189835587,-71.78677539816296,1.0052136313683062,3.871224380316904,0.12067054082980143,-18.16416542988427,-1.1573229341274334,-87.30825575994733,0.6295741068180681,62.66556458454955,0.2719344611720337,-0.006710024878923091,0.00015748,0.006711891953176475,0.00081957,1,0.0
18786,0.10269696722510482,0.0008733062158958166,-1.54e-06,1.9464841943037883,5.142739189835587,-63.84432685518509,1.0052136313683062,6.848584972352467,0.12067054082980143,-76.06324362898559,-1.1573229341274334,62.37088923858654,0.6295741068180681,59.905302795908156,0.2719344611720337,-0.018906467514025332,0.00015748,0.018919077326672917,0.00081957,1,0.0
18787,0.0003580516232826736,0.04961372227889578,-1.54e-06,1.9464841943037883,5.142739189835587,26.772522584193094,1.0052136313683062,23.946627860600668,0.12067054082980143,-96.17595247824883,-1.1573229341274334,-74.79268345189905,0.6295741068180681,31.008143778521315,0.2719344611720337,-0.08100247937965394,0.00015748,0.13001995344056708,0.00081957,1,0.0
18788,0.00023062627991624063,0.03630043155114875,-1.54e-06,1.9464841943037883,5.142739189835587,32.42940734476333,1.0052136313683062,6.110321325509846,0.12067054082980143,-18.59448715179153,-1.1573229341274334,50.59831571082563,0.6295741068180681,-12.161039329518449,0.2719344611720337,0.02997163391975248,0.00015748,0.045763435165022556,0.00081957,0,0.0
18789,0.0002487854272669454,0.04207885420754525,-1.54e-06,1.9464841943037883,5.142739189835587,23.489448531355176,1.0052136313683062,12.54411599438507,0.12067054082980143,-69.72886867050337,-1.1573229341274334,66.33772534963033,0.6295741068180681,12.537415160509617,0.2719344611720337,0.009312524880543432,0.00015748,0.07756922523505813,0.00081957,0,0.0
18790,0.1385163207250685,0.0031326996944173375,-1.54e-06,1.9464841943037883,5.142739189835587,-55.56458267577265,1.0052136313683062,-1.2053397237515973,0.12067054082980143,-18.94829852204344,-1.1573229341274334,30.87486099958807,0.6295741068180681,38.56004840906238,0.2719344611720337,-0.019569661757070755,0.00015748,0.01957400406490129,0.00081957,1,0.0
18791,0.053157117821909614,0.002753267149169073,-1.54e-06,1.9464841943037883,5.142739189835587,-8.895344189255946,1.0052136313683062,6.9808517993744275,0.12067054082980143,-26.419684283977464,-1.1573229341274334,-61.446766035446224,0.6295741068180681,22.50456171257215,0.2719344611720337,-0.03607868973519665,0.00015748,0.03607845092532723,0.00081957,1,0.0
18792,3.0462399867231538e-05,0.010215756442425835,-1.54e-06,1.9464841943037883,5.142739189835587,-9.67850957450996,1.0052136313683062,7.584343427566628,0.12067054082980143,-47.3553764098774,-1.1573229341274334,50.331869895389374,0.6295741068180681,17.091978755727332,0.2719344611720337,-0.012835193880070626,0.00015748,0.030650143384004635,0.00081957,1,0.0
18793,0.1329928124992235,0.0010581206769665389,-1.54e-06,1.9464841943037883,5.142739189835587,-69.7569349477008,1.0052136313683062,7.009564049491118,0.12067054082980143,-73.60511336129626,-1.1573229341274334,48.877148373363895,0.6295741068180681,64.21834854339701,0.2719344611720337,-0.018402224390059105,0.00015748,0.018405975263657295,0.00081957,1,0.0
18794,0.04779861806774674,0.007973804862884482,-1.54e-06,1.9464841943037883,5.142739189835587,-21.744240874890856,1.0052136313683062,14.21839677702582,0.12067054082980143,-68.66760407485476,-1.1573229341274334,-32.9833196733063,0.6295741068180681,40.03683523784162,0.2719344611720337,-0.05750842829235915,0.00015748,0.05749501097381757,0.00081957,1,0.0
18795,0.5162318721520323,0.16822390821843697,-1.54e-06,1.9464841943037883,5.142739189835587,1.837268877772235,1.0052136313683062,19.967504348148925,0.12067054082980143,-98.09225708244057,-1.1573229341274334,29.421804804250662,0.6295741068180681,75.53363734966821,0.2719344611720337,0.12194900301841782,0.00015748,0.1964260571850946,0.00081957,0,0.0
18796,0.18345309019061778,0.0019492444116264627,-1.54e-06,1.9464841943037883,5.142739189835587,-93.90553555024714,1.0052136313683062,5.635816984594474,0.12067054082980143,-82.39317095532847,-1.1573229341274334,74.41132393613144,0.6295741068180681,80.07033882137029,0.2719344611720337,-0.011190284830786056,0.00015748,0.011203101808884435,0.00081957,1,0.0
18797,0.2638457138038489,0.004248611233764648,-1.54e-06,1.9464841943037883,5.142739189835587,-79.28530180614788,1.0052136313683062,10.815526125519801,0.12067054082980143,-59.71022105571571,-1.1573229341274334,-77.62899244024784,0.6295741068180681,80.20711529633904,0.2719344611720337,-0.035659870061054325,0.00015748,0.035674259472637054,0.00081957,1,0.0
18798,0.1511963044623503,0.001189810504994253,-1.54e-06,1.9464841943037883,5.142739189835587,-53.73328889108202,1.0052136313683062,4.861533216675518,0.12067054082980143,-38.71945526838172,-1.1573229341274334,-12.861431860596321,0.6295741068180681,49.172779629011806,0.2719344611720337,-0.012365045532342226,0.00015748,0.01238149042285937,0.00081957,1,0.0
18799,0.08971588267131939,0.0027245417368664078,-1.54e-06,1.9464841943037883,5.142739189835587,-59.289240513273434,1.0052136313683062,10.355056659320198,0.12067054082980143,-90.04274075493291,-1.1573229341274334,47.44680873634508,0.6295741068180681,63.566093040189465,0.2719344611720337,-0.036188997339867184,0.00015748,0.03622434823350785,0.00081957,1,0.0
18800,0.0001295764376053471,0.050719681753548074,-1.54e-06,0.9287244942797835,7.711917279670906,48.193126284106945,1.0052136313683062,50.955732939982575,0.12067054082980143,-1e-20,-1.1573229341274334,79.25327717360018,0.6295741068180681,-37.976073526582226,0.2719344611720337,-0.006716373675659457,0.00015748,0.07766979723427278,0.00081957,1,0.0
18801,0.041930806863430814,0.0001347834489983784,-1.54e-06,0.9287244942797835,7.711917279670906,-35.74271981167537,1.0052136313683062,11.524655832475474,0.12067054082980143,-59.943415438428374,-1.1573229341274334,20.3410109263575,0.6295741068180681,36.20184642297542,0.2719344611720337,-0.00612251169898384,0.00015748,0.00613388337492371,0.00081957,1,0.0
18802,0.02465989679507916,0.0004317616745180543,-1.54e-06,0.9287244942797835,7.711917279670906,-37.37301901882591,1.0052136313683062,17.145729949471924,0.12067054082980143,-70.22239613579576,-1.1573229341274334,-54.079541302218686,0.6295741068180681,39.166364145115075,0.2719344611720337,-0.013434682931423643,0.00015748,0.013434159304377635,0.00081957,1,0.0
18803,0.3057910330426508,0.010030037032359409,-1.54e-06,0.9287244942797835,7.711917279670906,-92.55449335477066,1.0052136313683062,11.74758197900665,0.12067054082980143,-17.658883555617624,-1.1573229341274334,-20.57819707923645,0.6295741068180681,86.52318147164578,0.2719344611720337,-0.031732848375813666,0.00015748,0.03180254472092582,0.00081957,1,0.0
18804,0.16758540765704874,0.0029232199540406567,-1.54e-06,0.9287244942797835,7.711917279670906,-53.70056549473033,1.0052136313683062,12.477263247699833,0.12067054082980143,-25.66017932331452,-1.1573229341274334,30.13068982950939,0.6295741068180681,50.26713098247763,0.2719344611720337,-0.01954406904306961,0.00015748,0.019537493569102667,0.00081957,1,0.0
18805,0.10249542683463535,0.0007899762311927697,-1.54e-06,0.9287244942797835,7.711917279670906,-40.429628318847456,1.0052136313683062,7.554662041065296,0.12067054082980143,-24.611241625696696,-1.1573229341274334,-37.81545128683054,0.6295741068180681,39.228229846151024,0.2719344611720337,-0.006576359985870763,0.00015748,0.006577149197198405,0.00081957,1,0.0
18806,0.003025103584996025,0.014101894710892921,-1.54e-06,0.9287244942797835,7.711917279670906,-8.738974304885529,1.0052136313683062,50.55524224780876,0.12067054082980143,-69.2601517286711,-1.1573229341274334,61.42713829868733,0.6295741068180681,8.724298166542239,0.2719344611720337,-0.04188459187989479,0.00015748,0.041926244374596654,0.00081957,1,0.0
18807,0.16338217434698157,0.02402177845711154,-1.54e-06,0.9287244942797835,7.711917279670906,-28.90716928105214,1.0052136313683062,59.81076746620454,0.12067054082980143,-17.45102548634896,-1.1573229341274334,-19.068187463481365,0.6295741068180681,24.44374316247311,0.2719344611720337,-0.05750651760030905,0.00015748,0.057535439363405515,0.00081957,1,0.0
18808,0.1435785820410773,0.0021385555447704404,-1.54e-06,0.9287244942797835,7.711917279670906,-61.84989482176564,1.0052136313683062,7.529260908292755,0.12067054082980143,-50.79364565166041,-1.1573229341274334,28.13847184634617,0.6295741068180681,59.89745745442002,0.2719344611720337,-0.009580278807659267,0.00015748,0.009597752944567248,0.00081957,1,0.0
18809,0.059503568709106384,0.0003010066284007783,-1.54e-06,0.9287244942797835,7.711917279670906,-44.38327839316443,1.0052136313683062,19.110898258406525,0.12067054082980143,-62.111152089721216,-1.1573229341274334,-90.3866718320685,0.6295741068180681,45.51732770093287,0.2719344611720337,-0.012192213022611743,0.00015748,0.012196074217170463,0.00081957,1,0.0
18810,0.051433677150590947,0.0022900497607594578,-1.54e-06,0.9287244942797835,7.711917279670906,-19.037836076395948,1.0052136313683062,-13.315036405315176,0.12067054082980143,-2.2983728525627414,-1.1573229341274334,57.80457477038527,0.6295741068180681,17.78792377180415,0.2719344611720337,-0.013691459727566533,0.00015748,0.013703955029558476,0.00081957,1,0.0
18811,0.1470685574532103,0.0045328023697550025,-1.54e-06,0.9287244942797835,7.711917279670906,-62.705600297565454,1.0052136313683062,37.59455078699898,0.12067054082980143,-85.81723075747452,-1.1573229341274334,96.45627273740455,0.6295741068180681,60.162779193295265,0.2719344611720337,-0.030341016298407714,0.00015748,0.030361033585961428,0.00081957,1,0.0
18812,0.09782138744384405,0.03958953042418952,-1.54e-06,0.9287244942797835,7.711917279670906,-57.741932549364385,1.0052136313683062,-60.8215046713564,0.12067054082980143,-4.552337505932926,-1.1573229341274334,21.074498017307384,0.6295741068180681,57.37931771261828,0.2719344611720337,-0.05773644981520035,0.00015748,0.05772248935460694,0.00081957,1,0.0
18813,0.11114421684279474,0.005499557154765111,-1.54e-06,0.9287244942797835,7.711917279670906,-35.97017123947194,1.0052136313683062,32.86884408670928,0.12067054082980143,-48.341114551155236,-1.1573229341274334,91.70172066671009,0.6295741068180681,33.186736692640004,0.2719344611720337,-0.03052022608602916,0.00015748,0.03053578934839997,0.00081957,1,0.0
18814,0.04922960147759313,0.00025397264998664457,-1.54e-06,0.9287244942797835,7.711917279670906,-45.206284243745884,1.0052136313683062,17.3749435859747,0.12067054082980143,-81.22603856981989,-1.1573229341274334,31.820099173206504,0.6295741068180681,45.883293753135945,0.2719344611720337,-0.010010851925826767,0.00015748,0.009982730606116711,0.00081957,1,0.0
18815,0.22817045010959403,0.0125478828421098,-1.54e-06,0.9287244942797835,7.711917279670906,-66.60365677865784,1.0052136313683062,49.92506236301764,0.12067054082980143,-43.550113533401536,-1.1573229341274334,-42.49008976393128,0.6295741068180681,62.13854417060093,0.2719344611720337,-0.04592990741954217,0.00015748,0.045926023820851106,0.00081957,1,0.0
18816,0.08149927568314734,0.0005987188798043708,-1.54e-06,0.9287244942797835,7.711917279670906,-33.542756238838265,1.0052136313683062,5.2560190682401995,0.12067054082980143,-25.04486840013084,-1.1573229341274334,1.2502898176148372,0.6295741068180681,32.44642862898645,0.2719344611720337,-0.0056497076665371505,0.00015748,0.005667583452243963,0.00081957,1,0.0
18817,0.017298396129545313,0.0019249258056722727,-1.54e-06,0.9287244942797835,7.711917279670906,-43.55959247315865,1.0052136313683062,31.412881428392122,0.12067054082980143,-96.60184657337705,-1.1573229341274334,-85.39754507730399,0.6295741068180681,46.27177929604053,0.2719344611720337,-0.024406036940730822,0.00015748,0.024430279425245432,0.00081957,1,0.0
18818,0.14782560981132176,0.0011614476950781065,-1.54e-06,0.9287244942797835,7.711917279670906,-79.85269103484565,1.0052136313683062,25.81350077659831,0.12067054082980143,-99.79075581831147,-1.1573229341274334,15.982205911778706,0.6295741068180681,78.95778182378893,0.2719344611720337,-0.014233078352276406,0.00015748,0.014230328136819893,0.00081957,1,0.0
18819,0.020822618767261086,0.0011174069560145482,-1.54e-06,0.9287244942797835,7.711917279670906,-21.941488945258346,1.0052136313683062,20.297059527999387,0.12067054082980143,-60.1305343850835,-1.1573229341274334,88.56054997507793,0.6295741068180681,21.853066511118566,0.2719344611720337,-0.014822613095075748,0.00015748,0.014834708788777604,0.00081957,1,0.0
18820,0.15072535972281376,0.003504115297296629,-1.54e-06,0.9287244942797835,7.711917279670906,-62.886654730673655,1.0052136313683062,0.9120892815234148,0.12067054082980143,-44.75647263562138,-1.1573229341274334,47.885134597799684,0.6295741068180681,60.571402061424955,0.2719344611720337,-0.012036661323670738,0.00015748,0.012053867513709475,0.00081957,1,0.0
18821,0.007286875531824527,0.023668554344036166,-1.54e-06,0.9287244942797835,7.711917279670906,-18.86049637527906,1.0052136313683062,69.27500857101883,0.12067054082980143,-97.40471948585405,-1.1573229341274334,-2.755007023742978,0.6295741068180681,19.806412232068812,0.2719344611720337,-0.05580290696582988,0.00015748,0.05590441011004845,0.00081957,1,0.0
18822,0.001038828326433254,0.0007889638728268061,-1.54e-06,0.9287244942797835,7.711917279670906,-32.62761273371811,1.0052136313683062,18.452223599658197,0.12067054082980143,-78.38025998243623,-1.1573229341274334,-28.051610509322472,0.6295741068180681,34.87223542970622,0.2719344611720337,-0.01595498737780377,0.00015748,0.016025212285319,0.00081957,1,0.0
18823,0.0008264347256781018,0.004326473178599758,-1.54e-06,0.9287244942797835,7.711917279670906,-18.948038157100928,1.0052136313683062,33.93623161100189,0.12067054082980143,-67.21323063579013,-1.1573229341274334,-13.665145027952585,0.6295741068180681,20.213942673840602,0.2719344611720337,-0.02628497666470905,0.00015748,0.026277973906319783,0.00081957,1,0.0
18824,0.08054248910097217,0.000534761848894797,-1.54e-06,0.9287244942797835,7.711917279670906,-40.655639427752945,1.0052136313683062,12.999426129120241,0.12067054082980143,-54.889480752591126,-1.1573229341274334,74.694716702825,0.6295741068180681,39.50825655425395,0.2719344611720337,-0.009421734801214325,0.00015748,0.00947510508186242,0.00081957,1,0.0
18825,0.14873583677955998,0.006849598285371826,-1.54e-06,0.9287244942797835,7.711917279670906,-52.201038877503784,1.0052136313683062,-14.475356644032908,0.12067054082980143,-8.067898422731128,-1.1573229341274334,26.810987314693367,0.6295741068180681,49.43762166273135,0.2719344611720337,-0.02068757019958852,0.00015748,0.020667332517584194,0.00081957,1,0.0
18826,0.13386468682558056,0.001235608985310496,-1.54e-06,0.9287244942797835,7.711917279670906,-64.59288788759277,1.0052136313683062,24.60827460099974,0.12067054082980143,-75.8157086171511,-1.1573229341274334,11.113791666346575,0.6295741068180681,63.321257755641675,0.2719344611720337,-0.015996907392151424,0.00015748,0.016004388527616157,0.00081957,1,0.0
18827,0.0010267194197491405,0.0007417762093369067,-1.54e-06,0.9287244942797835,7.711917279670906,-19.542433521524856,1.0052136313683062,17.697104080795835,0.12067054082980143,-60.64161855102291,-1.1573229341274334,54.95031027478366,0.6295741068180681,20.333531398942757,0.2719344611720337,-0.012810970442357248,0.00015748,0.012830406319111544,0.00081957,1,0.0
18828,0.15475225376750962,0.0027326650272305546,-1.54e-06,0.9287244942797835,7.711917279670906,-52.0381154758444,1.0052136313683062,9.78804031734868,0.12067054082980143,-32.71863523681499,-1.1573229341274334,81.118659132454,0.6295741068180681,48.62513582896014,0.2719344611720337,-0.018672532537387557,0.00015748,0.01865864800615715,0.00081957,1,0.0
18829,0.11079785381434168,0.002374929472835744,-1.54e-06,0.9287244942797835,7.711917279670906,-35.79681975650203,1.0052136313683062,-3.9044233851325525,0.12067054082980143,-11.75405235526488,-1.1573229341274334,70.50634176081655,0.6295741068180681,33.17564852479237,0.2719344611720337,-0.014340298576460062,0.00015748,0.014366814138776426,0.00081957,1,0.0
18830,0.13967662143257503,0.005119471698579988,-1.54e-06,0.9287244942797835,7.711917279670906,-36.21263781780869,1.0052136313683062,30.339871107629016,0.12067054082980143,-13.884807998879586,-1.1573229341274334,-58.489155139402015,0.6295741068180681,33.43493437489806,0.2719344611720337,-0.028604849511732516,0.00015748,0.028616607704366723,0.00081957,1,0.0
18831,1.9888683374019722e-05,0.031478438918958004,-1.54e-06,0.9287244942797835,7.711917279670906,9.189203785888543,1.0052136313683062,51.69166325084888,0.12067054082980143,-59.75752047295743,-1.1573229341274334,80.44203934196133,0.6295741068180681,-2.9726195635575405,0.2719344611720337,-0.021926513810238267,0.00015748,0.05979245753027559,0.00081957,1,0.0
18832,0.10231687318886268,0.023175235413543674,-1.54e-06,0.9287244942797835,7.711917279670906,-18.142553574873418,1.0052136313683062,61.03763394192262,0.12067054082980143,-31.909355033860727,-1.1573229341274334,-22.342388851980743,0.6295741068180681,15.471294860176766,0.2719344611720337,-0.054446167492012046,0.00015748,0.05469038191890743,0.00081957,1,0.0
18833,0.17039735103639983,0.0036702346191116774,-1.54e-06,0.9287244942797835,7.711917279670906,-55.099686226177646,1.0052136313683062,4.0839309701495115,0.12067054082980143,-22.358278150291184,-1.1573229341274334,60.58662258840763,0.6295741068180681,51.42626795361403,0.2719344611720337,-0.01903313708898317,0.00015748,0.019070456651802205,0.00081957,1,0.0
18834,0.06204168149648906,0.023583335343118482,-1.54e-06,0.9287244942797835,7.711917279670906,-19.865212662733537,1.0052136313683062,66.31745701551074,0.12067054082980143,-62.7206507564538,-1.1573229341274334,-27.95895176329545,0.6295741068180681,18.94797624123979,0.2719344611720337,-0.05504895045392548,0.00015748,0.05537563762503557,0.00081957,1,0.0
18835,0.02276209725856285,9.756296596173326e-05,-1.54e-06,0.9287244942797835,7.711917279670906,-17.322746736124234,1.0052136313683062,2.918600601298496,0.12067054082980143,-24.098941100892727,-1.1573229341274334,-0.05895503414523261,0.6295741068180681,17.520719214736477,0.2719344611720337,-0.0014557160960741553,0.00015748,0.0014508024470225043,0.00081957,1,0.0
18836,0.03074558796563381,0.00015145767305316737,-1.54e-06,0.9287244942797835,7.711917279670906,-25.971541513569793,1.0052136313683062,11.755676373978421,0.12067054082980143,-36.51605990791272,-1.1573229341274334,-77.79965536787303,0.6295741068180681,26.98229522306801,0.2719344611720337,-0.008442841073817726,0.00015748,0.008453190246921913,0.00081957,1,0.0
18837,0.05292961774952282,0.000256776632929873,-1.54e-06,0.9287244942797835,7.711917279670906,-40.306492836684924,1.0052136313683062,11.801821205460312,0.12067054082980143,-53.581221746757386,-1.1573229341274334,-66.37040956265469,0.6295741068180681,41.26249851814181,0.2719344611720337,-0.007449084589611578,0.00015748,0.007448322565747562,0.00081957,1,0.0
18838,0.15868944537497787,0.0073479228896655945,-1.54e-06,0.9287244942797835,7.711917279670906,-63.53132663884013,1.0052136313683062,-12.020312664646681,0.12067054082980143,-19.375067053628136,-1.1573229341274334,-45.28187475357643,0.6295741068180681,61.63228553848156,0.2719344611720337,-0.017820720140759146,0.00015748,0.017823947886917525,0.00081957,1,0.0
18839,0.2978458595923257,0.009390207259879439,-1.54e-06,0.9287244942797835,7.711917279670906,-94.56186661571967,1.0052136313683062,30.953471021630502,0.12067054082980143,-48.61630614188587,-1.1573229341274334,21.802864482925052,0.6295741068180681,88.65470080994014,0.2719344611720337,-0.037555102807684024,0.00015748,0.037619042983166,0.00081957,1,0.0
18840,0.02010079032536216,0.011762975183260903,-1.54e-06,0.9287244942797835,7.711917279670906,-12.990487315709881,1.0052136313683062,46.95215419160906,0.12067054082980143,-66.49636579814303,-1.1573229341274334,79.23677154461015,0.6295741068180681,12.431505948954973,0.2719344611720337,-0.03906507038649605,0.00015748,0.03906605414937099,0.00081957,1,0.0
18841,0.07591682841511452,0.0010541642118786386,-1.54e-06,0.9287244942797835,7.711917279670906,-50.31467677614265,1.0052136313683062,26.488388348959706,0.12067054082980143,-91.72369110183466,-1.1573229341274334,97.69372200149859,0.6295741068180681,49.78132576709802,0.2719344611720337,-0.017458524150059267,0.00015748,0.01746939112225354,0.00081957,1,0.0
18842,0.06238370906392264,0.007297756470034986,-1.54e-06,0.9287244942797835,7.711917279670906,-33.87899866866515,1.0052136313683062,-22.59821799041894,0.12067054082980143,-5.43483019318723,-1.1573229341274334,-47.983945424007146,0.6295741068180681,33.91699652248014,0.2719344611720337,-0.023065768581491557,0.00015748,0.02305296502521311,0.00081957,1,0.0
18843,0.19684817797492538,0.005759104494835615,-1.54e-06,0.9287244942797835,7.711917279670906,-87.61670661003423,1.0052136313683062,3.0326196089819697,0.12067054082980143,-67.13063820558165,-1.1573229341274334,26.284751812970313,0.6295741068180681,85.20615668633621,0.2719344611720337,-0.012384015333126035,0.00015748,0.012390709575579879,0.00081957,1,0.0
18844,0.1769423917573152,0.005590978882905542,-1.54e-06,0.9287244942797835,7.711917279670906,-68.57799618724475,1.0052136313683062,39.87417129180875,0.12067054082980143,-77.39622951689631,-1.1573229341274334,49.27644395161006,0.6295741068180681,65.57796045497841,0.2719344611720337,-0.03297794410209818,0.00015748,0.032989140529355525,0.00081957,1,0.0
18845,2.3009042020849524e-06,0.021468315205672626,-1.54e-06,0.9287244942797835,7.711917279670906,3.1179641589149147,1.0052136313683062,48.41682350420473,0.12067054082980143,-59.13018044146419,-1.1573229341274334,99.47666508231816,0.6295741068180681,-0.7256289534213478,0.2719344611720337,-0.03053245670705361,0.00015748,0.04757367519461163,0.00081957,1,0.0
18846,0.019455231671023934,0.014634226564377222,-1.54e-06,0.9287244942797835,7.711917279670906,0.36783443652276887,1.0052136313683062,47.738931840778875,0.12067054082980143,-27.01919923223844,-1.1573229341274334,-50.97780423082306,0.6295741068180681,-0.7563984170105902,0.2719344611720337,-0.040957508360479955,0.00015748,0.04107409846176718,0.00081957,1,0.0
18847,0.10821587759236798,0.007678900011066998,-1.54e-06,0.9287244942797835,7.711917279670906,-55.92096464428932,1.0052136313683062,-16.167396972839406,0.12067054082980143,-34.82223548352323,-1.1573229341274334,5.4100577437159485,0.6295741068180681,55.17101987236908,0.2719344611720337,-0.01941280992044014,0.00015748,0.019507018416877315,0.00081957,1,0.0
18848,0.1761125817703214,0.0030095414555495114,-1.54e-06,0.9287244942797835,7.711917279670906,-55.96347180863537,1.0052136313683062,12.614102091654033,0.12067054082980143,-21.528759687828323,-1.1573229341274334,-5.787726081260859,0.6295741068180681,52.60838827506667,0.2719344611720337,-0.019019486357365598,0.00015748,0.019035923500416725,0.00081957,1,0.0
18849,0.11484687255082988,0.0020032292797184607,-1.54e-06,0.9287244942797835,7.711917279670906,-62.028867064833655,1.0052136313683062,34.135839166861196,0.12067054082980143,-90.0199057428405,-1.1573229341274334,7.0450098416760465,0.6295741068180681,61.37786878764993,0.2719344611720337,-0.02275629894252925,0.00015748,0.022779516762544527,0.00081957,1,0.0
18850,0.22747670332296435,0.0066757576764826295,-1.54e-06,0.9287244942797835,7.711917279670906,-84.66004813059769,1.0052136313683062,41.56416077850771,0.12067054082980143,-79.29088041891076,-1.1573229341274334,24.313743315970562,0.6295741068180681,80.86660231784417,0.2719344611720337,-0.03540748539784273,0.00015748,0.03539638666286092,0.00081957,1,0.0
18851,0.27920486642104203,0.009958758686897015,-1.54e-06,0.9287244942797835,7.711917279670906,-87.13950147011106,1.0052136313683062,5.029308272106771,0.12067054082980143,-26.14114283545196,-1.1573229341274334,74.56311336946561,0.6295741068180681,81.09579244274434,0.2719344611720337,-0.03133180005612341,0.00015748,0.031345198499515926,0.00081957,1,0.0
18852,0.14688720441815023,0.01022636125349097,-1.54e-06,0.9287244942797835,7.711917279670906,-53.060062737987096,1.0052136313683062,50.6973340172822,0.12067054082980143,-68.92039590464208,-1.1573229341274334,3.8885996999673615,0.6295741068180681,50.608633926103195,0.2719344611720337,-0.04154162256233218,0.00015748,0.041595830228206426,0.00081957,1,0.0
18853,0.2694217469992547,0.008692860886241143,-1.54e-06,0.9287244942797835,7.711917279670906,-80.61922963865086,1.0052136313683062,22.8828982015056,0.12067054082980143,-36.75975753462872,-1.1573229341274334,87.4049388528017,0.6295741068180681,74.455305731644,0.2719344611720337,-0.03634128614579206,0.00015748,0.036364842271408196,0.00081957,1,0.0
18854,0.17783541477032722,0.00726533291424728,-1.54e-06,0.9287244942797835,7.711917279670906,-62.19919385573437,1.0052136313683062,41.12259819842058,0.12067054082980143,-66.62165846170937,-1.1573229341274334,60.90126938224351,0.6295741068180681,58.67208445973706,0.2719344611720337,-0.03648550239348264,0.00015748,0.03648587459230909,0.00081957,1,0.0
18855,0.05075644491877297,0.008037232911841448,-1.54e-06,0.9287244942797835,7.711917279670906,-13.736409391572924,1.0052136313683062,37.99191744228497,0.12067054082980143,-34.87048956511341,-1.1573229341274334,12.02873170778402,0.6295741068180681,12.526630180569642,0.2719344611720337,-0.03259391538653609,0.00015748,0.032650978738778626,0.00081957,1,0.0
18856,0.14479432008805343,0.0078170332682168,-1.54e-06,0.9287244942797835,7.711917279670906,-70.20293042568255,1.0052136313683062,55.34787332225111,0.12067054082980143,-99.99616747134138,-1.1573229341274334,-74.69708674422449,0.6295741068180681,69.50263413183345,0.2719344611720337,-0.03981396057844059,0.00015748,0.039872014571821913,0.00081957,1,0.0
18857,0.04904855779074001,0.001966242178660119,-1.54e-06,0.9287244942797835,7.711917279670906,-46.366066863883454,1.0052136313683062,33.63644223184314,0.12067054082980143,-92.88638165343079,-1.1573229341274334,-22.419952974757724,0.6295741068180681,47.53407041783444,0.2719344611720337,-0.023168439746979297,0.00015748,0.023179333853333997,0.00081957,1,0.0
18858,0.011414445613079763,0.019805189336588157,-1.54e-06,0.9287244942797835,7.711917279670906,7.565984561679707,1.0052136313683062,51.32095456609704,0.12067054082980143,-35.12436629540748,-1.1573229341274334,83.18292249482872,0.6295741068180681,-9.104676885330402,0.2719344611720337,-0.046842887541145,0.00015748,0.04688141436604592,0.00081957,1,0.0
18859,0.15049428274740495,0.011044613904110198,-1.54e-06,0.9287244942797835,7.711917279670906,-91.70275221392544,1.0052136313683062,-9.023822398572753,0.12067054082980143,-78.36089137447213,-1.1573229341274334,-86.8098039292113,0.6295741068180681,92.2269871054396,0.2719344611720337,-0.01914646379186774,0.00015748,0.01920181778046407,0.00081957,1,0.0
18860,0.0028242819906244346,0.0006752953616930711,-1.54e-06,0.9287244942797835,7.711917279670906,3.5884410753807843,1.0052136313683062,7.660791312449903,0.12067054082980143,-3.996258459329926,-1.1573229341274334,51.89277583625844,0.6295741068180681,-4.308634820283001,0.2719344611720337,-0.008668340288487,0.00015748,0.00868631691964737,0.00081957,1,0.0
18861,0.013574237664178345,0.0001434773700528116,-1.54e-06,0.9287244942797835,7.711917279670906,-26.479485220864774,1.0052136313683062,11.532194678951107,0.12067054082980143,-60.37533126663416,-1.1573229341274334,44.394435097188705,0.6295741068180681,27.292247946927546,0.2719344611720337,-0.007688938155436201,0.00015748,0.007703419603397614,0.00081957,1,0.0
18862,0.022385742962703528,7.916308834315061e-05,-1.54e-06,0.9287244942797835,7.711917279670906,-15.85750646039356,1.0052136313683062,2.28650273293551,0.12067054082980143,-24.991269171441775,-1.1573229341274334,38.48196299232712,0.6295741068180681,15.692406597455347,0.2719344611720337,-0.0006757243137742838,0.00015748,0.0006761381780278355,0.00081957,1,0.0
18863,0.24497650819969247,0.01278685549859943,-1.54e-06,0.9287244942797835,7.711917279670906,-88.16199684341422,1.0052136313683062,-12.317900125254441,0.12067054082980143,-18.752916256527268,-1.1573229341274334,-44.6718066084865,0.6295741068180681,84.42224728541191,0.2719344611720337,-0.0248247674564212,0.00015748,0.02486215898329464,0.00081957,1,0.0
18864,0.3553009018636822,0.022995305659206575,-1.54e-06,0.9287244942797835,7.711917279670906,-87.57236713703546,1.0052136313683062,50.1023722725012,0.12067054082980143,-18.891201740486984,-1.1573229341274334,14.948704872104711,0.6295741068180681,79.00938673722064,0.2719344611720337,-0.06157833985007859,0.00015748,0.06164033179965775,0.00081957,1,0.0
18865,0.035255517110454285,0.002449756304744576,-1.54e-06,0.9287244942797835,7.711917279670906,-41.79279428340409,1.0052136313683062,34.55766446242277,0.12067054082980143,-91.16960323756747,-1.1573229341274334,-35.030642106514186,0.6295741068180681,43.304643066275084,0.2719344611720337,-0.024660733595830223,0.00015748,0.024650222895309992,0.00081957,1,0.0
18866,0.21818149642412193,0.005280870162077506,-1.54e-06,0.9287244942797835,7.711917279670906,-85.16068014011849,1.0052136313683062,9.334822726063503,0.12067054082980143,-61.17921825610257,-1.1573229341274334,75.00768819321276,0.6295741068180681,81.39505689209362,0.2719344611720337,-0.019060757396634865,0.00015748,0.019082353784727755,0.00081957,1,0.0
18867,0.15422361527295747,0.001552942806046894,-1.54e-06,0.9287244942797835,7.711917279670906,-74.83958955951225,1.0052136313683062,24.341415484251492,0.12067054082980143,-87.4109002761462,-1.1573229341274334,39.85276028173137,0.6295741068180681,73.20709729187466,0.2719344611720337,-0.01581942929905003,0.00015748,0.015862329717725963,0.00081957,1,0.0
18868,0.22528732481882305,0.0046519636015540395,-1.54e-06,0.9287244942797835,7.711917279670906,-83.76754427999887,1.0052136313683062,18.556272949847585,0.12067054082980143,-61.23024393614414,-1.1573229341274334,59.59907863148181,0.6295741068180681,79.74458040974396,0.2719344611720337,-0.022969179172423797,0.00015748,0.02297210609476124,0.00081957,1,0.0
18869,0.06272593472188978,0.0026636788129431347,-1.54e-06,0.9287244942797835,7.711917279670906,-53.34624292667493,1.0052136313683062,-0.536558266574459,0.12067054082980143,-70.31516962985914,-1.1573229341274334,6.333313317200692,0.6295741068180681,54.206258381068594,0.2719344611720337,-0.009372083010194807,0.00015748,0.009399177818098688,0.00081957,1,0.0
18870,0.24672287180747166,0.005548078199182008,-1.54e-06,0.9287244942797835,7.711917279670906,-89.08272101869491,1.0052136313683062,29.737580794359715,0.12067054082980143,-65.3371049183856,-1.1573229341274334,17.371842034778332,0.6295741068180681,84.86416226943905,0.2719344611720337,-0.029062143803897537,0.00015748,0.029061852045682797,0.00081957,1,0.0
18871,0.007829404952493417,5.2695669280821264e-05,-1.54e-06,0.9287244942797835,7.711917279670906,-8.689360325749389,1.0052136313683062,0.06655232898240977,0.12067054082980143,-22.326240885175203,-1.1573229341274334,87.53563739815272,0.6295741068180681,8.28038146718341,0.2719344611720337,-0.002119248542821978,0.00015748,0.002120476671452089,0.00081957,1,0.0
18872,0.07535802352488206,0.0007822128816756188,-1.54e-06,0.9287244942797835,7.711917279670906,-28.23051562419214,1.0052136313683062,0.5999016640741945,0.12067054082980143,-14.870800365826844,-1.1573229341274334,12.343147156101953,0.6295741068180681,26.954781926093386,0.2719344611720337,-0.006545747325505834,0.00015748,0.006547894153798675,0.00081957,1,0.0
18873,0.13753585247182498,0.0010901256750983188,-1.54e-06,0.9287244942797835,7.711917279670906,-81.15094087299545,1.0052136313683062,20.878041518291266,0.12067054082980143,-98.67606202828657,-1.1573229341274334,-30.1819051869016,0.6295741068180681,81.08626299008777,0.2719344611720337,-0.00868425425428208,0.00015748,0.00867998389068994,0.00081957,1,0.0
18874,0.06300696266875433,0.00034113197181529745,-1.54e-06,0.9287244942797835,7.711917279670906,-26.91865154979346,1.0052136313683062,3.7367178479258047,0.12067054082980143,-17.345782648621928,-1.1573229341274334,-32.902275861191605,0.6295741068180681,26.382626229609286,0.2719344611720337,-0.002505247051943252,0.00015748,0.002506577337496648,0.00081957,1,0.0
18875,0.21075202125928993,0.005045315325056,-1.54e-06,0.9287244942797835,7.711917279670906,-71.0695175338315,1.0052136313683062,9.434020580374856,0.12067054082980143,-37.76800224272719,-1.1573229341274334,77.2223594637267,0.6295741068180681,66.69131747793033,0.2719344611720337,-0.023026686196223188,0.00015748,0.02305980653630131,0.00081957,1,0.0
18876,0.23598766771766833,0.0071067979146018125,-1.54e-06,0.9287244942797835,7.711917279670906,-78.3723057056947,1.0052136313683062,36.113436663147624,0.12067054082980143,-56.35570378330141,-1.1573229341274334,19.50641088053791,0.6295741068180681,73.88572414849023,0.2719344611720337,-0.035209249340454954,0.00015748,0.03521981612610427,0.00081957,1,0.0
18877,0.1286941176589201,0.0017476684821080713,-1.54e-06,0.9287244942797835,7.711917279670906,-51.43028310194171,1.0052136313683062,25.86907179234582,0.12067054082980143,-45.86069146826522,-1.1573229341274334,-62.068189708832456,0.6295741068180681,50.07152906161086,0.2719344611720337,-0.018743942236518887,0.00015748,0.018740994826772273,0.00081957,1,0.0
18878,0.009742490907645921,2.084818783769359e-05,-1.54e-06,0.9287244942797835,7.711917279670906,-9.986744428685679,1.0052136313683062,2.273040130039951,0.12067054082980143,-17.46810526770195,-1.1573229341274334,10.040966370878905,0.6295741068180681,10.159784024165935,0.2719344611720337,-0.0012924134479710405,0.00015748,0.0012923066173694269,0.00081957,1,0.0
18879,0.025188891868258925,0.005815401119699785,-1.54e-06,0.9287244942797835,7.711917279670906,-49.276323287382155,1.0052136313683062,-7.764514517441051,0.12067054082980143,-68.19599310519887,-1.1573229341274334,-75.0614050938353,0.6295741068180681,51.96764537952703,0.2719344611720337,-0.02172340602214882,0.00015748,0.02177493871416002,0.00081957,1,0.0
18880,0.02917596928018645,0.0002491166893936356,-1.54e-06,0.9287244942797835,7.711917279670906,-13.47384145447237,1.0052136313683062,10.49508160459839,0.12067054082980143,-14.55370575431283,-1.1573229341274334,-48.70909940966728,0.6295741068180681,13.538318460692418,0.2719344611720337,-0.007330585821161507,0.00015748,0.007332455219491191,0.00081957,1,0.0
18881,0.01885357523109949,0.00022523451849427604,-1.54e-06,0.9287244942797835,7.711917279670906,-30.045864190664023,1.0052136313683062,8.85032250339413,0.12067054082980143,-61.67105532206123,-1.1573229341274334,41.383285206521975,0.6295741068180681,30.914639766394473,0.2719344611720337,-0.006105232157464536,0.00015748,0.0062024247530275385,0.00081957,1,0.0
18882,0.0031618119073086124,9.728088789551516e-06,-1.54e-06,0.9287244942797835,7.711917279670906,-1.4997801576164318,1.0052136313683062,1.8397549890042082,0.12067054082980143,-0.31645703967365735,-1.1573229341274334,-23.677412237610405,0.6295741068180681,1.64599178809881,0.2719344611720337,-0.0014826553745953058,0.00015748,0.0014831367427665814,0.00081957,1,0.0
18883,0.04819445572307445,0.00017606727304442522,-1.54e-06,0.9287244942797835,7.711917279670906,-38.61854318471436,1.0052136313683062,15.482581436894778,0.12067054082980143,-61.97935117987293,-1.1573229341274334,-14.416407001135978,0.6295741068180681,39.26833601949836,0.2719344611720337,-0.009128107201976215,0.00015748,0.00912650166688552,0.00081957,1,0.0
18884,0.16419185860742483,0.00395775077317366,-1.54e-06,0.9287244942797835,7.711917279670906,-58.87703874805106,1.0052136313683062,-1.5881266240269285,0.12067054082980143,-16.2321403890823,-1.1573229341274334,-49.269974685435116,0.6295741068180681,56.49553853093808,0.2719344611720337,-0.013031322260893157,0.00015748,0.013030050466292293,0.00081957,1,0.0
18885,-2.954535351884502e-05,0.059316935834828464,-1.54e-06,0.9287244942797835,7.711917279670906,32.44005476290644,1.0052136313683062,57.924928187823646,0.12067054082980143,-40.77833145964053,-1.1573229341274334,-28.405067040190964,0.6295741068180681,-15.365604000261406,0.2719344611720337,-0.0074167799943842955,0.00015748,0.10425147011281584,0.00081957,1,0.0
18886,0.2001910933101764,0.0053809879618630695,-1.54e-06,0.9287244942797835,7.711917279670906,-52.074453942334785,1.0052136313683062,13.498672279005104,0.12067054082980143,-7.948826051408787,-1.1573229341274334,59.725064445424934,0.6295741068180681,47.04202156992666,0.2719344611720337,-0.02869616637317344,0.00015748,0.028733922767979078,0.00081957,1,0.0
18887,0.052960648744483405,0.0001861218052679542,-1.54e-06,0.9287244942797835,7.711917279670906,-27.41060357127438,1.0052136313683062,12.47930145024658,0.12067054082980143,-30.119721220324525,-1.1573229341274334,-52.07741341456119,0.6295741068180681,27.445505482159817,0.2719344611720337,-0.007474216634984853,0.00015748,0.007483009742940012,0.00081957,1,0.0
18888,0.04251329332930827,0.015097968180845061,-1.54e-06,0.9287244942797835,7.711917279670906,-5.246708832604059,1.0052136313683062,49.72084935975257,0.12067054082980143,-23.243357431762735,-1.1573229341274334,-83.96464151085543,0.6295741068180681,4.546870182156102,0.2719344611720337,-0.04246042294973722,0.00015748,0.042563388139778155,0.00081957,1,0.0
18889,0.11886078436731169,0.0010680612631471743,-1.54e-06,0.9287244942797835,7.711917279670906,-60.72818255923096,1.0052136313683062,13.970522891853216,0.12067054082980143,-73.64724710393834,-1.1573229341274334,73.93622196043914,0.6295741068180681,59.33808934460285,0.2719344611720337,-0.009125379363918638,0.00015748,0.009139457428768104,0.00081957,1,0.0
18890,0.023823552365360642,5.390835272168504e-05,-1.54e-06,0.9287244942797835,7.711917279670906,-15.959788118321569,1.0052136313683062,7.004580547985923,0.12067054082980143,-17.391348752517054,-1.1573229341274334,-66.5261958780608,0.6295741068180681,16.526735885513222,0.2719344611720337,-0.004885030514008126,0.00015748,0.0048969769642344466,0.00081957,1,0.0
18891,0.11044731967065702,0.005129256344636756,-1.54e-06,0.9287244942797835,7.711917279670906,-59.20275664768791,1.0052136313683062,46.169805521182475,0.12067054082980143,-93.86079165530974,-1.1573229341274334,-31.918755022982648,0.6295741068180681,58.8293683553639,0.2719344611720337,-0.03288437282228911,0.00015748,0.03287450237124964,0.00081957,1,0.0
18892,0.022345411846115826,2.757148101792876e-05,-1.54e-06,0.9287244942797835,7.711917279670906,-15.385527979070678,1.0052136313683062,4.932340346998586,0.12067054082980143,-20.613811276625384,-1.1573229341274334,-16.203763439588144,0.6295741068180681,15.598590356441752,0.2719344611720337,-0.0026486983893473795,0.00015748,0.0026502487021677857,0.00081957,1,0.0
18893,0.11499404122292074,0.0009784603164210508,-1.54e-06,0.9287244942797835,7.711917279670906,-58.29025533180161,1.0052136313683062,17.54645179264302,0.12067054082980143,-76.38533557891351,-1.1573229341274334,92.84551078132235,0.6295741068180681,56.7584861829169,0.2719344611720337,-0.012307102867282819,0.00015748,0.012324123576341526,0.00081957,1,0.0
18894,0.016733565009812726,0.006477171556323933,-1.54e-06,0.9287244942797835,7.711917279670906,7.253632538767219,1.0052136313683062,26.50150626906052,0.12067054082980143,-8.780480370742838,-1.1573229341274334,75.00264840284343,0.6295741068180681,-8.916156654778069,0.2719344611720337,-0.026739671139170643,0.00015748,0.026805222504608792,0.00081957,1,0.0
18895,0.1348925771626714,0.0011299315434410056,-1.54e-06,0.9287244942797835,7.711917279670906,-76.05665708282696,1.0052136313683062,33.21439211047444,0.12067054082980143,-94.33792077667991,-1.1573229341274334,-96.61724366857106,0.6295741068180681,76.27017062577674,0.2719344611720337,-0.019504169299028092,0.00015748,0.01951384718271797,0.00081957,1,0.0
18896,0.0006638208816686017,0.0031802674843402507,-1.54e-06,0.9287244942797835,7.711917279670906,5.288481497319303,1.0052136313683062,20.289998800379312,0.12067054082980143,-7.588373974740196,-1.1573229341274334,-3.6100360237961953,0.6295741068180681,-5.6139182704588775,0.2719344611720337,-0.018242267724669047,0.00015748,0.018285125745579035,0.00081957,1,0.0
18897,0.1699090476999817,0.0029276300974523236,-1.54e-06,0.9287244942797835,7.711917279670906,-77.42373629060884,1.0052136313683062,10.366018369780756,0.12067054082980143,-71.63275401606438,-1.1573229341274334,49.68952485279746,0.6295741068180681,75.25535213988034,0.2719344611720337,-0.010610003522222588,0.00015748,0.01061147538734198,0.00081957,1,0.0
18898,0.06195939109731424,0.002601567529553434,-1.54e-06,0.9287244942797835,7.711917279670906,-46.806062543369265,1.0052136313683062,36.50224366161279,0.12067054082980143,-83.20757570618477,-1.1573229341274334,-76.38733840162196,0.6295741068180681,47.89947840222885,0.2719344611720337,-0.025389138080085107,0.00015748,0.025428382921567797,0.00081957,1,0.0
18899,0.0004917804493453568,0.0011345355075883397,-1.54e-06,0.9287244942797835,7.711917279670906,-6.861823324698661,1.0052136313683062,15.87239680749163,0.12067054082980143,-31.890341643878703,-1.1573229341274334,35.12659303915503,0.6295741068180681,7.0128472083307125,0.2719344611720337,-0.012563896425936914,0.00015748,0.012550363738444882,0.00081957,1,0.0
18900,0.00013201850567896162,0.006667003231544655,-1.54e-06,3.450317238911107,5.9334145391034205,3.5232197061729376,1.0052136313683062,-0.5696655180502739,0.12067054082980143,-68.49002357720897,-1.1573229341274334,77.44478548829204,0.6295741068180681,43.01608112019765,0.2719344611720337,-0.019850165925695263,0.00015748,0.026998873138121663,0.00081957,1,0.0
18901,0.015604395302150409,0.000313195380574146,-1.54e-06,3.450317238911107,5.9334145391034205,14.43047519170663,1.0052136313683062,5.694463910569204,0.12067054082980143,-39.68915644718167,-1.1573229341274334,-28.95310977180721,0.6295741068180681,18.300301992456653,0.2719344611720337,-0.011267555318623713,0.00015748,0.011273936322235344,0.00081957,1,0.0
18902,0.05353070576342758,0.0006070749152191721,-1.54e-06,3.450317238911107,5.9334145391034205,-3.3096107571240996,1.0052136313683062,8.32162285193063,0.12067054082980143,-66.31493969997747,-1.1573229341274334,-50.67707109946612,0.6295741068180681,44.44599427886144,0.2719344611720337,-0.017222668339547997,0.00015748,0.017226693489854082,0.00081957,1,0.0
18903,0.037055161068568834,0.001941420191316935,-1.54e-06,3.450317238911107,5.9334145391034205,23.10822644784376,1.0052136313683062,1.1014674498061117,0.12067054082980143,-29.822743525975042,-1.1573229341274334,-68.48422990909282,0.6295741068180681,29.44069323977392,0.2719344611720337,-0.0215808400784036,0.00015748,0.02162370216226768,0.00081957,1,0.0
18904,4.4105470296498805e-05,0.002467216316236386,-1.54e-06,3.450317238911107,5.9334145391034205,-5.98197276018056,1.0052136313683062,5.807776936842798,0.12067054082980143,-92.95179851966832,-1.1573229341274334,72.13790847343971,0.6295741068180681,47.65895481935037,0.2719344611720337,-0.014658509943882993,0.00015748,0.01773418831310907,0.00081957,1,0.0
18905,1.4302700867468987e-05,0.003945309106253166,-1.54e-06,3.450317238911107,5.9334145391034205,-17.764316796109952,1.0052136313683062,0.5159904026603663,0.12067054082980143,-46.304733565730956,-1.1573229341274334,89.34246400382547,0.6295741068180681,26.398860950250732,0.2719344611720337,-0.002176069783857093,0.00015748,0.009562046034874145,0.00081957,1,0.0
18906,0.00015666167301700562,0.017410825487210048,-1.54e-06,3.450317238911107,5.9334145391034205,24.407018550479364,1.0052136313683062,-10.972752072911772,0.12067054082980143,-19.763677935804747,-1.1573229341274334,53.918085864459826,0.6295741068180681,31.642532404808428,0.2719344611720337,-0.04073022278191585,0.00015748,0.05053499471043868,0.00081957,1,0.0
18907,0.0319390942124108,0.003933097824276767,-1.54e-06,3.450317238911107,5.9334145391034205,26.20303839117825,1.0052136313683062,2.1648671972019793,0.12067054082980143,-62.20576813132064,-1.1573229341274334,-45.49560495094461,0.6295741068180681,46.883520201719804,0.2719344611720337,-0.030534928597760656,0.00015748,0.0305600440864824,0.00081957,1,0.0
18908,0.004341163061450437,0.038001675475633045,-1.54e-06,3.450317238911107,5.9334145391034205,77.92426808697444,1.0052136313683062,-16.190906430799277,0.12067054082980143,-12.660400227978228,-1.1573229341274334,15.86793303670966,0.6295741068180681,33.68402928532712,0.2719344611720337,-0.06365520136565134,0.00015748,0.08000916674103939,0.00081957,1,0.0
18909,2.9478758217654777e-05,0.012249168448311667,-1.54e-06,3.450317238911107,5.9334145391034205,66.68856971163319,1.0052136313683062,5.3259110209399125,0.12067054082980143,-87.71242241788777,-1.1573229341274334,62.59048417615318,0.6295741068180681,30.094984832867073,0.2719344611720337,-0.009939260823397956,0.00015748,0.031431249110081785,0.00081957,1,0.0
18910,0.04930789584869588,0.05129598648245175,-1.54e-06,3.450317238911107,5.9334145391034205,46.18404789140347,1.0052136313683062,-17.549672348301204,0.12067054082980143,-37.42773412926386,-1.1573229341274334,41.054856460169766,0.6295741068180681,67.0865496266064,0.2719344611720337,-0.07042346569475397,0.00015748,0.09317667410566743,0.00081957,1,0.0
18911,0.0001214430741429684,0.004336032945670674,-1.54e-06,3.450317238911107,5.9334145391034205,81.83020155124883,1.0052136313683062,13.540744962362119,0.12067054082980143,-45.65011898924332,-1.1573229341274334,-93.05204347566476,0.6295741068180681,-6.922861823920179,0.2719344611720337,-0.022175448023379146,0.00015748,0.025505011642459566,0.00081957,1,0.0
18912,0.051594699241514136,0.005448454797369108,-1.54e-06,3.450317238911107,5.9334145391034205,9.603986184891404,1.0052136313683062,-3.43274916347813,0.12067054082980143,-22.802712281233326,-1.1573229341274334,-66.04612631926014,0.6295741068180681,41.00469103932789,0.2719344611720337,-0.031733820645581556,0.00015748,0.03190360524260254,0.00081957,1,0.0
18913,-5.867816536844761e-06,0.0005083323705248894,-1.54e-06,3.450317238911107,5.9334145391034205,50.30590316512434,1.0052136313683062,4.493219661474099,0.12067054082980143,-22.956955036006978,-1.1573229341274334,-60.60471274409637,0.6295741068180681,2.3538515613446958,0.2719344611720337,-0.0124801176288863,0.00015748,0.012659755813595689,0.00081957,1,0.0
18914,0.01765019785867393,0.002273858429185713,-1.54e-06,3.450317238911107,5.9334145391034205,1.1066037657789138,1.0052136313683062,5.370727482423087,0.12067054082980143,-94.191220481234,-1.1573229341274334,23.319328140773514,0.6295741068180681,57.26602577143224,0.2719344611720337,-0.024666229466695146,0.00015748,0.024676874647058783,0.00081957,1,0.0
18915,0.00022641755999451563,0.020332098966724887,-1.54e-06,3.450317238911107,5.9334145391034205,40.52360814015487,1.0052136313683062,5.810361330126454,0.12067054082980143,-5.367751179614258,-1.1573229341274334,97.96438797653819,0.6295741068180681,-32.70495761981839,0.2719344611720337,-0.01057610642758925,0.00015748,0.0440790698425244,0.00081957,1,0.0
18916,-2.8817089155475095e-06,0.018731546134841102,-1.54e-06,3.450317238911107,5.9334145391034205,64.36612921299887,1.0052136313683062,-7.987718001724092,0.12067054082980143,-20.273657514205162,-1.1573229341274334,33.995073123720104,0.6295741068180681,17.881135756914993,0.2719344611720337,-0.03243116759127362,0.00015748,0.05037579543644736,0.00081957,1,0.0
18917,0.020831859080615217,0.0005924962145276742,-1.54e-06,3.450317238911107,5.9334145391034205,-19.06085402940644,1.0052136313683062,7.908675343602252,0.12067054082980143,-87.06812888198137,-1.1573229341274334,34.41561663827966,0.6295741068180681,48.694607730147766,0.2719344611720337,-0.015436274082035559,0.00015748,0.015442261031614973,0.00081957,1,0.0
18918,0.0039567103422577105,1.65699742076982e-05,-1.54e-06,3.450317238911107,5.9334145391034205,-38.720920783229374,1.0052136313683062,-0.1825801378535359,0.12067054082980143,-19.745016384860886,-1.1573229341274334,59.10197747353785,0.6295741068180681,17.129538749484656,0.2719344611720337,-0.002411186195991475,0.00015748,0.002417534589382532,0.00081957,1,0.0
18919,0.010939661628745531,0.00027189393055893996,-1.54e-06,3.450317238911107,5.9334145391034205,-39.33304236544212,1.0052136313683062,5.72475491232264,0.12067054082980143,-78.87853471896173,-1.1573229341274334,75.66135188971742,0.6295741068180681,45.79936231795139,0.2719344611720337,-0.009921082817244223,0.00015748,0.00992473534546861,0.00081957,1,0.0
18920,0.043263964339689154,0.0014861251561720406,-1.54e-06,3.450317238911107,5.9334145391034205,-83.32429118032368,1.0052136313683062,2.455376791831442,0.12067054082980143,-13.471960365985195,-1.1573229341274334,48.54397173950017,0.6295741068180681,22.881356742604794,0.2719344611720337,-0.017513241750771392,0.00015748,0.01752651252879277,0.00081957,1,0.0
18921,6.202645540090944e-05,0.0033891074642536517,-1.54e-06,3.450317238911107,5.9334145391034205,-3.9186229917814464,1.0052136313683062,-0.6379806504244073,0.12067054082980143,-50.348385023071046,-1.1573229341274334,56.76047635885245,0.6295741068180681,33.653590696965594,0.2719344611720337,-0.01570386350392029,0.00015748,0.019024749679599034,0.00081957,1,0.0
18922,0.0009598197458416668,0.02865885959833918,-1.54e-06,3.450317238911107,5.9334145391034205,52.46070052598072,1.0052136313683062,-10.935928807944599,0.12067054082980143,-57.20794175681668,-1.1573229341274334,18.040139478721013,0.6295741068180681,58.63810695559976,0.2719344611720337,-0.0655460217729097,0.00015748,0.07061777815994978,0.00081957,1,0.0
18923,0.050070107684140996,0.00282302768308619,-1.54e-06,3.450317238911107,5.9334145391034205,-38.54841059298371,1.0052136313683062,12.2203621796093,0.12067054082980143,-67.6388655993241,-1.1573229341274334,-7.002226740289741,0.6295741068180681,36.82151158181069,0.2719344611720337,-0.023948021687943934,0.00015748,0.023968975297213004,0.00081957,1,0.0
18924,0.0002069155943791659,0.013587136084434018,-1.54e-06,3.450317238911107,5.9334145391034205,44.424024079265884,1.0052136313683062,2.3425322490901404,0.12067054082980143,-97.62201627618242,-1.1573229341274334,94.85105528395306,0.6295741068180681,46.304122792730816,0.2719344611720337,-0.0187695019635524,0.00015748,0.03806382800001457,0.00081957,1,0.0
18925,0.07114282250174721,0.003949612562684779,-1.54e-06,3.450317238911107,5.9334145391034205,-52.47228970288045,1.0052136313683062,-4.697450510375287,0.12067054082980143,-25.357419012276967,-1.1573229341274334,-9.164858989464394,0.6295741068180681,55.80347328150959,0.2719344611720337,-0.02413571398992174,0.00015748,0.024203984045167822,0.00081957,1,0.0
18926,0.016023335016156937,0.0019127729266758267,-1.54e-06,3.450317238911107,5.9334145391034205,48.41049443369867,1.0052136313683062,12.373546864871006,0.12067054082980143,-96.6864990563076,-1.1573229341274334,-51.52225459078094,0.6295741068180681,39.648522329372035,0.2719344611720337,-0.027405655557557057,0.00015748,0.027408843252757692,0.00081957,1,0.0
18927,0.01902052303782214,0.00016601771165923926,-1.54e-06,3.450317238911107,5.9334145391034205,31.124005965470595,1.0052136313683062,2.8425889725768427,0.12067054082980143,-6.415233144898481,-1.1573229341274334,-71.88472843767441,0.6295741068180681,2.802565636414305,0.2719344611720337,-0.008336726443715728,0.00015748,0.008379694260998853,0.00081957,1,0.0
18928,0.08235925908319214,0.0004094973852271062,-1.54e-06,3.450317238911107,5.9334145391034205,-43.00615879877832,1.0052136313683062,5.3045286098583135,0.12067054082980143,-53.7894922698376,-1.1573229341274334,-42.71003850373659,0.6295741068180681,55.17443694883396,0.2719344611720337,-0.011741597318809768,0.00015748,0.011805128458641774,0.00081957,1,0.0
18929,0.023170882369266857,0.00041312227460752284,-1.54e-06,3.450317238911107,5.9334145391034205,-75.24906199385312,1.0052136313683062,2.8540566567184,0.12067054082980143,-42.05464915326721,-1.1573229341274334,86.48511530932785,0.6295741068180681,33.76697145321151,0.2719344611720337,-0.0101662873359361,0.00015748,0.010165895862978452,0.00081957,1,0.0
18930,0.05139787974273757,0.0012966110907999258,-1.54e-06,3.450317238911107,5.9334145391034205,19.662156168511775,1.0052136313683062,5.416070754523656,0.12067054082980143,-52.706768893772384,-1.1573229341274334,-80.25492727650867,0.6295741068180681,40.09820869087186,0.2719344611720337,-0.02137002320621062,0.00015748,0.021379015864960348,0.00081957,1,0.0
18931,0.03221340034294748,0.004480101784987259,-1.54e-06,3.450317238911107,5.9334145391034205,-28.501300396529427,1.0052136313683062,11.504900866325588,0.12067054082980143,-42.306738176040305,-1.1573229341274334,-8.917102643379405,0.6295741068180681,14.567694177197868,0.2719344611720337,-0.02806220804589241,0.00015748,0.028082930041753943,0.00081957,1,0.0
18932,0.00011975968894917255,0.02665206749240454,-1.54e-06,3.450317238911107,5.9334145391034205,74.69257607451777,1.0052136313683062,19.46046223714189,0.12067054082980143,-60.81404554058959,-1.1573229341274334,44.44876388999004,0.6295741068180681,-27.029135107662835,0.2719344611720337,-0.02784947514287832,0.00015748,0.05842460330440581,0.00081957,1,0.0
18933,0.00014005559601031753,0.0024656147779607424,-1.54e-06,3.450317238911107,5.9334145391034205,23.636167485605203,1.0052136313683062,2.8791658726380107,0.12067054082980143,-60.50268611516393,-1.1573229341274334,10.598835736051653,0.6295741068180681,31.998147153440026,0.2719344611720337,-0.019278728804969315,0.00015748,0.02089047559123089,0.00081957,1,0.0
18934,0.0491985083713965,0.006830291170854746,-1.54e-06,3.450317238911107,5.9334145391034205,-45.51960466753298,1.0052136313683062,15.982783968052681,0.12067054082980143,-74.29022148283497,-1.1573229341274334,-0.8154962754198536,0.6295741068180681,32.601090622988714,0.2719344611720337,-0.03551298459404335,0.00015748,0.03552286383238918,0.00081957,1,0.0
18935,0.10467248058682337,0.000731587473610836,-1.54e-06,3.450317238911107,5.9334145391034205,-44.62831307496616,1.0052136313683062,8.845752534292242,0.12067054082980143,-78.87861029332731,-1.1573229341274334,-65.6910882654815,0.6295741068180681,71.85559336422264,0.2719344611720337,-0.018247360567013482,0.00015748,0.018255090009541328,0.00081957,1,0.0
18936,0.09335466398992567,0.00027653184296340286,-1.54e-06,3.450317238911107,5.9334145391034205,-83.83159928795644,1.0052136313683062,3.5505742050362588,0.12067054082980143,-45.95939544966422,-1.1573229341274334,-6.766576623683012,0.6295741068180681,59.973248526402664,0.2719344611720337,-0.004946619501247517,0.00015748,0.0049484727199584164,0.00081957,1,0.0
18937,0.1353674489590043,0.0007584569842276152,-1.54e-06,3.450317238911107,5.9334145391034205,-86.68260138976382,1.0052136313683062,9.459500092357265,0.12067054082980143,-91.0761007404633,-1.1573229341274334,-49.46968923059148,0.6295741068180681,91.64135308302052,0.2719344611720337,-0.01692132058405212,0.00015748,0.016921667611389763,0.00081957,1,0.0
18938,0.0012652989776152507,0.0001613784686814757,-1.54e-06,3.450317238911107,5.9334145391034205,-41.45187703472464,1.0052136313683062,3.2720981611778,0.12067054082980143,-46.85618752253772,-1.1573229341274334,77.11928692247803,0.6295741068180681,26.57326909338194,0.2719344611720337,-0.0062101642219795795,0.00015748,0.006227906234570297,0.00081957,1,0.0
18939,0.09343627260106122,0.001648565036415003,-1.54e-06,3.450317238911107,5.9334145391034205,-78.32238217378122,1.0052136313683062,11.304322464256582,0.12067054082980143,-80.36451298969385,-1.1573229341274334,-8.841456427999924,0.6295741068180681,64.87062712153788,0.2719344611720337,-0.019829448091922528,0.00015748,0.019861609320337637,0.00081957,1,0.0
18940,-8.796646093253702e-06,0.0022112916742680114,-1.54e-06,3.450317238911107,5.9334145391034205,-6.273177439134791,1.0052136313683062,4.81220318051753,0.12067054082980143,-97.74611612221634,-1.1573229341274334,66.03535503809341,0.6295741068180681,54.77461985390005,0.2719344611720337,-0.021213477728878435,0.00015748,0.02177486572022069,0.00081957,1,0.0
18941,0.00024111802070243826,0.0005027556811079536,-1.54e-06,3.450317238911107,5.9334145391034205,-25.222627668975242,1.0052136313683062,5.752861746656307,0.12067054082980143,-81.4564260903115,-1.1573229341274334,75.69207224588266,0.6295741068180681,42.86450440804681,0.2719344611720337,-0.011190825603642604,0.00015748,0.011382665541897626,0.00081957,1,0.0
18942,0.0766047599409354,0.0002679024156025373,-1.54e-06,3.450317238911107,5.9334145391034205,-62.444086117134894,1.0052136313683062,6.292312429996254,0.12067054082980143,-68.15850973771424,-1.1573229341274334,-1.1963059726675593,0.6295741068180681,61.576834590304976,0.2719344611720337,-0.010705886046725645,0.00015748,0.01070996149051322,0.00081957,1,0.0
18943,0.009738889387652327,0.0007030504351974822,-1.54e-06,3.450317238911107,5.9334145391034205,9.361565920110378,1.0052136313683062,6.613054156380866,0.12067054082980143,-70.40821986872938,-1.1573229341274334,5.253812178187018,0.6295741068180681,35.098386359629544,0.2719344611720337,-0.01607121139407925,0.00015748,0.01607688513802926,0.00081957,1,0.0
18944,0.01711336297088184,0.00923349401113142,-1.54e-06,3.450317238911107,5.9334145391034205,-7.866681872352225,1.0052136313683062,18.196586855415628,0.12067054082980143,-74.37621173680874,-1.1573229341274334,-7.499454630068129,0.6295741068180681,14.268301881247833,0.2719344611720337,-0.04035573198143898,0.00015748,0.04035440899459283,0.00081957,1,0.0
18945,0.02043938648732918,0.0008780120771088057,-1.54e-06,3.450317238911107,5.9334145391034205,6.029953092554241,1.0052136313683062,6.648169446858717,0.12067054082980143,-74.59615375259733,-1.1573229341274334,-3.736097007739518,0.6295741068180681,41.79577977289501,0.2719344611720337,-0.0179775240736028,0.00015748,0.01797316513426636,0.00081957,1,0.0
18946,0.03036423309537173,0.0005094700834056545,-1.54e-06,3.450317238911107,5.9334145391034205,-5.813066937328951,1.0052136313683062,4.0701973762865045,0.12067054082980143,-5.382680140806562,-1.1573229341274334,-43.82397601021391,0.6295741068180681,5.149372192233637,0.2719344611720337,-0.009078886747549383,0.00015748,0.009091291358422472,0.00081957,1,0.0
18947,0.00021984674734365495,0.0005692617564573682,-1.54e-06,3.450317238911107,5.9334145391034205,-0.7131721393002999,1.0052136313683062,4.100136212564753,0.12067054082980143,-61.593240260191564,-1.1573229341274334,32.79957133113,0.6295741068180681,32.158264137791924,0.2719344611720337,-0.01274989556298585,0.00015748,0.012753912638925249,0.00081957,1,0.0
18948,0.04069643314436356,0.0030594202826997046,-1.54e-06,3.450317238911107,5.9334145391034205,22.566690450836603,1.0052136313683062,3.332107713988371,0.12067054082980143,-62.15310061124898,-1.1573229341274334,-56.62163766525552,0.6295741068180681,47.40080900168231,0.2719344611720337,-0.02812112514133719,0.00015748,0.02814854519707824,0.00081957,1,0.0
18949,0.034781463572019417,8.235024162770005e-05,-1.54e-06,3.450317238911107,5.9334145391034205,-27.020035373875782,1.0052136313683062,3.4342412105193088,0.12067054082980143,-31.467368451358464,-1.1573229341274334,-3.274806144880719,0.6295741068180681,26.893159891891955,0.2719344611720337,-0.005565857207443065,0.00015748,0.005573364552038601,0.00081957,1,0.0
18950,0.13065660600436615,0.0006223366687805222,-1.54e-06,3.450317238911107,5.9334145391034205,-82.24360330470252,1.0052136313683062,3.8239711506096836,0.12067054082980143,-33.91541124762323,-1.1573229341274334,-73.77279251709722,0.6295741068180681,64.27215803286248,0.2719344611720337,-0.006381148932248715,0.00015748,0.0063915827483543505,0.00081957,1,0.0
18951,0.1429196514891586,0.001842809102793994,-1.54e-06,3.450317238911107,5.9334145391034205,-99.58571511268516,1.0052136313683062,-1.2158245888177277,0.12067054082980143,-19.424470179831953,-1.1573229341274334,-67.36360361457264,0.6295741068180681,71.4445526157298,0.2719344611720337,-0.011269665625697069,0.00015748,0.011272734613843025,0.00081957,1,0.0
18952,0.06826799966415184,0.00019583946127086542,-1.54e-06,3.450317238911107,5.9334145391034205,-58.07360141338065,1.0052136313683062,1.1005204552659607,0.12067054082980143,-16.60677767598279,-1.1573229341274334,-17.263461495391176,0.6295741068180681,35.69640195987546,0.2719344611720337,-0.0009809483603034183,0.00015748,0.0009792335955480266,0.00081957,1,0.0
18953,0.05404558164002053,0.00039330493378367986,-1.54e-06,3.450317238911107,5.9334145391034205,-40.63096373818753,1.0052136313683062,7.319147543116725,0.12067054082980143,-77.27682202725944,-1.1573229341274334,7.932958461148223,0.6295741068180681,56.24068744583872,0.2719344611720337,-0.013461851884592743,0.00015748,0.013516888524308067,0.00081957,1,0.0
18954,0.09339840278678405,0.0003714945602689136,-1.54e-06,3.450317238911107,5.9334145391034205,-52.76510438977776,1.0052136313683062,3.9506547305280373,0.12067054082980143,-20.67181543107518,-1.1573229341274334,-65.99336089083126,0.6295741068180681,40.38988273663076,0.2719344611720337,-0.006049391070298358,0.00015748,0.006052948859124048,0.00081957,1,0.0
18955,0.08712166159698317,0.0006614330202748302,-1.54e-06,3.450317238911107,5.9334145391034205,-28.459689720885947,1.0052136313683062,9.33792640421882,0.12067054082980143,-73.5734423180158,-1.1573229341274334,-65.41193086157949,0.6295741068180681,60.110056357319536,0.2719344611720337,-0.01794792686668424,0.00015748,0.01795497859748242,0.00081957,1,0.0
18956,0.01965601443918222,0.00047359580379050317,-1.54e-06,3.450317238911107,5.9334145391034205,-12.07739441654644,1.0052136313683062,-1.4747674937445503,0.12067054082980143,-9.276102653590447,-1.1573229341274334,-3.854085536567063,0.6295741068180681,17.249504958799108,0.2719344611720337,-0.008700740766925738,0.00015748,0.008704294327040564,0.00081957,1,0.0
18957,0.04386410126109254,7.35002235272369e-05,-1.54e-06,3.450317238911107,5.9334145391034205,-24.195405070974044,1.0052136313683062,2.333525972129793,0.12067054082980143,-20.066990070501106,-1.1573229341274334,-25.84237870249383,0.6295741068180681,24.818606640216053,0.2719344611720337,-0.004301118871253731,0.00015748,0.004307126303562646,0.00081957,1,0.0
18958,0.004434504655992932,0.04500979658145416,-1.54e-06,3.450317238911107,5.9334145391034205,-43.69165452703638,1.0052136313683062,26.823983972787858,0.12067054082980143,-45.45250439779453,-1.1573229341274334,19.280278163515444,0.6295741068180681,-28.03098697842254,0.2719344611720337,-0.08718184521042595,0.00015748,0.08720247313798983,0.00081957,1,0.0
18959,0.10413384887626752,0.0024075017818637684,-1.54e-06,3.450317238911107,5.9334145391034205,-45.80085874467806,1.0052136313683062,1.2248030344390342,0.12067054082980143,-47.20527150735463,-1.1573229341274334,-66.7645899815236,0.6295741068180681,68.06533968199093,0.2719344611720337,-0.021277896512421107,0.00015748,0.021329429527104985,0.00081957,1,0.0
18960,5.7010774514115736e-05,0.011585810297843543,-1.54e-06,3.450317238911107,5.9334145391034205,4.115227477782132,1.0052136313683062,13.008247329046851,0.12067054082980143,-70.76292856563784,-1.1573229341274334,82.47105656634946,0.6295741068180681,8.235800351274008,0.2719344611720337,-0.02037239692080013,0.00015748,0.03495581728050193,0.00081957,1,0.0
18961,0.07468669952203136,0.00021820224717828874,-1.54e-06,3.450317238911107,5.9334145391034205,-32.10740779781147,1.0052136313683062,2.392275715363201,0.12067054082980143,-11.272350211840553,-1.1573229341274334,-67.80531805496986,0.6295741068180681,30.009059540914343,0.2719344611720337,-0.00444091193449875,0.00015748,0.004459948596564055,0.00081957,1,0.0
18962,0.04978336989070331,0.0018857100550142706,-1.54e-06,3.450317238911107,5.9334145391034205,1.6629586285556157,1.0052136313683062,-1.4486839003491976,0.12067054082980143,-12.074365777554304,-1.1573229341274334,-65.54876335664669,0.6295741068180681,29.005985449923756,0.2719344611720337,-0.019092463996305188,0.00015748,0.019093164452368243,0.00081957,1,0.0
18963,0.026976344733920944,2.6295814605552783e-05,-1.54e-06,3.450317238911107,5.9334145391034205,-79.76298511693138,1.0052136313683062,1.252741025644348,0.12067054082980143,-50.72421668728815,-1.1573229341274334,96.35354136054073,0.6295741068180681,44.92681219036651,0.2719344611720337,-0.002189599417799419,0.00015748,0.0021896433744934564,0.00081957,1,0.0
18964,0.02854407159198926,0.0001079597072499975,-1.54e-06,3.450317238911107,5.9334145391034205,-67.25774959916738,1.0052136313683062,2.9937067357252527,0.12067054082980143,-49.05273672261871,-1.1573229341274334,72.282552438515,0.6295741068180681,39.651075683748466,0.2719344611720337,-0.005718853090245951,0.00015748,0.005725908090788148,0.00081957,1,0.0
18965,2.9202203466471843e-06,0.0027555218629011936,-1.54e-06,3.450317238911107,5.9334145391034205,83.0114141340641,1.0052136313683062,14.708167119606022,0.12067054082980143,-91.993163215127,-1.1573229341274334,-80.33516890564313,0.6295741068180681,23.430827367916805,0.2719344611720337,-0.029927817345682187,0.00015748,0.030237742686463134,0.00081957,1,0.0
18966,0.007684154644738955,0.0017626996925478107,-1.54e-06,3.450317238911107,5.9334145391034205,74.9012308857025,1.0052136313683062,11.050309531008928,0.12067054082980143,-71.23281972457129,-1.1573229341274334,-87.9891379190836,0.6295741068180681,21.22356939250712,0.2719344611720337,-0.026033329823580226,0.00015748,0.026073903958977136,0.00081957,1,0.0
18967,0.05690872997970253,0.00010392040093210075,-1.54e-06,3.450317238911107,5.9334145391034205,-73.77803104002558,1.0052136313683062,1.8579973063327904,0.12067054082980143,-38.831151092727765,-1.1573229341274334,33.91626402767486,0.6295741068180681,45.734762198412035,0.2719344611720337,-0.0021582470414673338,0.00015748,0.002159965146166036,0.00081957,1,0.0
18968,0.10112781117386214,0.0015375899569409662,-1.54e-06,3.450317238911107,5.9334145391034205,-34.9398165450117,1.0052136313683062,11.223832277606187,0.12067054082980143,-53.11173828232991,-1.1573229341274334,-96.21723003038056,0.6295741068180681,47.16703254275801,0.2719344611720337,-0.01929996263618498,0.00015748,0.019304653257408804,0.00081957,1,0.0
18969,0.09968740875174764,0.0006181842648863998,-1.54e-06,3.450317238911107,5.9334145391034205,-73.95657538543297,1.0052136313683062,2.8453181661153906,0.12067054082980143,-12.114426488114411,-1.1573229341274334,-50.6438042154628,0.6295741068180681,40.485199284066894,0.2719344611720337,-0.006520262443520955,0.00015748,0.006524453493049868,0.00081957,1,0.0
18970,2.215613760833679e-05,0.0025957144255779117,-1.54e-06,3.450317238911107,5.9334145391034205,57.95239751716396,1.0052136313683062,11.30632694224704,0.12067054082980143,-99.1381501392868,-1.1573229341274334,-31.254824126293347,0.6295741068180681,37.06351106873212,0.2719344611720337,-0.027236736744203183,0.00015748,0.02820161545305705,0.00081957,1,0.0
18971,0.11457912790441205,0.003688656688733966,-1.54e-06,3.450317238911107,5.9334145391034205,-66.73710234114498,1.0052136313683062,13.745604632495931,0.12067054082980143,-62.66322534188069,-1.1573229341274334,-73.86106495144736,0.6295741068180681,54.11271620317759,0.2719344611720337,-0.026745630316895218,0.00015748,0.026743984153502993,0.00081957,1,0.0
18972,0.07718727800281022,0.0014202968050622776,-1.54e-06,3.450317238911107,5.9334145391034205,7.912901230292684,1.0052136313683062,12.747298930260314,0.12067054082980143,-92.71609534768733,-1.1573229341274334,-93.57719894287614,0.6295741068180681,59.73574315340967,0.2719344611720337,-0.026245282103830914,0.00015748,0.026249527588583014,0.00081957,1,0.0
18973,0.04730811795764012,0.05828344769556315,-1.54e-06,3.450317238911107,5.9334145391034205,-60.47513311495139,1.0052136313683062,32.60327795411747,0.12067054082980143,-60.63333886248162,-1.1573229341274334,-26.74734541763423,0.6295741068180681,-15.206221143043221,0.2719344611720337,-0.09913304912599548,0.00015748,0.0990562500503122,0.00081957,1,0.0
18974,0.039389282393431035,0.03496609232181967,-1.54e-06,3.450317238911107,5.9334145391034205,-16.16215695512711,1.0052136313683062,28.538285773500924,0.12067054082980143,-62.709650811971855,-1.1573229341274334,-62.24808587884439,0.6295741068180681,-9.420101448348236,0.2719344611720337,-0.07635127546314491,0.00015748,0.0763309428508567,0.00081957,1,0.0
18975,6.187503438248132e-05,0.0175433413829076,-1.54e-06,3.450317238911107,5.9334145391034205,71.41371448586568,1.0052136313683062,-0.03702180659410862,0.12067054082980143,-37.28630684543193,-1.1573229341274334,91.34502319577736,0.6295741068180681,1.0174352885032916,0.2719344611720337,0.0016079179707652793,0.00015748,0.03161970925960565,0.00081957,0,0.0
18976,0.008736891450731754,0.0025308318755432584,-1.54e-06,3.450317238911107,5.9334145391034205,75.34621913904084,1.0052136313683062,14.399061294337082,0.12067054082980143,-96.20901575764039,-1.1573229341274334,-81.14351912792564,0.6295741068180681,30.64821895835928,0.2719344611720337,-0.030665143795219712,0.00015748,0.03068890842954426,0.00081957,1,0.0
18977,5.215185537504885e-05,0.011129526009141702,-1.54e-06,3.450317238911107,5.9334145391034205,-4.972609372860115,1.0052136313683062,16.213301978565205,0.12067054082980143,-58.9093434500979,-1.1573229341274334,23.901565720508067,0.6295741068180681,0.2990072287751604,0.2719344611720337,-0.038633900397504084,0.00015748,0.04181970269482474,0.00081957,1,0.0
18978,0.02244300184668746,0.019660231251635622,-1.54e-06,3.450317238911107,5.9334145391034205,-29.865040818867275,1.0052136313683062,17.301692961672835,0.12067054082980143,-16.693457602688486,-1.1573229341274334,-23.207604376493723,0.6295741068180681,-19.634318873540956,0.2719344611720337,-0.05738087938191524,0.00015748,0.057427698401830325,0.00081957,1,0.0
18979,0.004303050589154145,0.011313693700346298,-1.54e-06,3.450317238911107,5.9334145391034205,32.15441444071792,1.0052136313683062,14.76983807861302,0.12067054082980143,-2.718295235346386,-1.1573229341274334,-81.8443568173599,0.6295741068180681,-32.690371332325235,0.2719344611720337,-0.042107358351615165,0.00015748,0.04207985625151896,0.00081957,1,0.0
18980,5.1267750393851896e-05,0.014860366491102532,-1.54e-06,3.450317238911107,5.9334145391034205,12.211618798066256,1.0052136313683062,-7.665952222203993,0.12067054082980143,-36.29437814272672,-1.1573229341274334,99.09008902023307,0.6295741068180681,32.420802832889684,0.2719344611720337,-0.02690812592508233,0.00015748,0.04197294313025818,0.00081957,1,0.0
18981,9.38794992021777e-05,0.005732423393005346,-1.54e-06,3.450317238911107,5.9334145391034205,27.363079916263793,1.0052136313683062,3.6905537792274723,0.12067054082980143,-26.649761088937588,-1.1573229341274334,28.487285979135553,0.6295741068180681,0.918151435498586,0.2719344611720337,0.0025503138523252,0.00015748,0.008913912355634126,0.00081957,0,0.0
18982,0.0963624012996212,0.0026445785562541502,-1.54e-06,3.450317238911107,5.9334145391034205,-67.21644805826527,1.0052136313683062,7.62675901604675,0.12067054082980143,-17.19616027043862,-1.1573229341274334,-62.1821033896263,0.6295741068180681,31.243546405993357,0.2719344611720337,-0.020409734793375076,0.00015748,0.020437011021583563,0.00081957,1,0.0
18983,9.141378671803646e-05,0.0026125098807066724,-1.54e-06,3.450317238911107,5.9334145391034205,70.69413724191503,1.0052136313683062,9.501709792435614,0.12067054082980143,-71.50971760964708,-1.1573229341274334,-56.47498618403997,0.6295741068180681,21.17938466420516,0.2719344611720337,-0.022602766480455422,0.00015748,0.024860635510372008,0.00081957,1,0.0
18984,0.00010583724817879957,0.006923448226142323,-1.54e-06,3.450317238911107,5.9334145391034205,12.181632962260444,1.0052136313683062,-0.023463457827182246,0.12067054082980143,-11.432306346050925,-1.1573229341274334,57.99980736117161,0.6295741068180681,-1.34999051083346,0.2719344611720337,0.0018809111318711007,0.00015748,0.011876922262025181,0.00081957,0,0.0
18985,0.025735467935451714,0.00019372394294278237,-1.54e-06,3.450317238911107,5.9334145391034205,-49.454881058901755,1.0052136313683062,5.3790430448154005,0.12067054082980143,-73.06511122851758,-1.1573229341274334,63.57037176089151,0.6295741068180681,48.42368349395954,0.2719344611720337,-0.008871290501554762,0.00015748,0.008859062707691765,0.00081957,1,0.0
18986,0.08572822625740376,0.0014564215816022011,-1.54e-06,3.450317238911107,5.9334145391034205,-57.68567030604847,1.0052136313683062,2.7319057476661968,0.12067054082980143,-66.24011680267157,-1.1573229341274334,-14.137655092840292,0.6295741068180681,71.54653779497541,0.2719344611720337,-0.017393889377984504,0.00015748,0.01740948006075776,0.00081957,1,0.0
18987,0.03386632730126092,0.000337809094554258,-1.54e-06,3.450317238911107,5.9334145391034205,-36.90724256827971,1.0052136313683062,6.736610182093299,0.12067054082980143,-78.6923909745722,-1.1573229341274334,35.471783425201664,0.6295741068180681,51.2761923348329,0.2719344611720337,-0.012386958061708342,0.00015748,0.012394410936287235,0.00081957,1,0.0
18988,0.050202298743788856,0.00022868687165107808,-1.54e-06,3.450317238911107,5.9334145391034205,-0.20142595838580002,1.0052136313683062,5.092880851468472,0.12067054082980143,-29.651215603368946,-1.1573229341274334,-67.08544984115858,0.6295741068180681,25.874300959708698,0.2719344611720337,-0.010473541489618475,0.00015748,0.010477049709129235,0.00081957,1,0.0
18989,0.044493643871149985,0.0007918654049524205,-1.54e-06,3.450317238911107,5.9334145391034205,-48.51984373639995,1.0052136313683062,6.518797061583257,0.12067054082980143,-99.73235234865935,-1.1573229341274334,49.61370060777419,0.6295741068180681,70.3354751911677,0.2719344611720337,-0.016552374512050275,0.00015748,0.01656059235340061,0.00081957,1,0.0
18990,0.020977125181178932,4.11496994094868e-05,-1.54e-06,3.450317238911107,5.9334145391034205,-49.28680067463385,1.0052136313683062,0.4516646031824232,0.12067054082980143,-30.430312362366422,-1.1573229341274334,53.31589752488315,0.6295741068180681,29.399047687758806,0.2719344611720337,-0.00018630825840292188,0.00015748,0.00021245310650119066,0.00081957,1,0.0
18991,0.012745558102218085,0.001473017746810437,-1.54e-06,3.450317238911107,5.9334145391034205,61.50032564775083,1.0052136313683062,9.801453966792243,0.12067054082980143,-68.63522458820673,-1.1573229341274334,-76.87572788857986,0.6295741068180681,24.86829923656036,0.2719344611720337,-0.024221135408221107,0.00015748,0.02422999628029806,0.00081957,1,0.0
18992,0.037949839201978336,0.0009703397601302856,-1.54e-06,3.450317238911107,5.9334145391034205,-5.933817499908272,1.0052136313683062,9.274437055080856,0.12067054082980143,-92.61276789963183,-1.1573229341274334,-8.035447634390167,0.6295741068180681,54.610637468357076,0.2719344611720337,-0.020369348596591546,0.00015748,0.02039819015021965,0.00081957,1,0.0
18993,0.00014481989692272101,0.01884950497085422,-1.54e-06,3.450317238911107,5.9334145391034205,93.85441440437872,1.0052136313683062,18.759239167509055,0.12067054082980143,-87.77095236013417,-1.1573229341274334,27.434388291971718,0.6295741068180681,-6.672074381530787,0.2719344611720337,-0.015244001696586778,0.00015748,0.04342841880538559,0.00081957,1,0.0
18994,0.08779317723273014,0.0002815299932963365,-1.54e-06,3.450317238911107,5.9334145391034205,-38.84512853137952,1.0052136313683062,3.6079104652567624,0.12067054082980143,-21.527496048049777,-1.1573229341274334,-74.57548873249416,0.6295741068180681,39.07780696113091,0.2719344611720337,-0.006604848328989148,0.00015748,0.006610550671783812,0.00081957,1,0.0
18995,0.011025600748220742,3.0509348606856796e-05,-1.54e-06,3.450317238911107,5.9334145391034205,-25.468283682966153,1.0052136313683062,2.028024384137757,0.12067054082980143,-33.05271095214069,-1.1573229341274334,34.797278377489924,0.6295741068180681,22.781877794645368,0.2719344611720337,-0.0033505967855756674,0.00015748,0.0033592952612807587,0.00081957,1,0.0
18996,0.04200255971874867,0.0007713421374860327,-1.54e-06,3.450317238911107,5.9334145391034205,9.168707447426149,1.0052136313683062,8.94082657294941,0.12067054082980143,-70.90296378869907,-1.1573229341274334,-48.19144521302681,0.6295741068180681,41.401824280702385,0.2719344611720337,-0.01892043398929712,0.00015748,0.01891963661145866,0.00081957,1,0.0
18997,0.01189302087202107,0.04222414894327302,-1.54e-06,3.450317238911107,5.9334145391034205,68.9069889902986,1.0052136313683062,-12.485861958092169,0.12067054082980143,-69.60054400447335,-1.1573229341274334,28.04154973701986,0.6295741068180681,68.98762431836617,0.2719344611720337,-0.07352574613674837,0.00015748,0.0860867710039592,0.00081957,1,0.0
18998,7.998066271693027e-05,0.004017391378052617,-1.54e-06,3.450317238911107,5.9334145391034205,41.92444504871661,1.0052136313683062,6.4130015394707796,0.12067054082980143,-54.38351477305381,-1.1573229341274334,1.9765108603567887,0.6295741068180681,15.090654024139965,0.2719344611720337,-0.008416986354656849,0.00015748,0.015801941478981077,0.00081957,1,0.0
18999,0.11098094752258246,0.0006617132463646616,-1.54e-06,3.450317238911107,5.9334145391034205,-60.41981950518318,1.0052136313683062,4.01289417737386,0.12067054082980143,-11.949035949282495,-1.1573229341274334,-88.1355525901142,0.6295741068180681,40.91269400307752,0.2719344611720337,-0.006617441557011206,0.00015748,0.006674020302193325,0.00081957,1,0.0
19000,0.00041045887170432227,0.05028044930349532,-1.54e-06,1.9101617833100923,3.129449789051122,-21.978931164570554,1.0052136313683062,5.999626332271841,0.12067054082980143,-65.51100023095343,-1.1573229341274334,52.243301690656054,0.6295741068180681,38.185000589268114,0.2719344611720337,-0.09223606590167494,0.00015748,0.13048268324713475,0.00081957,1,0.0
19001,0.48792274714922546,0.2467530876701216,-1.54e-06,1.9101617833100923,3.129449789051122,24.559995306690293,1.0052136313683062,10.258308529744212,0.12067054082980143,-77.12537588862142,-1.1573229341274334,55.25663822666504,0.6295741068180681,32.78969147989548,0.2719344611720337,0.3793835244116849,0.00015748,0.7460839007714147,0.00081957,0,0.0
19002,8.452432177527558e-05,0.3631211488103712,-1.54e-06,1.9101617833100923,3.129449789051122,25.827263919562743,1.0052136313683062,1.3645085639854073,0.12067054082980143,-26.57738119552823,-1.1573229341274334,76.41273430751556,0.6295741068180681,-10.910237962607379,0.2719344611720337,0.13768208559231038,0.00015748,0.8125923373893678,0.00081957,0,0.0
19003,0.8155747186753007,0.0976481467804799,-1.54e-06,1.9101617833100923,3.129449789051122,-75.01243917944821,1.0052136313683062,7.782207086216096,0.12067054082980143,-80.10234784596068,-1.1573229341274334,24.0493885301095,0.6295741068180681,95.17293180514821,0.2719344611720337,-0.12750961608390607,0.00015748,0.12730432108139242,0.00081957,1,0.0
19004,0.38563978959086936,0.13055937946692464,-1.54e-06,1.9101617833100923,3.129449789051122,-9.980369240422963,1.0052136313683062,10.375430855666837,0.12067054082980143,-46.92116064317648,-1.1573229341274334,-19.91611524244837,0.6295741068180681,39.46235071969828,0.2719344611720337,-0.2526235673253242,0.00015748,0.253924396759276,0.00081957,1,0.0
19005,0.07598931521385839,0.005875808682692642,-1.54e-06,1.9101617833100923,3.129449789051122,-39.788107607114355,1.0052136313683062,0.8842171657226165,0.12067054082980143,-47.19809509886553,-1.1573229341274334,57.217592555685435,0.6295741068180681,39.36360963485466,0.2719344611720337,-0.042664511472935464,0.00015748,0.042919617715713655,0.00081957,1,0.0
19006,0.0005889207298759302,0.2972939153095813,-1.54e-06,1.9101617833100923,3.129449789051122,87.23342527870517,1.0052136313683062,10.753935859329456,0.12067054082980143,-44.75820075873554,-1.1573229341274334,86.61539576918135,0.6295741068180681,-38.36902725730052,0.2719344611720337,0.48000840867123734,0.00015748,1.277565869438767,0.00081957,0,0.0
19007,0.0003090845620612459,0.028816066583924205,-1.54e-06,1.9101617833100923,3.129449789051122,79.06006892557734,1.0052136313683062,18.677731921025924,0.12067054082980143,-81.51690442565409,-1.1573229341274334,37.948175749739924,0.6295741068180681,-5.9895760802662235,0.2719344611720337,0.40069406858707246,0.00015748,0.6947201302247908,0.00081957,0,0.0
19008,0.5242128559816516,0.14045666758611164,-1.54e-06,1.9101617833100923,3.129449789051122,61.56080080936422,1.0052136313683062,23.468405606301303,0.12067054082980143,-86.57677007681308,-1.1573229341274334,1.1269186395668234,0.6295741068180681,19.708551941129322,0.2719344611720337,0.37560862294189057,0.00015748,0.748746989714511,0.00081957,0,0.0
19009,0.511078416005563,0.07569864024486983,-1.54e-06,1.9101617833100923,3.129449789051122,-68.70643289068035,1.0052136313683062,-0.5511324051952042,0.12067054082980143,-40.20919483248658,-1.1573229341274334,40.647663880040106,0.6295741068180681,62.427912333222174,0.2719344611720337,-0.11062447569953755,0.00015748,0.11045058525264621,0.00081957,1,0.0
19010,0.24340482225778715,0.20410594960405085,-1.54e-06,1.9101617833100923,3.129449789051122,38.83718605076153,1.0052136313683062,11.255104286446437,0.12067054082980143,-14.770704891247942,-1.1573229341274334,-52.14750403118985,0.6295741068180681,-2.294489878085393,0.2719344611720337,-0.117411983448278,0.00015748,0.34725830633422916,0.00081957,1,0.0
19011,0.6043572282626954,0.06485197248361152,-1.54e-06,1.9101617833100923,3.129449789051122,-17.10423651502867,1.0052136313683062,3.908738530759005,0.12067054082980143,-0.010520416399759439,-1.1573229341274334,-50.63808119364583,0.6295741068180681,28.283610293301972,0.2719344611720337,-0.08559473703095122,0.00015748,0.08550051176216883,0.00081957,1,0.0
19012,-0.00012220873529322773,0.03294356720441394,-1.54e-06,1.9101617833100923,3.129449789051122,73.2009992236082,1.0052136313683062,18.75292631534344,0.12067054082980143,-87.11854667209117,-1.1573229341274334,49.553934834931034,0.6295741068180681,-2.2367116442264425,0.2719344611720337,0.45076677919400115,0.00015748,0.6683099521246318,0.00081957,0,0.0
19013,0.0002804297417334789,0.09116767448788711,-1.54e-06,1.9101617833100923,3.129449789051122,-0.5717409277483939,1.0052136313683062,6.345401507925307,0.12067054082980143,-50.13031945102509,-1.1573229341274334,35.876027358565835,0.6295741068180681,20.97981613944739,0.2719344611720337,0.012623551574897682,0.00015748,0.1772550854724615,0.00081957,0,0.0
19014,0.8327473558380141,0.09605485440252218,-1.54e-06,1.9101617833100923,3.129449789051122,-77.34372520278288,1.0052136313683062,4.6994701460420725,0.12067054082980143,-62.821877889856026,-1.1573229341274334,20.16993119798747,0.6295741068180681,88.60596149464074,0.2719344611720337,-0.05088296558243984,0.00015748,0.05149014819719657,0.00081957,1,0.0
19015,0.028522280210231177,0.05185661547266568,-1.54e-06,1.9101617833100923,3.129449789051122,85.99361808699436,1.0052136313683062,14.54579963010038,0.12067054082980143,-36.82201806435387,-1.1573229341274334,3.3784287316132406,0.6295741068180681,-28.272001774512567,0.2719344611720337,0.4449452313662764,0.00015748,0.5730659810247652,0.00081957,0,0.0
19016,0.5591486568236775,0.19036921576513463,-1.54e-06,1.9101617833100923,3.129449789051122,23.870227492364606,1.0052136313683062,17.376561827701092,0.12067054082980143,-82.93276622395612,-1.1573229341274334,23.822707762527074,0.6295741068180681,36.538986222123484,0.2719344611720337,0.379140508344668,0.00015748,0.5396454943926955,0.00081957,0,0.0
19017,0.34050329569496446,0.027788864472674486,-1.54e-06,1.9101617833100923,3.129449789051122,-46.77338617419456,1.0052136313683062,-0.14171344078085582,0.12067054082980143,-32.552891578042825,-1.1573229341274334,30.57141497222368,0.6295741068180681,45.2957177317037,0.2719344611720337,-0.04910724433042344,0.00015748,0.049836329257997504,0.00081957,1,0.0
19018,0.5102885273626727,0.03961455169464265,-1.54e-06,1.9101617833100923,3.129449789051122,-34.54708140775255,1.0052136313683062,3.993979782796146,0.12067054082980143,-29.80973591464955,-1.1573229341274334,-7.24900241052817,0.6295741068180681,45.48733290759941,0.2719344611720337,-0.07101931851814244,0.00015748,0.07113881692962856,0.00081957,1,0.0
19019,0.25438845467344207,0.011364404887149907,-1.54e-06,1.9101617833100923,3.129449789051122,-32.90016324705377,1.0052136313683062,3.543465237970837,0.12067054082980143,-43.32733355227168,-1.1573229341274334,25.436695005548383,0.6295741068180681,41.75954765761552,0.2719344611720337,-0.05775481083210617,0.00015748,0.05778253967615473,0.00081957,1,0.0
19020,0.6994853223231485,0.10672502214504642,-1.54e-06,1.9101617833100923,3.129449789051122,-44.82301381061328,1.0052136313683062,9.041083716313034,0.12067054082980143,-58.87475828705867,-1.1573229341274334,-8.125775863747089,0.6295741068180681,69.6149369378256,0.2719344611720337,-0.1865181642564231,0.00015748,0.1875122754965587,0.00081957,1,0.0
19021,0.3584936215350012,0.09697062279146161,-1.54e-06,1.9101617833100923,3.129449789051122,72.18357153288247,1.0052136313683062,22.452808406979162,0.12067054082980143,-80.3166442713046,-1.1573229341274334,4.603116459636095,0.6295741068180681,7.152649701657922,0.2719344611720337,0.3781064548856724,0.00015748,0.7384897123474538,0.00081957,0,0.0
19022,0.0003761505264643361,0.08169909817329221,-1.54e-06,1.9101617833100923,3.129449789051122,91.15845740930742,1.0052136313683062,20.257244491190324,0.12067054082980143,-95.69392776800636,-1.1573229341274334,65.78085334230593,0.6295741068180681,-9.165857494353425,0.2719344611720337,0.6507162647004444,0.00015748,0.8118601753740461,0.00081957,0,0.0
19023,0.0001260956582076478,0.04034595765323871,-1.54e-06,1.9101617833100923,3.129449789051122,36.40811378258248,1.0052136313683062,13.600649937687269,0.12067054082980143,-90.26004676827607,-1.1573229341274334,86.81254663956399,0.6295741068180681,13.659511741026817,0.2719344611720337,0.45776212776717906,0.00015748,0.5506052295501787,0.00081957,0,0.0
19024,0.0004469087345046474,0.12510779868839403,-1.54e-06,1.9101617833100923,3.129449789051122,25.072828607826967,1.0052136313683062,7.884496901287754,0.12067054082980143,-32.86910900266018,-1.1573229341274334,10.541488353553111,0.6295741068180681,1.0372434988043493,0.2719344611720337,0.07295532714564278,0.00015748,0.24665910702051158,0.00081957,0,0.0
19025,0.17149444012848195,0.010773262355255199,-1.54e-06,1.9101617833100923,3.129449789051122,-63.01186133752575,1.0052136313683062,3.693182140991731,0.12067054082980143,-85.8713989718807,-1.1573229341274334,87.70900488939267,0.6295741068180681,69.55922583839316,0.2719344611720337,-0.048607762958182664,0.00015748,0.0488580960032047,0.00081957,1,0.0
19026,0.041252917190206295,0.033034547362014006,-1.54e-06,1.9101617833100923,3.129449789051122,90.37849344935475,1.0052136313683062,21.166296379933247,0.12067054082980143,-77.87968536972369,-1.1573229341274334,19.43909070619769,0.6295741068180681,-11.573169225425962,0.2719344611720337,0.37613895960550636,0.00015748,0.7472307994394848,0.00081957,0,0.0
19027,0.7275413725285911,0.0892505446016889,-1.54e-06,1.9101617833100923,3.129449789051122,-25.917554717011342,1.0052136313683062,3.963050165568395,0.12067054082980143,-0.1798511137000022,-1.1573229341274334,-54.045383841017625,0.6295741068180681,35.73977550046671,0.2719344611720337,-0.0726290501975402,0.00015748,0.0726045546101919,0.00081957,1,0.0
19028,0.5355555212052382,0.11187285118574533,-1.54e-06,1.9101617833100923,3.129449789051122,-33.846767897397704,1.0052136313683062,10.580462339611078,0.12067054082980143,-63.65708494552012,-1.1573229341274334,-1.8304246100462798,0.6295741068180681,61.06771627708619,0.2719344611720337,-0.2236102849027609,0.00015748,0.22521257117487012,0.00081957,1,0.0
19029,0.54428649544856,0.1706125757882156,-1.54e-06,1.9101617833100923,3.129449789051122,75.89688635650373,1.0052136313683062,21.019883121727645,0.12067054082980143,-52.01882987255493,-1.1573229341274334,-33.52196315220913,0.6295741068180681,-0.3692545363894374,0.2719344611720337,0.38621688382053143,0.00015748,0.7077693725069901,0.00081957,0,0.0
19030,0.7876081995738646,0.1500395638450099,-1.54e-06,1.9101617833100923,3.129449789051122,-33.81341637638107,1.0052136313683062,10.208910664555013,0.12067054082980143,-44.792242569402454,-1.1573229341274334,-37.78750191798421,0.6295741068180681,61.88200904144384,0.2719344611720337,-0.2251664579824791,0.00015748,0.22538474247647974,0.00081957,1,0.0
19031,0.5168027261916104,0.16876322166205035,-1.54e-06,1.9101617833100923,3.129449789051122,99.30203480710037,1.0052136313683062,23.20413702305761,0.12067054082980143,-42.89958304899609,-1.1573229341274334,-56.440011322401205,0.6295741068180681,-15.262969745178914,0.2719344611720337,0.36394198785709486,0.00015748,0.7988815131491973,0.00081957,0,0.0
19032,0.6038729323501987,0.16632285183782988,-1.54e-06,1.9101617833100923,3.129449789051122,22.392449599084735,1.0052136313683062,19.433483155082563,0.12067054082980143,-99.81688357031169,-1.1573229341274334,36.77828429818539,0.6295741068180681,45.101337543023384,0.2719344611720337,0.4252665222418775,0.00015748,0.5996606989067406,0.00081957,0,0.0
19033,0.12072441699391534,0.08907246718424776,-1.54e-06,1.9101617833100923,3.129449789051122,-41.31255896969553,1.0052136313683062,8.18848272284697,0.12067054082980143,-99.38600890500894,-1.1573229341274334,76.13942713998502,0.6295741068180681,66.20673731106494,0.2719344611720337,-0.12454838688913422,0.00015748,0.18490733614605553,0.00081957,1,0.0
19034,0.002081351068899173,0.17255308649299703,-1.54e-06,1.9101617833100923,3.129449789051122,61.95516035518994,1.0052136313683062,6.281169964627548,0.12067054082980143,-29.234003977565543,-1.1573229341274334,61.98266008783848,0.6295741068180681,-27.298362800362966,0.2719344611720337,0.32974571544487136,0.00015748,0.9247860489625532,0.00081957,0,0.0
19035,0.8728907190918621,0.9798602372993421,-1.54e-06,1.9101617833100923,3.129449789051122,48.503063329391345,1.0052136313683062,5.140669275031055,0.12067054082980143,-65.32643494708239,-1.1573229341274334,44.718692405738544,0.6295741068180681,33.264623685641915,0.2719344611720337,0.3049396504587125,0.00015748,1.4241554271540904,0.00081957,0,0.0
19036,0.9148210257907868,0.3227561835205499,-1.54e-06,1.9101617833100923,3.129449789051122,69.53787564102888,1.0052136313683062,22.77865288192046,0.12067054082980143,-47.182333875849444,-1.1573229341274334,-66.77739593155354,0.6295741068180681,13.002811631175682,0.2719344611720337,0.37196983146454,0.00015748,0.7627271482720975,0.00081957,0,0.0
19037,1.201262252617754,0.22725956311951803,-1.54e-06,1.9101617833100923,3.129449789051122,-61.70754765293542,1.0052136313683062,8.204118892416995,0.12067054082980143,-34.93142799198248,-1.1573229341274334,-53.84134434888149,0.6295741068180681,82.49138499579614,0.2719344611720337,-0.1453398802303405,0.00015748,0.1457989185575197,0.00081957,1,0.0
19038,0.7289918627896383,0.08361181297193916,-1.54e-06,1.9101617833100923,3.129449789051122,-39.09014525379382,1.0052136313683062,4.479842737650219,0.12067054082980143,-23.158241755963097,-1.1573229341274334,-29.572239133415792,0.6295741068180681,52.23353694155816,0.2719344611720337,-0.08472175454156407,0.00015748,0.08457345981827853,0.00081957,1,0.0
19039,0.13674627253263982,0.08169906533739436,-1.54e-06,1.9101617833100923,3.129449789051122,62.437743096032484,1.0052136313683062,12.833371112048251,0.12067054082980143,-44.71555846350413,-1.1573229341274334,22.289362405241725,0.6295741068180681,-12.044714655597252,0.2719344611720337,0.46691037080563974,0.00015748,0.5386214048015067,0.00081957,0,0.0
19040,-0.00018304153326609285,0.18918233703861828,-1.54e-06,1.9101617833100923,3.129449789051122,98.23226654027506,1.0052136313683062,13.688805707093154,0.12067054082980143,-53.00465398685648,-1.1573229341274334,60.61178731765318,0.6295741068180681,-34.331445848716214,0.2719344611720337,0.5924272021968049,0.00015748,1.0244155760258598,0.00081957,0,0.0
19041,0.3031511845927999,0.07821970620916856,-1.54e-06,1.9101617833100923,3.129449789051122,38.55144512728991,1.0052136313683062,18.903273718003614,0.12067054082980143,-99.98402887787226,-1.1573229341274334,52.59224253520193,0.6295741068180681,28.26544865888103,0.2719344611720337,0.42653872211082733,0.00015748,0.6047008671847548,0.00081957,0,0.0
19042,0.3207265775026382,0.10005351452021878,-1.54e-06,1.9101617833100923,3.129449789051122,86.47110755641125,1.0052136313683062,21.153695525851607,0.12067054082980143,-57.69194223451744,-1.1573229341274334,-17.35843623499332,0.6295741068180681,-9.849910428465792,0.2719344611720337,0.3815423824553013,0.00015748,0.7251926901582433,0.00081957,0,0.0
19043,0.0001054631773684811,0.02783115189931979,-1.54e-06,1.9101617833100923,3.129449789051122,66.12780156032868,1.0052136313683062,18.684546736902238,0.12067054082980143,-93.64148168077092,-1.1573229341274334,57.342095310339126,0.6295741068180681,3.915626419637303,0.2719344611720337,0.4329776012162195,0.00015748,0.6540302791296775,0.00081957,0,0.0
19044,0.6109633700699252,0.19031921873709168,-1.54e-06,1.9101617833100923,3.129449789051122,91.8002138875906,1.0052136313683062,24.776409322169577,0.12067054082980143,-57.09511999778449,-1.1573229341274334,-50.37929739381828,0.6295741068180681,-2.708945959150326,0.2719344611720337,0.3568023953349079,0.00015748,0.8365556554683266,0.00081957,0,0.0
19045,0.7154448065731466,0.7397428377344617,-1.54e-06,1.9101617833100923,3.129449789051122,-0.15186367795830702,1.0052136313683062,25.042098307414104,0.12067054082980143,-57.74582467131539,-1.1573229341274334,-75.14365173461672,0.6295741068180681,43.69618265159585,0.2719344611720337,-0.5456057312444756,0.00015748,0.5503430608601961,0.00081957,1,0.0
19046,0.06565219705015668,0.35717908024457096,-1.54e-06,1.9101617833100923,3.129449789051122,100.0,1.0052136313683062,25.995343065522544,0.12067054082980143,-44.836058352083924,-1.1573229341274334,-20.937730475668374,0.6295741068180681,-37.86672551297363,0.2719344611720337,0.21808494054255795,0.00015748,0.8200756326114522,0.00081957,0,0.0
19047,0.004596185983251733,0.02613927198260279,-1.54e-06,1.9101617833100923,3.129449789051122,54.40845174754317,1.0052136313683062,17.586015530940813,0.12067054082980143,-94.4366512523261,-1.1573229341274334,65.2409139095432,0.6295741068180681,9.105142702902214,0.2719344611720337,0.434979515179108,0.00015748,0.5877022589820844,0.00081957,0,0.0
19048,0.7161515108907123,0.2793969022825125,-1.54e-06,1.9101617833100923,3.129449789051122,-20.716691500673424,1.0052136313683062,14.941570180375644,0.12067054082980143,-64.07287218729591,-1.1573229341274334,-40.64464968170707,0.6295741068180681,63.52823411305283,0.2719344611720337,-0.360535603202258,0.00015748,0.3628046225783677,0.00081957,1,0.0
19049,0.05751573569576098,0.0013441811843866109,-1.54e-06,1.9101617833100923,3.129449789051122,-3.5212383761383266,1.0052136313683062,1.0266258160246768,0.12067054082980143,-6.670294555920869,-1.1573229341274334,-0.3318326356043621,0.6295741068180681,6.5794505864533095,0.2719344611720337,-0.024030956087519324,0.00015748,0.02400447482559876,0.00081957,1,0.0
19050,1.0448477270795817,0.35790120006954673,-1.54e-06,1.9101617833100923,3.129449789051122,52.44766782121777,1.0052136313683062,25.33974249452454,0.12067054082980143,-76.35503256341529,-1.1573229341274334,-47.318393677284696,0.6295741068180681,37.21799544836101,0.2719344611720337,0.3607202199661076,0.00015748,0.8112836463050087,0.00081957,0,0.0
19051,0.17284861558946574,0.1606124593405095,-1.54e-06,1.9101617833100923,3.129449789051122,6.671011730150737,1.0052136313683062,11.160692322687808,0.12067054082980143,-58.16951223315652,-1.1573229341274334,11.838295706020734,0.6295741068180681,27.245242022267124,0.2719344611720337,-0.07287149696915243,0.00015748,0.3042371302183141,0.00081957,1,0.0
19052,0.0645812206911271,0.01309929463612947,-1.54e-06,1.9101617833100923,3.129449789051122,-53.80020796891143,1.0052136313683062,4.092051809359768,0.12067054082980143,-84.57830296196154,-1.1573229341274334,87.99055236190647,0.6295741068180681,61.55581475633082,0.2719344611720337,-0.057149188661327156,0.00015748,0.05726114867593322,0.00081957,1,0.0
19053,0.3702166878948559,0.25357454063956925,-1.54e-06,1.9101617833100923,3.129449789051122,37.636641158386276,1.0052136313683062,12.389299821179838,0.12067054082980143,-7.957113373453941,-1.1573229341274334,-80.61410010436218,0.6295741068180681,1.323821217111566,0.2719344611720337,-0.2558889020779352,0.00015748,0.36834474199997685,0.00081957,1,0.0
19054,0.8258676318807392,0.2795321087930456,-1.54e-06,1.9101617833100923,3.129449789051122,49.70839056326096,1.0052136313683062,20.530547878578105,0.12067054082980143,-57.48634730401796,-1.1573229341274334,-35.52872053654538,0.6295741068180681,22.587192260049285,0.2719344611720337,0.394968631541843,0.00015748,0.6606556565217181,0.00081957,0,0.0
19055,0.0013818012657949297,0.3992606399728286,-1.54e-06,1.9101617833100923,3.129449789051122,74.78565369554927,1.0052136313683062,3.7784858315225973,0.12067054082980143,-5.729937965278381,-1.1573229341274334,69.71315153951817,0.6295741068180681,-49.12093449488118,0.2719344611720337,0.2697713106271956,0.00015748,1.2849852883414612,0.00081957,0,0.0
19056,0.3042442500419089,0.01768292706427425,-1.54e-06,1.9101617833100923,3.129449789051122,-50.95371586712639,1.0052136313683062,4.879897462476322,0.12067054082980143,-69.74061927885916,-1.1573229341274334,51.01400709008509,0.6295741068180681,62.593429468801666,0.2719344611720337,-0.07388870858477688,0.00015748,0.07391430054614075,0.00081957,1,0.0
19057,1.0703732992854975,0.21373397178529419,-1.54e-06,1.9101617833100923,3.129449789051122,-33.7092208331739,1.0052136313683062,8.65696862396541,0.12067054082980143,-15.926552156834834,-1.1573229341274334,-80.31190340746718,0.6295741068180681,58.990453080945635,0.2719344611720337,-0.19519071246637795,0.00015748,0.1959348427811882,0.00081957,1,0.0
19058,0.5333550127931215,0.16104766989793584,-1.54e-06,1.9101617833100923,3.129449789051122,-16.230792221134898,1.0052136313683062,11.926088301740615,0.12067054082980143,-49.935763958531425,-1.1573229341274334,-29.111754095010344,0.6295741068180681,47.89257135553777,0.2719344611720337,-0.27470096368417685,0.00015748,0.2756893674246147,0.00081957,1,0.0
19059,0.9314350835990197,0.30518088757432144,-1.54e-06,1.9101617833100923,3.129449789051122,36.30237096564493,1.0052136313683062,22.863658383694883,0.12067054082980143,-81.29694139078758,-1.1573229341274334,-20.718079388520966,0.6295741068180681,42.02129477304308,0.2719344611720337,0.3782148785954689,0.00015748,0.7048709276762799,0.00081957,0,0.0
19060,0.00010352353552958715,0.04823965028567224,-1.54e-06,1.9101617833100923,3.129449789051122,-9.07846888297471,1.0052136313683062,-1.331341343706461,0.12067054082980143,-4.738782687750203,-1.1573229341274334,20.77411661705315,0.6295741068180681,4.218459275255498,0.2719344611720337,-0.048790954352754816,0.00015748,0.11859567877679236,0.00081957,1,0.0
19061,0.8130362059051832,0.10238617689581003,-1.54e-06,1.9101617833100923,3.129449789051122,-56.07598206152547,1.0052136313683062,7.049321682145868,0.12067054082980143,-52.13179053959328,-1.1573229341274334,-8.922855795073305,0.6295741068180681,74.83972019662022,0.2719344611720337,-0.12631047443434673,0.00015748,0.12672929123862808,0.00081957,1,0.0
19062,0.003516148318572332,0.004297345486937405,-1.54e-06,1.9101617833100923,3.129449789051122,-17.516167330929793,1.0052136313683062,2.1002271347262407,0.12067054082980143,-33.82086532159231,-1.1573229341274334,32.64512064955909,0.6295741068180681,22.387493017243948,0.2719344611720337,-0.034528328607666435,0.00015748,0.034778273654099266,0.00081957,1,0.0
19063,0.18756589071140947,0.05897342548143615,-1.54e-06,1.9101617833100923,3.129449789051122,-58.3137751648781,1.0052136313683062,-3.479610739610108,0.12067054082980143,-39.396011035899285,-1.1573229341274334,66.60576333876202,0.6295741068180681,47.685449871178456,0.2719344611720337,-0.13897698431795216,0.00015748,0.13855375065902922,0.00081957,1,0.0
19064,0.3567744101512518,0.021738287177055976,-1.54e-06,1.9101617833100923,3.129449789051122,-35.19468979906201,1.0052136313683062,4.440564580735491,0.12067054082980143,-43.695813102468975,-1.1573229341274334,16.111910264342143,0.6295741068180681,46.42663666606671,0.2719344611720337,-0.07749540538925834,0.00015748,0.07745739998133547,0.00081957,1,0.0
19065,0.1861381912698205,0.09783743847350343,-1.54e-06,1.9101617833100923,3.129449789051122,-74.03636830635813,1.0052136313683062,-4.520652905625063,0.12067054082980143,-50.783381498902266,-1.1573229341274334,90.86533828477047,0.6295741068180681,58.47570448915249,0.2719344611720337,-0.19200647013155772,0.00015748,0.19232305454642826,0.00081957,1,0.0
19066,0.3741124419740842,0.1436137932824358,-1.54e-06,1.9101617833100923,3.129449789051122,96.93733954380052,1.0052136313683062,17.187716502030295,0.12067054082980143,-15.882192267726778,-1.1573229341274334,-55.09991217331708,0.6295741068180681,-30.176248395181858,0.2719344611720337,0.4037042777181068,0.00015748,0.6522173010409353,0.00081957,0,0.0
19067,0.056044743121848144,0.018215752111703294,-1.54e-06,1.9101617833100923,3.129449789051122,-57.60063649905098,1.0052136313683062,0.003119084275847152,0.12067054082980143,-65.62192777087884,-1.1573229341274334,88.71545184424077,0.6295741068180681,54.01692557502713,0.2719344611720337,-0.07878303902720867,0.00015748,0.07879187914734435,0.00081957,1,0.0
19068,0.020082312232638344,0.05777494400320971,-1.54e-06,1.9101617833100923,3.129449789051122,1.722386174665203,1.0052136313683062,6.166670237290462,0.12067054082980143,-35.03077996976783,-1.1573229341274334,5.5494284287972935,0.6295741068180681,16.556623586739757,0.2719344611720337,-0.16111308445736058,0.00015748,0.16177767513652078,0.00081957,1,0.0
19069,0.0011537679336664497,0.09711552252915992,-1.54e-06,1.9101617833100923,3.129449789051122,-23.68379797755349,1.0052136313683062,7.558173736460593,0.12067054082980143,-85.58044291345081,-1.1573229341274334,77.24907592813227,0.6295741068180681,46.011138010999076,0.2719344611720337,0.01282936880814102,0.00015748,0.1820558426100778,0.00081957,0,0.0
19070,0.3122371606789041,0.031088463779967018,-1.54e-06,1.9101617833100923,3.129449789051122,-60.587620229789636,1.0052136313683062,0.043341327792149276,0.12067054082980143,-50.201235207255586,-1.1573229341274334,57.081310603242756,0.6295741068180681,57.16275511862395,0.2719344611720337,-0.07954082868955259,0.00015748,0.07947831920630019,0.00081957,1,0.0
19071,0.03280864354785307,0.03879834935633786,-1.54e-06,1.9101617833100923,3.129449789051122,56.72991318575851,1.0052136313683062,15.323064635872713,0.12067054082980143,-76.66262990766876,-1.1573229341274334,52.23034299414967,0.6295741068180681,1.5700922519065106,0.2719344611720337,0.4582974939750984,0.00015748,0.5496252391148679,0.00081957,0,0.0
19072,0.3196144511562391,0.08962903765459586,-1.54e-06,1.9101617833100923,3.129449789051122,66.0894693937707,1.0052136313683062,20.586683148293773,0.12067054082980143,-77.0645956054675,-1.1573229341274334,12.08900194240233,0.6295741068180681,7.089570461033637,0.2719344611720337,0.39548949622388857,0.00015748,0.6804979059206608,0.00081957,0,0.0
19073,1.0458713647002256,0.34651779296276713,-1.54e-06,1.9101617833100923,3.129449789051122,70.98884699236484,1.0052136313683062,31.196201082068033,0.12067054082980143,-95.03242036113052,-1.1573229341274334,-51.28122174035806,0.6295741068180681,36.50053764356446,0.2719344611720337,0.3352300680400344,0.00015748,0.9816627586247175,0.00081957,0,0.0
19074,0.09545348872636561,0.11872431020780913,-1.54e-06,1.9101617833100923,3.129449789051122,64.74865037566941,1.0052136313683062,11.358309006668309,0.12067054082980143,-27.789658662696215,-1.1573229341274334,3.1999378652182164,0.6295741068180681,-20.235318203666445,0.2719344611720337,0.40519381694528234,0.00015748,0.4519996423986846,0.00081957,0,0.0
19075,0.571020024232079,0.05589500648518998,-1.54e-06,1.9101617833100923,3.129449789051122,-61.88494982630048,1.0052136313683062,7.333502359554135,0.12067054082980143,-78.58173945858738,-1.1573229341274334,35.78564888870716,0.6295741068180681,80.49961647556658,0.2719344611720337,-0.12489392915677319,0.00015748,0.12530235163410616,0.00081957,1,0.0
19076,0.12749287781008567,0.06838300922842383,-1.54e-06,1.9101617833100923,3.129449789051122,20.420846658744857,1.0052136313683062,13.213426879219405,0.12067054082980143,-99.8705782389649,-1.1573229341274334,96.92991087661342,0.6295741068180681,28.80863055433331,0.2719344611720337,0.43728211885484347,0.00015748,0.5837196799098543,0.00081957,0,0.0
19077,0.2547097665366709,0.12635896162321303,-1.54e-06,1.9101617833100923,3.129449789051122,24.76705485382984,1.0052136313683062,8.636800304137267,0.12067054082980143,-3.5328345458843984,-1.1573229341274334,-62.681055174610215,0.6295741068180681,1.4883170497176426,0.2719344611720337,-0.2464708281934872,0.00015748,0.2487634680742279,0.00081957,1,0.0
19078,0.0010624438350924081,0.09634603849379396,-1.54e-06,1.9101617833100923,3.129449789051122,-5.774248077099448,1.0052136313683062,7.468707052861271,0.12067054082980143,-61.24529833722346,-1.1573229341274334,43.10750586639864,0.6295741068180681,28.32848997224385,0.2719344611720337,-0.029991548415402802,0.00015748,0.194944211477527,0.00081957,1,0.0
19079,0.8664822390224323,0.111716670144055,-1.54e-06,1.9101617833100923,3.129449789051122,-63.70702667672995,1.0052136313683062,7.262190598244125,0.12067054082980143,-58.38999418209476,-1.1573229341274334,-3.553823627553153,0.6295741068180681,82.47189572600608,0.2719344611720337,-0.1235395887485496,0.00015748,0.1234659433032181,0.00081957,1,0.0
19080,0.17226522878948913,0.08372743143858338,-1.54e-06,1.9101617833100923,3.129449789051122,53.70959268004472,1.0052136313683062,13.563697253614942,0.12067054082980143,-56.28868588916097,-1.1573229341274334,32.20472717622108,0.6295741068180681,-2.1479034541814563,0.2719344611720337,0.47657905391530975,0.00015748,0.5229970247704071,0.00081957,0,0.0
19081,1.0037695409839533,0.16806709012063573,-1.54e-06,1.9101617833100923,3.129449789051122,-37.0766760550546,1.0052136313683062,4.943584989250211,0.12067054082980143,-0.8371664333457183,-1.1573229341274334,-72.35760816326481,0.6295741068180681,50.539971062971766,0.2719344611720337,-0.09219332488078275,0.00015748,0.09211856293305765,0.00081957,1,0.0
19082,0.1841144689202343,0.06346049869019847,-1.54e-06,1.9101617833100923,3.129449789051122,79.7668246307752,1.0052136313683062,19.540590392237885,0.12067054082980143,-66.78111891651673,-1.1573229341274334,7.9934796554829095,0.6295741068180681,-7.199621305980057,0.2719344611720337,0.39313474557710026,0.00015748,0.6853763371900833,0.00081957,0,0.0
19083,0.19945825138944673,0.009028043073396944,-1.54e-06,1.9101617833100923,3.129449789051122,-40.0379187477848,1.0052136313683062,0.651593403245912,0.12067054082980143,-38.75991515407348,-1.1573229341274334,40.36689242392881,0.6295741068180681,40.38363388994136,0.2719344611720337,-0.030236670165456208,0.00015748,0.030543930730562222,0.00081957,1,0.0
19084,0.05488537571827231,0.0009381941621410542,-1.54e-06,1.9101617833100923,3.129449789051122,-17.15512199275301,1.0052136313683062,0.9739427177162844,0.12067054082980143,-23.034865308924402,-1.1573229341274334,22.83009768045178,0.6295741068180681,19.174196078083952,0.2719344611720337,-0.010881866559143338,0.00015748,0.010811289255892453,0.00081957,1,0.0
19085,0.3258353077895705,0.12935966469023488,-1.54e-06,1.9101617833100923,3.129449789051122,71.20226256830571,1.0052136313683062,14.502504991924104,0.12067054082980143,-30.1328526955808,-1.1573229341274334,-16.512885175320722,0.6295741068180681,-15.298779979291808,0.2719344611720337,0.46320553873331183,0.00015748,0.5427701873253394,0.00081957,0,0.0
19086,0.0002813541461788027,0.10265587337899312,-1.54e-06,1.9101617833100923,3.129449789051122,88.1895706198332,1.0052136313683062,14.866357033826072,0.12067054082980143,-59.88996045365537,-1.1573229341274334,48.06071812596727,0.6295741068180681,-23.45744436610886,0.2719344611720337,0.5772372666465017,0.00015748,0.7818899805312384,0.00081957,0,0.0
19087,0.8194274321070671,0.29167924354270025,-1.54e-06,1.9101617833100923,3.129449789051122,77.19078892682998,1.0052136313683062,21.371270861210235,0.12067054082980143,-34.938895561870645,-1.1573229341274334,-71.39880757849441,0.6295741068180681,1.2771861432107041,0.2719344611720337,0.3781981759853683,0.00015748,0.7337569503103651,0.00081957,0,0.0
19088,0.9319938211439401,0.14819171967738137,-1.54e-06,1.9101617833100923,3.129449789051122,-32.112317178064416,1.0052136313683062,4.7103539936162555,0.12067054082980143,-1.9408765296869404,-1.1573229341274334,-69.48025599590167,0.6295741068180681,47.28290647968741,0.2719344611720337,-0.10553293100442826,0.00015748,0.10567872024082384,0.00081957,1,0.0
19089,0.12179950014500651,0.0856630982175722,-1.54e-06,1.9101617833100923,3.129449789051122,-14.227083127083008,1.0052136313683062,8.684490369769398,0.12067054082980143,-60.83056766347,-1.1573229341274334,21.928122423881508,0.6295741068180681,37.82580232715111,0.2719344611720337,-0.19850168716512312,0.00015748,0.20177096386554544,0.00081957,1,0.0
19090,0.6821049226587177,0.0719259848113428,-1.54e-06,1.9101617833100923,3.129449789051122,-37.023090319477326,1.0052136313683062,3.9784108931067617,0.12067054082980143,-17.85569303997066,-1.1573229341274334,-28.56426493576247,0.6295741068180681,46.61936368199205,0.2719344611720337,-0.06385406518507351,0.00015748,0.06380724028986189,0.00081957,1,0.0
19091,0.24808294304318185,0.011002592413159474,-1.54e-06,1.9101617833100923,3.129449789051122,-40.35099243299863,1.0052136313683062,1.0248868448803954,0.12067054082980143,-36.960298774929655,-1.1573229341274334,34.202156124191106,0.6295741068180681,41.25193583169126,0.2719344611720337,-0.029582701205616103,0.00015748,0.02945423610229663,0.00081957,1,0.0
19092,0.07694770675310858,0.15371627104072227,-1.54e-06,1.9101617833100923,3.129449789051122,39.70009305998128,1.0052136313683062,8.873314660732511,0.12067054082980143,-1e-20,-1.1573229341274334,-61.94582181992004,0.6295741068180681,-12.172430802156283,0.2719344611720337,-0.268138156457525,0.00015748,0.2707555753075353,0.00081957,1,0.0
19093,0.5319946304172001,0.04769153836306652,-1.54e-06,1.9101617833100923,3.129449789051122,-40.89733672718019,1.0052136313683062,1.146985357469289,0.12067054082980143,-18.15609775274042,-1.1573229341274334,-4.838317396491331,0.6295741068180681,43.14662515799372,0.2719344611720337,-0.015811180552537184,0.00015748,0.015948213042830207,0.00081957,1,0.0
19094,0.0005307896909466855,0.2309331582357061,-1.54e-06,1.9101617833100923,3.129449789051122,-13.42442957340893,1.0052136313683062,-0.921162583558115,0.12067054082980143,-30.97226828010673,-1.1573229341274334,69.73060898841715,0.6295741068180681,13.667488976558197,0.2719344611720337,-0.010995754785912887,0.00015748,0.40774888450918023,0.00081957,1,0.0
19095,0.8179932005455934,0.18395860639595768,-1.54e-06,1.9101617833100923,3.129449789051122,-76.37923213724963,1.0052136313683062,-2.5053789013044967,0.12067054082980143,-19.899348085033473,-1.1573229341274334,8.379404931978296,0.6295741068180681,68.01980202661402,0.2719344611720337,-0.13240179503890603,0.00015748,0.13213049158171303,0.00081957,1,0.0
19096,0.4966355543984382,0.12523118252006712,-1.54e-06,1.9101617833100923,3.129449789051122,6.090840967347332,1.0052136313683062,8.86995343229004,0.12067054082980143,-9.47840436742387,-1.1573229341274334,-65.68457014267841,0.6295741068180681,19.96678318353836,0.2719344611720337,-0.23322655906106407,0.00015748,0.23403602622273337,0.00081957,1,0.0
19097,0.7057979834711285,0.20652956989684582,-1.54e-06,1.9101617833100923,3.129449789051122,49.51777705180381,1.0052136313683062,22.39396117357438,0.12067054082980143,-81.02610329298716,-1.1573229341274334,-9.225234594250113,0.6295741068180681,28.833497413437257,0.2719344611720337,0.3848479367749895,0.00015748,0.7129456506712042,0.00081957,0,0.0
19098,1.344373786653164,1.543703342068197,-1.54e-06,1.9101617833100923,3.129449789051122,71.25932952450725,1.0052136313683062,8.673508674667058,0.12067054082980143,-56.662593749524774,-1.1573229341274334,-18.579089950974897,0.6295741068180681,39.00786401661259,0.2719344611720337,0.2944757382390224,0.00015748,1.6560024572611762,0.00081957,0,0.0
19099,0.0012257534696534789,0.23501541712821797,-1.54e-06,1.9101617833100923,3.129449789051122,51.73289073587961,1.0052136313683062,4.810169696255022,0.12067054082980143,-33.71045100194759,-1.1573229341274334,75.94034353218953,0.6295741068180681,-20.92985263392018,0.2719344611720337,0.2860703909277919,0.00015748,0.9569853896076626,0.00081957,0,0.0
19100,-0.00017799035084764547,0.22054905367685376,-1.54e-06,0.7950698454640701,2.498501227223157,22.67447759177249,1.0052136313683062,27.161370809133274,0.12067054082980143,-50.32213738465548,-1.1573229341274334,30.207168858826016,0.6295741068180681,-6.704315036570289,0.2719344611720337,1.3793594898680903,0.00015748,4.891460165851157,0.00081957,0,0.0
19101,2.01057174982297,1.4257722963733859,-1.54e-06,0.7950698454640701,2.498501227223157,-36.028912089040176,1.0052136313683062,13.312221826930793,0.12067054082980143,-59.011503867439984,-1.1573229341274334,-0.6809986450198127,0.6295741068180681,70.72459761194824,0.2719344611720337,-0.4924693213048744,0.00015748,0.4948479503411961,0.00081957,1,0.0
19102,1.0818971006952678,0.5917520724067262,-1.54e-06,0.7950698454640701,2.498501227223157,-28.508338271105156,1.0052136313683062,4.8458191981479475,0.12067054082980143,-59.98401057166743,-1.1573229341274334,34.833689147541676,0.6295741068180681,53.545241120286924,0.2719344611720337,-0.05513971640302428,0.00015748,0.058974157585260416,0.00081957,1,0.0
19103,0.2077047701699557,0.038130559367286744,-1.54e-06,0.7950698454640701,2.498501227223157,-4.924573757624849,1.0052136313683062,8.293659623494051,0.12067054082980143,-35.70130263738284,-1.1573229341274334,27.504505104963837,0.6295741068180681,15.531214431988834,0.2719344611720337,0.3513826461690814,0.00015748,0.8713076081598481,0.00081957,0,0.0
19104,0.05701993310498432,0.052059718000004834,-1.54e-06,0.7950698454640701,2.498501227223157,52.7335131413876,1.0052136313683062,54.881553083630685,0.12067054082980143,-47.14537917839595,-1.1573229341274334,-41.20823642279955,0.6295741068180681,-25.62881975348263,0.2719344611720337,0.25734874263229557,0.00015748,10.011913463540786,0.00081957,0,0.0
19105,0.0003865098322699545,0.06616377095378788,-1.54e-06,0.7950698454640701,2.498501227223157,27.55950324183626,1.0052136313683062,50.189975178411174,0.12067054082980143,-99.61270496598075,-1.1573229341274334,37.490307826136856,0.6295741068180681,5.667083161910895,0.2719344611720337,0.8968014822319392,0.00015748,7.797198900412731,0.00081957,0,0.0
19106,1.8367113677686202,1.105856507691158,-1.54e-06,0.7950698454640701,2.498501227223157,-33.086304827177756,1.0052136313683062,10.792924501300675,0.12067054082980143,-52.67076568290513,-1.1573229341274334,1.9734413989775739,0.6295741068180681,64.0608443696265,0.2719344611720337,-0.339758840518397,0.00015748,0.3417006611096688,0.00081957,1,0.0
19107,-0.9745316991759436,2.7372929212443085,-1.54e-06,0.7950698454640701,2.498501227223157,75.33680925413641,1.0052136313683062,53.50579825987365,0.12067054082980143,-76.85531729933804,-1.1573229341274334,70.56750838903021,0.6295741068180681,-58.60193862950925,0.2719344611720337,3.8153706076291463,0.00015748,11.418477132053631,0.00081957,0,0.0
19108,0.0028451983491679655,0.001290401582774425,-1.54e-06,0.7950698454640701,2.498501227223157,6.138888861829066,1.0052136313683062,23.75069276747928,0.12067054082980143,-61.54266729590476,-1.1573229341274334,31.201775719755624,0.6295741068180681,12.689171427010221,0.2719344611720337,0.2707321316544038,0.00015748,3.2873802131090946,0.00081957,0,0.0
19109,-0.575848996325014,1.8895483049963042,-1.54e-06,0.7950698454640701,2.498501227223157,24.31601018372995,1.0052136313683062,0.9265287250695194,0.12067054082980143,-13.760815789774163,-1.1573229341274334,78.33262944422619,0.6295741068180681,-32.657748601412116,0.2719344611720337,1.6269139178808787,0.00015748,3.574701412724516,0.00081957,0,0.0
19110,1.2183856685957948,0.45940610973780105,-1.54e-06,0.7950698454640701,2.498501227223157,-12.366562311599077,1.0052136313683062,4.653861756764172,0.12067054082980143,-0.19238683596353,-1.1573229341274334,-32.40741302543034,0.6295741068180681,24.83212384213678,0.2719344611720337,-0.21227664729018086,0.00015748,0.21265820230378718,0.00081957,1,0.0
19111,-0.0031422193409342825,0.6509404671327493,-1.54e-06,0.7950698454640701,2.498501227223157,87.16585374855185,1.0052136313683062,82.27961726644736,0.12067054082980143,-75.65202344946687,-1.1573229341274334,-30.559573098701744,0.6295741068180681,-49.19977235668496,0.2719344611720337,1.8579750595406548,0.00015748,15.647066283270329,0.00081957,0,0.0
19112,0.2744317397975916,0.03954060386271451,-1.54e-06,0.7950698454640701,2.498501227223157,-3.5599421584556903,1.0052136313683062,13.718783973052737,0.12067054082980143,-44.915829866832496,-1.1573229341274334,26.66047138029336,0.6295741068180681,18.10544495431218,0.2719344611720337,0.3021291608451029,0.00015748,1.5640521719842078,0.00081957,0,0.0
19113,-0.0029512934712867533,0.26039880627255424,-1.54e-06,0.7950698454640701,2.498501227223157,34.9132125613269,1.0052136313683062,52.620822143691434,0.12067054082980143,-99.61409504306926,-1.1573229341274334,44.4810059677582,0.6295741068180681,-2.2476198707465693,0.2719344611720337,1.5899024585205521,0.00015748,8.604833024592654,0.00081957,0,0.0
19114,1.2734687001064562,0.5865484786562486,-1.54e-06,0.7950698454640701,2.498501227223157,18.520290813872176,1.0052136313683062,50.422573868828664,0.12067054082980143,-66.77982508034113,-1.1573229341274334,-30.401776401047133,0.6295741068180681,19.984472140791738,0.2719344611720337,0.2602393731577086,0.00015748,7.425547889784137,0.00081957,0,0.0
19115,0.4414038958232478,0.07210455895532132,-1.54e-06,0.7950698454640701,2.498501227223157,6.409044958833412,1.0052136313683062,32.41412167704203,0.12067054082980143,-70.92650568877173,-1.1573229341274334,19.54835268008693,0.6295741068180681,20.395092660113715,0.2719344611720337,0.2685998582005187,0.00015748,4.401404653133321,0.00081957,0,0.0
19116,-0.013890828428537727,0.6483700748511105,-1.54e-06,0.7950698454640701,2.498501227223157,69.50842303705873,1.0052136313683062,54.26893739914266,0.12067054082980143,-30.452731581955184,-1.1573229341274334,-31.387364134776664,0.6295741068180681,-49.51371104658789,0.2719344611720337,1.8107710346583685,0.00015748,11.117542903913339,0.00081957,0,0.0
19117,4.1769238958266897e-05,0.3119623136849102,-1.54e-06,0.7950698454640701,2.498501227223157,45.30042227526118,1.0052136313683062,41.47130197666873,0.12067054082980143,-41.99866701277803,-1.1573229341274334,-3.936453553715426,0.6295741068180681,-26.160203120564415,0.2719344611720337,1.3876674222084109,0.00015748,8.061111079261407,0.00081957,0,0.0
19118,1.2455337042416321,0.5022635116060443,-1.54e-06,0.7950698454640701,2.498501227223157,-21.31861599217786,1.0052136313683062,7.07436089916009,0.12067054082980143,-31.734669547387348,-1.1573229341274334,-2.6379421282581044,0.6295741068180681,41.40889274376661,0.2719344611720337,-0.2288426181208213,0.00015748,0.23087547350284476,0.00081957,1,0.0
19119,1.6570585365000403,0.9136110553837142,-1.54e-06,0.7950698454640701,2.498501227223157,-28.344528241906385,1.0052136313683062,9.549329868036034,0.12067054082980143,-42.61983906404387,-1.1573229341274334,-4.603258191146674,0.6295741068180681,55.488687479522596,0.2719344611720337,-0.3314709592147314,0.00015748,0.3328801446593885,0.00081957,1,0.0
19120,0.0003790445443505597,0.01722976900058708,-1.54e-06,0.7950698454640701,2.498501227223157,28.991205811107882,1.0052136313683062,33.439445611504425,0.12067054082980143,-38.322170531079,-1.1573229341274334,-12.105120501079606,0.6295741068180681,-11.213005439768072,0.2719344611720337,0.26190320965006597,0.00015748,5.888936706504957,0.00081957,0,0.0
19121,0.0011141182486258394,0.010516052101832641,-1.54e-06,0.7950698454640701,2.498501227223157,4.233063883473745,1.0052136313683062,6.9075922986280185,0.12067054082980143,-15.019352029416138,-1.1573229341274334,10.073380934920959,0.6295741068180681,0.10650381502988779,0.2719344611720337,0.3270166747291602,0.00015748,1.0944754166902193,0.00081957,0,0.0
19122,1.7150079835504815,7.19154058496105,-1.54e-06,0.7950698454640701,2.498501227223157,-42.39245050058298,1.0052136313683062,-17.289626356033498,0.12067054082980143,-13.856496903867287,-1.1573229341274334,10.696257836845845,0.6295741068180681,58.32313544999922,0.2719344611720337,-2.987286463239423,0.00015748,0.23357378300559062,0.00081957,1,0.0
19123,0.0008180333549899776,0.016850048101035974,-1.54e-06,0.7950698454640701,2.498501227223157,15.945445890374122,1.0052136313683062,14.775411784180267,0.12067054082980143,-11.955863537580099,-1.1573229341274334,-8.157559112871203,0.6295741068180681,-9.346878351635143,0.2719344611720337,0.27907492131620737,0.00015748,2.815179512564002,0.00081957,0,0.0
19124,-0.7693195285793417,2.2638819651035273,-1.54e-06,0.7950698454640701,2.498501227223157,61.42018867721736,1.0052136313683062,32.981807702566044,0.12067054082980143,-33.65617177870374,-1.1573229341274334,46.96771983809409,0.6295741068180681,-56.75800203787937,0.2719344611720337,3.2608172255718566,0.00015748,8.180286930449014,0.00081957,0,0.0
19125,1.1778882322887037,0.44169651036966395,-1.54e-06,0.7950698454640701,2.498501227223157,-20.069603102048998,1.0052136313683062,23.158675897491715,0.12067054082980143,-84.55886937112498,-1.1573229341274334,38.72750677924887,0.6295741068180681,53.17277931017502,0.2719344611720337,0.2892855906539601,0.00015748,2.1519824170683335,0.00081957,0,0.0
19126,0.728949520264976,4.025280329481393,-1.54e-06,0.7950698454640701,2.498501227223157,-23.09326284358657,1.0052136313683062,-14.422154381253264,0.12067054082980143,-8.97825324298746,-1.1573229341274334,15.483684824112885,0.6295741068180681,30.83566671307482,0.2719344611720337,-1.8636965394621563,0.00015748,0.21572181298932336,0.00081957,1,0.0
19127,0.0020279164954457585,0.10677884966059063,-1.54e-06,0.7950698454640701,2.498501227223157,86.3222362101711,1.0052136313683062,81.15471995722407,0.12067054082980143,-55.991831103406454,-1.1573229341274334,-77.00641858141933,0.6295741068180681,-48.65497772400515,0.2719344611720337,0.30981408897307894,0.00015748,15.503698623937192,0.00081957,0,0.0
19128,0.01833564511660346,0.00014475866458548355,-1.54e-06,0.7950698454640701,2.498501227223157,4.076966548420654,1.0052136313683062,30.397948139674078,0.12067054082980143,-85.60443127183349,-1.1573229341274334,46.45617488454157,0.6295741068180681,21.436411403064625,0.2719344611720337,0.2682266127354782,0.00015748,3.9572069816143665,0.00081957,0,0.0
19129,-0.2295287885261229,1.1536027754659783,-1.54e-06,0.7950698454640701,2.498501227223157,32.820946336315615,1.0052136313683062,13.708657189965212,0.12067054082980143,-10.39224157010632,-1.1573229341274334,33.99754030065193,0.6295741068180681,-33.268199858397,0.2719344611720337,2.428610273924136,0.00015748,4.104466006380749,0.00081957,0,0.0
19130,0.4126833687316651,0.05971287000385185,-1.54e-06,0.7950698454640701,2.498501227223157,-12.483661400456219,1.0052136313683062,18.604592578303002,0.12067054082980143,-77.33510805789915,-1.1573229341274334,52.673825876545195,0.6295741068180681,35.876706131480866,0.2719344611720337,0.2926750774202239,0.00015748,1.7628326456595032,0.00081957,0,0.0
19131,0.000521761197307069,0.050145966102746485,-1.54e-06,0.7950698454640701,2.498501227223157,-0.6471990338889291,1.0052136313683062,14.117960755210094,0.12067054082980143,-55.92945058486397,-1.1573229341274334,52.352970534053185,0.6295741068180681,13.861895042155906,0.2719344611720337,0.866189905873165,0.00015748,1.7403943329839253,0.00081957,0,0.0
19132,-0.20127754274327547,1.1029796481626657,-1.54e-06,0.7950698454640701,2.498501227223157,22.14812377506429,1.0052136313683062,15.476806509506064,0.12067054082980143,-39.5535885193366,-1.1573229341274334,66.86721458616573,0.6295741068180681,-17.211308893026835,0.2719344611720337,2.7088583648979325,0.00015748,3.4515671595390858,0.00081957,0,0.0
19133,2.275743355442037,1.605844228062698,-1.54e-06,0.7950698454640701,2.498501227223157,-29.68901195925432,1.0052136313683062,27.066532666552096,0.12067054082980143,-81.61806120660341,-1.1573229341274334,10.161117074014397,0.6295741068180681,72.69520675615846,0.2719344611720337,0.27886203444095004,0.00015748,2.356491643593003,0.00081957,0,0.0
19134,0.0017596856577188902,0.00037645071661499333,-1.54e-06,0.7950698454640701,2.498501227223157,1.0338297168479302,1.0052136313683062,21.691194547402354,0.12067054082980143,-67.23186316742203,-1.1573229341274334,41.61526707946186,0.6295741068180681,18.08357942861479,0.2719344611720337,0.27599579151409137,0.00015748,2.728223928256921,0.00081957,0,0.0
19135,2.027064643654481,1.2720901664561768,-1.54e-06,0.7950698454640701,2.498501227223157,-28.211087429668666,1.0052136313683062,9.165058014689844,0.12067054082980143,-27.30142969962427,-1.1573229341274334,-26.895831113090047,0.6295741068180681,55.2137466322798,0.2719344611720337,-0.3201866471701691,0.00015748,0.312983249568058,0.00081957,1,0.0
19136,0.00045000041539311475,0.3170316899446223,-1.54e-06,0.7950698454640701,2.498501227223157,8.400044622555624,1.0052136313683062,20.329105587541893,0.12067054082980143,-68.93295648069044,-1.1573229341274334,71.03652107325634,0.6295741068180681,7.773473757993994,0.2719344611720337,1.876854014359262,0.00015748,3.191568141174444,0.00081957,0,0.0
19137,0.00047808750750366613,0.1996427549968537,-1.54e-06,0.7950698454640701,2.498501227223157,34.52669930349299,1.0052136313683062,53.12442722745797,0.12067054082980143,-99.62631711809462,-1.1573229341274334,40.59878547175283,0.6295741068180681,-1.2856644430366968,0.2719344611720337,1.4120578853125778,0.00015748,8.635781950392392,0.00081957,0,0.0
19138,-0.0011572287139829385,0.18535552805872563,-1.54e-06,0.7950698454640701,2.498501227223157,63.85179187050125,1.0052136313683062,77.25046353262616,0.12067054082980143,-99.97165032466843,-1.1573229341274334,-7.096592381217705,0.6295741068180681,-21.96370888322803,0.2719344611720337,1.0586166470455245,0.00015748,13.33467119603721,0.00081957,0,0.0
19139,0.001674544315716897,0.001238851855532393,-1.54e-06,0.7950698454640701,2.498501227223157,10.730483012001727,1.0052136313683062,30.312650351850934,0.12067054082980143,-70.92347644898499,-1.1573229341274334,29.879502406270653,0.6295741068180681,12.068358327713677,0.2719344611720337,0.26518636531211026,0.00015748,4.371701150151105,0.00081957,0,0.0
19140,1.4200350562534143,0.6744468969317838,-1.54e-06,0.7950698454640701,2.498501227223157,-6.350531708779029,1.0052136313683062,24.49447039538318,0.12067054082980143,-40.982481267711414,-1.1573229341274334,-14.809469870060505,0.6295741068180681,32.47605950421266,0.2719344611720337,0.2754417243446139,0.00015748,2.8046851503599886,0.00081957,0,0.0
19141,0.8438131737333743,0.4429918500723639,-1.54e-06,0.7950698454640701,2.498501227223157,56.67464544701569,1.0052136313683062,69.95312735266441,0.12067054082980143,-52.067009721619534,-1.1573229341274334,-73.96879255597764,0.6295741068180681,-18.089312370251996,0.2719344611720337,0.25568668716156484,0.00015748,12.024761326412001,0.00081957,0,0.0
19142,1.067230021178169,0.37003566038512387,-1.54e-06,0.7950698454640701,2.498501227223157,-11.169000147369555,1.0052136313683062,27.251507074762976,0.12067054082980143,-71.19345464070494,-1.1573229341274334,23.099003839734113,0.6295741068180681,40.03749494195764,0.2719344611720337,0.285802406954047,0.00015748,2.7056365300693157,0.00081957,0,0.0
19143,0.00016085719166503143,0.011937036299659028,-1.54e-06,0.7950698454640701,2.498501227223157,7.928973994149942,1.0052136313683062,8.963105861235004,0.12067054082980143,-12.213307164951338,-1.1573229341274334,2.9461191776347526,0.6295741068180681,-3.41980215576716,0.2719344611720337,0.2987930508351907,0.00015748,1.5625876761867379,0.00081957,0,0.0
19144,0.0053931031840814825,0.09673330727813569,-1.54e-06,0.7950698454640701,2.498501227223157,92.94924499116341,1.0052136313683062,91.90749157986333,0.12067054082980143,-67.92577130065145,-1.1573229341274334,-82.1575305037086,0.6295741068180681,-50.25491702444309,0.2719344611720337,0.25691399939151616,0.00015748,16.963392590967928,0.00081957,0,0.0
19145,-0.00011002471177157247,0.4653495396566487,-1.54e-06,0.7950698454640701,2.498501227223157,67.499219838835,1.0052136313683062,47.90271364686107,0.12067054082980143,-9.533710517418221,-1.1573229341274334,-50.214671903656345,0.6295741068180681,-52.66142236309724,0.2719344611720337,1.3972343651451373,0.00015748,10.187581028438792,0.00081957,0,0.0
19146,1.2521737150440555,0.5473031744440257,-1.54e-06,0.7950698454640701,2.498501227223157,5.263273347812286,1.0052136313683062,34.96633276851901,0.12067054082980143,-49.16004143284956,-1.1573229341274334,-21.038749556330178,0.6295741068180681,24.081844032011766,0.2719344611720337,0.26522450137654596,0.00015748,4.6152446686892965,0.00081957,0,0.0
19147,2.3302693983596883,1.5877441305212803,-1.54e-06,0.7950698454640701,2.498501227223157,-26.225137821220436,1.0052136313683062,36.81265598808563,0.12067054082980143,-99.18759891495895,-1.1573229341274334,11.841602155336586,0.6295741068180681,75.87781715529559,0.2719344611720337,0.26859402160739276,0.00015748,3.651455472425937,0.00081957,0,0.0
19148,2.303554612705528,1.596482398995324,-1.54e-06,0.7950698454640701,2.498501227223157,-10.500164831838346,1.0052136313683062,42.88508856108806,0.12067054082980143,-75.44146691132815,-1.1573229341274334,-23.30224593477573,0.6295741068180681,56.30158466732159,0.2719344611720337,0.26436401680721433,0.00015748,4.979165810653289,0.00081957,0,0.0
19149,1.7331019676100152,11.335278204941668,-1.54e-06,0.7950698454640701,2.498501227223157,-59.358305171569455,1.0052136313683062,-27.32166008785118,0.12067054082980143,-27.984400948493327,-1.1573229341274334,42.00304328701715,0.6295741068180681,75.92044033311167,0.2719344611720337,-4.924725924801331,0.00015748,0.23842029175549984,0.00081957,1,0.0
19150,-0.7456987395866785,2.29282607865179,-1.54e-06,0.7950698454640701,2.498501227223157,62.26147969230462,1.0052136313683062,26.347951941993934,0.12067054082980143,-8.67361146914233,-1.1573229341274334,31.098316381737675,0.6295741068180681,-64.68166331520932,0.2719344611720337,3.1993192488890414,0.00015748,7.380318208923889,0.00081957,0,0.0
19151,-0.0027008928584018044,0.1588826068426938,-1.54e-06,0.7950698454640701,2.498501227223157,65.95474545913713,1.0052136313683062,77.25910817125818,0.12067054082980143,-95.66090573165309,-1.1573229341274334,-14.982498530765422,0.6295741068180681,-24.124489017305145,0.2719344611720337,0.9194142032576762,0.00015748,13.58459275330171,0.00081957,0,0.0
19152,0.32049604276264326,0.31122293927487976,-1.54e-06,0.7950698454640701,2.498501227223157,-28.685169998463262,1.0052136313683062,7.591014157202949,0.12067054082980143,-92.64653272705291,-1.1573229341274334,79.28185251040213,0.6295741068180681,54.1301501050116,0.2719344611720337,-0.20686312296908485,0.00015748,0.20792795632438613,0.00081957,1,0.0
19153,0.00023567163775406463,0.025079139146450293,-1.54e-06,0.7950698454640701,2.498501227223157,21.879380042887995,1.0052136313683062,17.249164566120125,0.12067054082980143,-5.015619038625957,-1.1573229341274334,-20.017057227971346,0.6295741068180681,-15.909100083866319,0.2719344611720337,0.27106757448928076,0.00015748,3.4494213051261324,0.00081957,0,0.0
19154,-0.0006621752048641127,0.38016842957616387,-1.54e-06,0.7950698454640701,2.498501227223157,70.99780778617007,1.0052136313683062,57.740501887814965,0.12067054082980143,-31.150170087066243,-1.1573229341274334,-46.85033354243342,0.6295741068180681,-48.126425887300925,0.2719344611720337,1.2501994833343364,0.00015748,11.680010826975673,0.00081957,0,0.0
19155,0.0006588709132562265,0.02529205138662614,-1.54e-06,0.7950698454640701,2.498501227223157,43.09685032084897,1.0052136313683062,48.34718376611522,0.12067054082980143,-51.584746267139366,-1.1573229341274334,-23.916899547549423,0.6295741068180681,-17.756440188185625,0.2719344611720337,0.2575393744583856,0.00015748,8.609098684504344,0.00081957,0,0.0
19156,-0.0014359849176950323,0.23145948831348775,-1.54e-06,0.7950698454640701,2.498501227223157,18.62160558703586,1.0052136313683062,29.575476094150204,0.12067054082980143,-66.89329049896445,-1.1573229341274334,47.700428822660044,0.6295741068180681,0.47574772613526867,0.2719344611720337,1.5375794120385107,0.00015748,4.815427471184104,0.00081957,0,0.0
19157,0.8999232613460335,0.4237759837674465,-1.54e-06,0.7950698454640701,2.498501227223157,29.648020803452336,1.0052136313683062,40.43860923608168,0.12067054082980143,-21.61389180502235,-1.1573229341274334,-56.11630819809827,0.6295741068180681,-6.392167058129621,0.2719344611720337,0.26246872369960794,0.00015748,6.702614841909129,0.00081957,0,0.0
19158,3.828700005792385e-05,0.10556774153084014,-1.54e-06,0.7950698454640701,2.498501227223157,29.43528380945537,1.0052136313683062,28.8173027166046,0.12067054082980143,-30.79779372517823,-1.1573229341274334,-3.2001246351880885,0.6295741068180681,-15.713149266182498,0.2719344611720337,0.8117860364812577,0.00015748,5.403995399753289,0.00081957,0,0.0
19159,-0.17692094073407505,1.150672495881579,-1.54e-06,0.7950698454640701,2.498501227223157,43.593559193298134,1.0052136313683062,46.466940244896726,0.12067054082980143,-84.46687672540914,-1.1573229341274334,63.33892339053423,0.6295741068180681,-19.97939203463609,0.2719344611720337,2.908493531214981,0.00015748,8.444791267897978,0.00081957,0,0.0
19160,-0.5368557848939155,1.8201798568549106,-1.54e-06,0.7950698454640701,2.498501227223157,25.883801258065002,1.0052136313683062,4.154215998889554,0.12067054082980143,-17.547852553346633,-1.1573229341274334,75.54517969426792,0.6295741068180681,-32.109022235315635,0.2719344611720337,2.052948790803327,0.00015748,3.5734840389821714,0.00081957,0,0.0
19161,-1.3001905136210727,3.3443977020404003,-1.54e-06,0.7950698454640701,2.498501227223157,83.1698435000005,1.0052136313683062,38.54504730850724,0.12067054082980143,-29.685062230539152,-1.1573229341274334,52.44066231280863,0.6295741068180681,-82.83131643076253,0.2719344611720337,3.878478067278031,0.00015748,10.298142844435393,0.00081957,0,0.0
19162,4.633087901839694e-05,0.2401496054250482,-1.54e-06,0.7950698454640701,2.498501227223157,22.532275501233432,1.0052136313683062,18.678472633364137,0.12067054082980143,-21.178214756007094,-1.1573229341274334,13.454255374811702,0.6295741068180681,-15.454706830767828,0.2719344611720337,1.3397013269711504,0.00015748,3.6821305275912826,0.00081957,0,0.0
19163,0.44375642014800665,0.2184663960723987,-1.54e-06,0.7950698454640701,2.498501227223157,-25.25994709288089,1.0052136313683062,12.022176049275114,0.12067054082980143,-98.50053415061832,-1.1573229341274334,87.83905268678777,0.6295741068180681,52.167270708682246,0.2719344611720337,0.34963164285276016,0.00015748,0.8951513677886553,0.00081957,0,0.0
19164,0.28607243968874974,0.19202979736275247,-1.54e-06,0.7950698454640701,2.498501227223157,81.95945962237963,1.0052136313683062,83.88296801841751,0.12067054082980143,-57.921941638428706,-1.1573229341274334,-83.46766821724079,0.6295741068180681,-41.73645522154411,0.2719344611720337,0.2553419725152857,0.00015748,15.3021644525585,0.00081957,0,0.0
19165,0.8031684327266513,0.3032831829589758,-1.54e-06,0.7950698454640701,2.498501227223157,-21.139940533464692,1.0052136313683062,4.031495500855724,0.12067054082980143,-44.82404585069001,-1.1573229341274334,25.483065857048985,0.6295741068180681,39.789479348624404,0.2719344611720337,-0.0482588829125561,0.00015748,0.04775714630879231,0.00081957,1,0.0
19166,1.7419972422683019,1.0669610023962401,-1.54e-06,0.7950698454640701,2.498501227223157,-2.741459068516933,1.0052136313683062,23.59839451401789,0.12067054082980143,-19.19553677087819,-1.1573229341274334,-43.82287915558436,0.6295741068180681,27.410433429574546,0.2719344611720337,0.27225246129836655,0.00015748,3.010108369639699,0.00081957,0,0.0
19167,0.00017367297456649666,0.07466633948776549,-1.54e-06,0.7950698454640701,2.498501227223157,56.627553798465414,1.0052136313683062,42.71818062524857,0.12067054082980143,-4.350346012027447,-1.1573229341274334,-66.26334338420416,0.6295741068180681,-41.9206243157179,0.2719344611720337,0.25822332097870504,0.00015748,8.838408584683702,0.00081957,0,0.0
19168,0.0006841857536112883,0.018381164089345956,-1.54e-06,0.7950698454640701,2.498501227223157,41.14119333991708,1.0052136313683062,51.08973487772867,0.12067054082980143,-64.35146778033148,-1.1573229341274334,-14.577724151403842,0.6295741068180681,-12.505481368183744,0.2719344611720337,0.25798575655218503,0.00015748,8.814241930856404,0.00081957,0,0.0
19169,-1.1828878783107672,3.0208883874407078,-1.54e-06,0.7950698454640701,2.498501227223157,78.39509033356782,1.0052136313683062,49.207420966822596,0.12067054082980143,-66.26084127156106,-1.1573229341274334,69.76375823938083,0.6295741068180681,-66.47212651225915,0.2719344611720337,3.8139010224148118,0.00015748,11.17768602953533,0.00081957,0,0.0
19170,0.24172896234431684,0.15430766332572066,-1.54e-06,0.7950698454640701,2.498501227223157,72.73031424502902,1.0052136313683062,73.77040433267858,0.12067054082980143,-50.636890505763,-1.1573229341274334,-73.14831467332895,0.6295741068180681,-37.48235725337591,0.2719344611720337,0.25835908741496993,0.00015748,13.52049733340776,0.00081957,0,0.0
19171,0.0002849939365945353,0.007643004290242374,-1.54e-06,0.7950698454640701,2.498501227223157,30.373250823283083,1.0052136313683062,46.363493485885066,0.12067054082980143,-74.70887223880392,-1.1573229341274334,5.337852120580887,0.6295741068180681,-1.4031137790595685,0.2719344611720337,0.2589971436957641,0.00015748,7.560284928971814,0.00081957,0,0.0
19172,0.01802868182820072,0.08495180421250921,-1.54e-06,0.7950698454640701,2.498501227223157,75.40181870247352,1.0052136313683062,69.93617143572999,0.12067054082980143,-41.93876927128585,-1.1573229341274334,-72.695417663144,0.6295741068180681,-44.635272206111054,0.2719344611720337,0.2568057964218253,0.00015748,13.247219418659135,0.00081957,0,0.0
19173,1.5994833954208143,0.9882815754940919,-1.54e-06,0.7950698454640701,2.498501227223157,-37.82650077550484,1.0052136313683062,9.092807555816407,0.12067054082980143,-76.06619077313,-1.1573229341274334,34.383846768948985,0.6295741068180681,71.97932965900449,0.2719344611720337,-0.1670911153019733,0.00015748,0.16869976263246922,0.00081957,1,0.0
19174,-0.6780668622595196,2.167808176611606,-1.54e-06,0.7950698454640701,2.498501227223157,96.71822704216812,1.0052136313683062,61.123065387049515,0.12067054082980143,-30.953297306253837,-1.1573229341274334,-13.658123977652002,0.6295741068180681,-81.45758557082246,0.2719344611720337,2.9229604342469573,0.00015748,13.83650812620429,0.00081957,0,0.0
19175,0.42453022373153715,0.2140714374452535,-1.54e-06,0.7950698454640701,2.498501227223157,56.84683077486038,1.0052136313683062,58.066733505630864,0.12067054082980143,-32.815560396987294,-1.1573229341274334,-68.21477550760396,0.6295741068180681,-28.728409701538826,0.2719344611720337,0.2574129779306942,0.00015748,10.645073667942974,0.00081957,0,0.0
19176,3.082221106070011,2.8165298059652764,-1.54e-06,0.7950698454640701,2.498501227223157,-15.187954309957204,1.0052136313683062,59.524530552714076,0.12067054082980143,-99.69937769690937,-1.1573229341274334,-31.73465178686552,0.6295741068180681,74.60366829752041,0.2719344611720337,0.26377460169385136,0.00015748,6.388284735505708,0.00081957,0,0.0
19177,2.3582754204290026,1.9091565840516433,-1.54e-06,0.7950698454640701,2.498501227223157,2.7655582828498666,1.0052136313683062,35.949618736926965,0.12067054082980143,-17.832743678559506,-1.1573229341274334,-75.58700790329299,0.6295741068180681,29.788702016859617,0.2719344611720337,0.26464870382522676,0.00015748,4.7428169846667085,0.00081957,0,0.0
19178,-0.00472467264809584,0.7029614016327578,-1.54e-06,0.7950698454640701,2.498501227223157,87.24018559452033,1.0052136313683062,67.12895607549491,0.12067054082980143,-28.003428268241226,-1.1573229341274334,-58.19407155735277,0.6295741068180681,-63.11097882957107,0.2719344611720337,1.7375626961626365,0.00015748,13.821857965674134,0.00081957,0,0.0
19179,0.0015183054352145287,0.00974796353225915,-1.54e-06,0.7950698454640701,2.498501227223157,-7.224866085737775,1.0052136313683062,8.915818836599536,0.12067054082980143,-50.91202667992558,-1.1573229341274334,50.257756155587245,0.6295741068180681,18.51344687815918,0.2719344611720337,0.360089020487554,0.00015748,0.853306894517228,0.00081957,0,0.0
19180,0.10768714974127369,0.0033875884038264206,-1.54e-06,0.7950698454640701,2.498501227223157,4.242621563073219,1.0052136313683062,32.992941250977715,0.12067054082980143,-89.37510380985749,-1.1573229341274334,44.86532940166288,0.6295741068180681,23.42740327059035,0.2719344611720337,0.2657719482444434,0.00015748,4.272042028459927,0.00081957,0,0.0
19181,0.00034618134662367517,0.14219950901109898,-1.54e-06,0.7950698454640701,2.498501227223157,24.21919422890026,1.0052136313683062,21.46469499169277,0.12067054082980143,-23.491772015054586,-1.1573229341274334,4.282608654885739,0.6295741068180681,-14.522726878893753,0.2719344611720337,0.9802475980981646,0.00015748,4.241467230120083,0.00081957,0,0.0
19182,1.712924372095403,1.0234460335304192,-1.54e-06,0.7950698454640701,2.498501227223157,-35.884548334399895,1.0052136313683062,10.65546781456081,0.12067054082980143,-66.84622690602419,-1.1573229341274334,19.254296985136833,0.6295741068180681,69.11359990215605,0.2719344611720337,-0.2965971021702652,0.00015748,0.2973193108035695,0.00081957,1,0.0
19183,-0.0022484451300848196,0.48683583356076404,-1.54e-06,0.7950698454640701,2.498501227223157,27.542088445378784,1.0052136313683062,34.59257370414464,0.12067054082980143,-71.98526600607619,-1.1573229341274334,52.74659774628647,0.6295741068180681,-6.377646598739261,0.2719344611720337,2.0941344893973883,0.00015748,6.1805738976345115,0.00081957,0,0.0
19184,-0.15273201861476537,1.0093717451553466,-1.54e-06,0.7950698454640701,2.498501227223157,58.519893547472705,1.0052136313683062,35.62193437318731,0.12067054082980143,-10.074648039499296,-1.1573229341274334,-12.211730625087247,0.6295741068180681,-50.400448904222,0.2719344611720337,2.18491253945379,0.00015748,8.236419855251558,0.00081957,0,0.0
19185,0.0005630270727519093,0.08330916245890561,-1.54e-06,0.7950698454640701,2.498501227223157,-0.2571136855391677,1.0052136313683062,25.191904173478562,0.12067054082980143,-93.1655624853038,-1.1573229341274334,79.74706183450301,0.6295741068180681,23.438971198066668,0.2719344611720337,1.1911932728290555,0.00015748,3.1406414281190393,0.00081957,0,0.0
19186,0.0005293426371992815,0.0001398435166106231,-1.54e-06,0.7950698454640701,2.498501227223157,-8.451972870793838,1.0052136313683062,17.630551101887647,0.12067054082980143,-77.86453288925505,-1.1573229341274334,62.72917322548233,0.6295741068180681,27.855142530202077,0.2719344611720337,0.296324397406156,0.00015748,1.7191725313122899,0.00081957,0,0.0
19187,0.024498043196309327,0.03472934581833498,-1.54e-06,0.7950698454640701,2.498501227223157,27.911071591174416,1.0052136313683062,23.00421317807052,0.12067054082980143,-7.622494544378145,-1.1573229341274334,-27.738906452845633,0.6295741068180681,-19.34234864593609,0.2719344611720337,0.2652993205138099,0.00015748,4.526985920171505,0.00081957,0,0.0
19188,2.1445356979187182,1.407243544488784,-1.54e-06,0.7950698454640701,2.498501227223157,-6.804249683550677,1.0052136313683062,42.52544093367906,0.12067054082980143,-68.97225237849064,-1.1573229341274334,-26.277021187660818,0.6295741068180681,49.463801265024784,0.2719344611720337,0.2630852540335935,0.00015748,5.002442148555963,0.00081957,0,0.0
19189,0.00040109875869953626,0.19603787087526667,-1.54e-06,0.7950698454640701,2.498501227223157,56.79351646355715,1.0052136313683062,47.841557100988425,0.12067054082980143,-25.94735159770346,-1.1573229341274334,-40.863216164356686,0.6295741068180681,-37.885991260969625,0.2719344611720337,0.8665220584264848,0.00015748,9.413529133612231,0.00081957,0,0.0
19190,0.05356730898556872,0.010794988498388006,-1.54e-06,0.7950698454640701,2.498501227223157,-0.14434134323690972,1.0052136313683062,8.951667110065078,0.12067054082980143,-30.290922923826336,-1.1573229341274334,22.550220575783335,0.6295741068180681,8.554852608135246,0.2719344611720337,0.32694908004327705,0.00015748,1.1281876078736177,0.00081957,0,0.0
19191,0.002235755544255369,0.03861170810362868,-1.54e-06,0.7950698454640701,2.498501227223157,69.94620161498912,1.0052136313683062,81.28118587343658,0.12067054082980143,-90.47747146471214,-1.1573229341274334,-39.149277815665386,0.6295741068180681,-26.184624718216934,0.2719344611720337,0.25552667372585347,0.00015748,14.325687371941719,0.00081957,0,0.0
19192,0.5620927589510681,0.15050762708429608,-1.54e-06,0.7950698454640701,2.498501227223157,-16.772775733998007,1.0052136313683062,4.416565758567426,0.12067054082980143,-39.91553427402542,-1.1573229341274334,23.404717767820983,0.6295741068180681,32.097475595916336,0.2719344611720337,-0.10000565053014265,0.00015748,0.09986039719903556,0.00081957,1,0.0
19193,0.7418516893434541,0.641603251378674,-1.54e-06,0.7950698454640701,2.498501227223157,-30.124335645402144,1.0052136313683062,3.4286263086484645,0.12067054082980143,-76.66102121287362,-1.1573229341274334,62.40870471788908,0.6295741068180681,55.51737578253819,0.2719344611720337,-0.2030122109076022,0.00015748,0.19695284469041874,0.00081957,1,0.0
19194,2.9806427781962586,5.002843090182683,-1.54e-06,0.7950698454640701,2.498501227223157,-36.41771021728702,1.0052136313683062,9.78406877244564,0.12067054082980143,-46.7773304778931,-1.1573229341274334,13.391851573662109,0.6295741068180681,71.03912458462005,0.2719344611720337,0.2811598710910662,0.00015748,1.9733968169115177,0.00081957,0,0.0
19195,-1.0947443974361142,2.925699372630075,-1.54e-06,0.7950698454640701,2.498501227223157,84.66548979812661,1.0052136313683062,54.50043178116427,0.12067054082980143,-63.52996121925235,-1.1573229341274334,54.870546971351125,0.6295741068180681,-70.69739767531006,0.2719344611720337,3.7486016800121353,0.00015748,12.202708367029256,0.00081957,0,0.0
19196,-0.6589905298174248,8.565392921803035,-1.54e-06,0.7950698454640701,2.498501227223157,-25.182512791848044,1.0052136313683062,-25.79956786439943,0.12067054082980143,-30.19144611988008,-1.1573229341274334,83.15008321911868,0.6295741068180681,21.898158084288504,0.2719344611720337,-3.5356325328651996,0.00015748,0.2354925065889042,0.00081957,1,0.0
19197,0.0007124134274882898,0.03757959252796855,-1.54e-06,0.7950698454640701,2.498501227223157,62.46584401328714,1.0052136313683062,70.14151574542605,0.12067054082980143,-73.10550937828815,-1.1573229341274334,-38.46979349453025,0.6295741068180681,-25.84753262025414,0.2719344611720337,0.25515488073233517,0.00015748,12.46246161093271,0.00081957,0,0.0
19198,0.0013733658019996486,0.07873280729865789,-1.54e-06,0.7950698454640701,2.498501227223157,30.36968899541947,1.0052136313683062,21.88622290860444,0.12067054082980143,-4.1044010983811,-1.1573229341274334,-24.762349403522443,0.6295741068180681,-23.44542350544191,0.2719344611720337,0.5475430565300305,0.00015748,4.61495747846218,0.00081957,0,0.0
19199,1.4373494543078404,0.803695038818196,-1.54e-06,0.7950698454640701,2.498501227223157,43.03526986366808,1.0052136313683062,80.19886500283614,0.12067054082980143,-92.47662541199882,-1.1573229341274334,-56.333527487525906,0.6295741068180681,11.028558939797565,0.2719344611720337,0.25613576165841945,0.00015748,12.468839910390471,0.00081957,0,0.0
19200,0.5423923616020522,0.09575718566575625,-1.54e-06,2.0955878038400533,3.0496499206866825,-22.1948414827492,1.0052136313683062,8.323803142521456,0.12067054082980143,-46.38245206567267,-1.1573229341274334,-15.26254749323247,0.6295741068180681,49.669727762449185,0.2719344611720337,-0.19684043423669803,0.00015748,0.19738633782902978,0.00081957,1,0.0
19201,0.10873360436813029,0.156584538824172,-1.54e-06,2.0955878038400533,3.0496499206866825,41.12800659391391,1.0052136313683062,9.303344496412562,0.12067054082980143,-22.29892815516342,-1.1573229341274334,-29.589256203125746,0.6295741068180681,-3.3460888747510045,0.2719344611720337,-0.10588930144904088,0.00015748,0.29249461733374316,0.00081957,1,0.0
19202,0.38910390740171635,0.02720840829731906,-1.54e-06,2.0955878038400533,3.0496499206866825,-50.850084439109516,1.0052136313683062,5.273242927115574,0.12067054082980143,-66.5805730965602,-1.1573229341274334,38.28840158513848,0.6295741068180681,64.88717945649447,0.2719344611720337,-0.09303451956151311,0.00015748,0.09313805213927885,0.00081957,1,0.0
19203,0.774387704668652,0.3473027022245259,-1.54e-06,2.0955878038400533,3.0496499206866825,-15.281198625995186,1.0052136313683062,15.910122808521072,0.12067054082980143,-78.4759838504191,-1.1573229341274334,-33.542898533171595,0.6295741068180681,70.78379981519927,0.2719344611720337,-0.3952897512584512,0.00015748,0.4059090324494785,0.00081957,1,0.0
19204,0.029337693299910095,0.06646250637219114,-1.54e-06,2.0955878038400533,3.0496499206866825,91.84770232883025,1.0052136313683062,12.320352517449523,0.12067054082980143,-33.348629454448506,-1.1573229341274334,3.291618221718086,0.6295741068180681,-30.294846228941996,0.2719344611720337,0.4526173517296025,0.00015748,0.5519519033696875,0.00081957,0,0.0
19205,0.001379828754942608,0.00143482394037238,-1.54e-06,2.0955878038400533,3.0496499206866825,-6.610722608397108,1.0052136313683062,0.9006001472088112,0.12067054082980143,-14.421549797220054,-1.1573229341274334,12.333593602752407,0.6295741068180681,9.685214697366122,0.2719344611720337,-0.019726763498503032,0.00015748,0.019908525578889495,0.00081957,1,0.0
19206,0.33226454918707443,0.06718978172278009,-1.54e-06,2.0955878038400533,3.0496499206866825,6.810655245031306,1.0052136313683062,6.189179576780742,0.12067054082980143,-15.377913685183001,-1.1573229341274334,-35.53087638902006,0.6295741068180681,16.771900739557395,0.2719344611720337,-0.17521572325182658,0.00015748,0.17532018170595023,0.00081957,1,0.0
19207,0.04660077104955759,0.017570636348977767,-1.54e-06,2.0955878038400533,3.0496499206866825,5.9519464821641455,1.0052136313683062,3.1620729562632444,0.12067054082980143,-13.76801598121167,-1.1573229341274334,-5.872185085157549,0.6295741068180681,6.257443816976203,0.2719344611720337,-0.09188842665201809,0.00015748,0.09167459955321984,0.00081957,1,0.0
19208,0.6315733998870092,0.31630665829614757,-1.54e-06,2.0955878038400533,3.0496499206866825,-2.2188936261578345,1.0052136313683062,15.870227458082763,0.12067054082980143,-76.56595411587645,-1.1573229341274334,-22.61365367688566,0.6295741068180681,57.77422155015365,0.2719344611720337,-0.2798535675027578,0.00015748,0.41383951958447196,0.00081957,1,0.0
19209,0.006667521125989007,0.059677543344705423,-1.54e-06,2.0955878038400533,3.0496499206866825,83.72009281897576,1.0052136313683062,12.100176560358323,0.12067054082980143,-41.559867733122985,-1.1573229341274334,17.856692320737633,0.6295741068180681,-24.382695542984674,0.2719344611720337,0.44929942868828965,0.00015748,0.5636605861129504,0.00081957,0,0.0
19210,0.06652238830962443,1.8660721605858375,-1.54e-06,2.0955878038400533,3.0496499206866825,94.0602056069572,1.0052136313683062,33.88438841249177,0.12067054082980143,-51.66683443198653,-1.1573229341274334,-84.68433385062934,0.6295741068180681,-28.657146863116004,0.2719344611720337,-0.7010989724016448,0.00015748,0.8832634829068409,0.00081957,1,0.0
19211,0.01609306608830749,0.008008519185912827,-1.54e-06,2.0955878038400533,3.0496499206866825,-43.47629789293465,1.0052136313683062,2.260732991780479,0.12067054082980143,-62.831961467162834,-1.1573229341274334,67.63051179758976,0.6295741068180681,47.35036562966431,0.2719344611720337,-0.029636170571605062,0.00015748,0.030015127575818177,0.00081957,1,0.0
19212,0.1480994113691788,0.08413832118995129,-1.54e-06,2.0955878038400533,3.0496499206866825,70.7400874316211,1.0052136313683062,13.504843482311571,0.12067054082980143,-52.343355890790164,-1.1573229341274334,19.56762881503166,0.6295741068180681,-9.889148732642996,0.2719344611720337,0.4691852053944511,0.00015748,0.5336806664289554,0.00081957,0,0.0
19213,0.1957953199987632,0.005653789246214648,-1.54e-06,2.0955878038400533,3.0496499206866825,-41.026677822854474,1.0052136313683062,1.4442786679675774,0.12067054082980143,-41.04684611528899,-1.1573229341274334,38.27756509691577,0.6295741068180681,41.944609864996266,0.2719344611720337,-0.026910753060012057,0.00015748,0.027097740089135288,0.00081957,1,0.0
19214,0.7301971755892395,0.325342232375842,-1.54e-06,2.0955878038400533,3.0496499206866825,-11.660776804498663,1.0052136313683062,15.579648404075035,0.12067054082980143,-72.8357151088783,-1.1573229341274334,-35.97318759003074,0.6295741068180681,64.87187234158623,0.2719344611720337,-0.39091437812601815,0.00015748,0.3930133716227743,0.00081957,1,0.0
19215,0.32498875028772695,0.10109219719023499,-1.54e-06,2.0955878038400533,3.0496499206866825,15.625428037374942,1.0052136313683062,7.8897449006190685,0.12067054082980143,-16.526498359413438,-1.1573229341274334,-43.926692729693194,0.6295741068180681,13.39412520845373,0.2719344611720337,-0.22003468292054124,0.00015748,0.2204676042273112,0.00081957,1,0.0
19216,-0.006298600607932192,1.285901088443654,-1.54e-06,2.0955878038400533,3.0496499206866825,81.02758934028732,1.0052136313683062,15.244268440145133,0.12067054082980143,-0.48297144276427406,-1.1573229341274334,24.46011810025809,0.6295741068180681,-64.9297820554577,0.2719344611720337,-0.0036212159677209144,0.00015748,1.3530081008448425,0.00081957,1,0.0
19217,0.4706643281570919,0.13774907139953044,-1.54e-06,2.0955878038400533,3.0496499206866825,100.0,1.0052136313683062,23.356168119388894,0.12067054082980143,-77.37885717626986,-1.1573229341274334,-22.252774251492276,0.6295741068180681,1.1280853830765998,0.2719344611720337,0.3689289899688164,0.00015748,0.7747231233180665,0.00081957,0,0.0
19218,0.9101174151697932,0.11711439496065709,-1.54e-06,2.0955878038400533,3.0496499206866825,-78.93654661877963,1.0052136313683062,6.886456472256474,0.12067054082980143,-71.03855607226744,-1.1573229341274334,15.577228583364477,0.6295741068180681,95.31342140770573,0.2719344611720337,-0.1115893891644556,0.00015748,0.11166845801273062,0.00081957,1,0.0
19219,6.89017118671309e-05,0.02925240914148928,-1.54e-06,2.0955878038400533,3.0496499206866825,75.55858949360385,1.0052136313683062,16.84393228633412,0.12067054082980143,-88.32054847911226,-1.1573229341274334,46.96674016607677,0.6295741068180681,1.2996503829864394,0.2719344611720337,0.4440603215132153,0.00015748,0.5921778500441865,0.00081957,0,0.0
19220,0.0013344646768754798,0.08542874265345841,-1.54e-06,2.0955878038400533,3.0496499206866825,4.797045952800967,1.0052136313683062,6.749470838768775,0.12067054082980143,-47.699981721146195,-1.1573229341274334,22.44063900621936,0.6295741068180681,19.85016260976293,0.2719344611720337,-0.07393393752272065,0.00015748,0.18473492605409886,0.00081957,1,0.0
19221,0.7304909513771788,0.0988491797383676,-1.54e-06,2.0955878038400533,3.0496499206866825,-36.54562264505969,1.0052136313683062,6.718911664189958,0.12067054082980143,-38.36627816641641,-1.1573229341274334,-22.4127742833728,0.6295741068180681,57.85537736201849,0.2719344611720337,-0.1459505327408108,0.00015748,0.14592431278960968,0.00081957,1,0.0
19222,0.7071999736991381,0.0774495597706734,-1.54e-06,2.0955878038400533,3.0496499206866825,-66.98958934092218,1.0052136313683062,2.1600675597871852,0.12067054082980143,-40.82204829722672,-1.1573229341274334,13.102091921345234,0.6295741068180681,69.65192579670803,0.2719344611720337,-0.02556102843696987,0.00015748,0.025751505200477316,0.00081957,1,0.0
19223,0.8000719510080153,0.10793396235177227,-1.54e-06,2.0955878038400533,3.0496499206866825,-39.489023369939304,1.0052136313683062,3.0488703195480933,0.12067054082980143,-9.734464593613726,-1.1573229341274334,-37.162522446983104,0.6295741068180681,47.30592464702522,0.2719344611720337,-0.04695439808648436,0.00015748,0.047637604890277054,0.00081957,1,0.0
19224,0.003995619281368823,0.03904318579549736,-1.54e-06,2.0955878038400533,3.0496499206866825,95.01133716433351,1.0052136313683062,16.25120828426111,0.12067054082980143,-58.97546631094414,-1.1573229341274334,13.224723461164674,0.6295741068180681,-20.42718741029565,0.2719344611720337,0.4382817041109384,0.00015748,0.581626970654214,0.00081957,0,0.0
19225,0.7863664966573023,0.10776800766555941,-1.54e-06,2.0955878038400533,3.0496499206866825,-67.8801495013353,1.0052136313683062,1.5471758363387897,0.12067054082980143,-30.31214416589175,-1.1573229341274334,1.6699190287799084,0.6295741068180681,67.32548459152152,0.2719344611720337,-0.043041784912952324,0.00015748,0.042544425354381216,0.00081957,1,0.0
19226,0.25567154341573217,0.09270493357796399,-1.54e-06,2.0955878038400533,3.0496499206866825,86.2989201814155,1.0052136313683062,16.904011941703143,0.12067054082980143,-56.1358964325995,-1.1573229341274334,-4.198998242004953,0.6295741068180681,-9.815371079706518,0.2719344611720337,0.4328307101356951,0.00015748,0.5911380896698636,0.00081957,0,0.0
19227,0.4334556537035732,0.27268577584598525,-1.54e-06,2.0955878038400533,3.0496499206866825,-95.0305153846239,1.0052136313683062,-8.174931314577309,0.12067054082980143,-14.262706493941753,-1.1573229341274334,60.71386799522032,0.6295741068180681,57.30316059675571,0.2719344611720337,-0.31206284199332385,0.00015748,0.31151084131025847,0.00081957,1,0.0
19228,0.003536043741210859,0.03415436955482341,-1.54e-06,2.0955878038400533,3.0496499206866825,90.14620706812475,1.0052136313683062,16.689743593047936,0.12067054082980143,-71.36228259246623,-1.1573229341274334,24.542190933988294,0.6295741068180681,-12.083541799786925,0.2719344611720337,0.4223459748870807,0.00015748,0.6088360854228726,0.00081957,0,0.0
19229,0.06658071944848565,0.07384728472425836,-1.54e-06,2.0955878038400533,3.0496499206866825,-26.908943578018327,1.0052136313683062,7.835394715063353,0.12067054082980143,-80.90487761485042,-1.1573229341274334,52.26291555066825,0.6295741068180681,51.45864201957803,0.2719344611720337,-0.168575941955947,0.00015748,0.17699820304618524,0.00081957,1,0.0
19230,1.6238477488217384e-05,0.19080381215492773,-1.54e-06,2.0955878038400533,3.0496499206866825,74.5387333060945,1.0052136313683062,10.613204199667322,0.12067054082980143,-63.48923196658733,-1.1573229341274334,82.17145240871137,0.6295741068180681,-17.627712518636475,0.2719344611720337,0.43461235982415813,0.00015748,1.0876720633912482,0.00081957,0,0.0
19231,0.5708145828671363,0.05226711200096424,-1.54e-06,2.0955878038400533,3.0496499206866825,-32.871500592031,1.0052136313683062,2.418961776677217,0.12067054082980143,-15.48798367715436,-1.1573229341274334,-18.17749077581973,0.6295741068180681,40.00122626628436,0.2719344611720337,-0.040260285942476534,0.00015748,0.04015336508752827,0.00081957,1,0.0
19232,0.008266645467103317,0.052165826415134134,-1.54e-06,2.0955878038400533,3.0496499206866825,37.61034136990334,1.0052136313683062,11.989441152840165,0.12067054082980143,-93.68345520420836,-1.1573229341274334,88.46394007481908,0.6295741068180681,18.1023443896446,0.2719344611720337,0.41478206722361666,0.00015748,0.6262517344236838,0.00081957,0,0.0
19233,0.2977593783902548,0.08217231951727727,-1.54e-06,2.0955878038400533,3.0496499206866825,81.85663369405317,1.0052136313683062,21.098709752220373,0.12067054082980143,-88.76280344181967,-1.1573229341274334,12.977539884114378,0.6295741068180681,8.021801723694251,0.2719344611720337,0.3928445043462636,0.00015748,0.6866602171015637,0.00081957,0,0.0
19234,0.019228098478768163,0.07920343650699199,-1.54e-06,2.0955878038400533,3.0496499206866825,37.849104363609634,1.0052136313683062,6.28728026108407,0.12067054082980143,-1e-20,-1.1573229341274334,-42.2056548579195,0.6295741068180681,-13.96945806561734,0.2719344611720337,-0.19058011982193215,0.00015748,0.19183640285846695,0.00081957,1,0.0
19235,0.13940087644833674,0.041736521806306215,-1.54e-06,2.0955878038400533,3.0496499206866825,-51.21544440195893,1.0052136313683062,-3.209262749046133,0.12067054082980143,-25.861667553250662,-1.1573229341274334,49.71035835392632,0.6295741068180681,37.03751253585393,0.2719344611720337,-0.12429241918673337,0.00015748,0.1246297401887563,0.00081957,1,0.0
19236,0.7655328210639972,0.3685467249365627,-1.54e-06,2.0955878038400533,3.0496499206866825,0.24857531615139372,1.0052136313683062,15.917398550768587,0.12067054082980143,-65.62231447382341,-1.1573229341274334,-48.06892951668433,0.6295741068180681,57.71327060227657,0.2719344611720337,-0.35438947040761815,0.00015748,0.42744517801447623,0.00081957,1,0.0
19237,0.03094755850274336,0.032536084108882465,-1.54e-06,2.0955878038400533,3.0496499206866825,-57.90016236309443,1.0052136313683062,-2.3428420953501643,0.12067054082980143,-45.7253351072524,-1.1573229341274334,75.13120404261016,0.6295741068180681,45.18293521497266,0.2719344611720337,-0.11544620454633618,0.00015748,0.11553291903068368,0.00081957,1,0.0
19238,0.0019591523704000635,0.17422823209540833,-1.54e-06,2.0955878038400533,3.0496499206866825,51.7153802259368,1.0052136313683062,6.397080379630904,0.12067054082980143,-38.14610155148067,-1.1573229341274334,48.96547540860908,0.6295741068180681,-13.212036410951786,0.2719344611720337,0.28560854444539785,0.00015748,0.7005249378706289,0.00081957,0,0.0
19239,0.04833500562714299,0.08892757146700496,-1.54e-06,2.0955878038400533,3.0496499206866825,92.51830375122859,1.0052136313683062,11.256309454292404,0.12067054082980143,-21.15230833087993,-1.1573229341274334,-4.537389252512946,0.6295741068180681,-36.24714228255158,0.2719344611720337,0.43336768286159666,0.00015748,0.5682265347938198,0.00081957,0,0.0
19240,4.873016620343673e-05,0.07968885778020554,-1.54e-06,2.0955878038400533,3.0496499206866825,86.1260411768936,1.0052136313683062,12.630712342359391,0.12067054082980143,-70.52966428484602,-1.1573229341274334,45.5538769630329,0.6295741068180681,-9.925741303322408,0.2719344611720337,0.43452712219041556,0.00015748,0.7539083310953077,0.00081957,0,0.0
19241,7.186072117892905e-05,0.05243810315553317,-1.54e-06,2.0955878038400533,3.0496499206866825,62.65904020730503,1.0052136313683062,14.850672248329305,0.12067054082980143,-90.30039150340542,-1.1573229341274334,69.58082474444278,0.6295741068180681,5.359221171830929,0.2719344611720337,0.5130590715538569,0.00015748,0.6183825705450897,0.00081957,0,0.0
19242,0.19864371278935744,0.06337984036906938,-1.54e-06,2.0955878038400533,3.0496499206866825,89.5202878720556,1.0052136313683062,19.896688728502152,0.12067054082980143,-80.73303105050323,-1.1573229341274334,11.772660932934233,0.6295741068180681,-1.580738210620718,0.2719344611720337,0.39682243454174093,0.00015748,0.6745057159466287,0.00081957,0,0.0
19243,1.1037787084925008,0.5819130150686669,-1.54e-06,2.0955878038400533,3.0496499206866825,7.70201431602991,1.0052136313683062,20.211254663023894,0.12067054082980143,-72.6514631888584,-1.1573229341274334,-71.84722448811125,0.6295741068180681,67.54870642021358,0.2719344611720337,-0.30148410512101775,0.00015748,0.5568729698740338,0.00081957,1,0.0
19244,1.4182440148998914,0.4932114800916745,-1.54e-06,2.0955878038400533,3.0496499206866825,-44.15775488518689,1.0052136313683062,16.647558743694194,0.12067054082980143,-68.18885120063169,-1.1573229341274334,-74.61413111706521,0.6295741068180681,98.69976472734672,0.2719344611720337,-0.39335923351373897,0.00015748,0.39289178053115775,0.00081957,1,0.0
19245,-0.0018429803457507554,0.2168435538996889,-1.54e-06,2.0955878038400533,3.0496499206866825,-23.361872689618917,1.0052136313683062,3.4283794081570713,0.12067054082980143,-43.205128247493285,-1.1573229341274334,64.76988838863353,0.6295741068180681,21.451584254316355,0.2719344611720337,-0.06358570523563714,0.00015748,0.3633040544483951,0.00081957,1,0.0
19246,0.21817944286786448,0.006855061599431042,-1.54e-06,2.0955878038400533,3.0496499206866825,-48.37603773986592,1.0052136313683062,1.7413689606953138,0.12067054082980143,-50.54462718727133,-1.1573229341274334,47.383127092733325,0.6295741068180681,50.26010702661433,0.2719344611720337,-0.02493289615201803,0.00015748,0.025050041622331858,0.00081957,1,0.0
19247,0.2627526025646143,0.009502703448651655,-1.54e-06,2.0955878038400533,3.0496499206866825,-24.769997839351063,1.0052136313683062,1.878834183234055,0.12067054082980143,-22.04289687618049,-1.1573229341274334,7.1754871326782,0.6295741068180681,29.03413937153585,0.2719344611720337,-0.02861174407496364,0.00015748,0.02856379806625281,0.00081957,1,0.0
19248,0.09663369032862631,0.0028220413457750015,-1.54e-06,2.0955878038400533,3.0496499206866825,-31.95635353938565,1.0052136313683062,1.5224721908191454,0.12067054082980143,-39.61268427803626,-1.1573229341274334,38.623870047402846,0.6295741068180681,34.60643461997112,0.2719344611720337,-0.017848125004811297,0.00015748,0.018796656510538426,0.00081957,1,0.0
19249,0.0009603046937867177,0.12857078150170465,-1.54e-06,2.0955878038400533,3.0496499206866825,59.18916885495907,1.0052136313683062,8.714478064648112,0.12067054082980143,-36.93530955087029,-1.1573229341274334,30.23275912186429,0.6295741068180681,-16.12935206312388,0.2719344611720337,0.3317751659672954,0.00015748,0.5462146178903104,0.00081957,0,0.0
19250,0.20248795560171734,0.028101977460652617,-1.54e-06,2.0955878038400533,3.0496499206866825,-40.663003078311384,1.0052136313683062,5.853698783433339,0.12067054082980143,-71.69808189043088,-1.1573229341274334,48.5592964318199,0.6295741068180681,56.91190305299597,0.2719344611720337,-0.11364848871006356,0.00015748,0.11376874995124558,0.00081957,1,0.0
19251,0.025008948176677842,0.009878893814473589,-1.54e-06,2.0955878038400533,3.0496499206866825,-5.374182539246318,1.0052136313683062,2.9113180710312614,0.12067054082980143,-23.473795852123715,-1.1573229341274334,11.638696564103041,0.6295741068180681,13.951478465382023,0.2719344611720337,-0.06531279881039984,0.00015748,0.06612735525927829,0.00081957,1,0.0
19252,0.5996320893826977,0.07268664068759297,-1.54e-06,2.0955878038400533,3.0496499206866825,-50.63308562057297,1.0052136313683062,7.461851681822302,0.12067054082980143,-68.46514617406214,-1.1573229341274334,17.20061282669184,0.6295741068180681,73.24348870312669,0.2719344611720337,-0.15210423882059212,0.00015748,0.15229826759592316,0.00081957,1,0.0
19253,0.5697373830897052,0.1941449983725816,-1.54e-06,2.0955878038400533,3.0496499206866825,90.2007816657542,1.0052136313683062,19.716310775472294,0.12067054082980143,-49.50585107692427,-1.1573229341274334,-40.231180029698734,0.6295741068180681,-4.561835048971609,0.2719344611720337,0.40248836937048504,0.00015748,0.6583585413687396,0.00081957,0,0.0
19254,0.4964060206169368,0.04327297214770456,-1.54e-06,2.0955878038400533,3.0496499206866825,-59.034205401795326,1.0052136313683062,6.113574344019168,0.12067054082980143,-75.65891852720155,-1.1573229341274334,39.44835140022767,0.6295741068180681,76.39780478626491,0.2719344611720337,-0.11123402783364866,0.00015748,0.11114245749129037,0.00081957,1,0.0
19255,0.0004476276685588809,0.10029254406614312,-1.54e-06,2.0955878038400533,3.0496499206866825,-3.4979341939183857,1.0052136313683062,7.3674500359865664,0.12067054082980143,-65.14865848525699,-1.1573229341274334,43.89942704421929,0.6295741068180681,30.668219698834186,0.2719344611720337,-0.022276149708930243,0.00015748,0.19956737116944182,0.00081957,1,0.0
19256,0.5538023938506478,0.049044467250946445,-1.54e-06,2.0955878038400533,3.0496499206866825,-29.981907361261356,1.0052136313683062,2.9665780782496194,0.12067054082980143,-16.091811502038507,-1.1573229341274334,-19.44144123007754,0.6295741068180681,38.351036329283716,0.2719344611720337,-0.05297596400162362,0.00015748,0.05303008231413707,0.00081957,1,0.0
19257,0.05730607005134247,0.06687639699201216,-1.54e-06,2.0955878038400533,3.0496499206866825,39.69035758765682,1.0052136313683062,12.262211897893046,0.12067054082980143,-86.29797085650469,-1.1573229341274334,76.75775236297567,0.6295741068180681,15.01845786283761,0.2719344611720337,0.412362051208423,0.00015748,0.6149042523207744,0.00081957,0,0.0
19258,0.02946109093607019,0.008480273302586458,-1.54e-06,2.0955878038400533,3.0496499206866825,-52.90940224168454,1.0052136313683062,1.4099932314601307,0.12067054082980143,-65.390819271214,-1.1573229341274334,77.03256282996819,0.6295741068180681,52.439477001932715,0.2719344611720337,-0.039104922791817584,0.00015748,0.03928032929066931,0.00081957,1,0.0
19259,-3.534925073850337e-05,0.14788389174478583,-1.54e-06,2.0955878038400533,3.0496499206866825,38.560737542445025,1.0052136313683062,5.492635760549452,0.12067054082980143,-20.92917195015742,-1.1573229341274334,14.230092656713872,0.6295741068180681,-11.314484033611517,0.2719344611720337,0.2093236047436606,0.00015748,0.313589610077854,0.00081957,0,0.0
19260,0.0014549017206073322,0.19323934141931667,-1.54e-06,2.0955878038400533,3.0496499206866825,-10.270876572212154,1.0052136313683062,3.2212132138826632,0.12067054082980143,-61.394101731984925,-1.1573229341274334,82.25888030316604,0.6295741068180681,27.03452345461764,0.2719344611720337,0.11429403427346616,0.00015748,0.42148454878894226,0.00081957,0,0.0
19261,0.5690958300677308,0.1700624543683238,-1.54e-06,2.0955878038400533,3.0496499206866825,73.22353973407675,1.0052136313683062,20.864317126298385,0.12067054082980143,-77.7155008330937,-1.1573229341274334,-10.752198921389166,0.6295741068180681,15.515960883015271,0.2719344611720337,0.3957974964352995,0.00015748,0.674722555940583,0.00081957,0,0.0
19262,-0.009232073606342817,0.8541561707133511,-1.54e-06,2.0955878038400533,3.0496499206866825,-30.58829574437656,1.0052136313683062,-7.332274896901301,0.12067054082980143,-0.09871061304638158,-1.1573229341274334,89.6463733562718,0.6295741068180681,0.33421904637820177,0.2719344611720337,-0.23216797591009808,0.00015748,0.8748408187480017,0.00081957,1,0.0
19263,0.8541015675827286,0.10480247503374228,-1.54e-06,2.0955878038400533,3.0496499206866825,-69.50184164568955,1.0052136313683062,5.416223055529552,0.12067054082980143,-58.07754342374816,-1.1573229341274334,7.20084723240298,0.6295741068180681,84.35116042939755,0.2719344611720337,-0.08740329298893613,0.00015748,0.08750110113492639,0.00081957,1,0.0
19264,0.0002459875119322358,0.18766361726739852,-1.54e-06,2.0955878038400533,3.0496499206866825,20.238446197796314,1.0052136313683062,0.9050654716240826,0.12067054082980143,-2.9617196486907305,-1.1573229341274334,17.783806951883868,0.6295741068180681,-11.950977593033551,0.2719344611720337,0.06535192207614832,0.00015748,0.357709563918784,0.00081957,0,0.0
19265,0.0008198977857329925,0.028950536315878767,-1.54e-06,2.0955878038400533,3.0496499206866825,52.191733938931655,1.0052136313683062,15.553299843002911,0.12067054082980143,-99.79024657982212,-1.1573229341274334,72.41988124174983,0.6295741068180681,15.3916910770165,0.2719344611720337,0.49244917925132153,0.00015748,0.5117497427016404,0.00081957,0,0.0
19266,0.08289317499317617,0.13932623914705478,-1.54e-06,2.0955878038400533,3.0496499206866825,25.907774979861763,1.0052136313683062,9.058082133574844,0.12067054082980143,-40.528832883146784,-1.1573229341274334,-1.4642575286125556,0.6295741068180681,9.959860115159907,0.2719344611720337,-0.05780753702541089,0.00015748,0.27303004370840345,0.00081957,1,0.0
19267,0.8141257638092885,0.25627080356804033,-1.54e-06,2.0955878038400533,3.0496499206866825,60.338020680779756,1.0052136313683062,22.43066164383065,0.12067054082980143,-88.34481054569912,-1.1573229341274334,-16.211896989429036,0.6295741068180681,33.94830788060557,0.2719344611720337,0.3835386466277866,0.00015748,0.7100402774158001,0.00081957,0,0.0
19268,1.0707571363594333,0.20727376077234339,-1.54e-06,2.0955878038400533,3.0496499206866825,-38.6828398592018,1.0052136313683062,7.659195220059117,0.12067054082980143,-23.758013551085398,-1.1573229341274334,-60.72044897946634,0.6295741068180681,63.37071646372052,0.2719344611720337,-0.16994445084152454,0.00015748,0.16970986947134548,0.00081957,1,0.0
19269,0.688415748498904,0.22291762186835473,-1.54e-06,2.0955878038400533,3.0496499206866825,59.97558998370742,1.0052136313683062,19.10968332444546,0.12067054082980143,-69.952755524358,-1.1573229341274334,-15.015274584849921,0.6295741068180681,21.333707115061895,0.2719344611720337,0.42113987528718516,0.00015748,0.615220677062039,0.00081957,0,0.0
19270,-0.0003051439117335297,0.12057693615769272,-1.54e-06,2.0955878038400533,3.0496499206866825,91.6152174890707,1.0052136313683062,12.427783145347295,0.12067054082980143,-49.37566779951079,-1.1573229341274334,40.17362090431678,0.6295741068180681,-27.826032612051623,0.2719344611720337,0.48837424996945644,0.00015748,0.824184773522498,0.00081957,0,0.0
19271,0.9580828731303671,0.14319109152235682,-1.54e-06,2.0955878038400533,3.0496499206866825,-57.16871632178588,1.0052136313683062,5.395878202163679,0.12067054082980143,-34.7986407263252,-1.1573229341274334,-25.56373696910453,0.6295741068180681,71.56161453794657,0.2719344611720337,-0.09243064271250262,0.00015748,0.09254892263544007,0.00081957,1,0.0
19272,0.0002850731438464038,0.16819853774834423,-1.54e-06,2.0955878038400533,3.0496499206866825,18.38542653595938,1.0052136313683062,3.4077516234732887,0.12067054082980143,-32.25149434033804,-1.1573229341274334,39.49681938643955,0.6295741068180681,2.813184609657353,0.2719344611720337,0.14876297771530095,0.00015748,0.36388562167935995,0.00081957,0,0.0
19273,0.07020261478958867,0.04380476650416001,-1.54e-06,2.0955878038400533,3.0496499206866825,98.2132805286334,1.0052136313683062,18.475742930231995,0.12067054082980143,-69.42519821960876,-1.1573229341274334,10.206487677904128,0.6295741068180681,-14.518770792401359,0.2719344611720337,0.40704536473278624,0.00015748,0.6479091700867377,0.00081957,0,0.0
19274,0.15017602741505431,0.06112474731845038,-1.54e-06,2.0955878038400533,3.0496499206866825,46.04622859959175,1.0052136313683062,14.914869441869442,0.12067054082980143,-91.17837299703595,-1.1573229341274334,59.87588133998986,0.6295741068180681,18.714145669610154,0.2719344611720337,0.4885734229650289,0.00015748,0.5112531663224356,0.00081957,0,0.0
19275,0.024713297250589017,0.057353767362028366,-1.54e-06,2.0955878038400533,3.0496499206866825,31.83515601303353,1.0052136313683062,5.404952935874953,0.12067054082980143,-1e-20,-1.1573229341274334,-36.502778686200834,0.6295741068180681,-11.478983928035138,0.2719344611720337,-0.16357578144277155,0.00015748,0.16361641396245066,0.00081957,1,0.0
19276,0.0004489230017233059,0.1059481398396694,-1.54e-06,2.0955878038400533,3.0496499206866825,-19.788376866081695,1.0052136313683062,3.2820235866228322,0.12067054082980143,-59.44402411030162,-1.1573229341274334,67.25602182341396,0.6295741068180681,33.13159134620546,0.2719344611720337,0.08869636525307839,0.00015748,0.17732752930690787,0.00081957,0,0.0
19277,0.6523216246677961,0.2998860520162838,-1.54e-06,2.0955878038400533,3.0496499206866825,-1.5739816574793157,1.0052136313683062,14.580979555709682,0.12067054082980143,-61.425860082804455,-1.1573229341274334,-41.86981479818336,0.6295741068180681,52.93033105701034,0.2719344611720337,-0.3695714662907908,0.00015748,0.3805826896183469,0.00081957,1,0.0
19278,-0.0009052389433648056,0.6815645111771342,-1.54e-06,2.0955878038400533,3.0496499206866825,-4.481882346213798,1.0052136313683062,8.56253538203946,0.12067054082980143,-42.936615407547606,-1.1573229341274334,71.01986999714654,0.6295741068180681,3.1651292224007115,0.2719344611720337,-0.13017668488879397,0.00015748,0.7768836149358382,0.00081957,1,0.0
19279,1.4832869645641313,0.6424696856887856,-1.54e-06,2.0955878038400533,3.0496499206866825,67.28116928592942,1.0052136313683062,28.752570152907428,0.12067054082980143,-84.97069176993521,-1.1573229341274334,-81.8213453244937,0.6295741068180681,50.98954064574723,0.2719344611720337,0.33912628730101174,0.00015748,0.8890927032901903,0.00081957,0,0.0
19280,1.1098881558550948,0.20478693997100517,-1.54e-06,2.0955878038400533,3.0496499206866825,-75.17012698485503,1.0052136313683062,3.349013102629836,0.12067054082980143,-28.372251530529844,-1.1573229341274334,-24.784964528504155,0.6295741068180681,80.26840978184053,0.2719344611720337,-0.04288199198400619,0.00015748,0.04251849874370603,0.00081957,1,0.0
19281,0.37138416675990515,0.030538311058782144,-1.54e-06,2.0955878038400533,3.0496499206866825,-40.7663912747322,1.0052136313683062,-0.3190082438778797,0.12067054082980143,-17.38124245480179,-1.1573229341274334,11.308715196081538,0.6295741068180681,36.74608190599981,0.2719344611720337,-0.04574311073229819,0.00015748,0.045789563287337236,0.00081957,1,0.0
19282,0.6927375767153918,0.06757871441812163,-1.54e-06,2.0955878038400533,3.0496499206866825,-64.82643648732294,1.0052136313683062,5.706201866119135,0.12067054082980143,-63.98982906897798,-1.1573229341274334,20.791987164076467,0.6295741068180681,79.4107654864901,0.2719344611720337,-0.09366247889541285,0.00015748,0.09408302033298138,0.00081957,1,0.0
19283,0.004375283729580459,0.09012462004191069,-1.54e-06,2.0955878038400533,3.0496499206866825,-56.07033231969879,1.0052136313683062,-6.079696000495507,0.12067054082980143,-20.676183911246437,-1.1573229341274334,66.94317886005658,0.6295741068180681,31.78696052056221,0.2719344611720337,-0.2013661379574437,0.00015748,0.2015575512195736,0.00081957,1,0.0
19284,0.00012221156767960005,0.00045737105704610567,-1.54e-06,2.0955878038400533,3.0496499206866825,0.7445163167804312,1.0052136313683062,0.1357380890135567,0.12067054082980143,-0.5750167038758532,-1.1573229341274334,-0.45793705318314126,0.6295741068180681,0.07370551248874445,0.2719344611720337,-0.005757514511275738,0.00015748,0.00650583090504754,0.00081957,1,0.0
19285,0.25628328745967077,0.09454801989971144,-1.54e-06,2.0955878038400533,3.0496499206866825,90.37670901944118,1.0052136313683062,16.960972833844973,0.12067054082980143,-52.53395884979034,-1.1573229341274334,-9.448842615956746,0.6295741068180681,-13.071805241987496,0.2719344611720337,0.42932291058340694,0.00015748,0.599218513139619,0.00081957,0,0.0
19286,0.27058927527690574,0.033269229673820844,-1.54e-06,2.0955878038400533,3.0496499206866825,-4.623886196791814,1.0052136313683062,4.629563172709521,0.12067054082980143,-20.557844826145807,-1.1573229341274334,-15.207498831759365,0.6295741068180681,21.323888134376173,0.2719344611720337,-0.1206508787017111,0.00015748,0.12108032570372318,0.00081957,1,0.0
19287,0.5307760377092436,0.1395122797374768,-1.54e-06,2.0955878038400533,3.0496499206866825,2.56667899180249,1.0052136313683062,9.816926682250049,0.12067054082980143,-26.68514737684111,-1.1573229341274334,-48.15711576224531,0.6295741068180681,29.621232215033427,0.2719344611720337,-0.2456526583536866,0.00015748,0.2461658377888442,0.00081957,1,0.0
19288,0.402405688164717,0.028182075551416115,-1.54e-06,2.0955878038400533,3.0496499206866825,-18.90250199672033,1.0052136313683062,3.2068357828537097,0.12067054082980143,-15.395474960467068,-1.1573229341274334,-15.901172366926017,0.6295741068180681,28.45192895936156,0.2719344611720337,-0.06622915891733878,0.00015748,0.0662651745817175,0.00081957,1,0.0
19289,0.1740352124123653,0.04774601441098891,-1.54e-06,2.0955878038400533,3.0496499206866825,13.569020015973546,1.0052136313683062,5.2322547500484164,0.12067054082980143,-11.42333668936258,-1.1573229341274334,-27.8715003173839,0.6295741068180681,6.680523908495086,0.2719344611720337,-0.15306042043779486,0.00015748,0.15364565783189396,0.00081957,1,0.0
19290,0.4251664483089294,0.09914978126569438,-1.54e-06,2.0955878038400533,3.0496499206866825,-7.035655058243631,1.0052136313683062,8.696380116865436,0.12067054082980143,-38.69908635225191,-1.1573229341274334,-22.361406624287913,0.6295741068180681,35.830343874442185,0.2719344611720337,-0.21464080614897368,0.00015748,0.21465873116368134,0.00081957,1,0.0
19291,1.1810052606526948,0.24416561303251058,-1.54e-06,2.0955878038400533,3.0496499206866825,-46.96919916955181,1.0052136313683062,8.138172665940084,0.12067054082980143,-26.960914199652755,-1.1573229341274334,-62.276018112837754,0.6295741068180681,71.48645081205282,0.2719344611720337,-0.16844068360569656,0.00015748,0.16982174741322578,0.00081957,1,0.0
19292,0.08629326480276722,0.042369474484932904,-1.54e-06,2.0955878038400533,3.0496499206866825,73.32588455437407,1.0052136313683062,17.00194019989123,0.12067054082980143,-84.80378194618,-1.1573229341274334,37.917880662480464,0.6295741068180681,3.480030867070492,0.2719344611720337,0.43448463772262286,0.00015748,0.5893419837697176,0.00081957,0,0.0
19293,0.001237695043042164,0.03806311775659719,-1.54e-06,2.0955878038400533,3.0496499206866825,60.58625920111826,1.0052136313683062,14.186263114701832,0.12067054082980143,-80.25280372775775,-1.1573229341274334,56.01487460094239,0.6295741068180681,2.7192550390563133,0.2719344611720337,0.48171980107194623,0.00015748,0.5204960935959072,0.00081957,0,0.0
19294,0.7995728124647377,0.11343652723464073,-1.54e-06,2.0955878038400533,3.0496499206866825,-67.04872510654066,1.0052136313683062,1.102303914539776,0.12067054082980143,-27.34067533987882,-1.1573229341274334,-1.3407653457210866,0.6295741068180681,66.43506143970095,0.2719344611720337,-0.03464670270985856,0.00015748,0.034385871075105434,0.00081957,1,0.0
19295,0.042720111756890666,0.09640265810002285,-1.54e-06,2.0955878038400533,3.0496499206866825,-67.41801421654348,1.0052136313683062,-5.545886789245055,0.12067054082980143,-32.03881366531034,-1.1573229341274334,78.83443625452057,0.6295741068180681,42.43677755638767,0.2719344611720337,-0.20872387987488444,0.00015748,0.20876674760336794,0.00081957,1,0.0
19296,0.2906281671313087,0.049135481867057046,-1.54e-06,2.0955878038400533,3.0496499206866825,1.35722668562419,1.0052136313683062,5.561215866327152,0.12067054082980143,-19.030326703371717,-1.1573229341274334,-24.198349273534962,0.6295741068180681,18.988319169019157,0.2719344611720337,-0.14984137420152302,0.00015748,0.1502929686848842,0.00081957,1,0.0
19297,0.0008158039449893684,0.11497855099243298,-1.54e-06,2.0955878038400533,3.0496499206866825,-9.279231702568287,1.0052136313683062,7.4962972846618054,0.12067054082980143,-77.86233867283966,-1.1573229341274334,68.14266646621873,0.6295741068180681,36.68920266014023,0.2719344611720337,0.12258453350483187,0.00015748,0.20622053561831624,0.00081957,0,0.0
19298,1.1942270633446448,0.44375316718947216,-1.54e-06,2.0955878038400533,3.0496499206866825,61.86240943155435,1.0052136313683062,26.397418157058137,0.12067054082980143,-92.02039886652508,-1.1573229341274334,-48.203786964287524,0.6295741068180681,47.13405597187532,0.2719344611720337,0.35830298344136813,0.00015748,0.8190428812843121,0.00081957,0,0.0
19299,7.825018090973357e-05,0.3335536189161743,-1.54e-06,2.0955878038400533,3.0496499206866825,41.55966928685199,1.0052136313683062,4.519275701604669,0.12067054082980143,-48.22162436403489,-1.1573229341274334,94.12597276463148,0.6295741068180681,-9.900305892590032,0.2719344611720337,0.23714202200679513,0.00015748,1.0926878453526165,0.00081957,0,0.0
19300,0.0004679425963236561,0.1447710862115103,-1.54e-06,2.0214205979719013,3.067752800365439,21.21862552235538,1.0052136313683062,7.974561322729213,0.12067054082980143,-70.51456675338169,-1.1573229341274334,81.23075541252578,0.6295741068180681,14.150562868124508,0.2719344611720337,0.286137795823087,0.00015748,0.5743571505116851,0.00081957,0,0.0
19301,0.00039166957464797925,0.02133202333545791,-1.54e-06,2.0214205979719013,3.067752800365439,98.6200558690472,1.0052136313683062,22.87301583436603,0.12067054082980143,-99.97818185152258,-1.1573229341274334,31.46333112080857,0.6295741068180681,-4.294233735436288,0.2719344611720337,0.365673784309858,0.00015748,0.7935586021209723,0.00081957,0,0.0
19302,0.03196927254212356,0.08256324365539237,-1.54e-06,2.0214205979719013,3.067752800365439,34.529671235792286,1.0052136313683062,6.181730664251462,0.12067054082980143,-1e-20,-1.1573229341274334,-42.733103330892575,0.6295741068180681,-11.95290812409817,0.2719344611720337,-0.19496913915750583,0.00015748,0.19770501680136934,0.00081957,1,0.0
19303,0.0014966287322741856,0.03394036955291628,-1.54e-06,2.0214205979719013,3.067752800365439,55.58779713223107,1.0052136313683062,14.789693394013259,0.12067054082980143,-82.80957439087128,-1.1573229341274334,59.054643721545915,0.6295741068180681,5.038556859529288,0.2719344611720337,0.49361619229332215,0.00015748,0.5065044439013504,0.00081957,0,0.0
19304,-0.00011582680632582498,0.21346029725826066,-1.54e-06,2.0214205979719013,3.067752800365439,96.2769764305322,1.0052136313683062,11.188202087959814,0.12067054082980143,-39.914947843780965,-1.1573229341274334,52.55185058627331,0.6295741068180681,-38.52791690113089,0.2719344611720337,0.4924299764124415,0.00015748,1.0852388364121763,0.00081957,0,0.0
19305,0.5658217428277669,0.1590565623365192,-1.54e-06,2.0214205979719013,3.067752800365439,61.86010611792054,1.0052136313683062,21.36021920408549,0.12067054082980143,-84.74436291049395,-1.1573229341274334,-0.2565396753837525,0.6295741068180681,22.228359686433997,0.2719344611720337,0.39020516458550214,0.00015748,0.6941631850419782,0.00081957,0,0.0
19306,0.0019306317835277031,0.05599022331298642,-1.54e-06,2.0214205979719013,3.067752800365439,85.30724102724388,1.0052136313683062,12.3663560844769,0.12067054082980143,-35.07046095786491,-1.1573229341274334,9.58028309734169,0.6295741068180681,-28.57002787384165,0.2719344611720337,0.45938640530933605,0.00015748,0.5477169648404839,0.00081957,0,0.0
19307,-0.00013761997600225673,0.07674319435295003,-1.54e-06,2.0214205979719013,3.067752800365439,78.49691168212824,1.0052136313683062,9.77889823654692,0.12067054082980143,-29.702654479677502,-1.1573229341274334,20.400225023403387,0.6295741068180681,-28.85826962862835,0.2719344611720337,0.40842573194219434,0.00015748,0.644759820656973,0.00081957,0,0.0
19308,0.4990039990823735,0.1893418377416337,-1.54e-06,2.0214205979719013,3.067752800365439,20.870568354980236,1.0052136313683062,10.383398391386697,0.12067054082980143,-11.427070611110365,-1.1573229341274334,-73.54523256474326,0.6295741068180681,15.011973346360165,0.2719344611720337,-0.2949832927360059,0.00015748,0.2967945278910107,0.00081957,1,0.0
19309,0.004206446511365258,0.04578307561978707,-1.54e-06,2.0214205979719013,3.067752800365439,84.81413091659178,1.0052136313683062,13.940342210318587,0.12067054082980143,-46.584433009701925,-1.1573229341274334,14.046372607605662,0.6295741068180681,-22.73675581638911,0.2719344611720337,0.4585224286661316,0.00015748,0.549941294690601,0.00081957,0,0.0
19310,0.009865675541327501,0.05872047004232179,-1.54e-06,2.0214205979719013,3.067752800365439,29.712524466757962,1.0052136313683062,5.23897092087683,0.12067054082980143,-0.08257320034903634,-1.1573229341274334,-35.12051382962725,0.6295741068180681,-10.936851743978249,0.2719344611720337,-0.16527231738408416,0.00015748,0.1654725463302263,0.00081957,1,0.0
19311,0.13811980284421455,0.18999231050009063,-1.54e-06,2.0214205979719013,3.067752800365439,73.45030327746663,1.0052136313683062,10.771858643892749,0.12067054082980143,-1e-20,-1.1573229341274334,-53.472027870192136,0.6295741068180681,-29.78479803339364,0.2719344611720337,0.10127098399252213,0.00015748,0.3832714809623913,0.00081957,0,0.0
19312,0.2341230457143812,0.022337646595261267,-1.54e-06,2.0214205979719013,3.067752800365439,-57.661978161190724,1.0052136313683062,5.763955987175867,0.12067054082980143,-86.66007300017128,-1.1573229341274334,70.40092472628058,0.6295741068180681,70.90148736866345,0.2719344611720337,-0.0947009546824501,0.00015748,0.0958443154259464,0.00081957,1,0.0
19313,0.6783905132502357,0.29875258967593615,-1.54e-06,2.0214205979719013,3.067752800365439,40.38608749610229,1.0052136313683062,17.7151806828201,0.12067054082980143,-52.47231890606427,-1.1573229341274334,-17.19385962112938,0.6295741068180681,17.755979892759466,0.2719344611720337,0.3437987825948362,0.00015748,0.5723210284842101,0.00081957,0,0.0
19314,0.00016046717245865594,0.039941267015285414,-1.54e-06,2.0214205979719013,3.067752800365439,85.280997094135,1.0052136313683062,14.963677592109065,0.12067054082980143,-53.90657810950259,-1.1573229341274334,17.22671335014183,0.6295741068180681,-19.596057829903838,0.2719344611720337,0.445726787142105,0.00015748,0.5703356116070307,0.00081957,0,0.0
19315,5.463569427766046e-05,0.057364894216796365,-1.54e-06,2.0214205979719013,3.067752800365439,56.27665358979385,1.0052136313683062,15.845448809519862,0.12067054082980143,-99.96321332230235,-1.1573229341274334,83.83742969830108,0.6295741068180681,10.362466790898166,0.2719344611720337,0.5496467464560684,0.00015748,0.6555169244889791,0.00081957,0,0.0
19316,0.5229226793858472,0.14487115723851773,-1.54e-06,2.0214205979719013,3.067752800365439,-7.11744096546175,1.0052136313683062,10.236233394147634,0.12067054082980143,-39.29920893208563,-1.1573229341274334,-34.797062321478144,0.6295741068180681,39.425194624904535,0.2719344611720337,-0.2569186326780594,0.00015748,0.25785374191188964,0.00081957,1,0.0
19317,0.01613781289164895,0.039409874782731266,-1.54e-06,2.0214205979719013,3.067752800365439,59.836271733320416,1.0052136313683062,14.462583426262771,0.12067054082980143,-74.94126472266585,-1.1573229341274334,49.92962544506354,0.6295741068180681,0.23985380625696573,0.2719344611720337,0.4909772246722151,0.00015748,0.5089921779433182,0.00081957,0,0.0
19318,0.7110143868537606,0.21431967595550586,-1.54e-06,2.0214205979719013,3.067752800365439,-16.021870332679793,1.0052136313683062,12.100065746896151,0.12067054082980143,-50.905753181882,-1.1573229341274334,-40.63009679197925,0.6295741068180681,55.3156827630241,0.2719344611720337,-0.3058498858749963,0.00015748,0.30625442711068285,0.00081957,1,0.0
19319,0.16476522771066127,0.09841078913808468,-1.54e-06,2.0214205979719013,3.067752800365439,31.72281886398884,1.0052136313683062,7.216258704638833,0.12067054082980143,-1e-20,-1.1573229341274334,-54.18303679327196,0.6295741068180681,-6.381404984675922,0.2719344611720337,-0.21894753059212257,0.00015748,0.2191132436452352,0.00081957,1,0.0
19320,0.410803287964315,0.14815580898974334,-1.54e-06,2.0214205979719013,3.067752800365439,92.46614185208885,1.0052136313683062,17.3257153040658,0.12067054082980143,-32.93130918603119,-1.1573229341274334,-39.87409223680405,0.6295741068180681,-18.650831865091007,0.2719344611720337,0.4142221476703677,0.00015748,0.6311445431037218,0.00081957,0,0.0
19321,0.5070258667210621,0.2721527381397856,-1.54e-06,2.0214205979719013,3.067752800365439,49.7066205474808,1.0052136313683062,15.007346250312613,0.12067054082980143,-35.64465669871806,-1.1573229341274334,-44.74733579003541,0.6295741068180681,8.071338843240474,0.2719344611720337,0.09621623278706465,0.00015748,0.48197604163171387,0.00081957,0,0.0
19322,-1.908688342733278e-05,0.11313033159072532,-1.54e-06,2.0214205979719013,3.067752800365439,74.72682044462894,1.0052136313683062,8.818113440845352,0.12067054082980143,-38.68090502024229,-1.1573229341274334,43.126799524701575,0.6295741068180681,-24.490546390574927,0.2719344611720337,0.4023569434921659,0.00015748,0.8073310561585574,0.00081957,0,0.0
19323,0.11575935935026752,0.0017925955829487298,-1.54e-06,2.0214205979719013,3.067752800365439,-19.0847725390251,1.0052136313683062,1.2911862310263598,0.12067054082980143,-21.740072315666925,-1.1573229341274334,16.746441166138855,0.6295741068180681,21.474259839459872,0.2719344611720337,-0.01903830877422715,0.00015748,0.01906021180920347,0.00081957,1,0.0
19324,0.001662850122213566,0.3301348313030883,-1.54e-06,2.0214205979719013,3.067752800365439,-0.5829884972064421,1.0052136313683062,-1.628489734255018,0.12067054082980143,-7.962090248321659,-1.1573229341274334,49.55472164272098,0.6295741068180681,-3.704029415987698,0.2719344611720337,-0.03450089830367631,0.00015748,0.5329146560009624,0.00081957,1,0.0
19325,0.0008921984997253829,0.07073612847472593,-1.54e-06,2.0214205979719013,3.067752800365439,-45.09397249418923,1.0052136313683062,-4.678190451418414,0.12067054082980143,-17.559747723091828,-1.1573229341274334,57.17107480984219,0.6295741068180681,24.931864959163192,0.2719344611720337,-0.18293404796469329,0.00015748,0.18246927447237463,0.00081957,1,0.0
19326,0.85717944602632,0.13962347867688168,-1.54e-06,2.0214205979719013,3.067752800365439,-66.27839332370864,1.0052136313683062,0.5493361410693993,0.12067054082980143,-20.9294704515471,-1.1573229341274334,-9.101436081658926,0.6295741068180681,65.20031828564919,0.2719344611720337,-0.04579853671976616,0.00015748,0.04544692727195016,0.00081957,1,0.0
19327,0.0002499627668804405,0.09675692423633668,-1.54e-06,2.0214205979719013,3.067752800365439,7.287816685449551,1.0052136313683062,7.084887202432016,0.12067054082980143,-46.204171251254046,-1.1573229341274334,22.288099974019453,0.6295741068180681,17.06223073223384,0.2719344611720337,-0.041738828680469006,0.00015748,0.19930470012002527,0.00081957,1,0.0
19328,1.9846626987396476e-06,0.13927264047580393,-1.54e-06,2.0214205979719013,3.067752800365439,12.511858638268766,1.0052136313683062,5.715153746943237,0.12067054082980143,-47.03477493818979,-1.1573229341274334,47.28139824228857,0.6295741068180681,11.267045797555907,0.2719344611720337,0.1926563459220431,0.00015748,0.2882923113323935,0.00081957,0,0.0
19329,0.007276375727511622,0.00045168643194201376,-1.54e-06,2.0214205979719013,3.067752800365439,0.4905800178595816,1.0052136313683062,0.5847358158568852,0.12067054082980143,-2.3958589257706238,-1.1573229341274334,-0.5939395954166535,0.6295741068180681,1.116027477479561,0.2719344611720337,-0.01425823941628986,0.00015748,0.014245704123779155,0.00081957,1,0.0
19330,-1.9763139928741236e-07,0.26775814335422404,-1.54e-06,2.0214205979719013,3.067752800365439,14.97817313326599,1.0052136313683062,0.9278938221615178,0.12067054082980143,-16.832574250758924,-1.1573229341274334,45.66174165257752,0.6295741068180681,-5.95595437171221,0.2719344611720337,0.07515246462750566,0.00015748,0.5298323847588559,0.00081957,0,0.0
19331,0.14629062213257943,0.08365565910490444,-1.54e-06,2.0214205979719013,3.067752800365439,-61.17099160126392,1.0052136313683062,-4.292762471642959,0.12067054082980143,-28.713717532403976,-1.1573229341274334,63.834687805990086,0.6295741068180681,41.45392717139794,0.2719344611720337,-0.1884373734704476,0.00015748,0.18842802819743643,0.00081957,1,0.0
19332,0.01055979490049408,0.05820289256608596,-1.54e-06,2.0214205979719013,3.067752800365439,10.703106230900461,1.0052136313683062,5.843808610240931,0.12067054082980143,-26.4408284418295,-1.1573229341274334,-4.147014699967519,0.6295741068180681,8.920941666035533,0.2719344611720337,-0.16108228150971698,0.00015748,0.162924519056235,0.00081957,1,0.0
19333,0.5688073725446069,0.08108753366846883,-1.54e-06,2.0214205979719013,3.067752800365439,-45.70731449163876,1.0052136313683062,-1.1882122567092719,0.12067054082980143,-4.842030781640174,-1.1573229341274334,-7.236566076248498,0.6295741068180681,39.480151162471785,0.2719344611720337,-0.07414053946167941,0.00015748,0.07407363291581374,0.00081957,1,0.0
19334,0.0001918567214445055,0.03554472274372202,-1.54e-06,2.0214205979719013,3.067752800365439,61.227531007484956,1.0052136313683062,14.593017279161323,0.12067054082980143,-76.14980506106636,-1.1573229341274334,50.78497687637315,0.6295741068180681,-0.15187242172297533,0.2719344611720337,0.4847310597379213,0.00015748,0.5174878201105801,0.00081957,0,0.0
19335,0.4206743899301517,0.16516894039538438,-1.54e-06,2.0214205979719013,3.067752800365439,98.11056107054127,1.0052136313683062,16.419533657673746,0.12067054082980143,-17.988477575423552,-1.1573229341274334,-53.90635400186034,0.6295741068180681,-27.61592049344292,0.2719344611720337,0.4238508032287375,0.00015748,0.6086543667048739,0.00081957,0,0.0
19336,0.7649204528942273,0.12384279851039223,-1.54e-06,2.0214205979719013,3.067752800365439,-15.62179455840474,1.0052136313683062,6.76733245868809,0.12067054082980143,-8.856760286506747,-1.1573229341274334,-61.652256595695526,0.6295741068180681,36.598310566284326,0.2719344611720337,-0.16175323997078206,0.00015748,0.1616993058761068,0.00081957,1,0.0
19337,0.5695335094870082,0.13769808190328908,-1.54e-06,2.0214205979719013,3.067752800365439,13.32527764696189,1.0052136313683062,8.268033028915331,0.12067054082980143,-0.332926780772953,-1.1573229341274334,-76.54148141309267,0.6295741068180681,14.95313211028123,0.2719344611720337,-0.2323994455030867,0.00015748,0.2325099419933109,0.00081957,1,0.0
19338,0.8380159139332559,0.12210287980275979,-1.54e-06,2.0214205979719013,3.067752800365439,-31.137918345282028,1.0052136313683062,3.6347561951615703,0.12067054082980143,-0.14258610528383672,-1.1573229341274334,-54.79044003653387,0.6295741068180681,40.79299687684323,0.2719344611720337,-0.06584747053620467,0.00015748,0.06576500869621645,0.00081957,1,0.0
19339,0.03061977008147304,0.013646545748562703,-1.54e-06,2.0214205979719013,3.067752800365439,13.175943414406268,1.0052136313683062,2.6444120377095746,0.12067054082980143,-0.03204990517592299,-1.1573229341274334,-18.43559984354999,0.6295741068180681,-4.008446011928072,0.2719344611720337,-0.0802102556079424,0.00015748,0.08049062060529003,0.00081957,1,0.0
19340,0.03334530969467375,0.05830434651749573,-1.54e-06,2.0214205979719013,3.067752800365439,84.30089581247708,1.0052136313683062,13.038740879103814,0.12067054082980143,-38.147570930910696,-1.1573229341274334,8.203548029676165,0.6295741068180681,-25.6708691603527,0.2719344611720337,0.466239147771192,0.00015748,0.5392527519616288,0.00081957,0,0.0
19341,0.0014636780795545534,0.16420930164205988,-1.54e-06,2.0214205979719013,3.067752800365439,1.6739544691615003,1.0052136313683062,3.4643809374984524,0.12067054082980143,-42.960125289963976,-1.1573229341274334,56.494801365628966,0.6295741068180681,13.601235840161772,0.2719344611720337,0.11974719915848088,0.00015748,0.3444828538636385,0.00081957,0,0.0
19342,1.0860928153392058,0.27503899009169536,-1.54e-06,2.0214205979719013,3.067752800365439,-27.49647539140294,1.0052136313683062,11.459535959478684,0.12067054082980143,-32.73310066744114,-1.1573229341274334,-74.28700464070577,0.6295741068180681,63.91909295715168,0.2719344611720337,-0.27802118589477415,0.00015748,0.27802512419399555,0.00081957,1,0.0
19343,0.09518623430406631,0.02971958043848447,-1.54e-06,2.0214205979719013,3.067752800365439,-31.47474943770898,1.0052136313683062,5.793506244915649,0.12067054082980143,-66.23679229847765,-1.1573229341274334,48.23517119671799,0.6295741068180681,46.367622832037206,0.2719344611720337,-0.114830162832385,0.00015748,0.11507457364916983,0.00081957,1,0.0
19344,0.06972713731991875,0.03240870577358473,-1.54e-06,2.0214205979719013,3.067752800365439,-50.10166936145195,1.0052136313683062,5.685321452094161,0.12067054082980143,-91.4791700535009,-1.1573229341274334,81.39098919212883,0.6295741068180681,65.14561746220602,0.2719344611720337,-0.10167635991237706,0.00015748,0.10182274290274779,0.00081957,1,0.0
19345,0.0004892224586771077,0.04831174530329615,-1.54e-06,2.0214205979719013,3.067752800365439,64.34649729093185,1.0052136313683062,12.974919989776454,0.12067054082980143,-65.89011026815483,-1.1573229341274334,47.35079627772269,0.6295741068180681,-6.161823031462014,0.2719344611720337,0.469491708141172,0.00015748,0.5677941847160297,0.00081957,0,0.0
19346,0.9031512636225432,0.19251427956769052,-1.54e-06,2.0214205979719013,3.067752800365439,-15.868629844690576,1.0052136313683062,9.206274741052017,0.12067054082980143,-16.168774653824773,-1.1573229341274334,-73.70195460364472,0.6295741068180681,45.05886415250679,0.2719344611720337,-0.22671297303360272,0.00015748,0.2267882841351575,0.00081957,1,0.0
19347,0.47441838574209855,0.042429092729051085,-1.54e-06,2.0214205979719013,3.067752800365439,-52.049426228160925,1.0052136313683062,0.471174712360635,0.12067054082980143,-30.032001023891148,-1.1573229341274334,18.893237306723627,0.6295741068180681,50.625723978929216,0.2719344611720337,-0.0417843199606521,0.00015748,0.04201538797413748,0.00081957,1,0.0
19348,1.2496347748063852,0.25452166780082724,-1.54e-06,2.0214205979719013,3.067752800365439,-61.65816326326845,1.0052136313683062,7.858275065442899,0.12067054082980143,-36.01646117272033,-1.1573229341274334,-51.64676633177354,0.6295741068180681,84.05387645652394,0.2719344611720337,-0.1509711942228765,0.00015748,0.1512903726808192,0.00081957,1,0.0
19349,0.37021777983003135,0.031207639009803063,-1.54e-06,2.0214205979719013,3.067752800365439,-14.045975095782502,1.0052136313683062,3.902002174019933,0.12067054082980143,-17.73841562642683,-1.1573229341274334,-17.474417074075863,0.6295741068180681,26.936933213380712,0.2719344611720337,-0.0941093875793782,0.00015748,0.09469436798040076,0.00081957,1,0.0
19350,1.0957749092811602,0.40185290868623735,-1.54e-06,2.0214205979719013,3.067752800365439,91.51059988438308,1.0052136313683062,28.676257642018285,0.12067054082980143,-88.52547373912697,-1.1573229341274334,-63.671190410368716,0.6295741068180681,30.585891122742645,0.2719344611720337,0.33166572809701583,0.00015748,1.0107822344078548,0.00081957,0,0.0
19351,-3.233038819083767e-05,0.05631412887981727,-1.54e-06,2.0214205979719013,3.067752800365439,96.69889770032546,1.0052136313683062,16.24642148457528,0.12067054082980143,-59.14612991388588,-1.1573229341274334,20.870217063074474,0.6295741068180681,-23.00140712037502,0.2719344611720337,0.5146239827973338,0.00015748,0.6554310092234854,0.00081957,0,0.0
19352,0.764568888975112,0.26726687599937393,-1.54e-06,2.0214205979719013,3.067752800365439,95.65027710871523,1.0052136313683062,23.948126895377293,0.12067054082980143,-51.42584123716116,-1.1573229341274334,-64.93858601578252,0.6295741068180681,-0.8602693496956265,0.2719344611720337,0.36278391329379955,0.00015748,0.7969908944435076,0.00081957,0,0.0
19353,0.7799692355271085,0.29745610916125964,-1.54e-06,2.0214205979719013,3.067752800365439,28.54845747786009,1.0052136313683062,19.24601959835124,0.12067054082980143,-83.39054957580096,-1.1573229341274334,-6.806124504031948,0.6295741068180681,44.727273173535494,0.2719344611720337,0.2672375212986923,0.00015748,0.5926253736309386,0.00081957,0,0.0
19354,0.6459033306842359,0.20801179108185316,-1.54e-06,2.0214205979719013,3.067752800365439,80.65124078430114,1.0052136313683062,20.48704352529836,0.12067054082980143,-60.303597083899454,-1.1573229341274334,-34.83975206106041,0.6295741068180681,7.303226725570241,0.2719344611720337,0.37764888629957255,0.00015748,0.7375452362345789,0.00081957,0,0.0
19355,0.03137070326604896,0.0581771236933665,-1.54e-06,2.0214205979719013,3.067752800365439,99.55612687028112,1.0052136313683062,13.986005294577266,0.12067054082980143,-28.209824516232075,-1.1573229341274334,-11.580691622102128,0.6295741068180681,-36.22941500726899,0.2719344611720337,0.4473630664720193,0.00015748,0.5665620388795504,0.00081957,0,0.0
19356,0.33108828635602616,0.13416495110535492,-1.54e-06,2.0214205979719013,3.067752800365439,-1.5037699947941217,1.0052136313683062,9.945367444276412,0.12067054082980143,-45.41976350962688,-1.1573229341274334,-18.27809970943688,0.6295741068180681,33.74971393668791,0.2719344611720337,-0.2574266648270172,0.00015748,0.2585619420746725,0.00081957,1,0.0
19357,0.8475787268210361,0.1349555121879887,-1.54e-06,2.0214205979719013,3.067752800365439,-59.693053036874275,1.0052136313683062,0.9979622267159967,0.12067054082980143,-15.236642754383249,-1.1573229341274334,-17.89344286316988,0.6295741068180681,59.300002142507665,0.2719344611720337,-0.040749937287731464,0.00015748,0.03973660893606398,0.00081957,1,0.0
19358,1.3110695923087023,0.5161264456192488,-1.54e-06,2.0214205979719013,3.067752800365439,74.39084033383095,1.0052136313683062,30.17494412642974,0.12067054082980143,-87.45277435983122,-1.1573229341274334,-74.21958437603635,0.6295741068180681,41.967520541002536,0.2719344611720337,0.33776730933790483,0.00015748,0.9558058976151018,0.00081957,0,0.0
19359,0.9530061332136206,0.1659158630927246,-1.54e-06,2.0214205979719013,3.067752800365439,-39.390564381188554,1.0052136313683062,8.13133260883257,0.12067054082980143,-31.489674266491214,-1.1573229341274334,-46.99118841803368,0.6295741068180681,62.805625994964366,0.2719344611720337,-0.17271866845578193,0.00015748,0.1729355889077277,0.00081957,1,0.0
19360,0.6586241191585994,0.207993683505116,-1.54e-06,2.0214205979719013,3.067752800365439,58.85682120967343,1.0052136313683062,20.1012693976738,0.12067054082980143,-69.75302273500269,-1.1573229341274334,-15.420991873130845,0.6295741068180681,19.518543902466092,0.2719344611720337,0.40161165397212883,0.00015748,0.6490630865761393,0.00081957,0,0.0
19361,0.26890832403735077,0.1920623431583145,-1.54e-06,2.0214205979719013,3.067752800365439,16.676207309865347,1.0052136313683062,6.152481213905081,0.12067054082980143,-39.292157968498756,-1.1573229341274334,10.643965285626493,0.6295741068180681,18.588629228603736,0.2719344611720337,0.12190377184186496,0.00015748,0.33466985497294416,0.00081957,0,0.0
19362,9.682116546000374e-05,0.12660917216512396,-1.54e-06,2.0214205979719013,3.067752800365439,4.156399263482767,1.0052136313683062,5.699240534599267,0.12067054082980143,-54.48650189475982,-1.1573229341274334,52.598223815826174,0.6295741068180681,19.292707335767908,0.2719344611720337,0.184466172440607,0.00015748,0.2221514680657645,0.00081957,0,0.0
19363,0.010298929428660446,0.008287050113676222,-1.54e-06,2.0214205979719013,3.067752800365439,-28.83690356897872,1.0052136313683062,-0.7331684925450858,0.12067054082980143,-25.78840237245832,-1.1573229341274334,40.540977779264175,0.6295741068180681,23.230637473029585,0.2719344611720337,-0.061616219949512496,0.00015748,0.061624998577770956,0.00081957,1,0.0
19364,0.16697957815304404,0.10529525849253077,-1.54e-06,2.0214205979719013,3.067752800365439,19.257570210518946,1.0052136313683062,8.086105399660417,0.12067054082980143,-19.91007201774783,-1.1573229341274334,-33.22061666104054,0.6295741068180681,7.863943891441542,0.2719344611720337,-0.22663921354022215,0.00015748,0.22793249097787732,0.00081957,1,0.0
19365,0.00042121837967956655,0.12520603389600135,-1.54e-06,2.0214205979719013,3.067752800365439,34.087489135972994,1.0052136313683062,8.646623607061109,0.12067054082980143,-65.72831099799158,-1.1573229341274334,75.42612204448267,0.6295741068180681,5.529675196814529,0.2719344611720337,0.3248330516503692,0.00015748,0.6473348182084506,0.00081957,0,0.0
19366,4.424901123895042e-05,0.18182239744073755,-1.54e-06,2.0214205979719013,3.067752800365439,75.00916474037966,1.0052136313683062,6.346145507937861,0.12067054082980143,-23.316660928976447,-1.1573229341274334,49.484071521013604,0.6295741068180681,-34.70023021297328,0.2719344611720337,0.3391733984784184,0.00015748,1.0044614007524548,0.00081957,0,0.0
19367,0.00012534329237801067,0.02770865194925368,-1.54e-06,2.0214205979719013,3.067752800365439,72.61370233406834,1.0052136313683062,16.956219263083394,0.12067054082980143,-83.5098460284336,-1.1573229341274334,43.51050524737863,0.6295741068180681,-0.704174707955095,0.2719344611720337,0.42553215205140366,0.00015748,0.6060905535061192,0.00081957,0,0.0
19368,4.053725213526427e-05,0.20856033876266677,-1.54e-06,2.0214205979719013,3.067752800365439,99.69821557812814,1.0052136313683062,15.977130022017054,0.12067054082980143,-68.34892304947708,-1.1573229341274334,69.104618551334,0.6295741068180681,-29.05502352079034,0.2719344611720337,0.6060207784555798,0.00015748,1.094013237233095,0.00081957,0,0.0
19369,0.34353407962662363,0.017137635126288818,-1.54e-06,2.0214205979719013,3.067752800365439,-73.58240015187587,1.0052136313683062,3.5013054418894303,0.12067054082980143,-84.16745328435883,-1.1573229341274334,76.24519160718448,0.6295741068180681,80.0017213483447,0.2719344611720337,-0.04129605063476788,0.00015748,0.04169397618413451,0.00081957,1,0.0
19370,0.000338226014722387,0.20533257917534117,-1.54e-06,2.0214205979719013,3.067752800365439,38.857977061800874,1.0052136313683062,4.633796126604247,0.12067054082980143,-28.90442240250423,-1.1573229341274334,44.44951672388064,0.6295741068180681,-11.498364089362102,0.2719344611720337,0.2240538164180968,0.00015748,0.6082664368144741,0.00081957,0,0.0
19371,1.1288870312241253,0.19352736172124438,-1.54e-06,2.0214205979719013,3.067752800365439,-72.77817469974553,1.0052136313683062,6.250439078862749,0.12067054082980143,-47.108715296817635,-1.1573229341274334,-21.97786716190145,0.6295741068180681,89.4812960518427,0.2719344611720337,-0.1008158115053118,0.00015748,0.101194305147666,0.00081957,1,0.0
19372,0.4264675467044722,0.10972116222858028,-1.54e-06,2.0214205979719013,3.067752800365439,9.714980701945867,1.0052136313683062,8.361800292135626,0.12067054082980143,-12.90150931065172,-1.1573229341274334,-53.01218229222955,0.6295741068180681,16.872681553973038,0.2719344611720337,-0.22126059128859285,0.00015748,0.22124606380214648,0.00081957,1,0.0
19373,0.28016281718033254,0.010363048485765223,-1.54e-06,2.0214205979719013,3.067752800365439,-36.13348529317751,1.0052136313683062,2.6576809898728015,0.12067054082980143,-39.294024561109715,-1.1573229341274334,24.622855082168698,0.6295741068180681,42.09634062423146,0.2719344611720337,-0.03836275747633819,0.00015748,0.03825929845663961,0.00081957,1,0.0
19374,0.5486947401474391,0.2516957253368692,-1.54e-06,2.0214205979719013,3.067752800365439,-10.536299819411497,1.0052136313683062,14.141480805294881,0.12067054082980143,-76.24274485250561,-1.1573229341274334,-6.474631446612146,0.6295741068180681,57.48845848791553,0.2719344611720337,-0.21852616175317136,0.00015748,0.37077994345492754,0.00081957,1,0.0
19375,0.5288761561800018,0.043639060866940194,-1.54e-06,2.0214205979719013,3.067752800365439,-50.81192536847017,1.0052136313683062,5.459335538331475,0.12067054082980143,-58.414731016995475,-1.1573229341274334,21.34225199494243,0.6295741068180681,65.61154474892751,0.2719344611720337,-0.09706618985243881,0.00015748,0.09716449336826999,0.00081957,1,0.0
19376,0.09801856200300285,0.0628886032921282,-1.54e-06,2.0214205979719013,3.067752800365439,36.46909765957224,1.0052136313683062,13.0759825118662,0.12067054082980143,-86.70196537186392,-1.1573229341274334,73.5379451891408,0.6295741068180681,17.11737036110624,0.2719344611720337,0.43960657907648526,0.00015748,0.5788626942111011,0.00081957,0,0.0
19377,0.9733398525787814,0.2163914227399189,-1.54e-06,2.0214205979719013,3.067752800365439,-18.416106128982094,1.0052136313683062,9.505827663470109,0.12067054082980143,-16.710745954898442,-1.1573229341274334,-78.07685637955396,0.6295741068180681,48.832811491522655,0.2719344611720337,-0.23429223385762463,0.00015748,0.2344563599133966,0.00081957,1,0.0
19378,1.1192448479886679,0.49106839437623795,-1.54e-06,2.0214205979719013,3.067752800365439,20.60471504523028,1.0052136313683062,22.603319405858485,0.12067054082980143,-88.64119973032894,-1.1573229341274334,-37.07333847275587,0.6295741068180681,62.63055420793445,0.2719344611720337,0.14238156744845232,0.00015748,0.6693732055740627,0.00081957,0,0.0
19379,0.39669137707046864,0.020547567296879732,-1.54e-06,2.0214205979719013,3.067752800365439,-56.03021604393828,1.0052136313683062,3.771166560352151,0.12067054082980143,-62.424012223377964,-1.1573229341274334,42.956069613217394,0.6295741068180681,64.91465474004964,0.2719344611720337,-0.05122857495614346,0.00015748,0.051268735496109545,0.00081957,1,0.0
19380,0.00021870570588999882,0.02961752993102493,-1.54e-06,2.0214205979719013,3.067752800365439,60.691277257524206,1.0052136313683062,15.747687399135195,0.12067054082980143,-85.77110164718137,-1.1573229341274334,55.40038629653938,0.6295741068180681,4.758187257340216,0.2719344611720337,0.4605661702137095,0.00015748,0.5475901391618178,0.00081957,0,0.0
19381,0.07403826117736942,0.0017337768568887744,-1.54e-06,2.0214205979719013,3.067752800365439,-23.33008427616583,1.0052136313683062,1.5491998480250677,0.12067054082980143,-30.78167340113191,-1.1573229341274334,29.14941195571371,0.6295741068180681,25.835480526557713,0.2719344611720337,-0.024482649197587924,0.00015748,0.024634031002992978,0.00081957,1,0.0
19382,1.0316899656023728,0.5064838531283744,-1.54e-06,2.0214205979719013,3.067752800365439,61.124664515562216,1.0052136313683062,14.040603957715017,0.12067054082980143,-28.056963560516852,-1.1573229341274334,-65.96259739229613,0.6295741068180681,16.82281110083167,0.2719344611720337,0.3347140371449923,0.00015748,0.7441991076224317,0.00081957,0,0.0
19383,0.0010707843243884518,0.14651408589519122,-1.54e-06,2.0214205979719013,3.067752800365439,36.29277035000236,1.0052136313683062,7.326360614568453,0.12067054082980143,-49.801676075485275,-1.1573229341274334,54.94453508172468,0.6295741068180681,-0.6830891949294419,0.2719344611720337,0.29021489373889164,0.00015748,0.5475901295570844,0.00081957,0,0.0
19384,0.00025647004374795834,0.14534609518567196,-1.54e-06,2.0214205979719013,3.067752800365439,57.67593991811835,1.0052136313683062,7.545742198712203,0.12067054082980143,-41.35800668747856,-1.1573229341274334,60.301797951998665,0.6295741068180681,-17.920635275925168,0.2719344611720337,0.3341804352770518,0.00015748,0.8523409546927039,0.00081957,0,0.0
19385,0.0003659171484499124,0.11014636535456503,-1.54e-06,2.0214205979719013,3.067752800365439,77.4323821960796,1.0052136313683062,8.633760219892466,0.12067054082980143,-21.46318222802608,-1.1573229341274334,24.04711794257234,0.6295741068180681,-34.193273477120876,0.2719344611720337,0.3731562634236951,0.00015748,0.7435754502616891,0.00081957,0,0.0
19386,0.07438559324187222,0.08206594847647695,-1.54e-06,2.0214205979719013,3.067752800365439,74.91050424473534,1.0052136313683062,11.263286265616035,0.12067054082980143,-34.86377714910651,-1.1573229341274334,14.11740592015931,0.6295741068180681,-22.25529203274,0.2719344611720337,0.43521053452085606,0.00015748,0.5770355865641932,0.00081957,0,0.0
19387,0.0013178406774108087,0.04183374198575904,-1.54e-06,2.0214205979719013,3.067752800365439,63.3989886872713,1.0052136313683062,13.620587367046499,0.12067054082980143,-66.97337601537394,-1.1573229341274334,45.07538016554081,0.6295741068180681,-5.339951641255981,0.2719344611720337,0.47983858885409053,0.00015748,0.523044652548173,0.00081957,0,0.0
19388,0.17364537518212853,0.12922834197226318,-1.54e-06,2.0214205979719013,3.067752800365439,-66.21560773061435,1.0052136313683062,-6.280687243746833,0.12067054082980143,-21.95207876534898,-1.1573229341274334,64.74853367715102,0.6295741068180681,41.65218952629544,0.2719344611720337,-0.23018700149900762,0.00015748,0.23015108946773244,0.00081957,1,0.0
19389,0.2484960706480387,0.09993715874100682,-1.54e-06,2.0214205979719013,3.067752800365439,61.137663759713206,1.0052136313683062,14.100541411996415,0.12067054082980143,-55.149373976436586,-1.1573229341274334,16.633175647130418,0.6295741068180681,-1.4986989499479129,0.2719344611720337,0.4834558593973529,0.00015748,0.516137921775942,0.00081957,0,0.0
19390,0.15450312017511747,0.0583582086942436,-1.54e-06,2.0214205979719013,3.067752800365439,87.00543852144169,1.0052136313683062,18.701222254648954,0.12067054082980143,-68.0842357252253,-1.1573229341274334,7.865534366900704,0.6295741068180681,-8.818620102894254,0.2719344611720337,0.4018924436211099,0.00015748,0.6611850115556123,0.00081957,0,0.0
19391,0.9744242766122934,0.18555619024630282,-1.54e-06,2.0214205979719013,3.067752800365439,-75.22817727373328,1.0052136313683062,0.2216545535563168,0.12067054082980143,-21.584412713985515,-1.1573229341274334,-11.100820174015778,0.6295741068180681,73.1403825856913,0.2719344611720337,-0.05813239327011868,0.00015748,0.058213965533973525,0.00081957,1,0.0
19392,0.537579962105044,0.155393334038076,-1.54e-06,2.0214205979719013,3.067752800365439,60.27524088477881,1.0052136313683062,20.07619023995356,0.12067054082980143,-78.04947037725347,-1.1573229341274334,-0.17727062608835736,0.6295741068180681,18.85435205499242,0.2719344611720337,0.40460084576450017,0.00015748,0.6545180306006081,0.00081957,0,0.0
19393,1.1037789328276997,0.518621108052743,-1.54e-06,2.0214205979719013,3.067752800365439,47.46690805208724,1.0052136313683062,23.07680872712704,0.12067054082980143,-63.68226075443609,-1.1573229341274334,-70.48375498150682,0.6295741068180681,39.28443917861647,0.2719344611720337,0.14752893203678819,0.00015748,0.7103013869975999,0.00081957,0,0.0
19394,0.7678017871714167,0.37489412320687054,-1.54e-06,2.0214205979719013,3.067752800365439,31.908802742746875,1.0052136313683062,18.72534565322434,0.12067054082980143,-60.92483081305603,-1.1573229341274334,-43.18584172133911,0.6295741068180681,35.33694076031204,0.2719344611720337,0.03531414512967618,0.00015748,0.5528811160823812,0.00081957,0,0.0
19395,8.991227753746278e-05,0.12198987208668075,-1.54e-06,2.0214205979719013,3.067752800365439,24.720487512499602,1.0052136313683062,6.317929523433058,0.12067054082980143,-31.824254941523648,-1.1573229341274334,17.805364687398345,0.6295741068180681,0.8298860952391769,0.2719344611720337,0.15870821987473777,0.00015748,0.213895102230157,0.00081957,0,0.0
19396,0.0026620203437555112,0.028215214276087586,-1.54e-06,2.0214205979719013,3.067752800365439,66.28334066317358,1.0052136313683062,16.514241893733217,0.12067054082980143,-85.82847501579657,-1.1573229341274334,49.927886987721685,0.6295741068180681,2.806646228537117,0.2719344611720337,0.4397658255523355,0.00015748,0.5793547441186514,0.00081957,0,0.0
19397,0.3363825853976051,0.0694635088185081,-1.54e-06,2.0214205979719013,3.067752800365439,10.429422740124979,1.0052136313683062,6.046874158199276,0.12067054082980143,-6.644327915821731,-1.1573229341274334,-45.68495137030881,0.6295741068180681,11.255031653870184,0.2719344611720337,-0.17672050246987084,0.00015748,0.17693778436477328,0.00081957,1,0.0
19398,0.9626513865158797,0.4445238220531465,-1.54e-06,2.0214205979719013,3.067752800365439,11.850149192867878,1.0052136313683062,20.917522848459214,0.12067054082980143,-89.13046668733766,-1.1573229341274334,-27.294363195549018,0.6295741068180681,63.05201012261472,0.2719344611720337,0.028226121080567046,0.00015748,0.6013810948391205,0.00081957,0,0.0
19399,-0.00010159727437308863,0.24009825463467094,-1.54e-06,2.0214205979719013,3.067752800365439,91.04479692148328,1.0052136313683062,7.278221088576757,0.12067054082980143,-19.838365982322532,-1.1573229341274334,47.5460859391069,0.6295741068180681,-44.98317613297567,0.2719344611720337,0.39106889569062137,0.00015748,1.1392566863357638,0.00081957,0,0.0
19400,-4.131945596796971e-05,0.10012221010150088,-1.54e-06,2.4578938558003998,3.4873681643987795,31.5999238803727,1.0052136313683062,12.352696632352187,0.12067054082980143,-89.48458824775983,-1.1573229341274334,42.12841833268056,0.6295741068180681,28.69861446708155,0.2719344611720337,-0.03119646260132146,0.00015748,0.20354360058912624,0.00081957,1,0.0
19401,0.24543802045058227,0.14456618828212034,-1.54e-06,2.4578938558003998,3.4873681643987795,52.23387485547667,1.0052136313683062,16.283872029864366,0.12067054082980143,-72.87693899409382,-1.1573229341274334,-46.87622683276777,0.6295741068180681,29.763430008140432,0.2719344611720337,-0.19204267678013653,0.00015748,0.27201745192982174,0.00081957,1,0.0
19402,0.46001036560274944,0.13868147130509983,-1.54e-06,2.4578938558003998,3.4873681643987795,21.361780365035663,1.0052136313683062,16.873236304636627,0.12067054082980143,-75.64373799260586,-1.1573229341274334,-68.25644535739488,0.6295741068180681,54.201855525475395,0.2719344611720337,-0.26101144797953235,0.00015748,0.2613703420148008,0.00081957,1,0.0
19403,1.1511039033761599,0.6791270770992046,-1.54e-06,2.4578938558003998,3.4873681643987795,81.39456519170793,1.0052136313683062,13.17969927502408,0.12067054082980143,-60.43872330702785,-1.1573229341274334,-90.83095687476714,0.6295741068180681,58.59509720384578,0.2719344611720337,0.11710025167242494,0.00015748,0.6377593872736773,0.00081957,0,0.0
19404,0.08827354691790934,0.028127006625136026,-1.54e-06,2.4578938558003998,3.4873681643987795,-91.45662533170704,1.0052136313683062,-4.538635677079487,0.12067054082980143,-36.506358723194516,-1.1573229341274334,92.76673806950859,0.6295741068180681,52.062439719629225,0.2719344611720337,-0.10893462730923481,0.00015748,0.10894343380293814,0.00081957,1,0.0
19405,0.18443713856789523,0.013908082890430837,-1.54e-06,2.4578938558003998,3.4873681643987795,-22.534922438939535,1.0052136313683062,6.082803922397868,0.12067054082980143,-53.55465860518005,-1.1573229341274334,14.248474574165032,0.6295741068180681,43.242872619513804,0.2719344611720337,-0.08217294750789725,0.00015748,0.08218707277598761,0.00081957,1,0.0
19406,0.0006087376710095516,0.11990895144135517,-1.54e-06,2.4578938558003998,3.4873681643987795,83.61036878786744,1.0052136313683062,12.526047794218256,0.12067054082980143,-52.84198403377788,-1.1573229341274334,-7.137018762213476,0.6295741068180681,-8.303251558576871,0.2719344611720337,0.030913925933973158,0.00015748,0.2368388602124952,0.00081957,0,0.0
19407,0.009589765667876005,0.03284181207933786,-1.54e-06,2.4578938558003998,3.4873681643987795,48.72533155761008,1.0052136313683062,6.71112241686482,0.12067054082980143,-12.216872796660539,-1.1573229341274334,-44.99723048697351,0.6295741068180681,-9.060743571125478,0.2719344611720337,-0.12303194927871366,0.00015748,0.12352559901250063,0.00081957,1,0.0
19408,0.36536163052219583,0.016265482209124646,-1.54e-06,2.4578938558003998,3.4873681643987795,-31.59308261037618,1.0052136313683062,2.4467285689195686,0.12067054082980143,-12.530611292138566,-1.1573229341274334,-26.30508349542843,0.6295741068180681,35.603653509952,0.2719344611720337,-0.02566979758542866,0.00015748,0.025777642543389146,0.00081957,1,0.0
19409,0.8581630680784093,0.10360772562533943,-1.54e-06,2.4578938558003998,3.4873681643987795,-60.183775438255765,1.0052136313683062,12.078220911862992,0.12067054082980143,-68.24057563427415,-1.1573229341274334,-59.114284932463335,0.6295741068180681,97.70981145014899,0.2719344611720337,-0.15665365563364583,0.00015748,0.15672174670213643,0.00081957,1,0.0
19410,0.31399621563468505,0.014795168255946865,-1.54e-06,2.4578938558003998,3.4873681643987795,-67.17591237941387,1.0052136313683062,0.03659757416620804,0.12067054082980143,-30.456774522287205,-1.1573229341274334,26.428221948977736,0.6295741068180681,53.2564765950028,0.2719344611720337,-0.028826016029208857,0.00015748,0.02883512404678507,0.00081957,1,0.0
19411,0.000406266820553558,0.11895849556650309,-1.54e-06,2.4578938558003998,3.4873681643987795,73.60517250890443,1.0052136313683062,13.259753034599251,0.12067054082980143,-62.34242048643582,-1.1573229341274334,-4.290611096713286,0.6295741068180681,0.8835765484890632,0.2719344611720337,-0.026570708780353225,0.00015748,0.23809107937749246,0.00081957,1,0.0
19412,0.0007728180150954334,0.11457682128182539,-1.54e-06,2.4578938558003998,3.4873681643987795,48.98465799494191,1.0052136313683062,10.93984944043615,0.12067054082980143,-77.86591163554372,-1.1573229341274334,49.511147936542265,0.6295741068180681,14.173579078111953,0.2719344611720337,0.11457724751152296,0.00015748,0.20498598132379856,0.00081957,0,0.0
19413,0.04155346950059041,0.027998043343127256,-1.54e-06,2.4578938558003998,3.4873681643987795,-2.9090038050681826,1.0052136313683062,7.798026770806725,0.12067054082980143,-62.716311707046295,-1.1573229341274334,23.14110554309655,0.6295741068180681,33.46323729480449,0.2719344611720337,-0.11158375030617837,0.00015748,0.11179015844631571,0.00081957,1,0.0
19414,0.0008542860083472492,0.09815075196190551,-1.54e-06,2.4578938558003998,3.4873681643987795,44.35321068033647,1.0052136313683062,10.76229947287034,0.12067054082980143,-68.69198490868683,-1.1573229341274334,29.53916746807256,0.6295741068180681,13.230955947087091,0.2719344611720337,0.03143046382676137,0.00015748,0.18846999090839164,0.00081957,0,0.0
19415,0.21362998648729775,0.03393442517386674,-1.54e-06,2.4578938558003998,3.4873681643987795,37.361049550862475,1.0052136313683062,6.836163807924072,0.12067054082980143,-5.580192491744383,-1.1573229341274334,-71.6514209146557,0.6295741068180681,2.6728349762370884,0.2719344611720337,-0.12795171167132727,0.00015748,0.12798906413531538,0.00081957,1,0.0
19416,0.0006302008724282659,0.09892465274229921,-1.54e-06,2.4578938558003998,3.4873681643987795,53.49255120080608,1.0052136313683062,10.39297828279895,0.12067054082980143,-58.69226210802105,-1.1573229341274334,16.68114503148441,0.6295741068180681,5.563751141425034,0.2719344611720337,0.0325999156881116,0.00015748,0.18973031569570242,0.00081957,0,0.0
19417,0.3067795472452551,0.050753865198019804,-1.54e-06,2.4578938558003998,3.4873681643987795,30.5361852185717,1.0052136313683062,9.472380788042557,0.12067054082980143,-19.98906102001104,-1.1573229341274334,-75.44725590161899,0.6295741068180681,15.891288939478764,0.2719344611720337,-0.1540710793047324,0.00015748,0.15434479945565627,0.00081957,1,0.0
19418,0.34445037654667143,0.013196171404402893,-1.54e-06,2.4578938558003998,3.4873681643987795,-59.147771812248116,1.0052136313683062,1.9694919703143134,0.12067054082980143,-41.194900086993606,-1.1573229341274334,18.680221811189124,0.6295741068180681,58.490379866489235,0.2719344611720337,-0.016066728091062642,0.00015748,0.016129570557380842,0.00081957,1,0.0
19419,0.5917847694065606,0.16308710708959517,-1.54e-06,2.4578938558003998,3.4873681643987795,17.542107835123623,1.0052136313683062,18.033065090333434,0.12067054082980143,-76.02779327461752,-1.1573229341274334,-87.03690796076697,0.6295741068180681,62.648734537121236,0.2719344611720337,-0.2779402728621299,0.00015748,0.27872304081641036,0.00081957,1,0.0
19420,0.00048098704715471285,0.14451831217447003,-1.54e-06,2.4578938558003998,3.4873681643987795,88.58231589978912,1.0052136313683062,13.986792808880503,0.12067054082980143,-17.88173289083227,-1.1573229341274334,-49.94895627354827,0.6295741068180681,-32.063926703059266,0.2719344611720337,-0.045383724258190566,0.00015748,0.23388277024275203,0.00081957,1,0.0
19421,0.3804195331227133,0.07805850467969422,-1.54e-06,2.4578938558003998,3.4873681643987795,11.065045575492803,1.0052136313683062,13.642515302116328,0.12067054082980143,-51.53315724056282,-1.1573229341274334,-57.36288484025938,0.6295741068180681,38.68753335866922,0.2719344611720337,-0.18846190852784145,0.00015748,0.18838104872861766,0.00081957,1,0.0
19422,0.0001946501329108119,0.04426100048739583,-1.54e-06,2.4578938558003998,3.4873681643987795,-24.67775393458907,1.0052136313683062,6.982235267171699,0.12067054082980143,-90.0477351978643,-1.1573229341274334,78.89579778144153,0.6295741068180681,50.63272651185189,0.2719344611720337,-0.031197553721644178,0.00015748,0.10042841819665493,0.00081957,1,0.0
19423,0.018009860253059895,0.03825773063648112,-1.54e-06,2.4578938558003998,3.4873681643987795,21.494876113424798,1.0052136313683062,8.358265010115566,0.12067054082980143,-47.87013077505299,-1.1573229341274334,-3.816430811942637,0.6295741068180681,17.15931665699527,0.2719344611720337,-0.1308199016777276,0.00015748,0.13092435101675393,0.00081957,1,0.0
19424,0.11358452005854375,0.015805004510276856,-1.54e-06,2.4578938558003998,3.4873681643987795,0.39380538915733576,1.0052136313683062,5.98463646116771,0.12067054082980143,-38.0981521168183,-1.1573229341274334,-3.415815931346274,0.6295741068180681,24.367335703474556,0.2719344611720337,-0.08835112789991191,0.00015748,0.08856334225109637,0.00081957,1,0.0
19425,6.871472895311759e-05,0.17425487399329365,-1.54e-06,2.4578938558003998,3.4873681643987795,25.648210282463392,1.0052136313683062,4.255902143305745,0.12067054082980143,-52.149218154569695,-1.1573229341274334,85.71118414144478,0.6295741068180681,5.607114755354056,0.2719344611720337,0.09884817495277479,0.00015748,0.34132900362503416,0.00081957,0,0.0
19426,0.03683707196997153,0.036472665140192165,-1.54e-06,2.4578938558003998,3.4873681643987795,-27.062414569850397,1.0052136313683062,0.3746552036213119,0.12067054082980143,-52.624033803759026,-1.1573229341274334,49.59046261720392,0.6295741068180681,42.023089547665705,0.2719344611720337,-0.0936674017165403,0.00015748,0.0957467676414492,0.00081957,1,0.0
19427,0.6470865733725757,0.05597859250896732,-1.54e-06,2.4578938558003998,3.4873681643987795,-61.22569379599524,1.0052136313683062,9.180032700458506,0.12067054082980143,-69.03880049177667,-1.1573229341274334,-20.438339886109297,0.6295741068180681,87.88991188864229,0.2719344611720337,-0.11646974724039015,0.00015748,0.11642735728157404,0.00081957,1,0.0
19428,0.0077981335423245035,0.12248055584728366,-1.54e-06,2.4578938558003998,3.4873681643987795,63.451780693945274,1.0052136313683062,13.765670602595927,0.12067054082980143,-75.88052155303947,-1.1573229341274334,7.711611724932418,0.6295741068180681,12.047068685389512,0.2719344611720337,-0.04939219990776983,0.00015748,0.24447886084461717,0.00081957,1,0.0
19429,8.938718870363238e-05,0.022052810318584602,-1.54e-06,2.4578938558003998,3.4873681643987795,36.93782661538058,1.0052136313683062,4.120277451336734,0.12067054082980143,-3.8959313254321426,-1.1573229341274334,-30.206114485893135,0.6295741068180681,-10.573077189545959,0.2719344611720337,-0.05495698523667039,0.00015748,0.08050127367024384,0.00081957,1,0.0
19430,0.0008965499359079032,0.14477719840724748,-1.54e-06,2.4578938558003998,3.4873681643987795,-2.633168074549175,1.0052136313683062,-1.1111799015958252,0.12067054082980143,-37.17890860943068,-1.1573229341274334,76.62475035461549,0.6295741068180681,15.990666673196834,0.2719344611720337,0.016781817378880307,0.00015748,0.2522600116079529,0.00081957,0,0.0
19431,0.00026739921159091296,0.7210563008120758,-1.54e-06,2.4578938558003998,3.4873681643987795,60.72253615576042,1.0052136313683062,23.388234734825048,0.12067054082980143,-12.58521086406256,-1.1573229341274334,-69.56318412252548,0.6295741068180681,-41.67994637066544,0.2719344611720337,-0.41614951190915445,0.00015748,0.4673725277056477,0.00081957,1,0.0
19432,0.0005994796172843486,0.014938476240510132,-1.54e-06,2.4578938558003998,3.4873681643987795,-17.88579059480344,1.0052136313683062,3.4302248213185083,0.12067054082980143,-41.84024075980047,-1.1573229341274334,40.36194932678082,0.6295741068180681,24.461737701958974,0.2719344611720337,-0.021003673332661177,0.00015748,0.04599839664387936,0.00081957,1,0.0
19433,0.1589187821438355,0.0038536335528054147,-1.54e-06,2.4578938558003998,3.4873681643987795,-84.14945632949842,1.0052136313683062,3.5870292398016472,0.12067054082980143,-90.17873587012703,-1.1573229341274334,96.68913451129545,0.6295741068180681,79.42997830703075,0.2719344611720337,-0.031242034181314063,0.00015748,0.03162929199606658,0.00081957,1,0.0
19434,0.00022997185261158792,0.25384232300591136,-1.54e-06,2.4578938558003998,3.4873681643987795,46.75839261023998,1.0052136313683062,1.8419263442620157,0.12067054082980143,-20.53020788221711,-1.1573229341274334,72.56064710909578,0.6295741068180681,-19.995567602491,0.2719344611720337,0.0751966615562723,0.00015748,0.4765804238377082,0.00081957,0,0.0
19435,0.5133217413723696,0.03321083738403037,-1.54e-06,2.4578938558003998,3.4873681643987795,-58.06539156322087,1.0052136313683062,6.888537857623989,0.12067054082980143,-62.02014666019869,-1.1573229341274334,-3.0614605962645878,0.6295741068180681,76.70051258659522,0.2719344611720337,-0.08527651171872241,0.00015748,0.08553095183253101,0.00081957,1,0.0
19436,0.0005632738865769538,0.058230461764219574,-1.54e-06,2.4578938558003998,3.4873681643987795,29.47354528280641,1.0052136313683062,8.379440937598519,0.12067054082980143,-50.58987804767563,-1.1573229341274334,8.410828531579225,0.6295741068180681,13.108994682381592,0.2719344611720337,-0.06191357857046899,0.00015748,0.14079727309789003,0.00081957,1,0.0
19437,3.668487456409686e-05,0.22077402135583477,-1.54e-06,2.4578938558003998,3.4873681643987795,98.88085531737946,1.0052136313683062,6.903737473588156,0.12067054082980143,-30.77563556276707,-1.1573229341274334,54.07626786782844,0.6295741068180681,-35.19927471699916,0.2719344611720337,0.18416835529847853,0.00015748,0.5118360498554673,0.00081957,0,0.0
19438,0.00020288998389023094,0.21583025334983277,-1.54e-06,2.4578938558003998,3.4873681643987795,0.2943296106521875,1.0052136313683062,-3.295534540115287,0.12067054082980143,-9.363578951904595,-1.1573229341274334,74.67871165782563,0.6295741068180681,-3.4097657725027517,0.2719344611720337,-0.01865906321119498,0.00015748,0.36562004934372233,0.00081957,1,0.0
19439,0.8517345325107561,0.09388218140829055,-1.54e-06,2.4578938558003998,3.4873681643987795,-51.235758672361804,1.0052136313683062,6.156992537556898,0.12067054082980143,-10.548972587543744,-1.1573229341274334,-92.51354040703431,0.6295741068180681,66.24967746169541,0.2719344611720337,-0.07288098337881566,0.00015748,0.07290759348448395,0.00081957,1,0.0
19440,-8.698572293325268e-06,0.20316482098311373,-1.54e-06,2.4578938558003998,3.4873681643987795,44.73198336647067,1.0052136313683062,3.085959915559606,0.12067054082980143,-33.838154570008484,-1.1573229341274334,70.57943337264463,0.6295741068180681,-10.22966165013024,0.2719344611720337,0.09922619647112696,0.00015748,0.3978241817811083,0.00081957,0,0.0
19441,0.36772066447599233,0.03769598079806664,-1.54e-06,2.4578938558003998,3.4873681643987795,-33.93150087952294,1.0052136313683062,9.02976926641643,0.12067054082980143,-49.08540384226133,-1.1573229341274334,-12.051886006257511,0.6295741068180681,50.159916518940086,0.2719344611720337,-0.11367042731493626,0.00015748,0.11357406126342684,0.00081957,1,0.0
19442,0.002137571869971322,0.12771985687738122,-1.54e-06,2.4578938558003998,3.4873681643987795,59.63070968418227,1.0052136313683062,14.636739514591692,0.12067054082980143,-94.20860196566512,-1.1573229341274334,41.240605396325115,0.6295741068180681,18.668561555155925,0.2719344611720337,0.043474174116228406,0.00015748,0.2563995260232103,0.00081957,0,0.0
19443,4.543389387268171e-05,0.12954179072249553,-1.54e-06,2.4578938558003998,3.4873681643987795,78.80710455976791,1.0052136313683062,11.526961259621832,0.12067054082980143,-60.51903454958849,-1.1573229341274334,30.09388208177788,0.6295741068180681,-7.138751613039057,0.2719344611720337,0.18739792760015622,0.00015748,0.22544502901247526,0.00081957,0,0.0
19444,0.3693450801180365,0.09029499101003556,-1.54e-06,2.4578938558003998,3.4873681643987795,29.51569714513399,1.0052136313683062,13.633412563324475,0.12067054082980143,-45.864709955371026,-1.1573229341274334,-74.55996449725123,0.6295741068180681,31.391060309890733,0.2719344611720337,-0.2085569116605797,0.00015748,0.20898302786513318,0.00081957,1,0.0
19445,0.03396879615958942,0.005829820453310911,-1.54e-06,2.4578938558003998,3.4873681643987795,-64.68370922710953,1.0052136313683062,4.010955631793878,0.12067054082980143,-88.35769293454219,-1.1573229341274334,98.01944959600209,0.6295741068180681,65.60840787893598,0.2719344611720337,-0.03755592484854787,0.00015748,0.03793223370900615,0.00081957,1,0.0
19446,0.3398104267441886,0.015605784013736326,-1.54e-06,2.4578938558003998,3.4873681643987795,-33.96659942269595,1.0052136313683062,5.196591752430778,0.12067054082980143,-39.675977984314706,-1.1573229341274334,-7.651502230380394,0.6295741068180681,48.12898363591635,0.2719344611720337,-0.06397596206021264,0.00015748,0.06396057445084743,0.00081957,1,0.0
19447,0.07808734234066027,0.0028083146180883957,-1.54e-06,2.4578938558003998,3.4873681643987795,-9.204123555844655,1.0052136313683062,2.845873847337326,0.12067054082980143,-23.238327559569516,-1.1573229341274334,5.705501090085087,0.6295741068180681,18.18744520853279,0.2719344611720337,-0.03688816633684411,0.00015748,0.03699456008794799,0.00081957,1,0.0
19448,0.008466444718988164,0.0025527029781693797,-1.54e-06,2.4578938558003998,3.4873681643987795,-26.030902795244817,1.0052136313683062,-1.2705329047865874,0.12067054082980143,-10.76694369144014,-1.1573229341274334,29.202031206363234,0.6295741068180681,13.82353545291583,0.2719344611720337,-0.034832035180421786,0.00015748,0.03483992224310581,0.00081957,1,0.0
19449,0.040437447835508206,0.010519682681889346,-1.54e-06,2.4578938558003998,3.4873681643987795,-49.67645850727739,1.0052136313683062,-3.0250707404921133,0.12067054082980143,-15.835550595709208,-1.1573229341274334,49.939392139118816,0.6295741068180681,25.921796426332367,0.2719344611720337,-0.06738405023753095,0.00015748,0.06745464374055192,0.00081957,1,0.0
19450,0.024301201070372924,0.24892231952124372,-1.54e-06,2.4578938558003998,3.4873681643987795,48.92116241191121,1.0052136313683062,14.799630192198448,0.12067054082980143,-0.11325888015757499,-1.1573229341274334,-67.25899837168691,0.6295741068180681,-30.096246092800545,0.2719344611720337,-0.26336633511755214,0.00015748,0.2645232948598186,0.00081957,1,0.0
19451,-0.0002094354822665262,0.02281293742276442,-1.54e-06,2.4578938558003998,3.4873681643987795,-24.489700058839606,1.0052136313683062,-1.1432602780439116,0.12067054082980143,-21.247739018985175,-1.1573229341274334,42.63474333673562,0.6295741068180681,18.290760558999626,0.2719344611720337,-0.017615120183230984,0.00015748,0.055745520473512084,0.00081957,1,0.0
19452,0.0014723893511717767,0.01720740862305135,-1.54e-06,2.4578938558003998,3.4873681643987795,5.908093669364457,1.0052136313683062,3.2559628248454087,0.12067054082980143,-8.770898329942442,-1.1573229341274334,-1.488781725249121,0.6295741068180681,-0.9623286889701296,0.2719344611720337,-0.04185765749543894,0.00015748,0.05931912381957436,0.00081957,1,0.0
19453,0.18208569619408665,0.029069657814537547,-1.54e-06,2.4578938558003998,3.4873681643987795,-81.38784654681834,1.0052136313683062,-4.375649960993027,0.12067054082980143,-20.549605535757085,-1.1573229341274334,59.45701775568536,0.6295741068180681,46.249982261704766,0.2719344611720337,-0.09733498851043165,0.00015748,0.09710128376426735,0.00081957,1,0.0
19454,0.30755428959655184,0.19658717454745445,-1.54e-06,2.4578938558003998,3.4873681643987795,82.58763887818145,1.0052136313683062,14.684935428989066,0.12067054082980143,-78.91173186559715,-1.1573229341274334,-12.34190586668602,0.6295741068180681,21.659616159957757,0.2719344611720337,0.06875901026838929,0.00015748,0.35505447383933253,0.00081957,0,0.0
19455,0.03168569092809204,0.004297336157883946,-1.54e-06,2.4578938558003998,3.4873681643987795,-59.95718093542398,1.0052136313683062,-0.7104463440952293,0.12067054082980143,-45.95419740489527,-1.1573229341274334,75.2025977171132,0.6295741068180681,43.549175313152,0.2719344611720337,-0.03949656161142787,0.00015748,0.039801271941347104,0.00081957,1,0.0
19456,0.000403708066412406,0.07762264641657632,-1.54e-06,2.4578938558003998,3.4873681643987795,-5.248280898463633,1.0052136313683062,3.1098489514878787,0.12067054082980143,-47.475268205678304,-1.1573229341274334,62.0448012475984,0.6295741068180681,20.310323435888634,0.2719344611720337,0.054059290129063665,0.00015748,0.12399017716539379,0.00081957,0,0.0
19457,-6.778874680518632e-05,0.12131102285722643,-1.54e-06,2.4578938558003998,3.4873681643987795,52.93936366869134,1.0052136313683062,6.296470129168752,0.12067054082980143,-38.757377398360106,-1.1573229341274334,31.67889088091802,0.6295741068180681,-6.165420983124432,0.2719344611720337,0.1348706327846772,0.00015748,0.19884871043503333,0.00081957,0,0.0
19458,0.4727472768527873,0.024464894861903796,-1.54e-06,2.4578938558003998,3.4873681643987795,-79.08357752804957,1.0052136313683062,6.813050043161283,0.12067054082980143,-82.71425739069204,-1.1573229341274334,33.87773131905964,0.6295741068180681,91.07130575836727,0.2719344611720337,-0.07313887772273102,0.00015748,0.07314248759133778,0.00081957,1,0.0
19459,7.140432834451538e-06,0.1396453564417933,-1.54e-06,2.4578938558003998,3.4873681643987795,77.37637318600669,1.0052136313683062,13.057959979727551,0.12067054082980143,-88.2854742492931,-1.1573229341274334,70.5872600241815,0.6295741068180681,3.751908670431895,0.2719344611720337,0.2553278290033722,0.00015748,0.2892581912305063,0.00081957,0,0.0
19460,-2.702046516328549e-05,0.1847148688079243,-1.54e-06,2.4578938558003998,3.4873681643987795,41.6037627991833,1.0052136313683062,5.525133731630975,0.12067054082980143,-59.589863483412024,-1.1573229341274334,89.81475779788146,0.6295741068180681,2.79361862215376,0.2719344611720337,0.13558282077748568,0.00015748,0.3847270905183207,0.00081957,0,0.0
19461,0.0075273675762315695,0.008624469356049698,-1.54e-06,2.4578938558003998,3.4873681643987795,-25.54145785941675,1.0052136313683062,4.3582577148914305,0.12067054082980143,-60.073942164361924,-1.1573229341274334,51.057312681913906,0.6295741068180681,38.14123268334582,0.2719344611720337,-0.05477632987773679,0.00015748,0.05488896751774542,0.00081957,1,0.0
19462,0.00030251310179038593,0.14124385929837463,-1.54e-06,2.4578938558003998,3.4873681643987795,6.342966210295789,1.0052136313683062,1.2573901031369574,0.12067054082980143,-32.57230713328949,-1.1573229341274334,68.14476811843902,0.6295741068180681,6.190222010056597,0.2719344611720337,0.03966862911861885,0.00015748,0.258962902960733,0.00081957,0,0.0
19463,0.000716337737774464,0.07351333406092099,-1.54e-06,2.4578938558003998,3.4873681643987795,26.363302505245972,1.0052136313683062,10.334592671910183,0.12067054082980143,-71.0250240802253,-1.1573229341274334,18.47723370810154,0.6295741068180681,24.874876493544477,0.2719344611720337,-0.1051497606869585,0.00015748,0.1717945179770455,0.00081957,1,0.0
19464,0.27228759631658195,0.08677017532014523,-1.54e-06,2.4578938558003998,3.4873681643987795,31.226618851798843,1.0052136313683062,13.176938199825164,0.12067054082980143,-53.52479332761155,-1.1573229341274334,-55.40568118672195,0.6295741068180681,30.112496023107674,0.2719344611720337,-0.20745640831948525,0.00015748,0.2078733892726609,0.00081957,1,0.0
19465,0.6135544451221138,0.8129372620011063,-1.54e-06,2.4578938558003998,3.4873681643987795,61.47062787934009,1.0052136313683062,0.1078731899649695,0.12067054082980143,-69.09054215145726,-1.1573229341274334,74.29558053843128,0.6295741068180681,40.745483184944064,0.2719344611720337,0.08475052403702488,0.00015748,0.8825428517572645,0.00081957,0,0.0
19466,8.721649218243477e-05,0.17206074782709732,-1.54e-06,2.4578938558003998,3.4873681643987795,-32.53832239433367,1.0052136313683062,-3.0712886781834787,0.12067054082980143,-18.858545466562322,-1.1573229341274334,88.09922514653067,0.6295741068180681,12.078268651795648,0.2719344611720337,-0.0612385433795469,0.00015748,0.30126364385022164,0.00081957,1,0.0
19467,0.37176666401295144,0.061012950938394456,-1.54e-06,2.4578938558003998,3.4873681643987795,-6.012667362714221,1.0052136313683062,11.440721994375005,0.12067054082980143,-65.42553063233161,-1.1573229341274334,-29.621137697537364,0.6295741068180681,53.7404709791209,0.2719344611720337,-0.1712872318161031,0.00015748,0.17132094621183575,0.00081957,1,0.0
19468,0.08892601496478592,0.013725084457940719,-1.54e-06,2.4578938558003998,3.4873681643987795,-26.940200404690433,1.0052136313683062,6.376435147824355,0.12067054082980143,-66.63052341000262,-1.1573229341274334,40.51608894192669,0.6295741068180681,45.39488105401003,0.2719344611720337,-0.08025835497153212,0.00015748,0.08021531046254816,0.00081957,1,0.0
19469,0.0009011860335196749,0.17100317974435567,-1.54e-06,2.4578938558003998,3.4873681643987795,3.1944688822807117,1.0052136313683062,-0.524746055925734,0.12067054082980143,-15.466921290027479,-1.1573229341274334,64.24330868805801,0.6295741068180681,-2.456848639143463,0.2719344611720337,0.001158025636012111,0.00015748,0.30546268468189874,0.00081957,0,0.0
19470,0.21849168132861518,0.15637471007278225,-1.54e-06,2.4578938558003998,3.4873681643987795,70.84756530283228,1.0052136313683062,17.088533738973755,0.12067054082980143,-58.03175492485291,-1.1573229341274334,-73.31543409124103,0.6295741068180681,14.687760072468276,0.2719344611720337,-0.22541500784851176,0.00015748,0.2809115453825105,0.00081957,1,0.0
19471,0.3969141107026853,0.01813926179064203,-1.54e-06,2.4578938558003998,3.4873681643987795,-79.05990750546948,1.0052136313683062,2.046972967969541,0.12067054082980143,-46.8821469045492,-1.1573229341274334,30.63414020005505,0.6295741068180681,68.89664348034142,0.2719344611720337,-0.02707046073169073,0.00015748,0.027008783808220933,0.00081957,1,0.0
19472,0.43592495485534244,0.029157413836194246,-1.54e-06,2.4578938558003998,3.4873681643987795,-38.687416747377,1.0052136313683062,7.362437977146441,0.12067054082980143,-52.815482105845604,-1.1573229341274334,-13.72177530601654,0.6295741068180681,61.18680764559078,0.2719344611720337,-0.09454422180570611,0.00015748,0.09490291112720829,0.00081957,1,0.0
19473,0.18681838756169206,0.056984854111502885,-1.54e-06,2.4578938558003998,3.4873681643987795,9.64102847709612,1.0052136313683062,11.090589868520777,0.12067054082980143,-65.02447065886666,-1.1573229341274334,-13.646911538558737,0.6295741068180681,38.34871901611984,0.2719344611720337,-0.1679696532527223,0.00015748,0.16812259788235576,0.00081957,1,0.0
19474,0.03417831039273156,0.029034380514006027,-1.54e-06,2.4578938558003998,3.4873681643987795,8.238060025065835,1.0052136313683062,7.483008204346045,0.12067054082980143,-52.14511418878038,-1.1573229341274334,8.853131958525273,0.6295741068180681,24.608066053075103,0.2719344611720337,-0.11400057098374312,0.00015748,0.11437118777103684,0.00081957,1,0.0
19475,0.842589756315682,0.16613424333485338,-1.54e-06,2.4578938558003998,3.4873681643987795,-81.91880644972508,1.0052136313683062,16.032910609438247,0.12067054082980143,-78.5142089413297,-1.1573229341274334,-38.088347714016656,0.6295741068180681,99.98215066565312,0.2719344611720337,-0.21020732901310996,0.00015748,0.2102626762109427,0.00081957,1,0.0
19476,0.37729310633758717,0.0400548534383151,-1.54e-06,2.4578938558003998,3.4873681643987795,-20.915767420493122,1.0052136313683062,9.547491944984227,0.12067054082980143,-60.683476789925436,-1.1573229341274334,-17.988580874223462,0.6295741068180681,56.15278217854559,0.2719344611720337,-0.13353274675365057,0.00015748,0.13373110624238493,0.00081957,1,0.0
19477,0.16752684008881757,0.07372415485538668,-1.54e-06,2.4578938558003998,3.4873681643987795,61.52424980454852,1.0052136313683062,9.860178892705516,0.12067054082980143,-17.449261567171188,-1.1573229341274334,-81.39926900728634,0.6295741068180681,-1.150903124912951,0.2719344611720337,-0.18808500260030536,0.00015748,0.19138231838652464,0.00081957,1,0.0
19478,0.1655908531017295,0.007309505227708312,-1.54e-06,2.4578938558003998,3.4873681643987795,-7.711960127672498,1.0052136313683062,4.041944426051799,0.12067054082980143,-23.52258743476845,-1.1573229341274334,-10.846469854179665,0.6295741068180681,22.5486485720073,0.2719344611720337,-0.056264289950592274,0.00015748,0.05631087156039528,0.00081957,1,0.0
19479,0.32184426137665534,0.009438011040075089,-1.54e-06,2.4578938558003998,3.4873681643987795,-71.1057613603678,1.0052136313683062,3.4616821166348215,0.12067054082980143,-62.61174564464296,-1.1573229341274334,43.306837236043584,0.6295741068180681,70.74229166387151,0.2719344611720337,-0.02828001334476544,0.00015748,0.028350621869607556,0.00081957,1,0.0
19480,0.2925122483944098,0.043332144239675664,-1.54e-06,2.4578938558003998,3.4873681643987795,14.176285125835173,1.0052136313683062,8.990524533644633,0.12067054082980143,-34.41776006911751,-1.1573229341274334,-49.65352700243246,0.6295741068180681,27.869330386448382,0.2719344611720337,-0.14286093990084128,0.00015748,0.14368209132058166,0.00081957,1,0.0
19481,0.6939525509697002,0.10028091901882051,-1.54e-06,2.4578938558003998,3.4873681643987795,-22.58803810053677,1.0052136313683062,13.394912565850301,0.12067054082980143,-62.63907708888085,-1.1573229341274334,-70.6249439002978,0.6295741068180681,74.37308231139706,0.2719344611720337,-0.192403154977081,0.00015748,0.19242677134969594,0.00081957,1,0.0
19482,0.7470407399231678,0.06493765201507053,-1.54e-06,2.4578938558003998,3.4873681643987795,-78.81587186993661,1.0052136313683062,5.201252363357512,0.12067054082980143,-39.861065864753236,-1.1573229341274334,-33.353125579534264,0.6295741068180681,84.28071548191936,0.2719344611720337,-0.0503856283921972,0.00015748,0.05017286820997748,0.00081957,1,0.0
19483,0.17146438402305864,0.07660567289365156,-1.54e-06,2.4578938558003998,3.4873681643987795,51.49127435473471,1.0052136313683062,11.818321435251162,0.12067054082980143,-32.64685856995713,-1.1573229341274334,-67.60025420173451,0.6295741068180681,7.812496478826554,0.2719344611720337,-0.19325350394870935,0.00015748,0.1939232860350947,0.00081957,1,0.0
19484,0.16976603870689194,0.034423466263690916,-1.54e-06,2.4578938558003998,3.4873681643987795,42.718347958991224,1.0052136313683062,6.772447946942055,0.12067054082980143,-5.045517816728409,-1.1573229341274334,-69.57666052014058,0.6295741068180681,-1.5357037128505764,0.2719344611720337,-0.1303992113267595,0.00015748,0.1303088185544011,0.00081957,1,0.0
19485,0.6771042190451855,0.11797683040205789,-1.54e-06,2.4578938558003998,3.4873681643987795,-23.11831366395997,1.0052136313683062,15.978301600665219,0.12067054082980143,-81.96337573521451,-1.1573229341274334,-59.338924718421985,0.6295741068180681,82.1298650501685,0.2719344611720337,-0.22201492116470478,0.00015748,0.2227524316805105,0.00081957,1,0.0
19486,0.024505452899312635,0.002515649743131262,-1.54e-06,2.4578938558003998,3.4873681643987795,7.719123835961182,1.0052136313683062,2.2176206307891686,0.12067054082980143,-8.19480774480989,-1.1573229341274334,-8.58038567018978,0.6295741068180681,2.605327904374146,0.2719344611720337,-0.03456747872606102,0.00015748,0.03463135126347685,0.00081957,1,0.0
19487,0.30875333124938076,0.012389450003072984,-1.54e-06,2.4578938558003998,3.4873681643987795,-73.92314628338777,1.0052136313683062,0.9910341003412442,0.12067054082980143,-43.03800408398924,-1.1573229341274334,39.285059584551036,0.6295741068180681,60.87212898704339,0.2719344611720337,-0.029454803212970965,0.00015748,0.02943851394159522,0.00081957,1,0.0
19488,0.31874102184392605,0.06964258834068918,-1.54e-06,2.4578938558003998,3.4873681643987795,-1.9849141522771865,1.0052136313683062,12.169828888678197,0.12067054082980143,-74.53608463994128,-1.1573229341274334,-19.85289053608931,0.6295741068180681,54.26920353533378,0.2719344611720337,-0.18375262417880495,0.00015748,0.1855753113051481,0.00081957,1,0.0
19489,0.00010405699723833872,0.2328123581326642,-1.54e-06,2.4578938558003998,3.4873681643987795,72.35946838047012,1.0052136313683062,3.6240613436498568,0.12067054082980143,-16.747589561032118,-1.1573229341274334,51.81581589500634,0.6295741068180681,-30.603406311594025,0.2719344611720337,0.11742128409544411,0.00015748,0.46590239937967953,0.00081957,0,0.0
19490,0.6499236362808687,0.0680242289067928,-1.54e-06,2.4578938558003998,3.4873681643987795,-22.23143380657758,1.0052136313683062,6.862529457337239,0.12067054082980143,-23.01829551169315,-1.1573229341274334,-78.72755213551181,0.6295741068180681,54.85087832446332,0.2719344611720337,-0.12100067140134893,0.00015748,0.12112877061469077,0.00081957,1,0.0
19491,0.0002911995827548086,0.11622757228878884,-1.54e-06,2.4578938558003998,3.4873681643987795,56.54735664261603,1.0052136313683062,12.14450615980907,0.12067054082980143,-77.7012060186246,-1.1573229341274334,39.136433492614515,0.6295741068180681,11.446798181991516,0.2719344611720337,0.0877329098712711,0.00015748,0.22018987555596292,0.00081957,0,0.0
19492,0.15256899937680235,0.0062158061687512004,-1.54e-06,2.4578938558003998,3.4873681643987795,-47.03291207397017,1.0052136313683062,4.8053647599270715,0.12067054082980143,-67.06574336950298,-1.1573229341274334,50.25300098599825,0.6295741068180681,55.78709897465444,0.2719344611720337,-0.05209544492654282,0.00015748,0.05258159223354762,0.00081957,1,0.0
19493,0.0006174328712240662,0.10741643070946787,-1.54e-06,2.4578938558003998,3.4873681643987795,53.85224599387731,1.0052136313683062,11.882228090115476,0.12067054082980143,-71.10229936390968,-1.1573229341274334,24.759954641917467,0.6295741068180681,10.841113525738765,0.2719344611720337,0.027980681197374374,0.00015748,0.2102014375500075,0.00081957,0,0.0
19494,0.695855582027834,0.14049931581623712,-1.54e-06,2.4578938558003998,3.4873681643987795,-20.28568587132332,1.0052136313683062,17.132753309374,0.12067054082980143,-92.06423029744393,-1.1573229341274334,-60.189615256033534,0.6295741068180681,88.13253894404353,0.2719344611720337,-0.24861199970698203,0.00015748,0.24894194652788396,0.00081957,1,0.0
19495,-0.0002732495054762474,0.09724422248351954,-1.54e-06,2.4578938558003998,3.4873681643987795,-85.15119649246795,1.0052136313683062,-6.202026847088626,0.12067054082980143,-0.08739264244489224,-1.1573229341274334,82.01709375558676,0.6295741068180681,22.201491245075452,0.2719344611720337,-0.20488744940509107,0.00015748,0.209741175471443,0.00081957,1,0.0
19496,0.2535618627534508,0.021648383775983927,-1.54e-06,2.4578938558003998,3.4873681643987795,6.716173891570501,1.0052136313683062,6.144426471391167,0.12067054082980143,-20.836587470279756,-1.1573229341274334,-41.54111680917945,0.6295741068180681,21.548720282984608,0.2719344611720337,-0.09727225035386924,0.00015748,0.0974479912868442,0.00081957,1,0.0
19497,0.42009772216453817,0.03510101711574287,-1.54e-06,2.4578938558003998,3.4873681643987795,-36.9818051402068,1.0052136313683062,7.479003969439143,0.12067054082980143,-61.80858067867858,-1.1573229341274334,-7.25375068103698,0.6295741068180681,65.79300822985755,0.2719344611720337,-0.11172098791618318,0.00015748,0.11213504971199195,0.00081957,1,0.0
19498,0.5589002848282884,0.042498036193633515,-1.54e-06,2.4578938558003998,3.4873681643987795,-65.60577844318804,1.0052136313683062,9.147899889979492,0.12067054082980143,-79.77243325832818,-1.1573229341274334,3.748751342752221,0.6295741068180681,89.50081742621741,0.2719344611720337,-0.11076289812360646,0.00015748,0.11089235603510944,0.00081957,1,0.0
19499,0.6199016313022279,0.0526339240741271,-1.54e-06,2.4578938558003998,3.4873681643987795,-39.11583036607914,1.0052136313683062,6.54870999946794,0.12067054082980143,-33.58996117842066,-1.1573229341274334,-52.72771487309358,0.6295741068180681,62.81267935101133,0.2719344611720337,-0.09451424943285125,0.00015748,0.09503496386621685,0.00081957,1,0.0
19500,0.0068754246771818295,0.2866558774822543,-1.54e-06,1.9316863821678012,3.010182037802922,16.382846505954976,1.0052136313683062,15.573270198359289,0.12067054082980143,-78.34340045251595,-1.1573229341274334,57.32466274595703,0.6295741068180681,16.76129409192511,0.2719344611720337,0.09147311098051841,0.00015748,0.5797548510936748,0.00081957,0,0.0
19501,0.3664696256309138,0.16442956725601607,-1.54e-06,1.9316863821678012,3.010182037802922,21.209389102045293,1.0052136313683062,8.804918909204815,0.12067054082980143,-6.103390367109647,-1.1573229341274334,-60.75519367322765,0.6295741068180681,6.644353873438593,0.2719344611720337,-0.2812913598115417,0.00015748,0.2811230451524342,0.00081957,1,0.0
19502,0.17992894735427184,0.00661985842655884,-1.54e-06,1.9316863821678012,3.010182037802922,-10.428815589482431,1.0052136313683062,0.07858850960140783,0.12067054082980143,-2.0811549832020075,-1.1573229341274334,-4.822816217622939,0.6295741068180681,11.08527851708733,0.2719344611720337,-0.005742694770672834,0.00015748,0.006082094010203348,0.00081957,1,0.0
19503,2.879644758646549e-05,0.08395189042447398,-1.54e-06,1.9316863821678012,3.010182037802922,77.03846032733017,1.0052136313683062,18.025615392160212,0.12067054082980143,-75.07207389644806,-1.1573229341274334,47.397396926044365,0.6295741068180681,-12.315788565934508,0.2719344611720337,0.6583316318743764,0.00015748,0.7239490466378973,0.00081957,0,0.0
19504,0.0020306767968425454,0.03173309118757544,-1.54e-06,1.9316863821678012,3.010182037802922,20.21007607200308,1.0052136313683062,12.803056935403008,0.12067054082980143,-100.0,-1.1573229341274334,92.81667780847884,0.6295741068180681,27.258306214077614,0.2719344611720337,0.456310653229388,0.00015748,0.5533342563667255,0.00081957,0,0.0
19505,0.8647423365333194,0.3408921478976288,-1.54e-06,1.9316863821678012,3.010182037802922,-13.131526817438353,1.0052136313683062,13.391890850564051,0.12067054082980143,-46.071704222696226,-1.1573229341274334,-56.65286399486885,0.6295741068180681,55.60063245158965,0.2719344611720337,-0.3832887348628314,0.00015748,0.3844816571712078,0.00081957,1,0.0
19506,0.004502083530544931,0.12359636387016415,-1.54e-06,1.9316863821678012,3.010182037802922,-21.813699332727214,1.0052136313683062,8.449132757375125,0.12067054082980143,-91.55396115922638,-1.1573229341274334,78.77823549654967,0.6295741068180681,48.44700519476683,0.2719344611720337,0.04606235981502832,0.00015748,0.2354937122641853,0.00081957,0,0.0
19507,0.2804297472330882,0.016727953227797944,-1.54e-06,1.9316863821678012,3.010182037802922,-5.174000780749453,1.0052136313683062,2.0908549473705422,0.12067054082980143,-0.05991509549798806,-1.1573229341274334,-22.238032117148304,0.6295741068180681,11.003607705961812,0.2719344611720337,-0.05189174736073087,0.00015748,0.05210548234208614,0.00081957,1,0.0
19508,0.000180231163940614,0.047430796390906964,-1.54e-06,1.9316863821678012,3.010182037802922,93.16616968418343,1.0052136313683062,13.066238805835876,0.12067054082980143,-22.67026262162887,-1.1573229341274334,-15.203257766464045,0.6295741068180681,-36.64472640782759,0.2719344611720337,0.41065594512085185,0.00015748,0.6383043163426919,0.00081957,0,0.0
19509,0.6128193910737914,0.18188469081027106,-1.54e-06,1.9316863821678012,3.010182037802922,77.7173868594842,1.0052136313683062,22.68665139292475,0.12067054082980143,-68.67600780778702,-1.1573229341274334,-29.284678849998272,0.6295741068180681,8.86250811097071,0.2719344611720337,0.350480585046476,0.00015748,0.8728439641180805,0.00081957,0,0.0
19510,1.4435861219356831,0.4204851870724521,-1.54e-06,1.9316863821678012,3.010182037802922,-60.339321081366485,1.0052136313683062,13.61346687915716,0.12067054082980143,-57.60897711000751,-1.1573229341274334,-55.91057200781565,0.6295741068180681,96.52724640100598,0.2719344611720337,-0.30699521547791603,0.00015748,0.30717314030921145,0.00081957,1,0.0
19511,0.034142171627831536,0.004796671764582063,-1.54e-06,1.9316863821678012,3.010182037802922,-33.41824487998332,1.0052136313683062,1.710296406412235,0.12067054082980143,-48.44201558646696,-1.1573229341274334,52.16193759806388,0.6295741068180681,36.882230532499705,0.2719344611720337,-0.026865985001657915,0.00015748,0.02687168624049106,0.00081957,1,0.0
19512,0.44299229926695893,0.13334974898840182,-1.54e-06,1.9316863821678012,3.010182037802922,-8.768961769924992,1.0052136313683062,8.936596649707218,0.12067054082980143,-38.983120797081064,-1.1573229341274334,-21.68926715141873,0.6295741068180681,36.48745755409876,0.2719344611720337,-0.25124278996610805,0.00015748,0.25217326450887556,0.00081957,1,0.0
19513,0.32387864631014485,0.015171641809575222,-1.54e-06,1.9316863821678012,3.010182037802922,-38.933054200735924,1.0052136313683062,3.0357195012043423,0.12067054082980143,-45.16311743335829,-1.1573229341274334,28.58748111695438,0.6295741068180681,47.09598733932735,0.2719344611720337,-0.04666227128968919,0.00015748,0.047069000000599596,0.00081957,1,0.0
19514,0.012773600592444811,0.19536745828039598,-1.54e-06,1.9316863821678012,3.010182037802922,-57.737680915689104,1.0052136313683062,-8.115525524813226,0.12067054082980143,-18.3118832011015,-1.1573229341274334,74.29370726669607,0.6295741068180681,31.679158310201814,0.2719344611720337,-0.2990251493858594,0.00015748,0.2988663079232889,0.00081957,1,0.0
19515,0.05814553247513626,0.05980052475748245,-1.54e-06,1.9316863821678012,3.010182037802922,22.747594700344933,1.0052136313683062,4.9536402875631875,0.12067054082980143,-0.01517336133335237,-1.1573229341274334,-33.28341320249555,0.6295741068180681,-6.958776404542697,0.2719344611720337,-0.16878874707567554,0.00015748,0.16951704535912265,0.00081957,1,0.0
19516,1.1412854584082814,0.43610393787144625,-1.54e-06,1.9316863821678012,3.010182037802922,77.27565905763,1.0052136313683062,27.480955494882167,0.12067054082980143,-68.53513532198977,-1.1573229341274334,-72.22174859124529,0.6295741068180681,24.487443509789866,0.2719344611720337,0.332799780213042,0.00015748,1.0114330464497516,0.00081957,0,0.0
19517,0.00045717072255357927,0.08442507784586191,-1.54e-06,1.9316863821678012,3.010182037802922,62.09533601151481,1.0052136313683062,8.158983252794378,0.12067054082980143,-26.36454401433932,-1.1573229341274334,26.025282939680412,0.6295741068180681,-24.17236446131197,0.2719344611720337,0.39115142849365747,0.00015748,0.6954271039180333,0.00081957,0,0.0
19518,2.390790614836824e-05,0.020238123556858275,-1.54e-06,1.9316863821678012,3.010182037802922,52.58880497099593,1.0052136313683062,18.09226966265254,0.12067054082980143,-96.33761985930592,-1.1573229341274334,57.70668071710276,0.6295741068180681,12.01199541742219,0.2719344611720337,0.41991926909722493,0.00015748,0.6489324644023935,0.00081957,0,0.0
19519,0.6240307865309227,0.3202467168585035,-1.54e-06,1.9316863821678012,3.010182037802922,41.00679630453972,1.0052136313683062,13.75482636582102,0.12067054082980143,-22.660530309695325,-1.1573229341274334,-57.13827156589768,0.6295741068180681,8.703382313515698,0.2719344611720337,0.06858646781635497,0.00015748,0.4977710022775435,0.00081957,0,0.0
19520,0.10824317612989176,0.016508303474364085,-1.54e-06,1.9316863821678012,3.010182037802922,-65.53005278887024,1.0052136313683062,3.5660812459019513,0.12067054082980143,-93.18221541336956,-1.1573229341274334,97.47074073885503,0.6295741068180681,72.72898575462537,0.2719344611720337,-0.05648206805513816,0.00015748,0.056482174092707886,0.00081957,1,0.0
19521,0.01745390738600089,0.040993905330811535,-1.54e-06,1.9316863821678012,3.010182037802922,-54.814342242826086,1.0052136313683062,-2.250067430620887,0.12067054082980143,-53.705328978874434,-1.1573229341274334,81.79144211843472,0.6295741068180681,47.850194526337525,0.2719344611720337,-0.11856497098547959,0.00015748,0.11827159111580009,0.00081957,1,0.0
19522,1.2275389621794113,0.23699884470129617,-1.54e-06,1.9316863821678012,3.010182037802922,-75.80914463891509,1.0052136313683062,6.5089439906899615,0.12067054082980143,-50.34523145510232,-1.1573229341274334,-17.030569685160565,0.6295741068180681,93.05009953828001,0.2719344611720337,-0.10675297330046173,0.00015748,0.10661406436485053,0.00081957,1,0.0
19523,0.04885412710574738,0.08659649955038545,-1.54e-06,1.9316863821678012,3.010182037802922,-58.94913117131653,1.0052136313683062,-4.351484346367997,0.12067054082980143,-41.48444833499974,-1.1573229341274334,79.49306507623514,0.6295741068180681,44.3245991357584,0.2719344611720337,-0.192768394185559,0.00015748,0.19272384901573122,0.00081957,1,0.0
19524,0.0015147213476585097,0.023785086475027507,-1.54e-06,1.9316863821678012,3.010182037802922,42.36460593692568,1.0052136313683062,15.177769198953445,0.12067054082980143,-88.81428237314272,-1.1573229341274334,62.702252289319304,0.6295741068180681,13.438350435644765,0.2719344611720337,0.4550870242155975,0.00015748,0.555154802331336,0.00081957,0,0.0
19525,0.23203718568741896,0.011003766931703376,-1.54e-06,1.9316863821678012,3.010182037802922,-38.92121336534164,1.0052136313683062,0.784179852868691,0.12067054082980143,-36.388308639011086,-1.1573229341274334,34.97609335505467,0.6295741068180681,39.839023234206444,0.2719344611720337,-0.03443285081201586,0.00015748,0.03439764954213312,0.00081957,1,0.0
19526,0.9425753872265556,0.3392935967336149,-1.54e-06,1.9316863821678012,3.010182037802922,-5.8626413354951366,1.0052136313683062,12.921467620565632,0.12067054082980143,-25.572736779005403,-1.1573229341274334,-80.20279506920598,0.6295741068180681,44.86077543286557,0.2719344611720337,-0.3614315678073492,0.00015748,0.3639137361507554,0.00081957,1,0.0
19527,0.0011794603026996087,0.1239848398191414,-1.54e-06,1.9316863821678012,3.010182037802922,24.47794876399479,1.0052136313683062,6.6309170576953065,0.12067054082980143,-26.792494823203043,-1.1573229341274334,7.073757423146135,0.6295741068180681,-0.8058252251568069,0.2719344611720337,0.09012390367290478,0.00015748,0.24232800739246063,0.00081957,0,0.0
19528,0.00017624908316371535,0.04350879038954168,-1.54e-06,1.9316863821678012,3.010182037802922,81.60232457817946,1.0052136313683062,13.209288733388814,0.12067054082980143,-32.920964282816584,-1.1573229341274334,-0.6609765657244538,0.6295741068180681,-27.72908066308407,0.2719344611720337,0.43475603921089073,0.00015748,0.5885983078678259,0.00081957,0,0.0
19529,0.0010323469842921096,0.05677586190895585,-1.54e-06,1.9316863821678012,3.010182037802922,77.630482522731,1.0052136313683062,20.83962457561715,0.12067054082980143,-75.24273972319173,-1.1573229341274334,26.952645376894427,0.6295741068180681,-11.31633714759258,0.2719344611720337,0.427767692376988,0.00015748,0.7348078756443241,0.00081957,0,0.0
19530,-0.00020070417246209615,0.6591104905593813,-1.54e-06,1.9316863821678012,3.010182037802922,99.16984033002842,1.0052136313683062,15.749681458889109,0.12067054082980143,-48.64959450972116,-1.1573229341274334,95.58514873193904,0.6295741068180681,-51.96698507498744,0.2719344611720337,0.5209574840243083,0.00015748,1.890460967698747,0.00081957,0,0.0
19531,0.7470929999971359,0.14388604984606904,-1.54e-06,1.9316863821678012,3.010182037802922,-24.242609000587,1.0052136313683062,8.335388556214868,0.12067054082980143,-32.72392664351045,-1.1573229341274334,-35.99245531352612,0.6295741068180681,49.27161092455732,0.2719344611720337,-0.2142111199605642,0.00015748,0.21440202046565593,0.00081957,1,0.0
19532,0.1238634927799167,0.05256978555376061,-1.54e-06,1.9316863821678012,3.010182037802922,75.07237744991812,1.0052136313683062,16.598425976449246,0.12067054082980143,-55.57329256012076,-1.1573229341274334,5.3423466008367155,0.6295741068180681,-11.01441668077396,0.2719344611720337,0.4007166772648709,0.00015748,0.6639481865118504,0.00081957,0,0.0
19533,0.2939950741918158,0.18141966391833494,-1.54e-06,1.9316863821678012,3.010182037802922,-15.590184932701275,1.0052136313683062,11.892696688973624,0.12067054082980143,-87.62651584403936,-1.1573229341274334,43.544365508603875,0.6295741068180681,53.09317019350566,0.2719344611720337,-0.02577969574569386,0.00015748,0.34162906169893426,0.00081957,1,0.0
19534,0.05899010529825777,0.005708137158308903,-1.54e-06,1.9316863821678012,3.010182037802922,-20.264277687859444,1.0052136313683062,2.379139430338306,0.12067054082980143,-35.72316168171772,-1.1573229341274334,29.845311195490872,0.6295741068180681,26.685404900220774,0.2719344611720337,-0.04515693489092237,0.00015748,0.04549328297181726,0.00081957,1,0.0
19535,0.028345582991896268,0.07532395639606664,-1.54e-06,1.9316863821678012,3.010182037802922,42.51116091366293,1.0052136313683062,9.74650404674103,0.12067054082980143,-53.33521925835072,-1.1573229341274334,48.7253335919077,0.6295741068180681,-2.3334754479474404,0.2719344611720337,0.4039301002859208,0.00015748,0.6068548169695209,0.00081957,0,0.0
19536,0.26316901525150815,0.019438334859191615,-1.54e-06,1.9316863821678012,3.010182037802922,-26.667530829065683,1.0052136313683062,-0.6645540577717596,0.12067054082980143,-12.009195145660987,-1.1573229341274334,9.543702758274158,0.6295741068180681,24.91808770492615,0.2719344611720337,-0.04287635016114507,0.00015748,0.04292185140155643,0.00081957,1,0.0
19537,0.656183418275585,0.18678815567718385,-1.54e-06,1.9316863821678012,3.010182037802922,9.059324793573769,1.0052136313683062,17.091966875398995,0.12067054082980143,-98.04367657372902,-1.1573229341274334,39.26127423344785,0.6295741068180681,52.2240439647027,0.2719344611720337,0.4305057738992184,0.00015748,0.5759706609507451,0.00081957,0,0.0
19538,-1.4123460197024151e-05,0.105568581080513,-1.54e-06,1.9316863821678012,3.010182037802922,50.793860945811296,1.0052136313683062,7.3060977381226095,0.12067054082980143,-38.20906928737911,-1.1573229341274334,50.633676430229315,0.6295741068180681,-15.23663842849717,0.2719344611720337,0.3615823865500921,0.00015748,0.8095373453212759,0.00081957,0,0.0
19539,0.21371191067374956,0.05428362645272435,-1.54e-06,1.9316863821678012,3.010182037802922,-30.611546700841537,1.0052136313683062,7.165927960709157,0.12067054082980143,-66.17698963054698,-1.1573229341274334,36.12404734797044,0.6295741068180681,49.674740098254254,0.2719344611720337,-0.16125509421764886,0.00015748,0.16285048253464499,0.00081957,1,0.0
19540,0.4273558380528904,0.03966526771052034,-1.54e-06,1.9316863821678012,3.010182037802922,-17.985578611959387,1.0052136313683062,4.21855595469479,0.12067054082980143,-20.313873626709423,-1.1573229341274334,-15.115000200042871,0.6295741068180681,30.56376561074371,0.2719344611720337,-0.10263473144789143,0.00015748,0.10253923316395108,0.00081957,1,0.0
19541,0.6090823155843988,0.22994859691726513,-1.54e-06,1.9316863821678012,3.010182037802922,90.46564860537893,1.0052136313683062,17.89251569526115,0.12067054082980143,-13.532455750592213,-1.1573229341274334,-72.5358437800423,0.6295741068180681,-21.751269165019618,0.2719344611720337,0.3827237845707714,0.00015748,0.7211723823951504,0.00081957,0,0.0
19542,0.0020259721724869006,0.04685969483945897,-1.54e-06,1.9316863821678012,3.010182037802922,99.84411576635436,1.0052136313683062,14.35649420250163,0.12067054082980143,-21.34380356611712,-1.1573229341274334,-23.087549580234022,0.6295741068180681,-40.33473243257755,0.2719344611720337,0.4033936245273644,0.00015748,0.6577923412782527,0.00081957,0,0.0
19543,0.7662997355775094,0.28217081368109564,-1.54e-06,1.9316863821678012,3.010182037802922,63.696815763000274,1.0052136313683062,17.98599862430218,0.12067054082980143,-32.06492244213903,-1.1573229341274334,-54.08167382103351,0.6295741068180681,2.5751424609738067,0.2719344611720337,0.3907810476285738,0.00015748,0.6719001833912486,0.00081957,0,0.0
19544,5.811818735401708e-05,0.14140563785031368,-1.54e-06,1.9316863821678012,3.010182037802922,48.37239230652905,1.0052136313683062,7.060343713512828,0.12067054082980143,-10.036966326846178,-1.1573229341274334,-8.482606633886236,0.6295741068180681,-20.686406245217828,0.2719344611720337,0.2457903380338545,0.00015748,0.30443618270508976,0.00081957,0,0.0
19545,0.3046011031614817,0.08424610639124934,-1.54e-06,1.9316863821678012,3.010182037802922,90.94438544248386,1.0052136313683062,22.835501033586915,0.12067054082980143,-72.76989398397873,-1.1573229341274334,-12.342190780154075,0.6295741068180681,-4.816879551014084,0.2719344611720337,0.34960059261887205,0.00015748,0.8809966448668543,0.00081957,0,0.0
19546,1.023069978991878,0.20768286727345286,-1.54e-06,1.9316863821678012,3.010182037802922,-49.56814168754937,1.0052136313683062,9.556593906001803,0.12067054082980143,-52.87586595426042,-1.1573229341274334,-26.93188158460719,0.6295741068180681,77.6464602659455,0.2719344611720337,-0.22088493605178405,0.00015748,0.22159500052110637,0.00081957,1,0.0
19547,0.1821689998014469,0.013460300557984028,-1.54e-06,1.9316863821678012,3.010182037802922,-64.39041488304161,1.0052136313683062,3.1591422247677596,0.12067054082980143,-85.57228037786838,-1.1573229341274334,86.38434730410727,0.6295741068180681,71.35556835390607,0.2719344611720337,-0.04383646785596709,0.00015748,0.04402997886276125,0.00081957,1,0.0
19548,-0.0008370207511715355,0.2501858055631884,-1.54e-06,1.9316863821678012,3.010182037802922,-63.45526085593461,1.0052136313683062,-8.987788040323071,0.12067054082980143,-19.658306977089435,-1.1573229341274334,83.16130441741136,0.6295741068180681,33.82134134670498,0.2719344611720337,-0.3367458497833009,0.00015748,0.34029353227217374,0.00081957,1,0.0
19549,-0.00044521036161876415,0.47272978500247603,-1.54e-06,1.9316863821678012,3.010182037802922,-22.163602472917656,1.0052136313683062,-4.353208562281055,0.12067054082980143,-24.738108823590792,-1.1573229341274334,81.42901791847193,0.6295741068180681,14.06484313361714,0.2719344611720337,-0.10471864516675589,0.00015748,0.6527799675316828,0.00081957,1,0.0
19550,0.10252687558950102,0.06321011244809425,-1.54e-06,1.9316863821678012,3.010182037802922,56.46670038112094,1.0052136313683062,12.4206256445966,0.12067054082980143,-47.73986795677394,-1.1573229341274334,21.68830809614851,0.6295741068180681,-7.925153032820885,0.2719344611720337,0.4791445017346688,0.00015748,0.5214678065964321,0.00081957,0,0.0
19551,0.00033103414675594856,0.09970015692087564,-1.54e-06,1.9316863821678012,3.010182037802922,43.95627054636676,1.0052136313683062,11.264359597301173,0.12067054082980143,-69.81030232944383,-1.1573229341274334,77.30076592000974,0.6295741068180681,-0.30042602656572515,0.2719344611720337,0.44375362876247726,0.00015748,0.8372348559915705,0.00081957,0,0.0
19552,0.6139249186031321,0.2086339656315063,-1.54e-06,1.9316863821678012,3.010182037802922,36.81590150088064,1.0052136313683062,14.254999847415121,0.12067054082980143,-60.15761879986575,-1.1573229341274334,2.2002380141533315,0.6295741068180681,23.693229274802782,0.2719344611720337,0.41751185408311925,0.00015748,0.6227299623937446,0.00081957,0,0.0
19553,0.37779886232099014,0.8807924213364778,-1.54e-06,1.9316863821678012,3.010182037802922,36.037654246538914,1.0052136313683062,-1.8044210934474874,0.12067054082980143,-30.527812755204963,-1.1573229341274334,78.94903378213266,0.6295741068180681,-0.45277756395885554,0.2719344611720337,0.21239741576306226,0.00015748,1.506751116674093,0.00081957,0,0.0
19554,0.00011270630421410244,0.184021689338857,-1.54e-06,1.9316863821678012,3.010182037802922,-6.956016550300785,1.0052136313683062,0.7627284962116637,0.12067054082980143,-29.237870912622377,-1.1573229341274334,50.49526108274031,0.6295741068180681,11.690678897898048,0.2719344611720337,0.03563125302334569,0.00015748,0.3523722786625656,0.00081957,0,0.0
19555,0.011231096051076306,0.04761105191628788,-1.54e-06,1.9316863821678012,3.010182037802922,87.47404943768638,1.0052136313683062,13.953818619430475,0.12067054082980143,-28.14328303059812,-1.1573229341274334,-10.301389270756959,0.6295741068180681,-32.336399332891176,0.2719344611720337,0.4298916841860931,0.00015748,0.5974185798528352,0.00081957,0,0.0
19556,0.4166967721621754,0.12324686171536954,-1.54e-06,1.9316863821678012,3.010182037802922,13.707728606925853,1.0052136313683062,7.573504669515821,0.12067054082980143,-3.805116460443304,-1.1573229341274334,-57.39260963984657,0.6295741068180681,10.022339431627845,0.2719344611720337,-0.23396147114424737,0.00015748,0.23577884380463632,0.00081957,1,0.0
19557,1.088036015364001,0.38132774993874125,-1.54e-06,1.9316863821678012,3.010182037802922,58.78506670586476,1.0052136313683062,27.669104540507952,0.12067054082980143,-87.92541819786389,-1.1573229341274334,-43.31390246657956,0.6295741068180681,38.54091268049867,0.2719344611720337,0.3373711008435804,0.00015748,0.9576748117907192,0.00081957,0,0.0
19558,0.2657593966153664,0.09143107924951203,-1.54e-06,1.9316863821678012,3.010182037802922,-3.372347463740793,1.0052136313683062,7.669859339018896,0.12067054082980143,-34.411595303694206,-1.1573229341274334,-12.003062017649906,0.6295741068180681,26.09729630582681,0.2719344611720337,-0.21313391388314548,0.00015748,0.213383992802718,0.00081957,1,0.0
19559,1.0677287586163506,0.5571209265766413,-1.54e-06,1.9316863821678012,3.010182037802922,-15.31112542228287,1.0052136313683062,18.654580350449873,0.12067054082980143,-59.34315342520759,-1.1573229341274334,-71.63560100357101,0.6295741068180681,67.41477474145282,0.2719344611720337,-0.49250374429258315,0.00015748,0.49397934359954154,0.00081957,1,0.0
19560,0.37785400447229117,0.03479541276641573,-1.54e-06,1.9316863821678012,3.010182037802922,-46.16839442130402,1.0052136313683062,5.893018921547792,0.12067054082980143,-67.15530387839958,-1.1573229341274334,38.70269746368645,0.6295741068180681,61.77987267202507,0.2719344611720337,-0.11423369675368192,0.00015748,0.11532396925966207,0.00081957,1,0.0
19561,0.8946521850123902,0.3309680662237203,-1.54e-06,1.9316863821678012,3.010182037802922,38.23836473296967,1.0052136313683062,19.52295814260662,0.12067054082980143,-94.39751369462176,-1.1573229341274334,0.7559706108166576,0.6295741068180681,48.89844977193643,0.2719344611720337,0.34898815776078734,0.00015748,0.8800801232086699,0.00081957,0,0.0
19562,0.4639774465638594,0.03090666200173166,-1.54e-06,1.9316863821678012,3.010182037802922,-42.23217896800974,1.0052136313683062,3.6800660333217325,0.12067054082980143,-42.889118962281124,-1.1573229341274334,17.483116944047932,0.6295741068180681,51.66167956868195,0.2719344611720337,-0.06046507336634016,0.00015748,0.06049345760726654,0.00081957,1,0.0
19563,0.924128637950191,0.7739436673885365,-1.54e-06,1.9316863821678012,3.010182037802922,50.656070091518146,1.0052136313683062,10.716826792071098,0.12067054082980143,-73.6535820259887,-1.1573229341274334,12.307160152590452,0.6295741068180681,38.32825386675083,0.2719344611720337,0.31078615509222074,0.00015748,1.2841307381937326,0.00081957,0,0.0
19564,0.0004872692684267932,0.04886947565544454,-1.54e-06,1.9316863821678012,3.010182037802922,91.34858439742584,1.0052136313683062,15.456726136469591,0.12067054082980143,-47.998265137350884,-1.1573229341274334,6.6953983568469235,0.6295741068180681,-25.12147494627326,0.2719344611720337,0.45677303174957395,0.00015748,0.7264267554824364,0.00081957,0,0.0
19565,-0.0012161435362390838,0.6075801219184129,-1.54e-06,1.9316863821678012,3.010182037802922,-6.701903547235587,1.0052136313683062,1.4975102771417623,0.12067054082980143,-24.05013715448935,-1.1573229341274334,74.09482353827701,0.6295741068180681,-0.016845629217389708,0.2719344611720337,-0.08483027625862022,0.00015748,0.8119125041739488,0.00081957,1,0.0
19566,0.09310713652008873,0.061919441996370936,-1.54e-06,1.9316863821678012,3.010182037802922,16.834977097320255,1.0052136313683062,5.663707154728184,0.12067054082980143,-6.963298448198271,-1.1573229341274334,-27.81554275313855,0.6295741068180681,-0.7308322727975252,0.2719344611720337,-0.1710397133514538,0.00015748,0.17177431713063446,0.00081957,1,0.0
19567,0.8423881155236004,0.43588121188303547,-1.54e-06,1.9316863821678012,3.010182037802922,22.813938810609816,1.0052136313683062,17.396757943239596,0.12067054082980143,-48.88773862712886,-1.1573229341274334,-53.19058919079565,0.6295741068180681,35.342813608939814,0.2719344611720337,-0.04345917304041719,0.00015748,0.56413188944755,0.00081957,1,0.0
19568,-0.0007358456286327142,0.35829785152039323,-1.54e-06,1.9316863821678012,3.010182037802922,69.61764640995693,1.0052136313683062,7.747963352787571,0.12067054082980143,-46.09830883921049,-1.1573229341274334,93.10766135528328,0.6295741068180681,-28.72577253424741,0.2719344611720337,0.43103548140263814,0.00015748,1.4846882233636842,0.00081957,0,0.0
19569,0.184890575705735,0.006087954888345287,-1.54e-06,1.9316863821678012,3.010182037802922,-15.492226102931692,1.0052136313683062,0.5029021180084825,0.12067054082980143,-9.784467010977163,-1.1573229341274334,3.1455340860276286,0.6295741068180681,16.687267885771146,0.2719344611720337,-0.007043894370712005,0.00015748,0.007703597343155497,0.00081957,1,0.0
19570,0.31468500924950227,0.09931183942864323,-1.54e-06,1.9316863821678012,3.010182037802922,21.740762989922366,1.0052136313683062,13.478621715078571,0.12067054082980143,-82.6343371331574,-1.1573229341274334,53.1247444849897,0.6295741068180681,29.06132216118279,0.2719344611720337,0.4868413628550028,0.00015748,0.5126098059455715,0.00081957,0,0.0
19571,0.028449871218929085,0.00042721645896282663,-1.54e-06,1.9316863821678012,3.010182037802922,-4.268301045200427,1.0052136313683062,-0.03855436800804,0.12067054082980143,-2.844520093537633,-1.1573229341274334,3.1390105556295955,0.6295741068180681,3.8946681191487746,0.2719344611720337,-0.00787242670611225,0.00015748,0.007777618987083564,0.00081957,1,0.0
19572,0.6723399342773572,0.12116803047277569,-1.54e-06,1.9316863821678012,3.010182037802922,-50.66934595260186,1.0052136313683062,9.474793599159447,0.12067054082980143,-76.96345536020083,-1.1573229341274334,17.521483253837776,0.6295741068180681,78.0322164744924,0.2719344611720337,-0.21544118664600584,0.00015748,0.21569454682927455,0.00081957,1,0.0
19573,0.014381226447213583,0.016224824070107554,-1.54e-06,1.9316863821678012,3.010182037802922,-38.94157043382204,1.0052136313683062,-0.7999861928485474,0.12067054082980143,-40.20180227461549,-1.1573229341274334,58.18487010705756,0.6295741068180681,34.421610700587465,0.2719344611720337,-0.08062922336826124,0.00015748,0.08079884337136155,0.00081957,1,0.0
19574,0.8284286003924749,0.316622662878385,-1.54e-06,1.9316863821678012,3.010182037802922,74.05152775219877,1.0052136313683062,19.98698027420232,0.12067054082980143,-27.97655176529982,-1.1573229341274334,-70.53948482128106,0.6295741068180681,-2.3531316002012117,0.2719344611720337,0.3749722299731423,0.00015748,0.7339163621327486,0.00081957,0,0.0
19575,0.00024811856545614575,0.03150799821488437,-1.54e-06,1.9316863821678012,3.010182037802922,90.1963493923523,1.0052136313683062,17.234837487871715,0.12067054082980143,-53.38898549083376,-1.1573229341274334,2.510334796231317,0.6295741068180681,-21.968262103787367,0.2719344611720337,0.3837331695727225,0.00015748,0.7196714555654026,0.00081957,0,0.0
19576,0.8356830921828123,0.25278309991718145,-1.54e-06,1.9316863821678012,3.010182037802922,32.13876148584871,1.0052136313683062,21.251305701719456,0.12067054082980143,-88.30658948461215,-1.1573229341274334,-1.3846980543481455,0.6295741068180681,43.15541380256485,0.2719344611720337,0.3794059401070081,0.00015748,0.7279423947543006,0.00081957,0,0.0
19577,0.5216140212539859,0.09472626270291037,-1.54e-06,1.9316863821678012,3.010182037802922,0.5763391562147294,1.0052136313683062,6.129480351107766,0.12067054082980143,-4.344090221871498,-1.1573229341274334,-52.04653836793448,0.6295741068180681,19.003947144327448,0.2719344611720337,-0.18352567952003918,0.00015748,0.18337724118219634,0.00081957,1,0.0
19578,0.32709007636919973,0.07418758236495662,-1.54e-06,1.9316863821678012,3.010182037802922,59.548964621609635,1.0052136313683062,22.3204680148025,0.12067054082980143,-99.41878711671949,-1.1573229341274334,25.402209624469858,0.6295741068180681,20.79431795053746,0.2719344611720337,0.3631942027865015,0.00015748,0.7988561110399458,0.00081957,0,0.0
19579,0.0005009686648174139,0.02930638740623346,-1.54e-06,1.9316863821678012,3.010182037802922,81.80286976064316,1.0052136313683062,16.87760887941353,0.12067054082980143,-59.6991795768117,-1.1573229341274334,12.799936461283785,0.6295741068180681,-15.612523030376918,0.2719344611720337,0.39140623569586275,0.00015748,0.6917278295748597,0.00081957,0,0.0
19580,0.16794585578694987,0.018885686878297326,-1.54e-06,1.9316863821678012,3.010182037802922,-26.812229851019506,1.0052136313683062,4.181148618263006,0.12067054082980143,-48.540255445496605,-1.1573229341274334,30.86341737148922,0.6295741068180681,38.98954218234071,0.2719344611720337,-0.09140561877869081,0.00015748,0.09158122671586723,0.00081957,1,0.0
19581,7.115054236184193e-05,0.25114355664718097,-1.54e-06,1.9316863821678012,3.010182037802922,48.29413133616718,1.0052136313683062,4.509889464096393,0.12067054082980143,-41.860526516217796,-1.1573229341274334,88.85607802594467,0.6295741068180681,-17.117923848853028,0.2719344611720337,0.3126962836710351,0.00015748,1.2576920603489952,0.00081957,0,0.0
19582,5.690142034997514e-05,0.052320147541436844,-1.54e-06,1.9316863821678012,3.010182037802922,68.04046646022798,1.0052136313683062,10.853158431286268,0.12067054082980143,-33.505099314404255,-1.1573229341274334,14.894882241076175,0.6295741068180681,-22.133449593446997,0.2719344611720337,0.4512513838796346,0.00015748,0.5608761808812124,0.00081957,0,0.0
19583,0.7217933540524378,0.10230471191831708,-1.54e-06,1.9316863821678012,3.010182037802922,-49.23015293425397,1.0052136313683062,1.057622957983897,0.12067054082980143,-16.352075593010106,-1.1573229341274334,-8.768603878078629,0.6295741068180681,49.983067239291685,0.2719344611720337,-0.05019795451412532,0.00015748,0.05029626387006136,0.00081957,1,0.0
19584,0.35412025163203187,0.04941490012499963,-1.54e-06,1.9316863821678012,3.010182037802922,-52.93942038619311,1.0052136313683062,-1.2051167591536796,0.12067054082980143,-32.94582741477221,-1.1573229341274334,38.50581223637905,0.6295741068180681,47.701167885504724,0.2719344611720337,-0.09987103226277032,0.00015748,0.10012874453751959,0.00081957,1,0.0
19585,0.5430229640630891,0.5162479750348223,-1.54e-06,1.9316863821678012,3.010182037802922,-44.975432728611246,1.0052136313683062,9.307013848872053,0.12067054082980143,-28.550446665994,-1.1573229341274334,1.6867578622579005,0.6295741068180681,38.53661568904547,0.2719344611720337,-0.4137173200787104,0.00015748,0.4153761347452508,0.00081957,1,0.0
19586,1.5149776090809342,0.3868251221887097,-1.54e-06,1.9316863821678012,3.010182037802922,-72.45894632264311,1.0052136313683062,6.411995427179931,0.12067054082980143,-29.87417538325234,-1.1573229341274334,-56.211064526839365,0.6295741068180681,92.11925403145419,0.2719344611720337,-0.11647499214346459,0.00015748,0.11648602394135533,0.00081957,1,0.0
19587,1.535559363492224,0.6707985478528202,-1.54e-06,1.9316863821678012,3.010182037802922,49.64487608718587,1.0052136313683062,28.856537696236767,0.12067054082980143,-79.66748892971087,-1.1573229341274334,-77.26655294593924,0.6295741068180681,52.69257111955726,0.2719344611720337,0.3339825696393551,0.00015748,0.9935308028199406,0.00081957,0,0.0
19588,-9.515037852558805e-05,0.528962414742409,-1.54e-06,1.9316863821678012,3.010182037802922,97.8766383667809,1.0052136313683062,20.968899895482952,0.12067054082980143,-32.37879805992989,-1.1573229341274334,32.69746539020493,0.6295741068180681,-55.803072373269444,0.2719344611720337,0.3444548777740337,0.00015748,1.4053931000281632,0.00081957,0,0.0
19589,0.29659985550537826,0.06436790894762251,-1.54e-06,1.9316863821678012,3.010182037802922,-41.24784097226532,1.0052136313683062,7.853766890887108,0.12067054082980143,-79.33448759743929,-1.1573229341274334,44.84234537896197,0.6295741068180681,63.05233424132265,0.2719344611720337,-0.17486596555547818,0.00015748,0.17524274126469974,0.00081957,1,0.0
19590,0.48633237159272497,0.03456463198343052,-1.54e-06,1.9316863821678012,3.010182037802922,-80.3480817627997,1.0052136313683062,5.395167603552233,0.12067054082980143,-97.5342256800039,-1.1573229341274334,78.43300832277792,0.6295741068180681,92.85751610477013,0.2719344611720337,-0.07938127198102726,0.00015748,0.07938604054985407,0.00081957,1,0.0
19591,0.33845655443259925,0.10565419017851832,-1.54e-06,1.9316863821678012,3.010182037802922,95.05715393064864,1.0052136313683062,21.941571640371063,0.12067054082980143,-54.9522243303273,-1.1573229341274334,-29.861435988392657,0.6295741068180681,-14.01043419435252,0.2719344611720337,0.3569508763862742,0.00015748,0.8382780974914036,0.00081957,0,0.0
19592,0.5735174324952044,0.19798305339082575,-1.54e-06,1.9316863821678012,3.010182037802922,98.13485385371379,1.0052136313683062,21.578948802095663,0.12067054082980143,-34.778844396006676,-1.1573229341274334,-63.34957804068402,0.6295741068180681,-16.83800974664131,0.2719344611720337,0.35462643666793636,0.00015748,0.8435128280924238,0.00081957,0,0.0
19593,0.01260859416086657,0.05388356968108041,-1.54e-06,1.9316863821678012,3.010182037802922,69.79810464726846,1.0052136313683062,11.313762094578555,0.12067054082980143,-32.107008512349495,-1.1573229341274334,10.40801994632277,0.6295741068180681,-23.226762488510158,0.2719344611720337,0.4610240436465623,0.00015748,0.5452482821824967,0.00081957,0,0.0
19594,0.21549814689108215,0.09994961868028668,-1.54e-06,1.9316863821678012,3.010182037802922,65.47935840892356,1.0052136313683062,12.238399712290049,0.12067054082980143,-29.128506849859413,-1.1573229341274334,-6.264227015589899,0.6295741068180681,-16.3826139758658,0.2719344611720337,0.46540271600218047,0.00015748,0.5369603893370409,0.00081957,0,0.0
19595,0.11164435762958136,0.04540213027573841,-1.54e-06,1.9316863821678012,3.010182037802922,21.65527919364712,1.0052136313683062,13.974319978817233,0.12067054082980143,-97.25205526863512,-1.1573229341274334,78.2710802248061,0.6295741068180681,28.91117924639697,0.2719344611720337,0.48047292912365,0.00015748,0.5207004864545848,0.00081957,0,0.0
19596,-5.487740641835215e-05,0.15678726792466624,-1.54e-06,1.9316863821678012,3.010182037802922,31.45330595558012,1.0052136313683062,5.866517869774434,0.12067054082980143,-30.150204749427086,-1.1573229341274334,32.71269165806748,0.6295741068180681,-6.675926458716452,0.2719344611720337,0.2547720915196331,0.00015748,0.4650626417883218,0.00081957,0,0.0
19597,0.4639557085122589,0.0764837887209707,-1.54e-06,1.9316863821678012,3.010182037802922,-25.97328139214455,1.0052136313683062,6.660674842271923,0.12067054082980143,-46.14533237189595,-1.1573229341274334,-0.53189249917644,0.6295741068180681,47.70899888356102,0.2719344611720337,-0.17672725101188455,0.00015748,0.1769325789868695,0.00081957,1,0.0
19598,0.0062674168805959,0.14452576352560192,-1.54e-06,1.9316863821678012,3.010182037802922,46.47595700150688,1.0052136313683062,7.082502595090357,0.12067054082980143,-0.03944117524416488,-1.1573229341274334,-34.23776056667724,0.6295741068180681,-20.95332529383477,0.2719344611720337,-0.016234046472349384,0.00015748,0.28037019114354855,0.00081957,1,0.0
19599,-0.00011778671587475698,0.16445119330731492,-1.54e-06,1.9316863821678012,3.010182037802922,-11.471378947590182,1.0052136313683062,3.5859045220148653,0.12067054082980143,-54.93533450159852,-1.1573229341274334,69.98410537491483,0.6295741068180681,24.588671869499297,0.2719344611720337,0.10948470666469677,0.00015748,0.34876895133706454,0.00081957,0,0.0
19600,0.02527972024380814,0.00022315692439381924,-1.54e-06,1.6678666942165532,5.531167055040017,-22.198573828583445,1.0052136313683062,4.218587987319578,0.12067054082980143,-34.71830362763422,-1.1573229341274334,28.08518661985884,0.6295741068180681,22.070496641586907,0.2719344611720337,-0.01017710565125491,0.00015748,0.010195897906886051,0.00081957,1,0.0
19601,0.0002015024653908848,0.050459049687908944,-1.54e-06,1.6678666942165532,5.531167055040017,40.35885829290042,1.0052136313683062,23.41527501586703,0.12067054082980143,-50.6383312048537,-1.1573229341274334,-92.75492129282785,0.6295741068180681,2.301104447856398,0.2719344611720337,-0.03292201048827062,0.00015748,0.11394323859599406,0.00081957,1,0.0
19602,0.06299009331049855,0.0004095230914710629,-1.54e-06,1.6678666942165532,5.531167055040017,-29.83178096835454,1.0052136313683062,1.3373281326669033,0.12067054082980143,-23.437320188433638,-1.1573229341274334,31.00500599884965,0.6295741068180681,24.242097695257627,0.2719344611720337,-0.006553092242909565,0.00015748,0.006552423178643804,0.00081957,1,0.0
19603,0.17451202685372497,0.0021815803805596,-1.54e-06,1.6678666942165532,5.531167055040017,-67.1458450682579,1.0052136313683062,11.67397738427218,0.12067054082980143,-62.36806562048096,-1.1573229341274334,-59.26997823902397,0.6295741068180681,67.76351837704324,0.2719344611720337,-0.03015529752700796,0.00015748,0.030144596394177287,0.00081957,1,0.0
19604,0.11225402390333158,0.0007784095516250951,-1.54e-06,1.6678666942165532,5.531167055040017,-70.7062685096417,1.0052136313683062,7.177817828933271,0.12067054082980143,-82.98209992517947,-1.1573229341274334,78.84208389521822,0.6295741068180681,64.8765926780972,0.2719344611720337,-0.012776206671385534,0.00015748,0.01278517040265816,0.00081957,1,0.0
19605,0.0014562061799539353,0.026863618141191817,-1.54e-06,1.6678666942165532,5.531167055040017,-21.624715158062042,1.0052136313683062,3.220774893893554,0.12067054082980143,-79.660566073228,-1.1573229341274334,92.21981015248168,0.6295741068180681,38.89346423495486,0.2719344611720337,-0.023783327798569745,0.00015748,0.06341606427386029,0.00081957,1,0.0
19606,0.0010100905414158895,0.00247415418689943,-1.54e-06,1.6678666942165532,5.531167055040017,-9.809601328519381,1.0052136313683062,9.337151897559488,0.12067054082980143,-35.712661313033855,-1.1573229341274334,-5.755260314062303,0.6295741068180681,14.954085550958698,0.2719344611720337,-0.02667763949553425,0.00015748,0.026769971887752105,0.00081957,1,0.0
19607,0.17202554524485208,0.05909960304319437,-1.54e-06,1.6678666942165532,5.531167055040017,-2.0191871141360465,1.0052136313683062,9.896776366664398,0.12067054082980143,-43.40114894572979,-1.1573229341274334,4.139895153890794,0.6295741068180681,31.007457124636314,0.2719344611720337,0.030871865524991923,0.00015748,0.08713435184640514,0.00081957,0,0.0
19608,0.00043796305999938,0.0808919587113615,-1.54e-06,1.6678666942165532,5.531167055040017,84.15221515753754,1.0052136313683062,27.827888548056006,0.12067054082980143,-33.60648072877334,-1.1573229341274334,-13.450655602507688,0.6295741068180681,-33.36262312117434,0.2719344611720337,0.017802581730402736,0.00015748,0.1343204380117134,0.00081957,0,0.0
19609,0.0008264814242034263,0.002323070306748258,-1.54e-06,1.6678666942165532,5.531167055040017,-5.977746905972668,1.0052136313683062,8.572155256921848,0.12067054082980143,-26.68410720763585,-1.1573229341274334,-6.189723783158637,0.6295741068180681,9.461382218192064,0.2719344611720337,-0.023923244084065542,0.00015748,0.023925905900527566,0.00081957,1,0.0
19610,0.16127369799574431,0.0013969065057972787,-1.54e-06,1.6678666942165532,5.531167055040017,-79.20247796492308,1.0052136313683062,9.715326902596349,0.12067054082980143,-81.7816664599172,-1.1573229341274334,28.556407355190935,0.6295741068180681,74.23799582640828,0.2719344611720337,-0.019646077037313307,0.00015748,0.019650163571121832,0.00081957,1,0.0
19611,0.15921051332411773,0.001560380193038061,-1.54e-06,1.6678666942165532,5.531167055040017,-85.93213529252651,1.0052136313683062,10.441150632080676,0.12067054082980143,-95.70132821292556,-1.1573229341274334,48.90732357559931,0.6295741068180681,81.2204260742353,0.2719344611720337,-0.021849840085601178,0.00015748,0.021863969045803826,0.00081957,1,0.0
19612,2.5889537094592185e-05,0.06377984946021459,-1.54e-06,1.6678666942165532,5.531167055040017,53.16756378149889,1.0052136313683062,26.555305044919734,0.12067054082980143,-54.52085142934732,-1.1573229341274334,-18.972987979722365,0.6295741068180681,-10.001164613277023,0.2719344611720337,-0.006895621887620662,0.00015748,0.11945928939924469,0.00081957,1,0.0
19613,0.00016919646159285762,0.08226925649767927,-1.54e-06,1.6678666942165532,5.531167055040017,70.53479741089222,1.0052136313683062,31.975446645466818,0.12067054082980143,-65.8299128561442,-1.1573229341274334,-93.44640789296636,0.6295741068180681,-7.066238953829523,0.2719344611720337,-0.023403731099196787,0.00015748,0.16461896293968775,0.00081957,1,0.0
19614,0.11050711339008591,0.0009722353262516911,-1.54e-06,1.6678666942165532,5.531167055040017,-71.78833082237992,1.0052136313683062,9.237633034432593,0.12067054082980143,-90.41932917298536,-1.1573229341274334,71.49906298383166,0.6295741068180681,67.99698269551725,0.2719344611720337,-0.019526582178280374,0.00015748,0.019528846676226185,0.00081957,1,0.0
19615,1.9974913057635435e-06,0.016475827662507717,-1.54e-06,1.6678666942165532,5.531167055040017,3.8363315169205046,1.0052136313683062,4.865990593228966,0.12067054082980143,-19.044326819136216,-1.1573229341274334,92.8812067455338,0.6295741068180681,-4.48286758579619,0.2719344611720337,-0.010737951698542919,0.00015748,0.038578197187266836,0.00081957,1,0.0
19616,0.24364113073297672,0.00558120907221687,-1.54e-06,1.6678666942165532,5.531167055040017,-85.65658444583379,1.0052136313683062,2.1022086895380236,0.12067054082980143,-37.99628379085105,-1.1573229341274334,-0.4812729417305609,0.6295741068180681,69.82849112370137,0.2719344611720337,-0.01600887298855389,0.00015748,0.016013899834321384,0.00081957,1,0.0
19617,0.09425575712729416,0.00043055462448917417,-1.54e-06,1.6678666942165532,5.531167055040017,-34.4672979105086,1.0052136313683062,4.174020496724917,0.12067054082980143,-25.406946065402714,-1.1573229341274334,-22.13951353705999,0.6295741068180681,32.4332297861618,0.2719344611720337,-0.008556006574420842,0.00015748,0.008565075663771106,0.00081957,1,0.0
19618,0.1687057680872461,0.005200354166665737,-1.54e-06,1.6678666942165532,5.531167055040017,-67.8782480150212,1.0052136313683062,-2.0935254067348246,0.12067054082980143,-31.24077977807813,-1.1573229341274334,60.465119559006126,0.6295741068180681,51.09441428372065,0.2719344611720337,-0.024846656369844487,0.00015748,0.024835611580078628,0.00081957,1,0.0
19619,4.5703765023247245e-05,0.029457044287125138,-1.54e-06,1.6678666942165532,5.531167055040017,2.631723940319613,1.0052136313683062,15.426220310765435,0.12067054082980143,-70.9616551042125,-1.1573229341274334,53.40407696935827,0.6295741068180681,18.674410128200286,0.2719344611720337,-0.01149413603384191,0.00015748,0.06597006685712076,0.00081957,1,0.0
19620,0.10234481941667053,0.0009313927735469661,-1.54e-06,1.6678666942165532,5.531167055040017,-57.01346325362966,1.0052136313683062,8.893757019075213,0.12067054082980143,-69.2751171449007,-1.1573229341274334,26.85184846319659,0.6295741068180681,55.51067321773669,0.2719344611720337,-0.02063321855966905,0.00015748,0.020643973461187105,0.00081957,1,0.0
19621,0.16877363411506235,0.0016544797744851342,-1.54e-06,1.6678666942165532,5.531167055040017,-47.367721099045355,1.0052136313683062,3.655247887448362,0.12067054082980143,-12.860562833103621,-1.1573229341274334,-67.34279503642159,0.6295741068180681,41.678259379664325,0.2719344611720337,-0.005524649040309036,0.00015748,0.005526190941582667,0.00081957,1,0.0
19622,0.0866837505348644,0.00043968997827490444,-1.54e-06,1.6678666942165532,5.531167055040017,-45.20926180998143,1.0052136313683062,3.6180213180590854,0.12067054082980143,-44.04187430458168,-1.1573229341274334,39.45308428854107,0.6295741068180681,39.89361581630352,0.2719344611720337,-0.005546138842112279,0.00015748,0.005545880756070523,0.00081957,1,0.0
19623,0.22390676291541828,0.002667739939912852,-1.54e-06,1.6678666942165532,5.531167055040017,-75.09390875392133,1.0052136313683062,11.583191299300704,0.12067054082980143,-53.88826195793695,-1.1573229341274334,-94.95448762999564,0.6295741068180681,73.93960109380897,0.2719344611720337,-0.028114266770208673,0.00015748,0.02812079417652478,0.00081957,1,0.0
19624,0.2813912779869062,0.005000552239320705,-1.54e-06,1.6678666942165532,5.531167055040017,-88.63612794331064,1.0052136313683062,5.317631773856272,0.12067054082980143,-35.49061207334297,-1.1573229341274334,-72.13688092937923,0.6295741068180681,77.11035199986019,0.2719344611720337,-0.007036649132837034,0.00015748,0.007042999445010812,0.00081957,1,0.0
19625,0.07737652931474678,0.000561499210335307,-1.54e-06,1.6678666942165532,5.531167055040017,-29.275181625465216,1.0052136313683062,5.828135942389898,0.12067054082980143,-28.590018557455938,-1.1573229341274334,-34.18544749734014,0.6295741068180681,30.584175732634613,0.2719344611720337,-0.01617757890441552,0.00015748,0.016175922557114482,0.00081957,1,0.0
19626,0.17459404844682827,0.0015907368835410896,-1.54e-06,1.6678666942165532,5.531167055040017,-65.50256129656168,1.0052136313683062,5.740355563947421,0.12067054082980143,-44.91626054033797,-1.1573229341274334,-20.710909718922863,0.6295741068180681,59.2531958074396,0.2719344611720337,-0.009009386722042562,0.00015748,0.00902621475939613,0.00081957,1,0.0
19627,0.0054323599420387034,9.420779620777037e-05,-1.54e-06,1.6678666942165532,5.531167055040017,-25.944683054314183,1.0052136313683062,1.3647156727428615,0.12067054082980143,-41.68675900101296,-1.1573229341274334,95.47605538207257,0.6295741068180681,21.209455519890422,0.2719344611720337,-0.005646719206638684,0.00015748,0.005651334185452924,0.00081957,1,0.0
19628,0.20425895599778449,0.0020730851239090034,-1.54e-06,1.6678666942165532,5.531167055040017,-73.24043416800886,1.0052136313683062,9.071010329711015,0.12067054082980143,-53.47728180330949,-1.1573229341274334,-60.49337468892265,0.6295741068180681,70.15753491909011,0.2719344611720337,-0.020325996023637726,0.00015748,0.020325289364921496,0.00081957,1,0.0
19629,0.0038594715399101753,0.08501705041105942,-1.54e-06,1.6678666942165532,5.531167055040017,41.91180781977623,1.0052136313683062,25.414467857419282,0.12067054082980143,-98.38841714278456,-1.1573229341274334,-80.48817306345956,0.6295741068180681,25.301727421292288,0.2719344611720337,-0.04995828420064741,0.00015748,0.18023798793662932,0.00081957,1,0.0
19630,0.20605145816208192,0.0077917331231112195,-1.54e-06,1.6678666942165532,5.531167055040017,-76.9425130632064,1.0052136313683062,-3.1149636559592553,0.12067054082980143,-27.497613199330974,-1.1573229341274334,51.97211729430746,0.6295741068180681,57.27219611895621,0.2719344611720337,-0.03022027647104227,0.00015748,0.03025663247520614,0.00081957,1,0.0
19631,4.0348767642334193e-05,0.011704639641824905,-1.54e-06,1.6678666942165532,5.531167055040017,19.46729716743248,1.0052136313683062,14.074090824487897,0.12067054082980143,-1e-20,-1.1573229341274334,-95.46746509316587,0.6295741068180681,-9.817797146644125,0.2719344611720337,-0.03842378809726833,0.00015748,0.04409703294464802,0.00081957,1,0.0
19632,0.00035944279896513165,0.05346016628877086,-1.54e-06,1.6678666942165532,5.531167055040017,20.983997042037743,1.0052136313683062,25.049029536731606,0.12067054082980143,-91.72602731582661,-1.1573229341274334,56.16454411442663,0.6295741068180681,14.97625492349479,0.2719344611720337,-0.01206683549258547,0.00015748,0.10768520066579813,0.00081957,1,0.0
19633,0.02000848245960161,3.757149097054564e-05,-1.54e-06,1.6678666942165532,5.531167055040017,-18.682675651312987,1.0052136313683062,1.8719501339484863,0.12067054082980143,-25.733703182536797,-1.1573229341274334,36.5684063911966,0.6295741068180681,16.796439603127915,0.2719344611720337,-0.003238942190702726,0.00015748,0.0032434687706008004,0.00081957,1,0.0
19634,0.06379418287141607,0.0026521151871627454,-1.54e-06,1.6678666942165532,5.531167055040017,-21.859454899099404,1.0052136313683062,10.089676810256153,0.12067054082980143,-33.55999927304392,-1.1573229341274334,-81.66287599944839,0.6295741068180681,30.420143530053295,0.2719344611720337,-0.035129984282583376,0.00015748,0.03513912759482349,0.00081957,1,0.0
19635,0.13361851993266696,0.002489997083693622,-1.54e-06,1.6678666942165532,5.531167055040017,-58.43795733307954,1.0052136313683062,12.112944491625251,0.12067054082980143,-67.42225467524904,-1.1573229341274334,-45.65209618601406,0.6295741068180681,62.11799027747724,0.2719344611720337,-0.03501401762791213,0.00015748,0.0350241014900772,0.00081957,1,0.0
19636,0.16083551604532426,0.004366917238830765,-1.54e-06,1.6678666942165532,5.531167055040017,-65.03973755510728,1.0052136313683062,-1.894147732754895,0.12067054082980143,-31.46700174987123,-1.1573229341274334,50.07554969074669,0.6295741068180681,50.401622380409414,0.2719344611720337,-0.01998614809596885,0.00015748,0.01999820775670066,0.00081957,1,0.0
19637,0.00018479102598437103,0.0124274759610549,-1.54e-06,1.6678666942165532,5.531167055040017,4.934964711734138,1.0052136313683062,13.770953356639085,0.12067054082980143,-33.63948556427323,-1.1573229341274334,-56.407073643833996,0.6295741068180681,9.852334226384283,0.2719344611720337,-0.0346067678002687,0.00015748,0.048814540484445286,0.00081957,1,0.0
19638,6.050876066421296e-05,0.06130567162859268,-1.54e-06,1.6678666942165532,5.531167055040017,39.76839272974345,1.0052136313683062,27.42933388029126,0.12067054082980143,-75.58587719886063,-1.1573229341274334,-30.109978841121436,0.6295741068180681,6.2861073680430755,0.2719344611720337,-0.02317213075071837,0.00015748,0.12714201511667084,0.00081957,1,0.0
19639,0.18787609804536082,0.0018186365718945929,-1.54e-06,1.6678666942165532,5.531167055040017,-79.66506087572087,1.0052136313683062,7.257658271152174,0.12067054082980143,-65.2490334294726,-1.1573229341274334,10.730985989438969,0.6295741068180681,71.80434915863583,0.2719344611720337,-0.011672548611197046,0.00015748,0.011673740820275964,0.00081957,1,0.0
19640,0.08356931305699511,0.001612304139686086,-1.54e-06,1.6678666942165532,5.531167055040017,-31.07027633412582,1.0052136313683062,8.432871460024689,0.12067054082980143,-36.165726602676855,-1.1573229341274334,-63.13328304523905,0.6295741068180681,36.39896430971167,0.2719344611720337,-0.028210433509381388,0.00015748,0.02820147802498937,0.00081957,1,0.0
19641,0.2352137981194716,0.0036178179371292563,-1.54e-06,1.6678666942165532,5.531167055040017,-94.41830761759876,1.0052136313683062,14.997269625840374,0.12067054082980143,-88.66000862700146,-1.1573229341274334,-59.906762604229705,0.6295741068180681,93.84036802484927,0.2719344611720337,-0.03754247556533817,0.00015748,0.037539105825030325,0.00081957,1,0.0
19642,-3.1646480184825687e-06,0.01082039702359613,-1.54e-06,1.6678666942165532,5.531167055040017,10.219278700765628,1.0052136313683062,2.8938408867514496,0.12067054082980143,-0.4354755481590534,-1.1573229341274334,33.77258364555431,0.6295741068180681,-9.129019993989953,0.2719344611720337,-0.0051309019814984,0.00015748,0.024546382801617177,0.00081957,1,0.0
19643,0.00017500747467411037,0.022509108237661276,-1.54e-06,1.6678666942165532,5.531167055040017,-14.1096322748375,1.0052136313683062,19.15157395672314,0.12067054082980143,-88.87970579445464,-1.1573229341274334,30.59506131821172,0.6295741068180681,32.89011076280062,0.2719344611720337,-0.038019903516927925,0.00015748,0.06852212560852748,0.00081957,1,0.0
19644,0.11829542997674884,0.0008250606628766725,-1.54e-06,1.6678666942165532,5.531167055040017,-73.95341292408288,1.0052136313683062,6.7617757130114295,0.12067054082980143,-83.91377938953953,-1.1573229341274334,92.87587968733264,0.6295741068180681,66.00645811644567,0.2719344611720337,-0.011074772176801176,0.00015748,0.011088932484387986,0.00081957,1,0.0
19645,0.001137674385371254,0.02898228937690226,-1.54e-06,1.6678666942165532,5.531167055040017,-7.525983921962021,1.0052136313683062,12.009778130335043,0.12067054082980143,-82.9221575125607,-1.1573229341274334,93.44991862754955,0.6295741068180681,27.841338703894248,0.2719344611720337,-0.005913480511303439,0.00015748,0.06224760491666423,0.00081957,1,0.0
19646,0.00010783903548886031,0.01715577539571981,-1.54e-06,1.6678666942165532,5.531167055040017,-8.664144687063844,1.0052136313683062,23.17347242950217,0.12067054082980143,-65.58537620995007,-1.1573229341274334,-76.02684558242652,0.6295741068180681,25.201209613921357,0.2719344611720337,-0.06883654995209139,0.00015748,0.06987764017186616,0.00081957,1,0.0
19647,0.00010043057508440922,0.02420087088395768,-1.54e-06,1.6678666942165532,5.531167055040017,27.908026330117767,1.0052136313683062,16.771620567003918,0.12067054082980143,-10.997453322761707,-1.1573229341274334,-79.50205112035381,0.6295741068180681,-10.607846708855213,0.2719344611720337,-0.02967663872735441,0.00015748,0.05994654679735583,0.00081957,1,0.0
19648,0.0004731552383637344,0.07589520250463046,-1.54e-06,1.6678666942165532,5.531167055040017,55.68892023939097,1.0052136313683062,2.8658840153361984,0.12067054082980143,-32.64041021317098,-1.1573229341274334,43.6132869064473,0.6295741068180681,-7.321914927820213,0.2719344611720337,0.00392124148358991,0.00015748,0.1374366256685454,0.00081957,0,0.0
19649,0.24687696783497348,0.007947098487289153,-1.54e-06,1.6678666942165532,5.531167055040017,-90.79810045783876,1.0052136313683062,-0.002400755597617557,0.12067054082980143,-38.97871654896268,-1.1573229341274334,37.987661451741474,0.6295741068180681,70.46984736774886,0.2719344611720337,-0.026897006503250533,0.00015748,0.02694875569069724,0.00081957,1,0.0
19650,0.017765399522108587,6.95954072421052e-05,-1.54e-06,1.6678666942165532,5.531167055040017,-2.8760358795488172,1.0052136313683062,1.6004055672742492,0.12067054082980143,-1.168022120147611,-1.1573229341274334,-26.31290527705377,0.6295741068180681,4.385650900980116,0.2719344611720337,-0.005772305988608867,0.00015748,0.0057739913947707795,0.00081957,1,0.0
19651,0.015213262479425976,8.056652275435837e-05,-1.54e-06,1.6678666942165532,5.531167055040017,-14.291299473032959,1.0052136313683062,0.49190441522865036,0.12067054082980143,-18.19582593090605,-1.1573229341274334,27.829803250158783,0.6295741068180681,12.897293665633821,0.2719344611720337,-0.0012583982313221288,0.00015748,0.0012716165455083069,0.00081957,1,0.0
19652,0.1457423853453222,0.001089664731943603,-1.54e-06,1.6678666942165532,5.531167055040017,-45.60127356766413,1.0052136313683062,6.8478682690538095,0.12067054082980143,-28.330957922145913,-1.1573229341274334,-71.87373507983652,0.6295741068180681,44.97754969760228,0.2719344611720337,-0.016874558980181052,0.00015748,0.016877360951779316,0.00081957,1,0.0
19653,0.2146176775037496,0.002307433662788999,-1.54e-06,1.6678666942165532,5.531167055040017,-79.37555919229054,1.0052136313683062,10.385910195220774,0.12067054082980143,-61.79758972479252,-1.1573229341274334,-56.63587360580861,0.6295741068180681,76.12167428681498,0.2719344611720337,-0.023181719191270198,0.00015748,0.023179613366045182,0.00081957,1,0.0
19654,0.1289388061360786,0.0035702487636507844,-1.54e-06,1.6678666942165532,5.531167055040017,-66.71786617586905,1.0052136313683062,14.880944172287476,0.12067054082980143,-88.92888765678941,-1.1573229341274334,-21.034271594728757,0.6295741068180681,71.23991448154459,0.2719344611720337,-0.04216867970543281,0.00015748,0.042167233660663744,0.00081957,1,0.0
19655,0.1341772136693917,0.001193130364906931,-1.54e-06,1.6678666942165532,5.531167055040017,-36.00448383437871,1.0052136313683062,7.743170096402214,0.12067054082980143,-19.47346967359767,-1.1573229341274334,-94.92103924079409,0.6295741068180681,37.34748924762652,0.2719344611720337,-0.020374966756130222,0.00015748,0.020433901795296777,0.00081957,1,0.0
19656,0.1897082290829451,0.002790091397068701,-1.54e-06,1.6678666942165532,5.531167055040017,-88.45947315643421,1.0052136313683062,13.761009729439596,0.12067054082980143,-95.43482533140961,-1.1573229341274334,-11.853319960307603,0.6295741068180681,87.73178696187487,0.2719344611720337,-0.03435276092289251,0.00015748,0.03436455890665194,0.00081957,1,0.0
19657,0.0612040203986151,0.006349936194963542,-1.54e-06,1.6678666942165532,5.531167055040017,-29.684169010824615,1.0052136313683062,14.792937105829896,0.12067054082980143,-59.31631080810014,-1.1573229341274334,-86.13000686104152,0.6295741068180681,43.03504402440251,0.2719344611720337,-0.052743524170285064,0.00015748,0.052736151937980355,0.00081957,1,0.0
19658,0.0011120945757965295,0.05527929357950747,-1.54e-06,1.6678666942165532,5.531167055040017,16.856685392448487,1.0052136313683062,27.013709949966522,0.12067054082980143,-98.18401530659006,-1.1573229341274334,82.81961671732306,0.6295741068180681,15.505647364571644,0.2719344611720337,-0.013685398599172803,0.00015748,0.1074626954272396,0.00081957,1,0.0
19659,0.10977166685683609,0.0013094316182112123,-1.54e-06,1.6678666942165532,5.531167055040017,-41.39620963464659,1.0052136313683062,8.870655792662573,0.12067054082980143,-41.79063810100178,-1.1573229341274334,-53.13368843723543,0.6295741068180681,43.92854787574075,0.2719344611720337,-0.025102174412374556,0.00015748,0.025099023200433737,0.00081957,1,0.0
19660,0.10099740390837886,0.001497918686194513,-1.54e-06,1.6678666942165532,5.531167055040017,-60.51286842520603,1.0052136313683062,5.478834424656888,0.12067054082980143,-70.23897442857253,-1.1573229341274334,38.52878252299824,0.6295741068180681,59.03524101668144,0.2719344611720337,-0.017153033714594205,0.00015748,0.01718023219551502,0.00081957,1,0.0
19661,0.00030131977721049863,0.014766834104537784,-1.54e-06,1.6678666942165532,5.531167055040017,5.187064262513862,1.0052136313683062,11.710300299916533,0.12067054082980143,-26.71537149165923,-1.1573229341274334,19.77041018037471,0.6295741068180681,0.3024458662882842,0.2719344611720337,-0.021731970351999384,0.00015748,0.04111879566910883,0.00081957,1,0.0
19662,0.08328496502056229,0.0006980526904904347,-1.54e-06,1.6678666942165532,5.531167055040017,-56.65367460722219,1.0052136313683062,7.002923953739547,0.12067054082980143,-72.97608049611037,-1.1573229341274334,57.83936356891025,0.6295741068180681,54.30877727828395,0.2719344611720337,-0.015767760919008618,0.00015748,0.01576302090391233,0.00081957,1,0.0
19663,-4.953237428764745e-05,0.04360744044811694,-1.54e-06,1.6678666942165532,5.531167055040017,30.10121955460478,1.0052136313683062,17.661700888138117,0.12067054082980143,-52.50425369207219,-1.1573229341274334,24.286683525401994,0.6295741068180681,0.3294172851056738,0.2719344611720337,0.0004317792497175177,0.00015748,0.08359269284483133,0.00081957,0,0.0
19664,4.068890057187802e-05,0.022762401942730378,-1.54e-06,1.6678666942165532,5.531167055040017,29.732893104280446,1.0052136313683062,13.28456654605079,0.12067054082980143,-9.485306429036664,-1.1573229341274334,-87.5074980105966,0.6295741068180681,-8.05611875376726,0.2719344611720337,-0.020731223894392,0.00015748,0.057876375290199386,0.00081957,1,0.0
19665,0.03554326971153125,0.0040746869558367475,-1.54e-06,1.6678666942165532,5.531167055040017,-14.803633897201866,1.0052136313683062,11.521859231477329,0.12067054082980143,-37.50202014885809,-1.1573229341274334,-78.44733074232784,0.6295741068180681,26.00567849094024,0.2719344611720337,-0.040983551286716616,0.00015748,0.04102224533204547,0.00081957,1,0.0
19666,0.19156457998908932,0.001807675500121017,-1.54e-06,1.6678666942165532,5.531167055040017,-78.76179530771351,1.0052136313683062,9.39551396727762,0.12067054082980143,-67.75662258495002,-1.1573229341274334,-15.995716087814252,0.6295741068180681,73.92207851841245,0.2719344611720337,-0.019036759172426403,0.00015748,0.019042357688153887,0.00081957,1,0.0
19667,2.7782777100637812e-05,0.07239591267946928,-1.54e-06,1.6678666942165532,5.531167055040017,46.37230169391132,1.0052136313683062,29.8568453899752,0.12067054082980143,-88.77979086379345,-1.1573229341274334,-23.926695166899133,0.6295741068180681,8.516777831664387,0.2719344611720337,-0.021820486299517536,0.00015748,0.14824979693757762,0.00081957,1,0.0
19668,0.00010711230299728647,0.021984118703176257,-1.54e-06,1.6678666942165532,5.531167055040017,-12.849501746700582,1.0052136313683062,17.93193952959312,0.12067054082980143,-82.3103789413052,-1.1573229341274334,67.41752935668482,0.6295741068180681,26.322871623008492,0.2719344611720337,-0.027391635516011276,0.00015748,0.05981779051616486,0.00081957,1,0.0
19669,0.1848447877050048,0.0017364142088795035,-1.54e-06,1.6678666942165532,5.531167055040017,-67.18043912759863,1.0052136313683062,9.083462521065059,0.12067054082980143,-51.723872706737616,-1.1573229341274334,-54.96775146771524,0.6295741068180681,64.83550585058177,0.2719344611720337,-0.020774982340089287,0.00015748,0.020782822176280913,0.00081957,1,0.0
19670,-1.0824441408374685e-05,0.011511313036792377,-1.54e-06,1.6678666942165532,5.531167055040017,-2.322897357663316,1.0052136313683062,13.604646053172457,0.12067054082980143,-41.84072939176171,-1.1573229341274334,-7.206245045363069,0.6295741068180681,11.994973541040347,0.2719344611720337,-0.029844598997767115,0.00015748,0.042999848048484696,0.00081957,1,0.0
19671,0.005250774787202955,0.007438705999711351,-1.54e-06,1.6678666942165532,5.531167055040017,-22.961898556955394,1.0052136313683062,16.15412931493392,0.12067054082980143,-72.85062741749161,-1.1573229341274334,-18.591285136565503,0.6295741068180681,35.102703776563594,0.2719344611720337,-0.05101658009277014,0.00015748,0.0511082994202482,0.00081957,1,0.0
19672,0.11524369873317497,0.0020740457838063784,-1.54e-06,1.6678666942165532,5.531167055040017,-63.301754916009436,1.0052136313683062,12.09473371185972,0.12067054082980143,-82.19025939274712,-1.1573229341274334,6.934153038225028,0.6295741068180681,64.91739145557332,0.2719344611720337,-0.03198945969907056,0.00015748,0.03201564865488056,0.00081957,1,0.0
19673,3.049175228951595e-05,0.029598833769562512,-1.54e-06,1.6678666942165532,5.531167055040017,13.612528974795573,1.0052136313683062,12.322989295689306,0.12067054082980143,-46.81120959540022,-1.1573229341274334,-64.3355661150546,0.6295741068180681,16.32722212853738,0.2719344611720337,-0.03662735797264734,0.00015748,0.08204915410857286,0.00081957,1,0.0
19674,0.041655126233871465,0.00019997635646800744,-1.54e-06,1.6678666942165532,5.531167055040017,-21.005784119235383,1.0052136313683062,3.252997733345319,0.12067054082980143,-22.478887421601367,-1.1573229341274334,16.68203944121753,0.6295741068180681,18.494890678431158,0.2719344611720337,-0.0076583345443513254,0.00015748,0.0076661052936808135,0.00081957,1,0.0
19675,0.10967723958354414,0.0019441012947869056,-1.54e-06,1.6678666942165532,5.531167055040017,-52.0177191053423,1.0052136313683062,11.2105798306074,0.12067054082980143,-64.39515176498118,-1.1573229341274334,-25.39980841421592,0.6295741068180681,54.93307484750768,0.2719344611720337,-0.031159583485512756,0.00015748,0.031159069180203048,0.00081957,1,0.0
19676,0.02157540145188802,0.00831098766311841,-1.54e-06,1.6678666942165532,5.531167055040017,-17.444404496072632,1.0052136313683062,15.963445841970179,0.12067054082980143,-58.46864311572738,-1.1573229341274334,-79.77186597497926,0.6295741068180681,33.15409723145232,0.2719344611720337,-0.056575548293498076,0.00015748,0.056607074947915254,0.00081957,1,0.0
19677,0.0003922544580224757,0.024610242371300467,-1.54e-06,1.6678666942165532,5.531167055040017,14.317663239820028,1.0052136313683062,3.9910077219507882,0.12067054082980143,-24.744738322648058,-1.1573229341274334,-10.589715306354243,0.6295741068180681,6.306596943875868,0.2719344611720337,-0.012488999456131564,0.00015748,0.057245561542465614,0.00081957,1,0.0
19678,0.01750920516361472,0.002261984502638935,-1.54e-06,1.6678666942165532,5.531167055040017,-23.570718620437166,1.0052136313683062,9.023788228359722,0.12067054082980143,-53.04244226424884,-1.1573229341274334,0.1765225270984222,0.6295741068180681,30.232264276644564,0.2719344611720337,-0.030134801193767838,0.00015748,0.03016368054152188,0.00081957,1,0.0
19679,0.08472688127513062,0.0004689596915414573,-1.54e-06,1.6678666942165532,5.531167055040017,-35.65070140901347,1.0052136313683062,5.737454125328531,0.12067054082980143,-35.03322421755733,-1.1573229341274334,-14.10562611857188,0.6295741068180681,34.99395045986203,0.2719344611720337,-0.01363780844045246,0.00015748,0.013641560865435186,0.00081957,1,0.0
19680,0.09665116728743364,0.0004915672687042147,-1.54e-06,1.6678666942165532,5.531167055040017,-42.33362976746401,1.0052136313683062,5.570729531853017,0.12067054082980143,-40.198480207296456,-1.1573229341274334,-1.93659549476108,0.6295741068180681,40.08322048320556,0.2719344611720337,-0.011766282590604978,0.00015748,0.011771047906114072,0.00081957,1,0.0
19681,0.209451045315046,0.0028727018033019324,-1.54e-06,1.6678666942165532,5.531167055040017,-77.46539011543379,1.0052136313683062,4.290754384238161,0.12067054082980143,-46.682389084528644,-1.1573229341274334,-19.54645751924332,0.6295741068180681,68.61270287749521,0.2719344611720337,-0.0034369900441665723,0.00015748,0.0034335952333130314,0.00081957,1,0.0
19682,0.209765869142678,0.00271810206707325,-1.54e-06,1.6678666942165532,5.531167055040017,-76.12493123489027,1.0052136313683062,4.837562053473974,0.12067054082980143,-44.849736159409105,-1.1573229341274334,-21.170516718386285,0.6295741068180681,66.85469798292984,0.2719344611720337,-0.005736727449729372,0.00015748,0.005726768302712973,0.00081957,1,0.0
19683,0.00013515687260705345,0.008845944934915626,-1.54e-06,1.6678666942165532,5.531167055040017,1.4355198047038455,1.0052136313683062,8.968714073550956,0.12067054082980143,-21.274047515584027,-1.1573229341274334,18.552601149987165,0.6295741068180681,1.1660226505833662,0.2719344611720337,-0.019968992154766378,0.00015748,0.03091214155995048,0.00081957,1,0.0
19684,0.00019923221342318942,0.02252832990561979,-1.54e-06,1.6678666942165532,5.531167055040017,12.209241284429204,1.0052136313683062,19.8723729478899,0.12067054082980143,-34.368575321088535,-1.1573229341274334,-57.59116254744448,0.6295741068180681,2.388515091451811,0.2719344611720337,-0.044531792818859474,0.00015748,0.06382164593665765,0.00081957,1,0.0
19685,9.030667821785521e-05,0.03130430648507025,-1.54e-06,1.6678666942165532,5.531167055040017,7.348426187402133,1.0052136313683062,24.865502095388898,0.12067054082980143,-66.1220478449751,-1.1573229341274334,-79.5868664893847,0.6295741068180681,19.026077514197347,0.2719344611720337,-0.058258146618441226,0.00015748,0.08823067693369246,0.00081957,1,0.0
19686,0.19517685204608357,0.0063833366624605386,-1.54e-06,1.6678666942165532,5.531167055040017,-70.76195722879474,1.0052136313683062,-2.6670467489716914,0.12067054082980143,-23.83474324404933,-1.1573229341274334,33.77382445639728,0.6295741068180681,53.61190666100978,0.2719344611720337,-0.025245370213108416,0.00015748,0.02524075916340228,0.00081957,1,0.0
19687,5.972901115702811e-06,0.06628025342622229,-1.54e-06,1.6678666942165532,5.531167055040017,66.78383149474317,1.0052136313683062,23.733948005414266,0.12067054082980143,-40.562374264276066,-1.1573229341274334,-79.12291761618162,0.6295741068180681,-13.595391969111596,0.2719344611720337,-0.009128137855241115,0.00015748,0.13324597467644242,0.00081957,1,0.0
19688,0.0003666838698372088,0.05583955553291325,-1.54e-06,1.6678666942165532,5.531167055040017,41.45204056308085,1.0052136313683062,21.858789314790773,0.12067054082980143,-52.23982005948794,-1.1573229341274334,52.126859487563365,0.6295741068180681,-10.12216256673955,0.2719344611720337,0.006562907564383651,0.00015748,0.09594126811060219,0.00081957,0,0.0
19689,0.00041693291659627985,0.05935529395113274,-1.54e-06,1.6678666942165532,5.531167055040017,51.91490174304947,1.0052136313683062,19.077494309084983,0.12067054082980143,-50.45329979997763,-1.1573229341274334,-4.984280979286212,0.6295741068180681,-6.326082321732769,0.2719344611720337,0.0049802467918567475,0.00015748,0.11491558000376043,0.00081957,0,0.0
19690,0.7573749196784875,0.2662878549742854,-1.54e-06,1.6678666942165532,5.531167055040017,62.98804018610152,1.0052136313683062,40.23508695804504,0.12067054082980143,-81.92500606779791,-1.1573229341274334,49.078763675225936,0.6295741068180681,52.9039653869027,0.2719344611720337,0.24412998929023905,0.00015748,0.32012452623655646,0.00081957,0,0.0
19691,0.018897447300774514,0.0005792098505124124,-1.54e-06,1.6678666942165532,5.531167055040017,-26.27262444631114,1.0052136313683062,-1.3847226706661884,0.12067054082980143,-30.244514848975065,-1.1573229341274334,93.55247942880561,0.6295741068180681,18.99450006124255,0.2719344611720337,-0.011960970911223702,0.00015748,0.011979854989271854,0.00081957,1,0.0
19692,0.22301880742156108,0.0033785257300542764,-1.54e-06,1.6678666942165532,5.531167055040017,-88.30078228441387,1.0052136313683062,13.990664918752465,0.12067054082980143,-82.08438879276763,-1.1573229341274334,-64.94203443209979,0.6295741068180681,88.50401519807431,0.2719344611720337,-0.03635144894975753,0.00015748,0.03635915391754821,0.00081957,1,0.0
19693,0.006060885360301332,0.005524831059563121,-1.54e-06,1.6678666942165532,5.531167055040017,-24.895043374560263,1.0052136313683062,14.716625841996995,0.12067054082980143,-70.9807300950605,-1.1573229341274334,7.70826620542089,0.6295741068180681,33.49322172227345,0.2719344611720337,-0.04323726357808483,0.00015748,0.04323986854372096,0.00081957,1,0.0
19694,0.20031022692018172,0.0019215248763161503,-1.54e-06,1.6678666942165532,5.531167055040017,-58.32651612585481,1.0052136313683062,7.038058736884081,0.12067054082980143,-26.018558107029115,-1.1573229341274334,-97.80863486957271,0.6295741068180681,55.36858340468183,0.2719344611720337,-0.015057625410063759,0.00015748,0.0150721072235213,0.00081957,1,0.0
19695,0.18074489826387566,0.013404049928194672,-1.54e-06,1.6678666942165532,5.531167055040017,-65.20455027939317,1.0052136313683062,19.036320246917388,0.12067054082980143,-61.4843899288779,-1.1573229341274334,-6.805458807365506,0.6295741068180681,55.26674763412021,0.2719344611720337,-0.05582354665548847,0.00015748,0.055887818891407454,0.00081957,1,0.0
19696,0.13837096044555858,0.0011417001700448992,-1.54e-06,1.6678666942165532,5.531167055040017,-49.18455722242765,1.0052136313683062,8.061269381051511,0.12067054082980143,-40.0066003643486,-1.1573229341274334,-54.39748796283684,0.6295741068180681,49.03740053780109,0.2719344611720337,-0.02023630138736425,0.00015748,0.020240388297502118,0.00081957,1,0.0
19697,0.03167438744672591,0.00021072306576136855,-1.54e-06,1.6678666942165532,5.531167055040017,-27.38406686838401,1.0052136313683062,4.6113260042844955,0.12067054082980143,-40.631925821989824,-1.1573229341274334,42.991895004678426,0.6295741068180681,25.779684997982724,0.2719344611720337,-0.010087546410916162,0.00015748,0.01009131164863327,0.00081957,1,0.0
19698,0.0003408317110371595,0.0744186474090184,-1.54e-06,1.6678666942165532,5.531167055040017,80.76069103036171,1.0052136313683062,26.196712978858034,0.12067054082980143,-34.09842619119821,-1.1573229341274334,-96.8562839712612,0.6295741068180681,-22.210552082420012,0.2719344611720337,-0.005239070638027574,0.00015748,0.14499095827021985,0.00081957,1,0.0
19699,0.028570037228347167,0.0008255627905268952,-1.54e-06,1.6678666942165532,5.531167055040017,-25.633510248832604,1.0052136313683062,6.93897654384789,0.12067054082980143,-45.288298728128645,-1.1573229341274334,19.85141712522676,0.6295741068180681,27.637335111343678,0.2719344611720337,-0.01875718835866482,0.00015748,0.018803969991771023,0.00081957,1,0.0
19700,0.00023796689213223532,0.008039992455517888,-1.54e-06,3.5650423254874415,4.237187022381605,6.521169868499468,1.0052136313683062,3.5945181590413826,0.12067054082980143,-15.633342427752721,-1.1573229341274334,4.127827140251832,0.6295741068180681,0.03067977234600862,0.2719344611720337,-0.023861843013848968,0.00015748,0.03345723843214815,0.00081957,1,0.0
19701,0.280639508483122,0.01929479492617479,-1.54e-06,3.5650423254874415,4.237187022381605,-18.753643085186795,1.0052136313683062,9.192894594093097,0.12067054082980143,-22.79671325166578,-1.1573229341274334,-85.22834586359733,0.6295741068180681,33.70723844884474,0.2719344611720337,-0.06192073849657327,0.00015748,0.0618596321295682,0.00081957,1,0.0
19702,0.13423688119456775,0.002256425533212642,-1.54e-06,3.5650423254874415,4.237187022381605,-76.24113411020306,1.0052136313683062,-1.148369786694464,0.12067054082980143,-18.590928324712465,-1.1573229341274334,23.63170931441239,0.6295741068180681,44.67554754365761,0.2719344611720337,-0.01014781146853363,0.00015748,0.010183992390623358,0.00081957,1,0.0
19703,0.12654589977015546,0.017297041143247562,-1.54e-06,3.5650423254874415,4.237187022381605,74.54091275176845,1.0052136313683062,10.225225834213294,0.12067054082980143,-94.8241684622583,-1.1573229341274334,-29.594103243930633,0.6295741068180681,49.59922840022066,0.2719344611720337,-0.0869309190443837,0.00015748,0.08712855711358423,0.00081957,1,0.0
19704,0.15651948342480587,0.005859441727826331,-1.54e-06,3.5650423254874415,4.237187022381605,30.434925375690586,1.0052136313683062,8.806553075691825,0.12067054082980143,-50.865065869595426,-1.1573229341274334,-48.61801239702984,0.6295741068180681,31.474371304758602,0.2719344611720337,-0.049566763504919405,0.00015748,0.049599905937455176,0.00081957,1,0.0
19705,0.298118589678372,0.01532191485378787,-1.54e-06,3.5650423254874415,4.237187022381605,46.30917696484224,1.0052136313683062,8.39543865797465,0.12067054082980143,-54.52811269685565,-1.1573229341274334,-97.11203894058606,0.6295741068180681,52.47300426053361,0.2719344611720337,-0.07335311980118726,0.00015748,0.07348660237745137,0.00081957,1,0.0
19706,0.00026150574461285964,0.046877948527035654,-1.54e-06,3.5650423254874415,4.237187022381605,26.96602285243509,1.0052136313683062,-0.4778894760779025,0.12067054082980143,-30.543396210286165,-1.1573229341274334,63.18347320374263,0.6295741068180681,8.98120706430667,0.2719344611720337,0.003307908959294295,0.00015748,0.08415265536468389,0.00081957,0,0.0
19707,0.3891097189920519,0.010840855953606452,-1.54e-06,3.5650423254874415,4.237187022381605,-81.01886734698729,1.0052136313683062,7.386969413201519,0.12067054082980143,-75.52291962515073,-1.1573229341274334,-28.50227002251762,0.6295741068180681,99.28591863695014,0.2719344611720337,-0.038312528656591086,0.00015748,0.03837417145875356,0.00081957,1,0.0
19708,0.12118789899082419,0.0011037631537196646,-1.54e-06,3.5650423254874415,4.237187022381605,-77.22641959541401,1.0052136313683062,2.154407653307128,0.12067054082980143,-43.784504972493075,-1.1573229341274334,40.464919189965556,0.6295741068180681,52.68324389986243,0.2719344611720337,-0.014123902526095489,0.00015748,0.014134835064887852,0.00081957,1,0.0
19709,0.11089947548176915,0.012093857682353886,-1.54e-06,3.5650423254874415,4.237187022381605,94.27963081522182,1.0052136313683062,12.077535543086428,0.12067054082980143,-73.25721903591455,-1.1573229341274334,-62.08156484435195,0.6295741068180681,24.621895723181886,0.2719344611720337,-0.07688703351836215,0.00015748,0.07684337259366572,0.00081957,1,0.0
19710,0.0001354654876418726,0.04568998630754608,-1.54e-06,3.5650423254874415,4.237187022381605,64.01071381621016,1.0052136313683062,12.74784166577536,0.12067054082980143,-66.11716654487137,-1.1573229341274334,11.151856472567637,0.6295741068180681,0.08610301134978615,0.2719344611720337,-0.04625355137389375,0.00015748,0.09875070984643514,0.00081957,1,0.0
19711,0.11608195829550344,0.010159161256483083,-1.54e-06,3.5650423254874415,4.237187022381605,88.21740796517018,1.0052136313683062,11.269553795041553,0.12067054082980143,-62.137045911720385,-1.1573229341274334,-67.56195118118112,0.6295741068180681,20.17173388338241,0.2719344611720337,-0.07007359109254956,0.00015748,0.07018154661369806,0.00081957,1,0.0
19712,0.3494686944965688,0.010918633010520014,-1.54e-06,3.5650423254874415,4.237187022381605,-82.31172280418355,1.0052136313683062,1.948620061832997,0.12067054082980143,-8.467160385454353,-1.1573229341274334,-58.87546022040252,0.6295741068180681,59.703713072048494,0.2719344611720337,-0.008058972637340966,0.00015748,0.008097960206060708,0.00081957,1,0.0
19713,0.12034386856508777,0.008932169361684675,-1.54e-06,3.5650423254874415,4.237187022381605,80.85540247891772,1.0052136313683062,9.899708615786198,0.12067054082980143,-59.4239308330834,-1.1573229341274334,-62.66037343518294,0.6295741068180681,23.293097788726,0.2719344611720337,-0.06682147801632793,0.00015748,0.06682439603707652,0.00081957,1,0.0
19714,0.0024625889148699592,0.0003051791994890444,-1.54e-06,3.5650423254874415,4.237187022381605,-62.18864539177445,1.0052136313683062,-0.8606692787604078,0.12067054082980143,-27.090555814078638,-1.1573229341274334,63.09388908190041,0.6295741068180681,30.177667907265903,0.2719344611720337,-0.010705999021200844,0.00015748,0.010721107417479572,0.00081957,1,0.0
19715,0.08498956598575974,0.005545166771112173,-1.54e-06,3.5650423254874415,4.237187022381605,48.160646593882106,1.0052136313683062,8.421240775547707,0.12067054082980143,-60.64856395414251,-1.1573229341274334,-26.607699229845945,0.6295741068180681,27.391615999526806,0.2719344611720337,-0.05212877228939372,0.00015748,0.05220266133378115,0.00081957,1,0.0
19716,0.1793121215376402,0.004899600213265656,-1.54e-06,3.5650423254874415,4.237187022381605,28.512973723874495,1.0052136313683062,6.555334677353476,0.12067054082980143,-39.67223427894015,-1.1573229341274334,-57.413050736423415,0.6295741068180681,32.55817180472933,0.2719344611720337,-0.044005042947989806,0.00015748,0.04410420588887541,0.00081957,1,0.0
19717,0.299943129361407,0.008093828410701227,-1.54e-06,3.5650423254874415,4.237187022381605,-79.21976748525212,1.0052136313683062,1.3542759323132472,0.12067054082980143,-9.050971201807627,-1.1573229341274334,-42.849616018764934,0.6295741068180681,54.462115258707506,0.2719344611720337,-0.00600585029821796,0.00015748,0.006055433740162259,0.00081957,1,0.0
19718,0.00025893346780442306,0.05111139535886657,-1.54e-06,3.5650423254874415,4.237187022381605,61.22447006646335,1.0052136313683062,6.107378156079674,0.12067054082980143,-70.65159815146195,-1.1573229341274334,72.44220185129078,0.6295741068180681,13.417626552889622,0.2719344611720337,0.04608666691448218,0.00015748,0.06629194652116388,0.00081957,0,0.0
19719,0.05151127946082029,0.01062322624508883,-1.54e-06,3.5650423254874415,4.237187022381605,30.615137923192364,1.0052136313683062,7.884646490884516,0.12067054082980143,-25.22487173576042,-1.1573229341274334,-36.51604814367866,0.6295741068180681,0.9767105837184453,0.2719344611720337,-0.05315694541038555,0.00015748,0.05316372810522713,0.00081957,1,0.0
19720,0.00024168965515913854,0.03040641730459786,-1.54e-06,3.5650423254874415,4.237187022381605,59.809676966737136,1.0052136313683062,8.979079619725583,0.12067054082980143,-97.91524404616247,-1.1573229341274334,58.95344959559012,0.6295741068180681,32.317696345022256,0.2719344611720337,-0.0022137524304856188,0.00015748,0.062066517766683774,0.00081957,1,0.0
19721,0.00024212505171267162,0.08607657380558989,-1.54e-06,3.5650423254874415,4.237187022381605,94.82859344355109,1.0052136313683062,6.6489442464791635,0.12067054082980143,-25.742264932790583,-1.1573229341274334,40.201707347949664,0.6295741068180681,-31.214877925044522,0.2719344611720337,0.021118315485109604,0.00015748,0.14421943324103248,0.00081957,0,0.0
19722,0.000378835978871811,0.046724893659230354,-1.54e-06,3.5650423254874415,4.237187022381605,87.11695375976166,1.0052136313683062,2.7359409613745265,0.12067054082980143,-41.04940216609026,-1.1573229341274334,27.53688114915924,0.6295741068180681,0.3569747193143266,0.2719344611720337,0.004787466520133593,0.00015748,0.08345591688341296,0.00081957,0,0.0
19723,0.31286011232322464,0.03646043076710872,-1.54e-06,3.5650423254874415,4.237187022381605,-79.21562932945294,1.0052136313683062,12.1544649021681,0.12067054082980143,-61.237969693898634,-1.1573229341274334,-34.37781171271026,0.6295741068180681,66.08011545316137,0.2719344611720337,-0.09325043786753742,0.00015748,0.09333289567968187,0.00081957,1,0.0
19724,0.25893373624076554,0.00498982097721638,-1.54e-06,3.5650423254874415,4.237187022381605,-47.00181578589549,1.0052136313683062,5.6092704071923505,0.12067054082980143,-54.74394792183068,-1.1573229341274334,-21.188523573176422,0.6295741068180681,66.62014290670785,0.2719344611720337,-0.030031212093062688,0.00015748,0.030049919681330046,0.00081957,1,0.0
19725,3.792525181539608e-05,0.01497435912349168,-1.54e-06,3.5650423254874415,4.237187022381605,44.26340509649398,1.0052136313683062,6.007702195529778,0.12067054082980143,-46.33628104332041,-1.1573229341274334,12.716303082304595,0.6295741068180681,8.718008589382995,0.2719344611720337,-0.00911961166874609,0.00015748,0.03716318587753467,0.00081957,1,0.0
19726,0.00019376447605681801,0.017619466144436886,-1.54e-06,3.5650423254874415,4.237187022381605,4.744286874965459,1.0052136313683062,2.7594791544092203,0.12067054082980143,-43.52604827053489,-1.1573229341274334,48.54185496923889,0.6295741068180681,19.185638740537257,0.2719344611720337,0.017286431963996134,0.00015748,0.01915236855929538,0.00081957,0,0.0
19727,0.17533013988786444,0.0024013724825456494,-1.54e-06,3.5650423254874415,4.237187022381605,-27.90711779215838,1.0052136313683062,2.7889996173007856,0.12067054082980143,-18.59761801817805,-1.1573229341274334,-30.18610938987633,0.6295741068180681,33.88803510159303,0.2719344611720337,-0.013912625048844034,0.00015748,0.013925868547314337,0.00081957,1,0.0
19728,6.451953206049188e-05,0.036889467636560536,-1.54e-06,3.5650423254874415,4.237187022381605,80.63589775080273,1.0052136313683062,6.86515652023371,0.12067054082980143,-77.36375258925402,-1.1573229341274334,42.737565450860885,0.6295741068180681,18.518868868632282,0.2719344611720337,0.005900345404719048,0.00015748,0.06762912820874821,0.00081957,0,0.0
19729,0.2352676183680844,0.005846333326867412,-1.54e-06,3.5650423254874415,4.237187022381605,-2.6837863633026515,1.0052136313683062,7.078814946810352,0.12067054082980143,-49.97699037748464,-1.1573229341274334,-48.60098044594704,0.6295741068180681,50.322143116926156,0.2719344611720337,-0.041292103027001266,0.00015748,0.04181065265668133,0.00081957,1,0.0
19730,0.002028426302905839,0.009894567147775084,-1.54e-06,3.5650423254874415,4.237187022381605,63.38693574808315,1.0052136313683062,9.229496122337725,0.12067054082980143,-87.49385478827473,-1.1573229341274334,12.009173522062602,0.6295741068180681,31.306392004540946,0.2719344611720337,-0.06330168378428941,0.00015748,0.06329825595130495,0.00081957,1,0.0
19731,0.00012256269320383428,0.03881031532445437,-1.54e-06,3.5650423254874415,4.237187022381605,1.5997193145896453,1.0052136313683062,2.1033582716656123,0.12067054082980143,-56.523847105006354,-1.1573229341274334,89.09959076706693,0.6295741068180681,25.277804032301287,0.2719344611720337,0.01885557120625638,0.00015748,0.06112462240901651,0.00081957,0,0.0
19732,0.16910999232126028,0.007233303576648837,-1.54e-06,3.5650423254874415,4.237187022381605,64.67110852027324,1.0052136313683062,8.937708080202318,0.12067054082980143,-43.97219749471804,-1.1573229341274334,-79.23343671591034,0.6295741068180681,23.42032300776082,0.2719344611720337,-0.05781928614595623,0.00015748,0.05789346758260401,0.00081957,1,0.0
19733,0.0004332895835989503,0.019919420596606913,-1.54e-06,3.5650423254874415,4.237187022381605,12.313536013116025,1.0052136313683062,8.722100361237732,0.12067054082980143,-70.98875238365434,-1.1573229341274334,43.84084264800234,0.6295741068180681,23.96476565069974,0.2719344611720337,-0.03296406670427138,0.00015748,0.0591000059203346,0.00081957,1,0.0
19734,0.0002555721782337428,0.1144819088780688,-1.54e-06,3.5650423254874415,4.237187022381605,-65.58204993710976,1.0052136313683062,3.74838106432052,0.12067054082980143,-5.369816405197115,-1.1573229341274334,93.2859308442921,0.6295741068180681,-10.634752481279143,0.2719344611720337,-0.08482345642539907,0.00015748,0.19449196930106794,0.00081957,1,0.0
19735,0.1072544889714259,0.001287086903642968,-1.54e-06,3.5650423254874415,4.237187022381605,-35.82672252365896,1.0052136313683062,4.6261076445357725,0.12067054082980143,-60.85512361387511,-1.1573229341274334,28.08558522641795,0.6295741068180681,51.31455436085548,0.2719344611720337,-0.0241310994329869,0.00015748,0.024131021253887816,0.00081957,1,0.0
19736,0.11025205442473618,0.12636645191603507,-1.54e-06,3.5650423254874415,4.237187022381605,-12.376283144175977,1.0052136313683062,19.32118610649774,0.12067054082980143,-58.43951476210895,-1.1573229341274334,-36.41998168284231,0.6295741068180681,9.184369416741266,0.2719344611720337,-0.17794255578604118,0.00015748,0.17804727281493488,0.00081957,1,0.0
19737,0.0001921247869422632,0.04958674387902163,-1.54e-06,3.5650423254874415,4.237187022381605,-20.082407690207823,1.0052136313683062,-0.8438618800346902,0.12067054082980143,-18.492557647074943,-1.1573229341274334,83.46173097986626,0.6295741068180681,6.834782632075839,0.2719344611720337,-0.005887606440720047,0.00015748,0.09778780146196545,0.00081957,1,0.0
19738,1.763960436917955e-05,0.013888435743767852,-1.54e-06,3.5650423254874415,4.237187022381605,68.14636802792111,1.0052136313683062,5.885507916623123,0.12067054082980143,-48.294599858547194,-1.1573229341274334,-2.096921015234507,0.6295741068180681,7.974291335167947,0.2719344611720337,-0.023873095601090022,0.00015748,0.04658385975996651,0.00081957,1,0.0
19739,0.00015795524129776604,0.007827275590348187,-1.54e-06,3.5650423254874415,4.237187022381605,-50.60376595064987,1.0052136313683062,0.2012600523051424,0.12067054082980143,-11.98565451511178,-1.1573229341274334,45.39128096395602,0.6295741068180681,13.540633285071662,0.2719344611720337,-0.027400574311481886,0.00015748,0.03721572287841885,0.00081957,1,0.0
19740,0.2778257278619122,0.007062843981110935,-1.54e-06,3.5650423254874415,4.237187022381605,-15.12475139295048,1.0052136313683062,7.137001147025712,0.12067054082980143,-54.42258499578877,-1.1573229341274334,-50.964966701422256,0.6295741068180681,60.892052847423734,0.2719344611720337,-0.043049857144022735,0.00015748,0.04304539263561186,0.00081957,1,0.0
19741,0.00010396930078843125,0.0979296361630421,-1.54e-06,3.5650423254874415,4.237187022381605,35.679177557924824,1.0052136313683062,9.009567203178376,0.12067054082980143,-35.64639302349796,-1.1573229341274334,58.28429199080721,0.6295741068180681,-18.55499833176556,0.2719344611720337,-0.0340333062014023,0.00015748,0.16781910717962017,0.00081957,1,0.0
19742,0.03457908687877352,0.000529179647156315,-1.54e-06,3.5650423254874415,4.237187022381605,-86.29184055323202,1.0052136313683062,-0.5616542058523989,0.12067054082980143,-37.52209594217352,-1.1573229341274334,75.71771343236726,0.6295741068180681,44.47819115794816,0.2719344611720337,-0.013505988542124585,0.00015748,0.013447935104539111,0.00081957,1,0.0
19743,0.21959629458206925,0.026667434122247022,-1.54e-06,3.5650423254874415,4.237187022381605,-36.298370256973406,1.0052136313683062,-1.6204590903068916,0.12067054082980143,-37.99181236054783,-1.1573229341274334,-7.046505955650428,0.6295741068180681,66.33551045359886,0.2719344611720337,-0.07576784484274762,0.00015748,0.07575171928725694,0.00081957,1,0.0
19744,0.00024663482068287834,0.02499762667834056,-1.54e-06,3.5650423254874415,4.237187022381605,73.41990816944183,1.0052136313683062,5.59143082762615,0.12067054082980143,-53.2327465424783,-1.1573229341274334,14.781249147853242,0.6295741068180681,8.470883234061917,0.2719344611720337,-0.003956005848127383,0.00015748,0.05234328678087871,0.00081957,1,0.0
19745,0.10770150551081314,0.003421553144658122,-1.54e-06,3.5650423254874415,4.237187022381605,21.457369940822943,1.0052136313683062,6.216670015695401,0.12067054082980143,-51.92274518485409,-1.1573229341274334,-18.85588730437589,0.6295741068180681,33.37416931278358,0.2719344611720337,-0.04073976346105276,0.00015748,0.0407551157074058,0.00081957,1,0.0
19746,0.0044991084395504255,0.008314540028541508,-1.54e-06,3.5650423254874415,4.237187022381605,87.16586680151656,1.0052136313683062,8.894938915565874,0.12067054082980143,-60.9817733805498,-1.1573229341274334,-25.618309804961598,0.6295741068180681,10.281688466657457,0.2719344611720337,-0.05946459319246264,0.00015748,0.05965669324840431,0.00081957,1,0.0
19747,0.00030771771617960075,0.015239763960141773,-1.54e-06,3.5650423254874415,4.237187022381605,-16.75306696459386,1.0052136313683062,6.570249767139151,0.12067054082980143,-90.84366998799003,-1.1573229341274334,87.23880251681553,0.6295741068180681,47.28878991022721,0.2719344611720337,-0.009443880159869623,0.00015748,0.037840184618132475,0.00081957,1,0.0
19748,0.3039166695336942,0.009422736488264666,-1.54e-06,3.5650423254874415,4.237187022381605,-75.74613611558433,1.0052136313683062,8.425432967291218,0.12067054082980143,-71.39425512985076,-1.1573229341274334,-12.323259956710885,0.6295741068180681,81.29922747897315,0.2719344611720337,-0.044941243144219586,0.00015748,0.044935930729264315,0.00081957,1,0.0
19749,0.02509387929210241,0.1160905600040048,-1.54e-06,3.5650423254874415,4.237187022381605,84.46700974466691,1.0052136313683062,-0.1295636226974421,0.12067054082980143,-100.0,-1.1573229341274334,81.16572148092054,0.6295741068180681,54.59744965760928,0.2719344611720337,-0.09745577933491312,0.00015748,0.17997555384370562,0.00081957,1,0.0
19750,0.07043376701531234,0.0007319913160949581,-1.54e-06,3.5650423254874415,4.237187022381605,-87.73435030418104,1.0052136313683062,-0.8146070405885437,0.12067054082980143,-34.31718097631091,-1.1573229341274334,63.364268644646934,0.6295741068180681,47.91294326884243,0.2719344611720337,-0.01038861503263668,0.00015748,0.01037553248873945,0.00081957,1,0.0
19751,0.21271734052687452,0.003111487414625312,-1.54e-06,3.5650423254874415,4.237187022381605,-73.3031354686161,1.0052136313683062,5.37511751965482,0.12067054082980143,-66.62227264515191,-1.1573229341274334,20.122493568636564,0.6295741068180681,72.88062272563664,0.2719344611720337,-0.025731060975881345,0.00015748,0.025759140287002043,0.00081957,1,0.0
19752,0.019684968890234897,0.0016225164395225374,-1.54e-06,3.5650423254874415,4.237187022381605,-23.506714950952738,1.0052136313683062,1.9294813626933025,0.12067054082980143,-50.29001087992595,-1.1573229341274334,47.227547313471156,0.6295741068180681,37.017526256604405,0.2719344611720337,-0.01962953774771917,0.00015748,0.01970765794715586,0.00081957,1,0.0
19753,0.06494086909425002,0.003447293226668348,-1.54e-06,3.5650423254874415,4.237187022381605,3.3667634089483354,1.0052136313683062,2.283318199791985,0.12067054082980143,-38.85702465034618,-1.1573229341274334,5.833212880603011,0.6295741068180681,30.577963743002275,0.2719344611720337,-0.03288761430693539,0.00015748,0.03284432153053134,0.00081957,1,0.0
19754,0.040703002654194034,0.00018703199735454183,-1.54e-06,3.5650423254874415,4.237187022381605,-44.74704041849077,1.0052136313683062,1.229760952302816,0.12067054082980143,-36.710238732600494,-1.1573229341274334,43.09391608929721,0.6295741068180681,34.675920212755756,0.2719344611720337,-0.004409034489933143,0.00015748,0.004591031697977311,0.00081957,1,0.0
19755,0.06833564264993885,0.0022906795175929398,-1.54e-06,3.5650423254874415,4.237187022381605,37.89508373015452,1.0052136313683062,5.447480557571872,0.12067054082980143,-27.379511653791617,-1.1573229341274334,-36.10232206801786,0.6295741068180681,10.134151073021023,0.2719344611720337,-0.0324197853102481,0.00015748,0.03245581370438101,0.00081957,1,0.0
19756,0.16353411754826885,0.007242915230124145,-1.54e-06,3.5650423254874415,4.237187022381605,11.065699595807732,1.0052136313683062,9.476189811223287,0.12067054082980143,-90.89492242120927,-1.1573229341274334,-5.208030926306275,0.6295741068180681,62.07818357237549,0.2719344611720337,-0.05929301996590218,0.00015748,0.05927350499182425,0.00081957,1,0.0
19757,0.0646111170293206,0.0005653093707853071,-1.54e-06,3.5650423254874415,4.237187022381605,-89.92636328365404,1.0052136313683062,0.1722664048634742,0.12067054082980143,-40.7358009206749,-1.1573229341274334,69.12398208209281,0.6295741068180681,49.484180306550684,0.2719344611720337,-0.013548481411339762,0.00015748,0.013586481881326107,0.00081957,1,0.0
19758,0.00045806031858219853,0.11145210244798331,-1.54e-06,3.5650423254874415,4.237187022381605,-72.33554748387793,1.0052136313683062,11.778390103766043,0.12067054082980143,-30.550575227113804,-1.1573229341274334,34.603657581819704,0.6295741068180681,0.6590890618546085,0.2719344611720337,-0.16515726902730776,0.00015748,0.17017452097222613,0.00081957,1,0.0
19759,0.3678814465794812,0.015006699184488319,-1.54e-06,3.5650423254874415,4.237187022381605,-5.88771139044427,1.0052136313683062,12.062405318582524,0.12067054082980143,-86.74739970848509,-1.1573229341274334,-69.89662132412718,0.6295741068180681,82.44162462486518,0.2719344611720337,-0.06725542451790066,0.00015748,0.06895219838041043,0.00081957,1,0.0
19760,0.12827282643151544,0.061296313608093456,-1.54e-06,3.5650423254874415,4.237187022381605,28.354556646923992,1.0052136313683062,-1.2274025720531467,0.12067054082980143,-62.6890069065061,-1.1573229341274334,5.322486016395554,0.6295741068180681,62.01909776642466,0.2719344611720337,-0.12534962026259255,0.00015748,0.12645398433521593,0.00081957,1,0.0
19761,0.1465858524341811,0.005756773957647297,-1.54e-06,3.5650423254874415,4.237187022381605,-3.105656308032873,1.0052136313683062,8.803778358495132,0.12067054082980143,-92.087722986833,-1.1573229341274334,11.623878424664358,0.6295741068180681,64.19093740526708,0.2719344611720337,-0.05309895042754645,0.00015748,0.053102536431843456,0.00081957,1,0.0
19762,0.21862099274018287,0.0035433886197879377,-1.54e-06,3.5650423254874415,4.237187022381605,-51.5187724455574,1.0052136313683062,3.002531880585339,0.12067054082980143,-27.354195517218244,-1.1573229341274334,-22.529662463670856,0.6295741068180681,48.66031521243868,0.2719344611720337,-0.013789023064091448,0.00015748,0.013791448484047394,0.00081957,1,0.0
19763,0.0001742147217063117,0.377967657376899,-1.54e-06,3.5650423254874415,4.237187022381605,33.091143532093284,1.0052136313683062,25.063452806733554,0.12067054082980143,-57.55055220981929,-1.1573229341274334,35.33453002421088,0.6295741068180681,-45.32168171375499,0.2719344611720337,-0.2049910976043573,0.00015748,0.35239895719958414,0.00081957,1,0.0
19764,0.09432036638809937,0.0004243515884992373,-1.54e-06,3.5650423254874415,4.237187022381605,-71.35452005567102,1.0052136313683062,2.207215991042332,0.12067054082980143,-55.07064876287998,-1.1573229341274334,55.46134371048611,0.6295741068180681,56.23089990856494,0.2719344611720337,-0.008681407381721858,0.00015748,0.008669076502046992,0.00081957,1,0.0
19765,0.11231699405733508,0.007478191987265941,-1.54e-06,3.5650423254874415,4.237187022381605,36.73238388116023,1.0052136313683062,9.679168587209652,0.12067054082980143,-83.72571859451864,-1.1573229341274334,-11.48064805072359,0.6295741068180681,46.018512154300026,0.2719344611720337,-0.06079334271132501,0.00015748,0.06084323330422663,0.00081957,1,0.0
19766,0.1243545515446542,0.0009537226402364437,-1.54e-06,3.5650423254874415,4.237187022381605,-53.58048868248886,1.0052136313683062,2.772845405296461,0.12067054082980143,-41.31008289197223,-1.1573229341274334,21.38870134531931,0.6295741068180681,46.657833484931416,0.2719344611720337,-0.012809878926050233,0.00015748,0.012822628377315778,0.00081957,1,0.0
19767,0.09349417677597913,0.12326261389224791,-1.54e-06,3.5650423254874415,4.237187022381605,81.69529601616009,1.0052136313683062,-3.5837794379557435,0.12067054082980143,-55.41804908333007,-1.1573229341274334,12.565624090795792,0.6295741068180681,45.33621774333129,0.2719344611720337,-0.13539223709894294,0.00015748,0.1833840965175249,0.00081957,1,0.0
19768,0.19461707808196957,0.0037370934047725964,-1.54e-06,3.5650423254874415,4.237187022381605,-44.59706877265973,1.0052136313683062,6.8082092599121,0.12067054082980143,-82.58526012267326,-1.1573229341274334,18.829346179750925,0.6295741068180681,74.46757732285634,0.2719344611720337,-0.03786836010778048,0.00015748,0.03789233117451911,0.00081957,1,0.0
19769,-6.655593520754621e-08,0.03238660398176753,-1.54e-06,3.5650423254874415,4.237187022381605,55.493781236373735,1.0052136313683062,3.683204902963842,0.12067054082980143,-26.169386773210352,-1.1573229341274334,18.054419424797004,0.6295741068180681,-6.226777626990311,0.2719344611720337,0.026859576816807215,0.00015748,0.04118521351550798,0.00081957,0,0.0
19770,0.2366378004771214,0.009690506181503975,-1.54e-06,3.5650423254874415,4.237187022381605,34.58960872335942,1.0052136313683062,10.838228491863422,0.12067054082980143,-71.1105777347998,-1.1573229341274334,-64.0189297518238,0.6295741068180681,51.25667750993417,0.2719344611720337,-0.06499844937590693,0.00015748,0.06511274218113106,0.00081957,1,0.0
19771,0.2015069631644427,0.0033318821540996913,-1.54e-06,3.5650423254874415,4.237187022381605,-40.55735114284196,1.0052136313683062,6.079023566639517,0.12067054082980143,-63.40176525683996,-1.1573229341274334,-0.7843821842209748,0.6295741068180681,62.94311552606887,0.2719344611720337,-0.0318846112318391,0.00015748,0.03189487103477358,0.00081957,1,0.0
19772,0.06031629059514598,0.028309429178266277,-1.54e-06,3.5650423254874415,4.237187022381605,96.656478399309,1.0052136313683062,16.714501850190832,0.12067054082980143,-82.06081816508453,-1.1573229341274334,-54.80532631644734,0.6295741068180681,11.817501254734658,0.2719344611720337,-0.09684307538341871,0.00015748,0.09681662469801575,0.00081957,1,0.0
19773,0.18563866454854072,0.04284128148696968,-1.54e-06,3.5650423254874415,4.237187022381605,45.24203399136457,1.0052136313683062,16.225867268247484,0.12067054082980143,-52.262327734994194,-1.1573229341274334,-89.16001137103453,0.6295741068180681,15.492920891487604,0.2719344611720337,-0.10701907138577263,0.00015748,0.1070062957947158,0.00081957,1,0.0
19774,0.15790145510514692,0.008644874490605498,-1.54e-06,3.5650423254874415,4.237187022381605,-2.8579192334063412,1.0052136313683062,8.038563742346971,0.12067054082980143,-98.60824027245563,-1.1573229341274334,16.45234291057507,0.6295741068180681,72.3548658768045,0.2719344611720337,-0.06008189365119066,0.00015748,0.0601923998425612,0.00081957,1,0.0
19775,0.32232991194562793,0.009303287783699217,-1.54e-06,3.5650423254874415,4.237187022381605,-83.64195345004514,1.0052136313683062,2.0891256504191387,0.12067054082980143,-12.349562160177417,-1.1573229341274334,-46.6060278596875,0.6295741068180681,58.597889435242124,0.2719344611720337,-0.011237684523125192,0.00015748,0.011260137013856473,0.00081957,1,0.0
19776,0.2889005519629052,0.12967837441485514,-1.54e-06,3.5650423254874415,4.237187022381605,-77.7138143488635,1.0052136313683062,20.215229273032396,0.12067054082980143,-77.83432510350599,-1.1573229341274334,-38.7537383277524,0.6295741068180681,53.83299988860299,0.2719344611720337,-0.18106068748785667,0.00015748,0.18136542669100256,0.00081957,1,0.0
19777,0.2508079880777271,0.008486376205696205,-1.54e-06,3.5650423254874415,4.237187022381605,13.460538142531258,1.0052136313683062,9.590862063383772,0.12067054082980143,-71.3848549908165,-1.1573229341274334,-51.82043111664296,0.6295741068180681,59.371686856264844,0.2719344611720337,-0.058713883563694835,0.00015748,0.058713155845922516,0.00081957,1,0.0
19778,0.1993950802723607,0.008746735414395499,-1.54e-06,3.5650423254874415,4.237187022381605,45.716691361240116,1.0052136313683062,10.15743769486243,0.12067054082980143,-66.82419978352432,-1.1573229341274334,-60.73942919178511,0.6295741068180681,43.37954504710292,0.2719344611720337,-0.06395359023133393,0.00015748,0.06393848869611443,0.00081957,1,0.0
19779,0.20454518615883224,0.003493137656907166,-1.54e-06,3.5650423254874415,4.237187022381605,-43.87035663044852,1.0052136313683062,4.419087211934148,0.12067054082980143,-56.070137640739866,-1.1573229341274334,-1.0664807408198445,0.6295741068180681,62.77170109010639,0.2719344611720337,-0.027626674501986487,0.00015748,0.027655071329053222,0.00081957,1,0.0
19780,0.31517247577595797,0.02350339751505652,-1.54e-06,3.5650423254874415,4.237187022381605,-25.532209345525622,1.0052136313683062,12.952672119685793,0.12067054082980143,-64.0832173134039,-1.1573229341274334,-66.47395218495384,0.6295741068180681,59.37685484841429,0.2719344611720337,-0.07730883612934829,0.00015748,0.07743776666628498,0.00081957,1,0.0
19781,0.14284166563741588,0.0047018208156798195,-1.54e-06,3.5650423254874415,4.237187022381605,33.88415351189204,1.0052136313683062,7.40012992341076,0.12067054082980143,-49.278982973435234,-1.1573229341274334,-43.21577278175502,0.6295741068180681,31.60726791203689,0.2719344611720337,-0.04672699053709574,0.00015748,0.04685497944882992,0.00081957,1,0.0
19782,0.06639191847355569,0.009644621767303125,-1.54e-06,3.5650423254874415,4.237187022381605,69.18905226334273,1.0052136313683062,10.677637966860752,0.12067054082980143,-81.37161067628638,-1.1573229341274334,-21.62150286734025,0.6295741068180681,31.233878402878062,0.2719344611720337,-0.06755586186983875,0.00015748,0.067575304850578,0.00081957,1,0.0
19783,0.0001556139937320955,0.02876740255440694,-1.54e-06,3.5650423254874415,4.237187022381605,30.429252020025558,1.0052136313683062,6.245888637447192,0.12067054082980143,-99.16024644274296,-1.1573229341274334,81.51590895881165,0.6295741068180681,45.06652643038697,0.2719344611720337,-0.008909073436331412,0.00015748,0.06055498719273606,0.00081957,1,0.0
19784,0.00014717183291923508,0.029684885692824958,-1.54e-06,3.5650423254874415,4.237187022381605,2.918082453282897,1.0052136313683062,8.360281794156606,0.12067054082980143,-90.80768384288295,-1.1573229341274334,85.65884655761577,0.6295741068180681,36.671800838246654,0.2719344611720337,-0.004478938456926734,0.00015748,0.060561636028287374,0.00081957,1,0.0
19785,0.08603448553297155,0.010074328416321323,-1.54e-06,3.5650423254874415,4.237187022381605,85.3386996005206,1.0052136313683062,11.175416374966181,0.12067054082980143,-68.57862210827098,-1.1573229341274334,-50.3989997546153,0.6295741068180681,21.316748086606356,0.2719344611720337,-0.06939126383542629,0.00015748,0.06946912206642461,0.00081957,1,0.0
19786,0.0229252631263219,0.0001689101539804501,-1.54e-06,3.5650423254874415,4.237187022381605,-22.993096960715793,1.0052136313683062,1.7244845418300518,0.12067054082980143,-29.88253938789247,-1.1573229341274334,27.985567762046067,0.6295741068180681,23.22831890703725,0.2719344611720337,-0.008214652378436698,0.00015748,0.008267596986104107,0.00081957,1,0.0
19787,0.011191122029154815,0.0022223288927548726,-1.54e-06,3.5650423254874415,4.237187022381605,14.761816406823876,1.0052136313683062,4.808970770516331,0.12067054082980143,-52.61186419541413,-1.1573229341274334,20.209902455838037,0.6295741068180681,25.140932448226213,0.2719344611720337,-0.030087938288260972,0.00015748,0.030111580331171582,0.00081957,1,0.0
19788,0.00018762716709180838,0.06746187128105649,-1.54e-06,3.5650423254874415,4.237187022381605,12.51906020345771,1.0052136313683062,3.9967744155588205,0.12067054082980143,-27.333064291690032,-1.1573229341274334,70.98367113501496,0.6295741068180681,-6.572637750934999,0.2719344611720337,-0.008648681172445424,0.00015748,0.12565606778775756,0.00081957,1,0.0
19789,0.3499278462116483,0.00885951790378263,-1.54e-06,3.5650423254874415,4.237187022381605,-83.56545749105167,1.0052136313683062,4.482064693533007,0.12067054082980143,-48.088332121433574,-1.1573229341274334,-30.438713991839126,0.6295741068180681,81.96081224092408,0.2719344611720337,-0.02158284688213376,0.00015748,0.02159458803517485,0.00081957,1,0.0
19790,0.13754361523628367,0.005603921275767335,-1.54e-06,3.5650423254874415,4.237187022381605,-22.43529892690646,1.0052136313683062,6.8118296331861785,0.12067054082980143,-93.55655602072022,-1.1573229341274334,33.612681488356635,0.6295741068180681,71.63438734551112,0.2719344611720337,-0.04771154134214257,0.00015748,0.04783743301314273,0.00081957,1,0.0
19791,0.0060951424141912625,0.001187584417309082,-1.54e-06,3.5650423254874415,4.237187022381605,-62.07588538329467,1.0052136313683062,2.7653534541595377,0.12067054082980143,-56.85805504731838,-1.1573229341274334,77.2282353973024,0.6295741068180681,42.78956614945344,0.2719344611720337,-0.020454260384019887,0.00015748,0.02044959104229542,0.00081957,1,0.0
19792,0.0031226171844892514,0.004217970249254818,-1.54e-06,3.5650423254874415,4.237187022381605,20.627457521419377,1.0052136313683062,6.9228167896009385,0.12067054082980143,-71.64215902863842,-1.1573229341274334,29.805039905182767,0.6295741068180681,31.534908618710368,0.2719344611720337,-0.04032104324343979,0.00015748,0.040439362073104106,0.00081957,1,0.0
19793,0.00017174434828060026,0.021969380426697462,-1.54e-06,3.5650423254874415,4.237187022381605,81.88109424657318,1.0052136313683062,8.144191639456603,0.12067054082980143,-68.21945827803587,-1.1573229341274334,9.89659564687072,0.6295741068180681,12.74509049107059,0.2719344611720337,-0.019274382476143194,0.00015748,0.058295181069200265,0.00081957,1,0.0
19794,0.00022276213969679715,0.010173214030538854,-1.54e-06,3.5650423254874415,4.237187022381605,-68.91482419147445,1.0052136313683062,6.250747869572887,0.12067054082980143,-79.9287485417254,-1.1573229341274334,95.34992628047661,0.6295741068180681,49.980805917116705,0.2719344611720337,-0.047080439317995944,0.00015748,0.051659499185655995,0.00081957,1,0.0
19795,0.0298336969213151,0.0008218874653098192,-1.54e-06,3.5650423254874415,4.237187022381605,-89.69271880869722,1.0052136313683062,-1.5309392387855436,0.12067054082980143,-28.323038200195246,-1.1573229341274334,73.99914252622453,0.6295741068180681,40.125809722285645,0.2719344611720337,-0.0185131467319363,0.00015748,0.018544530891592467,0.00081957,1,0.0
19796,0.06644428044780437,0.09654265569883415,-1.54e-06,3.5650423254874415,4.237187022381605,37.97383824182837,1.0052136313683062,19.554748464979188,0.12067054082980143,-63.63263938134894,-1.1573229341274334,-48.29832153416761,0.6295741068180681,-0.2561629777359531,0.2719344611720337,-0.155953708139946,0.00015748,0.15607947026696875,0.00081957,1,0.0
19797,0.02639820403403309,0.00393321576021967,-1.54e-06,3.5650423254874415,4.237187022381605,84.23831832467911,1.0052136313683062,4.162538604840902,0.12067054082980143,-12.215602062905887,-1.1573229341274334,-59.85593689970582,0.6295741068180681,-9.281286909872591,0.2719344611720337,-0.042723479175920294,0.00015748,0.04273093103973253,0.00081957,1,0.0
19798,0.17645683817450453,0.00990823379863791,-1.54e-06,3.5650423254874415,4.237187022381605,59.733738599297155,1.0052136313683062,10.966007634755286,0.12067054082980143,-72.81549409716162,-1.1573229341274334,-58.97726932132477,0.6295741068180681,40.642465962190165,0.2719344611720337,-0.06975985377768155,0.00015748,0.06976813294527821,0.00081957,1,0.0
19799,-2.2283149718471673e-07,0.0538509032491995,-1.54e-06,3.5650423254874415,4.237187022381605,1.390171495087013,1.0052136313683062,1.2181393609825544,0.12067054082980143,-10.728736805139702,-1.1573229341274334,59.53039573596664,0.6295741068180681,-7.387128076579765,0.2719344611720337,-0.008743838111740662,0.00015748,0.10475979614157689,0.00081957,1,0.0
