,V,V_O,fitness,AH3,AH3_O,AF3,AF3_O,AF5,AF5_O,A3N3,A3N3_O,AD5,AD5_O,s,tau,lambda1,lambda1_O,lambda2,lambda2_O,taquiónico,taquiónico_O
0,-1.19360024854711492228815128062,0.00353770000000000000000000000000,0.167753207343686,5.692538796087462,0.256471930182902849400000000000,-7.701829999867172,0.267230663599082197200000000000,66.5972347244597,-0.421680811497943631400000000000,-62.59342883581759,-0.826444450776090141500000000000,30.450234078604012,0.350965656641477794200000000000,1.61906226135784747700000000000,3.29108156564076257240000000000,0.182583423469485,-0.00298860000000000000000000000000,40.9752096766512,0.00759010000000000000000000000000,0,1
1,10.9620571405522573453306779264,0.00353770000000000000000000000000,0.131593417057341,13.145973635619313,0.256471930182902849400000000000,38.53283046838865,0.267230663599082197200000000000,60.543361810503626,-0.421680811497943631400000000000,-45.842213378341555,-0.826444450776090141500000000000,-11.384608648968381,0.350965656641477794200000000000,1.61906226135784747700000000000,3.29108156564076257240000000000,0.0762952579365047,-0.00298860000000000000000000000000,71.0934902939242,0.00759010000000000000000000000000,0,1
2,-11.1600512220538191764500223791,0.00353770000000000000000000000000,0.163306161058280,8.734849754162283,0.256471930182902849400000000000,-67.13353813823505,0.267230663599082197200000000000,-17.469914512919345,-0.421680811497943631400000000000,-44.9232576783282,-0.826444450776090141500000000000,77.7767532075093,0.350965656641477794200000000000,1.61906226135784747700000000000,3.29108156564076257240000000000,-16.6787074165293,-0.00298860000000000000000000000000,0.738666441690996,0.00759010000000000000000000000000,1,1
3,3.56502923635987399887516851172,0.00353770000000000000000000000000,0.152416421744062,7.883412394329326,0.256471930182902849400000000000,4.435117791169631,0.267230663599082197200000000000,43.00237752677279,-0.421680811497943631400000000000,-38.72210587531123,-0.826444450776090141500000000000,8.734805438984395,0.350965656641477794200000000000,1.61906226135784747700000000000,3.29108156564076257240000000000,-0.0536678908238058,-0.00298860000000000000000000000000,40.4491638706248,0.00759010000000000000000000000000,1,1
4,-9.80225908125938524925274600884,0.00353770000000000000000000000000,0.112842444891803,6.323726889429523,0.256471930182902849400000000000,-36.929483688097406,0.267230663599082197200000000000,-21.29130734324491,-0.421680811497943631400000000000,-38.04267905247672,-0.826444450776090141500000000000,56.234652094420966,0.350965656641477794200000000000,1.61906226135784747700000000000,3.29108156564076257240000000000,-23.4886078116397,-0.00298860000000000000000000000000,0.336412072975266,0.00759010000000000000000000000000,1,1
5,-0.251032702796503757656582208078,0.00353770000000000000000000000000,0.221866532565052,7.794687165611819,0.256471930182902849400000000000,13.809093026356734,0.267230663599082197200000000000,-21.734643700501948,-0.421680811497943631400000000000,-17.490067486761674,-0.826444450776090141500000000000,13.204956959400079,0.350965656641477794200000000000,1.61906226135784747700000000000,3.29108156564076257240000000000,-4.61833629563711,-0.00298860000000000000000000000000,1.43418506575750,0.00759010000000000000000000000000,1,1
6,-3.51143405857451613672282852871,0.00353770000000000000000000000000,0.141160441746343,8.20772367047735,0.256471930182902849400000000000,-27.28038327976003,0.267230663599082197200000000000,5.391134912390143,-0.421680811497943631400000000000,-36.95594207190675,-0.826444450776090141500000000000,39.10995862808198,0.350965656641477794200000000000,1.61906226135784747700000000000,3.29108156564076257240000000000,-1.03602721837307,-0.00298860000000000000000000000000,9.01722051691617,0.00759010000000000000000000000000,1,1
7,-4.95947120447080181560657451146,0.00353770000000000000000000000000,0.0868473729130595,-2.2329591267463087,0.256471930182902849400000000000,-30.418922075055235,0.267230663599082197200000000000,3.168127956370938,-0.421680811497943631400000000000,-6.413818234936073,-0.826444450776090141500000000000,27.83194892456477,0.350965656641477794200000000000,1.61906226135784747700000000000,3.29108156564076257240000000000,-6.05785065406078,-0.00298860000000000000000000000000,0.0310513213495008,0.00759010000000000000000000000000,1,1
8,13.3620629870560283401850473932,0.00353770000000000000000000000000,0.0799170895106197,30.021843649803373,0.256471930182902849400000000000,75.12641662308147,0.267230663599082197200000000000,36.54251208366216,-0.421680811497943631400000000000,-87.49119010980728,-0.826444450776090141500000000000,-11.68245241931703,0.350965656641477794200000000000,1.61906226135784747700000000000,3.29108156564076257240000000000,-0.688752588414092,-0.00298860000000000000000000000000,72.5018034084292,0.00759010000000000000000000000000,1,1
9,10.9315955437645080349561786916,0.00353770000000000000000000000000,0.106099144163018,34.76166840414251,0.256471930182902849400000000000,99.94917431096036,0.267230663599082197200000000000,-39.041106627151414,-0.421680811497943631400000000000,-74.2644606369225,-0.826444450776090141500000000000,-13.013568517168437,0.350965656641477794200000000000,1.61906226135784747700000000000,3.29108156564076257240000000000,-3.50473597020570,-0.00298860000000000000000000000000,30.2014451105003,0.00759010000000000000000000000000,1,1
10,11.4487780527316788526424868143,0.00353770000000000000000000000000,0.154434486675074,12.765708568096528,0.256471930182902849400000000000,58.61237507310483,0.267230663599082197200000000000,56.90031441520472,-0.421680811497943631400000000000,-46.37611597975748,-0.826444450776090141500000000000,-15.551447586513007,0.350965656641477794200000000000,1.61906226135784747700000000000,3.29108156564076257240000000000,0.385228512855325,-0.00298860000000000000000000000000,69.3138575971844,0.00759010000000000000000000000000,0,1
11,-3.03480868833024986043137435841,0.00353770000000000000000000000000,0.0622023138950885,7.896891665642272,0.256471930182902849400000000000,-33.189464384776684,0.267230663599082197200000000000,55.262435179377974,-0.421680811497943631400000000000,-62.91719970083912,-0.826444450776090141500000000000,40.16649396328057,0.350965656641477794200000000000,1.61906226135784747700000000000,3.29108156564076257240000000000,-0.293945554155670,-0.00298860000000000000000000000000,33.1230860074774,0.00759010000000000000000000000000,1,1
12,17.0499003292473326786853397479,0.00353770000000000000000000000000,0.267048434490952,28.770306346590786,0.256471930182902849400000000000,53.84351378107013,0.267230663599082197200000000000,68.76440460000839,-0.421680811497943631400000000000,-81.15528226155779,-0.826444450776090141500000000000,-10.520526420874958,0.350965656641477794200000000000,1.61906226135784747700000000000,3.29108156564076257240000000000,-0.537084829875607,-0.00298860000000000000000000000000,103.915778026674,0.00759010000000000000000000000000,1,1
13,-0.611842043792241239949836994868,0.00353770000000000000000000000000,0.109120029815914,6.7178329749450825,0.256471930182902849400000000000,-20.171041044982218,0.267230663599082197200000000000,21.353728643152508,-0.421680811497943631400000000000,-31.765632994235162,-0.826444450776090141500000000000,24.365978354277203,0.350965656641477794200000000000,1.61906226135784747700000000000,3.29108156564076257240000000000,-0.370720441253881,-0.00298860000000000000000000000000,20.5069770636636,0.00759010000000000000000000000000,1,1
14,4.46269894735797074219162678152,0.00353770000000000000000000000000,0.205241371905571,21.925299914508287,0.256471930182902849400000000000,71.00062300444466,0.267230663599082197200000000000,-32.50062385427913,-0.421680811497943631400000000000,-54.71750098697119,-0.826444450776090141500000000000,3.385303460163442,0.350965656641477794200000000000,1.61906226135784747700000000000,3.29108156564076257240000000000,-3.00549669530982,-0.00298860000000000000000000000000,11.8450658215965,0.00759010000000000000000000000000,1,1
15,-8.07268248726593323115424283812,0.00353770000000000000000000000000,0.0664055116211552,9.359993150630828,0.256471930182902849400000000000,-43.75907858175594,0.267230663599082197200000000000,68.72082573010937,-0.421680811497943631400000000000,-94.21474168943378,-0.826444450776090141500000000000,64.22365522647738,0.350965656641477794200000000000,1.61906226135784747700000000000,3.29108156564076257240000000000,-0.229948755975436,-0.00298860000000000000000000000000,29.3804770475672,0.00759010000000000000000000000000,1,1
16,-10.7133692051172622532216851538,0.00353770000000000000000000000000,0.146886580509995,9.573924767823414,0.256471930182902849400000000000,-70.16734523538616,0.267230663599082197200000000000,8.281730953631723,-0.421680811497943631400000000000,-60.77239429839635,-0.826444450776090141500000000000,81.42740461710548,0.350965656641477794200000000000,1.61906226135784747700000000000,3.29108156564076257240000000000,-4.07923261060423,-0.00298860000000000000000000000000,3.63654204918018,0.00759010000000000000000000000000,1,1
17,-5.03540417904711521488160779299,0.00353770000000000000000000000000,0.144880035314862,5.000771161895841,0.256471930182902849400000000000,-14.877555267320346,0.267230663599082197200000000000,-27.96597524181344,-0.421680811497943631400000000000,-16.03543944147397,-0.826444450776090141500000000000,31.2622576860048,0.350965656641477794200000000000,1.61906226135784747700000000000,3.29108156564076257240000000000,-18.3592779237547,-0.00298860000000000000000000000000,0.294320792696662,0.00759010000000000000000000000000,1,1
18,-0.827598274503862041408385085475,0.00353770000000000000000000000000,0.0638975156583323,4.898961950090978,0.256471930182902849400000000000,12.875865498733091,0.267230663599082197200000000000,-31.504943919159146,-0.421680811497943631400000000000,-4.088924777502754,-0.826444450776090141500000000000,-0.09723177712828601,0.350965656641477794200000000000,1.61906226135784747700000000000,3.29108156564076257240000000000,-17.9796813386785,-0.00298860000000000000000000000000,0.314346882985398,0.00759010000000000000000000000000,1,1
19,-4.61860203800322595035679372032,0.00353770000000000000000000000000,0.0979530144395508,8.510233892348879,0.256471930182902849400000000000,-16.16512459302797,0.267230663599082197200000000000,-43.41110032773565,-0.421680811497943631400000000000,-15.885617384416705,-0.826444450776090141500000000000,30.592076617523702,0.350965656641477794200000000000,1.61906226135784747700000000000,3.29108156564076257240000000000,-23.9671222151715,-0.00298860000000000000000000000000,0.556182616215472,0.00759010000000000000000000000000,1,1
20,4.26535556493604878686127554985,0.00353770000000000000000000000000,0.133105862916815,14.67764547379231,0.256471930182902849400000000000,12.656497288402434,0.267230663599082197200000000000,78.13149613382043,-0.421680811497943631400000000000,-82.30547051892401,-0.826444450776090141500000000000,20.147045191078263,0.350965656641477794200000000000,1.61906226135784747700000000000,3.29108156564076257240000000000,-0.00281164023614412,-0.00298860000000000000000000000000,65.7407703153764,0.00759010000000000000000000000000,1,1
21,-4.75467176059329341255443291503,0.00353770000000000000000000000000,0.147448313986833,13.705735309036626,0.256471930182902849400000000000,-31.418215059591475,0.267230663599082197200000000000,61.04256705741972,-0.421680811497943631400000000000,-93.44217942797503,-0.826444450776090141500000000000,56.34638708901164,0.350965656641477794200000000000,1.61906226135784747700000000000,3.29108156564076257240000000000,-0.466072810712970,-0.00298860000000000000000000000000,37.1231775026832,0.00759010000000000000000000000000,1,1
22,-3.86134517385978434508930076460,0.00353770000000000000000000000000,0.149708107180569,-3.049246330794645,0.256471930182902849400000000000,-35.31457344430251,0.267230663599082197200000000000,81.00433394481016,-0.421680811497943631400000000000,-45.654057688209534,-0.826444450776090141500000000000,36.68786939434372,0.350965656641477794200000000000,1.61906226135784747700000000000,3.29108156564076257240000000000,-0.0928138382046913,-0.00298860000000000000000000000000,38.5841348660791,0.00759010000000000000000000000000,1,1
23,-3.87289739502118070925955492782,0.00353770000000000000000000000000,0.0875620356524289,5.116710797911054,0.256471930182902849400000000000,-37.21398988274629,0.267230663599082197200000000000,46.27073432829138,-0.421680811497943631400000000000,-50.54786588786716,-0.826444450776090141500000000000,43.52857415293002,0.350965656641477794200000000000,1.61906226135784747700000000000,3.29108156564076257240000000000,-0.149042096364473,-0.00298860000000000000000000000000,26.9880482015640,0.00759010000000000000000000000000,1,1
24,-1.69815478943011127581486059929,0.00353770000000000000000000000000,0.0765646172161922,7.300277277219891,0.256471930182902849400000000000,4.055566575893039,0.267230663599082197200000000000,-12.187700458325153,-0.421680811497943631400000000000,-24.937691016328614,-0.826444450776090141500000000000,11.214820217665604,0.350965656641477794200000000000,1.61906226135784747700000000000,3.29108156564076257240000000000,-7.83610067893990,-0.00298860000000000000000000000000,1.01788002170725,0.00759010000000000000000000000000,1,1
25,-6.92601621014997891789280796164,0.00353770000000000000000000000000,0.0677885633084205,-0.05017446148866611,0.256471930182902849400000000000,-24.82696995104672,0.267230663599082197200000000000,-15.458488055190216,-0.421680811497943631400000000000,-12.138403527468967,-0.826444450776090141500000000000,32.26795990658394,0.350965656641477794200000000000,1.61906226135784747700000000000,3.29108156564076257240000000000,-20.7746618869484,-0.00298860000000000000000000000000,0.0446078653377434,0.00759010000000000000000000000000,1,1
26,14.0292329069214902511034116296,0.00353770000000000000000000000000,0.137601755246358,13.301587549617693,0.256471930182902849400000000000,61.19375595336126,0.267230663599082197200000000000,55.38057439436918,-0.421680811497943631400000000000,-37.033603766571844,-0.826444450776090141500000000000,-28.04549197066561,0.350965656641477794200000000000,1.61906226135784747700000000000,3.29108156564076257240000000000,0.219915160725887,-0.00298860000000000000000000000000,73.6159281937539,0.00759010000000000000000000000000,0,1
27,10.8351136465500131997799942999,0.00353770000000000000000000000000,0.0849553224481679,23.16653089297627,0.256471930182902849400000000000,48.90678317842432,0.267230663599082197200000000000,69.7921754218863,-0.421680811497943631400000000000,-88.22404351541942,-0.826444450776090141500000000000,-0.7947811771724815,0.350965656641477794200000000000,1.61906226135784747700000000000,3.29108156564076257240000000000,-0.193988777504530,-0.00298860000000000000000000000000,80.9903751940530,0.00759010000000000000000000000000,1,1
28,4.72201729762651496930072246503,0.00353770000000000000000000000000,0.165511813988451,31.24897825489984,0.256471930182902849400000000000,58.369307658939135,0.267230663599082197200000000000,-9.39642175103836,-0.421680811497943631400000000000,-94.73397068531727,-0.826444450776090141500000000000,23.348668287114933,0.350965656641477794200000000000,1.61906226135784747700000000000,3.29108156564076257240000000000,-2.27001381116705,-0.00298860000000000000000000000000,33.6318997358623,0.00759010000000000000000000000000,1,1
29,-0.569989199813066544635655064348,0.00353770000000000000000000000000,0.175858245304226,12.133026247333817,0.256471930182902849400000000000,11.122970618413348,0.267230663599082197200000000000,-34.07851545940326,-0.421680811497943631400000000000,-24.681324846518123,-0.826444450776090141500000000000,12.629261772650025,0.350965656641477794200000000000,1.61906226135784747700000000000,3.29108156564076257240000000000,-12.2882674405026,-0.00298860000000000000000000000000,1.80206821947571,0.00759010000000000000000000000000,1,1
30,7.27333421796325369951214440511,0.00353770000000000000000000000000,0.179014569049115,10.60236814377582,0.256471930182902849400000000000,33.737758522297355,0.267230663599082197200000000000,73.2694867870639,-0.421680811497943631400000000000,-59.52968380445748,-0.826444450776090141500000000000,6.263471141081837,0.350965656641477794200000000000,1.61906226135784747700000000000,3.29108156564076257240000000000,0.384787855756644,-0.00298860000000000000000000000000,69.4247853282530,0.00759010000000000000000000000000,0,1
31,10.0712227589634698944735772252,0.00353770000000000000000000000000,0.0814282938107429,19.1815883750984,0.256471930182902849400000000000,88.70837393807912,0.267230663599082197200000000000,37.71120979190897,-0.421680811497943631400000000000,-70.63057694352749,-0.826444450776090141500000000000,-18.463976871107633,0.350965656641477794200000000000,1.61906226135784747700000000000,3.29108156564076257240000000000,0.379813962282092,-0.00298860000000000000000000000000,53.2485850188068,0.00759010000000000000000000000000,0,1
32,3.24806831607884853558631124438,0.00353770000000000000000000000000,0.146378545414152,18.121872211712414,0.256471930182902849400000000000,37.79365319197581,0.267230663599082197200000000000,16.857526131311445,-0.421680811497943631400000000000,-67.75083747777796,-0.826444450776090141500000000000,17.917538490430275,0.350965656641477794200000000000,1.61906226135784747700000000000,3.29108156564076257240000000000,-0.291848453637921,-0.00298860000000000000000000000000,33.2362962875198,0.00759010000000000000000000000000,1,1
33,-7.58900763852417268588732892926,0.00353770000000000000000000000000,0.137850993035908,0.6330645460815134,0.256471930182902849400000000000,-28.19949957944658,0.267230663599082197200000000000,-6.691477308991864,-0.421680811497943631400000000000,-21.590954733145196,-0.826444450776090141500000000000,40.52382860127136,0.350965656641477794200000000000,1.61906226135784747700000000000,3.29108156564076257240000000000,-15.3598268830524,-0.00298860000000000000000000000000,0.0925564272994555,0.00759010000000000000000000000000,1,1
34,0.242397736950278074066327715151,0.00353770000000000000000000000000,0.166190732508071,8.298097480660232,0.256471930182902849400000000000,23.43415590927789,0.267230663599082197200000000000,-38.764815712407305,-0.421680811497943631400000000000,-9.458688516238624,-0.826444450776090141500000000000,0.13757961408518327,0.350965656641477794200000000000,1.61906226135784747700000000000,3.29108156564076257240000000000,-16.4570860199942,-0.00298860000000000000000000000000,0.737428429103054,0.00759010000000000000000000000000,1,1
35,12.3741593244864253496233178711,0.00353770000000000000000000000000,0.174579138716853,27.11675764968024,0.256471930182902849400000000000,85.39103510147893,0.267230663599082197200000000000,-57.01048087997569,-0.421680811497943631400000000000,-27.459836859135194,-0.826444450776090141500000000000,-26.24372395926038,0.350965656641477794200000000000,1.61906226135784747700000000000,3.29108156564076257240000000000,-3.52209961642396,-0.00298860000000000000000000000000,21.1997387441783,0.00759010000000000000000000000000,1,1
36,-8.75915591930788708331097581310,0.00353770000000000000000000000000,0.0379832356696469,4.788433075810872,0.256471930182902849400000000000,-44.8921516949456,0.267230663599082197200000000000,47.987859866989226,-0.421680811497943631400000000000,-68.93303479933543,-0.826444450776090141500000000000,59.786588655625195,0.350965656641477794200000000000,1.61906226135784747700000000000,3.29108156564076257240000000000,-0.0846040328023992,-0.00298860000000000000000000000000,14.3711109059011,0.00759010000000000000000000000000,1,1
37,12.3151141231644541355977544998,0.00353770000000000000000000000000,0.0478810744560381,30.87493589964768,0.256471930182902849400000000000,95.84348561607408,0.267230663599082197200000000000,19.911118397380378,-0.421680811497943631400000000000,-90.76486709410302,-0.826444450776090141500000000000,-15.14882078343858,0.350965656641477794200000000000,1.61906226135784747700000000000,3.29108156564076257240000000000,-0.714556177291835,-0.00298860000000000000000000000000,58.6704704697762,0.00759010000000000000000000000000,1,1
38,7.65713091762883371995656209058,0.00353770000000000000000000000000,0.111224443853737,14.141358812614428,0.256471930182902849400000000000,67.3763638720473,0.267230663599082197200000000000,11.422158803568962,-0.421680811497943631400000000000,-41.56956549032428,-0.826444450776090141500000000000,-15.520786764723994,0.350965656641477794200000000000,1.61906226135784747700000000000,3.29108156564076257240000000000,0.187780853232018,-0.00298860000000000000000000000000,32.0889848362484,0.00759010000000000000000000000000,0,1
39,11.4598943339639619804037886715,0.00353770000000000000000000000000,0.107683388474710,23.75098084569558,0.256471930182902849400000000000,77.06079046051059,0.267230663599082197200000000000,43.10898799324002,-0.421680811497943631400000000000,-79.56984703699547,-0.826444450776090141500000000000,-9.441399714923705,0.350965656641477794200000000000,1.61906226135784747700000000000,3.29108156564076257240000000000,0.0336524580888591,-0.00298860000000000000000000000000,67.2755266442058,0.00759010000000000000000000000000,0,1
40,7.50382595717446512260873375645,0.00353770000000000000000000000000,0.0439437964523520,19.74072059080825,0.256471930182902849400000000000,59.54280790057064,0.267230663599082197200000000000,66.27515779752201,-0.421680811497943631400000000000,-92.1474204865381,-0.826444450776090141500000000000,2.8052552549063847,0.350965656641477794200000000000,1.61906226135784747700000000000,3.29108156564076257240000000000,0.245735049330330,-0.00298860000000000000000000000000,65.9064811386807,0.00759010000000000000000000000000,0,1
41,-9.32144774249837601707458313896,0.00353770000000000000000000000000,0.0727621675524031,2.5460119750802193,0.256471930182902849400000000000,-51.960006329458544,0.267230663599082197200000000000,71.84029641776664,-0.421680811497943631400000000000,-76.52417044733862,-0.826444450776090141500000000000,65.54396190042604,0.350965656641477794200000000000,1.61906226135784747700000000000,3.29108156564076257240000000000,0.0457059452632920,-0.00298860000000000000000000000000,25.4087293841813,0.00759010000000000000000000000000,0,1
42,-11.9874050993613358532069180323,0.00353770000000000000000000000000,0.130410734729803,4.354146618147155,0.256471930182902849400000000000,-68.11722907660635,0.267230663599082197200000000000,73.72872573979151,-0.421680811497943631400000000000,-90.04658625244782,-0.826444450776090141500000000000,85.7817776604468,0.350965656641477794200000000000,1.61906226135784747700000000000,3.29108156564076257240000000000,0.0118382707267403,-0.00298860000000000000000000000000,25.2590648041652,0.00759010000000000000000000000000,0,1
43,-10.9698034682523570618713474224,0.00353770000000000000000000000000,0.0708436042543293,1.2616126327446722,0.256471930182902849400000000000,-73.85569177678614,0.267230663599082197200000000000,94.51153018783606,-0.421680811497943631400000000000,-86.64263301928872,-0.826444450776090141500000000000,81.51796392801128,0.350965656641477794200000000000,1.61906226135784747700000000000,3.29108156564076257240000000000,-0.0471812555069948,-0.00298860000000000000000000000000,36.7299414934018,0.00759010000000000000000000000000,1,1
44,-3.97552630638297256211240440384,0.00353770000000000000000000000000,0.128561245170421,12.798563983124225,0.256471930182902849400000000000,-39.344245742431674,0.267230663599082197200000000000,64.03171530914031,-0.421680811497943631400000000000,-86.58768077710764,-0.826444450776090141500000000000,53.73606149739908,0.350965656641477794200000000000,1.61906226135784747700000000000,3.29108156564076257240000000000,-0.546103913746141,-0.00298860000000000000000000000000,40.5229235009254,0.00759010000000000000000000000000,1,1
45,-10.0848222960104743288078305014,0.00353770000000000000000000000000,0.151002416739502,10.450974352454693,0.256471930182902849400000000000,-31.015472366074064,0.267230663599082197200000000000,-17.180363742165383,-0.421680811497943631400000000000,-57.16109790223841,-0.826444450776090141500000000000,58.510251558055984,0.350965656641477794200000000000,1.61906226135784747700000000000,3.29108156564076257240000000000,-22.0822729410055,-0.00298860000000000000000000000000,0.821880117659910,0.00759010000000000000000000000000,1,1
46,6.32561646567446109312091851695,0.00353770000000000000000000000000,0.203900242550545,15.521876128283509,0.256471930182902849400000000000,75.89389652106803,0.267230663599082197200000000000,20.003476396986144,-0.421680811497943631400000000000,-59.65234919525738,-0.826444450776090141500000000000,-6.138390006488748,0.350965656641477794200000000000,1.61906226135784747700000000000,3.29108156564076257240000000000,0.472654521958078,-0.00298860000000000000000000000000,34.9155859104143,0.00759010000000000000000000000000,0,1
47,-1.72543144590870442502979485804,0.00353770000000000000000000000000,0.124007105892436,11.182850694862665,0.256471930182902849400000000000,-2.058031039032258,0.267230663599082197200000000000,-1.2470421431971062,-0.421680811497943631400000000000,-42.731101662466045,-0.826444450776090141500000000000,19.978974961197963,0.350965656641477794200000000000,1.61906226135784747700000000000,3.29108156564076257240000000000,-2.96955385564998,-0.00298860000000000000000000000000,5.73962216238766,0.00759010000000000000000000000000,1,1
48,-1.38399258999624119305613242327,0.00353770000000000000000000000000,0.260145079368369,16.877219566091355,0.256471930182902849400000000000,5.276738314000127,0.267230663599082197200000000000,-29.905225339077845,-0.421680811497943631400000000000,-44.55081464221844,-0.826444450776090141500000000000,26.52174721455735,0.350965656641477794200000000000,1.61906226135784747700000000000,3.29108156564076257240000000000,-8.99479428895305,-0.00298860000000000000000000000000,4.38104010677241,0.00759010000000000000000000000000,1,1
49,-4.30632560428465452148686229441,0.00353770000000000000000000000000,0.147216946173397,11.057753425607572,0.256471930182902849400000000000,-28.34814223463151,0.267230663599082197200000000000,-4.27722910766002,-0.421680811497943631400000000000,-43.413238100974326,-0.826444450776090141500000000000,43.643864894296,0.350965656641477794200000000000,1.61906226135784747700000000000,3.29108156564076257240000000000,-3.14148720500919,-0.00298860000000000000000000000000,5.72868658007890,0.00759010000000000000000000000000,1,1
50,3.86492559626241057331778909615,0.00353770000000000000000000000000,0.251695811494403,23.61666541537008,0.256471930182902849400000000000,73.17835418355119,0.267230663599082197200000000000,-46.008002884013386,-0.421680811497943631400000000000,-55.1399514970651,-0.826444450776090141500000000000,6.927039535898729,0.350965656641477794200000000000,1.61906226135784747700000000000,3.29108156564076257240000000000,-6.02886855420220,-0.00298860000000000000000000000000,8.15602350798466,0.00759010000000000000000000000000,1,1
51,-4.08333995672854016381453397947,0.00353770000000000000000000000000,0.121098401271869,4.301128237049895,0.256471930182902849400000000000,-5.850490015624544,0.267230663599082197200000000000,-10.563751295507444,-0.421680811497943631400000000000,-23.183377192060135,-0.826444450776090141500000000000,23.567963121911163,0.350965656641477794200000000000,1.61906226135784747700000000000,3.29108156564076257240000000000,-10.5177563933198,-0.00298860000000000000000000000000,0.326791656309280,0.00759010000000000000000000000000,1,1
52,-9.61400797886819368104119328461,0.00353770000000000000000000000000,0.112358266710361,5.659813949824894,0.256471930182902849400000000000,-72.54209137348447,0.267230663599082197200000000000,61.929549690459055,-0.421680811497943631400000000000,-75.63843085766665,-0.826444450776090141500000000000,77.90773500583882,0.350965656641477794200000000000,1.61906226135784747700000000000,3.29108156564076257240000000000,-0.278264364692102,-0.00298860000000000000000000000000,26.6814786209173,0.00759010000000000000000000000000,1,1
53,14.1955754411025272426865902996,0.00353770000000000000000000000000,0.141730937052158,29.379496386876923,0.256471930182902849400000000000,86.9527906187976,0.267230663599082197200000000000,-12.495777782776727,-0.421680811497943631400000000000,-55.14500123992923,-0.826444450776090141500000000000,-26.96769694592591,0.350965656641477794200000000000,1.61906226135784747700000000000,3.29108156564076257240000000000,-1.49302090507662,-0.00298860000000000000000000000000,46.8919294194295,0.00759010000000000000000000000000,1,1
54,15.0142668937117594472159520314,0.00353770000000000000000000000000,0.184738856460254,15.156194330997266,0.256471930182902849400000000000,53.752385770605144,0.267230663599082197200000000000,73.76090323352301,-0.421680811497943631400000000000,-48.048016726935316,-0.826444450776090141500000000000,-19.478726666750973,0.350965656641477794200000000000,1.61906226135784747700000000000,3.29108156564076257240000000000,0.188468349746295,-0.00298860000000000000000000000000,91.0452624046562,0.00759010000000000000000000000000,0,1
55,4.94777005636005250280295537979,0.00353770000000000000000000000000,0.124398921843938,19.197401767477047,0.256471930182902849400000000000,59.2778511528783,0.267230663599082197200000000000,50.87298921709822,-0.421680811497943631400000000000,-91.61407111654256,-0.826444450776090141500000000000,11.395267153216963,0.350965656641477794200000000000,1.61906226135784747700000000000,3.29108156564076257240000000000,0.312605397771017,-0.00298860000000000000000000000000,52.1313851899828,0.00759010000000000000000000000000,0,1
56,-1.68804165928444106184256994326,0.00353770000000000000000000000000,0.0867796816712583,5.367395518063603,0.256471930182902849400000000000,-14.65354057494676,0.267230663599082197200000000000,-12.029203971096152,-0.421680811497943631400000000000,-12.946601988568247,-0.826444450776090141500000000000,20.41940244900951,0.350965656641477794200000000000,1.61906226135784747700000000000,3.29108156564076257240000000000,-3.21565578397438,-0.00298860000000000000000000000000,1.44970634618665,0.00759010000000000000000000000000,1,1
57,-4.32104735069783207080735003707,0.00353770000000000000000000000000,0.103760860941122,-1.4591400319035728,0.256471930182902849400000000000,-24.789775064026685,0.267230663599082197200000000000,20.885461073994975,-0.421680811497943631400000000000,-18.904338228123308,-0.826444450776090141500000000000,28.56013327403025,0.350965656641477794200000000000,1.61906226135784747700000000000,3.29108156564076257240000000000,-0.104559939633925,-0.00298860000000000000000000000000,5.35353445684455,0.00759010000000000000000000000000,1,1
58,6.80540217765118978220559607773,0.00353770000000000000000000000000,0.0476336395409496,21.44035375261359,0.256471930182902849400000000000,50.29357565252167,0.267230663599082197200000000000,55.03186179625379,-0.421680811497943631400000000000,-90.95054782855388,-0.826444450776090141500000000000,8.639614805083667,0.350965656641477794200000000000,1.61906226135784747700000000000,3.29108156564076257240000000000,-0.0470310002314192,-0.00298860000000000000000000000000,61.1714901026864,0.00759010000000000000000000000000,1,1
59,-14.3780642122532581808443807146,0.00353770000000000000000000000000,0.139746818467732,2.047816627951832,0.256471930182902849400000000000,-65.83025601695732,0.267230663599082197200000000000,61.95875337432631,-0.421680811497943631400000000000,-86.02785734039774,-0.826444450776090141500000000000,85.1445304218461,0.350965656641477794200000000000,1.61906226135784747700000000000,3.29108156564076257240000000000,0.0969893711880766,-0.00298860000000000000000000000000,8.67405325521641,0.00759010000000000000000000000000,0,1
60,3.17282636384671704182412529869,0.00353770000000000000000000000000,0.174317329053381,5.525689802103884,0.256471930182902849400000000000,11.953737005428607,0.267230663599082197200000000000,81.10060009402272,-0.421680811497943631400000000000,-58.44280192078431,-0.826444450776090141500000000000,13.318668065702411,0.350965656641477794200000000000,1.61906226135784747700000000000,3.29108156564076257240000000000,0.275721613678802,-0.00298860000000000000000000000000,57.9253411604583,0.00759010000000000000000000000000,0,1
61,12.1281775295115331863946950346,0.00353770000000000000000000000000,0.191619485345192,20.417652642095646,0.256471930182902849400000000000,64.11111028920064,0.267230663599082197200000000000,-30.709665690377918,-0.421680811497943631400000000000,-16.235056933499706,-0.826444450776090141500000000000,-24.42893083243291,0.350965656641477794200000000000,1.61906226135784747700000000000,3.29108156564076257240000000000,-1.21949240021797,-0.00298860000000000000000000000000,30.1925833966843,0.00759010000000000000000000000000,1,1
62,-6.28719144770726258311565368287,0.00353770000000000000000000000000,0.0825736370233592,-0.7986719740891317,0.256471930182902849400000000000,-37.0321847631544,0.267230663599082197200000000000,26.97047690785888,-0.421680811497943631400000000000,-29.46108536376522,-0.826444450776090141500000000000,41.08688100501746,0.350965656641477794200000000000,1.61906226135784747700000000000,3.29108156564076257240000000000,-0.0534436857292990,-0.00298860000000000000000000000000,5.89610292124419,0.00759010000000000000000000000000,1,1
63,-3.05718623031619001823016407658,0.00353770000000000000000000000000,0.208662681651879,8.740003221208426,0.256471930182902849400000000000,5.1077069904387145,0.267230663599082197200000000000,-62.451286912843514,-0.421680811497943631400000000000,-4.718697670637553,-0.826444450776090141500000000000,10.478945625498426,0.350965656641477794200000000000,1.61906226135784747700000000000,3.29108156564076257240000000000,-36.2327312906418,-0.00298860000000000000000000000000,0.469234257996536,0.00759010000000000000000000000000,1,1
64,9.52825924528863193070156311876,0.00353770000000000000000000000000,0.0744648082986253,29.866028264769596,0.256471930182902849400000000000,84.80429551744774,0.267230663599082197200000000000,-7.451244140719112,-0.421680811497943631400000000000,-79.01789373077678,-0.826444450776090141500000000000,-6.76675332141987,0.350965656641477794200000000000,1.61906226135784747700000000000,3.29108156564076257240000000000,-1.52023666485749,-0.00298860000000000000000000000000,39.1399947500420,0.00759010000000000000000000000000,1,1
65,15.3043445733738627780218637761,0.00353770000000000000000000000000,0.103466362080131,19.423436587646734,0.256471930182902849400000000000,75.60535423774382,0.267230663599082197200000000000,53.85836796817509,-0.421680811497943631400000000000,-55.208151665031465,-0.826444450776090141500000000000,-27.365649230889105,0.350965656641477794200000000000,1.61906226135784747700000000000,3.29108156564076257240000000000,0.150796943164882,-0.00298860000000000000000000000000,79.4194847908203,0.00759010000000000000000000000000,0,1
66,-7.89107400780752038877627071500,0.00353770000000000000000000000000,0.119498315726452,12.073303880683355,0.256471930182902849400000000000,-41.100805376026784,0.267230663599082197200000000000,-16.429922132581638,-0.421680811497943631400000000000,-50.58878202597123,-0.826444450776090141500000000000,58.75591902372403,0.350965656641477794200000000000,1.61906226135784747700000000000,3.29108156564076257240000000000,-12.6946414461846,-0.00298860000000000000000000000000,1.81502507714628,0.00759010000000000000000000000000,1,1
67,-2.94777246563411840723982424424,0.00353770000000000000000000000000,0.106213381675552,3.34300581023183,0.256471930182902849400000000000,-30.451536542745018,0.267230663599082197200000000000,70.90432014716401,-0.421680811497943631400000000000,-58.0535954844674,-0.826444450776090141500000000000,39.327708418453796,0.350965656641477794200000000000,1.61906226135784747700000000000,3.29108156564076257240000000000,0.0134360166456969,-0.00298860000000000000000000000000,39.7250357184466,0.00759010000000000000000000000000,0,1
68,-1.16945919488329801938220659348,0.00353770000000000000000000000000,0.197651527063129,6.2822609262311175,0.256471930182902849400000000000,-48.49531013748987,0.267230663599082197200000000000,81.1791767786421,-0.421680811497943631400000000000,-61.04304714348373,-0.826444450776090141500000000000,43.43830924764734,0.350965656641477794200000000000,1.61906226135784747700000000000,3.29108156564076257240000000000,-0.309202923692654,-0.00298860000000000000000000000000,54.8278055184097,0.00759010000000000000000000000000,1,1
69,11.3461405846203962811908429497,0.00353770000000000000000000000000,0.0990586900429175,23.601238699986823,0.256471930182902849400000000000,68.08065706092344,0.267230663599082197200000000000,25.52616030914963,-0.421680811497943631400000000000,-65.97131091156174,-0.826444450776090141500000000000,-10.591271560720998,0.350965656641477794200000000000,1.61906226135784747700000000000,3.29108156564076257240000000000,-0.321105144043834,-0.00298860000000000000000000000000,58.5343252919490,0.00759010000000000000000000000000,1,1
70,12.4191227997646947895997150162,0.00353770000000000000000000000000,0.0817644630459865,21.249067271732528,0.256471930182902849400000000000,51.50746407466403,0.267230663599082197200000000000,68.58248709907377,-0.421680811497943631400000000000,-75.23381010729253,-0.826444450776090141500000000000,-7.557997074985053,0.350965656641477794200000000000,1.61906226135784747700000000000,3.29108156564076257240000000000,-0.0803634096111484,-0.00298860000000000000000000000000,83.8168766174887,0.00759010000000000000000000000000,1,1
71,-0.210174505426722200711497412951,0.00353770000000000000000000000000,0.0855456605744186,1.5631428104066174,0.256471930182902849400000000000,-28.103011998872688,0.267230663599082197200000000000,53.692073663902534,-0.421680811497943631400000000000,-30.65975217837618,-0.826444450776090141500000000000,21.169924983725878,0.350965656641477794200000000000,1.61906226135784747700000000000,3.29108156564076257240000000000,-0.157743857612171,-0.00298860000000000000000000000000,34.5906337549078,0.00759010000000000000000000000000,1,1
72,-2.03589260720042858574707993005,0.00353770000000000000000000000000,0.0970985872584766,4.652544557419873,0.256471930182902849400000000000,-31.70727966338052,0.267230663599082197200000000000,38.72260860784263,-0.421680811497943631400000000000,-38.23492095717192,-0.826444450776090141500000000000,33.26376414999578,0.350965656641477794200000000000,1.61906226135784747700000000000,3.29108156564076257240000000000,-0.192904992982387,-0.00298860000000000000000000000000,26.3818539446117,0.00759010000000000000000000000000,1,1
73,8.50153059661755444671918074296,0.00353770000000000000000000000000,0.125398862910482,24.385342047307446,0.256471930182902849400000000000,39.84739309940451,0.267230663599082197200000000000,62.16001978263503,-0.421680811497943631400000000000,-94.67268031062572,-0.826444450776090141500000000000,16.03106151640661,0.350965656641477794200000000000,1.61906226135784747700000000000,3.29108156564076257240000000000,-0.227294161742720,-0.00298860000000000000000000000000,76.3059376572263,0.00759010000000000000000000000000,1,1
74,4.56472365039704579589136291588,0.00353770000000000000000000000000,0.228871802396345,23.080949480400562,0.256471930182902849400000000000,78.26141748374354,0.267230663599082197200000000000,3.863419969379507,-0.421680811497943631400000000000,-82.75397463118398,-0.826444450776090141500000000000,5.808806317798144,0.350965656641477794200000000000,1.61906226135784747700000000000,3.29108156564076257240000000000,-0.596928609564439,-0.00298860000000000000000000000000,27.5144644142233,0.00759010000000000000000000000000,1,1
75,-5.06577355254305080643624445720,0.00353770000000000000000000000000,0.124485976990745,8.422159576773595,0.256471930182902849400000000000,-12.203018627882983,0.267230663599082197200000000000,-5.972087358078056,-0.421680811497943631400000000000,-41.8213991591576,-0.826444450776090141500000000000,34.615431401994556,0.350965656641477794200000000000,1.61906226135784747700000000000,3.29108156564076257240000000000,-7.74822269134895,-0.00298860000000000000000000000000,1.23581541010451,0.00759010000000000000000000000000,1,1
76,5.88801577002434207796414618132,0.00353770000000000000000000000000,0.158138900905598,17.63367435777677,0.256471930182902849400000000000,73.06129540189315,0.267230663599082197200000000000,30.72987910579269,-0.421680811497943631400000000000,-74.22407322198002,-0.826444450776090141500000000000,-0.6829030183721443,0.350965656641477794200000000000,1.61906226135784747700000000000,3.29108156564076257240000000000,0.384521496153508,-0.00298860000000000000000000000000,40.7988116304160,0.00759010000000000000000000000000,0,1
77,7.55478982599286281522797288437,0.00353770000000000000000000000000,0.101312142940582,15.857459633288215,0.256471930182902849400000000000,44.430932733088724,0.267230663599082197200000000000,18.18989142771153,-0.421680811497943631400000000000,-44.85977330289669,-0.826444450776090141500000000000,-2.9853201974492123,0.350965656641477794200000000000,1.61906226135784747700000000000,3.29108156564076257240000000000,-0.116359550528557,-0.00298860000000000000000000000000,41.6855070200384,0.00759010000000000000000000000000,1,1
78,11.0096373072453350569423650821,0.00353770000000000000000000000000,0.0909961940347586,27.133084540638237,0.256471930182902849400000000000,60.40989050221398,0.267230663599082197200000000000,52.981264052929475,-0.421680811497943631400000000000,-93.64971074597716,-0.826444450776090141500000000000,1.8323488011100295,0.350965656641477794200000000000,1.61906226135784747700000000000,3.29108156564076257240000000000,-0.339196509993665,-0.00298860000000000000000000000000,76.0996584174367,0.00759010000000000000000000000000,1,1
79,-9.88724421967615233137819619611,0.00353770000000000000000000000000,0.0852253180626844,5.525981025889877,0.256471930182902849400000000000,-37.95520057720421,0.267230663599082197200000000000,27.8035498072946,-0.421680811497943631400000000000,-65.7892762542677,-0.826444450776090141500000000000,58.49909009620538,0.350965656641477794200000000000,1.61906226135784747700000000000,3.29108156564076257240000000000,-1.96053190675539,-0.00298860000000000000000000000000,1.48522022935644,0.00759010000000000000000000000000,1,1
80,-4.10077669876044791959728924573,0.00353770000000000000000000000000,0.114330867898112,10.10364230669363,0.256471930182902849400000000000,-24.30754615782658,0.267230663599082197200000000000,75.322060615667,-0.421680811497943631400000000000,-89.7923639965647,-0.826444450776090141500000000000,46.75398426844839,0.350965656641477794200000000000,1.61906226135784747700000000000,3.29108156564076257240000000000,-0.101893534124148,-0.00298860000000000000000000000000,40.7870261642421,0.00759010000000000000000000000000,1,1
81,12.9467332390192882317733315783,0.00353770000000000000000000000000,0.0840471287873999,26.948187253693263,0.256471930182902849400000000000,88.21487430897847,0.267230663599082197200000000000,32.28687219364136,-0.421680811497943631400000000000,-80.4867451824879,-0.826444450776090141500000000000,-16.315904140645387,0.350965656641477794200000000000,1.61906226135784747700000000000,3.29108156564076257240000000000,-0.226396732965280,-0.00298860000000000000000000000000,65.8121355567442,0.00759010000000000000000000000000,1,1
82,9.86707924215049568419236199448,0.00353770000000000000000000000000,0.117007483674172,18.667145698032,0.256471930182902849400000000000,87.94224515794318,0.267230663599082197200000000000,-55.187080770965416,-0.421680811497943631400000000000,-12.193293304070124,-0.826444450776090141500000000000,-31.321790394914274,0.350965656641477794200000000000,1.61906226135784747700000000000,3.29108156564076257240000000000,-3.86771255219397,-0.00298860000000000000000000000000,8.05270572066898,0.00759010000000000000000000000000,1,1
83,11.6949919251251630445076529073,0.00353770000000000000000000000000,0.0651492186830198,32.75775754519378,0.256471930182902849400000000000,78.08608852044071,0.267230663599082197200000000000,25.20320436450818,-0.421680811497943631400000000000,-97.46627828459017,-0.826444450776090141500000000000,-4.833604208843909,0.350965656641477794200000000000,1.61906226135784747700000000000,3.29108156564076257240000000000,-1.06070091566964,-0.00298860000000000000000000000000,64.1017434301409,0.00759010000000000000000000000000,1,1
84,8.66777106985434067394647530050,0.00353770000000000000000000000000,0.0879748119508259,26.48864894399847,0.256471930182902849400000000000,69.61750378046202,0.267230663599082197200000000000,-4.567725397521997,-0.421680811497943631400000000000,-68.72115480785256,-0.826444450776090141500000000000,-3.2057730742116775,0.350965656641477794200000000000,1.61906226135784747700000000000,3.29108156564076257240000000000,-1.24172404521141,-0.00298860000000000000000000000000,38.0073662696683,0.00759010000000000000000000000000,1,1
85,-0.477026614842961660000146143221,0.00353770000000000000000000000000,0.124111381283925,9.514505551407623,0.256471930182902849400000000000,2.554292571036271,0.267230663599082197200000000000,22.671776097121054,-0.421680811497943631400000000000,-48.116740744016305,-0.826444450776090141500000000000,17.850939665748683,0.350965656641477794200000000000,1.61906226135784747700000000000,3.29108156564076257240000000000,-0.384671630287021,-0.00298860000000000000000000000000,18.3554028987174,0.00759010000000000000000000000000,1,1
86,10.4177470615272202928414710216,0.00353770000000000000000000000000,0.152007518743719,18.313775399390295,0.256471930182902849400000000000,73.84875086688751,0.267230663599082197200000000000,-11.479466659063078,-0.421680811497943631400000000000,-31.406512487798594,-0.826444450776090141500000000000,-20.19715581543224,0.350965656641477794200000000000,1.61906226135784747700000000000,3.29108156564076257240000000000,-0.314559896314117,-0.00298860000000000000000000000000,32.5099262004616,0.00759010000000000000000000000000,1,1
87,9.10406623166519725617564815438,0.00353770000000000000000000000000,0.0943478053934587,27.624045444394454,0.256471930182902849400000000000,76.13903450033379,0.267230663599082197200000000000,14.33932004211907,-0.421680811497943631400000000000,-84.26548765569748,-0.826444450776090141500000000000,-1.1172128568419595,0.350965656641477794200000000000,1.61906226135784747700000000000,3.29108156564076257240000000000,-0.702094463350364,-0.00298860000000000000000000000000,49.1243937139197,0.00759010000000000000000000000000,1,1
88,-10.2828724695960675949663033838,0.00353770000000000000000000000000,0.153290400283577,0.21801648446408706,0.256471930182902849400000000000,-47.96410216687688,0.267230663599082197200000000000,15.574547981283786,-0.421680811497943631400000000000,-39.40507909987527,-0.826444450776090141500000000000,56.44714435430578,0.350965656641477794200000000000,1.61906226135784747700000000000,3.29108156564076257240000000000,-9.02008446481801,-0.00298860000000000000000000000000,0.0147040779639087,0.00759010000000000000000000000000,1,1
89,13.9913454695943421139180105814,0.00353770000000000000000000000000,0.0842220469216519,28.229650676656092,0.256471930182902849400000000000,97.46336336174107,0.267230663599082197200000000000,50.59932883684232,-0.421680811497943631400000000000,-94.39135536538555,-0.826444450776090141500000000000,-17.462433466167937,0.350965656641477794200000000000,1.61906226135784747700000000000,3.29108156564076257240000000000,0.0177269829074077,-0.00298860000000000000000000000000,77.9597685232488,0.00759010000000000000000000000000,0,1
90,6.27266712633743127116691499413,0.00353770000000000000000000000000,0.132463970470224,31.18793393306106,0.256471930182902849400000000000,73.77155445402849,0.267230663599082197200000000000,-6.026236135711002,-0.421680811497943631400000000000,-94.71344137671892,-0.826444450776090141500000000000,11.025605743685517,0.350965656641477794200000000000,1.61906226135784747700000000000,3.29108156564076257240000000000,-1.96037308541169,-0.00298860000000000000000000000000,35.1823244322159,0.00759010000000000000000000000000,1,1
91,7.49656050870032464542443636498,0.00353770000000000000000000000000,0.216636419996050,30.5309421073774,0.256471930182902849400000000000,62.35053623497578,0.267230663599082197200000000000,-35.683549657595236,-0.421680811497943631400000000000,-65.56896140394286,-0.826444450776090141500000000000,8.395759033339132,0.350965656641477794200000000000,1.61906226135784747700000000000,3.29108156564076257240000000000,-3.25525858596773,-0.00298860000000000000000000000000,27.2764589844101,0.00759010000000000000000000000000,1,1
92,5.18987558928498635738690124545,0.00353770000000000000000000000000,0.171375386879574,6.942028258553961,0.256471930182902849400000000000,23.554081294944567,0.267230663599082197200000000000,45.40071842351503,-0.421680811497943631400000000000,-36.0184835736093,-0.826444450776090141500000000000,1.283197633008342,0.350965656641477794200000000000,1.61906226135784747700000000000,3.29108156564076257240000000000,0.233095786187675,-0.00298860000000000000000000000000,44.7226473370327,0.00759010000000000000000000000000,0,1
93,5.66863687541025103040125282334,0.00353770000000000000000000000000,0.190108966307193,26.26082575980628,0.256471930182902849400000000000,43.02313236030906,0.267230663599082197200000000000,-12.595948525026685,-0.421680811497943631400000000000,-67.66084068770871,-0.826444450776090141500000000000,17.293408514731084,0.350965656641477794200000000000,1.61906226135784747700000000000,3.29108156564076257240000000000,-1.82160961689616,-0.00298860000000000000000000000000,32.4834368270988,0.00759010000000000000000000000000,1,1
94,-3.63924403064861910414945167099,0.00353770000000000000000000000000,0.121614670633399,11.042381940611705,0.256471930182902849400000000000,-26.48427155139342,0.267230663599082197200000000000,85.99069055919131,-0.421680811497943631400000000000,-96.85100624864042,-0.826444450776090141500000000000,49.5962088811288,0.350965656641477794200000000000,1.61906226135784747700000000000,3.29108156564076257240000000000,-0.103555046751338,-0.00298860000000000000000000000000,49.2113450020496,0.00759010000000000000000000000000,1,1
95,8.75786322171905436354721301726,0.00353770000000000000000000000000,0.0794626040362813,21.201761919604806,0.256471930182902849400000000000,79.32384075805942,0.267230663599082197200000000000,44.48811863954205,-0.421680811497943631400000000000,-84.18742245526099,-0.826444450776090141500000000000,-6.986229769421342,0.350965656641477794200000000000,1.61906226135784747700000000000,3.29108156564076257240000000000,0.249964910068226,-0.00298860000000000000000000000000,56.7148165793760,0.00759010000000000000000000000000,0,1
96,1.03127134002811432716097434972,0.00353770000000000000000000000000,0.0655915405553403,-1.1529952213529953,0.256471930182902849400000000000,-10.107626646071395,0.267230663599082197200000000000,32.01696758515777,-0.421680811497943631400000000000,-8.53231889665507,-0.826444450776090141500000000000,5.095251108008043,0.350965656641477794200000000000,1.61906226135784747700000000000,3.29108156564076257240000000000,-0.0792591283884180,-0.00298860000000000000000000000000,21.7552449786200,0.00759010000000000000000000000000,1,1
97,19.1284405935920475950360241586,0.00353770000000000000000000000000,0.224467363812338,20.48546089263283,0.256471930182902849400000000000,72.69713966709867,0.267230663599082197200000000000,42.766049247543634,-0.421680811497943631400000000000,-34.73858457764139,-0.826444450776090141500000000000,-38.20671634720376,0.350965656641477794200000000000,1.61906226135784747700000000000,3.29108156564076257240000000000,-0.132233445543694,-0.00298860000000000000000000000000,86.1391092140131,0.00759010000000000000000000000000,1,1
98,0.0606175492578437161819857268497,0.00353770000000000000000000000000,0.0472055426614485,0.9486793595136191,0.256471930182902849400000000000,-18.504622540981018,0.267230663599082197200000000000,31.911896637427645,-0.421680811497943631400000000000,-16.952365149614607,-0.826444450776090141500000000000,13.013540416339836,0.350965656641477794200000000000,1.61906226135784747700000000000,3.29108156564076257240000000000,-0.115470030196654,-0.00298860000000000000000000000000,21.6489803180003,0.00759010000000000000000000000000,1,1
